,accel_x,accel_y,accel_z,gyro_x,gyro_y,gyro_z
0,-0.09,0.03,0.98,-6.86,-5.11,-7.82
1,-0.09,0.02,1.01,-6.34,-1.53,-3.7
2,-0.1,0.02,0.99,-5.45,0.1,-2.12
3,-0.11,0.01,0.98,-5.42,-0.66,-2.96
4,-0.1,0.02,1.0,-4.84,-0.55,-2.57
5,-0.11,-0.0,1.0,-3.28,-0.31,-1.45
6,-0.11,0.01,0.99,-2.92,-0.9,-1.36
7,-0.09,0.02,1.0,-2.84,0.24,-0.83
8,-0.07,0.02,1.0,-2.07,1.81,-0.41
9,-0.08,0.04,0.98,-1.48,1.06,-1.53
10,-0.06,0.06,0.96,-1.8,1.18,-4.15
11,-0.07,0.05,0.96,-1.97,-0.68,-6.21
12,-0.09,0.02,0.96,-3.47,-3.79,-9.95
13,-0.09,0.02,0.96,-4.87,-4.92,-11.41
14,-0.11,-0.0,0.99,-5.11,-4.02,-9.88
15,-0.12,-0.02,1.02,-4.38,-0.95,-4.39
16,-0.11,-0.03,1.01,-3.25,1.08,-1.89
17,-0.11,-0.03,1.01,-2.18,1.78,0.21
18,-0.08,-0.0,1.02,0.94,5.66,3.0
19,-0.1,0.01,1.0,0.93,5.31,3.64
20,-0.1,0.02,0.98,0.93,4.95,2.95
21,-0.1,0.02,0.98,-0.07,3.62,1.31
22,-0.1,0.03,0.97,-0.67,3.48,2.53
23,-0.07,0.04,0.95,-1.25,6.23,4.58
24,-0.07,0.07,0.94,-2.82,6.02,2.26
25,-0.09,0.06,0.94,-3.76,2.32,-1.02
26,-0.08,0.06,0.97,-4.66,2.17,-1.75
27,-0.09,0.06,0.96,-4.44,1.81,-2.63
28,-0.09,0.05,0.95,-5.5,1.11,-3.78
29,-0.1,0.04,0.96,-5.05,1.71,-4.18
30,-0.12,0.02,0.97,-5.7,-1.44,-5.86
31,-0.11,0.0,0.98,-5.95,-2.5,-7.03
32,-0.1,-0.01,1.0,-5.11,0.35,-3.48
33,-0.11,-0.01,1.01,-3.47,-0.13,-3.03
34,-0.12,-0.02,1.0,-3.18,-0.45,-3.29
35,-0.11,-0.01,1.0,-1.85,-1.08,-2.87
36,-0.11,-0.0,1.01,-0.53,-0.54,-1.96
37,-0.08,0.01,0.99,0.84,0.34,-0.01
38,-0.08,0.02,0.98,1.04,2.35,0.3
39,-0.08,0.04,0.97,1.19,1.31,-1.27
40,-0.08,0.04,0.98,1.21,-0.89,-3.76
41,-0.07,0.05,0.96,0.83,-1.0,-4.76
42,-0.07,0.05,0.96,-0.15,-0.23,-4.56
43,-0.09,0.05,0.97,-2.07,0.08,-4.79
44,-0.1,0.05,0.97,-2.75,1.22,-3.38
45,-0.1,0.06,0.96,-2.43,2.05,-2.21
46,-0.1,0.08,0.95,-2.47,2.99,-0.95
47,-0.09,0.1,0.95,-2.28,4.52,0.9
48,-0.09,0.12,0.93,-2.16,5.18,0.88
49,-0.1,0.14,0.92,-1.05,6.53,-0.99
50,-0.12,0.19,0.92,-4.44,3.73,-0.91
51,-0.13,0.21,0.93,-6.05,4.14,1.36
52,-0.12,0.23,0.94,-7.39,8.04,5.14
53,-0.07,0.26,0.93,-5.03,11.85,2.3
54,-0.08,0.28,0.95,-2.75,10.86,0.13
55,-0.05,0.25,0.93,1.9,9.89,-2.59
56,-0.06,0.25,0.89,3.03,8.52,-6.42
57,-0.13,0.22,0.89,1.21,1.66,-12.27
58,-0.16,0.21,0.94,-1.76,-2.39,-12.3
59,-0.16,0.23,0.94,-6.55,2.33,-4.31
60,-0.19,0.25,0.97,-10.36,5.16,1.64
61,-0.2,0.27,1.01,-13.89,8.17,7.15
62,-0.19,0.28,1.01,-16.98,14.21,11.3
63,-0.22,0.27,1.05,-17.76,15.98,13.61
64,-0.24,0.27,1.06,-15.38,13.14,12.87
65,-0.29,0.26,1.04,-12.1,3.09,7.66
66,-0.3,0.25,1.06,-6.72,-8.39,2.83
67,-0.33,0.21,1.09,-1.56,-22.45,-1.97
68,-0.31,0.21,1.12,3.13,-31.85,-1.6
69,-0.25,0.19,1.17,7.97,-30.57,4.38
70,-0.22,0.21,1.15,9.99,-26.59,9.92
71,-0.17,0.21,1.16,10.33,-13.98,21.34
72,-0.17,0.25,1.12,5.82,-2.53,30.96
73,-0.15,0.29,1.07,3.25,6.43,38.9
74,-0.12,0.33,1.02,-1.89,7.5,37.6
75,-0.11,0.35,0.99,-6.09,8.11,33.08
76,-0.09,0.33,0.99,-8.11,3.28,25.42
77,-0.08,0.32,0.98,-7.82,-4.65,15.3
78,-0.08,0.3,0.98,-6.16,-14.14,4.37
79,-0.05,0.27,1.03,-3.25,-21.27,-6.73
80,-0.05,0.19,1.09,4.6,-26.82,-10.8
81,0.01,0.12,1.11,11.18,-17.62,-3.46
82,-0.03,0.15,1.06,9.5,-1.72,2.27
83,-0.05,0.11,1.05,6.58,22.51,18.24
84,-0.11,0.08,1.01,3.18,39.34,33.46
85,-0.12,0.09,0.96,3.97,40.88,38.55
86,-0.11,0.06,1.0,14.64,28.91,35.98
87,-0.05,0.09,0.98,28.67,17.08,25.52
88,-0.04,0.13,0.9,38.3,4.03,9.12
89,-0.03,0.15,0.85,38.95,-2.63,-6.9
90,-0.0,0.13,0.81,32.47,5.61,-10.56
91,-0.06,0.1,0.79,16.53,19.01,-5.91
92,-0.12,0.04,0.78,0.34,30.79,-3.18
93,-0.13,-0.02,0.82,-12.37,33.85,-6.56
94,-0.16,-0.09,0.89,-13.53,26.98,-8.7
95,-0.2,-0.15,0.92,-7.4,19.95,-11.82
96,-0.26,-0.15,0.93,0.61,6.4,-14.6
97,-0.29,-0.13,0.92,4.22,-9.71,-16.44
98,-0.25,-0.13,0.92,5.13,-11.69,-19.02
99,-0.23,-0.13,0.91,-0.07,-9.31,-24.25
100,-0.23,-0.15,0.95,-9.06,-6.62,-24.53
101,-0.24,-0.2,0.99,-15.92,-6.05,-21.07
102,-0.22,-0.2,1.0,-19.01,-0.95,-17.45
103,-0.15,-0.18,1.04,-22.4,5.78,-13.47
104,-0.15,-0.16,1.03,-22.6,7.18,-13.97
105,-0.02,-0.13,1.04,-21.08,10.35,-17.78
106,-0.03,-0.13,1.05,-22.75,19.11,-21.16
107,-0.03,-0.14,1.02,-25.55,29.0,-24.6
108,-0.07,-0.16,1.0,-28.13,41.2,-20.86
109,-0.13,-0.16,0.96,-27.79,47.11,-14.4
110,-0.18,-0.16,0.95,-25.34,43.54,-13.91
111,-0.19,-0.17,0.91,-20.78,34.56,-18.93
112,-0.22,-0.19,0.91,-17.45,22.06,-25.12
113,-0.23,-0.2,0.9,-14.37,12.03,-27.58
114,-0.24,-0.16,0.87,-14.39,5.85,-26.72
115,-0.22,-0.13,0.85,-19.19,3.67,-27.09
116,-0.19,-0.11,0.86,-24.87,3.8,-24.32
117,-0.16,-0.08,0.89,-32.09,5.91,-22.76
118,-0.12,-0.09,0.87,-37.92,12.83,-22.12
119,-0.08,-0.08,0.88,-44.44,25.15,-19.94
120,-0.07,-0.14,0.94,-43.52,31.32,-18.95
121,-0.13,-0.15,0.93,-39.62,33.77,-19.18
122,-0.22,-0.14,0.9,-33.58,24.86,-23.73
123,-0.24,-0.13,0.85,-29.27,20.11,-21.31
124,-0.28,-0.11,0.81,-30.41,1.85,-28.3
125,-0.26,-0.12,0.82,-35.36,-9.02,-30.71
126,-0.2,-0.11,0.86,-42.78,-14.69,-32.34
127,-0.14,-0.12,0.9,-48.25,-15.13,-32.63
128,-0.08,-0.15,0.97,-50.44,-10.88,-33.03
129,-0.08,-0.21,1.02,-47.92,-4.36,-32.98
130,-0.07,-0.25,1.03,-41.49,1.57,-29.16
131,-0.1,-0.25,1.02,-38.08,7.24,-27.58
132,-0.08,-0.25,1.0,-35.64,9.74,-28.27
133,-0.11,-0.26,1.01,-30.19,8.88,-29.1
134,-0.19,-0.3,1.01,-23.24,-5.48,-31.36
135,-0.21,-0.29,0.96,-16.51,-2.98,-29.26
136,-0.27,-0.26,0.94,-11.76,-11.18,-30.93
137,-0.25,-0.24,0.91,-7.95,-15.08,-25.85
138,-0.24,-0.23,0.89,-7.72,-19.66,-24.19
139,-0.17,-0.22,0.91,-9.76,-21.88,-23.15
140,-0.1,-0.23,0.96,-10.53,-25.46,-26.4
141,-0.01,-0.21,1.04,-10.03,-22.82,-30.69
142,-0.07,-0.25,1.02,-5.4,-15.11,-29.77
143,-0.06,-0.24,1.0,-0.11,-2.98,-25.11
144,-0.14,-0.22,0.96,-0.34,2.11,-23.56
145,-0.17,-0.19,0.93,-1.36,4.4,-19.11
146,-0.2,-0.18,0.91,-2.79,-0.95,-20.04
147,-0.2,-0.21,0.94,-3.16,-5.35,-19.15
148,-0.16,-0.22,0.95,-2.82,-8.39,-18.16
149,-0.14,-0.21,0.97,-1.18,-6.84,-16.06
150,-0.15,-0.2,0.94,-0.39,-6.76,-15.75
151,-0.19,-0.19,0.92,-1.94,-7.36,-16.82
152,-0.2,-0.2,0.92,-5.03,-9.69,-16.85
153,-0.19,-0.19,0.94,-7.4,-10.62,-16.15
154,-0.17,-0.21,0.96,-7.46,-9.84,-14.9
155,-0.16,-0.21,0.99,-6.6,-8.79,-14.14
156,-0.16,-0.19,0.97,-5.62,-7.3,-12.95
157,-0.19,-0.17,0.95,-4.78,-7.66,-10.13
158,-0.19,-0.16,0.95,-8.87,-7.18,-6.25
159,-0.12,-0.16,0.96,-11.7,-6.37,-4.08
160,-0.08,-0.19,1.0,-12.35,-0.52,-3.37
161,-0.08,-0.21,1.02,-10.96,3.73,-5.79
162,-0.11,-0.21,1.02,-8.16,11.05,-3.98
163,-0.16,-0.19,0.99,-5.79,16.96,0.43
164,-0.23,-0.18,0.96,-3.89,19.76,6.43
165,-0.24,-0.16,0.94,-3.66,13.53,6.85
166,-0.21,-0.17,0.97,-3.01,4.33,3.21
167,-0.17,-0.17,1.01,-1.59,-1.34,0.27
168,-0.12,-0.16,1.02,1.83,3.23,1.66
169,-0.13,-0.15,1.0,4.01,7.76,1.56
170,-0.18,-0.14,0.94,4.52,7.6,-0.7
171,-0.23,-0.13,0.91,3.15,5.04,-0.28
172,-0.24,-0.13,0.91,1.49,0.53,-0.17
173,-0.21,-0.11,0.9,-0.28,-4.85,-3.2
174,-0.19,-0.1,0.93,-0.69,-7.39,-4.44
175,-0.19,-0.12,0.92,-0.82,-8.94,-5.35
176,-0.18,-0.13,0.93,-2.15,-8.44,-6.25
177,-0.17,-0.13,0.93,-4.15,-8.16,-7.36
178,-0.15,-0.14,0.95,-5.21,-5.51,-5.92
179,-0.12,-0.13,0.97,-4.7,-2.53,-6.86
180,-0.1,-0.15,0.98,-3.13,1.43,-7.34
181,-0.15,-0.16,0.97,-1.49,4.48,-6.87
182,-0.2,-0.16,0.93,-1.05,6.04,-5.48
183,-0.25,-0.17,0.91,-1.14,2.03,-6.02
184,-0.28,-0.17,0.89,-1.18,-4.85,-7.21
185,-0.28,-0.17,0.9,-0.56,-11.08,-5.84
186,-0.28,-0.17,0.91,-1.33,-19.21,-6.5
187,-0.23,-0.18,0.94,-2.39,-22.1,-6.71
188,-0.2,-0.19,0.99,-1.02,-24.29,-6.85
189,-0.17,-0.2,1.0,1.37,-21.53,-3.61
190,-0.14,-0.19,1.01,2.99,-17.09,-0.53
191,-0.13,-0.16,0.99,2.87,-13.01,-0.71
192,-0.12,-0.15,0.99,2.21,-6.59,0.72
193,-0.12,-0.14,0.99,1.26,-2.84,0.82
194,-0.13,-0.13,0.97,1.12,-0.76,-0.37
195,-0.14,-0.12,0.95,0.81,0.59,-0.61
196,-0.16,-0.11,0.94,-0.36,-0.1,-1.25
197,-0.15,-0.12,0.93,-1.4,-0.85,-2.02
198,-0.16,-0.14,0.95,-1.4,-3.53,-2.79
199,-0.16,-0.13,0.93,-1.46,-5.63,-2.85
200,-0.16,-0.12,0.93,-2.47,-8.46,-4.63
201,-0.16,-0.13,0.96,-2.72,-12.5,-6.14
202,-0.16,-0.15,0.97,-2.04,-13.09,-6.11
203,-0.15,-0.17,0.99,-1.56,-13.65,-6.88
204,-0.12,-0.16,0.98,-2.24,-11.56,-6.81
205,-0.11,-0.17,0.98,-2.53,-6.92,-6.18
206,-0.14,-0.18,0.98,-3.23,-3.08,-4.17
207,-0.15,-0.18,0.98,-2.23,-1.1,-2.58
208,-0.16,-0.16,0.97,-0.98,-1.98,-2.74
209,-0.17,-0.16,0.95,-0.66,-5.31,-4.26
210,-0.16,-0.16,0.94,-0.97,-7.89,-5.21
211,-0.18,-0.17,0.94,-1.36,-7.35,-3.21
212,-0.19,-0.16,0.95,-1.92,-10.69,-3.24
213,-0.17,-0.16,0.95,-1.54,-12.14,-1.45
214,-0.14,-0.15,0.97,-1.08,-14.92,-1.91
215,-0.1,-0.16,0.99,0.46,-14.88,-1.29
216,-0.08,-0.15,1.0,2.1,-13.86,-3.57
217,-0.07,-0.16,1.0,3.19,-9.86,-3.09
218,-0.08,-0.15,0.99,3.12,-3.93,-0.65
219,-0.11,-0.15,0.96,2.31,-0.46,0.98
220,-0.13,-0.15,0.96,2.0,0.6,1.74
221,-0.14,-0.13,0.94,2.92,-2.23,0.38
222,-0.16,-0.12,0.92,2.57,-7.74,-3.18
223,-0.14,-0.12,0.9,-1.37,-9.54,-5.08
224,-0.12,-0.11,0.93,-2.91,-7.29,-2.33
225,-0.1,-0.12,0.95,-2.78,-6.44,-0.32
226,-0.09,-0.14,0.97,-2.08,-3.52,0.82
227,-0.08,-0.14,0.98,-2.15,-1.27,1.21
228,-0.09,-0.13,0.97,-1.53,-3.44,-2.71
229,-0.1,-0.14,0.97,-1.59,-3.4,-5.1
230,-0.1,-0.14,0.95,-3.63,-1.67,-3.24
231,-0.1,-0.14,0.96,-4.99,1.75,-0.67
232,-0.12,-0.14,0.95,-4.56,1.73,-0.92
233,-0.14,-0.14,0.94,-3.97,0.83,-1.01
234,-0.14,-0.13,0.95,-4.47,-0.89,-1.18
235,-0.12,-0.14,0.96,-4.33,-3.82,-3.13
236,-0.09,-0.15,0.97,-1.74,-0.76,-3.24
237,-0.09,-0.14,0.97,-2.02,-0.06,-0.66
238,-0.08,-0.12,0.94,-1.37,2.02,3.4
239,-0.11,-0.11,0.93,-1.89,2.37,2.79
240,-0.12,-0.11,0.94,-3.18,-2.32,0.31
241,-0.12,-0.1,0.94,-5.64,-4.35,-0.8
242,-0.1,-0.12,0.94,-5.98,-5.42,-2.3
243,-0.1,-0.13,0.98,-5.08,-8.74,-5.71
244,-0.08,-0.14,1.0,-3.87,-7.69,-5.5
245,-0.08,-0.13,0.99,-3.63,-3.53,-3.2
246,-0.08,-0.11,0.97,-3.37,-0.56,-1.48
247,-0.11,-0.09,0.95,-4.79,-1.21,-1.52
248,-0.1,-0.08,0.96,-6.82,-3.24,-2.08
249,-0.1,-0.09,0.98,-6.55,-5.92,-2.02
250,-0.08,-0.1,1.0,-5.89,-6.73,-1.58
251,-0.03,-0.09,1.02,-5.14,-5.3,-1.08
252,0.01,-0.1,1.01,-4.11,-4.85,-2.77
253,-0.01,-0.12,1.0,-2.76,-2.37,-1.69
254,-0.03,-0.12,0.97,-3.49,-0.62,-0.28
255,-0.07,-0.12,0.92,-5.75,-1.34,1.98
256,-0.07,-0.15,0.91,-8.79,-2.72,3.28
257,-0.08,-0.2,0.9,-13.21,-7.91,0.89
258,-0.07,-0.28,0.95,-16.92,-13.72,-2.5
259,-0.06,-0.38,0.99,-13.5,-18.68,-0.3
260,-0.14,-0.52,1.05,-6.04,-36.21,-4.54
261,-0.19,-0.71,1.09,2.37,-50.44,-2.95
262,-0.22,-0.96,1.12,12.24,-64.9,14.82
263,-0.18,-1.17,1.09,27.56,-92.69,34.61
264,-0.07,-1.38,1.01,42.7,-116.44,58.23
265,0.0,-1.56,0.94,42.05,-133.86,78.83
266,0.13,-1.83,0.92,43.61,-130.64,74.18
267,0.24,-2.0,0.79,63.82,-125.87,78.09
268,0.24,-2.0,0.75,48.34,-85.22,77.08
269,0.15,-2.0,0.65,44.02,-45.92,91.18
270,0.06,-2.0,0.42,14.66,2.98,119.76
271,-0.1,-2.0,0.24,-28.86,9.06,138.09
272,-0.22,-2.0,0.3,-16.83,-49.77,128.67
273,-0.04,-2.0,0.47,20.73,-102.93,122.15
274,0.33,-2.0,0.42,58.95,-123.07,131.11
275,0.7,-1.28,0.44,84.02,-119.44,109.18
276,0.83,-0.42,0.44,89.58,-126.77,60.18
277,1.02,0.17,0.71,91.96,-74.79,28.88
278,0.57,0.73,0.84,58.59,-56.7,3.34
279,0.04,1.14,1.02,12.28,-49.23,11.02
280,-0.32,1.34,1.23,-46.63,-45.9,10.49
281,-0.21,1.14,1.62,-61.87,7.28,56.88
282,0.09,1.07,2.0,-11.5,57.75,157.63
283,0.86,1.65,2.0,106.19,110.01,227.07
284,1.92,2.0,2.0,160.35,209.47,239.85
285,2.0,2.0,1.35,199.26,250.13,250.13
286,2.0,2.0,0.09,170.1,250.13,250.13
287,2.0,2.0,-2.0,250.13,26.87,250.13
288,1.69,2.0,-0.98,34.76,167.35,-64.39
289,0.62,2.0,-0.64,-41.51,250.13,-166.92
290,-0.73,1.6,0.07,-86.78,21.37,-250.14
291,-1.04,0.98,-0.34,6.47,-250.14,-250.14
292,-0.63,0.35,0.87,-73.89,-250.14,-250.14
293,-0.42,-0.88,1.58,-68.61,-231.22,-250.14
294,-0.82,-1.03,1.85,-91.22,-85.11,-103.73
295,-0.75,-1.02,2.0,-67.15,-34.19,-26.52
296,-0.41,-0.79,2.0,-19.66,19.69,37.72
297,-0.07,-0.53,1.93,38.74,62.35,81.55
298,0.22,-0.17,1.56,84.74,77.78,85.84
299,0.26,0.13,1.1,102.17,112.17,97.5
300,0.16,0.36,0.58,85.63,129.02,100.34
301,0.01,0.52,0.28,58.31,114.23,80.42
302,0.02,0.55,0.2,20.95,67.62,35.08
303,0.01,0.53,0.35,-10.99,16.36,-10.64
304,0.08,0.4,0.54,-28.53,-23.07,-46.91
305,0.11,0.28,0.72,-37.5,-40.34,-66.34
306,0.1,0.17,0.89,-39.83,-42.06,-71.89
307,0.04,0.08,0.96,-39.59,-35.66,-68.06
308,-0.01,0.02,1.01,-41.36,-26.35,-58.62
309,-0.03,0.03,1.06,-43.89,-23.48,-58.8
310,-0.05,-0.03,1.16,-40.33,-18.17,-50.04
311,-0.03,-0.13,1.2,-25.26,-0.17,-39.63
312,0.0,-0.16,1.28,-20.52,-2.47,-21.74
313,-0.08,-0.19,1.22,-12.63,11.88,-4.05
314,-0.1,-0.16,1.06,-6.53,25.39,10.0
315,-0.12,-0.13,0.95,-2.27,28.48,21.07
316,-0.16,-0.1,0.88,-1.21,18.28,15.15
317,-0.18,-0.07,0.89,-4.8,-1.74,-1.56
318,-0.12,-0.07,0.93,-8.42,-15.87,-13.4
319,-0.05,-0.08,0.99,-13.25,-14.69,-11.41
320,-0.03,-0.1,1.07,-17.6,-9.35,-6.98
321,-0.04,-0.11,1.1,-17.92,-4.8,-4.89
322,-0.03,-0.1,1.12,-16.31,-0.42,0.37
323,0.01,-0.09,1.14,-13.21,7.4,5.62
324,-0.01,-0.08,1.12,-8.15,9.72,5.39
325,-0.0,-0.05,1.11,-1.49,7.47,-0.57
326,-0.02,-0.04,1.07,4.8,0.35,-9.08
327,-0.04,-0.03,1.03,8.86,-1.52,-12.92
328,-0.04,-0.02,1.01,9.41,-0.89,-13.4
329,-0.04,-0.02,0.99,9.61,1.71,-9.09
330,-0.04,-0.01,0.97,10.14,2.21,-5.76
331,-0.07,-0.0,0.97,9.67,2.15,-3.73
332,-0.07,0.01,0.96,9.42,0.85,-2.36
333,-0.04,0.03,0.96,9.08,2.54,5.82
334,-0.03,0.05,0.94,8.11,7.38,10.31
335,0.02,0.08,0.93,7.34,8.62,7.47
336,0.03,0.09,0.92,6.82,5.19,-1.69
337,0.05,0.09,0.93,6.01,1.73,-10.71
338,0.01,0.06,0.92,5.34,-0.92,-15.02
339,-0.02,0.03,0.94,2.02,-4.54,-19.29
340,-0.05,0.0,0.95,-1.37,-0.95,-15.37
341,-0.06,-0.0,0.95,-3.5,0.12,-11.59
342,-0.07,-0.02,0.98,-4.55,0.66,-9.6
343,-0.08,-0.02,0.98,-4.32,-0.77,-10.05
344,-0.06,-0.03,1.02,-3.25,-5.93,-13.87
345,-0.0,-0.02,1.03,-1.82,-5.68,-15.44
346,-0.02,-0.03,1.04,1.44,-8.27,-19.66
347,-0.02,-0.04,1.02,3.85,-6.92,-18.14
348,-0.0,-0.03,1.03,4.28,-7.15,-18.01
349,-0.05,-0.05,1.03,5.39,-6.36,-18.47
350,-0.08,-0.03,1.01,5.53,-8.19,-17.43
351,-0.09,-0.06,1.0,5.37,-7.1,-13.72
352,-0.11,-0.07,0.99,3.94,-5.96,-6.36
353,-0.13,-0.04,0.98,-0.07,-6.8,-3.13
354,-0.08,-0.02,0.99,-2.93,-0.53,3.82
355,-0.05,0.03,0.97,-3.12,2.33,5.05
356,-0.04,0.07,0.94,-4.65,0.47,-1.25
357,-0.01,0.07,0.94,-5.77,-0.92,-4.53
358,0.03,0.12,0.97,-3.99,-0.05,-2.54
359,0.03,0.09,0.98,-3.4,11.6,10.84
360,-0.03,0.07,0.93,-3.5,11.89,7.13
361,-0.07,0.05,0.93,-6.3,6.44,2.36
362,-0.07,0.04,0.93,-7.79,1.05,-3.3
363,-0.08,0.02,0.96,-7.29,-3.38,-7.53
364,-0.07,0.01,0.99,-7.73,-6.92,-9.66
365,-0.05,-0.01,1.0,-7.15,-5.09,-8.15
366,-0.05,-0.02,1.0,-5.82,-2.54,-4.92
367,-0.02,0.0,1.0,-5.3,2.44,0.31
368,-0.02,0.01,1.0,-4.81,6.37,2.89
369,-0.03,0.02,0.97,-4.98,6.15,1.26
370,-0.03,0.01,0.95,-7.05,4.68,-1.11
371,-0.02,0.02,0.97,-8.82,3.53,-0.38
372,-0.02,0.0,0.97,-9.27,1.29,-3.84
373,-0.01,-0.01,0.98,-10.06,3.74,-3.78
374,-0.01,-0.02,1.04,-8.82,4.18,-0.24
375,-0.02,-0.02,1.01,-7.23,4.18,-2.77
376,-0.03,-0.03,1.02,-5.62,0.42,-7.15
377,-0.03,-0.03,1.01,-4.09,-1.37,-8.97
378,-0.03,-0.02,1.01,-2.88,-1.24,-9.64
379,0.0,0.01,1.02,-2.08,0.88,-8.97
380,-0.01,0.01,1.02,-0.28,-0.13,-12.27
381,-0.03,-0.0,1.0,0.85,0.95,-13.74
382,-0.06,-0.03,0.99,0.77,1.66,-14.6
383,-0.09,-0.04,1.01,-0.52,-1.02,-13.82
384,-0.08,-0.04,0.99,0.23,-0.38,-10.14
385,-0.05,-0.02,1.01,0.96,4.53,-1.7
386,-0.06,-0.01,0.99,1.48,8.31,3.13
387,-0.07,-0.0,0.96,1.46,7.82,3.1
388,-0.07,0.01,0.95,-0.31,6.08,1.85
389,-0.05,0.02,0.94,-1.99,6.75,1.4
390,-0.06,0.04,0.96,-2.33,3.7,-1.31
391,-0.04,0.04,0.94,-2.43,1.31,-5.02
392,-0.05,0.04,0.95,-3.49,-0.99,-5.93
393,-0.06,0.04,0.96,-4.66,1.21,-4.82
394,-0.05,0.03,0.96,-5.17,1.68,-4.74
395,-0.05,0.02,0.95,-4.86,1.27,-7.87
396,-0.07,0.01,0.97,-5.82,-0.84,-8.36
397,-0.07,-0.01,0.97,-6.79,-1.37,-8.73
398,-0.09,-0.03,1.0,-6.24,-3.38,-8.02
399,-0.08,-0.03,1.01,-5.02,-3.52,-5.76
400,-0.04,-0.02,1.0,-4.11,0.64,-3.11
401,-0.06,-0.02,0.98,-4.33,1.88,-3.34
402,-0.06,-0.02,0.99,-5.09,1.07,-3.18
403,-0.07,-0.03,0.99,-4.89,0.87,-4.44
404,-0.03,-0.02,1.0,-3.67,0.75,-2.67
405,-0.04,-0.02,1.01,-2.68,1.06,-2.4
406,-0.04,-0.01,1.01,-1.54,0.5,-4.27
407,-0.03,-0.01,0.99,-0.82,1.99,-4.83
408,-0.04,-0.01,1.0,-0.79,3.13,-4.77
409,-0.07,-0.01,0.98,-0.6,2.26,-7.27
410,-0.05,0.0,0.98,-1.15,1.0,-8.07
411,-0.06,0.01,0.98,-0.66,1.95,-6.86
412,-0.06,0.01,0.97,-0.23,2.23,-7.63
413,-0.08,0.0,0.96,-0.95,-1.91,-10.85
414,-0.07,0.01,0.96,-1.08,-3.38,-9.86
415,-0.08,0.0,0.95,-1.39,-3.47,-9.46
416,-0.1,0.0,0.95,-3.68,-3.44,-7.34
417,-0.09,-0.01,0.96,-6.12,0.69,-1.85
418,-0.11,-0.02,0.98,-7.05,1.97,0.61
419,-0.1,-0.02,0.98,-6.85,1.82,1.47
420,-0.07,-0.01,0.98,-5.33,2.24,5.28
421,-0.06,-0.0,0.98,-4.44,3.47,6.05
422,-0.07,0.0,0.98,-4.73,1.4,3.74
423,-0.04,0.0,0.98,-4.83,1.23,2.85
424,-0.04,0.01,0.98,-3.66,0.06,-0.31
425,-0.05,-0.0,0.99,-3.36,-0.71,-1.32
426,-0.04,0.01,0.99,-3.56,-1.05,-2.33
427,-0.0,0.01,1.0,-4.34,0.28,-3.11
428,0.0,0.01,0.99,-4.11,2.82,-4.43
429,-0.04,-0.02,1.0,-2.7,-0.77,-8.29
430,-0.05,-0.04,1.0,-2.09,-2.29,-10.6
431,-0.06,-0.05,1.03,-1.32,0.36,-8.67
432,-0.08,-0.06,1.02,-0.4,3.34,-5.11
433,-0.07,-0.06,1.03,-0.05,8.4,1.85
434,-0.09,-0.05,1.01,0.96,10.05,3.41
435,-0.1,-0.03,1.0,1.9,8.16,3.19
436,-0.09,-0.01,0.96,2.18,5.66,1.75
437,-0.07,-0.0,0.97,0.89,5.0,1.93
438,-0.06,0.01,0.97,0.79,3.26,0.03
439,-0.05,0.02,0.96,0.56,2.82,-2.21
440,-0.06,0.02,0.96,-0.88,0.83,-5.82
441,-0.04,0.02,0.97,-2.37,1.53,-5.6
442,-0.05,0.01,0.99,-1.95,2.5,-5.45
443,-0.06,0.01,1.0,-1.07,-0.07,-8.64
444,-0.06,-0.01,1.0,-0.19,-0.39,-9.57
445,-0.05,0.0,1.0,1.04,0.38,-10.2
446,-0.08,-0.01,0.98,1.84,0.95,-9.18
447,-0.1,-0.01,0.98,0.88,2.63,-6.58
448,-0.1,-0.01,0.96,-0.45,3.39,-4.7
449,-0.1,-0.01,0.97,-1.4,3.31,-3.11
450,-0.1,-0.01,0.97,-1.49,2.08,-3.72
451,-0.1,-0.0,0.97,-1.95,2.04,-2.53
452,-0.1,0.0,0.97,-2.53,0.96,-2.88
453,-0.1,-0.0,0.97,-1.97,-0.06,0.04
454,-0.09,0.0,0.96,-1.44,-0.67,-0.19
455,-0.08,0.0,0.96,-2.24,-0.95,-0.48
456,-0.05,0.02,0.97,-3.34,-0.92,-2.51
457,-0.04,0.03,0.97,-3.56,0.61,-2.5
458,-0.07,0.0,0.98,-4.26,-0.76,-4.02
459,-0.06,0.01,0.98,-5.23,-0.02,-3.3
460,-0.06,0.01,0.99,-5.54,1.22,-3.55
461,-0.05,0.01,0.99,-4.82,0.66,-5.84
462,-0.08,0.01,0.98,-4.37,0.63,-6.39
463,-0.07,0.02,0.96,-3.83,1.51,-5.49
464,-0.11,-0.01,0.95,-5.14,-2.22,-7.4
465,-0.08,-0.01,0.97,-6.38,-4.4,-8.22
466,-0.06,-0.0,1.0,-5.64,-0.83,-5.69
467,-0.09,-0.01,0.99,-5.16,-1.62,-5.67
468,-0.09,-0.01,0.98,-5.83,-2.17,-5.47
469,-0.08,-0.02,0.99,-5.63,-2.05,-5.59
470,-0.09,-0.02,1.0,-4.58,-1.98,-5.48
471,-0.09,-0.03,1.0,-3.5,-3.9,-5.73
472,-0.07,-0.01,0.98,-3.49,-1.99,-4.27
473,-0.06,-0.01,0.98,-3.33,-1.6,-3.05
474,-0.07,0.0,0.98,-3.69,-1.54,-3.48
475,-0.07,0.0,0.97,-4.24,-1.21,-2.68
476,-0.08,-0.01,0.97,-4.4,-3.15,-3.77
477,-0.08,-0.02,0.98,-5.15,-3.82,-3.68
478,-0.07,-0.03,1.0,-4.62,-0.66,0.5
479,-0.08,-0.03,0.99,-3.76,0.64,1.94
480,-0.07,-0.02,0.99,-3.52,2.04,2.59
481,-0.06,-0.01,0.98,-3.35,2.82,2.29
482,-0.07,-0.01,0.97,-2.75,2.27,0.4
483,-0.08,-0.01,0.98,-2.86,-1.23,-3.31
484,-0.07,-0.01,0.99,-3.24,-2.11,-3.67
485,-0.06,-0.01,0.99,-2.72,-0.05,-2.39
486,-0.07,-0.01,0.99,-2.81,-0.24,-2.47
487,-0.06,-0.0,0.98,-2.85,0.0,-1.76
488,-0.06,-0.01,0.97,-3.13,0.03,-2.67
489,-0.07,-0.01,0.97,-3.57,-2.89,-5.66
490,-0.08,-0.02,0.98,-3.9,-3.38,-5.77
491,-0.07,-0.02,0.98,-3.34,-1.77,-4.49
492,-0.09,-0.03,1.0,-2.78,-0.74,-2.92
493,-0.07,-0.01,0.99,-3.02,0.86,-2.41
494,-0.07,-0.01,0.98,-3.39,0.88,-3.11
495,-0.08,-0.02,0.99,-2.94,0.73,-2.3
496,-0.08,-0.01,0.97,-3.07,0.49,-2.56
497,-0.09,-0.02,0.97,-3.09,-1.84,-4.58
498,-0.08,-0.02,0.97,-3.02,-4.78,-6.75
499,-0.06,-0.01,0.98,-3.2,-3.44,-6.18
500,-0.07,-0.01,0.99,-3.05,-2.93,-6.66
