,accel_x,accel_y,accel_z,gyro_x,gyro_y,gyro_z
0,0.07,0.01,0.98,-6.76,-2.31,0.77
1,0.09,-0.01,0.97,-5.48,-3.63,-2.05
2,0.1,0.02,1.0,-5.32,-3.37,-2.68
3,0.11,0.0,0.99,-7.33,-1.65,-4.15
4,0.1,-0.01,0.99,-6.36,-1.28,-5.69
5,0.09,-0.03,1.01,-5.48,-0.46,-5.29
6,0.09,-0.04,1.01,-3.02,0.77,-5.14
7,0.08,-0.05,1.01,-3.23,1.57,-6.41
8,0.07,-0.03,1.0,-1.4,1.85,-5.82
9,0.08,-0.01,0.97,-1.32,2.51,-5.63
10,0.05,0.0,0.97,-2.31,1.37,-6.5
11,0.05,-0.03,0.97,-1.93,-0.87,-7.05
12,0.05,-0.02,0.97,-3.65,1.15,-4.84
13,0.04,-0.03,0.95,-1.25,0.31,-4.19
14,0.01,-0.06,0.98,-2.15,-0.58,-3.54
15,0.05,-0.04,0.99,-3.43,-1.02,-4.81
16,0.05,-0.07,1.0,-2.85,-1.14,-5.56
17,0.04,-0.05,1.0,-1.47,-1.35,-3.19
18,0.06,-0.02,0.99,-3.12,-0.29,-2.85
19,0.06,-0.02,0.99,-4.15,-0.73,-4.63
20,0.07,-0.0,1.0,-3.93,-0.66,-4.97
21,0.09,0.01,0.98,-0.72,-0.15,-7.21
22,0.06,0.0,0.97,-1.61,-1.11,-7.74
23,0.06,-0.02,0.97,-2.8,-3.02,-8.15
24,0.05,-0.01,0.96,-1.41,-3.04,-7.42
25,0.02,-0.06,0.98,-2.39,-2.81,-4.79
26,0.04,-0.06,0.99,-2.37,-2.6,-4.72
27,0.04,-0.08,1.01,-2.6,-1.92,-2.78
28,0.06,-0.08,1.01,-1.48,0.0,-0.42
29,0.04,-0.07,0.99,-0.34,0.2,0.11
30,0.06,-0.05,0.99,-0.34,0.1,-0.06
31,0.06,-0.05,1.0,-1.11,0.05,-0.97
32,0.07,-0.03,1.0,-1.1,0.63,-1.02
33,0.06,-0.02,1.0,-0.03,0.04,-0.66
34,0.08,0.0,0.97,-0.37,-0.51,-1.91
35,0.08,0.01,0.98,-2.1,-0.38,-2.49
36,0.07,-0.01,0.98,-2.65,-0.07,-2.63
37,0.08,-0.01,0.98,-3.08,-0.01,-1.96
38,0.08,-0.0,0.97,-3.41,0.27,-3.26
39,0.06,-0.03,0.98,-3.06,-0.32,-3.07
40,0.06,-0.03,0.98,-3.15,-0.21,-2.72
41,0.06,-0.02,0.99,-4.27,0.15,-1.65
42,0.06,-0.03,0.99,-4.47,0.44,-1.63
43,0.05,-0.03,0.99,-4.54,0.84,-0.3
44,0.04,-0.04,0.99,-3.77,0.52,-0.73
45,0.05,-0.04,0.99,-4.27,0.14,-1.35
46,0.05,-0.03,0.98,-3.76,-0.43,-2.57
47,0.04,-0.05,1.0,-2.68,-1.13,-2.94
48,0.06,-0.04,1.01,-2.76,-1.34,-2.88
49,0.08,-0.01,1.0,-3.55,-0.24,-3.64
50,0.08,-0.01,1.0,-1.79,-0.25,-5.02
51,0.08,-0.01,1.01,-1.3,-0.08,-5.74
52,0.08,-0.01,0.99,1.24,0.55,-6.58
53,0.08,-0.0,1.01,-0.66,1.95,-5.07
54,0.08,0.02,0.99,-0.98,2.95,-4.05
55,0.07,0.03,0.98,-1.66,3.28,-5.0
56,0.08,0.02,0.99,-1.73,3.36,-4.89
57,0.11,0.06,0.96,-2.3,2.89,-5.67
58,0.09,0.05,0.98,-3.09,2.04,-8.13
59,0.09,0.04,1.01,-2.08,1.23,-9.73
60,0.09,0.03,1.02,-0.03,1.54,-11.54
61,0.1,0.03,1.04,2.64,2.91,-12.15
62,0.09,0.05,1.07,4.37,4.66,-10.75
63,0.09,0.08,1.05,5.72,6.26,-10.46
64,0.08,0.12,1.05,4.66,7.24,-8.9
65,0.08,0.16,1.06,4.04,8.63,-7.77
66,0.07,0.18,1.06,7.07,10.12,-6.54
67,0.04,0.2,1.04,15.73,10.43,-5.87
68,0.02,0.19,0.99,29.06,6.23,-11.82
69,-0.03,0.18,0.94,21.77,-4.39,-18.15
70,0.02,0.2,0.96,21.4,-7.85,-21.63
71,0.02,0.2,0.99,23.06,-8.29,-21.49
72,0.01,0.19,0.99,16.56,-7.14,-17.71
73,-0.01,0.19,1.01,12.99,-6.63,-12.4
74,-0.05,0.16,0.99,10.43,-5.34,-5.27
75,-0.09,0.17,0.96,4.2,-5.53,5.35
76,-0.09,0.16,0.96,-0.56,-7.38,17.15
77,-0.12,0.13,0.94,-6.83,-8.57,25.31
78,-0.02,0.24,0.98,-9.37,-12.59,26.46
79,0.02,0.31,1.0,4.02,-21.35,11.71
80,0.07,0.4,0.98,24.18,-32.9,-12.52
81,0.12,0.48,0.97,38.11,-42.56,-36.18
82,0.11,0.47,0.95,46.5,-48.05,-53.34
83,0.08,0.43,0.93,48.16,-52.42,-62.51
84,0.06,0.39,0.89,41.92,-53.49,-64.08
85,0.05,0.4,0.86,32.66,-52.84,-60.91
86,0.03,0.38,0.84,23.94,-50.85,-53.42
87,-0.03,0.29,0.81,13.39,-45.13,-37.81
88,-0.07,0.1,0.86,0.64,-36.82,-14.96
89,-0.09,-0.02,0.96,-12.93,-27.87,17.56
90,-0.07,-0.05,1.01,-18.18,-16.72,51.07
91,-0.04,-0.01,1.0,-20.54,-5.52,79.63
92,-0.01,0.06,0.93,-24.13,-0.18,100.19
93,0.03,0.18,0.87,-29.75,-1.56,110.6
94,0.15,0.39,0.84,-35.92,-2.54,105.95
95,0.32,0.58,0.81,-44.77,3.24,86.27
96,0.37,0.56,0.93,-62.89,19.83,74.06
97,0.35,0.43,1.01,-86.29,42.16,67.78
98,0.32,0.28,1.04,-105.26,63.47,65.21
99,0.23,0.16,1.04,-114.5,74.71,60.79
100,0.13,0.07,0.99,-100.4,70.27,46.81
101,0.01,-0.01,0.88,-64.66,46.64,21.32
102,-0.04,-0.06,0.8,-25.69,13.1,-10.09
103,-0.08,-0.18,0.79,9.36,-17.63,-32.8
104,-0.1,-0.23,0.85,23.34,-31.79,-39.16
105,-0.1,-0.3,0.91,8.69,-27.13,-30.69
106,-0.09,-0.36,0.99,-20.25,-8.69,-13.29
107,-0.04,-0.39,1.04,-47.89,12.18,6.63
108,0.02,-0.38,1.09,-65.91,24.16,17.08
109,0.08,-0.32,1.1,-65.15,26.71,16.89
110,0.14,-0.29,1.11,-45.98,25.21,7.05
111,0.18,-0.26,1.11,-27.53,24.11,-6.98
112,0.18,-0.3,1.14,-18.21,29.82,-20.3
113,0.13,-0.37,1.18,-20.22,41.49,-20.53
114,0.05,-0.42,1.13,-34.53,57.4,-6.21
115,-0.07,-0.43,1.06,-47.31,66.27,11.21
116,-0.07,-0.42,0.95,-54.86,64.46,20.91
117,-0.06,-0.37,0.92,-53.88,51.13,19.7
118,-0.01,-0.41,1.02,-37.58,35.43,8.63
119,0.03,-0.45,1.13,-10.85,23.15,-1.89
120,0.08,-0.38,1.12,10.48,7.48,-19.66
121,0.13,-0.31,1.16,19.85,-0.55,-38.95
122,0.17,-0.28,1.16,19.55,4.3,-48.78
123,0.18,-0.27,1.17,15.61,18.47,-51.14
124,0.16,-0.29,1.13,2.16,37.18,-47.15
125,0.15,-0.28,1.09,-17.61,56.62,-39.61
126,0.09,-0.24,1.01,-38.19,75.2,-25.98
127,0.02,-0.26,0.94,-55.58,88.75,-11.82
128,-0.04,-0.25,0.86,-67.19,94.08,-4.39
129,-0.06,-0.24,0.81,-66.15,91.77,-5.74
130,-0.09,-0.36,0.83,-42.39,78.89,-17.18
131,-0.12,-0.46,0.91,-12.93,56.95,-18.08
132,-0.22,-0.45,0.91,10.88,14.41,-33.92
133,-0.14,-0.35,0.81,17.95,-1.85,-53.8
134,-0.09,-0.34,0.89,16.98,-9.3,-57.79
135,-0.08,-0.36,0.94,17.04,-8.69,-54.75
136,-0.05,-0.32,0.92,11.77,-4.73,-49.24
137,-0.03,-0.3,0.91,1.49,0.43,-44.77
138,-0.05,-0.29,0.88,-4.9,1.16,-41.47
139,-0.06,-0.31,0.89,-6.66,0.21,-40.84
140,-0.07,-0.31,0.88,-5.77,-4.5,-40.48
141,-0.08,-0.29,0.89,-4.15,-9.5,-38.95
142,-0.07,-0.32,0.91,1.39,-14.83,-39.7
143,-0.03,-0.3,0.95,9.07,-20.56,-39.58
144,-0.01,-0.27,0.94,14.47,-25.65,-42.37
145,0.03,-0.23,0.93,19.83,-28.37,-45.44
146,0.03,-0.17,0.9,19.76,-32.05,-47.72
147,0.04,-0.15,0.9,19.02,-34.55,-49.79
148,0.04,-0.22,0.97,20.29,-32.05,-47.24
149,0.05,-0.24,1.0,16.75,-23.98,-40.62
150,0.1,-0.2,1.03,8.6,-13.33,-36.15
151,0.09,-0.18,1.02,5.04,-3.12,-29.6
152,0.06,-0.17,0.99,3.05,4.46,-23.73
153,-0.0,-0.19,0.95,-0.89,5.26,-19.2
154,-0.04,-0.18,0.88,-2.58,4.35,-21.66
155,-0.04,-0.2,0.89,1.91,-3.49,-20.56
156,-0.02,-0.2,0.9,4.23,-10.72,-23.01
157,-0.02,-0.21,0.92,5.66,-17.31,-24.66
158,0.02,-0.23,0.95,5.61,-19.99,-26.16
159,0.03,-0.23,1.01,6.15,-16.14,-25.1
160,0.04,-0.24,1.04,6.68,-10.49,-22.62
161,0.01,-0.29,1.04,5.85,-3.71,-18.66
162,-0.01,-0.26,1.0,5.24,-0.51,-13.64
163,-0.05,-0.25,0.94,-1.18,5.5,-9.65
164,-0.0,-0.23,0.97,-7.08,7.08,-5.76
165,0.06,-0.18,0.99,-10.08,6.02,-11.55
166,0.04,-0.21,1.01,-5.17,4.44,-16.54
167,0.01,-0.25,1.02,0.86,2.98,-16.23
168,-0.02,-0.23,0.97,4.05,1.32,-15.06
169,0.0,-0.24,0.96,-0.24,2.49,-15.21
170,-0.01,-0.27,0.99,-5.1,5.3,-10.21
171,0.02,-0.24,1.01,-10.3,9.37,-6.52
172,0.04,-0.21,1.03,-15.47,15.91,-6.91
173,0.04,-0.21,1.01,-14.82,21.12,-8.65
174,0.02,-0.23,1.01,-11.77,24.56,-8.4
175,-0.03,-0.22,0.94,-10.0,24.98,-6.59
176,-0.08,-0.2,0.86,-5.76,17.69,-6.96
177,-0.11,-0.18,0.82,0.05,4.44,-8.56
178,-0.11,-0.18,0.82,6.05,-9.24,-10.35
179,-0.08,-0.18,0.88,5.63,-16.28,-11.35
180,-0.01,-0.13,0.92,0.8,-17.42,-9.56
181,0.04,-0.12,0.96,-4.26,-12.44,-9.32
182,0.06,-0.09,0.96,-8.05,-5.89,-10.63
183,0.03,-0.1,0.94,-9.56,-1.98,-10.41
184,0.01,-0.12,0.92,-9.41,-3.24,-12.55
185,-0.01,-0.15,0.92,-5.44,-7.89,-14.21
186,0.01,-0.15,0.96,-1.21,-10.26,-13.13
187,0.04,-0.13,0.97,-2.69,-9.58,-14.44
188,0.06,-0.1,0.99,-6.15,-5.05,-14.14
189,0.07,-0.08,0.99,-10.98,3.8,-12.84
190,0.03,-0.1,0.95,-16.85,10.81,-10.58
191,-0.02,-0.12,0.89,-21.11,12.17,-10.26
192,-0.06,-0.13,0.87,-23.46,9.73,-9.16
193,-0.09,-0.18,0.87,-19.24,1.16,-9.23
194,-0.06,-0.18,0.89,-15.15,-7.5,-10.49
195,-0.02,-0.22,0.94,-8.69,-13.63,-12.6
196,-0.02,-0.23,0.98,-2.62,-15.65,-11.29
197,-0.01,-0.21,0.98,-4.24,-14.96,-9.53
198,0.0,-0.2,0.98,-5.21,-9.92,-7.0
199,-0.01,-0.2,0.96,-8.05,-7.12,-5.13
200,0.0,-0.21,0.94,-12.51,-4.12,-3.95
201,0.0,-0.21,0.95,-15.98,-2.37,-3.01
202,0.0,-0.21,0.96,-16.55,-1.73,-3.87
203,0.03,-0.19,0.97,-14.89,-2.26,-8.3
204,0.03,-0.21,0.98,-10.77,-3.89,-9.17
205,0.03,-0.27,0.93,-10.21,1.04,-10.4
206,-0.02,-0.23,0.94,-9.06,0.94,-6.04
207,-0.03,-0.25,0.95,-7.56,0.37,-5.25
208,-0.04,-0.24,0.94,-7.94,-0.39,-3.08
209,-0.03,-0.25,0.95,-7.94,-2.34,-1.87
210,-0.01,-0.24,0.99,-5.69,-4.38,-1.76
211,-0.0,-0.24,1.0,-1.66,-5.04,-1.73
212,-0.0,-0.22,1.0,0.86,-5.3,-0.61
213,0.02,-0.21,0.98,1.85,-5.31,-0.47
214,0.02,-0.21,0.98,3.09,-5.4,-2.29
215,0.02,-0.18,0.98,2.53,-6.4,-3.91
216,0.03,-0.2,0.98,3.57,-6.53,-5.73
217,0.01,-0.22,0.99,4.68,-4.69,-5.99
218,0.01,-0.23,0.99,3.4,-2.34,-3.72
219,0.01,-0.21,1.03,-5.08,-1.76,7.53
220,-0.03,-0.24,0.99,0.63,1.2,2.28
221,-0.02,-0.21,0.96,2.34,2.37,1.9
222,0.0,-0.21,0.98,-0.42,3.51,0.56
223,0.01,-0.2,0.98,-3.78,0.02,2.81
224,-0.02,-0.24,1.01,5.99,-0.08,-2.53
225,0.01,-0.21,0.97,7.56,-1.26,-6.79
226,0.02,-0.21,1.01,7.76,-5.2,-13.36
227,-0.03,-0.17,0.95,3.7,-5.18,-9.71
228,-0.04,-0.19,0.94,5.24,-1.92,-7.11
229,-0.0,-0.15,0.93,0.92,-3.39,-8.4
230,-0.02,-0.18,0.94,-0.56,-2.73,-6.11
231,-0.01,-0.19,0.95,-1.28,-4.06,-6.07
232,0.0,-0.2,0.97,-1.44,-5.5,-7.0
233,0.0,-0.21,0.98,-0.39,-5.02,-5.75
234,0.01,-0.2,0.99,1.4,-4.03,-5.45
235,0.01,-0.2,0.99,0.87,-3.18,-5.3
236,0.01,-0.19,0.99,-0.24,-1.74,-4.54
237,-0.0,-0.19,0.98,0.6,-1.83,-3.56
238,-0.01,-0.18,0.96,-0.32,-2.39,-2.95
239,-0.01,-0.18,0.96,-1.66,-2.07,-1.24
240,-0.02,-0.18,0.95,-2.7,-2.15,0.12
241,-0.02,-0.18,0.95,-4.66,-3.09,1.22
242,-0.02,-0.18,0.95,-5.67,-4.55,0.87
243,-0.0,-0.17,0.96,-5.05,-6.1,0.01
244,0.01,-0.19,0.98,-2.06,-6.88,-0.51
245,0.03,-0.21,1.0,-0.76,-6.67,-0.06
246,0.04,-0.19,1.01,-0.39,-5.63,0.35
247,0.04,-0.19,1.02,2.01,-4.04,0.79
248,0.05,-0.16,1.0,2.84,-3.15,0.76
249,0.05,-0.15,0.97,0.63,-1.39,-0.44
250,0.05,-0.15,0.97,-1.43,-0.35,-1.82
251,0.03,-0.15,0.95,-3.02,-0.02,-2.28
252,0.03,-0.16,0.95,-2.75,-0.98,-2.66
253,0.03,-0.17,0.96,-2.4,-1.59,-2.54
254,0.04,-0.18,0.97,-4.29,-1.5,-2.7
255,0.04,-0.2,0.98,-4.12,-1.71,-2.88
256,0.05,-0.24,1.0,-2.87,-1.3,-2.35
257,0.06,-0.21,1.01,-3.0,-0.17,0.58
258,0.12,-0.18,0.98,-5.47,4.82,3.56
259,0.04,-0.27,1.01,1.46,1.22,3.43
260,0.09,-0.26,1.0,-1.05,1.27,2.43
261,0.09,-0.32,1.02,-0.61,1.79,6.17
262,0.1,-0.41,1.06,2.0,2.69,9.89
263,0.08,-0.56,1.12,5.02,6.25,15.26
264,0.03,-0.75,1.17,10.75,14.18,35.58
265,0.14,-1.04,1.24,17.95,24.56,48.41
266,0.2,-1.33,1.26,34.92,29.23,51.92
267,0.33,-1.57,1.23,36.57,41.72,58.45
268,0.43,-1.81,1.11,28.29,44.15,60.52
269,0.44,-2.0,1.03,12.63,27.77,66.62
270,0.43,-2.0,0.79,13.64,-4.59,58.92
271,0.48,-2.0,0.78,56.29,-39.27,66.53
272,0.65,-2.0,0.63,85.92,-55.36,63.52
273,0.39,-2.0,0.85,107.5,-75.0,83.17
274,0.64,-2.0,0.46,105.63,-60.53,100.39
275,0.53,-2.0,0.29,95.82,-35.6,131.37
276,0.41,-2.0,0.15,77.22,-16.21,157.6
277,0.33,-1.98,0.13,55.43,-13.57,171.4
278,0.23,-1.18,0.11,41.45,-35.73,163.89
279,0.15,-0.44,0.02,54.69,-78.48,139.36
280,-0.01,0.37,0.26,78.3,-109.87,90.62
281,-0.06,0.85,0.34,103.3,-119.61,69.97
282,-0.07,1.13,0.78,111.36,-106.16,85.37
283,0.35,1.37,1.19,83.16,-44.84,126.09
284,0.68,1.56,1.59,38.39,46.3,149.69
285,0.57,1.61,1.84,15.55,105.01,159.72
286,0.13,1.52,1.64,76.14,112.75,142.33
287,-0.08,1.77,1.11,151.33,101.03,137.56
288,0.02,2.0,0.64,178.51,85.35,141.62
289,0.02,2.0,0.96,108.49,95.21,138.82
290,2.0,2.0,-1.82,107.3,70.12,21.89
291,0.3,2.0,-0.53,65.34,-17.08,-58.86
292,1.05,2.0,0.99,-8.62,25.75,31.6
293,0.9,2.0,0.9,-11.16,24.05,25.12
294,0.53,2.0,0.6,-24.51,14.39,-1.37
295,0.33,1.43,0.58,-2.51,-10.89,-60.02
296,-0.14,1.04,0.46,59.88,-62.92,-125.78
297,-0.43,0.58,0.67,93.11,-104.27,-134.38
298,-0.37,0.21,0.79,74.05,-117.36,-131.16
299,-0.21,-0.01,1.13,38.16,-106.17,-87.38
300,-0.1,-0.14,1.32,17.37,-62.74,-47.93
301,-0.02,-0.07,1.16,42.89,-38.44,-30.67
302,-0.12,0.0,1.08,31.53,-11.31,6.61
303,-0.02,0.19,0.98,10.02,13.17,39.76
304,0.15,0.47,0.76,-19.85,23.39,36.9
305,0.19,0.72,0.7,-43.5,28.56,33.79
306,0.29,0.73,0.71,-22.84,17.63,1.97
307,0.26,0.62,0.77,-23.34,21.27,-15.6
308,0.19,0.51,0.79,-23.37,19.63,-15.53
309,0.16,0.39,0.81,-22.62,20.61,-17.5
310,0.13,0.36,0.85,-27.0,21.63,-7.32
311,0.07,0.29,0.86,-34.53,26.27,-0.08
312,0.05,0.28,0.88,-39.91,31.67,6.93
313,0.03,0.28,0.89,-43.4,36.76,12.59
314,-0.04,0.24,0.93,-47.98,27.31,10.83
315,-0.04,0.29,0.86,-58.81,32.63,5.0
316,-0.04,0.21,0.95,-50.11,24.56,-9.53
317,-0.09,0.25,1.04,-52.47,10.82,-16.4
318,-0.05,0.19,1.05,-51.34,11.38,-15.61
319,-0.11,0.1,0.99,-58.49,27.62,-11.67
320,-0.17,0.11,1.47,-80.31,19.08,12.89
321,-0.09,-0.03,1.14,-77.95,40.16,17.52
322,-0.12,-0.03,1.14,-68.63,41.49,27.15
323,-0.09,0.02,1.05,-80.59,44.95,25.86
324,-0.1,0.02,1.07,-72.95,38.46,26.2
325,-0.08,0.02,1.06,-66.9,33.29,14.16
326,-0.24,-0.0,1.05,-18.05,-18.16,-21.97
327,-0.16,0.1,1.13,-28.08,-12.72,-19.24
328,-0.1,-0.01,1.17,-11.11,-13.76,-11.02
329,-0.1,-0.08,1.17,-12.13,-0.13,-18.21
330,0.02,-0.06,1.07,-3.02,-4.34,-18.64
331,-0.05,0.06,1.03,-2.91,0.55,-14.71
332,-0.04,0.04,0.99,-13.92,-8.55,-11.12
333,0.01,0.06,1.01,-15.97,-9.67,-10.95
334,0.03,0.04,1.03,-19.9,-4.62,-5.81
335,0.04,0.04,0.99,-14.6,-1.89,-2.51
336,-0.04,0.06,0.99,-12.11,-3.46,2.66
337,-0.02,0.05,0.96,-13.8,-3.82,4.26
338,0.0,0.07,0.96,-13.18,-4.63,1.37
339,0.02,0.03,1.0,-9.21,-6.53,-1.78
340,-0.0,0.04,0.99,-3.53,-6.99,-5.02
341,0.02,0.06,0.98,-1.01,-4.87,-3.5
342,0.0,0.06,0.96,0.6,-2.23,-2.33
343,-0.01,0.06,0.95,-0.21,-2.02,-1.08
344,-0.0,0.07,0.95,-1.97,-1.39,1.08
345,0.01,0.06,0.95,-1.46,-0.6,1.0
346,-0.01,0.04,0.98,-5.6,0.44,2.63
347,-0.02,0.03,0.96,-5.7,2.07,4.49
348,-0.05,0.05,0.97,-6.81,2.21,5.8
349,-0.09,0.02,0.99,-9.09,0.24,7.38
350,-0.08,0.03,1.06,-7.5,-2.6,9.88
351,-0.03,0.06,0.98,-12.92,1.92,6.47
352,-0.01,0.07,0.98,-12.94,1.3,4.8
353,-0.02,0.05,0.99,-9.71,-1.35,2.56
354,-0.01,0.05,0.99,-9.85,-3.19,1.28
355,-0.0,0.02,1.03,-9.5,-4.39,-0.09
356,0.01,0.02,1.04,-7.71,-2.09,-0.18
357,0.02,0.03,1.02,-7.07,0.11,0.48
358,-0.01,0.02,1.01,-4.31,-0.68,-0.39
359,-0.01,0.03,1.0,-2.09,-0.85,0.11
360,-0.01,0.03,0.98,-0.6,-1.11,-0.44
361,-0.02,0.01,0.99,2.34,-2.06,-2.0
362,-0.01,0.04,1.01,3.07,-1.18,-2.11
363,-0.0,0.06,1.0,1.45,0.38,-2.19
364,-0.01,0.07,0.98,-1.21,1.11,-3.37
365,-0.02,0.08,0.99,-4.4,0.7,-2.8
366,-0.02,0.07,0.96,-5.92,1.73,-4.72
367,-0.03,0.05,0.97,-3.27,-0.27,-5.53
368,-0.01,0.08,0.98,-0.73,-0.52,-6.37
369,-0.0,0.08,0.98,-2.15,0.34,-7.17
370,-0.01,0.07,0.98,-2.89,0.16,-8.08
371,-0.02,0.05,0.99,-1.96,0.56,-6.56
372,-0.02,0.05,1.01,-2.95,2.53,-4.15
373,-0.03,0.05,0.99,-4.1,3.85,-2.6
374,-0.03,0.05,0.98,-3.92,3.79,-2.44
375,-0.05,0.06,0.96,-2.39,3.18,-1.98
376,-0.04,0.06,0.97,-1.92,2.21,-1.22
377,-0.04,0.07,0.96,-2.32,2.02,-1.0
378,-0.05,0.08,0.95,-3.05,0.98,-1.26
379,-0.05,0.05,0.95,-2.95,-0.98,-3.09
380,-0.06,0.03,0.99,-2.69,-2.69,-3.14
381,-0.04,0.04,0.98,-2.11,-1.66,-2.0
382,-0.04,0.03,0.99,-2.69,-1.11,-2.39
383,-0.02,0.04,1.0,-1.84,-1.39,0.02
384,-0.01,0.09,1.0,-4.21,2.22,-0.26
385,-0.0,0.1,0.96,-2.94,1.98,-3.46
386,-0.03,0.07,0.96,-4.18,0.34,-6.75
387,-0.02,0.04,1.0,-3.4,-0.66,-7.13
388,0.0,0.05,1.02,-1.27,1.36,-9.2
389,-0.02,0.01,1.02,1.24,1.27,-9.46
390,-0.02,0.01,1.02,-0.18,2.82,-8.21
391,-0.04,0.0,1.02,1.03,2.98,-6.81
392,-0.03,0.02,1.0,1.56,4.37,-4.87
393,-0.04,0.05,0.98,1.46,4.22,-3.22
394,-0.04,0.07,0.95,-1.64,3.92,-3.69
395,-0.04,0.07,0.96,-3.86,2.39,-3.55
396,-0.05,0.08,0.97,-2.46,2.59,-3.26
397,-0.04,0.1,0.94,-2.92,1.56,-3.66
398,-0.06,0.05,0.95,-3.91,-1.94,-5.67
399,-0.03,0.05,0.98,-5.13,-3.4,-7.82
400,-0.03,0.04,1.01,-3.9,-1.79,-6.72
401,-0.03,0.02,1.01,-3.55,0.69,-4.58
402,-0.04,0.0,1.0,-3.79,1.82,-1.7
403,-0.06,-0.01,1.0,-1.97,1.13,-0.5
404,-0.04,0.02,1.0,-0.98,0.57,-1.69
405,-0.03,0.06,0.98,-2.09,2.2,-1.12
406,-0.03,0.07,0.98,-2.66,2.51,-0.55
407,-0.03,0.07,0.97,-3.1,0.69,-1.55
408,-0.02,0.08,0.98,-3.4,-0.95,-3.1
409,0.01,0.1,0.98,-1.84,-0.76,-6.19
410,-0.0,0.08,0.99,-2.94,0.82,-7.7
411,-0.02,0.06,0.98,-3.45,1.67,-6.78
412,-0.05,0.04,0.97,-4.37,0.69,-6.6
413,-0.04,0.04,0.96,-5.2,-0.15,-6.37
414,-0.05,0.04,0.98,-5.62,0.02,-5.58
415,-0.05,0.01,0.99,-5.27,1.31,-4.76
416,-0.07,-0.01,1.0,-3.89,1.31,-1.43
417,-0.05,0.04,0.97,-4.16,1.57,0.16
418,-0.05,0.05,0.96,-3.91,0.47,-0.31
419,-0.07,0.04,0.96,-2.92,-2.27,-0.89
420,-0.05,0.07,0.95,-4.12,-4.2,-1.49
421,-0.04,0.09,0.95,-3.77,-6.05,-4.48
422,-0.03,0.08,0.98,-3.29,-7.05,-7.02
423,-0.02,0.07,1.0,-2.92,-5.92,-7.56
424,-0.01,0.07,1.0,-2.4,-3.95,-8.66
425,-0.02,0.05,1.0,-0.44,-3.97,-9.59
426,-0.03,0.04,0.99,-0.66,-2.61,-6.81
427,-0.02,0.03,0.98,-0.58,0.02,-6.47
428,-0.05,0.01,1.0,-2.66,-0.23,-5.46
429,-0.04,0.03,0.99,-4.18,0.98,-1.22
430,-0.05,0.05,0.97,-5.02,2.76,0.95
431,-0.06,0.04,0.95,-5.82,1.5,1.82
432,-0.05,0.06,0.96,-7.77,0.3,1.85
433,-0.03,0.05,0.98,-7.42,-0.08,0.56
434,-0.06,0.02,0.99,-5.31,-2.02,-1.31
435,-0.03,0.02,1.0,-5.53,-1.6,-0.3
436,-0.01,0.04,1.02,-4.31,-0.39,-0.31
437,-0.01,0.03,1.01,-2.4,0.31,-1.43
438,-0.0,0.04,1.01,-1.95,1.53,-2.18
439,-0.01,0.04,1.01,-2.73,3.14,-2.31
440,-0.02,0.03,0.99,-3.02,3.61,-3.18
441,-0.03,0.04,0.99,-2.17,3.5,-3.59
442,-0.03,0.04,0.98,-2.44,3.73,-4.11
443,-0.05,0.04,0.98,-2.57,2.6,-5.81
444,-0.07,0.01,0.98,-0.89,0.42,-6.19
445,-0.07,0.01,0.98,-1.36,-0.89,-4.88
446,-0.06,0.03,0.98,-3.51,-0.67,-2.73
447,-0.06,0.04,0.98,-4.8,-0.6,-1.15
448,-0.04,0.05,0.98,-5.82,-0.84,-1.28
449,-0.05,0.05,0.98,-6.47,-0.98,-0.29
450,-0.05,0.05,0.97,-7.25,-1.18,-0.24
451,-0.06,0.03,0.98,-7.15,-1.8,-0.11
452,-0.03,0.06,0.99,-5.79,-0.96,0.91
453,-0.01,0.09,0.97,-4.2,0.63,0.63
454,-0.02,0.08,0.95,-3.82,0.4,-0.72
455,-0.03,0.06,0.96,-4.2,-0.38,-1.28
456,-0.03,0.06,0.97,-4.17,-0.79,-2.54
457,-0.04,0.04,0.97,-4.71,-1.02,-2.69
458,-0.05,0.02,0.99,-4.48,-0.79,-3.26
459,-0.05,0.0,1.0,-4.46,-0.59,-2.4
460,-0.06,-0.01,1.0,-4.06,-0.14,-1.14
461,-0.06,-0.0,1.01,-4.32,0.62,0.2
462,-0.04,0.01,1.0,-3.31,0.86,0.69
463,-0.04,0.03,0.99,-3.41,0.89,0.89
464,-0.04,0.06,0.97,-4.16,0.98,0.36
465,-0.03,0.05,0.98,-4.29,0.26,-0.65
466,-0.02,0.08,0.97,-4.56,0.09,-0.91
467,-0.03,0.08,0.96,-5.31,0.48,-1.56
468,-0.04,0.08,0.96,-6.39,-0.27,-1.99
469,-0.05,0.05,0.94,-7.56,-1.48,-2.53
470,-0.07,0.02,0.96,-8.12,-2.88,-2.8
471,-0.08,0.01,0.97,-7.83,-3.32,-3.27
472,-0.08,-0.04,1.01,-8.24,-3.19,-1.85
473,-0.07,-0.05,1.03,-8.16,-1.58,1.63
474,-0.05,-0.04,1.05,-6.98,0.53,3.48
475,-0.05,-0.02,1.04,-5.36,2.05,5.3
476,-0.03,0.02,1.0,-3.89,1.8,4.88
477,-0.03,0.05,0.98,-3.53,0.98,3.85
478,-0.03,0.06,0.98,-1.87,-0.64,1.43
479,-0.01,0.07,0.97,-1.55,-1.31,-0.94
480,0.0,0.08,0.99,-2.55,-1.05,-2.08
481,0.02,0.09,0.98,-4.86,1.27,-2.68
482,0.0,0.08,0.95,-6.4,1.81,-4.31
483,-0.03,0.05,0.96,-7.89,0.66,-4.89
484,-0.03,0.03,0.96,-9.98,-0.81,-5.41
485,-0.05,0.0,0.97,-7.54,-1.43,-5.88
486,-0.08,-0.03,0.98,-6.71,-2.22,-4.79
487,-0.07,-0.06,1.01,-1.87,-2.38,-2.02
488,-0.05,-0.03,1.01,-0.87,-0.69,-0.29
489,-0.05,-0.01,1.0,-1.85,0.55,2.09
490,-0.04,0.04,0.98,-2.93,1.08,2.25
491,-0.02,0.09,0.97,-3.69,0.97,-0.05
492,-0.04,0.06,0.96,-4.1,-1.11,-2.21
493,-0.03,0.06,0.96,-3.39,-1.88,-3.81
494,-0.04,0.05,0.98,-3.24,-2.4,-4.75
495,-0.03,0.05,0.98,-3.89,-1.1,-4.32
496,-0.04,0.03,0.97,-5.59,0.46,-2.51
497,-0.06,0.03,0.97,-6.57,0.32,-1.34
498,-0.07,0.01,0.97,-7.5,0.31,-1.14
499,-0.08,-0.04,0.98,-6.3,-1.64,-0.73
500,-0.07,-0.05,1.0,-6.36,-2.11,0.05
