,accel_x,accel_y,accel_z,gyro_x,gyro_y,gyro_z
0,0.13,0.1,0.98,-2.21,-1.18,-5.05
1,0.14,0.12,0.98,-4.81,0.2,-6.5
2,0.13,0.11,0.98,-4.64,0.69,-7.16
3,0.12,0.09,0.99,-3.44,0.95,-8.98
4,0.11,0.09,0.97,-3.44,0.85,-9.89
5,0.1,0.08,0.97,-2.33,0.34,-10.63
6,0.1,0.06,0.98,-2.35,0.17,-10.19
7,0.1,0.07,0.98,-2.95,1.76,-6.26
8,0.08,0.07,0.97,-1.14,0.67,-4.79
9,0.1,0.07,0.98,0.73,0.16,-6.06
10,0.11,0.08,0.98,1.63,-1.69,-10.16
11,0.14,0.09,0.96,1.79,-3.15,-13.89
12,0.13,0.13,0.97,1.73,-6.44,-12.89
13,0.13,0.12,0.98,2.93,-5.47,-19.37
14,0.15,0.1,0.99,4.89,-3.53,-22.82
15,0.12,0.09,0.96,1.85,-2.39,-25.6
16,-0.08,0.22,0.91,-5.06,-16.42,2.81
17,0.08,0.11,0.99,-1.27,-0.15,-17.24
18,0.1,0.06,0.97,-4.43,0.16,-9.89
19,0.1,0.07,0.96,-8.36,-6.39,-11.78
20,0.11,0.08,0.98,-4.44,-3.43,-12.79
21,0.12,0.09,0.98,-3.57,-5.11,-14.85
22,0.13,0.09,0.98,-1.32,-6.56,-19.45
23,0.11,0.13,1.0,-6.87,-7.51,-11.34
24,0.19,0.08,1.05,1.38,-9.55,-17.85
25,0.13,0.08,1.03,7.62,-12.1,-9.1
26,0.15,0.14,0.99,11.71,-12.76,-19.93
27,0.09,0.13,0.93,15.72,-17.64,-33.56
28,0.12,0.06,1.07,11.56,-18.69,-19.7
29,0.16,0.12,0.99,19.4,-17.76,-25.04
30,0.15,0.14,1.01,17.86,-15.58,-31.56
31,0.15,0.14,1.01,10.98,-11.18,-31.21
32,0.13,0.12,1.04,9.69,-5.34,-22.52
33,0.14,0.14,1.01,7.19,2.24,-18.04
34,0.11,0.16,0.99,1.63,8.6,-10.2
35,0.06,0.14,0.99,-1.5,11.46,-7.78
36,0.04,0.17,0.98,-3.36,12.49,-7.52
37,-0.0,0.17,0.98,-4.5,13.85,-3.69
38,-0.04,0.17,0.99,-4.47,13.53,2.53
39,-0.07,0.18,0.99,-1.9,13.05,8.95
40,-0.07,0.21,0.99,-1.72,12.63,15.44
41,-0.05,0.3,0.98,-4.84,14.61,22.28
42,0.01,0.38,0.98,-10.67,18.09,24.97
43,-0.0,0.41,0.93,-12.12,21.15,28.24
44,0.0,0.46,0.9,-15.42,22.68,28.95
45,0.02,0.56,0.82,-19.62,22.64,24.66
46,0.01,0.61,0.8,-24.33,20.54,18.4
47,0.01,0.62,0.76,-29.29,13.58,8.52
48,-0.03,0.59,0.73,-30.77,2.4,-2.62
49,-0.09,0.46,0.73,-32.89,-14.15,-11.99
50,-0.11,0.34,0.8,-33.78,-28.12,-14.95
51,-0.09,0.24,0.91,-35.02,-33.34,-8.04
52,-0.09,0.14,1.06,-37.69,-30.46,5.98
53,-0.04,0.12,1.14,-42.2,-19.52,20.4
54,-0.04,0.16,1.2,-48.11,-2.94,35.79
55,-0.08,0.16,1.24,-51.98,12.09,50.03
56,-0.09,0.2,1.22,-49.94,19.53,60.31
57,-0.11,0.25,1.2,-44.02,19.17,60.61
58,-0.12,0.35,1.09,-37.13,11.94,48.97
59,-0.06,0.44,1.03,-30.95,2.65,35.36
60,-0.05,0.45,1.0,-24.39,-5.44,21.16
61,-0.03,0.43,0.99,-17.57,-12.47,4.76
62,-0.03,0.35,1.0,-14.4,-13.27,-6.08
63,-0.07,0.24,1.0,-14.52,-15.34,-11.14
64,-0.09,0.16,1.01,-9.45,-15.69,-9.56
65,-0.09,0.07,1.03,-4.97,-18.6,-13.5
66,-0.07,0.05,1.03,-4.11,-21.18,-12.04
67,-0.03,0.06,1.03,0.02,-22.69,-12.53
68,0.01,0.11,1.01,2.72,-24.1,-15.89
69,0.06,0.12,1.0,3.5,-20.81,-17.91
70,0.07,0.11,1.01,2.71,-13.66,-19.92
71,0.11,0.12,1.02,-7.15,1.34,-14.11
72,0.1,0.1,0.97,-19.21,14.27,-9.83
73,0.08,0.09,0.9,-21.17,20.06,-14.57
74,0.04,0.04,0.83,-17.95,20.53,-15.95
75,0.02,0.02,0.77,-15.56,15.63,-13.11
76,0.0,-0.08,0.76,-11.31,7.63,-16.1
77,-0.05,-0.18,0.8,-6.76,-1.57,-16.87
78,-0.09,-0.24,0.87,-4.11,-11.22,-10.13
79,-0.02,-0.29,0.91,-3.35,-17.29,-0.9
80,0.03,-0.25,0.89,-7.59,-14.11,10.15
81,0.13,-0.16,0.88,-18.27,-5.0,21.69
82,0.2,-0.08,0.88,-27.4,7.27,30.12
83,0.25,-0.03,0.83,-37.27,8.86,23.49
84,0.28,-0.02,0.76,-35.46,2.53,8.69
85,0.26,-0.04,0.72,-25.66,-16.4,-11.03
86,0.27,-0.08,0.72,-12.86,-37.45,-30.48
87,0.27,-0.21,0.81,-1.23,-48.11,-42.69
88,0.26,-0.37,0.97,4.01,-45.69,-36.33
89,0.3,-0.41,1.09,-1.92,-29.0,-11.06
90,0.41,-0.32,1.11,-7.81,-1.97,14.85
91,0.51,-0.25,1.09,-26.9,28.48,31.98
92,0.47,-0.22,1.05,-38.0,45.92,31.75
93,0.39,-0.19,0.96,-38.73,44.31,15.49
94,0.36,-0.2,0.91,-28.37,27.15,-3.48
95,0.3,-0.19,0.88,-6.53,-0.85,-25.64
96,0.3,-0.19,0.88,6.7,-25.24,-45.75
97,0.36,-0.16,0.96,6.89,-34.73,-57.44
98,0.46,-0.13,1.05,-1.35,-16.92,-59.3
99,0.49,-0.22,1.16,-15.62,17.76,-49.07
100,0.41,-0.34,1.24,-34.18,61.02,-25.15
101,0.36,-0.37,1.16,-47.97,95.46,-3.69
102,0.3,-0.35,1.03,-51.05,110.06,4.11
103,0.23,-0.32,0.89,-44.2,104.02,3.23
104,0.23,-0.25,0.87,-37.53,86.72,-2.06
105,0.09,-0.32,0.82,-21.76,65.1,-20.66
106,0.06,-0.33,0.82,-12.66,49.1,-27.98
107,-0.0,-0.39,0.87,-13.16,40.18,-21.56
108,-0.12,-0.48,0.84,-13.43,34.08,-12.26
109,-0.08,-0.45,0.83,-25.15,23.8,-4.13
110,-0.01,-0.39,0.91,-38.45,12.27,-4.25
111,0.03,-0.38,0.99,-36.68,2.31,-3.25
112,0.1,-0.32,1.01,-32.02,-6.46,-5.6
113,0.2,-0.28,1.1,-29.1,-4.25,-9.84
114,0.22,-0.28,1.16,-25.58,3.69,-12.75
115,0.18,-0.24,1.14,-19.92,10.86,-13.44
116,0.09,-0.25,1.07,-16.95,17.98,-8.01
117,-0.01,-0.27,1.0,-14.71,17.77,0.08
118,-0.04,-0.26,0.96,-15.82,10.03,3.09
119,-0.04,-0.24,0.98,-12.61,-1.82,2.92
120,0.0,-0.29,1.07,-6.25,-5.88,3.39
121,0.04,-0.29,1.12,-3.09,-9.55,5.36
122,0.16,-0.18,1.14,-8.18,-6.61,2.3
123,0.2,-0.11,1.13,-8.53,1.37,-2.72
124,0.13,-0.13,1.11,-6.34,8.62,-2.21
125,0.06,-0.17,1.05,-7.56,11.75,3.14
126,0.05,-0.15,1.01,-11.72,9.58,4.5
127,0.05,-0.12,0.98,-12.31,5.43,3.92
128,0.04,-0.11,0.99,-13.37,3.53,4.34
129,0.03,-0.1,0.97,-13.66,2.55,7.01
130,0.03,-0.11,0.95,-14.19,0.5,7.41
131,0.02,-0.13,0.97,-17.26,-2.02,9.14
132,0.01,-0.22,1.03,-15.58,-2.15,12.05
133,0.02,-0.24,1.04,-15.62,-5.41,15.97
134,0.1,-0.16,1.02,-14.71,-7.11,11.06
135,0.15,-0.09,1.01,-8.26,-10.56,-2.87
136,0.09,-0.11,1.02,4.55,-12.82,-11.9
137,0.05,-0.13,0.98,4.63,-10.83,-7.15
138,0.01,-0.11,0.92,-5.04,-10.21,0.37
139,-0.0,-0.13,0.88,-12.48,-17.1,6.92
140,-0.02,-0.12,0.86,-15.38,-22.96,16.63
141,0.06,-0.17,0.9,-18.56,-25.09,15.68
142,0.11,-0.2,0.99,-16.53,-22.8,21.73
143,0.16,-0.22,1.08,-11.18,-20.2,14.74
144,0.22,-0.14,1.04,-8.58,-9.8,-1.52
145,0.23,-0.07,1.03,-7.69,2.62,-11.68
146,0.16,-0.11,0.98,-8.31,14.8,-15.62
147,0.07,-0.18,0.94,-13.92,21.85,-11.5
148,-0.01,-0.21,0.88,-18.76,19.43,-7.58
149,-0.01,-0.21,0.88,-19.96,9.95,-7.98
150,-0.01,-0.2,0.92,-16.88,1.56,-10.86
151,-0.01,-0.24,0.96,-8.87,-3.4,-12.96
152,0.0,-0.23,0.98,-5.05,-4.16,-12.02
153,0.02,-0.22,0.97,-2.88,-5.2,-14.42
154,0.01,-0.23,0.97,-0.47,-6.85,-16.54
155,-0.01,-0.24,0.96,0.86,-6.71,-13.64
156,-0.02,-0.25,0.96,1.48,-6.8,-11.34
157,0.0,-0.24,0.97,-1.2,-4.37,-7.15
158,-0.0,-0.23,0.97,-4.48,-0.62,-1.62
159,0.0,-0.17,0.94,-5.31,-0.79,-2.53
160,-0.01,-0.19,0.95,-3.4,-1.81,-7.05
161,0.01,-0.17,0.96,-2.97,-3.97,-8.7
162,0.01,-0.18,0.97,0.8,-4.18,-9.6
163,0.02,-0.17,0.99,3.15,-3.93,-8.07
164,0.07,-0.17,1.01,7.34,-3.2,-8.05
165,0.05,-0.17,1.02,7.21,-1.04,-6.53
166,0.02,-0.19,0.98,7.55,0.6,-2.01
167,-0.01,-0.2,0.92,4.36,-0.25,-2.01
168,-0.02,-0.18,0.93,-1.45,1.97,-0.01
169,-0.02,-0.19,0.92,-3.92,-1.07,-0.44
170,-0.02,-0.17,0.97,-1.21,-12.02,-0.82
171,-0.0,-0.19,0.95,0.72,-11.47,-1.16
172,0.02,-0.18,0.95,1.88,-14.4,1.04
173,0.05,-0.17,0.99,-0.53,-19.51,3.43
174,0.08,-0.16,0.99,-3.82,-15.0,3.97
175,0.08,-0.18,1.02,-3.14,-10.23,6.6
176,0.09,-0.19,1.0,-2.68,-6.09,3.25
177,0.11,-0.15,0.98,-3.55,-3.23,-1.86
178,0.1,-0.15,0.99,-6.54,2.06,-5.02
179,0.1,-0.14,0.99,-10.24,7.54,-5.46
180,0.06,-0.15,0.98,-10.73,11.08,-5.05
181,0.02,-0.18,0.96,-7.51,10.21,-3.92
182,-0.02,-0.2,0.91,-6.85,9.46,-3.92
183,-0.05,-0.24,0.92,-2.15,2.97,-4.17
184,-0.06,-0.28,0.95,8.19,-8.31,-4.83
185,-0.01,-0.25,0.97,14.78,-17.4,-10.12
186,0.05,-0.24,1.0,16.75,-19.84,-14.52
187,0.1,-0.2,1.04,12.46,-13.43,-12.55
188,0.12,-0.15,1.03,9.33,-4.92,-9.62
189,0.09,-0.16,1.0,8.23,1.87,-10.15
190,0.08,-0.14,0.97,3.79,4.85,-14.65
191,0.07,-0.14,0.93,1.63,3.3,-17.4
192,0.03,-0.13,0.92,3.24,0.66,-14.92
193,0.01,-0.13,0.91,2.47,-1.69,-13.11
194,0.01,-0.14,0.91,2.1,-4.75,-8.81
195,0.03,-0.15,0.92,-0.89,-6.86,-6.36
196,0.05,-0.13,0.96,-4.08,-6.39,-4.73
197,0.07,-0.12,0.98,-7.0,-2.96,-0.65
198,0.06,-0.14,1.0,-8.37,0.46,2.02
199,0.04,-0.17,0.99,-7.44,1.99,2.66
200,0.03,-0.17,0.99,-7.37,3.12,6.31
201,0.01,-0.19,0.98,-8.23,4.15,9.55
202,0.03,-0.18,0.96,-9.4,2.9,9.9
203,0.05,-0.17,0.98,-9.32,1.41,5.96
204,0.05,-0.18,0.99,-8.72,1.25,3.98
205,0.05,-0.17,0.98,-8.18,1.69,2.92
206,0.07,-0.17,1.0,-8.15,3.27,3.01
207,0.05,-0.17,0.99,-7.88,4.25,4.18
208,0.04,-0.16,0.97,-7.68,4.26,4.21
209,0.03,-0.17,0.94,-8.02,1.34,2.64
210,0.01,-0.17,0.95,-7.56,-2.08,2.05
211,0.02,-0.19,0.96,-6.28,-5.02,1.5
212,0.05,-0.17,0.94,-7.5,-7.03,0.52
213,0.07,-0.18,0.96,-8.24,-7.11,-2.87
214,0.07,-0.2,1.01,-8.66,-4.6,-1.66
215,0.08,-0.18,0.99,-8.7,-2.08,1.21
216,0.05,-0.19,0.97,-8.46,0.04,2.93
217,0.06,-0.19,0.99,-8.89,0.26,2.14
218,0.07,-0.18,1.0,-9.9,1.0,0.83
219,0.07,-0.19,1.01,-9.75,3.43,1.75
220,0.06,-0.18,0.99,-7.37,4.86,3.57
221,0.05,-0.19,0.97,-5.24,6.08,5.51
222,0.02,-0.2,0.97,-6.4,5.78,7.3
223,0.04,-0.19,0.97,-6.96,6.34,11.89
224,0.05,-0.17,0.95,-5.79,4.45,12.63
225,0.08,-0.13,0.93,-5.11,1.31,6.87
226,0.1,-0.12,0.94,-5.96,0.86,-0.4
227,0.07,-0.16,0.95,-5.49,2.53,-3.17
228,0.06,-0.18,0.96,-7.93,4.36,-3.95
229,0.04,-0.18,0.94,-11.42,5.59,-5.91
230,0.03,-0.16,0.93,-12.42,5.1,-7.48
231,-0.01,-0.18,0.95,-9.92,2.74,-9.79
232,-0.0,-0.21,0.95,-7.69,-0.31,-10.71
233,0.01,-0.21,0.95,-6.32,-2.4,-8.08
234,0.01,-0.2,0.95,-7.17,-5.11,-8.89
235,0.02,-0.22,0.96,-4.19,-5.92,-7.92
236,0.04,-0.22,0.96,-4.86,-7.16,-7.08
237,0.09,-0.22,0.95,-5.32,-8.05,-10.08
238,0.07,-0.24,0.98,-3.08,-8.41,-8.3
239,0.11,-0.27,1.02,-2.44,-7.59,-7.45
240,0.14,-0.28,1.06,-2.5,-3.82,-4.71
241,0.18,-0.34,1.09,0.78,1.93,-2.35
242,0.17,-0.45,1.11,6.76,9.43,-0.84
243,0.16,-0.63,1.19,9.89,21.45,6.22
244,0.1,-0.93,1.27,21.6,27.97,11.37
245,0.08,-1.26,1.3,40.9,23.3,15.96
246,0.18,-1.52,1.27,57.37,24.03,25.82
247,0.1,-2.0,1.3,67.35,12.55,12.78
248,0.18,-2.0,1.4,73.92,0.12,-1.47
249,0.21,-2.0,1.92,79.06,-7.08,-9.95
250,0.28,-2.0,2.0,107.9,-0.21,-6.73
251,0.46,-2.0,1.82,147.05,15.96,0.19
252,0.3,-2.0,1.16,165.91,34.38,52.72
253,0.03,-2.0,0.35,174.14,40.91,109.62
254,-0.09,-2.0,-0.21,146.65,-7.37,127.94
255,0.02,-1.8,-0.56,110.15,-75.72,131.74
256,0.0,-0.76,-0.59,85.34,-153.38,122.38
257,-0.19,-0.01,-0.45,49.67,-205.06,98.98
258,-0.3,0.64,-0.16,51.95,-227.06,108.6
259,0.5,1.8,-0.05,41.37,-199.76,81.63
260,1.37,2.0,0.49,-45.4,-64.86,119.91
261,1.31,2.0,0.68,-93.89,59.27,157.83
262,0.82,2.0,0.71,-57.61,95.54,145.69
263,0.39,2.0,0.7,0.89,79.79,108.22
264,0.19,2.0,0.19,27.64,106.35,78.69
265,1.02,2.0,0.9,52.88,43.53,55.96
266,0.76,2.0,0.36,69.79,-20.1,-48.8
267,0.95,2.0,0.67,-25.09,30.97,-32.15
268,0.91,1.5,1.55,-90.76,38.22,-21.49
269,0.77,1.14,1.86,-60.89,25.02,-68.43
270,0.78,1.16,1.76,42.59,12.62,-110.98
271,0.57,1.23,1.37,101.98,9.66,-132.6
272,0.27,1.08,0.98,87.76,16.98,-131.22
273,-0.18,0.8,0.62,41.18,26.15,-121.01
274,-0.56,0.44,0.5,6.96,21.84,-96.45
275,-0.76,-0.04,0.47,-12.44,2.06,-75.82
276,-0.78,-0.29,0.73,-16.44,-17.06,-56.36
277,-0.5,-0.36,1.03,-10.49,-19.02,-39.11
278,-0.28,-0.3,1.21,0.58,-2.94,-17.46
279,-0.25,-0.23,1.09,5.02,12.2,3.36
280,-0.25,-0.11,0.87,-3.07,14.18,17.85
281,-0.14,0.02,0.8,-9.73,6.63,25.92
282,0.03,0.14,0.84,-15.04,-0.76,26.04
283,0.15,0.22,0.88,-20.85,-5.69,22.27
284,0.22,0.24,0.97,-16.77,-9.95,14.41
285,0.27,0.21,1.05,-4.24,-10.44,7.38
286,0.25,0.18,1.06,6.17,-5.49,6.04
287,0.22,0.17,0.96,10.5,-4.04,2.93
288,0.17,0.1,0.94,5.6,-2.47,-0.38
289,0.22,0.14,0.96,0.38,0.98,-4.38
290,0.21,0.09,0.96,-5.89,4.68,-8.52
291,0.15,0.03,0.99,-13.51,9.46,-5.58
292,0.08,0.04,0.99,-16.69,11.59,-0.98
293,0.02,-0.0,0.97,-19.92,7.61,-3.68
294,-0.01,-0.07,1.02,-17.63,5.28,-4.92
295,0.03,-0.03,1.06,-14.5,6.89,-3.25
296,0.04,0.05,1.02,-7.87,6.5,-6.22
297,0.02,0.06,0.98,-6.15,4.25,-12.36
298,-0.0,0.03,1.03,-5.82,4.83,-8.64
299,-0.01,0.02,1.0,-8.3,8.05,2.05
300,-0.0,0.0,0.98,-11.05,4.73,2.37
301,0.01,-0.03,1.03,-9.42,2.2,3.69
302,0.01,-0.05,1.04,-4.67,0.69,6.33
303,0.05,-0.09,1.06,-2.66,-0.18,7.78
304,0.08,-0.03,1.09,1.99,-1.63,9.24
305,0.09,-0.0,1.09,9.15,-2.38,9.74
306,0.12,0.07,1.07,9.12,-0.97,8.02
307,0.14,0.14,1.04,5.82,1.76,7.31
308,0.12,0.16,1.03,9.55,2.3,6.07
309,0.11,0.14,0.96,9.05,1.31,2.98
310,0.09,0.1,0.96,3.31,2.71,3.87
311,0.08,0.12,0.94,-0.31,3.67,7.36
312,0.06,0.08,0.91,-5.18,3.79,10.82
313,0.08,0.08,0.93,-7.07,2.82,11.59
314,0.1,0.07,0.96,-4.46,2.45,8.98
315,0.1,0.06,0.98,-4.89,4.96,8.4
316,0.08,0.03,0.98,-5.9,7.32,9.01
317,0.05,0.04,0.96,-7.84,7.02,8.38
318,0.04,0.05,0.95,-3.84,3.66,7.35
319,0.06,0.09,0.94,-0.95,-1.31,2.4
320,0.07,0.05,0.98,-2.18,-1.77,0.08
321,0.1,0.06,1.02,-3.63,2.47,3.28
322,0.12,0.08,0.99,-7.43,5.77,1.32
323,0.1,0.04,1.0,-9.28,8.11,-0.08
324,0.08,0.05,0.98,-8.38,7.8,-0.28
325,0.05,0.03,0.98,-6.8,4.53,-4.06
326,0.02,0.01,0.98,-3.96,0.64,-6.18
327,-0.0,-0.01,0.97,-4.07,-0.81,-6.08
328,0.01,-0.0,0.99,-4.87,-1.42,-4.66
329,0.01,-0.02,1.0,-0.86,-1.77,-2.45
330,0.02,0.02,0.99,-0.58,-1.77,-1.58
331,0.03,0.06,0.96,-2.01,-2.58,-1.72
332,0.06,0.09,0.97,-3.43,-2.39,-1.92
333,0.06,0.09,0.98,-3.59,-1.93,-2.26
334,0.08,0.11,0.97,-5.37,-0.6,-0.3
335,0.07,0.1,0.98,-6.85,0.92,0.4
336,0.09,0.08,0.99,-8.24,2.22,1.15
337,0.09,0.05,0.99,-7.44,0.76,-3.08
338,0.06,0.04,1.02,-3.42,-0.4,-4.59
339,0.06,0.04,0.99,-4.91,0.53,-4.24
340,0.05,0.04,0.98,-7.81,0.74,-3.18
341,0.06,0.03,0.99,-7.6,0.25,-3.5
342,0.07,0.03,1.01,-5.82,0.94,-3.19
343,0.06,0.02,1.01,-2.16,1.6,-3.11
344,0.04,0.03,1.0,-1.7,2.24,-2.52
345,0.01,0.04,0.98,-2.66,2.64,-0.12
346,0.01,0.05,0.93,-4.6,1.0,1.3
347,0.02,0.03,0.94,-7.03,-1.3,0.4
348,0.04,0.03,0.99,-6.82,-1.31,0.76
349,0.07,0.06,0.99,-5.31,-0.85,-1.53
350,0.08,0.06,0.98,-4.5,-0.99,-4.46
351,0.08,0.04,1.01,-3.47,-0.88,-5.4
352,0.07,0.03,1.02,-1.76,-0.78,-7.15
353,0.05,0.01,1.01,-2.49,0.19,-5.62
354,0.05,0.01,1.01,-1.71,0.5,-4.9
355,0.06,0.02,1.01,-2.34,1.37,-5.02
356,0.06,0.03,1.0,-3.12,2.54,-2.74
357,0.04,0.04,0.98,-1.94,2.46,-2.21
358,0.03,0.05,0.96,-3.36,0.94,-2.13
359,0.02,0.06,0.95,-3.82,0.41,-0.72
360,0.04,0.08,0.94,-4.63,-1.12,0.76
361,0.02,0.03,0.96,-7.15,-1.78,0.04
362,0.03,0.03,0.99,-6.94,-1.55,1.63
363,0.04,0.04,1.0,-6.93,-1.51,0.45
364,0.03,0.03,0.99,-6.69,-2.1,-0.89
365,0.05,0.03,1.0,-4.52,-2.4,-1.24
366,0.05,0.03,0.99,-3.94,-2.15,-0.79
367,0.07,0.04,1.01,-5.56,-0.63,-1.25
368,0.07,0.03,0.99,-4.69,0.5,-0.56
369,0.07,0.02,0.99,-3.31,0.31,-2.26
370,0.07,0.03,1.0,-3.21,-0.09,-3.31
371,0.07,0.04,1.0,-0.55,-0.42,-3.97
372,0.05,0.02,0.99,-0.69,-0.61,-4.16
373,0.05,0.01,1.01,-0.54,0.11,-3.63
374,0.04,0.02,1.0,-2.26,1.46,-0.31
375,0.04,0.03,0.98,-3.22,1.27,0.21
376,0.04,0.04,0.97,-3.56,0.69,0.8
377,0.04,0.04,0.99,-3.31,-0.07,-0.42
378,0.04,0.04,0.97,-3.12,-0.61,-1.71
379,0.05,0.05,0.98,-4.29,-0.92,-2.08
380,0.07,0.06,0.99,-5.08,-0.64,-3.68
381,0.06,0.05,0.98,-3.31,-0.18,-4.0
382,0.05,0.02,0.99,-4.56,-0.2,-3.53
383,0.04,0.01,0.99,-6.37,0.49,-0.75
384,0.04,0.01,0.99,-7.3,1.09,0.37
385,0.04,0.01,1.0,-6.28,0.35,0.73
386,0.04,0.01,1.0,-3.82,-0.37,-1.12
387,0.05,0.01,1.02,-2.15,-1.05,-2.78
388,0.06,0.01,1.02,0.89,-0.22,-3.76
389,0.05,0.02,0.99,0.93,1.33,-3.43
390,0.04,0.05,0.97,-0.56,1.63,-4.08
391,0.03,0.05,0.95,-1.59,1.09,-3.57
392,0.03,0.04,0.95,-3.25,-0.36,-4.35
393,0.04,0.05,0.98,-3.97,-0.3,-2.19
394,0.05,0.06,0.98,-3.76,-1.21,-2.7
395,0.06,0.03,0.98,-2.13,-2.32,-4.16
396,0.04,0.01,1.0,-1.36,-1.66,-3.74
397,0.03,0.0,1.0,-0.07,-1.3,-2.67
398,0.02,-0.01,0.99,-0.23,-0.68,-2.21
399,0.01,-0.01,1.01,-0.43,1.01,0.44
400,0.03,0.01,1.0,-0.2,1.17,-0.6
401,0.03,0.03,0.99,-0.29,0.14,-2.34
402,0.04,0.06,0.98,-0.56,0.37,-2.6
403,0.05,0.07,0.95,-1.6,-0.2,-3.65
404,0.05,0.06,0.97,-3.74,-1.11,-3.51
405,0.05,0.07,0.97,-5.59,-1.84,-2.66
406,0.06,0.05,0.97,-6.98,-3.29,-3.56
407,0.05,0.03,0.98,-5.66,-3.46,-4.26
408,0.05,0.01,1.01,-5.5,-1.64,-3.08
409,0.04,-0.01,1.01,-5.03,0.14,-0.75
410,0.04,0.01,1.01,-4.15,1.46,0.3
411,0.05,0.03,0.99,-2.5,0.72,-0.62
412,0.04,0.03,0.99,-1.04,-0.36,-1.44
413,0.04,0.04,0.99,-0.07,-0.37,-1.7
414,0.03,0.04,0.98,-1.25,-0.96,-1.91
415,0.03,0.05,0.97,-2.89,-1.27,-1.37
416,0.04,0.04,0.98,-2.6,-1.93,-1.05
417,0.05,0.03,0.97,-3.67,-3.21,-2.06
418,0.05,0.0,1.01,-3.48,-2.76,-1.21
419,0.08,0.02,1.02,-3.51,-2.34,-1.99
420,0.06,0.02,1.01,-3.01,-0.64,-1.82
421,0.06,0.03,1.01,-3.27,0.21,-2.96
422,0.06,0.04,0.99,-3.24,0.47,-2.63
423,0.06,0.03,1.0,-3.67,0.89,-4.03
424,0.07,0.04,0.99,-2.4,0.4,-4.87
425,0.05,0.02,0.99,-0.66,-0.09,-6.66
426,0.05,0.02,0.99,-0.34,0.19,-5.28
427,0.03,0.02,0.97,-1.15,0.21,-4.04
428,0.03,0.01,0.97,-1.31,-1.01,-3.28
429,0.03,0.01,0.99,0.08,-1.02,-1.34
430,0.03,0.03,0.97,-1.6,-1.52,-0.63
431,0.03,0.03,0.97,-2.39,-2.28,-0.98
432,0.04,0.01,0.99,-2.63,-2.68,-1.51
433,0.05,0.01,1.0,-2.78,-2.03,-0.76
434,0.06,0.03,1.0,-1.55,-1.42,-1.92
435,0.05,0.02,1.0,-1.19,-0.99,-2.71
436,0.04,0.04,0.99,-0.92,-0.01,-1.37
437,0.07,0.07,0.96,-3.47,0.34,-2.27
438,0.07,0.06,0.99,-4.52,2.42,-2.06
439,0.05,0.07,0.96,-3.62,2.25,-2.7
440,0.04,0.06,0.96,-5.89,1.44,-3.15
441,0.03,0.04,0.96,-6.01,-0.15,-2.27
442,0.03,0.03,0.97,-6.33,-0.78,-1.41
443,0.02,-0.0,0.99,-5.98,-1.33,-1.31
444,0.02,-0.0,0.99,-4.27,-1.71,0.07
445,0.02,0.0,0.99,-4.72,-2.52,-1.02
446,0.03,0.01,1.0,-4.55,-1.81,1.18
447,0.03,0.03,0.98,-4.68,-1.72,1.27
448,0.06,0.05,0.98,-5.3,-2.36,-0.34
449,0.07,0.05,0.99,-5.5,-2.37,-2.47
450,0.07,0.05,1.0,-4.6,-1.82,-2.67
451,0.05,0.03,0.99,-5.6,-1.03,-2.56
452,0.03,-0.0,0.99,-3.76,-1.26,-3.34
453,0.05,0.0,1.0,-3.08,-0.75,-2.48
454,0.06,0.02,1.0,-3.18,0.0,-2.37
455,0.05,0.02,0.98,-2.79,-0.77,-2.37
456,0.05,0.01,1.0,-3.08,-0.73,-2.24
457,0.06,0.02,1.0,-1.11,-0.3,-1.67
458,0.06,0.02,1.01,-0.66,-0.59,-3.63
459,0.05,0.02,1.02,0.1,0.69,-1.51
460,0.03,0.03,0.99,-1.0,0.46,-0.68
461,0.03,0.03,0.98,-2.85,0.69,-0.35
462,0.03,0.03,0.98,-3.06,0.73,1.24
463,0.02,0.03,0.96,-4.27,-0.09,0.59
464,0.02,0.05,0.97,-3.47,-1.36,0.76
465,0.05,0.05,0.96,-4.35,-3.05,-1.37
466,0.04,0.01,1.0,-4.37,-2.51,-1.73
467,0.06,0.01,1.01,-2.91,-1.61,-1.8
468,0.06,0.01,1.01,-2.54,-1.52,-4.24
469,0.07,0.03,1.02,-1.44,-0.44,-3.78
470,0.07,0.01,1.02,-1.14,1.13,-3.95
471,0.07,0.02,1.01,-0.44,1.45,-4.86
472,0.07,0.03,1.01,0.62,1.84,-5.47
473,0.06,0.05,0.98,0.4,1.47,-6.0
474,0.04,0.04,0.98,0.53,1.04,-5.36
475,0.02,0.03,0.97,-1.21,1.08,-3.63
476,0.0,0.02,0.95,-3.53,0.29,-1.94
477,-0.01,0.01,0.96,-2.89,-1.8,-0.19
478,0.0,-0.0,0.97,-3.26,-3.34,-0.74
479,0.02,0.0,1.0,-2.64,-3.26,-1.03
480,0.05,0.02,1.0,-2.9,-1.85,-1.01
481,0.05,0.05,0.98,-2.79,-1.08,-0.47
482,0.06,0.06,0.95,-5.03,-1.44,-1.34
483,0.06,0.05,0.98,-6.15,-2.56,-3.17
484,0.06,0.02,1.0,-6.71,-1.88,-3.63
485,0.06,0.04,1.01,-5.97,-1.27,-2.66
486,0.05,0.01,1.0,-4.64,-1.69,-4.32
487,0.06,0.01,1.0,-3.02,-2.27,-3.77
488,0.05,0.01,1.01,-2.39,-0.88,-3.17
489,0.04,0.03,0.98,-1.66,-1.07,-2.72
490,0.04,0.03,0.97,-2.18,-1.48,-2.85
491,0.05,0.05,0.98,-4.21,-0.89,-2.26
492,0.05,0.05,0.97,-5.15,-1.03,-0.62
493,0.06,0.05,0.95,-5.37,-2.3,-2.33
494,0.04,0.01,0.97,-5.46,-3.42,-4.65
495,0.03,-0.0,0.98,-5.4,-3.55,-3.89
496,0.04,-0.01,1.01,-5.73,-1.68,-1.83
497,0.04,-0.01,1.0,-5.66,-0.96,-1.12
498,0.04,-0.01,1.01,-3.67,-1.28,-0.76
499,0.04,0.01,0.99,-2.72,-2.06,-2.59
500,0.05,0.01,1.01,-2.71,-1.62,-2.37
