,accel_x,accel_y,accel_z,gyro_x,gyro_y,gyro_z
0,0.06,-0.02,0.99,-1.97,-1.48,-3.76
1,0.07,-0.02,1.0,-0.33,-2.01,-5.24
2,0.06,-0.02,0.99,-0.72,-2.23,-3.33
3,0.08,-0.0,0.98,-0.79,-1.67,-2.9
4,0.07,-0.02,0.99,0.04,-2.44,-3.67
5,0.08,-0.01,1.0,-0.16,-1.96,-3.08
6,0.09,0.0,1.0,-0.76,-0.66,-2.7
7,0.08,0.01,0.99,-1.99,0.25,-2.42
8,0.09,0.02,0.97,-4.08,0.15,-2.86
9,0.07,-0.01,0.98,-4.05,0.32,-3.53
10,0.07,-0.02,0.99,-3.73,0.5,-3.94
11,0.06,-0.03,1.0,-2.34,0.21,-3.73
12,0.05,-0.03,0.98,-1.48,-0.39,-4.19
13,0.06,-0.03,0.98,-1.85,-0.54,-3.84
14,0.06,-0.01,0.98,-1.65,-1.12,-3.63
15,0.07,-0.02,0.99,-1.48,-1.24,-3.84
16,0.07,-0.02,1.0,-1.3,-0.96,-3.32
17,0.07,-0.01,0.99,-1.25,-0.4,-2.32
18,0.08,0.0,0.98,-1.99,0.26,-2.04
19,0.08,-0.0,0.98,-2.58,0.69,-0.77
20,0.07,0.0,0.98,-2.28,0.13,-2.03
21,0.09,0.01,0.98,-2.48,0.2,-3.18
22,0.07,0.0,0.98,-1.72,0.27,-3.4
23,0.07,-0.01,0.99,2.0,0.55,-3.64
24,0.06,-0.02,0.98,-4.29,-0.16,-3.03
25,0.07,-0.03,0.98,-2.34,-0.66,-4.39
26,0.07,-0.02,0.99,-1.62,-1.21,-4.02
27,0.08,-0.01,0.99,-2.06,-1.21,-3.57
28,0.08,0.01,0.99,-2.84,-1.15,-4.28
29,0.09,0.01,0.98,-3.98,-0.45,-4.38
30,0.08,-0.01,1.0,-3.35,0.19,-3.91
31,0.09,0.01,0.98,-3.86,0.47,-3.63
32,0.08,0.04,0.99,-1.73,-1.38,-5.77
33,0.09,0.03,0.98,0.87,-0.34,-7.63
34,0.11,0.04,0.97,-1.87,-0.55,-10.18
35,0.11,0.04,0.98,4.81,1.44,-9.73
36,0.05,0.01,0.98,-0.45,2.13,-8.82
37,0.06,-0.01,0.97,-3.95,2.22,-7.78
38,0.08,0.02,0.97,-5.15,3.44,-5.05
39,0.09,0.02,0.96,-10.15,4.5,-5.18
40,0.14,0.07,0.97,-3.02,4.85,-6.6
41,0.12,0.06,0.95,-5.0,5.18,-10.34
42,0.17,0.06,0.98,-6.68,4.92,-10.85
43,0.18,0.1,1.01,0.71,4.97,-15.58
44,0.13,0.09,1.02,6.2,0.09,-18.59
45,0.14,0.12,1.03,5.21,0.63,-25.08
46,0.13,0.12,1.04,4.04,3.82,-24.44
47,0.13,0.12,1.07,-1.69,8.33,-21.47
48,0.1,0.11,1.1,-7.09,15.13,-13.78
49,0.09,0.11,1.08,-12.69,22.65,-6.25
50,0.07,0.13,1.04,-19.38,29.84,1.34
51,0.06,0.19,0.97,-25.42,34.5,4.63
52,0.04,0.21,0.9,-25.98,31.42,-2.95
53,-0.0,0.19,0.85,-21.53,20.66,-13.03
54,-0.0,0.12,0.87,-14.67,8.26,-26.6
55,0.03,0.04,0.97,-3.66,-3.76,-34.18
56,0.07,-0.0,1.07,7.23,-7.29,-38.23
57,0.13,-0.01,1.14,9.03,-5.84,-39.28
58,0.15,0.0,1.18,8.69,1.24,-36.16
59,0.15,0.03,1.19,7.79,10.24,-32.02
60,0.13,0.06,1.16,8.45,17.48,-28.18
61,0.1,0.14,1.09,8.42,19.4,-27.01
62,0.06,0.19,1.01,12.38,18.47,-28.01
63,0.03,0.22,0.97,13.62,13.27,-31.95
64,0.04,0.25,0.95,14.12,7.5,-36.98
65,0.01,0.26,0.93,14.87,4.16,-39.87
66,-0.03,0.23,0.93,11.31,1.57,-39.6
67,-0.05,0.2,0.92,6.52,0.02,-36.12
68,-0.06,0.17,0.93,1.97,-3.24,-31.48
69,-0.04,0.18,0.95,0.49,-8.23,-30.78
70,0.02,0.24,0.97,6.97,-14.01,-36.13
71,0.09,0.27,1.02,18.95,-18.47,-45.37
72,0.15,0.32,1.05,31.37,-22.02,-55.4
73,0.17,0.31,1.06,36.7,-18.6,-61.27
74,0.16,0.26,1.06,30.94,-5.85,-56.49
75,0.12,0.17,1.07,12.79,13.65,-39.04
76,0.02,0.08,1.04,-12.76,34.62,-13.11
77,-0.03,0.08,0.97,-40.73,50.82,12.57
78,-0.07,0.15,0.88,-62.75,57.89,30.09
79,-0.04,0.3,0.82,-72.06,50.72,28.35
80,-0.04,0.36,0.79,-46.32,24.48,1.46
81,-0.01,0.32,0.81,-3.27,-7.8,-37.02
82,0.02,0.2,0.94,42.31,-34.48,-69.95
83,0.06,0.1,1.03,69.59,-42.77,-83.36
84,0.08,0.0,1.11,68.62,-29.24,-73.0
85,0.07,-0.1,1.18,44.54,3.67,-47.79
86,-0.01,-0.16,1.15,8.76,47.0,-7.42
87,-0.04,-0.13,1.09,-45.7,86.0,37.63
88,0.0,0.01,0.95,-94.93,112.61,69.48
89,-0.16,0.07,0.81,-90.74,94.63,55.33
90,-0.15,0.16,0.69,-59.63,57.19,18.32
91,-0.19,0.13,0.69,-11.31,7.02,-28.13
92,-0.15,0.04,0.78,28.31,-31.26,-67.41
93,-0.12,-0.05,0.93,47.23,-53.24,-85.11
94,-0.06,-0.07,1.07,44.66,-47.02,-79.53
95,0.0,-0.11,1.2,16.76,-10.74,-53.2
96,-0.02,-0.16,1.21,-25.11,32.32,-17.73
97,-0.05,-0.17,1.12,-64.98,69.04,14.66
98,-0.05,-0.04,1.03,-94.58,93.78,33.21
99,-0.11,0.05,0.87,-91.39,88.01,35.83
100,-0.19,0.03,0.74,-65.98,60.38,10.19
101,-0.24,-0.06,0.8,-29.93,22.34,-18.44
102,-0.26,-0.18,0.88,2.23,-12.66,-41.7
103,-0.2,-0.19,0.94,14.69,-30.0,-52.76
104,-0.14,-0.19,0.99,13.06,-28.59,-53.45
105,-0.11,-0.16,0.98,-2.31,-16.09,-42.4
106,-0.07,-0.1,0.95,-27.18,2.37,-27.71
107,-0.09,-0.09,0.93,-54.39,23.2,-15.57
108,-0.07,-0.14,0.94,-72.11,40.02,-2.73
109,-0.08,-0.22,0.97,-86.94,53.3,4.79
110,-0.12,-0.32,1.05,-76.87,57.5,10.17
111,-0.1,-0.31,0.99,-52.54,44.73,-2.74
112,-0.13,-0.26,0.89,-21.97,18.24,-23.66
113,-0.17,-0.25,0.86,4.05,-9.02,-43.05
114,-0.17,-0.27,0.88,11.97,-22.65,-49.92
115,-0.18,-0.32,0.9,1.98,-17.54,-41.36
116,-0.16,-0.33,0.92,-20.96,-4.38,-27.98
117,-0.13,-0.3,0.94,-37.44,6.11,-17.02
118,-0.08,-0.28,0.97,-51.4,2.82,-14.56
119,-0.05,-0.3,1.03,-48.51,13.84,-14.28
120,0.01,-0.28,1.0,-38.29,11.03,-22.1
121,-0.04,-0.24,0.98,-30.8,3.79,-27.62
122,0.01,-0.23,1.0,-25.08,2.77,-30.5
123,0.01,-0.26,1.0,-28.45,12.6,-27.81
124,-0.02,-0.27,1.0,-40.39,25.1,-19.47
125,-0.03,-0.28,1.02,-60.43,42.82,-4.63
126,-0.06,-0.28,0.94,-71.33,55.88,0.21
127,-0.1,-0.28,0.86,-76.76,58.67,3.91
128,-0.18,-0.33,0.89,-70.74,52.47,6.12
129,-0.24,-0.41,0.78,-58.31,39.08,-3.6
130,-0.22,-0.47,0.81,-39.63,15.22,-12.7
131,-0.24,-0.49,0.89,-21.32,-4.96,-19.87
132,-0.21,-0.42,0.88,0.23,-22.11,-27.58
133,-0.19,-0.39,0.9,8.11,-31.33,-32.05
134,-0.13,-0.35,0.91,2.71,-29.82,-30.03
135,-0.07,-0.33,0.97,-10.98,-20.16,-25.46
136,-0.04,-0.33,1.0,-25.13,-7.51,-17.95
137,-0.04,-0.31,1.0,-32.97,4.11,-13.4
138,-0.07,-0.33,0.97,-36.13,9.56,-11.96
139,-0.11,-0.36,0.97,-34.83,10.69,-11.18
140,-0.12,-0.35,0.93,-28.4,7.96,-13.05
141,-0.11,-0.36,0.96,-25.8,5.33,-9.65
142,-0.17,-0.38,0.9,-16.96,-1.76,-17.47
143,-0.13,-0.33,0.87,-16.9,-3.92,-20.83
144,-0.12,-0.32,0.89,-18.52,-2.27,-19.14
145,-0.1,-0.34,0.93,-21.24,1.97,-19.07
146,-0.09,-0.37,0.95,-19.15,6.57,-17.52
147,-0.12,-0.37,0.94,-14.71,8.69,-13.61
148,-0.15,-0.35,0.88,-7.2,5.04,-14.66
149,-0.15,-0.33,0.83,-1.09,-4.93,-18.82
150,-0.16,-0.36,0.86,5.67,-14.98,-22.4
151,-0.13,-0.34,0.89,9.5,-19.11,-21.25
152,-0.07,-0.29,0.93,4.05,-14.89,-18.3
153,-0.05,-0.26,0.94,2.06,-9.18,-19.85
154,-0.05,-0.26,0.93,-1.16,-3.2,-22.27
155,-0.08,-0.26,0.89,-2.49,-0.44,-23.0
156,-0.11,-0.29,0.84,-1.35,-1.27,-24.88
157,-0.14,-0.31,0.81,1.93,-8.08,-26.27
158,-0.14,-0.35,0.83,1.47,-15.63,-27.6
159,-0.13,-0.36,0.88,3.25,-21.63,-28.88
160,-0.07,-0.33,0.95,2.99,-19.24,-27.65
161,-0.03,-0.33,0.99,-2.69,-11.18,-24.63
162,-0.02,-0.3,0.99,-7.36,-2.33,-23.22
163,-0.02,-0.29,0.95,-7.28,3.89,-23.89
164,-0.05,-0.31,0.91,-4.46,4.37,-27.8
165,-0.09,-0.37,0.93,2.76,-1.13,-30.18
166,-0.08,-0.36,0.94,8.69,-7.41,-30.62
167,-0.06,-0.32,0.93,12.95,-11.35,-31.34
168,-0.06,-0.3,0.95,14.53,-11.74,-30.28
169,-0.04,-0.27,0.95,11.42,-8.27,-29.47
170,-0.02,-0.26,0.95,7.39,-0.23,-26.02
171,-0.03,-0.27,0.95,4.95,4.11,-23.43
172,-0.04,-0.29,0.95,6.5,3.99,-24.14
173,-0.09,-0.31,0.95,8.34,0.56,-24.82
174,-0.09,-0.31,0.94,8.79,-2.97,-21.93
175,-0.09,-0.32,0.96,9.92,-5.82,-19.77
176,-0.08,-0.32,0.95,10.87,-8.54,-18.84
177,-0.05,-0.31,0.97,10.11,-8.21,-18.18
178,-0.03,-0.3,0.98,11.76,-7.95,-19.51
179,-0.02,-0.3,1.0,10.63,-3.61,-18.42
180,0.02,-0.26,1.01,7.64,3.72,-15.34
181,-0.01,-0.27,1.01,5.79,9.76,-16.45
182,-0.03,-0.27,0.99,4.82,13.92,-16.11
183,-0.05,-0.26,0.95,1.31,17.85,-14.71
184,-0.11,-0.26,0.89,-1.08,17.82,-14.32
185,-0.16,-0.3,0.85,-0.66,12.73,-14.18
186,-0.18,-0.33,0.83,2.34,3.35,-13.86
187,-0.19,-0.33,0.85,3.12,-5.97,-12.89
188,-0.15,-0.34,0.9,4.8,-9.29,-13.53
189,-0.09,-0.31,0.97,3.95,-7.01,-11.6
190,-0.06,-0.3,1.02,-1.09,-4.05,-12.52
191,-0.09,-0.28,0.96,3.27,2.77,-9.37
192,-0.13,-0.3,0.94,1.11,3.82,-7.9
193,-0.15,-0.3,0.91,0.21,3.07,-6.06
194,-0.16,-0.3,0.91,0.38,-0.24,-4.89
195,-0.14,-0.3,0.91,0.92,-2.83,-4.55
196,-0.13,-0.3,0.92,2.83,-5.24,-3.8
197,-0.12,-0.29,0.91,0.9,-4.11,-1.43
198,-0.13,-0.28,0.9,-2.9,-3.09,0.95
199,-0.11,-0.28,0.9,-5.55,-3.76,1.28
200,-0.11,-0.27,0.9,-3.24,-7.02,-0.89
201,-0.11,-0.27,0.9,-1.83,-10.31,-1.44
202,-0.09,-0.26,0.91,-1.85,-12.61,-2.63
203,-0.06,-0.25,0.94,-2.7,-11.53,-3.36
204,-0.05,-0.24,0.96,-3.08,-9.71,-3.13
205,-0.04,-0.25,0.96,-3.36,-5.86,-3.11
206,-0.02,-0.26,0.97,-4.92,-3.98,-2.5
207,-0.04,-0.24,0.95,-1.62,-3.61,-3.46
208,-0.06,-0.23,0.92,-1.21,-3.5,-4.6
209,-0.08,-0.23,0.9,-4.06,-4.03,-3.64
210,-0.09,-0.25,0.91,-5.58,-5.72,-2.26
211,-0.06,-0.26,0.93,-8.42,-6.3,-2.32
212,-0.05,-0.25,0.94,-8.47,-6.83,-3.32
213,-0.07,-0.25,0.93,-5.27,-7.78,-4.98
214,-0.08,-0.26,0.92,-3.62,-9.56,-5.47
215,-0.08,-0.25,0.91,-3.61,-12.94,-6.29
216,-0.08,-0.27,0.93,0.97,-16.73,-7.64
217,-0.07,-0.29,0.96,4.23,-19.27,-7.22
218,-0.03,-0.28,1.01,2.6,-17.37,-6.45
219,0.01,-0.28,1.05,1.11,-11.18,-4.5
220,0.02,-0.26,1.05,-0.62,-2.99,-2.23
221,0.02,-0.24,1.0,-0.63,3.0,-1.48
222,-0.02,-0.27,0.95,-2.72,5.17,-3.5
223,-0.05,-0.23,0.9,-1.91,4.16,-6.92
224,-0.1,-0.25,0.88,-4.24,0.26,-5.98
225,-0.08,-0.24,0.89,-5.79,-5.12,-6.5
226,-0.05,-0.25,0.94,-4.82,-6.45,-7.43
227,-0.04,-0.26,0.95,-2.87,-6.78,-8.1
228,-0.03,-0.27,0.96,-2.36,-6.24,-9.47
229,-0.04,-0.26,0.94,-4.1,-5.27,-9.03
230,-0.06,-0.27,0.94,-4.15,-4.98,-8.47
231,-0.06,-0.28,0.94,-1.6,-7.16,-7.72
232,-0.04,-0.26,0.95,-4.6,-6.02,-5.82
233,-0.03,-0.27,0.97,-4.63,-4.5,-4.17
234,-0.02,-0.28,0.97,-3.07,-2.34,-3.15
235,-0.03,-0.26,0.96,-3.71,-1.08,-2.11
236,-0.05,-0.25,0.93,-4.11,-1.38,-2.85
237,-0.05,-0.26,0.93,-3.73,-3.75,-3.82
238,-0.04,-0.24,0.94,-4.37,-4.95,-5.45
239,-0.03,-0.25,0.94,-5.51,-4.63,-5.51
240,-0.04,-0.25,0.94,-8.13,-3.46,-4.0
241,-0.04,-0.26,0.94,-8.99,-2.07,-3.11
242,-0.03,-0.28,0.95,-9.65,-1.02,-2.15
243,-0.02,-0.29,0.97,-7.23,-1.47,-2.02
244,-0.02,-0.28,0.96,-3.48,-1.61,-2.7
245,-0.03,-0.28,0.95,-3.17,-1.91,-4.07
246,-0.06,-0.29,0.96,-2.87,-2.66,-3.32
247,-0.04,-0.27,0.95,-5.1,-2.39,-1.89
248,-0.04,-0.27,0.96,-5.98,-2.09,-0.7
249,-0.04,-0.28,0.96,-7.37,-1.36,-0.81
250,-0.04,-0.29,0.96,-6.47,-1.99,-0.81
251,-0.03,-0.29,0.95,-4.15,-5.03,-1.34
252,-0.02,-0.28,0.98,-1.13,-6.04,-1.99
253,-0.02,-0.28,0.97,0.02,-6.43,-2.82
254,-0.01,-0.27,0.98,0.47,-6.38,-2.78
255,0.0,-0.26,0.98,-0.65,-3.64,-2.12
256,0.0,-0.27,0.95,-1.83,-0.92,-2.2
257,-0.02,-0.28,0.95,-2.13,-0.31,-1.85
258,-0.04,-0.28,0.93,-3.36,-1.17,-0.34
259,-0.04,-0.25,0.91,-2.64,-3.81,-1.42
260,-0.05,-0.26,0.91,-2.56,-6.16,-2.1
261,-0.03,-0.28,0.94,-4.23,-6.53,-1.62
262,-0.02,-0.29,0.98,-3.62,-6.11,0.01
263,-0.02,-0.29,0.98,-2.66,-5.59,0.85
264,-0.01,-0.29,0.98,0.1,-6.14,-0.81
265,0.02,-0.28,0.98,3.08,-6.21,-2.77
266,0.0,-0.27,0.95,3.63,-5.78,-3.34
267,-0.02,-0.28,0.94,6.22,-6.67,-3.5
268,-0.03,-0.25,0.91,4.91,-7.64,-2.9
269,-0.04,-0.25,0.9,4.49,-10.05,-3.18
270,-0.02,-0.24,0.91,2.55,-10.57,-3.32
271,0.0,-0.24,0.96,-0.46,-8.21,-2.11
272,0.04,-0.23,0.96,-1.57,-4.31,-1.88
273,0.04,-0.23,0.94,-2.53,-2.41,-3.86
274,0.0,-0.24,0.93,-0.46,-3.34,-6.14
275,-0.03,-0.25,0.91,1.38,-5.24,-7.58
276,-0.04,-0.25,0.91,-0.79,-5.84,-7.08
277,-0.03,-0.24,0.92,-2.37,-9.47,-8.0
278,-0.05,-0.24,0.91,-2.46,-8.08,-6.68
279,-0.04,-0.23,0.91,-6.0,-7.86,-5.83
280,-0.02,-0.24,0.93,-6.11,-7.95,-6.53
281,0.01,-0.25,0.95,-6.34,-6.56,-7.4
282,0.02,-0.27,0.97,-7.69,-3.02,-7.05
283,0.02,-0.26,0.98,-7.79,0.84,-6.2
284,0.01,-0.25,0.94,-9.08,4.35,-7.24
285,-0.03,-0.27,0.92,-11.16,6.46,-7.07
286,-0.06,-0.29,0.9,-12.12,6.5,-6.69
287,-0.1,-0.28,0.88,-14.15,5.44,-2.94
288,-0.07,-0.3,0.88,-14.95,1.62,-5.78
289,-0.06,-0.32,0.92,-11.17,-1.89,-5.95
290,-0.07,-0.32,0.92,-7.52,-5.93,-5.85
291,-0.05,-0.31,0.94,-6.7,-7.78,-4.75
292,-0.04,-0.31,0.97,-6.34,-8.37,-4.1
293,-0.02,-0.29,0.96,-5.02,-9.09,-3.84
294,-0.01,-0.3,0.96,-3.75,-9.48,-3.58
295,0.0,-0.29,0.97,-3.85,-11.27,-3.89
296,-0.0,-0.3,0.95,-1.94,-15.35,-4.89
297,-0.0,-0.29,0.94,0.37,-19.68,-5.32
298,0.01,-0.3,0.96,3.18,-24.44,-5.0
299,0.0,-0.31,0.96,8.67,-31.27,-3.93
300,0.03,-0.31,0.95,13.77,-38.05,-3.94
301,0.07,-0.36,0.99,15.88,-41.69,-2.47
302,0.14,-0.42,1.06,14.7,-40.37,2.65
303,0.21,-0.46,1.12,11.15,-33.97,8.76
304,0.28,-0.45,1.12,6.84,-24.76,12.97
305,0.31,-0.51,1.1,4.73,-14.52,17.43
306,0.32,-0.61,1.08,2.08,-3.94,23.18
307,0.33,-0.72,1.06,-4.99,11.25,32.7
308,0.34,-0.84,1.01,-20.57,31.93,45.02
309,0.33,-1.02,0.92,-38.95,53.52,51.38
310,0.32,-1.26,0.86,-36.4,72.95,68.88
311,0.28,-1.65,0.69,-32.44,76.75,84.35
312,0.03,-2.0,0.49,4.96,26.55,101.01
313,-0.14,-2.0,0.35,53.4,-35.4,89.21
314,-0.07,-2.0,0.37,144.05,-122.79,90.69
315,0.09,-2.0,0.51,197.18,-198.8,70.89
316,0.48,-2.0,0.51,193.85,-240.59,65.35
317,1.0,-2.0,0.62,153.07,-225.21,72.79
318,1.31,-2.0,0.78,105.33,-160.07,87.94
319,1.47,-2.0,0.79,47.65,-57.97,110.47
320,1.17,-1.36,0.63,-17.73,-5.89,121.76
321,0.62,-0.49,0.42,-32.44,17.56,90.4
322,0.27,0.07,-0.02,28.15,-6.71,63.64
323,-0.33,0.6,0.19,73.47,-40.95,13.49
324,-0.59,0.8,0.5,98.78,-46.72,2.94
325,-0.7,0.88,0.73,150.18,-30.85,82.48
326,-0.38,1.54,0.56,108.62,18.3,172.12
327,0.08,2.0,0.47,27.49,65.99,228.0
328,0.46,2.0,0.5,6.73,84.52,201.84
329,0.42,2.0,0.64,11.92,75.47,142.43
330,0.19,2.0,0.92,20.12,37.92,116.17
331,0.17,2.0,1.01,6.42,24.92,103.75
332,0.32,2.0,1.26,-19.34,26.15,85.45
333,0.46,1.69,1.61,-33.49,31.38,52.63
334,0.36,0.94,1.56,53.58,-117.33,-10.67
335,0.19,1.56,1.39,133.41,-125.25,-48.49
336,0.77,0.9,1.96,-9.26,101.96,-9.69
337,0.34,0.68,1.39,41.51,40.32,-24.74
338,0.23,0.78,1.14,40.88,43.27,-27.98
339,0.21,0.83,1.02,37.37,35.19,-37.12
340,0.14,0.75,0.75,50.31,24.58,-51.98
341,0.02,0.7,0.85,54.97,3.8,-57.37
342,-0.12,0.46,0.75,57.39,-6.32,-58.57
343,-0.2,0.23,0.76,62.07,-19.46,-53.11
344,-0.18,0.02,0.77,57.47,-20.87,-44.71
345,-0.24,-0.11,0.94,58.01,-32.9,-29.54
346,-0.17,0.04,1.12,59.11,-28.99,-14.6
347,0.04,-0.0,1.07,2.23,2.53,9.37
348,0.08,0.08,1.0,-11.21,19.09,35.81
349,0.17,0.27,0.93,-17.11,44.85,34.1
350,0.06,0.36,0.67,23.15,7.07,4.84
351,0.11,0.42,0.72,-0.65,15.08,1.15
352,0.15,0.34,0.71,-30.14,20.44,-4.76
353,0.11,0.23,0.8,-34.5,18.05,-13.15
354,0.08,0.19,0.86,-32.67,17.45,-19.62
355,0.08,0.06,0.94,-31.17,14.21,-23.5
356,0.04,-0.07,1.01,-24.52,15.3,-19.32
357,0.02,-0.11,1.04,-20.13,16.89,-10.41
358,0.0,-0.08,1.04,-21.98,21.91,-2.66
359,0.0,0.02,0.98,-31.79,28.05,3.96
360,-0.08,0.01,0.96,-41.28,30.89,10.74
361,-0.11,0.01,0.95,-48.29,29.46,10.27
362,-0.11,-0.02,0.93,-52.29,28.27,5.59
363,-0.15,-0.07,1.02,-46.61,21.1,2.76
364,-0.18,-0.15,1.03,-44.56,16.3,-0.12
365,-0.22,-0.26,0.98,-29.14,10.11,-8.08
366,-0.16,-0.23,1.09,-23.68,8.82,3.98
367,-0.11,-0.14,1.12,-21.42,8.72,10.89
368,-0.08,-0.14,1.14,-13.88,8.77,13.55
369,-0.06,-0.06,1.07,-11.04,8.49,12.46
370,-0.05,0.01,1.03,-12.45,6.92,9.71
371,-0.03,0.0,1.02,-12.94,2.34,3.17
372,-0.01,0.04,1.03,-13.25,-0.95,-2.08
373,0.01,0.01,1.02,-13.35,-2.5,-7.62
374,-0.01,-0.01,1.02,-11.15,-5.56,-10.89
375,0.01,-0.07,1.04,-5.77,-6.74,-11.57
376,0.0,-0.11,1.08,3.34,-8.82,-10.07
377,0.03,-0.07,1.07,7.89,-7.03,-7.82
378,0.05,-0.01,1.0,5.95,-4.56,-8.51
379,0.03,0.0,1.0,6.13,-3.6,-8.11
380,0.04,0.0,0.99,2.5,-0.55,-7.24
381,0.03,0.03,0.95,-2.5,4.48,-6.73
382,0.02,0.01,0.94,-4.66,6.99,-7.06
383,-0.06,-0.03,0.87,-6.82,4.19,-8.72
384,-0.07,-0.03,0.89,-8.64,3.75,-4.72
385,-0.07,-0.05,0.9,-8.34,2.17,-0.95
386,-0.07,-0.07,0.91,-8.82,0.74,0.37
387,-0.07,-0.09,0.94,-6.83,-0.98,1.21
388,-0.02,-0.06,0.95,-7.05,-0.93,0.45
389,-0.0,-0.06,0.98,-6.95,-0.74,0.2
390,0.01,-0.05,0.99,-7.63,0.91,-0.66
391,0.01,-0.03,0.99,-9.63,2.72,1.17
392,0.01,-0.05,1.01,-11.19,3.71,0.56
393,0.01,-0.06,1.02,-11.72,4.8,-0.01
394,-0.0,-0.08,1.02,-9.85,4.69,-0.83
395,0.0,-0.07,1.03,-8.0,4.4,-1.81
396,-0.0,-0.05,1.0,-8.29,4.93,-0.85
397,-0.03,-0.07,0.99,-7.34,3.29,-2.35
398,-0.03,-0.07,0.99,-6.46,2.21,-3.17
399,-0.04,-0.1,1.02,-2.8,1.04,-3.96
400,-0.03,-0.09,1.02,1.59,0.73,-5.35
401,-0.04,-0.07,0.99,4.17,0.48,-5.44
402,-0.06,-0.09,0.99,5.49,-0.4,-4.24
403,-0.05,-0.06,0.99,5.65,-2.57,-3.1
404,-0.06,-0.08,0.98,5.73,-3.14,-3.04
405,-0.03,-0.02,1.0,5.85,-3.41,-2.62
406,-0.0,0.0,0.98,5.28,-2.1,-3.35
407,0.0,0.04,0.96,1.24,-0.98,-5.52
408,0.02,0.06,0.95,-6.41,1.76,-6.37
409,0.03,0.01,0.93,-13.95,5.22,-7.52
410,-0.01,-0.02,0.95,-16.61,5.43,-4.08
411,-0.06,-0.09,0.97,-15.4,7.15,-2.29
412,-0.06,-0.1,0.99,-10.37,6.26,0.49
413,-0.08,-0.12,0.99,-6.57,5.2,3.08
414,-0.08,-0.09,0.98,-4.09,3.26,3.31
415,-0.09,-0.1,0.97,-2.15,-0.05,1.31
416,-0.07,-0.06,0.96,-0.7,-2.58,-1.03
417,-0.05,-0.05,0.97,-1.64,-3.28,-1.31
418,-0.02,-0.02,0.97,-5.92,-1.25,0.75
419,-0.02,-0.01,0.97,-11.15,0.89,2.47
420,-0.01,-0.02,0.97,-14.08,2.14,3.08
421,-0.01,-0.0,0.98,-17.12,3.78,3.19
422,-0.01,-0.04,0.98,-18.35,5.95,2.11
423,-0.02,-0.06,1.0,-17.5,6.25,0.93
424,-0.04,-0.05,0.98,-17.36,8.8,-2.02
425,-0.05,-0.1,0.99,-14.11,5.05,-1.4
426,-0.06,-0.12,1.0,-10.74,3.49,-0.57
427,-0.04,-0.09,0.98,-9.16,3.0,-0.37
428,-0.05,-0.11,1.0,-5.39,1.04,-1.51
429,-0.02,-0.06,1.01,-6.08,2.23,-0.67
430,-0.02,-0.05,1.0,-5.85,2.82,-0.53
431,-0.03,-0.04,0.96,-7.83,3.72,-1.5
432,-0.03,-0.05,0.97,-10.47,3.77,-3.19
433,-0.02,-0.04,0.99,-11.63,5.4,-3.87
434,-0.06,-0.07,1.0,-9.04,5.4,-4.05
435,-0.05,-0.11,1.0,-7.74,6.61,-3.25
436,-0.07,-0.1,0.98,-8.6,7.43,-2.98
437,-0.05,-0.08,0.97,-8.8,5.55,-2.82
438,-0.08,-0.13,0.97,-9.18,3.13,-2.18
439,-0.07,-0.1,0.97,-3.4,0.61,-2.64
440,-0.06,-0.09,0.94,-5.84,-0.15,-2.6
441,-0.03,-0.06,0.97,-8.08,-0.22,-3.55
442,-0.06,-0.07,0.97,-8.11,1.17,-3.4
443,-0.02,-0.1,0.96,-7.96,3.0,-1.78
444,-0.01,-0.08,0.96,-10.44,3.58,-0.24
445,-0.08,-0.15,0.99,-2.06,-2.33,2.7
446,-0.08,-0.16,1.02,5.18,-4.61,1.34
447,-0.04,-0.11,0.99,9.07,-5.47,-0.63
448,-0.03,-0.07,0.99,9.61,-5.53,-1.9
449,-0.0,-0.04,0.96,5.79,-3.21,-4.67
450,-0.0,0.01,0.96,-2.36,-0.36,-4.34
451,-0.01,0.0,0.95,-8.87,2.53,-5.27
452,-0.02,-0.04,0.94,-13.49,2.62,-7.47
453,-0.06,-0.09,0.94,13.31,-11.05,-14.18
454,-0.09,-0.13,1.0,-7.57,0.1,-5.91
455,-0.05,-0.16,1.0,-2.95,0.17,-6.24
456,-0.14,-0.23,1.03,-4.76,-0.34,2.02
457,-0.1,-0.2,1.01,4.54,-2.34,-0.13
458,-0.08,-0.11,0.99,4.41,-1.92,0.66
459,-0.06,-0.06,0.97,2.51,-2.58,-1.27
460,-0.05,-0.02,0.96,-0.05,-2.27,-3.7
461,-0.03,-0.0,0.95,-6.51,-1.6,-4.51
462,-0.01,0.01,0.96,-8.05,0.66,-2.84
463,-0.07,-0.07,0.96,-12.95,-0.66,-3.58
464,-0.05,-0.07,0.99,-2.24,-4.38,-6.19
465,-0.02,-0.05,0.98,-2.47,-2.9,-6.63
466,-0.04,-0.1,0.99,-5.36,-2.76,-3.07
467,-0.07,-0.13,0.99,-8.0,-0.13,-0.4
468,-0.04,-0.13,0.97,-7.89,1.78,-0.52
469,-0.03,-0.1,0.99,-4.76,-0.37,0.49
470,-0.01,-0.05,0.98,-4.49,-0.01,-2.28
471,-0.04,-0.08,0.98,-4.46,-0.05,-1.94
472,-0.01,-0.06,0.97,-4.85,0.77,-2.12
473,-0.01,-0.02,0.96,-4.42,0.76,-2.61
474,-0.02,0.02,0.96,-5.63,0.99,-4.78
475,-0.02,0.05,0.91,-10.98,3.53,-9.78
476,-0.02,0.0,0.95,-6.98,2.29,-7.37
477,-0.02,-0.01,0.94,-13.28,4.76,-7.67
478,-0.05,-0.04,0.99,-17.23,5.26,-9.37
479,-0.07,-0.17,0.96,-16.6,1.47,-7.48
480,-0.13,-0.18,0.98,-8.35,-1.45,-7.23
481,-0.16,-0.19,0.98,-5.44,-2.93,-4.67
482,-0.13,-0.21,0.98,-6.96,-4.6,-4.11
483,-0.1,-0.2,0.99,-5.69,-5.68,0.58
484,-0.1,-0.22,1.03,-2.97,-5.81,4.5
485,-0.09,-0.19,1.06,1.75,-6.18,6.98
486,-0.03,-0.17,1.0,0.48,-3.69,5.05
487,0.03,-0.12,0.96,6.02,-4.23,2.92
488,-0.04,-0.03,1.01,2.84,-5.24,2.12
489,0.03,-0.02,0.98,-0.4,-2.91,-2.03
490,0.04,-0.0,0.98,-8.51,0.76,-3.33
491,0.03,-0.03,0.97,-13.94,2.68,-3.67
492,0.0,-0.06,0.97,-9.68,0.99,-6.41
493,-0.01,-0.09,0.97,-3.16,-1.39,-6.62
494,-0.03,-0.13,0.96,-8.93,1.18,-7.6
495,-0.08,-0.18,1.03,-2.81,-1.89,-7.18
496,-0.08,-0.21,1.03,-2.82,0.98,-3.92
497,-0.07,-0.21,1.04,6.74,-0.66,-3.21
498,-0.08,-0.15,1.01,3.63,-1.29,-1.06
499,-0.06,-0.11,1.0,4.34,-1.7,0.24
500,-0.04,-0.1,0.97,1.83,-0.83,-1.7
