,accel_x,accel_y,accel_z,gyro_x,gyro_y,gyro_z
0,0.06,0.23,0.88,-6.82,-1.82,8.24
1,0.06,0.21,0.93,-9.31,-5.12,1.54
2,0.06,0.18,0.96,-9.95,-8.07,-4.2
3,0.08,0.15,0.98,-7.77,-6.81,-5.95
4,0.04,0.13,1.01,-6.3,-6.61,-8.14
5,0.03,0.11,1.02,-5.21,-5.29,-6.4
6,0.05,0.12,1.02,-4.62,-1.44,-3.71
7,0.04,0.14,1.02,-3.62,-0.37,-4.66
8,0.04,0.15,1.02,-2.18,-0.73,-5.18
9,0.03,0.15,0.99,-1.95,-2.39,-8.14
10,0.03,0.15,1.01,-0.92,-2.05,-7.83
11,0.02,0.16,0.98,1.11,-0.25,-6.56
12,0.02,0.16,0.96,-0.07,2.24,-5.02
13,-0.02,0.16,0.96,-3.79,5.24,-1.31
14,-0.05,0.15,0.96,-5.98,5.81,1.01
15,-0.06,0.15,0.97,-5.6,4.54,3.84
16,-0.04,0.16,0.95,-5.07,6.15,6.72
17,-0.02,0.17,0.95,-6.23,4.53,6.66
18,-0.02,0.17,0.93,-5.24,-1.19,0.73
19,-0.05,0.16,0.94,-2.32,-9.56,-6.58
20,-0.03,0.14,0.96,-1.89,-12.44,-7.52
21,-0.01,0.15,0.97,-2.24,-10.18,-5.19
22,0.01,0.15,0.97,-2.63,-8.22,-4.03
23,0.02,0.16,0.98,-2.1,-5.2,-2.27
24,0.02,0.17,0.97,-0.73,-2.24,-0.82
25,0.0,0.18,0.95,-2.17,-0.44,0.87
26,0.0,0.18,0.93,-5.21,1.5,3.8
27,-0.01,0.17,0.94,-9.33,-0.72,1.44
28,-0.02,0.13,0.97,-12.28,-4.66,-3.78
29,-0.01,0.09,1.02,-13.27,-2.18,-0.86
30,-0.03,0.08,1.05,-10.55,-1.85,-0.82
31,-0.01,0.08,1.07,-4.19,0.39,2.92
32,0.01,0.12,1.05,2.92,3.63,7.39
33,0.04,0.17,1.0,6.23,5.5,9.69
34,0.06,0.21,0.95,5.61,6.3,8.35
35,0.07,0.23,0.94,3.54,4.13,5.85
36,0.05,0.24,0.97,4.36,-0.21,0.91
37,0.05,0.24,1.01,8.89,3.0,5.33
38,0.05,0.27,1.0,17.02,2.59,9.7
39,0.03,0.31,1.0,20.31,7.0,18.44
40,0.01,0.37,1.01,23.29,12.89,33.17
41,0.03,0.45,1.13,33.83,10.57,47.83
42,0.05,0.58,0.93,26.78,15.37,46.55
43,0.08,0.63,0.92,25.04,14.47,43.01
44,0.08,0.66,0.86,22.05,9.45,23.95
45,0.08,0.68,0.83,16.49,1.31,2.19
46,0.01,0.65,0.86,9.6,1.71,-5.95
47,-0.13,0.56,0.8,4.85,-13.98,-15.64
48,-0.23,0.49,0.87,-9.07,-29.05,-28.15
49,-0.24,0.41,0.95,-21.4,-36.84,-29.6
50,-0.25,0.36,1.1,-20.04,-34.68,-18.27
51,-0.24,0.33,1.21,-12.09,-29.08,-0.99
52,-0.13,0.32,1.2,7.03,-5.96,32.89
53,-0.22,0.36,1.12,18.36,13.92,50.27
54,-0.16,0.43,1.01,15.87,37.94,74.21
55,-0.16,0.47,0.93,6.04,67.08,97.51
56,-0.11,0.51,0.82,-6.14,85.45,113.32
57,-0.02,0.55,0.7,-17.65,80.23,107.55
58,-0.01,0.55,0.68,-30.98,41.67,64.94
59,-0.09,0.45,0.82,-35.21,-17.5,6.82
60,-0.11,0.34,1.0,-22.23,-69.14,-34.2
61,-0.08,0.21,1.15,-8.19,-93.6,-53.37
62,-0.02,0.14,1.3,14.08,-82.53,-39.59
63,0.05,0.15,1.25,27.5,-41.11,-4.14
64,0.06,0.2,1.1,27.41,8.92,33.47
65,0.09,0.24,0.97,15.93,63.88,70.37
66,0.11,0.28,0.93,-0.05,94.59,81.62
67,0.07,0.33,0.87,-5.38,97.42,75.41
68,0.07,0.34,0.83,3.46,67.6,55.71
69,0.07,0.34,0.87,16.54,15.2,20.79
70,-0.05,0.3,0.85,30.6,-38.6,-23.85
71,-0.05,0.25,0.83,30.4,-60.29,-40.32
72,-0.01,0.22,0.95,29.78,-53.51,-36.14
73,0.06,0.13,0.97,29.07,-15.92,-10.05
74,0.09,0.12,0.94,18.53,26.6,19.98
75,0.06,0.12,0.89,5.18,64.25,42.6
76,-0.0,0.13,0.89,-2.12,79.6,50.94
77,-0.03,0.15,0.84,0.21,66.25,40.34
78,-0.07,0.18,0.78,2.85,27.82,13.58
79,-0.11,0.16,0.74,3.38,-14.09,-23.03
80,-0.09,0.09,0.77,-1.96,-28.71,-43.53
81,-0.08,-0.0,0.84,-16.99,-13.4,-37.64
82,-0.08,-0.08,0.93,-26.4,29.95,-9.57
83,-0.19,-0.12,0.98,-51.58,56.62,9.38
84,-0.33,-0.18,1.12,-70.82,66.1,16.7
85,-0.4,-0.23,1.21,-67.15,45.16,9.81
86,-0.37,-0.22,1.3,-40.54,13.33,6.94
87,-0.23,-0.16,1.27,-15.63,-4.73,6.76
88,-0.12,-0.06,1.19,3.27,-9.48,9.95
89,-0.02,0.07,1.02,12.47,-3.35,16.14
90,0.05,0.15,0.89,12.26,9.24,14.89
91,0.0,0.16,0.84,6.36,25.45,19.77
92,-0.05,0.16,0.8,-4.85,33.33,15.47
93,-0.11,0.16,0.77,-11.22,23.2,4.3
94,-0.15,0.13,0.81,-16.11,12.17,-4.0
95,-0.14,0.1,0.86,-14.3,1.47,-6.47
96,-0.13,0.08,0.85,-13.92,-4.94,-6.18
97,-0.11,0.08,0.87,-12.74,-8.31,-1.67
98,-0.08,0.08,0.86,-17.32,-9.6,-2.02
99,-0.02,0.07,0.87,-25.91,-10.37,-10.26
100,0.02,0.03,0.93,-35.02,-9.19,-18.6
101,-0.02,0.02,1.0,-36.66,-10.61,-23.55
102,-0.07,0.02,1.0,-30.63,-16.3,-23.47
103,-0.09,0.02,0.99,-26.4,-17.76,-18.46
104,-0.1,-0.01,1.04,-21.74,-21.06,-14.31
105,-0.08,-0.01,1.02,-18.26,-17.6,-10.82
106,-0.05,0.02,0.98,-13.47,-10.76,-7.85
107,-0.08,0.06,0.93,-7.91,-12.51,-9.52
108,-0.06,0.1,0.87,-2.39,-10.79,1.68
109,-0.07,0.11,0.83,-3.6,6.88,22.74
110,0.06,0.11,0.82,-20.15,17.87,28.72
111,0.07,0.1,0.91,-20.4,-8.92,-1.97
112,0.0,0.07,0.96,-14.89,-28.02,-22.45
113,-0.02,0.03,1.01,-17.84,-21.47,-17.55
114,-0.04,0.03,1.04,-14.29,-19.63,-13.5
115,-0.04,0.05,1.0,-10.38,-21.33,-6.55
116,-0.04,0.08,0.97,-15.27,-26.64,-7.66
117,0.06,0.1,0.98,-23.61,-31.34,-13.78
118,0.16,0.07,1.01,-29.78,-29.0,-22.55
119,0.21,0.06,1.06,-31.47,-20.42,-21.79
120,0.18,0.02,1.11,-25.15,-9.98,-20.52
121,0.1,0.02,1.1,-17.36,-3.24,-18.19
122,0.06,0.03,1.07,-9.13,4.38,-7.18
123,0.0,0.03,1.03,-6.68,9.79,0.27
124,-0.04,0.04,0.99,-4.47,6.4,7.3
125,-0.06,0.04,0.94,-7.19,3.16,4.66
126,-0.04,0.06,0.94,-10.63,-9.41,-7.5
127,-0.06,0.01,0.95,-16.92,-4.28,-7.25
128,0.0,-0.02,0.99,-21.85,-3.9,-13.97
129,0.03,-0.02,1.0,-26.32,-8.27,-25.28
130,-0.01,-0.02,1.02,-23.13,-8.98,-29.14
131,-0.04,-0.02,1.02,-23.84,1.83,-23.46
132,-0.07,-0.04,1.04,-24.93,8.95,-17.69
133,-0.03,-0.05,1.08,-25.69,7.66,-17.08
134,-0.01,-0.05,1.07,-21.95,5.87,-18.89
135,-0.05,-0.04,1.09,-15.08,-0.99,-20.43
136,-0.07,-0.02,1.06,-7.42,-8.2,-20.08
137,-0.05,0.0,1.03,0.17,-9.33,-14.25
138,-0.04,0.03,0.98,3.15,-0.02,-2.69
139,-0.05,0.07,0.93,-0.17,6.66,4.34
140,-0.04,0.1,0.91,-5.6,5.31,3.88
141,0.01,0.1,0.89,-11.97,7.53,4.13
142,-0.04,0.09,0.94,-17.73,1.61,-0.78
143,-0.05,0.05,0.99,-16.15,-2.76,-3.81
144,-0.06,0.04,1.0,-13.73,-2.07,-1.05
145,-0.05,0.03,1.03,-8.03,-7.32,-0.98
146,-0.01,0.03,1.01,-6.09,-11.63,-4.23
147,0.03,0.04,1.01,-6.87,-10.26,-4.99
148,0.06,0.03,1.04,-4.76,-11.11,-9.3
149,0.07,0.02,1.02,-4.41,-10.18,-15.39
150,0.05,0.01,1.05,-6.08,-3.99,-16.23
151,0.01,0.04,1.01,-2.95,1.5,-13.27
152,-0.05,0.05,0.96,-0.4,-0.66,-11.01
153,-0.06,0.09,0.88,-2.69,-3.66,-9.28
154,-0.07,0.09,0.89,-6.69,-6.41,-9.35
155,-0.06,0.06,0.91,-10.63,-7.63,-6.7
156,-0.03,0.02,0.96,-14.91,-1.98,-3.27
157,-0.02,-0.01,1.01,-14.54,2.64,1.0
158,-0.04,-0.02,1.05,-8.76,4.62,1.73
159,-0.07,0.0,1.0,-7.18,0.67,1.19
160,-0.09,0.01,1.0,-4.63,-2.94,1.56
161,-0.1,0.03,0.98,-4.18,-6.76,4.62
162,-0.04,0.05,0.96,-4.02,-8.29,5.73
163,0.0,0.08,0.97,-6.33,-10.08,3.01
164,0.08,0.07,0.99,-6.11,-7.8,0.62
165,0.11,0.05,1.02,-4.06,-3.29,-0.81
166,0.1,0.03,1.05,-3.53,-5.73,-9.96
167,0.07,0.02,1.06,-2.56,-0.73,-9.15
168,0.03,-0.0,1.09,-1.63,3.2,-8.98
169,0.03,0.0,1.07,3.6,5.79,-8.34
170,-0.02,0.02,1.03,6.49,0.47,-11.95
171,-0.06,0.04,0.99,8.11,-6.22,-13.71
172,-0.09,0.05,0.98,5.66,-6.32,-12.83
173,-0.1,0.05,0.96,3.53,-7.27,-12.04
174,-0.05,0.05,0.97,-0.68,-3.9,-10.32
175,-0.04,0.06,0.98,-1.91,1.79,-8.45
176,-0.05,0.05,0.98,-1.68,4.49,-7.68
177,-0.06,0.05,0.97,-4.37,8.21,-5.44
178,-0.07,0.04,0.99,-2.82,5.94,-4.36
179,-0.08,0.04,0.99,1.84,-1.17,-5.95
180,-0.05,0.03,1.0,1.37,1.85,-3.51
181,-0.05,0.04,1.0,1.81,4.48,-0.8
182,-0.02,0.05,1.01,1.47,5.19,-0.91
183,-0.01,0.04,0.99,0.36,6.73,-1.02
184,-0.01,0.04,1.0,0.61,7.99,-1.49
185,-0.03,0.05,0.99,2.59,7.29,-2.38
186,-0.06,0.07,0.98,4.03,6.16,-2.41
187,-0.1,0.07,0.95,2.75,1.11,-4.13
188,-0.08,0.06,0.96,1.33,-3.73,-3.95
189,-0.04,0.07,0.97,2.34,-1.58,2.22
190,-0.04,0.09,0.95,1.73,-7.36,-0.34
191,-0.0,0.08,0.96,-0.42,-5.02,-0.47
192,0.01,0.08,0.97,-1.8,-1.48,-2.73
193,-0.0,0.07,0.97,0.56,-2.26,-4.22
194,-0.04,0.07,0.96,0.9,-2.18,-3.62
195,-0.07,0.06,0.96,0.25,-3.6,-2.76
196,-0.06,0.08,0.95,-0.79,-7.6,-3.66
197,-0.05,0.09,0.94,-1.05,-13.22,-6.29
198,-0.05,0.08,0.96,-2.43,-17.37,-7.56
199,-0.02,0.08,0.96,-4.98,-16.67,-7.6
200,0.01,0.08,0.97,-6.31,-14.1,-7.16
201,0.0,0.09,0.97,-6.6,-11.68,-6.15
202,-0.02,0.08,0.96,-8.84,-9.59,-5.15
203,-0.01,0.04,0.99,-8.89,-8.36,-3.5
204,-0.02,0.03,1.02,-7.24,-10.46,-5.61
205,-0.05,0.02,1.02,-5.68,-14.85,-6.25
206,-0.02,0.03,1.02,-5.34,-11.61,-3.11
207,-0.03,0.06,1.01,-4.79,-12.02,-3.47
208,-0.03,0.04,1.03,-1.91,-15.49,-4.11
209,0.02,0.03,1.05,-0.24,-13.51,-1.55
210,0.01,0.05,1.05,2.51,-16.22,-1.99
211,0.02,0.07,1.02,4.95,-19.86,-0.42
212,0.0,0.1,0.99,3.85,-22.51,-0.09
213,0.03,0.11,0.95,1.86,-24.97,0.11
214,0.04,0.11,0.96,-1.49,-24.82,-2.08
215,0.05,0.11,0.97,-5.63,-26.17,-3.54
216,0.09,0.07,1.02,-8.2,-20.72,-2.65
217,0.14,0.03,1.08,-6.72,-11.18,-1.85
218,0.13,0.02,1.1,-2.25,-6.9,-4.57
219,0.13,0.03,1.07,-0.57,-0.23,-5.24
220,0.11,0.04,1.03,3.35,9.76,-4.44
221,0.05,0.05,0.96,1.24,12.32,-6.29
222,-0.0,0.07,0.92,-2.02,12.44,-7.18
223,-0.07,0.08,0.88,-5.81,3.56,-11.02
224,-0.1,0.11,0.86,-9.56,-1.26,-9.69
225,-0.1,0.13,0.83,-13.63,-11.78,-10.66
226,-0.03,0.12,0.87,-18.18,-19.6,-12.44
227,0.03,0.07,0.91,-20.44,-19.85,-13.13
228,0.09,0.01,1.01,-18.63,-16.76,-13.3
229,0.09,-0.02,1.03,-13.61,-8.94,-13.97
230,0.08,0.0,1.01,-9.26,-3.6,-11.24
231,0.04,0.02,0.98,-7.92,-0.44,-7.23
232,0.0,0.03,0.95,-7.27,3.11,-3.34
233,-0.02,0.05,0.94,-8.3,2.56,-0.85
234,-0.03,0.06,0.93,-8.79,0.87,0.12
235,-0.03,0.07,0.89,-11.5,-3.96,0.98
236,-0.01,0.06,0.9,-14.6,-7.68,0.46
237,0.01,0.04,0.93,-15.73,-12.89,-1.62
238,0.02,0.03,0.96,-15.11,-15.46,0.47
239,0.04,0.03,0.95,-15.47,-16.79,0.34
240,0.07,0.03,0.98,-16.15,-19.47,-0.22
241,0.14,0.0,1.03,-16.63,-12.61,3.32
242,0.17,-0.04,1.04,-12.05,-7.43,4.24
243,0.21,-0.05,1.07,-5.82,2.92,13.3
244,0.15,-0.05,1.04,-1.39,9.91,14.61
245,0.1,-0.04,0.98,-1.06,7.5,13.33
246,0.04,-0.06,0.99,-3.54,5.63,14.34
247,0.0,-0.09,1.02,-8.77,-1.87,20.12
248,-0.0,-0.23,1.05,-19.6,-10.64,27.89
249,-0.08,-0.53,1.13,-29.83,-36.44,27.72
250,-0.25,-0.95,1.2,-36.14,-60.63,17.96
251,-0.44,-1.64,1.35,-21.39,-104.13,10.71
252,-0.53,-2.0,1.7,50.18,-83.49,11.56
253,-0.56,-2.0,2.0,79.31,-69.75,8.93
254,-0.66,-2.0,2.0,188.81,-139.26,-33.43
255,-0.26,-2.0,2.0,250.13,-160.08,47.87
256,0.21,-2.0,2.0,250.13,-94.72,105.94
257,0.28,-2.0,1.87,250.13,15.77,186.53
258,0.74,-2.0,0.41,250.13,123.05,216.4
259,0.92,-2.0,-0.61,220.19,212.69,194.54
260,0.44,-0.78,-1.19,141.69,203.47,120.69
261,-0.08,0.64,-1.29,1.05,175.84,106.22
262,0.65,2.0,-2.0,-111.66,156.89,110.6
263,1.77,2.0,-2.0,-30.66,190.05,144.91
264,2.0,2.0,-1.99,-217.3,160.54,85.87
265,2.0,2.0,-1.16,-250.14,198.89,66.32
266,2.0,2.0,-0.1,-250.14,160.42,-4.55
267,2.0,2.0,0.58,-231.4,64.55,-138.11
268,1.33,2.0,1.42,-228.93,-67.11,-250.14
269,0.54,1.44,2.0,-190.08,-130.04,-250.14
270,0.11,0.2,2.0,-48.12,-30.42,-247.37
271,-0.39,-0.3,2.0,-0.09,7.55,-141.4
272,-0.87,-0.4,2.0,21.83,63.21,-37.98
273,-1.17,-0.26,1.9,44.73,33.34,3.68
274,-1.39,-0.07,1.27,21.27,-23.61,-20.15
275,-1.19,-0.18,1.38,43.52,-34.61,-12.08
276,-0.86,-0.18,1.46,19.82,-28.29,11.46
277,-0.48,-0.08,1.47,4.46,5.08,46.53
278,-0.33,0.13,1.22,8.86,16.25,78.4
279,-0.11,0.3,1.01,7.66,3.58,72.29
280,0.15,0.34,0.98,5.54,-7.35,49.47
281,0.25,0.29,0.97,3.69,-5.65,39.1
282,0.17,0.2,0.94,12.49,-9.63,34.57
283,0.18,0.12,1.03,12.09,-14.2,27.18
284,0.1,0.16,0.79,-12.84,-9.92,17.6
285,0.11,0.03,0.9,4.74,-7.92,7.85
286,0.07,-0.09,1.08,9.05,-13.66,-6.6
287,0.07,-0.14,1.11,21.23,-8.05,-3.02
288,0.08,-0.12,1.0,33.36,-8.88,-6.6
289,0.15,-0.04,0.94,31.83,-10.97,-12.18
290,0.21,-0.05,0.96,39.44,-4.88,-7.33
291,0.11,-0.04,0.92,40.59,-3.5,-7.47
292,-0.01,-0.04,0.92,40.69,-6.66,-6.14
293,-0.0,-0.0,0.89,36.05,-4.45,-2.33
294,0.02,0.07,0.82,25.09,-3.83,-2.96
295,0.04,0.09,0.83,8.81,-1.62,-7.35
296,0.06,0.08,0.91,-5.43,0.4,-13.48
297,0.07,0.04,1.01,-11.63,-2.51,-21.2
298,0.06,-0.01,1.12,-9.71,-4.37,-27.1
299,0.06,-0.03,1.18,2.63,-3.73,-23.63
300,-0.0,0.01,1.11,14.12,-0.6,-15.51
301,-0.07,0.05,1.01,16.37,2.6,-9.08
302,-0.04,0.09,0.98,9.1,4.51,-7.9
303,-0.01,0.12,0.97,4.45,7.08,-6.49
304,0.0,0.14,0.97,6.76,0.61,-8.97
305,0.1,0.13,0.96,9.58,-5.11,-11.32
306,0.04,0.17,0.93,9.21,-8.82,-20.17
307,0.08,0.17,0.94,7.92,-7.56,-20.07
308,0.06,0.16,0.93,7.33,-3.63,-16.89
309,0.04,0.17,0.93,5.66,1.4,-10.63
310,0.04,0.19,0.92,2.63,3.7,-6.63
311,0.0,0.18,0.93,2.56,-0.48,-6.52
312,0.03,0.17,0.93,2.08,-4.38,-9.19
313,0.05,0.16,0.94,1.06,-3.14,-9.98
314,0.02,0.15,0.92,0.62,-8.0,-14.07
315,0.02,0.12,0.94,-2.48,-8.73,-15.69
316,0.03,0.12,0.94,-6.16,-3.11,-12.21
317,0.04,0.12,0.93,-7.21,-2.33,-12.55
318,0.0,0.09,0.97,-7.37,-4.18,-14.87
319,-0.0,0.09,0.98,-4.92,-4.69,-12.76
320,-0.01,0.1,0.95,-2.79,-7.13,-12.63
321,-0.01,0.12,0.92,-4.21,-7.36,-12.81
322,-0.02,0.12,0.92,-5.73,-9.42,-12.92
323,-0.06,0.09,0.92,-4.27,-16.12,-16.72
324,0.04,0.04,0.96,-4.89,-20.38,-11.41
325,0.02,0.06,0.97,-7.72,-9.6,-8.71
326,0.03,0.06,0.99,-11.38,-8.56,-5.01
327,0.04,0.05,0.96,-11.18,-7.22,-8.12
328,0.08,0.05,1.0,-10.18,-5.01,-7.7
329,0.07,0.03,1.03,-9.26,-3.21,-10.69
330,0.04,0.03,1.05,-7.98,-0.08,-8.04
331,0.05,0.04,1.05,-7.4,2.04,-9.24
332,0.03,0.06,1.05,-7.5,2.44,-7.08
333,0.02,0.05,1.03,-3.6,3.91,-5.87
334,0.01,0.06,1.01,-4.24,0.71,-8.1
335,0.02,0.05,1.03,-6.14,0.95,-8.89
336,0.03,0.05,1.03,-4.72,0.66,-10.62
337,0.02,0.06,1.03,-1.31,-1.45,-11.56
338,0.02,0.07,1.02,-1.22,-4.13,-13.47
339,0.03,0.07,0.95,-0.22,-4.25,-16.34
340,0.12,0.09,1.01,-0.17,-1.35,-8.26
341,0.08,0.09,1.02,-1.4,4.02,-8.32
342,0.02,0.11,1.01,0.75,0.32,-11.47
343,0.02,0.11,0.98,0.91,2.2,-11.59
344,0.0,0.11,0.96,4.27,-2.42,-11.95
345,0.14,0.1,0.97,-1.08,1.44,-10.3
346,0.06,0.12,0.97,-5.38,6.73,-11.5
347,-0.0,0.07,1.01,-0.92,1.09,-14.02
348,-0.04,0.03,1.05,4.14,-2.61,-14.85
349,-0.04,0.01,1.06,9.5,-0.64,-9.64
350,-0.07,0.02,1.02,15.37,-2.1,-5.72
351,-0.17,0.06,1.0,16.54,-9.07,-14.72
352,-0.08,0.09,0.96,16.19,-6.75,-0.73
353,-0.12,0.07,0.93,15.6,-5.79,8.05
354,-0.24,0.13,0.94,7.89,-17.35,0.46
355,-0.06,0.11,0.89,7.61,-12.18,5.56
356,0.0,0.14,0.91,2.37,-11.27,9.63
357,0.05,0.14,0.92,3.22,-11.29,8.82
358,0.03,0.17,0.97,-0.59,-14.73,3.41
359,0.05,0.16,0.93,-1.0,-9.18,0.51
360,0.08,0.19,0.97,-4.6,-7.73,4.02
361,0.08,0.18,0.97,-0.32,-1.92,4.44
362,0.05,0.17,0.93,2.34,-8.78,-2.17
363,0.04,0.15,0.95,2.82,-12.15,-4.65
364,0.03,0.15,0.94,-0.14,-12.3,-4.89
365,0.08,0.17,0.9,-4.76,-8.26,-3.43
366,0.08,0.17,0.91,-9.43,-7.15,-6.79
367,0.01,0.15,0.98,-13.55,-11.16,-13.78
368,0.07,0.13,0.97,-12.69,-4.64,-7.19
369,0.07,0.11,0.96,-14.46,-2.56,-8.44
370,0.09,0.1,0.98,-12.48,-2.47,-4.34
371,0.07,0.11,0.99,-14.44,-4.29,-7.94
372,0.12,0.1,1.01,-11.55,3.07,-0.36
373,0.09,0.08,1.01,-11.47,3.68,-0.85
374,0.09,0.09,1.02,-8.86,2.79,-3.06
375,0.1,0.09,1.0,-5.01,0.95,-6.52
376,0.11,0.1,0.99,-5.93,-1.95,-10.95
377,0.08,0.1,0.99,-5.02,-3.71,-16.98
378,0.07,0.11,0.99,-4.95,-6.04,-18.16
379,0.05,0.09,1.0,-6.22,-4.31,-19.88
380,0.05,0.07,1.0,-6.7,0.24,-13.05
381,0.04,0.06,0.99,-8.74,4.02,-5.8
382,0.02,0.08,0.99,-11.1,6.74,-1.69
383,0.02,0.07,1.0,-12.33,6.56,-1.47
384,-0.01,0.06,1.0,-11.66,7.38,3.08
385,-0.02,0.07,0.96,-11.2,6.48,3.05
386,-0.02,0.05,0.98,-14.02,3.59,-0.24
387,-0.03,0.02,1.01,-12.19,-1.92,-6.05
388,-0.03,0.01,1.04,-8.39,-2.96,-3.73
389,0.01,0.02,1.03,-3.83,1.08,5.07
390,0.02,0.05,1.0,-1.9,3.5,9.06
391,0.01,0.07,0.97,-2.68,2.11,5.93
392,0.04,0.08,0.99,-3.31,1.68,5.83
393,0.01,0.08,0.98,-3.89,-0.05,4.43
394,0.02,0.07,0.98,-4.46,-2.73,1.83
395,0.04,0.07,0.99,-4.41,-1.89,2.62
396,0.04,0.06,1.01,-3.1,-0.7,5.02
397,0.05,0.07,1.01,-2.38,0.38,4.85
398,0.04,0.07,1.01,-0.42,0.11,4.76
399,0.05,0.07,1.0,1.79,-0.1,6.15
400,0.06,0.08,0.97,2.28,-1.4,3.93
401,0.07,0.1,0.97,1.2,-2.89,3.27
402,0.07,0.09,0.98,-1.03,-2.05,2.92
403,0.08,0.09,1.0,-2.17,-1.9,2.66
404,0.08,0.08,1.01,-1.76,-1.21,2.15
405,0.1,0.08,1.01,-0.42,-0.31,1.56
406,0.09,0.09,1.01,2.52,0.34,1.74
407,0.08,0.11,0.98,4.08,-1.22,-0.56
408,0.07,0.12,0.96,2.35,-1.31,-3.15
409,0.06,0.12,0.96,1.07,-0.11,-1.96
410,0.05,0.12,0.95,0.85,0.39,-0.51
411,0.03,0.13,0.93,-1.08,-0.85,-2.29
412,0.04,0.14,0.92,-4.6,-1.53,-2.99
413,0.07,0.13,0.91,-6.5,-1.89,-3.08
414,0.02,0.1,0.94,-8.82,-3.94,-6.47
415,-0.0,0.07,0.98,-9.87,-4.18,-4.77
416,-0.01,0.05,0.98,-11.37,-3.23,-1.65
417,0.02,0.03,1.01,-12.26,-0.15,-0.27
418,0.02,0.03,1.04,-8.5,3.89,4.58
419,-0.01,0.05,1.02,-4.01,2.07,6.33
420,0.0,0.08,0.98,-4.2,1.59,7.98
421,0.01,0.1,0.96,-7.22,1.2,5.37
422,0.09,0.11,0.96,-6.94,1.59,3.83
423,0.05,0.09,1.0,-6.05,-1.06,-0.67
424,0.05,0.08,1.0,-3.72,-1.41,-0.04
425,0.05,0.09,0.99,-3.11,-0.02,2.32
426,0.05,0.1,0.95,-4.21,-1.34,1.31
427,0.07,0.11,0.97,-6.77,-3.01,-3.08
428,0.06,0.1,0.97,-6.89,-5.0,-3.79
429,0.07,0.1,0.96,-6.85,-5.14,-4.23
430,0.04,0.09,0.96,-8.53,-5.86,-4.78
431,0.07,0.08,0.96,-9.34,-4.86,-4.1
432,0.08,0.06,0.98,-10.23,-4.04,-7.28
433,0.06,0.05,1.01,-10.94,-5.51,-10.2
434,0.04,0.04,1.01,-8.24,-4.76,-8.96
435,0.04,0.02,1.03,-4.88,-1.51,-1.59
436,0.05,0.03,1.04,-2.09,-0.92,-3.26
437,0.05,0.03,1.04,0.5,-0.72,-3.02
438,0.03,0.04,1.01,2.14,-1.15,-3.24
439,0.04,0.06,1.0,1.6,1.08,0.05
440,0.05,0.07,0.99,0.88,1.9,0.84
441,0.05,0.07,1.01,0.88,0.2,0.68
442,0.04,0.08,0.97,4.13,-0.2,0.56
443,0.01,0.1,0.93,2.43,-5.18,-8.2
444,0.12,0.11,0.96,1.01,2.47,4.15
445,0.08,0.09,0.96,-1.62,2.35,2.05
446,0.03,0.09,0.96,-1.56,-3.38,-3.33
447,0.04,0.08,0.98,-3.21,-0.57,0.01
448,0.07,0.08,0.98,-4.63,0.4,-0.89
449,0.09,0.07,0.99,-3.89,1.52,-3.1
450,0.05,0.06,1.01,-2.43,-2.6,-7.55
451,0.05,0.06,0.99,-0.4,-1.48,-4.69
452,0.05,0.08,0.97,-2.56,-0.15,-4.01
453,0.07,0.08,0.97,-4.0,0.02,-4.12
454,0.08,0.08,1.0,-2.2,1.62,-3.69
455,0.04,0.08,0.98,1.06,-1.39,-5.27
456,0.02,0.08,0.98,-0.17,-1.04,-4.23
457,0.04,0.09,0.96,-2.8,1.41,-1.5
458,0.05,0.1,0.95,-4.1,0.02,-4.06
459,0.05,0.1,0.95,-3.48,-1.25,-4.95
460,0.02,0.08,0.98,-4.85,-2.95,-5.41
461,0.01,0.05,0.98,-6.65,-1.2,-2.24
462,0.02,0.04,1.0,-6.72,-0.68,-2.54
463,0.03,0.04,1.02,-4.85,-0.01,-3.63
464,0.02,0.03,1.04,-2.01,1.05,-1.02
465,0.05,0.05,1.02,-1.66,2.63,1.11
466,0.04,0.07,0.98,-1.45,4.69,1.14
467,0.02,0.08,0.95,-7.62,1.77,-1.56
468,0.01,0.05,0.98,-5.03,1.74,-1.56
469,0.01,0.04,0.98,-7.27,-0.64,-2.6
470,0.03,0.04,0.99,-6.31,-4.79,-5.08
471,0.02,0.05,1.01,-5.81,-6.52,-7.34
472,0.02,0.02,1.02,-2.19,-9.12,-3.15
473,0.09,0.06,0.99,-0.05,-7.25,0.23
474,0.05,0.07,0.98,3.22,-1.79,0.19
475,0.07,0.09,0.97,1.92,-4.69,0.07
476,0.11,0.12,0.95,-0.5,-1.34,-0.78
477,0.09,0.11,0.98,-3.78,0.43,-1.89
478,0.07,0.09,0.97,-0.85,1.63,-0.62
479,0.06,0.09,0.98,-1.01,-0.79,-3.02
480,0.05,0.09,0.98,-0.85,-2.44,-4.54
481,0.06,0.09,0.98,-0.84,-2.83,-5.46
482,0.05,0.08,0.98,-1.9,-2.02,-5.28
483,0.06,0.08,0.96,-3.95,-0.99,-6.22
484,0.05,0.06,0.99,-4.96,0.46,-5.74
485,0.04,0.05,1.01,-3.82,3.14,-1.82
486,0.01,0.05,1.0,-1.54,2.66,-0.83
487,0.01,0.05,1.0,-1.17,2.4,-0.92
488,0.02,0.07,1.0,-0.23,2.69,-0.41
489,0.02,0.07,0.97,0.47,-0.14,-1.07
490,0.06,0.09,0.96,-1.66,-1.78,-3.27
491,0.05,0.09,0.97,-2.48,-0.87,-2.5
492,0.04,0.08,0.96,-2.7,-3.51,-3.81
493,0.06,0.09,0.97,-4.71,-3.03,-4.5
494,0.06,0.09,0.98,-4.81,-1.44,-3.62
495,0.05,0.08,0.98,-4.67,-2.69,-4.35
496,0.05,0.07,0.98,-5.08,-2.85,-4.79
497,0.06,0.07,0.98,-4.86,-1.76,-3.29
498,0.05,0.05,0.99,-6.3,-3.49,-5.65
499,0.05,0.04,1.03,-5.66,-1.35,-3.04
500,0.04,0.03,1.01,-3.8,-1.31,-2.66
