,accel_x,accel_y,accel_z,gyro_x,gyro_y,gyro_z
0,0.12,0.09,0.96,-6.26,-6.44,-3.44
1,0.16,0.08,1.0,-6.97,-7.15,-6.13
2,0.2,0.08,1.0,-6.15,-5.03,-8.35
3,0.18,0.04,1.03,-5.5,-2.28,-10.73
4,0.16,0.01,1.05,-6.36,2.51,-9.02
5,0.13,-0.02,1.06,-4.55,5.35,-8.06
6,0.12,-0.04,1.08,-3.77,7.68,-7.34
7,0.14,-0.02,1.08,-1.92,10.53,-5.54
8,0.11,0.01,1.05,1.96,11.8,-5.77
9,0.1,0.03,1.01,2.63,12.37,-4.48
10,0.09,0.06,1.04,0.64,9.3,-5.73
11,0.06,0.06,0.95,1.83,7.04,-1.31
12,0.07,0.09,0.94,0.95,6.38,2.02
13,0.09,0.06,0.87,-2.51,6.15,-4.48
14,0.08,0.14,0.9,0.95,-2.26,-5.0
15,0.09,0.13,0.9,-0.43,-3.3,-3.72
16,0.09,0.14,0.9,-5.4,-5.64,-6.07
17,0.09,0.12,0.93,-6.18,-8.22,-7.28
18,0.12,0.08,0.96,-7.69,-8.99,-7.73
19,0.13,0.05,1.01,-10.34,-8.28,-7.24
20,0.16,0.04,1.05,-6.6,-3.5,-6.68
21,0.14,0.03,1.07,-3.64,0.44,-5.79
22,0.12,0.04,1.06,-2.16,5.29,-1.63
23,0.11,0.09,1.02,-1.03,9.04,2.34
24,0.1,0.12,0.97,-0.52,10.15,2.86
25,0.08,0.14,0.93,-0.8,6.14,0.33
26,0.05,0.14,0.92,-1.51,1.1,-1.5
27,0.07,0.14,0.93,-3.1,-3.14,-3.05
28,0.09,0.14,0.93,-5.89,-5.18,-3.82
29,0.12,0.14,0.97,-9.53,-4.1,-3.14
30,0.14,0.16,1.01,-10.6,-1.14,-0.97
31,0.15,0.19,1.04,-9.52,4.04,1.27
32,0.14,0.21,1.05,-7.41,8.52,3.02
33,0.11,0.23,1.04,-6.16,12.22,4.33
34,0.08,0.25,1.04,-4.0,13.35,5.76
35,0.06,0.31,1.04,-3.1,16.46,6.37
36,0.1,0.38,0.99,-0.35,21.15,14.32
37,0.03,0.43,0.97,-1.9,15.78,6.69
38,0.01,0.48,0.94,2.69,9.43,-3.34
39,0.02,0.51,0.92,7.64,1.23,-5.56
40,-0.01,0.47,0.9,10.81,-11.02,-16.6
41,-0.01,0.42,0.92,12.13,-18.35,-23.81
42,-0.02,0.34,0.98,11.47,-20.37,-20.65
43,-0.04,0.3,1.01,9.7,-17.73,-14.09
44,-0.03,0.28,1.05,9.76,-12.07,-5.98
45,-0.04,0.27,1.05,8.89,-4.98,3.56
46,-0.02,0.29,1.03,5.55,3.22,12.53
47,-0.02,0.25,1.04,2.34,8.67,19.69
48,-0.0,0.24,1.03,2.75,11.73,27.35
49,0.03,0.25,1.02,3.15,10.07,25.92
50,0.04,0.25,0.99,5.44,5.36,20.31
51,0.03,0.25,0.98,9.26,-2.73,14.81
52,-0.01,0.24,0.95,10.19,-11.54,9.34
53,-0.02,0.23,0.97,10.82,-20.61,2.21
54,0.04,0.28,0.93,7.35,-21.24,3.06
55,0.06,0.24,0.94,3.06,-16.68,6.41
56,0.06,0.15,0.99,-3.11,-11.05,8.4
57,0.07,0.13,1.04,-7.08,-4.5,10.23
58,0.13,0.15,1.01,-5.5,8.37,18.44
59,0.15,0.18,0.96,-6.38,14.51,18.2
60,0.17,0.19,0.91,-10.4,16.55,16.29
61,0.16,0.25,0.86,-9.78,8.85,6.96
62,0.17,0.29,0.8,-8.49,-1.78,-4.63
63,0.16,0.25,0.78,-11.31,-8.89,-13.24
64,0.12,0.18,0.85,-16.13,-10.88,-13.26
65,0.15,0.13,0.86,-25.3,-1.41,-3.66
66,0.19,0.13,0.84,-39.97,10.49,-0.63
67,0.17,0.1,0.86,-56.45,26.09,7.69
68,0.15,0.04,0.86,-63.85,33.65,6.67
69,0.08,-0.05,0.93,-62.11,29.4,0.44
70,0.05,-0.05,0.95,-49.5,13.29,-5.28
71,0.08,-0.07,0.97,-36.03,-0.84,-14.47
72,0.07,-0.13,1.07,-26.76,-6.97,-14.85
73,0.11,-0.12,1.09,-24.41,-4.36,-4.79
74,0.14,-0.07,1.06,-25.07,2.97,5.81
75,0.11,-0.01,1.02,-26.38,5.17,10.2
76,0.08,-0.01,0.98,-26.53,10.23,13.27
77,0.04,-0.02,0.93,-28.48,6.47,16.53
78,0.03,-0.03,0.92,-28.49,-2.37,10.56
79,0.05,-0.06,0.94,-26.73,-10.45,2.11
80,0.06,-0.13,0.99,-23.47,-10.82,-1.44
81,0.07,-0.17,1.0,-20.79,-8.31,1.96
82,0.11,-0.12,0.94,-23.68,-4.44,1.44
83,0.13,-0.12,0.94,-29.62,4.73,2.62
84,0.15,-0.13,0.96,-37.75,15.85,6.19
85,0.1,-0.2,0.94,-39.53,17.76,5.7
86,0.04,-0.25,0.99,-32.94,13.76,0.34
87,-0.05,-0.33,0.99,-20.88,0.69,-5.78
88,-0.07,-0.38,1.04,-9.34,-15.22,-13.48
89,-0.01,-0.36,1.09,0.15,-19.22,-8.48
90,0.04,-0.31,1.06,0.05,-18.57,-4.58
91,0.11,-0.26,1.08,-1.52,-15.49,-3.83
92,0.22,-0.2,1.08,-5.98,-6.33,-4.53
93,0.3,-0.18,1.1,-7.26,9.33,-5.15
94,0.29,-0.18,1.13,-7.82,27.0,-2.91
95,0.25,-0.16,1.08,-11.82,41.65,3.53
96,0.19,-0.17,1.03,-15.05,45.05,2.83
97,0.14,-0.12,1.0,-16.53,35.66,-5.06
98,0.07,-0.14,0.98,-13.21,24.16,-12.6
99,0.06,-0.15,0.97,-6.65,7.81,-18.86
100,0.12,-0.14,0.97,-3.65,3.34,-20.82
101,0.17,-0.17,1.0,-0.34,6.66,-22.31
102,0.2,-0.14,1.02,-2.37,18.24,-17.34
103,0.22,-0.11,0.97,-8.14,31.58,-14.37
104,0.2,-0.07,0.94,-15.29,42.05,-12.74
105,0.15,-0.08,0.92,-21.26,48.94,-12.32
106,0.06,-0.09,0.9,-22.63,47.7,-7.71
107,-0.03,-0.15,0.88,-16.53,36.0,-14.32
108,-0.05,-0.16,0.88,-5.2,19.94,-15.85
109,-0.08,-0.2,0.88,4.34,3.35,-15.63
110,-0.06,-0.23,0.93,3.97,-11.47,-22.55
111,0.03,-0.18,0.94,3.21,-19.96,-24.92
112,0.08,-0.16,0.98,8.48,-27.3,-30.03
113,0.1,-0.17,0.98,14.6,-31.54,-35.01
114,0.05,-0.15,0.99,14.72,-38.24,-41.49
115,0.12,-0.1,0.94,17.84,-43.52,-37.22
116,0.16,-0.08,0.93,13.44,-43.92,-37.2
117,0.19,-0.05,0.94,3.07,-41.04,-38.69
118,0.23,-0.05,0.98,-9.97,-27.99,-40.12
119,0.25,-0.07,1.05,-19.41,-7.06,-33.26
120,0.2,-0.12,1.08,-23.51,8.89,-26.89
121,0.17,-0.16,1.11,-26.34,19.53,-23.99
122,0.13,-0.24,1.14,-21.45,28.52,-17.59
123,0.04,-0.29,1.13,-8.84,19.73,-19.79
124,0.01,-0.27,1.1,-2.04,8.64,-25.09
125,-0.03,-0.23,1.07,-0.01,0.57,-23.37
126,-0.01,-0.19,1.05,2.65,-4.56,-19.23
127,-0.03,-0.19,1.04,6.13,-8.18,-19.45
128,0.01,-0.16,0.99,5.11,-5.6,-17.43
129,0.01,-0.16,0.97,-3.42,-1.69,-12.99
130,0.01,-0.14,0.95,-10.6,-1.38,-12.17
131,-0.0,-0.14,0.95,-10.56,-3.24,-11.18
132,0.0,-0.13,0.94,-8.07,-7.15,-8.18
133,0.0,-0.13,0.93,-6.89,-11.53,-7.97
134,0.03,-0.12,0.94,-7.22,-14.12,-6.03
135,0.09,-0.09,0.94,-7.38,-12.15,-7.05
136,0.08,-0.09,0.96,-6.09,-8.05,-6.13
137,0.08,-0.06,0.92,-5.11,-5.76,-4.39
138,0.08,-0.04,0.88,-6.6,-3.0,-3.06
139,0.07,-0.04,0.86,-12.42,-0.48,-3.19
140,0.04,-0.05,0.87,-13.85,0.5,-2.62
141,0.04,-0.06,0.89,-13.07,-3.49,-1.59
142,0.08,-0.04,0.89,-15.18,-6.56,-3.48
143,0.12,-0.05,0.92,-15.66,-8.53,-7.8
144,0.14,-0.08,0.96,-17.66,-3.92,-9.68
145,0.14,-0.08,0.98,-19.71,1.94,-8.35
146,0.08,-0.09,0.96,-14.19,0.74,-8.28
147,0.07,-0.09,0.95,-6.99,-5.5,-8.08
148,0.04,-0.1,0.94,-1.1,-14.84,-9.04
149,0.03,-0.11,0.95,0.92,-22.05,-12.37
150,0.06,-0.11,0.99,-0.61,-22.66,-12.29
151,0.1,-0.11,1.02,-3.59,-17.0,-7.66
152,0.15,-0.1,1.03,-8.01,-7.6,-6.28
153,0.17,-0.09,1.07,-11.99,5.75,-3.03
154,0.13,-0.09,1.06,-11.21,14.79,2.05
155,0.09,-0.08,1.01,-9.09,16.2,2.56
156,0.04,-0.09,0.98,-8.52,13.63,1.91
157,0.01,-0.11,0.98,-7.95,6.98,1.79
158,0.01,-0.09,0.98,-4.73,-0.93,1.24
159,0.03,-0.09,0.97,-2.47,-7.68,-1.18
160,0.11,-0.08,1.0,-3.88,-7.37,-2.58
161,0.15,-0.06,1.01,-4.19,-1.11,-4.59
162,0.11,-0.07,0.98,-2.59,2.93,-5.58
163,0.06,-0.1,0.96,-2.79,4.56,-5.37
164,0.02,-0.09,0.95,-3.73,1.72,-4.63
165,0.01,-0.1,0.94,-2.98,-2.92,-3.34
166,0.04,-0.12,0.96,-1.63,-7.82,-3.7
167,0.02,-0.13,0.99,-0.77,-13.38,-8.91
168,0.1,-0.11,0.99,2.59,-8.45,-5.08
169,0.07,-0.11,0.98,4.29,-7.27,-2.94
170,0.03,-0.1,0.96,5.39,-10.24,-2.59
171,0.05,-0.07,0.94,3.4,-12.86,-1.19
172,0.08,-0.07,0.94,-0.69,-14.53,-1.73
173,0.13,-0.06,0.96,-5.66,-12.08,-3.44
174,0.15,-0.09,1.01,-6.27,-6.82,-3.99
175,0.14,-0.09,1.02,-5.92,-0.72,-3.12
176,0.1,-0.09,0.97,-5.71,3.47,-1.81
177,0.04,-0.1,0.95,-5.84,1.49,-2.82
178,0.03,-0.1,0.95,-4.69,-3.37,-2.69
179,0.04,-0.1,0.95,-2.3,-8.38,-2.08
180,0.06,-0.09,0.97,-2.45,-11.49,-1.16
181,0.09,-0.09,0.99,-3.95,-12.5,-2.37
182,0.09,-0.12,1.03,-3.13,-12.49,-2.37
183,0.09,-0.13,1.05,-1.89,-12.32,-1.6
184,0.11,-0.12,1.04,-2.37,-9.94,-1.6
185,0.1,-0.1,1.03,-1.89,-7.43,-1.16
186,0.07,-0.12,1.02,-0.07,-7.23,-1.17
187,0.06,-0.12,1.02,0.49,-7.83,0.63
188,0.07,-0.1,0.99,1.44,-10.4,0.97
189,0.09,-0.1,1.01,2.82,-12.59,-0.32
190,0.13,-0.1,1.02,2.67,-11.34,1.32
191,0.13,-0.09,1.01,2.02,-8.89,3.09
192,0.14,-0.09,1.01,3.67,-7.68,1.63
193,0.12,-0.1,1.02,5.76,-8.54,0.45
194,0.12,-0.1,1.02,4.54,-8.21,1.21
195,0.12,-0.09,1.0,2.42,-7.36,1.18
196,0.11,-0.09,1.0,2.94,-8.56,1.08
197,0.12,-0.08,0.98,4.6,-11.26,0.3
198,0.13,-0.08,1.0,4.36,-10.31,-1.02
199,0.13,-0.09,1.0,3.27,-8.75,-0.19
200,0.13,-0.09,1.0,2.3,-7.08,1.66
201,0.14,-0.11,1.01,0.55,-3.93,1.61
202,0.14,-0.09,1.01,0.28,-3.53,2.81
203,0.16,-0.07,0.98,1.69,-2.4,1.73
204,0.14,-0.07,0.96,3.02,-0.73,2.39
205,0.14,-0.07,0.96,1.11,-0.31,2.58
206,0.12,-0.07,0.96,1.65,0.43,2.0
207,0.1,-0.08,0.94,3.56,-4.03,1.31
208,0.11,-0.06,0.92,2.54,-7.97,0.03
209,0.11,-0.05,0.94,0.48,-9.4,-0.8
210,0.13,-0.05,0.95,-3.46,-7.11,0.34
211,0.15,-0.04,0.96,-5.17,-4.85,0.7
212,0.15,-0.07,0.98,-3.68,-3.66,-0.23
213,0.1,-0.08,1.0,-4.47,-6.21,-6.93
214,0.17,-0.07,1.02,-1.16,-2.18,-2.02
215,0.16,-0.08,1.0,0.8,-0.25,-1.53
216,0.16,-0.06,0.99,1.37,0.39,-2.37
217,0.15,-0.04,0.96,-0.63,2.93,-2.74
218,0.11,-0.05,0.93,-2.3,3.47,-1.46
219,0.1,-0.04,0.93,-4.36,2.39,-0.11
220,0.1,-0.04,0.94,-6.1,2.53,0.23
221,0.1,-0.07,0.95,-6.5,1.69,0.56
222,0.1,-0.09,0.95,-6.5,0.34,0.23
223,0.09,-0.1,0.95,-5.37,-3.31,-0.71
224,0.08,-0.09,0.95,-2.75,-8.14,-1.61
225,0.1,-0.08,0.94,-1.66,-11.75,-1.44
226,0.14,-0.05,0.96,-2.78,-12.37,-0.91
227,0.18,-0.05,0.99,-3.47,-10.21,-0.43
228,0.19,-0.06,0.99,-4.13,-6.11,-0.63
229,0.21,-0.05,1.01,-6.22,-0.64,0.08
230,0.2,-0.05,1.0,-6.02,2.31,-0.44
231,0.16,-0.05,0.98,-5.9,5.1,-0.7
232,0.13,-0.05,0.96,-7.18,3.31,-0.05
233,0.12,-0.05,0.95,-8.27,0.6,-1.97
234,0.1,-0.07,0.96,-8.18,-2.66,-2.53
235,0.08,-0.09,0.98,-7.63,-6.15,-1.15
236,0.1,-0.1,0.99,-7.76,-9.57,-0.38
237,0.14,-0.09,1.02,-7.96,-10.73,-1.56
238,0.17,-0.1,1.02,-6.17,-11.2,-0.61
239,0.19,-0.13,1.05,-3.6,-9.97,-0.4
240,0.23,-0.12,1.05,0.48,-9.5,-1.69
241,0.22,-0.11,1.04,0.47,-4.89,-2.71
242,0.22,-0.13,1.03,1.33,-1.09,-1.18
243,0.23,-0.15,1.02,0.98,2.42,1.08
244,0.27,-0.18,1.05,-0.67,8.59,1.92
245,0.3,-0.26,1.06,7.84,17.25,8.5
246,0.29,-0.43,1.1,19.94,24.08,9.7
247,0.3,-0.61,1.11,28.17,30.02,16.79
248,0.31,-0.82,1.11,27.78,40.05,25.5
249,0.3,-0.98,1.19,28.78,28.21,36.89
250,0.32,-1.17,1.14,43.4,18.1,41.93
251,0.37,-1.4,1.12,64.95,11.29,44.61
252,0.39,-1.71,1.03,67.55,2.43,53.07
253,0.39,-2.0,1.0,57.58,-9.1,59.4
254,0.48,-2.0,1.06,68.5,-48.01,62.37
255,0.63,-2.0,1.05,98.0,-59.02,84.53
256,0.54,-2.0,1.12,135.73,-65.24,72.36
257,0.41,-2.0,0.96,115.57,-72.88,65.66
258,0.44,-2.0,0.78,81.48,-70.02,85.51
259,0.37,-2.0,0.54,60.04,-61.62,74.18
260,0.41,-1.63,0.35,16.48,-61.39,61.69
261,0.33,-0.7,0.12,-37.72,-57.72,22.47
262,0.13,0.12,0.12,-87.73,-79.24,-19.84
263,0.07,0.69,0.68,-161.83,-108.02,-46.76
264,0.12,1.09,1.19,-183.63,-99.61,-16.76
265,0.0,1.13,1.64,-79.2,-57.5,56.81
266,-0.1,1.14,1.58,33.96,-65.63,64.92
267,0.63,1.46,1.62,55.98,-31.16,69.04
268,1.04,1.73,1.6,30.15,43.54,90.0
269,1.05,1.83,1.73,28.36,110.39,91.15
270,0.82,2.0,1.73,92.38,144.94,103.84
271,0.55,2.0,1.12,128.58,165.34,95.05
272,0.25,2.0,0.52,122.66,146.85,97.8
273,0.46,2.0,0.02,92.49,98.12,63.84
274,0.51,2.0,-0.13,36.51,60.36,-10.38
275,0.18,2.0,0.3,-40.66,24.18,-77.12
276,-0.05,1.58,0.95,-65.31,-6.33,-103.69
277,0.14,0.71,1.43,-1.54,6.98,-55.74
278,-0.14,0.53,1.75,60.15,-57.03,-72.18
279,0.1,0.35,1.21,123.0,-37.09,-87.2
280,0.21,0.49,0.8,110.14,21.36,-18.27
281,-0.04,0.41,0.48,51.47,53.69,6.08
282,-0.18,0.29,0.31,19.08,30.5,-22.27
283,-0.25,0.22,0.35,14.32,9.45,-34.59
284,-0.27,0.11,0.43,-7.74,-2.9,-24.88
285,-0.25,0.02,0.59,-25.69,-18.21,-26.34
286,-0.08,0.02,0.82,-32.28,-17.44,-24.04
287,0.04,0.06,0.95,-34.23,-2.8,-9.63
288,0.1,0.18,0.95,-32.57,4.53,-0.34
289,0.12,0.29,0.87,-34.79,2.63,-7.85
290,0.12,0.3,0.92,-39.97,2.82,-5.99
291,0.13,0.28,0.99,-35.97,-6.09,-10.87
292,0.15,0.24,1.0,-25.73,-9.4,-19.86
293,0.08,0.15,1.04,-24.22,-9.21,-19.9
294,0.1,0.11,1.02,-27.88,-5.09,-10.54
295,0.12,0.08,1.0,-33.15,1.96,-4.34
296,0.11,0.06,1.0,-33.63,2.29,-1.08
297,0.1,0.04,0.99,-29.92,-0.19,-1.36
298,0.1,0.01,0.99,-26.59,-2.95,-4.63
299,0.07,0.01,0.96,-25.85,-6.65,-4.62
300,0.09,0.0,0.95,-26.47,-10.86,-9.48
301,0.1,-0.03,0.98,-25.5,-13.58,-12.71
302,0.13,-0.06,1.01,-24.84,-17.34,-16.0
303,0.14,-0.11,1.06,-24.01,-18.61,-17.77
304,0.14,-0.16,1.14,-21.15,-16.82,-16.79
305,0.14,-0.18,1.19,-19.56,-9.21,-9.73
306,0.14,-0.17,1.18,-15.53,-1.89,-1.02
307,0.12,-0.14,1.13,-11.4,-0.99,0.56
308,0.15,-0.07,1.09,-6.87,-2.96,0.36
309,0.15,-0.01,1.04,-2.78,-7.82,-5.02
310,0.2,0.03,1.01,-1.61,-9.24,-7.31
311,0.19,0.01,1.0,0.79,-11.26,-9.16
312,0.19,0.02,0.99,-0.19,-12.54,-11.37
313,0.22,0.0,1.02,-3.17,-7.59,-8.42
314,0.24,-0.0,1.03,-0.05,-4.87,-6.58
315,0.26,0.02,1.02,0.68,-3.31,-7.83
316,0.26,0.03,1.0,1.51,-0.53,-8.81
317,0.25,0.06,0.99,3.89,0.82,-12.26
318,0.24,0.08,0.99,5.11,5.16,-7.23
319,0.21,0.1,0.95,5.11,6.23,-6.85
320,0.19,0.12,0.9,2.72,7.01,-6.85
321,0.17,0.13,0.88,1.11,6.44,-4.53
322,0.12,0.11,0.86,-3.11,2.85,-6.79
323,0.1,0.08,0.88,-7.68,-0.79,-7.37
324,0.1,0.05,0.9,-9.98,-3.11,-7.87
325,0.12,0.02,0.95,-11.41,-2.21,-6.37
326,0.13,0.01,0.98,-9.23,-2.36,-4.05
327,0.14,-0.0,1.0,-7.63,-1.73,-3.28
328,0.14,-0.0,1.0,-7.41,-0.38,-0.42
329,0.14,-0.01,1.01,-8.7,0.74,0.51
330,0.17,-0.01,1.02,-7.93,0.76,1.8
331,0.2,-0.01,1.03,-4.62,1.07,0.27
332,0.22,-0.02,1.03,-3.66,0.56,-1.45
333,0.25,0.0,1.03,-3.6,3.21,-1.34
334,0.23,-0.01,1.04,-3.11,4.68,-4.08
335,0.22,0.0,1.03,-2.64,6.27,-4.5
336,0.21,0.01,0.99,-2.35,6.81,-6.22
337,0.15,-0.02,0.99,-3.92,3.6,-9.88
338,0.14,-0.03,1.02,-2.6,2.44,-9.48
339,0.13,-0.03,1.04,-0.02,3.76,-6.84
340,0.13,-0.01,1.02,1.27,4.81,-3.98
341,0.14,0.02,1.0,1.31,5.25,-2.42
342,0.16,0.06,0.97,2.01,4.59,-2.64
343,0.16,0.09,0.94,2.54,3.26,-4.76
344,0.14,0.11,0.91,0.21,2.27,-6.54
345,0.14,0.12,0.9,-3.37,1.2,-7.21
346,0.11,0.12,0.9,-5.95,0.59,-7.18
347,0.1,0.12,0.9,-8.2,-1.95,-6.31
348,0.1,0.11,0.91,-10.08,-2.77,-5.42
349,0.12,0.1,0.9,-8.87,-5.47,-5.43
350,0.13,0.06,0.91,-10.57,-5.92,-5.99
351,0.11,-0.01,0.95,-14.94,-3.65,-1.87
352,0.11,-0.06,1.0,-17.48,0.73,4.91
353,0.07,-0.16,1.08,-17.56,5.58,12.24
354,0.09,-0.15,1.13,-17.7,11.02,23.05
355,0.14,-0.08,1.09,-12.89,14.81,26.47
356,0.18,-0.01,1.04,-7.08,12.95,19.11
357,0.18,0.04,0.99,-0.62,5.49,6.49
358,0.2,0.07,0.97,5.72,-3.05,-4.95
359,0.21,0.09,0.94,7.97,-8.08,-14.27
360,0.19,0.07,0.94,5.14,-10.05,-17.99
361,0.17,0.06,0.93,2.18,-9.03,-15.58
362,0.14,0.01,0.94,-2.48,-4.49,-9.5
363,0.11,-0.01,0.96,-6.77,-1.27,-2.34
364,0.14,0.0,0.97,-10.55,1.66,2.36
365,0.13,-0.02,1.0,-10.66,0.77,0.69
366,0.15,-0.02,1.02,-7.05,-1.84,-1.86
367,0.18,0.0,1.02,-3.63,-1.85,-3.85
368,0.19,0.01,1.01,-2.73,0.18,-5.94
369,0.18,-0.0,1.0,-1.79,0.69,-5.64
370,0.16,0.02,0.99,-1.1,1.11,-5.08
371,0.17,0.03,0.98,-2.56,3.05,-5.87
372,0.14,0.03,0.96,-3.24,1.94,-5.62
373,0.14,0.03,0.98,-2.48,-0.98,-6.56
374,0.14,0.02,0.96,-2.7,-2.05,-7.66
375,0.13,-0.01,0.98,-2.76,-4.56,-10.59
376,0.14,-0.02,1.01,-2.4,-3.41,-7.79
377,0.14,-0.03,1.02,-1.27,0.02,-4.37
378,0.14,-0.02,0.99,-2.6,2.84,-0.94
379,0.15,0.02,0.98,-5.1,6.15,2.14
380,0.16,0.03,0.96,-4.61,5.57,-0.15
381,0.12,0.01,0.97,-3.65,2.64,-3.59
382,0.1,-0.01,0.98,-4.14,0.89,-3.82
383,0.09,-0.02,0.99,-3.16,-0.69,-2.37
384,0.1,-0.02,1.0,-3.82,-0.59,-0.8
385,0.11,-0.01,0.99,-4.63,0.46,1.21
386,0.12,-0.0,0.99,-3.51,-0.08,0.49
387,0.12,0.0,0.99,-3.13,-0.79,0.69
388,0.14,0.03,0.97,-2.59,-0.69,0.93
389,0.16,0.04,0.97,-2.2,0.15,-0.73
390,0.16,0.05,0.96,-0.69,-0.52,-1.4
391,0.17,0.06,0.95,-1.12,-0.29,-2.56
392,0.15,0.03,0.94,-3.03,-2.69,-5.7
393,0.15,0.01,0.97,-5.39,-3.33,-6.25
394,0.15,-0.01,0.99,-6.21,-1.56,-4.04
395,0.15,-0.02,1.03,-5.45,-0.65,-2.28
396,0.15,-0.03,1.02,-3.37,0.15,-1.17
397,0.16,-0.02,1.01,-1.01,0.35,-1.59
398,0.14,-0.02,1.0,-1.32,0.6,-2.79
399,0.14,-0.02,1.0,-2.18,0.23,-2.14
400,0.15,-0.02,1.0,-0.93,1.5,-2.77
401,0.14,-0.01,1.0,0.0,2.07,-2.68
402,0.14,0.0,0.99,-0.92,3.32,-0.78
403,0.18,0.03,0.97,0.6,5.14,4.02
404,0.14,0.04,0.97,-1.82,2.94,-4.59
405,0.16,0.07,0.95,-0.26,0.66,-4.31
406,0.16,0.08,0.93,-2.66,1.09,-5.88
407,0.15,0.05,0.94,-4.73,-0.92,-8.09
408,0.12,0.02,0.97,-5.47,-2.47,-7.41
409,0.13,0.01,0.98,-5.03,-1.02,-4.4
410,0.1,-0.03,0.99,-5.3,-0.39,-3.4
411,0.11,-0.02,1.0,-4.81,0.53,-0.1
412,0.13,0.0,0.99,-4.66,1.61,0.3
413,0.12,0.0,1.0,-3.82,0.01,-2.37
414,0.13,0.0,1.0,-2.42,-1.5,-3.84
415,0.14,-0.02,1.0,-1.09,-1.37,-4.25
416,0.12,-0.05,1.01,-1.6,-1.12,-3.29
417,0.12,-0.03,1.03,-2.0,1.03,1.5
418,0.14,-0.01,1.0,-0.73,2.41,3.52
419,0.15,0.02,0.97,-1.47,0.74,-1.1
420,0.15,0.03,0.99,-1.11,-0.6,-2.46
421,0.18,0.04,0.97,-0.77,-0.51,-4.46
422,0.17,0.04,0.95,-1.5,-1.3,-6.44
423,0.16,0.04,0.97,-1.83,-1.81,-7.37
424,0.15,0.04,0.97,-3.06,-1.26,-6.97
425,0.14,0.01,0.97,-3.19,-2.47,-8.05
426,0.13,-0.0,0.98,-2.63,-4.9,-10.54
427,0.12,-0.0,1.0,-1.12,-4.4,-10.12
428,0.12,-0.02,0.99,-0.61,-2.62,-7.98
429,0.1,-0.03,1.0,-2.96,-0.74,-3.12
430,0.12,-0.02,0.99,-4.24,1.97,0.29
431,0.1,-0.01,0.99,-4.14,3.26,1.78
432,0.1,-0.01,0.97,-3.5,1.84,2.37
433,0.11,-0.02,0.99,-2.91,-2.24,-1.53
434,0.14,-0.01,1.0,-0.24,-4.14,-3.18
435,0.15,-0.0,1.02,0.66,-1.5,-1.92
436,0.15,-0.0,0.99,0.15,1.63,2.23
437,0.15,0.02,0.97,-1.05,1.73,2.48
438,0.17,0.02,0.97,-2.24,0.47,-0.63
439,0.17,0.04,0.99,-3.06,0.98,-0.67
440,0.17,0.04,0.98,-3.16,1.69,-0.95
441,0.16,0.05,0.95,-3.45,0.15,-3.07
442,0.17,0.04,0.96,-4.69,-0.7,-6.66
443,0.17,0.02,0.99,-2.72,-2.73,-8.63
444,0.15,0.01,1.0,-2.0,-1.79,-10.41
445,0.11,-0.01,1.0,-2.6,-0.92,-7.14
446,0.11,-0.01,0.99,-3.46,0.27,-4.65
447,0.1,-0.03,1.0,-4.73,0.5,-3.15
448,0.11,-0.02,1.01,-2.1,1.11,-0.4
449,0.11,-0.01,0.99,-0.55,1.76,-1.11
450,0.08,-0.01,0.98,-1.69,-0.2,-0.08
451,0.09,0.01,0.97,-2.26,0.11,2.26
452,0.12,0.02,0.96,-3.04,-1.6,0.95
453,0.14,0.03,0.96,-5.17,-1.18,1.46
454,0.15,0.04,0.96,-5.53,-1.01,1.1
455,0.17,0.04,0.96,-5.66,-1.66,-1.74
456,0.17,0.04,0.97,-6.18,-2.56,-2.92
457,0.15,0.03,0.98,-6.31,-2.64,-4.12
458,0.16,0.02,0.97,-5.89,-2.28,-5.01
459,0.15,0.0,0.99,-7.69,-1.37,-4.59
460,0.15,0.0,1.0,-7.57,0.76,-1.98
461,0.15,-0.02,1.01,-6.01,1.31,-2.77
462,0.13,-0.04,1.01,-4.32,-0.79,-4.27
463,0.14,-0.03,1.02,-3.08,-0.15,-3.24
464,0.14,-0.03,1.02,-2.66,1.33,-3.0
465,0.14,-0.02,1.0,-2.55,1.79,-2.27
466,0.14,0.01,1.0,-1.63,2.56,-1.56
467,0.14,0.02,0.97,-1.62,2.03,-2.54
468,0.13,0.02,0.97,-2.05,0.57,-3.98
469,0.13,0.02,0.95,-1.58,-0.3,-3.41
470,0.11,0.02,0.95,-3.27,-1.47,-3.95
471,0.12,0.01,0.97,-5.15,-1.39,-2.31
472,0.14,0.0,0.99,-5.57,-0.7,-1.82
473,0.13,-0.0,0.98,-4.61,-0.84,-1.93
474,0.12,-0.02,0.99,-3.87,-2.21,-3.08
475,0.13,-0.01,1.01,-3.11,-1.5,-1.46
476,0.13,-0.01,1.0,-2.49,-1.19,-1.69
477,0.13,-0.02,1.0,-2.95,-1.06,-1.26
478,0.14,-0.0,1.0,-3.37,0.05,-0.37
479,0.15,-0.0,1.0,-3.31,0.85,-0.81
480,0.13,-0.02,0.99,-3.05,0.5,-1.18
481,0.15,-0.01,1.0,-2.9,0.28,-0.86
482,0.16,0.01,0.98,-2.85,1.42,-0.77
483,0.15,0.02,0.96,-3.26,1.27,-1.85
484,0.15,0.05,0.97,-3.56,-0.75,-4.28
485,0.15,0.05,0.95,-3.91,-1.49,-5.99
486,0.15,0.04,0.96,-5.09,-2.15,-7.08
487,0.14,0.02,0.96,-6.37,-1.8,-6.46
488,0.14,0.0,0.98,-5.81,-2.62,-6.89
489,0.11,-0.02,0.98,-5.63,-4.0,-9.82
490,0.13,-0.04,1.0,-5.82,-1.11,-4.53
491,0.11,-0.06,1.02,-4.98,0.34,-1.66
492,0.12,-0.04,1.02,-1.76,-0.15,-0.68
493,0.12,-0.04,1.0,-1.45,0.38,-2.21
494,0.12,-0.03,1.0,-0.4,-0.24,-0.34
495,0.14,0.01,0.98,-0.54,0.95,0.42
496,0.14,0.02,0.98,-2.47,1.56,-0.15
497,0.16,0.03,0.96,-2.4,1.63,-1.0
498,0.14,0.03,0.96,-2.92,1.48,-1.58
499,0.14,0.03,0.95,-3.73,0.34,-2.53
500,0.14,0.03,0.96,-3.93,0.03,-4.57
