,accel_x,accel_y,accel_z,gyro_x,gyro_y,gyro_z
0,-0.04,-0.11,0.95,-3.46,0.95,-1.24
1,-0.05,-0.12,0.97,-2.32,0.48,-2.4
2,-0.06,-0.14,0.98,-1.4,-3.63,-6.6
3,-0.04,-0.14,0.99,-0.72,-5.95,-6.36
4,-0.05,-0.14,0.98,-0.61,-3.36,-3.99
5,-0.06,-0.15,0.99,-0.81,-2.27,-2.63
6,-0.06,-0.14,0.98,-1.5,-0.22,0.73
7,-0.07,-0.13,0.96,-2.66,0.86,2.37
8,-0.06,-0.13,0.97,-2.87,-1.95,1.59
9,-0.06,-0.13,0.99,-2.69,-3.53,0.63
10,-0.05,-0.13,0.97,-1.15,-2.7,1.43
11,-0.05,-0.13,0.98,-0.81,-2.98,1.08
12,-0.03,-0.11,0.99,0.52,-2.46,0.69
13,-0.02,-0.1,0.96,1.4,-3.46,-1.76
14,-0.03,-0.09,0.95,1.17,-4.01,-3.59
15,-0.04,-0.1,0.95,0.66,-4.35,-5.76
16,-0.03,-0.11,0.96,-1.47,-4.27,-7.27
17,-0.03,-0.12,0.98,-3.15,-1.13,-7.37
18,-0.05,-0.13,0.99,-2.22,-2.79,-6.73
19,-0.04,-0.14,1.0,-0.34,-2.08,-5.71
20,-0.04,-0.13,1.0,2.82,3.84,-0.7
21,-0.05,-0.13,0.98,-0.66,0.69,-1.6
22,-0.06,-0.14,0.99,-1.1,2.37,0.11
23,-0.06,-0.14,0.99,-1.47,1.37,0.12
24,-0.08,-0.15,0.99,-0.96,2.67,1.9
25,-0.05,-0.15,0.99,-0.39,2.5,1.19
26,-0.04,-0.14,1.0,0.27,3.52,-0.2
27,-0.04,-0.14,1.01,1.47,3.47,0.49
28,-0.05,-0.14,1.0,2.78,3.11,0.03
29,-0.05,-0.14,1.0,3.17,5.15,2.13
30,-0.04,-0.13,0.99,3.86,5.48,2.03
31,-0.04,-0.12,0.99,4.76,4.25,2.93
32,-0.04,-0.11,0.99,5.33,3.86,2.17
33,-0.05,-0.11,0.97,6.4,2.87,0.26
34,-0.05,-0.11,0.99,7.47,1.96,0.34
35,-0.05,-0.09,0.97,8.21,2.71,2.15
36,-0.04,-0.1,0.98,7.46,4.01,1.2
37,-0.06,-0.1,0.99,8.21,3.47,0.53
38,-0.06,-0.1,0.99,10.5,3.79,1.46
39,-0.04,-0.1,0.97,15.48,8.6,0.95
40,-0.05,-0.07,1.04,12.92,4.42,-0.33
41,-0.07,-0.09,1.0,15.07,4.62,-2.56
42,-0.07,-0.08,0.99,16.67,6.17,1.67
43,-0.07,-0.08,0.95,17.45,6.43,2.32
44,-0.09,-0.07,0.96,17.09,6.01,-0.44
45,-0.04,-0.06,0.95,14.74,5.99,4.21
46,-0.08,-0.06,0.96,10.23,11.91,2.36
47,-0.07,-0.06,1.01,10.99,12.1,3.38
48,-0.08,-0.05,1.02,10.84,14.74,7.18
49,-0.08,-0.03,1.01,12.37,19.6,9.76
50,-0.1,-0.03,1.02,13.28,19.94,12.96
51,-0.11,-0.02,1.02,15.31,20.82,14.87
52,-0.11,0.01,1.0,18.45,17.3,13.6
53,-0.14,0.02,0.98,19.91,14.37,11.56
54,-0.15,0.06,0.97,21.15,6.31,7.53
55,-0.14,0.09,0.96,18.16,3.18,3.91
56,-0.15,0.1,1.0,13.67,4.57,3.79
57,-0.17,0.12,1.02,12.19,5.66,5.82
58,-0.19,0.13,1.03,12.68,5.7,6.25
59,-0.21,0.16,1.07,13.93,7.15,10.79
60,-0.2,0.18,1.08,18.04,8.44,16.42
61,-0.22,0.2,1.05,24.43,11.2,21.11
62,-0.22,0.26,0.99,28.37,9.44,22.27
63,-0.23,0.3,0.98,26.66,6.85,19.42
64,-0.26,0.35,0.97,24.65,-0.27,17.18
65,-0.29,0.38,0.93,20.87,-16.56,6.67
66,-0.24,0.4,0.95,14.75,-32.79,-4.82
67,-0.23,0.34,1.02,8.95,-42.2,-13.04
68,-0.24,0.22,1.14,6.35,-45.98,-12.92
69,-0.18,0.14,1.23,5.62,-36.5,-1.34
70,-0.12,0.12,1.28,9.45,-18.41,14.21
71,-0.11,0.14,1.27,18.14,-5.33,25.52
72,-0.12,0.18,1.21,32.31,3.09,32.96
73,-0.09,0.23,1.14,42.96,-0.49,40.21
74,-0.11,0.34,1.05,50.94,-7.38,33.17
75,-0.08,0.39,0.96,55.02,-10.2,30.5
76,-0.05,0.49,0.83,49.24,-15.39,21.84
77,0.0,0.54,0.74,35.42,-11.6,19.79
78,0.0,0.58,0.67,12.44,-7.65,15.56
79,0.0,0.52,0.71,-12.06,-0.44,13.45
80,-0.03,0.41,0.83,-27.48,7.02,14.48
81,-0.01,0.25,0.92,-29.02,15.05,21.9
82,0.02,0.17,0.98,-19.97,14.4,23.73
83,0.03,0.09,0.97,1.82,3.05,17.47
84,-0.05,0.1,0.93,16.85,-15.3,-3.34
85,-0.06,0.06,0.91,23.79,-21.57,-4.55
86,-0.04,0.04,0.85,23.04,-17.08,1.76
87,0.02,0.06,0.8,9.95,-8.47,5.6
88,0.08,0.07,0.79,-7.51,8.34,7.6
89,0.15,0.07,0.89,-24.33,26.17,13.44
90,0.02,-0.02,0.81,-33.84,31.33,3.1
91,-0.02,-0.11,0.86,-39.57,28.27,-6.15
92,-0.11,-0.22,0.97,-38.5,13.6,-15.91
93,-0.17,-0.3,1.07,-25.58,-13.63,-29.65
94,-0.19,-0.32,1.12,-8.58,-36.95,-39.52
95,-0.16,-0.29,1.1,3.36,-43.23,-36.57
96,-0.12,-0.23,1.06,4.99,-27.33,-25.47
97,-0.06,-0.18,1.0,0.88,-0.89,-8.04
98,-0.05,-0.15,0.87,-10.64,21.47,7.69
99,-0.05,-0.1,0.88,-23.07,33.31,12.91
100,-0.01,-0.1,0.8,-39.22,38.6,6.5
101,-0.03,-0.2,0.88,-47.27,36.63,-0.3
102,-0.11,-0.25,0.96,-51.94,23.0,-13.34
103,-0.19,-0.34,1.04,-41.66,8.47,-19.61
104,-0.22,-0.35,1.1,-26.61,-11.68,-24.51
105,-0.17,-0.33,1.09,-14.95,-19.3,-26.07
106,-0.11,-0.32,1.08,-12.88,-9.76,-19.36
107,-0.04,-0.29,1.09,-13.73,6.85,-5.83
108,-0.01,-0.24,1.06,-16.78,24.08,2.83
109,0.02,-0.2,1.05,-20.53,35.64,4.37
110,0.02,-0.19,1.05,-22.09,43.89,7.07
111,0.01,-0.17,1.04,-21.19,49.37,8.32
112,0.0,-0.19,1.0,-14.21,46.19,8.46
113,-0.1,-0.17,1.0,-6.71,35.29,1.76
114,-0.16,-0.17,0.99,2.78,14.52,-5.49
115,-0.24,-0.2,0.99,12.33,-3.71,-11.69
116,-0.13,-0.23,0.97,18.83,-3.6,4.74
117,-0.17,-0.19,1.0,20.53,-4.85,-0.24
118,-0.08,-0.14,0.95,15.76,5.15,3.05
119,-0.07,-0.12,0.98,9.71,9.54,2.87
120,-0.08,-0.11,0.98,8.04,15.15,3.82
121,-0.12,-0.07,0.97,4.11,17.81,3.88
122,-0.03,-0.06,0.98,1.25,27.6,12.48
123,-0.11,-0.05,0.95,-0.24,21.6,6.56
124,-0.07,-0.04,0.93,2.02,22.09,3.5
125,-0.1,-0.05,0.93,0.97,13.59,-4.05
126,-0.1,-0.04,0.93,0.49,7.27,-8.4
127,-0.11,-0.04,0.92,0.15,4.53,-9.93
128,-0.14,-0.04,0.92,-1.44,1.73,-12.5
129,-0.17,-0.05,0.92,-4.01,2.32,-10.14
130,-0.15,-0.04,0.91,-5.56,6.2,-5.45
131,-0.17,-0.04,0.89,-7.23,6.34,-4.95
132,-0.17,-0.05,0.89,-10.49,7.5,-0.91
133,-0.14,-0.04,0.89,-12.79,9.11,2.89
134,-0.12,-0.04,0.89,-14.87,-0.18,-6.69
135,-0.13,-0.07,0.92,-15.34,-10.86,-16.66
136,-0.16,-0.12,0.97,-11.69,-12.59,-14.92
137,-0.16,-0.12,1.0,-5.89,-6.85,-5.63
138,-0.17,-0.1,0.95,-0.24,-5.73,-2.63
139,-0.18,-0.06,0.92,0.58,-9.12,-3.39
140,-0.17,-0.04,0.91,-2.56,-12.44,-4.75
141,-0.14,-0.03,0.91,-5.32,-15.92,-5.01
142,-0.11,-0.02,0.92,-8.23,-13.99,-4.33
143,-0.1,-0.04,0.95,-10.27,-13.61,-6.21
144,-0.09,-0.05,0.99,-12.17,-12.85,-8.92
145,-0.11,-0.1,1.02,-11.28,-6.02,-3.43
146,-0.1,-0.08,1.0,-7.73,-2.11,-1.86
147,-0.11,-0.06,0.98,-7.5,-3.66,-4.39
148,-0.13,-0.08,0.98,-7.44,-5.86,-5.65
149,-0.14,-0.08,1.0,-5.37,-8.72,-4.95
150,-0.16,-0.09,0.99,-0.4,-11.27,-2.76
151,-0.16,-0.07,0.97,3.6,-13.6,0.0
152,-0.16,-0.06,0.95,6.83,-16.6,0.27
153,-0.11,-0.03,0.95,7.68,-17.15,-0.53
154,-0.08,0.01,0.93,4.05,-14.83,-0.75
155,-0.06,0.04,0.91,0.13,-11.78,-0.44
156,-0.05,0.05,0.9,-5.82,-10.2,-3.8
157,-0.02,0.04,0.94,-10.68,-3.75,-3.17
158,-0.02,0.03,0.95,-11.97,-2.11,-4.52
159,-0.05,0.03,0.95,-12.17,-0.99,-4.76
160,-0.07,0.03,0.95,-11.13,1.74,-1.99
161,-0.1,0.03,0.91,-12.45,-6.68,-8.2
162,-0.1,0.01,0.92,-13.11,-12.21,-11.74
163,-0.09,-0.03,0.95,-15.08,-14.57,-13.3
164,-0.06,-0.05,0.99,-14.43,-13.7,-13.82
165,-0.07,-0.07,1.02,-10.5,-10.49,-12.48
166,-0.09,-0.06,0.98,-7.4,-6.76,-9.25
167,-0.09,-0.04,0.95,-6.77,-7.03,-9.77
168,-0.09,-0.02,0.92,-9.04,-9.66,-10.2
169,-0.1,-0.02,0.92,-11.05,-7.79,-9.63
170,-0.1,-0.04,0.93,-14.22,-7.39,-9.67
171,-0.09,-0.06,0.97,-13.78,-7.56,-9.95
172,-0.08,-0.07,0.99,-11.35,-7.95,-9.64
173,-0.09,-0.05,0.97,-8.56,-8.68,-8.76
174,-0.08,-0.05,0.96,-7.58,-9.02,-9.29
175,-0.09,-0.04,0.97,-7.24,-11.11,-8.61
176,-0.08,-0.03,0.97,-6.91,-10.93,-8.14
177,-0.07,-0.03,0.96,-6.97,-12.4,-10.08
178,-0.06,-0.04,0.98,-7.11,-14.24,-11.25
179,-0.06,-0.04,0.98,-7.21,-15.18,-10.97
180,-0.03,-0.03,0.97,-8.56,-11.95,-11.89
181,-0.03,-0.03,0.96,-10.75,-7.43,-11.34
182,-0.06,-0.03,0.95,-14.05,-4.89,-12.56
183,-0.08,-0.06,0.97,-16.75,-1.29,-11.59
184,-0.11,-0.09,0.98,-17.85,-1.33,-11.88
185,-0.12,-0.12,1.01,-16.05,-4.26,-14.13
186,-0.12,-0.15,1.02,-11.76,-5.44,-11.94
187,-0.12,-0.14,1.01,-7.18,-2.24,-5.81
188,-0.13,-0.12,0.98,-5.13,-3.31,-2.63
189,-0.14,-0.11,0.96,-4.95,-4.34,-0.15
190,-0.13,-0.11,0.98,-5.63,-6.1,0.76
191,-0.1,-0.09,0.98,-6.36,-11.73,-3.88
192,-0.08,-0.1,1.0,-5.66,-13.48,-7.33
193,-0.06,-0.11,1.03,-4.49,-11.32,-6.02
194,-0.05,-0.09,1.01,-2.59,-7.18,-3.15
195,-0.07,-0.08,0.99,-2.16,-1.96,-0.18
196,-0.07,-0.06,0.96,-4.15,0.55,0.5
197,-0.07,-0.06,0.95,-5.85,-0.72,-1.22
198,-0.07,-0.06,0.96,-7.6,-0.14,-0.42
199,-0.09,-0.06,0.98,-8.16,-0.1,-0.14
200,-0.08,-0.06,0.96,-6.5,-0.39,1.31
201,-0.05,-0.09,0.94,-6.25,-1.5,2.18
202,-0.08,-0.06,0.98,-6.55,-8.0,-1.9
203,-0.07,-0.06,0.98,-6.65,-8.77,-3.53
204,-0.07,-0.07,0.99,-8.08,-8.82,-3.2
205,-0.02,-0.07,1.01,-8.73,-5.56,-2.79
206,-0.01,-0.07,1.02,-9.01,-2.92,-4.02
207,-0.0,-0.09,1.02,-7.68,-1.43,-5.72
208,-0.04,-0.11,1.03,-5.4,-0.44,-4.73
209,-0.06,-0.11,1.0,-3.87,0.95,-2.28
210,-0.09,-0.09,0.97,-4.76,0.63,-1.73
211,-0.11,-0.05,0.99,-8.01,2.31,-1.56
212,-0.07,-0.06,0.97,-6.76,-2.28,-3.36
213,-0.06,-0.05,0.95,-6.89,-4.52,-4.75
214,-0.07,-0.05,0.95,-8.92,-7.18,-6.76
215,-0.04,-0.05,0.95,-10.96,-8.14,-6.29
216,-0.03,-0.06,0.96,-11.69,-8.11,-8.01
217,-0.02,-0.09,1.0,-11.11,-9.21,-9.98
218,-0.01,-0.11,1.04,-7.8,-6.93,-6.96
219,-0.01,-0.11,1.03,-4.06,-2.56,-4.28
220,-0.02,-0.11,1.0,-2.6,-0.62,-5.48
221,-0.04,-0.09,0.98,-1.96,0.31,-4.44
222,-0.07,-0.08,0.96,-2.92,0.05,-3.76
223,-0.08,-0.08,0.95,-4.33,-1.53,-4.33
224,-0.07,-0.08,0.96,-5.02,-3.31,-5.41
225,-0.09,-0.08,0.96,-5.47,-3.63,-4.5
226,-0.09,-0.07,0.95,-6.47,-2.96,-2.55
227,-0.08,-0.07,0.95,-8.16,-3.6,-3.16
228,-0.06,-0.07,0.97,-9.16,-3.74,-3.29
229,-0.02,-0.07,1.0,-8.62,-3.08,-2.33
230,-0.03,-0.07,0.99,-6.54,-3.73,-4.47
231,-0.03,-0.07,1.0,-6.17,-1.91,-2.73
232,-0.02,-0.09,1.01,-6.35,1.48,-0.46
233,-0.03,-0.09,0.99,-6.34,3.48,-1.24
234,-0.06,-0.09,0.98,-6.14,2.77,-1.79
235,-0.08,-0.09,0.95,-6.46,-0.53,-3.63
236,-0.08,-0.09,0.95,-6.81,-4.0,-4.61
237,-0.1,-0.09,0.94,-7.37,-5.83,-3.93
238,-0.1,-0.11,0.95,-8.82,-9.08,-3.82
239,-0.06,-0.12,0.97,-10.61,-8.06,-2.76
240,-0.04,-0.14,0.99,-10.02,-7.76,-2.51
241,-0.0,-0.15,1.01,-8.21,-8.21,-1.6
242,0.04,-0.16,1.02,-6.75,-6.93,-2.78
243,0.04,-0.18,1.03,-5.85,-7.62,-7.16
244,0.03,-0.22,1.05,-5.24,-6.7,-7.53
245,0.03,-0.28,1.04,-4.8,-4.29,-6.77
246,0.01,-0.37,1.05,-4.03,-2.9,-4.33
247,-0.02,-0.53,1.07,1.01,-14.34,-3.71
248,0.06,-0.76,1.1,11.22,-23.02,22.98
249,0.11,-0.96,1.14,13.07,-33.13,36.52
250,0.28,-1.17,1.19,24.61,-52.7,56.71
251,0.4,-1.34,1.1,24.02,-53.44,76.56
252,0.42,-1.52,1.0,18.66,-46.56,67.08
253,0.46,-1.7,0.88,22.5,-40.14,47.93
254,0.41,-1.92,0.75,34.23,-36.5,32.05
255,0.29,-2.0,0.57,29.66,-39.48,19.06
256,0.17,-2.0,0.45,27.69,-41.58,21.08
257,0.04,-2.0,0.31,13.59,-58.27,11.34
258,-0.14,-2.0,0.48,4.84,-77.64,-14.45
259,-0.05,-2.0,0.75,9.7,-80.57,21.14
260,0.29,-2.0,0.88,12.55,-40.11,88.4
261,0.6,-1.71,0.71,16.76,15.32,129.01
262,0.76,-1.02,0.62,14.89,58.3,119.04
263,0.56,-0.37,0.68,20.88,88.31,104.22
264,0.07,0.28,0.64,24.95,49.67,95.35
265,-0.38,0.94,0.75,30.24,15.89,66.86
266,-0.69,1.45,0.7,7.02,-7.78,42.78
267,-0.81,1.62,0.73,-25.2,-26.07,14.78
268,-0.57,1.45,1.02,-58.47,-30.86,10.34
269,-0.19,1.24,1.36,-79.79,-13.61,20.12
270,0.12,1.23,1.79,-88.02,14.59,50.16
271,0.37,1.34,2.0,-61.65,63.53,87.53
272,0.55,1.69,2.0,-10.49,139.21,145.47
273,0.61,2.0,1.86,37.76,178.18,154.61
274,0.96,2.0,2.0,103.07,-50.01,46.26
275,1.74,2.0,1.08,138.54,-33.31,-79.32
276,1.4,2.0,0.63,2.51,224.15,-83.47
277,-0.01,2.0,0.84,-37.05,139.26,-79.36
278,-1.16,1.78,0.97,-22.23,-94.02,-250.14
279,-0.68,0.52,1.34,-19.37,-250.14,-250.14
280,0.23,-0.32,1.88,61.53,-217.37,-250.14
281,0.53,-0.36,1.6,104.64,-47.85,-116.69
282,0.07,-0.24,1.01,126.95,50.89,-14.55
283,-0.35,-0.16,0.44,136.39,59.11,12.02
284,-0.75,-0.14,0.14,95.15,12.08,-15.78
285,-0.73,-0.21,0.21,49.72,-32.71,-40.6
286,-0.53,-0.24,0.39,5.5,-49.6,-39.5
287,-0.3,-0.2,0.64,-22.72,-41.55,-23.74
288,-0.1,-0.13,0.77,-36.44,-18.07,-2.96
289,0.0,-0.05,0.86,-35.08,7.3,15.72
290,0.03,0.13,0.91,-33.88,19.82,20.98
291,0.07,0.32,0.93,-31.99,19.98,2.81
292,0.04,0.43,1.01,-31.5,3.0,-32.44
293,-0.06,0.38,1.12,-23.19,-20.93,-61.34
294,-0.15,0.19,1.24,-5.76,-32.11,-67.76
295,-0.13,0.03,1.27,7.8,-19.31,-54.44
296,-0.05,-0.09,1.17,19.01,7.15,-25.15
297,-0.03,-0.11,1.1,20.78,27.81,0.5
298,-0.02,-0.1,0.95,15.75,36.89,13.95
299,-0.06,-0.06,0.89,3.47,31.93,10.6
300,-0.08,-0.04,0.82,-6.45,17.25,0.44
301,-0.12,-0.04,0.82,-17.3,5.18,-7.18
302,-0.12,-0.03,0.84,-24.45,-0.21,-6.67
303,-0.09,-0.03,0.88,-30.21,-2.3,-4.09
304,-0.05,-0.0,0.94,-33.77,-3.17,-2.5
305,-0.01,0.0,0.98,-35.31,-2.93,-3.34
306,0.01,0.0,1.03,-32.66,-3.7,-5.56
307,0.02,-0.02,1.06,-26.72,-10.21,-13.88
308,0.02,-0.07,1.14,-19.13,-17.04,-20.34
309,0.06,-0.11,1.17,-11.79,-17.21,-22.9
310,0.06,-0.13,1.2,-4.48,-11.83,-20.89
311,0.05,-0.14,1.16,1.47,-2.02,-11.75
312,0.0,-0.13,1.12,5.02,9.05,0.66
313,-0.02,-0.12,1.08,7.81,13.42,4.08
314,-0.01,-0.06,1.05,9.05,13.78,6.87
315,-0.0,-0.02,1.0,10.11,17.27,7.88
316,0.02,0.03,0.95,11.17,18.37,9.78
317,0.01,0.09,0.89,8.56,16.94,4.05
318,0.01,0.07,0.9,6.18,11.9,-1.15
319,0.03,0.06,0.92,4.44,5.73,-9.21
320,0.03,0.03,0.96,4.66,4.69,-8.89
321,-0.02,0.01,0.94,4.07,4.4,-9.15
322,-0.03,0.01,0.95,2.06,4.64,-5.69
323,-0.04,-0.0,0.95,1.64,4.43,-5.21
324,-0.04,-0.0,0.97,2.08,4.02,-1.19
325,-0.03,0.01,0.96,3.63,5.36,0.85
326,-0.03,0.02,0.95,2.97,4.75,-0.19
327,-0.01,0.03,0.93,-1.0,4.89,-2.69
328,-0.03,0.03,0.93,-4.97,2.53,-6.03
329,-0.06,0.01,0.92,-8.92,-0.21,-8.33
330,-0.06,-0.01,0.92,-12.08,-0.92,-8.83
331,-0.08,-0.04,0.96,-13.75,-4.67,-10.44
332,-0.15,-0.07,0.95,-8.73,-14.8,-24.74
333,0.04,-0.07,1.02,-9.42,-10.37,-15.44
334,-0.02,-0.1,1.06,-10.26,-3.47,-11.45
335,0.0,-0.13,1.09,-7.24,0.92,-4.39
336,0.02,-0.08,1.09,-4.77,4.55,-5.49
337,-0.03,-0.1,1.09,-0.53,9.39,-1.21
338,-0.04,-0.08,1.06,3.21,8.5,0.14
339,-0.04,-0.06,1.02,5.56,8.18,1.67
340,-0.05,-0.03,1.0,6.44,7.89,2.27
341,-0.04,-0.02,0.98,5.66,4.17,0.21
342,-0.03,0.0,0.95,1.92,3.6,-1.18
343,-0.03,0.01,0.95,-0.7,2.68,-3.18
344,-0.02,0.01,0.95,-2.59,0.62,-7.42
345,-0.02,0.0,0.98,-2.83,0.44,-6.47
346,-0.05,0.03,0.97,-3.29,-0.37,-11.09
347,-0.01,0.01,0.98,-0.66,2.15,-9.6
348,-0.02,0.0,0.97,0.65,2.71,-10.24
349,-0.05,-0.03,0.96,8.38,-0.59,-9.4
350,0.08,-0.01,1.0,3.58,-5.47,-18.75
351,-0.04,-0.02,1.02,1.6,0.25,-13.25
352,-0.06,-0.03,0.98,4.44,0.7,-8.87
353,-0.08,-0.03,0.97,3.74,-1.17,-11.16
354,-0.08,-0.03,0.96,-0.19,2.05,-5.16
355,-0.09,-0.04,0.96,-2.74,5.61,3.56
356,-0.1,-0.03,0.96,-4.29,5.6,6.8
357,-0.08,-0.03,0.97,-5.8,4.27,5.76
358,-0.06,-0.02,0.97,-5.6,1.77,4.98
359,-0.05,-0.0,0.97,-3.95,-1.61,1.5
360,-0.02,0.02,0.98,-2.87,-1.34,0.05
361,-0.01,0.02,0.98,-2.9,-0.27,-1.22
362,0.01,0.02,0.98,-1.24,0.63,-0.81
363,-0.01,0.02,0.98,-0.06,-0.78,-4.15
364,-0.02,0.01,0.97,0.21,-3.5,-8.06
365,-0.03,-0.0,0.98,-0.15,-5.11,-10.13
366,-0.03,-0.01,1.01,-0.69,-5.16,-7.74
367,-0.04,-0.01,0.99,-1.72,-3.99,-6.75
368,-0.05,-0.01,1.01,-1.89,-0.56,-2.33
369,-0.04,-0.0,0.97,-2.24,2.52,-0.63
370,-0.05,0.01,0.98,-4.23,3.69,0.95
371,-0.05,0.0,0.97,-6.18,4.4,2.46
372,-0.04,-0.0,0.97,-7.11,4.93,3.11
373,-0.04,0.01,0.98,-7.28,3.92,3.02
374,-0.03,0.01,0.98,-5.63,2.22,-0.11
375,-0.02,0.02,0.96,-3.0,-0.75,-2.6
376,-0.05,0.03,0.95,-3.76,-3.52,-7.32
377,-0.01,0.02,0.97,-5.2,-3.08,-5.64
378,-0.02,0.01,0.97,-6.77,-2.31,-7.56
379,-0.04,-0.01,0.98,-7.38,-3.61,-9.09
380,-0.05,-0.02,0.98,-7.98,-4.31,-10.0
381,-0.05,-0.04,1.0,-7.23,-4.28,-8.42
382,-0.05,-0.06,1.03,-6.05,-0.78,-4.17
383,-0.05,-0.05,1.02,-3.95,1.62,-1.13
384,-0.07,-0.05,1.0,-2.86,3.32,1.32
385,-0.08,-0.04,0.99,-4.05,2.69,1.96
386,-0.07,-0.03,0.98,-4.69,1.1,1.79
387,-0.08,-0.03,0.97,-4.7,-0.35,2.23
388,-0.04,-0.0,0.96,-6.34,0.05,2.14
389,-0.03,0.01,0.96,-7.97,-1.92,-2.98
390,-0.04,-0.0,0.98,-7.59,-5.77,-7.61
391,-0.04,-0.01,0.98,-8.12,-7.56,-8.4
392,-0.03,-0.01,0.98,-9.49,-6.18,-8.2
393,-0.01,-0.02,1.01,-8.94,-5.22,-7.5
394,-0.01,-0.03,1.02,-5.63,-1.9,-3.28
395,-0.03,-0.04,1.01,-3.04,-0.8,-2.15
396,-0.04,-0.04,1.0,-2.66,-1.6,-3.87
397,-0.01,-0.04,1.01,-2.35,0.98,-0.47
398,-0.03,-0.05,1.0,-1.56,2.04,-0.64
399,-0.05,-0.05,1.0,-1.39,1.32,-1.38
400,-0.04,-0.04,1.0,-1.19,2.25,0.53
401,-0.03,-0.02,0.99,-0.06,5.16,1.69
402,-0.04,-0.01,0.97,0.26,4.2,1.41
403,-0.05,0.0,0.95,-1.34,2.5,-0.99
404,-0.04,0.01,0.93,-3.2,2.82,-0.66
405,-0.06,0.02,0.93,-5.58,-0.13,-2.55
406,-0.06,0.02,0.92,-8.1,-1.93,-2.98
407,-0.05,0.04,0.92,-11.23,-1.39,-2.18
408,-0.04,0.02,0.94,-14.87,-0.89,-2.28
409,-0.04,0.01,0.94,-16.73,-3.05,-5.15
410,-0.04,-0.02,0.95,-17.56,-3.56,-5.41
411,-0.03,-0.03,0.98,-18.03,-4.05,-5.63
412,-0.03,-0.07,1.02,-16.05,-4.3,-8.24
413,-0.04,-0.09,1.06,-10.84,-4.97,-6.92
414,-0.02,-0.09,1.07,-5.95,-1.56,-3.39
415,-0.02,-0.07,1.04,-1.6,0.16,-2.39
416,-0.01,-0.05,1.03,0.93,0.93,-3.93
417,-0.02,-0.04,1.03,1.47,0.05,-4.76
418,-0.02,-0.03,0.98,1.09,0.93,-4.47
419,-0.02,-0.03,0.98,0.9,2.4,-2.05
420,-0.05,-0.05,0.99,-0.15,5.5,0.06
421,-0.06,-0.05,0.99,-0.09,4.05,1.13
422,-0.06,-0.05,0.96,0.66,2.56,-0.02
423,-0.06,-0.03,0.97,-1.31,0.62,-1.02
424,-0.05,-0.03,0.97,-2.74,-0.48,-3.21
425,-0.06,-0.03,0.97,-2.52,-1.64,-3.86
426,-0.06,-0.04,0.97,-2.92,-3.39,-5.49
427,-0.06,-0.05,0.99,-3.9,-3.57,-5.02
428,-0.03,-0.06,1.01,-3.52,0.92,-0.92
429,-0.03,-0.05,1.01,-1.74,3.7,0.49
430,-0.06,-0.04,0.98,-0.58,3.33,-0.4
431,-0.05,-0.03,0.97,-1.21,3.03,1.05
432,-0.03,-0.02,0.96,-2.02,2.76,0.19
433,-0.03,-0.02,0.98,-1.6,1.18,-1.86
434,-0.05,-0.03,0.98,-1.08,-1.37,-4.36
435,-0.06,-0.03,0.97,-1.66,-1.69,-2.93
436,-0.06,-0.03,0.97,-2.63,-1.27,-2.14
437,-0.04,-0.02,0.98,-3.89,-1.04,-3.47
438,-0.06,-0.06,1.0,-5.03,-2.28,-5.45
439,-0.07,-0.07,1.02,-4.67,-4.43,-5.26
440,-0.05,-0.06,1.0,-2.98,-2.31,-2.56
441,-0.04,-0.06,1.0,-3.24,0.34,-1.36
442,-0.0,-0.05,1.0,-1.59,2.99,0.29
443,-0.04,-0.05,1.01,0.52,2.79,0.05
444,-0.04,-0.03,0.98,1.7,1.66,-1.06
445,-0.05,-0.02,0.96,-0.79,1.85,-1.23
446,-0.04,-0.02,0.95,-3.7,2.28,-2.17
447,-0.03,-0.01,0.98,-5.17,1.74,-2.92
448,-0.04,-0.02,0.96,-5.52,0.8,-4.5
449,-0.06,-0.03,0.96,-5.77,-0.13,-5.01
450,-0.06,-0.03,0.97,-6.47,-0.63,-4.85
451,-0.05,-0.03,0.99,-6.61,-0.91,-5.83
452,-0.04,-0.04,0.99,-4.91,0.37,-5.2
453,-0.05,-0.04,0.99,-3.42,-0.27,-5.56
454,-0.06,-0.04,0.97,-3.53,-1.45,-6.67
455,-0.05,-0.04,0.97,-4.68,-1.74,-7.47
456,-0.06,-0.06,1.01,-4.66,-0.5,-4.47
457,-0.06,-0.07,1.02,-2.89,-1.29,-4.25
458,-0.05,-0.07,1.0,-1.05,-0.52,-2.4
459,-0.06,-0.07,1.0,-0.56,0.57,-0.72
460,-0.04,-0.04,0.99,-0.76,2.69,1.91
461,-0.05,-0.04,0.99,-1.44,3.11,2.83
462,-0.04,-0.03,0.96,-1.53,2.69,2.94
463,-0.04,-0.02,0.97,-1.75,3.28,1.92
464,-0.05,-0.02,0.95,-2.06,2.15,0.76
465,-0.04,-0.02,0.98,-1.98,0.04,-1.37
466,-0.04,-0.01,0.97,-1.82,-0.37,-2.21
467,-0.04,-0.02,0.97,-2.18,-1.82,-4.33
468,-0.03,-0.02,0.97,-2.53,-0.15,-3.64
469,-0.05,-0.03,0.95,-3.81,0.21,-5.06
470,-0.07,-0.04,0.97,-5.81,-2.82,-8.06
471,-0.08,-0.07,1.01,-5.62,-4.49,-8.21
472,-0.06,-0.08,1.03,-3.63,-2.35,-4.4
473,-0.04,-0.07,1.02,-1.78,0.81,-1.66
474,-0.03,-0.05,0.99,-1.5,4.36,0.5
475,-0.06,-0.04,1.0,-1.69,4.02,1.85
476,-0.07,-0.03,0.97,-1.86,3.09,0.79
477,-0.06,-0.02,0.95,-2.89,1.13,-0.3
478,-0.06,-0.02,0.95,-4.66,-0.34,-2.24
479,-0.04,-0.02,0.97,-4.24,-0.46,-1.78
480,-0.05,-0.02,0.96,-2.92,-1.34,-3.2
481,-0.04,-0.02,0.97,-3.12,-3.5,-4.44
482,-0.03,-0.02,0.97,-4.03,-2.18,-4.46
483,-0.04,-0.02,0.98,-4.47,-2.34,-5.21
484,-0.06,-0.04,0.97,-4.39,-3.08,-6.92
485,-0.07,-0.05,0.97,-5.32,-2.47,-6.21
486,-0.07,-0.06,0.98,-5.56,-2.55,-5.24
487,-0.06,-0.06,1.01,-4.97,-2.19,-4.27
488,-0.06,-0.07,1.01,-3.46,0.31,-1.37
489,-0.06,-0.06,0.99,-2.51,1.82,-0.05
490,-0.05,-0.06,0.99,-2.85,0.34,-1.39
491,-0.06,-0.06,1.0,-2.02,-1.8,-3.37
492,-0.06,-0.05,0.99,-1.61,-2.7,-3.65
493,-0.05,-0.04,0.99,-1.53,-1.5,-2.52
494,-0.03,-0.03,0.99,-1.39,-0.37,-1.48
495,-0.02,-0.01,0.96,-1.37,2.42,1.27
496,-0.04,-0.01,0.96,-3.28,4.05,2.36
497,-0.05,-0.01,0.94,-4.77,0.97,-0.83
498,-0.05,-0.02,0.95,-6.02,-2.95,-4.11
499,-0.05,-0.03,0.95,-7.45,-4.37,-4.77
