,accel_x,accel_y,accel_z,gyro_x,gyro_y,gyro_z
0,-0.04,0.08,0.95,-15.31,-0.88,-5.71
1,-0.09,0.07,0.99,-13.26,-3.66,1.07
2,-0.07,0.07,0.97,-14.47,-3.21,0.3
3,-0.06,0.06,0.99,-14.38,-2.16,4.22
4,-0.04,0.05,0.99,-15.4,1.03,1.41
5,-0.05,0.03,1.02,-14.15,-1.02,3.44
6,-0.04,0.02,1.02,-13.28,-0.52,2.5
7,-0.05,0.01,1.05,-10.83,-6.05,5.28
8,-0.04,0.0,1.03,-9.63,-4.44,6.5
9,-0.02,0.0,1.01,-8.28,-6.6,6.76
10,0.0,-0.0,1.01,-6.93,-5.93,10.02
11,0.03,-0.0,1.04,-8.82,-6.06,0.09
12,0.02,0.0,1.03,-6.77,-8.21,11.63
13,0.06,-0.01,1.01,-6.32,-7.87,7.41
14,0.06,-0.02,1.01,-6.02,-9.03,6.89
15,0.07,-0.02,1.01,-4.08,-8.32,7.2
16,0.08,-0.02,1.0,-3.31,-8.18,6.36
17,0.09,-0.01,0.99,-2.84,-8.18,4.06
18,0.1,-0.01,0.99,-2.92,-8.1,2.72
19,0.1,-0.0,0.98,-2.68,-9.32,2.67
20,0.11,0.0,0.97,-3.03,-10.15,1.4
21,0.14,0.0,0.96,-3.6,-9.62,-1.47
22,0.14,0.01,0.96,-4.0,-8.2,-3.39
23,0.13,0.02,0.95,-3.73,-6.27,-5.11
24,0.13,0.03,0.96,-3.06,-4.65,-6.59
25,0.13,0.04,0.95,-2.84,-2.66,-7.21
26,0.1,0.05,0.94,-1.64,-4.73,-8.63
27,0.12,0.08,0.91,-2.21,-2.8,-9.89
28,0.11,0.1,0.89,-1.37,-2.73,-9.95
29,0.1,0.13,0.86,-3.01,-2.4,-10.11
30,0.04,0.16,0.88,0.78,-6.22,-9.8
31,0.11,0.18,0.8,-1.65,-1.98,-17.08
32,0.12,0.25,0.73,-0.67,3.78,-22.96
33,0.1,0.29,0.66,-2.35,5.44,-25.75
34,0.11,0.37,0.56,-10.34,14.02,-32.27
35,0.07,0.49,0.45,-22.73,14.74,-32.63
36,0.04,0.58,0.28,-42.69,17.49,-29.44
37,-0.04,0.71,0.17,-69.6,20.76,-13.29
38,-0.12,0.81,-0.0,-109.51,32.82,-9.33
39,-0.42,0.92,-0.19,-160.92,23.95,2.47
40,-0.72,0.95,-0.38,-231.65,3.15,-0.52
41,-0.93,0.85,-0.4,-250.14,-32.41,2.55
42,-1.28,0.76,-0.54,-250.14,-69.78,2.31
43,-1.88,0.3,-0.43,-250.14,-117.5,-10.85
44,-2.0,-0.43,0.51,-250.14,-188.53,6.82
45,-2.0,-1.17,1.64,-250.14,-244.29,37.49
46,-2.0,-2.0,2.0,-250.14,-250.14,126.76
47,-2.0,-2.0,2.0,-237.69,-250.14,250.13
48,-2.0,-2.0,2.0,-48.99,-250.14,250.13
49,-2.0,-2.0,2.0,61.94,-250.14,250.13
50,-2.0,-2.0,1.56,128.83,-250.14,250.13
51,-2.0,-2.0,0.72,176.47,-250.14,250.13
52,-1.72,-2.0,-0.29,181.95,-250.14,250.13
53,0.1,-2.0,-1.48,77.34,-250.14,250.13
54,2.0,-2.0,-1.6,-93.08,-250.14,250.13
55,2.0,-2.0,-0.43,-182.45,-250.14,180.76
56,2.0,-2.0,0.83,-140.21,-250.14,-28.39
57,2.0,-2.0,1.65,-28.05,-250.14,-171.1
58,2.0,-2.0,1.17,110.49,-250.14,-233.87
59,2.0,-2.0,0.41,199.95,-250.14,-250.14
60,2.0,-2.0,-0.16,230.94,-250.14,-226.41
61,2.0,-2.0,-0.32,230.11,-250.14,-180.78
62,2.0,-1.61,-0.31,196.67,-228.76,-148.69
63,2.0,-1.52,-0.06,178.25,-118.88,-152.37
64,2.0,-1.76,0.3,192.31,-99.28,-175.58
65,2.0,-1.89,0.12,210.97,-88.11,-221.55
66,2.0,-1.96,-0.3,223.98,-70.14,-250.14
67,2.0,-1.97,-0.56,223.37,-50.6,-250.14
68,2.0,-1.95,-0.82,209.42,-10.12,-250.14
69,1.76,-1.89,-1.04,183.15,13.7,-250.14
70,1.44,-1.78,-1.13,151.55,26.09,-250.14
71,1.1,-1.7,-1.22,121.46,37.61,-250.14
72,0.84,-1.58,-1.19,85.48,58.82,-250.14
73,0.75,-1.51,-1.24,57.28,75.01,-250.14
74,0.62,-1.48,-1.12,32.35,102.17,-250.14
75,0.67,-1.57,-1.12,19.5,132.91,-250.14
76,0.62,-1.56,-0.96,20.82,164.18,-250.14
77,0.52,-1.54,-1.03,30.44,174.47,-250.14
78,0.36,-1.44,-1.02,30.77,158.87,-250.14
79,0.21,-1.35,-1.1,30.56,144.73,-250.14
80,0.12,-1.21,-1.03,25.27,125.85,-250.14
81,0.08,-1.15,-1.03,24.7,118.1,-250.14
82,0.13,-1.1,-1.2,22.4,132.82,-250.14
83,0.01,-0.96,-1.11,17.92,142.42,-250.14
84,-0.15,-0.96,-1.3,8.12,160.07,-250.14
85,-0.38,-0.86,-1.36,7.96,150.83,-250.14
86,-0.64,-0.84,-1.37,-14.11,148.63,-250.14
87,-0.78,-0.64,-1.41,-37.76,128.32,-250.14
88,-0.88,-0.85,-1.67,-62.5,91.6,-250.14
89,-1.05,-0.76,-1.7,-112.57,73.62,-250.14
90,-1.25,-0.84,-1.56,-155.59,46.76,-250.14
91,-1.28,-0.86,-1.58,-197.66,40.84,-250.14
92,-1.25,-0.77,-1.61,-242.5,41.71,-235.99
93,-1.2,-0.78,-1.66,-250.14,59.15,-212.65
94,-1.12,-0.69,-1.58,-250.14,108.18,-188.37
95,-1.35,-0.71,-1.4,-250.14,147.71,-152.38
96,-1.55,-0.88,-1.56,-250.14,221.37,-137.37
97,-2.0,-1.08,-1.19,-250.14,231.99,-148.14
98,-2.0,-1.0,-0.77,-250.14,210.07,-166.86
99,-2.0,-0.73,0.01,-250.14,105.01,-183.98
100,-2.0,-0.57,0.45,-250.14,-2.66,-162.71
101,-2.0,-0.63,0.96,-250.14,-50.26,-104.08
102,-2.0,-0.76,1.17,-250.14,-107.24,-15.21
103,-2.0,-0.76,1.02,-250.14,-126.6,67.1
104,-2.0,-0.81,0.95,-250.14,-179.21,153.24
105,-2.0,-0.97,0.85,-250.14,-217.53,239.32
106,-2.0,-1.42,0.89,-250.14,-250.14,250.13
107,-2.0,-2.0,1.04,-250.14,-250.14,250.13
108,-2.0,-2.0,1.31,-250.14,-250.14,250.13
109,-2.0,-2.0,1.9,-250.14,-250.14,250.13
110,-2.0,-2.0,2.0,-250.14,-250.14,250.13
111,-2.0,-2.0,1.99,-250.14,-250.14,250.13
112,-0.97,-2.0,1.97,-155.69,-250.14,250.13
113,0.02,-2.0,1.47,-2.1,-250.14,250.13
114,1.09,-2.0,0.92,89.85,-250.14,250.13
115,1.99,-2.0,0.22,108.5,-250.14,250.13
116,2.0,-2.0,-0.09,73.34,-223.93,250.13
117,1.55,-2.0,0.1,49.0,-250.14,250.13
118,1.06,-2.0,0.33,16.11,-250.14,99.46
119,1.08,-2.0,0.25,20.49,-250.14,4.33
120,1.2,-2.0,0.37,50.21,-250.14,-54.3
121,1.48,-2.0,0.61,99.91,-250.14,-75.18
122,1.81,-2.0,0.63,160.26,-250.14,-58.6
123,1.99,-2.0,0.51,211.81,-250.14,-45.32
124,1.96,-1.89,0.31,237.32,-231.85,-40.13
125,1.62,-1.53,0.33,239.9,-179.39,-50.02
126,1.45,-1.36,0.28,234.89,-166.14,-79.76
127,1.42,-1.24,0.13,225.69,-158.97,-110.02
128,1.38,-1.18,0.03,219.32,-155.18,-151.62
129,1.23,-1.17,0.1,217.72,-160.63,-187.32
130,1.2,-1.23,0.13,223.18,-153.69,-223.08
131,1.06,-1.18,0.08,221.76,-140.18,-250.14
132,0.95,-1.1,0.03,222.63,-131.36,-250.14
133,0.74,-0.97,-0.15,214.44,-114.81,-250.14
134,0.59,-0.82,-0.25,201.73,-94.87,-250.14
135,0.45,-0.69,-0.29,191.06,-71.98,-250.14
136,0.39,-0.6,-0.33,174.95,-45.35,-250.14
137,0.36,-0.53,-0.38,161.89,-14.24,-245.85
138,0.33,-0.44,-0.36,148.88,10.85,-224.29
139,0.35,-0.37,-0.42,129.55,42.92,-216.08
140,0.4,-0.25,-0.4,110.73,73.19,-199.89
141,0.43,-0.21,-0.43,97.63,90.04,-185.74
142,0.46,-0.17,-0.44,77.58,101.99,-189.67
143,0.41,-0.11,-0.36,51.76,93.54,-212.5
144,0.28,-0.03,-0.15,29.43,74.31,-223.87
145,0.09,0.0,-0.01,14.82,45.24,-240.02
146,-0.01,0.04,0.04,1.95,15.66,-235.54
147,-0.02,0.05,0.01,-17.2,-0.6,-250.14
148,0.02,0.04,0.1,-30.73,-10.02,-250.14
149,0.08,0.04,0.07,-39.81,-2.99,-250.14
150,0.02,0.11,0.08,-53.41,19.37,-250.14
151,-0.07,0.15,0.13,-73.47,48.66,-233.47
152,-0.13,0.12,0.27,-85.44,65.21,-215.71
153,-0.17,0.02,0.3,-103.98,105.38,-217.44
154,-0.28,-0.09,0.47,-109.27,107.9,-222.99
155,-0.43,-0.15,0.53,-110.24,122.73,-213.44
156,-0.61,-0.18,0.65,-90.92,98.06,-176.4
157,-0.53,-0.15,0.67,-73.38,71.75,-169.38
158,-0.42,-0.06,0.66,-71.01,70.63,-164.7
159,-0.4,0.01,0.63,-66.44,81.12,-168.4
160,-0.5,0.04,0.66,-63.77,93.63,-175.54
161,-0.64,0.05,0.62,-63.37,107.29,-172.2
162,-0.77,0.09,0.6,-69.13,114.88,-163.55
163,-0.82,0.11,0.66,-65.66,114.92,-140.66
164,-0.86,0.17,0.73,-66.66,115.63,-126.18
165,-0.78,0.22,0.69,-67.21,111.72,-120.95
166,-0.87,0.25,0.56,-69.13,129.78,-112.73
167,-0.84,0.32,0.94,-65.84,144.26,-101.03
168,-1.03,0.43,1.0,-56.98,131.23,-96.11
169,-1.08,0.57,1.05,-52.93,128.04,-82.18
170,-1.12,0.56,1.04,-46.92,98.53,-71.74
171,-0.99,0.6,0.96,-47.13,77.31,-60.52
172,-0.75,0.59,0.85,-46.64,71.18,-41.01
173,-0.61,0.61,0.81,-54.53,79.98,-22.18
174,-0.53,0.64,0.83,-69.67,86.82,-15.25
175,-0.49,0.56,0.85,-84.05,94.34,-16.47
176,-0.51,0.46,1.0,-90.17,96.94,-18.48
177,-0.58,0.37,1.22,-89.94,96.62,-27.44
178,-0.68,0.27,1.33,-88.57,89.64,-46.64
179,-0.87,0.26,1.4,-87.63,66.44,-39.84
180,-0.98,0.26,1.48,-80.92,46.07,-40.6
181,-1.15,0.29,1.56,-72.72,13.79,-28.42
182,-1.11,0.28,1.62,-67.88,-7.22,-20.76
183,-1.08,0.27,1.64,-59.53,-35.08,3.31
184,-0.93,0.21,1.62,-51.94,-51.3,25.63
185,-0.71,0.13,1.54,-47.29,-54.47,35.41
186,-0.55,0.06,1.52,-34.29,-61.08,52.1
187,-0.34,-0.02,1.48,-23.31,-46.78,62.05
188,-0.2,-0.06,1.41,-13.13,-32.56,68.3
189,-0.13,-0.11,1.33,0.67,-19.99,70.56
190,-0.16,-0.13,1.29,10.83,-15.19,63.37
191,-0.17,-0.12,1.15,10.21,-21.37,43.43
192,-0.1,-0.0,0.99,1.02,-29.81,18.99
193,-0.21,-0.11,1.0,4.05,-39.6,15.31
194,-0.22,-0.06,0.92,0.96,-62.94,18.4
195,-0.2,-0.04,0.88,-2.56,-60.93,12.2
196,-0.13,-0.14,0.88,-3.09,-63.3,21.09
197,-0.13,-0.09,0.89,-1.24,-54.75,29.47
198,0.17,-0.02,0.87,-0.39,-35.98,18.27
199,-0.06,-0.1,0.92,9.98,-32.88,30.02
200,0.0,-0.0,0.92,10.75,-18.02,19.4
201,-0.1,0.01,0.95,14.92,-21.82,25.67
202,-0.05,0.08,0.94,14.96,-17.82,25.44
203,0.06,0.15,0.87,8.44,-0.35,6.3
204,-0.06,0.15,0.97,8.83,-20.11,9.37
205,-0.04,0.16,0.94,7.75,-23.73,4.48
206,-0.1,0.14,1.02,4.61,-29.2,-1.84
207,-0.03,0.16,0.93,2.69,-21.6,-1.77
208,-0.13,0.11,1.03,4.17,-17.14,-15.83
209,-0.11,0.2,1.07,9.59,-26.61,-12.11
210,0.25,0.24,0.84,1.43,11.44,-13.54
211,0.02,0.11,0.85,5.89,21.8,3.27
212,-0.09,0.18,0.98,6.44,13.0,2.5
213,-0.04,0.19,0.87,6.89,30.28,0.95
214,-0.16,0.19,0.98,8.39,25.11,2.3
215,-0.15,0.18,0.91,5.85,21.07,-2.77
216,-0.19,0.2,0.88,3.34,16.64,-7.52
217,-0.19,0.21,0.88,-2.12,14.56,-6.66
218,-0.2,0.21,0.85,-8.44,19.67,-10.0
219,-0.22,0.19,0.89,-11.63,12.62,-5.6
220,-0.27,0.18,0.92,-14.8,16.67,-10.53
221,-0.27,0.15,0.94,-12.16,8.34,-5.5
222,-0.3,0.15,0.96,-9.31,2.36,-1.4
223,-0.28,0.13,0.94,-7.15,2.54,-2.27
224,-0.27,0.14,0.93,-5.2,-4.08,3.05
225,-0.24,0.14,0.91,-5.56,-3.82,3.97
226,-0.24,0.14,0.93,-7.03,-2.08,5.35
227,-0.24,0.14,0.95,-7.47,0.24,8.61
228,-0.23,0.13,0.96,-7.7,-0.59,12.27
229,-0.23,0.12,0.96,-7.56,0.07,14.77
230,-0.21,0.11,0.95,-7.42,1.63,14.49
231,-0.22,0.11,0.99,-8.49,5.23,13.22
232,-0.21,0.12,1.0,-6.89,7.4,13.18
233,-0.2,0.12,0.99,-5.26,5.55,15.34
234,-0.21,0.12,0.98,-4.11,3.82,15.27
235,-0.2,0.13,0.99,-3.12,4.27,14.15
236,-0.18,0.11,0.97,-2.52,8.11,10.73
237,-0.16,0.13,0.96,-1.5,10.42,11.32
238,-0.16,0.14,0.96,-0.2,12.12,10.24
239,-0.2,0.15,0.95,0.63,9.69,9.25
240,-0.19,0.16,0.92,-0.02,11.76,7.26
241,-0.16,0.18,0.89,-3.4,18.73,6.92
242,-0.2,0.21,0.9,-3.89,11.39,10.38
243,-0.22,0.19,0.92,-5.53,9.86,11.21
244,-0.24,0.19,0.91,-6.27,6.73,13.02
245,-0.23,0.19,0.9,-9.95,4.92,15.34
246,-0.24,0.18,0.9,-12.68,3.59,15.23
247,-0.26,0.17,0.93,-18.34,1.52,16.97
248,-0.26,0.13,0.95,-24.21,-4.84,19.94
249,-0.35,0.95,0.52,-64.37,-8.75,68.44
250,-0.2,-0.04,1.18,-34.32,-0.21,28.72
251,-0.25,-0.05,0.95,-8.23,-3.33,10.69
252,-0.24,0.08,0.98,-6.95,-1.03,2.99
253,-0.23,0.11,0.96,-7.85,3.82,4.3
254,-0.28,0.11,0.95,-4.88,-0.05,7.44
255,-0.27,0.12,0.91,-3.62,4.73,7.22
256,-0.28,0.15,0.9,-5.73,3.63,7.05
257,-0.29,0.18,0.92,-8.46,3.08,6.8
258,-0.25,0.18,0.91,-13.63,3.31,9.43
259,-0.23,0.14,0.93,-12.79,4.22,10.73
260,-0.2,0.14,0.91,-13.55,7.44,13.41
261,-0.19,0.13,0.95,-16.09,14.47,19.34
262,-0.25,0.11,0.97,-9.46,6.4,7.56
263,-0.22,0.11,0.95,-6.28,2.93,7.46
264,-0.23,0.09,0.95,-3.09,1.69,-0.44
265,-0.25,0.11,0.95,-2.79,-3.82,-5.92
266,-0.23,0.11,0.92,-1.73,-8.53,-9.93
267,-0.22,0.14,0.92,-3.57,-11.58,-10.73
268,-0.22,0.13,0.9,-4.41,-14.92,-11.41
269,-0.2,0.15,0.92,-7.6,-17.34,-9.22
270,-0.21,0.11,0.91,-8.93,-19.53,-11.95
271,-0.19,0.1,0.93,-11.6,-19.14,-11.59
272,-0.19,0.11,0.95,-11.55,-17.81,-10.56
273,-0.19,0.1,0.96,-8.14,-18.53,-9.23
274,-0.21,0.09,0.96,-8.09,-16.39,-11.68
275,-0.2,0.11,0.97,-8.32,-14.15,-6.4
276,-0.2,0.1,0.95,-8.96,-12.92,-2.56
277,-0.21,0.12,0.95,-11.44,-13.11,-1.47
278,-0.2,0.13,0.94,-14.18,-13.77,0.74
279,-0.21,0.12,0.95,-15.58,-14.4,3.73
280,-0.21,0.09,0.96,-17.18,-15.18,4.43
281,-0.21,0.06,0.98,-15.97,-17.37,3.72
282,-0.21,0.04,0.99,-15.02,-19.55,-2.54
283,-0.24,0.05,1.08,-11.88,-23.03,-1.11
284,-0.2,0.04,1.04,-8.6,-21.01,-3.56
285,-0.18,0.04,1.01,-6.11,-16.9,-2.37
286,-0.16,0.03,1.01,-2.6,-11.17,0.79
287,-0.16,0.03,0.99,-0.25,-8.87,1.95
288,-0.16,0.04,0.99,0.75,-6.38,0.08
289,-0.16,0.06,0.99,0.47,-6.38,-0.3
290,-0.16,0.06,0.97,-0.09,-5.6,-2.04
291,-0.15,0.06,0.95,0.18,-6.21,-3.46
292,-0.14,0.06,0.95,1.93,-4.79,-5.37
293,-0.17,0.08,0.96,1.86,-2.85,-5.77
294,-0.2,0.08,0.96,0.8,-3.32,-5.4
295,-0.19,0.07,0.97,0.31,-2.57,-4.73
296,-0.18,0.08,0.99,1.06,-1.23,-3.07
297,-0.16,0.07,0.98,4.18,0.87,-1.89
298,-0.16,0.08,0.97,6.65,3.21,-0.49
299,-0.16,0.1,0.97,6.4,3.7,-1.75
300,-0.16,0.12,0.95,5.54,2.61,-2.61
301,-0.16,0.12,0.95,6.76,1.38,-3.25
302,-0.14,0.16,0.91,3.49,0.6,-4.11
303,-0.16,0.16,0.91,1.62,-1.97,-6.05
304,-0.18,0.15,0.92,-0.03,-1.59,-7.06
305,-0.18,0.14,0.93,-0.04,-1.05,-6.25
306,-0.19,0.15,0.93,-0.95,-2.05,-4.56
307,-0.19,0.16,0.93,-1.13,-1.79,-4.27
308,-0.18,0.17,0.92,-0.97,-0.64,-3.11
309,-0.2,0.17,0.92,-0.49,0.45,-1.4
310,-0.2,0.17,0.91,-2.15,0.28,-0.92
311,-0.2,0.18,0.9,-3.68,0.31,-0.79
312,-0.19,0.18,0.89,-5.69,-0.2,-0.6
313,-0.2,0.17,0.9,-7.64,-0.69,-0.22
314,-0.2,0.16,0.89,-10.04,-2.65,-0.29
315,-0.19,0.14,0.9,-13.62,-3.98,-1.42
316,-0.18,0.11,0.92,-14.99,-4.06,-2.01
317,-0.19,0.09,0.94,-15.33,-4.73,-2.81
318,-0.19,0.06,0.96,-15.91,-5.6,-3.08
319,-0.19,0.04,0.98,-15.52,-6.08,-3.28
320,-0.18,0.04,1.02,-14.29,-5.77,-3.2
321,-0.18,0.02,1.01,-12.18,-5.37,-2.56
322,-0.18,0.01,1.03,-9.51,-2.2,-2.32
323,-0.18,0.01,1.04,-6.41,0.09,-0.74
324,-0.2,0.03,1.04,-4.21,-0.5,-1.39
325,-0.18,0.03,1.03,-2.87,-1.27,-2.13
326,-0.18,0.03,1.03,-0.79,-1.58,-2.36
327,-0.17,0.04,1.02,1.27,-1.63,-2.38
328,-0.18,0.06,1.01,2.24,-2.11,-2.57
329,-0.17,0.06,1.0,2.67,-2.05,-3.07
330,-0.16,0.07,0.98,3.73,-2.05,-2.63
331,-0.17,0.09,0.96,4.05,-2.14,-2.34
332,-0.18,0.1,0.94,2.54,-2.43,-3.18
333,-0.19,0.11,0.95,1.11,-3.11,-3.31
334,-0.17,0.11,0.95,1.04,-3.51,-3.05
335,-0.18,0.11,0.95,0.76,-3.23,-2.29
336,-0.16,0.13,0.94,-0.06,-3.31,-2.17
337,-0.16,0.12,0.93,-1.19,-2.49,-1.59
338,-0.15,0.13,0.93,-2.09,-1.34,-1.42
339,-0.15,0.12,0.95,-1.37,-1.41,-1.39
340,-0.14,0.13,0.94,-0.29,-0.91,-0.48
341,-0.14,0.13,0.95,-0.68,-1.06,-2.51
342,-0.16,0.13,0.94,-1.57,-1.46,-3.89
343,-0.17,0.14,0.93,-2.38,-2.24,-5.23
344,-0.17,0.15,0.93,-3.27,-2.01,-4.84
345,-0.16,0.15,0.93,-4.38,-1.61,-3.67
346,-0.17,0.15,0.93,-6.08,-1.53,-2.78
347,-0.17,0.15,0.93,-7.63,-1.81,-2.27
348,-0.17,0.13,0.92,-9.46,-3.19,-2.73
349,-0.16,0.12,0.94,-11.21,-3.99,-2.65
350,-0.15,0.1,0.94,-11.87,-4.51,-3.04
351,-0.15,0.07,0.97,-11.66,-5.26,-4.21
352,-0.14,0.06,0.97,-10.19,-5.69,-6.5
353,-0.13,0.05,0.98,-8.52,-5.95,-7.73
354,-0.14,0.04,0.98,-7.11,-5.78,-7.71
355,-0.14,0.05,0.98,-6.36,-6.21,-8.33
356,-0.15,0.05,0.97,-6.42,-7.29,-10.25
357,-0.15,0.05,0.96,-6.84,-7.5,-12.73
358,-0.15,0.05,0.98,-7.54,-8.34,-12.44
359,-0.15,0.05,1.01,-6.31,-9.44,-10.53
360,-0.15,0.04,1.0,-5.42,-6.41,-10.75
361,-0.17,0.05,0.99,-3.82,-5.42,-9.76
362,-0.18,0.05,0.99,-2.56,-3.67,-8.47
363,-0.19,0.06,0.98,-2.37,-2.81,-8.05
364,-0.19,0.06,0.99,-1.54,-2.27,-7.53
365,-0.2,0.05,1.0,-1.23,-3.15,-6.73
366,-0.18,0.04,1.0,-0.31,-1.89,-5.98
367,-0.19,0.04,1.0,2.11,-1.06,-5.34
368,-0.2,0.04,1.0,4.24,-0.88,-5.06
369,-0.19,0.07,0.97,5.28,-1.12,-4.63
370,-0.2,0.09,0.96,4.72,-1.79,-4.27
371,-0.18,0.1,0.95,3.85,-2.07,-3.32
372,-0.17,0.11,0.96,2.98,-2.01,-2.44
373,-0.18,0.11,0.95,2.23,-2.24,-1.09
374,-0.16,0.1,0.96,1.56,-2.0,-0.54
375,-0.16,0.1,0.95,1.11,-1.62,0.09
376,-0.17,0.1,0.95,-0.34,-3.2,-0.86
377,-0.16,0.1,0.96,-1.81,-3.85,-2.84
378,-0.15,0.1,0.96,-3.4,-4.29,-4.69
379,-0.14,0.09,0.97,-3.53,-4.63,-5.46
380,-0.14,0.09,0.98,-2.53,-4.27,-3.68
381,-0.13,0.09,0.97,-2.31,-3.66,-5.15
382,-0.14,0.08,0.97,-2.02,-3.68,-5.66
383,-0.15,0.08,0.97,-1.69,-4.3,-6.01
384,-0.13,0.09,0.97,-1.92,-4.96,-5.97
385,-0.14,0.09,0.97,-1.98,-5.53,-6.41
386,-0.15,0.08,0.97,-2.02,-5.51,-6.51
387,-0.15,0.08,0.98,-1.29,-5.15,-6.01
388,-0.15,0.09,0.97,-0.67,-5.34,-5.38
389,-0.16,0.09,0.97,-0.5,-4.61,-5.19
390,-0.16,0.09,0.96,-0.76,-4.43,-4.2
391,-0.16,0.09,0.96,-1.12,-3.92,-3.72
392,-0.15,0.08,0.96,-0.69,-3.2,-2.74
393,-0.15,0.08,0.97,-0.79,-2.85,-2.25
394,-0.16,0.08,0.97,-0.4,-2.64,-2.15
395,-0.15,0.09,0.96,-1.41,-3.67,-1.61
396,-0.15,0.08,0.98,-1.43,-2.81,-1.03
397,-0.16,0.08,0.99,-1.45,-2.5,-0.33
398,-0.15,0.06,0.99,-0.49,-2.4,0.21
399,-0.14,0.06,1.01,0.97,-1.05,0.86
