,accel_x,accel_y,accel_z,gyro_x,gyro_y,gyro_z
0,0.08,0.02,1.0,-1.78,-0.81,-6.76
1,0.08,0.03,0.99,-1.86,-1.05,-6.22
2,0.06,0.03,0.98,-1.42,-1.95,-5.62
3,0.07,0.04,0.96,-2.62,-2.34,-4.63
4,0.08,0.06,0.97,-3.99,-0.9,-2.65
5,0.07,0.05,0.94,-3.78,-2.65,-1.46
6,0.02,0.01,0.97,0.9,-2.05,19.35
7,0.17,0.06,1.0,-11.94,0.36,-4.82
8,0.1,0.06,0.97,-12.46,-0.6,-7.11
9,0.09,0.03,0.96,-9.66,-0.23,-4.01
10,0.09,0.03,0.96,-12.05,2.5,-4.61
11,0.05,0.02,0.98,-7.74,-10.35,1.34
12,0.01,0.01,1.0,-10.65,2.37,10.02
13,0.11,0.03,1.0,-18.68,-0.35,-6.39
14,0.09,-0.01,1.03,-17.49,-1.77,-27.14
15,0.03,0.03,1.0,-14.98,2.17,-0.82
16,0.09,0.01,1.0,-6.93,-1.66,6.92
17,0.09,0.02,0.95,-10.25,-0.73,-6.72
18,0.07,0.04,0.95,-13.46,-1.5,-2.95
19,0.04,0.02,0.95,-9.62,-0.66,2.24
20,0.02,0.04,0.96,-9.25,-2.15,8.7
21,0.06,0.05,0.97,-10.46,0.69,-1.37
22,0.06,0.07,0.87,-19.92,7.91,-13.49
23,0.04,0.09,0.82,-6.85,-3.76,-4.57
24,0.15,0.12,0.79,-25.6,14.35,-11.79
25,0.11,0.1,0.81,-26.26,-9.2,-15.11
26,0.04,0.12,0.84,-27.73,6.78,-7.84
27,0.05,0.11,0.81,-33.06,15.78,-10.16
28,-0.07,0.11,0.82,-29.1,17.5,13.74
29,0.07,0.11,0.73,-29.3,18.89,-8.79
30,0.07,0.16,0.64,-29.85,59.36,-15.37
31,-0.12,0.16,0.68,-35.65,65.03,-11.17
32,-0.15,0.2,0.58,-44.56,79.16,-17.72
33,-0.22,0.25,0.57,-52.82,90.05,-8.92
34,-0.34,0.29,0.51,-63.81,100.02,1.06
35,-0.42,0.34,0.47,-75.3,99.05,14.95
36,-0.47,0.37,0.36,-93.86,116.4,30.3
37,-0.59,0.4,0.35,-109.76,131.85,38.88
38,-0.72,0.45,0.17,-135.87,130.15,43.11
39,-1.0,0.44,0.21,-164.7,108.5,52.48
40,-1.29,0.46,0.19,-192.57,69.68,58.92
41,-1.67,0.46,0.22,-223.02,4.4,63.2
42,-2.0,0.44,0.31,-250.14,-57.65,80.5
43,-2.0,0.34,0.4,-250.14,-104.89,107.42
44,-2.0,0.17,0.56,-250.14,-137.88,130.11
45,-2.0,-0.06,1.2,-250.14,-208.76,170.3
46,-2.0,-0.58,1.85,-250.14,-250.14,238.37
47,-2.0,-1.42,2.0,-250.14,-250.14,250.13
48,-2.0,-2.0,2.0,-209.88,-248.78,250.13
49,-2.0,-2.0,2.0,-113.29,-152.22,250.13
50,-1.83,-2.0,1.86,-70.29,-111.69,250.13
51,-0.52,-2.0,0.99,-148.82,-140.31,250.13
52,0.39,-2.0,1.15,-222.63,-250.14,242.29
53,1.09,-2.0,2.0,-186.82,-250.14,8.66
54,1.23,-2.0,2.0,-46.98,-250.14,-152.06
55,1.5,-2.0,2.0,143.93,-250.14,-229.92
56,1.73,-2.0,2.0,250.13,-250.14,-239.47
57,1.47,-2.0,1.75,250.13,-250.14,-220.46
58,1.18,-2.0,0.75,250.13,-250.14,-236.54
59,1.08,-2.0,0.02,250.13,-250.14,-250.14
60,1.49,-1.7,-0.55,250.13,-250.14,-250.14
61,2.0,-1.02,-0.91,250.13,-250.14,-250.14
62,2.0,-0.75,-1.1,250.13,-250.14,-210.92
63,2.0,-0.92,-0.99,250.13,-232.79,-198.13
64,2.0,-1.1,-0.7,219.79,-137.34,-189.95
65,2.0,-1.15,-0.55,208.58,-45.49,-177.08
66,1.99,-1.17,-0.47,223.66,34.17,-140.84
67,1.51,-1.0,-0.61,207.46,33.93,-161.44
68,1.37,-0.98,-0.94,185.24,10.44,-174.79
69,1.02,-0.91,-0.94,156.47,-16.37,-195.23
70,0.79,-0.88,-0.92,114.53,-19.4,-205.12
71,0.8,-0.82,-1.03,71.99,12.77,-188.06
72,0.88,-0.8,-1.07,30.22,59.49,-169.87
73,1.33,-0.81,-1.13,-27.56,99.64,-193.97
74,1.51,-0.96,-1.16,-54.6,151.44,-209.6
75,1.05,-1.16,-1.03,-52.24,204.53,-221.3
76,0.41,-1.23,-0.87,-43.37,235.84,-219.41
77,0.09,-1.13,-0.87,-36.98,250.13,-204.38
78,-0.17,-1.1,-0.78,-30.12,250.13,-188.05
79,-0.39,-0.96,-0.58,-32.99,249.01,-183.9
80,-0.31,-0.9,-0.62,-27.59,225.21,-185.27
81,-0.2,-0.75,-0.46,-23.79,205.67,-176.1
82,-0.21,-0.72,-0.43,-3.06,172.34,-182.56
83,-0.09,-0.63,-0.39,14.19,155.86,-177.82
84,0.0,-0.57,-0.47,36.18,157.28,-172.29
85,-0.04,-0.43,-0.45,58.87,148.17,-165.18
86,0.07,-0.29,-0.69,75.96,145.21,-157.0
87,0.06,-0.07,-0.72,75.6,144.36,-140.96
88,0.08,-0.08,-1.07,82.82,163.11,-141.8
89,-0.08,0.02,-1.21,79.98,145.81,-130.96
90,-0.16,0.15,-1.28,61.98,136.38,-126.54
91,-0.19,0.13,-1.46,40.59,126.85,-126.5
92,-0.26,0.15,-1.52,14.95,92.61,-132.45
93,-0.19,0.3,-1.37,-24.87,54.51,-133.32
94,-0.01,0.2,-1.28,-55.11,44.29,-144.95
95,0.14,0.08,-1.31,-82.66,69.59,-150.78
96,0.29,0.07,-1.28,-108.44,119.52,-152.31
97,0.17,0.03,-1.26,-126.53,170.05,-165.23
98,-0.04,0.03,-1.23,-131.17,194.11,-173.82
99,-0.41,-0.11,-1.23,-133.81,197.65,-203.73
100,-0.95,-0.22,-1.28,-136.6,184.66,-247.85
101,-1.49,-0.23,-1.37,-152.98,169.31,-250.14
102,-2.0,-0.23,-1.43,-183.3,160.25,-250.14
103,-2.0,-0.24,-1.48,-229.34,158.21,-250.14
104,-2.0,-0.24,-1.31,-250.14,165.46,-214.5
105,-2.0,-0.14,-1.02,-250.14,157.01,-155.37
106,-2.0,-0.03,-0.85,-250.14,153.11,-78.97
107,-2.0,-0.05,-0.71,-250.14,149.42,-15.08
108,-2.0,-0.21,-0.4,-250.14,125.89,7.93
109,-2.0,-0.25,0.06,-250.14,75.66,33.34
110,-2.0,-0.52,0.42,-250.14,4.19,47.24
111,-2.0,-0.64,0.85,-250.14,-54.98,75.13
112,-2.0,-0.98,1.19,-250.14,-103.78,136.25
113,-2.0,-1.41,1.52,-250.14,-133.66,182.6
114,-2.0,-1.77,1.97,-250.14,-149.55,223.08
115,-2.0,-2.0,2.0,-250.14,-168.1,241.7
116,-2.0,-2.0,2.0,-250.14,-194.32,248.71
117,-2.0,-2.0,2.0,-250.14,-250.14,250.13
118,-2.0,-2.0,2.0,-250.14,-250.14,250.13
119,-2.0,-2.0,2.0,-250.14,-250.14,250.13
120,-1.4,-2.0,1.73,-223.13,-250.14,250.13
121,0.11,-2.0,1.13,-195.33,-250.14,250.13
122,0.35,-2.0,1.21,-155.58,-250.14,250.13
123,0.3,-2.0,1.43,-107.87,-250.14,207.15
124,0.17,-2.0,1.4,-51.58,-250.14,157.43
125,0.24,-2.0,1.07,10.58,-250.14,126.76
126,0.31,-2.0,0.81,61.24,-250.14,95.32
127,0.39,-2.0,0.46,107.05,-250.14,76.08
128,1.06,-2.0,-0.09,112.52,-250.14,17.93
129,2.0,-1.63,-0.47,86.08,-250.14,-7.74
130,2.0,-1.5,-0.4,24.95,-250.14,-28.24
131,2.0,-1.58,0.17,7.82,-250.14,-48.43
132,2.0,-1.61,0.88,22.62,-250.14,-72.89
133,2.0,-1.74,1.17,65.62,-221.21,-95.92
134,2.0,-1.81,1.21,136.34,-172.74,-111.93
135,2.0,-1.68,0.96,197.6,-119.08,-132.7
136,1.99,-1.45,0.69,240.08,-70.56,-152.8
137,1.62,-1.22,0.39,250.13,-56.03,-176.67
138,1.28,-1.06,0.15,250.13,-58.22,-210.74
139,1.0,-0.94,-0.04,240.66,-72.19,-244.79
140,0.77,-0.81,-0.12,224.15,-86.61,-250.14
141,0.64,-0.7,-0.17,196.81,-74.98,-250.14
142,0.47,-0.72,-0.19,181.72,-74.47,-250.14
143,0.24,-0.65,-0.17,166.49,-76.13,-250.14
144,0.2,-0.51,-0.22,143.76,-89.84,-250.14
145,0.27,-0.38,-0.28,116.69,-92.73,-250.14
146,0.28,-0.3,-0.29,91.88,-81.77,-250.14
147,0.27,-0.24,-0.3,71.17,-72.44,-247.52
148,0.38,-0.19,-0.36,47.07,-63.23,-229.88
149,0.37,-0.16,-0.31,23.36,-39.69,-214.76
150,0.32,-0.14,-0.23,11.82,-22.31,-189.08
151,0.35,-0.15,-0.18,1.26,4.43,-181.33
152,0.31,-0.12,-0.11,-0.49,9.79,-173.66
153,0.37,-0.06,-0.09,-6.11,15.23,-168.06
154,0.39,-0.01,-0.12,-16.25,11.89,-148.25
155,0.32,-0.06,-0.11,-27.62,38.52,-161.65
156,0.35,0.02,-0.08,-38.73,58.29,-149.41
157,0.3,-0.02,0.04,-38.42,81.07,-137.87
158,0.16,-0.04,0.22,-33.91,84.88,-136.23
159,0.15,-0.03,0.24,-25.13,95.95,-132.93
160,0.14,-0.0,0.24,-15.57,97.42,-128.08
161,0.08,0.03,0.22,-10.06,96.77,-127.01
162,0.0,0.05,0.17,-11.0,88.11,-131.92
163,-0.07,0.08,0.11,-19.72,79.2,-144.34
164,-0.12,0.09,0.14,-29.26,68.58,-149.47
165,-0.21,0.11,0.2,-35.58,62.94,-149.95
166,-0.29,0.16,0.24,-40.89,55.82,-148.02
167,-0.32,0.19,0.29,-48.21,58.44,-147.78
168,-0.41,0.25,0.32,-47.48,58.24,-132.14
169,-0.58,0.28,0.46,-46.21,56.49,-118.44
170,-0.6,0.28,0.44,-44.11,56.37,-106.84
171,-0.54,0.31,0.37,-47.14,61.36,-91.11
172,-0.46,0.32,0.35,-58.98,69.6,-82.35
173,-0.41,0.39,0.4,-73.66,79.4,-68.82
174,-0.49,0.34,0.46,-80.41,73.76,-55.95
175,-0.5,0.31,0.6,-94.46,71.18,-61.5
176,-0.53,0.36,0.74,-102.64,68.47,-59.89
177,-0.65,0.38,0.92,-107.35,74.94,-55.53
178,-0.76,0.4,1.14,-100.64,75.42,-54.38
179,-0.81,0.44,1.24,-89.97,63.98,-47.41
180,-0.79,0.46,1.27,-78.33,60.3,-31.12
181,-0.61,0.48,1.24,-75.68,72.09,-29.17
182,-0.58,0.61,1.33,-76.85,87.75,-10.46
183,-0.79,0.66,1.44,-72.98,80.53,5.37
184,-0.94,0.65,1.48,-67.1,52.72,4.69
185,-1.0,0.66,1.47,-64.39,15.76,5.91
186,-0.83,0.6,1.38,-67.85,-1.63,6.63
187,-0.59,0.56,1.35,-74.79,-7.82,11.66
188,-0.37,0.47,1.39,-83.05,-2.84,14.15
189,-0.17,0.31,1.45,-79.24,-5.66,21.3
190,0.04,0.17,1.51,-68.47,4.4,19.05
191,0.09,0.1,1.56,-51.74,6.98,10.35
192,0.02,0.14,1.59,-34.61,4.66,-0.26
193,-0.12,0.22,1.55,-20.01,-15.57,-11.12
194,-0.19,0.27,1.44,-11.97,-32.82,-19.73
195,-0.15,0.34,1.3,-14.75,-44.43,-21.48
196,-0.07,0.34,1.19,-22.3,-46.76,-13.8
197,0.03,0.29,1.15,-30.2,-38.11,-3.44
198,0.09,0.24,1.17,-35.08,-27.05,6.5
199,0.13,0.2,1.2,-37.12,-20.75,14.6
200,0.17,0.13,1.26,-35.57,-13.66,15.6
201,0.17,0.07,1.3,-26.92,-12.15,13.48
202,0.17,0.05,1.3,-16.17,-13.85,7.56
203,0.15,0.05,1.26,-7.6,-21.53,-1.0
204,0.16,0.06,1.22,-1.91,-26.2,-12.27
205,0.17,0.07,1.15,1.31,-29.76,-19.3
206,0.15,0.09,1.08,0.25,-29.43,-23.38
207,0.13,0.08,1.06,-1.26,-26.79,-24.4
208,0.12,0.08,1.02,-1.27,-24.92,-25.28
209,0.1,0.08,1.0,-2.39,-21.22,-23.54
210,0.07,0.1,0.97,-3.15,-23.05,-27.14
211,0.04,0.12,0.95,-5.81,-26.39,-26.19
212,0.01,0.12,0.92,-9.58,-29.42,-27.21
213,-0.0,0.1,0.93,-12.05,-31.39,-25.1
214,0.01,0.11,0.93,-13.83,-30.63,-23.03
215,0.02,0.12,0.95,-15.66,-30.63,-22.9
216,0.05,0.12,0.96,-15.94,-28.56,-23.19
217,0.04,0.09,0.97,-14.7,-27.56,-25.76
218,0.03,0.06,0.99,-10.74,-28.79,-27.96
219,0.04,0.06,0.99,-5.11,-27.63,-28.53
220,0.04,0.08,0.98,0.83,-23.33,-24.53
221,0.02,0.1,0.97,4.99,-19.68,-20.8
222,0.04,0.13,0.95,6.78,-14.54,-18.68
223,0.1,0.17,0.92,6.17,-10.11,-13.91
224,0.13,0.2,0.9,2.83,-6.47,-9.24
225,0.11,0.21,0.92,-1.01,-5.98,-8.73
226,0.1,0.21,0.94,-3.24,-7.76,-9.97
227,0.11,0.23,0.94,-6.24,-8.49,-7.92
228,0.11,0.22,0.94,-8.71,-10.82,-8.21
229,0.15,0.21,0.94,-11.12,-13.56,-8.85
230,0.15,0.19,0.96,-9.74,-11.9,-5.78
231,0.19,0.16,0.95,-9.05,-8.69,-9.2
232,0.15,0.15,1.0,-8.8,-9.73,-9.65
233,0.14,0.15,0.99,-7.51,-8.81,-8.5
234,0.12,0.13,0.99,-6.95,-8.04,-9.11
235,0.12,0.14,0.99,-6.5,-6.09,-7.22
236,0.09,0.15,0.99,-7.02,-6.71,-6.65
237,0.08,0.14,0.99,-9.05,-8.51,-7.11
238,0.09,0.13,1.0,-10.94,-8.35,-5.53
239,0.11,0.12,1.02,-10.15,-8.38,-4.92
240,0.11,0.09,1.03,-8.76,-8.92,-5.76
241,0.12,0.09,1.03,-6.18,-9.68,-6.56
242,0.12,0.09,1.02,-3.89,-11.85,-8.66
243,0.11,0.09,1.02,-3.06,-12.72,-11.6
244,0.12,0.11,1.01,-2.31,-13.63,-12.23
245,0.14,0.12,0.98,-2.79,-13.3,-13.04
246,0.17,0.13,0.97,-3.71,-11.25,-12.32
247,0.16,0.13,0.97,-4.22,-10.1,-10.98
248,0.13,0.13,0.98,-4.56,-10.56,-12.09
249,0.12,0.13,0.97,-5.26,-11.06,-13.04
250,0.13,0.13,0.97,-6.26,-10.8,-14.87
251,0.13,0.14,0.97,-7.43,-10.92,-16.34
252,0.18,0.12,0.89,-9.55,0.31,-23.09
253,0.13,0.13,1.0,-7.55,-13.23,-19.3
254,0.12,0.13,1.02,-6.12,-10.18,-16.79
255,0.14,0.14,0.98,-5.34,-8.63,-15.95
256,0.09,0.14,0.96,-5.66,-8.77,-16.3
257,0.09,0.16,0.94,-7.47,-8.43,-21.63
258,0.06,0.17,0.95,-13.01,-9.12,-29.5
259,0.02,0.21,0.99,-16.92,-16.47,-27.48
260,0.11,0.2,0.93,-19.64,-16.91,-27.89
261,0.12,0.16,0.91,-15.92,-15.23,-24.83
262,0.12,0.12,0.91,-15.6,-4.13,-31.98
263,0.07,0.13,0.97,-12.31,-8.09,-31.98
264,0.11,0.14,0.96,-10.4,-11.63,-26.29
265,0.09,0.12,0.97,-10.82,-13.86,-31.0
266,0.01,0.12,1.06,-7.98,-14.55,-35.17
267,0.15,0.13,0.97,-9.77,-15.37,-25.79
268,0.16,0.12,1.0,-9.79,-14.44,-29.08
269,0.19,0.1,1.0,-6.32,-3.85,-26.69
270,0.18,0.11,1.0,-3.63,-7.21,-20.84
271,0.13,0.12,1.0,-6.29,-4.31,-19.23
272,0.17,0.12,0.93,-9.35,6.16,-19.93
273,0.12,0.14,1.0,-8.12,-7.85,-16.32
274,0.13,0.12,0.98,-9.33,-5.76,-12.77
275,0.11,0.13,1.02,-10.73,-2.27,-16.57
276,0.17,0.12,0.97,-8.21,-7.18,-14.37
277,0.22,0.1,0.89,-11.24,2.56,-17.04
278,0.17,0.09,0.98,-8.53,-10.68,-17.69
279,0.16,0.08,1.01,-7.36,-9.65,-19.44
280,0.13,0.08,1.08,-7.95,-6.67,-18.82
281,0.2,0.08,1.01,-5.19,-1.81,-12.89
282,0.17,0.08,1.02,-3.79,-1.53,-12.76
283,0.16,0.08,1.01,-2.82,3.73,-13.21
284,0.2,0.11,0.96,-6.27,17.1,-12.66
285,0.13,0.11,0.99,-3.1,-1.53,-9.99
286,0.1,0.11,1.0,-3.39,-1.46,-9.24
287,0.12,0.13,0.98,-3.67,-1.21,-7.98
288,0.13,0.12,0.97,-3.87,0.24,-7.03
289,0.13,0.14,0.96,-5.34,-1.23,-6.23
290,0.13,0.15,0.97,-8.0,-0.72,-7.29
291,0.11,0.15,1.01,-10.42,-3.35,-7.85
292,0.16,0.16,0.95,-11.52,-4.93,-3.92
293,0.15,0.14,0.96,-12.85,-6.63,-3.88
294,0.15,0.14,0.97,-15.4,-6.29,-1.11
295,0.15,0.11,0.98,-16.46,-6.89,0.52
296,0.16,0.1,0.99,-16.47,-7.15,0.34
297,0.15,0.09,1.01,-15.3,-8.12,-0.14
298,0.15,0.07,1.02,-13.92,-7.18,0.54
299,0.15,0.05,1.02,-11.31,-5.6,2.15
300,0.15,0.05,1.02,-8.92,-4.25,2.99
301,0.17,0.05,1.0,-7.83,-3.16,4.56
302,0.15,0.05,1.0,-8.16,-3.22,4.69
303,0.16,0.06,1.01,-7.3,-3.82,5.6
304,0.17,0.05,0.99,-6.18,-3.05,5.81
305,0.17,0.07,0.98,-5.92,-1.41,6.73
306,0.15,0.07,0.99,-5.78,-0.34,6.63
307,0.16,0.07,0.98,-5.29,1.66,7.16
308,0.13,0.08,0.97,-4.67,1.54,7.15
309,0.11,0.09,0.98,-4.13,-0.37,3.5
310,0.13,0.09,0.97,-3.43,-0.91,2.98
311,0.14,0.09,0.97,-3.56,-1.32,3.49
312,0.11,0.1,0.97,-2.9,-1.85,3.69
313,0.12,0.09,0.97,-3.38,-2.27,3.55
314,0.14,0.1,0.96,-2.84,-0.88,4.88
315,0.13,0.11,0.96,-3.37,-0.18,7.12
316,0.13,0.1,0.96,-4.99,0.39,6.37
317,0.13,0.1,0.96,-5.45,-1.08,6.38
318,0.14,0.09,0.98,-5.53,-1.06,5.89
319,0.14,0.09,0.97,-5.28,-0.92,6.67
320,0.16,0.07,0.98,-4.21,1.63,5.82
321,0.16,0.08,0.98,-3.26,2.44,4.34
322,0.15,0.07,0.98,-2.31,6.45,3.65
323,0.14,0.07,0.98,-1.19,2.34,-0.13
324,0.14,0.07,0.99,-1.1,4.41,0.54
325,0.12,0.06,1.0,0.11,3.71,-0.78
326,0.13,0.07,0.99,1.85,3.02,-0.17
327,0.14,0.06,0.99,3.08,2.63,-0.11
328,0.14,0.07,0.99,4.39,2.88,-0.14
329,0.15,0.07,0.97,3.93,3.24,-1.63
330,0.14,0.08,0.98,3.21,2.92,-1.56
331,0.13,0.09,0.98,2.43,2.66,-2.27
332,0.15,0.09,0.98,1.98,2.52,-2.95
333,0.13,0.09,0.98,1.08,0.97,-2.86
334,0.13,0.1,0.97,0.57,-0.98,-3.18
335,0.14,0.1,0.96,0.35,-0.91,-2.84
336,0.14,0.1,0.96,-0.35,-1.09,-2.73
337,0.12,0.1,0.97,-1.62,-1.1,-1.76
338,0.11,0.09,0.97,-1.76,0.56,0.02
339,0.13,0.1,0.96,-3.19,-0.57,-0.35
340,0.16,0.1,0.97,-5.49,0.44,-0.27
341,0.17,0.1,0.96,-6.87,1.84,-0.77
342,0.17,0.09,0.99,-7.85,1.61,-1.18
343,0.19,0.08,1.0,-7.11,2.56,-1.5
344,0.17,0.08,1.01,-5.63,3.04,-1.6
345,0.16,0.07,1.0,-4.05,2.63,-3.06
346,0.15,0.07,0.99,-3.38,1.06,-5.61
347,0.14,0.07,0.99,-3.21,0.03,-6.93
348,0.13,0.07,1.0,-2.53,-0.12,-6.27
349,0.12,0.08,1.01,-3.26,1.81,-5.18
350,0.13,0.06,0.98,-3.26,1.76,-4.34
351,0.12,0.06,1.0,-2.68,2.05,-3.37
352,0.11,0.06,1.0,-1.96,0.98,-1.91
353,0.11,0.06,0.99,-0.88,-0.21,-2.02
354,0.13,0.06,0.98,-0.71,-0.83,-2.21
355,0.15,0.07,0.96,-0.78,2.01,-2.9
356,0.08,0.09,1.06,-2.37,-6.63,-3.18
357,0.14,0.08,0.99,-0.68,-6.79,-3.26
358,0.16,0.1,0.96,-1.11,-7.13,-4.4
359,0.16,0.1,0.97,-1.95,-8.43,-4.79
360,0.17,0.1,0.98,-1.18,-10.62,-5.18
361,0.19,0.1,1.0,0.62,-10.69,-5.16
362,0.2,0.11,0.99,2.13,-9.42,-5.48
363,0.2,0.12,0.98,1.45,-8.49,-5.79
364,0.19,0.14,0.96,-0.95,-9.25,-5.79
365,0.18,0.13,0.97,-1.62,-10.59,-6.85
366,0.17,0.13,0.96,-3.52,-10.94,-7.03
367,0.19,0.11,0.96,-3.89,-8.73,-4.3
368,0.19,0.13,0.96,-6.07,-8.7,-4.6
369,0.18,0.09,0.97,-5.62,-8.03,-6.66
370,0.17,0.09,0.97,-5.66,-5.85,-6.41
371,0.15,0.08,0.98,-4.24,-8.05,-6.76
372,0.14,0.1,1.02,-5.34,-9.71,-5.89
373,0.14,0.06,1.0,-5.92,-6.36,-4.53
374,0.11,0.05,1.01,-2.76,-5.44,-3.11
375,0.13,0.06,1.01,-1.23,-2.83,-1.43
376,0.11,0.05,0.99,-1.07,-2.44,-1.07
377,0.1,0.07,0.99,-1.4,-4.05,-0.03
378,0.1,0.07,0.99,-1.1,-5.22,-0.8
379,0.1,0.09,0.98,-1.47,-5.69,0.85
380,0.12,0.08,0.98,-2.56,-4.98,2.2
381,0.13,0.09,0.97,-2.76,-5.13,3.67
382,0.1,0.08,0.99,-0.66,-11.12,4.79
383,0.13,0.09,0.97,-1.02,-10.37,6.97
384,0.18,0.13,0.98,-1.4,-8.94,7.85
385,0.13,0.1,1.0,-3.6,-11.92,4.03
386,0.14,0.09,0.96,-2.62,-10.51,8.55
387,0.19,0.12,0.95,-3.54,-6.43,7.75
388,0.19,0.1,0.96,-4.48,-5.56,5.4
389,0.19,0.11,0.96,-5.34,-6.21,6.7
390,0.2,0.1,0.97,-5.64,-7.29,6.85
391,0.2,0.09,0.99,-0.92,-24.79,7.42
392,0.27,0.12,0.94,-6.15,-5.49,13.32
393,0.21,0.09,0.98,-5.24,-9.2,5.27
394,0.18,0.08,0.97,-2.84,-11.62,4.94
395,0.23,0.11,0.95,-5.45,-4.38,8.44
396,0.2,0.1,0.96,-5.52,-8.04,5.8
397,0.12,0.1,1.04,-4.08,-27.31,4.15
398,0.19,0.08,0.96,-7.41,-7.4,11.19
399,0.18,0.12,0.95,-5.63,-9.91,12.77
