,accel_x,accel_y,accel_z,gyro_x,gyro_y,gyro_z
0,-0.17,-0.08,0.96,-3.97,-2.08,-1.29
1,-0.17,-0.09,0.96,-4.21,-2.53,-1.5
2,-0.17,-0.09,0.97,-4.32,-2.84,-1.31
3,-0.16,-0.09,0.97,-4.13,-3.02,-1.36
4,-0.17,-0.09,0.98,-4.08,-3.51,-1.38
5,-0.16,-0.09,0.97,-3.15,-3.07,-0.71
6,-0.16,-0.09,0.97,-2.63,-2.51,-1.06
7,-0.16,-0.08,0.97,-2.26,-2.15,-0.99
8,-0.16,-0.06,0.96,-2.15,-1.82,-1.76
9,-0.16,-0.06,0.95,-3.75,-2.56,-1.53
10,-0.16,-0.07,0.95,-4.53,-3.45,-1.8
11,-0.15,-0.08,0.95,-4.77,-3.65,-1.66
12,-0.16,-0.09,0.96,-4.72,-2.56,-1.58
13,-0.16,-0.08,0.98,-3.87,-2.08,-1.11
14,-0.15,-0.08,0.97,-3.1,-2.13,-0.75
15,-0.16,-0.07,0.96,-3.05,-2.51,-1.32
16,-0.15,-0.08,0.96,-3.62,-2.66,-2.32
17,-0.15,-0.09,0.97,-3.92,-2.49,-2.31
18,-0.15,-0.09,0.97,-3.44,-1.89,-1.95
19,-0.15,-0.1,0.98,-2.66,-1.15,-1.32
20,-0.16,-0.08,0.98,-2.35,-1.03,-1.44
21,-0.16,-0.08,0.97,-2.69,-1.24,-1.73
22,-0.16,-0.08,0.97,-2.97,-1.63,-1.78
23,-0.16,-0.08,0.97,-2.77,-1.85,-2.27
24,-0.16,-0.08,0.96,-2.6,-2.6,-2.75
25,-0.16,-0.07,0.96,-2.53,-2.23,-2.77
26,-0.16,-0.07,0.96,-2.71,-2.1,-3.54
27,-0.16,-0.07,0.94,-2.74,-2.16,-2.47
28,-0.15,-0.06,0.93,-3.86,-1.66,-2.18
29,-0.15,-0.05,0.92,-5.32,-2.02,-2.4
30,-0.13,-0.06,0.93,-6.9,-1.87,-3.02
31,-0.13,-0.07,0.93,-7.65,-1.8,-3.05
32,-0.13,-0.07,0.93,-8.07,-1.65,-2.93
33,-0.13,-0.07,0.93,-8.51,-1.18,-3.71
34,-0.13,-0.07,0.93,-8.05,-0.25,-3.47
35,-0.12,-0.07,0.94,-8.42,0.62,-4.24
36,-0.12,-0.07,0.93,-8.92,1.62,-5.97
37,-0.13,-0.08,0.92,-9.87,1.53,-6.6
38,-0.14,-0.1,0.95,-10.15,0.59,-7.68
39,-0.14,-0.1,0.94,-9.93,0.39,-8.61
40,-0.16,-0.1,0.93,-9.34,-0.26,-8.35
41,-0.16,-0.09,0.93,-9.13,1.06,-8.16
42,-0.18,-0.08,0.92,-9.23,2.9,-6.74
43,-0.19,-0.06,0.89,-10.55,4.56,-7.56
44,-0.23,-0.06,0.87,-10.95,7.66,-8.6
45,-0.27,-0.05,0.84,-9.42,8.43,-9.59
46,-0.31,-0.02,0.78,-7.48,9.19,-10.63
47,-0.34,0.05,0.7,-8.73,10.37,-10.89
48,-0.37,0.15,0.63,-15.96,10.31,-7.06
49,-0.36,0.24,0.59,-28.47,5.7,0.24
50,-0.34,0.29,0.54,-42.44,3.09,6.57
51,-0.32,0.3,0.52,-56.89,-2.24,11.2
52,-0.31,0.34,0.51,-70.74,-0.79,15.97
53,-0.4,0.39,0.54,-88.56,0.16,19.79
54,-0.55,0.44,0.53,-107.99,-4.44,30.63
55,-0.74,0.45,0.56,-130.97,-12.25,43.02
56,-0.97,0.44,0.62,-163.25,-24.53,57.12
57,-1.24,0.28,0.75,-200.06,-29.75,73.85
58,-1.61,0.04,1.11,-231.69,-30.38,88.2
59,-1.95,-0.26,1.48,-240.6,-45.14,112.83
60,-2.0,-0.53,1.85,-228.34,-65.88,147.73
61,-1.97,-0.7,2.0,-204.05,-82.33,192.2
62,-1.92,-0.74,2.0,-179.43,-118.2,230.6
63,-1.71,-0.67,2.0,-184.27,-171.31,211.98
64,-1.63,-1.04,2.0,-171.73,-231.89,198.48
65,-1.44,-1.52,2.0,-128.94,-250.14,160.84
66,-1.13,-1.73,2.0,-71.85,-250.14,117.16
67,-1.14,-1.86,2.0,-7.92,-250.14,105.56
68,-0.81,-2.0,2.0,51.41,-250.14,91.65
69,-0.14,-2.0,2.0,111.25,-250.14,70.56
70,0.25,-2.0,2.0,167.64,-250.14,52.6
71,0.55,-2.0,1.61,211.3,-250.14,5.44
72,0.77,-1.85,1.17,248.53,-250.14,-42.56
73,0.85,-1.59,0.72,250.13,-250.14,-81.59
74,0.88,-1.28,0.39,250.13,-250.14,-114.46
75,1.05,-1.07,0.08,250.13,-250.14,-148.95
76,1.52,-0.96,-0.1,242.83,-250.14,-159.95
77,1.98,-0.92,-0.12,219.92,-250.14,-155.14
78,2.0,-1.0,-0.07,199.4,-250.14,-155.24
79,2.0,-1.14,0.0,192.27,-250.14,-148.74
80,1.89,-1.26,0.02,192.69,-250.14,-157.21
81,1.7,-1.15,-0.16,183.6,-210.6,-176.03
82,1.46,-0.95,-0.33,166.35,-148.96,-179.68
83,1.23,-0.78,-0.52,147.46,-100.02,-170.77
84,1.03,-0.66,-0.71,115.14,-65.61,-169.5
85,1.02,-0.65,-0.8,75.44,-41.89,-169.08
86,1.1,-0.76,-0.72,41.73,-27.89,-171.24
87,1.21,-1.0,-0.66,23.76,-4.64,-177.86
88,1.29,-1.21,-0.58,15.7,31.01,-191.73
89,1.36,-1.26,-0.58,9.1,69.56,-209.54
90,1.37,-1.36,-0.53,10.62,136.98,-209.34
91,1.07,-1.46,-0.51,24.66,207.96,-210.61
92,0.64,-1.43,-0.49,53.91,250.13,-191.97
93,0.34,-1.35,-0.64,88.76,250.13,-173.03
94,-0.0,-1.05,-0.7,107.03,250.13,-156.49
95,-0.25,-0.79,-0.8,109.63,250.13,-148.75
96,-0.4,-0.6,-0.83,102.47,250.13,-147.02
97,-0.41,-0.6,-0.79,92.47,185.32,-158.06
98,-0.35,-0.64,-0.7,93.13,121.5,-173.79
99,-0.29,-0.67,-0.59,94.76,56.44,-202.08
100,0.02,-0.62,-0.88,88.45,45.66,-224.43
101,0.18,-0.57,-0.89,89.03,39.44,-221.94
102,0.27,-0.47,-1.0,85.77,59.42,-207.5
103,0.3,-0.43,-1.24,83.27,92.55,-198.05
104,0.29,-0.3,-1.38,58.56,138.92,-174.95
105,0.13,-0.26,-1.37,37.62,163.54,-156.08
106,0.04,-0.28,-1.5,11.95,171.46,-138.15
107,0.1,-0.41,-1.48,-10.15,164.92,-138.64
108,0.05,-0.44,-1.41,-39.49,162.74,-167.0
109,-0.15,-0.55,-1.2,-53.26,135.39,-215.69
110,-0.16,-0.61,-1.1,-58.74,102.17,-250.14
111,-0.03,-0.61,-1.18,-63.95,91.56,-250.14
112,0.04,-0.56,-1.2,-73.63,99.67,-250.14
113,-0.01,-0.4,-1.31,-90.4,133.06,-250.14
114,-0.37,-0.39,-1.42,-111.89,185.23,-250.14
115,-0.92,-0.39,-1.4,-128.6,250.13,-250.14
116,-1.73,-0.32,-1.16,-123.5,250.13,-250.14
117,-2.0,-0.15,-0.83,-90.85,250.13,-250.14
118,-2.0,0.09,-0.76,-60.35,250.13,-250.14
119,-2.0,0.41,-0.95,-55.41,250.13,-250.14
120,-2.0,0.91,-1.18,-92.27,205.44,-250.14
121,-2.0,1.22,-1.58,-155.74,157.03,-234.27
122,-2.0,1.43,-1.75,-249.47,157.89,-196.0
123,-2.0,1.59,-1.57,-250.14,167.33,-127.71
124,-2.0,1.45,-1.26,-250.14,178.56,-77.59
125,-2.0,1.21,-0.84,-250.14,177.78,-13.65
126,-2.0,0.7,-0.54,-250.14,157.18,30.58
127,-2.0,0.02,0.05,-250.14,137.34,55.72
128,-2.0,-0.73,0.63,-250.14,110.85,99.98
129,-2.0,-1.26,1.19,-250.14,82.54,133.91
130,-2.0,-1.49,1.63,-250.14,35.6,138.69
131,-2.0,-1.76,1.88,-250.14,-45.82,100.47
132,-2.0,-1.97,2.0,-250.14,-117.6,90.16
133,-2.0,-2.0,2.0,-250.14,-152.05,103.13
134,-1.85,-2.0,2.0,-250.14,-160.05,130.16
135,-1.46,-2.0,2.0,-250.14,-174.2,138.47
136,-0.73,-2.0,2.0,-250.14,-198.97,75.96
137,-0.04,-2.0,2.0,-204.2,-222.6,177.11
138,-0.23,-2.0,2.0,-80.73,-250.14,159.69
139,0.7,-2.0,2.0,9.08,-250.14,104.44
140,0.93,-1.84,2.0,86.33,-250.14,69.88
141,1.17,-1.1,1.47,97.15,-222.49,43.0
142,0.92,-0.66,1.04,109.38,-185.11,54.78
143,0.69,-0.41,0.83,101.06,-154.42,43.81
144,0.52,-0.23,0.65,90.21,-128.05,38.56
145,0.36,-0.18,0.5,70.9,-110.11,22.35
146,0.34,-0.01,0.41,33.34,-93.47,-23.63
147,0.26,0.01,0.48,-0.85,-89.02,-74.95
148,0.09,-0.13,0.64,1.97,-94.24,-88.08
149,0.05,-0.16,0.68,12.08,-74.5,-102.51
150,-0.02,-0.15,0.69,30.36,-45.31,-78.37
151,-0.22,-0.11,0.71,47.89,-21.8,-59.95
152,-0.35,0.02,0.68,55.45,-7.69,-46.39
153,-0.39,0.13,0.57,47.35,-4.51,-43.11
154,-0.42,0.2,0.59,29.92,-4.63,-46.07
155,-0.46,0.24,0.68,14.13,-11.42,-48.71
156,-0.45,0.24,0.74,1.77,-25.05,-58.13
157,-0.42,0.2,0.78,-4.45,-28.73,-59.57
158,-0.42,0.16,0.85,-8.04,-33.98,-61.12
159,-0.38,0.1,0.95,-3.02,-37.71,-61.08
160,-0.36,0.07,0.99,4.74,-38.79,-58.36
161,-0.38,0.08,1.02,12.76,-35.89,-50.1
162,-0.4,0.1,1.01,15.77,-34.95,-39.24
163,-0.44,0.12,1.01,14.67,-31.72,-32.17
164,-0.47,0.13,0.99,10.07,-30.88,-25.84
165,-0.43,0.11,0.97,6.07,-29.95,-17.95
166,-0.4,0.11,0.95,2.4,-32.53,-7.08
167,-0.38,0.1,0.96,-1.21,-42.33,1.4
168,-0.36,0.05,0.97,0.22,-47.73,4.44
169,-0.27,-0.01,0.98,2.75,-48.22,-2.68
170,-0.23,-0.02,0.96,7.25,-54.13,0.93
171,-0.15,-0.02,0.9,8.35,-48.13,2.64
172,-0.12,0.03,0.82,-2.97,-33.37,-27.6
173,-0.21,0.02,0.89,-8.14,-30.05,-18.01
174,-0.14,-0.01,0.85,-12.11,-19.34,-17.4
175,-0.17,0.01,0.86,-11.07,-5.88,-15.17
176,-0.17,-0.03,0.9,-6.77,-7.3,-1.65
177,-0.17,0.06,0.93,-21.41,0.54,-21.95
178,-0.19,0.01,0.97,-15.43,-7.27,-19.11
179,-0.23,0.11,0.98,-15.31,-16.76,2.85
180,-0.12,-0.02,0.9,-10.79,0.31,-11.14
181,-0.13,0.02,0.9,-18.26,7.38,-29.59
182,-0.22,-0.03,0.94,-16.07,0.75,-24.85
183,-0.18,-0.06,0.93,-18.24,7.98,-36.92
184,-0.21,-0.07,0.99,-16.31,0.08,-27.75
185,-0.21,-0.1,1.02,-20.68,12.11,-43.82
186,-0.23,-0.16,1.09,-17.53,14.61,-44.08
187,-0.28,-0.25,0.99,-6.84,10.55,-42.14
188,-0.22,-0.13,1.02,-2.91,14.4,-32.05
189,-0.23,0.01,1.0,-8.37,20.22,-47.66
190,-0.29,-0.14,0.93,5.18,19.62,-30.7
191,-0.25,-0.09,0.93,-12.37,22.48,-30.69
192,-0.27,-0.02,0.98,-4.95,19.79,-8.56
193,-0.19,0.04,0.94,-12.6,22.27,-22.95
194,-0.27,-0.06,1.03,-5.91,13.27,-23.98
195,-0.26,-0.01,0.98,-4.6,5.5,-13.47
196,-0.23,-0.01,0.99,-9.37,13.31,-30.27
197,-0.23,-0.08,1.0,-3.04,13.6,-33.71
198,-0.28,-0.09,0.97,-0.92,14.35,-34.04
199,-0.27,-0.03,0.98,-4.34,10.07,-37.15
200,-0.3,-0.06,0.97,-1.93,0.6,-34.66
201,-0.3,-0.06,0.95,-2.16,-4.31,-33.8
202,-0.31,-0.09,0.95,-0.85,-5.93,-28.47
203,-0.3,-0.08,0.94,-1.27,-5.27,-20.2
204,-0.28,-0.05,0.94,-3.89,0.64,-15.28
205,-0.3,-0.06,0.93,-4.82,-0.34,-4.0
206,-0.29,-0.06,0.94,-6.31,1.35,-0.6
207,-0.26,-0.08,0.95,-6.29,4.34,0.96
208,-0.27,-0.1,0.96,-3.75,2.37,3.83
209,-0.26,-0.1,0.98,-0.56,-3.6,0.01
210,-0.24,-0.09,0.98,2.6,-9.52,-5.65
211,-0.23,-0.08,0.96,5.13,-7.27,-10.59
212,-0.22,-0.06,0.93,4.56,-9.44,-14.26
213,-0.22,-0.05,0.9,3.29,-10.18,-13.86
214,-0.25,-0.08,0.92,8.24,-13.99,-0.01
215,-0.25,-0.06,0.93,8.3,-16.15,3.73
216,-0.17,0.01,0.89,-0.74,-5.61,-9.08
217,-0.23,-0.02,0.91,-3.15,-5.55,-4.49
218,-0.23,-0.03,0.92,-4.72,-4.57,-2.85
219,-0.23,-0.04,0.94,-4.34,-5.15,0.96
220,-0.23,-0.05,0.96,-1.65,-6.22,3.51
221,-0.21,-0.03,0.94,-3.55,-4.41,1.7
222,-0.25,-0.05,0.93,-3.87,-7.69,4.24
223,-0.22,-0.08,0.94,-4.73,-6.8,0.62
224,-0.22,-0.1,0.95,1.27,-10.17,7.79
225,-0.23,-0.1,0.94,-0.58,-14.35,-1.21
226,-0.21,-0.06,0.94,1.42,-14.29,3.86
227,-0.2,-0.04,0.95,0.14,-11.28,0.96
228,-0.21,-0.03,0.95,-0.7,-8.35,-1.25
229,-0.2,-0.04,0.94,3.05,-6.87,5.37
230,-0.19,-0.03,0.94,0.67,-3.9,2.28
231,-0.19,-0.03,0.93,0.23,-6.07,2.61
232,-0.2,-0.04,0.95,2.66,-11.91,7.63
233,-0.15,-0.0,0.95,-2.61,-6.87,-3.47
234,-0.22,-0.08,0.95,2.82,-12.38,8.83
235,-0.23,-0.08,0.97,-0.37,-12.79,-0.46
236,-0.2,-0.04,0.99,3.6,-14.79,11.66
237,-0.16,-0.05,0.96,0.23,-9.88,-1.44
238,-0.17,-0.05,0.97,1.28,-9.76,1.49
239,-0.22,-0.07,0.98,3.17,-11.05,2.92
240,-0.21,-0.07,0.97,4.31,-10.81,2.97
241,-0.18,-0.05,0.94,-0.43,-5.49,-12.96
242,-0.21,-0.04,0.96,0.98,-6.3,-1.97
243,-0.23,-0.05,0.97,3.41,-12.96,4.38
244,-0.19,-0.04,0.94,1.27,-6.14,-5.27
245,-0.17,-0.01,0.94,-0.28,-5.61,-6.33
246,-0.21,-0.02,0.94,-1.47,-8.39,-4.47
247,-0.17,-0.03,0.94,-3.92,-6.69,-9.69
248,-0.2,-0.04,0.97,-2.44,-9.53,-1.61
249,-0.22,-0.07,0.98,-1.84,-7.09,-1.6
250,-0.19,-0.06,0.96,-0.69,-4.43,-2.52
251,-0.17,-0.04,0.97,-0.53,-0.38,-5.68
252,-0.19,-0.04,0.96,0.46,0.71,-5.62
253,-0.18,-0.02,0.95,0.38,2.34,-6.11
254,-0.19,-0.01,0.93,-0.79,2.21,-5.92
255,-0.18,-0.01,0.93,-2.9,0.97,-6.17
256,-0.19,-0.03,0.95,-3.48,-1.96,-6.82
257,-0.19,-0.05,0.95,-2.72,-3.25,-9.66
258,-0.19,-0.04,0.95,-2.35,-4.3,-10.2
259,-0.2,-0.03,0.95,-2.31,-4.54,-10.68
260,-0.2,-0.03,0.94,-3.29,-3.21,-12.79
261,-0.19,-0.02,0.95,-3.53,-2.12,-11.55
262,-0.2,-0.03,0.95,-4.65,-1.83,-9.85
263,-0.19,-0.04,0.96,-5.02,-0.19,-8.24
264,-0.18,-0.04,0.96,-4.88,1.14,-6.24
265,-0.21,-0.06,0.96,-4.53,1.02,-4.48
266,-0.19,-0.05,0.97,-3.92,0.87,-4.6
267,-0.19,-0.05,0.95,-3.66,-0.02,-3.67
268,-0.17,-0.06,0.96,-4.23,0.86,-5.51
269,-0.19,-0.05,0.97,-3.69,0.49,-6.27
270,-0.19,-0.05,0.97,-3.54,0.68,-6.64
271,-0.19,-0.05,0.96,-3.66,-0.27,-5.94
272,-0.19,-0.05,0.95,-3.16,-0.81,-5.98
273,-0.18,-0.05,0.95,-3.47,-1.89,-5.6
274,-0.18,-0.05,0.96,-4.06,-1.21,-5.79
275,-0.19,-0.05,0.96,-4.63,-0.67,-5.3
276,-0.2,-0.05,0.96,-5.25,0.1,-6.27
277,-0.19,-0.06,0.97,-5.95,-0.13,-7.21
278,-0.2,-0.08,0.99,-5.31,0.08,-8.7
279,-0.21,-0.08,0.99,-3.92,0.25,-9.31
280,-0.21,-0.07,0.98,-3.02,-0.68,-7.9
281,-0.21,-0.08,0.97,-2.36,-1.66,-7.21
282,-0.2,-0.06,0.97,-1.64,-1.58,-5.45
283,-0.19,-0.06,0.96,-0.93,-1.49,-3.56
284,-0.2,-0.05,0.96,-1.31,-0.99,-1.92
285,-0.2,-0.05,0.95,-1.96,-1.04,-1.45
286,-0.19,-0.05,0.96,-1.56,-0.9,-2.21
287,-0.18,-0.05,0.95,-1.11,-1.18,-0.67
288,-0.17,-0.03,0.94,-1.97,-1.41,-1.63
289,-0.19,-0.03,0.94,-2.98,-2.35,-2.5
290,-0.18,-0.03,0.94,-3.98,-2.89,-2.71
291,-0.18,-0.04,0.94,-5.51,-2.49,-2.37
292,-0.19,-0.05,0.94,-6.15,-2.07,-2.47
293,-0.19,-0.06,0.98,-5.5,-1.89,-2.2
294,-0.2,-0.06,0.95,-4.96,-2.5,-0.22
295,-0.18,-0.05,0.97,-4.79,-1.85,-1.05
296,-0.19,-0.06,0.97,-4.47,-2.31,-1.43
297,-0.21,-0.06,0.98,-4.16,-3.35,-1.94
298,-0.19,-0.06,0.97,-4.15,-3.04,-3.15
299,-0.19,-0.05,0.97,-3.67,-3.11,-3.54
300,-0.2,-0.05,0.98,-3.75,-4.4,-3.82
301,-0.19,-0.05,0.96,-3.44,-5.31,-4.06
302,-0.19,-0.04,0.95,-4.89,-6.57,-4.44
303,-0.19,-0.04,0.96,-6.08,-7.51,-5.17
304,-0.19,-0.04,0.96,-6.85,-7.4,-3.9
305,-0.19,-0.06,0.97,-6.0,-6.89,-1.82
306,-0.19,-0.08,0.96,-5.02,-6.69,-1.6
307,-0.2,-0.06,0.97,-4.26,-5.78,-1.64
308,-0.18,-0.07,0.96,-3.07,-6.02,-0.69
309,-0.18,-0.07,0.98,-1.53,-8.58,0.55
310,-0.17,-0.07,0.96,-1.99,-3.33,-1.95
311,-0.17,-0.05,0.95,-1.47,-3.28,-1.79
312,-0.17,-0.05,0.94,-2.59,-3.94,-1.38
313,-0.16,-0.05,0.94,-4.31,-4.09,-3.48
314,-0.17,-0.07,0.97,-4.18,-4.73,-3.37
315,-0.19,-0.07,0.97,-2.78,-5.85,-3.27
316,-0.17,-0.07,0.97,-2.37,-4.65,-3.51
317,-0.17,-0.06,0.97,-2.31,-3.95,-2.79
318,-0.18,-0.05,0.97,-2.81,-4.39,-2.49
319,-0.18,-0.06,0.97,-4.2,-5.0,-2.31
320,-0.18,-0.07,0.99,-3.79,-5.5,-1.6
321,-0.18,-0.07,0.98,-2.6,-4.93,-2.4
322,-0.17,-0.07,0.98,-1.84,-4.6,-3.08
323,-0.16,-0.06,0.97,-1.91,-4.24,-3.82
324,-0.17,-0.06,0.98,-2.02,-4.17,-5.03
325,-0.18,-0.05,0.96,-1.34,-6.37,-5.05
326,-0.18,-0.04,0.96,-1.98,-6.03,-5.03
327,-0.16,-0.05,0.96,-2.5,-5.69,-4.94
328,-0.16,-0.05,0.97,-1.83,-6.86,-3.82
329,-0.17,-0.06,0.97,-1.19,-4.42,-5.32
330,-0.17,-0.04,0.96,-0.59,-4.84,-4.5
331,-0.16,-0.04,0.95,-2.12,-4.74,-3.78
332,-0.15,-0.05,0.95,-4.01,-2.7,-4.79
333,-0.15,-0.06,0.97,-3.82,-1.19,-4.11
334,-0.17,-0.05,0.97,-2.85,-2.22,-3.13
335,-0.17,-0.06,0.97,-3.13,-1.63,-2.54
336,-0.17,-0.06,0.97,-2.73,-2.11,-3.19
337,-0.17,-0.07,0.96,-1.92,-4.66,-3.47
338,-0.17,-0.07,0.97,-2.45,-3.1,-4.79
339,-0.17,-0.06,0.96,-2.44,-2.84,-5.82
340,-0.17,-0.07,0.98,-2.12,-2.31,-4.91
341,-0.16,-0.07,0.97,-2.12,-0.89,-4.7
342,-0.17,-0.06,0.97,-2.68,-0.7,-3.71
343,-0.17,-0.06,0.96,-3.08,-1.37,-3.42
344,-0.16,-0.05,0.97,-2.57,-1.66,-3.99
345,-0.15,-0.05,0.96,-2.72,-2.5,-3.38
346,-0.14,-0.05,0.95,-3.12,-1.69,-3.36
347,-0.14,-0.04,0.95,-4.07,-0.35,-3.26
348,-0.15,-0.04,0.96,-4.6,-0.11,-3.08
349,-0.15,-0.05,0.96,-4.6,-0.41,-3.08
350,-0.15,-0.05,0.96,-4.76,-0.44,-3.38
351,-0.15,-0.06,0.97,-4.34,-0.73,-3.65
352,-0.16,-0.06,0.97,-4.05,-1.28,-3.56
353,-0.16,-0.07,0.97,-4.07,-1.66,-3.8
354,-0.16,-0.06,0.97,-3.97,-1.49,-3.32
355,-0.16,-0.07,0.98,-4.57,-1.24,-4.52
356,-0.17,-0.08,0.98,-3.83,-1.04,-4.11
357,-0.17,-0.08,0.99,-3.02,-1.07,-3.11
358,-0.18,-0.08,0.98,-2.77,-1.02,-3.08
359,-0.17,-0.08,0.99,-2.47,-1.66,-2.59
360,-0.18,-0.07,0.98,-1.79,-1.68,-2.49
361,-0.17,-0.07,0.98,-0.92,-1.2,-3.18
362,-0.16,-0.07,0.97,-0.29,-0.84,-2.53
363,-0.16,-0.06,0.96,-0.12,-2.02,-2.77
364,-0.16,-0.04,0.95,-0.82,-3.85,-1.82
365,-0.15,-0.05,0.95,-1.74,-2.9,-2.73
366,-0.15,-0.05,0.96,-2.18,-2.39,-2.17
367,-0.14,-0.04,0.95,-2.95,-1.63,-1.65
368,-0.14,-0.04,0.95,-3.34,-2.2,-1.12
369,-0.16,-0.05,0.96,-3.38,-2.8,-2.04
370,-0.14,-0.05,0.96,-3.59,-1.86,-2.92
371,-0.15,-0.05,0.96,-3.6,-1.47,-3.55
372,-0.17,-0.05,0.96,-4.16,-1.62,-2.89
373,-0.16,-0.05,0.96,-4.43,-1.72,-2.86
374,-0.16,-0.06,0.96,-5.43,-1.5,-2.94
375,-0.18,-0.07,0.98,-5.76,-2.35,-2.9
376,-0.17,-0.08,0.99,-4.69,-3.18,-2.63
377,-0.17,-0.08,0.98,-3.18,-4.3,-1.62
378,-0.16,-0.08,0.99,-2.61,-3.31,-1.52
379,-0.17,-0.08,0.98,-1.94,-3.29,-2.0
380,-0.17,-0.07,0.98,-1.62,-3.53,-1.75
381,-0.17,-0.07,0.97,-1.18,-4.04,-0.35
382,-0.16,-0.07,0.97,-1.65,-3.14,-1.22
383,-0.15,-0.06,0.97,-1.85,-4.15,-1.31
384,-0.16,-0.06,0.97,-1.84,-5.64,-0.97
385,-0.16,-0.06,0.97,-1.69,-5.73,-0.05
386,-0.16,-0.06,0.97,-0.6,-8.84,1.25
387,-0.13,-0.06,0.95,-2.14,-3.79,0.35
388,-0.14,-0.06,0.97,-1.57,-5.01,-0.31
389,-0.14,-0.05,0.97,-0.24,-8.5,2.39
390,-0.11,-0.05,0.95,-1.96,-4.64,-1.33
391,-0.13,-0.05,0.95,-2.91,-3.82,-3.17
392,-0.14,-0.05,0.97,-3.09,-4.1,-2.27
393,-0.15,-0.05,0.96,-3.44,-4.76,-1.92
394,-0.15,-0.07,0.96,-3.56,-4.85,-2.04
395,-0.14,-0.07,0.98,-2.6,-4.15,-1.09
396,-0.13,-0.07,0.96,-2.04,-3.28,-1.83
397,-0.14,-0.06,0.96,-2.44,-3.27,-0.98
398,-0.15,-0.05,0.96,-3.14,-4.11,-0.34
