,accel_x,accel_y,accel_z,gyro_x,gyro_y,gyro_z
0,0.27,0.08,0.94,-4.79,-3.61,-4.72
1,0.27,0.08,0.95,-5.58,-2.67,-3.67
2,0.27,0.07,0.96,-5.59,-1.85,-2.9
3,0.28,0.07,0.96,-5.48,-1.6,-2.91
4,0.28,0.07,0.97,-5.85,-2.65,-3.47
5,0.28,0.07,0.97,-6.18,-3.83,-4.46
6,0.29,0.07,0.98,-5.47,-4.31,-4.08
7,0.28,0.06,0.98,-4.85,-4.05,-3.19
8,0.29,0.05,0.98,-4.5,-3.1,-2.58
9,0.29,0.05,0.98,-3.73,-1.93,-1.24
10,0.29,0.05,0.99,-3.23,-2.08,-1.31
11,0.3,0.05,0.99,-2.35,-1.86,-1.21
12,0.32,0.04,0.99,-1.84,-1.46,-1.98
13,0.31,0.05,1.0,-1.14,-1.88,-3.15
14,0.29,0.05,0.99,-0.15,-2.47,-3.76
15,0.31,0.05,0.98,1.05,-1.58,-3.76
16,0.29,0.06,0.98,2.0,-0.91,-3.27
17,0.28,0.07,0.97,2.05,-0.96,-3.4
18,0.28,0.07,0.96,1.79,-1.27,-3.0
19,0.27,0.08,0.95,0.63,-2.41,-2.88
20,0.27,0.08,0.95,-0.29,-2.35,-2.92
21,0.26,0.08,0.96,-0.22,-3.42,-1.84
22,0.27,0.08,0.95,-0.54,-3.45,-1.27
23,0.29,0.07,0.95,-0.51,-2.62,-0.65
24,0.29,0.07,0.95,-0.33,-2.69,-0.88
25,0.28,0.08,0.96,-0.4,-3.41,-1.52
26,0.28,0.08,0.94,-0.42,-4.11,-1.53
27,0.29,0.08,0.96,-0.39,-5.02,-1.54
28,0.29,0.08,0.95,-0.75,-5.72,-1.82
29,0.3,0.08,0.95,-0.87,-4.92,-1.51
30,0.3,0.08,0.95,-0.44,-4.68,-1.18
31,0.29,0.09,0.95,0.15,-4.79,-1.44
32,0.3,0.09,0.93,-0.76,-4.85,-1.74
33,0.29,0.1,0.93,-1.82,-6.08,-1.5
34,0.28,0.1,0.92,-2.85,-7.68,-2.53
35,0.31,0.1,0.91,-4.11,-7.53,-2.32
36,0.31,0.1,0.92,-4.32,-6.76,-1.31
37,0.3,0.1,0.94,-4.58,-6.15,-1.15
38,0.32,0.08,0.94,-4.09,-6.0,-1.53
39,0.33,0.08,0.94,-3.59,-5.63,-2.02
40,0.33,0.09,0.94,-2.56,-7.35,-3.13
41,0.31,0.08,0.93,-3.18,-8.24,-5.49
42,0.29,0.09,0.92,-2.86,-9.11,-6.64
43,0.27,0.1,0.9,-2.67,-10.63,-7.09
44,0.27,0.1,0.89,-2.83,-12.89,-9.58
45,0.26,0.1,0.89,-4.04,-19.08,-13.72
46,0.25,0.11,0.92,-4.78,-27.55,-16.98
47,0.27,0.11,0.89,-5.91,-32.05,-21.73
48,0.29,0.12,0.89,-7.21,-34.71,-22.12
49,0.32,0.14,0.89,-9.21,-34.34,-21.6
50,0.38,0.16,0.88,-12.12,-31.5,-18.64
51,0.43,0.15,0.89,-14.94,-26.75,-15.05
52,0.46,0.14,0.92,-16.37,-22.14,-11.59
53,0.5,0.12,0.93,-17.23,-17.15,-9.78
54,0.55,0.1,0.94,-17.38,-13.25,-9.64
55,0.59,0.07,0.95,-16.49,-8.32,-11.16
56,0.61,0.04,0.96,-14.31,-5.47,-15.63
57,0.59,0.04,0.96,-11.4,-4.51,-20.39
58,0.58,0.04,0.95,-8.21,-3.98,-24.73
59,0.59,0.05,0.91,-5.98,-2.08,-27.95
60,0.59,0.05,0.87,-4.72,0.97,-30.1
61,0.58,0.05,0.85,-3.75,2.89,-31.76
62,0.59,0.06,0.8,-3.05,6.83,-31.7
63,0.63,0.05,0.72,-2.6,13.71,-31.85
64,0.68,0.06,0.64,-4.11,25.19,-32.05
65,0.79,0.09,0.56,-5.31,43.25,-29.49
66,0.88,0.13,0.47,-7.85,65.47,-24.73
67,0.89,0.18,0.38,-11.53,81.86,-22.58
68,0.88,0.23,0.25,-18.64,95.7,-26.55
69,0.9,0.27,0.19,-24.49,100.45,-31.0
70,0.89,0.3,0.11,-33.06,108.53,-40.67
71,0.89,0.31,0.02,-42.2,114.89,-49.23
72,0.87,0.32,-0.08,-55.74,123.15,-60.07
73,0.85,0.31,-0.16,-69.35,130.83,-71.42
74,0.83,0.28,-0.23,-84.14,146.01,-77.41
75,0.78,0.21,-0.33,-95.52,160.78,-82.36
76,0.7,0.14,-0.4,-105.45,183.84,-85.96
77,0.54,0.13,-0.53,-115.31,199.37,-92.29
78,0.35,0.07,-0.77,-123.81,206.6,-107.15
79,-0.04,0.08,-0.83,-144.99,207.17,-112.02
80,-0.61,0.04,-1.0,-169.27,187.92,-115.84
81,-1.22,-0.0,-1.07,-208.21,146.7,-108.13
82,-1.76,-0.06,-1.29,-250.14,124.1,-106.07
83,-2.0,-0.3,-1.25,-250.14,75.27,-93.16
84,-2.0,-0.6,-0.95,-250.14,15.03,-69.53
85,-2.0,-1.07,-0.51,-250.14,-47.04,-29.4
86,-2.0,-1.74,-0.15,-250.14,-72.5,24.53
87,-2.0,-2.0,0.26,-250.14,-96.65,77.53
88,-2.0,-2.0,0.66,-250.14,-102.95,112.56
89,-2.0,-2.0,1.25,-250.14,-132.1,138.18
90,-2.0,-2.0,1.67,-250.14,-187.63,200.27
91,-2.0,-2.0,1.63,-250.14,-230.72,250.13
92,-2.0,-2.0,1.3,-250.14,-231.48,250.13
93,-2.0,-2.0,1.61,-250.14,-250.14,250.13
94,-1.25,-2.0,1.56,-218.01,-250.14,227.95
95,-1.0,-2.0,1.71,-144.13,-250.14,219.47
96,-0.88,-2.0,1.79,-93.26,-250.14,214.84
97,-0.4,-2.0,1.59,-38.43,-250.14,209.35
98,0.44,-2.0,1.3,19.27,-250.14,203.57
99,1.0,-2.0,1.05,71.82,-250.14,177.37
100,1.57,-2.0,0.74,106.77,-250.14,142.36
101,2.0,-2.0,0.58,137.92,-250.14,101.82
102,2.0,-2.0,0.41,172.31,-250.14,64.74
103,2.0,-2.0,0.41,199.57,-250.14,25.88
104,2.0,-2.0,0.36,218.28,-250.14,2.97
105,2.0,-2.0,0.34,242.91,-250.14,-12.03
106,2.0,-2.0,0.33,250.13,-250.14,-26.66
107,2.0,-1.76,0.27,250.13,-250.14,-38.17
108,2.0,-1.52,0.25,250.13,-243.43,-50.38
109,2.0,-1.28,0.1,250.13,-169.25,-57.83
110,2.0,-1.12,0.11,250.13,-122.08,-60.44
111,1.73,-1.01,0.12,250.13,-97.53,-70.48
112,1.57,-0.99,0.09,250.13,-84.2,-86.88
113,1.45,-0.92,0.05,250.13,-77.6,-102.76
114,1.3,-0.84,-0.05,250.13,-74.07,-120.54
115,1.14,-0.76,-0.12,250.13,-79.69,-136.79
116,1.1,-0.66,-0.19,250.13,-82.37,-152.49
117,1.14,-0.61,-0.25,240.34,-84.18,-163.71
118,1.21,-0.54,-0.31,215.41,-72.08,-176.81
119,1.3,-0.54,-0.36,185.65,-39.98,-184.92
120,1.15,-0.55,-0.31,163.9,-16.61,-189.89
121,0.97,-0.58,-0.18,149.63,-2.64,-188.99
122,0.94,-0.64,-0.15,145.56,17.2,-188.2
123,0.84,-0.66,-0.07,147.16,30.79,-186.02
124,0.86,-0.63,-0.12,146.78,49.9,-179.24
125,0.82,-0.56,-0.16,143.19,67.16,-180.69
126,0.79,-0.45,-0.18,134.05,77.98,-182.47
127,0.71,-0.39,-0.19,127.67,73.4,-187.38
128,0.63,-0.31,-0.16,116.89,59.6,-198.01
129,0.63,-0.26,-0.15,108.97,46.4,-206.89
130,0.6,-0.22,-0.13,103.27,34.14,-210.58
131,0.65,-0.21,-0.13,94.98,27.58,-211.97
132,0.65,-0.16,-0.15,87.76,46.08,-207.52
133,0.67,-0.14,-0.25,78.6,65.87,-195.98
134,0.6,-0.09,-0.31,71.92,82.5,-189.31
135,0.5,0.01,-0.39,56.8,84.12,-181.2
136,0.38,0.01,-0.4,41.07,89.0,-179.45
137,0.32,0.1,-0.41,19.19,90.44,-175.4
138,0.32,0.03,-0.45,1.04,92.15,-177.88
139,0.32,0.06,-0.52,-20.05,82.95,-174.89
140,0.27,0.07,-0.57,-31.94,85.92,-180.58
141,0.33,-0.01,-0.44,-41.31,83.36,-170.68
142,0.24,0.0,-0.45,-44.38,91.14,-166.44
143,0.23,0.06,-0.47,-56.87,102.71,-165.09
144,0.2,0.06,-0.49,-65.44,112.18,-161.14
145,0.11,0.01,-0.49,-67.95,110.21,-157.31
146,0.11,0.0,-0.54,-75.82,104.69,-163.02
147,0.0,-0.08,-0.59,-80.54,91.31,-173.34
148,-0.04,-0.09,-0.62,-95.58,89.49,-188.09
149,-0.04,-0.08,-0.6,-111.02,87.39,-195.82
150,-0.08,-0.11,-0.62,-128.79,82.78,-213.4
151,-0.24,-0.05,-0.56,-147.14,77.48,-234.74
152,-0.69,0.05,-0.46,-163.4,40.53,-247.94
153,-1.04,0.07,-0.26,-182.36,10.98,-250.14
154,-1.12,0.18,-0.16,-204.81,0.91,-242.24
155,-1.26,0.29,-0.08,-228.06,2.66,-199.76
156,-1.45,0.21,0.13,-250.14,7.67,-163.25
157,-1.6,0.04,0.51,-250.14,31.04,-115.27
158,-1.77,-0.19,0.88,-250.14,53.73,-71.84
159,-2.0,-0.54,1.41,-250.14,24.4,-37.82
160,-2.0,-0.96,1.75,-250.14,-30.31,-30.92
161,-1.96,-1.24,1.91,-226.82,-74.53,-28.62
162,-1.57,-1.4,2.0,-201.03,-59.78,-16.11
163,-1.25,-1.5,2.0,-163.98,-50.27,16.15
164,-1.01,-1.48,2.0,-127.47,-18.57,40.24
165,-0.87,-1.34,2.0,-89.56,-12.3,53.8
166,-0.8,-1.17,2.0,-59.66,-26.4,55.57
167,-0.67,-1.0,2.0,-35.79,-42.57,48.0
168,-0.4,-0.82,2.0,-13.82,-48.9,41.74
169,-0.15,-0.62,2.0,-0.61,-47.11,41.7
170,0.08,-0.51,2.0,10.81,-40.11,38.73
171,0.22,-0.43,2.0,26.39,-36.27,39.51
172,0.32,-0.36,1.88,39.16,-28.79,35.75
173,0.29,-0.24,1.79,50.08,-21.95,31.59
174,0.19,-0.17,1.65,60.52,-18.74,26.63
175,0.12,-0.07,1.47,62.78,-15.39,18.99
176,-0.0,0.04,1.33,58.53,-15.04,16.4
177,-0.08,0.09,1.27,53.79,-16.56,16.09
178,-0.04,0.1,1.2,48.22,-14.32,15.0
179,0.01,0.11,1.13,43.32,-12.44,15.81
180,0.03,0.13,1.08,38.47,-12.92,14.51
181,0.0,0.15,1.03,34.13,-11.87,16.77
182,-0.01,0.17,0.95,27.09,-16.96,13.24
183,0.0,0.13,0.92,21.98,-10.49,7.18
184,-0.03,0.1,0.95,23.41,-6.82,6.27
185,-0.08,0.11,0.93,24.4,-10.37,2.56
186,-0.12,0.12,0.92,26.11,-14.23,1.0
187,-0.14,0.16,0.88,25.02,-23.55,-0.69
188,-0.06,0.17,0.84,17.28,-23.9,-1.73
189,-0.01,0.14,0.86,12.73,-20.24,-0.14
190,0.0,0.1,0.89,7.69,-15.84,1.16
191,0.0,0.09,0.89,4.51,-15.08,1.52
192,-0.02,0.06,0.94,2.98,-15.76,0.53
193,-0.05,0.01,1.0,5.13,-15.51,-0.06
194,-0.11,-0.01,1.11,10.99,-27.75,1.74
195,-0.01,-0.01,1.02,15.98,-19.37,6.18
196,-0.01,-0.01,1.03,22.95,-6.22,2.19
197,-0.02,0.05,1.01,25.85,-6.52,-0.16
198,-0.01,0.08,0.99,25.27,-9.23,-2.58
199,0.0,0.11,0.96,25.44,-9.64,-1.42
200,0.03,0.15,0.88,22.08,-8.95,-3.33
201,0.03,0.19,0.88,14.94,-3.48,-1.86
202,0.01,0.2,0.88,11.66,-6.39,-1.28
203,-0.01,0.21,0.87,6.5,-5.43,-0.92
204,-0.0,0.2,0.86,0.52,-7.72,-3.34
205,0.01,0.17,0.93,-1.69,-9.34,-3.17
206,0.01,0.14,0.94,-0.37,-8.82,-3.9
207,0.04,0.14,0.94,-0.26,-6.39,-5.33
208,0.02,0.13,0.96,0.07,-7.69,-6.65
209,-0.03,0.13,0.97,2.21,-11.85,-9.42
210,-0.04,0.13,0.96,3.76,-17.78,-10.32
211,-0.03,0.14,0.9,0.58,-18.09,-12.24
212,-0.02,0.13,0.89,-2.84,-15.51,-10.17
213,-0.05,0.12,0.92,-4.36,-13.79,-6.87
214,-0.01,0.11,0.91,-7.64,-11.23,-7.76
215,0.01,0.11,0.92,-10.4,-8.85,-4.34
216,-0.01,0.07,0.95,-9.35,-9.48,-2.12
217,-0.03,0.06,0.96,-7.31,-8.18,-1.37
218,-0.02,0.07,0.94,-7.57,-8.4,-2.45
219,-0.01,0.07,0.96,-8.07,-11.61,-5.97
220,-0.02,0.06,0.98,-7.01,-17.8,-9.99
221,-0.02,0.05,0.98,-3.68,-20.76,-10.32
222,-0.03,0.09,0.97,-2.02,-19.45,-9.37
223,0.01,0.11,0.92,-4.66,-16.63,-7.84
224,0.06,0.11,0.91,-9.61,-12.21,-5.48
225,0.05,0.09,0.95,-11.67,-10.0,-2.82
226,0.02,0.09,0.97,-11.53,-10.03,-1.81
227,0.03,0.09,0.97,-12.5,-11.31,-0.81
228,0.14,0.08,0.93,-15.66,-3.67,-2.08
229,0.15,0.06,0.95,-16.84,-2.23,-3.61
230,0.07,0.04,1.0,-16.26,-5.18,-8.39
231,0.02,0.04,1.02,-14.24,-8.73,-9.37
232,0.02,0.02,1.02,-10.47,-7.9,-8.83
233,0.02,0.01,1.02,-4.95,-3.55,-6.03
234,0.0,0.01,1.0,-0.88,-0.46,-3.14
235,-0.01,0.03,0.97,0.95,0.08,-3.34
236,-0.02,0.05,0.95,1.15,-1.07,-2.82
237,-0.03,0.07,0.95,0.13,-3.41,-3.13
238,-0.03,0.09,0.92,-2.05,-4.54,-2.38
239,-0.02,0.1,0.92,-4.76,-5.17,-0.95
240,-0.01,0.1,0.94,-7.0,-6.47,0.31
241,0.02,0.08,0.94,-8.89,-6.75,0.2
242,0.04,0.08,0.95,-10.4,-7.08,-0.37
243,0.04,0.08,0.97,-11.68,-9.79,-1.68
244,0.07,0.07,0.98,-11.35,-10.21,-2.03
245,0.08,0.07,0.98,-10.34,-8.4,-2.05
246,0.08,0.07,0.97,-10.94,-7.37,-1.78
247,0.09,0.07,0.98,-11.63,-6.66,-3.4
248,0.08,0.06,0.99,-11.85,-7.16,-4.05
249,0.09,0.06,0.99,-13.02,-7.65,-5.76
250,0.08,0.04,1.0,-12.82,-7.53,-6.57
251,0.08,0.02,1.01,-12.15,-7.65,-7.53
252,0.09,0.02,1.02,-11.44,-6.69,-8.54
253,0.08,0.01,1.03,-10.4,-5.66,-9.29
254,0.04,0.0,1.03,-9.09,-6.58,-10.12
255,0.03,0.01,1.05,-7.82,-7.37,-9.78
256,0.04,0.0,1.04,-6.01,-5.63,-7.61
257,0.05,0.01,1.02,-5.24,-4.41,-7.33
258,0.04,0.0,1.03,-3.97,-5.04,-7.73
259,0.04,0.0,1.02,-2.77,-6.16,-8.09
260,0.03,0.01,1.02,-1.67,-7.82,-7.8
261,0.01,0.02,1.01,-1.08,-8.31,-7.47
262,0.02,0.02,0.99,-0.34,-7.56,-8.03
263,0.02,0.03,0.98,-0.1,-7.53,-6.53
264,0.01,0.05,0.98,-1.77,-9.56,-5.85
265,0.03,0.04,0.98,-3.47,-10.29,-5.73
266,0.05,0.04,0.98,-4.44,-8.55,-3.5
267,0.06,0.03,0.99,-4.87,-7.54,-3.17
268,0.08,0.03,1.0,-3.73,-8.5,-2.98
269,0.09,0.03,1.01,-2.58,-8.24,-2.25
270,0.08,0.03,1.0,-1.69,-8.24,-4.06
271,0.09,0.04,1.0,-1.35,-7.4,-4.46
272,0.1,0.04,1.0,-0.56,-7.59,-4.36
273,0.12,0.05,0.98,-0.05,-5.85,-4.02
274,0.12,0.05,0.98,0.15,-3.33,-4.25
275,0.08,0.06,0.98,-0.26,-4.56,-4.89
276,0.07,0.05,0.98,-0.93,-6.44,-7.18
277,0.07,0.05,0.98,-1.96,-7.62,-7.95
278,0.06,0.05,0.99,-2.57,-6.87,-8.13
279,0.05,0.04,0.99,-2.67,-7.09,-8.01
280,0.06,0.04,0.99,-3.13,-5.53,-7.1
281,0.05,0.05,0.99,-3.52,-4.7,-5.59
282,0.07,0.04,0.98,-3.77,-4.82,-5.42
283,0.09,0.05,0.98,-4.94,-2.95,-5.84
284,0.1,0.05,0.98,-5.54,-3.56,-5.23
285,0.06,0.09,1.0,-6.83,-4.8,-7.02
286,0.1,0.06,1.0,-8.09,-2.63,-7.23
287,0.12,0.04,0.98,-8.29,-0.43,-7.12
288,0.11,0.05,1.0,-9.76,1.03,-8.7
289,0.11,0.07,1.02,-11.66,2.27,-4.95
290,0.12,0.03,1.01,-7.05,-1.93,-9.36
291,0.11,0.02,1.03,-5.51,3.16,-12.02
292,0.1,0.02,1.01,-4.18,5.0,-11.93
293,0.08,0.01,1.01,-1.03,4.83,-12.82
294,0.08,0.01,1.01,-0.84,6.62,-15.4
295,0.08,0.03,1.01,0.76,3.53,-16.69
296,0.06,0.03,1.0,1.37,1.01,-17.12
297,0.07,0.03,1.01,1.31,0.48,-18.05
298,0.05,0.03,1.0,1.82,1.69,-19.76
299,0.05,0.03,1.01,0.91,-0.4,-19.97
300,0.06,0.03,1.01,-0.68,2.13,-18.47
301,0.05,0.03,1.02,-0.79,-0.56,-15.63
302,0.05,0.02,1.02,-0.84,0.15,-14.47
303,0.05,0.01,1.01,-1.45,2.53,-15.21
304,0.03,0.01,1.02,-2.78,5.14,-16.6
305,0.04,0.02,1.02,-0.41,0.24,-14.86
306,0.07,0.01,0.98,-1.07,5.89,-14.73
307,0.05,0.02,1.0,0.1,1.18,-12.69
308,0.04,0.03,1.0,1.47,-1.85,-11.98
309,0.05,0.03,0.99,2.08,-0.98,-11.55
310,0.05,0.04,0.99,3.34,-0.32,-11.04
311,0.05,0.06,0.99,2.61,2.01,-9.79
312,0.05,0.07,0.96,2.24,-2.34,-9.46
313,0.05,0.06,0.98,1.03,-1.7,-8.8
314,0.05,0.07,0.98,0.97,-2.04,-7.5
315,0.07,0.07,0.96,-0.51,-2.15,-6.19
316,0.08,0.08,0.97,-2.04,-1.99,-5.22
317,0.08,0.07,0.98,-1.79,-0.38,-5.61
318,0.08,0.07,0.98,-2.69,-0.74,-5.12
319,0.07,0.08,0.98,-1.71,-1.77,-4.8
320,0.07,0.07,0.97,-1.47,-1.91,-4.0
321,0.08,0.07,0.96,-1.8,-0.8,-3.37
322,0.09,0.08,0.95,-3.42,1.15,-3.27
323,0.07,0.08,0.96,-5.58,2.29,-5.13
324,0.05,0.07,0.98,-5.08,1.53,-8.27
325,0.07,0.06,0.97,-6.04,-0.29,-7.93
326,0.1,0.06,0.95,-7.72,4.03,-7.98
327,0.04,0.05,0.98,-5.69,-1.2,-7.07
328,0.03,0.05,0.99,-6.51,-2.32,-6.54
329,0.02,0.06,0.99,-6.73,-3.22,-4.72
330,0.04,0.05,0.98,-7.28,-4.05,-3.55
331,0.07,0.03,0.96,-6.95,-2.07,-3.44
332,0.04,0.04,0.98,-8.24,-3.32,-1.53
333,0.04,0.03,1.0,-7.47,-5.23,0.48
334,0.09,0.03,0.99,-8.33,-3.79,1.45
335,0.07,0.02,1.0,-8.37,-5.51,0.37
336,0.07,0.01,1.01,-7.96,-7.61,-0.62
337,0.07,0.02,1.02,-7.29,-8.26,0.51
338,0.08,0.0,1.0,-6.27,-5.95,1.87
339,0.09,0.0,1.01,-5.47,-4.31,2.8
340,0.1,-0.0,1.01,-3.23,-3.76,1.89
341,0.08,0.01,1.03,-1.47,-5.21,1.64
342,0.07,0.01,1.02,-0.24,-5.04,4.56
343,0.08,0.02,1.01,-0.26,-2.74,5.57
344,0.09,0.03,1.0,0.01,-1.82,6.4
345,0.06,0.03,1.01,0.61,-3.15,6.58
346,0.07,0.04,1.01,0.91,-3.17,8.47
347,0.06,0.05,0.99,0.68,-2.87,10.05
348,0.04,0.04,1.0,1.9,-5.77,6.02
349,0.09,0.05,0.97,-1.16,-1.08,3.92
350,0.07,0.05,0.99,-1.53,-3.93,2.68
351,0.08,0.04,0.99,-1.63,-4.89,1.76
352,0.06,0.05,0.98,-1.23,-5.82,2.9
353,0.07,0.05,0.97,-3.59,-3.92,1.85
354,0.07,0.04,0.98,-4.08,-4.68,0.9
355,0.07,0.04,1.0,-3.45,-5.88,1.72
356,0.08,0.04,0.99,-2.78,-5.65,2.42
357,0.1,0.04,0.99,-2.92,-4.55,2.69
358,0.12,0.03,0.98,-2.39,-3.98,0.93
359,0.09,0.03,1.01,-2.29,-4.34,-1.63
360,0.09,0.03,0.99,-1.3,-6.33,-1.86
361,0.1,0.02,0.98,-1.08,-3.58,-1.95
362,0.1,0.03,0.99,-0.5,-1.67,-2.11
363,0.05,0.03,0.98,0.08,-3.3,-2.22
364,0.05,0.04,0.98,0.27,-6.27,-2.47
365,0.06,0.04,0.96,-0.55,-4.32,-1.66
366,0.05,0.05,0.97,-1.5,-4.74,-0.72
367,0.06,0.04,0.97,-1.52,-5.55,0.32
368,0.07,0.04,0.97,-1.8,-4.5,1.52
369,0.09,0.04,0.98,-2.53,-3.68,1.82
370,0.07,0.05,0.98,-2.63,-4.81,2.76
371,0.07,0.05,0.98,-2.13,-5.25,2.74
372,0.1,0.06,0.97,-2.18,-3.89,3.32
373,0.1,0.06,0.97,-1.48,-4.16,3.11
374,0.09,0.07,0.97,-2.14,-4.8,2.5
375,0.11,0.07,0.96,-3.11,-4.33,0.65
376,0.11,0.07,0.97,-3.64,-4.37,0.61
377,0.1,0.07,0.97,-3.95,-5.69,0.64
378,0.1,0.07,0.97,-5.73,-4.46,0.59
379,0.12,0.05,0.97,-6.6,-4.42,1.01
380,0.11,0.04,0.99,-7.05,-3.76,1.45
381,0.09,0.03,0.99,-7.05,-2.94,2.18
382,0.11,0.03,0.99,-7.55,-3.49,2.14
383,0.13,0.01,0.98,-7.5,-1.73,1.37
384,0.09,0.01,1.0,-6.52,-2.04,0.89
385,0.06,0.01,1.01,-5.12,-3.24,0.31
386,0.06,0.01,1.01,-4.53,-3.5,0.9
387,0.09,0.0,1.0,-4.2,-4.47,0.68
388,0.09,0.0,1.0,-3.76,-3.52,-0.44
389,0.09,0.01,1.0,-2.71,-4.82,-0.63
390,0.07,0.02,1.01,-2.92,-6.04,0.53
391,0.08,0.03,0.98,-4.04,-6.32,1.1
392,0.1,0.03,1.0,-4.27,-6.05,1.7
393,0.1,0.03,1.0,-3.92,-5.53,2.02
394,0.12,0.03,1.0,-3.73,-5.69,2.58
395,0.14,0.03,1.0,-4.53,-4.66,2.17
396,0.16,0.03,1.01,-3.99,-6.26,1.88
397,0.17,0.03,1.01,-3.41,-4.53,-0.62
398,0.17,0.03,1.02,-2.44,-4.6,-1.39
399,0.17,0.02,1.01,-0.35,-6.01,-0.66
