,accel_x,accel_y,accel_z,gyro_x,gyro_y,gyro_z
0,0.45,-0.22,1.0,-7.46,-19.37,-0.26
1,0.48,-0.24,1.01,-3.1,-15.74,0.52
2,0.46,-0.21,1.01,-2.26,-13.5,-1.7
3,0.46,-0.22,1.0,-0.3,-11.92,-3.05
4,0.45,-0.22,0.97,0.99,-10.21,-3.32
5,0.43,-0.21,0.95,1.77,-7.81,-2.76
6,0.44,-0.22,0.94,1.62,-3.11,-1.18
7,0.45,-0.23,0.94,2.44,1.5,-0.12
8,0.45,-0.23,0.95,4.69,5.79,0.36
9,0.44,-0.21,0.94,6.48,7.63,0.25
10,0.43,-0.19,0.93,7.67,9.0,-0.26
11,0.42,-0.17,0.91,7.6,9.82,-2.21
12,0.42,-0.15,0.9,8.15,10.9,-3.02
13,0.43,-0.15,0.88,7.75,11.4,-4.79
14,0.41,-0.13,0.89,7.03,10.98,-6.04
15,0.38,-0.12,0.89,6.16,9.28,-6.71
16,0.37,-0.12,0.89,5.7,8.44,-7.42
17,0.37,-0.13,0.89,6.04,8.49,-7.81
18,0.36,-0.13,0.9,6.35,8.26,-7.77
19,0.35,-0.11,0.9,5.71,8.84,-6.39
20,0.36,-0.12,0.9,6.44,9.77,-6.79
21,0.39,-0.12,0.89,6.4,11.05,-7.02
22,0.42,-0.15,0.93,7.54,12.74,-10.25
23,0.42,-0.12,0.9,7.47,13.95,-11.66
24,0.38,-0.12,0.91,7.71,14.66,-13.76
25,0.35,-0.12,0.91,7.56,16.17,-14.66
26,0.3,-0.08,0.92,6.6,17.01,-13.87
27,0.33,-0.1,0.92,5.92,19.05,-13.36
28,0.29,-0.1,0.91,4.6,16.46,-12.16
29,0.28,-0.08,0.91,2.01,13.61,-10.88
30,0.3,-0.07,0.9,-1.32,12.78,-11.42
31,0.31,-0.08,0.91,-4.68,11.98,-12.63
32,0.33,-0.09,0.92,-6.28,14.32,-11.83
33,0.31,-0.1,0.93,-6.06,19.21,-9.7
34,0.32,-0.12,0.97,-4.22,18.62,-10.6
35,0.31,-0.13,0.98,-3.16,16.31,-10.47
36,0.26,-0.12,0.97,-2.01,12.79,-9.53
37,0.22,-0.11,0.96,-1.4,9.3,-10.34
38,0.22,-0.11,0.94,-2.1,9.08,-7.38
39,0.23,-0.11,0.95,-3.21,7.45,-5.58
40,0.26,-0.12,0.95,-3.05,6.79,-3.07
41,0.26,-0.11,0.94,-3.13,8.41,-1.99
42,0.23,-0.1,0.95,-4.61,6.95,-0.11
43,0.2,-0.1,0.94,-6.05,2.67,-2.09
44,0.21,-0.1,0.95,-7.69,0.11,-2.97
45,0.22,-0.1,0.96,-9.29,-1.96,-2.2
46,0.21,-0.1,0.98,-11.5,-3.28,-0.08
47,0.17,-0.1,1.01,-11.69,-6.95,5.02
48,0.16,-0.12,1.02,-14.12,-8.57,8.13
49,0.13,-0.13,1.06,-15.88,-10.81,12.66
50,0.08,-0.17,1.14,-16.62,-16.89,14.54
51,0.07,-0.2,1.21,-17.6,-25.37,12.25
52,0.07,-0.23,1.33,-17.84,-34.3,11.14
53,0.08,-0.2,1.44,-17.15,-48.84,13.73
54,0.15,-0.26,1.58,-16.36,-60.02,13.88
55,0.31,-0.36,1.71,-10.05,-67.37,10.66
56,0.45,-0.45,1.84,5.03,-80.56,10.95
57,0.52,-0.49,1.97,24.65,-99.7,5.31
58,0.57,-0.53,2.0,44.79,-119.6,-1.53
59,0.69,-0.54,2.0,63.13,-136.92,-9.49
60,0.79,-0.55,2.0,85.35,-149.71,-17.01
61,0.92,-0.51,1.93,101.76,-151.31,-19.76
62,1.2,-0.45,1.78,117.96,-141.34,-26.49
63,1.35,-0.41,1.63,126.77,-129.11,-22.4
64,1.41,-0.38,1.53,135.56,-115.89,-23.02
65,1.44,-0.38,1.45,136.2,-98.92,-31.07
66,1.31,-0.42,1.42,141.44,-97.8,-38.84
67,1.28,-0.43,1.43,146.59,-99.19,-51.18
68,1.47,-0.45,1.37,155.31,-97.62,-67.44
69,1.59,-0.47,1.28,168.12,-84.61,-79.67
70,1.59,-0.42,1.18,189.04,-58.79,-86.16
71,1.62,-0.38,0.94,200.36,-24.43,-93.32
72,1.62,-0.27,0.68,198.93,7.85,-100.1
73,1.48,-0.18,0.45,191.95,32.71,-103.21
74,1.25,-0.07,0.27,176.41,48.17,-107.24
75,1.12,-0.05,0.14,159.34,62.08,-111.87
76,1.03,-0.1,0.11,140.76,69.58,-112.31
77,0.94,-0.16,0.1,126.1,92.62,-111.46
78,0.9,-0.23,0.09,111.84,117.35,-106.92
79,0.86,-0.38,0.15,109.11,144.44,-110.16
80,0.85,-0.43,0.19,108.62,170.5,-121.51
81,0.75,-0.39,0.17,117.92,160.86,-130.73
82,0.54,-0.37,0.12,124.27,143.62,-143.14
83,0.49,-0.29,0.03,128.47,123.15,-151.57
84,0.51,-0.24,-0.05,129.59,106.64,-157.14
85,0.56,-0.22,-0.12,127.6,94.24,-164.16
86,0.58,-0.15,-0.14,126.11,86.57,-171.18
87,0.66,-0.06,-0.22,122.31,82.83,-175.6
88,0.74,0.02,-0.3,115.65,85.62,-177.98
89,0.76,0.09,-0.44,107.07,93.31,-181.05
90,0.79,0.19,-0.55,90.78,106.95,-180.32
91,0.85,0.25,-0.64,73.8,114.35,-183.48
92,0.77,0.27,-0.71,50.44,121.45,-188.33
93,0.67,0.29,-0.74,29.63,126.06,-192.18
94,0.52,0.29,-0.67,7.53,120.55,-199.47
95,0.45,0.19,-0.57,-5.35,115.3,-203.47
96,0.4,0.1,-0.5,-14.19,107.67,-206.91
97,0.35,0.04,-0.43,-16.58,101.31,-211.08
98,0.22,0.0,-0.36,-19.18,88.46,-211.77
99,0.12,-0.01,-0.38,-27.89,72.31,-218.35
100,0.08,-0.09,-0.39,-37.74,56.28,-231.44
101,-0.06,-0.13,-0.45,-47.37,28.53,-243.38
102,-0.11,-0.17,-0.56,-60.4,21.21,-248.82
103,-0.24,-0.18,-0.62,-81.55,22.16,-243.26
104,-0.39,-0.23,-0.55,-103.69,32.46,-234.33
105,-0.45,-0.36,-0.45,-113.4,45.4,-220.76
106,-0.44,-0.45,-0.42,-119.8,61.11,-212.33
107,-0.57,-0.49,-0.34,-121.0,69.51,-214.86
108,-0.85,-0.44,-0.24,-109.99,51.9,-214.98
109,-1.04,-0.43,-0.26,-105.54,19.6,-221.57
110,-1.03,-0.36,-0.35,-109.69,-1.04,-219.53
111,-0.99,-0.31,-0.52,-123.9,2.44,-208.4
112,-1.05,-0.28,-0.66,-153.97,15.31,-193.15
113,-1.18,-0.28,-0.69,-185.45,33.59,-179.82
114,-1.36,-0.36,-0.75,-218.85,35.85,-173.65
115,-1.62,-0.38,-0.49,-250.14,22.33,-167.53
116,-1.9,-0.62,-0.23,-250.14,-17.07,-168.63
117,-1.97,-0.87,0.06,-250.14,-39.42,-167.06
118,-1.96,-1.03,0.14,-248.93,-44.3,-163.72
119,-2.0,-1.11,0.14,-250.14,-36.33,-142.12
120,-2.0,-1.18,0.14,-250.14,-22.53,-125.79
121,-2.0,-1.21,0.15,-250.14,-37.22,-103.92
122,-2.0,-1.31,0.18,-250.14,-57.96,-93.18
123,-2.0,-1.49,0.12,-250.14,-64.76,-83.74
124,-2.0,-1.11,0.22,-250.14,-128.37,-41.03
125,-2.0,-1.35,0.41,-250.14,-183.87,19.22
126,-2.0,-1.51,0.54,-250.14,-198.53,64.47
127,-2.0,-1.73,0.76,-250.14,-181.07,94.73
128,-1.8,-2.0,1.2,-250.14,-158.79,121.21
129,-1.78,-2.0,1.59,-250.14,-157.51,129.19
130,-2.0,-2.0,1.87,-232.38,-189.27,129.52
131,-2.0,-2.0,1.92,-165.07,-230.56,131.01
132,-2.0,-2.0,1.61,-116.82,-250.14,160.68
133,-2.0,-1.78,1.12,-114.56,-250.14,200.85
134,-1.66,-1.51,0.82,-133.32,-250.14,230.34
135,-1.34,-1.43,0.75,-159.44,-250.14,250.13
136,-1.15,-1.47,0.78,-161.84,-250.14,250.13
137,-0.82,-1.43,0.78,-176.28,-250.14,250.13
138,-0.32,-1.59,0.76,-180.6,-250.14,250.13
139,0.14,-1.73,0.82,-183.9,-250.14,250.13
140,0.35,-1.91,1.02,-171.7,-250.14,250.13
141,0.17,-2.0,1.18,-166.84,-250.14,250.13
142,0.15,-2.0,1.53,-137.86,-250.14,250.13
143,0.39,-2.0,1.79,-86.1,-250.14,250.13
144,0.38,-2.0,1.79,-16.09,-250.14,238.66
145,0.9,-2.0,1.47,37.98,-250.14,174.09
146,1.84,-2.0,1.25,77.57,-250.14,119.82
147,1.99,-2.0,1.17,111.31,-250.14,68.33
148,1.66,-2.0,1.25,132.43,-250.14,44.76
149,1.35,-2.0,1.27,154.97,-250.14,33.21
150,1.4,-1.95,1.26,179.15,-250.14,29.4
151,1.57,-1.84,1.16,200.83,-250.14,23.61
152,1.56,-1.71,1.09,223.73,-224.57,13.94
153,1.35,-1.56,1.03,247.27,-194.32,8.96
154,1.24,-1.36,0.87,250.13,-171.8,0.23
155,1.23,-1.22,0.77,250.13,-150.51,-1.26
156,1.38,-1.14,0.64,250.13,-124.69,-10.62
157,1.52,-1.09,0.58,250.13,-97.09,-26.82
158,1.49,-1.04,0.53,250.13,-80.76,-52.88
159,1.41,-1.02,0.5,250.13,-74.54,-86.61
160,1.26,-0.98,0.5,250.13,-86.56,-119.86
161,1.22,-0.92,0.36,250.13,-97.95,-152.44
162,1.24,-0.85,0.26,250.13,-103.81,-181.42
163,1.16,-0.79,0.15,250.13,-94.79,-201.44
164,1.06,-0.7,0.1,250.13,-78.63,-209.76
165,1.02,-0.61,0.05,250.13,-69.41,-217.1
166,1.07,-0.55,-0.01,242.5,-52.81,-221.46
167,1.04,-0.49,-0.02,224.7,-29.35,-219.85
168,0.98,-0.44,-0.08,210.92,-6.66,-214.44
169,0.89,-0.4,-0.16,194.03,17.81,-206.21
170,0.79,-0.32,-0.24,175.35,34.59,-199.19
171,0.67,-0.28,-0.23,154.34,39.95,-198.27
172,0.54,-0.23,-0.2,134.98,33.21,-200.54
173,0.46,-0.17,-0.17,116.69,9.34,-217.32
174,0.42,-0.19,-0.07,103.2,-27.92,-243.69
175,0.36,-0.2,-0.03,97.24,-59.94,-250.14
176,0.23,-0.15,-0.01,89.9,-70.6,-250.14
177,0.24,-0.05,-0.1,75.02,-45.45,-250.14
178,0.24,0.01,-0.25,64.26,-8.28,-227.21
179,0.2,0.11,-0.24,45.61,15.15,-202.53
180,0.13,0.16,-0.19,30.21,10.73,-193.79
181,0.13,0.15,-0.2,16.56,-15.56,-205.74
182,0.19,0.16,-0.14,1.55,-50.28,-215.68
183,0.42,0.11,-0.15,-15.55,-63.36,-228.05
184,0.52,0.0,-0.15,-29.6,-46.64,-229.64
185,0.34,-0.04,-0.06,-41.32,-33.66,-220.35
186,0.12,-0.11,0.01,-46.31,-9.98,-217.86
187,-0.14,-0.13,0.14,-44.66,-6.66,-209.57
188,-0.24,-0.14,0.24,-36.98,-10.23,-207.85
189,-0.21,-0.13,0.27,-22.82,-13.34,-204.7
190,-0.18,-0.13,0.22,-8.21,-20.93,-200.6
191,-0.07,-0.11,0.08,-12.2,-29.67,-209.87
192,-0.01,-0.11,0.09,-14.09,-28.1,-220.05
193,-0.08,-0.09,0.15,-16.37,-35.96,-229.3
194,-0.24,-0.0,0.09,-21.83,-41.05,-239.18
195,-0.47,0.08,0.08,-24.85,-42.95,-229.69
196,-0.63,0.14,0.13,-28.46,-35.61,-213.82
197,-0.72,0.22,0.15,-33.16,-33.21,-191.62
198,-0.6,0.22,-0.0,-43.89,-38.61,-179.25
199,-0.47,0.23,-0.1,-66.11,-42.95,-178.08
200,-0.5,0.23,-0.04,-87.82,-39.73,-168.76
201,-0.59,0.19,0.01,-106.41,-27.24,-158.93
202,-0.79,0.26,0.1,-125.51,-18.76,-147.18
203,-0.99,0.22,0.26,-135.92,-23.66,-137.55
204,-1.0,0.21,0.39,-141.5,-34.82,-128.26
205,-0.84,0.19,0.38,-141.15,-43.8,-122.72
206,-0.66,0.24,0.33,-147.92,-38.38,-106.87
207,-0.6,0.24,0.32,-165.49,-22.75,-97.4
208,-0.59,0.24,0.41,-187.37,-3.82,-79.24
209,-0.69,0.13,0.48,-201.98,7.92,-59.83
210,-0.87,0.0,0.39,-221.74,14.94,-47.76
211,-1.13,-0.18,0.48,-239.78,14.59,-34.25
212,-1.31,-0.41,0.5,-250.14,-5.13,-33.47
213,-1.42,-0.6,0.62,-250.14,-23.58,-36.29
214,-1.41,-0.69,0.76,-250.14,-28.89,-28.99
215,-1.26,-0.77,0.85,-250.14,-18.25,-13.55
216,-1.23,-0.83,0.92,-250.14,6.29,21.37
217,-1.24,-0.85,1.11,-250.14,36.09,60.49
218,-1.45,-0.81,1.29,-250.14,61.79,91.15
219,-1.65,-0.75,1.24,-250.14,66.21,119.11
220,-1.76,-0.82,1.21,-250.14,54.71,123.67
221,-1.78,-0.82,1.24,-249.98,47.33,138.17
222,-1.83,-0.86,1.29,-245.43,45.44,151.8
223,-1.82,-0.84,1.4,-244.0,27.53,153.73
224,-1.59,-0.85,1.45,-235.75,6.05,154.64
225,-1.34,-0.84,1.46,-225.69,-17.8,147.6
226,-1.13,-0.82,1.44,-213.85,-33.18,143.15
227,-1.03,-0.82,1.54,-198.5,-37.27,151.92
228,-0.96,-0.86,1.59,-174.96,-37.39,158.11
229,-1.01,-0.85,1.55,-150.03,-50.54,163.35
230,-1.08,-0.83,1.42,-130.22,-65.37,170.95
231,-1.21,-0.82,1.35,-115.38,-74.87,183.61
232,-1.27,-0.69,1.24,-114.59,-88.41,204.31
233,-1.08,-0.68,1.19,-128.47,-98.42,230.2
234,-0.42,-0.7,1.06,-151.92,-84.51,246.54
235,0.15,-0.79,1.07,-172.42,-52.7,250.13
236,0.24,-0.96,1.38,-173.4,-33.96,242.61
237,0.2,-1.08,1.67,-153.02,-38.86,220.23
238,0.22,-1.21,1.79,-107.71,-58.19,188.92
239,0.19,-1.23,1.86,-51.79,-73.73,156.7
240,0.09,-1.17,1.78,6.47,-94.47,125.35
241,0.13,-1.0,1.53,43.46,-115.23,89.66
242,0.21,-0.78,1.26,62.33,-127.95,66.76
243,0.24,-0.6,1.09,68.11,-130.86,44.6
244,0.34,-0.5,1.04,63.56,-124.81,33.58
245,0.4,-0.41,0.97,61.68,-105.09,32.2
246,0.38,-0.34,0.96,56.34,-83.27,35.35
247,0.32,-0.35,0.97,52.91,-64.38,33.24
248,0.19,-0.37,0.98,50.89,-52.16,33.72
249,0.11,-0.36,0.98,53.21,-54.07,27.92
250,0.08,-0.35,0.96,51.92,-59.13,15.32
251,0.04,-0.32,0.94,50.62,-66.15,4.53
252,0.02,-0.28,0.93,47.36,-68.94,-5.09
253,0.03,-0.25,0.94,45.28,-66.3,-8.21
254,0.02,-0.22,0.92,44.45,-57.31,-5.25
255,-0.03,-0.2,0.93,42.48,-50.61,-0.88
256,-0.06,-0.16,0.88,39.47,-40.6,2.23
257,-0.01,-0.14,0.83,33.85,-30.05,5.19
258,-0.06,-0.12,0.83,26.02,-23.17,1.69
259,-0.12,-0.09,0.86,20.7,-21.83,-1.08
260,-0.12,-0.07,0.85,15.52,-21.27,-3.03
261,-0.07,-0.09,0.89,14.53,-20.79,-3.74
262,-0.08,-0.11,0.95,17.8,-19.97,-6.21
263,-0.1,-0.1,0.97,21.6,-19.53,-11.63
264,-0.15,-0.1,1.0,27.31,-18.56,-17.34
265,-0.2,-0.09,0.97,33.44,-19.82,-14.56
266,-0.21,-0.06,0.92,35.73,-18.57,-15.1
267,-0.24,-0.0,0.86,31.92,-18.77,-11.65
268,-0.23,0.03,0.8,25.15,-20.82,-10.98
269,-0.23,0.03,0.82,16.85,-21.53,-10.85
270,-0.18,-0.01,0.85,9.53,-21.38,-11.08
271,-0.15,-0.06,0.88,3.63,-21.02,-11.91
272,-0.16,-0.1,0.94,2.79,-21.18,-11.86
273,-0.15,-0.13,0.99,4.85,-19.94,-13.53
274,-0.14,-0.15,1.01,10.79,-14.78,-9.41
275,-0.14,-0.14,0.99,15.82,-8.61,-4.93
276,-0.14,-0.12,0.94,18.42,-4.41,-2.56
277,-0.13,-0.09,0.89,14.89,-0.91,-4.69
278,-0.16,-0.07,0.89,12.2,-0.92,-6.27
279,-0.2,-0.06,0.89,10.46,-4.63,-8.27
280,-0.19,-0.05,0.87,7.92,-6.6,-8.53
281,-0.17,-0.05,0.88,6.2,-6.99,-8.64
282,-0.17,-0.07,0.88,5.92,-8.12,-8.82
283,-0.19,-0.08,0.87,3.37,-11.4,-10.66
284,-0.16,-0.08,0.87,1.77,-12.06,-11.64
285,-0.12,-0.08,0.87,1.17,-9.05,-11.29
286,-0.13,-0.07,0.88,1.38,-4.9,-8.06
287,-0.16,-0.05,0.87,-0.79,-3.73,-7.82
288,-0.18,-0.05,0.87,-2.56,-5.05,-7.69
289,-0.17,-0.05,0.87,-4.75,-6.44,-8.09
290,-0.16,-0.05,0.88,-6.74,-6.73,-8.43
291,-0.17,-0.05,0.9,-8.82,-7.04,-9.47
292,-0.17,-0.05,0.93,-8.53,-8.72,-8.12
293,-0.17,-0.06,0.93,-9.02,-8.53,-6.31
294,-0.12,-0.06,0.96,-10.21,-9.52,-6.73
295,-0.08,-0.07,0.98,-9.75,-9.4,-7.27
296,-0.07,-0.06,0.99,-8.91,-8.31,-8.09
297,-0.09,-0.05,1.01,-8.17,-11.08,-11.07
298,-0.08,-0.06,1.02,-6.48,-12.05,-14.8
299,-0.1,-0.04,1.03,-4.0,-17.66,-18.49
300,-0.09,-0.04,0.99,-2.27,-22.5,-23.21
301,-0.06,-0.03,0.97,-2.24,-23.34,-27.81
302,-0.08,-0.02,0.98,-3.25,-23.42,-29.46
303,-0.12,-0.03,0.98,-5.29,-25.18,-30.66
304,-0.13,-0.04,0.99,-7.77,-25.45,-30.65
305,-0.12,-0.06,1.0,-8.92,-24.5,-30.97
306,-0.09,-0.09,1.05,-8.12,-19.78,-31.05
307,-0.11,-0.14,1.07,-4.36,-25.05,-33.2
308,-0.11,-0.15,1.09,0.92,-29.37,-39.33
309,-0.12,-0.16,1.06,5.46,-35.91,-42.88
310,-0.1,-0.15,1.03,7.84,-38.66,-45.6
311,-0.12,-0.13,1.02,8.94,-38.09,-41.85
312,-0.13,-0.11,1.0,8.28,-36.48,-36.69
313,-0.11,-0.09,0.99,4.74,-32.24,-31.73
314,-0.08,-0.09,0.98,2.93,-30.4,-27.11
315,-0.04,-0.08,0.98,0.78,-25.66,-26.44
316,0.02,-0.12,0.98,-0.06,-22.18,-27.03
317,0.01,-0.11,0.98,1.38,-22.47,-25.6
318,-0.04,-0.13,1.0,3.61,-26.6,-31.11
319,-0.03,-0.13,0.99,5.14,-28.74,-33.85
320,-0.02,-0.12,0.99,8.91,-28.93,-32.69
321,-0.03,-0.07,0.95,9.0,-24.6,-28.91
322,-0.06,-0.05,0.93,5.53,-21.33,-22.53
323,-0.03,-0.03,0.93,1.43,-15.22,-16.92
324,-0.03,-0.03,0.92,-2.61,-11.75,-12.44
325,-0.04,-0.05,0.95,-5.66,-10.29,-8.03
326,-0.01,-0.07,0.97,-6.15,-6.89,-3.6
327,-0.0,-0.07,0.96,-5.95,-2.12,1.69
328,0.02,-0.09,0.98,-5.7,2.93,5.15
329,0.01,-0.09,0.98,-4.47,5.5,7.74
330,-0.01,-0.07,0.98,-2.44,5.29,9.47
331,-0.01,-0.08,0.96,-5.03,2.7,5.47
332,0.02,-0.08,0.97,-6.72,1.12,1.55
333,0.02,-0.09,0.98,-7.09,-0.12,-1.68
334,0.0,-0.1,1.0,-7.63,-0.71,-3.5
335,0.01,-0.1,1.01,-6.11,0.76,-3.98
336,-0.01,-0.1,1.01,-4.56,1.46,-3.41
337,-0.01,-0.09,1.0,-4.15,2.34,-3.14
338,-0.01,-0.1,1.0,-3.96,3.54,-2.99
339,-0.03,-0.1,1.01,-2.92,3.31,-2.12
340,-0.04,-0.08,1.0,-2.37,3.05,-1.21
341,-0.04,-0.08,0.99,-3.15,3.63,-0.02
342,-0.04,-0.08,0.99,-3.15,3.44,0.77
343,-0.05,-0.08,0.99,-3.63,2.37,1.51
344,-0.05,-0.07,0.98,-4.37,1.64,1.89
345,-0.03,-0.08,0.99,-3.82,2.98,2.04
346,-0.04,-0.09,0.98,-2.95,3.85,2.47
347,-0.05,-0.08,0.98,-2.66,3.69,3.11
348,-0.06,-0.07,0.97,-4.21,3.19,2.66
349,-0.04,-0.07,0.97,-4.73,3.64,1.98
350,-0.05,-0.08,0.98,-4.41,2.15,2.21
351,-0.06,-0.08,0.98,-4.88,2.44,2.96
352,-0.06,-0.09,0.99,-4.93,1.22,2.55
353,-0.03,-0.09,0.98,-3.67,-0.16,1.23
354,-0.02,-0.09,0.98,-3.82,-0.84,-0.68
355,-0.03,-0.09,0.99,-3.63,-2.33,-0.89
356,-0.04,-0.07,0.99,-3.3,-2.37,-0.3
357,-0.01,-0.08,0.98,-4.95,-2.55,-0.98
358,0.03,-0.09,0.99,-4.63,-2.23,-2.1
359,0.02,-0.1,1.0,-2.8,-1.33,-3.06
360,-0.0,-0.08,1.0,-2.34,-0.91,-3.01
361,-0.01,-0.07,0.99,-3.18,0.16,-1.85
362,-0.01,-0.08,0.99,-3.86,0.8,-2.11
363,0.0,-0.09,1.0,-2.5,1.73,-2.44
364,-0.02,-0.08,0.98,-2.34,1.71,-2.26
365,-0.05,-0.08,0.98,-3.89,1.39,-1.33
366,-0.06,-0.08,0.99,-4.47,1.12,-0.46
367,-0.05,-0.09,0.99,-4.18,-0.52,-0.9
368,-0.03,-0.09,0.98,-4.21,-1.77,-2.5
369,-0.02,-0.1,0.99,-2.87,-1.51,-2.71
370,-0.05,-0.09,0.99,-1.67,-3.02,-2.47
371,-0.06,-0.09,1.0,-1.66,-3.28,-1.44
372,-0.05,-0.08,0.98,-2.33,-3.21,-1.66
373,-0.03,-0.08,0.97,-1.75,-3.02,-1.38
374,-0.04,-0.06,0.97,-1.47,-2.81,-0.71
375,-0.03,-0.05,0.96,-3.24,-3.18,-0.6
376,-0.02,-0.06,0.96,-5.79,-3.94,-0.92
377,-0.02,-0.08,0.99,-5.76,-3.89,-1.36
378,-0.02,-0.09,0.99,-4.06,-2.92,-1.11
379,-0.04,-0.07,0.98,-3.86,-2.69,-1.06
380,-0.03,-0.08,0.98,-3.67,-3.46,-1.24
381,-0.02,-0.08,0.99,-3.21,-4.56,-2.13
382,-0.02,-0.08,0.97,-3.18,-5.4,-3.59
383,-0.03,-0.08,0.98,-3.15,-5.47,-3.53
384,-0.01,-0.08,0.99,-2.79,-6.34,-3.12
385,-0.01,-0.08,0.98,-2.91,-6.02,-3.65
386,-0.02,-0.08,0.98,-2.81,-5.83,-2.99
387,-0.02,-0.08,0.99,-2.76,-5.49,-2.37
388,-0.02,-0.09,0.99,-2.11,-5.5,-1.63
389,-0.01,-0.09,0.99,-1.56,-5.47,-2.24
390,-0.0,-0.08,0.98,-1.88,-5.85,-2.99
391,0.01,-0.07,0.97,-2.36,-5.42,-3.9
392,0.0,-0.07,0.97,-3.61,-5.3,-5.26
393,-0.01,-0.07,0.97,-4.98,-4.97,-5.31
394,-0.01,-0.08,0.98,-5.7,-4.91,-4.92
395,-0.02,-0.08,1.0,-5.79,-5.38,-4.47
396,-0.02,-0.1,1.0,-5.9,-6.14,-4.11
397,-0.01,-0.1,1.0,-5.09,-6.59,-3.87
398,-0.01,-0.11,1.02,-3.6,-6.63,-3.96
399,-0.06,-0.12,1.06,1.53,-18.06,-0.15
