,accel_x,accel_y,accel_z,gyro_x,gyro_y,gyro_z
0,0.11,0.2,0.94,-4.43,-3.51,-3.59
1,0.13,0.21,0.93,-5.45,-3.18,-3.2
2,0.13,0.2,0.95,-5.86,-2.83,-2.43
3,0.13,0.19,0.95,-6.14,-2.67,-2.68
4,0.13,0.18,0.96,-6.41,-3.01,-2.76
5,0.13,0.17,0.96,-6.59,-3.37,-2.32
6,0.14,0.17,0.97,-6.58,-3.47,-2.87
7,0.14,0.17,0.99,-6.26,-3.27,-3.18
8,0.14,0.17,0.98,-5.57,-2.34,-2.36
9,0.14,0.16,0.99,-4.7,-1.54,-2.46
10,0.14,0.17,1.0,-3.81,-0.66,-1.76
11,0.13,0.17,1.0,-3.27,-0.57,-1.37
12,0.12,0.16,0.99,-2.5,-1.22,-2.03
13,0.13,0.17,0.99,-2.22,-1.36,-2.21
14,0.13,0.17,0.99,-2.17,-1.39,-2.31
15,0.12,0.17,0.99,-2.1,-1.86,-2.6
16,0.13,0.17,0.99,-1.97,-1.95,-3.82
17,0.13,0.17,0.99,-1.09,-1.8,-3.21
18,0.13,0.16,0.99,-0.76,-1.85,-2.55
19,0.13,0.18,0.98,-0.67,-2.17,-2.7
20,0.14,0.17,0.97,-0.48,-2.79,-3.35
21,0.14,0.19,0.97,-0.44,-1.59,-1.74
22,0.14,0.18,0.98,-0.46,-2.5,-2.35
23,0.14,0.18,0.96,-0.94,-2.27,-3.27
24,0.14,0.18,0.96,-0.87,-2.15,-4.09
25,0.14,0.19,0.96,-0.6,-2.28,-3.15
26,0.14,0.19,0.96,-0.66,-2.66,-3.24
27,0.15,0.19,0.95,-1.58,-2.15,-4.26
28,0.15,0.2,0.96,-1.63,-3.02,-3.74
29,0.15,0.2,0.96,-2.16,-4.17,-4.31
30,0.16,0.19,0.96,-2.31,-4.42,-6.5
31,0.16,0.2,0.96,-2.32,-3.97,-6.49
32,0.16,0.21,0.94,-3.18,-4.12,-6.4
33,0.16,0.2,0.94,-4.39,-4.79,-6.92
34,0.14,0.2,0.95,-4.72,-4.15,-6.31
35,0.15,0.2,0.96,-5.27,-3.44,-5.58
36,0.15,0.2,0.96,-5.5,-3.83,-5.43
37,0.16,0.19,0.96,-5.44,-2.48,-5.48
38,0.14,0.2,0.97,-5.08,-1.5,-4.27
39,0.15,0.19,0.96,-4.56,-1.35,-4.21
40,0.16,0.18,0.97,-4.86,-2.0,-5.31
41,0.15,0.19,0.96,-5.26,-2.72,-5.47
42,0.14,0.18,0.96,-5.73,-3.42,-6.26
43,0.15,0.17,0.96,-5.93,-3.43,-7.34
44,0.17,0.18,0.96,-5.38,-2.63,-8.22
45,0.19,0.18,0.94,-5.18,-1.67,-8.56
46,0.2,0.19,0.94,-5.18,-1.08,-9.97
47,0.21,0.2,0.92,-5.71,-0.94,-12.06
48,0.22,0.21,0.89,-6.24,-0.23,-14.02
49,0.24,0.22,0.87,-7.38,0.68,-16.37
50,0.29,0.28,0.82,-5.08,5.98,-11.79
51,0.27,0.25,0.81,-10.38,8.24,-16.5
52,0.31,0.25,0.76,-8.44,13.02,-19.15
53,0.36,0.27,0.69,-9.28,19.27,-22.29
54,0.43,0.31,0.56,-10.48,25.96,-27.05
55,0.46,0.37,0.49,-17.4,32.71,-30.41
56,0.51,0.4,0.41,-25.53,39.35,-32.46
57,0.54,0.37,0.3,-34.05,48.78,-39.77
58,0.54,0.3,0.22,-41.33,58.29,-56.15
59,0.46,0.26,0.07,-47.47,72.33,-75.29
60,0.27,0.28,-0.08,-59.53,84.92,-75.42
61,0.07,0.36,-0.43,-82.37,106.02,-74.93
62,-0.36,0.62,-0.79,-137.0,121.53,-60.88
63,-0.77,0.54,-1.01,-189.27,112.7,-62.44
64,-1.12,0.44,-1.07,-240.17,71.24,-76.92
65,-1.55,0.3,-1.08,-250.14,31.54,-58.34
66,-2.0,0.21,-0.94,-250.14,-11.56,-60.58
67,-2.0,-0.05,-0.82,-250.14,-25.94,-57.08
68,-2.0,-0.39,-0.3,-250.14,-35.71,-3.99
69,-2.0,-0.81,0.55,-250.14,-53.98,103.53
70,-2.0,-1.43,1.29,-250.14,-68.88,232.1
71,-2.0,-1.7,1.57,-250.14,-98.37,250.13
72,-2.0,-2.0,1.71,-250.14,-174.79,250.13
73,-2.0,-2.0,1.87,-250.14,-250.14,250.13
74,-2.0,-2.0,1.87,-250.14,-250.14,250.13
75,-2.0,-2.0,1.72,-250.14,-250.14,250.13
76,-2.0,-2.0,1.79,-250.14,-250.14,250.13
77,-1.45,-2.0,2.0,-208.21,-250.14,250.13
78,0.1,-2.0,2.0,-86.05,-250.14,250.13
79,1.6,-2.0,1.79,31.04,-250.14,250.13
80,2.0,-2.0,1.13,124.18,-250.14,171.48
81,2.0,-2.0,0.68,154.5,-250.14,45.34
82,2.0,-2.0,0.51,194.3,-250.14,-55.34
83,2.0,-2.0,0.44,240.53,-250.14,-143.81
84,1.88,-2.0,0.09,250.13,-250.14,-189.15
85,1.92,-2.0,-0.36,250.13,-250.14,-204.31
86,2.0,-2.0,-0.88,250.13,-250.14,-210.47
87,2.0,-1.59,-1.02,250.13,-250.14,-208.94
88,2.0,-1.36,-0.68,235.12,-250.14,-212.34
89,2.0,-1.51,-0.5,237.99,-221.52,-217.95
90,2.0,-1.64,-0.52,247.4,-169.67,-234.47
91,2.0,-1.63,-0.66,250.13,-123.84,-250.14
92,2.0,-1.53,-0.9,249.65,-92.47,-250.14
93,2.0,-1.38,-1.14,224.85,-71.12,-250.14
94,1.74,-1.3,-1.37,187.3,-40.02,-250.14
95,1.39,-1.15,-1.45,142.46,-25.73,-250.14
96,1.09,-1.06,-1.38,96.89,-17.66,-250.14
97,0.9,-1.02,-1.34,53.79,-1.0,-250.14
98,0.93,-1.05,-1.38,14.52,24.46,-250.14
99,1.06,-1.2,-1.47,-18.92,69.27,-250.14
100,0.93,-1.37,-1.34,-41.5,112.75,-250.14
101,0.88,-1.6,-1.29,-52.73,167.23,-250.14
102,0.76,-1.67,-1.28,-63.0,233.05,-250.14
103,0.46,-1.76,-1.16,-50.59,250.13,-245.84
104,0.23,-1.73,-1.28,-40.54,250.13,-231.73
105,-0.07,-1.49,-1.43,-31.44,250.13,-201.02
106,-0.5,-1.32,-1.59,-21.85,250.13,-183.23
107,-0.68,-1.3,-1.69,-1.66,250.13,-184.56
108,-1.23,-1.05,-1.58,9.11,250.13,-210.63
109,-1.81,-0.79,-1.63,17.38,250.13,-230.13
110,-2.0,-0.42,-1.5,5.42,177.31,-239.66
111,-2.0,-0.33,-1.38,18.75,32.69,-219.55
112,-1.72,-0.12,-1.21,2.76,-35.13,-207.69
113,-1.05,-0.16,-1.25,-13.73,-70.05,-196.02
114,-0.28,-0.09,-1.42,-28.59,-53.49,-188.88
115,0.23,-0.03,-1.44,-48.39,-16.4,-174.52
116,0.5,-0.04,-1.48,-71.6,47.41,-168.83
117,0.4,-0.09,-1.42,-100.66,114.3,-160.65
118,0.16,-0.15,-1.41,-112.81,177.04,-157.5
119,-0.23,-0.16,-1.28,-113.66,206.99,-172.49
120,-0.49,-0.15,-1.32,-131.21,191.82,-213.3
121,-0.76,-0.03,-1.22,-146.18,144.13,-250.14
122,-0.73,0.09,-1.47,-179.6,136.86,-250.14
123,-0.92,0.2,-1.58,-213.58,148.27,-250.14
124,-1.48,0.34,-1.81,-250.14,186.6,-250.14
125,-2.0,0.55,-1.97,-250.14,210.56,-232.07
126,-2.0,0.47,-1.92,-250.14,224.18,-166.48
127,-2.0,0.12,-1.66,-250.14,181.28,-82.56
128,-2.0,-0.64,-1.34,-250.14,176.46,-89.46
129,-2.0,-1.92,-0.7,-250.14,170.37,-147.27
130,-2.0,-2.0,0.65,-250.14,104.72,-139.11
131,-2.0,-2.0,2.0,-250.14,25.97,-0.89
132,-2.0,-2.0,2.0,-250.14,-9.46,53.47
133,-2.0,-2.0,2.0,-250.14,6.6,81.9
134,-2.0,-1.84,1.64,-250.14,-59.59,116.81
135,-2.0,-1.47,1.62,-250.14,-163.66,168.59
136,-2.0,-1.88,1.48,-250.14,-250.14,229.27
137,-2.0,-2.0,1.48,-250.14,-250.14,250.13
138,-2.0,-2.0,1.43,-250.14,-250.14,250.13
139,-2.0,-2.0,1.4,-250.14,-250.14,250.13
140,-1.81,-2.0,1.69,-250.14,-250.14,237.88
141,-0.31,-2.0,1.56,-165.53,-250.14,250.13
142,0.6,-2.0,1.44,-33.44,-250.14,250.13
143,1.63,-2.0,1.17,-17.68,-250.14,200.41
144,1.63,-2.0,0.89,69.92,-250.14,168.27
145,1.11,-2.0,0.6,129.54,-250.14,132.92
146,0.97,-2.0,-0.04,153.16,-250.14,100.7
147,0.68,-2.0,-0.15,162.06,-250.14,71.67
148,0.75,-2.0,-0.45,172.01,-250.14,73.33
149,1.04,-1.95,-0.64,180.7,-250.14,65.96
150,1.96,-1.58,-0.91,179.28,-250.14,33.2
151,2.0,-1.38,-1.07,149.69,-250.14,45.68
152,2.0,-1.36,-0.73,125.73,-178.53,48.86
153,2.0,-1.28,0.04,130.79,-50.37,58.21
154,2.0,-1.24,0.41,160.27,8.39,43.58
155,1.59,-1.09,0.49,191.89,14.21,12.48
156,1.35,-0.98,0.48,220.52,-10.44,-38.98
157,1.32,-0.78,0.34,236.14,-37.66,-76.95
158,1.28,-0.69,0.21,238.72,-56.98,-115.89
159,1.18,-0.59,0.07,226.6,-68.26,-166.02
160,1.06,-0.39,0.07,207.04,-64.25,-189.1
161,0.76,-0.35,0.27,197.4,-78.24,-193.84
162,0.71,-0.32,0.22,185.68,-82.67,-192.71
163,0.74,-0.32,0.3,172.6,-68.17,-198.12
164,0.82,-0.38,0.29,158.89,-28.43,-188.76
165,0.79,-0.41,0.29,147.77,30.34,-180.82
166,0.56,-0.38,0.63,156.4,48.17,-179.37
167,0.44,-0.31,0.79,175.82,50.6,-169.95
168,0.36,-0.3,0.72,185.89,35.31,-172.98
169,0.33,-0.25,0.62,183.8,24.5,-184.98
170,0.33,-0.18,0.43,164.38,7.47,-200.0
171,0.3,-0.12,0.28,160.01,0.79,-215.07
172,0.26,0.0,0.41,123.14,-29.98,-216.61
173,0.21,0.0,0.06,109.16,-27.64,-220.52
174,0.07,0.09,0.24,89.21,-29.78,-218.08
175,0.08,0.18,0.04,67.49,-7.96,-212.0
176,0.06,0.16,-0.12,42.51,6.27,-199.3
177,-0.03,0.21,-0.09,5.84,37.85,-183.6
178,-0.07,0.22,0.06,-21.35,55.43,-163.5
179,-0.2,0.22,0.31,-31.5,55.27,-150.73
180,-0.2,0.19,0.4,-47.59,78.4,-137.01
181,-0.3,0.16,0.49,-54.01,80.56,-143.03
182,-0.19,0.03,0.33,-56.11,59.15,-160.79
183,-0.36,0.06,0.52,-62.24,58.75,-161.34
184,-0.44,0.03,0.65,-57.71,42.6,-168.1
185,-0.5,0.09,0.7,-51.52,38.5,-161.08
186,-0.6,0.18,0.79,-48.08,23.91,-133.66
187,-0.51,0.23,0.74,-38.76,36.74,-112.18
188,-0.53,0.26,0.79,-33.88,70.02,-95.56
189,-0.5,0.36,0.77,-32.95,73.24,-72.92
190,-0.53,0.36,0.8,-30.54,62.03,-72.31
191,-0.52,0.39,0.8,-32.02,51.08,-61.76
192,-0.51,0.36,0.78,-34.27,37.66,-57.54
193,-0.51,0.34,0.8,-38.95,22.9,-59.44
194,-0.45,0.31,0.8,-45.04,14.39,-59.24
195,-0.4,0.24,0.73,-46.73,7.48,-62.46
196,-0.29,0.21,0.77,-49.6,4.0,-62.29
197,-0.29,0.24,0.95,-52.85,-3.15,-68.92
198,-0.23,0.21,0.83,-36.44,-1.68,-70.0
199,-0.25,0.2,0.88,-40.54,4.66,-65.42
200,-0.28,0.35,0.95,-46.24,5.37,-46.85
201,-0.32,0.32,0.95,-41.91,21.88,-39.03
202,-0.3,0.4,1.05,-39.3,31.6,-17.51
203,-0.26,0.3,0.91,-32.73,47.91,-14.15
204,-0.27,0.33,0.93,-37.16,50.8,-15.23
205,-0.31,0.36,1.1,-31.79,60.27,3.16
206,-0.3,0.29,1.11,-26.63,55.95,2.41
207,-0.34,0.32,1.15,-17.73,55.1,-2.53
208,-0.33,0.32,1.2,-20.8,41.56,-17.48
209,-0.3,0.37,1.17,-16.53,42.76,-22.66
210,-0.33,0.33,1.23,-18.91,31.87,-45.32
211,-0.34,0.38,1.34,-5.39,17.49,-33.85
212,-0.22,0.37,1.25,3.09,19.34,-30.19
213,-0.18,0.35,1.06,14.75,28.5,-22.36
214,-0.2,0.42,1.07,11.41,29.5,-10.63
215,-0.19,0.46,1.06,7.93,31.19,-9.04
216,-0.26,0.43,1.11,1.02,27.84,-15.93
217,-0.23,0.43,1.04,-7.61,24.06,-21.7
218,-0.34,0.36,1.12,-5.0,7.14,-21.82
219,-0.36,0.26,1.21,-0.96,10.34,-28.27
220,-0.29,0.13,1.14,0.22,18.92,-37.3
221,-0.37,0.14,1.32,12.43,15.09,-30.84
222,-0.31,0.03,1.32,43.24,-0.76,-20.86
223,-0.22,0.26,1.29,49.34,-4.95,-0.98
224,-0.17,0.25,1.19,63.26,-9.39,13.69
225,-0.09,0.32,1.02,68.08,-17.39,0.87
226,0.0,0.4,0.85,67.08,-3.04,-8.9
227,-0.06,0.54,0.84,53.96,-6.56,-11.24
228,-0.1,0.6,0.75,39.1,-3.83,-5.09
229,-0.14,0.6,0.72,22.88,-6.47,-5.02
230,-0.15,0.55,0.78,6.29,-13.8,-1.95
231,-0.13,0.5,0.8,-6.57,-24.89,1.24
232,-0.09,0.42,0.82,-18.85,-30.89,-3.69
233,-0.06,0.36,0.86,-28.02,-33.46,-4.55
234,-0.06,0.27,0.9,-31.24,-32.63,-6.98
235,-0.03,0.19,0.99,-27.65,-22.11,-5.54
236,-0.02,0.14,1.03,-16.28,-5.23,-0.79
237,-0.04,0.16,1.02,-4.82,8.22,3.25
238,-0.06,0.2,0.95,3.75,15.22,6.18
239,-0.09,0.24,0.9,4.33,16.93,2.98
240,-0.12,0.31,0.87,0.18,13.06,-0.51
241,-0.13,0.34,0.87,-5.34,2.47,-5.91
242,-0.1,0.36,0.86,-10.93,-6.81,-10.79
243,-0.08,0.36,0.88,-14.48,-11.46,-14.28
244,-0.08,0.35,0.88,-15.47,-9.09,-12.08
245,-0.05,0.35,0.91,-14.02,-3.1,-9.72
246,-0.07,0.37,0.95,-13.03,3.82,-6.36
247,-0.12,0.37,0.91,-9.76,7.85,-7.12
248,-0.13,0.42,0.9,-9.82,11.78,-3.73
249,-0.12,0.44,0.89,-12.37,15.38,-1.21
250,-0.08,0.46,0.88,-18.75,19.71,-0.91
251,-0.09,0.43,0.9,-22.3,11.89,5.69
252,-0.05,0.37,0.9,-29.28,5.89,-1.34
253,-0.03,0.33,0.96,-32.65,-2.21,-5.85
254,-0.03,0.27,0.99,-34.18,-7.39,-14.21
255,-0.1,0.2,1.04,-33.44,-10.87,-20.6
256,-0.08,0.14,1.09,-31.66,-15.31,-27.56
257,-0.12,0.11,1.11,-27.91,-10.41,-30.16
258,-0.15,0.1,1.12,-24.14,-8.91,-27.01
259,-0.14,0.11,1.13,-19.22,-4.06,-25.21
260,-0.17,0.08,1.12,-11.02,-1.46,-17.95
261,-0.19,0.1,1.09,-6.36,2.34,-11.92
262,-0.23,0.1,1.04,-2.49,5.22,-12.36
263,-0.23,0.15,1.05,0.24,3.15,-9.37
264,-0.24,0.16,1.03,5.47,0.15,-6.42
265,-0.21,0.21,0.99,6.54,0.15,-8.33
266,-0.2,0.23,0.96,10.34,-3.05,-4.32
267,-0.19,0.27,0.96,11.21,-14.25,-2.34
268,-0.14,0.31,0.85,3.9,-8.73,-7.63
269,-0.17,0.32,0.87,1.48,-10.71,-8.92
270,-0.16,0.33,0.86,-1.08,-14.47,-8.9
271,-0.15,0.32,0.83,-4.45,-14.36,-8.96
272,-0.17,0.32,0.86,-6.6,-15.02,-7.21
273,-0.15,0.32,0.87,-8.58,-16.8,-5.68
274,-0.14,0.31,0.86,-9.5,-19.06,-6.17
275,-0.1,0.3,0.88,-8.57,-19.9,-0.67
276,-0.11,0.28,0.87,-8.97,-25.32,-1.47
277,-0.09,0.29,0.87,-10.89,-22.52,-1.61
278,-0.03,0.24,0.8,-10.87,-18.34,-3.44
279,-0.11,0.25,0.9,-13.56,-17.19,-2.37
280,-0.11,0.24,0.92,-13.04,-14.58,-0.12
281,-0.12,0.23,0.94,-12.6,-12.74,4.61
282,-0.12,0.2,0.94,-11.8,-8.73,6.53
283,-0.11,0.19,0.96,-10.68,-6.43,6.4
284,-0.09,0.17,0.97,-8.85,-8.41,8.25
285,-0.08,0.17,0.97,-4.27,-6.04,4.41
286,-0.13,0.16,1.01,-4.76,-9.29,1.68
287,-0.12,0.17,1.0,-4.29,-10.16,-0.48
288,-0.11,0.18,1.0,-2.06,-10.2,-0.79
289,-0.11,0.19,0.99,-0.08,-8.6,0.13
290,-0.1,0.19,0.98,1.63,-5.21,0.79
291,-0.11,0.21,0.98,2.63,-4.11,1.28
292,-0.1,0.22,0.97,3.66,-4.31,0.32
293,-0.11,0.24,0.96,3.87,-4.82,1.33
294,-0.07,0.24,0.95,3.85,-3.74,0.82
295,-0.07,0.25,0.95,3.31,-2.76,1.01
296,-0.06,0.27,0.94,3.15,-1.0,1.0
297,-0.06,0.28,0.94,2.89,0.4,1.91
298,-0.06,0.3,0.92,3.08,1.76,2.37
299,-0.05,0.3,0.91,3.27,3.4,2.18
300,-0.06,0.32,0.91,2.01,2.47,0.38
301,-0.09,0.34,0.89,-1.36,-0.88,-0.59
302,-0.09,0.33,0.89,-4.72,-4.16,-0.66
303,-0.09,0.31,0.89,-7.13,-4.89,-0.61
304,-0.07,0.29,0.91,-7.99,-4.03,-0.08
305,-0.07,0.28,0.92,-8.49,-5.76,1.1
306,-0.06,0.27,0.93,-8.5,-2.91,0.25
307,-0.08,0.26,0.93,-8.98,-4.07,-0.74
308,-0.08,0.25,0.93,-9.26,-6.35,-1.84
309,-0.07,0.24,0.93,-9.73,-7.98,-3.04
310,-0.07,0.22,0.93,-9.84,-7.14,-4.67
311,-0.08,0.21,0.96,-9.91,-7.18,-5.78
312,-0.09,0.22,0.97,-8.93,-6.69,-6.41
313,-0.09,0.22,0.97,-7.9,-5.01,-5.4
314,-0.11,0.22,0.96,-8.18,-3.56,-4.09
315,-0.12,0.22,0.96,-9.08,-3.4,-2.27
316,-0.12,0.2,0.97,-9.23,-3.69,0.02
317,-0.11,0.2,0.97,-8.88,-3.64,0.2
318,-0.11,0.19,0.99,-7.57,-5.04,0.15
319,-0.1,0.19,0.99,-5.76,-5.68,-0.44
320,-0.11,0.19,0.98,-4.85,-6.63,-1.61
321,-0.11,0.2,0.98,-4.53,-7.29,-1.69
322,-0.1,0.21,0.96,-4.81,-7.69,-2.12
323,-0.1,0.22,0.96,-5.18,-8.56,-2.46
324,-0.09,0.22,0.96,-5.33,-8.83,-1.44
325,-0.08,0.22,0.96,-4.92,-9.35,-1.86
326,-0.08,0.21,0.96,-4.95,-9.9,-2.89
327,-0.06,0.21,0.97,-4.08,-9.37,-3.35
328,-0.08,0.22,0.97,-3.3,-9.68,-3.48
329,-0.05,0.22,0.96,-2.83,-8.75,-3.79
330,-0.03,0.23,0.98,-1.64,-6.36,-3.67
331,-0.04,0.23,0.97,-0.88,-5.33,-3.47
332,-0.05,0.24,0.95,-0.17,-4.47,-3.98
333,-0.05,0.25,0.94,-0.83,-4.06,-4.27
334,-0.08,0.26,0.96,-0.98,-6.44,-4.57
335,-0.08,0.26,0.93,-3.02,-4.06,-4.96
336,-0.1,0.26,0.95,-5.68,-7.05,-3.69
337,-0.07,0.25,0.95,-5.96,-8.58,-4.11
338,-0.07,0.23,0.95,-5.95,-9.12,-4.0
339,-0.07,0.23,0.96,-5.18,-9.55,-5.47
340,-0.04,0.23,0.96,-3.73,-5.21,-2.81
341,-0.07,0.21,0.97,-1.66,-8.66,-6.96
342,-0.07,0.22,0.96,-2.31,-6.9,-6.47
343,-0.07,0.21,0.95,-1.77,-6.57,-6.65
344,-0.07,0.23,0.95,-2.21,-7.63,-7.01
345,-0.08,0.23,0.96,-3.14,-8.47,-6.36
346,-0.07,0.22,0.96,-3.55,-8.73,-4.84
347,-0.07,0.2,0.96,-4.07,-8.37,-2.69
348,-0.06,0.19,0.97,-3.76,-8.03,-2.76
349,-0.06,0.2,0.98,-2.32,-7.69,-1.67
350,-0.06,0.2,0.98,-1.35,-8.4,-2.02
351,-0.04,0.2,0.97,-0.82,-9.71,-4.08
352,-0.03,0.2,0.97,0.75,-9.19,-5.03
353,-0.04,0.21,0.97,1.8,-8.34,-5.24
354,-0.03,0.23,0.96,2.1,-7.5,-4.34
355,-0.02,0.24,0.95,2.56,-5.61,-2.21
356,-0.03,0.24,0.94,2.73,-3.6,0.16
357,-0.04,0.25,0.94,2.31,-2.03,2.54
358,-0.05,0.26,0.93,1.31,-1.34,4.01
359,-0.04,0.26,0.91,-0.61,-1.3,4.12
360,-0.04,0.25,0.92,-3.25,-2.55,2.76
361,-0.05,0.24,0.93,-5.85,-4.6,1.99
362,-0.04,0.22,0.94,-7.17,-6.02,1.28
363,-0.04,0.2,0.97,-6.29,-5.78,1.18
364,-0.03,0.19,0.97,-4.47,-5.15,0.76
365,-0.03,0.21,0.98,-2.77,-4.73,-0.51
366,-0.01,0.21,0.96,-1.71,-4.64,-2.02
367,-0.02,0.22,0.96,-0.99,-5.34,-3.17
368,-0.02,0.23,0.95,-0.44,-4.66,-3.5
369,-0.03,0.24,0.94,-1.24,-4.67,-2.27
370,-0.02,0.25,0.94,-1.71,-3.15,-2.61
371,-0.0,0.25,0.94,-1.9,-1.15,-2.29
372,-0.02,0.26,0.94,-1.87,0.03,-1.22
373,-0.04,0.27,0.93,-3.35,-0.37,-0.52
374,-0.04,0.26,0.94,-4.89,-0.46,-0.03
375,-0.06,0.26,0.94,-6.21,-2.37,0.71
376,-0.03,0.24,0.96,-5.98,-2.65,0.05
377,-0.05,0.23,0.96,-5.03,-2.6,-0.53
378,-0.06,0.23,0.96,-4.12,-2.78,-0.14
379,-0.05,0.23,0.95,-4.05,-2.69,-0.22
380,-0.03,0.23,0.94,-5.5,-4.37,-1.05
381,-0.03,0.23,0.95,-6.97,-5.5,-0.98
382,-0.03,0.21,0.96,-7.95,-6.4,-1.34
383,-0.03,0.21,0.98,-7.17,-6.21,-1.17
384,-0.02,0.2,0.97,-5.81,-5.15,-0.7
385,0.01,0.19,0.98,-4.37,-2.72,0.33
386,-0.02,0.2,0.99,-3.01,-1.75,0.27
387,-0.03,0.21,0.98,-2.45,-2.85,-1.59
388,-0.02,0.21,0.98,-1.89,-3.06,-2.59
389,-0.02,0.22,0.97,-2.32,-2.37,-0.76
390,-0.01,0.22,0.95,-2.52,-1.01,-0.44
391,-0.03,0.22,0.96,-3.22,-0.4,-0.63
392,-0.03,0.23,0.96,-3.95,-0.6,-0.56
393,-0.02,0.22,0.97,-4.24,-1.1,-2.25
394,-0.03,0.21,0.98,-3.92,-2.28,-2.46
395,-0.02,0.22,0.97,-3.1,-1.84,-3.25
396,-0.04,0.23,0.98,-2.35,-2.73,-4.84
397,-0.03,0.23,0.97,-1.65,-3.34,-4.98
398,-0.04,0.24,0.98,-1.05,-2.99,-5.6
399,-0.03,0.25,0.96,-1.21,-2.86,-4.73
