,accel_x,accel_y,accel_z,gyro_x,gyro_y,gyro_z
0,0.2,-0.26,0.95,-2.52,-0.25,-3.19
1,0.19,-0.27,0.95,-2.93,-1.18,-3.85
2,0.19,-0.27,0.95,-2.27,-2.35,-4.43
3,0.19,-0.28,0.95,-1.77,-2.84,-4.86
4,0.19,-0.28,0.94,-1.95,-2.67,-4.47
5,0.19,-0.28,0.95,-1.73,-1.5,-3.66
6,0.2,-0.28,0.95,-1.37,-1.66,-3.64
7,0.2,-0.28,0.95,-1.19,-2.56,-4.89
8,0.2,-0.29,0.95,-0.52,-2.81,-5.35
9,0.19,-0.28,0.96,-0.45,-2.95,-5.66
10,0.18,-0.27,0.94,-0.53,-2.37,-5.34
11,0.18,-0.27,0.95,-0.23,-0.78,-3.2
12,0.18,-0.27,0.94,-0.05,0.73,-1.34
13,0.19,-0.27,0.94,0.01,1.04,-1.24
14,0.19,-0.27,0.95,-0.06,-0.34,-2.23
15,0.18,-0.26,0.94,-0.71,-1.58,-3.62
16,0.19,-0.26,0.93,-0.97,-1.65,-3.5
17,0.19,-0.25,0.93,-1.46,-0.95,-3.47
18,0.19,-0.26,0.93,-1.73,-1.02,-4.15
19,0.18,-0.25,0.94,-1.3,-1.7,-4.21
20,0.19,-0.25,0.94,-1.21,-3.24,-4.52
21,0.2,-0.25,0.94,-1.27,-3.47,-5.11
22,0.19,-0.25,0.93,-1.68,-2.71,-4.33
23,0.18,-0.25,0.93,-1.79,-2.64,-3.55
24,0.19,-0.25,0.94,-2.53,-2.29,-3.03
25,0.19,-0.24,0.93,-3.57,-2.34,-2.5
26,0.2,-0.25,0.93,-4.37,-1.98,-2.89
27,0.2,-0.25,0.95,-4.4,-2.53,-3.4
28,0.19,-0.26,0.95,-4.25,-2.54,-3.21
29,0.2,-0.26,0.95,-3.64,-2.18,-2.15
30,0.19,-0.26,0.94,-3.53,-1.03,-2.02
31,0.19,-0.25,0.94,-3.85,-1.09,-2.36
32,0.18,-0.26,0.94,-4.2,-1.5,-2.11
33,0.16,-0.24,0.95,-4.13,-1.41,-1.4
34,0.19,-0.26,0.92,-4.83,-0.36,-0.76
35,0.19,-0.26,0.94,-4.72,-0.97,-0.82
36,0.18,-0.27,0.95,-4.37,-1.91,-2.12
37,0.2,-0.27,0.95,-3.99,-1.56,-1.72
38,0.19,-0.27,0.96,-2.8,-2.08,-2.08
39,0.18,-0.26,0.96,-2.16,-2.74,-3.1
40,0.19,-0.26,0.93,-1.76,-2.42,-2.56
41,0.19,-0.25,0.93,-2.92,-1.88,-2.62
42,0.2,-0.26,0.94,-3.66,-2.95,-3.59
43,0.18,-0.25,0.95,-4.39,-4.45,-3.92
44,0.18,-0.26,0.96,-4.37,-4.59,-3.11
45,0.18,-0.26,0.95,-3.81,-3.55,-1.53
46,0.18,-0.26,0.95,-3.74,-2.26,-0.29
47,0.17,-0.26,0.95,-3.58,-1.75,1.22
48,0.18,-0.26,0.94,-3.54,-2.07,1.59
49,0.18,-0.25,0.94,-3.89,-2.22,1.78
50,0.19,-0.26,0.93,-5.23,-2.41,1.41
51,0.2,-0.26,0.95,-5.47,-4.19,0.01
52,0.19,-0.27,0.96,-5.55,-5.94,-1.85
53,0.21,-0.28,0.96,-4.79,-5.45,-1.71
54,0.2,-0.28,0.97,-3.51,-4.85,-1.6
55,0.19,-0.27,0.95,-3.37,-4.71,-1.25
56,0.18,-0.27,0.95,-3.15,-4.55,-0.58
57,0.18,-0.26,0.95,-3.63,-5.04,-0.18
58,0.19,-0.26,0.95,-3.97,-5.05,-0.56
59,0.2,-0.26,0.95,-4.18,-4.86,-0.14
60,0.2,-0.27,0.95,-3.86,-5.41,-0.07
61,0.2,-0.27,0.95,-3.56,-4.9,0.99
62,0.21,-0.25,0.95,-3.15,-3.99,2.01
63,0.21,-0.25,0.94,-3.39,-3.16,2.49
64,0.21,-0.24,0.93,-4.44,-2.83,2.9
65,0.21,-0.24,0.92,-6.09,-3.08,2.59
66,0.22,-0.25,0.91,-7.24,-3.34,1.82
67,0.21,-0.26,0.93,-7.49,-4.38,1.17
68,0.2,-0.27,0.93,-7.21,-4.95,0.78
69,0.19,-0.25,0.93,-6.8,-5.9,0.94
70,0.18,-0.25,0.92,-6.15,-6.66,0.63
71,0.17,-0.26,0.9,-7.21,-7.06,-0.21
72,0.17,-0.25,0.9,-8.35,-6.61,1.26
73,0.16,-0.26,0.91,-9.27,-6.33,2.95
74,0.15,-0.26,0.92,-10.26,-5.76,4.05
75,0.16,-0.26,0.93,-10.06,-6.08,5.16
76,0.13,-0.24,0.92,-10.3,-6.99,5.85
77,0.09,-0.22,0.93,-11.67,-8.66,6.85
78,0.06,-0.2,0.95,-13.27,-9.34,9.73
79,0.04,-0.19,0.95,-15.89,-8.6,13.58
80,0.02,-0.17,0.98,-18.35,-7.66,18.5
81,-0.0,-0.18,1.0,-21.28,-6.69,23.72
82,-0.05,-0.17,1.05,-24.13,-9.65,25.35
83,-0.18,-0.14,1.13,-26.42,-17.79,25.99
84,-0.31,-0.13,1.21,-29.03,-31.34,26.16
85,-0.42,-0.13,1.29,-28.51,-43.22,30.69
86,-0.48,-0.16,1.35,-27.79,-52.62,44.27
87,-0.45,-0.18,1.41,-30.13,-57.83,59.38
88,-0.38,-0.27,1.44,-29.78,-60.49,77.75
89,-0.3,-0.36,1.55,-30.72,-60.0,92.98
90,-0.16,-0.48,1.73,-26.57,-55.51,115.68
91,0.08,-0.59,1.74,-19.5,-51.09,127.07
92,0.34,-0.7,1.77,-12.04,-48.56,127.76
93,0.45,-0.8,1.88,-1.16,-52.92,116.4
94,0.45,-0.91,2.0,18.23,-69.76,96.34
95,0.5,-1.01,2.0,41.38,-88.69,88.61
96,0.53,-1.07,2.0,70.97,-104.56,74.53
97,0.48,-1.07,1.94,99.02,-116.24,67.76
98,0.43,-1.01,1.84,123.49,-125.58,65.06
99,0.38,-0.95,1.73,141.85,-138.05,66.23
100,0.38,-0.89,1.62,157.7,-148.97,70.83
101,0.45,-0.84,1.47,167.77,-152.01,75.89
102,0.59,-0.8,1.33,170.91,-140.32,76.49
103,0.8,-0.74,1.18,167.79,-120.94,69.26
104,0.91,-0.71,1.07,160.75,-101.32,53.18
105,0.8,-0.7,1.09,160.89,-95.79,32.96
106,0.61,-0.67,1.12,165.15,-96.12,14.98
107,0.53,-0.64,1.08,171.9,-103.12,1.23
108,0.43,-0.61,1.02,180.98,-112.91,-10.27
109,0.35,-0.52,0.9,186.6,-123.48,-18.05
110,0.32,-0.47,0.8,185.32,-125.82,-21.5
111,0.29,-0.39,0.72,182.7,-128.95,-16.27
112,0.32,-0.34,0.62,175.18,-121.44,-4.56
113,0.37,-0.29,0.59,167.46,-110.18,14.34
114,0.49,-0.32,0.54,157.69,-76.09,31.62
115,0.61,-0.34,0.6,160.82,-55.09,56.58
116,0.67,-0.38,0.62,167.31,-34.51,67.15
117,0.8,-0.39,0.56,172.38,-15.2,63.27
118,0.81,-0.28,0.5,174.75,-11.92,64.42
119,0.98,-0.3,0.42,164.5,-0.64,39.86
120,1.28,-0.27,0.29,145.58,5.06,-7.91
121,1.43,-0.21,0.28,125.1,25.28,-56.31
122,1.4,-0.16,0.17,113.91,76.26,-74.89
123,1.2,-0.16,0.18,112.86,134.34,-73.36
124,0.99,-0.15,0.19,113.18,182.04,-70.98
125,0.76,-0.14,0.18,110.81,199.64,-80.15
126,0.56,-0.08,0.25,112.15,174.66,-86.3
127,0.41,-0.02,0.2,107.53,139.47,-104.94
128,0.4,0.01,0.19,98.69,107.24,-116.08
129,0.46,0.08,0.17,94.02,83.02,-128.08
130,0.55,0.02,0.2,84.29,73.0,-136.92
131,0.6,0.0,0.34,92.47,72.93,-131.02
132,0.6,-0.0,0.35,106.37,80.94,-121.24
133,0.53,0.06,0.29,111.87,77.52,-120.06
134,0.54,0.16,0.26,109.37,70.05,-119.69
135,0.62,0.19,0.25,104.52,60.59,-127.36
136,0.6,0.22,0.27,102.02,50.76,-134.38
137,0.58,0.28,0.25,98.11,45.27,-139.82
138,0.59,0.34,0.24,95.99,46.24,-138.0
139,0.61,0.38,0.17,86.96,57.38,-135.26
140,0.63,0.4,0.12,74.37,75.37,-130.6
141,0.59,0.39,0.15,67.66,94.18,-127.18
142,0.5,0.45,0.15,59.3,100.75,-129.15
143,0.37,0.5,0.19,54.0,86.1,-131.64
144,0.31,0.52,0.23,46.93,60.37,-142.57
145,0.31,0.55,0.24,38.85,34.43,-152.55
146,0.31,0.55,0.21,25.4,19.45,-155.79
147,0.35,0.56,0.21,17.6,11.44,-156.37
148,0.39,0.5,0.21,-2.68,24.18,-156.99
149,0.41,0.4,0.29,-11.36,39.06,-158.32
150,0.33,0.3,0.36,-3.54,51.51,-151.73
151,0.23,0.29,0.36,1.88,61.2,-147.63
152,0.12,0.32,0.31,8.29,62.65,-145.3
153,0.04,0.35,0.28,12.99,55.03,-145.09
154,-0.0,0.42,0.26,11.95,41.08,-148.08
155,0.04,0.44,0.29,15.27,24.16,-152.38
156,-0.1,0.51,0.21,6.96,-1.9,-163.56
157,-0.05,0.54,0.17,-0.72,-23.88,-169.56
158,-0.0,0.54,0.15,-5.6,-39.41,-171.11
159,0.0,0.57,0.09,-16.99,-49.55,-175.4
160,-0.01,0.54,0.06,-30.61,-48.62,-175.1
161,0.02,0.5,0.05,-42.53,-39.05,-168.74
162,0.09,0.47,0.06,-51.11,-31.59,-169.19
163,0.15,0.34,0.11,-54.26,-24.28,-166.97
164,0.16,0.28,0.11,-53.85,-11.6,-168.38
165,0.13,0.27,0.1,-57.15,-0.22,-167.86
166,-0.04,0.3,-0.06,-74.42,1.13,-178.73
167,-0.13,0.31,-0.07,-87.07,-4.09,-182.43
168,-0.2,0.26,-0.06,-99.45,-17.93,-182.31
169,-0.22,0.21,-0.1,-121.94,-26.28,-185.92
170,-0.23,0.07,-0.11,-144.6,-22.51,-189.38
171,-0.31,-0.01,-0.02,-157.01,-8.13,-179.8
172,-0.37,-0.11,0.02,-167.32,4.81,-169.94
173,-0.41,-0.19,0.03,-175.85,1.7,-167.83
174,-0.55,-0.3,0.05,-179.04,-25.29,-173.91
175,-0.65,-0.39,-0.0,-189.6,-49.97,-178.49
176,-0.67,-0.48,-0.05,-196.21,-69.78,-180.48
177,-0.68,-0.51,-0.19,-207.49,-78.33,-173.92
178,-0.7,-0.49,-0.36,-226.88,-67.82,-164.81
179,-0.77,-0.37,-0.37,-250.14,-51.92,-146.66
180,-0.8,-0.44,-0.36,-250.14,-35.5,-124.85
181,-0.82,-0.73,-0.27,-250.14,-16.62,-98.03
182,-0.76,-1.14,-0.08,-250.14,-0.08,-81.17
183,-0.74,-1.55,0.06,-250.14,4.23,-79.78
184,-0.88,-1.68,0.14,-250.14,-13.6,-93.21
185,-1.07,-1.48,0.22,-250.14,-49.82,-110.17
186,-1.31,-1.33,0.12,-250.14,-84.31,-108.59
187,-1.64,-1.32,0.15,-250.14,-96.98,-77.67
188,-1.6,-1.45,0.18,-250.14,-99.47,-39.4
189,-1.45,-1.73,0.26,-250.14,-96.1,-6.21
190,-1.38,-1.99,0.43,-250.14,-83.36,16.78
191,-1.35,-2.0,0.65,-250.14,-72.16,37.31
192,-1.55,-2.0,0.78,-250.14,-84.1,42.18
193,-1.75,-2.0,0.77,-250.14,-116.7,47.26
194,-1.89,-1.9,0.64,-239.45,-163.72,53.58
195,-2.0,-1.74,0.48,-241.18,-214.71,65.16
196,-1.8,-1.75,0.34,-250.14,-245.78,78.67
197,-1.64,-1.98,0.51,-250.14,-248.2,108.29
198,-1.45,-2.0,0.65,-250.14,-229.35,137.24
199,-1.29,-2.0,0.76,-242.97,-211.29,163.82
200,-1.22,-2.0,0.9,-229.43,-195.05,181.86
201,-1.25,-2.0,1.04,-207.38,-201.11,198.99
202,-1.19,-2.0,1.02,-183.69,-220.27,203.78
203,-1.11,-2.0,0.95,-161.13,-250.14,196.98
204,-0.95,-2.0,0.84,-138.0,-250.14,180.31
205,-0.75,-2.0,1.2,-61.1,-250.14,95.27
206,0.08,-2.0,1.56,29.72,-250.14,-105.92
207,-0.28,-2.0,2.0,109.26,-250.14,-250.14
208,-0.73,-0.66,0.43,25.1,-250.14,-250.14
209,0.21,1.63,-0.12,123.34,-250.14,250.13
210,0.93,-2.0,-1.67,140.31,-142.92,250.13
211,1.15,-1.97,1.49,250.13,250.13,250.13
212,2.0,-1.19,-2.0,104.78,250.13,250.13
213,0.86,-2.0,1.16,51.89,79.3,146.96
214,-0.92,-1.44,2.0,25.67,-106.76,96.82
215,-2.0,-1.54,1.75,87.13,-250.14,43.89
216,0.03,-1.8,-0.19,173.84,-250.14,86.44
217,0.63,-1.3,-0.02,128.19,-250.14,44.02
218,0.6,-1.22,0.22,114.82,-250.14,80.49
219,0.29,-1.18,0.46,113.98,-217.05,100.0
220,0.17,-1.19,0.46,108.39,-216.71,106.14
221,0.22,-1.29,0.52,104.79,-234.73,84.7
222,0.5,-1.59,0.75,112.63,-250.14,45.11
223,0.74,-1.78,0.93,145.05,-250.14,7.92
224,0.73,-1.81,1.01,193.74,-250.14,-15.7
225,0.6,-1.72,0.98,234.35,-250.14,-39.66
226,0.61,-1.53,0.8,250.13,-250.14,-57.18
227,0.78,-1.36,0.63,250.13,-250.14,-67.19
228,1.14,-1.23,0.46,250.13,-228.02,-62.26
229,1.34,-1.19,0.42,250.13,-159.58,-47.78
230,1.31,-1.12,0.46,241.97,-105.08,-36.24
231,1.26,-1.1,0.47,232.15,-67.6,-35.79
232,1.18,-1.07,0.53,229.5,-61.97,-51.89
233,1.17,-1.04,0.58,228.88,-71.9,-78.66
234,1.16,-0.97,0.54,226.13,-89.53,-102.17
235,1.09,-0.94,0.51,225.47,-106.87,-141.15
236,1.05,-0.93,0.57,229.95,-128.7,-173.82
237,1.08,-0.91,0.55,240.11,-129.94,-198.27
238,1.03,-0.79,0.48,248.63,-126.6,-211.34
239,0.96,-0.68,0.3,250.13,-120.57,-222.53
240,0.93,-0.55,0.16,240.95,-97.35,-230.35
241,0.89,-0.42,0.04,233.25,-77.6,-228.43
242,0.77,-0.23,-0.09,207.49,-49.42,-225.58
243,0.63,-0.07,-0.16,187.5,-38.85,-217.21
244,0.62,0.09,-0.26,157.4,-31.6,-207.82
245,0.6,0.24,-0.28,119.1,-19.31,-197.83
246,0.57,0.32,-0.24,85.92,-14.1,-186.14
247,0.58,0.34,-0.29,51.69,1.82,-172.52
248,0.46,0.3,-0.2,24.0,26.82,-152.42
249,0.38,0.25,-0.16,7.36,61.44,-127.92
250,0.27,0.24,-0.12,-17.73,93.78,-109.47
251,0.11,0.22,-0.03,-26.27,106.68,-92.15
252,0.02,0.18,0.08,-36.78,115.79,-85.84
253,-0.1,0.13,0.21,-34.77,104.45,-82.23
254,-0.17,0.13,0.29,-34.98,81.08,-88.34
255,-0.22,0.14,0.41,-30.27,45.18,-103.94
256,-0.25,0.17,0.5,-21.11,18.43,-111.04
257,-0.26,0.21,0.55,-9.53,-2.72,-108.23
258,-0.22,0.28,0.5,-5.97,-8.09,-99.56
259,-0.16,0.38,0.45,-9.7,-18.98,-83.44
260,-0.07,0.38,0.41,-17.08,-10.01,-78.1
261,-0.03,0.43,0.44,-29.01,-0.56,-72.6
262,-0.02,0.38,0.53,-33.83,6.34,-66.8
263,0.03,0.37,0.66,-33.8,19.08,-50.69
264,-0.01,0.38,0.71,-22.79,34.5,-37.26
265,-0.06,0.43,0.73,-13.15,46.91,-24.83
266,-0.1,0.48,0.66,-10.35,53.53,-19.0
267,-0.17,0.52,0.65,-13.47,51.86,-12.73
268,-0.2,0.55,0.64,-18.24,44.47,-5.08
269,-0.2,0.57,0.63,-30.73,34.26,-3.75
270,-0.14,0.62,0.63,-38.48,31.66,4.08
271,-0.09,0.59,0.67,-48.44,28.41,6.69
272,-0.12,0.56,0.75,-46.92,28.6,13.34
273,-0.08,0.51,0.81,-46.12,32.07,17.13
274,-0.04,0.45,0.87,-45.4,34.88,24.46
275,-0.03,0.42,0.9,-41.27,28.44,28.02
276,0.04,0.4,0.83,-43.85,33.77,26.79
277,0.04,0.4,0.91,-44.1,32.59,17.81
278,0.02,0.4,0.96,-43.95,24.87,14.33
279,-0.02,0.37,1.0,-43.47,19.48,12.39
280,-0.01,0.33,1.02,-40.39,15.42,12.91
281,0.02,0.31,1.02,-36.7,9.12,16.52
282,0.02,0.28,1.02,-34.46,10.19,20.56
283,0.04,0.24,0.99,-30.47,16.07,17.91
284,0.06,0.21,0.99,-26.39,18.42,19.63
285,0.03,0.23,0.99,-23.47,24.28,18.67
286,-0.01,0.26,1.01,-20.64,19.65,17.14
287,-0.04,0.26,0.99,-19.9,8.97,13.77
288,-0.01,0.24,0.97,-18.11,0.18,11.08
289,0.08,0.25,0.93,-19.66,-4.36,8.37
290,0.11,0.27,0.89,-23.68,-5.71,6.57
291,0.13,0.28,0.92,-28.09,-6.22,8.05
292,0.2,0.25,0.94,-31.6,-1.89,9.4
293,0.27,0.24,0.98,-32.31,5.59,11.47
294,0.25,0.23,1.01,-29.4,11.11,14.11
295,0.21,0.22,1.04,-28.28,9.89,20.98
296,0.19,0.19,1.04,-23.52,17.24,14.96
297,0.21,0.23,1.0,-23.19,16.97,16.73
298,0.22,0.23,0.98,-23.13,14.03,14.26
299,0.25,0.2,1.0,-22.29,11.46,10.96
300,0.24,0.2,1.01,-19.75,10.95,8.53
301,0.24,0.22,1.0,-17.56,9.27,6.45
302,0.26,0.21,1.0,-15.66,8.4,5.06
303,0.28,0.22,0.98,-15.6,8.89,2.57
304,0.29,0.22,0.98,-14.64,8.97,-1.02
305,0.26,0.25,0.98,-15.44,8.42,-1.07
306,0.23,0.25,0.99,-15.89,9.21,0.55
307,0.21,0.25,0.99,-15.26,10.71,1.69
308,0.19,0.27,0.99,-17.48,12.54,3.01
309,0.18,0.25,0.99,-18.24,12.49,3.41
310,0.18,0.23,1.03,-16.9,11.61,3.47
311,0.17,0.21,1.03,-15.38,10.97,3.32
312,0.15,0.21,1.03,-13.9,8.88,2.73
313,0.16,0.21,1.01,-13.73,7.76,0.14
314,0.12,0.21,1.0,-13.73,4.08,-1.72
315,0.08,0.21,1.01,-13.62,0.18,-1.44
316,0.07,0.21,0.98,-14.18,-1.85,-0.12
317,0.1,0.22,0.95,-17.18,-2.6,1.12
318,0.1,0.2,0.93,-21.32,-0.92,2.34
319,0.07,0.17,0.95,-23.73,0.21,5.4
320,0.05,0.15,0.96,-25.89,0.12,7.48
321,0.04,0.14,1.0,-26.38,-0.53,9.81
322,0.04,0.13,1.05,-25.21,-1.63,11.83
323,0.06,0.09,1.05,-21.37,-3.24,13.64
324,0.08,0.08,1.05,-17.79,-4.05,15.05
325,0.1,0.09,1.01,-15.05,-3.69,14.66
326,0.12,0.1,1.0,-12.8,-2.8,12.89
327,0.12,0.12,1.0,-12.05,-1.07,11.61
328,0.1,0.14,1.02,-10.99,-1.53,13.5
329,0.09,0.15,1.01,-10.77,-2.8,15.29
330,0.1,0.14,0.99,-10.44,-1.81,16.58
331,0.14,0.17,0.93,-16.1,1.62,19.73
332,0.12,0.16,0.93,-14.26,-4.72,21.47
333,0.08,0.17,0.95,-15.59,-3.67,17.81
334,0.08,0.18,0.96,-17.45,-7.14,23.92
335,0.13,0.17,0.96,-17.98,-3.58,25.37
336,0.16,0.16,0.97,-23.1,-7.4,26.27
337,0.13,0.18,0.99,-20.48,-7.92,29.31
338,0.18,0.15,0.99,-21.95,-7.11,27.91
339,0.19,0.12,1.04,-21.9,-10.55,25.65
340,0.23,0.1,1.04,-19.27,-8.27,26.25
341,0.25,0.11,1.04,-16.02,-8.74,29.34
342,0.24,0.1,1.06,-10.5,-2.44,25.45
343,0.25,0.13,1.01,-8.76,-2.29,25.4
344,0.25,0.12,1.01,-5.94,-1.34,21.69
345,0.2,0.14,1.0,-4.8,2.79,22.87
346,0.15,0.17,0.95,-6.98,5.43,25.11
347,0.12,0.16,0.96,-6.38,2.73,25.77
348,0.16,0.17,0.86,-9.01,6.5,20.53
349,0.13,0.19,0.89,-11.26,-3.33,15.92
350,0.13,0.19,0.9,-14.81,-7.6,11.54
351,0.15,0.18,0.91,-17.58,-8.89,12.97
352,0.14,0.14,0.93,-16.58,-13.94,13.44
353,0.18,0.14,0.9,-18.52,-8.4,13.43
354,0.22,0.16,0.87,-20.1,-5.21,14.03
355,0.21,0.17,0.88,-21.05,-3.1,14.08
356,0.18,0.18,0.89,-23.73,-1.85,14.39
357,0.18,0.17,0.92,-26.61,-2.91,15.28
358,0.2,0.13,0.96,-26.95,-1.85,16.35
359,0.24,0.11,0.97,-24.2,1.56,16.77
360,0.26,0.09,0.97,-21.22,4.88,15.35
361,0.24,0.09,0.97,-18.08,6.24,13.3
362,0.19,0.1,0.94,-16.11,5.84,10.78
363,0.13,0.12,0.96,-15.76,3.63,9.19
364,0.12,0.14,0.94,-16.89,1.18,9.21
365,0.15,0.14,0.92,-19.38,0.47,8.12
366,0.15,0.12,0.93,-20.95,0.19,7.02
367,0.17,0.11,0.94,-21.62,2.55,7.27
368,0.17,0.09,0.95,-21.27,6.28,9.24
369,0.15,0.1,0.95,-21.41,11.4,12.14
370,0.1,0.1,0.95,-22.61,14.27,15.5
371,0.1,0.09,0.95,-24.53,14.61,16.59
372,0.1,0.09,0.97,-26.21,12.34,15.85
373,0.08,0.08,0.99,-27.02,6.05,13.46
374,0.12,0.06,1.0,-27.79,0.57,11.97
375,0.15,0.04,1.0,-27.28,-1.8,9.42
376,0.16,0.03,1.02,-27.5,-1.15,5.74
377,0.17,0.02,1.04,-25.84,-4.0,1.11
378,0.21,0.01,1.04,-24.51,-5.33,-1.83
379,0.24,0.01,1.03,-22.87,-6.76,-3.73
380,0.28,-0.01,1.02,-19.82,-6.73,-5.17
381,0.28,0.01,0.99,-20.01,-6.02,-9.6
382,0.28,0.03,0.97,-21.66,-7.84,-13.76
383,0.31,0.03,0.97,-23.87,-10.24,-15.95
384,0.34,0.02,0.96,-24.25,-11.41,-18.15
385,0.34,0.0,0.93,-24.13,-9.85,-20.67
386,0.28,0.04,0.92,-26.91,-10.37,-23.23
387,0.22,0.05,0.91,-31.07,-11.11,-26.17
388,0.23,0.03,0.92,-34.4,-15.37,-24.48
389,0.27,-0.01,0.89,-35.27,-13.32,-25.13
390,0.23,-0.02,0.91,-36.55,-11.15,-25.47
391,0.21,-0.06,0.89,-37.03,-9.3,-26.82
392,0.29,-0.04,0.92,-35.31,-4.36,-23.3
393,0.26,-0.04,0.92,-36.81,-0.22,-22.51
394,0.28,-0.07,0.95,-38.12,0.42,-23.78
395,0.22,-0.05,0.92,-40.9,-5.36,-18.98
396,0.23,-0.04,0.9,-44.31,-6.27,-18.91
397,0.24,-0.06,0.88,-48.85,-6.34,-18.49
398,0.25,-0.08,0.92,-52.63,-2.88,-21.85
399,0.21,-0.11,0.98,-58.71,-18.35,-34.48
