,accel_x,accel_y,accel_z,gyro_x,gyro_y,gyro_z
0,-0.17,0.08,0.98,-0.26,-3.51,0.05
1,-0.16,0.09,0.98,-1.4,-4.27,-0.68
2,-0.15,0.09,0.98,-1.31,-4.08,-0.22
3,-0.14,0.09,0.98,-0.61,-5.11,1.04
4,-0.12,0.08,0.98,-0.36,-5.23,1.02
5,-0.12,0.09,0.98,0.4,-4.47,0.85
6,-0.11,0.09,0.98,1.34,-4.69,-0.37
7,-0.09,0.09,0.97,1.63,-4.92,-2.3
8,-0.1,0.1,0.96,1.39,-5.44,-4.12
9,-0.1,0.1,0.97,1.29,-6.24,-6.05
10,-0.09,0.09,0.97,1.12,-6.57,-7.73
11,-0.09,0.09,0.97,1.74,-6.24,-8.59
12,-0.09,0.1,0.96,1.73,-5.63,-8.17
13,-0.09,0.11,0.96,1.26,-5.81,-10.76
14,-0.09,0.1,0.96,0.68,-7.69,-16.68
15,-0.09,0.1,0.95,-1.35,-11.81,-24.85
16,-0.08,0.12,0.96,-2.63,-12.08,-32.13
17,-0.07,0.12,0.96,-4.05,-14.31,-37.05
18,-0.1,0.12,0.96,-6.4,-18.61,-42.74
19,-0.09,0.11,0.95,-7.01,-20.57,-48.79
20,-0.06,0.13,0.94,-7.5,-18.79,-46.37
21,-0.05,0.13,0.94,-8.7,-15.74,-39.1
22,-0.06,0.13,0.95,-10.54,-14.06,-34.5
23,-0.08,0.11,0.93,-11.99,-12.56,-31.41
24,-0.08,0.09,0.96,-9.0,-17.92,-26.44
25,-0.1,0.1,0.96,-10.95,-9.61,-22.82
26,-0.1,0.1,0.97,-11.11,-8.05,-21.4
27,-0.1,0.08,0.96,-11.58,-8.05,-26.3
28,-0.1,0.08,0.97,-9.96,-6.72,-25.54
29,-0.09,0.08,0.96,-8.91,-5.94,-24.51
30,-0.09,0.1,0.96,-8.94,-5.95,-22.77
31,-0.09,0.12,0.94,-9.61,-4.53,-22.05
32,-0.1,0.14,0.94,-9.97,-3.37,-17.54
33,-0.13,0.15,0.93,-12.37,-7.06,-15.93
34,-0.15,0.2,0.94,-13.53,-9.35,-9.42
35,-0.16,0.25,0.93,-14.73,-13.89,-7.4
36,-0.17,0.3,0.84,-18.31,-3.15,-11.09
37,-0.2,0.38,0.82,-19.62,-20.17,-0.08
38,-0.25,0.46,0.77,-26.48,-19.56,8.18
39,-0.32,0.55,0.68,-32.31,-22.44,22.2
40,-0.36,0.61,0.58,-40.89,-25.25,39.85
41,-0.38,0.68,0.44,-56.58,-21.83,52.69
42,-0.39,0.77,0.3,-77.83,-20.47,71.34
43,-0.41,0.83,0.15,-112.36,-9.5,85.24
44,-0.44,0.9,0.0,-156.99,3.93,95.19
45,-0.51,0.91,-0.13,-202.37,16.05,96.47
46,-0.72,0.93,-0.13,-246.62,11.88,98.89
47,-1.04,0.93,-0.19,-250.14,15.38,90.21
48,-1.45,0.91,-0.18,-250.14,-42.51,74.58
49,-1.89,0.79,-0.35,-250.14,-85.31,87.8
50,-2.0,0.52,-0.14,-250.14,-146.3,114.76
51,-2.0,0.01,0.3,-250.14,-177.79,184.44
52,-2.0,-0.77,0.89,-250.14,-199.46,250.13
53,-2.0,-1.51,1.37,-250.14,-206.34,250.13
54,-2.0,-2.0,2.0,-250.14,-250.14,250.13
55,-2.0,-2.0,1.97,-219.6,-250.14,250.13
56,-2.0,-2.0,2.0,-119.62,-250.14,250.13
57,-2.0,-2.0,1.44,-38.03,-250.14,250.13
58,-1.08,-2.0,0.93,-67.18,-250.14,250.13
59,0.25,-2.0,0.93,-110.54,-250.14,232.47
60,1.02,-2.0,1.14,-103.4,-250.14,94.34
61,1.24,-2.0,1.67,-55.8,-250.14,-11.48
62,1.08,-2.0,2.0,20.02,-250.14,-100.98
63,1.13,-2.0,1.63,123.67,-250.14,-144.79
64,1.38,-2.0,0.9,196.61,-250.14,-154.44
65,1.63,-2.0,0.21,229.8,-250.14,-148.12
66,1.72,-2.0,-0.1,241.99,-250.14,-138.59
67,1.96,-1.74,-0.26,240.48,-250.14,-127.31
68,2.0,-1.54,-0.28,234.94,-250.14,-127.98
69,2.0,-1.44,-0.25,224.12,-250.14,-140.53
70,2.0,-1.54,-0.07,225.28,-221.27,-159.53
71,2.0,-1.7,0.04,241.8,-193.11,-202.09
72,2.0,-1.78,0.04,250.13,-187.25,-243.9
73,2.0,-1.73,-0.29,250.13,-179.08,-250.14
74,2.0,-1.59,-0.63,250.13,-154.23,-250.14
75,1.68,-1.5,-0.8,224.78,-131.02,-250.14
76,1.51,-1.37,-0.98,185.75,-93.89,-250.14
77,1.38,-1.22,-1.05,146.31,-45.05,-250.14
78,1.25,-1.19,-1.1,110.93,-4.32,-250.14
79,1.12,-1.15,-0.97,80.44,45.18,-250.14
80,1.02,-1.11,-0.84,61.82,95.99,-250.14
81,0.95,-1.16,-0.92,50.27,149.06,-230.34
82,0.72,-1.09,-0.94,44.16,179.34,-219.6
83,0.5,-1.07,-0.97,34.97,206.49,-217.56
84,0.3,-0.98,-1.06,18.12,225.32,-218.44
85,0.07,-0.87,-1.0,-3.31,232.05,-219.88
86,-0.14,-0.77,-0.95,-25.6,224.77,-221.04
87,-0.36,-0.66,-0.8,-47.79,201.63,-216.18
88,-0.44,-0.65,-0.72,-66.08,180.98,-212.01
89,-0.48,-0.65,-0.61,-75.36,166.74,-203.59
90,-0.41,-0.6,-0.54,-79.46,160.41,-192.37
91,-0.35,-0.55,-0.45,-77.68,159.62,-178.66
92,-0.38,-0.5,-0.31,-62.53,141.73,-170.76
93,-0.33,-0.45,-0.35,-46.12,138.04,-163.83
94,-0.43,-0.51,-0.41,-0.46,99.17,-153.59
95,-0.36,-0.25,-0.38,6.73,112.59,-151.43
96,-0.36,-0.23,-0.49,10.54,82.25,-159.98
97,-0.35,-0.04,-0.53,12.81,55.16,-168.96
98,-0.22,0.07,-0.57,27.12,56.5,-163.13
99,-0.23,0.06,-0.73,32.44,53.42,-178.3
100,-0.27,0.18,-0.77,19.5,35.79,-176.81
101,-0.16,0.22,-0.9,11.2,33.9,-175.96
102,-0.12,0.28,-1.0,-0.04,53.62,-169.52
103,-0.22,0.27,-1.14,-6.3,87.9,-157.67
104,-0.29,0.37,-1.2,-15.45,134.47,-127.96
105,-0.35,0.37,-1.31,-15.37,187.37,-102.31
106,-0.73,0.57,-1.31,-38.27,226.59,-103.59
107,-1.12,0.8,-1.36,-58.4,168.97,-126.82
108,-1.75,1.05,-1.25,-118.72,89.65,-200.24
109,-2.0,1.23,-1.4,-184.04,-15.22,-227.5
110,-2.0,1.33,-1.56,-250.14,-54.57,-216.13
111,-2.0,1.1,-1.55,-250.14,9.33,-160.72
112,-2.0,0.78,-1.28,-250.14,147.56,-77.44
113,-2.0,0.46,-0.9,-250.14,250.13,21.21
114,-2.0,0.1,-0.36,-250.14,250.13,76.56
115,-2.0,-0.11,0.18,-250.14,250.13,85.22
116,-2.0,-0.34,0.64,-250.14,144.46,77.66
117,-2.0,-0.47,0.98,-250.14,-18.53,72.53
118,-2.0,-0.88,1.24,-250.14,-160.15,87.64
119,-2.0,-1.5,1.39,-250.14,-250.14,140.43
120,-2.0,-2.0,1.5,-250.14,-250.14,198.88
121,-2.0,-2.0,1.67,-250.14,-250.14,250.13
122,-2.0,-2.0,1.95,-250.14,-250.14,250.13
123,-2.0,-2.0,2.0,-250.14,-250.14,250.13
124,-1.94,-2.0,2.0,-250.14,-250.14,250.13
125,-1.62,-2.0,2.0,-250.14,-250.14,250.13
126,-1.46,-2.0,2.0,-187.69,-250.14,248.73
127,-1.25,-2.0,1.92,-120.74,-250.14,228.9
128,-0.92,-2.0,1.43,-69.82,-250.14,213.25
129,-0.14,-2.0,0.66,-28.12,-250.14,176.04
130,0.9,-2.0,0.02,-24.95,-250.14,121.33
131,2.0,-2.0,-0.25,-25.76,-250.14,59.83
132,2.0,-2.0,-0.05,-8.69,-250.14,69.79
133,2.0,-2.0,0.22,40.52,-250.14,54.76
134,1.9,-2.0,0.4,81.38,-250.14,30.7
135,2.0,-2.0,0.18,95.08,-250.14,-3.43
136,1.87,-1.9,0.25,125.5,-250.14,-24.32
137,2.0,-1.72,0.13,142.55,-250.14,-37.58
138,2.0,-1.68,0.03,160.4,-250.14,-63.37
139,1.98,-1.71,-0.08,165.34,-250.14,-121.33
140,2.0,-1.7,-0.26,169.73,-250.14,-176.11
141,2.0,-1.64,-0.38,153.21,-203.15,-213.4
142,1.98,-1.58,-0.38,147.38,-152.68,-232.3
143,1.68,-1.54,-0.37,137.5,-97.02,-235.92
144,1.46,-1.5,-0.32,137.52,-47.21,-227.73
145,1.34,-1.4,-0.27,140.31,-5.56,-207.13
146,1.22,-1.39,-0.41,144.08,30.64,-209.67
147,1.0,-1.31,-0.39,145.68,52.04,-221.18
148,0.87,-1.27,-0.42,144.09,64.6,-225.35
149,0.78,-1.2,-0.43,143.02,80.88,-228.81
150,0.68,-1.13,-0.39,143.4,88.35,-230.44
151,0.63,-1.07,-0.41,146.03,92.57,-224.69
152,0.53,-0.97,-0.43,146.37,100.7,-221.2
153,0.5,-0.91,-0.49,145.02,101.66,-218.74
154,0.47,-0.81,-0.54,140.42,102.31,-220.82
155,0.37,-0.7,-0.55,128.35,98.85,-217.15
156,0.29,-0.59,-0.54,119.49,90.69,-211.72
157,0.3,-0.5,-0.52,102.75,90.04,-205.63
158,0.29,-0.43,-0.48,91.69,92.73,-195.17
159,0.36,-0.33,-0.5,85.49,91.9,-176.62
160,0.4,-0.21,-0.53,72.75,91.06,-167.13
161,0.43,-0.16,-0.54,59.41,85.83,-162.89
162,0.51,-0.2,-0.5,53.11,81.07,-162.73
163,0.57,-0.27,-0.45,56.24,78.09,-172.29
164,0.66,-0.25,-0.48,59.63,82.66,-180.31
165,0.65,-0.24,-0.52,59.83,87.41,-185.01
166,0.53,-0.2,-0.57,53.92,89.48,-192.24
167,0.4,-0.18,-0.54,46.79,87.29,-198.66
168,0.29,-0.15,-0.52,31.9,100.46,-197.09
169,0.15,-0.16,-0.47,23.24,108.64,-197.44
170,0.01,-0.17,-0.41,17.27,117.61,-193.53
171,-0.15,-0.11,-0.39,9.6,125.66,-187.77
172,-0.29,-0.05,-0.31,3.75,142.14,-171.44
173,-0.46,0.01,-0.33,-8.21,164.34,-151.42
174,-0.67,0.01,-0.28,-17.03,164.11,-135.42
175,-0.9,0.07,-0.15,-35.34,163.17,-137.15
176,-1.1,0.17,0.01,-52.45,135.65,-129.27
177,-1.16,0.19,0.08,-70.44,102.25,-125.01
178,-1.07,0.15,0.16,-82.66,69.27,-120.42
179,-0.95,0.08,0.29,-92.31,49.63,-117.27
180,-0.72,-0.01,0.4,-90.58,67.36,-115.44
181,-0.33,-0.07,0.98,-80.91,121.92,-94.22
182,-0.68,-0.04,0.65,-55.24,143.11,-83.86
183,-0.95,0.17,0.73,-39.62,175.63,-103.73
184,-1.19,0.31,0.75,-25.87,182.79,-98.8
185,-1.5,0.52,0.76,-21.55,167.01,-75.89
186,-1.61,0.76,0.79,-26.55,147.17,-42.81
187,-1.6,0.84,0.84,-35.91,133.87,-22.83
188,-1.51,0.81,0.94,-41.24,127.52,-8.11
189,-1.41,0.8,0.96,-47.93,124.73,5.18
190,-1.29,0.82,1.02,-52.08,116.13,14.39
191,-1.11,0.83,1.2,-55.76,123.57,21.36
192,-1.07,0.83,1.3,-52.31,115.84,29.06
193,-1.07,0.86,1.4,-44.41,107.46,42.22
194,-0.9,0.89,1.41,-38.34,105.34,46.61
195,-0.93,0.82,1.41,-32.85,102.87,46.38
196,-0.96,0.73,1.33,-33.36,97.88,45.73
197,-0.81,0.7,1.34,-30.08,88.87,52.14
198,-0.7,0.65,1.41,-19.13,68.37,55.66
199,-0.58,0.59,1.33,-10.44,51.73,47.05
200,-0.42,0.54,1.27,-3.84,33.77,31.08
201,-0.24,0.53,1.18,-1.16,27.76,19.5
202,-0.14,0.51,1.1,-7.44,31.66,-2.76
203,-0.06,0.48,1.05,-11.38,32.89,-13.84
204,-0.05,0.38,1.09,-10.7,18.07,-18.92
205,-0.02,0.35,1.06,-9.76,24.41,-23.09
206,0.0,0.42,1.05,-8.45,31.4,-33.06
207,-0.03,0.49,1.09,-4.56,37.8,-38.18
208,-0.19,0.57,1.1,-6.82,44.56,-50.54
209,-0.35,0.62,1.19,-6.34,23.38,-67.45
210,-0.51,0.73,1.41,-17.73,22.2,-121.27
211,-0.72,0.78,1.37,-27.76,-32.89,-113.65
212,-0.84,0.77,1.37,-50.49,-82.3,-132.08
213,-0.85,0.71,1.41,-65.98,-127.11,-124.21
214,-0.72,0.57,1.42,-74.78,-146.75,-110.97
215,-0.55,0.41,1.41,-73.32,-147.37,-83.27
216,-0.38,0.23,1.38,-61.39,-128.84,-51.13
217,-0.22,0.09,1.32,-44.25,-95.79,-13.15
218,-0.12,0.04,1.34,-16.98,-57.6,31.96
219,-0.0,0.03,1.24,3.63,-15.85,56.55
220,0.05,0.01,1.16,21.31,11.92,57.4
221,0.02,0.03,1.08,29.12,18.93,45.37
222,-0.03,0.09,0.96,28.53,18.09,18.82
223,-0.16,0.1,0.97,29.18,-0.16,-4.63
224,-0.19,0.14,0.92,26.7,-14.82,-26.6
225,-0.2,0.18,0.91,28.23,-26.86,-40.5
226,-0.23,0.25,0.88,28.53,-32.84,-45.65
227,-0.22,0.28,0.83,29.28,-34.88,-47.74
228,-0.23,0.32,0.78,27.02,-31.42,-47.11
229,-0.24,0.37,0.76,22.19,-26.69,-42.44
230,-0.26,0.4,0.75,14.37,-22.28,-36.77
231,-0.28,0.42,0.74,4.69,-22.1,-31.28
232,-0.28,0.43,0.76,-3.82,-24.92,-25.79
233,-0.25,0.41,0.78,-11.37,-24.97,-22.01
234,-0.23,0.39,0.82,-17.44,-26.4,-17.44
235,-0.2,0.33,0.86,-20.31,-24.21,-13.98
236,-0.19,0.29,0.89,-20.11,-24.34,-11.27
237,-0.18,0.25,0.94,-19.58,-23.09,-13.24
238,-0.15,0.2,0.96,-16.09,-18.92,-19.72
239,-0.17,0.19,0.98,-10.32,-19.12,-20.76
240,-0.18,0.21,0.98,-5.92,-19.15,-23.39
241,-0.17,0.23,0.97,-2.36,-17.75,-23.52
242,-0.16,0.25,0.92,0.93,-14.87,-22.32
243,-0.16,0.27,0.9,1.2,-9.57,-22.39
244,-0.17,0.3,0.88,-0.47,-5.96,-20.92
245,-0.2,0.31,0.87,-2.31,-3.28,-18.5
246,-0.22,0.32,0.88,-3.57,-2.0,-16.11
247,-0.22,0.32,0.87,-5.05,-1.11,-13.76
248,-0.24,0.33,0.85,-7.89,-0.11,-11.49
249,-0.25,0.34,0.87,-11.5,0.49,-7.31
250,-0.24,0.32,0.87,-12.89,1.98,-2.99
251,-0.21,0.3,0.89,-13.86,4.67,-3.75
252,-0.2,0.28,0.92,-13.78,5.31,-5.15
253,-0.19,0.27,0.94,-10.69,4.52,-5.21
254,-0.22,0.28,0.94,-9.18,6.61,-8.53
255,-0.23,0.29,0.92,-6.92,5.3,-10.81
256,-0.26,0.3,0.9,-8.44,1.98,-15.47
257,-0.28,0.32,0.88,-12.83,-2.5,-21.24
258,-0.27,0.32,0.86,-19.05,-9.05,-26.33
259,-0.27,0.31,0.87,-25.63,-12.5,-33.21
260,-0.28,0.28,0.87,-25.44,-21.25,-32.8
261,-0.19,0.26,0.87,-29.95,-11.47,-40.42
262,-0.22,0.24,0.9,-30.07,-7.91,-38.1
263,-0.28,0.21,0.94,-27.05,-11.92,-31.01
264,-0.28,0.19,0.96,-22.7,-16.89,-25.06
265,-0.25,0.2,0.95,-19.87,-18.34,-24.4
266,-0.23,0.2,0.95,-20.56,-14.7,-26.56
267,-0.23,0.2,0.95,-20.39,-14.42,-27.23
268,-0.25,0.19,0.96,-20.29,-14.29,-26.58
269,-0.26,0.18,0.95,-19.69,-17.4,-26.47
270,-0.27,0.18,0.97,-20.22,-19.19,-26.15
271,-0.26,0.17,0.97,-20.42,-21.07,-26.26
272,-0.26,0.17,0.98,-19.31,-24.02,-26.3
273,-0.24,0.17,0.97,-18.11,-25.91,-25.76
274,-0.24,0.16,0.95,-17.43,-26.4,-24.27
275,-0.22,0.15,0.98,-18.45,-27.1,-21.42
276,-0.22,0.14,0.96,-16.8,-27.54,-20.76
277,-0.2,0.11,0.98,-15.37,-21.34,-18.3
278,-0.2,0.1,0.97,-13.37,-21.87,-12.08
279,-0.19,0.1,0.99,-9.95,-19.02,-6.96
280,-0.17,0.1,1.01,-7.42,-16.14,-2.44
281,-0.17,0.1,0.99,-3.63,-12.69,0.87
282,-0.16,0.11,0.96,-3.07,-8.44,1.83
283,-0.16,0.13,0.98,-2.77,-7.37,2.77
284,-0.15,0.14,0.96,-1.66,-7.46,2.91
285,-0.15,0.16,0.95,-2.48,-6.67,1.15
286,-0.16,0.16,0.96,-3.85,-7.66,-0.95
287,-0.16,0.16,0.95,-3.93,-9.92,-1.86
288,-0.15,0.17,0.95,-5.47,-9.93,-5.57
289,-0.17,0.17,0.95,-6.43,-10.97,-5.66
290,-0.16,0.17,0.95,-6.74,-10.27,-5.45
291,-0.17,0.16,0.95,-6.53,-9.17,-4.63
292,-0.17,0.16,0.95,-5.73,-9.37,-4.46
293,-0.16,0.15,0.95,-6.08,-8.92,-5.38
294,-0.17,0.16,0.94,-4.85,-8.26,-3.95
295,-0.16,0.16,0.94,-5.73,-7.18,-3.18
296,-0.17,0.16,0.94,-6.73,-6.51,-2.61
297,-0.15,0.15,0.96,-6.05,-4.19,0.01
298,-0.17,0.15,0.97,-5.27,-2.89,1.85
299,-0.16,0.15,0.97,-3.94,-1.01,4.34
300,-0.17,0.15,0.97,-2.48,0.45,7.95
301,-0.13,0.16,0.92,-3.6,7.26,17.97
302,-0.16,0.16,0.94,-2.69,4.39,11.72
303,-0.14,0.17,0.96,-0.51,4.74,13.31
304,-0.13,0.18,0.94,-0.21,6.2,14.88
305,-0.11,0.18,0.92,-1.68,7.72,12.78
306,-0.12,0.18,0.93,-2.39,5.73,11.27
307,-0.12,0.18,0.94,-2.89,1.63,4.82
308,-0.12,0.19,0.93,-2.95,-1.11,-0.01
309,-0.12,0.2,0.92,-3.27,-1.89,-2.48
310,-0.12,0.21,0.92,-3.22,-2.35,-4.18
311,-0.14,0.23,0.9,-3.89,-2.53,-6.49
312,-0.14,0.25,0.9,-5.53,-3.09,-8.71
313,-0.14,0.26,0.89,-7.55,-3.53,-11.58
314,-0.16,0.26,0.88,-10.45,-5.97,-13.23
315,-0.18,0.26,0.87,-14.72,-8.14,-14.43
316,-0.2,0.23,0.87,-18.26,-10.05,-14.06
317,-0.21,0.2,0.9,-21.78,-10.36,-12.09
318,-0.21,0.17,0.92,-24.29,-10.6,-9.88
319,-0.2,0.12,0.96,-24.91,-8.89,-6.58
320,-0.21,0.07,1.0,-21.46,-10.16,-1.53
321,-0.19,0.05,1.02,-19.56,-12.21,1.05
322,-0.17,0.03,1.05,-17.14,-11.56,0.49
323,-0.15,0.01,1.06,-12.95,-9.66,1.18
324,-0.15,0.01,1.06,-8.49,-6.98,-0.29
325,-0.16,0.03,1.06,-5.5,-5.13,-1.51
326,-0.18,0.04,1.06,-3.3,-4.25,-1.06
327,-0.18,0.05,1.04,-1.24,-4.6,-0.19
328,-0.16,0.06,1.04,0.18,-4.26,1.08
329,-0.15,0.07,1.02,1.02,-3.73,1.64
330,-0.14,0.08,1.01,1.97,-3.36,2.1
331,-0.14,0.08,1.0,3.4,-1.98,1.69
332,-0.15,0.1,1.01,4.66,-2.14,1.27
333,-0.17,0.11,1.0,5.03,-3.26,0.34
334,-0.18,0.11,0.99,5.27,-5.06,-0.06
335,-0.17,0.12,0.98,5.81,-6.25,0.29
336,-0.17,0.13,0.97,6.03,-6.5,0.89
337,-0.15,0.14,0.95,6.27,-6.41,1.85
338,-0.15,0.14,0.95,6.18,-5.68,2.87
339,-0.12,0.16,0.94,7.02,-4.3,4.02
340,-0.12,0.17,0.94,6.95,-2.7,5.67
341,-0.11,0.17,0.93,6.53,-2.35,5.87
342,-0.11,0.18,0.92,3.95,-1.85,4.9
343,-0.1,0.19,0.92,2.49,-2.69,2.65
344,-0.09,0.19,0.94,0.75,-2.95,1.31
345,-0.13,0.19,0.93,-1.41,-4.69,-0.69
346,-0.13,0.19,0.93,-4.34,-5.19,-0.55
347,-0.13,0.18,0.96,-4.64,-4.74,0.66
348,-0.12,0.16,0.97,-3.54,-2.61,3.99
349,-0.13,0.16,0.96,-2.65,0.42,7.45
350,-0.12,0.15,0.96,-2.14,3.65,10.34
351,-0.1,0.13,0.97,-0.64,5.92,11.56
352,-0.1,0.13,0.98,0.84,6.78,10.29
353,-0.11,0.14,0.97,1.7,4.45,6.56
354,-0.11,0.15,0.96,0.86,1.61,2.29
355,-0.12,0.15,0.95,-0.49,-2.41,-2.29
356,-0.11,0.17,0.95,-1.71,-4.08,-5.41
357,-0.11,0.17,0.95,-2.16,-3.79,-5.56
358,-0.12,0.17,0.95,-2.32,-2.76,-3.93
359,-0.12,0.17,0.95,-2.66,-1.13,-2.02
360,-0.12,0.17,0.94,-3.48,0.02,-1.22
361,-0.11,0.16,0.95,-4.21,0.66,-1.96
362,-0.12,0.16,0.96,-4.25,0.4,-2.29
363,-0.13,0.16,0.96,-3.98,-0.34,-3.11
364,-0.13,0.15,0.96,-3.3,-1.25,-4.31
365,-0.14,0.15,0.97,-2.61,-2.22,-5.11
366,-0.15,0.17,0.96,-2.56,-2.85,-5.59
367,-0.15,0.17,0.94,-3.73,-2.98,-5.57
368,-0.15,0.17,0.95,-4.38,-3.44,-5.93
369,-0.14,0.17,0.95,-4.62,-3.77,-5.76
370,-0.15,0.18,0.94,-5.47,-4.46,-4.98
371,-0.15,0.17,0.95,-7.42,-4.11,-5.23
372,-0.14,0.15,0.96,-6.99,-3.96,-4.28
373,-0.14,0.13,0.99,-5.73,-3.33,-3.95
374,-0.15,0.14,0.97,-4.76,-2.56,-3.61
375,-0.14,0.14,0.97,-3.79,-2.46,-3.5
376,-0.14,0.14,0.97,-3.55,-2.67,-3.97
377,-0.15,0.15,0.97,-3.89,-3.13,-4.24
378,-0.14,0.15,0.96,-3.93,-3.08,-3.35
379,-0.14,0.15,0.96,-4.01,-2.99,-2.89
380,-0.13,0.15,0.96,-3.98,-3.14,-3.48
381,-0.13,0.16,0.96,-3.71,-3.24,-2.71
382,-0.13,0.16,0.96,-3.77,-3.22,-2.11
383,-0.13,0.16,0.97,-3.98,-3.27,-1.67
384,-0.12,0.15,0.97,-3.82,-3.4,-1.64
385,-0.11,0.15,0.97,-3.42,-3.17,-0.7
386,-0.12,0.15,0.97,-2.95,-2.37,0.46
387,-0.11,0.15,0.96,-3.87,-2.05,0.21
388,-0.11,0.15,0.97,-4.29,-2.38,-0.11
389,-0.11,0.14,0.97,-4.82,-3.69,-0.79
390,-0.11,0.12,0.98,-4.6,-5.08,-1.63
391,-0.12,0.11,0.98,-4.36,-5.35,-2.14
392,-0.12,0.1,0.99,-3.85,-5.05,-3.4
393,-0.13,0.1,1.0,-2.65,-4.75,-2.98
394,-0.14,0.1,0.99,-0.87,-4.11,-2.4
395,-0.13,0.11,1.0,0.92,-2.62,-2.02
396,-0.12,0.12,0.99,3.01,-1.07,-1.1
397,-0.13,0.13,0.98,3.89,0.24,-0.63
398,-0.12,0.15,0.96,4.01,0.78,-0.24
