,accel_x,accel_y,accel_z,gyro_x,gyro_y,gyro_z
0,-0.11,-0.17,0.97,-5.08,-0.86,-2.46
1,-0.1,-0.17,0.98,-4.29,-0.69,-1.91
2,-0.11,-0.16,0.98,-3.94,-0.52,-1.65
3,-0.11,-0.16,0.97,-4.06,-0.13,-1.28
4,-0.09,-0.17,0.98,-3.35,-0.14,-1.5
5,-0.11,-0.17,0.98,-2.62,-0.26,-1.92
6,-0.11,-0.17,0.98,-2.66,-0.82,-2.03
7,-0.11,-0.16,0.98,-2.15,-1.49,-2.02
8,-0.1,-0.16,0.97,-2.06,-0.59,-1.9
9,-0.1,-0.16,0.96,-2.55,-0.18,-2.62
10,-0.11,-0.15,0.96,-3.44,-0.74,-2.7
11,-0.11,-0.15,0.96,-3.92,-1.0,-2.85
12,-0.1,-0.15,0.95,-4.49,-0.53,-2.4
13,-0.11,-0.16,0.95,-4.43,-0.64,-2.21
14,-0.09,-0.17,0.96,-4.11,-1.58,-1.93
15,-0.1,-0.16,0.96,-3.48,-1.31,-2.28
16,-0.11,-0.16,0.95,-4.04,-1.36,-2.46
17,-0.09,-0.16,0.97,-4.79,-1.36,-3.02
18,-0.1,-0.16,0.96,-4.98,-1.03,-3.03
19,-0.11,-0.17,0.96,-5.38,-1.15,-3.01
20,-0.11,-0.18,0.97,-5.24,-0.53,-2.34
21,-0.1,-0.18,0.97,-4.56,0.02,-1.73
22,-0.11,-0.17,0.97,-4.05,-0.09,-1.44
23,-0.12,-0.17,0.96,-3.92,-0.9,-1.94
24,-0.1,-0.16,0.97,-3.85,-1.47,-2.47
25,-0.09,-0.16,0.97,-3.63,-1.47,-2.95
26,-0.11,-0.16,0.97,-3.37,-1.42,-3.36
27,-0.1,-0.17,0.96,-4.19,-0.56,-3.04
28,-0.1,-0.17,0.97,-3.91,-0.43,-2.53
29,-0.1,-0.16,0.96,-3.97,-0.83,-2.96
30,-0.1,-0.17,0.96,-4.95,-1.44,-3.76
31,-0.11,-0.17,0.97,-4.71,-0.53,-2.54
32,-0.11,-0.18,0.98,-4.96,-0.4,-2.18
33,-0.12,-0.19,1.0,-4.71,-0.93,-2.86
34,-0.1,-0.2,1.02,-2.49,-1.17,-2.73
35,-0.13,-0.18,1.02,-1.08,-2.02,-4.06
36,-0.14,-0.17,1.03,-0.84,-2.28,-5.04
37,-0.14,-0.16,1.03,-0.75,-1.44,-4.69
38,-0.15,-0.14,1.06,-1.25,-0.2,-4.04
39,-0.15,-0.16,1.08,-0.48,3.23,-3.51
40,-0.15,-0.21,1.12,-4.46,-0.15,-5.02
41,-0.18,-0.25,1.2,-6.99,1.01,-2.09
42,-0.18,-0.28,1.24,-5.39,3.22,4.08
43,-0.17,-0.27,1.25,-6.56,2.54,3.95
44,-0.11,-0.25,1.31,-4.98,-0.73,5.25
45,-0.1,-0.23,1.37,-5.29,5.01,4.85
46,-0.05,-0.24,1.44,0.15,9.08,4.44
47,-0.03,-0.22,1.51,2.78,14.04,4.39
48,-0.07,-0.2,1.52,9.38,16.29,5.05
49,-0.12,-0.19,1.54,14.56,13.12,2.04
50,-0.17,-0.2,1.55,22.73,8.38,-0.23
51,-0.21,-0.27,1.53,38.53,6.64,3.35
52,-0.2,-0.23,1.62,37.45,8.37,5.65
53,-0.24,-0.25,1.64,45.39,13.05,10.66
54,-0.26,-0.27,1.61,55.82,17.47,18.85
55,-0.33,-0.3,1.49,69.83,17.22,29.35
56,-0.28,-0.24,1.53,73.32,16.47,32.6
57,-0.32,-0.27,1.57,84.63,14.99,39.53
58,-0.32,-0.3,1.51,87.47,16.93,44.75
59,-0.29,-0.31,1.49,91.6,20.56,45.76
60,-0.3,-0.29,1.47,96.74,19.68,45.37
61,-0.29,-0.27,1.42,103.69,19.14,45.95
62,-0.31,-0.24,1.34,113.05,17.57,49.44
63,-0.31,-0.2,1.25,123.79,14.71,52.44
64,-0.33,-0.13,1.16,130.91,7.11,48.62
65,-0.34,-0.08,1.06,135.79,-2.02,43.25
66,-0.34,-0.03,0.99,140.44,-11.35,39.1
67,-0.33,0.04,0.92,141.81,-21.89,32.58
68,-0.31,0.08,0.88,137.82,-32.66,26.84
69,-0.25,0.14,0.85,132.95,-37.04,24.05
70,-0.22,0.17,0.84,128.21,-39.25,23.76
71,-0.18,0.2,0.83,121.8,-36.6,24.14
72,-0.14,0.21,0.84,114.48,-32.41,22.63
73,-0.08,0.21,0.85,113.76,-28.34,23.15
74,-0.03,0.21,0.86,119.86,-21.73,24.93
75,-0.04,0.26,0.82,123.82,-16.34,25.91
76,-0.01,0.32,0.73,124.96,-9.36,25.69
77,-0.02,0.37,0.67,122.96,-7.42,24.05
78,-0.05,0.38,0.6,119.63,-8.22,23.15
79,-0.03,0.42,0.54,112.76,-8.61,20.42
80,-0.03,0.45,0.48,103.19,-10.78,16.33
81,-0.03,0.46,0.47,91.15,-11.85,12.67
82,-0.04,0.46,0.48,78.08,-12.66,10.47
83,-0.06,0.46,0.52,63.03,-13.21,7.21
84,-0.05,0.43,0.58,53.68,-14.17,7.77
85,-0.07,0.4,0.62,48.74,-15.58,7.42
86,-0.03,0.4,0.66,44.27,-16.18,6.89
87,-0.02,0.4,0.68,39.4,-17.14,3.33
88,-0.01,0.36,0.76,36.89,-18.31,1.39
89,0.01,0.35,0.82,38.29,-17.77,1.25
90,0.06,0.35,0.85,41.05,-13.51,2.92
91,0.07,0.37,0.81,41.31,-6.49,4.48
92,0.05,0.39,0.77,40.31,-0.18,6.74
93,0.02,0.41,0.71,37.25,2.11,2.9
94,-0.01,0.41,0.66,35.15,-0.92,-0.36
95,-0.07,0.42,0.63,32.65,-3.36,-1.47
96,-0.07,0.45,0.57,26.16,-7.99,-3.29
97,-0.07,0.44,0.55,16.94,-10.05,-4.82
98,-0.06,0.44,0.57,6.07,-10.36,-4.27
99,-0.04,0.43,0.62,-6.91,-7.53,-2.59
100,-0.02,0.37,0.73,-15.81,0.73,2.35
101,0.0,0.33,0.81,-16.11,9.31,8.4
102,0.09,0.33,0.83,-11.56,14.04,6.51
103,0.02,0.31,0.83,-6.63,17.98,7.37
104,0.01,0.32,0.81,3.08,13.46,2.36
105,0.02,0.35,0.8,12.53,6.77,-4.77
106,0.03,0.36,0.78,16.4,4.98,-9.96
107,0.03,0.4,0.78,19.02,8.89,-11.44
108,-0.02,0.42,0.75,21.27,11.94,-12.09
109,-0.07,0.44,0.72,22.7,12.72,-10.02
110,-0.11,0.45,0.68,21.08,13.67,-7.73
111,-0.13,0.47,0.67,18.18,12.69,-4.89
112,-0.15,0.47,0.67,18.0,11.56,1.45
113,-0.12,0.48,0.64,16.53,11.18,4.21
114,-0.04,0.5,0.64,13.43,11.51,4.93
115,0.01,0.54,0.65,8.17,13.07,2.24
116,0.02,0.54,0.6,5.62,8.45,-4.4
117,0.02,0.57,0.6,0.9,5.96,-10.63
118,-0.0,0.54,0.63,0.97,3.72,-14.04
119,-0.02,0.51,0.63,-1.49,4.86,-14.27
120,-0.04,0.49,0.64,-4.66,6.6,-13.76
121,-0.1,0.47,0.65,-4.56,7.11,-11.93
122,-0.16,0.43,0.67,-0.81,5.34,-9.24
123,-0.19,0.41,0.66,4.44,3.53,-5.41
124,-0.19,0.4,0.64,8.7,0.06,-2.18
125,-0.15,0.44,0.64,9.79,-3.14,-0.73
126,-0.13,0.48,0.63,10.01,-8.32,-2.77
127,-0.11,0.5,0.65,8.7,-11.05,-3.44
128,-0.08,0.55,0.66,5.04,-9.66,-1.56
129,-0.03,0.55,0.67,0.81,-4.56,0.27
130,0.01,0.58,0.68,-4.53,0.79,-0.76
131,0.0,0.58,0.69,-8.19,5.47,-1.79
132,-0.02,0.57,0.73,-8.1,8.89,-0.98
133,-0.03,0.54,0.75,-7.37,12.15,1.05
134,-0.1,0.54,0.75,-3.56,12.37,2.05
135,-0.12,0.53,0.72,0.15,9.55,5.52
136,-0.12,0.55,0.74,1.08,7.76,1.89
137,-0.12,0.54,0.71,5.31,4.85,1.08
138,-0.14,0.55,0.74,7.21,2.64,-1.95
139,-0.19,0.56,0.71,10.83,-2.27,-3.16
140,-0.21,0.54,0.71,12.82,-7.89,-4.16
141,-0.22,0.55,0.71,14.16,-14.95,-4.1
142,-0.19,0.55,0.72,11.91,-18.69,-6.66
143,-0.14,0.55,0.73,10.73,-22.88,-8.87
144,-0.07,0.56,0.77,9.58,-24.57,-12.18
145,-0.01,0.56,0.82,10.31,-23.55,-15.78
146,0.0,0.56,0.85,11.88,-20.73,-18.66
147,-0.01,0.56,0.87,13.94,-18.34,-20.84
148,0.01,0.56,0.89,16.53,-14.66,-22.25
149,0.02,0.56,0.88,20.63,-10.07,-21.74
150,-0.01,0.56,0.87,24.63,-6.15,-21.8
151,-0.08,0.57,0.83,28.79,-6.87,-19.41
152,-0.1,0.57,0.8,31.15,-9.34,-16.75
153,-0.09,0.58,0.76,28.67,-9.7,-15.82
154,-0.07,0.58,0.74,26.98,-7.12,-13.79
155,-0.09,0.6,0.72,22.88,-4.01,-10.34
156,-0.1,0.61,0.7,18.17,-0.86,-6.37
157,-0.1,0.64,0.68,13.39,0.75,-2.34
158,-0.08,0.65,0.67,8.42,2.34,-0.02
159,-0.06,0.65,0.68,3.21,2.49,-0.08
160,-0.07,0.63,0.71,0.69,3.81,0.79
161,-0.06,0.62,0.73,-1.6,4.69,1.29
162,-0.03,0.6,0.74,-2.52,6.69,2.05
163,-0.04,0.58,0.75,0.4,7.53,3.51
164,-0.04,0.58,0.74,3.89,7.1,1.56
165,-0.04,0.59,0.74,5.26,7.15,-2.5
166,-0.07,0.6,0.7,7.77,3.66,-5.13
167,-0.1,0.61,0.68,8.32,-1.01,-7.67
168,-0.11,0.61,0.66,7.76,-4.08,-8.89
169,-0.11,0.61,0.65,8.69,-6.76,-8.97
170,-0.13,0.6,0.61,9.55,-8.73,-9.47
171,-0.16,0.59,0.6,8.71,-12.24,-11.32
172,-0.19,0.59,0.58,7.62,-16.44,-10.34
173,-0.18,0.59,0.59,6.01,-18.92,-8.32
174,-0.17,0.62,0.62,1.82,-19.09,-7.49
175,-0.08,0.61,0.65,-2.47,-15.23,-3.47
176,-0.0,0.63,0.71,-6.79,-9.24,-1.88
177,0.06,0.62,0.78,-6.96,-0.77,-0.09
178,0.08,0.63,0.8,-6.18,5.28,-0.35
179,0.03,0.66,0.84,-3.98,9.76,-1.4
180,0.02,0.69,0.84,1.14,11.24,-1.91
181,0.0,0.7,0.82,3.08,10.05,-4.63
182,-0.01,0.73,0.83,4.61,7.38,-7.56
183,-0.05,0.72,0.83,6.24,3.43,-10.14
184,-0.06,0.69,0.82,6.99,2.45,-11.37
185,-0.12,0.67,0.8,6.16,2.63,-9.56
186,-0.16,0.66,0.77,6.27,3.09,-9.38
187,-0.19,0.65,0.74,3.37,2.56,-8.4
188,-0.22,0.64,0.74,0.51,2.07,-6.57
189,-0.2,0.63,0.74,-2.1,0.95,-3.87
190,-0.18,0.63,0.75,-4.64,-1.14,-2.36
191,-0.12,0.61,0.77,-5.88,-2.82,-2.47
192,-0.13,0.58,0.79,-3.72,-4.34,-1.94
193,-0.13,0.56,0.8,-1.39,-5.8,-1.87
194,-0.12,0.56,0.78,0.55,-6.8,-2.07
195,-0.13,0.55,0.78,2.48,-8.37,-2.53
196,-0.15,0.55,0.76,4.98,-9.27,-2.74
197,-0.15,0.58,0.75,7.21,-11.79,-2.35
198,-0.12,0.6,0.75,7.32,-13.89,-4.15
199,-0.08,0.6,0.74,7.25,-14.36,-3.61
200,-0.08,0.6,0.75,8.65,-14.19,-2.98
201,-0.1,0.59,0.73,9.77,-14.24,-3.47
202,-0.12,0.6,0.73,12.25,-15.5,-2.83
203,-0.16,0.61,0.7,14.64,-18.97,-2.31
204,-0.15,0.62,0.69,14.34,-22.7,-4.44
205,-0.09,0.61,0.69,13.56,-24.47,-5.64
206,-0.07,0.62,0.73,14.56,-23.68,-4.13
207,-0.06,0.62,0.74,15.08,-20.98,-3.7
208,-0.03,0.64,0.74,14.35,-16.11,-2.07
209,-0.03,0.64,0.74,16.72,-11.27,1.73
210,-0.03,0.66,0.75,13.37,-3.53,6.22
211,-0.0,0.7,0.74,14.8,2.34,11.04
212,0.03,0.74,0.73,10.93,6.85,9.14
213,0.04,0.77,0.73,10.34,7.93,6.88
214,-0.0,0.78,0.71,6.31,6.37,-0.51
215,-0.02,0.76,0.73,4.51,6.27,-2.5
216,-0.05,0.74,0.73,-0.32,5.27,-3.26
217,-0.08,0.72,0.72,0.45,9.34,-1.84
218,-0.11,0.7,0.69,1.74,8.6,-0.1
219,-0.16,0.7,0.64,1.11,3.8,-0.53
220,-0.17,0.69,0.64,-1.73,-0.72,-2.69
221,-0.14,0.7,0.67,-2.7,-4.57,-2.62
222,-0.11,0.69,0.68,-4.08,-6.85,-3.51
223,-0.1,0.66,0.68,-3.09,-8.63,-3.44
224,-0.06,0.7,0.71,-5.5,-9.2,-4.17
225,-0.05,0.7,0.7,-5.24,-8.59,-6.45
226,-0.06,0.68,0.68,-4.95,-11.21,-4.93
227,-0.06,0.68,0.7,-8.39,-8.95,-5.41
228,-0.06,0.66,0.72,-7.97,-6.45,-4.39
229,-0.07,0.66,0.71,-7.89,-7.76,-6.36
230,-0.09,0.67,0.75,-7.15,-6.82,-4.98
231,-0.09,0.67,0.73,-5.4,-7.12,-6.78
232,-0.04,0.68,0.74,-12.33,-8.81,-10.86
233,-0.03,0.69,0.78,-12.9,-8.56,-12.4
234,-0.05,0.68,0.78,-10.47,-6.77,-11.95
235,-0.04,0.67,0.72,-6.99,-7.56,-11.73
236,-0.03,0.67,0.71,-8.47,-6.21,-11.98
237,-0.07,0.68,0.73,-10.23,-6.79,-11.34
238,-0.09,0.68,0.72,-15.79,-10.79,-15.61
239,-0.09,0.7,0.72,-20.47,-12.73,-21.62
240,-0.05,0.67,0.76,-19.93,-14.27,-22.44
241,-0.05,0.65,0.78,-19.54,-16.27,-23.24
242,-0.05,0.65,0.76,-19.36,-14.76,-21.6
243,-0.06,0.52,0.65,0.38,-23.58,2.37
244,-0.13,0.71,0.82,-2.58,-24.89,10.63
245,-0.07,0.66,0.73,-5.88,-22.84,-1.95
246,-0.15,0.61,0.75,1.45,-27.09,-3.32
247,-0.07,0.58,0.73,5.1,-30.6,3.02
248,0.02,0.54,0.71,9.31,-27.6,8.71
249,0.05,0.55,0.71,9.98,-23.39,7.02
250,0.02,0.54,0.71,11.95,-19.65,6.64
251,0.01,0.51,0.65,18.98,-18.37,11.33
252,0.02,0.49,0.6,22.33,-20.95,8.89
253,0.03,0.48,0.55,25.15,-26.66,4.19
254,0.02,0.45,0.51,29.29,-35.04,-0.15
255,0.07,0.41,0.43,33.07,-43.43,-6.21
256,0.18,0.33,0.4,35.28,-44.86,-6.45
257,0.34,0.23,0.33,36.65,-38.86,-3.08
258,0.54,0.15,0.21,35.32,-17.63,0.46
259,0.61,0.04,0.11,38.01,13.21,10.09
260,0.62,-0.12,-0.06,52.12,34.68,20.66
261,0.59,-0.29,-0.3,67.51,44.57,30.97
262,0.5,-0.51,-0.67,93.47,60.73,40.69
263,0.56,-0.72,-1.08,74.57,76.62,49.66
264,0.52,-0.85,-1.47,54.39,75.04,51.5
265,0.33,-0.84,-2.0,13.37,65.91,19.51
266,0.02,-0.63,-2.0,-42.82,45.24,-9.44
267,-0.17,-0.55,-2.0,-89.11,41.75,-11.19
268,-0.27,-0.39,-2.0,-142.7,15.17,-18.34
269,-0.52,-0.48,-2.0,-229.76,-4.0,-16.21
270,-0.58,-0.71,-2.0,-250.14,-58.27,-16.08
271,-0.04,-0.81,-2.0,-250.14,-80.45,-25.95
272,0.6,-0.83,-2.0,-250.14,-94.57,-51.1
273,0.96,-0.63,-1.38,-250.14,-34.86,-58.64
274,0.88,-0.11,-0.4,-250.14,39.76,-74.91
275,0.22,-0.0,0.8,-250.14,65.05,-95.16
276,-0.45,-0.27,1.98,-250.14,12.52,-129.7
277,-0.36,-1.7,2.0,-250.14,42.66,-121.62
278,-1.03,-2.0,2.0,-250.14,39.77,-22.14
279,-0.88,-2.0,2.0,-250.14,121.09,-18.04
280,-1.54,-2.0,2.0,-153.4,158.01,-14.06
281,-1.64,-2.0,2.0,-127.07,154.23,-6.84
282,-2.0,-0.71,2.0,-128.28,114.53,-7.04
283,-2.0,0.01,2.0,-128.0,54.1,21.33
284,-1.51,0.3,2.0,-172.56,5.06,28.23
285,-0.18,-0.25,2.0,-156.71,-2.92,14.92
286,0.21,-0.33,2.0,-54.27,4.43,6.31
287,0.1,-0.65,2.0,61.41,13.71,18.27
288,-0.35,-0.63,2.0,108.51,10.36,26.81
289,-0.49,-0.66,2.0,129.39,-11.86,29.73
290,-0.59,-0.46,1.59,142.35,-23.76,31.76
291,-0.55,-0.31,1.05,130.95,-31.53,45.99
292,-0.36,-0.2,0.74,108.91,-26.72,47.35
293,-0.27,-0.09,0.54,86.72,-29.19,40.89
294,-0.19,0.05,0.38,68.62,-34.13,32.23
295,-0.06,0.16,0.26,51.95,-35.57,22.11
296,0.05,0.27,0.18,30.47,-34.93,12.76
297,0.15,0.26,0.19,10.63,-29.99,2.76
298,0.15,0.15,0.28,0.98,-26.38,-11.6
299,0.11,0.08,0.38,-3.7,-24.4,-21.11
300,0.06,0.02,0.49,-8.95,-18.63,-24.31
301,-0.01,-0.04,0.56,-9.1,-13.69,-21.66
302,-0.06,-0.01,0.64,-11.72,-5.37,-19.95
303,-0.14,-0.02,0.7,-16.65,-3.23,-17.84
304,-0.17,-0.04,0.77,-20.78,1.6,-10.59
305,-0.18,-0.04,0.84,-25.67,4.18,-7.99
306,-0.23,-0.06,0.91,-30.79,2.42,-10.11
307,-0.2,-0.08,0.96,-36.69,0.77,-10.93
308,-0.21,-0.09,1.03,-46.65,-1.85,-13.22
309,-0.21,-0.15,1.1,-51.6,-1.89,-11.65
310,-0.21,-0.2,1.15,-52.18,-5.99,-14.79
311,-0.2,-0.3,1.27,-50.87,-8.99,-18.02
312,-0.18,-0.38,1.34,-39.3,-5.52,-12.92
313,-0.16,-0.39,1.38,-22.16,-3.01,-4.2
314,-0.15,-0.35,1.34,-7.4,-3.7,1.07
315,-0.15,-0.23,1.27,4.32,-2.54,7.41
316,-0.16,-0.17,1.18,9.28,0.22,10.66
317,-0.2,-0.1,1.07,10.18,-3.53,9.11
318,-0.17,-0.07,1.01,10.79,-9.15,7.48
319,-0.14,-0.02,0.95,8.23,-15.92,2.07
320,-0.1,-0.01,0.91,4.15,-17.89,-0.29
321,-0.06,-0.01,0.91,-0.19,-18.66,-0.95
322,-0.03,-0.06,0.91,-2.82,-18.46,-3.25
323,0.02,-0.08,0.94,0.78,-15.71,-4.38
324,0.06,-0.08,0.96,4.48,-9.82,-2.9
325,0.01,-0.07,0.89,3.55,-5.72,-3.83
326,-0.04,-0.07,0.89,-0.83,-3.79,-3.78
327,-0.06,-0.07,0.89,-4.98,0.01,-3.04
328,-0.1,-0.09,0.9,-9.89,-0.37,-4.21
329,-0.12,-0.11,0.91,-12.95,0.46,-3.01
330,-0.14,-0.14,0.95,-14.45,-1.48,-5.27
331,-0.14,-0.17,0.98,-13.9,-3.69,-4.36
332,-0.14,-0.18,1.01,-13.25,-2.01,-3.57
333,-0.14,-0.22,1.05,-10.05,-1.1,-2.53
334,-0.11,-0.2,1.05,-5.16,-1.82,-1.16
335,-0.14,-0.19,1.01,-3.13,-0.7,-2.15
336,-0.15,-0.17,1.01,-3.74,-0.47,-1.82
337,-0.14,-0.15,1.01,-2.47,0.16,-0.04
338,-0.13,-0.1,0.97,-4.15,1.18,0.77
339,-0.13,-0.11,0.97,-5.24,0.02,-0.5
340,-0.15,-0.12,0.99,-7.04,-2.08,-1.68
341,-0.12,-0.13,0.97,-7.25,-1.92,0.07
342,-0.1,-0.16,0.99,-6.12,-3.85,-1.97
343,-0.09,-0.16,1.0,-3.22,-5.19,-2.6
344,-0.09,-0.15,0.99,-0.95,-5.39,-3.18
345,-0.08,-0.13,0.99,-0.51,-4.44,-2.05
346,-0.08,-0.12,0.98,-0.18,-3.34,-2.72
347,-0.09,-0.1,0.97,-1.19,-2.7,-3.8
348,-0.1,-0.09,0.96,-3.54,-1.26,-3.98
349,-0.1,-0.1,0.95,-5.02,-0.11,-4.01
350,-0.12,-0.12,0.95,-5.87,0.17,-3.4
351,-0.13,-0.13,0.94,-7.28,-1.05,-2.94
352,-0.12,-0.15,0.95,-6.53,-2.11,-2.99
353,-0.14,-0.16,0.98,-6.55,-3.85,-4.07
354,-0.09,-0.15,0.98,-4.66,-2.53,-3.22
355,-0.08,-0.17,1.01,-2.61,-0.41,-1.82
356,-0.07,-0.15,0.99,-1.02,-0.11,-2.82
357,-0.11,-0.13,0.97,0.91,1.37,-2.1
358,-0.13,-0.11,0.95,0.21,-1.2,-4.25
359,-0.15,-0.12,0.94,-0.65,-3.5,-5.03
360,-0.12,-0.11,0.94,-2.28,-3.34,-3.69
361,-0.11,-0.11,0.96,-4.15,-2.86,-3.62
362,-0.11,-0.12,0.96,-5.59,-3.21,-3.68
363,-0.11,-0.14,0.98,-5.24,-3.88,-4.98
364,-0.11,-0.17,0.99,-4.93,-3.9,-4.69
365,-0.1,-0.17,1.01,-3.19,-2.79,-3.38
366,-0.09,-0.18,1.01,-0.9,-2.06,-2.77
367,-0.09,-0.18,0.99,0.2,-0.84,-1.95
368,-0.11,-0.16,0.98,1.15,-0.9,-1.09
369,-0.11,-0.15,0.97,1.81,-1.65,-1.42
370,-0.13,-0.12,0.94,1.17,-3.82,-2.37
371,-0.12,-0.1,0.94,-0.21,-4.97,-2.69
372,-0.12,-0.1,0.94,-2.09,-6.78,-4.26
373,-0.07,-0.08,0.93,-3.95,-6.61,-4.75
374,-0.07,-0.07,0.94,-7.34,-4.47,-3.56
375,-0.08,-0.07,0.92,-9.6,-3.84,-3.53
376,-0.07,-0.09,0.94,-11.98,-3.6,-5.24
377,-0.11,-0.14,0.98,-12.2,-4.63,-6.53
378,-0.09,-0.19,1.01,-9.6,-3.64,-5.24
379,-0.08,-0.21,1.03,-5.98,-2.27,-4.3
380,-0.09,-0.2,1.03,-1.67,-1.41,-2.86
381,-0.1,-0.17,1.03,-0.95,-2.05,-2.06
382,-0.11,-0.16,1.0,2.1,-1.0,-1.23
383,-0.1,-0.14,0.98,1.64,-2.02,-1.66
384,-0.11,-0.13,0.98,1.04,-3.52,-2.85
385,-0.11,-0.13,0.96,1.85,-3.39,-2.78
386,-0.09,-0.12,0.96,1.43,-4.17,-2.79
387,-0.08,-0.1,0.95,-0.05,-5.68,-3.78
388,-0.08,-0.1,0.94,-0.29,-5.8,-4.12
389,-0.08,-0.12,0.95,0.03,-5.19,-4.76
390,-0.08,-0.13,0.98,-1.56,-2.32,-8.02
391,-0.08,-0.12,0.95,0.4,-3.09,-9.22
392,-0.07,-0.12,0.95,-2.28,-3.23,-8.69
393,-0.09,-0.12,0.94,-4.91,-3.02,-9.24
394,-0.07,-0.12,0.97,-3.4,-3.24,-8.11
395,-0.13,-0.16,0.97,-4.68,-3.77,-9.57
396,-0.11,-0.17,0.97,-2.73,-3.84,-7.15
397,-0.07,-0.17,0.99,-3.36,-3.98,-5.19
398,-0.09,-0.17,1.0,-2.85,-1.53,-4.3
399,-0.12,-0.17,0.97,-0.89,-3.39,-4.82
400,-0.1,-0.16,1.0,0.72,-2.99,-3.37
401,-0.1,-0.15,0.98,1.27,-1.92,-3.38
402,-0.09,-0.16,0.97,1.25,-0.89,-1.21
403,-0.09,-0.14,0.97,1.0,-0.48,-0.5
404,-0.1,-0.13,0.96,0.67,-0.84,-0.26
405,-0.09,-0.12,0.95,-0.27,-1.6,-0.41
406,-0.06,-0.1,0.95,-1.69,-1.53,-1.53
407,-0.06,-0.09,0.95,-2.63,-1.77,-3.06
408,-0.08,-0.11,0.95,-3.4,-3.15,-4.84
409,-0.1,-0.12,0.97,-3.89,-3.34,-4.58
410,-0.09,-0.14,0.97,-3.72,-2.92,-2.71
411,-0.09,-0.15,0.98,-3.62,-3.15,-2.35
412,-0.09,-0.15,0.99,-2.5,-3.05,-2.57
413,-0.07,-0.15,0.99,-0.71,-2.17,-0.77
414,-0.09,-0.13,0.99,-0.19,-2.72,-1.63
415,-0.07,-0.13,0.98,-0.62,-2.97,-2.9
416,-0.07,-0.13,0.98,-0.8,-2.62,-2.67
417,-0.07,-0.14,0.97,-0.21,-1.89,-2.69
418,-0.07,-0.14,0.98,0.4,-2.02,-3.39
419,-0.08,-0.13,0.98,0.82,-2.0,-3.38
420,-0.09,-0.11,0.96,0.09,-1.83,-2.72
421,-0.08,-0.12,0.95,-1.45,-2.34,-3.4
422,-0.08,-0.13,0.96,-2.33,-2.47,-3.6
423,-0.1,-0.14,0.97,-2.65,-2.83,-3.13
424,-0.09,-0.15,0.98,-1.23,-3.11,-2.78
425,-0.08,-0.15,0.99,0.11,-2.19,-1.63
426,-0.08,-0.14,0.98,1.22,-1.69,-0.82
427,-0.07,-0.12,0.97,1.27,-3.24,-2.93
428,-0.09,-0.12,0.97,1.84,-5.11,-4.89
429,-0.09,-0.13,0.98,2.96,-8.31,-6.92
430,-0.08,-0.14,0.98,5.02,-7.79,-6.79
431,-0.09,-0.15,0.99,5.73,-11.98,-7.4
432,-0.1,-0.14,0.99,7.05,-16.51,-10.55
433,-0.07,-0.14,0.99,8.37,-17.81,-10.57
434,-0.07,-0.1,0.98,7.43,-16.54,-9.06
435,-0.05,-0.08,0.96,4.06,-13.85,-8.25
436,-0.06,-0.11,0.97,1.69,-12.74,-7.53
437,-0.05,-0.11,0.97,1.58,-12.17,-6.95
438,-0.06,-0.13,0.96,1.41,-12.95,-7.58
439,-0.07,-0.13,0.98,2.1,-15.89,-10.36
440,-0.05,-0.13,0.98,3.89,-15.98,-10.5
441,-0.05,-0.13,0.98,4.82,-16.15,-10.06
442,-0.03,-0.13,0.99,5.97,-15.68,-9.31
443,-0.03,-0.08,0.97,5.7,-14.2,-9.8
444,-0.06,-0.11,0.96,4.05,-12.66,-8.8
445,-0.05,-0.09,0.95,2.28,-10.77,-6.27
446,-0.03,-0.1,0.98,1.95,-10.29,-6.64
447,-0.02,-0.12,0.98,2.4,-10.39,-6.52
448,-0.04,-0.12,0.99,2.79,-10.95,-7.55
449,-0.05,-0.12,0.99,3.51,-12.59,-8.02
450,-0.04,-0.1,0.97,2.95,-11.62,-6.41
451,-0.03,-0.09,0.97,0.95,-10.92,-5.49
452,-0.03,-0.08,0.96,-0.42,-10.73,-5.6
453,-0.03,-0.07,0.96,-2.64,-11.81,-7.63
454,-0.02,-0.1,0.97,-3.76,-11.8,-9.17
455,-0.02,-0.11,0.99,-3.94,-10.83,-9.21
456,0.0,-0.11,0.99,-2.23,-7.38,-7.65
457,0.04,-0.12,0.99,1.96,-5.74,-4.69
458,0.0,-0.09,0.98,1.99,-9.11,-8.94
459,-0.01,-0.06,0.97,0.38,-12.62,-13.38
460,-0.02,-0.09,0.97,-2.27,-13.73,-15.11
461,-0.01,-0.11,0.98,-2.58,-12.59,-14.06
462,0.01,-0.1,0.97,-3.91,-13.26,-12.29
463,-0.02,-0.12,1.01,-2.71,-15.46,-14.02
464,-0.03,-0.14,1.02,-1.73,-16.27,-14.54
465,-0.01,-0.15,1.03,1.18,-15.92,-13.5
466,-0.01,-0.14,1.05,3.21,-15.97,-14.67
467,0.0,-0.15,1.04,6.14,-14.48,-13.02
468,0.02,-0.13,0.99,8.07,-12.53,-9.21
469,0.02,-0.1,0.98,7.47,-12.04,-8.81
470,0.03,-0.06,0.95,6.12,-13.44,-11.04
471,0.05,-0.04,0.94,3.47,-14.27,-14.8
472,0.03,-0.04,0.92,0.51,-16.33,-17.48
473,0.0,-0.05,0.92,-2.28,-20.28,-20.33
474,-0.01,-0.05,0.94,-4.73,-24.32,-23.56
475,0.01,-0.09,0.97,-5.5,-24.75,-24.02
476,0.02,-0.12,0.99,-5.82,-24.07,-21.44
477,0.03,-0.13,1.01,-2.4,-21.93,-17.34
478,0.03,-0.11,0.99,-0.22,-22.09,-18.0
479,0.05,-0.11,1.01,2.04,-23.4,-19.94
480,0.05,-0.1,0.99,1.71,-25.22,-21.92
481,0.04,-0.09,0.98,2.78,-25.87,-22.18
482,0.04,-0.1,1.0,1.15,-24.54,-25.73
483,0.07,-0.17,1.0,9.15,-19.59,-17.38
484,0.08,-0.11,1.02,7.9,-18.6,-15.24
485,0.08,-0.11,1.02,7.66,-14.77,-13.98
486,0.09,-0.11,1.02,8.56,-13.4,-14.81
487,0.11,-0.1,1.0,8.38,-8.34,-8.53
488,0.08,-0.07,0.98,6.4,-8.2,-9.03
489,0.06,-0.06,0.96,4.13,-7.73,-7.06
490,0.08,-0.06,0.95,1.48,-6.57,-5.53
491,0.09,-0.05,0.97,0.46,-6.02,-4.74
492,0.1,-0.05,0.96,-0.33,-4.35,-4.77
493,0.1,-0.05,0.95,-1.0,-2.59,-3.07
494,0.07,-0.05,0.94,-3.25,-2.15,-2.64
495,0.09,-0.05,0.95,-5.28,-0.97,-2.22
496,0.09,-0.06,0.96,-5.84,0.27,-1.71
497,0.09,-0.06,0.96,-6.38,0.21,-2.6
498,0.08,-0.07,0.96,-7.44,-0.78,-3.63
499,0.07,-0.07,0.96,-8.53,-0.85,-4.02
