,accel_x,accel_y,accel_z,gyro_x,gyro_y,gyro_z
0,0.02,-0.07,1.03,-5.33,-4.07,-4.5
1,0.04,-0.08,1.04,-3.65,-1.85,-2.06
2,0.04,-0.06,1.03,-0.45,0.1,0.12
3,0.02,-0.04,1.0,0.36,0.84,-0.27
4,0.01,-0.03,0.99,-0.91,0.18,-1.09
5,0.01,-0.03,0.98,-0.76,-0.61,-1.41
6,0.02,-0.01,0.97,-1.63,-1.31,-1.62
7,0.01,-0.01,0.97,-3.24,-1.77,-1.92
8,0.01,-0.02,0.98,-4.05,-2.35,-2.88
9,0.01,-0.04,0.99,-3.34,-2.62,-2.18
10,0.02,-0.06,0.99,-2.14,-2.18,-0.87
11,0.01,-0.05,0.99,-1.35,-0.35,0.08
12,0.02,-0.05,1.0,-1.48,-1.6,-0.31
13,0.03,-0.04,0.98,-0.63,-1.4,-0.76
14,0.03,-0.03,0.99,-0.85,-1.24,-1.79
15,0.03,-0.04,1.0,-0.92,-0.93,-2.56
16,0.02,-0.04,1.0,-0.06,-0.11,-1.98
17,0.02,-0.02,0.99,-0.31,0.91,-2.16
18,0.02,-0.01,0.98,-1.08,2.34,-1.92
19,0.0,-0.01,0.98,-2.24,2.43,-1.94
20,0.01,-0.01,0.98,-3.6,1.31,-2.05
21,0.0,-0.01,0.97,-4.57,0.37,-1.99
22,-0.0,-0.01,0.96,-6.38,-2.39,-2.55
23,0.01,-0.02,0.98,-6.98,-3.44,-3.56
24,0.03,-0.05,1.0,-4.56,-2.8,-4.31
25,0.03,-0.05,0.99,-3.18,-1.76,-3.37
26,0.03,-0.06,0.99,-3.21,-1.63,-3.57
27,0.02,-0.06,0.99,-2.02,-0.25,-2.06
28,0.02,-0.04,0.99,-0.35,0.15,-0.48
29,0.01,-0.01,0.97,-1.61,-0.16,-0.73
30,0.0,0.0,0.96,-4.29,-2.07,-3.09
31,0.02,-0.03,0.99,-4.93,-2.89,-4.19
32,0.02,-0.03,1.0,-4.97,-2.47,-3.49
33,0.03,-0.02,1.0,-4.75,-1.36,-2.87
34,0.03,-0.03,1.0,-5.33,-0.87,-4.08
35,0.02,-0.06,1.01,-4.18,-0.18,-3.24
36,0.03,-0.05,1.0,-1.94,0.05,-1.65
37,0.02,-0.03,0.99,-2.53,-0.16,-2.7
38,0.02,-0.04,0.99,-3.5,-0.21,-3.74
39,0.03,-0.04,1.01,-2.27,-0.67,-2.75
40,0.02,-0.02,0.99,-2.07,-0.56,-2.14
41,0.03,-0.01,0.98,-4.11,-1.02,-3.89
42,0.04,-0.03,1.0,-4.81,-0.78,-5.04
43,0.04,-0.03,1.0,-4.15,0.4,-4.84
44,0.04,-0.01,0.99,-5.09,1.69,-5.03
45,0.04,-0.02,0.98,-5.76,2.09,-6.06
46,-0.03,-0.05,0.99,-4.39,2.79,-5.39
47,0.02,-0.05,1.0,-2.65,0.83,-3.63
48,0.01,-0.04,0.99,-3.66,0.38,-3.89
49,-0.0,-0.06,1.0,-1.43,0.55,-4.19
50,0.0,-0.05,0.98,-0.4,-0.53,-3.24
51,0.01,-0.03,0.97,-1.79,-0.9,-3.4
52,0.01,-0.03,0.98,-2.77,-1.27,-4.15
53,0.01,-0.03,0.98,-3.69,-1.51,-3.95
54,0.01,-0.03,0.98,-4.18,-1.55,-3.32
55,0.01,-0.03,0.98,-4.0,-2.23,-3.19
56,0.01,-0.03,0.98,-4.56,-2.15,-3.31
57,0.01,-0.04,0.98,-4.37,-1.73,-3.11
58,0.01,-0.05,1.0,-3.12,-1.51,-1.7
59,0.02,-0.05,0.97,-1.85,-1.52,-1.47
60,0.02,-0.03,0.96,-2.37,-1.7,-2.21
61,0.03,-0.02,0.97,-3.31,-2.08,-3.8
62,0.02,-0.02,0.97,-4.63,-1.53,-3.81
63,0.02,-0.03,0.99,-5.0,-1.48,-4.22
64,0.02,-0.03,0.99,-5.13,-1.19,-4.66
65,0.02,-0.04,0.99,-5.51,-0.04,-4.01
66,0.01,-0.05,1.0,-5.3,-0.06,-3.64
67,0.01,-0.05,1.0,-4.64,-0.24,-4.22
68,0.02,-0.05,1.01,-3.71,-0.4,-3.47
69,0.02,-0.04,1.0,-2.36,-0.26,-2.62
70,0.02,-0.05,1.0,-2.27,-0.08,-3.26
71,0.02,-0.05,1.01,-1.98,0.16,-3.31
72,0.02,-0.04,0.99,-2.55,0.63,-3.14
73,0.02,-0.03,0.98,-2.79,1.59,-3.52
74,0.01,-0.05,1.0,-3.41,-0.17,-3.79
75,0.01,-0.05,0.99,-3.31,-0.07,-2.89
76,0.01,-0.04,0.99,-3.62,-0.89,-3.07
77,0.01,-0.04,0.99,-3.53,-0.45,-3.99
78,0.02,-0.05,1.0,-3.34,-0.62,-3.58
79,0.03,-0.05,1.0,-2.94,-0.04,-3.17
80,0.02,-0.05,1.0,-2.05,0.78,-3.8
81,0.01,-0.05,1.0,-1.03,1.15,-2.93
82,0.01,-0.04,0.98,-0.77,1.92,-1.47
83,0.01,-0.03,0.97,-1.9,1.02,-2.77
84,0.0,-0.03,0.98,-3.17,0.12,-4.9
85,-0.0,-0.04,0.99,-3.27,-1.43,-4.05
86,0.01,-0.03,0.99,-3.27,-1.95,-4.18
87,0.03,-0.03,0.98,-4.08,-0.95,-4.18
88,0.02,-0.04,0.99,-4.53,0.19,-4.43
89,0.02,-0.04,0.98,-4.19,1.76,-4.64
90,0.02,-0.04,0.98,-4.13,1.49,-4.82
91,0.01,-0.05,0.99,-3.76,0.92,-5.24
92,0.0,-0.06,0.99,-2.41,0.44,-3.74
93,0.01,-0.05,0.98,-1.85,0.42,-3.16
94,0.02,-0.02,0.96,-3.0,0.76,-3.6
95,0.01,-0.03,0.96,-4.03,1.38,-3.02
96,-0.0,-0.04,0.98,-4.37,1.9,-1.69
97,-0.01,-0.04,0.98,-5.25,0.87,-3.18
98,-0.0,-0.05,1.0,-5.29,-0.48,-3.78
99,-0.0,-0.04,1.0,-5.02,-1.11,-3.15
100,0.01,-0.03,1.0,-5.71,-1.02,-3.78
101,-0.0,-0.04,1.02,-7.45,-0.57,-4.34
102,0.02,-0.04,1.04,-7.82,1.66,-2.26
103,0.02,-0.04,1.06,-7.26,2.82,-1.63
104,0.01,-0.05,1.07,-5.25,4.77,-5.24
105,0.02,-0.05,1.11,-3.02,-0.09,-3.73
106,0.02,-0.03,1.09,-1.31,-1.34,-5.82
107,0.02,0.0,1.1,-0.92,-0.19,-5.53
108,0.04,0.02,1.1,-2.34,1.64,-6.24
109,0.03,0.02,1.11,-5.09,3.11,-6.38
110,0.01,0.04,1.12,-7.6,2.77,-6.46
111,0.0,0.05,1.12,-9.92,2.39,-8.69
112,-0.02,0.03,1.15,-12.66,-0.21,-7.53
113,-0.07,0.0,1.21,-14.06,-6.32,-6.81
114,-0.1,-0.04,1.26,-7.28,-6.57,-2.94
115,-0.11,-0.1,1.36,-5.88,-20.7,-0.24
116,-0.09,-0.1,1.42,2.6,-29.89,-1.84
117,-0.01,-0.11,1.47,15.18,-34.18,-3.6
118,0.03,-0.08,1.49,22.34,-34.5,-6.05
119,0.1,-0.03,1.5,28.21,-30.17,-0.49
120,0.15,0.01,1.53,33.71,-14.82,12.03
121,0.16,0.05,1.55,34.76,4.92,19.62
122,0.22,0.08,1.55,30.59,27.12,28.4
123,0.19,0.11,1.54,24.51,53.02,32.53
124,0.17,0.11,1.53,17.23,76.23,32.21
125,0.1,0.12,1.48,10.2,94.37,35.16
126,0.01,0.14,1.4,3.79,102.34,32.34
127,-0.13,0.09,1.37,-3.11,98.66,26.11
128,-0.22,0.01,1.34,-3.95,87.3,20.05
129,-0.29,-0.08,1.36,0.39,68.36,13.15
130,-0.34,-0.12,1.37,5.23,47.56,6.45
131,-0.34,-0.18,1.39,14.03,29.9,-2.16
132,-0.29,-0.25,1.43,28.6,18.96,-1.6
133,-0.25,-0.26,1.43,39.46,4.47,3.99
134,-0.16,-0.22,1.43,58.11,14.6,14.25
135,-0.14,-0.15,1.35,67.69,19.03,20.53
136,-0.11,-0.08,1.27,70.71,24.66,23.49
137,-0.12,0.0,1.19,67.89,24.31,21.16
138,-0.14,0.08,1.11,62.63,20.36,16.78
139,-0.16,0.09,1.08,54.11,13.34,12.26
140,-0.17,0.07,1.09,47.11,5.79,4.05
141,-0.17,0.01,1.12,41.93,-4.36,-8.51
142,-0.1,-0.08,1.21,46.93,-3.06,-11.2
143,-0.08,-0.09,1.19,50.08,-1.02,-11.03
144,-0.07,-0.1,1.21,58.95,11.69,-7.72
145,-0.11,-0.11,1.18,67.61,22.7,0.66
146,-0.12,-0.07,1.11,75.58,34.42,14.52
147,-0.12,-0.02,1.04,78.65,44.89,24.74
148,-0.13,0.03,0.96,78.92,52.31,33.37
149,-0.12,0.07,0.9,79.79,63.95,44.17
150,-0.16,0.12,0.81,76.4,69.26,50.96
151,-0.19,0.17,0.74,70.21,66.87,49.66
152,-0.2,0.2,0.69,63.74,59.31,45.3
153,-0.25,0.2,0.67,57.88,43.4,35.32
154,-0.26,0.17,0.67,52.61,24.67,20.69
155,-0.27,0.1,0.71,49.73,10.17,8.15
156,-0.3,-0.0,0.8,53.85,1.66,2.07
157,-0.27,-0.04,0.81,61.67,8.66,10.03
158,-0.23,-0.02,0.77,69.65,20.62,27.61
159,-0.24,0.06,0.69,75.84,27.5,39.05
160,-0.25,0.13,0.62,76.44,26.82,40.14
161,-0.27,0.2,0.53,72.93,23.63,41.59
162,-0.24,0.25,0.48,66.5,19.24,41.49
163,-0.22,0.29,0.47,60.34,7.27,35.42
164,-0.21,0.31,0.48,51.12,-2.43,23.84
165,-0.21,0.27,0.54,43.31,-4.43,17.49
166,-0.17,0.26,0.59,32.73,4.89,19.43
167,-0.1,0.22,0.64,22.98,26.33,31.33
168,-0.04,0.24,0.67,17.08,47.95,46.49
169,-0.03,0.27,0.67,13.89,62.45,52.84
170,-0.07,0.29,0.67,14.71,71.32,53.06
171,-0.13,0.29,0.67,15.29,67.42,49.89
172,-0.22,0.3,0.63,23.2,57.84,46.27
173,-0.3,0.31,0.62,27.11,39.73,39.88
174,-0.35,0.3,0.62,30.94,17.22,31.59
175,-0.33,0.33,0.62,31.39,-3.68,26.78
176,-0.24,0.36,0.62,33.77,-17.42,23.3
177,-0.2,0.4,0.64,33.47,-29.08,15.55
178,-0.14,0.42,0.67,30.11,-32.52,8.14
179,-0.12,0.42,0.69,26.2,-30.98,5.7
180,-0.09,0.4,0.72,23.45,-26.45,7.15
181,-0.07,0.41,0.72,19.37,-23.56,8.88
182,-0.05,0.41,0.76,16.57,-19.47,9.54
183,-0.03,0.39,0.81,14.31,-14.44,9.06
184,-0.02,0.34,0.81,16.36,-5.28,10.79
185,-0.04,0.32,0.81,21.56,3.37,16.89
186,-0.07,0.36,0.78,25.23,8.56,17.91
187,-0.1,0.38,0.74,29.69,9.25,16.99
188,-0.14,0.41,0.68,32.98,6.27,15.35
189,-0.16,0.46,0.63,28.11,-0.84,10.63
190,-0.14,0.49,0.61,20.37,-3.94,7.07
191,-0.11,0.49,0.64,14.45,-5.61,4.18
192,-0.08,0.46,0.68,11.46,-3.69,2.34
193,-0.05,0.43,0.72,11.5,0.89,5.5
194,-0.05,0.44,0.72,14.39,7.28,11.57
195,-0.06,0.45,0.68,16.53,12.31,14.02
196,-0.05,0.47,0.63,15.18,15.3,13.81
197,-0.08,0.51,0.64,13.46,15.74,13.16
198,-0.11,0.54,0.6,14.75,12.94,12.84
199,-0.12,0.57,0.58,10.18,6.07,7.82
200,-0.14,0.56,0.61,7.55,-5.39,-2.75
201,-0.14,0.52,0.66,6.66,-15.92,-10.21
202,-0.14,0.49,0.71,8.6,-24.27,-12.84
203,-0.12,0.49,0.73,10.91,-26.15,-13.93
204,-0.11,0.49,0.75,12.15,-24.48,-11.06
205,-0.09,0.52,0.75,14.78,-19.92,-5.31
206,-0.08,0.56,0.69,13.85,-16.24,-2.61
207,-0.07,0.6,0.67,9.66,-14.92,-3.7
208,-0.1,0.62,0.65,3.29,-16.21,-5.87
209,-0.11,0.6,0.69,-2.44,-16.6,-4.42
210,-0.08,0.58,0.71,-5.74,-14.56,-2.5
211,-0.04,0.52,0.74,-9.36,-10.64,-5.8
212,-0.04,0.49,0.8,-6.68,-4.66,-2.79
213,-0.06,0.47,0.8,0.45,-1.85,-1.43
214,-0.08,0.51,0.78,-0.02,-1.27,-3.56
215,-0.1,0.48,0.79,3.83,-1.13,-1.72
216,-0.11,0.49,0.75,8.76,-0.76,2.92
217,-0.11,0.5,0.73,8.68,-4.26,1.63
218,-0.09,0.51,0.77,5.92,-7.18,-2.78
219,-0.1,0.51,0.77,7.66,-7.45,-2.3
220,-0.06,0.51,0.78,8.88,-4.69,-0.86
221,-0.07,0.53,0.78,10.24,-0.73,1.02
222,-0.09,0.55,0.74,10.26,1.66,2.79
223,-0.07,0.55,0.72,8.99,3.09,4.11
224,-0.07,0.56,0.72,8.63,4.38,4.29
225,-0.11,0.56,0.72,9.98,4.96,4.57
226,-0.15,0.56,0.7,8.31,1.78,2.63
227,-0.15,0.55,0.72,6.78,-0.76,2.12
228,-0.13,0.55,0.75,7.67,-3.74,2.06
229,-0.09,0.58,0.75,10.4,-5.31,2.14
230,-0.09,0.6,0.73,12.47,-7.06,0.29
231,-0.1,0.61,0.72,11.49,-8.77,-0.72
232,-0.09,0.63,0.73,7.27,-10.6,-3.23
233,-0.1,0.64,0.73,5.44,-11.31,-3.9
234,-0.1,0.63,0.73,3.49,-11.66,-4.81
235,-0.07,0.64,0.73,-0.11,-9.93,-6.11
236,-0.08,0.64,0.74,-1.84,-7.44,-6.34
237,-0.08,0.64,0.72,-3.22,-6.38,-7.76
238,-0.14,0.62,0.72,-6.29,-9.01,-9.4
239,-0.14,0.61,0.74,-9.2,-12.3,-9.15
240,-0.13,0.58,0.78,-9.47,-16.84,-11.56
241,-0.12,0.54,0.83,-6.97,-20.69,-13.92
242,-0.12,0.54,0.87,-3.54,-22.44,-15.58
243,-0.1,0.55,0.88,0.56,-19.57,-15.71
244,-0.1,0.56,0.88,5.11,-15.36,-14.11
245,-0.14,0.6,0.86,4.75,-14.02,-14.92
246,-0.16,0.61,0.85,4.18,-16.38,-16.91
247,-0.19,0.58,0.86,4.39,-19.49,-19.16
248,-0.22,0.57,0.89,0.54,-27.56,-21.57
249,-0.17,0.52,0.91,-1.24,-31.58,-24.84
250,-0.13,0.45,0.94,0.76,-33.6,-26.37
251,-0.08,0.4,0.95,2.02,-28.47,-23.17
252,-0.03,0.33,0.96,5.85,-15.02,-15.0
253,-0.04,0.31,0.93,12.56,4.55,-2.6
254,-0.04,0.31,0.86,22.43,27.62,14.48
255,-0.07,0.39,0.71,28.95,43.69,31.1
256,-0.1,0.47,0.59,34.85,48.27,39.12
257,-0.18,0.58,0.42,35.47,38.6,37.95
258,-0.24,0.66,0.31,30.6,15.38,28.69
259,-0.23,0.68,0.28,23.85,-13.34,16.84
260,-0.16,0.64,0.27,18.75,-44.9,3.78
261,-0.12,0.57,0.29,16.27,-74.34,-9.45
262,-0.07,0.45,0.35,14.55,-94.88,-21.53
263,-0.0,0.3,0.35,18.44,-101.68,-23.24
264,-0.01,0.17,0.33,21.56,-101.75,-17.34
265,-0.02,0.05,0.29,20.3,-99.45,-8.2
266,-0.01,-0.09,0.28,23.31,-96.25,7.55
267,0.04,-0.23,0.23,24.53,-80.55,35.21
268,0.07,-0.36,0.15,22.46,-75.98,64.95
269,0.13,-0.43,0.1,21.58,-69.76,88.97
270,0.22,-0.51,-0.06,21.12,-73.06,115.4
271,0.34,-0.71,-0.24,26.58,-59.6,138.85
272,0.48,-1.0,-0.36,53.01,-60.72,156.51
273,0.63,-1.24,-0.56,96.6,-88.66,151.51
274,0.81,-1.35,-0.82,151.26,-128.87,111.34
275,0.91,-1.38,-1.15,217.56,-161.7,66.89
276,1.11,-1.25,-1.62,250.13,-139.66,36.04
277,1.32,-0.86,-2.0,250.13,-69.13,55.07
278,1.09,-0.18,-2.0,250.13,13.65,86.56
279,0.74,0.83,-2.0,199.56,63.6,80.58
280,1.03,1.87,-2.0,-56.98,161.45,35.73
281,1.5,2.0,-2.0,-250.14,250.13,-30.56
282,1.66,1.96,-2.0,-250.14,250.13,-121.86
283,1.35,0.91,-2.0,-250.14,250.13,-250.14
284,-0.39,-0.51,-1.94,-250.14,-24.69,-250.14
285,-0.91,-2.0,1.44,-250.14,-250.14,-250.14
286,0.8,-2.0,2.0,-250.14,-195.22,-66.75
287,-0.0,-2.0,2.0,-250.14,6.81,-160.24
288,-1.05,-2.0,2.0,-250.14,75.56,-143.8
289,-1.56,-1.03,2.0,-250.14,58.5,-179.27
290,-1.85,-1.2,2.0,-190.26,17.23,-159.8
291,-1.36,-1.21,2.0,-124.08,27.19,-145.15
292,-1.18,-0.71,2.0,-86.79,83.27,-128.49
293,-1.28,-0.24,2.0,-48.37,143.49,-94.94
294,-1.91,0.15,2.0,-19.04,166.22,-40.63
295,-1.44,0.17,2.0,3.85,142.08,-35.05
296,-1.92,0.45,1.9,43.59,132.94,78.6
297,-2.0,1.89,0.86,146.05,85.3,250.13
298,-2.0,2.0,0.1,-69.23,-90.05,250.13
299,-0.73,1.03,1.33,-250.14,-250.14,-61.2
300,1.36,-0.24,2.0,-250.14,-250.14,-250.14
301,2.0,-1.0,2.0,-166.21,-159.41,-83.69
302,2.0,-1.25,2.0,23.85,19.07,48.74
303,1.3,-0.51,1.78,93.63,117.31,84.94
304,0.42,0.01,1.19,99.12,156.69,85.67
305,-0.2,0.15,0.74,75.15,126.94,48.05
306,-0.55,0.18,0.56,33.21,62.08,13.95
307,-0.51,0.12,0.54,7.84,3.69,-16.84
308,-0.27,0.05,0.67,-5.79,-10.79,-14.68
309,-0.14,0.01,0.76,-15.38,-10.61,-17.27
310,-0.02,-0.04,0.9,-7.69,-4.04,-24.59
311,-0.08,0.09,0.72,-9.45,23.31,-7.16
312,-0.22,0.23,0.68,-21.32,29.02,-2.01
313,-0.36,0.3,0.64,-31.02,7.99,-6.11
314,-0.41,0.33,0.68,-42.38,-16.59,-12.63
315,-0.34,0.26,0.83,-56.92,-40.6,-18.34
316,-0.22,0.21,0.91,-63.99,-47.17,-14.02
317,-0.11,0.06,1.08,-65.05,-49.65,-13.47
318,-0.03,-0.11,1.24,-54.95,-46.02,-12.62
319,0.1,-0.18,1.26,-35.83,-34.7,-0.88
320,0.12,-0.14,1.22,-17.19,-18.31,7.28
321,0.11,-0.1,1.16,-10.05,-6.01,9.08
322,0.06,-0.03,1.08,-7.92,-1.96,5.99
323,0.03,-0.03,1.07,-6.21,-2.94,0.36
324,0.01,-0.02,1.02,-5.27,-2.66,-0.61
325,-0.01,0.02,0.98,-8.32,-3.45,0.14
326,-0.01,0.05,0.94,-9.93,-3.54,-1.4
327,-0.04,0.06,0.92,-15.04,-5.31,-4.82
328,-0.06,0.05,0.91,-18.84,-8.76,-4.0
329,-0.07,0.01,0.93,-21.27,-14.69,-6.11
330,-0.03,-0.02,0.96,-21.82,-17.49,-6.24
331,0.03,-0.06,1.01,-20.05,-18.49,-8.2
332,0.06,-0.07,1.02,-13.66,-14.44,-7.92
333,0.08,-0.07,1.05,-7.82,-8.37,-6.82
334,0.04,-0.03,1.03,-5.24,-1.82,-4.17
335,0.02,-0.01,1.01,-6.89,2.53,-3.67
336,0.0,-0.02,1.01,-6.21,5.69,-3.08
337,-0.03,-0.01,1.0,-5.66,7.33,-1.83
338,-0.06,0.0,0.99,-6.32,5.27,-1.69
339,-0.07,-0.01,0.98,-6.55,1.24,-1.01
340,-0.06,-0.02,0.97,-5.6,-1.09,1.5
341,-0.05,0.01,0.99,-6.15,-6.15,0.32
342,-0.03,0.02,0.99,-7.28,-10.29,-1.27
343,-0.01,0.01,0.99,-8.76,-13.16,-3.23
344,0.03,0.0,1.01,-10.12,-13.65,-6.17
345,0.05,-0.02,1.02,-9.69,-6.42,-5.82
346,0.05,-0.02,1.02,-10.05,1.5,-2.47
347,0.05,-0.04,1.02,-12.7,10.0,-1.36
348,0.06,-0.05,1.04,-11.15,18.83,-0.16
349,0.04,-0.04,1.03,-7.21,27.15,2.97
350,-0.04,-0.02,0.98,-7.6,27.77,2.83
351,-0.09,-0.02,0.97,-9.15,22.71,1.47
352,-0.11,-0.03,0.97,-9.7,13.42,-0.23
353,-0.11,-0.04,0.96,-6.95,6.81,-1.62
354,-0.09,-0.05,0.98,-7.9,-1.4,-2.44
355,-0.08,-0.06,0.99,-8.34,-7.03,-3.89
356,-0.04,-0.07,1.03,-7.83,-9.08,-3.19
357,-0.01,-0.06,0.98,-8.16,-5.68,-4.61
358,0.02,-0.03,1.01,-8.32,-4.02,-5.03
359,0.02,-0.06,1.02,-4.25,0.11,-1.67
360,-0.03,-0.04,0.98,-4.04,1.44,-0.15
361,-0.03,-0.02,0.97,-5.61,0.24,-0.64
362,-0.02,-0.02,0.96,-7.33,-1.89,-5.25
363,-0.01,-0.05,1.0,-5.82,-0.46,-8.11
364,-0.02,-0.06,1.01,-3.64,0.08,-6.26
365,-0.03,-0.03,0.98,-3.45,0.0,-4.21
366,-0.04,-0.05,0.99,-4.87,-1.02,-6.52
367,0.0,-0.06,1.01,-1.78,-1.95,-7.65
368,-0.01,-0.05,0.99,-0.4,-2.51,-7.84
369,-0.03,-0.04,0.98,-1.85,-1.07,-6.83
370,-0.03,-0.04,1.0,-1.69,1.47,-5.55
371,-0.02,-0.03,0.97,-1.62,3.88,-4.68
372,-0.05,-0.01,0.96,-3.42,5.5,-4.44
373,-0.07,-0.02,0.95,-5.55,4.34,-5.18
374,-0.09,-0.03,0.95,-6.76,0.5,-4.98
375,-0.07,-0.03,0.95,-5.98,-2.92,-6.08
376,-0.07,-0.02,0.96,-5.72,-6.21,-6.84
377,-0.06,-0.04,0.96,-6.11,-6.37,-8.53
378,-0.03,-0.08,1.01,-6.39,-5.91,-8.73
379,-0.02,-0.08,1.01,-3.7,-2.87,-6.47
380,-0.05,-0.05,0.98,-2.87,0.26,-3.46
381,-0.05,-0.03,0.95,-4.45,1.34,-2.69
382,-0.07,-0.02,0.95,-6.47,0.5,-2.31
383,-0.08,-0.01,0.94,-7.87,-1.59,-2.03
384,-0.09,0.0,0.92,-10.1,-3.34,-3.64
385,-0.07,-0.01,0.92,-14.6,-7.47,-5.75
386,-0.06,-0.04,0.96,-15.38,-12.34,-6.3
387,-0.07,-0.05,0.98,-15.36,-13.35,-6.37
388,-0.03,-0.05,0.99,-15.38,-13.65,-5.55
389,-0.01,-0.07,1.0,-14.83,-10.2,-7.23
390,0.0,-0.08,1.01,-13.73,-7.05,-5.79
391,-0.03,-0.09,0.96,-13.4,-2.62,-3.6
392,-0.04,-0.09,0.99,-12.14,-4.92,-4.04
393,-0.0,-0.15,1.06,-8.67,-7.91,-2.86
394,0.02,-0.11,1.06,-2.93,-8.63,-2.67
395,0.03,-0.07,1.03,0.17,-5.79,-2.38
396,0.02,-0.06,1.01,-0.88,-1.35,-2.28
397,0.01,-0.07,1.01,-1.06,2.87,-1.05
398,-0.01,-0.05,0.98,-1.02,3.78,-0.24
399,-0.04,-0.04,0.96,-2.43,1.76,-1.36
400,-0.05,-0.05,0.97,-3.8,-1.35,-1.89
401,-0.04,-0.06,0.97,-5.22,-5.13,-3.12
402,-0.02,-0.08,1.01,-4.29,-7.44,-4.08
403,0.01,-0.08,1.0,-1.58,-3.69,-4.37
404,0.0,-0.07,1.02,-2.47,-6.01,-3.21
405,0.0,-0.06,1.0,-2.44,-5.11,-3.34
406,0.02,-0.06,1.0,-2.23,-3.82,-3.69
407,0.0,-0.05,1.0,-0.47,-2.2,-2.85
408,-0.0,-0.06,0.97,-0.04,-1.65,-2.37
409,-0.02,-0.03,0.95,-1.85,-2.53,-2.15
410,-0.01,-0.03,0.95,-3.11,-3.24,-3.47
411,0.01,-0.05,0.97,-5.09,-4.18,-5.93
412,0.01,-0.07,0.99,-4.26,-3.22,-6.08
413,-0.01,-0.06,0.96,-4.25,-1.02,-4.06
414,-0.02,-0.05,0.95,-6.26,0.46,-3.02
415,-0.01,-0.1,0.98,-5.56,1.82,-3.92
416,-0.03,-0.11,1.01,-2.63,3.06,-3.11
417,-0.07,-0.09,0.97,-0.61,1.24,-1.54
418,-0.06,-0.06,0.96,-1.66,-1.03,-0.91
419,-0.05,-0.05,0.97,-3.61,-3.44,-2.38
420,-0.03,-0.06,0.97,-3.67,-5.4,-3.11
421,-0.02,-0.05,0.97,-4.26,-5.61,-3.47
422,-0.01,-0.05,0.98,-5.71,-3.85,-3.45
423,-0.01,-0.05,0.98,-5.98,-2.55,-2.75
424,-0.0,-0.07,1.0,-5.77,-1.02,-3.1
425,-0.01,-0.07,1.0,-5.37,-0.2,-3.03
426,-0.03,-0.07,0.99,-4.82,-0.78,-2.96
427,-0.02,-0.06,0.98,-6.11,-0.96,-2.59
428,-0.03,-0.07,0.99,-5.71,-0.4,-2.42
429,-0.03,-0.08,1.0,-5.23,-0.55,-2.18
430,-0.02,-0.08,0.99,-4.98,-0.58,-0.68
431,-0.03,-0.07,0.98,-4.56,-0.27,-0.15
432,-0.04,-0.08,0.98,-5.27,-2.18,0.02
433,-0.03,-0.09,1.0,-3.58,-4.02,-0.73
434,-0.01,-0.09,1.0,-1.88,-5.47,-1.85
435,-0.01,-0.08,1.0,-2.16,-6.56,-2.73
436,0.0,-0.07,0.99,-1.95,-5.61,-1.79
437,0.02,-0.07,1.0,-2.49,-4.27,-2.04
438,0.03,-0.06,1.01,-2.39,-1.23,-2.68
439,0.02,-0.06,1.0,-2.26,1.66,-2.24
440,-0.0,-0.06,0.98,-2.71,2.9,-2.02
441,-0.02,-0.07,0.99,-3.02,1.61,-2.4
442,-0.02,-0.06,0.99,-2.98,-0.27,-4.02
443,-0.03,-0.06,0.97,-3.75,-1.76,-4.59
444,-0.04,-0.06,0.98,-4.15,-3.34,-4.24
445,-0.02,-0.06,0.97,-7.44,-2.31,-5.69
446,0.01,-0.07,1.0,-6.29,-1.08,-3.35
447,0.01,-0.05,1.03,-7.13,0.91,-2.15
448,-0.01,-0.06,1.04,-6.04,4.2,-3.06
449,-0.01,-0.08,1.06,-3.54,5.23,-2.34
450,-0.03,-0.07,1.07,-0.55,3.61,-3.4
451,-0.02,-0.06,1.06,2.71,1.78,-4.95
452,-0.04,-0.05,1.03,3.74,1.59,-4.79
453,-0.05,-0.03,1.01,0.86,2.02,-3.56
454,-0.06,-0.03,0.99,-4.4,3.73,-1.92
455,-0.07,-0.05,1.0,-9.17,5.11,-0.9
456,-0.08,-0.06,0.99,-13.61,6.4,0.73
457,-0.06,-0.08,1.0,-15.34,7.78,2.66
458,-0.05,-0.12,1.03,-15.3,8.72,1.37
459,-0.03,-0.15,1.06,-13.34,9.44,0.39
460,-0.0,-0.15,1.05,-8.4,11.81,1.5
461,0.0,-0.11,1.03,-5.44,12.85,0.25
462,-0.0,-0.09,1.01,-4.04,12.15,-2.56
463,-0.03,-0.08,0.99,-4.73,10.98,-5.35
464,-0.04,-0.1,0.97,-6.92,9.11,-5.4
465,-0.03,-0.13,0.97,-5.95,8.84,-3.81
466,-0.03,-0.12,0.98,-4.64,6.52,-3.82
467,-0.02,-0.11,0.95,-5.35,4.76,-4.92
468,-0.02,-0.12,0.94,-5.78,5.15,-3.73
469,-0.03,-0.11,0.94,-3.0,5.6,0.26
470,-0.03,-0.11,0.93,-3.38,4.87,1.29
471,-0.03,-0.11,0.93,-2.52,5.11,3.65
472,-0.04,-0.11,0.91,-1.79,4.07,4.27
473,-0.05,-0.09,0.89,-1.62,1.19,4.6
474,-0.06,-0.05,0.87,-3.58,-2.86,4.24
475,-0.07,-0.05,0.88,-7.4,-7.31,2.9
476,-0.04,-0.06,0.91,-10.04,-11.85,1.4
477,-0.01,-0.07,0.94,-10.42,-15.18,-0.97
478,0.02,-0.07,0.96,-9.53,-15.6,-1.19
479,0.02,-0.1,0.97,-8.63,-13.63,-1.42
480,0.03,-0.07,0.97,-8.56,-11.38,-0.26
481,0.02,-0.06,0.98,-8.96,-8.72,-0.39
482,0.01,-0.07,0.98,-10.23,-7.1,-1.06
483,0.01,-0.06,0.97,-11.81,-6.0,-1.15
484,-0.01,-0.09,0.98,-14.05,-6.92,-1.79
485,-0.01,-0.13,1.0,-8.99,-4.16,-2.98
486,-0.02,-0.14,1.0,-10.01,-4.01,-2.23
487,-0.01,-0.16,1.0,-9.08,-2.48,-0.31
488,-0.05,-0.18,1.02,-6.23,-3.05,-0.12
489,-0.04,-0.15,1.01,-2.46,-4.33,-0.08
490,-0.02,-0.12,1.0,-1.41,-4.11,-1.6
491,-0.03,-0.11,0.98,-1.82,-3.15,-1.94
492,-0.04,-0.11,0.99,-3.15,-3.54,-2.63
493,-0.03,-0.12,0.99,-3.23,-3.71,-2.6
494,-0.05,-0.11,1.0,-1.33,-3.87,-2.69
495,-0.04,-0.11,1.0,-0.51,-4.5,-3.3
496,-0.05,-0.09,0.98,-0.79,-4.08,-3.07
497,-0.04,-0.08,0.98,-2.33,-4.45,-2.75
498,-0.04,-0.07,0.98,-2.22,-4.97,-2.11
499,-0.04,-0.07,0.97,-1.86,-4.84,-0.18
