,accel_x,accel_y,accel_z,gyro_x,gyro_y,gyro_z
0,-0.08,0.05,0.95,-14.93,-20.08,5.98
1,-0.09,0.04,0.97,-18.05,-20.3,10.18
2,-0.06,0.04,0.94,-20.53,-20.5,13.36
3,-0.0,0.08,0.93,-27.27,-21.72,7.92
4,0.05,0.08,0.96,-29.18,-23.53,-0.73
5,0.02,0.04,0.99,-27.52,-24.41,-6.18
6,-0.01,0.01,1.01,-25.05,-23.37,-6.18
7,-0.02,-0.04,1.05,-22.01,-20.69,-4.44
8,-0.01,-0.05,1.06,-15.55,-16.35,0.94
9,-0.03,-0.01,1.01,-12.05,-13.69,5.4
10,-0.04,0.01,0.99,-13.18,-12.69,8.16
11,-0.02,0.02,0.97,-14.02,-13.57,10.02
12,0.03,0.04,0.95,-16.85,-13.98,5.75
13,0.1,0.05,0.98,-18.02,-13.28,-1.08
14,0.03,0.02,1.0,-15.5,-12.57,-4.82
15,-0.0,-0.03,1.02,-14.23,-11.53,-4.18
16,0.01,-0.02,1.0,-10.95,-9.98,-1.21
17,0.0,-0.0,0.99,-9.37,-10.57,-3.04
18,0.01,-0.01,0.99,-8.53,-11.48,-4.26
19,0.0,-0.02,1.01,-6.95,-12.14,-5.19
20,0.0,-0.02,1.01,-5.18,-12.24,-4.4
21,0.02,-0.02,1.01,-4.37,-10.02,-3.72
22,0.05,-0.01,1.02,-3.76,-6.95,-4.37
23,0.08,-0.01,1.02,-2.3,-2.35,-3.98
24,0.04,0.0,0.99,-0.16,0.24,-1.83
25,-0.0,0.02,0.96,-2.13,-0.08,-1.46
26,0.0,0.01,0.96,-5.2,-1.56,-3.09
27,0.01,0.01,0.98,-5.15,-3.48,-3.45
28,-0.0,0.0,0.98,-5.85,-5.19,-3.79
29,0.0,-0.03,1.0,-5.82,-4.97,-4.59
30,0.02,-0.05,1.04,-2.69,-4.73,-4.15
31,0.03,-0.04,1.03,2.26,-3.44,-4.15
32,0.03,-0.02,1.01,2.89,-1.85,-4.92
33,0.04,-0.01,1.0,3.23,-0.41,-4.81
34,0.03,-0.01,1.0,2.75,1.49,-4.52
35,0.06,0.0,0.99,1.56,4.76,-3.83
36,0.04,0.01,1.0,3.02,6.73,-3.67
37,0.03,0.02,0.99,4.61,6.39,-3.63
38,-0.0,0.03,0.96,2.89,3.53,-4.43
39,0.01,0.04,0.95,0.5,2.23,-5.53
40,0.0,0.04,0.95,-0.98,1.24,-5.47
41,0.0,0.04,0.94,-3.05,-0.19,-5.63
42,0.0,0.04,0.94,-5.66,-1.76,-5.75
43,0.01,0.03,0.94,-8.08,-2.93,-6.67
44,0.0,0.01,0.98,-9.15,-2.83,-6.56
45,-0.0,-0.01,1.0,-9.85,-1.87,-5.31
46,0.01,-0.02,1.0,-9.4,-0.15,-4.47
47,0.01,-0.01,1.01,-9.03,0.92,-5.11
48,0.01,-0.02,1.03,-8.26,1.07,-5.98
49,0.01,-0.03,1.04,-6.44,2.03,-5.91
50,0.02,-0.03,1.05,-3.82,4.28,-5.07
51,0.03,-0.02,1.06,-2.53,6.58,-5.42
52,0.01,-0.03,1.07,-3.4,10.7,-4.68
53,-0.01,-0.0,1.08,-2.82,13.21,-4.21
54,-0.04,0.03,1.08,-2.72,13.31,-2.74
55,-0.05,0.05,1.1,-5.79,11.5,-2.48
56,-0.03,0.07,1.14,-8.59,10.51,-2.32
57,-0.01,0.08,1.2,-9.49,9.24,-2.15
58,0.03,0.09,1.25,-10.46,10.23,-2.53
59,0.02,0.09,1.32,-11.0,12.64,-2.73
60,-0.01,0.06,1.38,-6.77,15.65,-0.91
61,-0.05,0.02,1.41,-0.92,16.76,1.23
62,-0.1,-0.01,1.41,4.95,14.84,4.21
63,-0.14,-0.02,1.44,11.83,10.98,6.21
64,-0.16,-0.03,1.45,17.81,5.18,6.73
65,-0.12,-0.01,1.42,24.08,0.94,7.31
66,-0.13,-0.01,1.43,28.58,-1.48,7.53
67,-0.08,-0.0,1.43,31.82,-3.91,8.47
68,-0.05,0.0,1.43,37.33,-1.79,8.57
69,-0.03,0.0,1.41,40.95,-0.14,8.54
70,-0.01,-0.01,1.4,45.39,5.16,8.77
71,-0.02,-0.01,1.41,48.8,6.15,9.83
72,-0.04,0.0,1.39,54.56,6.93,10.04
73,-0.06,0.03,1.37,61.87,3.88,10.58
74,-0.08,0.06,1.33,68.85,-1.51,7.97
75,-0.06,0.1,1.27,71.82,-6.9,4.34
76,-0.05,0.13,1.22,72.18,-10.56,0.91
77,-0.02,0.19,1.15,72.37,-11.38,-0.56
78,-0.03,0.26,1.06,67.21,-12.05,-2.18
79,-0.03,0.33,0.96,57.38,-12.24,-3.48
80,-0.07,0.32,0.93,43.83,-15.0,-8.86
81,-0.14,0.19,1.03,30.37,-13.47,-11.41
82,-0.2,0.04,1.17,30.04,-15.08,-4.76
83,-0.14,-0.06,1.26,41.57,-11.28,2.76
84,-0.06,-0.07,1.26,56.32,-9.21,3.11
85,-0.05,-0.05,1.25,70.07,-10.24,0.37
86,-0.08,-0.02,1.15,80.38,-12.26,0.08
87,-0.08,0.05,1.06,80.47,-12.46,-1.23
88,-0.06,0.1,1.0,76.36,-8.03,-0.52
89,-0.06,0.15,0.97,70.24,1.67,5.39
90,-0.07,0.17,0.94,62.85,13.5,13.22
91,-0.08,0.2,0.92,54.8,27.04,24.17
92,-0.06,0.25,0.89,48.4,40.71,36.21
93,-0.06,0.31,0.84,39.65,50.67,44.14
94,-0.02,0.37,0.77,28.69,56.18,48.19
95,-0.02,0.43,0.75,17.47,53.57,45.63
96,0.0,0.44,0.73,9.62,42.31,34.89
97,0.03,0.42,0.77,11.87,23.34,17.35
98,-0.05,0.35,0.85,21.14,-3.33,-4.87
99,-0.05,0.27,0.92,34.68,-23.75,-15.37
100,0.02,0.24,0.96,45.24,-29.47,-19.37
101,0.11,0.24,0.93,52.04,-21.59,-16.97
102,0.1,0.27,0.89,53.57,-8.43,-12.85
103,0.05,0.3,0.81,51.54,2.11,-6.44
104,-0.01,0.34,0.72,43.06,7.48,-0.26
105,-0.02,0.38,0.66,29.37,12.45,4.92
106,-0.07,0.4,0.62,16.05,14.73,10.33
107,-0.08,0.41,0.61,2.2,10.4,10.43
108,-0.06,0.39,0.62,-9.03,1.7,4.56
109,-0.03,0.31,0.71,-15.09,-7.34,-3.95
110,-0.01,0.21,0.86,-11.33,-12.12,-8.98
111,-0.02,0.15,0.92,-0.27,-12.53,-7.78
112,0.01,0.15,0.92,9.14,-8.86,-5.36
113,-0.0,0.15,0.88,14.02,-1.95,-1.5
114,-0.02,0.17,0.83,16.69,2.96,3.34
115,-0.04,0.2,0.77,16.24,4.79,6.91
116,-0.01,0.24,0.73,10.33,4.93,7.67
117,0.03,0.27,0.74,5.8,3.2,5.48
118,0.06,0.29,0.74,2.4,1.12,2.56
119,0.12,0.31,0.76,-3.24,0.5,-3.69
120,0.14,0.3,0.81,-4.04,2.13,-7.17
121,0.12,0.28,0.84,-1.37,3.82,-9.33
122,0.1,0.27,0.86,2.56,5.27,-10.34
123,0.06,0.27,0.85,6.66,6.47,-9.5
124,0.04,0.26,0.85,9.71,7.08,-8.69
125,0.07,0.29,0.83,11.49,8.57,-9.48
126,0.05,0.31,0.8,12.11,9.18,-10.79
127,0.05,0.31,0.78,8.98,9.76,-12.19
128,0.05,0.32,0.79,3.56,13.58,-12.03
129,0.05,0.3,0.83,0.02,19.24,-11.12
130,0.02,0.29,0.84,2.21,24.27,-8.94
131,-0.03,0.29,0.83,2.99,25.61,-7.5
132,-0.04,0.29,0.83,4.16,23.66,-7.16
133,-0.04,0.28,0.82,3.62,18.07,-10.15
134,-0.06,0.29,0.83,5.89,11.29,-14.36
135,-0.1,0.29,0.82,9.37,3.95,-16.66
136,-0.08,0.3,0.8,7.87,-0.49,-18.95
137,-0.05,0.31,0.82,6.91,-0.06,-21.33
138,-0.12,0.3,0.82,10.28,0.0,-19.58
139,-0.15,0.3,0.77,9.92,-0.56,-13.84
140,-0.08,0.31,0.74,2.42,4.92,-9.65
141,-0.05,0.32,0.77,-4.18,11.53,-6.74
142,-0.08,0.33,0.81,-7.41,14.92,-4.46
143,-0.08,0.33,0.82,-9.5,14.22,-4.88
144,-0.1,0.3,0.88,-5.92,10.01,-6.7
145,-0.06,0.29,0.89,0.96,3.8,-10.93
146,-0.01,0.29,0.88,8.34,-2.6,-17.18
147,-0.03,0.3,0.88,15.85,-7.31,-21.98
148,-0.09,0.33,0.85,22.02,-12.11,-24.54
149,-0.09,0.35,0.8,21.08,-12.6,-22.66
150,-0.03,0.39,0.78,13.33,-4.97,-17.78
151,-0.02,0.41,0.8,5.16,8.53,-10.49
152,-0.05,0.4,0.79,1.49,20.6,-2.66
153,-0.05,0.4,0.78,-3.42,24.95,1.42
154,-0.05,0.41,0.75,-6.65,23.3,-1.66
155,-0.07,0.38,0.78,-7.2,15.0,-6.62
156,-0.08,0.4,0.81,-6.8,5.83,-11.63
157,-0.08,0.35,0.87,-0.93,-1.19,-14.4
158,-0.06,0.35,0.89,2.21,-2.84,-15.5
159,-0.03,0.36,0.88,6.61,1.25,-14.15
160,-0.07,0.35,0.83,10.82,5.6,-10.85
161,-0.11,0.34,0.76,10.31,8.24,-7.99
162,-0.13,0.32,0.72,10.25,7.65,-5.44
163,-0.16,0.29,0.71,12.01,4.17,-3.57
164,-0.16,0.32,0.78,11.2,0.39,-4.22
165,-0.18,0.32,0.83,24.2,-5.93,-3.82
166,-0.13,0.32,0.84,35.51,-10.33,-4.75
167,-0.12,0.33,0.88,47.08,-14.15,-8.08
168,-0.16,0.36,0.86,60.5,-19.62,-8.17
169,-0.17,0.41,0.84,71.08,-27.44,-2.18
170,-0.12,0.5,0.79,70.02,-28.47,1.57
171,-0.07,0.62,0.74,54.02,-21.9,6.08
172,0.05,0.69,0.72,32.91,-7.31,9.56
173,0.14,0.7,0.75,13.5,11.85,9.64
174,0.13,0.63,0.82,-2.58,28.8,9.36
175,0.07,0.56,0.88,-13.69,40.7,9.65
176,0.03,0.51,0.93,-16.94,46.91,10.64
177,-0.01,0.47,0.94,-14.82,49.17,8.27
178,-0.1,0.45,0.92,-11.25,47.39,6.69
179,-0.16,0.46,0.88,-4.6,42.68,6.03
180,-0.21,0.48,0.8,-0.27,33.34,2.36
181,-0.23,0.48,0.76,-1.02,22.84,-1.63
182,-0.24,0.48,0.74,-2.15,12.42,-4.06
183,-0.22,0.49,0.72,-3.0,3.0,-6.06
184,-0.18,0.49,0.72,-6.06,-5.25,-10.15
185,-0.16,0.47,0.76,-6.02,-9.79,-13.91
186,-0.13,0.44,0.77,-3.05,-9.77,-12.08
187,-0.11,0.45,0.73,-4.41,-5.1,-5.77
188,-0.14,0.44,0.73,-8.71,0.53,-3.19
189,-0.13,0.42,0.74,-12.22,6.23,-1.6
190,-0.14,0.37,0.73,-9.78,11.98,1.58
191,-0.17,0.35,0.74,-7.91,13.35,5.24
192,-0.18,0.37,0.73,-4.69,15.38,7.92
193,-0.18,0.41,0.77,0.5,13.57,8.04
194,-0.23,0.49,0.73,9.34,3.27,4.23
195,-0.27,0.55,0.7,11.76,-12.24,-0.76
196,-0.23,0.6,0.73,8.92,-25.63,-6.1
197,-0.16,0.63,0.73,4.86,-32.05,-8.96
198,-0.11,0.63,0.78,-3.12,-31.44,-10.24
199,-0.07,0.63,0.82,-10.74,-26.98,-9.34
200,-0.02,0.61,0.87,-19.93,-17.98,-7.31
201,-0.0,0.57,0.94,-27.39,-8.49,-7.47
202,0.01,0.48,1.02,-26.91,0.94,-6.14
203,0.01,0.4,1.07,-21.36,9.12,-5.4
204,-0.03,0.38,1.08,-13.33,13.79,-4.99
205,-0.09,0.37,1.05,-1.54,12.47,-6.01
206,-0.14,0.39,0.95,5.13,7.77,-7.96
207,-0.19,0.4,0.89,7.6,0.95,-9.25
208,-0.17,0.42,0.85,8.28,-4.31,-9.05
209,-0.18,0.43,0.85,7.45,-10.81,-13.11
210,-0.21,0.43,0.83,8.23,-14.6,-11.68
211,-0.17,0.44,0.81,4.18,-14.63,-9.44
212,-0.13,0.42,0.84,-0.17,-13.05,-9.51
213,-0.12,0.4,0.89,0.2,-10.4,-7.79
214,-0.11,0.38,0.9,3.96,-8.63,-5.15
215,-0.11,0.39,0.9,7.74,-9.5,-4.83
216,-0.12,0.4,0.91,11.39,-10.36,-5.76
217,-0.11,0.42,0.9,13.44,-16.0,-4.35
218,-0.1,0.46,0.89,18.68,-16.15,-6.37
219,-0.08,0.51,0.85,20.8,-17.5,-10.82
220,-0.1,0.54,0.84,19.09,-20.63,-13.41
221,-0.1,0.56,0.81,17.52,-19.02,-12.39
222,-0.08,0.56,0.79,9.91,-15.79,-12.85
223,-0.07,0.53,0.79,5.16,-10.5,-11.42
224,-0.1,0.5,0.82,0.72,-8.6,-8.11
225,-0.12,0.51,0.81,-5.55,-2.79,-6.45
226,-0.1,0.5,0.85,-7.95,-1.74,-5.98
227,-0.12,0.48,0.88,-5.91,-3.08,-6.38
228,-0.12,0.45,0.89,-4.69,-4.47,-6.44
229,-0.1,0.44,0.9,-2.96,-4.59,-7.25
230,-0.09,0.45,0.89,1.41,-1.67,-5.62
231,-0.11,0.45,0.87,4.9,-1.35,-4.56
232,-0.13,0.47,0.82,5.73,-3.23,-4.73
233,-0.14,0.51,0.82,5.0,-6.44,-6.23
234,-0.14,0.52,0.79,2.3,-9.03,-7.83
235,-0.14,0.51,0.81,-1.72,-10.86,-7.24
236,-0.09,0.49,0.84,-4.46,-9.78,-6.27
237,-0.06,0.48,0.88,-7.22,-5.68,-6.97
238,-0.05,0.44,0.92,-6.11,1.45,-3.79
239,-0.09,0.42,0.93,-1.6,6.56,-0.76
240,-0.12,0.47,0.89,2.71,5.6,-1.7
241,-0.14,0.5,0.83,3.36,2.92,-2.67
242,-0.17,0.51,0.81,1.35,-2.0,-4.92
243,-0.2,0.51,0.8,1.0,-8.08,-6.15
244,-0.17,0.5,0.81,-2.08,-14.04,-7.11
245,-0.13,0.49,0.85,-4.69,-15.85,-8.38
246,-0.08,0.45,0.92,-3.92,-13.39,-8.04
247,-0.04,0.44,0.93,-1.51,-8.67,-5.87
248,-0.04,0.45,0.92,-0.56,-3.47,-5.83
249,-0.05,0.44,0.9,0.6,1.68,-4.71
250,-0.1,0.44,0.88,1.31,6.77,-1.98
251,-0.15,0.47,0.84,2.03,8.13,0.73
252,-0.2,0.49,0.79,3.12,6.47,2.76
253,-0.21,0.51,0.76,1.38,-1.48,0.57
254,-0.22,0.54,0.76,0.2,-11.64,-4.55
255,-0.22,0.54,0.8,-0.84,-21.68,-8.47
256,-0.13,0.51,0.84,-3.63,-22.85,-6.56
257,-0.04,0.47,0.94,-5.39,-17.96,-6.5
258,-0.02,0.43,1.0,-0.39,-10.44,-4.2
259,-0.01,0.43,0.99,3.2,-1.28,-1.32
260,-0.01,0.44,0.98,3.05,6.17,-0.51
261,-0.06,0.43,0.96,6.28,8.38,-1.15
262,-0.12,0.44,0.92,10.22,7.99,-1.56
263,-0.19,0.46,0.86,12.19,4.94,-0.2
264,-0.22,0.48,0.8,13.63,-3.0,0.02
265,-0.25,0.51,0.74,12.24,-15.22,-2.73
266,-0.19,0.52,0.74,5.51,-23.57,-5.52
267,-0.2,0.5,0.8,3.95,-32.02,-8.64
268,-0.15,0.47,0.8,3.56,-36.02,-7.17
269,-0.1,0.46,0.82,1.82,-33.69,-3.89
270,-0.04,0.44,0.85,-2.53,-27.47,-0.53
271,-0.01,0.4,0.91,0.18,-18.62,2.53
272,-0.02,0.41,0.91,5.05,-12.64,5.09
273,-0.03,0.41,0.88,10.82,-7.1,7.44
274,-0.07,0.46,0.82,16.95,-7.7,7.99
275,-0.11,0.52,0.76,19.85,-12.74,8.79
276,-0.03,0.57,0.71,14.6,-18.31,7.34
277,0.05,0.6,0.74,9.98,-20.95,1.42
278,0.11,0.61,0.75,6.95,-20.04,-2.92
279,0.14,0.65,0.77,3.36,-16.18,-6.14
280,0.14,0.69,0.77,-1.15,-10.4,-7.56
281,0.16,0.74,0.76,-1.37,-0.41,-6.73
282,0.22,0.72,0.74,0.18,16.39,-4.15
283,0.24,0.71,0.68,0.18,37.34,1.58
284,0.18,0.73,0.6,-3.54,53.5,7.76
285,0.04,0.78,0.54,-12.69,50.96,5.63
286,-0.02,0.75,0.53,-20.53,47.4,-0.21
287,-0.09,0.64,0.53,-27.69,36.44,-7.65
288,-0.2,0.51,0.56,-31.73,24.31,-10.98
289,-0.28,0.46,0.59,-33.76,2.16,-15.48
290,-0.28,0.4,0.64,-32.75,-21.12,-26.12
291,-0.28,0.33,0.8,-29.3,-40.56,-33.42
292,-0.25,0.25,0.89,-14.99,-52.55,-29.24
293,-0.11,0.23,0.93,-1.24,-56.78,-26.28
294,-0.01,0.19,0.96,12.67,-54.99,-24.5
295,0.04,0.12,0.92,27.29,-47.44,-18.7
296,0.06,0.07,0.8,37.35,-32.47,-7.51
297,0.07,-0.01,0.64,47.42,-12.54,10.57
298,0.18,-0.09,0.41,53.82,14.94,30.1
299,0.28,-0.17,0.17,53.34,48.82,49.98
300,0.27,-0.2,-0.05,49.47,76.12,67.32
301,0.21,-0.21,-0.2,43.59,85.7,75.52
302,0.19,-0.21,-0.33,39.07,86.38,80.06
303,0.22,-0.26,-0.44,39.12,83.66,82.83
304,0.22,-0.35,-0.59,51.0,85.54,91.44
305,0.05,-0.44,-0.78,55.5,65.1,104.53
306,0.02,-0.46,-1.05,82.89,35.02,106.6
307,-0.01,-0.41,-1.45,78.33,9.02,108.71
308,0.13,-0.37,-1.78,66.98,-12.42,98.56
309,0.2,-0.29,-2.0,16.61,-38.58,79.31
310,0.09,-0.17,-2.0,-46.53,-57.02,50.8
311,0.09,0.01,-2.0,-132.78,-52.95,41.56
312,0.26,0.09,-2.0,-208.74,-49.62,41.82
313,0.4,0.44,-1.73,-250.14,-73.49,0.4
314,0.67,0.8,-1.28,-250.14,-66.11,-28.83
315,0.74,1.08,-0.6,-250.14,-68.16,-72.59
316,0.65,0.66,0.27,-250.14,-74.88,-130.11
317,0.45,-0.38,1.68,-250.14,-50.45,-153.92
318,0.3,-1.55,2.0,-250.14,-5.29,-116.4
319,-0.05,-2.0,2.0,-250.14,19.65,-89.26
320,-0.27,-2.0,2.0,-250.14,24.68,-55.07
321,-0.33,-1.84,2.0,-200.45,14.44,-52.33
322,-0.16,-1.38,2.0,-178.7,23.19,-45.53
323,-0.01,-1.01,2.0,-154.32,58.27,-31.37
324,-0.13,-0.68,2.0,-123.44,88.66,-14.51
325,-0.31,-0.51,2.0,-93.37,100.95,-3.61
326,-0.25,-0.59,2.0,-64.02,100.18,-16.26
327,-0.44,-0.72,2.0,-21.27,86.27,-30.7
328,-0.7,-0.72,2.0,15.43,74.25,-24.55
329,-0.88,-0.63,2.0,32.6,63.38,-6.01
330,-0.96,-0.49,1.9,35.19,45.31,11.46
331,-0.82,-0.3,1.61,35.51,29.63,20.56
332,-0.69,-0.04,1.4,24.9,20.69,28.2
333,-0.49,0.16,1.27,15.96,2.5,28.82
334,-0.24,0.29,1.21,2.84,-16.89,17.5
335,-0.16,0.24,1.27,-2.63,-35.47,2.44
336,-0.1,0.11,1.31,1.2,-41.79,-3.27
337,-0.03,0.02,1.31,3.78,-38.15,-4.23
338,-0.02,-0.08,1.3,7.47,-29.62,-0.94
339,-0.02,-0.12,1.27,7.89,-22.26,3.79
340,-0.01,-0.14,1.24,9.98,-17.44,4.6
341,-0.04,-0.14,1.2,16.79,-18.99,3.18
342,-0.14,-0.1,1.12,24.64,-25.36,4.27
343,-0.16,-0.07,1.03,30.72,-29.77,7.36
344,-0.06,0.03,0.92,22.23,-29.51,3.23
345,-0.01,0.06,0.9,11.31,-25.59,-0.98
346,0.04,0.01,0.96,3.07,-17.11,-1.79
347,0.09,-0.02,0.99,0.27,-5.79,0.69
348,0.09,-0.02,0.96,1.69,-0.94,-1.23
349,0.02,-0.01,0.91,-0.98,-1.63,-4.93
350,-0.05,-0.05,0.91,-2.59,-4.79,-7.49
351,-0.12,-0.11,0.94,-2.7,-12.4,-12.07
352,-0.16,-0.14,0.97,-0.53,-18.25,-13.27
353,-0.11,-0.15,0.98,-2.07,-18.95,-12.37
354,-0.07,-0.13,0.99,-6.76,-13.52,-9.1
355,-0.03,-0.14,1.03,-11.48,-4.86,-3.63
356,0.01,-0.15,1.09,-13.16,4.06,0.7
357,0.0,-0.16,1.13,-10.51,13.09,6.28
358,-0.04,-0.14,1.12,-6.38,18.0,10.79
359,-0.06,-0.13,1.08,-4.05,17.17,9.95
360,-0.11,-0.12,1.07,-0.43,9.56,5.66
361,-0.1,-0.13,1.06,4.59,1.08,1.47
362,-0.05,-0.13,1.08,9.53,-4.67,-2.77
363,-0.05,-0.12,1.06,12.56,-8.63,-7.08
364,-0.01,-0.12,1.03,13.08,-6.02,-6.21
365,0.02,-0.07,0.99,12.9,-0.69,-2.31
366,-0.0,-0.03,0.94,8.35,5.22,-0.73
367,-0.02,-0.01,0.91,2.44,7.41,0.56
368,-0.05,-0.01,0.89,-3.45,4.62,-0.23
369,-0.05,-0.03,0.93,-7.85,1.57,-2.17
370,-0.03,-0.07,0.96,-7.2,-1.57,-3.1
371,-0.05,-0.07,0.98,-5.28,-4.09,-3.97
372,-0.03,-0.09,0.99,-5.24,-4.4,-4.36
373,-0.03,-0.13,1.03,-3.08,-5.21,-5.25
374,-0.02,-0.13,1.04,0.82,-6.03,-4.76
375,-0.01,-0.11,1.02,2.42,-3.8,-4.78
376,-0.01,-0.09,1.0,-0.05,-1.22,-3.64
377,0.02,-0.08,1.0,-1.52,0.53,-3.92
378,-0.03,-0.08,1.0,-0.55,-0.78,-5.05
379,-0.04,-0.1,1.0,0.16,-5.69,-6.81
380,-0.04,-0.11,1.02,2.62,-8.74,-8.79
381,-0.05,-0.12,1.01,4.01,-8.26,-7.99
382,-0.06,-0.11,1.0,4.61,-7.24,-6.16
383,-0.05,-0.09,0.99,4.98,-6.88,-5.9
384,-0.03,-0.07,0.97,5.21,-6.5,-6.72
385,-0.05,-0.08,0.97,4.78,-5.97,-6.16
386,-0.06,-0.07,0.96,4.32,-5.12,-3.76
387,-0.06,-0.06,0.97,2.5,-4.08,-2.79
388,-0.07,-0.08,0.97,3.85,-4.98,-2.67
389,-0.08,-0.06,0.96,2.89,-8.49,-6.57
390,-0.08,-0.06,0.95,0.98,-9.76,-8.77
391,-0.04,-0.05,0.95,-1.45,-7.72,-6.77
392,-0.05,-0.05,0.95,-4.24,-3.08,-4.03
393,-0.04,-0.04,0.96,-6.66,-3.05,-3.38
394,-0.05,-0.05,0.98,-7.47,-4.82,-5.24
395,-0.05,-0.08,1.0,-7.24,-6.85,-5.21
396,-0.04,-0.08,1.01,-6.41,-9.05,-5.99
397,-0.04,-0.11,1.02,-3.95,-10.27,-5.29
398,-0.04,-0.1,1.01,-3.6,-9.96,-4.95
399,-0.01,-0.09,1.0,-2.5,-10.33,-5.44
400,-0.01,-0.08,1.0,0.11,-11.31,-7.14
401,-0.01,-0.08,0.99,1.18,-10.34,-6.19
402,0.01,-0.06,0.97,-0.78,-6.7,-5.14
403,-0.01,-0.05,0.96,-3.46,-3.0,-1.78
404,-0.03,-0.05,0.95,-6.35,-1.66,-0.11
405,-0.03,-0.07,0.95,-8.93,0.3,0.61
406,-0.02,-0.08,0.98,-9.62,1.22,-0.17
407,-0.04,-0.11,1.0,-6.63,-0.44,-0.93
408,-0.04,-0.1,0.99,-5.09,-2.89,-1.78
409,-0.02,-0.1,0.99,-3.51,-4.4,-2.58
410,0.0,-0.08,0.98,-1.89,-5.69,-4.9
411,-0.0,-0.08,1.0,-1.31,-3.86,-4.77
412,-0.0,-0.08,0.98,-1.49,-0.02,-2.71
413,-0.02,-0.06,0.96,-3.11,2.32,-0.92
414,-0.03,-0.06,0.95,-4.11,2.85,-0.58
415,-0.04,-0.05,0.96,-6.04,1.93,-1.08
416,-0.04,-0.06,0.94,-8.67,0.6,-1.66
417,-0.04,-0.08,0.96,-10.37,0.58,-2.93
418,-0.02,-0.11,1.02,-8.71,-0.07,-1.89
419,-0.01,-0.12,1.02,-3.54,-1.3,-1.76
420,-0.01,-0.11,1.02,-0.83,-3.57,-3.87
421,-0.02,-0.1,1.0,0.82,-3.39,-4.03
422,-0.04,-0.08,0.97,-0.34,-3.08,-3.09
423,-0.04,-0.08,0.97,-2.88,-2.26,-2.87
424,-0.03,-0.1,1.0,-2.25,-0.92,-2.11
425,-0.03,-0.1,1.0,-0.33,1.02,0.16
426,-0.02,-0.06,0.97,-1.41,2.53,1.43
427,-0.05,-0.08,0.97,-1.41,1.47,-0.03
428,-0.03,-0.07,0.97,-2.5,0.53,0.6
429,-0.05,-0.06,0.96,-3.45,-3.37,-1.56
430,-0.06,-0.07,0.97,-4.85,-5.0,-1.97
431,-0.04,-0.08,0.97,-6.34,-5.22,-1.42
432,-0.04,-0.1,0.99,-5.98,-4.81,-1.43
433,-0.02,-0.11,1.01,-3.61,-4.91,-1.42
434,-0.01,-0.1,1.0,-0.97,-5.5,-2.21
435,-0.0,-0.1,1.02,0.35,-4.53,-2.64
436,0.02,-0.09,1.01,0.34,-0.95,-0.92
437,0.0,-0.09,1.01,1.11,2.38,0.67
438,-0.02,-0.09,0.98,0.93,2.06,0.01
439,-0.03,-0.08,0.98,0.89,0.44,-0.56
440,-0.03,-0.08,0.96,0.11,-1.69,-1.44
441,-0.04,-0.08,0.96,-0.76,-3.27,-2.08
442,-0.01,-0.06,0.96,-1.1,-3.92,-2.45
443,-0.02,-0.07,0.99,-0.02,-4.73,-2.96
444,-0.02,-0.07,0.98,-1.13,-4.35,-3.39
445,0.0,-0.06,0.99,-1.22,-4.68,-4.4
446,0.01,-0.07,0.99,0.58,-2.63,-2.55
447,-0.01,-0.05,0.96,0.31,-1.19,-1.32
448,-0.02,-0.05,0.95,-2.34,-1.52,-2.3
449,-0.01,-0.08,0.98,-3.07,-1.07,-1.77
450,-0.01,-0.08,0.98,-1.14,-0.56,-0.86
451,-0.03,-0.08,0.98,-2.51,-0.95,-1.85
452,-0.03,-0.09,0.99,-3.22,-2.08,-1.84
453,-0.02,-0.09,0.99,-2.15,-3.14,-2.44
454,-0.02,-0.09,1.01,-0.96,-3.76,-2.82
455,-0.02,-0.08,0.99,-0.62,-2.85,-1.75
456,-0.0,-0.07,0.98,-1.16,-1.5,-1.31
457,0.0,-0.06,0.99,-1.31,-1.33,-1.44
458,-0.01,-0.07,0.97,-1.09,-1.61,-2.01
459,-0.01,-0.07,0.99,-1.33,-2.76,-2.6
460,-0.01,-0.07,0.98,-0.26,-3.24,-2.34
461,-0.01,-0.07,0.98,-0.99,-2.99,-3.13
462,0.01,-0.07,0.99,-2.12,-1.49,-2.31
463,0.01,-0.07,1.0,-1.05,-1.05,-2.18
464,-0.01,-0.08,0.99,-1.08,0.09,-1.66
465,-0.0,-0.08,1.0,-0.9,0.96,-0.77
466,-0.02,-0.07,0.98,-0.22,0.04,-1.31
467,-0.02,-0.07,0.99,-0.81,-1.62,-2.42
468,-0.01,-0.08,0.99,-0.92,-1.58,-2.97
469,-0.0,-0.08,0.99,-1.22,0.38,-1.37
470,0.01,-0.08,1.0,-1.76,1.4,-1.07
471,0.02,-0.06,0.99,0.02,1.7,-1.45
472,0.0,-0.06,0.98,0.74,1.37,-2.09
473,-0.03,-0.06,0.97,-0.21,1.12,-2.63
474,-0.02,-0.06,0.97,-1.56,1.47,-2.19
475,-0.02,-0.05,0.96,-1.85,1.05,-1.73
476,-0.04,-0.06,0.97,-3.05,-0.43,-2.65
477,-0.02,-0.08,1.0,-2.4,-1.57,-2.54
478,-0.02,-0.08,1.0,-0.53,-1.31,-2.49
479,-0.03,-0.09,0.99,-0.21,-0.14,-1.43
480,-0.02,-0.08,0.99,0.53,0.32,-0.46
481,-0.02,-0.07,0.97,0.4,0.31,-0.56
482,-0.03,-0.06,0.97,-0.28,-0.85,-1.47
483,-0.02,-0.05,0.98,-1.36,-1.54,-2.72
484,-0.03,-0.06,0.97,-2.34,-1.38,-2.57
485,-0.01,-0.05,0.97,-2.6,-1.21,-2.17
486,-0.03,-0.07,0.99,-3.08,-1.34,-2.73
487,-0.0,-0.08,0.99,-2.16,-0.15,-1.21
488,-0.01,-0.08,0.99,-1.62,0.42,-1.12
489,0.0,-0.07,0.99,-1.43,0.36,-1.83
490,-0.0,-0.07,0.98,-0.8,-0.13,-2.25
491,-0.0,-0.06,0.97,-1.59,-0.98,-3.82
492,-0.02,-0.07,0.98,-1.79,-1.05,-3.78
493,-0.03,-0.07,0.98,-1.73,-0.85,-2.77
494,-0.02,-0.06,0.98,-2.26,-0.69,-2.15
495,-0.02,-0.06,0.98,-2.11,-2.04,-2.5
496,0.0,-0.06,0.99,-1.47,-2.78,-3.9
497,0.0,-0.06,0.99,-1.06,-2.39,-4.5
498,0.0,-0.05,0.98,-1.91,-1.63,-4.59
499,-0.01,-0.06,0.99,-2.4,-1.09,-4.77
500,-0.01,-0.07,1.0,-2.6,-0.14,-4.2
