,accel_x,accel_y,accel_z,gyro_x,gyro_y,gyro_z
0,-0.02,-0.18,0.96,-2.22,2.66,3.05
1,-0.05,-0.18,0.96,-3.25,1.06,2.63
2,-0.06,-0.2,0.98,-2.75,-1.23,0.56
3,-0.03,-0.2,0.98,-2.09,-1.42,-0.87
4,-0.03,-0.2,0.97,-2.06,-2.07,-2.21
5,-0.03,-0.2,0.98,-2.23,-2.82,-3.56
6,-0.03,-0.19,0.97,-2.26,-3.11,-3.78
7,-0.02,-0.18,0.96,-2.85,-2.04,-2.71
8,-0.02,-0.18,0.97,-3.53,-1.05,-1.94
9,-0.01,-0.19,0.98,-2.12,-0.51,-0.35
10,-0.02,-0.19,0.97,-1.54,-0.42,-1.92
11,-0.03,-0.19,0.96,-1.92,-1.02,-2.39
12,-0.04,-0.19,0.96,-2.6,-2.11,-2.62
13,-0.03,-0.19,0.95,-2.88,-1.65,-1.26
14,-0.03,-0.19,0.97,-2.48,-2.02,-1.63
15,-0.03,-0.2,0.96,-1.79,-1.89,-1.24
16,-0.05,-0.19,0.97,-2.19,-1.37,0.13
17,-0.04,-0.18,0.95,-2.98,0.11,0.95
18,-0.04,-0.2,0.97,-3.02,-0.87,0.11
19,-0.04,-0.18,0.96,-3.6,-2.54,-0.75
20,-0.05,-0.18,0.95,-4.22,-2.26,-0.96
21,-0.05,-0.18,0.96,-5.05,-3.22,-1.06
22,-0.04,-0.19,0.96,-5.74,-3.95,-1.71
23,-0.03,-0.2,0.97,-5.24,-5.76,-3.86
24,-0.02,-0.2,0.98,-4.16,-5.78,-4.97
25,-0.01,-0.19,0.98,-4.14,-3.04,-4.0
26,-0.04,-0.2,0.99,-3.86,-3.59,-4.85
27,-0.02,-0.21,0.99,-2.37,-2.71,-2.63
28,-0.03,-0.21,0.99,-1.48,-1.86,-1.27
29,-0.04,-0.19,0.97,-2.03,-3.23,-2.23
30,-0.02,-0.19,0.97,-2.09,-4.4,-2.34
31,-0.01,-0.18,0.99,-1.44,-2.5,-0.91
32,-0.02,-0.19,0.99,-1.68,-2.69,-2.04
33,-0.02,-0.2,0.98,-2.21,-1.63,-2.44
34,-0.01,-0.22,0.99,-0.82,-2.91,-2.62
35,-0.01,-0.21,0.99,0.07,-2.31,-3.79
36,-0.02,-0.19,0.98,-1.52,-1.89,-4.64
37,-0.02,-0.19,0.99,-2.92,-2.66,-5.6
38,-0.02,-0.2,1.0,-1.86,-2.47,-4.61
39,-0.03,-0.2,1.01,-1.22,-4.05,-4.73
40,-0.01,-0.2,0.99,-2.38,-3.85,-6.42
41,0.01,-0.18,1.01,-3.69,-3.07,-8.32
42,0.01,-0.19,1.03,-4.52,1.54,-7.52
43,-0.02,-0.22,1.05,-4.61,5.44,-5.76
44,-0.05,-0.22,1.08,-5.27,4.37,-7.05
45,-0.08,-0.24,1.12,-5.82,2.09,-8.27
46,-0.11,-0.28,1.19,-4.25,-2.3,-9.22
47,-0.09,-0.28,1.23,-1.91,-3.89,-10.24
48,-0.08,-0.3,1.29,0.73,-5.42,-12.61
49,-0.05,-0.3,1.34,4.39,-1.19,-11.71
50,-0.03,-0.31,1.41,8.58,-1.44,-12.73
51,0.04,-0.33,1.44,17.32,8.55,-6.86
52,0.04,-0.33,1.47,26.04,12.78,-8.77
53,0.03,-0.32,1.48,34.49,18.12,-8.57
54,0.03,-0.3,1.46,40.61,29.16,-3.74
55,0.01,-0.24,1.45,43.56,41.21,0.27
56,-0.03,-0.16,1.42,45.37,52.11,3.65
57,-0.11,-0.11,1.39,45.49,55.15,6.28
58,-0.17,-0.05,1.37,44.76,56.86,12.47
59,-0.22,0.03,1.31,41.5,53.94,16.24
60,-0.26,0.1,1.27,32.27,40.9,17.44
61,-0.21,0.1,1.3,25.6,24.11,17.22
62,-0.21,0.05,1.33,21.17,8.26,13.5
63,-0.16,-0.03,1.4,22.05,-7.54,8.53
64,-0.13,-0.13,1.48,26.92,-14.7,5.06
65,-0.11,-0.23,1.56,37.76,-15.05,7.06
66,-0.06,-0.27,1.52,51.97,-4.19,7.47
67,-0.08,-0.33,1.53,64.97,0.45,9.63
68,-0.1,-0.29,1.46,78.63,5.67,14.74
69,-0.11,-0.22,1.32,85.05,18.92,14.09
70,-0.11,-0.15,1.24,83.98,29.11,15.28
71,-0.15,-0.07,1.13,80.96,31.95,20.13
72,-0.2,-0.0,0.98,73.65,35.31,22.8
73,-0.2,0.05,0.89,60.66,36.66,25.5
74,-0.27,0.04,0.88,48.82,33.44,23.66
75,-0.3,-0.02,0.94,44.1,18.6,16.47
76,-0.27,-0.1,1.0,46.46,7.64,10.19
77,-0.17,-0.13,1.08,54.75,6.13,7.87
78,-0.13,-0.13,1.06,69.03,9.96,10.37
79,-0.13,-0.11,1.0,82.92,13.69,18.78
80,-0.18,-0.06,0.9,90.25,18.51,23.13
81,-0.23,0.03,0.79,89.18,16.82,23.02
82,-0.25,0.11,0.71,79.66,15.79,23.41
83,-0.23,0.15,0.65,68.45,15.5,24.14
84,-0.19,0.2,0.63,51.93,10.31,20.6
85,-0.16,0.16,0.66,40.62,5.53,18.1
86,-0.16,0.12,0.71,35.13,0.63,13.15
87,-0.2,-0.0,0.85,40.27,-8.57,11.47
88,-0.2,-0.07,0.9,50.05,-13.95,9.67
89,-0.16,-0.06,0.91,62.23,-13.9,10.04
90,-0.13,-0.03,0.88,70.44,-7.98,10.66
91,-0.11,0.01,0.85,75.4,-0.51,13.67
92,-0.12,0.06,0.8,77.11,8.11,19.48
93,-0.15,0.12,0.74,74.63,9.72,22.81
94,-0.14,0.18,0.69,68.56,13.96,27.09
95,-0.14,0.23,0.64,59.98,12.47,26.21
96,-0.13,0.26,0.62,49.28,8.24,21.82
97,-0.12,0.26,0.63,41.47,1.13,16.3
98,-0.15,0.22,0.73,39.0,-6.65,13.99
99,-0.17,0.17,0.81,43.44,-13.69,15.57
100,-0.08,0.14,0.82,50.57,-12.26,19.56
101,-0.03,0.14,0.82,57.32,-7.66,22.27
102,-0.04,0.17,0.79,61.39,-4.93,21.62
103,-0.05,0.22,0.74,59.62,-3.0,19.02
104,-0.04,0.23,0.75,56.82,-2.44,15.55
105,-0.06,0.26,0.74,53.75,-5.19,11.7
106,-0.06,0.24,0.77,52.69,-2.21,12.9
107,-0.07,0.23,0.82,51.58,7.27,18.95
108,-0.11,0.23,0.79,48.42,18.74,29.72
109,-0.12,0.26,0.79,46.64,22.76,35.83
110,-0.1,0.29,0.76,46.15,18.16,31.69
111,-0.12,0.3,0.75,49.06,11.24,26.47
112,-0.11,0.34,0.72,49.11,2.79,19.93
113,-0.09,0.39,0.71,44.99,-2.39,16.76
114,-0.08,0.43,0.69,40.63,-4.99,16.56
115,-0.08,0.43,0.69,37.7,-4.86,18.67
116,-0.07,0.41,0.75,33.86,-0.14,23.56
117,-0.02,0.41,0.76,31.55,8.37,26.52
118,-0.02,0.43,0.74,30.12,18.07,29.11
119,-0.05,0.46,0.71,26.95,25.11,30.06
120,-0.07,0.49,0.69,23.81,29.89,31.4
121,-0.13,0.48,0.7,22.07,25.57,29.88
122,-0.14,0.49,0.7,19.96,12.73,24.24
123,-0.08,0.5,0.72,19.98,1.77,15.17
124,-0.06,0.48,0.73,20.46,-4.72,11.32
125,-0.06,0.49,0.73,20.92,-7.44,9.18
126,-0.07,0.51,0.73,18.63,-9.26,5.29
127,-0.06,0.52,0.72,14.7,-7.17,4.1
128,-0.07,0.55,0.72,10.25,-4.05,5.85
129,-0.08,0.57,0.7,4.68,-3.6,6.52
130,-0.1,0.56,0.72,-3.16,-3.42,7.89
131,-0.08,0.54,0.75,-8.75,-1.74,9.61
132,-0.04,0.54,0.75,-14.27,-1.53,8.74
133,-0.01,0.53,0.78,-17.82,0.54,5.09
134,-0.01,0.46,0.84,-15.82,-3.9,1.56
135,-0.02,0.4,0.92,-5.58,-1.48,6.77
136,-0.03,0.38,0.9,5.45,-1.76,7.24
137,-0.05,0.38,0.86,13.53,-0.57,9.42
138,-0.09,0.42,0.81,16.5,3.47,11.08
139,-0.1,0.45,0.75,12.05,4.74,10.31
140,-0.11,0.49,0.71,6.08,10.21,12.85
141,-0.13,0.49,0.71,-0.79,11.95,12.34
142,-0.12,0.5,0.69,-7.62,11.13,13.37
143,-0.15,0.52,0.69,-12.72,10.22,14.16
144,-0.11,0.5,0.72,-18.17,6.67,12.98
145,-0.05,0.45,0.82,-15.99,19.12,19.97
146,-0.04,0.46,0.84,-21.08,21.24,23.46
147,-0.05,0.46,0.84,-21.08,30.92,24.91
148,-0.09,0.46,0.84,-18.44,36.44,26.1
149,-0.07,0.48,0.81,-16.04,37.24,26.91
150,-0.14,0.49,0.79,-15.56,27.41,18.11
151,-0.15,0.48,0.79,-10.82,14.52,12.06
152,-0.16,0.46,0.8,-4.35,4.21,5.74
153,-0.14,0.43,0.86,2.03,-10.05,-1.53
154,-0.11,0.42,0.85,7.04,-24.25,-8.63
155,-0.05,0.4,0.85,8.0,-26.85,-13.34
156,-0.04,0.39,0.87,15.11,-9.59,-3.16
157,-0.1,0.41,0.83,18.72,2.57,7.08
158,-0.13,0.46,0.76,18.66,4.28,11.55
159,-0.18,0.49,0.74,17.45,3.98,14.38
160,-0.16,0.51,0.69,13.58,-8.02,11.79
161,-0.1,0.54,0.66,6.67,-19.53,4.95
162,-0.08,0.52,0.69,1.73,-22.26,1.26
163,-0.12,0.49,0.71,-0.11,-21.01,5.39
164,-0.09,0.47,0.73,-3.04,-17.31,11.2
165,-0.01,0.45,0.76,-4.89,-7.62,17.02
166,-0.01,0.47,0.74,-7.53,-6.03,16.14
167,0.03,0.47,0.74,-9.82,-8.9,10.9
168,0.06,0.48,0.76,-10.82,-7.05,6.55
169,0.06,0.48,0.81,-8.37,-5.34,4.79
170,0.01,0.48,0.83,-3.12,-2.5,5.8
171,-0.01,0.49,0.84,0.62,-3.45,4.5
172,-0.0,0.51,0.83,5.59,-4.73,5.27
173,-0.02,0.52,0.82,8.41,-7.34,1.73
174,-0.02,0.52,0.81,10.24,-11.14,-0.19
175,0.01,0.54,0.8,10.44,-12.08,-1.5
176,0.02,0.54,0.8,9.23,-13.41,-1.84
177,0.04,0.55,0.78,5.56,-11.19,-1.88
178,0.03,0.57,0.78,1.78,-7.79,-0.92
179,0.02,0.57,0.76,-2.49,-5.34,-0.76
180,0.04,0.57,0.76,-5.97,1.15,2.18
181,0.03,0.56,0.78,-9.27,-1.15,-1.71
182,0.02,0.54,0.78,-12.0,-3.33,-5.11
183,0.03,0.52,0.79,-14.57,-3.95,-7.29
184,0.04,0.51,0.82,-14.91,-4.13,-7.72
185,0.03,0.5,0.84,-13.57,-1.7,-7.84
186,0.01,0.5,0.86,-9.86,-0.47,-6.7
187,-0.03,0.51,0.87,-7.95,1.93,-5.6
188,-0.06,0.49,0.87,-4.42,2.95,-4.35
189,-0.04,0.48,0.85,-4.12,2.44,-3.99
190,-0.02,0.48,0.84,-2.98,2.92,-4.52
191,0.0,0.5,0.82,-1.48,1.2,-5.55
192,0.0,0.52,0.82,-1.25,1.73,-7.18
193,-0.04,0.52,0.81,-3.73,-2.79,-10.25
194,-0.03,0.54,0.82,-6.12,-1.98,-11.28
195,-0.03,0.54,0.83,-7.7,-2.6,-11.77
196,-0.05,0.54,0.82,-9.6,-2.79,-12.79
197,-0.07,0.53,0.82,-11.02,-5.19,-14.18
198,-0.05,0.52,0.81,-13.07,-7.73,-15.82
199,-0.03,0.52,0.82,-13.56,-10.44,-15.89
200,-0.03,0.49,0.86,-12.44,-7.03,-15.97
201,-0.04,0.47,0.89,-10.36,-5.74,-14.89
202,-0.02,0.47,0.88,-8.49,-2.32,-12.56
203,-0.04,0.46,0.87,-5.74,2.81,-9.66
204,-0.04,0.48,0.86,-4.54,2.21,-11.52
205,-0.06,0.49,0.84,-2.9,1.1,-11.99
206,-0.06,0.49,0.82,-1.97,-0.06,-10.58
207,-0.06,0.52,0.83,-1.68,-0.29,-10.52
208,-0.1,0.52,0.8,-3.17,-3.37,-13.34
209,-0.09,0.51,0.8,-5.74,-6.79,-15.31
210,-0.08,0.49,0.82,-7.35,-8.38,-16.94
211,-0.08,0.49,0.84,-8.76,-6.92,-16.25
212,-0.07,0.48,0.85,-9.25,-4.59,-15.39
213,-0.09,0.47,0.85,-7.16,0.07,-13.36
214,-0.08,0.47,0.85,-6.06,0.71,-10.81
215,-0.11,0.49,0.84,-6.5,1.27,-10.45
216,-0.12,0.48,0.85,-6.27,-0.35,-10.18
217,-0.12,0.48,0.85,-5.34,0.11,-8.14
218,-0.13,0.5,0.84,-5.66,-1.5,-8.27
219,-0.12,0.48,0.84,-6.07,-1.69,-7.34
220,-0.09,0.48,0.85,-7.6,-2.38,-7.85
221,-0.08,0.49,0.85,-8.96,-2.42,-7.74
222,-0.06,0.49,0.85,-10.92,-1.71,-10.26
223,-0.05,0.48,0.87,-11.58,0.02,-10.95
224,-0.05,0.46,0.87,-10.47,1.26,-10.21
225,-0.08,0.45,0.87,-10.12,3.08,-9.83
226,-0.1,0.43,0.88,-7.96,1.43,-8.66
227,-0.11,0.42,0.91,-3.7,0.87,-6.93
228,-0.12,0.43,0.87,-0.14,0.15,-5.92
229,-0.1,0.44,0.86,1.43,-1.34,-5.5
230,-0.11,0.45,0.86,2.17,-3.5,-7.31
231,-0.09,0.47,0.85,3.39,-3.15,-6.38
232,-0.06,0.47,0.83,3.71,-2.22,-7.1
233,-0.09,0.49,0.83,3.35,-4.69,-9.48
234,-0.12,0.49,0.85,3.89,-6.53,-9.49
235,-0.1,0.5,0.85,3.46,-6.97,-8.62
236,-0.08,0.51,0.84,2.03,-5.85,-8.89
237,-0.08,0.51,0.85,0.84,-5.7,-8.6
238,-0.09,0.52,0.84,-1.19,-6.13,-8.89
239,-0.08,0.5,0.85,-2.76,-6.89,-10.04
240,-0.06,0.48,0.88,-2.86,-7.51,-9.28
241,-0.04,0.47,0.87,-2.08,-4.73,-8.27
242,-0.05,0.46,0.86,-0.87,-4.72,-8.5
243,-0.05,0.46,0.86,-0.19,-4.54,-7.8
244,-0.05,0.45,0.85,0.17,-5.25,-7.34
245,-0.01,0.45,0.83,-0.18,-5.79,-9.56
246,-0.02,0.44,0.84,0.98,-7.07,-12.02
247,-0.03,0.43,0.82,1.96,-9.3,-12.2
248,-0.03,0.43,0.81,3.25,-10.37,-11.68
249,-0.02,0.42,0.78,3.63,-14.19,-13.37
250,-0.0,0.41,0.74,3.2,-14.29,-12.7
251,0.03,0.37,0.73,2.51,-16.45,-13.59
252,0.07,0.33,0.71,4.07,-16.69,-14.24
253,0.08,0.27,0.65,7.42,-18.97,-15.98
254,0.1,0.24,0.63,9.24,-21.85,-17.26
255,0.13,0.2,0.58,12.36,-24.33,-18.08
256,0.19,0.19,0.53,11.2,-28.94,-23.37
257,0.27,0.18,0.48,13.51,-30.49,-24.55
258,0.31,0.15,0.49,17.35,-29.69,-20.37
259,0.35,0.05,0.41,18.53,-31.87,-23.91
260,0.41,-0.03,0.37,17.36,-30.16,-32.24
261,0.4,-0.16,0.4,23.59,-37.15,-34.59
262,0.41,-0.31,0.36,32.69,-39.08,-31.85
263,0.37,-0.42,0.28,40.97,-44.05,-30.0
264,0.37,-0.56,0.19,63.82,-40.89,-21.8
265,0.41,-0.74,0.14,78.99,-24.61,3.24
266,0.46,-0.99,0.0,116.63,5.48,46.99
267,0.57,-1.35,-0.21,193.62,61.62,105.24
268,0.63,-1.6,-0.58,250.13,107.82,174.11
269,0.94,-1.28,-1.85,250.13,186.08,250.13
270,1.94,-0.18,-2.0,250.13,250.13,250.13
271,2.0,1.75,-2.0,63.5,250.13,82.69
272,2.0,2.0,-2.0,-250.14,250.13,-229.09
273,2.0,1.53,-2.0,-250.14,46.69,-250.14
274,2.0,-0.14,-2.0,-250.14,-88.2,-250.14
275,2.0,-1.25,-2.0,-250.14,-52.14,-250.14
276,2.0,-1.71,-2.0,-250.14,-160.05,-250.14
277,-0.14,-2.0,-0.64,-250.14,-250.14,-250.14
278,-2.0,-2.0,2.0,-250.14,-250.14,-250.14
279,-2.0,-2.0,2.0,-250.14,-107.63,-211.67
280,-2.0,-2.0,2.0,-250.14,-37.88,-87.89
281,-2.0,-2.0,2.0,-250.14,-15.8,-69.22
282,-2.0,-2.0,2.0,-250.14,-27.46,-42.94
283,-2.0,-2.0,2.0,-250.14,-76.32,-34.56
284,-1.09,-2.0,2.0,-202.29,123.34,8.18
285,-2.0,-0.88,2.0,-244.02,69.08,-52.76
286,-2.0,-2.0,2.0,-12.22,12.85,-17.83
287,-2.0,-2.0,2.0,250.13,48.22,170.09
288,-1.23,-1.48,2.0,250.13,149.73,250.13
289,0.91,-0.15,0.9,213.02,229.86,250.13
290,1.45,0.34,0.28,173.9,208.35,250.13
291,1.14,0.45,-0.03,124.72,114.66,177.58
292,0.96,0.35,-0.15,56.43,8.46,79.56
293,0.87,0.15,0.09,4.53,-37.19,29.24
294,0.8,-0.07,0.29,-13.53,-54.97,7.15
295,0.56,-0.44,0.57,-8.45,-81.63,-20.27
296,0.47,-0.69,0.59,14.31,-67.79,-15.25
297,0.37,-0.52,0.33,22.0,-34.82,11.61
298,0.19,-0.31,0.06,10.69,-22.92,21.37
299,0.06,-0.35,0.12,-3.39,-29.8,18.73
300,0.02,-0.42,0.24,-22.53,-34.34,6.53
301,-0.02,-0.42,0.46,-26.33,-54.45,-14.79
302,-0.1,-0.45,0.67,-10.6,-68.4,-18.4
303,-0.14,-0.47,0.72,4.76,-43.72,0.28
304,-0.03,-0.36,0.68,13.44,-5.47,24.82
305,-0.04,-0.13,0.58,10.58,14.37,30.76
306,-0.16,-0.03,0.56,3.95,8.27,24.55
307,-0.26,-0.01,0.59,-6.42,-12.29,12.25
308,-0.3,-0.05,0.71,-21.15,-34.92,2.81
309,-0.2,-0.17,0.89,-32.78,-46.79,-10.79
310,-0.11,-0.25,1.06,-34.25,-56.47,-26.98
311,-0.17,-0.38,1.26,-23.87,-55.08,-32.31
312,-0.13,-0.43,1.32,-11.73,-37.42,-26.99
313,-0.05,-0.35,1.26,-0.82,-17.56,-20.95
314,-0.06,-0.2,1.2,4.45,-1.3,-17.71
315,-0.1,-0.1,1.11,5.73,15.37,-9.07
316,-0.25,-0.07,1.07,4.75,22.54,-4.34
317,-0.33,-0.09,1.06,2.24,16.66,-6.01
318,-0.31,-0.11,1.06,-0.05,15.49,-4.02
319,-0.35,-0.16,1.06,-3.08,9.58,-9.09
320,-0.41,-0.25,1.09,-3.69,2.39,-10.26
321,-0.38,-0.29,1.06,-0.66,2.04,-1.82
322,-0.37,-0.25,1.03,-5.8,-10.15,-5.03
323,-0.3,-0.24,0.99,-8.69,-16.99,-8.43
324,-0.25,-0.24,0.95,-11.8,-18.37,-6.81
325,-0.24,-0.22,0.93,-16.44,-16.44,-4.5
326,-0.19,-0.22,0.92,-19.32,-14.83,-2.81
327,-0.13,-0.21,0.92,-18.04,-10.82,-1.66
328,-0.16,-0.22,0.95,-17.6,-14.92,-5.92
329,-0.14,-0.25,0.95,-16.84,-10.56,-2.25
330,-0.09,-0.27,1.01,-14.1,-5.53,5.24
331,-0.1,-0.26,1.02,-10.95,-9.47,-0.34
332,-0.1,-0.26,1.05,-8.97,-15.41,-7.4
333,-0.12,-0.27,1.07,-6.04,-12.05,-8.31
334,-0.14,-0.28,1.05,-3.65,-11.24,-9.89
335,-0.19,-0.31,1.05,0.96,-7.54,-8.15
336,-0.19,-0.3,1.02,3.68,-3.96,-4.87
337,-0.19,-0.26,0.96,4.41,3.98,-1.47
338,-0.2,-0.25,0.93,3.05,7.2,-0.84
339,-0.18,-0.25,0.91,2.32,4.48,-4.79
340,-0.19,-0.23,0.9,3.1,2.37,-8.76
341,-0.21,-0.24,0.91,0.15,-4.45,-12.13
342,-0.21,-0.27,0.93,0.16,-2.71,-10.26
343,-0.19,-0.25,0.94,0.68,2.24,-6.03
344,-0.19,-0.21,0.91,-0.1,7.67,-2.24
345,-0.22,-0.23,0.92,-3.42,6.8,-2.6
346,-0.23,-0.26,0.94,-5.95,7.95,0.14
347,-0.21,-0.28,0.97,-3.64,9.77,2.66
348,-0.18,-0.29,0.98,-0.07,7.12,0.82
349,-0.15,-0.26,0.96,3.7,10.63,1.27
350,-0.16,-0.24,0.94,5.39,12.94,2.1
351,-0.19,-0.23,0.93,5.94,15.28,3.37
352,-0.21,-0.23,0.94,5.38,16.38,6.92
353,-0.22,-0.23,0.94,4.41,15.51,8.98
354,-0.21,-0.23,0.95,5.12,11.86,6.77
355,-0.2,-0.23,0.96,7.8,8.95,5.87
356,-0.19,-0.26,0.97,11.76,8.32,6.04
357,-0.21,-0.26,0.97,16.18,3.3,3.11
358,-0.2,-0.24,0.96,18.5,5.12,5.46
359,-0.18,-0.2,0.95,19.44,14.03,10.92
360,-0.15,-0.21,0.91,16.02,21.66,11.85
361,-0.16,-0.2,0.94,11.51,28.79,13.07
362,-0.18,-0.23,0.96,13.67,39.31,20.02
363,-0.22,-0.23,0.96,16.15,46.05,25.67
364,-0.24,-0.21,0.96,18.67,47.04,28.31
365,-0.27,-0.21,0.97,20.73,37.22,23.37
366,-0.29,-0.2,0.97,22.44,22.8,20.17
367,-0.28,-0.17,0.95,24.46,20.96,19.37
368,-0.23,-0.14,0.94,17.21,19.06,15.21
369,-0.24,-0.17,0.97,13.99,18.04,9.16
370,-0.28,-0.25,1.03,18.38,23.38,11.06
371,-0.26,-0.24,0.99,22.59,38.26,20.85
372,-0.29,-0.18,0.94,25.27,49.68,29.79
373,-0.36,-0.13,0.9,27.05,52.34,34.12
374,-0.41,-0.13,0.88,28.21,53.78,41.02
375,-0.43,-0.09,0.85,23.44,42.83,41.0
376,-0.47,-0.09,0.84,22.11,29.17,38.66
377,-0.51,-0.14,0.91,24.5,16.04,43.45
378,-0.45,-0.17,0.95,32.92,21.15,61.87
379,-0.41,-0.13,0.93,34.99,26.04,76.63
380,-0.32,-0.07,0.9,31.91,43.64,85.46
381,-0.28,-0.06,0.89,32.52,55.02,87.61
382,-0.3,-0.1,0.91,31.73,49.47,77.66
383,-0.33,-0.13,0.92,36.5,36.39,62.68
384,-0.42,-0.14,0.93,39.19,23.95,52.46
385,-0.41,-0.11,0.9,43.41,14.37,46.86
386,-0.48,-0.07,0.83,41.02,4.4,35.8
387,-0.53,-0.04,0.81,36.02,-2.47,31.89
388,-0.47,-0.07,0.84,35.21,-0.41,41.23
389,-0.41,0.01,0.82,37.42,11.88,55.11
390,-0.4,0.12,0.75,32.82,11.05,53.21
391,-0.44,0.11,0.77,27.51,-6.3,40.72
392,-0.39,0.09,0.79,23.08,-18.57,30.8
393,-0.28,0.1,0.81,22.67,-19.53,23.51
394,-0.2,0.14,0.83,18.81,-20.37,0.42
395,-0.22,0.13,0.87,17.66,-28.5,-21.1
396,-0.25,0.07,0.92,20.38,-19.6,-21.76
397,-0.31,0.0,0.93,24.44,1.46,-5.02
398,-0.41,-0.01,0.93,26.21,8.6,5.42
399,-0.41,0.01,0.89,26.22,8.76,10.49
400,-0.41,0.03,0.88,25.8,10.27,15.09
401,-0.41,0.04,0.9,25.17,9.34,17.67
402,-0.37,0.1,0.85,22.65,6.2,15.33
403,-0.34,0.11,0.83,16.56,-3.6,8.18
404,-0.33,0.08,0.89,15.57,-4.29,7.5
405,-0.39,0.04,0.94,17.69,-13.05,2.2
406,-0.39,-0.03,0.97,18.54,-21.67,0.46
407,-0.36,-0.1,1.04,30.82,-21.62,3.31
408,-0.32,-0.08,1.03,41.15,-1.71,15.92
409,-0.24,0.02,0.95,45.47,20.74,36.44
410,-0.21,0.18,0.83,47.23,42.49,49.89
411,-0.27,0.23,0.79,45.57,55.97,51.39
412,-0.23,0.25,0.8,43.51,69.65,54.24
413,-0.18,0.13,0.8,38.82,79.24,80.45
414,-0.39,0.32,0.76,45.89,89.2,75.34
415,-0.39,0.3,0.74,20.39,65.7,48.99
416,-0.57,0.24,0.79,14.95,36.37,28.17
417,-0.57,0.2,0.82,20.59,29.19,33.4
418,-0.54,0.21,0.84,19.76,30.1,38.44
419,-0.46,0.24,0.84,11.31,30.75,37.65
420,-0.45,0.23,0.86,17.77,46.37,46.04
421,-0.53,0.21,0.9,29.6,39.05,40.15
422,-0.54,0.22,0.86,25.6,32.42,30.02
423,-0.51,0.26,0.83,19.89,28.22,24.29
424,-0.5,0.27,0.81,17.59,17.76,15.12
425,-0.5,0.3,0.8,14.4,10.31,10.25
426,-0.5,0.25,0.79,17.63,7.44,16.42
427,-0.52,0.25,0.78,19.91,6.56,21.15
428,-0.52,0.29,0.76,14.92,3.99,17.25
429,-0.48,0.29,0.76,9.85,-3.27,10.31
430,-0.5,0.29,0.76,6.58,-15.08,0.63
431,-0.46,0.29,0.73,5.37,-17.13,-6.77
432,-0.44,0.32,0.73,-0.44,-24.44,-18.87
433,-0.44,0.31,0.75,-4.37,-27.95,-26.34
434,-0.46,0.27,0.78,-7.48,-23.17,-22.95
435,-0.45,0.24,0.8,-9.04,-19.05,-20.11
436,-0.44,0.26,0.79,-11.5,-18.6,-21.46
437,-0.42,0.28,0.78,-10.58,-18.4,-24.34
438,-0.42,0.29,0.75,-12.75,-19.2,-26.18
439,-0.4,0.3,0.75,-17.89,-21.38,-29.95
440,-0.46,0.31,0.75,-24.8,-33.89,-37.63
441,-0.42,0.24,0.78,-22.85,-38.79,-32.57
442,-0.42,0.23,0.8,-18.85,-38.76,-27.33
443,-0.46,0.21,0.84,-16.34,-47.03,-29.89
444,-0.62,0.1,0.88,-11.08,-67.05,-31.98
445,-0.54,0.04,0.92,-6.03,-57.18,-13.77
446,-0.43,0.12,0.9,-3.67,-45.67,-0.43
447,-0.36,0.18,0.88,-0.05,-40.92,0.34
448,-0.34,0.19,0.86,2.81,-37.98,-1.89
449,-0.33,0.17,0.86,6.82,-34.01,1.4
450,-0.33,0.21,0.82,8.32,-25.24,3.74
451,-0.33,0.25,0.8,5.95,-29.07,-1.47
452,-0.34,0.27,0.77,-0.21,-35.76,-9.64
453,-0.34,0.27,0.82,-1.78,-42.15,-11.59
454,-0.33,0.25,0.81,-4.73,-40.67,-10.07
455,-0.34,0.26,0.82,-9.57,-39.4,-9.32
456,-0.32,0.25,0.86,-13.01,-36.69,-11.26
457,-0.31,0.21,0.89,-13.58,-34.31,-10.37
458,-0.31,0.18,0.93,-10.61,-30.47,-9.05
459,-0.28,0.18,0.97,-6.37,-23.06,-9.14
460,-0.27,0.22,0.94,-4.75,-16.76,-10.66
461,-0.3,0.23,0.93,-0.11,-11.56,-12.48
462,-0.36,0.23,0.92,-1.2,-15.21,-15.44
463,-0.41,0.22,0.89,-5.92,-21.99,-15.47
464,-0.4,0.22,0.89,-8.76,-22.27,-10.0
465,-0.39,0.22,0.9,-11.21,-23.9,-5.53
466,-0.38,0.2,0.92,-13.0,-33.33,-4.46
467,-0.35,0.18,0.93,-12.24,-36.52,-1.56
468,-0.31,0.17,0.94,-10.83,-40.67,-2.75
469,-0.27,0.19,0.95,-10.67,-40.35,-5.89
470,-0.23,0.2,0.95,-10.44,-35.5,-7.21
471,-0.2,0.2,0.95,-8.6,-23.39,-4.53
472,-0.18,0.21,0.95,-5.87,-9.34,-1.89
473,-0.17,0.24,0.94,-6.14,0.01,-2.01
474,-0.19,0.24,0.89,-7.82,8.57,-3.69
475,-0.24,0.24,0.88,-9.5,11.08,-6.73
476,-0.31,0.18,0.88,-11.79,4.21,-9.53
477,-0.32,0.14,0.92,-12.12,-2.3,-10.76
478,-0.33,0.12,0.92,-9.69,-11.41,-12.24
479,-0.29,0.13,0.89,-8.5,-18.09,-9.11
480,-0.28,0.14,0.91,-6.88,-20.9,-6.74
481,-0.27,0.16,0.91,-7.11,-21.2,-6.15
482,-0.22,0.15,0.94,-6.1,-14.98,-4.86
483,-0.19,0.18,0.94,-3.07,-10.32,-6.27
484,-0.2,0.21,0.91,-6.24,-6.56,-8.34
485,-0.21,0.2,0.91,-7.31,-2.47,-9.53
486,-0.21,0.19,0.91,-6.08,0.29,-11.67
487,-0.24,0.18,0.92,-4.04,5.44,-10.74
488,-0.26,0.19,0.91,-5.0,6.24,-12.6
489,-0.28,0.18,0.93,-5.94,7.15,-13.21
490,-0.31,0.17,0.92,-5.18,5.94,-12.76
491,-0.34,0.16,0.92,-5.86,0.99,-11.14
492,-0.36,0.16,0.91,-5.95,-6.11,-12.21
493,-0.35,0.16,0.91,-6.85,-14.49,-11.31
494,-0.32,0.16,0.95,-6.8,-17.19,-11.26
495,-0.3,0.16,0.93,-8.34,-16.44,-10.47
496,-0.26,0.17,0.95,-6.0,-14.56,-10.28
497,-0.27,0.18,0.93,-6.52,-14.21,-10.84
498,-0.24,0.17,0.94,-6.44,-8.25,-11.24
499,-0.25,0.18,0.91,-5.31,-7.38,-11.15
