,accel_x,accel_y,accel_z,gyro_x,gyro_y,gyro_z
0,-0.06,-0.27,0.97,-5.7,-6.01,0.7
1,-0.06,-0.28,0.97,-5.5,-8.22,-0.34
2,-0.04,-0.27,0.97,-5.48,-8.48,-1.7
3,-0.02,-0.26,0.97,-5.28,-6.92,-1.96
4,-0.01,-0.26,0.98,-4.91,-4.53,-0.09
5,-0.01,-0.24,0.96,-5.89,-2.05,-0.32
6,-0.01,-0.25,0.96,-6.24,1.04,1.93
7,-0.02,-0.26,0.95,-5.21,-0.98,-0.29
8,-0.03,-0.25,0.95,-4.63,-2.61,-2.21
9,-0.04,-0.26,0.95,-5.21,-4.53,-2.98
10,-0.03,-0.23,0.93,-6.56,-5.05,-1.92
11,-0.02,-0.22,0.92,-8.78,-4.31,-1.18
12,-0.02,-0.21,0.92,-11.14,-3.0,-1.37
13,-0.04,-0.21,0.91,-14.28,-1.4,-0.39
14,-0.03,-0.29,0.95,-13.77,-0.11,0.88
15,-0.02,-0.33,0.99,-7.41,-0.95,1.9
16,-0.0,-0.33,0.99,-4.4,-4.31,-2.4
17,-0.02,-0.3,0.99,-1.62,-6.06,-6.73
18,-0.02,-0.29,0.98,0.82,-3.9,-6.03
19,-0.02,-0.29,0.97,2.58,-0.15,-3.09
20,-0.03,-0.27,0.97,3.5,2.86,-2.14
21,-0.03,-0.25,0.93,3.34,5.54,0.44
22,-0.05,-0.22,0.9,1.56,7.15,3.53
23,-0.08,-0.2,0.88,-1.6,5.93,3.46
24,-0.09,-0.2,0.87,-6.08,2.01,2.17
25,-0.11,-0.2,0.88,-10.11,-3.35,1.5
26,-0.09,-0.24,0.91,-13.61,-7.78,0.37
27,-0.06,-0.28,0.95,-15.8,-9.85,-1.08
28,-0.03,-0.32,1.0,-15.24,-7.05,-1.26
29,-0.05,-0.39,1.04,-11.2,-6.34,-0.4
30,-0.1,-0.44,1.09,-4.8,-2.25,4.05
31,-0.12,-0.45,1.07,1.86,1.47,10.39
32,-0.16,-0.44,1.06,5.58,8.16,17.76
33,-0.19,-0.48,1.02,9.56,15.66,24.8
34,-0.19,-0.51,1.0,14.99,22.47,40.06
35,-0.18,-0.5,0.93,19.8,28.5,55.76
36,-0.18,-0.49,0.85,18.68,33.52,64.81
37,-0.18,-0.54,0.79,14.92,37.89,71.89
38,-0.2,-0.57,0.68,14.69,23.75,74.07
39,-0.22,-0.58,0.68,15.05,10.98,77.76
40,-0.23,-0.61,0.63,21.89,-14.94,76.33
41,-0.28,-0.61,0.56,18.42,-62.95,61.53
42,-0.22,-0.64,0.55,18.98,-102.67,35.14
43,-0.1,-0.7,0.6,15.8,-125.21,21.82
44,-0.0,-0.77,0.73,21.69,-129.24,14.21
45,0.12,-0.71,0.85,33.21,-120.13,21.94
46,0.16,-0.63,0.84,51.27,-110.82,21.8
47,0.24,-0.5,0.81,67.4,-95.66,28.2
48,0.19,-0.4,0.77,73.53,-85.93,27.27
49,0.17,-0.31,0.74,67.98,-86.32,23.36
50,0.17,-0.27,0.74,54.56,-88.29,15.85
51,0.18,-0.27,0.81,42.56,-91.85,7.4
52,0.25,-0.26,0.85,34.74,-87.85,4.6
53,0.35,-0.25,0.89,28.55,-78.44,2.67
54,0.38,-0.29,0.93,25.27,-61.55,-1.78
55,0.38,-0.32,0.96,22.02,-43.87,-3.38
56,0.39,-0.35,1.0,22.05,-23.11,3.29
57,0.35,-0.33,1.03,21.18,-3.31,8.53
58,0.27,-0.27,1.04,23.72,13.73,15.69
59,0.22,-0.25,1.01,26.83,19.6,17.73
60,0.18,-0.22,0.96,27.23,21.76,16.51
61,0.1,-0.11,0.92,28.06,17.09,15.02
62,0.09,-0.02,0.86,27.66,14.23,14.02
63,0.07,0.02,0.84,20.44,14.08,13.1
64,0.06,0.06,0.84,11.27,12.9,11.56
65,0.04,0.06,0.85,6.98,13.24,11.85
66,0.03,0.03,0.85,6.97,13.77,13.96
67,-0.01,0.04,0.86,6.79,10.28,15.92
68,0.04,0.08,0.81,3.18,11.2,19.56
69,0.12,0.09,0.84,-1.72,15.22,22.5
70,0.14,0.1,0.88,-7.18,14.02,22.23
71,0.16,0.12,0.92,-7.28,12.18,20.59
72,0.14,0.11,0.93,-5.99,8.53,10.51
73,0.11,0.1,0.95,-4.68,3.47,-1.82
74,0.02,0.07,0.97,0.06,0.92,-3.78
75,-0.01,0.09,0.96,1.84,-3.43,-1.72
76,0.01,0.13,0.99,-2.97,-10.11,1.24
77,0.14,0.15,0.96,-4.12,-11.21,0.94
78,0.25,0.17,0.94,-6.69,-8.46,-2.66
79,0.3,0.14,0.99,-9.27,-0.73,-2.36
80,0.22,0.1,1.03,-11.49,9.05,-1.51
81,0.12,0.09,1.07,-13.4,13.97,3.29
82,0.08,0.08,1.1,-12.74,17.16,10.4
83,0.06,0.06,1.11,-6.7,18.09,13.6
84,0.05,0.06,1.1,-0.3,12.69,12.98
85,0.09,0.09,1.1,2.5,4.59,11.25
86,0.14,0.08,1.1,4.77,-0.68,5.99
87,0.17,0.05,1.11,8.02,-4.16,2.82
88,0.14,0.01,1.1,9.27,-7.76,-0.31
89,0.11,-0.03,1.13,12.2,-7.53,3.31
90,0.06,-0.04,1.1,17.66,-3.46,10.35
91,0.06,-0.03,1.05,22.46,0.63,18.44
92,0.16,-0.02,1.03,21.87,8.33,24.16
93,0.27,0.02,0.98,23.55,19.6,20.53
94,0.26,0.08,0.97,13.41,27.03,9.82
95,0.28,0.08,0.97,3.21,31.2,-7.93
96,0.23,0.09,0.98,2.99,41.07,-9.25
97,0.17,0.1,1.03,0.74,61.6,1.29
98,0.11,0.12,1.02,11.6,72.63,14.97
99,0.02,0.16,0.98,14.05,74.24,17.22
100,-0.02,0.17,0.98,7.8,55.05,5.18
101,-0.06,0.16,1.0,10.21,45.39,-4.31
102,-0.07,0.13,1.05,7.06,28.56,-16.74
103,-0.06,0.1,1.07,4.11,12.32,-27.75
104,-0.01,0.07,1.13,7.38,7.07,-29.99
105,0.03,0.06,1.1,13.4,22.5,-28.8
106,0.06,0.06,1.13,10.47,17.18,-28.21
107,0.03,0.08,1.13,8.31,25.11,-21.68
108,-0.02,0.12,1.1,7.35,35.7,-13.69
109,-0.05,0.15,1.07,5.24,38.78,-6.85
110,-0.11,0.21,1.03,-0.95,41.5,-0.78
111,-0.15,0.26,1.0,-11.34,42.46,-0.95
112,-0.18,0.24,1.04,-16.05,38.08,4.54
113,-0.21,0.22,1.05,-20.71,26.88,-0.15
114,-0.25,0.2,1.09,-28.18,0.37,-14.07
115,-0.23,0.16,1.08,-28.92,-15.2,-25.11
116,-0.23,0.04,1.1,-27.43,-32.42,-35.28
117,-0.2,-0.04,1.16,-25.25,-40.37,-41.07
118,-0.12,-0.16,1.18,-15.69,-39.73,-33.2
119,-0.04,-0.24,1.23,-6.82,-22.5,-13.92
120,0.01,-0.29,1.19,-3.71,-8.05,-4.35
121,-0.01,-0.27,1.15,2.39,1.98,2.88
122,-0.01,-0.22,1.09,10.44,9.03,11.8
123,-0.05,-0.17,1.02,16.83,11.21,11.97
124,-0.09,-0.13,0.98,15.68,3.66,4.92
125,-0.11,-0.11,0.98,14.24,-4.07,-2.94
126,-0.1,-0.09,0.95,14.66,-10.7,-8.18
127,-0.07,-0.09,0.97,13.8,-14.53,-10.12
128,-0.03,-0.06,0.95,15.26,-14.59,-9.84
129,-0.02,-0.03,0.94,14.82,-13.95,-8.42
130,-0.01,-0.01,0.92,12.05,-13.21,-4.76
131,0.02,0.02,0.93,12.75,-9.52,0.66
132,0.02,0.04,0.94,12.35,-7.4,3.9
133,0.02,0.05,0.92,10.2,-8.48,1.03
134,-0.0,0.05,0.95,6.23,-13.7,-5.23
135,0.03,0.03,0.94,3.37,-15.25,-7.77
136,0.04,0.02,0.96,0.66,-16.69,-12.27
137,0.03,-0.0,0.97,1.89,-16.55,-16.11
138,0.0,-0.01,0.98,0.8,-18.44,-17.56
139,-0.01,-0.02,0.97,-1.61,-19.53,-18.37
140,-0.02,-0.04,0.98,-2.82,-18.82,-17.4
141,-0.02,-0.07,1.01,-3.77,-15.55,-11.84
142,-0.02,-0.08,1.02,-3.77,-13.85,-9.15
143,0.01,-0.09,1.03,-2.68,-10.26,-5.55
144,0.03,-0.06,1.02,-3.18,-8.44,-5.33
145,0.02,-0.05,1.01,-1.62,-8.11,-6.99
146,0.01,-0.03,1.0,-0.83,-8.86,-9.21
147,0.01,-0.02,0.97,-2.48,-10.6,-12.17
148,0.0,0.0,0.97,-4.14,-10.21,-15.7
149,0.02,-0.0,0.97,-7.27,-9.73,-15.95
150,0.02,0.02,1.0,-8.95,-8.41,-11.76
151,0.03,0.0,1.01,-9.21,-6.17,-9.11
152,0.05,-0.02,0.98,-9.2,-3.79,-6.69
153,0.02,-0.05,0.96,-10.92,-1.53,-8.16
154,0.03,-0.06,0.98,-10.02,0.16,-5.46
155,0.01,-0.13,0.96,-3.62,2.81,-13.06
156,0.04,-0.06,1.01,-2.57,3.28,-0.25
157,0.04,-0.01,1.03,0.44,2.18,5.52
158,0.02,-0.03,0.99,1.63,5.54,4.37
159,0.04,-0.03,0.98,2.08,7.44,4.92
160,0.03,-0.01,0.98,1.78,9.29,7.06
161,0.01,-0.02,0.97,0.5,10.56,9.32
162,0.02,-0.01,0.97,0.02,12.18,13.76
163,0.02,0.01,0.95,0.3,13.98,12.86
164,-0.0,0.01,0.95,-1.97,10.51,12.18
165,-0.01,0.01,0.96,-4.5,5.08,5.94
166,-0.0,-0.0,0.96,-5.39,0.82,1.37
167,-0.01,-0.02,0.98,-4.82,-2.76,-2.11
168,-0.01,-0.04,1.0,-3.31,-3.75,-3.08
169,0.01,-0.02,0.99,-1.21,-1.76,3.45
170,-0.01,-0.02,0.98,-1.82,-2.95,3.65
171,0.0,-0.02,0.99,-3.8,-3.5,2.17
172,0.03,-0.02,0.97,-4.54,-3.68,1.58
173,0.04,-0.02,0.98,-5.72,-2.08,2.31
174,0.03,-0.04,0.99,-5.96,2.16,5.84
175,0.01,-0.05,1.01,-5.25,1.74,6.16
176,0.0,-0.05,1.0,-5.09,0.25,4.12
177,0.01,-0.05,1.0,-6.25,0.06,2.77
178,-0.0,-0.06,1.01,-6.99,-0.46,1.22
179,-0.0,-0.06,1.01,-5.71,-0.52,2.08
180,0.0,-0.05,1.02,-3.8,-1.35,2.09
181,0.02,-0.04,0.98,-1.44,-1.35,2.86
182,0.01,-0.02,0.97,-1.63,-3.05,2.02
183,-0.0,-0.01,0.97,-4.09,-7.27,-2.14
184,0.01,-0.02,0.98,-5.98,-8.77,-4.56
185,0.02,-0.02,0.97,-7.02,-9.15,-6.28
186,0.03,-0.03,0.99,-9.39,-9.63,-9.51
187,0.05,-0.05,1.0,-9.89,-8.52,-10.02
188,0.03,-0.05,1.0,-9.5,-7.11,-8.82
189,0.03,-0.05,0.98,-8.61,-5.53,-7.18
190,0.02,-0.05,0.98,-9.63,-4.74,-4.87
191,0.01,-0.05,0.97,-8.92,-5.95,-5.18
192,-0.0,-0.04,0.98,-9.08,-9.24,-7.43
193,0.0,-0.05,0.99,-10.51,-10.73,-9.14
194,0.01,-0.07,1.0,-11.01,-9.51,-6.38
195,0.0,-0.08,1.01,-11.2,-9.22,-5.44
196,0.02,-0.08,1.02,-10.21,-9.11,-4.24
197,0.04,-0.07,1.02,-9.17,-7.6,-2.85
198,0.04,-0.08,1.01,-8.04,-6.17,-3.24
199,0.03,-0.08,1.01,-4.89,-6.05,-3.43
200,0.04,-0.08,1.01,-2.01,-4.73,-2.36
201,0.04,-0.06,1.0,-0.14,-3.51,-1.6
202,0.05,-0.04,0.98,0.25,-1.73,-0.38
203,0.03,-0.03,0.97,-1.22,-1.32,1.09
204,0.04,-0.03,0.96,-3.38,-1.2,2.02
205,0.05,-0.03,0.95,-3.59,0.78,4.76
206,0.04,-0.04,0.97,-3.89,3.07,6.24
207,0.04,-0.05,0.99,-2.51,3.03,5.56
208,0.03,-0.06,0.99,-2.08,3.28,3.85
209,0.01,-0.07,1.0,-2.27,1.43,2.95
210,0.02,-0.06,1.0,-2.36,0.08,0.43
211,0.02,-0.06,1.0,-2.24,0.3,-1.66
212,0.02,-0.07,0.99,-1.69,-0.64,-3.38
213,0.0,-0.07,1.0,-1.56,-2.77,-4.32
214,0.0,-0.07,1.0,-0.82,-4.14,-5.2
215,0.01,-0.08,1.01,-0.63,-5.19,-5.79
216,0.0,-0.07,1.0,-1.79,-5.54,-6.02
217,0.0,-0.08,1.0,-3.63,-3.77,-4.4
218,0.03,-0.09,1.02,-2.7,-0.72,-0.87
219,0.03,-0.09,1.03,-0.63,2.21,3.47
220,0.03,-0.09,1.02,1.21,4.3,6.44
221,0.02,-0.07,1.01,2.34,5.5,7.42
222,0.02,-0.07,1.01,3.7,4.43,6.9
223,0.02,-0.06,0.99,4.54,1.42,4.02
224,0.03,-0.04,0.99,4.35,-0.98,0.9
225,0.03,-0.04,0.98,3.15,-1.86,-0.9
226,0.04,-0.04,0.98,2.96,-2.27,-1.14
227,0.04,-0.02,0.96,1.36,-4.31,-3.14
228,0.04,-0.02,0.96,-0.46,-4.45,-4.0
229,0.04,-0.03,0.97,-2.11,-5.18,-5.2
230,0.06,-0.04,0.99,-2.02,-5.11,-5.91
231,0.05,-0.04,0.98,-1.73,-3.98,-4.76
232,0.02,-0.03,0.99,-3.4,-3.4,-3.87
233,0.02,-0.03,0.98,-4.37,-3.22,-4.08
234,0.02,-0.05,0.99,-5.38,-2.03,-3.18
235,0.02,-0.06,1.01,-4.22,-1.19,-1.62
236,0.02,-0.07,1.01,-2.27,-1.19,-0.37
237,0.02,-0.07,1.0,-1.56,-1.87,-0.45
238,0.02,-0.06,0.99,-1.38,-3.25,-1.85
239,0.02,-0.04,0.99,-1.28,-4.37,-2.77
240,0.04,-0.03,0.98,-1.19,-4.56,-1.47
241,0.04,-0.03,0.97,-2.98,-4.92,-2.55
242,0.04,-0.02,0.97,-6.06,-4.45,-2.72
243,0.04,-0.02,0.96,-6.15,-4.52,-1.5
244,0.05,-0.02,0.96,-7.4,-2.65,-0.05
245,0.03,-0.03,0.96,-9.99,-3.58,-1.54
246,0.03,-0.04,0.99,-10.22,-4.92,-1.91
247,0.05,-0.06,0.98,-9.3,-3.89,-1.33
248,0.03,-0.07,0.99,-8.38,-2.75,-1.04
249,0.04,-0.07,1.0,-6.52,-2.26,-1.73
250,0.03,-0.08,1.0,-5.05,-3.02,-2.78
251,0.04,-0.07,1.0,-4.02,-3.11,-4.02
252,0.03,-0.07,1.0,-3.92,-3.44,-5.83
253,0.02,-0.07,1.0,-2.9,-3.43,-4.64
254,0.02,-0.08,1.0,1.01,-3.2,-3.63
255,0.02,-0.06,1.0,-2.09,-3.56,-3.6
256,0.03,-0.05,0.99,-3.4,-4.22,-3.19
257,0.01,-0.06,0.99,-4.95,-4.31,-3.58
258,0.02,-0.07,1.01,-5.89,-4.01,-2.7
259,0.04,-0.07,1.0,-4.37,-3.4,-1.57
260,0.03,-0.06,0.98,-3.8,-1.98,0.19
261,0.05,-0.06,0.98,-2.94,1.65,1.0
262,0.05,-0.05,1.0,-3.52,1.89,4.25
263,0.03,-0.07,1.01,-2.89,2.62,2.53
264,0.05,-0.07,1.0,-2.14,4.24,2.58
265,0.04,-0.06,1.01,-0.38,4.49,4.23
266,0.02,-0.07,0.99,0.41,2.66,2.85
267,0.03,-0.06,1.0,0.49,0.15,-0.73
268,0.04,-0.06,0.99,1.4,-0.23,-1.7
269,0.04,-0.06,0.99,1.79,-0.54,-2.5
270,0.05,-0.06,1.0,2.77,0.35,-2.07
271,0.05,-0.06,0.97,2.16,3.03,-1.09
272,0.06,-0.02,1.0,-2.77,2.51,0.05
273,0.02,-0.05,0.95,0.34,0.4,-0.56
274,0.03,-0.06,0.99,-0.13,5.0,0.99
275,-0.01,-0.08,0.98,0.24,1.82,0.99
276,-0.02,-0.1,1.01,-1.85,1.96,0.79
277,-0.0,-0.1,1.02,-1.53,2.84,0.54
278,-0.0,-0.12,1.04,1.3,2.84,-1.44
279,0.01,-0.12,1.04,1.69,4.0,2.34
280,-0.05,-0.12,1.03,6.02,5.14,1.29
281,-0.03,-0.11,1.03,6.5,2.83,0.66
282,-0.03,-0.11,1.04,6.38,1.64,0.98
283,-0.04,-0.11,1.04,7.98,0.59,1.17
284,-0.03,-0.11,1.03,11.08,0.27,3.3
285,-0.03,-0.09,1.05,11.44,1.11,3.5
286,0.01,-0.08,1.05,11.69,4.84,5.72
287,0.04,-0.05,1.06,15.86,11.27,9.42
288,0.04,-0.01,1.05,19.92,16.55,10.02
289,-0.0,0.02,1.02,21.34,19.34,10.45
290,-0.02,0.04,0.99,18.64,18.63,9.35
291,-0.03,0.06,0.97,13.82,13.53,0.98
292,-0.01,0.07,0.96,13.73,10.99,-0.56
293,0.01,0.08,0.96,10.33,9.96,0.67
294,0.03,0.11,0.99,6.94,13.31,2.29
295,0.03,0.14,0.99,3.43,18.53,3.66
296,0.0,0.18,0.99,1.56,19.62,5.4
297,-0.04,0.25,1.02,-2.56,14.05,2.5
298,-0.06,0.28,1.05,-5.26,7.49,0.16
299,-0.09,0.31,1.11,-7.87,-0.05,-4.48
300,-0.09,0.31,1.2,-9.93,-8.45,-6.88
301,-0.02,0.32,1.25,-9.02,-15.53,-7.34
302,0.09,0.35,1.33,-8.4,-18.33,-6.42
303,0.18,0.38,1.39,-8.19,-17.55,-8.93
304,0.23,0.42,1.47,-7.42,-16.02,-15.73
305,0.25,0.46,1.58,-0.15,-15.37,-18.85
306,0.27,0.57,1.78,-0.13,-29.45,-18.6
307,0.24,0.76,1.76,15.7,-4.22,-20.61
308,0.22,1.05,1.8,20.18,10.73,-18.15
309,0.08,1.33,1.81,10.54,13.25,-21.01
310,-0.12,1.56,1.87,18.22,16.15,-22.11
311,-0.16,1.67,1.85,18.13,-4.2,-25.06
312,-0.07,1.76,1.76,33.4,-19.53,-21.4
313,0.19,1.89,1.53,35.21,-22.74,-22.8
314,0.51,1.99,1.27,27.91,-8.76,-30.47
315,0.76,2.0,1.05,8.5,2.72,-41.42
316,0.97,2.0,0.86,-8.02,23.41,-59.76
317,1.06,1.95,0.59,-22.25,37.02,-78.23
318,1.08,1.76,0.24,-34.47,39.67,-94.52
319,1.0,1.31,-0.19,-29.56,43.12,-111.34
320,0.67,0.72,-0.52,-41.94,35.35,-122.02
321,0.52,-0.01,-0.73,-56.61,35.47,-113.07
322,0.57,-0.9,-0.87,-58.85,51.85,-72.32
323,0.74,-1.89,-0.85,-27.5,94.85,-31.93
324,1.25,-2.0,-1.05,-16.54,130.05,-3.04
325,1.51,-2.0,-1.47,-98.76,195.22,-32.73
326,1.51,-2.0,-1.33,-226.57,250.13,-139.65
327,0.73,-2.0,-0.62,-250.14,250.13,-250.14
328,-0.42,-2.0,0.34,-250.14,250.13,-250.14
329,-1.31,-2.0,1.23,-234.17,250.13,-250.14
330,-2.0,-2.0,1.72,-148.14,239.87,-207.02
331,-2.0,-2.0,1.94,-66.29,146.88,-111.01
332,-2.0,-1.47,1.9,-12.54,49.32,-30.89
333,-2.0,-1.33,1.76,61.71,-50.2,56.95
334,-2.0,-1.18,1.18,126.99,-147.52,115.36
335,-1.19,-0.82,0.6,149.06,-223.16,99.56
336,-0.45,-0.42,0.29,116.6,-250.14,61.77
337,0.02,-0.21,0.31,73.63,-250.14,39.34
338,0.41,-0.23,0.47,45.0,-203.99,50.96
339,0.73,-0.25,0.63,25.85,-133.98,69.24
340,0.9,-0.22,0.69,23.73,-62.66,73.28
341,0.88,-0.11,0.56,13.56,-10.18,57.26
342,0.69,-0.09,0.58,12.11,7.08,28.02
343,0.41,-0.11,0.6,10.46,9.95,3.53
344,0.06,-0.08,0.58,3.69,-18.34,-17.68
345,-0.11,-0.01,0.61,-11.79,-49.64,-31.82
346,-0.13,0.02,0.69,-21.2,-79.94,-39.63
347,-0.08,0.0,0.7,-32.1,-96.26,-46.42
348,0.02,-0.09,0.78,-38.21,-89.14,-40.8
349,0.05,-0.19,0.92,-40.23,-75.69,-32.48
350,0.06,-0.24,1.01,-41.63,-56.16,-17.73
351,0.07,-0.25,1.05,-41.56,-40.29,-5.41
352,0.07,-0.26,1.11,-36.89,-29.4,0.96
353,0.05,-0.26,1.16,-38.58,-13.87,-1.49
354,0.05,-0.28,1.16,-38.66,0.55,-0.38
355,0.02,-0.35,1.21,-33.34,15.22,2.18
356,-0.04,-0.35,1.17,-22.66,21.21,7.41
357,-0.13,-0.38,1.18,-12.92,27.06,14.92
358,-0.2,-0.41,1.18,-4.74,20.98,16.37
359,-0.21,-0.39,1.12,6.17,12.36,18.81
360,-0.21,-0.32,1.04,13.04,-0.6,19.18
361,-0.17,-0.25,0.97,14.95,-7.34,17.53
362,-0.11,-0.19,0.89,11.79,-11.4,13.67
363,-0.08,-0.18,0.88,6.57,-13.84,10.43
364,-0.02,-0.21,0.88,0.75,-7.73,7.71
365,0.01,-0.24,0.9,-2.7,-1.85,5.47
366,0.01,-0.26,0.92,-2.56,2.16,5.65
367,-0.0,-0.26,0.93,3.11,3.35,10.07
368,-0.04,-0.22,0.9,6.58,-0.08,11.89
369,-0.09,-0.21,0.88,4.4,-9.34,6.98
370,-0.07,-0.21,0.9,1.25,-19.69,2.38
371,-0.07,-0.18,0.9,-1.21,-27.59,-0.34
372,-0.03,-0.18,0.92,-5.26,-29.82,-3.09
373,-0.01,-0.2,0.96,-7.03,-29.18,-1.41
374,-0.01,-0.2,0.99,-8.4,-24.73,1.05
375,-0.01,-0.21,1.02,-11.5,-18.4,2.15
376,0.04,-0.27,1.06,-11.11,-8.95,6.77
377,0.02,-0.33,1.12,-5.46,-1.67,8.33
378,-0.0,-0.33,1.09,1.83,-1.09,7.33
379,-0.01,-0.29,1.05,5.37,-0.82,5.89
380,-0.01,-0.24,0.99,5.82,-1.4,6.34
381,-0.04,-0.22,1.0,7.44,-3.85,4.15
382,-0.08,-0.19,0.97,5.79,-8.3,1.89
383,-0.09,-0.17,0.94,2.47,-12.69,2.46
384,-0.07,-0.18,0.94,-0.68,-15.75,0.4
385,-0.04,-0.25,0.98,-1.9,-15.82,1.4
386,-0.05,-0.27,1.03,-0.12,-15.17,4.29
387,-0.03,-0.26,1.02,-1.07,-13.27,7.15
388,0.03,-0.24,1.02,-2.16,-10.56,7.66
389,0.06,-0.24,1.0,-0.39,-8.18,4.8
390,0.06,-0.25,1.0,0.46,-7.93,0.89
391,0.03,-0.24,0.99,1.63,-7.66,-0.04
392,0.03,-0.24,0.99,3.28,1.06,1.5
393,0.05,-0.26,0.95,5.0,-8.0,3.61
394,0.02,-0.24,0.96,4.7,-9.51,2.85
395,0.02,-0.21,0.95,3.54,-10.58,2.21
396,0.05,-0.19,0.94,2.21,-9.29,1.08
397,0.06,-0.2,0.94,0.41,-5.73,2.08
398,0.03,-0.19,0.94,-0.36,-4.18,3.77
399,0.02,-0.16,0.93,-3.39,-6.0,-0.56
400,0.0,-0.14,0.95,-5.37,-10.31,-6.82
401,-0.01,-0.16,0.97,-6.76,-15.24,-11.66
402,0.01,-0.19,0.98,-7.4,-13.7,-10.02
403,0.0,-0.21,0.98,-7.56,-9.76,-6.36
404,0.0,-0.22,1.0,-5.29,-1.44,-0.71
405,0.02,-0.22,0.99,-0.26,2.45,8.81
406,-0.02,-0.19,1.0,3.95,9.27,15.86
407,-0.05,-0.18,0.97,7.03,11.33,18.52
408,-0.07,-0.17,0.97,4.99,12.18,20.53
409,-0.06,-0.21,0.96,5.07,13.34,22.16
410,-0.03,-0.21,0.99,4.7,10.27,19.31
411,0.01,-0.26,1.03,7.78,12.18,15.72
412,-0.02,-0.23,1.01,9.52,11.61,11.39
413,-0.03,-0.23,1.0,13.56,13.35,12.54
414,-0.06,-0.23,0.97,18.65,14.79,16.92
415,-0.08,-0.21,0.93,21.75,12.91,25.03
416,-0.08,-0.17,0.91,22.07,13.11,31.99
417,-0.11,-0.08,0.88,15.84,4.7,35.01
418,-0.11,-0.1,0.84,6.98,-3.43,34.96
419,-0.02,-0.08,0.83,8.79,-2.47,36.09
420,-0.06,-0.07,0.81,-2.34,-3.05,33.9
421,-0.04,-0.09,0.81,-6.1,-0.19,27.83
422,-0.02,-0.12,0.86,-9.79,4.98,19.48
423,-0.06,-0.15,0.92,-9.08,-4.76,27.78
424,-0.03,-0.2,1.0,5.21,2.77,20.49
425,-0.05,-0.22,1.01,7.7,9.56,21.1
426,0.0,-0.21,1.0,12.25,12.75,16.18
427,-0.03,-0.22,0.96,20.13,19.28,11.69
428,-0.03,-0.2,1.0,22.55,13.98,10.4
429,-0.04,-0.15,0.99,21.02,14.95,9.63
430,-0.1,-0.09,0.91,13.18,19.63,7.14
431,-0.08,-0.07,0.9,3.69,11.76,9.22
432,-0.1,-0.05,0.89,9.53,15.06,7.76
433,-0.12,-0.04,0.89,3.08,9.79,9.05
434,-0.09,-0.09,0.89,-4.93,9.6,8.85
435,-0.05,-0.15,0.95,-7.39,11.38,7.0
436,-0.07,-0.21,1.02,-8.08,7.59,5.04
437,-0.07,-0.24,1.06,-7.01,4.63,2.93
438,-0.05,-0.24,1.04,-4.14,3.67,-0.47
439,-0.08,-0.19,1.02,-1.58,1.15,-3.17
440,-0.12,-0.15,0.98,-2.53,-1.43,-4.97
441,-0.12,-0.14,0.96,-6.08,2.46,-3.72
442,-0.14,-0.13,0.96,-9.75,4.85,-4.32
443,-0.15,-0.15,0.97,-9.68,6.83,-3.63
444,-0.12,-0.17,0.97,-9.18,3.84,-2.97
445,-0.13,-0.19,0.99,-10.63,1.24,-1.85
446,-0.13,-0.19,1.0,-11.24,-1.82,-2.23
447,-0.11,-0.2,1.0,-12.28,-5.2,-6.02
448,-0.1,-0.19,1.01,-15.18,-7.52,-11.81
449,-0.03,-0.22,1.02,-11.07,-4.88,-10.15
450,-0.04,-0.2,1.03,-4.74,0.9,-7.81
451,-0.03,-0.2,1.02,0.24,3.72,-6.59
452,0.02,-0.18,0.99,7.75,15.43,1.8
453,-0.07,-0.16,0.97,8.92,20.98,3.47
454,-0.1,-0.12,0.92,5.86,20.68,2.55
455,-0.12,-0.11,0.89,2.6,19.5,3.47
456,-0.14,-0.11,0.9,-0.86,15.21,2.62
457,-0.15,-0.13,0.92,-5.47,9.31,2.15
458,-0.16,-0.15,0.96,-8.57,1.05,1.69
459,-0.15,-0.19,0.99,-8.34,-7.37,-2.89
460,-0.1,-0.22,1.02,-7.18,-11.54,-6.42
461,-0.06,-0.22,1.03,-4.11,-8.29,-7.54
462,-0.02,-0.22,1.04,-2.77,-6.18,-10.92
463,-0.03,-0.21,1.03,-1.08,-2.8,-13.02
464,-0.04,-0.18,1.02,-0.35,1.58,-13.7
465,-0.02,-0.17,1.0,2.61,9.49,-6.7
466,-0.06,-0.14,0.96,4.68,14.66,-3.44
467,-0.1,-0.13,0.94,4.21,13.37,-4.71
468,-0.12,-0.13,0.92,1.97,12.19,-5.36
469,-0.11,-0.13,0.93,-0.13,6.84,-5.22
470,-0.12,-0.14,0.94,-1.53,1.07,-9.16
471,-0.1,-0.14,0.95,-4.61,-0.25,-11.56
472,-0.1,-0.15,0.96,-4.0,0.57,-11.99
473,-0.08,-0.17,0.96,-3.23,-0.96,-9.86
474,-0.08,-0.14,0.95,-1.66,-0.77,-7.96
475,-0.07,-0.14,0.94,0.05,1.89,-5.16
476,-0.1,-0.14,0.94,-1.44,2.05,-4.27
477,-0.09,-0.17,0.97,-2.98,1.98,-4.59
478,-0.08,-0.15,0.98,-3.32,2.27,-8.55
479,-0.05,-0.16,0.97,-3.05,6.37,-11.31
480,-0.08,-0.16,0.95,-2.73,7.38,-13.47
481,-0.09,-0.18,0.97,-2.62,9.63,-13.57
482,-0.1,-0.2,0.98,-1.74,10.42,-11.63
483,-0.12,-0.16,0.95,-1.69,8.08,-12.02
484,-0.14,-0.14,0.93,-2.73,3.1,-14.17
485,-0.14,-0.14,0.89,-2.03,-0.46,-13.96
486,-0.11,-0.16,0.94,-3.67,0.49,-8.87
487,-0.14,-0.17,0.96,-2.63,0.34,-8.13
488,-0.13,-0.16,0.97,-3.02,0.37,-6.16
489,-0.12,-0.15,0.96,-3.41,1.0,-4.65
490,-0.13,-0.15,0.97,-5.28,2.42,-4.35
491,-0.11,-0.17,0.99,-4.61,4.89,-2.65
492,-0.13,-0.2,0.99,-2.53,5.29,-1.11
493,-0.13,-0.19,0.98,-0.01,3.27,-1.88
494,-0.13,-0.18,0.96,1.51,-0.37,-3.14
495,-0.14,-0.17,0.96,1.05,-3.28,-4.62
496,-0.13,-0.15,0.95,-0.41,-5.57,-7.45
497,-0.09,-0.14,0.93,-0.25,-4.47,-4.92
498,-0.11,-0.13,0.93,-1.64,-3.98,-5.35
499,-0.1,-0.13,0.94,-2.94,-4.57,-6.6
