,accel_x,accel_y,accel_z,gyro_x,gyro_y,gyro_z
0,-0.09,-0.17,0.97,-4.08,-1.4,-5.27
1,-0.09,-0.17,0.98,-3.56,-1.58,-4.05
2,-0.09,-0.16,0.97,-3.38,-1.95,-4.75
3,-0.07,-0.16,0.98,-3.33,-1.53,-4.31
4,-0.08,-0.17,0.99,-3.42,-0.56,-3.73
5,-0.08,-0.18,0.99,-3.42,0.09,-3.4
6,-0.09,-0.18,1.0,-2.82,0.59,-3.23
7,-0.09,-0.19,0.99,-0.89,2.15,-3.55
8,-0.1,-0.18,0.98,-0.15,2.65,-2.54
9,-0.11,-0.16,0.96,-0.85,2.0,-2.14
10,-0.11,-0.16,0.95,-1.77,0.13,-2.29
11,-0.11,-0.15,0.96,-2.46,-2.99,-3.22
12,-0.1,-0.15,0.96,-3.04,-5.25,-4.92
13,-0.1,-0.15,0.97,-4.39,-5.85,-4.23
14,-0.07,-0.17,0.98,-4.95,-4.53,-4.37
15,-0.06,-0.19,1.0,-3.48,-1.47,-3.43
16,-0.08,-0.21,1.01,-0.98,0.78,-1.77
17,-0.09,-0.2,1.0,1.76,-0.13,-0.5
18,-0.1,-0.18,0.98,2.67,-1.92,-1.68
19,-0.1,-0.15,0.96,1.5,-3.75,-2.96
20,-0.1,-0.15,0.96,0.05,-4.23,-2.47
21,-0.09,-0.15,0.96,-0.55,-4.53,-2.1
22,-0.09,-0.17,0.97,-0.88,-4.11,-1.69
23,-0.09,-0.17,0.96,-1.72,-3.2,-0.98
24,-0.1,-0.16,0.97,-2.53,-3.48,-0.24
25,-0.09,-0.16,1.0,-4.08,-5.05,0.05
26,-0.07,-0.17,0.96,-2.47,-1.9,1.19
27,-0.08,-0.17,0.96,-3.17,-1.32,2.32
28,-0.1,-0.19,0.96,-4.7,-4.56,-2.47
29,-0.1,-0.2,0.99,-2.83,-7.73,-4.82
30,-0.09,-0.21,1.0,-2.15,-8.16,-10.72
31,-0.11,-0.23,1.0,-3.94,-9.96,-7.29
32,-0.07,-0.23,1.01,-3.29,-8.3,-4.72
33,-0.11,-0.32,1.05,1.5,-6.9,-22.44
34,-0.06,-0.26,1.01,5.95,0.93,4.69
35,-0.1,-0.28,0.99,4.41,5.5,11.13
36,-0.13,-0.3,0.98,7.12,5.38,15.4
37,-0.17,-0.33,0.97,7.08,2.94,20.63
38,-0.16,-0.38,0.97,6.95,-0.56,23.8
39,-0.07,-0.42,0.98,12.85,0.46,33.54
40,-0.02,-0.47,0.99,18.89,4.48,40.27
41,-0.0,-0.49,1.02,20.83,8.3,43.04
42,0.03,-0.45,0.99,22.82,11.79,48.79
43,0.03,-0.4,0.9,30.6,14.65,52.14
44,0.02,-0.35,0.83,33.12,10.66,46.89
45,0.01,-0.3,0.76,32.66,5.98,44.55
46,-0.01,-0.27,0.68,29.22,-4.76,36.32
47,-0.04,-0.26,0.67,21.59,-15.62,27.79
48,-0.07,-0.25,0.67,14.38,-30.02,20.82
49,-0.12,-0.24,0.69,7.82,-46.13,11.19
50,-0.16,-0.3,0.81,8.15,-56.36,4.16
51,-0.16,-0.4,0.81,14.31,-68.53,0.92
52,-0.06,-0.44,0.85,25.23,-69.79,14.65
53,0.02,-0.46,0.87,35.8,-56.4,37.39
54,0.05,-0.44,0.93,43.85,-57.18,40.56
55,0.15,-0.4,0.96,48.07,-59.85,33.78
56,0.2,-0.38,0.97,54.79,-58.76,25.22
57,0.24,-0.31,0.96,60.02,-52.04,22.0
58,0.25,-0.25,0.93,61.0,-47.32,15.19
59,0.2,-0.17,0.92,57.3,-46.1,8.37
60,0.16,-0.12,0.9,53.89,-46.02,4.28
61,0.15,-0.07,0.86,43.58,-40.31,3.62
62,0.11,-0.05,0.8,36.21,-30.92,6.95
63,0.09,-0.04,0.81,29.52,-14.27,14.65
64,0.11,-0.03,0.77,22.88,-3.49,24.76
65,0.08,-0.0,0.77,17.81,-3.27,23.58
66,0.16,0.01,0.8,15.71,-5.13,18.26
67,0.22,0.01,0.8,16.64,-8.9,9.65
68,0.22,0.02,0.88,18.38,-8.83,3.3
69,0.18,0.02,0.87,18.82,-8.88,-4.47
70,0.12,0.06,0.85,17.14,-0.4,-4.92
71,0.03,0.12,0.87,12.73,-0.07,-7.15
72,-0.03,0.19,0.89,6.38,-1.82,-5.31
73,-0.03,0.24,0.88,-0.53,-4.77,-6.26
74,-0.01,0.23,0.92,-10.94,-10.01,-6.58
75,0.11,0.22,0.94,-22.69,-11.12,-9.11
76,0.22,0.18,0.97,-31.6,-7.31,-18.44
77,0.28,0.12,1.07,-36.5,-2.36,-26.65
78,0.26,0.06,1.19,-30.76,8.63,-26.58
79,0.21,0.04,1.2,-21.82,18.82,-27.8
80,0.14,0.01,1.21,-8.95,31.43,-23.19
81,0.04,0.04,1.13,2.61,38.13,-17.59
82,-0.06,0.07,1.04,7.55,36.08,-18.45
83,-0.14,0.11,0.97,7.63,29.31,-19.05
84,-0.15,0.18,0.95,0.16,18.23,-20.34
85,-0.05,0.21,0.96,-6.9,15.63,-16.79
86,0.01,0.22,0.97,-16.05,13.75,-23.18
87,0.03,0.19,1.03,-21.65,14.38,-26.06
88,0.03,0.15,1.07,-23.32,18.53,-28.34
89,0.01,0.12,1.06,-19.94,19.17,-29.25
90,-0.03,0.08,1.07,-16.64,19.06,-32.18
91,-0.07,0.05,1.06,-12.31,22.19,-32.64
92,-0.12,0.05,1.03,-9.53,20.95,-33.34
93,-0.17,0.08,1.04,-7.97,17.76,-30.74
94,-0.19,0.1,1.0,-10.42,10.5,-32.6
95,-0.16,0.12,1.04,-14.95,5.36,-32.63
96,-0.12,0.12,1.08,-17.11,0.06,-30.67
97,-0.06,0.09,1.13,-10.18,7.4,-26.98
98,-0.02,0.08,1.11,-2.4,12.13,-20.02
99,-0.02,0.1,1.07,4.67,16.4,-16.11
100,-0.05,0.12,1.04,7.0,11.69,-18.05
101,-0.02,0.13,1.03,7.56,7.07,-18.79
102,0.02,0.17,1.02,6.51,4.63,-17.0
103,0.1,0.18,1.01,3.95,5.79,-14.85
104,0.13,0.17,1.02,-0.13,11.47,-13.95
105,0.15,0.14,1.06,0.24,21.5,-11.69
106,0.15,0.14,1.08,2.58,29.81,-11.14
107,0.13,0.16,1.05,5.38,35.46,-13.11
108,0.09,0.17,1.0,8.66,42.01,-17.31
109,0.02,0.2,0.98,5.26,40.59,-21.47
110,-0.07,0.19,0.96,3.55,34.87,-24.93
111,-0.15,0.2,0.97,0.21,29.53,-26.77
112,-0.2,0.19,0.96,-6.88,27.19,-27.35
113,-0.23,0.2,0.99,-8.79,22.47,-23.44
114,-0.29,0.22,1.04,-13.87,18.56,-19.7
115,-0.32,0.21,1.09,-16.77,15.97,-12.83
116,-0.33,0.23,1.13,-16.21,14.42,-4.25
117,-0.34,0.25,1.16,-15.53,10.77,-1.64
118,-0.31,0.22,1.18,-11.82,4.07,1.31
119,-0.27,0.19,1.21,-3.55,-0.58,8.38
120,-0.22,0.13,1.18,6.69,-3.47,7.67
121,-0.19,0.05,1.11,9.72,-11.31,-0.24
122,-0.11,0.0,1.06,12.66,-12.25,0.07
123,-0.05,-0.02,0.99,18.84,-6.9,5.63
124,-0.03,-0.0,0.91,19.18,-3.41,5.88
125,-0.03,0.0,0.85,13.83,-1.79,4.41
126,-0.05,0.01,0.82,5.06,2.43,4.02
127,-0.07,0.0,0.83,-1.69,5.42,4.92
128,-0.1,-0.0,0.86,-8.44,10.82,10.42
129,-0.13,-0.0,0.91,-13.46,11.95,13.16
130,-0.15,-0.0,0.94,-17.0,5.51,9.32
131,-0.14,-0.02,0.99,-16.7,1.01,4.99
132,-0.14,-0.02,1.04,-12.6,-1.73,-0.68
133,-0.14,-0.03,1.03,-8.01,-3.31,-2.79
134,-0.13,-0.01,1.02,-4.75,-4.6,-1.44
135,-0.11,0.01,1.0,-3.36,-5.44,-0.96
136,-0.09,0.03,0.98,-4.37,-6.94,-3.79
137,-0.09,0.02,0.96,-7.51,-8.31,-8.29
138,-0.1,-0.0,0.99,-11.69,-9.13,-8.44
139,-0.1,-0.02,0.99,-12.27,-8.82,-6.18
140,-0.11,-0.03,0.99,-14.4,-7.13,-3.49
141,-0.09,-0.04,1.01,-14.84,-1.4,3.95
142,-0.1,-0.06,1.03,-14.69,3.24,8.57
143,-0.1,-0.08,1.05,-11.03,5.73,9.92
144,-0.1,-0.08,1.07,-7.11,4.34,10.07
145,-0.08,-0.08,1.05,-2.04,2.58,10.71
146,-0.07,-0.04,1.01,1.01,-0.08,8.99
147,-0.04,-0.02,1.0,1.51,-2.63,6.05
148,-0.04,0.0,0.99,1.82,-4.21,3.28
149,-0.02,0.02,0.96,2.23,-5.04,1.35
150,-0.01,0.04,0.93,1.71,-4.34,-0.17
151,-0.02,0.05,0.94,-1.37,-6.17,-3.5
152,-0.03,0.03,0.95,-3.03,-7.15,-5.87
153,-0.03,0.03,0.95,-5.13,-7.36,-7.37
154,-0.06,0.01,0.97,-7.33,-5.94,-9.32
155,-0.06,0.0,0.98,-6.32,-5.89,-8.6
156,-0.05,-0.01,0.98,-4.27,-3.18,-4.46
157,-0.06,-0.01,0.97,-5.16,-1.98,-3.7
158,-0.06,-0.01,0.98,-5.18,-1.85,-3.76
159,-0.07,-0.01,0.98,-5.66,-1.98,-4.2
160,-0.08,-0.01,0.97,-7.27,-3.81,-6.6
161,-0.09,-0.03,0.97,-8.66,-6.18,-8.44
162,-0.09,-0.03,0.99,-10.6,-7.66,-9.25
163,-0.08,-0.04,0.99,-8.93,-6.59,-6.1
164,-0.12,-0.05,1.0,-9.99,-5.73,-5.95
165,-0.12,-0.07,1.02,-9.77,-6.24,-5.79
166,-0.1,-0.08,1.05,-7.32,-4.89,-1.94
167,-0.09,-0.05,1.03,-2.71,-0.57,2.95
168,-0.12,-0.08,1.04,0.36,-1.07,3.34
169,-0.13,-0.07,1.02,3.33,-1.36,3.75
170,-0.13,-0.05,1.01,6.35,-2.6,4.45
171,-0.11,-0.02,0.98,9.07,-1.87,6.47
172,-0.11,0.01,0.94,8.75,-1.14,7.16
173,-0.1,0.03,0.92,5.75,-1.85,5.67
174,-0.07,0.04,0.9,2.47,-5.47,3.38
175,-0.06,0.06,0.89,-0.5,-5.83,3.6
176,-0.06,0.05,0.9,-4.29,-8.7,1.9
177,-0.03,0.04,0.93,-6.47,-8.28,0.58
178,-0.04,0.03,0.93,-8.61,-10.36,-2.44
179,-0.05,0.01,0.96,-11.25,-12.73,-6.85
180,-0.03,-0.02,0.99,-11.17,-12.41,-7.47
181,-0.04,-0.07,1.02,-8.99,-10.97,-15.5
182,-0.02,-0.03,1.02,-6.66,-7.13,-4.3
183,-0.01,-0.02,1.01,-4.77,-3.65,0.82
184,-0.02,-0.02,1.0,-3.82,-3.79,0.69
185,-0.03,-0.02,1.01,-5.94,-7.16,-3.37
186,-0.05,-0.04,1.02,-8.75,-10.31,-10.23
187,-0.07,-0.07,1.04,-7.99,-9.89,-11.71
188,-0.04,-0.07,1.04,-8.53,-11.9,-13.65
189,-0.07,-0.09,1.04,-8.56,-12.25,-13.87
190,-0.02,-0.07,1.02,-5.47,-4.92,-4.68
191,-0.06,-0.09,1.04,-6.25,-4.63,-3.88
192,-0.08,-0.09,1.05,-6.41,-3.4,-3.28
193,-0.04,-0.1,1.05,-5.68,-0.28,-0.33
194,-0.05,-0.09,1.04,-2.56,2.08,6.07
195,-0.03,-0.07,1.03,-1.42,3.8,7.3
196,-0.04,-0.06,1.02,-3.67,1.81,4.06
197,-0.0,-0.05,1.0,-1.44,2.1,2.88
198,-0.05,-0.03,0.96,3.55,1.51,2.51
199,-0.04,-0.01,0.95,2.26,1.45,3.5
200,-0.02,-0.0,0.98,1.42,-6.3,1.74
201,-0.04,0.01,0.96,0.34,1.07,5.98
202,-0.02,0.01,0.92,-2.7,1.77,8.62
203,-0.05,0.0,0.95,-5.24,4.74,7.08
204,-0.06,-0.01,0.96,-5.69,3.57,2.01
205,-0.08,-0.03,1.0,-7.38,3.36,3.77
206,-0.08,-0.02,0.99,-2.37,3.49,8.56
207,-0.05,0.0,0.95,-2.12,7.63,13.96
208,-0.08,0.03,0.93,-4.42,4.15,12.75
209,-0.08,0.02,0.88,-6.35,7.66,9.61
210,-0.08,0.05,0.89,-8.73,3.11,12.35
211,-0.13,0.02,0.92,-9.71,-6.82,11.8
212,-0.13,-0.0,0.91,-10.46,-10.78,7.19
213,-0.12,0.02,0.91,-14.48,-9.18,9.03
214,-0.07,-0.02,0.96,-15.69,-11.09,12.9
215,-0.08,-0.01,0.96,-16.75,-8.53,8.4
216,-0.05,-0.03,0.94,-8.97,-16.76,14.39
217,-0.03,-0.05,1.0,-7.19,-16.98,12.56
218,-0.0,-0.09,1.03,-9.06,-14.87,2.99
219,0.01,-0.1,1.09,-3.0,-13.58,5.59
220,0.01,-0.09,1.09,1.16,-6.08,13.05
221,-0.01,-0.11,1.08,3.24,-3.64,14.58
222,-0.03,-0.1,1.07,7.05,0.52,13.62
223,-0.03,-0.07,1.04,10.37,2.11,17.47
224,-0.05,-0.08,1.02,11.98,1.8,15.02
225,-0.05,-0.07,1.01,13.98,-2.05,12.28
226,-0.04,-0.08,1.02,18.69,-5.73,9.88
227,-0.04,-0.07,0.98,17.54,-6.42,7.81
228,-0.07,-0.05,0.96,15.25,-8.81,3.99
229,-0.07,-0.05,0.96,12.98,-10.48,1.45
230,-0.06,-0.05,0.97,9.14,-13.27,4.92
231,-0.04,-0.05,0.98,9.05,-13.85,5.72
232,-0.05,-0.05,0.97,7.33,-3.09,9.54
233,-0.07,-0.07,1.01,5.35,-2.24,6.91
234,-0.05,-0.05,1.0,6.04,-3.18,4.34
235,-0.03,-0.07,0.98,7.18,0.32,5.82
236,-0.03,-0.05,0.97,5.58,-0.95,1.92
237,-0.03,-0.07,0.98,4.12,-2.11,-1.52
238,-0.04,-0.07,1.0,3.3,-1.37,-3.05
239,-0.05,-0.07,1.02,4.62,-4.7,-3.5
240,-0.03,-0.06,1.04,6.7,-5.66,-4.86
241,-0.01,-0.05,1.04,10.31,-2.71,-5.76
242,0.02,-0.06,1.06,16.24,-0.98,-7.18
243,0.01,-0.05,1.05,20.89,0.28,-5.8
244,-0.02,-0.01,1.01,24.46,-1.82,-7.01
245,-0.02,0.01,0.98,24.06,-3.97,-9.87
246,0.01,0.04,0.99,21.86,-2.47,-10.95
247,0.06,0.03,0.97,23.24,-0.81,-15.6
248,0.07,0.04,0.99,27.27,8.19,-8.98
249,0.01,0.08,0.95,27.85,17.13,-2.6
250,-0.06,0.1,0.9,30.13,19.19,-0.37
251,-0.08,0.11,0.85,31.74,16.05,1.94
252,-0.1,0.15,0.8,28.3,10.89,3.21
253,-0.11,0.19,0.77,23.85,7.43,4.5
254,-0.09,0.17,0.8,22.59,12.06,15.44
255,-0.08,0.12,0.82,15.6,14.53,23.35
256,-0.02,0.13,0.92,17.27,19.58,35.68
257,-0.05,0.04,0.92,17.02,37.61,51.64
258,-0.1,0.0,0.97,10.55,25.95,55.56
259,-0.13,0.01,1.05,13.89,20.03,46.14
260,-0.04,0.04,1.08,9.51,6.47,26.44
261,0.05,0.04,1.1,11.65,-8.45,11.34
262,0.01,0.07,1.12,21.87,-24.82,-3.34
263,0.02,0.11,1.08,26.56,-31.11,-5.6
264,0.04,0.14,1.04,29.38,-25.76,-3.03
265,0.05,0.2,1.01,28.48,-20.12,-2.57
266,0.05,0.23,0.99,24.21,-13.07,0.58
267,0.05,0.24,0.99,20.52,-5.2,3.58
268,0.07,0.26,0.96,15.2,-3.66,2.89
269,0.1,0.28,0.99,13.16,-3.04,3.5
270,0.09,0.27,1.03,11.61,3.55,5.78
271,0.11,0.28,1.04,10.43,1.2,-0.31
272,0.13,0.29,1.07,6.29,2.29,-6.13
273,0.15,0.26,1.12,7.75,7.72,-13.59
274,0.09,0.26,1.14,12.23,5.7,-21.93
275,-0.02,0.28,1.15,20.06,0.76,-28.44
276,-0.08,0.3,1.11,23.91,-6.98,-31.77
277,-0.11,0.35,1.08,23.5,-12.92,-33.79
278,-0.15,0.4,1.07,20.39,-15.97,-34.36
279,-0.21,0.48,1.04,15.47,-0.66,-28.43
280,-0.26,0.55,1.13,6.81,-18.85,-20.5
281,-0.2,0.64,1.18,2.47,-13.28,-18.27
282,-0.12,0.73,1.26,-2.56,-15.82,-19.89
283,0.01,0.79,1.35,-5.44,-17.87,-29.89
284,0.11,0.84,1.45,6.26,-4.53,-37.02
285,0.04,0.96,1.49,17.64,-1.54,-36.56
286,-0.08,1.08,1.39,37.37,2.56,-36.33
287,-0.19,1.21,1.4,58.68,4.36,-28.86
288,-0.34,1.27,1.21,77.23,-4.79,-22.19
289,-0.51,1.45,1.17,90.27,-10.43,-2.99
290,-0.6,1.59,1.04,89.73,-19.37,7.64
291,-0.66,1.87,1.01,95.65,-24.92,28.8
292,-0.75,1.97,0.73,115.47,-27.89,71.02
293,-0.55,2.0,0.71,102.86,-51.27,98.97
294,-0.15,2.0,0.58,102.6,-54.31,110.4
295,0.42,2.0,0.4,92.01,-55.76,94.69
296,0.88,2.0,0.13,82.62,-34.21,75.42
297,1.04,2.0,-0.08,33.86,-32.58,38.26
298,1.05,1.86,-0.45,-14.27,-43.65,-21.92
299,1.08,1.53,-0.64,-70.52,-17.76,-62.24
300,1.09,1.03,-0.96,-140.04,26.25,-81.79
301,0.99,0.09,-1.02,-197.88,117.98,-80.3
302,0.94,-1.09,-0.76,-234.21,211.78,-60.29
303,1.01,-2.0,-0.48,-250.14,250.13,-5.94
304,0.94,-2.0,-0.18,-250.14,250.13,47.5
305,0.56,-2.0,-0.05,-250.14,250.13,18.85
306,-0.42,-2.0,0.27,-201.05,250.13,-105.48
307,-1.83,-2.0,0.61,-142.02,250.13,-248.91
308,-2.0,-2.0,0.83,-130.59,-85.97,-250.14
309,-2.0,-2.0,1.25,-106.47,-170.29,-250.14
310,-1.86,-2.0,1.52,-82.53,-129.22,-186.43
311,-1.42,-1.67,1.6,-52.71,-33.29,-117.8
312,-1.36,-1.23,1.41,-40.53,38.18,-45.82
313,-1.38,-0.73,1.05,-38.89,82.41,27.1
314,-1.33,-0.28,0.86,-39.77,81.43,82.75
315,-1.21,-0.02,0.64,-28.94,8.34,87.39
316,-0.98,-0.04,0.79,-35.66,-86.92,50.67
317,-0.54,-0.37,0.93,-31.72,-153.11,16.52
318,-0.1,-0.62,1.03,-20.7,-158.24,10.09
319,0.25,-0.6,1.01,-10.29,-126.65,15.87
320,0.45,-0.47,0.99,-16.34,-90.58,21.07
321,0.52,-0.3,0.92,-7.4,-42.77,30.63
322,0.49,-0.16,0.83,-2.73,-16.55,32.79
323,0.34,-0.04,0.74,-0.29,-11.47,23.3
324,0.23,-0.01,0.66,-4.25,-11.98,4.1
325,0.05,-0.01,0.69,-13.04,-15.84,-14.4
326,-0.15,-0.07,0.77,-20.32,-22.15,-25.6
327,-0.3,-0.18,0.91,-21.41,-31.16,-29.37
328,-0.39,-0.24,0.99,-17.11,-45.76,-32.32
329,-0.34,-0.26,1.01,-14.45,-53.18,-32.44
330,-0.28,-0.24,1.01,-10.47,-50.79,-29.24
331,-0.28,-0.21,1.0,-8.17,-50.61,-28.02
332,-0.26,-0.16,0.97,-8.46,-42.31,-19.35
333,-0.26,-0.09,0.93,-11.55,-36.2,-12.57
334,-0.26,-0.06,0.95,-17.4,-41.57,-14.99
335,-0.21,-0.05,0.96,-19.62,-47.89,-19.89
336,-0.2,-0.09,1.03,-22.8,-50.02,-26.18
337,-0.16,-0.15,1.08,-20.43,-45.08,-28.0
338,-0.12,-0.17,1.13,-17.6,-36.35,-26.35
339,-0.07,-0.22,1.15,-13.46,-25.47,-24.31
340,-0.09,-0.25,1.15,-8.56,-14.66,-20.21
341,-0.14,-0.26,1.11,-1.47,-3.96,-14.03
342,-0.14,-0.24,1.04,0.13,3.32,-7.5
343,-0.17,-0.2,0.97,2.52,4.02,-5.47
344,-0.21,-0.21,0.94,3.6,3.79,-3.09
345,-0.27,-0.22,0.9,3.68,-2.63,-3.53
346,-0.32,-0.21,0.86,1.95,-10.65,-4.85
347,-0.35,-0.14,0.83,0.46,-20.6,-2.66
348,-0.35,-0.11,0.81,-5.87,-30.0,-4.71
349,-0.32,-0.12,0.84,-13.28,-36.84,-8.6
350,-0.25,-0.14,0.87,-17.56,-35.48,-5.33
351,-0.23,-0.14,0.88,-25.21,-31.35,-1.09
352,-0.2,-0.16,0.9,-28.51,-30.4,1.2
353,-0.22,-0.19,0.92,-30.56,-26.4,0.92
354,-0.24,-0.24,0.97,-27.59,-31.7,-1.21
355,-0.2,-0.27,1.0,-30.53,-29.56,-0.07
356,-0.19,-0.28,1.0,-31.63,-23.81,7.63
357,-0.18,-0.27,1.01,-33.49,-18.98,26.69
358,-0.11,-0.27,1.01,-30.61,-14.69,36.94
359,-0.06,-0.32,1.04,-27.37,-8.81,38.82
360,0.07,-0.36,1.07,-8.33,-2.82,28.23
361,0.14,-0.29,1.08,-0.1,-4.34,20.73
362,0.12,-0.24,1.06,13.16,-1.21,15.8
363,-0.03,-0.18,1.01,20.15,1.47,6.98
364,-0.11,-0.17,0.96,19.93,1.27,1.02
365,-0.12,-0.15,0.92,16.07,5.94,2.08
366,-0.14,-0.15,0.93,12.85,10.25,2.4
367,-0.16,-0.13,0.9,11.18,8.29,-0.32
368,-0.21,-0.14,0.89,10.99,-2.99,-8.2
369,-0.25,-0.18,0.94,8.79,-15.38,-15.74
370,-0.26,-0.23,0.97,10.24,-25.76,-15.58
371,-0.24,-0.22,0.97,12.99,-34.51,-14.21
372,-0.2,-0.21,0.98,15.37,-43.65,-16.26
373,-0.09,-0.2,0.98,18.59,-42.35,-16.02
374,-0.04,-0.19,0.97,20.54,-34.31,-8.82
375,-0.02,-0.14,0.94,19.66,-26.36,-5.94
376,0.02,-0.12,0.91,16.48,-16.25,-4.25
377,0.02,-0.13,0.92,15.7,-6.14,0.49
378,-0.01,-0.11,0.89,13.77,-0.51,1.7
379,-0.06,-0.11,0.93,11.63,-0.27,-0.08
380,-0.1,-0.14,0.93,8.4,-6.76,-6.94
381,-0.14,-0.13,0.94,7.22,-16.44,-8.75
382,-0.15,-0.12,0.94,5.95,-26.79,-11.66
383,-0.12,-0.12,0.93,5.12,-37.7,-16.59
384,-0.1,-0.14,0.95,3.36,-46.49,-22.78
385,-0.05,-0.15,0.98,3.66,-46.7,-24.42
386,-0.01,-0.17,0.98,5.03,-39.98,-20.26
387,0.03,-0.18,1.0,5.68,-26.67,-10.5
388,0.04,-0.16,0.98,7.26,-16.54,-6.18
389,0.03,-0.12,0.96,7.85,-11.85,-6.92
390,-0.01,-0.09,0.92,5.24,-9.85,-10.31
391,-0.04,-0.09,0.92,2.53,-8.34,-10.93
392,-0.05,-0.1,0.91,0.92,-7.79,-8.66
393,-0.08,-0.11,0.91,-0.73,-10.74,-9.36
394,-0.07,-0.11,0.91,-2.06,-12.94,-7.79
395,-0.07,-0.12,0.94,-1.86,-12.81,-3.67
396,-0.06,-0.14,0.96,-2.08,-12.79,-4.21
397,-0.02,-0.17,0.97,-0.15,-10.33,-0.71
398,-0.02,-0.16,0.99,0.34,-9.58,0.53
399,0.01,-0.14,0.97,1.29,-9.86,-2.92
400,0.02,-0.12,0.96,1.54,-10.87,-7.78
401,0.02,-0.12,0.96,0.56,-8.73,-10.88
402,0.02,-0.12,0.96,0.54,-2.27,-9.9
403,0.03,-0.11,0.94,-0.3,7.5,-4.08
404,0.0,-0.09,0.91,-2.87,13.4,-1.32
405,-0.04,-0.08,0.92,-6.12,12.53,-3.57
406,-0.06,-0.09,0.93,-7.79,8.13,-7.34
407,-0.09,-0.11,0.95,-8.42,3.36,-10.12
408,-0.11,-0.13,0.96,-8.25,-2.93,-11.09
409,-0.09,-0.15,0.97,-6.65,-6.53,-10.85
410,-0.08,-0.15,0.98,-6.02,-7.04,-9.31
411,-0.06,-0.15,0.98,-6.56,-7.08,-9.52
412,-0.03,-0.16,0.98,-7.21,-5.37,-9.92
413,-0.01,-0.17,0.99,-5.76,0.27,-9.57
414,-0.02,-0.16,0.98,-5.47,5.26,-7.4
415,-0.04,-0.14,0.96,-7.23,6.95,-6.8
416,-0.05,-0.13,0.95,-9.48,4.6,-10.46
417,-0.03,-0.15,0.97,-10.47,1.94,-13.07
418,-0.05,-0.16,0.99,-8.49,5.56,-10.4
419,-0.09,-0.14,0.98,-9.09,9.12,-8.69
420,-0.12,-0.15,0.99,-10.96,3.89,-6.35
421,-0.07,-0.16,1.01,-10.57,-1.49,-7.89
422,-0.01,-0.2,1.03,-8.6,2.15,-8.4
423,-0.01,-0.23,1.03,-4.58,13.42,-0.72
424,-0.05,-0.21,1.02,-2.25,16.27,1.73
425,-0.06,-0.18,0.98,-1.85,9.88,-2.18
426,-0.08,-0.15,0.97,-0.64,3.19,-7.36
427,-0.1,-0.15,0.96,0.13,2.18,-8.18
428,-0.14,-0.14,0.94,-0.72,2.06,-3.78
429,-0.13,-0.14,0.95,-3.44,-2.23,-2.34
430,-0.1,-0.15,0.95,-4.81,-6.81,-3.79
431,-0.05,-0.16,0.97,-4.54,-8.61,-5.53
432,-0.03,-0.19,0.99,-3.15,-6.15,-3.92
433,-0.03,-0.18,1.02,-2.18,-5.22,-3.13
434,-0.01,-0.18,1.01,-1.42,-2.79,-3.47
435,0.01,-0.18,1.01,-0.42,0.87,-2.96
436,0.02,-0.16,1.01,1.6,4.28,-3.75
437,-0.01,-0.15,0.98,-0.53,7.63,-4.11
438,-0.03,-0.17,1.0,-0.66,13.27,-2.29
439,-0.05,-0.17,0.96,3.21,10.93,-3.4
440,-0.06,-0.14,0.94,2.27,4.21,-6.37
441,-0.06,-0.12,0.93,-0.8,1.51,-8.98
442,-0.06,-0.14,0.93,-2.88,4.01,-5.95
443,-0.07,-0.14,0.94,-4.23,4.03,-5.19
444,-0.06,-0.16,0.94,-3.97,1.49,-8.51
445,-0.05,-0.16,0.96,-2.92,-0.3,-9.11
446,-0.05,-0.15,0.96,-3.05,-0.55,-9.39
447,-0.05,-0.15,0.95,-4.51,2.97,-7.94
448,-0.06,-0.15,0.95,-5.51,5.04,-6.29
449,-0.05,-0.15,0.97,-3.21,4.56,-3.05
450,-0.07,-0.14,0.95,-2.61,3.31,-3.28
451,-0.07,-0.15,0.96,-4.66,2.94,-3.95
452,-0.07,-0.15,0.97,-4.53,3.19,-3.33
453,-0.07,-0.16,0.96,-3.46,1.34,-2.71
454,-0.09,-0.15,0.97,-3.37,-1.98,-3.8
455,-0.1,-0.15,0.97,-4.53,-5.34,-5.59
456,-0.09,-0.16,0.98,-5.16,-6.67,-6.74
457,-0.06,-0.19,1.0,-3.85,-4.18,-5.67
458,-0.04,-0.19,1.01,-1.81,-0.34,-4.64
459,-0.05,-0.18,0.99,-1.09,2.09,-4.88
460,-0.06,-0.16,0.99,-1.63,4.88,-3.7
461,-0.06,-0.16,0.97,-2.16,7.01,-2.99
462,-0.08,-0.16,0.98,-1.08,8.05,-0.84
463,-0.1,-0.14,0.94,-2.01,7.15,-0.71
464,-0.11,-0.13,0.92,-3.2,3.12,-1.79
465,-0.12,-0.14,0.93,-4.1,-2.62,-5.2
466,-0.11,-0.14,0.95,-4.34,-6.15,-6.31
467,-0.09,-0.15,0.96,-4.5,-7.3,-6.41
468,-0.06,-0.17,0.99,-4.4,-5.95,-5.98
469,-0.05,-0.18,1.0,-2.79,-4.37,-4.98
470,-0.07,-0.17,1.0,-1.92,-4.5,-4.34
471,-0.05,-0.17,0.98,-1.92,-1.5,-4.18
472,-0.05,-0.17,0.98,-2.47,2.29,-2.6
473,-0.08,-0.16,0.98,-3.05,3.56,-2.27
474,-0.08,-0.16,0.98,-3.38,4.77,-1.05
475,-0.08,-0.18,0.99,-3.89,6.73,-0.02
476,-0.07,-0.18,0.99,-3.26,9.39,2.53
477,-0.06,-0.18,0.99,-2.61,12.12,4.47
478,-0.08,-0.17,0.98,-1.76,11.57,4.49
479,-0.1,-0.17,0.97,-0.74,6.18,2.42
480,-0.13,-0.15,0.95,-0.33,0.48,0.87
481,-0.14,-0.15,0.94,-1.69,-5.78,-1.25
482,-0.13,-0.17,0.96,-2.39,-9.11,-1.89
483,-0.12,-0.18,0.98,-2.39,-10.13,-0.28
484,-0.08,-0.19,1.0,-2.24,-11.78,-0.16
485,-0.05,-0.17,1.01,-2.11,-13.61,-2.66
486,-0.03,-0.17,1.01,-0.31,-7.7,-2.59
487,-0.0,-0.19,1.01,0.37,1.02,0.48
488,-0.0,-0.17,1.0,-1.79,1.13,3.4
489,-0.04,-0.15,0.99,1.69,10.33,4.26
490,-0.07,-0.13,0.93,0.44,4.71,1.82
491,-0.08,-0.13,0.93,0.79,0.16,-0.11
492,-0.09,-0.13,0.93,-0.57,-4.79,-1.47
493,-0.08,-0.13,0.93,-0.92,-9.7,-3.03
494,-0.07,-0.13,0.95,-1.87,-10.53,-2.97
495,-0.07,-0.15,0.97,-2.38,-8.94,-1.18
496,-0.06,-0.17,0.99,-2.54,-7.28,-0.56
497,-0.03,-0.17,1.01,-2.02,-3.08,1.25
498,-0.01,-0.16,1.0,-0.61,0.75,1.92
499,-0.01,-0.16,0.99,0.48,3.14,-0.03
500,-0.04,-0.16,0.97,1.46,3.97,-0.01
