,accel_x,accel_y,accel_z,gyro_x,gyro_y,gyro_z
0,0.08,-0.25,0.98,-4.37,-2.53,-2.68
1,0.08,-0.25,0.97,-4.71,2.57,-2.02
2,0.06,-0.27,0.98,-3.11,5.08,-0.27
3,0.02,-0.3,0.99,-0.81,3.23,-0.49
4,0.02,-0.27,0.96,0.41,1.18,-1.43
5,0.02,-0.26,0.96,0.21,-0.22,-2.1
6,0.03,-0.26,0.94,0.12,-1.11,-2.31
7,0.04,-0.25,0.94,0.6,-1.91,-1.04
8,0.04,-0.22,0.93,-1.34,-2.47,-2.81
9,0.03,-0.23,0.91,-3.54,-2.66,-2.7
10,0.03,-0.25,0.93,-7.43,-2.5,-4.56
11,0.03,-0.3,0.97,-5.27,-1.86,-2.15
12,0.04,-0.3,0.98,-1.69,-0.17,0.6
13,0.04,-0.28,0.96,0.12,-0.2,-0.36
14,0.04,-0.26,0.95,-0.01,-0.02,-0.63
15,0.04,-0.25,0.94,-0.54,-0.21,-0.13
16,0.03,-0.24,0.94,-1.11,-2.47,-1.85
17,0.04,-0.23,0.93,-2.71,-3.31,-2.57
18,0.08,-0.23,0.93,-3.98,-1.33,-1.75
19,0.06,-0.25,0.96,-4.85,-0.42,-4.56
20,0.05,-0.28,0.97,-4.93,-0.39,-5.17
21,0.05,-0.27,0.98,-3.69,0.51,-4.37
22,0.04,-0.27,0.96,-2.73,1.46,-5.43
23,0.02,-0.28,0.97,-1.92,0.92,-5.66
24,0.01,-0.26,0.96,-1.47,-0.95,-4.38
25,0.02,-0.24,0.93,-2.78,-1.52,-4.64
26,0.02,-0.24,0.92,-5.74,-1.19,-5.18
27,0.04,-0.26,0.94,-7.46,0.37,-3.89
28,0.06,-0.29,0.96,-5.5,2.56,-0.25
29,0.07,-0.31,0.98,-3.93,3.21,-1.66
30,0.08,-0.31,0.99,-2.99,4.26,-2.89
31,0.08,-0.3,0.98,-2.12,6.76,-2.73
32,0.09,-0.3,0.98,-1.85,8.66,-3.16
33,0.1,-0.31,0.99,-2.15,11.23,-2.34
34,0.11,-0.32,0.99,-2.28,16.09,2.14
35,0.1,-0.3,0.98,-2.69,22.11,3.44
36,0.14,-0.32,0.97,-4.14,28.44,2.42
37,0.13,-0.38,1.0,-3.73,38.64,6.89
38,0.12,-0.43,0.99,-3.18,52.09,11.71
39,0.1,-0.47,0.95,-4.72,57.76,18.03
40,0.06,-0.53,0.94,0.47,53.29,19.26
41,0.04,-0.56,0.94,9.23,38.31,18.05
42,0.03,-0.52,0.89,24.47,14.21,11.79
43,-0.02,-0.43,0.84,33.17,-14.95,-1.27
44,-0.03,-0.33,0.83,32.28,-33.59,-10.42
45,0.02,-0.24,0.81,24.41,-44.32,-10.63
46,0.05,-0.18,0.81,15.02,-47.73,-9.55
47,0.07,-0.08,0.76,-2.17,-46.53,-7.12
48,0.12,-0.04,0.68,-27.95,-44.81,-12.05
49,0.16,-0.15,0.72,-63.21,-41.18,-18.83
50,0.23,-0.59,0.9,-72.03,-29.65,-23.92
51,0.31,-1.0,1.2,-61.69,-14.81,-25.92
52,0.49,-1.18,1.55,-35.24,-4.89,-13.4
53,0.4,-1.02,1.47,23.58,13.21,-3.95
54,0.24,-0.76,1.22,72.81,21.56,-4.68
55,0.1,-0.55,0.96,84.67,22.02,-5.85
56,-0.02,-0.36,0.75,64.76,14.9,-9.89
57,-0.08,-0.26,0.7,39.5,15.8,-5.8
58,-0.04,-0.21,0.7,11.01,10.61,-7.92
59,-0.0,-0.24,0.72,-8.73,9.5,-13.53
60,-0.04,-0.42,0.86,-16.04,8.55,-20.57
61,-0.13,-0.67,1.09,-5.22,3.88,-21.79
62,-0.22,-0.82,1.17,26.6,1.12,-14.35
63,-0.29,-0.84,1.13,62.94,-1.39,-0.62
64,-0.28,-0.7,1.0,74.9,-1.17,14.9
65,-0.14,-0.58,0.93,64.51,5.08,26.89
66,-0.0,-0.43,0.9,56.11,1.87,26.09
67,0.03,-0.32,0.89,58.27,2.29,19.24
68,0.08,-0.29,0.93,63.64,1.68,11.77
69,-0.01,-0.22,0.9,48.23,0.29,8.94
70,-0.14,-0.14,0.86,57.98,1.44,10.88
71,-0.17,-0.15,0.84,60.31,-5.22,10.16
72,-0.24,-0.14,0.81,61.02,-8.68,12.79
73,-0.3,-0.09,0.81,52.11,-14.76,14.3
74,-0.34,-0.05,0.78,51.85,-21.79,18.79
75,-0.33,-0.01,0.72,45.56,-30.54,24.18
76,-0.28,0.05,0.71,30.05,-37.51,24.97
77,-0.16,0.12,0.73,15.89,-46.57,18.01
78,-0.05,0.13,0.76,5.31,-50.49,8.93
79,-0.04,0.15,0.8,-8.06,-49.83,5.87
80,-0.06,0.09,0.85,-12.27,-50.69,2.82
81,-0.02,0.08,0.86,-20.24,-46.31,0.73
82,-0.04,0.04,0.94,-12.08,-36.39,12.76
83,-0.05,0.04,0.97,-2.89,-30.81,21.44
84,-0.06,0.05,0.98,6.27,-25.53,28.13
85,-0.02,0.05,0.91,23.27,-25.16,38.6
86,-0.09,0.12,0.85,29.34,-30.5,42.64
87,-0.12,0.23,0.71,26.56,-41.52,38.29
88,-0.06,0.2,0.76,15.28,-51.85,25.34
89,0.03,0.17,0.83,-5.3,-52.49,21.98
90,0.13,0.15,0.88,-22.28,-49.39,20.9
91,0.24,0.11,0.96,-33.18,-39.68,26.66
92,0.34,0.08,1.01,-31.76,-25.51,33.56
93,0.32,0.03,1.05,-23.66,-15.78,37.21
94,0.2,0.03,1.05,-16.08,-10.73,41.16
95,0.09,0.04,1.05,-14.2,-14.18,35.15
96,0.13,0.07,1.0,-16.57,-18.6,29.73
97,0.18,0.09,1.0,-15.25,-17.14,28.05
98,0.21,0.12,0.96,-17.76,-17.91,22.83
99,0.22,0.12,0.98,-26.32,-18.85,17.12
100,0.28,0.09,1.02,-35.24,-17.15,12.59
101,0.28,0.04,1.07,-44.97,-15.23,5.64
102,0.29,-0.08,1.16,-47.56,-9.21,5.41
103,0.29,-0.14,1.2,-37.5,-1.76,10.04
104,0.26,-0.17,1.23,-26.92,6.93,16.75
105,0.25,-0.16,1.23,-10.38,13.83,22.69
106,0.23,-0.1,1.15,0.87,15.73,19.76
107,0.24,-0.06,1.11,9.9,15.98,12.85
108,0.21,-0.02,1.08,10.94,13.7,0.37
109,0.19,-0.01,1.07,10.18,8.18,-6.47
110,0.16,0.02,1.06,11.86,10.43,-5.4
111,0.12,0.03,1.06,18.9,19.67,0.17
112,0.05,0.04,0.99,9.55,17.89,3.97
113,0.0,0.02,1.02,-0.05,12.19,-0.27
114,0.01,-0.06,1.07,5.56,13.05,6.9
115,0.05,-0.12,1.09,16.43,17.29,19.37
116,0.1,-0.11,1.09,13.21,15.59,18.09
117,0.14,-0.09,1.07,20.79,24.66,24.15
118,0.16,-0.1,1.02,22.54,18.76,27.22
119,0.06,-0.04,0.94,23.55,11.79,21.44
120,0.03,-0.03,0.94,17.19,0.39,11.32
121,0.08,-0.04,0.96,9.11,-3.08,7.53
122,0.14,-0.05,0.99,6.29,-0.56,7.93
123,0.16,-0.08,1.0,10.65,5.32,10.21
124,0.12,-0.07,0.93,10.28,5.2,9.05
125,0.14,-0.12,1.02,16.27,7.12,18.1
126,0.02,0.0,0.96,21.92,1.03,14.99
127,0.07,0.02,0.9,12.41,1.5,9.13
128,0.05,0.02,0.89,7.22,-2.43,8.85
129,0.09,0.02,0.88,1.46,-1.47,11.27
130,0.1,-0.0,0.94,-2.67,-0.88,11.5
131,0.08,-0.02,0.95,-6.68,-1.55,10.04
132,0.08,-0.0,0.98,-11.11,-0.55,11.25
133,0.1,-0.01,0.97,-4.16,-6.69,7.89
134,0.09,0.01,0.97,-8.7,-11.56,4.33
135,0.08,0.0,0.97,-10.24,-15.61,0.08
136,0.11,-0.01,1.01,-14.12,-19.06,-3.91
137,0.18,-0.05,1.07,-12.94,-16.73,-5.31
138,0.19,-0.08,1.11,-9.27,-13.71,-5.82
139,0.2,-0.11,1.13,-2.5,-10.4,-5.5
140,0.21,-0.14,1.16,4.32,-7.32,-6.15
141,0.2,-0.15,1.17,12.03,-5.05,-8.04
142,0.16,-0.15,1.16,19.13,-4.01,-9.56
143,0.12,-0.16,1.13,25.2,-3.67,-9.52
144,0.09,-0.16,1.12,32.05,-3.24,-7.39
145,0.1,-0.15,1.07,39.71,-3.68,-3.4
146,0.08,-0.09,1.01,45.4,-4.14,2.8
147,0.11,-0.03,0.96,43.27,-6.18,1.82
148,0.15,0.02,0.91,37.57,-7.36,-1.8
149,0.23,0.08,0.87,32.6,-2.56,-2.61
150,0.18,0.1,0.86,28.71,1.34,-0.29
151,0.12,0.1,0.84,18.44,-2.35,-3.1
152,0.12,0.11,0.84,8.63,-4.4,-3.62
153,0.08,0.1,0.85,-0.11,-5.77,-3.78
154,0.07,0.09,0.85,-7.11,-10.38,-5.53
155,0.1,0.1,0.85,-15.67,-14.05,-4.84
156,0.14,0.1,0.84,-24.08,-14.79,-5.53
157,0.19,0.12,0.84,-33.29,-11.72,-5.05
158,0.19,0.12,0.83,-41.58,-7.09,-7.51
159,0.18,0.08,0.89,-46.51,-4.89,-8.5
160,0.15,0.04,0.93,-51.55,-0.21,-9.42
161,0.15,0.01,0.96,-56.05,4.53,-18.48
162,0.16,-0.06,1.08,-48.68,8.92,-17.5
163,0.16,-0.08,1.13,-35.06,10.11,-18.47
164,0.18,-0.06,1.08,-19.37,13.2,-8.92
165,0.2,-0.03,1.02,-9.73,14.95,-9.06
166,0.17,-0.01,0.95,-3.62,15.98,-11.65
167,0.09,0.0,0.91,-8.45,10.73,-17.36
168,0.05,-0.03,0.88,-19.19,5.57,-23.32
169,0.03,-0.11,0.92,-28.63,0.89,-26.7
170,0.04,-0.19,1.01,-29.16,-2.4,-25.19
171,0.07,-0.25,1.06,-26.91,-0.69,-21.33
172,0.09,-0.28,1.11,-17.25,2.32,-15.83
173,0.06,-0.27,1.13,-8.43,3.41,-12.89
174,0.06,-0.26,1.12,1.58,4.67,-8.79
175,0.07,-0.21,1.08,10.44,5.31,-3.06
176,0.07,-0.16,1.05,14.78,2.85,-0.83
177,0.07,-0.11,1.01,16.86,0.16,-0.98
178,0.09,-0.07,0.97,17.24,-1.6,-0.28
179,0.1,-0.06,0.96,16.93,-2.47,2.0
180,0.11,-0.02,0.92,11.95,-3.25,1.74
181,0.15,-0.02,0.91,4.89,-2.31,1.37
182,0.16,-0.03,0.91,-2.47,-1.34,-1.44
183,0.13,-0.07,0.98,-7.01,-1.37,-4.3
184,0.14,-0.11,1.03,-3.6,-0.95,-4.89
185,0.15,-0.12,1.01,3.26,1.18,-3.92
186,0.12,-0.11,1.01,5.53,1.7,-4.72
187,0.11,-0.09,1.0,7.24,2.07,-6.05
188,0.11,-0.08,1.0,6.59,-0.95,-7.21
189,0.11,-0.07,0.98,8.71,-1.87,-9.05
190,0.1,-0.06,0.97,5.82,-2.5,-9.8
191,0.1,-0.06,0.97,5.37,-1.96,-9.71
192,0.12,-0.04,0.97,6.04,-0.26,-7.48
193,0.12,-0.04,0.95,7.27,1.56,-3.27
194,0.1,-0.02,0.93,5.29,1.11,-3.78
195,0.08,-0.03,0.94,0.4,-1.33,-6.51
196,0.09,-0.04,0.94,-1.99,-2.86,-7.83
197,0.08,-0.06,0.96,-4.84,-3.77,-8.23
198,0.08,-0.08,0.99,-6.22,-2.68,-6.16
199,0.08,-0.08,0.99,-5.27,-1.78,-2.71
200,0.1,-0.07,0.99,-4.36,-0.91,-1.02
201,0.12,-0.06,0.99,-4.27,0.34,-0.2
202,0.1,-0.05,0.98,-5.42,-0.76,-1.8
203,0.1,-0.05,0.99,-6.07,-2.15,-3.68
204,0.1,-0.08,1.0,-4.93,-2.73,-5.64
205,0.11,-0.09,1.0,-3.27,-2.15,-6.74
206,0.12,-0.1,1.0,-2.69,-0.73,-4.96
207,0.13,-0.09,1.0,-2.04,2.58,-2.29
208,0.11,-0.08,0.99,-1.92,4.27,-0.07
209,0.11,-0.07,0.99,-0.93,5.06,2.3
210,0.1,-0.06,0.98,-1.49,3.75,0.55
211,0.1,-0.06,0.98,-2.32,2.36,-1.38
212,0.1,-0.07,0.97,-2.42,0.82,-3.4
213,0.09,-0.08,0.99,-3.02,-0.37,-4.61
214,0.11,-0.09,0.99,-2.21,-0.09,-5.1
215,0.11,-0.09,1.01,-1.4,0.95,-5.09
216,0.1,-0.09,1.02,1.22,2.68,-2.63
217,0.1,-0.08,1.01,2.64,3.51,-1.14
218,0.09,-0.07,0.99,2.46,4.02,-0.11
219,0.1,-0.06,0.98,3.34,3.7,0.1
220,0.1,-0.04,0.97,2.44,2.34,-0.8
221,0.09,-0.05,0.98,1.49,1.53,-0.73
222,0.09,-0.05,0.97,0.53,-0.4,-2.34
223,0.09,-0.05,0.97,-0.06,-0.79,-0.41
224,0.07,-0.04,0.96,-1.42,-1.21,0.68
225,0.07,-0.06,0.96,-4.85,-2.87,-0.38
226,0.07,-0.07,0.98,-6.27,-4.18,1.31
227,0.08,-0.09,0.99,-6.51,-5.98,0.89
228,0.13,-0.1,1.02,-5.75,-3.89,-2.17
229,0.18,-0.11,1.03,-0.42,0.81,-1.73
230,0.15,-0.09,1.03,4.8,4.04,0.01
231,0.11,-0.07,1.01,8.18,5.12,1.06
232,0.1,-0.05,0.97,7.27,5.36,0.06
233,0.09,-0.04,0.96,4.25,3.88,-1.59
234,0.09,-0.04,0.95,0.85,2.05,-3.4
235,0.1,-0.04,0.96,-0.89,0.61,-3.49
236,0.1,-0.05,0.96,-2.47,-0.43,-3.95
237,0.11,-0.05,0.97,-4.04,-0.74,-4.66
238,0.1,-0.06,0.98,-5.27,-1.41,-5.06
239,0.1,-0.05,0.98,-4.45,-2.44,-4.67
240,0.1,-0.05,0.98,-5.89,-2.76,-6.14
241,0.13,-0.06,0.98,-5.54,-1.32,-6.29
242,0.12,-0.07,1.0,-3.94,0.29,-6.41
243,0.11,-0.08,1.01,-1.14,1.93,-5.1
244,0.08,-0.07,1.01,0.6,2.5,-3.89
245,0.08,-0.08,1.01,2.14,3.52,-2.26
246,0.1,-0.07,1.0,4.65,5.12,-1.53
247,0.09,-0.06,0.99,7.11,6.05,-0.89
248,0.08,-0.04,0.97,6.5,4.66,-2.74
249,0.08,-0.03,0.95,4.27,3.85,-4.35
250,0.06,-0.02,0.95,0.9,2.78,-5.14
251,0.05,-0.03,0.96,0.43,2.75,-2.27
252,0.04,-0.03,0.97,0.4,2.74,-0.39
253,0.04,-0.03,0.98,-0.46,3.63,1.37
254,0.05,-0.03,0.98,1.79,5.31,4.35
255,0.06,-0.02,0.96,4.29,6.24,6.47
256,0.07,0.0,0.95,5.39,7.72,8.66
257,0.08,0.02,0.92,2.27,8.36,8.95
258,0.08,0.03,0.93,-0.88,11.23,10.66
259,0.06,0.03,0.95,-3.3,14.24,10.79
260,0.06,0.02,0.96,-3.47,17.72,14.79
261,0.08,0.05,0.94,-0.92,18.24,17.48
262,0.07,0.07,0.93,-1.64,12.95,11.02
263,0.06,0.07,0.95,-3.56,6.13,1.03
264,0.07,0.06,0.96,-4.5,0.83,-6.89
265,0.08,0.06,0.98,-5.39,-2.14,-8.69
266,0.09,0.04,0.98,-6.37,-1.22,-8.83
267,0.12,0.03,0.98,-5.53,-0.18,-8.37
268,0.13,0.02,1.01,-10.46,2.76,-5.11
269,0.12,0.03,1.06,-11.14,5.96,-2.79
270,0.1,0.05,1.08,-7.36,8.45,2.24
271,0.1,0.1,1.1,-4.7,9.06,5.44
272,0.17,0.18,1.15,-1.36,12.51,10.49
273,0.15,0.28,1.15,8.44,20.03,14.24
274,0.16,0.42,1.15,14.71,17.49,14.47
275,0.15,0.58,1.15,22.31,13.68,11.46
276,0.15,0.74,1.14,32.99,5.66,5.4
277,0.09,0.94,1.09,32.34,-10.57,-1.87
278,0.21,1.17,1.07,26.19,-23.34,-10.74
279,0.42,1.4,1.24,0.92,-17.33,-19.16
280,0.47,1.53,1.18,1.53,-7.39,-18.7
281,0.42,1.76,1.19,-21.94,-8.41,-37.97
282,0.33,1.91,1.23,-41.15,-8.08,-37.76
283,0.31,2.0,1.41,-48.58,12.24,-8.88
284,0.37,2.0,1.36,-33.35,39.01,29.15
285,0.71,2.0,1.29,7.24,97.05,87.42
286,1.14,2.0,1.02,53.88,143.63,116.51
287,1.5,2.0,0.39,94.52,147.34,89.04
288,1.62,1.91,-0.11,125.3,113.04,-2.04
289,1.53,1.62,-0.72,104.54,75.89,-103.79
290,1.1,1.13,-1.55,29.89,70.06,-169.23
291,0.13,-0.28,-1.43,-114.63,83.03,-204.52
292,-0.7,-2.0,-0.31,-127.23,64.15,-177.21
293,-0.88,-2.0,0.45,-131.64,45.95,-99.05
294,-0.62,-2.0,0.82,-204.21,21.83,-82.6
295,-0.43,-2.0,1.11,-250.14,19.26,-157.97
296,-0.56,-2.0,1.74,-250.14,117.8,-177.53
297,-1.33,-2.0,2.0,-250.14,174.95,-131.86
298,-1.88,-2.0,2.0,-182.3,176.06,-75.28
299,-2.0,-2.0,2.0,-111.21,117.14,-4.54
300,-2.0,-1.36,1.62,-59.91,43.27,44.47
301,-1.84,-0.66,1.12,11.48,-29.8,59.02
302,-1.27,-0.36,0.9,32.9,-129.72,34.45
303,-0.25,-0.49,0.84,23.62,-170.67,7.14
304,0.7,-0.56,0.82,4.1,-131.47,-4.26
305,0.96,-0.45,0.77,12.06,-77.93,-10.28
306,1.02,-0.17,0.62,6.03,-30.87,-11.74
307,0.8,-0.12,0.57,22.55,1.59,-4.41
308,0.32,-0.23,0.57,24.85,-4.41,-13.12
309,0.05,-0.36,0.54,25.03,-20.97,-18.05
310,-0.21,-0.34,0.59,20.81,-53.75,-21.92
311,-0.26,-0.22,0.6,7.68,-86.02,-26.82
312,-0.21,-0.19,0.73,-8.47,-104.18,-31.26
313,-0.0,-0.25,0.87,-19.57,-97.77,-30.85
314,0.18,-0.34,0.96,-24.39,-70.67,-23.15
315,0.23,-0.41,1.02,-23.44,-38.34,-15.57
316,0.06,-0.48,1.07,-15.14,-23.03,-12.41
317,-0.03,-0.49,1.03,-4.32,-23.27,-9.38
318,-0.07,-0.52,1.0,5.02,-25.73,-9.19
319,-0.1,-0.51,0.95,14.43,-26.54,-2.48
320,-0.11,-0.4,0.84,14.46,-21.45,7.15
321,-0.15,-0.32,0.8,7.84,-23.87,11.34
322,-0.16,-0.25,0.83,3.63,-38.25,7.68
323,-0.05,-0.23,0.87,0.37,-47.18,5.82
324,0.06,-0.25,0.96,-1.39,-49.56,4.69
325,0.2,-0.26,1.02,0.97,-41.83,5.89
326,0.3,-0.25,1.05,6.43,-29.15,8.34
327,0.26,-0.23,1.06,12.59,-21.83,4.76
328,0.2,-0.2,1.03,14.94,-17.31,-0.12
329,0.13,-0.19,0.98,12.51,-14.75,-3.5
330,0.09,-0.22,0.96,10.9,-9.86,-2.2
331,0.04,-0.2,0.93,6.98,-8.85,-1.92
332,0.01,-0.21,0.93,0.74,-10.21,-2.56
333,0.01,-0.25,0.97,-2.54,-14.31,-4.82
334,0.05,-0.27,0.95,-0.13,-18.11,-2.97
335,0.05,-0.3,0.95,3.69,-20.87,-1.63
336,0.05,-0.29,0.94,3.09,-24.15,-4.11
337,0.09,-0.31,0.94,1.14,-23.19,-5.89
338,0.16,-0.3,0.94,1.85,-16.11,-0.71
339,0.15,-0.25,0.93,0.96,-9.53,-0.46
340,0.15,-0.24,0.94,-0.91,-4.64,-1.88
341,0.11,-0.24,0.93,-2.06,-1.1,-1.69
342,0.11,-0.24,0.91,-2.57,0.22,0.37
343,0.08,-0.23,0.91,-4.73,-0.62,-1.44
344,0.05,-0.26,0.91,-7.03,-2.28,-3.13
345,0.01,-0.28,0.93,-6.08,-8.46,-3.24
346,0.0,-0.28,0.94,-5.77,-16.98,-5.73
347,0.03,-0.25,0.94,-7.09,-22.0,-8.25
348,0.09,-0.24,0.95,-7.66,-20.5,-7.92
349,0.12,-0.25,0.96,-7.37,-15.4,-7.52
350,0.13,-0.27,1.01,-8.02,-13.75,-8.44
351,0.14,-0.25,1.0,-5.29,-12.24,-9.37
352,0.16,-0.22,1.03,-7.06,-9.48,-12.71
353,0.17,-0.22,0.99,-6.08,-5.74,-12.23
354,0.17,-0.21,0.98,-6.71,-0.05,-12.4
355,0.17,-0.22,0.98,-7.12,7.18,-7.97
356,0.15,-0.23,1.0,-3.04,11.95,-3.25
357,0.1,-0.25,1.0,-2.28,12.13,-3.43
358,0.09,-0.25,0.98,-1.62,13.02,-1.33
359,0.06,-0.27,0.99,1.59,13.54,2.31
360,0.03,-0.27,0.97,1.73,12.37,4.23
361,0.02,-0.28,0.98,0.08,10.28,4.74
362,0.06,-0.27,0.97,-1.06,10.51,6.78
363,0.07,-0.26,0.96,-1.12,11.13,6.92
364,0.08,-0.27,0.95,-1.21,11.16,5.08
365,0.07,-0.26,0.94,0.24,9.88,3.2
366,0.05,-0.27,0.92,2.74,5.94,2.71
367,0.02,-0.25,0.9,4.38,1.12,3.21
368,0.03,-0.22,0.89,3.38,-3.22,2.8
369,0.03,-0.24,0.89,1.06,-8.6,-0.37
370,0.06,-0.24,0.91,-0.78,-13.82,-2.22
371,0.08,-0.24,0.93,-2.13,-14.67,-4.71
372,0.12,-0.25,0.95,-3.33,-13.16,-7.21
373,0.13,-0.26,0.96,-2.56,-6.66,-8.72
374,0.11,-0.28,0.98,-0.98,-3.97,-8.38
375,0.11,-0.28,0.97,1.63,-0.81,-6.57
376,0.05,-0.23,0.93,0.89,-1.7,-5.36
377,0.03,-0.21,0.9,-2.48,-4.64,-7.0
378,0.03,-0.21,0.91,-4.37,-7.63,-7.87
379,0.05,-0.23,0.92,-3.99,-9.37,-4.14
380,0.06,-0.25,0.94,-4.37,-10.98,-4.7
381,0.09,-0.27,0.96,-3.02,-11.3,-5.64
382,0.09,-0.26,0.97,-1.2,-12.18,-5.58
383,0.12,-0.25,0.97,0.75,-11.79,-4.7
384,0.13,-0.24,0.97,2.38,-11.15,-5.78
385,0.13,-0.23,0.96,2.82,-8.79,-5.45
386,0.15,-0.22,0.94,2.3,-5.56,-5.47
387,0.1,-0.21,0.93,0.89,-2.19,-4.69
388,0.08,-0.21,0.9,-2.02,-0.66,-3.22
389,0.07,-0.21,0.9,-3.85,-0.79,-1.99
390,0.05,-0.23,0.92,-5.77,-3.54,-4.24
391,0.06,-0.28,0.96,-5.3,-8.39,-5.87
392,0.09,-0.29,0.98,-2.75,-10.33,-6.56
393,0.1,-0.27,0.99,-0.07,-10.6,-6.34
394,0.11,-0.24,0.97,0.25,-7.53,-5.31
395,0.12,-0.22,0.96,-1.77,-2.63,-4.14
396,0.12,-0.22,0.96,-2.19,2.14,-2.95
397,0.1,-0.24,0.96,-2.47,3.07,-4.0
398,0.07,-0.25,0.96,-3.18,1.99,-5.35
399,0.06,-0.26,0.96,-2.89,-0.75,-5.31
400,0.07,-0.24,0.96,-2.42,-1.67,-4.85
401,0.08,-0.23,0.94,-2.93,-1.86,-4.3
402,0.07,-0.24,0.94,-4.12,-1.92,-2.58
403,0.05,-0.24,0.93,-4.45,-2.56,-1.12
404,0.06,-0.22,0.92,-6.27,-3.77,-1.21
405,0.07,-0.24,0.95,-8.17,-5.48,-3.89
406,0.08,-0.29,0.97,-6.13,-6.79,-4.98
407,0.09,-0.29,0.99,-2.86,-6.73,-5.38
408,0.11,-0.26,0.98,-0.73,-4.57,-4.85
409,0.1,-0.26,0.96,0.28,-2.93,-4.45
410,0.09,-0.26,0.97,-0.32,-2.56,-2.44
411,0.1,-0.26,0.98,-0.11,-2.05,-1.34
412,0.11,-0.24,0.97,0.35,-1.64,-0.56
413,0.12,-0.22,0.95,-0.69,-0.43,0.29
414,0.13,-0.21,0.95,-0.28,1.09,1.64
415,0.1,-0.19,0.94,-2.06,1.13,0.4
416,0.11,-0.21,0.94,-4.63,0.23,-0.69
417,0.12,-0.26,0.98,-4.2,-1.36,-2.52
418,0.12,-0.28,1.01,-3.11,-1.67,-2.56
419,0.15,-0.28,1.02,-0.97,1.05,-0.39
420,0.15,-0.26,1.0,1.08,5.03,1.04
421,0.13,-0.25,0.99,2.15,5.79,1.27
422,0.11,-0.22,0.95,2.79,6.17,1.21
423,0.08,-0.23,0.92,1.7,3.88,-1.89
424,0.07,-0.24,0.93,-1.0,-2.24,-5.05
425,0.07,-0.24,0.93,-1.76,-5.86,-5.55
426,0.08,-0.25,0.93,-2.9,-8.12,-6.29
427,0.09,-0.24,0.95,-3.34,-9.45,-6.76
428,0.11,-0.24,0.96,-2.91,-9.49,-7.06
429,0.14,-0.23,0.96,-2.47,-7.68,-4.97
430,0.14,-0.24,0.99,-2.36,-5.67,-5.08
431,0.15,-0.26,0.99,-2.37,-4.66,-6.85
432,0.15,-0.26,0.99,-0.34,-1.76,-6.13
433,0.14,-0.24,0.97,-0.21,2.14,-5.31
434,0.11,-0.24,0.96,0.41,4.43,-3.87
435,0.07,-0.24,0.95,0.59,4.45,-2.7
436,0.04,-0.25,0.94,0.0,1.69,-2.31
437,0.04,-0.24,0.93,-1.54,-1.72,-2.42
438,0.06,-0.25,0.94,-1.18,-5.02,-2.32
439,0.08,-0.26,0.97,0.42,-6.17,-1.58
440,0.11,-0.24,0.94,0.09,-4.76,-0.61
441,0.1,-0.24,0.95,-0.66,-1.98,-0.74
442,0.09,-0.24,0.95,-1.31,-0.18,-0.35
443,0.09,-0.23,0.96,-0.69,-1.28,0.19
444,0.1,-0.21,0.95,-1.14,-2.48,-1.68
445,0.11,-0.21,0.96,-1.79,-2.56,-3.7
446,0.1,-0.24,0.98,-1.57,-2.62,-3.64
447,0.1,-0.24,0.98,-0.12,-2.17,-2.01
448,0.11,-0.21,0.94,-0.27,-1.88,-1.49
449,0.11,-0.2,0.93,-2.15,-1.2,-2.76
450,0.1,-0.22,0.92,-3.09,-1.44,-2.82
451,0.1,-0.22,0.92,-3.9,-1.75,-2.63
452,0.09,-0.24,0.95,-4.27,-2.96,-3.66
453,0.09,-0.25,0.94,-3.3,-4.11,-3.6
454,0.09,-0.24,0.94,-2.88,-4.25,-3.06
455,0.09,-0.26,0.97,-1.69,-5.59,-3.4
456,0.1,-0.25,0.97,-0.39,-6.5,-2.27
457,0.1,-0.24,0.97,0.22,-7.12,-2.05
458,0.1,-0.23,0.96,0.56,-7.85,-1.06
459,0.12,-0.22,0.95,0.38,-8.79,-1.27
460,0.12,-0.21,0.95,-0.5,-9.18,-2.11
461,0.14,-0.21,0.93,-2.08,-8.19,-2.73
462,0.14,-0.21,0.92,-2.87,-5.66,-4.38
463,0.14,-0.22,0.95,-4.17,-3.84,-3.37
464,0.13,-0.24,0.96,-4.59,-3.82,-3.26
465,0.12,-0.25,0.95,-5.38,-3.31,-3.7
466,0.12,-0.27,0.98,-3.59,-2.89,-3.47
467,0.12,-0.26,0.94,-2.52,-1.77,-2.57
468,0.13,-0.24,0.96,-1.82,1.14,-1.79
469,0.11,-0.24,0.95,-2.26,1.82,-1.06
470,0.12,-0.24,0.95,-1.64,1.4,-1.8
471,0.11,-0.25,0.94,-1.26,0.93,-1.47
472,0.11,-0.24,0.94,-1.57,0.33,-0.72
473,0.12,-0.23,0.92,-1.32,-0.02,0.33
474,0.12,-0.24,0.94,-0.86,0.11,1.24
475,0.13,-0.24,0.93,0.1,0.77,1.92
476,0.12,-0.23,0.93,-0.26,0.15,1.79
477,0.12,-0.21,0.91,-1.62,-1.63,-0.47
478,0.12,-0.2,0.92,-3.52,-3.11,-1.36
479,0.13,-0.22,0.94,-5.61,-3.29,-1.21
480,0.16,-0.23,0.96,-4.99,-2.75,-0.06
481,0.17,-0.21,0.97,-4.24,-1.87,-0.95
482,0.17,-0.19,0.96,-5.21,-1.2,-2.59
483,0.17,-0.19,0.96,-6.53,-0.98,-4.37
484,0.16,-0.21,0.97,-7.74,0.84,-4.69
485,0.16,-0.23,0.97,-8.24,2.38,-4.27
486,0.16,-0.25,0.98,-7.31,4.42,-4.31
487,0.14,-0.24,0.97,-5.92,6.37,-2.79
488,0.1,-0.23,0.96,-6.46,7.05,-1.69
489,0.08,-0.24,0.95,-7.18,4.88,-2.32
490,0.07,-0.26,0.97,-7.46,0.67,-3.64
491,0.08,-0.27,0.99,-6.02,-3.28,-4.18
492,0.09,-0.25,0.98,-5.01,-5.48,-4.13
493,0.11,-0.23,0.98,-5.1,-6.29,-3.98
494,0.11,-0.24,0.98,-6.18,-6.03,-4.76
495,0.11,-0.25,1.0,-5.69,-5.66,-4.13
496,0.11,-0.26,0.99,-5.82,-4.1,-3.02
497,0.11,-0.25,0.99,-6.29,-3.63,-2.5
498,0.12,-0.26,1.0,-6.72,-3.15,-3.29
499,0.12,-0.27,1.0,-6.31,-2.07,-4.52
