,accel_x,accel_y,accel_z,gyro_x,gyro_y,gyro_z
0,-0.01,-0.24,0.89,-9.27,-2.38,-5.51
1,-0.0,-0.26,0.91,-12.14,-2.6,-6.15
2,0.0,-0.34,0.97,-12.61,-1.07,-6.15
3,0.02,-0.37,1.0,-7.97,-0.19,-4.16
4,0.03,-0.34,0.99,-3.71,2.15,-1.69
5,0.01,-0.33,0.99,-1.65,4.29,-1.39
6,0.01,-0.32,0.95,-1.74,6.33,-1.32
7,0.0,-0.29,0.94,-1.03,7.47,0.17
8,-0.03,-0.27,0.92,-2.03,5.03,-0.75
9,-0.04,-0.26,0.89,-5.15,1.66,-2.03
10,-0.05,-0.26,0.88,-8.53,-1.43,-3.38
11,-0.03,-0.29,0.92,-10.7,-5.04,-5.4
12,-0.03,-0.31,0.94,-10.72,-6.87,-5.63
13,-0.01,-0.36,0.97,-9.22,-7.42,-5.93
14,0.02,-0.37,0.99,-6.97,-7.35,-6.83
15,0.05,-0.34,0.98,-3.49,-3.39,-6.47
16,0.04,-0.33,0.97,-1.34,1.19,-3.47
17,0.02,-0.32,0.96,0.12,3.92,-2.06
18,-0.0,-0.31,0.95,0.06,5.54,-1.5
19,-0.03,-0.29,0.92,-1.41,4.73,-1.27
20,-0.03,-0.3,0.92,-2.04,3.28,-1.22
21,-0.03,-0.29,0.92,-2.91,1.01,-2.4
22,-0.03,-0.3,0.93,-4.32,-1.18,-3.62
23,-0.02,-0.3,0.94,-4.79,-3.17,-3.98
24,0.01,-0.29,0.95,-5.01,-3.47,-3.6
25,0.02,-0.3,0.95,-5.0,-3.11,-4.27
26,0.02,-0.34,0.98,-4.16,-1.45,-4.77
27,0.01,-0.34,0.97,-2.57,0.42,-2.94
28,0.0,-0.31,0.95,-0.36,2.18,-0.27
29,-0.02,-0.31,0.94,0.31,2.5,0.02
30,-0.02,-0.31,0.93,-0.93,1.33,-0.6
31,-0.03,-0.32,0.92,-1.31,-0.31,-0.94
32,-0.04,-0.31,0.93,-0.76,-2.44,0.11
33,-0.01,-0.28,0.91,-0.67,-4.25,-0.25
34,-0.0,-0.3,0.92,-1.62,-3.47,-0.66
35,0.0,-0.33,0.91,-2.07,-1.31,2.08
36,-0.01,-0.32,0.9,-1.79,-0.69,4.7
37,-0.01,-0.34,0.91,-1.79,1.24,5.92
38,0.0,-0.35,0.91,-1.02,5.16,8.94
39,-0.01,-0.36,0.91,-0.73,11.13,12.34
40,-0.04,-0.39,0.9,-0.64,19.95,17.76
41,-0.06,-0.46,0.92,2.25,30.85,28.29
42,-0.06,-0.51,0.92,7.63,41.85,43.89
43,0.03,-0.47,0.88,13.61,51.77,59.91
44,0.13,-0.39,0.77,22.4,62.56,70.64
45,0.06,-0.35,0.68,31.28,54.45,63.47
46,-0.07,-0.3,0.63,37.43,26.01,49.08
47,-0.22,-0.27,0.62,31.88,-22.09,25.35
48,-0.24,-0.27,0.61,26.24,-57.53,8.52
49,-0.19,-0.29,0.66,12.71,-76.37,-2.16
50,-0.12,-0.36,0.75,4.29,-85.28,-6.04
51,-0.03,-0.44,0.8,-1.69,-82.98,-3.9
52,0.09,-0.53,0.95,-0.95,-70.15,-0.28
53,0.17,-0.51,0.98,11.69,-52.66,17.12
54,0.19,-0.46,0.94,19.27,-33.53,29.88
55,0.17,-0.41,0.87,15.76,-19.67,34.07
56,0.13,-0.38,0.82,6.51,-12.34,31.63
57,0.15,-0.35,0.78,-8.05,-6.1,28.36
58,0.13,-0.29,0.75,-27.68,2.46,23.82
59,0.03,-0.29,0.74,-40.68,0.91,20.62
60,-0.09,-0.33,0.7,-53.18,-6.91,11.11
61,-0.21,-0.51,0.78,-74.12,-14.93,-4.66
62,-0.3,-0.8,1.03,-74.59,-36.76,-4.14
63,-0.13,-0.99,1.12,-44.32,-55.05,-1.08
64,-0.04,-0.97,1.15,-18.61,-63.31,-2.34
65,0.2,-0.89,1.11,11.55,-57.26,2.17
66,0.28,-0.76,1.12,36.96,-39.74,10.43
67,0.26,-0.62,1.02,48.01,-21.24,16.11
68,0.19,-0.46,0.94,47.34,-3.15,33.44
69,0.04,-0.35,0.92,50.83,11.44,43.21
70,-0.03,-0.29,0.85,36.58,5.09,34.15
71,-0.08,-0.17,0.78,32.15,-0.59,34.47
72,-0.08,-0.21,0.81,20.4,-15.05,15.68
73,-0.07,-0.27,0.88,8.24,-25.92,1.27
74,-0.0,-0.35,0.97,1.45,-28.28,-2.49
75,0.07,-0.42,1.02,1.83,-24.82,-2.89
76,0.14,-0.4,1.04,8.12,-13.73,5.48
77,0.18,-0.33,1.03,13.27,-1.09,14.76
78,0.13,-0.31,1.01,19.18,8.98,19.33
79,0.05,-0.25,0.98,20.87,15.91,27.05
80,-0.02,-0.19,0.97,20.45,14.46,31.01
81,-0.08,-0.17,0.96,19.02,8.02,27.21
82,-0.05,-0.17,0.94,18.14,-3.34,24.91
83,-0.07,-0.12,0.93,17.8,-4.19,23.24
84,-0.05,-0.09,0.91,14.14,-11.8,19.37
85,-0.01,-0.05,0.89,11.46,-17.85,14.44
86,0.07,-0.03,0.87,2.79,-21.98,5.89
87,0.12,-0.04,0.92,-9.6,-19.82,-0.44
88,0.17,-0.07,0.99,-12.91,-12.53,-0.53
89,0.21,-0.08,1.02,-10.27,-1.37,3.1
90,0.12,-0.07,1.06,-3.83,6.46,4.98
91,0.03,-0.06,1.04,5.53,10.44,12.59
92,-0.05,-0.07,1.02,15.43,8.53,16.16
93,-0.12,-0.05,0.99,19.86,0.84,15.73
94,-0.1,-0.04,0.94,17.12,-6.79,12.99
95,-0.07,-0.02,0.93,11.66,-11.55,11.44
96,-0.04,-0.0,0.93,6.11,-15.4,9.1
97,0.0,-0.02,0.95,0.34,-20.07,4.27
98,-0.04,-0.06,1.03,-3.85,-26.46,0.08
99,0.01,-0.09,1.07,-5.28,-30.02,-6.18
100,0.05,-0.1,1.1,-5.12,-27.91,-5.64
101,0.04,-0.12,1.08,-5.18,-24.48,-4.63
102,0.1,-0.16,1.14,-3.85,-21.73,-4.27
103,0.12,-0.16,1.14,0.15,-17.65,-1.4
104,0.1,-0.18,1.13,4.02,-11.54,-0.56
105,0.16,-0.19,1.18,3.55,-10.21,1.77
106,0.17,-0.18,1.15,12.59,-7.32,0.05
107,0.18,-0.17,1.15,17.44,-4.14,-2.6
108,0.21,-0.15,1.12,21.56,-5.5,-5.65
109,0.21,-0.14,1.1,28.95,-6.47,-10.67
110,0.15,-0.13,1.12,30.12,-6.47,-12.43
111,0.12,-0.14,1.06,35.93,2.27,-6.25
112,0.06,-0.11,1.0,38.37,9.67,4.14
113,0.02,-0.07,0.93,37.21,13.57,11.37
114,0.01,-0.03,0.91,29.21,12.7,15.66
115,-0.02,-0.06,0.95,23.67,9.91,18.05
116,-0.01,-0.06,0.98,24.37,5.9,18.72
117,0.03,-0.05,0.92,26.15,1.45,15.98
118,0.03,-0.04,0.96,21.5,-3.24,10.84
119,0.02,-0.07,0.97,16.69,1.79,1.53
120,0.03,-0.08,0.99,15.0,-4.03,4.08
121,0.05,-0.1,0.99,16.85,-1.92,4.37
122,0.08,-0.09,1.03,18.09,1.69,11.76
123,0.12,-0.06,0.99,21.97,8.78,8.82
124,0.13,-0.07,0.98,23.89,3.98,-0.74
125,0.1,-0.07,1.0,23.26,4.74,-2.82
126,0.07,-0.08,0.99,27.97,9.11,-4.76
127,0.05,-0.07,1.0,27.76,6.36,-5.2
128,0.02,-0.03,0.98,26.95,2.56,-9.23
129,0.01,0.01,0.96,21.34,-1.02,-10.52
130,0.0,0.06,0.98,14.74,-1.21,-7.48
131,-0.04,0.14,1.02,8.05,-2.59,-4.63
132,-0.09,0.21,1.07,1.63,-5.98,-3.37
133,-0.15,0.23,1.11,-6.44,-8.11,-0.71
134,-0.2,0.18,1.21,-8.72,-12.5,5.13
135,-0.18,0.08,1.28,-5.6,-20.42,7.74
136,-0.08,-0.01,1.27,6.37,-27.86,11.54
137,0.12,-0.11,1.22,23.43,-28.52,19.03
138,0.29,-0.13,1.12,40.28,-22.95,22.98
139,0.36,-0.1,1.04,53.52,-18.01,18.65
140,0.38,-0.02,0.93,62.27,-16.05,10.98
141,0.31,0.07,0.82,61.07,-15.86,0.14
142,0.25,0.12,0.74,51.05,-13.9,-4.9
143,0.19,0.15,0.72,31.94,-11.08,-7.54
144,0.16,0.14,0.74,16.08,-7.4,-1.82
145,0.13,0.11,0.8,5.19,-5.69,5.0
146,0.13,0.11,0.86,-3.12,-6.73,4.63
147,0.18,0.11,0.9,-7.31,-6.44,2.66
148,0.19,0.11,0.93,-9.22,-7.43,-1.79
149,0.19,0.09,0.96,-7.6,-13.7,-9.13
150,0.2,0.08,0.98,-5.69,-21.05,-19.27
151,0.18,0.06,0.98,-4.23,-26.69,-28.48
152,0.17,0.05,0.97,-5.15,-28.55,-33.81
153,0.18,0.05,0.96,-6.12,-25.1,-32.69
154,0.14,0.0,0.98,-10.85,-19.71,-28.37
155,0.14,-0.01,0.99,-16.93,-14.63,-23.45
156,0.15,-0.06,1.0,-20.47,-8.18,-18.65
157,0.18,-0.1,1.04,-14.02,-1.12,-6.63
158,0.12,-0.11,1.06,-7.25,-0.26,-2.77
159,0.11,-0.12,1.06,-2.69,-4.23,-10.04
160,0.12,-0.11,1.05,0.47,-6.47,-13.58
161,0.13,-0.1,1.04,3.34,-6.56,-12.51
162,0.15,-0.06,1.01,6.24,-3.08,-9.11
163,0.12,-0.04,1.0,2.85,-2.06,-9.34
164,0.12,-0.04,1.0,-0.69,-0.39,-8.37
165,0.13,-0.05,0.99,-1.2,2.11,-4.11
166,0.11,-0.04,1.0,-1.15,4.15,-0.66
167,0.1,-0.04,1.0,-1.34,4.72,0.46
168,0.11,-0.05,1.0,0.26,3.54,2.5
169,0.13,-0.02,0.99,3.59,2.04,2.01
170,0.12,0.0,0.96,2.46,-0.74,-1.39
171,0.12,0.02,0.94,0.16,-2.28,-5.61
172,0.11,0.02,0.95,-4.47,-3.52,-7.08
173,0.11,-0.0,0.95,-5.79,-2.31,-5.24
174,0.12,-0.01,0.96,-6.23,-0.31,-2.17
175,0.14,-0.02,0.96,-5.18,1.95,0.45
176,0.13,-0.01,0.97,-4.16,1.44,1.59
177,0.12,-0.0,0.96,-3.49,-0.69,-0.97
178,0.11,0.0,0.97,-3.25,-5.05,-5.3
179,0.14,0.02,0.96,-4.33,-9.15,-9.73
180,0.17,0.02,0.95,-7.09,-10.62,-14.56
181,0.17,-0.02,0.97,-10.7,-8.47,-15.81
182,0.18,-0.06,1.0,-9.16,-1.63,-8.42
183,0.15,-0.08,1.04,-5.78,1.47,-4.33
184,0.13,-0.08,1.04,-2.08,2.52,-4.73
185,0.12,-0.07,1.04,0.72,1.08,-7.07
186,0.11,-0.06,1.03,2.31,-1.56,-9.31
187,0.11,-0.04,1.01,3.21,-3.23,-11.01
188,0.11,-0.02,0.98,1.08,-5.25,-13.91
189,0.11,-0.03,0.99,-1.91,-5.02,-12.32
190,0.11,-0.05,0.99,-4.49,-2.99,-9.41
191,0.12,-0.05,0.99,-4.83,0.82,-4.31
192,0.1,-0.06,0.99,-5.4,4.34,0.91
193,0.09,-0.05,0.99,-5.44,5.5,3.78
194,0.09,-0.07,1.0,-3.99,5.42,4.69
195,0.11,-0.06,0.99,-0.24,2.55,5.38
196,0.12,-0.06,1.0,5.19,-0.13,3.73
197,0.12,-0.02,0.97,9.73,-3.06,0.87
198,0.12,0.0,0.95,10.53,-5.98,-0.09
199,0.13,0.04,0.93,8.46,-6.25,0.92
200,0.14,0.04,0.92,8.24,-7.41,4.02
201,0.17,0.0,0.9,10.08,-4.09,5.34
202,0.15,0.08,0.94,0.33,-7.37,-1.69
203,0.15,0.02,0.95,-3.82,-7.75,-4.5
204,0.14,-0.01,0.97,-1.71,-7.02,1.49
205,0.15,-0.0,1.01,-3.04,-6.05,-0.92
206,0.17,-0.06,1.04,5.91,-0.42,9.47
207,0.12,0.0,1.07,-2.18,-1.69,-2.92
208,0.16,-0.04,1.02,0.4,-1.08,-7.81
209,0.17,-0.06,1.0,4.27,3.89,-1.93
210,0.13,-0.05,1.01,6.33,7.28,1.53
211,0.12,-0.03,1.0,6.99,7.6,1.89
212,0.11,-0.02,1.0,7.06,5.5,1.5
213,0.12,-0.01,1.0,5.84,2.97,-1.08
214,0.11,-0.0,0.97,3.98,1.26,-2.98
215,0.1,0.01,0.97,1.57,0.21,-3.06
216,0.1,0.0,0.98,-1.78,-0.57,-3.32
217,0.12,-0.0,0.98,-6.02,-0.84,-6.57
218,0.12,0.0,1.0,-6.94,-1.53,-5.02
219,0.12,-0.02,0.99,-6.78,-2.07,-5.85
220,0.17,-0.03,0.99,-2.89,2.87,-0.04
221,0.13,-0.01,0.99,-1.69,3.64,0.89
222,0.11,-0.01,0.99,-1.75,1.31,-1.68
223,0.11,-0.01,0.98,-2.3,1.21,-1.77
224,0.11,-0.02,0.99,-3.37,-0.75,-3.67
225,0.12,-0.02,1.0,-3.51,-2.97,-5.4
226,0.12,-0.02,1.01,-3.78,-3.79,-7.75
227,0.12,-0.03,1.01,-2.37,-4.21,-8.34
228,0.11,-0.04,1.02,-0.4,-5.46,-8.16
229,0.12,-0.03,1.01,0.14,-5.52,-8.22
230,0.11,-0.01,1.01,-1.08,-4.71,-8.17
231,0.12,-0.02,1.0,-1.73,-4.59,-6.18
232,0.13,-0.03,1.01,-3.03,-3.06,-4.39
233,0.14,-0.05,1.03,-2.69,-1.85,-4.41
234,0.14,-0.07,1.04,-0.87,-1.56,-4.46
235,0.15,-0.07,1.05,0.44,-1.08,-5.28
236,0.17,-0.06,1.04,3.63,0.26,-4.08
237,0.18,-0.03,1.01,6.15,1.11,-4.15
238,0.17,0.0,0.99,5.56,1.08,-5.03
239,0.17,0.02,0.98,3.11,1.63,-4.68
240,0.17,0.02,0.96,0.63,0.32,-6.66
241,0.17,0.03,0.98,-3.28,-1.6,-9.05
242,0.19,0.03,0.98,-6.41,-0.83,-10.95
243,0.19,0.02,0.98,-10.64,-0.12,-13.79
244,0.18,0.01,0.99,-11.74,2.55,-12.99
245,0.12,-0.01,0.96,-11.2,2.66,-12.81
246,0.11,0.01,0.98,-17.72,-0.44,-15.35
247,0.08,-0.02,0.94,-23.1,1.43,-16.53
248,0.04,-0.06,1.01,-32.79,5.36,-13.02
249,0.05,-0.1,0.99,-37.51,13.44,-10.54
250,0.06,-0.13,1.01,-43.37,20.73,2.48
251,-0.01,-0.18,1.08,-44.6,29.87,14.52
252,-0.07,-0.23,1.11,-42.6,32.63,16.93
253,-0.1,-0.26,1.16,-35.63,23.73,17.54
254,-0.07,-0.27,1.13,-24.07,17.89,14.6
255,-0.02,-0.26,1.17,-17.0,14.5,16.07
256,0.02,-0.28,1.15,-5.79,12.23,10.38
257,0.06,-0.23,1.14,10.76,14.37,17.86
258,0.1,-0.14,1.09,26.22,17.89,23.46
259,0.12,-0.02,0.96,32.7,19.75,24.94
260,0.14,0.08,0.86,31.63,19.33,23.25
261,0.18,0.16,0.83,28.9,19.42,25.09
262,0.2,0.23,0.76,25.36,19.29,19.66
263,0.22,0.28,0.76,18.05,13.66,10.28
264,0.18,0.27,0.77,9.98,10.34,1.53
265,0.18,0.26,0.8,4.48,7.95,-1.43
266,0.18,0.25,0.81,0.24,6.54,-2.92
267,0.17,0.23,0.84,-4.85,4.79,-7.28
268,0.16,0.21,0.86,-9.11,4.09,-11.56
269,0.16,0.16,0.89,-12.12,1.56,-16.54
270,0.14,0.12,0.94,-13.89,0.69,-19.73
271,0.12,0.1,0.97,-12.53,3.69,-20.07
272,0.07,0.1,0.99,-12.24,5.47,-18.86
273,0.06,0.09,1.01,-11.8,7.53,-14.94
274,0.03,0.12,1.0,-11.77,8.47,-10.3
275,0.02,0.16,1.02,-13.47,6.45,-8.9
276,0.05,0.2,1.03,-16.87,6.5,-9.56
277,0.1,0.24,1.05,-16.77,10.5,-9.55
278,0.14,0.29,1.03,-11.22,18.5,-5.27
279,0.14,0.35,1.04,-5.92,25.75,-5.93
280,0.13,0.43,1.0,1.57,31.37,-5.1
281,0.1,0.51,0.99,6.0,30.5,-5.95
282,0.12,0.6,0.96,15.13,29.4,-7.27
283,0.14,0.74,0.95,-0.84,15.05,-23.89
284,0.17,0.85,0.93,-17.46,2.95,-44.98
285,0.27,0.85,1.08,-33.68,4.85,-59.95
286,0.17,0.86,1.26,-42.08,10.08,-63.42
287,0.1,0.94,1.48,-46.96,13.69,-67.79
288,0.13,1.06,1.69,-42.44,17.8,-61.69
289,0.13,1.3,1.88,-47.25,9.97,-44.24
290,0.06,1.56,2.0,-52.5,18.15,-30.88
291,0.12,1.71,2.0,-64.9,22.08,-13.75
292,0.23,1.87,2.0,-37.41,32.53,27.54
293,0.37,1.87,2.0,15.02,40.41,75.6
294,0.62,1.86,2.0,99.85,41.85,126.37
295,0.76,1.94,1.76,163.37,38.02,145.73
296,1.13,1.93,1.09,207.6,27.18,143.24
297,1.45,1.96,0.05,243.34,44.92,132.75
298,1.6,1.86,-1.05,185.31,67.31,85.36
299,1.57,1.63,-2.0,40.93,95.56,11.39
300,1.7,0.47,-2.0,-156.88,190.11,-78.27
301,0.86,-1.59,-2.0,-250.14,250.13,-185.82
302,-0.56,-2.0,-1.21,-232.33,159.21,-238.91
303,-1.11,-2.0,-0.99,-234.26,119.39,-238.07
304,-1.62,-2.0,-0.3,-212.25,250.13,-154.11
305,-2.0,-2.0,-0.01,-250.14,250.13,-204.44
306,-2.0,-2.0,0.66,-250.14,240.05,-197.17
307,-2.0,-2.0,1.37,-243.47,160.89,-127.45
308,-2.0,-2.0,1.91,-182.32,22.07,-60.46
309,-2.0,-1.7,2.0,-117.27,-146.15,-21.15
310,-2.0,-1.18,1.8,-41.86,-250.14,13.95
311,-1.01,-1.01,1.37,18.58,-250.14,5.65
312,0.25,-0.9,1.07,82.95,-250.14,-1.33
313,0.83,-0.51,0.69,102.66,-202.43,16.57
314,0.94,-0.23,0.34,97.15,-105.24,41.61
315,0.89,-0.22,0.19,64.7,-60.61,39.92
316,0.91,-0.17,0.22,38.6,-47.49,23.37
317,0.78,0.01,0.37,26.58,-43.25,10.85
318,0.6,0.08,0.45,11.85,-57.36,-22.63
319,0.5,0.02,0.56,3.89,-70.53,-41.08
320,0.36,-0.09,0.65,-5.77,-73.5,-51.37
321,0.27,-0.19,0.77,-16.51,-69.27,-52.81
322,0.21,-0.26,0.87,-24.61,-56.7,-52.11
323,0.19,-0.33,0.97,-27.53,-35.99,-48.52
324,0.11,-0.47,1.09,-24.18,-13.01,-50.24
325,0.01,-0.55,1.12,-16.15,11.85,-43.11
326,-0.1,-0.5,1.07,-7.53,33.02,-24.58
327,-0.25,-0.39,1.04,-8.4,44.07,-10.28
328,-0.34,-0.36,0.91,-10.11,35.95,-10.55
329,-0.43,-0.37,0.89,-13.88,17.84,-9.82
330,-0.44,-0.4,0.89,-15.73,-5.09,-6.71
331,-0.36,-0.36,0.89,-19.26,-22.94,-2.5
332,-0.28,-0.35,0.91,-23.21,-38.55,-2.18
333,-0.15,-0.35,0.98,-23.69,-49.35,-8.34
334,-0.03,-0.36,1.07,-24.29,-58.72,-16.39
335,0.05,-0.33,1.14,-21.79,-58.82,-17.76
336,0.17,-0.35,1.2,-18.94,-55.02,-23.79
337,0.32,-0.35,1.24,-11.72,-36.0,-22.48
338,0.36,-0.44,1.26,8.47,-13.96,-10.36
339,0.21,-0.36,1.18,16.3,4.26,-5.81
340,0.12,-0.33,1.09,19.18,19.76,-6.91
341,0.04,-0.35,1.02,16.92,26.6,-3.16
342,-0.0,-0.32,0.93,14.79,34.67,1.29
343,-0.05,-0.28,0.87,13.47,37.55,3.24
344,-0.14,-0.29,0.81,10.24,33.21,-0.29
345,-0.21,-0.34,0.82,7.88,21.24,-3.12
346,-0.19,-0.33,0.8,8.69,9.64,0.76
347,-0.16,-0.27,0.78,4.26,-1.21,-2.25
348,-0.12,-0.27,0.8,-2.05,-8.41,-5.77
349,-0.1,-0.27,0.84,-8.24,-12.4,-6.89
350,-0.05,-0.3,0.86,-11.83,-10.69,-5.12
351,-0.01,-0.34,0.92,-13.58,-6.06,0.21
352,0.0,-0.35,0.95,-13.05,-2.11,5.02
353,0.02,-0.36,0.96,-11.16,3.0,7.73
354,0.05,-0.37,0.95,-7.61,7.17,10.81
355,0.04,-0.32,0.92,-3.43,7.98,14.81
356,-0.02,-0.26,0.88,-4.47,1.68,10.61
357,-0.05,-0.26,0.88,-10.15,-8.69,2.0
358,-0.05,-0.29,0.9,-13.42,-17.16,-2.62
359,-0.03,-0.31,0.92,-12.24,-20.37,-0.61
360,-0.03,-0.34,0.95,-11.61,-21.76,-0.66
361,0.0,-0.39,1.02,-8.71,-25.66,-7.27
362,0.03,-0.41,1.06,-1.24,-25.88,-11.25
363,0.08,-0.37,1.06,5.34,-21.78,-8.89
364,0.08,-0.37,1.04,11.25,-11.98,-3.66
365,0.07,-0.35,1.02,9.49,-6.97,0.08
366,0.08,-0.33,0.98,14.97,2.07,1.46
367,0.04,-0.3,0.94,16.05,7.06,3.65
368,0.02,-0.26,0.89,12.21,9.56,5.03
369,0.03,-0.24,0.86,10.63,12.41,7.69
370,0.01,-0.24,0.84,6.89,7.94,4.91
371,-0.02,-0.23,0.83,4.04,-0.69,-1.78
372,-0.03,-0.26,0.87,1.54,-12.59,-7.98
373,0.01,-0.25,0.88,-0.22,-20.63,-12.52
374,0.06,-0.25,0.89,-1.76,-22.32,-15.89
375,0.08,-0.27,0.91,-2.06,-19.29,-16.16
376,0.12,-0.3,0.91,-0.68,-11.44,-12.75
377,0.11,-0.3,0.89,-0.15,-3.57,-8.09
378,0.1,-0.27,0.86,-1.15,0.42,-6.2
379,0.08,-0.22,0.85,-4.94,1.06,-7.98
380,0.05,-0.2,0.86,-9.97,-1.5,-13.47
381,0.03,-0.21,0.88,-15.6,-4.15,-18.71
382,0.02,-0.29,0.93,-17.4,-2.53,-20.54
383,0.02,-0.4,0.99,-14.94,-0.51,-18.9
384,0.03,-0.43,1.04,-8.18,5.78,-12.45
385,0.04,-0.42,1.02,2.06,13.58,-3.46
386,-0.01,-0.37,0.99,7.79,14.58,0.56
387,-0.02,-0.33,0.96,10.94,12.48,0.96
388,-0.02,-0.3,0.94,10.88,6.46,-1.92
389,-0.04,-0.26,0.92,9.65,-0.24,-4.92
390,-0.02,-0.24,0.91,6.74,-0.85,-5.42
391,0.01,-0.26,0.89,2.35,-4.76,-8.2
392,0.02,-0.25,0.89,-0.05,-3.82,-7.97
393,-0.02,-0.26,0.89,-5.11,-2.2,-7.63
394,-0.0,-0.29,0.91,-5.14,-3.08,-8.53
395,-0.01,-0.31,0.92,-6.11,-2.98,-7.55
396,-0.02,-0.33,0.95,-5.55,-5.73,-8.53
397,-0.0,-0.33,0.95,-3.07,-8.52,-9.84
398,0.01,-0.31,0.94,-0.71,-8.7,-9.44
399,-0.01,-0.31,0.93,0.62,-7.86,-9.8
400,-0.01,-0.29,0.92,2.58,-5.57,-11.98
401,0.0,-0.28,0.9,-2.79,-8.91,-10.27
402,-0.01,-0.27,0.91,-0.34,-12.48,-11.47
403,-0.03,-0.26,0.9,-7.87,-9.91,-12.53
404,-0.01,-0.29,0.91,-10.49,-5.71,-8.96
405,-0.0,-0.31,0.93,-10.21,-1.85,-5.5
406,-0.01,-0.34,0.95,-8.41,0.53,-5.02
407,-0.01,-0.36,0.98,-5.52,3.02,-3.71
408,-0.0,-0.36,0.99,-1.05,3.09,-0.11
409,0.02,-0.33,0.96,2.1,3.06,-1.13
410,0.02,-0.3,0.95,3.72,2.85,-1.91
411,0.01,-0.26,0.93,1.94,3.54,-2.34
412,0.0,-0.26,0.92,-1.03,3.08,-2.15
413,0.0,-0.28,0.92,-2.64,3.08,-3.5
414,-0.01,-0.29,0.94,-3.51,1.98,-3.22
415,-0.01,-0.3,0.93,-3.51,0.8,-2.85
416,-0.02,-0.33,0.95,-2.7,0.2,-1.45
417,-0.01,-0.32,0.95,-1.85,-1.16,-1.32
418,0.01,-0.31,0.94,-1.01,-1.69,-1.35
419,0.02,-0.29,0.94,-1.78,-0.99,-1.42
420,0.03,-0.28,0.94,-2.35,-0.56,-1.15
421,0.04,-0.27,0.94,-3.36,-1.19,-2.78
422,0.02,-0.27,0.93,-4.21,-2.85,-4.54
423,0.01,-0.28,0.93,-5.79,-4.14,-5.69
424,0.0,-0.29,0.93,-7.04,-4.67,-5.5
425,0.0,-0.31,0.93,-6.55,-5.19,-3.71
426,-0.01,-0.31,0.94,-6.82,-6.56,-3.83
427,-0.01,-0.32,0.94,-6.63,-7.46,-4.65
428,0.02,-0.35,0.96,-2.82,7.93,-4.75
429,0.03,-0.35,0.95,1.18,-7.49,-1.89
430,0.04,-0.3,0.95,1.62,-7.27,-3.02
431,0.06,-0.29,0.94,0.63,-5.61,-4.88
432,0.06,-0.29,0.93,0.55,-3.34,-4.49
433,0.04,-0.27,0.93,-1.15,-2.18,-3.69
434,0.04,-0.28,0.93,-2.5,-1.48,-4.4
435,0.04,-0.3,0.94,-2.95,-1.34,-5.6
436,0.05,-0.3,0.94,-2.61,0.35,-4.4
437,0.04,-0.29,0.93,-3.18,1.89,-3.76
438,0.03,-0.3,0.93,-4.78,3.02,-4.36
439,0.03,-0.31,0.93,-4.76,5.06,-2.83
440,0.02,-0.31,0.93,-4.8,6.05,-1.63
441,-0.0,-0.31,0.92,-5.35,5.17,-1.36
442,-0.01,-0.29,0.92,-6.35,2.55,-2.19
443,-0.02,-0.28,0.92,-7.67,-0.12,-2.21
444,-0.02,-0.28,0.91,-9.65,-1.83,-2.9
445,-0.01,-0.35,0.95,-10.51,-3.76,-5.02
446,0.01,-0.39,1.0,-5.64,-4.92,-6.08
447,0.02,-0.37,0.99,-0.23,-3.61,-3.53
448,0.02,-0.34,0.97,2.5,-1.53,-1.98
449,0.0,-0.34,0.97,3.4,-0.92,-2.62
450,0.0,-0.32,0.96,4.28,-1.18,-3.4
451,0.0,-0.3,0.94,4.92,-0.19,-1.51
452,-0.01,-0.26,0.91,3.06,-0.03,-0.1
453,-0.01,-0.26,0.9,-0.22,-0.7,-1.31
454,-0.01,-0.28,0.91,-2.27,-2.88,-2.86
455,-0.01,-0.27,0.91,-4.31,-5.4,-2.83
456,0.0,-0.26,0.9,-7.76,-6.09,-3.92
457,0.03,-0.31,0.95,-9.79,-4.85,-5.76
458,0.06,-0.35,0.99,-7.53,-2.17,-5.5
459,0.05,-0.33,0.97,-4.06,2.19,-1.53
460,0.04,-0.3,0.96,-3.35,4.9,0.3
461,0.03,-0.31,0.95,-3.91,6.69,0.01
462,0.01,-0.32,0.95,-3.13,5.94,0.29
463,0.01,-0.3,0.92,-1.34,4.11,-0.42
464,0.0,-0.27,0.9,-2.69,2.72,-0.38
465,0.0,-0.27,0.88,-5.9,1.08,-1.31
466,-0.01,-0.29,0.91,-8.56,-2.63,-2.95
467,0.01,-0.31,0.93,-9.08,-5.54,-4.34
468,0.02,-0.32,0.95,-7.69,-5.67,-4.59
469,0.02,-0.35,0.98,-5.64,-4.66,-4.56
470,0.03,-0.36,0.99,-3.45,-3.17,-4.3
471,0.05,-0.35,0.98,0.64,-0.27,-2.76
472,0.02,-0.33,0.96,3.88,2.94,-1.47
473,-0.01,-0.33,0.95,4.31,2.88,-0.58
474,-0.01,-0.31,0.93,4.06,0.56,-0.75
475,-0.01,-0.29,0.91,2.76,-0.88,-0.37
476,-0.01,-0.26,0.9,-0.3,-2.49,-0.17
477,-0.01,-0.24,0.9,-4.05,-3.69,-0.69
478,0.0,-0.25,0.89,-7.69,-5.57,-1.04
479,0.02,-0.26,0.91,-10.54,-6.05,-2.68
480,0.03,-0.31,0.94,-10.91,-6.3,-3.34
481,0.03,-0.36,0.99,-9.27,-6.73,-5.28
482,0.05,-0.38,0.99,-6.04,-5.08,-4.47
483,0.08,-0.36,0.99,-2.63,-1.3,-2.33
484,0.06,-0.33,0.98,-0.29,2.37,-1.7
485,0.05,-0.32,0.97,0.25,5.46,-1.44
486,0.02,-0.31,0.94,0.21,6.95,0.02
487,0.0,-0.31,0.94,-0.47,7.63,1.18
488,-0.01,-0.3,0.91,-1.24,6.55,2.76
489,-0.01,-0.3,0.91,-2.6,3.84,2.15
490,-0.01,-0.3,0.92,-3.62,1.01,2.42
491,0.02,-0.29,0.92,-4.85,-3.4,-0.1
492,0.04,-0.31,0.92,-5.54,-6.25,-3.05
493,0.04,-0.33,0.95,-5.49,-7.61,-4.99
494,0.06,-0.34,0.96,-4.17,-6.65,-4.43
495,0.09,-0.32,0.96,-2.84,-1.99,-3.52
496,0.07,-0.3,0.95,-2.17,2.32,-1.89
497,0.04,-0.31,0.94,-2.37,4.28,-1.8
498,0.02,-0.33,0.94,-2.61,4.66,-1.6
499,0.02,-0.32,0.94,-1.63,4.2,-1.44
500,0.01,-0.33,0.95,-0.76,3.34,-2.69
