,accel_x,accel_y,accel_z,gyro_x,gyro_y,gyro_z
0,0.01,-0.44,0.87,-4.7,1.98,-3.44
1,0.03,-0.42,0.87,-5.16,-0.56,-5.58
2,0.03,-0.42,0.86,-7.2,-1.42,-7.48
3,0.03,-0.45,0.89,-8.87,-0.54,-7.75
4,0.04,-0.48,0.91,-8.88,1.98,-5.78
5,0.03,-0.5,0.91,-6.98,2.99,-2.71
6,0.04,-0.49,0.92,-4.74,1.89,-2.2
7,0.03,-0.5,0.95,-2.35,-2.78,-5.08
8,0.06,-0.46,0.9,-1.02,0.56,-5.5
9,0.07,-0.45,0.89,0.57,2.36,-5.66
10,0.06,-0.44,0.88,1.08,2.95,-6.11
11,0.05,-0.42,0.84,-0.16,3.34,-7.08
12,0.01,-0.41,0.85,-2.5,1.17,-8.53
13,0.02,-0.43,0.85,-4.17,-1.58,-10.79
14,0.05,-0.43,0.86,-4.95,-3.18,-11.05
15,0.08,-0.44,0.87,-5.35,-2.37,-11.63
16,0.07,-0.46,0.89,-4.78,-1.82,-12.11
17,0.04,-0.47,0.9,-3.3,-1.23,-12.79
18,0.03,-0.44,0.96,-6.96,-2.15,-13.93
19,0.02,-0.48,0.92,-4.69,5.2,-7.65
20,0.04,-0.49,0.91,-3.05,6.44,-7.44
21,0.05,-0.49,0.9,-1.16,7.91,-8.05
22,0.03,-0.48,0.89,-0.72,8.83,-7.85
23,0.04,-0.45,0.87,-0.79,8.0,-7.65
24,0.05,-0.43,0.85,-2.15,7.0,-9.04
25,0.04,-0.42,0.84,-4.51,6.2,-11.79
26,0.05,-0.43,0.86,-6.72,5.66,-12.83
27,0.06,-0.44,0.87,-6.83,8.34,-10.44
28,0.05,-0.47,0.86,-5.29,9.82,-7.77
29,0.06,-0.49,0.89,-5.14,10.15,-7.83
30,0.07,-0.49,0.89,-4.45,12.61,-5.42
31,0.09,-0.49,0.89,-2.24,12.58,-3.61
32,0.1,-0.49,0.89,-1.39,11.3,-5.74
33,0.15,-0.49,0.88,0.57,11.27,-5.38
34,0.16,-0.44,0.86,2.92,10.24,-7.79
35,0.15,-0.41,0.84,2.27,9.34,-12.05
36,0.14,-0.41,0.85,-0.21,9.85,-13.73
37,0.14,-0.43,0.87,-1.24,8.27,-14.56
38,0.16,-0.44,0.89,-1.5,6.4,-15.27
39,0.18,-0.45,0.91,-2.45,6.65,-16.11
40,0.22,-0.48,0.92,-2.11,9.51,-16.66
41,0.26,-0.49,0.94,0.91,14.64,-17.04
42,0.28,-0.47,0.94,3.64,19.62,-15.49
43,0.29,-0.44,0.91,6.08,23.93,-17.15
44,0.26,-0.39,0.87,5.44,25.5,-19.08
45,0.22,-0.36,0.84,-0.3,22.98,-22.65
46,0.21,-0.35,0.84,0.48,20.05,-27.92
47,0.22,-0.37,0.85,-1.18,13.4,-35.82
48,0.25,-0.42,0.87,-1.88,10.94,-40.85
49,0.28,-0.45,0.91,-3.1,15.26,-41.23
50,0.31,-0.47,0.94,-1.37,21.2,-40.56
51,0.31,-0.48,0.92,-0.24,27.92,-41.47
52,0.29,-0.49,0.92,-1.06,34.36,-42.76
53,0.29,-0.5,0.91,0.5,41.3,-40.78
54,0.25,-0.5,0.88,0.99,42.18,-41.98
55,0.25,-0.48,0.85,1.53,43.34,-43.91
56,0.19,-0.46,0.82,1.3,41.5,-45.91
57,0.14,-0.43,0.8,0.91,34.3,-50.76
58,0.13,-0.43,0.79,-2.15,26.72,-56.29
59,0.13,-0.43,0.81,-6.1,21.74,-58.81
60,0.13,-0.43,0.84,-8.34,18.92,-61.34
61,0.13,-0.47,0.87,-10.9,20.84,-59.66
62,0.14,-0.53,0.93,-12.2,22.18,-57.93
63,0.16,-0.57,0.99,-9.8,23.13,-60.24
64,0.18,-0.6,1.02,-2.6,27.22,-58.14
65,0.17,-0.6,0.99,3.4,30.12,-58.09
66,0.18,-0.59,0.96,7.19,31.44,-58.44
67,0.11,-0.58,0.92,10.18,33.95,-58.24
68,0.06,-0.55,0.94,10.71,36.34,-55.18
69,0.02,-0.53,0.87,7.44,38.61,-52.32
70,0.01,-0.53,0.83,3.96,38.22,-48.54
71,-0.02,-0.52,0.82,-0.6,34.73,-46.67
72,-0.03,-0.51,0.77,-1.5,38.18,-43.26
73,-0.02,-0.52,0.81,-10.34,28.18,-46.15
74,-0.02,-0.55,0.87,-13.4,22.27,-53.69
75,-0.01,-0.59,0.87,-8.32,21.94,-57.27
76,-0.01,-0.62,0.9,-5.24,21.3,-53.3
77,0.01,-0.63,0.88,-1.61,23.52,-50.34
78,0.01,-0.61,0.85,0.15,26.59,-48.84
79,0.02,-0.59,0.82,1.73,26.8,-51.73
80,0.04,-0.57,0.8,3.51,28.49,-54.08
81,0.04,-0.53,0.78,4.27,30.75,-55.65
82,0.03,-0.5,0.74,3.72,32.85,-57.93
83,-0.0,-0.48,0.72,0.92,34.1,-60.72
84,-0.03,-0.48,0.72,-2.14,34.13,-62.63
85,-0.07,-0.49,0.72,-6.23,33.97,-62.04
86,-0.08,-0.54,0.72,-8.51,34.0,-57.06
87,-0.08,-0.62,0.76,-6.98,33.99,-52.66
88,-0.05,-0.66,0.79,-3.15,33.27,-49.56
89,-0.01,-0.65,0.77,2.98,35.6,-43.79
90,0.01,-0.59,0.71,6.37,37.69,-42.24
91,0.01,-0.52,0.64,10.47,36.25,-44.35
92,-0.01,-0.43,0.6,11.04,31.22,-50.22
93,-0.06,-0.36,0.57,6.4,21.63,-62.91
94,-0.08,-0.35,0.59,-2.18,11.23,-79.54
95,-0.06,-0.41,0.65,-11.57,8.78,-85.1
96,-0.08,-0.49,0.72,-14.8,12.97,-78.42
97,-0.09,-0.56,0.8,-5.45,22.85,-64.5
98,-0.11,-0.61,0.86,-5.69,6.66,-67.31
99,-0.08,-0.56,0.84,-5.99,-2.5,-76.86
100,-0.01,-0.56,0.85,-6.22,-5.09,-83.13
101,0.01,-0.57,0.88,-3.74,2.51,-79.47
102,0.01,-0.58,0.88,-4.53,9.44,-78.34
103,0.01,-0.58,0.9,-8.28,19.42,-77.34
104,-0.01,-0.6,0.89,-9.66,32.76,-70.8
105,-0.12,-0.59,0.88,-10.18,39.7,-64.39
106,-0.2,-0.61,0.85,-9.98,38.9,-59.49
107,-0.2,-0.62,0.84,-10.76,35.27,-53.89
108,-0.19,-0.6,0.81,-11.85,31.18,-53.37
109,-0.2,-0.59,0.82,-11.77,25.5,-54.45
110,-0.21,-0.59,0.84,-12.02,21.23,-52.34
111,-0.17,-0.61,0.84,-13.03,23.5,-46.34
112,-0.14,-0.62,0.86,-15.85,29.63,-40.73
113,-0.12,-0.67,0.85,-14.5,40.06,-31.58
114,-0.11,-0.67,0.82,-12.56,44.76,-27.82
115,-0.09,-0.64,0.76,-13.07,50.24,-29.1
116,-0.11,-0.58,0.73,-17.72,53.9,-34.9
117,-0.13,-0.55,0.71,-19.83,63.53,-34.59
118,-0.12,-0.56,0.69,-24.14,75.66,-27.78
119,-0.16,-0.56,0.67,-28.87,88.22,-20.75
120,-0.19,-0.52,0.63,-27.08,100.66,-13.15
121,-0.37,-0.52,0.58,-27.31,98.05,-19.18
122,-0.39,-0.53,0.62,-29.47,86.54,-21.85
123,-0.51,-0.59,0.65,-26.47,75.15,-22.27
124,-0.62,-0.64,0.73,-22.85,63.69,-11.83
125,-0.62,-0.66,0.77,-20.63,43.44,-8.03
126,-0.56,-0.68,0.82,-16.52,30.27,-1.34
127,-0.48,-0.66,0.84,-11.39,18.36,4.62
128,-0.41,-0.65,0.84,-6.25,2.72,2.61
129,-0.32,-0.66,0.84,-1.42,-12.12,0.26
130,-0.24,-0.63,0.84,4.11,-18.94,-5.39
131,-0.16,-0.58,0.83,4.24,-19.65,-8.08
132,-0.14,-0.54,0.84,4.8,-17.47,-11.31
133,-0.12,-0.52,0.87,6.0,-11.98,-5.82
134,-0.15,-0.54,0.86,3.08,-5.4,-5.03
135,-0.12,-0.56,0.9,0.43,2.41,-0.49
136,-0.12,-0.58,0.92,-0.09,14.63,8.01
137,-0.14,-0.59,0.94,0.95,22.77,12.53
138,-0.19,-0.59,0.95,1.85,26.69,12.34
139,-0.23,-0.59,0.94,2.46,27.18,13.73
140,-0.23,-0.6,0.92,4.89,24.83,17.73
141,-0.21,-0.61,0.87,9.07,18.9,21.1
142,-0.17,-0.62,0.81,13.05,9.12,22.02
143,-0.1,-0.58,0.8,12.51,4.39,17.36
144,-0.06,-0.54,0.77,9.67,1.89,11.4
145,-0.03,-0.49,0.78,7.34,1.29,3.2
146,0.0,-0.49,0.74,4.98,-0.42,-7.27
147,0.02,-0.51,0.74,2.1,-0.44,-17.44
148,0.04,-0.51,0.73,-1.05,1.63,-28.02
149,0.01,-0.49,0.77,-4.48,8.39,-38.13
150,-0.02,-0.48,0.79,-7.55,18.66,-45.99
151,-0.1,-0.52,0.8,-9.53,27.92,-47.74
152,-0.22,-0.55,0.82,-10.53,32.89,-47.29
153,-0.28,-0.57,0.85,-10.52,34.76,-45.81
154,-0.3,-0.6,0.85,-8.87,33.58,-45.54
155,-0.33,-0.63,0.85,-5.89,33.72,-40.43
156,-0.39,-0.64,0.86,-2.64,34.96,-30.14
157,-0.44,-0.63,0.84,0.16,30.56,-25.22
158,-0.44,-0.62,0.83,2.14,25.43,-20.15
159,-0.46,-0.61,0.79,3.34,18.76,-12.55
160,-0.44,-0.6,0.8,3.9,11.0,-4.44
161,-0.41,-0.57,0.81,-1.24,-0.92,-2.42
162,-0.34,-0.56,0.77,2.46,-1.5,1.99
163,-0.28,-0.54,0.77,-2.16,-5.61,2.1
164,-0.23,-0.54,0.78,-3.23,-3.77,2.07
165,-0.2,-0.55,0.8,-3.4,-3.19,1.88
166,-0.2,-0.55,0.81,-3.95,-4.34,-1.46
167,-0.17,-0.56,0.82,-1.06,-3.84,1.75
168,-0.17,-0.56,0.83,1.37,-5.66,-1.34
169,-0.16,-0.53,0.83,2.9,-8.53,-5.39
170,-0.15,-0.51,0.81,4.01,-9.47,-5.43
171,-0.14,-0.52,0.81,3.43,-6.04,-4.91
172,-0.15,-0.51,0.8,3.24,-4.86,-3.76
173,-0.14,-0.5,0.79,1.87,-4.73,-4.58
174,-0.14,-0.5,0.77,0.24,-3.09,-4.76
175,-0.15,-0.51,0.79,-1.18,-2.49,-5.25
176,-0.16,-0.52,0.79,-0.72,-3.53,-5.16
177,-0.16,-0.53,0.8,-0.24,-7.02,-5.52
178,-0.15,-0.54,0.8,-0.15,-9.53,-5.48
179,-0.13,-0.53,0.81,1.7,-6.03,-0.66
180,-0.12,-0.51,0.8,1.83,-4.3,-0.98
181,-0.11,-0.5,0.78,0.47,-2.4,-1.92
182,-0.13,-0.51,0.78,-1.25,-0.97,-3.15
183,-0.17,-0.52,0.78,-2.59,-2.63,-5.21
184,-0.2,-0.5,0.77,-3.23,-5.55,-6.58
185,-0.21,-0.52,0.78,-4.24,-8.47,-7.81
186,-0.22,-0.55,0.79,-4.05,-11.76,-8.26
187,-0.19,-0.55,0.81,-5.04,-11.64,-5.27
188,-0.18,-0.55,0.81,-3.86,-10.45,-1.43
189,-0.18,-0.56,0.81,-3.04,-8.61,3.31
190,-0.17,-0.56,0.81,-1.53,-10.37,4.25
191,-0.16,-0.56,0.81,-0.63,-11.68,5.92
192,-0.14,-0.54,0.81,0.62,-12.28,7.23
193,-0.14,-0.52,0.79,0.63,-13.64,5.54
194,-0.15,-0.51,0.79,-1.42,-15.26,5.43
195,-0.13,-0.5,0.8,-2.27,-15.2,7.7
196,-0.14,-0.51,0.81,-2.66,-14.21,9.87
197,-0.13,-0.52,0.81,-3.3,-13.95,9.6
198,-0.11,-0.53,0.83,-3.92,-13.89,9.37
199,-0.07,-0.54,0.85,-2.23,-12.02,7.8
200,-0.07,-0.54,0.84,-0.6,-9.24,8.15
201,-0.07,-0.53,0.85,0.29,-6.92,7.22
202,-0.05,-0.52,0.83,1.03,-4.8,4.78
203,-0.05,-0.51,0.83,0.34,-3.41,0.87
204,-0.09,-0.5,0.81,0.83,-5.05,-4.18
205,-0.11,-0.5,0.81,-1.07,-5.49,-6.77
206,-0.12,-0.5,0.81,-2.59,-4.76,-4.89
207,-0.1,-0.51,0.82,-2.38,-2.28,-1.09
208,-0.1,-0.53,0.84,-2.47,-1.08,0.28
209,-0.11,-0.54,0.84,-2.53,-3.37,-0.79
210,-0.11,-0.53,0.84,-1.53,-3.34,-0.32
211,-0.1,-0.53,0.84,-2.42,-2.82,-0.95
212,-0.07,-0.52,0.83,-2.66,-0.87,-1.05
213,-0.07,-0.52,0.84,-2.23,0.3,-1.93
214,-0.09,-0.54,0.83,-2.04,1.05,-2.46
215,-0.09,-0.54,0.84,-1.72,2.69,0.06
216,-0.08,-0.55,0.84,-0.95,2.94,-0.69
217,-0.09,-0.54,0.83,-0.78,2.41,-2.79
218,-0.1,-0.53,0.82,-0.82,2.16,-3.78
219,-0.1,-0.5,0.81,-1.28,0.47,-5.44
220,-0.11,-0.5,0.79,-4.26,-0.93,-8.46
221,-0.11,-0.52,0.81,-5.33,0.29,-8.11
222,-0.1,-0.54,0.82,-4.61,-0.4,-8.64
223,-0.11,-0.54,0.82,-4.21,0.25,-7.95
224,-0.12,-0.55,0.83,-3.28,-1.44,-6.81
225,-0.13,-0.53,0.83,-2.11,-4.36,-7.12
226,-0.1,-0.53,0.83,-1.65,-5.94,-7.83
227,-0.09,-0.53,0.83,-2.74,-3.82,-7.49
228,-0.08,-0.53,0.83,-3.66,-0.31,-6.48
229,-0.06,-0.53,0.83,-2.87,3.11,-3.89
230,-0.07,-0.54,0.83,-2.3,5.34,-2.42
231,-0.09,-0.53,0.83,-2.5,5.49,-2.98
232,-0.1,-0.51,0.8,-1.83,3.31,-3.45
233,-0.11,-0.5,0.8,-2.66,-0.62,-7.82
234,-0.12,-0.51,0.81,-5.65,-1.14,-10.21
235,-0.12,-0.52,0.82,-6.89,-0.6,-9.53
236,-0.12,-0.54,0.84,-6.46,-0.68,-7.12
237,-0.12,-0.54,0.84,-4.42,-1.9,-6.71
238,-0.12,-0.55,0.84,-3.27,-4.4,-9.1
239,-0.1,-0.55,0.84,-2.55,-4.63,-9.92
240,-0.11,-0.54,0.84,-2.41,-2.12,-9.53
241,-0.1,-0.56,0.85,-1.58,-0.65,-10.03
242,-0.11,-0.55,0.85,-0.92,1.58,-9.29
243,-0.12,-0.54,0.83,-0.1,3.75,-8.05
244,-0.13,-0.53,0.83,-1.3,4.4,-7.89
245,-0.12,-0.53,0.82,-0.52,3.35,-7.43
246,-0.13,-0.51,0.81,-1.25,1.01,-10.43
247,-0.13,-0.5,0.81,-3.73,0.85,-11.82
248,-0.11,-0.51,0.81,-5.0,3.66,-8.73
249,-0.13,-0.53,0.82,-5.82,5.4,-7.08
250,-0.14,-0.55,0.82,-6.24,4.73,-7.2
251,-0.14,-0.54,0.82,-6.25,4.87,-7.04
252,-0.15,-0.53,0.83,-5.27,4.21,-6.31
253,-0.17,-0.53,0.81,-5.18,1.71,-7.49
254,-0.18,-0.54,0.82,-4.08,-1.44,-8.51
255,-0.16,-0.55,0.81,-3.3,-2.33,-7.19
256,-0.16,-0.54,0.79,-3.82,-1.24,-7.36
257,-0.15,-0.54,0.79,-4.45,0.23,-5.38
258,-0.17,-0.54,0.81,-3.02,0.34,-3.99
259,-0.19,-0.54,0.8,-2.88,-1.04,-4.03
260,-0.2,-0.54,0.8,-3.72,-4.31,-5.98
261,-0.19,-0.54,0.79,-3.92,-6.31,-8.27
262,-0.18,-0.53,0.8,-4.28,-3.99,-6.62
263,-0.19,-0.54,0.8,-5.05,-2.47,-5.44
264,-0.2,-0.54,0.79,-5.85,-1.74,-6.17
265,-0.2,-0.53,0.79,-6.01,0.3,-6.92
266,-0.21,-0.54,0.78,-7.78,3.08,-9.63
267,-0.21,-0.53,0.78,-9.98,6.15,-14.78
268,-0.25,-0.54,0.78,-11.33,10.57,-20.63
269,-0.32,-0.54,0.77,-12.54,13.78,-25.7
270,-0.41,-0.56,0.77,-12.55,17.14,-25.32
271,-0.48,-0.56,0.74,-12.48,18.32,-24.2
272,-0.55,-0.57,0.74,-13.13,21.05,-22.31
273,-0.63,-0.6,0.7,-15.96,18.95,-20.08
274,-0.67,-0.65,0.7,-18.19,17.11,-17.02
275,-0.69,-0.71,0.67,-14.39,20.19,-12.31
276,-0.8,-0.72,0.64,-9.23,13.79,-13.68
277,-0.89,-0.73,0.61,-4.11,2.83,-24.19
278,-1.02,-0.77,0.54,-0.29,-12.11,-32.37
279,-1.11,-0.85,0.51,4.9,-29.88,-44.11
280,-1.13,-1.03,0.49,7.9,-35.69,-53.63
281,-1.15,-1.16,0.44,4.31,-25.38,-68.02
282,-1.21,-1.34,0.44,0.43,3.98,-81.56
283,-1.46,-1.52,0.5,0.53,40.95,-72.74
284,-2.0,-1.7,0.49,8.56,73.87,-33.33
285,-2.0,-1.95,0.36,17.44,82.37,36.19
286,-2.0,-2.0,0.15,6.31,69.22,125.21
287,-2.0,-1.84,-0.17,-6.2,38.66,209.23
288,-2.0,-1.72,-0.38,-14.63,-29.4,242.6
289,-2.0,-1.78,-0.43,-31.77,-109.44,250.13
290,-1.82,-1.89,-0.31,-37.28,-180.31,249.82
291,-1.36,-2.0,-0.15,-32.08,-228.41,250.13
292,-0.82,-2.0,0.02,-30.67,-229.79,250.13
293,-0.3,-2.0,0.12,-31.82,-205.45,250.13
294,0.12,-2.0,0.15,-36.61,-172.21,250.13
295,0.38,-2.0,0.12,-50.75,-140.55,250.13
296,0.5,-2.0,0.13,-65.83,-126.88,250.13
297,0.53,-1.92,0.07,-70.38,-127.64,250.13
298,0.52,-1.77,0.08,-73.18,-162.57,250.13
299,0.6,-1.64,0.05,-75.78,-205.09,250.13
300,0.65,-1.49,0.01,-70.3,-250.14,250.13
301,0.77,-1.39,-0.0,-58.57,-250.14,250.13
302,1.03,-1.35,-0.04,-42.29,-250.14,250.13
303,1.83,-1.33,0.1,-56.39,-250.14,250.13
304,2.0,-1.25,0.32,-65.33,-250.14,243.76
305,2.0,-1.16,0.77,-64.79,-185.87,77.21
306,2.0,-1.2,1.19,-59.62,-86.76,38.36
307,1.97,-1.1,1.15,-43.66,-9.95,65.65
308,1.51,-0.92,0.83,-35.59,43.75,84.11
309,1.21,-0.7,0.57,-53.21,69.24,77.43
310,0.92,-0.61,0.46,-65.86,69.47,63.76
311,0.66,-0.69,0.53,-70.48,47.4,58.24
312,0.5,-0.79,0.6,-57.17,2.35,48.31
313,0.5,-0.84,0.69,-37.44,-47.22,25.09
314,0.55,-0.82,0.79,-26.02,-92.6,2.39
315,0.65,-0.88,1.0,-2.69,-132.31,-19.06
316,0.75,-0.87,1.12,12.64,-140.32,-17.11
317,0.84,-0.84,1.17,21.88,-133.17,-0.58
318,0.88,-0.7,1.16,27.11,-120.97,12.92
319,1.03,-0.56,1.11,34.21,-115.66,14.38
320,1.08,-0.39,1.04,38.11,-117.1,-0.45
321,1.05,-0.26,1.0,39.69,-117.76,-16.93
322,1.06,-0.16,0.98,41.72,-111.38,-26.28
323,1.02,-0.11,0.98,38.33,-104.31,-34.56
324,0.98,-0.05,0.98,26.85,-86.98,-43.63
325,0.97,-0.11,0.99,16.76,-56.25,-44.27
326,0.95,-0.19,1.06,3.8,-20.25,-41.69
327,0.95,-0.31,1.05,-0.27,22.73,-35.11
328,0.96,-0.45,1.01,3.92,56.82,-29.83
329,0.82,-0.43,0.92,6.38,77.53,-36.92
330,0.65,-0.37,0.83,13.81,79.48,-48.92
331,0.39,-0.31,0.7,17.21,67.42,-66.23
332,0.08,-0.26,0.65,14.06,43.37,-80.76
333,-0.16,-0.31,0.63,10.92,19.56,-77.47
334,-0.18,-0.42,0.64,4.79,6.31,-67.22
335,-0.07,-0.52,0.75,-2.31,12.66,-56.36
336,-0.04,-0.61,0.79,-10.3,16.4,-41.66
337,0.02,-0.66,0.84,-11.35,22.64,-29.3
338,0.05,-0.59,0.79,-3.96,24.08,-24.11
339,-0.03,-0.49,0.76,-1.34,17.89,-27.32
340,-0.11,-0.45,0.76,-6.61,6.6,-33.9
341,-0.13,-0.43,0.79,-11.49,-0.69,-33.51
342,-0.1,-0.45,0.81,-15.95,-7.24,-32.79
343,0.04,-0.53,0.85,-17.69,-0.11,-25.41
344,-0.02,-0.53,0.86,-18.87,8.21,-22.21
345,-0.11,-0.52,0.91,-22.44,12.76,-16.87
346,-0.17,-0.56,0.96,-24.73,18.11,-13.88
347,-0.19,-0.66,1.01,-21.53,16.98,-9.76
348,-0.15,-0.7,1.05,-14.71,13.17,-7.89
349,-0.08,-0.71,1.04,-1.73,9.02,-8.39
350,-0.08,-0.62,0.98,4.17,7.6,-11.78
351,-0.13,-0.56,0.91,6.07,5.66,-11.9
352,-0.16,-0.51,0.88,2.89,2.79,-11.02
353,-0.13,-0.5,0.86,-0.48,4.21,-5.74
354,-0.1,-0.48,0.85,-2.66,2.67,-5.87
355,-0.11,-0.47,0.86,-5.22,-0.35,-11.32
356,-0.1,-0.52,0.89,-4.3,1.88,-5.93
357,-0.13,-0.53,0.93,-2.98,3.05,-1.38
358,-0.12,-0.55,0.94,1.51,2.53,1.83
359,-0.07,-0.53,0.92,2.67,3.16,2.55
360,-0.04,-0.55,0.91,4.79,5.22,3.7
361,-0.01,-0.52,0.89,7.54,6.05,4.24
362,-0.04,-0.46,0.85,8.43,1.75,2.37
363,-0.06,-0.4,0.84,7.72,-1.61,-1.66
364,-0.06,-0.4,0.84,6.75,-5.91,1.29
365,-0.06,-0.44,0.86,5.37,-6.52,5.36
366,-0.02,-0.45,0.87,1.77,-3.48,7.26
367,-0.03,-0.47,0.88,0.69,0.71,9.51
368,-0.02,-0.47,0.9,0.85,1.32,11.35
369,0.04,-0.51,0.96,21.63,1.85,7.37
370,0.02,-0.41,0.91,3.98,1.31,6.98
371,0.02,-0.4,0.89,6.41,-7.34,1.98
372,0.05,-0.39,0.89,5.62,-4.73,3.41
373,0.03,-0.38,0.86,2.95,-5.31,1.73
374,0.04,-0.39,0.85,-0.03,-2.31,1.17
375,0.08,-0.4,0.86,-0.21,-2.85,1.67
376,0.08,-0.37,0.85,0.2,-6.39,-3.95
377,0.06,-0.35,0.86,-0.6,-11.62,-9.85
378,0.03,-0.36,0.88,-2.31,-13.24,-11.34
379,0.05,-0.41,0.9,-3.1,-11.98,-10.0
380,0.07,-0.43,0.93,-2.34,-10.41,-8.82
381,0.09,-0.44,0.93,-0.71,-5.6,-6.98
382,0.11,-0.48,0.94,2.43,0.89,-0.99
383,0.09,-0.43,0.92,3.79,0.58,-0.92
384,0.08,-0.39,0.89,5.47,-0.95,-3.21
385,0.07,-0.37,0.88,3.92,-2.83,-8.09
386,0.07,-0.38,0.9,1.73,-4.83,-9.79
387,0.09,-0.4,0.92,0.31,-2.37,-9.77
388,0.08,-0.41,0.92,-0.28,-0.47,-10.97
389,0.07,-0.41,0.93,-0.49,0.72,-12.37
390,0.04,-0.41,0.93,-0.87,2.55,-11.69
391,0.05,-0.42,0.92,-0.63,4.23,-8.15
392,0.08,-0.43,0.92,0.69,7.34,-8.34
393,0.07,-0.43,0.9,1.86,6.89,-10.85
394,0.05,-0.4,0.88,2.74,6.09,-10.37
395,0.06,-0.4,0.87,4.15,6.9,-7.53
396,0.03,-0.39,0.87,3.33,5.25,-7.76
397,0.02,-0.41,0.86,2.44,2.69,-9.21
398,0.03,-0.41,0.85,1.31,3.53,-7.69
399,0.01,-0.41,0.85,-0.69,2.7,-7.8
400,0.03,-0.4,0.84,-0.82,2.93,-8.79
401,0.05,-0.41,0.85,-2.05,3.43,-12.56
402,0.03,-0.42,0.86,-3.69,4.11,-14.44
403,0.03,-0.43,0.88,-3.53,4.03,-13.55
404,0.0,-0.43,0.89,-3.54,3.12,-14.85
405,-0.02,-0.42,0.88,-3.68,2.18,-14.46
406,-0.02,-0.43,0.9,-2.95,-0.27,-13.99
407,-0.01,-0.42,0.89,-2.64,-2.07,-14.37
408,0.02,-0.41,0.89,-3.4,-0.54,-12.29
409,0.05,-0.42,0.87,-3.47,0.56,-13.16
410,0.08,-0.43,0.88,-0.75,1.69,-12.31
411,0.06,-0.41,0.88,-1.01,1.13,-14.15
412,0.04,-0.39,0.87,-2.6,1.27,-15.42
413,0.04,-0.4,0.86,-4.26,2.54,-15.95
414,0.03,-0.41,0.86,-6.21,4.44,-15.67
415,0.0,-0.43,0.87,-6.2,4.61,-13.67
416,0.0,-0.44,0.87,-5.85,3.87,-13.22
417,-0.02,-0.44,0.88,-5.66,2.77,-12.95
418,-0.04,-0.43,0.89,-6.89,3.56,-11.57
419,-0.04,-0.44,0.9,-8.0,3.51,-8.47
420,0.01,-0.46,0.92,-6.11,7.12,-3.6
421,0.03,-0.45,0.92,-4.42,7.53,-4.38
422,0.02,-0.43,0.9,-1.95,6.44,-6.92
423,0.0,-0.44,0.88,-1.5,6.41,-7.91
424,-0.04,-0.42,0.88,-2.44,3.82,-8.54
425,-0.03,-0.4,0.86,-3.97,0.85,-10.59
426,-0.02,-0.43,0.88,-4.83,0.47,-11.34
427,-0.03,-0.45,0.89,-4.12,-1.79,-11.81
428,-0.02,-0.43,0.89,-4.06,-3.14,-12.28
429,-0.0,-0.43,0.89,-4.63,-0.51,-10.83
430,-0.01,-0.45,0.9,-5.08,0.65,-9.86
431,-0.01,-0.44,0.9,-4.73,1.53,-6.17
432,-0.01,-0.45,0.89,-4.92,2.62,-3.19
433,0.01,-0.44,0.88,-5.54,2.44,-5.26
434,-0.01,-0.45,0.88,-5.72,0.89,-4.65
435,-0.0,-0.43,0.89,-5.21,-1.66,-3.66
436,0.02,-0.41,0.88,-5.29,-4.35,-6.13
437,0.03,-0.41,0.91,-4.63,-5.35,-7.85
438,0.02,-0.44,0.92,-4.88,-3.86,-9.12
439,0.01,-0.47,0.94,-3.89,-1.15,-5.46
440,0.02,-0.48,0.93,-2.24,-0.27,-4.87
441,0.04,-0.48,0.93,0.0,0.31,-5.11
442,0.02,-0.46,0.93,1.08,1.18,-5.69
443,0.02,-0.45,0.91,1.01,3.04,-5.63
444,0.01,-0.44,0.9,0.33,4.95,-4.44
445,0.01,-0.43,0.88,-1.12,5.05,-4.31
446,0.02,-0.43,0.86,-1.75,4.69,-4.45
447,0.02,-0.42,0.85,-2.18,1.79,-7.56
448,0.03,-0.39,0.85,-4.31,0.05,-11.05
449,-0.0,-0.41,0.87,-5.75,0.49,-11.68
450,-0.04,-0.42,0.89,-6.56,0.13,-9.32
451,-0.03,-0.44,0.9,-6.95,-2.03,-8.18
452,0.01,-0.47,0.93,-6.31,-1.71,-8.76
453,0.04,-0.48,0.95,-2.84,0.58,-6.03
454,0.05,-0.46,0.93,1.27,2.87,-2.41
455,0.04,-0.43,0.89,2.45,3.93,-3.06
456,0.04,-0.42,0.86,2.32,4.17,-3.04
457,0.0,-0.4,0.85,0.63,3.5,-4.63
458,-0.01,-0.41,0.84,-1.15,3.92,-3.53
459,-0.02,-0.41,0.83,-3.56,2.91,-2.84
460,-0.02,-0.41,0.86,-5.59,1.17,-3.05
461,-0.02,-0.43,0.85,-6.96,-0.35,-2.81
462,-0.0,-0.43,0.86,-7.27,-0.89,-2.44
463,0.02,-0.44,0.88,-6.64,-1.63,-2.79
464,0.06,-0.43,0.88,-6.05,-2.41,-6.76
465,0.06,-0.44,0.88,-4.91,-0.13,-7.64
466,0.02,-0.43,0.88,-4.66,1.77,-6.97
467,0.0,-0.42,0.87,-5.58,1.75,-6.14
468,-0.01,-0.42,0.87,-7.05,0.89,-5.05
469,-0.02,-0.43,0.9,-7.48,-0.95,-4.68
470,-0.01,-0.44,0.9,-8.28,-1.47,-4.53
471,0.01,-0.46,0.9,-7.56,-0.21,-2.05
472,0.01,-0.47,0.91,-4.61,-1.21,-1.82
473,0.01,-0.46,0.9,-2.83,-0.95,-0.31
474,0.0,-0.46,0.9,-2.99,-0.74,0.52
475,0.01,-0.44,0.89,-3.16,-0.6,0.73
476,0.0,-0.44,0.9,-3.42,-1.79,0.13
477,0.02,-0.45,0.89,-1.43,-3.41,1.89
478,0.01,-0.44,0.88,-1.59,-4.12,2.24
479,0.0,-0.45,0.88,-2.37,-5.5,1.71
480,0.01,-0.43,0.88,-3.48,-6.4,0.82
481,-0.01,-0.44,0.88,-4.76,-6.88,0.53
482,0.0,-0.44,0.9,-5.27,-6.49,3.31
483,-0.01,-0.45,0.92,-4.15,-7.63,5.32
484,-0.0,-0.45,0.9,-3.95,-9.7,5.15
485,0.02,-0.45,0.9,-4.15,-10.32,5.68
486,0.02,-0.45,0.9,-1.52,-11.16,9.04
487,0.03,-0.43,0.88,-0.9,-13.56,9.47
488,0.04,-0.43,0.88,-2.39,-14.76,8.47
489,0.05,-0.41,0.9,-2.81,-15.69,9.56
490,0.01,-0.42,0.9,-1.6,-15.02,15.42
491,0.03,-0.44,0.88,-0.18,-18.79,19.74
492,0.04,-0.45,0.87,0.85,-16.84,17.4
493,0.08,-0.45,0.87,-1.13,-14.72,14.2
494,0.09,-0.44,0.87,-2.63,-11.15,8.32
495,0.08,-0.45,0.87,-4.74,-8.33,2.21
496,0.07,-0.44,0.88,-5.29,-5.11,1.63
497,0.05,-0.43,0.87,-5.06,-5.31,1.28
498,0.05,-0.4,0.86,-6.48,-8.13,-1.97
499,0.04,-0.39,0.84,-8.51,-10.92,-3.24
