,accel_x,accel_y,accel_z,gyro_x,gyro_y,gyro_z
0,0.16,-0.2,0.96,-3.15,-1.4,-0.72
1,0.15,-0.2,0.98,-3.27,-2.06,-3.13
2,0.15,-0.2,0.98,-2.5,-2.16,-4.37
3,0.16,-0.2,1.0,-1.86,-1.2,-4.79
4,0.16,-0.19,0.98,-1.32,0.35,-3.34
5,0.17,-0.18,0.98,-1.72,2.02,-2.29
6,0.16,-0.19,0.96,-1.73,1.78,-1.76
7,0.14,-0.2,0.96,-1.47,0.82,-2.24
8,0.14,-0.2,0.97,-0.95,0.44,-1.76
9,0.12,-0.2,0.96,-0.32,-0.94,-2.04
10,0.11,-0.18,0.94,-1.54,-2.05,-1.77
11,0.11,-0.19,0.95,-2.3,-2.2,-0.7
12,0.12,-0.18,0.94,-3.31,-4.08,-1.07
13,0.16,-0.18,0.95,-3.63,-4.92,-1.47
14,0.18,-0.18,0.97,-3.17,-4.14,-1.86
15,0.19,-0.19,0.97,-3.42,-3.36,-2.88
16,0.19,-0.19,0.97,-3.31,-2.26,-3.75
17,0.17,-0.2,0.97,-3.26,-0.66,-4.03
18,0.15,-0.2,0.97,-3.46,0.01,-3.73
19,0.13,-0.2,0.96,-3.98,-0.3,-3.71
20,0.12,-0.2,0.97,-3.45,-0.9,-2.84
21,0.12,-0.21,0.96,-2.72,-1.73,-1.96
22,0.11,-0.21,0.95,-2.45,-2.58,-1.41
23,0.1,-0.21,0.95,-2.72,-2.81,-0.56
24,0.12,-0.2,0.95,-2.48,-3.42,0.87
25,0.11,-0.2,0.95,-2.49,-4.07,0.66
26,0.11,-0.2,0.95,-2.78,-4.45,0.69
27,0.14,-0.19,0.96,-2.53,-5.78,-0.67
28,0.16,-0.19,0.96,-2.8,-4.66,-1.68
29,0.15,-0.2,0.97,-2.16,-2.83,-1.69
30,0.14,-0.21,0.97,-1.7,-0.85,-1.34
31,0.13,-0.2,0.97,-1.76,0.5,-0.95
32,0.09,-0.21,0.97,-1.89,-0.08,-1.07
33,0.1,-0.21,0.97,-2.48,-1.45,-1.24
34,0.11,-0.22,0.99,-2.31,-1.23,-0.72
35,0.12,-0.21,0.98,-2.02,-1.43,-1.27
36,0.12,-0.2,0.97,-1.38,-1.31,-1.34
37,0.11,-0.21,0.96,-1.52,-2.29,-2.68
38,0.09,-0.21,0.97,-2.01,-3.19,-1.66
39,0.12,-0.2,0.96,-1.3,-1.66,0.76
40,0.11,-0.2,0.95,-1.85,-0.79,0.79
41,0.07,-0.21,0.96,-2.38,-1.44,1.79
42,0.07,-0.21,0.97,-2.43,-1.73,2.53
43,0.08,-0.21,0.96,-2.43,-3.21,2.56
44,0.08,-0.2,0.96,-2.69,-5.42,0.88
45,0.1,-0.19,0.93,-4.92,-4.37,-0.34
46,0.12,-0.21,0.96,-5.24,-1.13,1.05
47,0.09,-0.22,0.98,-4.8,1.4,2.5
48,0.08,-0.23,0.96,-6.5,4.1,3.7
49,0.07,-0.23,0.96,-6.92,7.78,5.29
50,0.05,-0.25,0.93,-7.08,10.82,6.83
51,-0.04,-0.27,0.97,-7.34,10.3,9.09
52,-0.06,-0.26,0.93,-8.42,12.39,12.5
53,-0.1,-0.29,0.9,-11.2,17.63,17.76
54,-0.15,-0.3,0.88,-13.15,18.4,22.17
55,-0.2,-0.3,0.85,-15.9,16.6,30.21
56,-0.23,-0.31,0.88,-18.67,16.56,37.7
57,-0.25,-0.29,0.82,-24.02,15.05,42.39
58,-0.26,-0.32,0.79,-31.12,15.94,52.56
59,-0.27,-0.3,0.81,-38.74,20.4,61.92
60,-0.3,-0.34,0.81,-46.21,25.4,74.5
61,-0.24,-0.34,0.85,-52.2,29.97,86.63
62,-0.18,-0.37,0.91,-55.24,33.85,93.35
63,-0.14,-0.38,0.97,-57.57,43.6,101.31
64,-0.1,-0.43,1.05,-59.78,54.6,106.46
65,-0.1,-0.44,1.08,-57.75,67.62,111.41
66,-0.13,-0.45,1.07,-52.37,74.24,114.49
67,-0.18,-0.43,1.02,-46.71,76.73,114.03
68,-0.22,-0.42,0.96,-43.86,75.18,110.78
69,-0.32,-0.36,0.91,-43.18,66.94,106.49
70,-0.33,-0.38,0.91,-41.32,57.51,101.91
71,-0.45,-0.33,0.86,-41.37,41.21,101.58
72,-0.42,-0.33,0.83,-43.41,30.95,105.87
73,-0.4,-0.32,0.82,-47.83,20.61,107.24
74,-0.34,-0.35,0.86,-52.75,14.54,111.6
75,-0.29,-0.41,0.94,-55.4,16.05,117.94
76,-0.24,-0.44,0.98,-55.69,22.76,123.59
77,-0.21,-0.46,1.03,-51.39,32.89,126.59
78,-0.2,-0.45,1.03,-44.71,36.13,127.18
79,-0.2,-0.42,0.98,-37.73,35.78,122.83
80,-0.24,-0.41,0.92,-32.14,29.72,116.93
81,-0.32,-0.38,0.89,-31.89,17.48,111.05
82,-0.38,-0.38,0.87,-30.71,2.07,106.98
83,-0.35,-0.38,0.87,-31.39,-10.18,103.94
84,-0.28,-0.41,0.91,-32.87,-16.31,106.49
85,-0.21,-0.42,0.95,-31.98,-16.1,106.84
86,-0.14,-0.43,0.95,-31.13,-10.14,109.71
87,-0.13,-0.44,0.94,-32.79,3.15,114.36
88,-0.15,-0.44,0.91,-33.77,15.15,115.95
89,-0.19,-0.44,0.88,-34.66,22.47,115.15
90,-0.21,-0.42,0.9,-34.28,22.74,113.54
91,-0.25,-0.42,0.88,-31.23,14.24,102.78
92,-0.27,-0.38,0.88,-25.94,-2.59,95.56
93,-0.28,-0.38,0.89,-23.33,-14.66,89.0
94,-0.27,-0.4,0.89,-21.66,-18.7,88.4
95,-0.21,-0.4,0.86,-22.76,-13.47,91.39
96,-0.19,-0.38,0.87,-25.09,-7.22,91.5
97,-0.18,-0.37,0.88,-24.62,-8.18,86.47
98,-0.2,-0.38,0.88,-21.21,-15.05,78.79
99,-0.21,-0.4,0.91,-16.02,-26.15,69.5
100,-0.18,-0.42,0.94,-9.12,-39.04,58.23
101,-0.13,-0.43,0.97,0.98,-52.85,43.48
102,-0.1,-0.41,0.98,12.71,-66.89,26.44
103,-0.1,-0.41,0.97,25.09,-79.08,11.08
104,-0.14,-0.41,0.94,34.34,-87.97,0.36
105,-0.15,-0.38,0.9,39.45,-91.99,-3.53
106,-0.14,-0.34,0.84,39.5,-91.3,-3.24
107,-0.11,-0.32,0.82,34.48,-88.6,-1.79
108,-0.06,-0.31,0.82,30.16,-82.72,0.82
109,-0.0,-0.31,0.83,27.11,-80.15,1.95
110,-0.02,-0.29,0.83,24.23,-75.94,-2.98
111,0.06,-0.32,0.88,24.12,-74.13,-6.84
112,0.08,-0.34,0.89,29.51,-75.72,-12.32
113,0.1,-0.33,0.95,36.54,-74.4,-15.47
114,0.09,-0.32,0.92,36.92,-68.98,-20.73
115,0.03,-0.33,0.93,38.95,-59.69,-15.85
116,-0.01,-0.3,0.9,37.89,-48.45,-7.36
117,-0.01,-0.28,0.86,30.42,-33.99,3.73
118,-0.01,-0.25,0.84,21.9,-20.83,13.65
119,-0.03,-0.24,0.84,13.55,-12.09,20.21
120,-0.04,-0.26,0.87,8.82,-14.66,20.73
121,0.03,-0.24,0.89,4.95,-17.18,13.19
122,0.08,-0.24,0.93,7.53,-31.8,-1.17
123,0.13,-0.27,0.96,13.22,-41.19,-15.24
124,0.13,-0.29,0.97,17.82,-41.0,-24.86
125,0.12,-0.3,0.97,16.24,-39.08,-30.3
126,0.11,-0.28,0.97,10.98,-31.61,-33.93
127,0.07,-0.28,0.95,5.79,-23.37,-33.5
128,0.07,-0.25,0.92,2.02,-12.52,-22.72
129,0.1,-0.17,0.86,-11.34,-8.11,-25.24
130,0.11,-0.19,0.86,-20.65,-6.92,-26.37
131,0.14,-0.19,0.89,-33.48,-7.89,-37.69
132,0.12,-0.15,0.93,-43.34,-15.35,-54.13
133,0.23,-0.1,0.9,-68.14,-9.8,-102.63
134,0.29,-0.41,0.65,-14.85,-27.59,-57.48
135,0.05,-0.36,0.8,-4.95,-29.06,-49.95
136,0.12,-0.35,1.0,-11.33,-24.83,-37.53
137,0.08,-0.3,0.96,-1.36,-28.05,-26.03
138,0.06,-0.26,0.94,-0.39,-33.85,-23.95
139,0.1,-0.22,0.93,-7.13,-33.85,-27.02
140,0.1,-0.24,0.94,-10.83,-27.71,-14.84
141,0.09,-0.24,0.97,-11.92,-26.2,-3.45
142,0.14,-0.21,0.98,-14.34,-31.6,-8.02
143,0.22,-0.27,1.0,-15.76,-32.81,-9.53
144,0.31,-0.21,1.05,-15.99,-31.8,-17.36
145,0.31,-0.28,1.07,-14.56,-26.29,-21.39
146,0.32,-0.31,1.1,-3.94,-20.52,-13.93
147,0.25,-0.32,1.11,2.11,-17.17,-12.18
148,0.29,-0.34,1.09,13.11,-6.91,9.6
149,0.26,-0.3,1.06,23.97,5.44,26.27
150,0.22,-0.27,1.05,24.02,7.75,25.24
151,0.2,-0.3,1.08,28.85,7.31,28.48
152,0.19,-0.27,1.09,34.08,7.49,31.21
153,0.16,-0.28,1.03,44.4,4.89,39.1
154,0.14,-0.3,1.02,54.16,3.44,45.16
155,0.09,-0.19,0.96,51.18,-4.47,39.26
156,0.09,-0.23,1.0,45.69,-7.36,29.73
157,0.06,-0.16,0.99,43.31,-3.14,21.85
158,-0.01,-0.18,0.97,33.98,-3.96,9.85
159,-0.04,-0.22,0.95,36.32,-9.76,17.92
160,0.03,-0.16,0.96,27.92,-6.32,12.09
161,0.09,-0.09,0.97,20.17,-14.73,4.82
162,0.11,-0.12,0.91,18.59,-10.17,-6.02
163,0.08,-0.13,0.94,17.52,-6.5,-10.77
164,0.04,-0.15,0.95,15.78,-6.02,-11.58
165,0.03,-0.16,0.94,15.66,-5.95,-9.62
166,0.02,-0.15,0.97,15.43,-5.06,-7.75
167,0.03,-0.14,0.96,14.54,-1.1,-5.6
168,0.06,-0.12,0.95,12.34,2.71,-5.32
169,0.04,-0.09,0.91,11.02,5.45,-5.16
170,0.02,-0.1,0.9,8.95,7.59,-1.34
171,0.0,-0.11,0.92,6.95,9.62,3.69
172,0.0,-0.1,0.91,3.29,11.34,6.16
173,0.05,-0.1,0.9,-0.99,10.19,3.93
174,0.04,-0.09,0.9,-4.87,8.86,-2.59
175,0.0,-0.13,0.95,-6.69,7.65,-2.91
176,-0.01,-0.16,0.98,-5.73,7.21,-2.11
177,0.0,-0.17,0.99,-4.79,5.55,-3.67
178,0.02,-0.16,0.99,-4.13,4.76,-4.11
179,0.02,-0.14,0.98,-4.5,2.69,-6.59
180,0.04,-0.15,0.99,-4.21,3.13,-7.56
181,0.0,-0.16,1.0,-3.39,3.69,-6.11
182,-0.01,-0.16,1.0,-1.99,4.45,-2.97
183,-0.01,-0.17,0.99,-1.27,6.66,0.64
184,-0.01,-0.15,0.97,-1.65,6.12,1.37
185,-0.03,-0.13,0.97,-1.88,2.51,0.54
186,-0.03,-0.12,0.97,-2.25,0.44,1.55
187,-0.03,-0.12,0.95,-3.11,1.42,5.85
188,-0.02,-0.11,0.96,-5.14,1.44,7.85
189,0.02,-0.12,0.94,-6.91,1.24,7.45
190,0.04,-0.11,0.95,-8.11,1.9,6.32
191,0.02,-0.13,0.98,-7.15,1.57,6.7
192,0.01,-0.15,0.97,-6.83,-0.12,5.21
193,0.01,-0.14,0.97,-7.37,1.31,5.02
194,-0.01,-0.16,0.98,-7.82,1.95,7.19
195,0.0,-0.17,0.99,-7.21,2.22,9.85
196,-0.0,-0.18,0.98,-5.89,1.17,9.5
197,-0.0,-0.19,1.0,-5.61,0.89,10.58
198,-0.01,-0.2,1.0,-3.26,2.69,13.6
199,0.01,-0.18,1.0,-1.98,3.66,15.11
200,0.02,-0.16,0.98,-2.43,3.71,13.31
201,0.02,-0.14,0.95,-3.81,3.0,9.59
202,0.0,-0.14,0.95,-4.66,0.89,9.75
203,0.0,-0.14,0.96,-6.42,-2.05,7.66
204,0.02,-0.15,0.98,-5.55,-2.94,8.44
205,0.03,-0.15,0.99,-5.44,0.4,10.99
206,0.02,-0.16,0.99,-6.75,3.63,11.02
207,0.04,-0.16,0.98,-7.73,5.47,13.07
208,0.03,-0.16,0.99,-7.07,4.37,11.66
209,0.04,-0.17,0.99,-6.97,4.49,10.41
210,0.03,-0.15,0.99,-7.33,4.89,8.87
211,0.03,-0.15,0.99,-7.35,4.49,7.15
212,0.01,-0.16,0.98,-7.78,3.63,7.83
213,0.0,-0.17,1.0,-7.62,2.69,7.73
214,0.01,-0.18,0.99,-6.98,3.06,8.79
215,0.02,-0.19,1.01,-6.61,3.34,8.35
216,0.03,-0.19,1.02,-4.6,2.99,8.98
217,0.02,-0.2,1.0,-2.66,4.3,9.85
218,0.01,-0.19,1.02,-1.75,3.9,9.67
219,0.02,-0.19,1.0,-1.07,2.44,8.61
220,0.02,-0.17,0.99,-0.49,3.47,8.33
221,-0.0,-0.16,0.99,-0.77,2.91,7.96
222,-0.01,-0.15,0.98,-0.41,2.44,7.53
223,-0.01,-0.15,0.98,-1.58,4.63,8.22
224,-0.01,-0.15,0.98,-2.05,7.31,10.12
225,-0.02,-0.15,0.98,-2.46,9.75,11.38
226,-0.04,-0.16,0.98,-3.11,10.17,12.57
227,-0.04,-0.16,0.98,-1.99,8.74,12.2
228,-0.03,-0.15,0.97,-0.7,7.02,11.37
229,-0.07,-0.16,0.95,-0.22,2.95,10.02
230,-0.06,-0.16,0.96,-0.27,-0.76,10.25
231,-0.04,-0.16,0.95,-0.31,-4.01,7.18
232,-0.04,-0.15,0.95,-1.33,-7.59,2.89
233,-0.05,-0.16,0.97,-1.18,-8.68,1.67
234,-0.05,-0.15,0.97,-1.74,-6.34,2.82
235,-0.05,-0.15,0.96,-1.12,-5.7,5.34
236,-0.06,-0.15,0.95,-1.72,-5.71,6.46
237,-0.05,-0.14,0.95,-3.18,-4.88,7.98
238,-0.04,-0.14,0.95,-4.76,-5.71,7.76
239,-0.03,-0.14,0.96,-5.22,-7.34,7.65
240,-0.02,-0.14,0.96,-5.33,-8.84,6.17
241,-0.0,-0.14,0.97,-4.31,-8.24,6.02
242,-0.0,-0.14,0.97,-4.38,-8.24,5.58
243,0.01,-0.13,0.97,-2.97,-8.34,5.88
244,0.03,-0.13,0.96,-2.82,-9.85,4.51
245,0.03,-0.12,0.96,-3.24,-10.44,2.25
246,0.04,-0.12,0.95,-1.4,-11.23,3.11
247,0.04,-0.12,0.95,-2.54,-11.15,2.38
248,0.07,-0.13,0.94,-3.36,-10.56,3.51
249,0.08,-0.14,0.93,-4.37,-9.47,2.23
250,0.07,-0.15,0.94,-6.53,-8.13,-0.82
251,0.07,-0.15,0.95,-6.39,-7.15,-0.69
252,0.07,-0.17,0.94,-7.4,-6.53,-2.16
253,0.09,-0.17,0.94,-6.85,-5.4,0.81
254,0.1,-0.17,0.93,-4.93,-6.17,3.0
255,0.12,-0.18,0.92,-5.32,-9.4,3.42
256,0.14,-0.21,0.93,-3.41,-14.89,3.11
257,0.21,-0.22,0.9,-1.21,-25.44,7.59
258,0.33,-0.26,0.89,4.05,-40.66,12.39
259,0.47,-0.32,0.89,7.66,-53.17,12.57
260,0.65,-0.35,0.86,8.69,-65.55,12.92
261,0.95,-0.38,0.79,7.66,-85.6,7.44
262,1.31,-0.41,0.77,7.07,-98.26,-6.5
263,1.8,-0.45,0.81,7.65,-113.23,-29.85
264,2.0,-0.46,0.78,3.03,-116.46,-52.17
265,2.0,-0.47,0.78,1.73,-107.72,-77.58
266,2.0,-0.5,0.77,1.56,-89.88,-106.21
267,2.0,-0.49,0.79,-5.05,-65.18,-139.37
268,2.0,-0.43,0.67,-14.25,-40.98,-182.63
269,2.0,-0.38,0.58,-22.98,-31.38,-233.94
270,2.0,-0.39,0.47,-32.31,-45.51,-250.14
271,2.0,-0.48,0.31,-40.47,-3.05,-250.14
272,2.0,-0.6,0.12,-51.77,29.87,-250.14
273,2.0,-0.63,-0.2,-64.27,65.41,-250.14
274,2.0,-0.75,-0.62,-92.56,118.72,-250.14
275,2.0,-1.21,-0.72,-130.98,177.53,-250.14
276,1.18,-1.83,-0.71,-142.5,154.78,-250.14
277,-0.4,-2.0,-0.44,-143.19,54.98,-250.14
278,-1.57,-2.0,0.24,-121.49,-39.31,-250.14
279,-2.0,-2.0,0.86,-87.11,-66.46,-250.14
280,-2.0,-2.0,2.0,-95.85,87.49,-250.14
281,-2.0,-2.0,2.0,-145.67,250.13,-250.14
282,-2.0,-2.0,2.0,-106.66,250.13,-177.13
283,-2.0,-2.0,2.0,-17.6,250.13,-72.47
284,-2.0,-2.0,1.77,45.74,198.06,-9.96
285,-2.0,-1.46,0.94,98.33,78.34,27.35
286,-2.0,-0.66,0.45,115.93,-14.79,53.94
287,-2.0,0.11,-0.07,100.4,-96.16,51.86
288,-1.15,0.36,0.02,73.7,-88.94,43.82
289,-0.6,0.62,-0.19,48.29,-54.98,42.6
290,-0.43,0.61,-0.11,2.63,-29.82,42.03
291,-0.28,0.54,0.05,-26.55,-7.06,45.53
292,-0.17,0.36,0.28,-48.92,8.11,45.37
293,-0.06,0.15,0.61,-60.07,18.84,37.24
294,-0.04,-0.06,0.92,-58.6,12.97,26.56
295,-0.09,-0.21,1.16,-40.53,-4.5,13.56
296,-0.12,-0.26,1.24,-20.93,-23.49,5.7
297,-0.09,-0.26,1.19,-11.03,-28.24,3.01
298,-0.08,-0.27,1.12,-6.63,-17.69,6.54
299,-0.08,-0.22,1.06,-4.46,-8.63,13.12
300,-0.06,-0.18,0.98,-0.97,-0.72,15.12
301,-0.03,-0.16,0.95,-0.44,6.37,16.05
302,-0.01,-0.12,1.03,-0.78,2.54,17.89
303,0.02,-0.08,0.98,2.58,3.03,19.3
304,0.06,-0.06,0.92,2.15,2.21,18.75
305,0.07,-0.07,0.88,-2.11,1.72,14.71
306,0.07,-0.1,0.89,-3.88,5.45,11.05
307,0.05,-0.15,0.93,-5.9,9.37,10.37
308,0.01,-0.19,0.94,-4.08,13.89,10.75
309,-0.0,-0.19,0.97,-6.14,11.13,9.84
310,0.02,-0.21,0.99,-5.94,6.12,8.67
311,0.04,-0.21,1.01,-6.44,4.08,6.47
312,0.08,-0.22,1.01,-4.77,1.56,2.31
313,0.11,-0.21,1.03,-1.95,-2.77,-1.08
314,0.15,-0.2,1.03,3.04,-4.37,-2.18
315,0.17,-0.2,1.02,5.27,-1.09,-0.21
316,0.15,-0.19,1.0,6.19,2.41,-1.53
317,0.16,-0.18,0.98,7.17,6.11,1.82
318,0.13,-0.18,0.97,5.57,10.35,2.06
319,0.11,-0.18,0.98,4.71,14.14,0.95
320,0.06,-0.19,0.96,2.29,14.49,1.6
321,0.02,-0.19,0.97,2.43,10.02,0.44
322,-0.01,-0.18,0.95,2.78,4.27,0.4
323,-0.03,-0.17,0.95,2.35,-1.44,-0.19
324,-0.03,-0.17,0.95,4.21,-10.54,-0.98
325,-0.03,-0.16,0.94,5.05,-18.44,-1.05
326,-0.01,-0.16,0.92,3.71,-19.92,1.03
327,0.04,-0.16,0.94,1.53,-18.44,2.46
328,0.11,-0.14,0.96,0.6,-16.28,5.04
329,0.15,-0.15,0.94,0.85,-11.07,5.86
330,0.16,-0.14,0.95,-1.11,-5.69,6.1
331,0.16,-0.15,0.97,-1.87,-2.14,4.98
332,0.17,-0.15,0.97,-0.83,1.24,4.69
333,0.16,-0.12,0.95,-2.1,6.6,4.9
334,0.13,-0.12,0.94,-3.25,9.47,3.48
335,0.1,-0.13,0.95,-4.14,13.67,1.21
336,0.04,-0.16,0.96,-3.15,12.98,-0.25
337,-0.02,-0.15,0.94,-2.44,8.67,0.57
338,-0.04,-0.14,0.92,-4.25,2.71,0.82
339,-0.02,-0.15,0.93,-5.25,-1.14,0.6
340,-0.0,-0.15,0.94,-6.02,-1.65,1.53
341,0.0,-0.16,0.95,-5.43,-1.14,3.95
342,0.0,-0.15,0.93,-5.31,-2.26,3.97
343,0.01,-0.15,0.93,-5.99,-2.99,3.92
344,0.02,-0.16,0.93,-7.13,-3.05,4.66
345,0.04,-0.16,0.93,-8.78,-2.44,4.46
346,0.08,-0.16,0.93,-8.85,-1.37,3.81
347,0.1,-0.17,0.97,-8.49,0.31,2.06
348,0.07,-0.18,0.99,-7.12,-1.04,-0.22
349,0.06,-0.19,0.98,-3.6,-0.53,-1.5
350,0.03,-0.17,0.95,-4.08,-1.9,-0.85
351,0.01,-0.17,0.96,-4.66,-3.69,-1.61
352,0.05,-0.17,0.96,-4.69,-4.48,-2.85
353,0.04,-0.17,0.98,-4.85,-3.98,-2.79
354,0.02,-0.18,0.99,-4.13,-4.59,-2.04
355,0.03,-0.18,0.99,-3.37,-5.08,-1.15
356,0.06,-0.17,1.0,-2.2,-4.62,0.21
357,0.08,-0.17,1.0,-1.23,-2.17,0.28
358,0.06,-0.16,0.99,-1.49,-1.34,-0.42
359,0.07,-0.14,1.01,-0.53,-0.53,-1.44
360,0.06,-0.16,0.97,-0.44,-0.76,-1.85
361,0.03,-0.14,0.95,-1.3,-0.22,-2.02
362,0.02,-0.15,0.96,-3.28,-0.08,-0.15
363,0.03,-0.14,0.95,-4.64,-1.4,-0.23
364,0.04,-0.16,0.97,-5.38,-1.4,0.4
365,0.03,-0.17,0.99,-4.34,-1.89,0.9
366,0.02,-0.17,0.98,-4.27,-2.53,0.34
367,0.03,-0.18,0.98,-4.32,-2.94,1.65
368,0.03,-0.18,1.0,-3.82,-3.47,1.77
369,0.04,-0.18,0.99,-4.76,-3.89,0.99
370,0.07,-0.18,0.99,-4.94,-5.15,-1.33
371,0.1,-0.19,1.01,-3.89,-4.76,-4.27
372,0.06,-0.2,1.01,-2.15,-3.61,-4.78
373,0.04,-0.19,1.0,-1.15,-3.34,-4.11
374,0.04,-0.18,0.97,-1.31,-3.12,-2.67
375,0.03,-0.17,0.98,-2.6,-2.48,-2.66
376,0.04,-0.17,0.98,-3.56,-2.28,-1.88
377,0.03,-0.17,1.0,-3.82,-1.08,-1.37
378,0.05,-0.18,1.0,-1.35,-1.79,1.56
379,0.04,-0.18,0.99,-0.18,-2.7,1.02
380,0.03,-0.19,0.99,0.27,-3.87,0.85
381,0.05,-0.18,0.97,0.61,-4.26,1.37
382,0.08,-0.17,0.97,0.96,-3.6,1.27
383,0.08,-0.15,0.97,0.53,-2.73,-0.53
384,0.06,-0.16,0.96,0.95,-1.44,-0.67
385,0.07,-0.16,0.96,1.0,0.15,-1.13
386,0.08,-0.14,0.94,0.33,2.05,-1.63
387,0.05,-0.14,0.93,-1.25,2.04,-2.6
388,0.02,-0.15,0.94,-1.55,0.49,-3.07
389,0.01,-0.16,0.95,-1.11,-0.18,-2.4
390,-0.0,-0.15,0.93,-1.18,-2.02,-1.96
391,-0.02,-0.15,0.91,-1.75,-4.94,-1.4
392,-0.03,-0.15,0.92,-3.32,-6.98,-0.72
393,-0.02,-0.15,0.92,-4.59,-8.45,1.19
394,0.01,-0.16,0.92,-6.23,-8.63,2.33
395,0.03,-0.16,0.94,-7.48,-7.37,2.19
396,0.05,-0.16,0.94,-8.89,-6.23,1.48
397,0.07,-0.16,0.96,-9.65,-5.02,1.18
398,0.09,-0.18,0.97,-8.75,-3.04,-0.08
399,0.08,-0.17,0.99,-7.83,-2.59,-0.79
400,0.07,-0.18,1.01,-5.63,-2.63,-1.41
401,0.07,-0.18,1.0,-5.27,-3.04,-2.85
402,0.07,-0.18,0.99,-4.95,-1.67,-3.41
403,0.04,-0.19,0.98,-4.53,-2.84,-3.98
404,0.04,-0.17,0.97,-4.74,-4.37,-3.98
405,0.05,-0.16,0.98,-5.15,-4.08,-3.63
406,0.04,-0.18,0.99,-4.79,-2.55,-1.79
407,0.05,-0.18,1.0,-4.18,-2.37,-0.82
408,0.05,-0.19,1.0,-4.33,-0.92,-0.75
409,0.04,-0.18,1.0,-3.79,-1.74,0.08
410,0.05,-0.2,0.97,-3.24,-1.94,-1.21
411,0.07,-0.18,1.0,-4.28,-2.47,-2.18
412,0.06,-0.19,1.01,-2.94,-1.91,-2.05
413,0.05,-0.2,1.0,-2.27,-1.5,-1.41
414,0.05,-0.18,0.99,-2.12,-1.51,-1.13
415,0.06,-0.17,0.99,-1.99,-1.35,0.12
416,0.06,-0.17,0.98,-0.9,-1.31,0.4
417,0.03,-0.18,0.99,-0.37,-3.93,-0.91
418,0.03,-0.18,0.99,0.01,-6.31,-0.73
419,0.03,-0.18,0.99,0.79,-6.24,0.58
420,0.04,-0.18,0.98,0.49,-5.85,1.6
421,0.04,-0.19,0.98,0.21,-4.23,2.08
422,0.04,-0.18,0.98,0.79,-4.68,2.08
423,0.03,-0.19,0.97,0.92,-4.86,1.44
424,0.06,-0.18,0.96,1.3,-5.47,0.56
425,0.04,-0.18,0.96,1.13,-6.02,-0.34
426,0.04,-0.19,0.97,2.18,-9.4,-0.21
427,0.07,-0.18,0.97,3.14,-11.26,-0.94
428,0.07,-0.18,0.97,3.01,-10.81,-2.5
429,0.07,-0.18,0.97,3.63,-10.49,-2.91
430,0.07,-0.17,0.97,2.98,-9.62,-2.52
431,0.06,-0.17,0.97,1.76,-7.82,-1.1
432,0.09,-0.17,0.97,1.54,-5.13,0.82
433,0.09,-0.16,0.98,1.11,-1.41,2.44
434,0.07,-0.16,0.97,1.5,-1.63,3.04
435,0.07,-0.16,0.97,2.05,-3.04,3.18
436,0.07,-0.16,0.96,1.89,-4.21,1.68
437,0.07,-0.15,0.96,2.58,-5.01,1.32
438,0.06,-0.15,0.95,2.4,-6.33,1.3
439,0.08,-0.14,0.94,0.83,-5.4,1.85
440,0.08,-0.13,0.95,-0.4,-4.15,2.39
441,0.08,-0.13,0.95,-1.63,-3.49,2.82
442,0.09,-0.13,0.96,-2.63,-1.92,3.92
443,0.1,-0.14,0.97,-2.48,-0.02,5.21
444,0.11,-0.13,0.96,-2.27,0.3,4.7
445,0.11,-0.14,0.96,-2.53,-0.6,2.55
446,0.09,-0.14,0.97,-2.6,-2.27,0.98
447,0.1,-0.14,0.95,-2.51,-3.89,-0.21
448,0.1,-0.14,0.95,-3.4,-4.69,-1.53
449,0.09,-0.15,0.96,-3.86,-3.83,-2.5
450,0.08,-0.16,0.97,-2.68,-4.0,-0.89
451,0.07,-0.16,0.96,-3.58,-3.64,-1.37
452,0.07,-0.16,0.95,-5.06,-4.05,-1.84
453,0.06,-0.16,0.97,-5.85,-5.15,-1.77
454,0.07,-0.17,0.97,-6.05,-4.93,-0.37
455,0.08,-0.18,0.99,-5.73,-2.98,0.65
456,0.09,-0.19,0.97,-5.77,-0.76,0.42
457,0.07,-0.18,0.99,-4.84,-1.67,0.32
458,0.07,-0.19,0.99,-2.42,-3.67,0.49
459,0.08,-0.18,0.98,-3.16,-2.72,0.87
460,0.08,-0.18,0.99,-3.05,-2.69,1.23
461,0.1,-0.18,0.99,-3.81,-0.66,1.9
462,0.1,-0.19,0.99,-0.73,0.67,2.44
463,0.14,-0.16,0.99,-3.61,7.31,2.97
464,0.09,-0.18,0.99,-5.04,7.56,1.99
465,0.07,-0.19,1.02,-2.97,5.58,0.85
466,0.08,-0.18,0.99,-2.47,4.82,0.43
467,0.06,-0.18,0.98,-2.6,3.95,-0.97
468,0.03,-0.18,0.99,-1.84,1.34,-1.97
469,0.02,-0.18,0.99,-0.23,-1.89,-1.45
470,0.02,-0.17,0.99,0.55,-3.02,0.26
471,0.02,-0.17,0.98,-0.03,-2.78,1.52
472,0.04,-0.17,0.97,-0.69,-2.5,1.92
473,0.04,-0.17,0.97,-0.65,-2.96,0.56
474,0.04,-0.17,0.97,-1.27,-3.45,0.24
475,0.04,-0.16,0.97,-2.25,-2.96,1.02
476,0.06,-0.15,0.96,-3.32,-1.58,2.73
477,0.07,-0.16,0.97,-4.44,0.2,2.39
478,0.09,-0.16,0.97,-4.62,1.05,1.94
479,0.09,-0.15,0.97,-7.17,3.62,-0.05
480,0.07,-0.16,0.98,-6.92,3.58,-0.82
481,0.05,-0.18,0.94,-5.74,6.08,-2.73
482,0.05,-0.15,0.98,-4.26,4.11,2.23
483,0.04,-0.17,0.97,-4.2,4.02,2.34
484,0.1,-0.18,0.97,-3.68,5.76,2.15
485,0.07,-0.15,0.97,-3.35,4.02,3.4
486,0.08,-0.16,0.96,-3.15,4.4,4.08
487,0.06,-0.16,0.96,-4.01,5.91,1.8
488,0.09,-0.16,0.96,-3.61,7.17,0.79
489,0.07,-0.15,0.96,-3.48,6.38,-0.64
490,0.07,-0.15,0.94,-2.97,6.27,-0.79
491,0.06,-0.16,0.98,-3.69,7.85,0.95
492,0.09,-0.16,0.96,-3.6,5.78,-0.2
493,0.1,-0.15,0.96,-6.15,9.02,-1.15
494,0.1,-0.15,0.96,-5.66,13.56,1.44
495,0.06,-0.14,0.99,-7.56,12.02,3.44
496,0.04,-0.15,0.99,-2.47,7.36,3.39
497,0.04,-0.14,0.97,-1.63,3.78,2.32
498,0.04,-0.16,0.96,-2.08,1.08,0.21
499,0.04,-0.15,0.97,-3.21,-0.02,-0.73
