,accel_x,accel_y,accel_z,gyro_x,gyro_y,gyro_z
0,0.04,-0.25,0.98,-9.82,-18.53,21.0
1,0.03,-0.26,0.98,-10.15,-18.79,19.65
2,0.07,-0.25,1.0,-10.34,-17.18,21.27
3,0.08,-0.24,1.01,-10.45,-12.2,20.87
4,0.08,-0.24,1.01,-9.97,-9.02,21.71
5,0.07,-0.24,1.02,-8.54,-6.37,25.21
6,0.07,-0.24,1.03,-8.14,-4.7,26.04
7,0.08,-0.22,1.02,-7.97,-3.95,24.81
8,0.09,-0.24,1.04,-6.43,-4.05,24.56
9,0.08,-0.24,1.04,-3.92,-3.92,24.56
10,0.06,-0.25,1.03,-1.89,-5.8,23.03
11,0.05,-0.24,1.01,0.3,-7.1,22.22
12,0.02,-0.24,0.99,1.06,-9.81,20.19
13,0.02,-0.24,0.98,1.21,-11.44,20.58
14,0.01,-0.23,0.98,0.16,-10.79,22.26
15,0.01,-0.22,0.98,-0.53,-10.76,26.31
16,0.05,-0.23,0.99,-1.01,-10.08,28.81
17,0.05,-0.22,1.0,-3.05,-10.55,28.32
18,0.06,-0.22,1.02,-2.92,-10.12,29.5
19,0.09,-0.23,1.02,-1.7,-9.92,29.27
20,0.1,-0.23,1.02,-1.61,-7.08,27.9
21,0.11,-0.29,0.98,2.83,-1.4,26.98
22,0.09,-0.26,1.03,0.64,-2.08,28.2
23,0.05,-0.25,1.02,2.04,-2.98,27.74
24,0.06,-0.23,0.99,1.5,-4.12,29.21
25,0.06,-0.22,1.0,1.52,-4.8,29.18
26,0.07,-0.24,1.0,3.08,-6.05,29.94
27,0.07,-0.25,1.0,2.79,-4.9,27.56
28,0.05,-0.24,0.98,2.9,-2.47,28.49
29,0.04,-0.26,0.96,2.6,-1.63,29.73
30,0.03,-0.24,0.95,1.4,-0.16,29.47
31,0.02,-0.24,0.95,0.53,0.95,31.24
32,-0.02,-0.23,0.94,-2.02,0.6,30.9
33,-0.04,-0.24,0.95,-1.52,-0.69,33.01
34,-0.04,-0.22,0.96,-1.18,1.08,36.48
35,-0.02,-0.24,0.93,-2.29,1.07,39.29
36,-0.03,-0.23,0.93,-4.0,1.92,38.56
37,-0.05,-0.24,0.93,-4.12,2.26,39.37
38,-0.08,-0.23,0.93,-4.03,-0.34,41.24
39,-0.1,-0.18,0.94,-2.76,-3.81,43.85
40,-0.1,-0.21,0.91,-5.91,-7.05,43.9
41,-0.05,-0.21,0.95,-7.67,-7.37,48.16
42,-0.01,-0.23,0.98,-8.5,-4.56,51.59
43,0.03,-0.25,0.98,-6.48,-0.76,54.08
44,0.0,-0.26,1.0,-6.44,1.91,53.13
45,-0.01,-0.26,0.99,-4.78,1.21,53.34
46,-0.02,-0.25,1.02,-2.81,3.24,51.62
47,-0.04,-0.25,0.99,-0.62,2.6,51.54
48,-0.06,-0.25,0.95,2.45,2.49,55.53
49,-0.1,-0.23,0.95,0.89,-1.03,54.56
50,-0.08,-0.24,0.92,0.73,-4.17,57.85
51,-0.05,-0.22,0.92,-0.76,-3.65,58.92
52,-0.0,-0.22,0.92,-0.92,-4.6,60.62
53,-0.0,-0.24,0.92,-2.98,-1.53,62.65
54,-0.0,-0.24,0.92,-4.92,1.24,66.09
55,0.01,-0.23,0.95,-5.59,0.89,67.99
56,0.03,-0.23,0.97,-3.39,-0.64,66.5
57,0.04,-0.22,0.96,-2.46,-4.69,62.05
58,0.06,-0.23,0.94,-0.13,-6.13,60.3
59,0.06,-0.22,0.94,-2.24,-3.97,60.28
60,0.05,-0.23,0.92,-2.34,-4.19,61.57
61,0.07,-0.22,0.91,-3.86,-7.53,57.73
62,0.08,-0.22,0.93,-3.53,-8.52,55.07
63,0.06,-0.21,0.92,-3.07,-11.47,52.9
64,0.08,-0.2,0.91,-4.08,-11.98,52.81
65,0.09,-0.2,0.92,-6.15,-9.9,53.23
66,0.12,-0.21,0.91,-7.51,-7.63,52.72
67,0.14,-0.21,0.91,-8.58,-5.37,51.14
68,0.14,-0.22,0.91,-10.32,-4.11,49.37
69,0.13,-0.25,0.91,-11.07,-2.9,48.46
70,0.08,-0.26,0.92,-11.27,-3.18,47.95
71,0.05,-0.27,0.92,-10.02,-7.72,47.27
72,0.06,-0.27,0.92,-10.59,-10.65,44.92
73,0.07,-0.28,0.95,-9.03,-15.92,43.49
74,0.1,-0.26,0.94,-7.82,-21.13,38.98
75,0.13,-0.26,0.95,-7.3,-22.46,36.18
76,0.13,-0.27,0.97,-6.56,-22.72,34.46
77,0.15,-0.27,0.99,-5.33,-25.6,32.44
78,0.2,-0.26,1.0,-3.69,-25.47,30.7
79,0.23,-0.26,1.01,-1.32,-21.19,29.63
80,0.19,-0.24,0.99,-0.85,-15.51,29.24
81,0.14,-0.24,0.97,-1.31,-12.63,29.05
82,0.09,-0.25,0.95,-2.54,-12.9,29.72
83,0.11,-0.24,0.96,-4.05,-13.05,30.66
84,0.14,-0.22,0.95,-6.57,-11.05,31.42
85,0.16,-0.22,0.96,-9.25,-8.0,29.86
86,0.14,-0.24,0.98,-9.54,-9.65,28.07
87,0.16,-0.25,1.0,-9.52,-10.07,24.96
88,0.16,-0.25,1.01,-7.21,-10.28,22.24
89,0.14,-0.25,1.0,-4.27,-13.19,17.77
90,0.13,-0.26,0.98,-2.66,-15.86,14.23
91,0.12,-0.26,0.98,-2.34,-16.85,12.71
92,0.16,-0.24,0.97,-1.84,-15.21,10.42
93,0.17,-0.24,0.97,-2.7,-6.08,15.08
94,0.16,-0.24,0.99,-2.59,-3.42,16.53
95,0.11,-0.23,0.98,-2.15,-3.12,13.52
96,0.07,-0.24,0.99,-0.03,-10.65,11.31
97,0.06,-0.25,0.96,-0.18,-18.36,7.17
98,0.05,-0.26,0.92,-2.88,-21.07,6.06
99,0.06,-0.25,0.94,-6.75,-27.95,0.15
100,0.13,-0.25,0.97,-8.22,-29.27,0.49
101,0.21,-0.23,0.94,-12.4,-24.9,0.07
102,0.21,-0.22,0.96,-15.6,-16.34,-1.09
103,0.22,-0.23,0.98,-16.08,-14.44,-5.4
104,0.24,-0.24,0.98,-14.6,-12.08,-9.64
105,0.2,-0.23,0.97,-18.39,-11.24,-12.61
106,0.2,-0.23,1.0,-18.52,-15.61,-23.65
107,0.19,-0.26,0.96,-14.01,-10.77,-20.79
108,0.15,-0.28,0.97,-8.29,-10.37,-16.53
109,0.16,-0.27,0.94,-5.15,-13.9,-14.3
110,0.16,-0.26,0.92,-3.21,-14.1,-13.63
111,0.16,-0.23,0.92,-5.69,-17.34,-15.63
112,0.22,-0.24,0.91,-2.16,-13.2,-1.52
113,0.18,-0.27,0.95,-2.21,-10.73,0.5
114,0.17,-0.23,0.95,-7.65,-10.17,-4.83
115,0.22,-0.25,0.94,-8.26,-8.98,-8.05
116,0.2,-0.24,0.95,-11.32,-9.27,-13.17
117,0.21,-0.25,0.95,-10.96,-6.92,-15.5
118,0.2,-0.26,0.94,-10.14,-3.48,-15.66
119,0.21,-0.24,0.94,-10.31,0.88,-15.54
120,0.2,-0.25,0.94,-13.82,-2.09,-24.76
121,0.13,-0.24,0.96,-16.27,-9.39,-31.29
122,0.2,-0.25,0.95,-15.46,-9.63,-32.0
123,0.21,-0.27,0.95,-11.68,-11.4,-31.89
124,0.24,-0.27,0.95,-7.69,-7.18,-19.92
125,0.25,-0.28,0.95,0.86,7.52,0.59
126,0.14,-0.3,0.97,3.92,9.98,8.73
127,0.26,-0.42,0.89,32.7,19.5,60.42
128,-0.04,-0.11,0.98,8.92,18.56,26.41
129,-0.02,-0.27,0.92,-8.18,-8.56,-13.89
130,0.17,-0.27,0.95,-5.92,-6.86,-4.44
131,0.14,-0.28,0.96,0.58,-2.64,12.05
132,0.14,-0.21,0.97,-2.47,-5.09,1.55
133,0.15,-0.23,0.96,-6.92,-3.73,-7.4
134,0.13,-0.27,0.97,-1.92,-4.44,0.11
135,0.12,-0.25,0.99,0.67,-5.93,0.3
136,0.16,-0.25,1.0,-0.69,-6.08,-4.63
137,0.18,-0.25,0.99,-2.19,-0.47,-3.31
138,0.15,-0.29,1.0,1.59,3.79,4.17
139,0.16,-0.29,1.02,8.18,5.18,17.42
140,0.18,-0.29,1.0,17.58,11.8,30.67
141,0.1,-0.26,1.0,16.77,12.37,28.92
142,0.09,-0.24,0.98,15.09,10.57,29.6
143,0.08,-0.25,0.96,17.53,14.62,38.31
144,0.06,-0.25,0.98,16.78,6.31,39.47
145,0.04,-0.23,0.98,14.44,11.11,37.89
146,0.03,-0.25,0.97,12.42,1.83,33.02
147,0.05,-0.23,0.97,11.18,-3.56,25.48
148,0.08,-0.23,0.98,11.66,-9.42,16.6
149,0.09,-0.22,0.98,10.85,-10.56,11.37
150,0.11,-0.22,0.99,11.92,-8.17,16.02
151,0.1,-0.21,0.97,9.77,-6.71,15.8
152,0.12,-0.2,0.94,5.39,-5.21,10.31
153,0.13,-0.19,0.96,1.99,-2.98,5.0
154,0.11,-0.19,0.98,0.55,-1.0,1.14
155,0.11,-0.21,0.98,1.61,-0.4,4.5
156,0.08,-0.22,0.98,1.78,0.51,4.98
157,0.06,-0.23,0.98,1.79,-0.51,3.62
158,0.07,-0.23,0.99,3.37,-3.25,2.47
159,0.08,-0.21,0.97,4.6,-5.68,1.98
160,0.07,-0.2,0.95,4.09,-7.32,-1.66
161,0.08,-0.2,0.95,2.39,-5.98,-2.63
162,0.08,-0.2,0.96,0.75,-4.16,-0.56
163,0.09,-0.2,0.95,0.16,-2.09,0.88
164,0.12,-0.2,0.96,-0.4,0.13,0.73
165,0.11,-0.2,0.96,-0.89,1.48,-0.24
166,0.1,-0.2,0.96,-0.98,0.31,-2.45
167,0.07,-0.2,0.96,-0.27,-0.59,-3.18
168,0.07,-0.21,0.95,-1.03,-1.58,-4.23
169,0.08,-0.2,0.95,-1.31,-1.14,-3.24
170,0.08,-0.21,0.95,-0.6,-0.66,-2.39
171,0.08,-0.21,0.96,-0.45,-0.44,-1.1
172,0.08,-0.22,0.95,-0.91,-1.76,-2.53
173,0.1,-0.2,0.96,0.11,-3.33,-3.55
174,0.1,-0.21,0.95,-0.05,-3.13,-3.1
175,0.11,-0.2,0.95,-1.28,-1.17,-2.04
176,0.11,-0.2,0.94,-2.6,1.55,0.37
177,0.11,-0.19,0.94,-4.21,4.26,1.54
178,0.09,-0.2,0.94,-5.11,5.81,2.03
179,0.08,-0.21,0.95,-5.43,4.52,2.27
180,0.08,-0.22,0.98,-4.94,3.39,1.58
181,0.08,-0.22,0.97,-3.18,0.76,1.04
182,0.07,-0.21,0.97,-1.95,-0.78,0.73
183,0.08,-0.21,0.95,-1.35,-3.76,0.38
184,0.08,-0.2,0.94,-2.18,-5.12,-0.51
185,0.11,-0.2,0.95,-3.4,-5.6,-0.57
186,0.11,-0.2,0.97,-4.65,-4.22,-1.65
187,0.11,-0.19,0.98,-3.6,-1.93,0.69
188,0.1,-0.21,0.95,-3.2,-2.23,0.75
189,0.1,-0.21,0.96,-3.17,-1.89,0.95
190,0.09,-0.21,0.96,-3.14,-2.24,1.19
191,0.1,-0.2,0.96,-3.21,-3.58,0.78
192,0.11,-0.2,0.97,-2.53,-3.85,0.7
193,0.11,-0.2,0.96,-2.01,-2.98,0.38
194,0.1,-0.2,0.97,-2.1,-1.76,1.89
195,0.08,-0.2,0.97,-1.31,-3.54,2.64
196,0.09,-0.2,0.97,-1.08,-3.31,3.89
197,0.1,-0.2,0.96,-2.68,-2.91,3.46
198,0.11,-0.21,0.96,-2.44,-3.04,2.89
199,0.1,-0.21,0.97,-3.94,-2.26,2.15
200,0.1,-0.22,0.96,-3.56,-3.46,1.95
201,0.09,-0.23,0.99,-2.1,-5.17,1.93
202,0.08,-0.23,0.97,-1.43,-5.53,2.05
203,0.08,-0.22,0.97,-0.63,-5.94,2.63
204,0.08,-0.21,0.98,0.69,-7.6,2.3
205,0.11,-0.2,0.96,0.37,-7.63,1.15
206,0.11,-0.2,0.96,-0.58,-4.63,0.32
207,0.1,-0.21,0.98,-0.7,-2.28,1.5
208,0.08,-0.21,0.98,-0.69,-0.56,3.07
209,0.08,-0.21,0.98,-0.87,1.21,6.43
210,0.06,-0.21,0.97,-1.21,2.16,8.93
211,0.06,-0.21,0.96,-2.32,1.24,10.37
212,0.08,-0.2,0.95,-3.19,0.87,9.68
213,0.1,-0.2,0.96,-4.72,0.52,6.98
214,0.12,-0.2,0.95,-6.22,-0.31,2.61
215,0.1,-0.21,0.98,-4.41,-1.54,2.4
216,0.08,-0.22,1.0,-2.38,-3.82,3.06
217,0.09,-0.21,0.98,-0.89,-4.66,3.41
218,0.09,-0.21,0.98,0.39,-4.35,4.11
219,0.11,-0.21,0.96,0.27,-1.6,5.86
220,0.1,-0.2,0.97,-0.86,0.96,6.07
221,0.09,-0.2,0.97,-1.06,2.56,7.56
222,0.07,-0.21,0.96,-1.1,0.97,7.56
223,0.08,-0.2,0.95,-1.4,-0.46,7.11
224,0.08,-0.2,0.95,-0.96,-1.75,5.82
225,0.08,-0.2,0.95,-1.18,-3.49,4.18
226,0.1,-0.17,0.93,-2.95,-3.9,0.15
227,0.11,-0.18,0.93,-3.96,-1.03,-0.48
228,0.08,-0.19,0.94,-5.32,-0.59,-0.98
229,0.07,-0.2,0.95,-5.76,-1.39,0.78
230,0.1,-0.19,0.95,-5.8,-0.32,3.33
231,0.09,-0.19,0.95,-6.35,0.02,2.63
232,0.09,-0.19,0.97,-5.25,-2.77,0.93
233,0.11,-0.2,0.97,-4.89,-3.44,-0.27
234,0.11,-0.21,0.99,-3.5,-3.68,-1.85
235,0.11,-0.22,0.99,-2.23,-3.72,-2.96
236,0.09,-0.22,0.98,-1.4,-3.69,-3.79
237,0.09,-0.22,0.97,-0.75,-3.6,-3.05
238,0.07,-0.22,0.97,-0.77,-3.74,-3.18
239,0.07,-0.22,0.98,-0.38,-5.4,-3.31
240,0.09,-0.22,0.97,-0.22,-5.49,-3.27
241,0.08,-0.22,0.99,-0.03,-4.97,-1.84
242,0.07,-0.2,0.97,-0.29,-6.6,-2.09
243,0.07,-0.21,0.97,0.28,-7.3,-0.73
244,0.1,-0.21,0.96,0.4,-8.04,-0.26
245,0.11,-0.2,0.96,-1.44,-7.29,-2.19
246,0.11,-0.19,0.96,-0.86,-7.72,-1.6
247,0.12,-0.18,0.95,-0.41,-8.28,-2.27
248,0.12,-0.18,0.95,-0.35,-8.57,-2.08
249,0.13,-0.16,0.94,-1.95,-6.21,-3.11
250,0.13,-0.18,0.95,-1.49,-6.65,-1.76
251,0.12,-0.17,0.97,-0.51,-5.97,-2.05
252,0.08,-0.16,0.97,-0.01,-8.73,-3.05
253,0.09,-0.17,0.94,2.87,-13.51,-2.78
254,0.12,-0.18,0.92,2.05,-10.46,-2.37
255,0.11,-0.2,0.9,2.98,-8.08,0.94
256,0.08,-0.22,0.87,1.88,-7.89,2.72
257,0.09,-0.27,0.85,1.47,-10.23,8.31
258,0.11,-0.3,0.83,-0.51,-19.41,12.81
259,0.26,-0.32,0.82,-0.45,-35.53,15.21
260,0.51,-0.35,0.81,-2.66,-45.32,11.88
261,0.78,-0.39,0.84,-2.5,-47.99,5.5
262,1.05,-0.42,0.88,-3.71,-44.59,-0.65
263,1.34,-0.45,0.88,2.06,-34.24,-8.27
264,1.57,-0.44,0.83,4.6,-20.2,-16.82
265,1.72,-0.44,0.83,4.95,0.09,-21.39
266,1.84,-0.42,0.84,-3.47,-3.6,-34.11
267,2.0,-0.38,0.84,-6.76,-3.66,-54.11
268,2.0,-0.37,0.85,-6.66,-3.66,-76.53
269,2.0,-0.38,0.85,-7.22,-3.03,-103.15
270,2.0,-0.41,0.85,-5.27,-0.71,-129.53
271,2.0,-0.45,0.81,-6.62,11.77,-154.18
272,2.0,-0.48,0.77,-8.24,30.72,-173.59
273,2.0,-0.55,0.71,-1.7,53.84,-180.96
274,2.0,-0.6,0.59,-12.18,63.44,-205.37
275,1.99,-0.65,0.51,-16.69,87.66,-219.66
276,1.73,-0.71,0.47,-22.08,92.44,-244.77
277,1.42,-0.82,0.5,-22.88,85.11,-250.14
278,1.01,-0.88,0.49,-23.15,60.92,-250.14
279,0.75,-0.86,0.5,-29.02,35.17,-250.14
280,0.71,-0.78,0.48,-44.56,27.64,-250.14
281,0.57,-0.97,0.44,-55.38,37.6,-250.14
282,0.2,-1.25,0.53,-69.19,81.2,-250.14
283,-0.37,-1.56,0.58,-74.26,130.57,-250.14
284,-0.88,-1.75,0.6,-78.67,177.04,-241.31
285,-1.6,-1.83,0.73,-72.23,198.75,-221.85
286,-2.0,-1.75,0.8,-56.56,156.8,-215.22
287,-2.0,-1.57,0.9,-34.92,58.47,-209.91
288,-2.0,-1.4,0.85,-22.09,-29.79,-198.02
289,-2.0,-1.2,0.82,-26.74,-57.02,-175.64
290,-2.0,-1.1,1.02,-37.56,-41.3,-137.27
291,-2.0,-1.0,1.0,-38.85,-15.29,-83.49
292,-1.77,-0.94,1.21,-45.25,8.6,-40.07
293,-1.55,-0.89,1.34,-37.47,22.73,-8.18
294,-1.29,-0.81,1.35,-31.92,12.41,11.61
295,-0.95,-0.7,1.37,-21.66,-4.9,13.23
296,-0.57,-0.63,1.35,-8.85,-20.98,-1.5
297,-0.4,-0.57,1.35,9.15,-33.77,-19.44
298,-0.39,-0.51,1.27,27.69,-31.36,-21.46
299,-0.45,-0.38,1.1,29.89,-9.35,-11.87
300,-0.57,-0.31,1.0,27.04,16.34,5.82
301,-0.56,-0.24,0.94,23.95,23.58,18.98
302,-0.42,-0.21,0.92,25.13,19.15,23.15
303,-0.26,-0.18,0.89,25.9,11.53,21.05
304,-0.16,-0.12,0.85,22.5,7.31,15.29
305,-0.13,-0.13,0.82,20.52,-0.27,6.18
306,-0.11,-0.14,0.82,20.27,-7.1,-2.18
307,-0.05,-0.13,0.83,20.96,-5.66,-2.31
308,-0.02,-0.12,0.85,12.31,-0.63,1.22
309,0.01,-0.11,0.87,12.25,7.95,5.85
310,0.05,-0.12,0.87,11.69,14.32,8.14
311,0.04,-0.13,0.87,10.85,20.18,12.03
312,0.03,-0.12,0.87,7.82,23.37,14.32
313,0.01,-0.11,0.85,4.76,21.44,13.89
314,0.04,-0.1,0.85,0.34,15.18,10.88
315,0.07,-0.11,0.86,-3.05,9.15,6.43
316,0.07,-0.16,0.85,-3.89,6.48,1.26
317,0.07,-0.16,0.96,-4.36,-1.73,0.95
318,0.12,-0.16,0.95,-3.34,-4.05,1.69
319,0.13,-0.15,0.98,-4.66,3.81,2.23
320,0.08,-0.16,0.98,-4.05,4.43,5.42
321,0.11,-0.15,0.97,-3.66,8.73,10.96
322,0.17,-0.16,0.97,-3.81,13.76,13.97
323,0.22,-0.2,1.01,-3.05,16.75,11.98
324,0.24,-0.21,1.02,-0.26,17.66,6.5
325,0.19,-0.21,1.02,3.23,14.18,-0.14
326,0.15,-0.19,1.01,6.57,9.6,-5.47
327,0.1,-0.21,0.97,6.19,8.24,-6.52
328,0.05,-0.2,0.93,2.69,5.51,-6.26
329,0.04,-0.2,0.95,1.73,7.4,-1.4
330,0.04,-0.2,0.95,0.89,4.83,-1.4
331,0.01,-0.23,0.94,1.04,1.31,-2.79
332,0.0,-0.23,0.94,-0.34,-4.58,-2.87
333,-0.01,-0.21,0.93,-2.32,-8.7,-3.19
334,0.01,-0.22,0.96,-3.79,-9.88,-0.13
335,0.05,-0.23,0.96,-5.14,-9.6,1.01
336,0.09,-0.23,0.98,-6.15,-8.89,0.0
337,0.1,-0.23,1.01,-4.52,-11.66,-0.03
338,0.13,-0.23,1.01,-2.91,-10.34,0.18
339,0.12,-0.23,1.02,-2.39,-7.05,1.35
340,0.13,-0.22,1.02,-2.09,-5.5,1.92
341,0.16,-0.21,1.01,-2.37,-1.02,1.1
342,0.14,-0.2,1.02,-2.34,2.74,-0.02
343,0.13,-0.23,1.03,0.4,4.03,0.79
344,0.11,-0.22,1.02,2.1,5.21,0.5
345,0.1,-0.21,0.99,3.48,5.01,-0.2
346,0.08,-0.2,0.96,4.44,4.91,-0.94
347,0.05,-0.19,0.94,4.09,3.02,-2.26
348,0.04,-0.18,0.93,3.37,1.46,-1.44
349,0.03,-0.19,0.93,2.31,0.59,-2.22
350,0.0,-0.19,0.94,2.1,0.27,-0.52
351,-0.03,-0.19,0.95,2.63,-4.4,0.49
352,-0.01,-0.18,0.93,1.67,-6.32,0.69
353,-0.01,-0.18,0.92,0.19,-8.61,0.88
354,-0.01,-0.18,0.92,-0.69,-11.7,2.47
355,0.05,-0.18,0.93,-1.53,-10.06,4.56
356,0.09,-0.18,0.95,-2.06,-7.67,3.73
357,0.1,-0.18,0.95,-1.73,-6.47,2.21
358,0.08,-0.18,0.94,-1.91,-4.55,1.57
359,0.06,-0.18,0.94,-3.36,-5.64,0.47
360,0.06,-0.18,0.94,-2.28,-3.89,1.96
361,0.03,-0.18,0.94,-3.69,-5.67,1.11
362,0.04,-0.17,0.95,-4.59,-4.78,3.49
363,0.06,-0.18,0.97,-3.44,-7.03,3.4
364,0.08,-0.18,0.96,-3.11,-6.14,4.51
365,0.09,-0.18,0.96,-2.75,-5.24,3.93
366,0.09,-0.18,0.95,-2.85,-5.01,2.44
367,0.09,-0.19,0.97,-3.12,-2.88,3.36
368,0.09,-0.19,0.96,-1.74,-3.84,2.13
369,0.12,-0.19,0.94,-1.37,-1.13,2.66
370,0.09,-0.19,0.96,-2.36,-0.24,1.98
371,0.05,-0.19,0.99,-1.92,-1.47,1.56
372,0.04,-0.2,0.98,-0.77,-3.71,3.43
373,0.04,-0.2,0.96,-1.05,-3.21,5.28
374,0.05,-0.21,0.96,-2.92,-0.02,8.25
375,0.03,-0.19,0.98,-5.22,0.97,10.14
376,0.04,-0.21,0.97,-3.51,1.38,11.43
377,0.06,-0.2,0.98,-3.63,-0.05,11.79
378,0.07,-0.2,0.99,-3.13,-0.79,10.85
379,0.07,-0.19,0.99,-2.09,-4.64,9.95
380,0.08,-0.2,1.0,-0.66,-7.26,8.12
381,0.1,-0.19,0.99,-1.1,-7.65,6.88
382,0.13,-0.2,0.98,-1.45,-4.66,5.95
383,0.11,-0.2,0.99,-1.69,-1.96,4.95
384,0.11,-0.2,0.99,-1.12,-0.56,5.67
385,0.11,-0.18,0.98,-2.83,-1.68,4.84
386,0.11,-0.2,1.0,0.01,2.22,5.08
387,0.09,-0.21,0.98,1.95,2.11,5.26
388,0.07,-0.19,0.96,2.73,1.66,5.86
389,0.05,-0.17,0.94,1.83,-1.54,5.9
390,0.05,-0.16,0.93,0.39,-4.18,6.59
391,0.07,-0.15,0.94,-1.03,-6.16,6.6
392,0.1,-0.15,0.93,-2.91,-7.6,5.04
393,0.14,-0.16,0.94,-5.15,-6.69,3.05
394,0.18,-0.17,0.95,-6.12,-3.45,2.24
395,0.19,-0.18,0.97,-6.54,1.06,1.2
396,0.17,-0.18,0.98,-4.47,2.73,1.37
397,0.13,-0.17,0.96,-3.94,1.87,0.58
398,0.1,-0.18,0.97,-2.8,1.44,0.79
399,0.12,-0.15,0.95,-1.98,2.82,1.43
400,0.08,-0.19,0.95,-4.55,1.02,2.11
401,0.07,-0.19,0.96,-4.93,-0.27,3.82
402,0.11,-0.2,0.96,-4.15,-1.31,4.57
403,0.13,-0.2,0.97,-4.11,-0.42,3.1
404,0.11,-0.21,0.97,-3.89,0.12,1.83
405,0.1,-0.2,0.97,-2.8,0.93,2.53
406,0.06,-0.19,0.98,-2.18,-0.05,3.29
407,0.08,-0.19,0.95,-3.5,-2.56,1.25
408,0.1,-0.18,0.97,-4.1,-4.33,-0.83
409,0.11,-0.19,0.98,-3.48,-6.34,-2.63
410,0.12,-0.2,0.98,-3.15,-4.5,-2.37
411,0.12,-0.2,0.98,-2.13,-1.86,-1.44
412,0.11,-0.2,0.97,-1.98,-0.48,-0.57
413,0.11,-0.19,0.97,-2.27,1.38,0.21
414,0.08,-0.2,0.97,-1.99,-1.21,-0.74
415,0.07,-0.2,0.97,-1.97,-2.27,0.17
416,0.08,-0.2,0.96,-2.56,-1.1,0.33
417,0.04,-0.2,0.97,-2.86,-0.08,1.63
418,0.04,-0.21,0.97,-3.38,0.21,2.04
419,0.02,-0.21,0.96,-3.53,-1.92,2.34
420,0.05,-0.2,0.97,-3.52,-3.73,2.66
421,0.07,-0.19,0.97,-2.98,-4.19,1.73
422,0.07,-0.19,0.97,-2.24,-3.31,1.42
423,0.05,-0.18,0.98,-1.81,-4.95,0.01
424,0.07,-0.18,0.97,-1.3,-6.33,-1.82
425,0.09,-0.18,0.96,-2.51,-7.5,-3.76
426,0.09,-0.18,0.97,-2.51,-7.43,-4.42
427,0.08,-0.19,1.0,-2.32,-6.67,-2.91
428,0.08,-0.19,0.99,-1.42,-4.79,0.15
429,0.06,-0.18,0.96,-1.69,-4.1,0.82
430,0.05,-0.18,0.96,-2.33,-5.32,1.97
431,0.06,-0.18,0.95,-3.53,-6.08,2.78
432,0.07,-0.18,0.97,-4.38,-5.12,2.61
433,0.08,-0.19,0.97,-4.24,-6.7,1.86
434,0.09,-0.2,0.97,-4.09,-7.22,1.75
435,0.1,-0.19,0.97,-3.4,-7.92,1.18
436,0.11,-0.2,0.97,-3.28,-9.05,-0.54
437,0.12,-0.19,0.97,-3.42,-8.16,-1.17
438,0.13,-0.2,0.98,-3.45,-5.72,-0.78
439,0.12,-0.2,0.97,-3.72,-3.79,-0.02
440,0.11,-0.2,0.98,-3.98,-3.04,0.63
441,0.11,-0.2,0.98,-3.69,-3.56,0.65
442,0.1,-0.19,0.98,-3.89,-4.0,0.32
443,0.1,-0.2,0.99,-4.15,-5.05,-0.56
444,0.1,-0.23,0.97,-1.89,-4.76,-0.98
445,0.09,-0.21,0.99,-2.51,-5.28,0.99
446,0.09,-0.21,0.99,-2.09,-6.15,0.77
447,0.11,-0.22,0.98,-1.63,-4.67,0.77
448,0.1,-0.2,0.98,-1.22,-4.06,1.02
449,0.11,-0.2,0.97,-1.69,-3.77,0.53
450,0.1,-0.2,0.97,-1.56,-3.5,-0.44
451,0.1,-0.2,0.98,-1.8,-3.35,-0.7
452,0.09,-0.21,0.97,-1.02,-4.31,0.09
453,0.09,-0.2,0.96,-0.5,-4.49,0.18
454,0.08,-0.19,0.97,-0.58,-5.67,0.5
455,0.11,-0.19,0.97,-1.02,-6.15,0.96
456,0.13,-0.2,0.98,-0.63,-4.33,2.09
457,0.12,-0.2,0.98,-0.3,-4.7,1.2
458,0.13,-0.2,0.97,-0.31,-4.08,0.63
459,0.11,-0.19,0.97,0.03,-4.89,-0.6
460,0.09,-0.19,0.96,0.07,-7.7,-0.93
461,0.13,-0.18,0.95,-1.7,-6.99,-0.61
462,0.15,-0.18,0.95,-3.15,-4.55,-1.17
463,0.13,-0.19,0.98,-3.31,-3.9,-1.54
464,0.12,-0.21,1.0,-1.61,-6.19,-1.49
465,0.11,-0.21,1.01,1.19,-8.04,-0.73
466,0.11,-0.21,0.96,2.1,-8.88,-0.61
467,0.1,-0.2,0.95,1.58,-8.97,-0.39
468,0.12,-0.2,0.95,0.08,-6.23,0.48
469,0.12,-0.19,0.99,-1.42,-2.53,2.27
470,0.12,-0.19,0.97,-1.2,-1.47,2.27
471,0.13,-0.18,0.96,-1.56,-1.52,1.13
472,0.13,-0.18,0.96,-2.42,-1.69,-0.35
473,0.12,-0.19,0.95,-2.08,-3.02,-1.41
474,0.1,-0.17,0.96,-1.97,-4.79,-1.43
475,0.1,-0.18,0.95,-2.76,-6.22,-1.05
476,0.11,-0.17,0.95,-3.05,-6.8,-1.1
477,0.11,-0.19,0.96,-3.45,-7.95,-2.35
478,0.12,-0.18,0.97,-2.79,-7.19,-0.89
479,0.12,-0.19,0.96,-3.18,-6.34,-0.89
480,0.12,-0.19,0.96,-3.76,-3.66,0.54
481,0.09,-0.19,0.96,-4.36,-3.24,0.22
482,0.11,-0.18,0.95,-5.29,-3.99,-0.76
483,0.11,-0.18,0.96,-5.4,-5.02,-1.73
484,0.12,-0.18,0.96,-4.92,-6.41,-2.95
485,0.13,-0.19,0.96,-4.37,-7.71,-2.79
486,0.11,-0.2,0.97,-4.06,-8.22,-3.24
487,0.12,-0.2,0.96,-4.2,-9.44,-3.6
488,0.13,-0.19,0.96,-4.25,-8.95,-4.02
489,0.11,-0.21,0.97,-3.44,-7.04,-3.53
490,0.1,-0.21,0.98,-3.13,-5.42,-2.18
491,0.11,-0.2,0.96,-3.02,-1.12,-0.72
492,0.09,-0.2,0.96,-3.29,0.24,0.03
493,0.08,-0.2,0.94,-4.55,-0.65,0.02
494,0.08,-0.2,0.96,-5.29,-2.63,-0.62
495,0.07,-0.21,0.99,-3.78,-4.21,2.25
496,0.06,-0.21,0.99,-2.85,-8.94,2.73
497,0.09,-0.19,0.98,-2.24,-10.25,3.46
498,0.09,-0.19,0.97,-2.4,-9.34,4.47
499,0.11,-0.19,0.98,-2.17,-10.27,4.32
