,accel_x,accel_y,accel_z,gyro_x,gyro_y,gyro_z
0,0.08,0.4,0.91,-5.53,-4.76,-9.34
1,0.1,0.39,0.92,-4.36,-4.79,-9.42
2,0.12,0.38,0.91,-2.0,1.76,-2.63
3,0.09,0.38,0.92,-0.95,3.4,-1.53
4,0.07,0.4,0.9,-0.79,1.7,-3.68
5,0.04,0.41,0.89,-1.6,0.46,-5.55
6,0.02,0.4,0.9,-2.46,-2.63,-7.67
7,0.02,0.41,0.88,-2.56,-3.22,-6.63
8,0.01,0.41,0.88,-4.57,-1.63,-4.14
9,0.0,0.4,0.89,-6.95,-3.82,-3.88
10,0.04,0.39,0.9,-7.92,-5.38,-4.63
11,0.09,0.39,0.91,-8.6,-4.67,-5.07
12,0.11,0.37,0.92,-6.47,-0.69,-1.1
13,0.08,0.37,0.92,-5.32,-0.1,-2.73
14,0.05,0.37,0.93,-3.94,-1.31,-4.32
15,0.04,0.38,0.92,-2.69,-2.21,-5.96
16,0.03,0.38,0.91,-2.04,-5.68,-7.81
17,0.03,0.39,0.89,-2.06,-5.95,-7.14
18,0.03,0.41,0.88,-3.44,-4.92,-5.73
19,0.05,0.41,0.88,-5.6,-5.56,-6.36
20,0.07,0.4,0.89,-7.39,-5.95,-6.4
21,0.08,0.39,0.91,-6.85,-3.29,-3.23
22,0.05,0.38,0.93,-6.73,-3.48,-4.32
23,0.04,0.37,0.93,-6.11,-2.23,-2.78
24,0.04,0.38,0.92,-5.48,-2.42,-2.8
25,0.05,0.38,0.92,-4.06,-1.96,-3.62
26,0.05,0.39,0.91,-2.98,-2.67,-4.08
27,0.06,0.41,0.89,-2.71,-2.79,-3.4
28,0.06,0.39,0.89,-4.44,-3.73,-4.75
29,0.04,0.39,0.89,-4.98,-4.13,-5.66
30,0.05,0.38,0.9,-4.28,-4.97,-4.18
31,0.04,0.39,0.89,-3.96,-3.15,-1.95
32,0.05,0.4,0.88,-4.21,-4.4,-3.13
33,0.03,0.41,0.87,-5.71,-5.59,-4.24
34,0.02,0.41,0.88,-7.04,-6.92,-4.2
35,0.09,0.42,0.88,-7.17,-5.5,-1.24
36,0.1,0.42,0.88,-8.08,-2.42,-1.58
37,0.09,0.41,0.88,-8.76,-2.44,-3.64
38,0.07,0.4,0.89,-9.11,-2.93,-4.64
39,0.06,0.39,0.9,-8.42,-1.96,-5.27
40,0.06,0.39,0.9,-7.3,-1.13,-2.62
41,0.05,0.41,0.89,-7.54,-1.11,-2.97
42,0.04,0.42,0.88,-8.05,-2.69,-4.15
43,0.05,0.42,0.86,-9.35,-3.8,-5.33
44,0.06,0.42,0.87,-9.82,-5.91,-7.11
45,0.03,0.42,0.85,-10.67,-7.95,-7.48
46,0.01,0.41,0.86,-13.55,-8.47,-5.56
47,0.02,0.39,0.89,-15.21,-8.74,-3.9
48,0.06,0.39,0.87,-15.21,-6.89,-2.96
49,0.09,0.39,0.88,-14.89,-3.74,-3.29
50,0.09,0.42,0.86,-15.05,-4.11,-4.13
51,0.11,0.42,0.86,-15.09,-4.16,-7.71
52,0.14,0.43,0.84,-14.41,-2.04,-8.69
53,0.13,0.44,0.82,-13.17,1.2,-6.77
54,0.07,0.44,0.81,-11.7,0.72,-3.56
55,0.02,0.45,0.78,-12.83,-0.86,-3.18
56,0.0,0.44,0.79,-14.92,-0.78,1.18
57,0.03,0.46,0.78,-16.08,2.78,8.87
58,0.06,0.46,0.77,-17.54,9.27,12.83
59,0.05,0.46,0.76,-17.74,11.02,15.99
60,0.04,0.48,0.74,-18.53,11.63,18.08
61,0.02,0.51,0.72,-18.45,11.38,19.21
62,0.01,0.52,0.69,-20.71,8.43,16.2
63,-0.02,0.53,0.66,-22.15,4.8,13.79
64,-0.04,0.52,0.65,-24.56,-0.58,10.59
65,-0.05,0.54,0.66,-27.5,-5.99,7.9
66,-0.06,0.56,0.65,-31.95,-12.66,4.94
67,-0.04,0.56,0.67,-38.99,-21.27,1.42
68,0.08,0.54,0.71,-42.08,-26.74,3.46
69,0.22,0.52,0.71,-42.75,-22.11,6.16
70,0.25,0.47,0.72,-44.11,-17.06,1.61
71,0.24,0.43,0.74,-44.03,-10.85,-1.36
72,0.21,0.39,0.74,-42.12,-0.42,2.98
73,0.11,0.38,0.72,-42.24,4.49,5.47
74,0.04,0.39,0.7,-45.15,4.56,5.66
75,-0.0,0.38,0.68,-47.04,1.02,5.87
76,-0.02,0.37,0.64,-51.31,-3.91,6.37
77,-0.04,0.34,0.67,-53.44,-4.65,11.84
78,-0.06,0.34,0.66,-56.15,-8.34,18.21
79,-0.01,0.33,0.64,-60.54,-6.33,25.77
80,0.02,0.28,0.65,-66.32,-1.03,32.46
81,0.09,0.28,0.69,-72.98,9.27,43.1
82,0.18,0.27,0.69,-76.38,24.99,54.18
83,0.23,0.25,0.68,-82.63,42.62,60.83
84,0.21,0.24,0.7,-86.12,55.41,65.11
85,0.09,0.23,0.67,-86.44,57.95,65.09
86,-0.0,0.21,0.65,-90.62,51.25,60.07
87,-0.09,0.13,0.66,-91.08,41.37,52.04
88,-0.13,0.07,0.65,-93.04,34.48,54.85
89,-0.12,0.03,0.64,-94.22,35.31,63.93
90,-0.1,0.01,0.66,-97.31,37.57,71.56
91,0.01,-0.0,0.66,-101.42,45.18,79.76
92,0.1,0.03,0.64,-100.55,55.59,85.84
93,0.11,0.1,0.59,-98.0,58.96,82.95
94,0.04,0.17,0.49,-95.5,48.97,68.62
95,-0.07,0.21,0.43,-99.11,23.73,46.43
96,-0.17,0.19,0.39,-108.21,-7.79,18.8
97,-0.22,0.1,0.45,-116.68,-39.21,1.45
98,-0.26,-0.04,0.56,-125.83,-70.4,-16.86
99,-0.18,-0.21,0.71,-136.96,-83.67,-24.31
100,0.09,-0.42,0.92,-139.56,-65.2,-11.03
101,0.25,-0.61,1.11,-129.4,-25.93,7.5
102,0.38,-0.64,1.23,-118.84,4.08,30.87
103,0.28,-0.53,1.2,-98.67,29.09,44.79
104,0.14,-0.42,1.1,-93.37,34.2,40.0
105,0.04,-0.34,1.01,-80.16,20.3,35.18
106,-0.04,-0.33,0.96,-83.15,-5.6,11.6
107,-0.0,-0.38,0.94,-92.11,-17.55,-2.51
108,0.07,-0.48,1.03,-96.62,-12.84,1.21
109,0.09,-0.58,1.13,-98.3,-5.04,-0.25
110,0.16,-0.67,1.2,-91.89,13.26,8.0
111,0.19,-0.69,1.23,-86.78,35.41,19.02
112,0.1,-0.61,1.17,-78.48,37.34,13.91
113,0.09,-0.58,1.12,-70.91,31.47,5.72
114,0.05,-0.56,1.07,-63.92,23.07,-5.51
115,-0.01,-0.56,1.03,-59.44,7.68,-17.8
116,-0.04,-0.57,1.01,-57.15,-3.53,-25.52
117,-0.07,-0.63,1.02,-56.71,-13.17,-29.34
118,-0.03,-0.66,1.05,-53.69,-18.63,-29.55
119,0.06,-0.68,1.05,-49.37,-9.07,-21.35
120,0.15,-0.67,1.01,-42.15,11.19,-6.45
121,0.11,-0.6,0.94,-38.32,23.43,-2.85
122,0.03,-0.51,0.87,-38.48,28.93,-6.59
123,-0.09,-0.47,0.82,-42.46,22.38,-13.19
124,-0.18,-0.47,0.83,-47.21,6.19,-20.6
125,-0.13,-0.53,0.87,-51.03,-9.95,-25.99
126,-0.03,-0.58,0.92,-51.68,-15.63,-27.59
127,0.08,-0.62,0.96,-50.37,-8.63,-21.79
128,0.17,-0.62,0.95,-47.62,9.01,-14.2
129,0.18,-0.6,0.96,-44.7,29.5,-5.28
130,0.13,-0.56,0.92,-39.04,42.36,1.64
131,0.01,-0.52,0.88,-45.98,39.89,-6.56
132,-0.03,-0.5,0.84,-40.59,36.27,-3.86
133,-0.12,-0.49,0.81,-46.78,17.68,-17.84
134,-0.11,-0.55,0.85,-50.85,4.61,-22.31
135,-0.07,-0.64,0.93,-48.82,-4.24,-25.29
136,0.01,-0.71,1.02,-40.22,-12.76,-32.58
137,0.03,-0.75,1.07,-31.73,-20.56,-41.55
138,0.04,-0.75,1.07,-18.51,-26.08,-44.45
139,0.01,-0.73,1.07,-6.68,-36.8,-51.26
140,-0.03,-0.71,1.08,5.83,-49.44,-50.53
141,-0.1,-0.66,1.03,15.84,-66.57,-52.96
142,-0.06,-0.62,0.98,16.87,-77.08,-54.52
143,0.05,-0.58,0.94,19.23,-73.23,-41.69
144,0.18,-0.54,0.89,14.52,-55.17,-31.73
145,0.25,-0.51,0.86,3.29,-19.95,-16.24
146,0.27,-0.49,0.84,-8.06,13.34,-3.53
147,0.25,-0.5,0.82,-13.52,34.58,-0.57
148,0.17,-0.52,0.83,-16.09,39.34,-4.0
149,0.13,-0.54,0.87,-12.01,39.79,-2.09
150,0.1,-0.52,0.87,-0.72,32.71,-4.21
151,0.04,-0.52,0.84,0.63,24.8,-8.5
152,0.02,-0.53,0.85,1.06,12.52,-13.7
153,0.04,-0.56,0.85,8.54,8.64,-12.52
154,0.01,-0.53,0.83,12.0,5.82,-10.6
155,-0.04,-0.51,0.82,12.68,-2.94,-10.72
156,-0.07,-0.48,0.83,13.21,-18.09,-13.47
157,-0.05,-0.5,0.83,16.5,-35.33,-20.39
158,0.01,-0.54,0.9,21.41,-51.49,-22.73
159,0.02,-0.56,0.96,24.93,-59.66,-23.11
160,0.08,-0.58,1.03,34.24,-66.25,-22.78
161,0.2,-0.58,1.05,37.89,-61.42,-19.5
162,0.27,-0.56,1.01,41.15,-47.95,-12.85
163,0.3,-0.53,1.03,38.61,-33.17,-4.76
164,0.28,-0.51,1.01,33.78,-17.29,-1.47
165,0.24,-0.51,0.98,27.74,-5.97,5.84
166,0.18,-0.49,1.01,23.21,2.37,6.02
167,0.11,-0.48,1.0,20.63,3.28,9.75
168,0.12,-0.47,1.02,23.47,1.42,4.61
169,0.09,-0.48,1.0,25.18,-0.24,8.01
170,0.05,-0.48,1.0,27.85,-5.68,13.69
171,0.04,-0.47,1.02,26.66,-13.11,14.2
172,0.1,-0.46,1.01,26.12,-11.57,17.07
173,0.15,-0.44,0.97,16.44,-3.69,15.44
174,0.18,-0.48,0.98,15.39,9.3,19.72
175,0.17,-0.47,0.97,14.69,13.27,17.31
176,0.13,-0.46,0.94,13.91,7.0,14.04
177,0.1,-0.43,0.94,11.02,1.27,9.56
178,0.09,-0.4,0.93,9.95,-2.78,9.41
179,0.11,-0.41,0.91,8.65,-4.28,8.76
180,0.11,-0.42,0.92,3.22,-5.25,11.05
181,0.13,-0.41,0.94,4.77,-1.17,10.24
182,0.12,-0.42,0.97,5.57,-3.64,5.8
183,0.12,-0.4,1.01,6.37,-1.96,8.77
184,0.14,-0.4,0.99,5.61,-0.47,5.28
185,0.15,-0.42,1.0,5.41,1.31,3.35
186,0.13,-0.42,0.93,12.2,19.5,-3.48
187,0.1,-0.43,0.98,1.32,14.61,6.07
188,0.08,-0.4,0.95,1.27,8.2,6.67
189,0.04,-0.37,0.91,-3.15,5.18,8.82
190,0.04,-0.34,0.89,-6.51,-1.1,5.78
191,0.07,-0.33,0.9,-12.66,-2.05,4.21
192,0.09,-0.33,0.92,-19.62,-3.4,3.46
193,0.15,-0.38,0.94,-22.56,-0.26,2.47
194,0.2,-0.42,1.01,-18.8,10.09,0.8
195,0.18,-0.46,1.06,-14.51,16.23,1.09
196,0.13,-0.47,1.08,-10.78,17.94,1.35
197,0.1,-0.45,1.03,-9.18,17.92,0.34
198,0.08,-0.44,1.0,-6.92,17.04,-0.82
199,0.05,-0.42,0.97,-3.61,13.97,-3.6
200,0.02,-0.39,0.97,-5.94,10.17,-1.89
201,0.03,-0.38,0.95,-5.35,7.29,2.18
202,0.02,-0.39,0.94,-5.69,2.75,2.67
203,0.03,-0.38,0.94,-7.5,3.48,5.26
204,0.05,-0.39,0.94,-9.57,6.27,5.79
205,0.09,-0.41,0.95,-12.13,10.37,2.24
206,0.14,-0.45,0.98,-9.35,11.17,-3.37
207,0.11,-0.44,1.01,-5.2,6.87,-8.75
208,0.07,-0.44,1.02,-2.68,4.42,-13.47
209,0.03,-0.43,1.0,-1.86,2.89,-9.63
210,0.02,-0.41,0.97,-1.65,-1.56,-10.07
211,0.05,-0.39,0.94,-2.29,-3.53,-7.19
212,0.05,-0.39,0.95,-5.6,-4.15,-6.44
213,0.08,-0.39,0.95,-6.57,-1.22,-5.67
214,0.11,-0.42,0.97,-7.15,0.82,-3.56
215,0.1,-0.43,0.96,-5.61,2.14,-3.98
216,0.1,-0.41,0.96,-6.28,4.03,-0.85
217,0.09,-0.41,0.95,-5.7,5.82,1.76
218,0.09,-0.42,0.96,-3.74,2.69,0.72
219,0.09,-0.43,0.96,-1.09,-0.18,0.2
220,0.09,-0.44,0.96,0.79,-2.44,-2.56
221,0.08,-0.42,0.96,2.66,-5.01,-3.52
222,0.07,-0.42,0.94,3.24,-5.86,-5.21
223,0.06,-0.41,0.92,2.63,-5.6,-6.11
224,0.05,-0.41,0.92,0.52,-3.51,-4.96
225,0.05,-0.42,0.91,-0.95,-3.1,-4.61
226,0.06,-0.42,0.93,-0.56,-1.47,-0.33
227,0.05,-0.42,0.93,-0.15,-2.35,-0.34
228,0.05,-0.43,0.93,-0.64,-4.55,-2.34
229,0.04,-0.42,0.92,-1.0,-5.36,-2.56
230,0.04,-0.42,0.93,-0.41,-6.02,-0.73
231,0.03,-0.42,0.92,0.05,-8.73,-5.11
232,0.06,-0.42,0.93,0.92,-10.63,-4.19
233,0.07,-0.42,0.94,3.3,-12.08,-4.17
234,0.08,-0.41,0.94,7.02,-12.88,-1.16
235,0.07,-0.41,0.94,9.95,-14.12,1.91
236,0.09,-0.43,0.95,12.21,-13.34,2.98
237,0.12,-0.41,0.93,14.91,-12.25,2.58
238,0.12,-0.38,0.9,13.9,-11.01,1.53
239,0.11,-0.36,0.9,12.24,-10.11,-2.18
240,0.09,-0.34,0.89,8.58,-11.01,-4.92
241,0.1,-0.31,0.88,4.31,-12.02,-4.11
242,0.12,-0.32,0.87,-0.6,-8.59,-1.0
243,0.14,-0.33,0.89,-4.65,-4.04,7.29
244,0.17,-0.36,0.9,-7.15,-4.39,9.51
245,0.19,-0.38,0.9,-8.19,-3.92,14.34
246,0.14,-0.36,0.92,-15.54,-10.16,6.94
247,0.23,-0.43,1.0,-24.44,-10.08,10.67
248,0.19,-0.37,1.19,-51.23,-26.38,-5.66
249,0.23,-0.34,1.56,-81.3,-45.56,-16.63
250,0.26,-0.49,2.0,-95.37,-92.13,-25.08
251,0.38,-0.88,2.0,-123.18,-146.07,-44.8
252,0.52,-1.34,2.0,-112.52,-182.81,-60.91
253,0.97,-2.0,2.0,-84.79,-193.54,-28.81
254,1.28,-2.0,2.0,15.7,-171.63,-38.5
255,1.64,-2.0,2.0,105.38,-81.57,-36.63
256,1.8,-2.0,2.0,180.3,17.4,-36.07
257,1.54,-2.0,2.0,236.05,111.97,-20.11
258,1.27,-2.0,2.0,250.13,174.77,-15.07
259,1.07,-2.0,2.0,250.13,233.44,-7.1
260,0.9,-2.0,2.0,250.13,250.13,1.49
261,0.67,-2.0,1.95,250.13,250.13,13.86
262,0.15,-2.0,1.22,250.13,250.13,8.26
263,-0.47,-2.0,0.7,250.13,204.55,0.37
264,-0.84,-2.0,0.14,250.13,113.4,-6.13
265,-0.93,-2.0,-0.41,250.13,49.15,8.33
266,-0.82,-2.0,-0.82,250.13,33.16,26.08
267,-0.64,-2.0,-1.22,250.13,46.66,65.4
268,-0.58,-2.0,-1.55,250.13,56.34,103.8
269,-0.07,-2.0,-1.53,250.13,89.38,136.49
270,0.5,-1.93,-2.0,250.13,164.37,168.74
271,0.87,-0.97,-2.0,250.13,232.47,171.72
272,0.57,0.3,-2.0,250.13,220.62,140.24
273,0.18,1.23,-2.0,204.94,97.73,76.19
274,-0.07,1.53,-2.0,136.5,-50.12,-1.77
275,-0.13,1.49,-2.0,86.92,-166.32,-53.5
276,0.14,1.07,-1.87,38.87,-197.27,-65.07
277,0.4,0.77,-1.3,8.2,-171.69,-53.03
278,0.51,0.38,-0.74,-3.66,-97.37,-17.08
279,0.57,-0.1,-0.14,3.79,-5.56,17.37
280,0.37,-0.32,0.29,39.15,41.17,26.55
281,0.07,-0.15,0.32,86.85,33.21,22.18
282,-0.01,0.18,0.09,126.57,-1.1,13.04
283,-0.01,0.63,-0.23,137.15,-44.08,-9.86
284,-0.0,0.87,-0.41,139.22,-87.14,-34.78
285,0.02,1.03,-0.42,132.28,-131.47,-51.54
286,0.09,1.17,-0.42,122.91,-155.58,-49.72
287,0.22,1.27,-0.4,98.18,-153.15,-30.08
288,0.42,1.28,-0.33,62.46,-109.21,0.61
289,0.61,1.2,-0.19,27.08,-46.5,31.31
290,0.67,1.14,0.01,8.09,-4.27,48.3
291,0.66,1.15,0.1,-3.6,16.93,54.15
292,0.65,1.13,0.2,-16.06,41.13,47.67
293,0.5,1.04,0.28,-36.76,37.37,23.55
294,0.32,0.9,0.48,-46.3,33.12,15.76
295,0.15,0.71,0.69,-43.41,33.24,17.74
296,0.05,0.5,0.9,-38.7,17.95,13.76
297,-0.0,0.42,1.0,-25.6,10.71,17.96
298,0.04,0.4,1.01,-10.27,-7.31,17.06
299,0.16,0.41,0.93,12.29,-25.33,9.98
300,0.23,0.49,0.78,29.1,-38.21,-0.67
301,0.23,0.58,0.67,38.24,-44.22,-7.3
302,0.2,0.65,0.58,41.34,-41.03,-4.62
303,0.16,0.72,0.51,37.51,-38.95,-5.92
304,0.14,0.77,0.49,31.36,-38.21,-5.6
305,0.15,0.8,0.5,23.95,-37.1,-3.37
306,0.2,0.78,0.51,16.2,-32.0,-0.16
307,0.3,0.74,0.55,8.75,-16.16,4.13
308,0.35,0.74,0.59,0.74,5.98,7.11
309,0.34,0.73,0.6,-4.76,24.11,9.24
310,0.29,0.7,0.63,-7.35,41.63,10.57
311,0.22,0.67,0.68,-8.99,51.38,8.7
312,0.1,0.67,0.7,-12.15,58.69,6.66
313,0.03,0.65,0.75,-13.61,60.22,6.96
314,-0.02,0.61,0.8,-9.45,55.56,9.11
315,-0.04,0.6,0.8,-2.92,37.47,5.03
316,-0.01,0.61,0.77,6.11,12.66,3.27
317,0.02,0.67,0.7,8.16,-2.8,-1.4
318,0.05,0.72,0.65,6.42,-10.61,-7.82
319,0.03,0.74,0.64,1.44,-17.53,-10.34
320,0.02,0.75,0.66,-6.56,-21.05,-10.21
321,0.09,0.7,0.68,-14.44,-14.92,-7.98
322,0.14,0.64,0.73,-17.89,-1.85,-5.46
323,0.12,0.62,0.76,-17.48,5.42,-3.96
324,0.1,0.62,0.76,-15.95,10.24,-0.82
325,0.09,0.62,0.76,-15.27,15.44,1.01
326,0.03,0.64,0.76,-16.83,10.89,-3.02
327,0.04,0.65,0.78,-16.79,3.05,-6.32
328,0.07,0.64,0.77,-15.15,-0.97,-11.11
329,0.08,0.62,0.78,-12.4,-3.61,-15.96
330,0.07,0.63,0.75,-11.67,-9.53,-21.56
331,0.06,0.63,0.75,-10.85,-12.89,-21.55
332,0.06,0.64,0.74,-11.58,-15.59,-24.9
333,0.05,0.62,0.75,-11.35,-17.01,-22.37
334,0.06,0.62,0.78,-13.45,-16.79,-21.62
335,0.1,0.61,0.77,-13.12,-8.92,-17.24
336,0.08,0.6,0.76,-12.57,-0.56,-12.71
337,0.04,0.61,0.76,-12.37,0.52,-10.53
338,0.02,0.6,0.75,-10.93,-2.26,-7.24
339,0.02,0.59,0.75,-10.98,1.36,-8.66
340,-0.04,0.61,0.75,-11.98,-2.69,-6.73
341,-0.02,0.62,0.77,-12.85,-9.96,-5.47
342,0.05,0.61,0.77,-12.86,-6.86,-5.9
343,0.08,0.59,0.79,-11.82,-1.54,-4.47
344,0.05,0.59,0.79,-10.67,-0.33,-4.11
345,0.01,0.59,0.79,-10.36,-2.47,-4.05
346,-0.02,0.62,0.78,-11.08,-8.75,-3.85
347,0.06,0.61,0.77,-13.45,-8.65,-5.54
348,0.08,0.58,0.79,-14.38,-3.69,-7.96
349,0.03,0.59,0.8,-14.27,-4.4,-8.17
350,0.01,0.61,0.79,-16.13,-4.44,-4.88
351,0.03,0.6,0.78,-18.15,3.02,-0.84
352,0.03,0.6,0.8,-18.09,5.6,2.47
353,0.02,0.59,0.8,-19.47,1.86,2.34
354,0.05,0.57,0.82,-20.95,-2.39,1.02
355,0.08,0.56,0.82,-19.49,-7.18,-2.73
356,0.11,0.52,0.83,-17.31,-6.91,-8.53
357,0.06,0.51,0.87,-13.99,-5.51,-10.24
358,-0.02,0.54,0.85,-12.08,-11.59,-11.24
359,-0.01,0.55,0.84,-13.45,-13.52,-8.63
360,0.05,0.53,0.86,-14.23,-12.34,-5.8
361,0.09,0.51,0.87,-10.6,-14.13,-9.17
362,0.11,0.51,0.87,-6.52,-16.11,-12.87
363,0.11,0.52,0.85,-4.01,-15.95,-14.41
364,0.1,0.53,0.84,-1.37,-16.26,-13.51
365,0.05,0.54,0.82,-2.0,-19.14,-15.53
366,0.07,0.54,0.83,-3.08,-20.81,-15.01
367,0.08,0.55,0.84,-3.4,-15.85,-11.45
368,0.05,0.54,0.83,-4.95,-13.05,-9.73
369,0.06,0.56,0.82,-5.61,-10.26,-6.73
370,0.07,0.56,0.79,-6.21,-5.71,-4.36
371,0.06,0.55,0.8,-7.76,-6.14,-4.26
372,0.07,0.53,0.8,-7.05,-7.41,-3.11
373,0.08,0.53,0.8,-7.37,-6.88,-3.98
374,0.09,0.53,0.84,-6.53,-4.96,-4.22
375,0.11,0.52,0.83,-4.61,-4.79,-5.43
376,0.1,0.53,0.84,-1.82,-6.13,-6.18
377,0.09,0.55,0.84,-0.04,-6.6,-7.16
378,0.09,0.57,0.82,-0.24,-6.92,-7.76
379,0.09,0.56,0.81,-0.24,-5.81,-7.77
380,0.09,0.56,0.8,-0.94,-4.43,-7.77
381,0.05,0.55,0.81,-1.01,-3.8,-7.3
382,0.03,0.55,0.8,-0.95,-3.12,-5.51
383,0.03,0.58,0.8,-2.26,-2.73,-3.82
384,0.07,0.6,0.77,-3.91,-2.89,-5.02
385,0.07,0.6,0.77,-6.49,-3.82,-8.12
386,0.06,0.59,0.78,-8.14,-5.93,-8.91
387,0.07,0.58,0.78,-8.98,-7.02,-8.64
388,0.08,0.56,0.8,-9.53,-5.66,-9.39
389,0.06,0.56,0.81,-9.58,-4.47,-9.02
390,0.04,0.54,0.81,-8.75,-1.82,-6.28
391,0.03,0.55,0.82,-8.63,-1.59,-3.42
392,0.08,0.57,0.81,-9.86,-1.05,-3.98
393,0.13,0.56,0.82,-10.46,0.67,-5.11
394,0.13,0.54,0.84,-9.47,-0.86,-9.41
395,0.12,0.53,0.83,-9.04,3.58,-11.47
396,0.07,0.53,0.84,-8.8,7.73,-9.76
397,0.03,0.53,0.82,-8.24,7.67,-10.43
398,-0.01,0.55,0.81,-8.71,6.76,-9.18
399,0.02,0.55,0.8,-9.13,4.85,-9.11
400,0.05,0.56,0.8,-11.59,7.73,-8.51
401,0.03,0.55,0.82,-12.23,7.77,-7.84
402,0.02,0.55,0.82,-10.76,3.38,-6.79
403,0.03,0.54,0.81,-9.27,-1.4,-7.98
404,0.03,0.54,0.81,-8.85,-4.12,-9.63
405,0.01,0.53,0.82,-7.95,-6.85,-9.94
406,-0.0,0.52,0.83,-7.42,-9.71,-9.03
407,0.03,0.53,0.84,-6.49,-11.82,-6.65
408,0.07,0.52,0.85,-5.4,-11.82,-5.99
409,0.1,0.52,0.84,-3.71,-10.0,-7.31
410,0.1,0.52,0.84,-2.26,-7.54,-7.84
411,0.06,0.55,0.83,-3.11,-7.27,-8.74
412,0.06,0.54,0.82,-4.45,-6.15,-7.85
413,0.07,0.53,0.83,-5.73,-5.9,-8.11
414,0.08,0.53,0.85,-5.6,-3.24,-7.62
415,0.07,0.52,0.84,-4.6,-0.26,-5.79
416,0.05,0.52,0.84,-3.56,1.54,-3.08
417,0.04,0.52,0.82,-3.38,2.07,-2.47
418,0.01,0.54,0.8,-3.56,-0.4,-2.88
419,0.01,0.54,0.79,-4.84,-1.4,-3.26
420,0.0,0.55,0.79,-6.63,-3.1,-2.7
421,0.02,0.55,0.81,-7.6,-6.15,-2.02
422,0.08,0.55,0.82,-7.76,-9.12,-3.58
423,0.12,0.54,0.81,-7.34,-9.77,-7.21
424,0.11,0.52,0.83,-7.55,-6.97,-9.75
425,0.05,0.52,0.83,-6.27,-7.87,-10.21
426,0.05,0.53,0.81,-5.37,-7.45,-9.13
427,0.01,0.53,0.82,-6.48,-6.26,-7.21
428,0.01,0.53,0.82,-7.41,-7.72,-4.15
429,0.06,0.53,0.82,-7.34,-9.47,-3.44
430,0.12,0.54,0.81,-7.66,-7.85,-5.49
431,0.11,0.53,0.83,-8.76,-4.41,-5.98
432,0.09,0.52,0.85,-9.66,-2.89,-5.21
433,0.07,0.53,0.83,-9.32,-4.56,-6.36
434,0.09,0.53,0.84,-9.4,-3.82,-7.56
435,0.08,0.53,0.86,-9.33,-3.76,-8.47
436,0.07,0.52,0.87,-9.44,-5.83,-9.05
437,0.1,0.53,0.87,-8.58,-5.84,-8.4
438,0.13,0.52,0.87,-6.7,-3.53,-8.81
439,0.11,0.52,0.86,-6.68,-3.16,-10.77
440,0.07,0.51,0.86,-6.85,-2.92,-10.54
441,0.09,0.51,0.85,-6.51,-2.21,-10.28
442,0.08,0.52,0.84,-6.89,-1.83,-12.55
443,0.08,0.51,0.85,-5.92,-0.25,-11.67
444,0.04,0.5,0.85,-5.64,-0.27,-11.27
445,0.02,0.51,0.85,-5.98,-0.9,-9.4
446,0.02,0.51,0.85,-5.54,-1.14,-7.18
447,0.03,0.51,0.86,-5.4,-1.13,-6.85
448,0.02,0.52,0.84,-6.26,-1.18,-6.47
449,0.04,0.53,0.84,-7.18,-1.42,-6.44
450,0.06,0.52,0.85,-7.84,-2.05,-6.74
451,0.08,0.51,0.87,-8.54,-2.19,-8.49
452,0.09,0.49,0.87,-8.31,1.82,-6.92
453,0.07,0.49,0.88,-7.41,2.59,-6.47
454,0.09,0.5,0.88,-6.08,2.31,-7.27
455,0.06,0.5,0.88,-4.47,3.93,-5.69
456,0.04,0.5,0.86,-3.8,2.05,-7.92
457,0.02,0.51,0.85,-4.02,-0.09,-8.66
458,0.02,0.51,0.84,-5.02,-0.67,-7.53
459,0.03,0.51,0.83,-6.23,0.5,-7.53
460,0.03,0.5,0.84,-6.66,1.63,-7.89
461,0.02,0.5,0.83,-6.95,1.38,-7.66
462,0.01,0.49,0.82,-7.19,2.4,-5.98
463,-0.0,0.49,0.82,-6.64,2.63,-5.46
464,-0.03,0.51,0.8,-7.04,-0.36,-6.92
465,-0.02,0.51,0.78,-8.35,-3.06,-7.92
466,-0.01,0.51,0.78,-8.46,-2.15,-8.31
467,-0.02,0.5,0.79,-9.16,-1.89,-7.53
468,-0.04,0.51,0.79,-9.71,-4.52,-5.61
469,-0.01,0.52,0.77,-9.08,-7.53,-5.53
470,0.0,0.54,0.75,-10.73,-5.86,-5.11
471,-0.04,0.55,0.77,-13.08,-7.58,-4.72
472,-0.01,0.57,0.76,-14.85,-11.74,-4.06
473,0.02,0.56,0.76,-16.5,-12.75,-3.48
474,0.0,0.54,0.79,-20.44,-9.96,-4.18
475,0.02,0.52,0.83,-21.7,-9.92,-1.18
476,0.1,0.5,0.84,-21.64,-6.31,-0.42
477,0.09,0.5,0.85,-21.37,-3.25,-3.31
478,0.04,0.5,0.85,-20.18,-5.95,-6.98
479,0.01,0.49,0.86,-19.44,-9.4,-9.89
480,-0.01,0.5,0.86,-20.26,-10.64,-11.2
481,0.02,0.48,0.88,-19.96,-11.02,-7.02
482,0.08,0.46,0.89,-17.61,-8.47,-4.2
483,0.1,0.46,0.87,-15.71,-5.02,-4.97
484,0.06,0.46,0.89,-15.31,-1.18,-2.69
485,0.03,0.48,0.86,-12.76,-1.05,4.84
486,0.01,0.5,0.83,-14.83,-3.45,2.58
487,0.04,0.5,0.84,-17.6,-6.18,0.58
488,0.07,0.5,0.87,-18.4,-8.23,-1.02
489,0.13,0.48,0.86,-19.72,-5.87,-0.92
490,0.15,0.45,0.89,-19.27,-0.96,-2.04
491,0.11,0.44,0.89,-17.4,1.14,-3.6
492,0.1,0.44,0.88,-15.42,1.43,-4.89
493,0.05,0.46,0.89,-15.02,0.7,-4.11
494,0.03,0.46,0.87,-15.56,-2.67,-5.48
495,0.05,0.46,0.86,-16.73,-4.18,-6.81
496,0.07,0.44,0.88,-18.02,-3.73,-7.53
497,0.07,0.42,0.89,-18.44,-4.35,-7.46
498,0.1,0.42,0.89,-17.16,-3.47,-7.11
499,0.09,0.42,0.88,-16.56,-2.56,-7.24
500,0.09,0.43,0.87,-16.08,-0.82,-6.92
