,accel_x,accel_y,accel_z,gyro_x,gyro_y,gyro_z
0,0.08,0.09,0.97,-7.0,0.25,2.01
1,0.08,0.12,0.96,-6.56,-3.53,2.01
2,0.12,0.14,0.94,-7.31,-6.01,-1.87
3,0.15,0.12,0.95,-8.15,-6.63,-5.73
4,0.17,0.11,0.97,-8.25,-6.96,-10.14
5,0.14,0.1,0.98,-8.12,-6.28,-11.8
6,0.1,0.09,0.98,-6.86,-6.34,-10.89
7,0.1,0.1,0.97,-5.75,-7.29,-8.94
8,0.08,0.11,0.95,-6.03,-6.76,-7.03
9,0.05,0.13,0.94,-7.78,-7.34,-5.17
10,0.06,0.13,0.92,-10.63,-8.31,-3.41
11,0.08,0.12,0.93,-13.5,-7.23,-3.27
12,0.08,0.11,0.95,-15.24,-8.56,-3.4
13,0.12,0.1,0.95,-14.82,-9.37,-3.63
14,0.13,0.08,0.94,-13.7,-7.99,-6.32
15,0.1,0.07,0.98,-11.76,-7.75,-6.6
16,0.07,0.1,0.96,-13.34,-12.32,-6.98
17,0.1,0.12,0.93,-13.37,-15.34,-7.43
18,0.12,0.1,0.93,-15.27,-13.79,-9.22
19,0.11,0.08,0.95,-15.62,-13.71,-8.99
20,0.09,0.08,0.96,-15.11,-14.67,-4.69
21,0.1,0.08,0.93,-15.25,-13.5,-1.9
22,0.12,0.09,0.92,-18.17,-13.29,1.38
23,0.11,0.09,0.93,-16.53,-11.03,3.23
24,0.12,0.1,0.9,-17.45,-10.28,3.4
25,0.12,0.11,0.9,-19.04,-9.09,2.52
26,0.11,0.11,0.91,-19.84,-11.56,0.45
27,0.12,0.11,0.9,-20.55,-12.4,1.25
28,0.11,0.1,0.91,-20.88,-14.85,1.18
29,0.13,0.12,0.93,-21.77,-18.87,1.44
30,0.21,0.13,0.91,-22.91,-15.16,8.02
31,0.27,0.13,0.9,-23.47,-8.6,10.02
32,0.29,0.11,0.89,-23.15,-2.18,8.39
33,0.26,0.11,0.88,-21.4,1.2,4.44
34,0.16,0.12,0.87,-21.06,-1.34,-2.5
35,0.11,0.12,0.89,-21.23,-6.56,-2.08
36,0.15,0.13,0.86,-21.02,-9.09,-1.08
37,0.19,0.12,0.81,-22.0,-5.32,-1.94
38,0.16,0.13,0.82,-24.32,-4.99,-0.18
39,0.2,0.09,0.82,-24.58,-0.07,7.85
40,0.3,0.12,0.82,-28.13,10.19,18.35
41,0.25,0.16,0.83,-31.14,17.79,16.49
42,0.21,0.17,0.82,-28.38,16.12,8.37
43,0.14,0.18,0.81,-28.17,9.79,0.88
44,0.09,0.16,0.79,-31.84,-2.74,-1.83
45,0.04,0.12,0.77,-25.92,0.01,-4.67
46,0.1,0.1,0.76,-26.83,-2.25,2.06
47,0.11,0.08,0.76,-26.15,-5.46,-2.59
48,0.15,0.12,0.77,-26.25,-6.66,-5.08
49,0.16,0.14,0.76,-26.15,-5.08,-5.31
50,0.05,0.18,0.75,-25.08,-6.3,-7.01
51,0.06,0.19,0.71,-33.3,-18.73,-6.19
52,0.12,0.17,0.68,-34.89,-12.55,-10.6
53,0.13,0.15,0.73,-39.92,-20.69,-15.95
54,0.12,0.11,0.7,-40.52,-22.73,-20.12
55,0.1,0.08,0.75,-51.42,-38.34,-20.21
56,0.05,0.04,0.73,-43.11,-23.8,-23.03
57,0.02,0.01,0.78,-49.18,-33.2,-21.75
58,-0.02,-0.06,0.78,-45.06,-27.84,-20.38
59,-0.16,-0.09,0.76,-37.15,-34.82,-14.94
60,-0.24,-0.09,0.82,-40.98,-63.23,-11.67
61,-0.13,-0.12,0.81,-41.93,-79.18,0.88
62,0.09,-0.17,0.87,-47.26,-89.33,11.24
63,0.36,-0.18,0.87,-46.45,-86.24,13.26
64,0.71,-0.28,0.87,-51.27,-75.15,12.37
65,0.84,-0.22,0.87,-46.31,-36.48,23.69
66,0.78,-0.25,0.87,-43.98,-6.27,23.91
67,0.64,-0.28,0.86,-42.02,22.89,30.11
68,0.45,-0.2,0.77,-39.71,45.14,44.09
69,0.25,-0.24,0.81,-42.18,65.53,65.49
70,0.1,-0.23,0.71,-49.34,69.51,77.7
71,0.08,-0.16,0.78,-53.7,73.74,85.03
72,0.05,-0.09,0.77,-61.66,53.91,80.82
73,0.15,-0.07,0.75,-62.18,45.53,62.94
74,0.31,-0.12,0.74,-63.89,35.68,44.21
75,0.37,-0.19,0.76,-62.61,37.37,29.9
76,0.38,-0.23,0.77,-58.97,42.76,19.14
77,0.33,-0.25,0.79,-62.71,55.02,17.66
78,0.17,-0.23,0.78,-57.57,63.87,13.4
79,0.07,-0.19,0.74,-59.47,65.15,15.14
80,-0.01,-0.19,0.68,-63.42,54.16,10.45
81,-0.13,-0.22,0.65,-69.69,46.24,1.55
82,-0.14,-0.24,0.68,-80.18,31.72,0.74
83,-0.11,-0.31,0.69,-89.15,23.94,-8.8
84,-0.04,-0.43,0.74,-93.19,20.74,-16.85
85,-0.03,-0.5,0.83,-88.94,16.11,-19.21
86,-0.06,-0.56,0.86,-80.64,2.15,-31.12
87,-0.09,-0.58,0.83,-74.5,-11.75,-42.3
88,-0.15,-0.56,0.86,-72.26,-32.02,-48.76
89,-0.19,-0.61,0.87,-70.8,-51.24,-58.18
90,-0.1,-0.65,0.89,-69.98,-59.18,-55.11
91,-0.04,-0.71,0.9,-71.27,-51.3,-37.34
92,-0.02,-0.77,0.97,-71.52,-39.19,-15.84
93,0.05,-0.8,1.0,-69.88,-25.66,1.69
94,0.12,-0.81,0.99,-65.09,-12.97,15.59
95,0.13,-0.78,0.99,-58.45,-2.78,22.08
96,0.06,-0.71,0.95,-52.11,-6.31,20.97
97,0.01,-0.64,0.89,-53.35,-14.63,18.79
98,0.02,-0.62,0.86,-58.1,-21.4,17.96
99,0.08,-0.61,0.88,-64.51,-22.72,23.6
100,0.19,-0.66,0.88,-68.11,-16.98,26.69
101,0.28,-0.76,0.91,-66.07,-7.24,24.7
102,0.31,-0.77,0.96,-56.79,8.34,28.78
103,0.21,-0.81,0.95,-53.66,11.63,25.82
104,0.07,-0.77,0.95,-41.15,1.02,25.28
105,0.06,-0.75,0.89,-39.06,-21.72,9.02
106,0.09,-0.73,0.86,-38.51,-33.44,-2.71
107,0.12,-0.74,0.88,-39.26,-38.4,-4.71
108,0.17,-0.77,0.85,-41.18,-34.79,-2.62
109,0.2,-0.77,0.87,-44.53,-23.95,3.94
110,0.23,-0.78,0.84,-46.46,-14.18,5.28
111,0.25,-0.79,0.88,-46.34,-10.48,6.47
112,0.19,-0.82,0.88,-44.47,-6.0,3.95
113,0.22,-0.79,0.89,-43.76,-23.73,5.69
114,0.16,-0.73,0.83,-45.8,-20.11,1.53
115,0.15,-0.7,0.82,-46.91,-15.64,9.45
116,0.16,-0.72,0.81,-51.68,-23.1,8.05
117,0.21,-0.74,0.82,-56.32,-19.53,5.47
118,0.26,-0.79,0.84,-55.4,-10.42,9.58
119,0.29,-0.86,0.86,-52.32,-1.99,13.04
120,0.28,-0.86,0.87,-47.15,4.62,12.77
121,0.27,-0.86,0.85,-41.53,8.77,14.97
122,0.21,-0.8,0.81,-39.05,12.31,16.13
123,0.14,-0.76,0.78,-39.05,8.11,15.96
124,0.09,-0.76,0.8,-40.79,-2.06,10.94
125,0.1,-0.76,0.81,-40.94,-12.06,8.42
126,0.15,-0.79,0.82,-40.7,-14.57,7.66
127,0.22,-0.81,0.82,-36.2,-15.32,7.8
128,0.27,-0.81,0.79,-31.44,-12.87,4.59
129,0.29,-0.79,0.77,-26.24,-8.91,4.16
130,0.22,-0.74,0.72,-26.44,-11.2,-3.5
131,0.2,-0.72,0.7,-29.52,-13.89,-11.53
132,0.17,-0.74,0.71,-33.43,-11.22,-11.35
133,0.16,-0.79,0.75,-36.59,-7.05,-9.72
134,0.18,-0.83,0.79,-35.47,-3.91,-8.18
135,0.24,-0.88,0.84,-30.89,3.91,-2.36
136,0.26,-0.89,0.83,-26.06,13.43,3.49
137,0.23,-0.87,0.8,-20.85,16.65,5.85
138,0.17,-0.82,0.78,-17.37,13.19,7.08
139,0.14,-0.78,0.74,-17.05,7.59,5.6
140,0.15,-0.78,0.75,-17.88,2.6,2.08
141,0.16,-0.8,0.77,-17.72,-1.12,-2.02
142,0.16,-0.82,0.8,-15.75,-4.35,-6.89
143,0.18,-0.83,0.8,-13.94,-5.18,-7.6
144,0.21,-0.85,0.79,-10.8,-3.57,-9.52
145,0.21,-0.86,0.82,-5.3,-1.93,-10.06
146,0.19,-0.87,0.8,-1.58,-1.63,-11.93
147,0.17,-0.84,0.8,-0.05,-2.94,-14.42
148,0.17,-0.83,0.79,0.88,-4.41,-13.86
149,0.17,-0.81,0.79,3.19,-4.78,-13.2
150,0.18,-0.82,0.77,4.46,-5.63,-13.82
151,0.23,-0.81,0.76,6.34,0.93,-7.87
152,0.23,-0.8,0.73,8.44,10.71,-3.56
153,0.23,-0.79,0.73,7.02,16.47,-3.71
154,0.18,-0.77,0.71,8.68,20.7,0.32
155,0.11,-0.76,0.69,9.3,18.44,-1.71
156,0.09,-0.73,0.67,8.59,12.31,-2.18
157,0.09,-0.72,0.65,6.7,9.25,-0.06
158,0.1,-0.71,0.65,3.8,5.53,-4.37
159,0.11,-0.71,0.66,2.69,2.11,-8.96
160,0.13,-0.74,0.69,2.05,1.1,-14.02
161,0.16,-0.76,0.73,5.15,0.84,-18.07
162,0.17,-0.77,0.72,9.82,-0.76,-17.95
163,0.16,-0.75,0.71,10.58,1.1,-14.69
164,0.15,-0.73,0.69,7.92,5.72,-8.89
165,0.14,-0.72,0.69,4.29,8.97,-3.96
166,0.13,-0.71,0.69,0.56,10.23,-2.69
167,0.14,-0.74,0.72,-0.7,11.6,-5.35
168,0.11,-0.75,0.74,-2.64,5.72,-8.44
169,0.09,-0.75,0.74,0.21,5.5,-9.53
170,0.09,-0.76,0.75,-0.02,4.53,-3.7
171,0.09,-0.76,0.76,-0.76,2.86,-2.24
172,0.09,-0.76,0.77,-0.25,0.23,1.21
173,0.13,-0.75,0.77,1.5,-0.36,7.18
174,0.15,-0.76,0.77,3.82,-0.32,4.77
175,0.17,-0.78,0.79,7.29,1.16,3.6
176,0.17,-0.79,0.8,12.78,2.92,3.82
177,0.16,-0.76,0.78,17.14,3.34,4.22
178,0.13,-0.72,0.75,18.18,1.93,2.32
179,0.12,-0.69,0.72,16.39,0.92,1.43
180,0.12,-0.67,0.71,14.56,0.34,2.18
181,0.11,-0.67,0.7,12.33,-2.29,-3.29
182,0.12,-0.68,0.7,11.65,-3.66,-4.59
183,0.13,-0.68,0.7,11.53,-4.79,-4.94
184,0.16,-0.67,0.7,11.49,-5.11,-2.78
185,0.14,-0.67,0.69,10.76,-2.76,-2.46
186,0.16,-0.66,0.69,9.72,-2.05,-3.94
187,0.16,-0.64,0.68,8.44,-0.77,-3.85
188,0.16,-0.63,0.66,6.56,1.56,-3.99
189,0.15,-0.62,0.66,4.61,2.32,-0.4
190,0.15,-0.62,0.66,3.03,3.16,4.59
191,0.13,-0.64,0.68,1.38,0.89,5.18
192,0.11,-0.63,0.67,-0.29,-3.11,4.04
193,0.13,-0.64,0.69,-1.91,-5.07,3.02
194,0.15,-0.65,0.7,-4.68,-4.77,2.6
195,0.17,-0.67,0.72,-6.4,-5.13,-0.94
196,0.2,-0.68,0.73,-5.44,-2.37,0.16
197,0.21,-0.7,0.73,-3.32,0.16,0.98
198,0.19,-0.69,0.74,-0.21,0.84,0.6
199,0.18,-0.7,0.74,2.4,1.6,0.11
200,0.15,-0.7,0.75,4.48,0.61,-1.63
201,0.15,-0.7,0.74,5.74,-0.38,-1.82
202,0.15,-0.69,0.73,5.5,1.92,1.05
203,0.15,-0.68,0.73,4.29,1.78,-0.29
204,0.14,-0.65,0.72,3.0,0.03,-1.29
205,0.15,-0.67,0.71,2.14,-0.31,-1.82
206,0.14,-0.67,0.72,1.94,-0.9,-2.26
207,0.15,-0.68,0.72,2.17,-3.38,-3.54
208,0.14,-0.68,0.73,2.43,-3.73,-3.55
209,0.14,-0.68,0.75,2.56,-3.62,-2.02
210,0.16,-0.69,0.76,4.4,-3.9,-2.5
211,0.18,-0.7,0.76,5.76,-0.6,-1.0
212,0.14,-0.67,0.75,5.69,0.34,1.48
213,0.14,-0.66,0.73,3.5,2.53,0.57
214,0.16,-0.66,0.73,1.5,3.73,1.84
215,0.16,-0.66,0.74,1.95,4.41,0.69
216,0.13,-0.67,0.74,1.4,2.94,-3.14
217,0.13,-0.67,0.73,1.57,0.52,-5.89
218,0.13,-0.67,0.74,2.76,-0.52,-4.82
219,0.13,-0.66,0.74,3.57,-0.76,-2.47
220,0.14,-0.66,0.75,3.65,-1.89,-2.39
221,0.14,-0.67,0.75,3.06,0.02,0.11
222,0.14,-0.67,0.74,2.15,1.56,0.77
223,0.14,-0.66,0.73,2.82,1.71,0.53
224,0.14,-0.66,0.72,2.54,1.37,1.05
225,0.13,-0.66,0.73,1.64,-0.08,0.74
226,0.14,-0.66,0.72,2.08,-0.26,3.38
227,0.14,-0.63,0.74,-0.5,-0.67,4.62
228,0.13,-0.65,0.72,-1.55,-2.69,-1.89
229,0.13,-0.65,0.73,-2.54,-0.5,-1.81
230,0.13,-0.66,0.74,-3.41,-1.6,-4.61
231,0.14,-0.66,0.74,-3.44,-1.84,-7.63
232,0.15,-0.67,0.74,-3.41,1.06,-8.11
233,0.15,-0.68,0.77,-2.47,4.41,-5.49
234,0.15,-0.68,0.75,-0.7,6.26,-4.21
235,0.14,-0.67,0.77,-0.56,4.26,-5.31
236,0.1,-0.66,0.74,1.52,1.89,-8.38
237,0.09,-0.63,0.73,-0.08,-3.28,-8.43
238,0.09,-0.62,0.72,-1.23,-4.02,-9.95
239,0.13,-0.63,0.72,-3.66,-2.6,-7.49
240,0.14,-0.64,0.73,-6.79,-0.51,-5.82
241,0.13,-0.66,0.74,-6.78,2.41,-4.45
242,0.11,-0.68,0.76,-7.01,0.17,-2.34
243,0.1,-0.68,0.76,-6.71,-2.04,-1.62
244,0.09,-0.68,0.74,-7.27,-6.99,-3.46
245,0.11,-0.73,0.7,-7.09,-6.76,-4.21
246,0.13,-0.75,0.67,-15.4,-7.31,-6.66
247,0.1,-0.74,0.74,-37.69,-6.25,-10.57
248,0.03,-0.72,0.95,-76.63,-17.14,-17.97
249,-0.02,-0.9,1.38,-116.47,-61.67,-53.58
250,0.13,-1.47,2.0,-146.61,-130.36,-105.08
251,0.39,-2.0,2.0,-118.85,-173.35,-124.28
252,0.66,-2.0,2.0,-64.09,-211.97,-100.62
253,0.93,-2.0,2.0,-26.52,-195.24,-61.35
254,1.27,-2.0,2.0,15.53,-148.11,-26.17
255,1.49,-2.0,2.0,33.55,-67.02,7.25
256,1.54,-2.0,2.0,59.64,25.95,48.99
257,1.5,-2.0,2.0,76.79,110.15,78.22
258,1.37,-2.0,2.0,101.02,182.97,78.12
259,1.0,-2.0,1.87,127.8,223.09,87.73
260,0.61,-2.0,1.48,148.84,225.4,93.78
261,0.29,-2.0,1.02,152.06,211.06,97.74
262,0.02,-2.0,0.66,148.21,195.08,109.72
263,-0.02,-2.0,0.27,140.41,210.02,121.15
264,-0.24,-1.83,-0.16,131.25,212.05,127.63
265,-0.46,-1.54,-0.61,113.66,176.42,125.91
266,-0.7,-1.31,-0.8,106.82,132.06,110.96
267,-0.7,-1.1,-0.87,96.56,62.71,84.23
268,-0.52,-1.06,-0.81,99.95,13.6,65.79
269,-0.31,-0.9,-0.79,122.0,-8.72,56.89
270,-0.2,-0.67,-0.83,149.72,-12.92,56.24
271,-0.12,-0.42,-0.74,159.63,-1.31,65.05
272,-0.11,-0.05,-0.78,175.79,13.22,86.45
273,-0.08,0.33,-0.92,169.46,9.9,96.15
274,-0.01,0.61,-0.95,145.5,-9.15,91.21
275,0.15,0.67,-0.83,117.63,-32.06,78.11
276,0.3,0.57,-0.55,99.15,-39.4,66.57
277,0.47,0.46,-0.39,94.3,-34.23,47.82
278,0.55,0.39,-0.17,95.08,-15.27,34.02
279,0.56,0.29,-0.01,101.99,6.02,15.08
280,0.47,0.2,0.17,118.61,19.93,1.29
281,0.33,0.18,0.22,136.46,4.9,-16.95
282,0.27,0.23,0.23,152.62,-3.21,-33.36
283,0.17,0.32,0.24,162.15,-7.12,-37.46
284,0.07,0.42,0.24,166.8,-11.4,-28.84
285,0.01,0.51,0.25,164.08,-21.79,-25.94
286,-0.02,0.58,0.26,160.15,-35.27,-24.82
287,-0.01,0.66,0.22,145.33,-44.84,-25.58
288,0.04,0.68,0.18,132.84,-38.52,-19.88
289,0.06,0.73,0.27,110.08,-38.33,-21.29
290,0.14,0.69,0.31,89.56,-34.68,-20.82
291,0.22,0.63,0.42,68.78,-31.71,-27.03
292,0.33,0.51,0.55,58.18,-22.71,-29.74
293,0.33,0.41,0.63,57.38,-11.23,-31.27
294,0.25,0.41,0.69,59.48,-2.69,-29.99
295,0.16,0.45,0.65,57.24,-7.2,-34.7
296,0.07,0.45,0.61,52.4,-20.56,-45.95
297,-0.06,0.44,0.62,48.17,-37.68,-58.31
298,-0.14,0.43,0.61,43.02,-54.73,-61.64
299,-0.16,0.39,0.65,34.67,-66.08,-61.27
300,-0.15,0.36,0.69,23.4,-76.23,-57.19
301,-0.05,0.33,0.77,13.97,-73.65,-42.95
302,0.11,0.27,0.8,9.23,-62.44,-30.27
303,0.25,0.26,0.79,6.3,-49.89,-21.08
304,0.31,0.26,0.81,3.27,-35.18,-15.69
305,0.34,0.25,0.81,1.8,-25.14,-19.18
306,0.26,0.23,0.83,2.66,-19.27,-23.5
307,0.16,0.23,0.86,2.98,-18.31,-24.73
308,0.13,0.23,0.87,1.72,-17.79,-21.89
309,0.11,0.2,0.9,-3.02,-17.92,-14.45
310,0.12,0.19,0.9,-4.44,-7.21,-9.47
311,0.14,0.16,0.94,-4.76,1.34,-1.15
312,0.18,0.17,0.95,-4.4,6.85,7.17
313,0.19,0.17,0.9,-4.64,11.63,7.05
314,0.16,0.18,0.92,-7.87,10.71,0.31
315,0.13,0.17,0.93,-10.23,5.2,-6.73
316,0.11,0.15,0.91,-13.95,-1.0,-15.67
317,0.09,0.11,0.95,-16.54,-6.02,-20.82
318,0.07,0.06,0.99,-18.53,-4.97,-18.61
319,0.09,0.02,1.02,-15.53,0.25,-14.8
320,0.08,0.03,1.03,-14.48,0.85,-15.39
321,0.1,0.05,1.02,-12.45,-0.82,-14.31
322,0.09,0.04,1.01,-10.05,2.84,-13.08
323,0.02,0.04,1.01,-10.85,-0.6,-17.07
324,0.01,0.04,1.01,-11.66,-6.11,-16.52
325,0.04,0.02,1.01,-12.9,-6.51,-15.81
326,0.1,0.02,1.02,-13.39,-1.21,-11.5
327,0.13,0.01,1.01,-13.22,6.78,-8.24
328,0.09,0.02,1.01,-12.44,10.69,-9.75
329,0.02,0.01,1.02,-11.37,7.64,-14.39
330,0.02,-0.0,1.02,-10.42,5.09,-19.8
331,-0.01,0.0,1.03,-7.16,0.68,-21.21
332,-0.03,0.01,1.01,-6.01,-1.13,-21.47
333,-0.05,0.03,0.99,-6.63,-3.67,-21.31
334,-0.04,0.03,0.98,-8.12,-4.94,-19.69
335,-0.03,0.0,0.97,-8.37,-5.38,-21.0
336,-0.04,-0.01,1.01,-8.68,-5.99,-18.79
337,-0.04,0.0,1.0,-9.76,-3.69,-13.95
338,-0.02,-0.01,1.03,-10.74,-2.95,-11.66
339,-0.02,-0.01,1.03,-10.34,-5.57,-14.56
340,0.05,-0.01,1.04,-8.16,-4.29,-15.26
341,0.06,-0.01,1.05,-3.09,-2.8,-14.23
342,0.01,0.0,1.02,-0.3,-4.04,-16.83
343,-0.05,0.01,1.02,0.2,-9.01,-18.95
344,-0.03,0.01,1.03,1.3,-12.01,-17.1
345,0.0,0.01,1.01,4.98,-10.76,-8.17
346,-0.01,0.03,0.98,3.92,-11.18,-9.95
347,-0.02,0.02,0.98,2.49,-8.01,-6.43
348,-0.03,0.03,0.98,1.03,-8.02,-3.76
349,-0.02,0.03,0.98,0.44,-9.11,-2.79
350,-0.02,0.02,0.98,0.39,-7.29,-2.48
351,-0.06,0.03,0.99,0.09,-10.08,-3.02
352,-0.06,0.03,0.99,-0.65,-12.04,-1.45
353,-0.02,0.01,1.0,-0.69,-10.35,2.12
354,-0.02,0.01,1.0,-0.18,-10.85,3.73
355,-0.0,0.03,0.99,-1.05,-11.92,2.78
356,0.02,0.02,0.99,-1.26,-11.64,1.56
357,0.04,0.01,1.01,-0.28,-12.32,0.22
358,0.06,0.02,1.0,1.4,-11.76,-3.14
359,0.06,0.04,1.0,1.24,-12.95,-8.66
360,0.04,0.05,1.0,0.62,-13.14,-11.44
361,0.03,0.04,1.01,0.18,-12.09,-7.12
362,0.04,0.05,1.0,-1.84,-11.44,-5.19
363,0.07,0.04,0.99,-2.9,-7.07,-1.49
364,0.11,0.04,1.0,-3.27,-2.3,5.37
365,0.08,0.06,0.98,-3.87,-1.66,3.81
366,0.08,0.06,0.97,-4.47,-2.08,0.76
367,0.06,0.07,0.97,-6.82,-6.18,-4.97
368,0.06,0.06,0.98,-7.71,-9.61,-10.21
369,0.06,0.04,0.98,-7.89,-10.61,-12.66
370,0.04,0.03,0.99,-7.34,-13.16,-15.79
371,0.04,0.04,0.98,-5.99,-14.8,-16.81
372,0.02,0.04,0.97,-6.44,-14.27,-14.34
373,0.0,0.05,0.97,-8.81,-17.44,-14.94
374,0.01,0.06,0.97,-12.35,-18.13,-12.92
375,0.09,0.04,0.98,-14.62,-15.58,-10.92
376,0.12,0.03,0.99,-15.77,-10.78,-10.94
377,0.14,0.01,1.02,-15.76,-6.41,-10.73
378,0.15,-0.01,1.02,-12.11,-4.55,-8.75
379,0.11,-0.02,1.03,-9.36,-4.46,-8.79
380,0.08,-0.02,1.05,-6.05,-6.97,-7.4
381,0.09,-0.03,1.05,-3.31,-6.8,-6.88
382,0.09,-0.03,1.05,0.29,-4.85,-4.55
383,0.09,-0.01,1.04,2.11,-4.31,-3.01
384,0.11,0.01,1.01,4.98,-0.73,0.88
385,0.1,0.03,0.97,5.34,0.18,0.09
386,0.06,0.06,0.96,3.28,-4.75,-3.42
387,0.08,0.08,0.96,1.17,-8.47,-3.59
388,0.12,0.09,0.94,-1.89,-8.1,-4.88
389,0.11,0.06,0.96,-3.51,-5.92,-4.66
390,0.06,0.06,0.99,-4.05,-10.37,-4.82
391,0.12,0.07,0.98,-3.72,-11.39,-4.15
392,0.18,0.06,0.96,-4.79,-7.61,-6.18
393,0.17,0.04,0.97,-3.13,-4.08,-8.08
394,0.08,0.05,0.99,-2.28,-8.18,-10.07
395,0.1,0.07,0.96,-1.61,-11.71,-9.79
396,0.12,0.08,0.94,-3.89,-10.94,-11.08
397,0.14,0.07,0.94,-5.44,-8.17,-13.31
398,0.1,0.05,0.95,-5.92,-4.45,-11.65
399,0.05,0.07,0.97,-7.38,-7.04,-9.99
400,0.08,0.07,0.95,-8.33,-7.69,-7.08
401,0.11,0.09,0.94,-11.82,-9.37,-10.01
402,0.16,0.07,0.94,-11.53,-6.4,-4.05
403,0.14,0.06,0.95,-12.5,-2.58,0.56
404,0.12,0.04,0.97,-14.31,-2.02,-0.89
405,0.11,0.04,0.99,-14.59,-1.42,0.21
406,0.13,0.0,1.0,-14.63,-0.69,-1.37
407,0.13,-0.01,1.03,-12.31,-1.92,-4.74
408,0.16,-0.01,1.03,-8.11,-0.85,-5.73
409,0.14,-0.0,1.02,-5.04,0.21,-5.76
410,0.12,0.01,1.0,-2.95,-1.56,-7.23
411,0.1,0.02,0.98,-2.47,-4.23,-10.51
412,0.08,0.04,0.98,-2.94,-8.21,-13.42
413,0.09,0.06,0.96,-3.71,-9.88,-13.44
414,0.08,0.07,0.95,-6.85,-11.52,-13.89
415,0.12,0.06,0.95,-8.82,-11.16,-13.82
416,0.15,0.06,0.95,-8.42,-7.95,-7.36
417,0.13,0.05,0.97,-9.85,-6.46,-8.82
418,0.1,0.03,0.97,-10.25,-9.31,-12.31
419,0.1,0.01,0.99,-9.99,-13.27,-14.51
420,0.13,-0.01,1.0,-8.63,-12.76,-14.01
421,0.13,-0.01,1.01,-7.11,-10.53,-12.64
422,0.14,-0.01,1.0,-5.32,-7.5,-8.31
423,0.13,-0.0,0.99,-4.73,-6.7,-5.5
424,0.15,0.01,0.98,-4.58,-4.4,-3.98
425,0.17,0.04,0.97,-5.85,-2.36,-2.6
426,0.19,0.03,0.97,-6.47,0.79,1.53
427,0.17,0.03,0.98,-7.79,0.8,-1.18
428,0.17,0.03,0.98,-7.2,0.4,-1.2
429,0.15,0.03,0.98,-8.18,0.32,-1.09
430,0.13,0.03,0.98,-9.55,-0.89,-2.49
431,0.13,0.0,0.99,-9.04,-1.87,-2.79
432,0.11,0.01,1.0,-9.27,-3.05,-4.13
433,0.1,0.01,0.99,-9.14,-6.78,-6.28
434,0.14,0.01,0.97,-9.52,-7.48,-8.51
435,0.16,-0.01,0.99,-9.19,-5.91,-9.41
436,0.15,-0.01,1.0,-7.85,-3.0,-4.08
437,0.16,-0.02,0.99,-7.06,-0.32,-1.13
438,0.15,-0.02,0.99,-6.92,0.18,-4.36
439,0.13,-0.02,0.99,-4.95,-1.1,-6.08
440,0.1,-0.02,0.99,-3.51,-3.6,-6.77
441,0.09,-0.0,0.97,-4.14,-6.59,-8.67
442,0.09,-0.0,0.96,-5.2,-8.37,-9.19
443,0.1,0.0,0.97,-4.71,-9.42,-7.44
444,0.09,-0.0,0.96,-6.26,-11.08,-9.11
445,0.06,0.01,0.97,-8.66,-17.94,-11.41
446,0.14,-0.0,0.98,-11.97,-16.45,-10.86
447,0.22,-0.02,1.0,-13.41,-7.31,-6.41
448,0.23,-0.03,1.02,-13.11,1.0,-1.33
449,0.21,-0.04,1.02,-12.4,5.98,0.82
450,0.18,-0.06,1.03,-10.02,7.04,-2.37
451,0.14,-0.06,1.04,-7.14,2.94,-6.06
452,0.16,-0.06,1.02,-3.26,1.34,-3.63
453,0.14,-0.03,1.0,-2.75,0.29,-4.87
454,0.12,-0.02,1.0,-4.7,-2.28,-7.66
455,0.16,-0.03,1.01,-3.22,-0.34,-3.31
456,0.16,-0.01,0.99,-2.77,1.4,-2.19
457,0.15,-0.0,0.98,-3.46,-0.24,-5.08
458,0.13,-0.01,0.98,-4.73,-1.31,-4.57
459,0.11,-0.01,0.98,-6.06,-2.75,-5.46
460,0.1,-0.02,0.98,-5.85,-5.33,-5.57
461,0.12,-0.01,0.98,-7.75,-6.21,-5.14
462,0.15,-0.03,0.98,-8.8,-5.37,-4.82
463,0.15,-0.03,1.0,-10.16,-6.12,-7.17
464,0.21,-0.05,1.01,-8.63,-2.5,-4.91
465,0.21,-0.05,1.0,-7.15,0.47,-5.87
466,0.18,-0.04,1.0,-4.94,-1.0,-8.27
467,0.16,-0.03,0.99,-5.45,-4.56,-13.95
468,0.18,-0.03,0.98,-4.15,-3.33,-14.37
469,0.15,-0.03,1.0,-3.5,-1.31,-11.95
470,0.13,-0.03,0.99,-4.42,-1.44,-11.2
471,0.17,-0.04,0.98,-3.0,2.39,-4.52
472,0.14,-0.04,0.98,-2.85,3.86,-2.61
473,0.11,-0.02,0.99,-2.61,-0.2,-4.46
474,0.13,-0.0,0.98,-2.88,-3.02,-5.23
475,0.15,-0.0,0.96,-3.4,-2.95,-5.15
476,0.13,-0.01,0.95,-5.05,-4.18,-7.99
477,0.13,-0.0,0.97,-5.47,-5.23,-7.78
478,0.14,-0.02,0.97,-5.47,-2.9,-5.49
479,0.1,-0.02,0.98,-5.46,-6.4,-6.78
480,0.12,-0.02,0.98,-5.94,-9.86,-8.12
481,0.16,-0.02,0.99,-6.2,-9.35,-7.05
482,0.18,-0.03,0.99,-5.53,-6.83,-7.0
483,0.18,-0.03,1.0,-4.81,-4.4,-4.92
484,0.16,-0.04,0.99,-4.18,-1.95,-3.07
485,0.16,-0.03,0.98,-3.16,-1.49,-2.94
486,0.13,-0.01,0.97,-2.51,-3.01,-4.29
487,0.15,0.0,0.95,-3.26,-2.28,-3.92
488,0.14,0.0,0.95,-3.5,-1.65,-1.21
489,0.12,0.01,0.94,-5.77,-2.66,-1.62
490,0.13,0.01,0.94,-6.7,-2.68,-0.08
491,0.14,0.01,0.95,-7.84,-3.41,0.55
492,0.14,0.02,0.95,-9.91,-4.98,-1.98
493,0.18,0.02,0.94,-10.56,-5.06,-3.25
494,0.19,0.0,0.95,-10.11,-3.48,-3.29
495,0.15,-0.0,0.95,-10.27,-3.91,-5.69
496,0.13,-0.01,0.96,-9.24,-5.17,-5.86
497,0.11,-0.01,0.94,-9.18,-6.66,-6.78
498,0.09,0.01,0.94,-11.33,-10.54,-8.63
499,0.14,0.01,0.93,-12.92,-11.73,-8.84
500,0.17,0.02,0.94,-14.92,-13.31,-12.54
