,accel_x,accel_y,accel_z,gyro_x,gyro_y,gyro_z
0,-0.11,0.03,0.92,-8.33,-2.61,-9.22
1,-0.14,0.02,0.94,-10.19,-5.68,-9.56
2,-0.11,0.0,0.97,-8.41,-2.2,-6.08
3,-0.11,0.01,0.96,-12.37,-7.89,-10.16
4,-0.09,-0.01,1.0,-11.58,-5.45,-10.37
5,-0.09,0.0,1.01,-9.01,-2.82,-9.37
6,-0.08,-0.02,1.01,-6.27,-2.39,-9.53
7,-0.09,-0.01,0.99,-5.27,-2.02,-10.74
8,-0.09,0.01,0.98,-5.16,-3.5,-9.63
9,-0.08,0.0,1.0,-5.03,-2.74,-8.64
10,-0.08,-0.01,1.0,-5.0,-2.88,-10.55
11,-0.06,-0.01,1.01,-4.86,-0.08,-7.0
12,-0.08,-0.01,1.0,-4.56,1.46,-6.69
13,-0.08,-0.01,1.01,-3.9,2.19,-5.12
14,-0.07,-0.0,0.99,-3.75,2.63,-5.38
15,-0.07,0.0,0.99,-3.2,2.78,-4.88
16,-0.07,0.01,0.97,-3.18,2.43,-5.07
17,-0.07,0.01,0.97,-4.14,1.47,-5.38
18,-0.05,-0.0,0.99,-5.21,1.54,-5.58
19,-0.04,-0.0,0.99,-4.29,1.53,-6.23
20,-0.04,0.0,1.0,-2.29,2.08,-6.21
21,-0.05,-0.0,0.98,-1.4,2.68,-6.21
22,-0.07,0.01,0.95,-2.06,3.5,-6.61
23,-0.08,0.01,0.95,-4.05,3.14,-6.4
24,-0.1,0.0,0.95,-5.34,2.53,-7.08
25,-0.1,-0.01,0.96,-5.93,0.69,-6.4
26,-0.1,-0.02,0.97,-5.03,0.96,-5.34
27,-0.09,-0.02,0.98,-5.66,1.72,-5.47
28,-0.1,-0.02,0.99,-5.75,2.99,-4.46
29,-0.09,-0.03,0.99,-4.46,3.79,-3.15
30,-0.1,-0.01,0.98,-4.53,2.86,-3.57
31,-0.1,-0.01,0.98,-5.17,1.97,-3.96
32,-0.1,-0.01,0.98,-5.6,2.47,-3.35
33,-0.1,-0.0,0.99,-5.79,2.06,-3.21
34,-0.1,-0.0,1.0,-6.5,1.21,-4.34
35,-0.09,-0.01,1.02,-6.41,1.73,-4.03
36,-0.09,-0.02,1.01,-5.57,2.8,-3.42
37,-0.1,-0.0,1.01,-4.89,3.44,-3.13
38,-0.09,0.0,1.0,-4.82,2.79,-4.11
39,-0.1,0.0,1.0,-4.77,2.32,-4.65
40,-0.1,-0.0,1.0,-4.67,1.04,-5.2
41,-0.09,-0.0,0.98,-5.34,0.6,-5.95
42,-0.09,0.01,1.0,-5.44,1.46,-5.24
43,-0.1,0.01,0.98,-5.09,1.3,-7.16
44,-0.09,-0.01,0.99,-5.45,1.89,-5.66
45,-0.08,-0.02,0.99,-4.44,2.85,-8.93
46,-0.07,-0.0,0.99,-3.67,3.3,-5.97
47,-0.08,-0.0,0.97,-3.75,2.29,-8.53
48,-0.09,-0.02,0.97,-3.69,1.82,-9.15
49,-0.09,-0.0,0.96,-4.19,1.45,-6.67
50,-0.1,-0.01,0.95,-5.08,1.63,-6.69
51,-0.11,-0.02,0.97,-6.35,2.1,-6.5
52,-0.11,-0.02,0.97,-5.92,1.05,-6.6
53,-0.11,-0.03,0.97,-4.78,0.21,-4.98
54,-0.11,-0.02,0.97,-4.63,-1.05,-4.44
55,-0.11,-0.02,0.98,-1.13,0.47,-4.17
56,-0.11,-0.03,0.98,-4.19,-3.04,-5.59
57,-0.1,-0.03,0.99,-4.16,-1.08,-3.56
58,-0.09,-0.05,1.0,-1.72,-0.69,-1.69
59,-0.08,-0.04,0.97,-0.7,0.11,-1.97
60,-0.08,-0.03,0.98,-0.56,0.76,-2.36
61,-0.09,-0.02,0.97,-1.09,-0.16,-3.11
62,-0.1,-0.02,0.97,-1.89,-1.28,-4.4
63,-0.1,-0.01,0.98,-1.9,-1.49,-3.85
64,-0.11,-0.02,0.98,-1.73,-1.34,-4.23
65,-0.11,-0.01,0.97,-2.03,-1.08,-3.53
66,-0.11,-0.01,0.97,-2.51,-1.53,-3.72
67,-0.09,-0.01,0.96,-3.19,-1.05,-3.28
68,-0.09,-0.01,0.97,-3.67,-0.64,-3.76
69,-0.09,-0.01,0.98,-4.17,-0.73,-2.85
70,-0.09,-0.02,1.0,-3.66,-0.45,-3.34
71,-0.09,-0.0,0.99,-1.92,-0.96,-2.85
72,-0.08,-0.01,0.99,-2.27,-1.93,-4.24
73,-0.08,-0.01,0.99,-2.86,-1.72,-4.82
74,-0.09,-0.01,0.98,-2.81,-2.19,-4.76
75,-0.09,-0.01,0.97,-3.66,-1.93,-5.15
76,-0.1,-0.01,0.98,-3.23,-2.55,-5.37
77,-0.09,-0.02,0.99,-2.94,-0.98,-4.29
78,-0.11,-0.02,0.99,-2.61,-1.76,-4.6
79,-0.09,-0.03,0.99,-2.64,-3.05,-5.01
80,-0.08,-0.02,0.98,-1.97,-1.85,-3.71
81,-0.1,-0.02,0.98,-1.73,-1.73,-3.66
82,-0.1,-0.02,0.98,-2.35,-0.98,-3.53
83,-0.11,-0.01,0.96,-2.5,-0.65,-1.98
84,-0.09,-0.01,0.97,-2.78,-1.31,-0.81
85,-0.1,-0.01,0.97,-3.64,-2.54,-1.95
86,-0.09,-0.01,0.97,-3.6,-2.68,-1.85
87,-0.08,-0.02,0.98,-3.58,-1.93,-2.01
88,-0.08,-0.02,0.98,-3.24,-0.67,-2.18
89,-0.09,-0.01,0.98,-2.54,-1.2,-2.32
90,-0.1,-0.01,0.97,-2.11,-1.61,-2.21
91,-0.08,-0.01,0.96,-2.24,-1.88,-2.44
92,-0.08,-0.01,0.96,-2.61,-1.28,-2.27
93,-0.09,-0.01,0.97,-3.13,-1.95,-2.39
94,-0.08,-0.0,0.97,-3.49,-2.6,-2.5
95,-0.08,-0.0,0.97,-2.79,-2.34,-2.68
96,-0.07,-0.0,0.97,-2.56,-2.09,-2.94
97,-0.08,-0.0,0.96,-3.44,-2.31,-3.73
98,-0.09,-0.0,0.97,-4.63,-2.25,-3.85
99,-0.09,-0.02,0.99,-5.31,-1.9,-3.63
100,-0.08,-0.02,0.99,-5.29,-1.66,-3.64
101,-0.07,-0.02,0.99,-4.15,-0.87,-3.15
102,-0.09,-0.02,0.99,-3.44,-1.37,-3.92
103,-0.09,-0.03,1.0,-2.2,-1.55,-3.59
104,-0.1,-0.03,0.99,-1.4,-1.18,-3.33
105,-0.09,-0.03,0.99,-1.67,-0.66,-2.26
106,-0.1,-0.02,0.97,-2.36,-0.67,-2.6
107,-0.1,-0.02,0.98,-2.79,-1.87,-2.73
108,-0.09,-0.03,0.99,-3.56,-1.79,-2.69
109,-0.1,-0.03,0.99,-3.13,-1.3,-3.35
110,-0.1,-0.03,1.0,-2.15,-1.58,-3.37
111,-0.09,-0.03,0.99,-1.61,-1.54,-3.07
112,-0.09,-0.02,0.98,-1.73,-1.13,-3.13
113,-0.1,-0.03,0.98,-1.69,-1.85,-3.51
114,-0.09,-0.02,0.98,-1.15,-1.08,-3.8
115,-0.08,-0.01,0.98,-2.3,-1.61,-3.58
116,-0.09,-0.01,0.99,-1.88,-0.49,-3.15
117,-0.09,-0.01,0.98,-1.83,-0.33,-2.73
118,-0.09,-0.02,0.97,-2.0,-0.8,-5.02
119,-0.08,-0.0,0.98,-2.56,-1.34,-4.02
120,-0.07,-0.01,0.99,-2.3,-0.91,-3.66
121,-0.07,0.0,0.98,-1.73,0.08,-3.19
122,-0.07,0.0,0.98,-1.63,0.04,-3.52
123,-0.08,-0.0,0.97,-2.29,0.29,-3.68
124,-0.09,-0.01,0.96,-3.08,0.53,-4.02
125,-0.09,-0.02,0.97,-2.98,0.86,-3.19
126,-0.1,-0.02,0.98,-2.53,0.31,-3.12
127,-0.09,-0.02,0.96,-2.53,0.85,-1.98
128,-0.1,-0.01,0.95,-3.17,0.03,-2.85
129,-0.11,-0.03,0.96,-4.16,-1.4,-3.46
130,-0.1,-0.02,0.98,-4.56,-0.98,-2.89
131,-0.09,-0.02,0.97,-4.48,-0.35,-1.78
132,-0.1,-0.03,0.98,-4.13,-0.31,-3.31
133,-0.1,-0.03,0.97,-3.95,-0.46,-2.36
134,-0.11,-0.03,0.96,-4.43,-1.67,-3.15
135,-0.09,-0.02,0.96,-4.89,-2.52,-1.95
136,-0.1,-0.02,0.96,-5.13,-3.25,-3.99
137,-0.1,-0.02,0.97,-5.9,-4.56,-2.9
138,-0.1,-0.01,0.98,-6.29,-4.89,-2.85
139,-0.09,-0.02,1.0,-5.81,-6.45,-2.54
140,-0.08,-0.04,1.02,-4.26,-4.73,-3.11
141,-0.08,-0.03,1.01,-2.66,-3.63,-2.38
142,-0.07,-0.03,1.01,-2.65,-2.88,-3.09
143,-0.07,-0.02,1.01,-2.1,-1.24,-2.97
144,-0.07,-0.01,1.0,-1.42,-0.7,-2.7
145,-0.07,-0.01,0.99,-1.56,-0.01,-2.47
146,-0.07,-0.01,0.98,-2.68,0.37,-2.87
147,-0.08,-0.01,0.98,-3.53,-0.17,-3.56
148,-0.07,-0.02,0.98,-2.95,-0.35,-3.18
149,-0.08,-0.02,0.99,-2.29,-1.27,-3.74
150,-0.07,-0.02,0.98,-1.97,-1.14,-3.82
151,-0.08,-0.02,0.98,-2.24,-1.05,-4.61
152,-0.08,-0.02,0.98,-2.24,-0.74,-4.01
153,-0.08,-0.02,0.97,-1.89,-1.17,-3.69
154,-0.07,-0.03,0.98,-1.77,-0.9,-3.98
155,-0.08,-0.02,0.97,-1.78,-1.08,-4.41
156,-0.1,-0.02,0.98,-2.03,-1.3,-4.31
157,-0.11,-0.02,0.99,-1.64,-1.6,-3.41
158,-0.11,-0.01,0.96,-2.02,-2.08,-3.29
159,-0.1,-0.01,0.97,-2.95,-2.75,-2.66
160,-0.08,-0.0,0.97,-3.55,-3.51,-2.96
161,-0.07,-0.01,0.97,-3.47,-2.95,-3.31
162,-0.07,-0.02,0.99,-2.99,-2.57,-3.21
163,-0.07,-0.03,0.98,-2.99,-1.67,-3.61
164,-0.07,-0.02,0.98,-2.66,-0.21,-3.86
165,-0.08,-0.02,0.98,-2.15,0.12,-3.76
166,-0.09,-0.01,0.97,-2.18,-0.33,-3.44
167,-0.08,-0.0,0.97,-2.9,-0.59,-3.7
168,-0.07,-0.01,0.98,-3.12,-0.55,-3.78
169,-0.07,-0.01,0.97,-3.08,-0.74,-4.21
170,-0.08,-0.01,0.97,-3.75,-1.0,-4.57
171,-0.08,-0.0,0.96,-4.5,-0.24,-3.82
172,-0.09,-0.01,0.96,-5.07,-0.35,-3.92
173,-0.1,-0.02,0.98,-5.31,-0.86,-3.38
174,-0.1,-0.03,0.98,-4.96,-0.85,-2.99
175,-0.09,-0.03,0.98,-4.77,-0.39,-2.45
176,-0.08,-0.03,0.97,-4.63,-1.08,-2.73
177,-0.1,-0.02,0.96,-5.15,-1.08,-2.81
178,-0.08,-0.03,0.97,-5.91,-1.33,-3.45
179,-0.09,-0.04,0.98,-5.73,-1.95,-4.27
180,-0.09,-0.03,0.98,-5.24,-2.93,-3.73
181,-0.09,-0.03,0.97,-4.82,-3.66,-3.65
182,-0.06,-0.03,0.97,-4.82,-2.63,-2.56
183,-0.07,-0.03,0.98,-5.27,-2.21,-3.6
184,-0.07,-0.03,0.98,-5.37,-1.8,-3.59
185,-0.07,-0.02,0.99,-4.86,-2.08,-3.98
186,-0.07,-0.02,0.98,-4.84,-1.96,-4.5
187,-0.07,-0.02,1.0,-4.52,-1.98,-4.41
188,-0.07,-0.01,0.98,-4.27,-1.63,-3.96
189,-0.07,-0.0,0.97,-4.89,-0.82,-3.29
190,-0.07,0.01,0.98,-6.08,-0.52,-2.64
191,-0.07,0.0,0.98,-7.01,-1.47,-2.85
192,-0.07,0.01,0.98,-6.99,-3.58,-2.6
193,-0.06,-0.0,0.97,-6.88,-3.76,-3.06
194,-0.04,0.01,0.98,-7.21,0.99,-1.71
195,-0.05,0.03,0.96,-8.13,-0.08,-3.71
196,-0.05,0.06,0.95,-10.11,1.81,-4.26
197,-0.07,0.1,0.95,-13.15,2.58,-3.79
198,-0.07,0.14,0.94,-16.73,4.75,-3.34
199,-0.1,0.18,0.94,-20.34,7.53,-2.12
200,-0.12,0.19,0.98,-22.29,11.53,2.8
201,-0.14,0.18,0.99,-24.18,13.72,5.07
202,-0.13,0.18,0.99,-24.03,16.03,10.3
203,-0.1,0.16,0.94,-23.47,14.98,9.52
204,-0.08,0.14,0.94,-25.37,13.44,5.98
205,-0.08,0.09,0.95,-25.04,11.18,5.24
206,-0.08,0.05,0.94,-25.47,7.85,4.4
207,-0.09,0.02,0.96,-27.07,4.46,2.92
208,-0.09,-0.01,0.97,-28.24,4.44,3.54
209,-0.09,-0.02,0.96,-29.1,7.72,6.75
210,-0.09,-0.03,0.93,-31.73,13.53,10.9
211,-0.09,-0.03,0.92,-34.64,17.0,14.25
212,-0.09,-0.04,0.88,-36.86,15.4,12.57
213,-0.08,-0.06,0.87,-37.25,9.48,9.08
214,-0.05,-0.1,0.86,-35.6,0.73,3.03
215,-0.01,-0.16,0.83,-33.77,-6.92,-3.43
216,-0.03,-0.25,0.84,-31.27,-17.6,-8.97
217,-0.08,-0.37,0.85,-28.44,-28.69,-13.53
218,-0.12,-0.54,0.91,-25.57,-34.8,-9.07
219,-0.2,-0.79,0.98,-12.36,-44.02,0.36
220,-0.25,-1.1,1.14,2.76,-55.38,17.54
221,-0.25,-1.47,1.26,18.54,-67.03,24.24
222,-0.21,-1.79,1.41,38.26,-78.21,34.85
223,-0.14,-1.99,1.42,55.5,-92.76,38.6
224,0.06,-2.0,1.33,68.31,-91.44,43.09
225,0.1,-2.0,1.22,94.64,-74.68,45.05
226,-0.12,-2.0,1.17,130.92,-86.18,47.47
227,-0.12,-2.0,1.03,143.45,-92.69,50.66
228,-0.14,-2.0,0.82,134.74,-82.97,45.77
229,-0.1,-2.0,0.82,116.92,-61.7,41.6
230,0.08,-2.0,0.84,97.38,-14.03,44.0
231,0.26,-2.0,0.92,87.86,59.37,42.68
232,0.32,-2.0,0.89,83.54,128.31,35.57
233,0.49,-1.69,0.68,80.97,152.81,8.71
234,0.61,-0.84,0.65,88.3,166.43,-23.68
235,0.62,-0.02,0.43,63.7,161.4,-51.47
236,0.59,0.84,0.32,48.09,166.98,-60.52
237,0.78,1.59,0.16,17.87,187.99,-64.63
238,1.16,2.0,0.01,13.95,250.13,-75.68
239,1.28,2.0,-0.15,-37.25,250.13,-105.92
240,1.25,2.0,0.14,-48.9,250.13,-160.37
241,0.79,2.0,0.35,-20.68,134.44,-240.91
242,0.28,2.0,0.29,2.41,47.69,-250.14
243,-0.28,2.0,0.15,-28.93,-28.5,-250.14
244,-0.63,2.0,0.13,-143.05,-69.63,-250.14
245,-1.06,1.74,0.79,-215.27,-12.51,-250.14
246,-1.64,0.69,1.56,-215.63,6.36,-250.14
247,-1.99,-0.09,2.0,-128.55,23.27,-250.14
248,-2.0,-0.41,2.0,-30.24,19.26,-228.98
249,-2.0,-0.35,2.0,45.89,23.6,-149.21
250,-2.0,-0.17,2.0,121.79,52.53,-81.68
251,-2.0,0.1,1.6,172.66,60.02,-22.27
252,-1.9,0.34,1.0,197.18,57.44,27.68
253,-1.7,0.46,0.6,195.77,55.44,69.71
254,-1.47,0.51,0.32,181.94,54.63,106.85
255,-1.24,0.51,0.13,169.59,51.47,136.95
256,-0.99,0.52,0.03,151.33,42.18,161.64
257,-0.8,0.53,-0.07,129.5,34.12,175.34
258,-0.63,0.51,-0.07,99.69,35.8,186.6
259,-0.49,0.51,-0.02,65.05,27.85,190.48
260,-0.43,0.47,0.05,39.31,23.43,189.4
261,-0.45,0.44,0.16,13.38,7.83,189.62
262,-0.45,0.37,0.31,-11.57,-12.54,186.27
263,-0.43,0.31,0.46,-33.89,-31.09,181.19
264,-0.37,0.26,0.67,-51.04,-47.56,174.1
265,-0.22,0.2,0.84,-58.22,-61.83,168.34
266,-0.11,0.17,0.98,-54.62,-73.24,157.34
267,0.0,0.18,1.05,-48.9,-81.36,141.18
268,0.09,0.16,1.09,-45.5,-77.41,122.58
269,0.01,0.1,1.19,-41.57,-77.66,105.27
270,0.02,0.01,1.31,-40.7,-72.44,94.95
271,0.01,-0.0,1.36,-40.08,-65.13,85.05
272,0.0,-0.04,1.41,-39.09,-60.79,73.43
273,0.0,-0.09,1.44,-35.66,-47.06,62.64
274,-0.03,-0.13,1.48,-28.82,-33.33,54.08
275,-0.08,-0.17,1.46,-18.06,-28.76,49.26
276,-0.12,-0.24,1.45,-0.12,-22.16,44.0
277,-0.12,-0.24,1.4,11.97,-23.47,39.66
278,-0.11,-0.19,1.27,22.9,-24.79,31.85
279,-0.08,-0.13,1.16,28.7,-24.98,25.37
280,-0.05,-0.04,1.03,27.77,-17.98,21.82
281,-0.04,0.05,0.89,18.97,-7.45,20.18
282,-0.01,0.13,0.78,1.66,3.04,15.56
283,-0.09,0.17,0.68,-15.65,5.36,6.75
284,-0.15,0.14,0.72,-29.99,5.44,-0.18
285,-0.16,0.1,0.77,-41.7,1.69,-3.52
286,-0.17,0.03,0.87,-47.78,-18.99,-8.89
287,-0.13,-0.04,0.99,-45.43,-24.31,-12.6
288,-0.1,-0.06,1.07,-31.11,-21.91,-10.79
289,-0.08,-0.06,1.05,-14.55,-18.06,-5.6
290,-0.07,-0.02,0.96,-2.97,-11.85,-1.26
291,-0.08,0.05,0.84,-0.31,-10.11,-0.76
292,-0.11,0.09,0.74,-5.81,-12.56,-0.92
293,-0.14,0.12,0.73,-17.12,-15.84,-3.14
294,-0.1,0.12,0.74,-30.76,-16.02,-2.45
295,-0.09,0.06,0.8,-37.18,-7.86,-6.01
296,-0.03,0.05,0.85,-48.4,-9.68,-11.02
297,-0.03,-0.04,0.97,-47.34,2.4,-8.04
298,-0.06,-0.06,1.03,-43.08,11.53,1.98
299,-0.09,-0.04,1.04,-28.2,17.58,9.31
300,-0.07,0.01,0.95,-12.68,13.66,10.21
301,-0.05,0.04,0.84,-3.85,2.28,6.31
302,-0.09,0.09,0.79,-7.2,-11.97,-4.33
303,-0.09,0.09,0.79,-15.96,-16.31,-7.57
304,-0.08,0.07,0.83,-23.27,-14.9,-8.5
305,-0.1,0.05,0.88,-26.71,-10.55,-7.21
306,-0.13,-0.0,0.98,-29.24,-4.78,-1.05
307,-0.13,-0.02,1.0,-27.89,1.21,4.51
308,-0.11,-0.03,1.01,-23.81,5.05,5.72
309,-0.09,-0.01,1.02,-18.71,4.14,4.8
310,-0.08,0.03,0.99,-14.13,1.18,1.02
311,-0.07,0.05,0.96,-13.74,-2.62,-3.17
312,-0.06,0.08,0.94,-12.05,-6.99,-7.82
313,-0.06,0.1,0.91,-13.76,-7.66,-9.36
314,-0.05,0.1,0.89,-16.61,-5.46,-9.02
315,-0.07,0.1,0.89,-20.58,-3.46,-10.77
316,-0.08,0.09,0.93,-25.76,-1.63,-9.29
317,-0.12,0.04,0.97,-27.13,2.07,-10.01
318,-0.14,0.01,1.01,-23.18,6.19,-7.05
319,-0.15,0.01,1.04,-20.76,3.73,-6.32
320,-0.13,-0.01,1.04,-15.08,8.34,-4.56
321,-0.13,0.01,1.02,-9.62,8.42,-5.4
322,-0.15,0.03,0.99,-6.49,5.88,-6.19
323,-0.16,0.05,0.94,-5.91,-0.08,-8.45
324,-0.17,0.07,0.92,-8.88,-6.92,-11.77
325,-0.17,0.07,0.93,-11.88,-13.87,-13.69
326,-0.13,0.08,0.92,-11.91,-17.03,-13.03
327,-0.12,0.06,0.92,-10.28,-15.34,-11.24
328,-0.11,0.05,0.94,-9.89,-4.79,-9.36
329,-0.11,0.05,0.92,-15.28,6.4,-3.27
330,-0.1,0.05,0.91,-20.11,15.28,-0.28
331,-0.09,0.04,0.93,-23.59,20.77,-1.4
332,-0.12,0.04,0.95,-25.73,20.55,-2.52
333,-0.11,0.03,0.98,-23.79,14.17,-5.37
334,-0.08,0.02,0.99,-19.44,6.2,-11.34
335,-0.09,0.01,1.01,-14.56,-1.49,-16.13
336,-0.11,-0.0,1.01,-10.35,-5.52,-17.22
337,-0.12,-0.03,1.03,-6.16,-7.5,-20.63
338,-0.11,0.01,1.01,-8.95,-11.04,-21.9
339,-0.06,0.01,1.01,-6.94,-4.77,-15.08
340,-0.08,0.04,0.98,-10.13,-4.18,-17.06
341,-0.07,0.02,1.01,-13.38,1.49,-23.23
342,-0.06,0.03,1.02,-13.19,9.22,-10.91
343,-0.12,0.01,1.04,-11.98,12.18,-11.09
344,-0.13,0.0,1.05,-10.49,15.24,-8.02
345,-0.15,0.01,1.02,-8.48,13.69,-7.85
346,-0.16,0.04,0.98,-7.89,13.14,-7.91
347,-0.16,0.06,0.97,-10.4,8.66,-9.19
348,-0.15,0.07,0.96,-11.95,6.54,-9.02
349,-0.13,0.08,0.93,-11.47,4.73,-9.17
350,-0.14,0.07,0.95,-13.88,1.11,-10.34
351,-0.12,0.05,0.98,-12.47,1.37,-6.79
352,-0.14,0.03,0.96,-7.53,-0.21,-4.12
353,-0.14,0.01,0.97,-5.61,-1.89,-5.57
354,-0.11,-0.01,0.95,-3.59,-3.71,-1.24
355,-0.14,-0.01,0.94,-5.52,-5.62,-2.48
356,-0.16,-0.03,0.95,-6.49,-6.0,0.55
357,-0.17,-0.04,0.93,-6.08,-5.77,3.5
358,-0.14,-0.07,0.95,-12.43,-6.01,-1.38
359,-0.1,-0.08,0.96,-17.03,-4.18,-0.99
360,-0.1,-0.08,0.99,-17.98,-0.12,-2.17
361,-0.12,-0.09,1.0,-15.19,2.74,-0.76
362,-0.13,-0.07,0.97,-11.82,4.16,0.35
363,-0.13,-0.06,0.95,-9.34,4.13,-1.4
364,-0.16,-0.06,0.92,-13.49,-0.18,-3.51
365,-0.16,-0.05,0.94,-16.34,-1.11,-3.44
366,-0.16,-0.05,0.96,-16.48,-0.98,-1.56
367,-0.16,-0.04,0.96,-16.1,0.45,0.5
368,-0.15,-0.04,0.97,-16.56,-1.74,0.8
369,-0.13,-0.04,0.99,-17.4,-3.85,-0.69
370,-0.11,-0.05,1.0,-15.8,-3.02,-0.35
371,-0.12,-0.06,1.03,-13.21,-0.76,-1.36
372,-0.11,-0.09,1.03,-9.53,3.13,2.61
373,-0.17,-0.06,1.02,-10.77,2.41,-1.75
374,-0.19,-0.06,1.02,-10.24,6.9,4.43
375,-0.19,-0.06,1.01,-9.21,10.44,10.15
376,-0.21,-0.08,0.98,-7.67,9.47,17.07
377,-0.22,-0.05,0.96,-11.64,5.19,20.41
378,-0.22,-0.04,0.94,-15.68,4.73,26.27
379,-0.2,-0.04,0.92,-18.32,4.27,34.24
380,-0.23,-0.01,0.91,-20.95,-1.53,33.59
381,-0.2,-0.02,0.91,-24.11,-7.21,36.16
382,-0.19,-0.05,0.96,-23.23,-11.44,36.66
383,-0.2,-0.05,0.99,-24.22,-17.66,29.89
384,-0.13,-0.07,1.01,-24.44,-19.2,25.86
385,-0.12,-0.1,1.04,-19.51,-19.29,16.2
386,-0.07,-0.12,1.08,-15.47,-20.17,4.37
387,-0.06,-0.16,1.1,-11.4,-14.22,-3.16
388,-0.07,-0.17,1.12,-5.95,-8.16,-10.14
389,-0.12,-0.2,1.11,0.35,-0.33,-10.42
390,-0.2,-0.19,1.11,4.62,5.05,-12.4
391,-0.22,-0.2,1.08,5.83,11.08,-8.65
392,-0.25,-0.19,1.07,7.5,17.96,-4.21
393,-0.27,-0.18,1.06,10.79,20.54,0.05
394,-0.24,-0.16,1.01,12.63,19.79,2.21
395,-0.21,-0.13,0.99,14.6,18.54,1.65
396,-0.18,-0.1,0.96,15.66,14.5,-0.37
397,-0.15,-0.09,0.95,16.18,10.02,-3.4
398,-0.13,-0.09,0.95,17.91,6.15,-8.19
399,-0.13,-0.06,0.95,19.42,6.07,-8.51
