,accel_x,accel_y,accel_z,gyro_x,gyro_y,gyro_z
0,-0.18,-0.4,0.85,-2.02,-10.21,-4.26
1,-0.16,-0.42,0.86,-3.2,-9.04,-3.51
2,-0.13,-0.42,0.87,-1.91,-5.21,-1.55
3,-0.15,-0.41,0.85,-0.82,-3.62,-1.33
4,-0.15,-0.4,0.84,-1.16,-5.9,-0.23
5,-0.13,-0.4,0.84,-1.35,-4.3,0.27
6,-0.12,-0.39,0.84,-1.39,-4.73,-2.26
7,-0.13,-0.38,0.84,-3.38,-4.27,-5.24
8,-0.15,-0.4,0.87,-4.86,-3.82,-7.56
9,-0.18,-0.42,0.88,-4.17,-4.1,-7.66
10,-0.18,-0.43,0.89,-4.03,-3.92,-7.61
11,-0.17,-0.44,0.89,-2.07,-3.24,-4.07
12,-0.17,-0.43,0.89,-0.29,-2.47,-3.57
13,-0.19,-0.4,0.88,-0.81,-3.6,-2.23
14,-0.18,-0.4,0.88,-1.21,-3.85,-1.52
15,-0.16,-0.41,0.88,-2.02,-4.87,-1.59
16,-0.15,-0.4,0.87,-2.94,-4.69,-0.21
17,-0.14,-0.39,0.85,-3.58,-5.53,-0.87
18,-0.12,-0.39,0.84,-5.16,-5.3,-3.93
19,-0.12,-0.4,0.87,-6.84,-4.01,-4.58
20,-0.12,-0.42,0.88,-7.06,-0.28,-3.63
21,-0.11,-0.42,0.91,-5.73,3.4,-3.45
22,-0.12,-0.42,0.91,-2.57,4.64,-4.42
23,-0.11,-0.41,0.89,-0.97,4.35,-6.85
24,-0.14,-0.4,0.88,-0.88,2.5,-8.05
25,-0.17,-0.39,0.88,-1.47,-2.35,-10.24
26,-0.17,-0.41,0.88,-1.66,-2.25,-10.62
27,-0.19,-0.43,0.9,-1.89,-1.69,-7.5
28,-0.19,-0.43,0.91,0.11,0.38,-4.36
29,-0.18,-0.44,0.9,0.59,0.28,-4.17
30,-0.18,-0.44,0.89,1.27,-0.25,-2.67
31,-0.18,-0.41,0.88,1.18,-0.81,-2.33
32,-0.18,-0.4,0.86,0.18,-1.69,-3.56
33,-0.19,-0.4,0.85,-2.09,-1.82,-4.24
34,-0.17,-0.41,0.87,-3.27,0.39,-1.78
35,-0.14,-0.42,0.87,-4.02,3.65,-0.67
36,-0.16,-0.41,0.89,-3.6,3.63,-2.72
37,-0.2,-0.42,0.9,-2.89,0.07,-2.92
38,-0.19,-0.41,0.9,-3.3,-1.29,-1.99
39,-0.19,-0.42,0.9,-2.14,-2.18,-0.07
40,-0.19,-0.43,0.94,-0.24,-5.89,-0.15
41,-0.15,-0.43,0.92,1.84,-6.56,-0.31
42,-0.15,-0.42,0.91,3.28,-6.61,-1.14
43,-0.14,-0.39,0.89,2.63,-5.11,-0.83
44,-0.14,-0.4,0.88,0.62,-0.8,0.67
45,-0.14,-0.4,0.87,-0.53,1.31,0.15
46,-0.15,-0.4,0.85,-1.27,1.4,-1.09
47,-0.16,-0.39,0.85,-1.92,-0.98,-2.24
48,-0.18,-0.39,0.86,-3.08,-3.88,-3.95
49,-0.17,-0.39,0.87,-3.02,-3.76,-3.44
50,-0.17,-0.41,0.88,-3.27,-3.19,-2.99
51,-0.17,-0.43,0.9,-2.89,-1.85,-0.96
52,-0.16,-0.43,0.92,-0.99,-0.81,0.81
53,-0.16,-0.42,0.9,1.13,-1.47,-0.05
54,-0.15,-0.41,0.87,2.3,-2.29,-0.27
55,-0.15,-0.4,0.87,2.85,-3.42,-1.56
56,-0.16,-0.39,0.88,2.83,-3.94,-1.4
57,-0.16,-0.4,0.88,2.42,-4.73,-0.8
58,-0.14,-0.4,0.87,2.12,-3.02,-1.26
59,-0.16,-0.39,0.86,0.08,-1.54,-0.48
60,-0.18,-0.39,0.86,-0.92,-3.21,-1.55
61,-0.18,-0.39,0.87,-2.05,-4.82,-1.39
62,-0.19,-0.4,0.87,-2.91,-5.64,1.02
63,-0.18,-0.41,0.87,-3.75,-4.5,5.83
64,-0.14,-0.4,0.88,-2.13,-4.18,5.02
65,-0.14,-0.4,0.87,-1.73,-6.4,2.32
66,-0.1,-0.4,0.88,-3.05,-6.45,2.35
67,-0.11,-0.41,0.88,-1.63,-4.63,-0.66
68,-0.12,-0.4,0.9,-1.01,-2.4,-3.24
69,-0.12,-0.41,0.89,-0.9,-0.29,-4.01
70,-0.15,-0.4,0.89,-0.75,1.18,-3.87
71,-0.16,-0.39,0.87,-2.23,1.53,-2.69
72,-0.16,-0.4,0.88,-3.27,2.47,-3.17
73,-0.17,-0.4,0.88,-3.74,2.68,-2.63
74,-0.18,-0.39,0.89,-3.44,0.7,-2.82
75,-0.17,-0.4,0.88,-3.96,-0.82,-2.32
76,-0.16,-0.41,0.9,-3.06,-3.19,-1.04
77,-0.11,-0.41,0.89,-2.0,-2.86,-0.97
78,-0.1,-0.4,0.88,-1.69,-0.96,-0.99
79,-0.11,-0.4,0.88,-1.3,-2.47,-4.01
80,-0.13,-0.39,0.87,-0.96,-3.42,-4.52
81,-0.14,-0.39,0.87,-1.15,-2.9,-4.7
82,-0.14,-0.39,0.87,-2.42,-3.03,-5.25
83,-0.13,-0.39,0.87,-3.53,-1.53,-4.66
84,-0.14,-0.4,0.87,-4.66,0.6,-3.71
85,-0.14,-0.4,0.87,-4.72,1.89,-2.11
86,-0.13,-0.4,0.89,-4.62,1.06,-3.89
87,-0.15,-0.39,0.87,-4.38,-1.05,-6.5
88,-0.17,-0.41,0.9,-5.32,-1.79,-7.55
89,-0.17,-0.42,0.92,-3.71,-2.12,-4.93
90,-0.18,-0.43,0.92,-2.67,-2.5,-3.05
91,-0.15,-0.41,0.91,-2.63,-1.47,-1.47
92,-0.14,-0.41,0.9,-1.82,-1.13,-2.98
93,-0.15,-0.42,0.91,-1.62,-1.57,-2.55
94,-0.15,-0.41,0.9,-1.57,-1.65,-2.15
95,-0.15,-0.4,0.88,-1.72,-1.69,-3.11
96,-0.16,-0.39,0.88,-2.66,-2.88,-4.01
97,-0.15,-0.39,0.89,-1.74,-4.41,-3.77
98,-0.14,-0.4,0.9,-1.88,-1.92,-3.95
99,-0.14,-0.41,0.9,-2.56,1.79,-2.13
100,-0.14,-0.41,0.89,-2.18,4.81,-1.38
101,-0.16,-0.41,0.88,-2.16,3.47,-1.95
102,-0.18,-0.39,0.86,-1.63,0.18,-2.72
103,-0.17,-0.38,0.86,-2.39,-2.77,-3.95
104,-0.17,-0.37,0.85,-4.08,-4.44,-4.93
105,-0.17,-0.39,0.86,-5.4,-4.14,-4.82
106,-0.18,-0.4,0.89,-5.76,-3.53,-1.49
107,-0.17,-0.41,0.89,-4.56,-3.59,-0.47
108,-0.16,-0.41,0.89,-4.47,-4.59,-1.22
109,-0.14,-0.41,0.9,-4.05,-2.73,-0.76
110,-0.11,-0.42,0.91,-1.96,-1.33,0.4
111,-0.11,-0.4,0.89,-0.44,0.52,-1.33
112,-0.12,-0.38,0.87,-0.21,-0.22,-4.46
113,-0.13,-0.39,0.87,-1.06,-0.71,-5.28
114,-0.14,-0.4,0.86,-0.92,-1.28,-5.15
115,-0.14,-0.39,0.84,-1.22,-3.37,-5.82
116,-0.13,-0.39,0.85,-2.69,-3.7,-6.01
117,-0.12,-0.39,0.84,-3.35,-4.23,-6.18
118,-0.12,-0.39,0.84,-4.49,-4.4,-7.68
119,-0.12,-0.4,0.84,-5.34,-2.26,-7.27
120,-0.15,-0.39,0.85,-6.77,-1.76,-7.23
121,-0.15,-0.4,0.87,-8.17,-2.56,-8.76
122,-0.14,-0.42,0.91,-8.18,-1.86,-9.26
123,-0.15,-0.45,0.95,-5.69,-2.44,-7.95
124,-0.16,-0.44,0.96,-3.11,-0.65,-6.47
125,-0.16,-0.43,0.95,-2.46,1.95,-2.87
126,-0.16,-0.43,0.95,-2.27,3.9,0.0
127,-0.17,-0.41,0.93,-1.67,2.99,-0.15
128,-0.19,-0.4,0.91,-2.01,0.63,-0.78
129,-0.19,-0.41,0.91,-3.37,-0.9,-0.29
130,-0.17,-0.43,0.91,-4.09,-0.93,1.69
131,-0.15,-0.45,0.91,-4.04,-1.08,4.05
132,-0.1,-0.45,0.89,-3.02,-1.1,3.99
133,-0.09,-0.46,0.86,-2.12,-1.36,2.69
134,-0.07,-0.44,0.85,-1.65,-6.08,-1.39
135,-0.07,-0.45,0.81,-2.28,-10.4,-6.56
136,-0.06,-0.47,0.86,-5.87,-8.42,-9.85
137,-0.08,-0.55,0.89,-8.37,-3.7,-10.31
138,-0.05,-0.65,0.94,-15.75,11.08,-10.39
139,-0.05,-0.83,1.03,-19.2,33.59,-7.2
140,-0.11,-1.06,1.08,-15.4,60.89,-0.45
141,-0.27,-1.26,1.01,-5.6,83.16,18.08
142,-0.36,-1.37,0.91,-0.31,107.65,48.92
143,-0.34,-1.52,0.81,-6.09,134.99,81.85
144,-0.4,-1.76,0.8,-6.66,150.98,106.91
145,-0.35,-1.96,0.77,1.55,148.75,133.83
146,-0.29,-2.0,0.75,5.63,134.58,147.49
147,-0.36,-2.0,0.71,6.61,93.11,150.11
148,-0.29,-2.0,0.7,11.53,39.86,136.34
149,-0.15,-2.0,0.82,20.45,-16.55,113.69
150,0.06,-2.0,1.0,51.53,-58.44,97.98
151,0.29,-1.76,0.97,99.71,-66.55,78.93
152,0.37,-1.41,0.76,146.0,-51.49,54.99
153,0.3,-1.11,0.46,174.08,-21.98,35.12
154,0.07,-0.84,0.17,180.86,10.09,31.56
155,-0.09,-0.53,0.02,158.34,52.1,44.79
156,-0.24,-0.18,0.05,123.69,80.54,73.34
157,-0.26,-0.11,0.03,107.21,105.52,79.97
158,-0.35,0.01,0.16,79.25,101.24,67.96
159,-0.49,0.19,0.39,62.46,78.18,50.59
160,-0.65,0.24,0.66,82.4,41.66,28.9
161,-0.6,0.41,0.86,112.05,6.11,13.6
162,-0.48,0.58,0.92,137.36,-3.15,5.18
163,-0.34,0.76,0.79,156.61,6.33,15.2
164,-0.25,0.91,0.58,160.08,36.17,31.73
165,-0.27,1.05,0.3,142.81,67.65,58.18
166,-0.33,1.25,0.16,106.51,86.49,65.82
167,-0.47,1.44,0.12,73.64,75.22,56.6
168,-0.63,1.46,0.23,48.01,40.58,19.76
169,-0.66,1.46,0.48,24.73,15.11,4.02
170,-0.66,1.31,0.72,23.08,-9.18,-10.24
171,-0.62,1.17,0.87,29.05,-41.8,-25.21
172,-0.53,1.06,0.93,35.76,-56.47,-30.76
173,-0.44,0.98,0.92,40.07,-58.77,-30.02
174,-0.33,0.95,0.87,29.53,-47.04,-17.95
175,-0.21,0.97,0.79,7.96,-22.42,-1.1
176,-0.15,0.99,0.73,-18.85,6.88,12.6
177,-0.26,1.0,0.77,-45.09,22.03,24.32
178,-0.35,0.92,0.81,-46.68,9.82,21.59
179,-0.35,0.84,0.8,-47.77,-23.17,1.25
180,-0.24,0.72,0.87,-42.63,-44.84,-15.29
181,-0.18,0.51,0.91,-32.92,-52.62,-22.98
182,-0.18,0.4,0.96,-31.7,-51.43,-22.23
183,-0.21,0.28,0.97,-36.37,-28.59,-7.17
184,-0.3,0.23,0.93,-38.3,-16.04,4.2
185,-0.33,0.26,0.85,-38.08,-12.08,7.69
186,-0.34,0.25,0.8,-38.12,-18.7,0.74
187,-0.41,0.16,0.79,-39.31,-29.34,-13.19
188,-0.47,0.05,0.87,-40.8,-32.34,-18.95
189,-0.47,-0.0,0.95,-41.09,-26.52,-12.13
190,-0.43,-0.05,0.99,-32.8,-21.37,-7.0
191,-0.38,-0.02,1.02,-24.04,-16.12,-4.76
192,-0.36,-0.01,1.01,-19.24,-13.12,-1.24
193,-0.33,0.05,1.0,-12.77,-16.43,-2.28
194,-0.25,0.11,0.96,-5.34,-17.87,-4.03
195,-0.19,0.17,0.91,-3.28,-14.01,-7.91
196,-0.2,0.19,0.85,-4.55,-8.24,-9.53
197,-0.27,0.21,0.82,-12.18,-4.76,-8.82
198,-0.34,0.18,0.81,-21.56,-2.27,-6.81
199,-0.38,0.14,0.82,-30.66,-0.46,-4.31
200,-0.41,0.09,0.85,-34.55,-2.09,-5.71
201,-0.46,0.04,0.91,-34.5,-6.06,-6.4
202,-0.44,0.01,0.92,-28.74,-14.78,-9.06
203,-0.42,-0.01,0.94,-21.77,-23.06,-16.69
204,-0.42,-0.04,0.99,-13.44,-29.24,-20.44
205,-0.41,-0.05,1.0,-2.98,-32.6,-18.73
206,-0.37,-0.01,0.99,5.61,-30.2,-13.4
207,-0.34,0.03,0.92,7.56,-24.39,-6.76
208,-0.29,0.09,0.87,-0.63,-14.27,2.85
209,-0.28,0.13,0.78,-13.43,-4.32,4.07
210,-0.3,0.12,0.77,-30.05,0.37,-1.28
211,-0.37,0.06,0.83,-38.85,-4.04,-7.91
212,-0.41,-0.04,0.92,-37.72,-19.24,-17.18
213,-0.38,-0.11,1.0,-31.02,-30.6,-22.95
214,-0.36,-0.14,1.04,-21.79,-33.85,-24.08
215,-0.32,-0.13,1.03,-14.95,-28.27,-16.35
216,-0.32,-0.11,0.99,-10.73,-14.83,-4.51
217,-0.26,-0.04,0.93,-15.77,1.12,11.41
218,-0.28,-0.01,0.81,-22.87,11.64,16.37
219,-0.31,-0.02,0.79,-34.04,16.11,12.14
220,-0.4,-0.06,0.85,-39.72,5.21,7.15
221,-0.43,-0.11,0.89,-33.91,-10.31,-5.26
222,-0.38,-0.16,0.94,-22.84,-24.27,-19.44
223,-0.34,-0.2,0.99,-10.99,-38.82,-29.27
224,-0.29,-0.17,1.0,-7.01,-32.15,-25.67
225,-0.27,-0.16,0.98,-6.8,-14.75,-14.77
226,-0.25,-0.11,0.93,-14.94,7.39,0.47
227,-0.26,-0.05,0.9,-26.08,27.37,13.4
228,-0.3,-0.09,0.9,-35.41,32.62,12.98
229,-0.38,-0.1,0.89,-33.44,19.02,3.37
230,-0.45,-0.1,0.88,-29.56,-6.28,-12.58
231,-0.44,-0.16,0.94,-21.25,-27.79,-25.18
232,-0.39,-0.22,1.01,-9.41,-36.88,-22.18
233,-0.27,-0.24,1.01,1.14,-31.35,-16.02
234,-0.21,-0.21,0.95,5.76,-13.63,-8.34
235,-0.23,-0.17,0.89,-2.11,4.76,-0.21
236,-0.32,-0.13,0.82,-14.15,17.56,7.01
237,-0.37,-0.11,0.8,-23.65,21.0,6.82
238,-0.43,-0.09,0.81,-28.01,8.67,0.31
239,-0.41,-0.11,0.87,-27.89,-8.23,-9.17
240,-0.35,-0.12,0.9,-23.42,-25.81,-18.92
241,-0.24,-0.16,0.94,-16.34,-34.8,-30.08
242,-0.18,-0.2,0.95,-9.25,-30.14,-34.17
243,-0.23,-0.25,0.93,-5.66,-21.2,-33.15
244,-0.28,-0.27,0.89,-7.15,-14.1,-30.18
245,-0.32,-0.27,0.87,-10.89,-7.48,-23.5
246,-0.31,-0.24,0.85,-16.69,0.52,-16.72
247,-0.28,-0.16,0.84,-26.89,5.14,-12.18
248,-0.26,-0.13,0.82,-32.52,8.93,-10.88
249,-0.28,-0.09,0.82,-32.84,7.67,-13.72
250,-0.31,-0.06,0.81,-30.56,-2.63,-19.24
251,-0.28,-0.04,0.83,-26.27,-18.4,-29.4
252,-0.22,-0.1,0.87,-17.05,-26.37,-39.63
253,-0.22,-0.17,0.86,-14.89,-27.76,-37.75
254,-0.25,-0.24,0.91,-9.48,-20.92,-28.1
255,-0.3,-0.29,0.88,-15.49,-9.03,-17.44
256,-0.32,-0.3,0.89,-23.4,1.24,-8.44
257,-0.33,-0.29,0.88,-31.57,8.18,-3.44
258,-0.35,-0.26,0.9,-36.44,7.79,-3.25
259,-0.35,-0.21,0.91,-36.95,0.29,-8.77
260,-0.34,-0.17,0.89,-37.76,-10.1,-11.87
261,-0.28,-0.14,0.91,-35.56,-17.79,-16.63
262,-0.2,-0.21,0.95,-28.9,-19.86,-24.6
263,-0.25,-0.24,0.97,-25.69,-21.57,-27.69
264,-0.26,-0.24,0.96,-21.64,-22.85,-27.35
265,-0.26,-0.24,0.91,-19.69,-19.04,-20.68
266,-0.25,-0.22,0.88,-27.82,-11.56,-16.66
267,-0.28,-0.21,0.88,-35.87,-3.56,-11.82
268,-0.26,-0.17,0.89,-40.37,-0.49,-8.65
269,-0.21,-0.17,0.87,-44.2,0.25,-10.39
270,-0.19,-0.17,0.9,-43.37,-2.37,-18.18
271,-0.2,-0.21,0.93,-35.0,-8.53,-21.83
272,-0.19,-0.25,0.92,-28.73,-7.79,-23.18
273,-0.22,-0.28,0.88,-26.21,-8.83,-23.22
274,-0.26,-0.27,0.84,-26.99,-5.95,-19.6
275,-0.25,-0.26,0.81,-33.92,0.81,-11.61
276,-0.21,-0.28,0.82,-37.7,5.36,-7.91
277,-0.24,-0.34,0.85,-37.43,9.4,-8.7
278,-0.29,-0.37,0.86,-31.51,-0.29,-17.48
279,-0.3,-0.41,0.88,-22.6,-8.4,-20.87
280,-0.33,-0.44,0.89,-13.88,-20.62,-18.7
281,-0.32,-0.43,0.84,-7.7,-29.87,-19.25
282,-0.24,-0.41,0.8,-6.5,-32.37,-20.31
283,-0.19,-0.38,0.76,-13.23,-29.16,-24.85
284,-0.15,-0.4,0.74,-20.41,-24.78,-27.57
285,-0.12,-0.46,0.76,-24.98,-14.85,-36.98
286,-0.17,-0.53,0.83,-28.17,-6.47,-43.09
287,-0.23,-0.55,0.89,-31.45,2.4,-40.73
288,-0.29,-0.59,0.92,-32.56,9.36,-34.89
289,-0.38,-0.59,0.97,-27.95,9.14,-24.73
290,-0.39,-0.6,1.0,-19.66,0.63,-21.5
291,-0.35,-0.56,1.0,-8.7,-10.39,-16.53
292,-0.32,-0.5,0.96,-2.72,-17.22,-17.46
293,-0.26,-0.47,0.96,0.59,-23.67,-17.77
294,-0.17,-0.44,0.96,-0.47,-21.5,-20.37
295,-0.09,-0.42,0.96,0.6,-16.57,-20.97
296,-0.08,-0.4,0.96,-1.18,-9.12,-17.9
297,-0.09,-0.39,0.95,-4.99,-4.6,-16.59
298,-0.07,-0.44,0.98,-3.85,-2.25,-13.5
299,-0.09,-0.45,1.01,-1.73,-2.56,-16.98
300,-0.15,-0.44,0.99,-0.2,-6.91,-14.63
301,-0.1,-0.43,0.92,1.89,-7.23,-17.6
302,-0.1,-0.41,0.9,1.44,-11.19,-19.34
303,-0.1,-0.41,0.86,-3.25,-10.38,-18.51
304,-0.07,-0.4,0.84,-10.76,-8.44,-16.67
305,-0.07,-0.4,0.86,-15.89,-2.87,-15.23
306,-0.16,-0.42,0.87,-20.44,-1.5,-13.21
307,-0.16,-0.45,0.84,-21.02,1.15,-13.93
308,-0.2,-0.45,0.84,-22.8,-0.12,-15.21
309,-0.22,-0.44,0.82,-23.89,-2.89,-16.73
310,-0.27,-0.43,0.8,-27.41,-9.53,-22.15
311,-0.26,-0.44,0.78,-29.96,-19.35,-43.31
312,-0.25,-0.41,0.81,-34.91,-33.79,-60.14
313,-0.14,-0.41,0.83,-37.85,-33.24,-38.02
314,0.02,-0.47,0.91,-26.47,-18.21,2.67
315,-0.09,-0.56,0.99,-16.3,-20.73,-8.08
316,0.03,-0.54,0.97,-22.9,-3.05,0.6
317,-0.0,-0.53,0.93,-26.56,8.5,2.15
318,-0.05,-0.52,0.9,-26.11,15.2,-3.46
319,-0.16,-0.47,0.85,-24.74,14.17,-3.79
320,-0.21,-0.45,0.82,-23.24,7.67,0.56
321,-0.24,-0.46,0.82,-25.24,1.43,-1.78
322,-0.25,-0.5,0.84,-24.21,-6.08,-4.87
323,-0.22,-0.53,0.85,-23.95,-9.59,-5.76
324,-0.2,-0.55,0.91,-22.03,-11.55,-12.63
325,-0.21,-0.57,0.92,-18.28,-14.33,-14.89
326,-0.21,-0.55,0.92,-15.66,-18.68,-16.37
327,-0.15,-0.53,0.93,-13.22,-14.22,-14.75
328,-0.12,-0.52,0.94,-10.38,-7.33,-8.52
329,-0.02,-0.55,0.92,-8.73,8.64,-1.1
330,0.02,-0.5,0.87,-10.0,26.63,3.58
331,-0.02,-0.45,0.83,-11.95,39.7,3.36
332,-0.16,-0.46,0.81,-16.21,36.53,-0.44
333,-0.22,-0.49,0.83,-14.45,26.7,-6.46
334,-0.27,-0.49,0.84,-12.55,14.54,-12.24
335,-0.33,-0.51,0.84,-5.16,-3.67,-8.98
336,-0.28,-0.53,0.85,3.69,-14.97,-0.78
337,-0.21,-0.53,0.85,5.3,-13.83,-2.73
338,-0.17,-0.54,0.85,9.07,-10.86,3.05
339,-0.13,-0.5,0.83,9.4,-4.81,12.14
340,-0.14,-0.47,0.79,7.92,-3.24,14.09
341,-0.12,-0.45,0.78,8.02,-7.69,5.59
342,-0.12,-0.42,0.76,3.07,-10.92,1.06
343,-0.14,-0.4,0.76,-0.92,-14.68,-1.14
344,-0.08,-0.4,0.8,-2.96,-11.99,-0.54
345,-0.06,-0.46,0.86,-3.58,-7.38,-2.08
346,-0.02,-0.51,0.92,0.18,-1.84,-1.27
347,-0.02,-0.52,0.92,5.17,7.56,2.1
348,-0.03,-0.46,0.86,8.98,8.87,-1.01
349,-0.05,-0.43,0.82,9.72,7.4,-5.66
350,-0.08,-0.4,0.79,6.73,5.84,-9.23
351,-0.14,-0.4,0.83,1.64,1.65,-12.71
352,-0.16,-0.43,0.84,1.4,1.58,-10.96
353,-0.2,-0.46,0.88,1.05,3.83,-9.75
354,-0.18,-0.47,0.89,1.44,4.06,-1.27
355,-0.15,-0.49,0.9,3.54,7.21,4.29
356,-0.2,-0.51,0.92,5.76,5.45,3.83
357,-0.18,-0.5,0.9,9.26,0.68,5.34
358,-0.19,-0.47,0.88,10.21,-1.56,3.57
359,-0.22,-0.44,0.86,9.96,-7.43,2.84
360,-0.19,-0.42,0.85,8.29,-11.55,-0.66
361,-0.18,-0.43,0.87,5.83,-11.3,-3.68
362,-0.16,-0.44,0.87,4.96,-9.77,-3.76
363,-0.14,-0.45,0.89,4.82,-5.39,-0.33
364,-0.1,-0.44,0.87,5.47,0.44,1.55
365,-0.13,-0.44,0.87,5.22,1.89,0.59
366,-0.16,-0.43,0.85,4.16,-0.2,-2.15
367,-0.17,-0.45,0.86,5.92,-2.65,-0.99
368,-0.21,-0.45,0.89,6.9,-6.79,-2.17
369,-0.21,-0.46,0.89,7.95,-8.85,-2.88
370,-0.21,-0.45,0.88,8.39,-8.24,1.4
371,-0.2,-0.44,0.87,6.63,-3.21,5.48
372,-0.18,-0.43,0.83,5.11,6.11,11.6
373,-0.15,-0.41,0.81,3.69,5.86,14.06
374,-0.16,-0.39,0.79,0.02,6.41,13.02
375,-0.2,-0.36,0.78,-2.66,-2.4,7.37
376,-0.19,-0.37,0.79,-5.02,-10.11,-1.56
377,-0.17,-0.39,0.85,-4.11,-15.69,-6.34
378,-0.2,-0.42,0.89,-3.31,-18.4,-6.26
379,-0.21,-0.44,0.92,-1.07,-18.76,-5.68
380,-0.19,-0.47,0.94,-0.86,-12.31,-1.22
381,-0.17,-0.49,0.95,1.6,-6.66,6.34
382,-0.14,-0.48,0.92,5.05,-2.12,14.34
383,-0.12,-0.43,0.87,4.58,-2.57,15.47
384,-0.12,-0.39,0.83,4.58,-5.08,12.11
385,-0.14,-0.38,0.82,2.44,-11.46,6.4
386,-0.13,-0.38,0.84,0.62,-13.68,1.89
387,-0.14,-0.39,0.88,-1.32,-15.05,-1.08
388,-0.16,-0.42,0.91,0.63,-14.99,2.22
389,-0.13,-0.45,0.93,2.08,-13.89,3.06
390,-0.08,-0.47,0.93,2.73,-5.53,6.5
391,-0.08,-0.45,0.92,4.02,-0.37,8.18
392,-0.08,-0.43,0.9,5.85,1.6,7.26
393,-0.09,-0.41,0.87,5.79,2.4,5.13
394,-0.11,-0.39,0.85,4.59,0.42,3.09
395,-0.14,-0.38,0.83,2.85,-1.41,0.37
396,-0.18,-0.38,0.84,-0.73,-4.87,-1.56
397,-0.17,-0.4,0.87,-2.1,-8.28,-3.71
398,-0.17,-0.42,0.87,-2.73,-8.85,-2.02
399,-0.14,-0.42,0.88,-1.7,-6.9,2.6
