,accel_x,accel_y,accel_z,gyro_x,gyro_y,gyro_z
0,-0.15,-0.41,0.9,4.92,-3.53,2.07
1,-0.16,-0.39,0.86,3.43,-5.4,1.03
2,-0.14,-0.39,0.88,1.73,-1.52,3.07
3,-0.12,-0.39,0.89,0.18,3.27,6.18
4,-0.13,-0.38,0.87,-1.63,5.37,6.05
5,-0.13,-0.38,0.86,-3.7,3.92,4.4
6,-0.14,-0.38,0.87,-4.13,1.85,2.77
7,-0.09,-0.39,0.89,-4.22,5.19,4.67
8,-0.08,-0.42,0.91,-6.21,12.09,4.85
9,-0.13,-0.44,0.94,-3.24,14.48,4.76
10,-0.14,-0.44,0.94,0.94,14.01,5.42
11,-0.15,-0.43,0.92,3.96,9.95,2.98
12,-0.18,-0.41,0.9,4.09,5.39,-0.9
13,-0.21,-0.42,0.91,4.61,0.52,2.3
14,-0.19,-0.4,0.9,5.82,-2.17,5.56
15,-0.19,-0.35,0.87,2.82,-5.58,5.27
16,-0.22,-0.37,0.85,4.63,-9.79,3.03
17,-0.18,-0.38,0.85,3.18,-10.86,2.37
18,-0.18,-0.35,0.85,-0.4,-12.49,3.34
19,-0.17,-0.36,0.85,-3.03,-12.14,3.5
20,-0.16,-0.39,0.89,-3.88,-12.4,1.38
21,-0.15,-0.42,0.93,-1.05,-10.4,2.21
22,-0.14,-0.44,0.93,2.23,-9.5,5.13
23,-0.12,-0.41,0.9,4.52,-10.25,4.88
24,-0.1,-0.38,0.88,4.96,-8.84,2.66
25,-0.1,-0.38,0.87,4.37,-7.26,0.75
26,-0.1,-0.35,0.84,3.26,-8.03,-0.36
27,-0.12,-0.33,0.84,0.88,-7.82,-2.62
28,-0.13,-0.34,0.84,-2.71,-8.6,-3.45
29,-0.13,-0.37,0.89,-4.64,-9.17,-4.23
30,-0.12,-0.38,0.9,-4.85,-8.44,-4.14
31,-0.1,-0.37,0.9,-4.98,-5.16,-4.35
32,-0.1,-0.39,0.92,-3.37,-3.11,-5.11
33,-0.1,-0.4,0.93,-2.4,-0.34,-5.4
34,-0.13,-0.38,0.91,-1.31,2.01,-4.53
35,-0.15,-0.39,0.91,-1.26,1.57,-3.63
36,-0.16,-0.4,0.92,0.11,-1.18,-3.73
37,-0.16,-0.4,0.9,0.98,-4.96,-5.08
38,-0.16,-0.4,0.9,0.7,-3.92,-3.21
39,-0.15,-0.39,0.89,1.16,-3.6,-1.97
40,-0.15,-0.39,0.89,0.4,-2.21,-1.92
41,-0.17,-0.38,0.87,-1.03,-2.11,-1.48
42,-0.18,-0.38,0.87,-2.6,-3.98,-0.75
43,-0.17,-0.39,0.89,-1.56,-4.88,-0.58
44,-0.15,-0.39,0.9,-0.74,-6.37,-1.77
45,-0.13,-0.37,0.9,-0.7,-6.13,-2.54
46,-0.12,-0.37,0.89,-1.68,-4.24,-2.99
47,-0.1,-0.37,0.89,-3.13,-0.39,-1.18
48,-0.12,-0.4,0.91,-2.81,4.29,0.76
49,-0.13,-0.39,0.91,-1.83,5.75,1.53
50,-0.14,-0.38,0.88,-1.89,4.72,0.77
51,-0.17,-0.37,0.86,-3.59,3.23,-0.7
52,-0.17,-0.37,0.87,-2.58,-0.55,-1.73
53,-0.16,-0.36,0.87,-3.1,-3.28,-3.09
54,-0.17,-0.37,0.88,-3.92,-4.6,-2.68
55,-0.17,-0.38,0.89,-3.97,-5.5,-1.04
56,-0.14,-0.38,0.9,-3.31,-6.47,-1.13
57,-0.14,-0.38,0.9,-3.51,-5.8,-2.72
58,-0.14,-0.38,0.9,-3.4,-5.34,-0.27
59,-0.13,-0.4,0.92,-3.19,-2.93,0.37
60,-0.12,-0.41,0.93,-1.34,-1.98,-0.31
61,-0.14,-0.39,0.91,-0.86,-0.35,-0.04
62,-0.15,-0.38,0.9,0.18,-0.27,1.37
63,-0.14,-0.36,0.87,-1.15,-1.6,0.34
64,-0.14,-0.36,0.85,-3.78,-1.6,0.11
65,-0.14,-0.35,0.88,-5.69,-4.07,1.27
66,-0.15,-0.35,0.88,-4.79,-5.27,-1.2
67,-0.13,-0.37,0.9,-5.21,-6.83,-3.59
68,-0.11,-0.39,0.91,-5.69,-5.59,-2.69
69,-0.09,-0.39,0.91,-5.08,-1.56,-2.24
70,-0.09,-0.4,0.94,-2.5,1.33,-1.19
71,-0.09,-0.4,0.93,-0.83,2.06,-1.76
72,-0.11,-0.37,0.9,0.18,1.08,-4.62
73,-0.13,-0.37,0.88,-0.93,0.28,-5.03
74,-0.14,-0.37,0.89,-1.16,0.62,-3.45
75,-0.15,-0.38,0.89,-1.73,-0.32,-2.87
76,-0.15,-0.38,0.9,-2.31,-0.62,-2.8
77,-0.15,-0.37,0.89,-2.6,-1.4,-3.05
78,-0.16,-0.37,0.88,-4.23,-1.96,-2.1
79,-0.16,-0.37,0.89,-5.23,-1.36,-0.56
80,-0.15,-0.37,0.89,-5.22,-2.4,-0.21
81,-0.15,-0.39,0.89,-5.34,-2.34,-0.28
82,-0.14,-0.39,0.9,-5.37,-0.59,1.0
83,-0.11,-0.39,0.9,-2.95,0.49,1.8
84,-0.11,-0.39,0.89,-2.96,0.8,-0.39
85,-0.13,-0.39,0.87,-2.3,-1.36,-1.55
86,-0.13,-0.35,0.86,-2.89,-3.08,-2.28
87,-0.12,-0.36,0.87,-4.37,-4.07,-3.33
88,-0.11,-0.37,0.88,-5.26,-3.44,-5.6
89,-0.09,-0.37,0.9,-6.15,0.11,-5.94
90,-0.11,-0.38,0.91,-6.43,1.91,-5.66
91,-0.14,-0.4,0.92,-6.37,1.91,-5.47
92,-0.15,-0.41,0.95,-4.58,1.05,-4.4
93,-0.16,-0.43,0.94,-1.95,0.18,-1.92
94,-0.15,-0.41,0.93,-0.54,0.13,-0.76
95,-0.13,-0.39,0.91,0.12,-0.02,-1.92
96,-0.15,-0.39,0.9,-0.44,-0.27,-2.08
97,-0.15,-0.39,0.9,-0.76,0.28,-1.36
98,-0.15,-0.38,0.89,-1.49,0.56,-0.33
99,-0.14,-0.39,0.89,-2.97,0.27,-0.86
100,-0.13,-0.39,0.9,-2.43,-0.37,-0.02
101,-0.13,-0.38,0.9,-1.92,0.18,-0.59
102,-0.12,-0.38,0.89,-2.62,-1.02,-2.35
103,-0.13,-0.37,0.91,-2.22,-2.01,-3.16
104,-0.13,-0.38,0.91,-2.34,-2.53,-3.56
105,-0.12,-0.39,0.92,-2.77,-0.47,-2.89
106,-0.14,-0.39,0.92,-1.89,-1.06,-3.18
107,-0.15,-0.4,0.91,-1.15,-1.1,-2.4
108,-0.13,-0.39,0.91,0.23,-1.17,-0.85
109,-0.14,-0.39,0.9,1.29,-2.5,-2.03
110,-0.15,-0.37,0.89,1.03,-4.85,-2.07
111,-0.15,-0.37,0.89,-0.39,-5.46,-2.02
112,-0.15,-0.37,0.9,-1.62,-3.85,-0.89
113,-0.13,-0.39,0.91,-2.5,-3.03,-0.54
114,-0.13,-0.38,0.9,-2.88,-2.76,-1.08
115,-0.13,-0.38,0.91,-1.43,-3.66,-2.53
116,-0.13,-0.38,0.89,-1.73,-4.2,-3.75
117,-0.14,-0.38,0.9,-2.57,-3.01,-2.61
118,-0.12,-0.39,0.92,-1.82,-0.36,-1.31
119,-0.12,-0.4,0.91,-1.19,1.38,-1.26
120,-0.13,-0.38,0.91,-0.8,2.38,-1.6
121,-0.14,-0.39,0.9,-0.08,1.02,-2.59
122,-0.14,-0.38,0.9,-0.47,-0.65,-4.0
123,-0.15,-0.37,0.89,-0.81,-1.33,-4.7
124,-0.14,-0.37,0.89,-2.15,0.98,-3.31
125,-0.13,-0.37,0.89,-2.28,4.07,-2.13
126,-0.14,-0.38,0.89,-2.02,4.24,-2.92
127,-0.15,-0.38,0.89,-2.18,3.83,-3.42
128,-0.17,-0.39,0.9,-0.92,1.95,-3.51
129,-0.17,-0.39,0.9,-0.55,0.99,-1.51
130,-0.17,-0.39,0.9,0.08,1.47,0.85
131,-0.16,-0.37,0.87,0.31,0.47,1.0
132,-0.15,-0.37,0.86,-1.18,0.54,1.47
133,-0.15,-0.37,0.88,-1.34,-0.43,2.14
134,-0.13,-0.37,0.87,-2.02,-0.53,2.12
135,-0.13,-0.36,0.86,-2.1,-0.77,1.02
136,-0.13,-0.35,0.85,-3.0,-2.44,-0.15
137,-0.13,-0.36,0.85,-3.95,-1.42,-0.6
138,-0.13,-0.36,0.86,-3.98,-3.52,-0.69
139,-0.13,-0.34,0.88,-4.79,-4.5,-3.06
140,-0.13,-0.36,0.89,-5.67,-6.08,-4.32
141,-0.12,-0.38,0.93,-4.89,-6.5,-3.97
142,-0.1,-0.39,0.92,-4.38,-3.08,-2.43
143,-0.08,-0.4,0.93,-3.73,2.65,-1.32
144,-0.09,-0.39,0.93,-0.96,4.32,-1.39
145,-0.11,-0.37,0.9,-0.89,5.09,-2.74
146,-0.15,-0.37,0.89,-0.76,3.47,-2.9
147,-0.16,-0.37,0.89,-1.12,0.29,-2.95
148,-0.16,-0.35,0.87,-3.72,-1.72,-2.67
149,-0.15,-0.36,0.88,-5.08,-2.04,-1.5
150,-0.14,-0.37,0.89,-5.45,-2.84,-2.23
151,-0.12,-0.38,0.91,-7.2,-2.13,-2.98
152,-0.11,-0.39,0.92,-6.93,-1.64,-3.31
153,-0.1,-0.4,0.93,-5.42,-1.75,-4.24
154,-0.1,-0.41,0.93,-4.15,-1.24,-4.14
155,-0.1,-0.41,0.94,-1.92,-0.53,-4.07
156,-0.11,-0.41,0.94,-0.46,-0.83,-3.92
157,-0.12,-0.41,0.93,-1.21,0.35,-3.95
158,-0.1,-0.42,0.91,-2.16,3.82,-3.3
159,-0.09,-0.43,0.92,-2.94,8.34,-1.24
160,-0.09,-0.44,0.9,-3.82,13.89,0.5
161,-0.12,-0.43,0.85,-5.46,16.79,1.56
162,-0.17,-0.44,0.81,-9.33,15.66,1.6
163,-0.21,-0.46,0.82,-14.71,15.76,2.34
164,-0.2,-0.47,0.86,-24.23,15.15,8.04
165,-0.24,-0.59,0.91,-26.85,18.85,5.04
166,-0.32,-0.8,1.02,-30.58,20.47,9.62
167,-0.37,-1.0,1.11,-24.37,16.89,15.31
168,-0.39,-1.16,1.12,-14.85,7.55,23.79
169,-0.39,-1.31,1.08,0.47,-5.29,22.02
170,-0.41,-1.4,1.01,12.05,-4.21,30.6
171,-0.38,-1.5,0.91,15.2,8.36,49.5
172,-0.27,-1.59,0.73,2.59,34.89,79.73
173,-0.09,-1.74,0.63,-4.94,59.18,108.09
174,-0.1,-1.79,0.59,-9.15,65.77,120.9
175,-0.2,-1.74,0.5,-10.27,38.0,117.68
176,-0.23,-1.73,0.53,-5.18,-9.15,98.42
177,-0.17,-1.69,0.7,20.89,-68.95,71.09
178,-0.12,-1.5,0.77,62.98,-124.12,53.85
179,0.1,-1.29,0.68,99.74,-160.98,29.9
180,0.41,-1.05,0.58,118.77,-156.5,5.34
181,0.62,-0.85,0.55,120.15,-111.95,-4.76
182,0.66,-0.65,0.58,112.66,-45.24,0.53
183,0.55,-0.43,0.5,98.39,35.9,13.18
184,0.22,-0.23,0.41,85.53,96.72,26.76
185,-0.17,-0.08,0.41,85.12,99.36,27.02
186,-0.49,0.15,0.4,71.64,75.11,22.15
187,-0.59,0.3,0.49,75.15,42.37,20.19
188,-0.56,0.42,0.58,82.27,7.67,12.82
189,-0.41,0.45,0.65,81.79,-17.42,5.31
190,-0.18,0.47,0.75,61.53,-10.2,3.18
191,-0.02,0.46,0.88,48.5,11.67,-3.65
192,0.02,0.55,0.98,40.71,34.89,-7.74
193,-0.08,0.6,1.0,45.46,47.09,-12.12
194,-0.16,0.65,0.97,50.31,60.56,-9.24
195,-0.24,0.73,0.92,50.34,69.35,-5.4
196,-0.4,0.8,0.86,43.83,60.95,-2.08
197,-0.39,0.91,0.86,24.53,45.73,-3.02
198,-0.26,0.92,0.95,7.6,39.47,-6.15
199,-0.1,0.88,1.14,-4.98,49.34,-5.48
200,-0.05,0.82,1.27,-2.28,61.02,3.05
201,-0.09,0.78,1.23,7.02,69.38,11.99
202,-0.13,0.77,1.14,15.19,81.89,23.03
203,-0.15,0.74,0.91,18.83,90.05,24.32
204,-0.35,0.75,0.7,5.73,68.79,7.6
205,-0.57,0.75,0.69,-11.12,30.13,-14.31
206,-0.61,0.68,0.83,-18.82,4.72,-18.38
207,-0.47,0.57,0.95,-15.63,-5.84,-13.06
208,-0.31,0.5,0.98,-12.68,-4.4,-9.89
209,-0.33,0.41,0.97,-8.4,-5.75,-8.89
210,-0.39,0.33,0.92,-5.2,-15.11,-13.41
211,-0.44,0.25,0.89,-3.96,-28.89,-15.77
212,-0.38,0.2,0.87,-10.76,-28.85,-12.73
213,-0.39,0.1,0.88,-20.13,-19.48,-9.17
214,-0.45,-0.0,0.95,-27.91,-6.85,6.42
215,-0.44,-0.05,0.97,-34.08,8.82,22.55
216,-0.45,-0.06,0.98,-33.63,14.36,30.53
217,-0.44,-0.08,0.99,-29.05,9.6,29.31
218,-0.39,-0.1,1.0,-19.29,2.14,24.78
219,-0.32,-0.09,1.0,-7.29,-8.05,14.34
220,-0.28,-0.08,0.97,1.44,-15.2,5.98
221,-0.23,-0.06,0.96,9.49,-17.64,1.95
222,-0.19,0.0,0.91,13.32,-12.85,0.88
223,-0.18,0.07,0.83,5.68,-0.79,5.68
224,-0.21,0.11,0.8,-4.61,11.03,11.33
225,-0.27,0.11,0.8,-12.79,16.2,12.2
226,-0.34,0.06,0.83,-18.24,13.92,10.69
227,-0.36,0.01,0.89,-19.14,5.15,8.79
228,-0.31,-0.03,0.92,-14.26,-7.54,-0.92
229,-0.28,-0.12,0.95,-8.95,-19.63,-16.11
230,-0.34,-0.2,1.01,-1.73,-25.24,-19.74
231,-0.35,-0.21,1.01,5.37,-21.09,-14.17
232,-0.34,-0.19,0.96,5.8,-6.02,-3.72
233,-0.36,-0.16,0.93,1.24,11.35,7.79
234,-0.41,-0.11,0.89,-6.34,22.87,16.57
235,-0.45,-0.1,0.89,-12.9,26.27,22.37
236,-0.48,-0.09,0.89,-14.4,17.38,19.95
237,-0.47,-0.08,0.92,-14.04,1.86,12.7
238,-0.39,-0.08,0.96,-9.79,-11.66,4.29
239,-0.33,-0.08,0.99,-2.65,-20.26,-5.19
240,-0.3,-0.11,0.99,4.68,-22.07,-9.65
241,-0.29,-0.11,0.96,7.37,-19.07,-10.61
242,-0.3,-0.11,0.94,9.26,-13.47,-8.44
243,-0.32,-0.13,0.9,6.44,-2.61,-4.27
244,-0.39,-0.14,0.9,-1.07,0.73,-0.14
245,-0.43,-0.15,0.92,-6.26,-0.31,3.11
246,-0.44,-0.15,0.93,-7.46,-4.18,4.69
247,-0.42,-0.13,0.94,-6.94,-13.11,2.75
248,-0.36,-0.1,0.95,-6.15,-21.12,0.51
249,-0.28,-0.07,0.95,-4.03,-24.14,-1.44
250,-0.2,-0.06,0.95,-0.33,-23.92,-5.5
251,-0.14,-0.04,0.9,-2.04,-18.63,-9.36
252,-0.13,-0.03,0.89,-4.44,-9.58,-11.64
253,-0.15,-0.02,0.85,-9.01,1.84,-9.66
254,-0.27,0.0,0.82,-17.97,6.21,-7.32
255,-0.34,-0.03,0.83,-23.09,2.73,-7.85
256,-0.36,-0.03,0.85,-25.27,-4.27,-8.58
257,-0.32,-0.01,0.87,-24.22,-16.08,-14.1
258,-0.27,-0.0,0.88,-22.89,-26.03,-22.47
259,-0.23,-0.01,0.88,-23.04,-28.53,-25.23
260,-0.23,-0.05,0.88,-23.25,-26.35,-23.9
261,-0.24,-0.1,0.9,-25.6,-13.17,-15.56
262,-0.26,-0.14,0.92,-28.19,2.91,-3.08
263,-0.29,-0.13,0.9,-29.05,13.69,6.24
264,-0.3,-0.11,0.86,-32.09,16.1,6.9
265,-0.33,-0.07,0.84,-33.82,2.84,-4.25
266,-0.32,-0.05,0.84,-31.93,-19.6,-20.28
267,-0.29,-0.03,0.83,-32.62,-37.74,-32.9
268,-0.21,-0.04,0.85,-36.74,-47.27,-38.96
269,-0.14,-0.16,0.91,-39.57,-42.96,-43.99
270,-0.16,-0.27,1.02,-39.18,-22.42,-30.47
271,-0.18,-0.32,1.03,-40.36,11.58,-7.27
272,-0.25,-0.36,1.03,-38.81,33.54,10.01
273,-0.31,-0.34,1.03,-31.85,38.3,14.91
274,-0.36,-0.29,0.99,-24.64,23.2,7.14
275,-0.33,-0.24,0.94,-18.09,2.16,-6.44
276,-0.27,-0.2,0.9,-17.57,-16.43,-23.3
277,-0.19,-0.16,0.87,-18.79,-27.18,-36.47
278,-0.2,-0.17,0.84,-22.17,-29.73,-41.22
279,-0.19,-0.21,0.87,-27.86,-11.6,-32.34
280,-0.25,-0.32,0.86,-34.74,7.2,-19.02
281,-0.25,-0.37,0.86,-36.24,28.89,-4.82
282,-0.35,-0.44,0.89,-35.66,32.47,-0.64
283,-0.47,-0.45,0.94,-28.4,18.98,-2.36
284,-0.47,-0.41,0.92,-19.22,-1.13,-5.37
285,-0.39,-0.34,0.88,-13.44,-22.38,-16.26
286,-0.26,-0.29,0.87,-10.01,-33.62,-25.11
287,-0.2,-0.25,0.84,-12.61,-33.61,-29.76
288,-0.18,-0.22,0.82,-18.03,-20.96,-23.95
289,-0.17,-0.27,0.8,-25.63,-1.84,-16.17
290,-0.22,-0.34,0.8,-33.38,16.6,-7.89
291,-0.27,-0.38,0.83,-37.84,32.95,2.89
292,-0.35,-0.42,0.87,-35.77,35.47,6.94
293,-0.45,-0.42,0.89,-28.9,18.02,-0.66
294,-0.49,-0.38,0.88,-22.53,-6.18,-8.01
295,-0.41,-0.35,0.88,-17.22,-24.65,-14.09
296,-0.26,-0.3,0.88,-13.76,-33.44,-19.0
297,-0.2,-0.28,0.87,-14.53,-31.5,-20.15
298,-0.16,-0.27,0.85,-16.3,-23.66,-18.78
299,-0.12,-0.3,0.85,-19.99,-13.5,-18.25
300,-0.15,-0.37,0.89,-21.02,-1.6,-13.89
301,-0.21,-0.43,0.94,-15.44,4.26,-9.46
302,-0.28,-0.44,0.96,-8.37,4.45,-5.41
303,-0.31,-0.41,0.91,0.71,-2.84,-6.56
304,-0.3,-0.36,0.86,3.73,-13.18,-7.69
305,-0.26,-0.33,0.84,4.59,-20.28,-8.47
306,-0.19,-0.28,0.79,-1.01,-14.25,-5.66
307,-0.11,-0.27,0.75,-12.35,1.25,-1.23
308,-0.09,-0.28,0.73,-25.77,19.05,-0.88
309,-0.15,-0.35,0.78,-36.54,29.9,-1.33
310,-0.2,-0.47,0.9,-35.5,26.08,-8.54
311,-0.27,-0.52,0.98,-24.4,11.47,-19.4
312,-0.33,-0.53,0.97,-8.11,-9.3,-29.16
313,-0.35,-0.51,0.99,6.37,-22.67,-31.91
314,-0.35,-0.44,0.97,16.92,-31.83,-28.36
315,-0.29,-0.37,0.88,17.5,-27.38,-19.85
316,-0.25,-0.3,0.82,10.92,-16.89,-8.64
317,-0.19,-0.27,0.78,0.21,-9.47,-1.89
318,-0.11,-0.24,0.78,-10.68,1.84,-1.12
319,-0.07,-0.27,0.8,-14.53,10.71,-5.35
320,-0.07,-0.27,0.77,-27.76,16.56,-9.55
321,-0.13,-0.31,0.8,-33.56,15.79,-15.0
322,-0.14,-0.35,0.82,-34.5,10.45,-24.59
323,-0.15,-0.41,0.87,-29.79,4.03,-36.02
324,-0.24,-0.54,0.97,-18.04,-2.13,-41.16
325,-0.3,-0.58,0.97,-3.97,-4.77,-35.6
326,-0.33,-0.53,0.93,8.79,-8.78,-27.98
327,-0.36,-0.47,0.88,12.76,-13.52,-20.41
328,-0.32,-0.42,0.84,9.98,-17.38,-12.13
329,-0.24,-0.38,0.83,2.99,-15.6,-5.73
330,-0.11,-0.37,0.85,-4.32,-7.25,-6.26
331,-0.03,-0.4,0.88,-9.86,4.55,-8.39
332,-0.03,-0.43,0.89,-10.36,14.68,-10.5
333,-0.08,-0.46,0.89,-6.33,17.87,-19.44
334,-0.2,-0.49,0.86,-0.6,6.98,-28.42
335,-0.36,-0.46,0.83,4.28,-16.63,-37.53
336,-0.41,-0.44,0.81,6.34,-43.2,-44.31
337,-0.35,-0.43,0.81,3.18,-60.89,-48.03
338,-0.22,-0.44,0.85,-2.66,-63.08,-46.95
339,-0.14,-0.5,0.92,-5.44,-57.54,-45.08
340,-0.06,-0.53,0.92,-5.21,-43.42,-40.53
341,-0.04,-0.5,0.92,-6.18,-29.94,-36.79
342,-0.06,-0.44,0.92,-4.76,-21.46,-36.82
343,-0.08,-0.39,0.91,-6.22,-13.56,-34.94
344,-0.07,-0.43,0.93,-6.4,-6.18,-34.96
345,-0.05,-0.47,0.96,-9.71,5.66,-32.79
346,-0.05,-0.54,0.99,-7.47,16.89,-31.05
347,-0.07,-0.55,0.99,-4.0,23.17,-29.95
348,-0.14,-0.5,0.93,2.91,20.34,-31.11
349,-0.29,-0.45,0.84,7.55,0.4,-36.23
350,-0.37,-0.41,0.79,6.27,-22.06,-40.76
351,-0.44,-0.4,0.82,3.99,-40.23,-38.43
352,-0.37,-0.38,0.81,-2.28,-51.6,-34.78
353,-0.29,-0.41,0.84,-9.52,-44.05,-29.42
354,-0.22,-0.47,0.94,-14.22,-31.73,-18.42
355,-0.17,-0.5,0.98,-14.69,-17.5,-5.3
356,-0.11,-0.5,1.02,-13.21,-1.44,2.47
357,-0.12,-0.48,1.0,-9.68,10.64,5.74
358,-0.16,-0.46,0.98,-7.45,15.58,8.48
359,-0.21,-0.44,0.94,-5.19,14.73,10.79
360,-0.23,-0.41,0.91,-4.5,8.85,16.61
361,-0.22,-0.39,0.87,-5.67,3.18,21.6
362,-0.15,-0.39,0.82,-5.85,0.22,28.81
363,-0.04,-0.37,0.81,-7.07,1.98,31.18
364,0.06,-0.4,0.78,-7.18,10.08,26.07
365,0.14,-0.34,0.78,-11.87,15.53,17.74
366,0.07,-0.28,0.76,-15.96,11.31,-1.9
367,-0.06,-0.31,0.79,-19.58,-1.69,-21.6
368,-0.14,-0.35,0.87,-21.05,-15.01,-31.86
369,-0.22,-0.42,0.95,-18.8,-14.69,-28.07
370,-0.21,-0.49,0.98,-16.6,-5.75,-16.62
371,-0.15,-0.51,1.0,-16.05,10.08,-1.69
372,-0.2,-0.53,1.0,-12.22,18.33,7.08
373,-0.2,-0.49,0.98,-5.97,15.85,12.1
374,-0.22,-0.45,0.95,0.19,3.93,9.15
375,-0.22,-0.44,0.92,3.44,-15.02,5.66
376,-0.17,-0.47,0.95,8.46,-27.81,3.77
377,-0.09,-0.46,0.94,12.95,-31.18,7.14
378,0.03,-0.41,0.9,12.6,-26.53,7.98
379,0.07,-0.38,0.87,9.41,-18.18,2.22
380,0.05,-0.36,0.86,4.57,-6.27,0.29
381,0.01,-0.37,0.86,-0.56,5.46,-0.6
382,-0.07,-0.38,0.86,-2.06,9.5,-0.53
383,-0.1,-0.38,0.83,-4.82,7.69,-2.04
384,-0.12,-0.37,0.83,-6.55,2.27,-4.72
385,-0.15,-0.39,0.85,-8.14,-5.34,-9.53
386,-0.18,-0.43,0.91,-8.26,-10.53,-9.55
387,-0.16,-0.47,0.96,-5.94,-9.57,-3.13
388,-0.12,-0.47,0.96,-2.31,-6.01,5.28
389,-0.05,-0.48,0.97,0.63,4.72,9.89
390,-0.03,-0.48,0.93,4.28,13.1,12.17
391,-0.07,-0.42,0.88,6.81,13.63,12.52
392,-0.08,-0.36,0.83,6.47,10.49,6.69
393,-0.11,-0.33,0.8,1.92,2.73,-2.94
394,-0.14,-0.35,0.82,-2.75,-3.52,-9.43
395,-0.17,-0.38,0.87,-4.61,-5.91,-8.85
396,-0.17,-0.4,0.89,-5.47,-5.79,-5.46
397,-0.15,-0.43,0.93,-7.09,-1.34,-2.47
398,-0.14,-0.45,0.95,-5.76,3.9,1.89
399,-0.1,-0.47,0.95,-2.56,11.26,7.66
