,accel_x,accel_y,accel_z,gyro_x,gyro_y,gyro_z
0,0.11,-0.26,0.96,-3.94,0.15,-10.79
1,0.09,-0.24,0.95,-5.39,0.99,-11.82
2,0.08,-0.25,0.96,-6.73,1.32,-13.51
3,0.11,-0.26,0.97,-7.77,1.5,-17.08
4,0.12,-0.26,0.97,-6.28,2.89,-17.32
5,0.1,-0.26,0.96,-6.4,5.71,-16.1
6,0.07,-0.25,0.96,-7.06,7.81,-14.84
7,0.05,-0.26,0.97,-6.37,6.77,-13.23
8,0.05,-0.27,0.97,-5.08,4.92,-11.29
9,0.06,-0.27,0.95,-5.31,4.91,-9.21
10,0.04,-0.25,0.95,-6.47,4.63,-7.25
11,0.07,-0.25,0.94,-5.41,1.92,-7.95
12,0.08,-0.25,0.95,-4.53,-0.47,-8.1
13,0.07,-0.27,0.95,-4.48,-0.56,-8.0
14,0.09,-0.25,0.95,-4.48,0.76,-6.07
15,0.08,-0.25,0.95,-5.32,1.37,-5.44
16,0.11,-0.25,0.95,-4.14,1.2,-4.88
17,0.1,-0.24,0.94,-4.03,0.76,-6.53
18,0.08,-0.24,0.94,-4.72,2.34,-5.31
19,0.08,-0.24,0.94,-5.4,1.92,-5.83
20,0.09,-0.24,0.94,-5.71,0.85,-5.41
21,0.09,-0.24,0.95,-6.25,1.15,-6.75
22,0.09,-0.25,0.94,-7.29,2.88,-6.67
23,0.07,-0.25,0.95,-7.31,3.02,-4.72
24,0.06,-0.27,0.95,-7.15,2.27,-4.66
25,0.07,-0.27,0.96,-6.54,3.62,-3.34
26,0.05,-0.27,0.96,-5.68,2.32,-1.69
27,0.05,-0.27,0.96,-4.21,-0.24,-0.02
28,0.07,-0.28,0.96,-3.43,-0.99,-0.69
29,0.05,-0.29,0.96,-2.63,-1.21,-1.13
30,0.04,-0.28,0.96,-2.08,-1.44,0.46
31,0.03,-0.28,0.97,-3.74,-2.27,-0.82
32,0.06,-0.28,0.97,-4.47,-1.74,-2.47
33,0.06,-0.29,0.98,-3.18,-0.63,-2.89
34,0.04,-0.29,0.97,-2.49,-0.32,-1.66
35,0.05,-0.28,0.96,-2.37,-0.57,-0.44
36,0.04,-0.27,0.97,-2.01,-1.34,0.46
37,0.05,-0.27,0.96,-2.08,-1.06,-0.2
38,0.07,-0.27,0.97,-2.46,-0.17,-1.08
39,0.09,-0.26,0.95,-1.58,-0.69,-1.55
40,0.09,-0.25,0.95,-2.43,0.49,-3.65
41,0.07,-0.26,0.95,-2.55,-1.03,-4.61
42,0.1,-0.24,0.94,-2.97,-1.53,-5.29
43,0.1,-0.24,0.93,-3.48,-0.2,-4.18
44,0.07,-0.25,0.95,-4.8,0.24,-4.5
45,0.07,-0.26,0.95,-4.73,-0.13,-3.82
46,0.07,-0.26,0.96,-2.38,-0.61,1.41
47,0.06,-0.27,0.96,-3.18,-3.05,-1.01
48,0.09,-0.26,0.96,-4.66,-0.36,-1.73
49,0.08,-0.28,0.96,-3.15,0.07,-1.0
50,0.08,-0.26,0.96,-2.79,-0.82,-0.89
51,0.06,-0.26,0.95,-3.05,0.46,-1.33
52,0.05,-0.28,0.96,-2.76,-1.07,-2.31
53,0.07,-0.27,0.95,-3.05,-1.07,-4.58
54,0.07,-0.25,0.94,-2.76,-0.13,-2.68
55,0.06,-0.25,0.94,-2.89,-0.02,1.07
56,0.05,-0.25,0.94,-4.36,-0.08,-0.12
57,0.07,-0.26,0.94,-5.4,0.23,-1.12
58,0.07,-0.25,0.95,-5.85,-0.34,-1.56
59,0.05,-0.26,0.95,-6.65,-0.04,-2.08
60,0.05,-0.27,0.97,-6.9,-0.44,-2.98
61,0.07,-0.26,0.95,-6.33,-1.16,-2.76
62,0.08,-0.26,0.94,-5.82,-0.63,-2.08
63,0.08,-0.25,0.94,-6.56,-0.42,-3.37
64,0.07,-0.26,0.95,-6.46,-2.88,-2.93
65,0.07,-0.27,0.96,-5.89,-3.4,-2.47
66,0.06,-0.28,0.97,-5.38,-2.6,-1.83
67,0.08,-0.28,0.96,-5.07,-0.64,-0.55
68,0.08,-0.28,0.96,-5.82,1.56,-1.75
69,0.05,-0.28,0.96,-4.82,-0.92,-2.47
70,0.04,-0.28,0.95,-4.95,-0.92,-3.24
71,0.06,-0.28,0.94,-4.66,-0.89,-3.4
72,0.08,-0.26,0.94,-5.95,-0.49,-3.54
73,0.07,-0.26,0.92,-5.89,-0.56,-1.57
74,0.07,-0.26,0.93,-5.92,-0.67,-0.63
75,0.06,-0.27,0.93,-6.32,-0.94,-0.92
76,0.05,-0.28,0.94,-7.14,-1.08,-1.47
77,0.04,-0.29,0.94,-6.98,-1.54,-1.79
78,0.06,-0.29,0.95,-6.53,-1.5,-2.11
79,0.05,-0.29,0.95,-6.44,-2.66,-2.58
80,0.06,-0.28,0.95,-6.25,-3.03,-1.11
81,0.05,-0.29,0.96,-6.26,-3.57,-2.38
82,0.07,-0.3,0.98,-6.14,-3.15,-2.12
83,0.08,-0.31,0.97,-5.52,-1.45,-2.89
84,0.09,-0.31,0.98,-3.85,-1.77,-1.92
85,0.06,-0.31,0.98,-3.39,-2.02,-2.82
86,0.08,-0.3,0.98,-2.82,-2.52,-3.92
87,0.09,-0.29,0.97,-2.24,-0.32,-3.32
88,0.07,-0.29,0.95,-2.54,1.52,-3.21
89,0.05,-0.27,0.94,-3.34,-1.67,-4.47
90,0.06,-0.27,0.94,-4.8,-1.82,-5.48
91,0.07,-0.27,0.94,-4.83,-2.5,-5.46
92,0.07,-0.27,0.93,-5.21,-1.79,-5.63
93,0.07,-0.28,0.94,-6.05,-0.92,-5.82
94,0.09,-0.28,0.96,-4.62,-1.01,-4.44
95,0.08,-0.29,0.94,-2.87,-1.66,-2.52
96,0.07,-0.29,0.96,-3.58,-1.37,-3.07
97,0.06,-0.28,0.95,-3.27,-1.05,-2.6
98,0.08,-0.29,0.94,-3.73,-1.34,-3.95
99,0.08,-0.27,0.94,-3.62,-0.08,-1.25
100,0.06,-0.28,0.92,-4.5,0.0,-0.99
101,0.06,-0.28,0.94,-5.57,-1.31,-2.68
102,0.07,-0.28,0.94,-5.94,-1.05,-4.08
103,0.08,-0.28,0.94,-5.5,-2.44,-4.38
104,0.08,-0.28,0.94,-6.37,-1.87,-6.18
105,0.08,-0.29,0.94,-6.95,-2.02,-6.9
106,0.08,-0.29,0.96,-7.3,-1.28,-9.03
107,0.09,-0.29,0.96,-5.88,-1.71,-7.34
108,0.08,-0.29,0.96,-6.02,0.62,-5.11
109,0.08,-0.29,0.96,-7.03,0.86,-6.25
110,0.07,-0.3,0.96,-6.73,1.0,-6.36
111,0.08,-0.31,0.96,-5.25,-0.18,-4.37
112,0.07,-0.3,0.96,-5.27,-0.04,-5.3
113,0.08,-0.29,0.95,-5.84,-0.02,-6.53
114,0.08,-0.29,0.95,-5.27,1.31,-5.76
115,0.06,-0.28,0.93,-4.73,0.15,-5.08
116,0.06,-0.27,0.92,-6.16,0.56,-5.24
117,0.06,-0.28,0.91,-7.4,1.09,-5.08
118,0.07,-0.28,0.91,-8.87,-0.21,-8.37
119,0.08,-0.28,0.92,-9.29,-0.25,-10.06
120,0.07,-0.3,0.92,-9.41,-1.04,-12.6
121,0.05,-0.33,0.85,0.36,-12.48,-24.26
122,0.09,-0.31,0.94,-9.83,-2.31,-22.27
123,0.13,-0.29,0.92,-9.84,-3.8,-25.7
124,0.15,-0.28,0.92,-9.66,2.23,-23.6
125,0.1,-0.3,0.92,-9.44,2.33,-21.73
126,0.09,-0.31,0.94,-7.53,0.81,-12.25
127,-0.02,-0.28,0.98,-10.67,0.63,-14.01
128,0.03,-0.25,0.98,-9.44,1.22,-14.37
129,0.05,-0.28,0.96,-10.82,-0.15,-11.51
130,0.05,-0.29,0.97,-10.06,-4.06,-10.46
131,0.09,-0.27,0.97,-10.14,-4.6,-8.66
132,0.12,-0.26,0.94,-11.68,-4.51,-7.76
133,0.12,-0.26,0.92,-13.23,-3.98,-5.11
134,0.13,-0.29,0.92,-11.93,-3.33,-0.91
135,0.13,-0.33,0.94,-9.76,-0.19,2.73
136,0.13,-0.35,0.9,-10.34,3.04,5.1
137,0.05,-0.49,0.86,-18.76,6.56,6.82
138,-0.06,-0.83,1.04,-21.97,3.7,13.92
139,-0.15,-1.4,1.23,-14.02,-6.05,13.15
140,-0.29,-2.0,1.45,-5.02,-15.62,-13.95
141,-0.33,-2.0,1.65,8.73,-37.91,-20.55
142,-0.13,-2.0,2.0,14.85,-67.04,7.49
143,0.37,-2.0,2.0,26.12,-61.03,74.65
144,0.83,-2.0,2.0,46.56,-9.01,103.18
145,1.36,-2.0,1.66,106.7,57.74,67.21
146,1.67,-2.0,1.01,172.17,138.8,111.98
147,1.03,-2.0,0.45,220.22,142.71,105.23
148,0.61,-2.0,-0.43,197.92,94.79,121.66
149,0.34,-1.33,-1.5,250.13,12.01,158.47
150,0.54,-0.22,-1.18,199.68,-5.04,142.79
151,0.53,0.67,-1.11,160.54,29.42,134.07
152,-0.05,1.19,-0.41,66.67,22.89,82.93
153,-1.16,0.57,0.52,33.06,-16.85,62.18
154,-0.76,0.01,1.39,109.31,-39.76,149.92
155,0.79,0.39,1.18,136.82,39.54,238.63
156,1.25,1.11,0.92,147.84,146.18,218.57
157,1.07,1.83,0.75,155.15,183.76,206.0
158,0.73,2.0,0.83,134.47,179.26,179.77
159,0.66,2.0,0.67,150.13,126.95,111.95
160,0.94,2.0,0.64,179.99,119.88,81.18
161,1.16,2.0,0.39,206.35,141.79,84.66
162,0.98,2.0,-0.1,204.82,157.86,80.55
163,0.57,2.0,-0.57,178.51,112.76,4.18
164,-0.07,2.0,-0.74,104.17,1.68,-104.67
165,-0.29,2.0,-0.66,17.54,-90.69,-176.97
166,-0.34,2.0,-0.38,-54.9,-121.35,-231.1
167,-0.52,1.21,0.3,-119.57,-117.45,-192.18
168,-0.49,0.44,0.87,-145.8,-88.89,-144.59
169,-0.5,-0.34,1.54,-129.02,-54.92,-89.79
170,-0.49,-0.62,1.83,-91.08,-45.31,-50.31
171,-0.38,-0.69,1.95,-31.18,-42.25,-12.34
172,-0.31,-0.45,1.69,11.5,-36.93,0.66
173,-0.15,-0.15,1.36,28.15,-26.36,4.11
174,-0.05,0.08,1.11,26.89,-19.49,0.09
175,-0.0,0.27,0.92,20.95,-11.99,1.78
176,-0.01,0.38,0.8,7.01,-15.19,-5.34
177,0.08,0.49,0.73,-7.01,-14.22,-13.77
178,0.15,0.53,0.67,-21.39,-8.65,-17.67
179,0.15,0.53,0.72,-40.66,-1.56,-24.3
180,0.12,0.46,0.78,-46.92,8.59,-30.31
181,0.07,0.34,0.87,-52.08,17.87,-26.98
182,0.02,0.26,0.96,-41.71,16.27,-26.04
183,-0.02,0.2,0.97,-33.83,19.2,-23.47
184,-0.0,0.22,0.98,-23.95,22.86,-20.74
185,-0.09,0.21,0.94,-16.23,24.06,-25.2
186,-0.18,0.23,0.89,-15.03,21.82,-28.48
187,-0.19,0.25,0.82,-18.5,21.98,-28.79
188,-0.23,0.21,0.81,-21.45,11.12,-31.9
189,-0.22,0.21,0.82,-24.99,8.84,-28.79
190,-0.23,0.15,0.83,-29.98,2.62,-27.41
191,-0.18,0.11,0.86,-29.62,-5.5,-26.01
192,-0.12,0.08,0.96,-25.24,-3.65,-19.2
193,-0.16,0.04,0.98,-15.6,-6.05,-17.56
194,-0.02,0.09,0.91,-8.06,8.1,-1.86
195,-0.11,0.15,0.91,-3.28,5.91,-10.23
196,-0.12,0.21,0.82,-0.31,8.45,-4.73
197,-0.15,0.24,0.76,-8.21,5.62,-4.84
198,-0.14,0.28,0.72,-24.71,3.66,-3.81
199,-0.18,0.22,0.76,-39.06,1.27,-6.28
200,-0.23,0.16,0.82,-46.82,-11.55,-10.33
201,-0.18,0.12,0.89,-47.18,-17.08,-18.56
202,-0.19,0.05,0.93,-44.07,-25.25,-26.43
203,-0.15,-0.02,0.97,-38.27,-27.11,-24.05
204,-0.1,-0.06,1.02,-35.11,-23.82,-16.9
205,-0.07,-0.05,1.02,-32.6,-16.21,-8.4
206,-0.09,-0.04,1.0,-28.91,-11.61,-5.82
207,-0.11,-0.02,0.96,-28.4,-13.67,-8.53
208,-0.13,0.04,0.98,-31.31,-17.4,-10.93
209,-0.18,0.04,0.9,-25.12,-24.64,-12.98
210,-0.19,0.08,0.84,-33.89,-29.11,-20.4
211,-0.21,0.06,0.79,-48.98,-30.18,-23.69
212,-0.18,0.0,0.79,-62.55,-28.89,-23.98
213,-0.13,-0.09,0.91,-71.47,-18.33,-16.85
214,-0.13,-0.2,1.07,-63.75,-17.75,-9.53
215,-0.06,-0.28,1.17,-42.85,-18.33,-8.69
216,0.02,-0.24,1.18,-15.84,-17.97,3.6
217,0.05,-0.2,1.16,1.34,-18.18,-1.37
218,0.04,-0.13,1.1,10.87,-16.05,-14.5
219,-0.01,-0.04,0.99,8.47,-11.01,-15.57
220,-0.05,0.02,0.93,-5.7,-3.25,-11.21
221,-0.09,0.04,0.9,-20.42,5.37,-6.35
222,-0.12,0.05,0.9,-36.53,7.63,-6.18
223,-0.16,0.04,0.92,-45.42,2.54,-7.22
224,-0.18,0.01,0.98,-45.4,-9.21,-17.06
225,-0.15,-0.01,0.99,-38.02,-23.27,-26.46
226,-0.08,-0.05,1.01,-31.05,-30.12,-28.82
227,-0.02,-0.07,1.01,-29.48,-26.23,-24.73
228,0.0,-0.12,1.03,-27.2,-15.11,-13.77
229,0.03,-0.14,1.03,-28.99,-4.15,-7.37
230,0.02,-0.16,1.05,-27.87,0.57,-7.72
231,-0.02,-0.18,1.09,-21.08,-2.07,-10.25
232,-0.07,-0.16,1.03,-11.79,-10.98,-9.79
233,-0.09,-0.13,1.04,-8.97,-18.39,-21.95
234,-0.09,-0.09,0.98,-9.54,-21.54,-24.62
235,-0.11,-0.08,0.91,-16.27,-16.69,-17.67
236,-0.12,-0.14,0.91,-33.17,-12.63,-4.15
237,-0.09,-0.21,0.99,-37.85,4.08,8.67
238,-0.13,-0.32,1.06,-32.74,15.6,22.53
239,-0.17,-0.38,1.15,-21.18,21.27,39.01
240,-0.1,-0.38,1.14,-14.77,25.0,50.4
241,0.01,-0.32,1.03,-6.77,20.3,40.97
242,0.03,-0.25,0.99,-9.51,21.74,22.24
243,-0.07,-0.25,0.99,-12.31,16.4,5.44
244,-0.15,-0.24,1.02,-11.66,7.26,-0.42
245,-0.19,-0.23,1.01,-8.0,-5.38,1.11
246,-0.12,-0.2,0.99,-8.85,-11.2,1.21
247,-0.05,-0.18,0.96,-14.21,-5.78,0.74
248,-0.08,-0.2,0.96,-15.76,-2.24,3.79
249,-0.08,-0.2,0.98,-16.32,-0.56,5.18
250,-0.05,-0.2,1.0,-17.35,1.72,6.24
251,-0.07,-0.22,1.01,-15.08,0.28,2.15
252,-0.06,-0.21,1.02,-11.21,-1.82,-3.32
253,-0.03,-0.17,1.0,-6.51,-7.65,-7.31
254,-0.04,-0.09,0.94,-6.24,-5.56,-11.96
255,-0.05,-0.08,0.93,-2.44,-0.82,-6.38
256,-0.1,-0.1,0.94,-6.92,-5.87,-5.58
257,-0.08,-0.07,0.92,-8.84,-1.09,-4.46
258,-0.1,-0.08,0.88,-11.12,-3.87,-3.69
259,-0.09,-0.09,0.89,-13.05,-10.02,-6.64
260,-0.07,-0.11,0.93,-14.15,-8.24,-7.34
261,-0.04,-0.14,0.94,-14.56,-7.95,-5.88
262,-0.02,-0.16,0.94,-15.84,-7.58,-8.92
263,-0.05,-0.16,0.98,-14.84,-6.24,-9.32
264,-0.1,-0.18,0.99,-13.4,-11.34,-12.52
265,-0.11,-0.17,0.99,-9.56,-17.31,-12.86
266,-0.08,-0.15,0.97,-9.18,-19.32,-12.86
267,-0.05,-0.14,0.97,-9.28,-20.87,-13.4
268,-0.02,-0.14,0.96,-9.15,-19.27,-14.56
269,-0.0,-0.14,0.94,-11.85,-18.4,-14.15
270,-0.0,-0.13,0.95,-15.78,-15.03,-12.52
271,-0.02,-0.17,0.94,-20.46,-14.18,-13.98
272,-0.01,-0.19,0.97,-23.9,-13.94,-16.82
273,-0.05,-0.23,1.0,-23.66,-13.89,-19.37
274,-0.11,-0.27,1.02,-19.47,-16.11,-17.24
275,-0.12,-0.27,1.05,-14.55,-17.82,-14.24
276,-0.1,-0.25,1.03,-10.99,-16.0,-12.13
277,-0.06,-0.21,0.99,-8.09,-13.75,-7.09
278,-0.04,-0.19,0.95,-10.27,-8.24,-5.6
279,-0.04,-0.17,0.93,-15.03,-3.31,-3.83
280,-0.05,-0.18,0.95,-18.44,0.66,-3.8
281,-0.08,-0.2,0.98,-20.63,-1.97,-5.47
282,-0.07,-0.21,0.97,-20.9,-7.93,-9.1
283,-0.04,-0.2,0.97,-18.21,-11.76,-13.31
284,-0.04,-0.21,0.97,-16.06,-15.41,-18.37
285,-0.07,-0.22,0.99,-15.61,-12.22,-16.01
286,-0.09,-0.21,0.97,-13.98,-9.81,-11.09
287,-0.11,-0.23,0.94,-14.28,-5.77,-2.13
288,-0.14,-0.3,1.0,-11.34,6.22,14.46
289,-0.2,-0.35,1.03,-7.67,16.31,32.6
290,-0.27,-0.38,1.01,-6.05,14.35,43.32
291,-0.21,-0.35,0.94,-7.75,5.49,42.65
292,-0.08,-0.29,0.88,-13.82,-5.04,24.12
293,0.12,-0.24,0.85,-17.92,-18.09,-0.89
294,0.2,-0.25,0.92,-18.7,-12.47,-23.02
295,0.08,-0.32,0.98,-19.0,-4.2,-29.57
296,-0.04,-0.35,0.99,-15.22,2.51,-17.22
297,-0.04,-0.33,0.95,-16.53,11.21,-5.07
298,-0.02,-0.31,0.92,-21.63,17.2,-1.18
299,-0.04,-0.29,0.92,-23.75,19.98,-2.05
300,-0.09,-0.31,0.91,-19.35,11.19,-3.64
301,-0.14,-0.4,0.89,-20.69,2.53,-11.53
302,0.05,-0.22,0.93,-27.7,0.2,-7.99
303,0.05,-0.29,0.89,-22.73,-1.58,-18.55
304,0.01,-0.32,0.9,-18.08,-5.83,-21.11
305,0.02,-0.36,0.96,-11.98,-1.92,-15.49
306,0.02,-0.34,0.94,-8.06,-3.31,-13.46
307,0.02,-0.34,0.92,-2.56,-3.61,-10.09
308,-0.02,-0.31,0.89,1.53,-7.92,-8.98
309,-0.06,-0.3,0.88,5.18,-16.02,-5.69
310,0.02,-0.24,0.86,5.68,-19.73,-6.63
311,0.01,-0.25,0.76,-0.69,-19.84,-9.47
312,0.07,-0.22,0.83,-6.69,-13.71,-8.18
313,0.05,-0.25,0.88,-11.92,-12.96,-11.05
314,0.08,-0.25,0.92,-15.27,-9.87,-12.23
315,0.07,-0.26,0.97,-16.27,-4.36,-9.76
316,0.04,-0.25,0.99,-16.49,-1.71,-6.79
317,-0.03,-0.27,0.98,-18.52,-3.57,-7.89
318,-0.03,-0.3,1.0,-18.66,-4.45,-5.08
319,-0.05,-0.3,1.03,-17.18,-6.61,-4.34
320,-0.05,-0.33,1.05,-17.27,-7.92,-6.1
321,-0.09,-0.31,1.05,-16.21,-13.75,-7.89
322,-0.11,-0.32,1.11,-14.3,-20.08,-8.6
323,-0.16,-0.35,1.13,-7.04,-30.46,-7.44
324,-0.1,-0.39,1.14,-0.96,-37.37,-2.47
325,0.05,-0.38,1.12,4.79,-36.01,-0.62
326,0.18,-0.4,1.08,8.12,-28.18,-2.89
327,0.26,-0.36,1.03,12.75,-15.11,-0.33
328,0.23,-0.34,0.96,13.53,-3.86,0.38
329,0.19,-0.3,0.92,10.83,1.49,-0.87
330,0.14,-0.28,0.87,9.35,6.11,-3.62
331,0.05,-0.28,0.86,4.59,8.02,-7.15
332,-0.02,-0.27,0.9,-0.2,6.67,-3.94
333,-0.09,-0.29,0.91,0.56,0.73,-2.36
334,-0.13,-0.28,0.92,1.37,-2.7,3.18
335,-0.13,-0.26,0.92,3.69,-8.96,9.47
336,-0.11,-0.24,0.91,7.16,-10.53,16.7
337,-0.07,-0.22,0.87,10.43,-12.59,20.94
338,-0.02,-0.17,0.87,9.08,-15.15,23.48
339,0.04,-0.15,0.85,7.92,-17.01,23.98
340,0.08,-0.13,0.84,4.86,-18.96,20.21
341,0.14,-0.12,0.83,3.93,-23.5,10.67
342,0.22,-0.13,0.83,-2.21,-18.41,0.05
343,0.59,-0.29,0.88,37.51,14.69,13.47
344,0.2,-0.23,0.83,-11.05,-4.84,-13.56
345,0.16,-0.25,0.85,-22.93,6.54,-15.74
346,0.16,-0.31,0.95,-24.58,22.41,-7.37
347,0.07,-0.37,1.03,-24.18,30.87,-2.73
348,-0.01,-0.38,1.03,-20.98,36.94,1.02
349,-0.05,-0.38,1.0,-19.03,37.27,6.6
350,-0.07,-0.36,1.01,-21.15,35.18,7.47
351,-0.05,-0.39,1.02,-17.04,34.51,11.57
352,0.01,-0.44,1.01,-10.07,35.14,14.5
353,-0.03,-0.28,0.98,-19.4,28.74,1.71
354,0.01,-0.39,1.02,-12.94,33.04,-4.42
355,0.03,-0.34,1.03,-5.4,39.15,11.75
356,-0.02,-0.27,0.97,-22.04,23.28,-29.02
357,-0.13,-0.4,1.04,-5.33,27.95,-20.73
358,-0.17,-0.35,1.06,-17.47,23.39,-25.05
359,-0.13,-0.32,1.06,-3.57,21.76,-18.77
360,-0.17,-0.34,1.0,-6.79,26.66,-16.46
361,-0.18,-0.3,0.96,-1.76,23.63,-10.82
362,-0.19,-0.25,0.93,-3.53,23.08,-7.07
363,-0.2,-0.23,0.89,-3.53,18.98,-9.09
364,-0.21,-0.23,0.87,-6.65,13.12,-8.87
365,-0.19,-0.22,0.88,-6.83,4.96,-11.53
366,-0.16,-0.22,0.87,-9.89,0.18,-13.63
367,-0.13,-0.22,0.89,-12.15,-3.34,-18.56
368,-0.1,-0.24,0.9,-13.13,-3.11,-19.01
369,-0.1,-0.28,0.93,-13.3,-2.98,-18.63
370,-0.12,-0.32,0.96,-10.04,-4.33,-14.27
371,-0.08,-0.31,0.97,-6.31,-8.65,-12.31
372,-0.03,-0.28,0.96,-6.53,-9.74,-14.02
373,0.06,-0.27,0.95,-7.49,-7.97,-21.33
374,0.1,-0.25,0.95,-10.03,-0.39,-25.56
375,0.07,-0.29,0.92,-6.07,3.1,-29.0
376,0.06,-0.29,0.97,-11.73,14.54,-25.61
377,0.04,-0.3,0.94,-9.39,15.68,-28.47
378,0.01,-0.32,0.96,-15.76,24.57,-26.65
379,-0.04,-0.33,0.95,-17.19,30.38,-15.71
380,-0.12,-0.36,0.94,-11.9,22.02,-15.69
381,-0.12,-0.35,0.95,-12.29,17.29,-11.27
382,-0.15,-0.35,0.95,-9.83,10.53,-13.31
383,-0.16,-0.34,0.94,-8.15,4.18,-9.48
384,-0.13,-0.35,0.93,-5.53,-1.08,-7.11
385,-0.1,-0.34,0.95,-4.86,-2.11,-5.24
386,-0.08,-0.36,0.96,-3.26,-0.97,-5.03
387,-0.08,-0.36,0.99,-1.02,-0.15,-3.47
388,-0.05,-0.34,0.96,0.17,-0.27,-4.34
389,-0.05,-0.33,0.96,0.76,0.14,-3.47
390,-0.05,-0.32,0.96,-1.26,3.73,-5.53
391,-0.07,-0.33,0.96,-3.06,7.4,-8.79
392,-0.06,-0.33,0.95,-0.88,6.15,-3.32
393,-0.07,-0.31,0.93,-0.47,5.29,-2.4
394,-0.09,-0.3,0.91,-1.37,4.01,-1.59
395,-0.1,-0.31,0.9,-1.83,2.18,-1.05
396,-0.1,-0.3,0.9,-1.61,-0.05,-0.11
397,-0.09,-0.3,0.89,-0.66,-2.96,1.13
398,-0.07,-0.3,0.9,-2.01,-3.34,0.18
399,-0.1,-0.31,0.89,-0.87,-6.29,-0.59
