,accel_x,accel_y,accel_z,gyro_x,gyro_y,gyro_z
0,0.08,-0.21,0.95,-1.27,-3.47,-2.71
1,0.07,-0.23,0.95,-2.26,-3.18,-3.03
2,0.08,-0.22,0.95,-2.5,-2.93,-2.08
3,0.08,-0.22,0.94,-3.19,-1.05,-2.25
4,0.06,-0.22,0.93,-4.02,0.21,-2.76
5,0.04,-0.23,0.95,-3.46,0.15,-2.16
6,0.02,-0.23,0.96,-2.92,-2.69,-0.79
7,0.03,-0.23,0.96,-2.38,-5.11,-1.62
8,0.05,-0.23,0.96,-2.49,-6.77,-2.4
9,0.05,-0.23,0.96,-3.69,-6.89,-3.71
10,0.07,-0.24,0.97,-3.79,-6.48,-2.66
11,0.06,-0.25,0.99,-3.26,-7.01,-4.44
12,0.07,-0.25,0.99,-1.86,-7.44,-4.47
13,0.1,-0.26,0.99,-1.53,-7.13,-4.91
14,0.09,-0.25,0.99,-1.21,-9.68,-7.27
15,0.1,-0.23,0.97,0.66,-10.27,-7.13
16,0.09,-0.23,0.98,0.8,-10.61,-10.05
17,0.09,-0.25,0.98,0.95,-12.13,-12.71
18,0.1,-0.24,0.96,1.08,-10.37,-12.84
19,0.1,-0.24,0.95,1.26,-8.62,-13.04
20,0.08,-0.23,0.95,-0.12,-7.34,-12.79
21,0.07,-0.24,0.95,-1.44,-7.71,-13.04
22,0.09,-0.24,0.97,-0.3,-8.76,-14.16
23,0.09,-0.23,0.96,0.95,-9.24,-15.74
24,0.06,-0.22,0.95,0.62,-9.02,-15.22
25,0.05,-0.21,0.96,0.04,-10.32,-13.49
26,0.07,-0.22,0.97,0.03,-11.09,-12.38
27,0.08,-0.22,0.98,0.52,-9.18,-9.12
28,0.08,-0.22,0.97,1.21,-9.3,-5.82
29,0.1,-0.21,0.95,-0.23,-5.93,-4.11
30,0.1,-0.2,0.94,-1.37,-6.06,-3.56
31,0.12,-0.22,0.96,-1.61,-5.43,-4.47
32,0.12,-0.22,0.96,-1.26,-4.99,-5.18
33,0.12,-0.22,0.96,-1.06,-4.95,-5.21
34,0.11,-0.22,0.96,-1.44,-5.15,-5.65
35,0.08,-0.23,0.96,-1.37,-6.22,-5.85
36,0.11,-0.23,0.97,-2.15,-5.17,-6.76
37,0.11,-0.24,0.98,-1.15,-4.69,-6.37
38,0.12,-0.25,0.99,-0.38,-2.52,-5.18
39,0.12,-0.23,0.96,0.08,0.22,-3.34
40,0.11,-0.21,0.95,-0.76,1.66,-2.42
41,0.08,-0.2,0.93,-2.05,2.02,-1.65
42,0.08,-0.22,0.94,-2.6,0.6,-1.2
43,0.09,-0.21,0.94,-2.24,-1.84,-2.13
44,0.1,-0.21,0.95,-2.82,-3.99,-5.82
45,0.11,-0.21,0.96,-2.98,-4.69,-7.17
46,0.12,-0.21,0.97,-3.18,-4.37,-7.19
47,0.12,-0.21,0.96,-3.82,-2.49,-6.98
48,0.12,-0.21,0.97,-4.57,-2.33,-7.22
49,0.12,-0.22,0.97,-4.27,-3.52,-7.5
50,0.13,-0.23,0.98,-3.92,-2.8,-8.62
51,0.12,-0.24,0.98,-3.37,-2.05,-8.69
52,0.12,-0.23,0.98,-2.14,-0.09,-7.02
53,0.1,-0.22,0.97,-2.37,2.02,-3.84
54,0.1,-0.21,0.96,-2.39,1.75,-1.03
55,0.11,-0.21,0.95,-3.25,0.95,-1.9
56,0.1,-0.21,0.94,-2.74,-1.17,-2.99
57,0.09,-0.21,0.94,-3.39,-0.99,-2.57
58,0.1,-0.21,0.93,-4.26,-1.71,-2.63
59,0.09,-0.21,0.93,-5.21,-3.08,-3.63
60,0.09,-0.2,0.95,-6.35,-3.79,-3.51
61,0.12,-0.21,0.95,-7.74,-3.47,-3.97
62,0.14,-0.22,0.96,-7.53,-1.23,-3.6
63,0.13,-0.24,0.97,-6.73,0.74,-3.0
64,0.11,-0.24,0.97,-6.74,1.37,-2.94
65,0.11,-0.23,0.97,-6.88,0.9,-4.21
66,0.12,-0.24,0.97,-6.62,-0.21,-5.13
67,0.12,-0.23,0.97,-6.26,-0.19,-4.37
68,0.11,-0.23,0.97,-6.9,0.92,-4.64
69,0.1,-0.23,0.97,-7.7,0.94,-4.83
70,0.11,-0.25,0.98,-6.51,-0.4,-4.9
71,0.12,-0.25,0.98,-4.81,-1.87,-6.4
72,0.13,-0.25,0.97,-3.64,-0.93,-7.03
73,0.12,-0.23,0.96,-3.52,-0.42,-6.62
74,0.11,-0.22,0.97,-4.91,-0.11,-6.79
75,0.12,-0.23,0.96,-5.24,1.76,-4.87
76,0.12,-0.23,0.95,-5.34,2.98,-4.47
77,0.1,-0.22,0.95,-6.08,2.91,-4.4
78,0.09,-0.21,0.94,-7.02,1.12,-5.64
79,0.08,-0.22,0.93,-7.55,-0.65,-6.26
80,0.09,-0.21,0.94,-8.07,-0.73,-5.43
81,0.11,-0.22,0.95,-7.76,-0.04,-3.91
82,0.13,-0.22,0.95,-7.19,1.58,-2.11
83,0.13,-0.22,0.94,-7.4,3.55,-1.62
84,0.1,-0.22,0.93,-8.95,3.18,-2.79
85,0.11,-0.22,0.93,-9.62,1.82,-4.5
86,0.11,-0.24,0.95,-9.96,0.81,-6.28
87,0.1,-0.25,0.96,-9.76,-0.13,-7.61
88,0.09,-0.25,0.97,-9.88,-1.76,-8.09
89,0.09,-0.25,0.96,-10.63,-1.47,-9.02
90,0.09,-0.26,0.97,-10.55,-1.75,-6.52
91,0.09,-0.27,0.98,-10.68,-1.02,-5.7
92,0.11,-0.29,0.99,-9.58,-1.22,-6.44
93,0.12,-0.29,0.98,-7.4,-1.44,-4.6
94,0.11,-0.29,0.99,-6.33,-0.33,-4.48
95,0.11,-0.29,0.99,-5.34,-0.74,-4.48
96,0.11,-0.28,0.98,-4.08,-0.15,-5.07
97,0.1,-0.27,0.98,-2.78,-0.03,-4.31
98,0.1,-0.26,0.97,-2.73,-0.15,-4.31
99,0.1,-0.25,0.97,-2.52,-2.19,-6.52
100,0.12,-0.24,0.97,-2.17,-1.15,-6.87
101,0.11,-0.23,0.95,-1.7,0.23,-5.55
102,0.1,-0.23,0.94,-2.8,1.43,-4.71
103,0.1,-0.23,0.93,-4.05,2.09,-4.26
104,0.08,-0.23,0.94,-4.81,0.66,-4.49
105,0.1,-0.24,0.93,-3.51,0.56,-3.65
106,0.1,-0.23,0.93,-5.78,-0.94,-4.79
107,0.12,-0.23,0.92,-5.85,-0.77,-4.48
108,0.11,-0.23,0.92,-7.45,0.34,-4.9
109,0.1,-0.23,0.93,-8.45,-0.1,-4.97
110,0.11,-0.24,0.94,-9.05,-0.87,-6.47
111,0.11,-0.24,0.94,-8.68,0.02,-4.76
112,0.09,-0.25,0.95,-8.84,-1.05,-5.19
113,0.08,-0.26,0.94,-8.71,-2.44,-5.34
114,0.1,-0.27,0.95,-8.51,-2.56,-4.4
115,0.11,-0.27,0.96,-8.02,-1.88,-3.9
116,0.11,-0.26,0.95,-8.21,-0.08,-2.86
117,0.1,-0.25,0.95,-8.78,0.11,-2.35
118,0.11,-0.25,0.95,-10.11,-0.1,-3.44
119,0.1,-0.26,0.96,-10.18,-0.74,-3.95
120,0.11,-0.27,0.97,-10.3,-1.15,-4.27
121,0.12,-0.27,0.97,-9.51,0.15,-2.19
122,0.12,-0.27,0.97,-10.31,0.7,-3.51
123,0.12,-0.26,0.97,-10.46,0.74,-4.8
124,0.11,-0.29,0.98,-10.04,0.39,-6.0
125,0.13,-0.3,0.98,-8.35,1.43,-5.21
126,0.13,-0.3,0.98,-7.36,3.38,-5.42
127,0.1,-0.29,0.97,-6.12,1.79,-5.5
128,0.08,-0.28,0.96,-5.44,0.6,-4.89
129,0.09,-0.28,0.96,-4.85,-1.02,-4.89
130,0.11,-0.29,0.96,-3.92,-0.56,-4.01
131,0.1,-0.28,0.95,-3.53,-1.02,-3.74
132,0.1,-0.27,0.94,-3.49,-1.4,-2.46
133,0.09,-0.27,0.96,-3.85,-0.72,-2.85
134,0.11,-0.25,0.95,-4.21,-0.63,-2.8
135,0.12,-0.25,0.94,-5.23,0.57,-3.39
136,0.1,-0.23,0.94,-5.85,2.01,-2.47
137,0.1,-0.21,0.94,-6.98,1.79,-1.27
138,0.1,-0.21,0.93,-8.76,1.98,-1.3
139,0.12,-0.21,0.93,-9.41,1.08,-0.57
140,0.16,-0.22,0.91,-11.47,3.44,0.96
141,0.21,-0.23,0.89,-15.95,12.95,4.0
142,0.17,-0.36,0.9,-23.95,23.42,10.71
143,0.14,-0.81,1.03,-22.97,28.31,21.14
144,0.09,-1.63,1.12,11.31,22.28,23.32
145,0.05,-2.0,1.25,61.99,19.23,9.3
146,0.26,-2.0,1.83,72.27,3.67,2.12
147,0.47,-2.0,2.0,103.81,-22.0,33.9
148,1.05,-2.0,1.96,84.66,19.22,53.11
149,1.6,-2.0,1.73,106.63,104.98,60.9
150,1.36,-2.0,1.66,128.96,175.3,77.92
151,0.82,-2.0,1.25,140.5,211.5,75.87
152,0.27,-2.0,0.64,123.07,162.27,71.6
153,0.08,-2.0,0.02,90.6,73.77,47.09
154,0.64,-2.0,-0.41,112.93,99.99,67.47
155,0.4,-1.22,-0.56,146.5,53.23,32.28
156,-0.02,0.06,-0.58,146.54,32.19,36.15
157,-0.55,1.14,-0.17,135.27,15.24,54.46
158,-0.5,2.0,0.07,69.8,59.04,133.19
159,0.38,2.0,0.19,47.94,146.11,184.56
160,0.51,2.0,0.24,15.67,162.5,152.69
161,0.57,2.0,0.49,-13.33,137.44,67.34
162,0.5,2.0,1.06,28.7,97.0,-0.77
163,0.17,2.0,1.24,55.52,56.93,-43.56
164,-0.3,2.0,1.12,98.07,67.27,-50.73
165,-0.89,2.0,0.86,123.58,58.99,-41.61
166,-1.18,2.0,0.43,131.2,27.02,-46.56
167,-1.05,2.0,0.18,110.09,-4.51,-54.82
168,-0.83,1.98,0.16,85.88,-23.4,-55.65
169,-0.68,1.76,0.12,66.17,-40.4,-54.05
170,-0.62,1.61,0.15,38.63,-36.05,-40.78
171,-0.63,1.39,0.19,2.8,-31.88,-26.06
172,-0.65,1.21,0.41,-12.47,-51.89,-22.61
173,-0.53,0.95,0.62,-29.47,-55.85,-8.15
174,-0.46,0.75,0.79,-35.69,-51.06,9.52
175,-0.43,0.6,0.99,-43.76,-60.73,17.54
176,-0.19,0.42,0.93,-38.51,-56.77,23.94
177,-0.02,0.32,0.93,-35.28,-59.82,19.28
178,0.1,0.23,0.94,-16.24,-61.56,0.85
179,0.2,0.22,0.97,-31.51,-51.15,-2.11
180,0.15,0.12,1.07,-23.66,-51.23,-3.64
181,0.19,0.12,1.05,-25.94,-39.1,1.2
182,0.16,0.11,1.02,-21.82,-29.27,1.78
183,0.1,0.08,0.98,-17.17,-15.15,-3.94
184,-0.02,0.09,0.96,-19.79,-14.69,-6.2
185,-0.12,0.07,0.91,-12.04,-23.17,-7.91
186,-0.14,0.07,0.87,-2.26,-29.5,-17.79
187,-0.11,0.12,0.84,-7.49,-34.32,-11.85
188,-0.07,0.12,0.77,-11.92,-31.5,-12.26
189,-0.1,0.12,0.76,-21.15,-29.65,-10.6
190,-0.08,0.08,0.81,-29.97,-28.65,-12.08
191,-0.05,0.02,0.9,-29.83,-25.93,-7.06
192,-0.02,-0.05,0.99,-27.75,-22.18,-7.9
193,0.05,-0.04,1.04,-25.65,-22.33,-14.89
194,0.07,-0.05,1.06,-19.77,-16.76,-20.92
195,0.02,-0.07,1.18,-10.21,-10.67,-20.85
196,-0.14,-0.02,1.03,-4.16,-14.98,-19.93
197,-0.18,0.01,0.98,-1.59,-24.85,-16.11
198,-0.13,0.08,0.89,-8.02,-28.53,-12.71
199,-0.03,0.12,0.84,-18.6,-25.89,-10.86
200,-0.01,0.1,0.9,-30.34,-20.48,-13.85
201,0.08,0.09,0.96,-29.0,-20.68,-14.99
202,0.11,0.03,1.0,-22.51,-20.34,-17.67
203,0.09,0.02,1.01,-17.27,-19.01,-16.73
204,0.07,-0.01,1.0,-13.44,-18.49,-16.5
205,0.01,-0.03,1.01,-10.05,-17.02,-9.06
206,-0.05,-0.03,1.0,-16.07,-18.44,-4.92
207,-0.08,-0.01,0.92,-24.78,-19.34,-5.23
208,-0.07,-0.01,0.91,-39.15,-17.85,-3.5
209,-0.01,-0.05,0.97,-44.5,-11.61,-2.14
210,-0.03,-0.09,1.02,-44.53,-13.69,-4.51
211,-0.05,-0.13,1.05,-36.82,-20.85,-9.27
212,-0.06,-0.18,1.11,-17.32,-27.79,-6.92
213,0.0,-0.18,1.13,0.41,-31.53,-2.0
214,0.12,-0.11,1.04,3.95,-20.97,3.5
215,0.11,-0.02,0.92,-0.92,-9.42,3.39
216,-0.04,0.05,0.85,-18.89,-6.29,1.72
217,-0.07,0.05,0.85,-33.73,1.29,8.77
218,-0.12,-0.01,0.9,-44.79,0.88,8.78
219,-0.16,-0.03,0.95,-49.17,-8.96,3.37
220,-0.15,-0.11,0.99,-44.69,-26.55,-3.47
221,-0.03,-0.2,1.07,-26.32,-34.5,-2.68
222,0.12,-0.23,1.11,-23.12,-33.15,-5.87
223,0.21,-0.22,1.1,-13.43,-23.27,-10.22
224,0.18,-0.19,1.04,-8.0,-16.48,-7.11
225,0.14,-0.18,1.04,-12.79,-5.82,-3.24
226,0.03,-0.19,1.05,-13.93,-9.13,-0.6
227,0.01,-0.16,1.05,-18.4,-0.89,4.47
228,-0.03,-0.14,1.03,-23.27,-2.31,-2.24
229,-0.04,-0.13,1.03,-14.94,-13.44,-3.97
230,0.03,-0.1,1.0,-12.18,-16.18,-7.49
231,0.1,-0.07,0.99,-6.95,-20.88,-7.19
232,0.11,-0.08,1.01,-3.98,-15.13,-9.02
233,0.11,-0.08,1.0,-1.5,-13.32,-6.73
234,0.08,-0.07,0.95,0.23,-10.76,-1.79
235,0.02,-0.04,0.87,-5.69,-7.15,1.59
236,0.02,-0.05,0.87,-20.31,-2.79,3.31
237,0.02,-0.13,0.95,-27.1,-6.22,0.15
238,0.03,-0.17,1.0,-27.33,-11.41,-2.98
239,0.02,-0.19,1.04,-24.06,-15.33,-6.92
240,0.05,-0.21,1.07,-16.87,-17.67,-7.24
241,0.08,-0.18,1.06,-10.24,-8.08,-1.91
242,0.04,-0.18,1.07,-5.48,-11.71,1.27
243,0.07,-0.19,1.0,-6.89,-23.07,9.79
244,0.02,-0.14,0.95,-9.42,-2.98,11.43
245,0.1,-0.15,0.97,-15.57,-2.99,11.98
246,0.13,-0.12,0.96,-20.75,10.39,7.95
247,0.13,-0.13,0.96,-26.15,11.26,2.61
248,0.11,-0.16,1.0,-28.94,5.85,-5.77
249,0.06,-0.19,1.03,-26.49,3.2,-14.21
250,-0.0,-0.2,1.06,-19.23,-4.05,-15.16
251,-0.02,-0.21,1.04,-12.49,-9.28,-13.38
252,-0.02,-0.21,1.06,-7.26,-6.76,-6.55
253,0.03,-0.17,1.01,-6.04,-1.79,-1.21
254,0.01,-0.11,0.96,-6.9,0.26,3.64
255,0.01,-0.04,0.9,-8.19,-0.39,1.95
256,-0.01,0.01,0.91,-23.59,-15.54,0.5
257,0.08,-0.06,0.9,-14.6,-9.88,-7.44
258,0.11,-0.11,0.95,-16.53,-12.51,-13.13
259,0.13,-0.14,0.98,-12.53,-4.92,-9.76
260,0.03,-0.21,1.0,-5.35,-3.23,-5.79
261,0.07,-0.17,1.01,-12.59,2.21,-5.66
262,0.01,-0.16,0.98,-6.97,-3.63,-4.48
263,0.02,-0.14,0.97,-10.2,-4.53,-3.89
264,0.04,-0.11,0.94,-14.15,-3.31,-2.98
265,0.12,-0.13,0.98,-16.34,-1.09,1.43
266,0.02,-0.12,0.94,-19.85,-3.14,-4.06
267,0.01,-0.15,0.94,-17.46,-8.98,-1.95
268,0.01,-0.15,0.96,-18.45,-13.45,-10.37
269,0.01,-0.14,0.95,-20.12,-15.04,-10.75
270,0.02,-0.17,0.97,-22.9,-12.67,-6.32
271,0.05,-0.19,1.0,-21.27,-11.31,-7.44
272,0.1,-0.21,1.01,-20.21,-10.49,-6.22
273,0.08,-0.23,1.03,-13.02,-13.89,-7.56
274,0.11,-0.25,1.03,-9.13,-13.15,-9.68
275,0.12,-0.24,1.04,-5.79,-15.54,-13.99
276,0.15,-0.2,1.01,-9.18,-12.42,-16.21
277,0.15,-0.16,0.96,-13.18,-6.73,-12.56
278,0.12,-0.15,0.95,-18.96,-2.42,-9.6
279,0.1,-0.2,0.97,-21.79,0.32,-6.81
280,0.11,-0.25,0.99,-25.77,6.03,-4.14
281,0.1,-0.27,1.02,-27.95,6.28,-5.02
282,0.09,-0.29,1.04,-28.7,10.37,-3.6
283,0.03,-0.33,1.08,-18.85,8.6,-1.95
284,0.02,-0.3,1.05,-17.8,-3.53,-7.05
285,0.03,-0.28,1.01,-17.93,2.45,-4.02
286,-0.03,-0.28,0.98,-16.12,0.22,-5.21
287,-0.03,-0.23,0.97,-22.13,3.45,6.92
288,0.01,-0.19,0.92,-24.27,2.93,15.34
289,0.02,-0.16,0.87,-27.79,4.31,19.71
290,0.02,-0.16,0.84,-29.44,-1.76,19.84
291,0.12,-0.17,0.86,-25.85,-17.28,11.13
292,0.23,-0.23,0.94,-27.21,-9.56,0.66
293,0.16,-0.29,0.98,-22.31,-6.43,-1.07
294,0.1,-0.3,0.97,-18.55,-6.33,-3.99
295,0.1,-0.27,0.92,-14.8,-5.34,-5.56
296,0.03,-0.26,0.89,-16.52,-4.64,-3.47
297,0.0,-0.28,0.92,-16.02,-10.6,0.61
298,0.03,-0.36,0.94,-8.56,-17.04,11.69
299,0.1,-0.31,0.94,-7.56,-11.93,12.11
300,0.14,-0.34,0.92,-8.34,-13.08,6.56
301,0.19,-0.33,0.92,-9.66,-9.28,-0.67
302,0.22,-0.34,0.96,-14.85,-5.67,-9.44
303,0.16,-0.39,1.03,-13.34,-2.9,-14.68
304,0.13,-0.4,1.07,-7.21,-1.99,-13.58
305,0.1,-0.35,1.05,-3.32,0.25,-12.3
306,0.07,-0.34,1.04,-3.22,2.27,-11.41
307,0.09,-0.31,1.04,0.27,1.22,-10.64
308,0.11,-0.27,1.01,-5.52,6.03,-8.28
309,0.1,-0.24,0.98,0.15,2.15,-6.95
310,0.15,-0.2,0.99,-4.38,6.67,-6.95
311,0.14,-0.19,0.95,-4.17,6.74,-8.56
312,0.12,-0.2,0.97,-6.3,11.36,-6.82
313,0.1,-0.24,0.96,-3.99,9.3,-6.43
314,0.01,-0.25,0.97,-0.16,4.31,-2.25
315,0.1,-0.26,0.93,1.95,8.23,-2.52
316,0.09,-0.25,0.92,-2.28,12.05,-1.5
317,0.05,-0.29,0.91,-4.57,14.67,-1.4
318,0.0,-0.29,0.92,-5.23,13.27,4.05
319,-0.02,-0.29,0.92,-4.29,12.05,8.72
320,-0.05,-0.27,0.93,-6.77,9.19,14.26
321,-0.05,-0.3,0.97,-7.87,7.8,19.42
322,-0.03,-0.36,1.03,-10.64,4.67,16.14
323,0.01,-0.37,1.06,-1.26,-5.91,13.6
324,0.08,-0.32,1.06,10.21,-15.82,10.21
325,0.13,-0.25,0.99,11.54,-16.34,3.74
326,0.16,-0.23,0.98,11.47,-12.95,-6.21
327,0.14,-0.21,0.97,5.41,-11.93,-14.49
328,0.12,-0.24,0.98,3.27,-4.98,-14.38
329,0.07,-0.28,1.0,2.63,-3.78,-13.76
330,0.09,-0.29,0.97,2.57,-0.66,-10.85
331,0.15,-0.28,0.98,-0.69,11.4,-9.63
332,0.13,-0.27,0.99,5.97,10.05,-5.55
333,0.07,-0.26,0.99,8.42,10.06,-4.08
334,0.04,-0.26,0.96,10.55,7.95,-3.14
335,-0.02,-0.24,0.95,11.73,2.98,-2.81
336,-0.04,-0.23,0.95,12.01,-0.83,-2.44
337,-0.0,-0.2,0.91,11.57,-2.94,-2.1
338,0.01,-0.18,0.91,10.15,-2.6,-2.04
339,-0.0,-0.17,0.92,7.4,-3.24,-3.11
340,0.03,-0.14,0.91,5.5,-3.24,-0.18
341,0.05,-0.12,0.91,1.89,-4.69,-1.57
342,0.08,-0.12,0.91,-1.78,-4.94,-2.98
343,0.13,-0.14,0.93,-2.92,-5.14,-2.09
344,0.16,-0.17,0.94,-4.72,-4.02,-5.15
345,0.17,-0.21,0.98,-3.75,-2.66,-10.41
346,0.14,-0.22,0.97,-2.05,1.13,-11.44
347,0.1,-0.22,0.96,-2.11,4.48,-11.43
348,0.04,-0.21,0.95,-2.61,6.08,-9.49
349,-0.0,-0.2,0.94,-4.77,7.39,-4.56
350,-0.05,-0.2,0.95,-6.95,5.55,-1.28
351,-0.06,-0.23,0.97,-7.9,0.45,0.72
352,-0.04,-0.24,0.98,-7.04,-2.81,1.84
353,-0.05,-0.23,0.97,-7.11,-5.49,1.69
354,-0.06,-0.22,0.98,-6.45,-11.72,1.54
355,0.01,-0.23,1.01,-5.53,-15.16,1.59
356,0.09,-0.23,1.0,-4.5,-16.08,-1.1
357,0.13,-0.22,0.99,-4.63,-15.48,-1.44
358,0.12,-0.23,0.98,-6.0,-13.95,0.66
359,0.13,-0.25,1.0,-6.69,-12.27,2.77
360,0.14,-0.25,0.97,-6.14,-8.28,4.55
361,0.16,-0.26,0.98,-5.95,-3.79,5.03
362,0.15,-0.28,1.0,-4.09,1.02,3.43
363,0.13,-0.27,1.01,-0.73,0.66,0.88
364,0.13,-0.26,1.0,1.34,1.12,-1.27
365,0.13,-0.24,0.99,2.27,0.51,-2.7
366,0.11,-0.23,0.98,2.78,0.2,-2.66
367,0.09,-0.22,0.98,2.79,-1.24,-3.75
368,0.09,-0.23,0.99,3.16,-1.15,-5.27
369,0.1,-0.23,0.98,4.4,-0.27,-5.43
370,0.09,-0.22,0.96,4.92,0.92,-4.08
371,0.07,-0.21,0.93,4.79,0.97,-3.09
372,0.06,-0.19,0.92,3.08,1.88,-1.85
373,0.07,-0.19,0.92,0.56,1.91,-1.61
374,0.09,-0.2,0.93,0.64,2.27,-0.46
375,0.09,-0.21,0.96,-0.11,2.47,-2.1
376,0.09,-0.21,0.95,1.0,3.46,-0.79
377,0.08,-0.2,0.95,-0.15,4.52,0.12
378,0.06,-0.18,0.95,-2.26,4.33,-1.09
379,0.04,-0.2,0.96,-4.27,3.58,-2.02
380,0.04,-0.21,0.95,-2.78,1.24,-2.68
381,0.05,-0.22,0.95,-1.51,0.14,-2.03
382,0.05,-0.21,0.94,-1.94,1.24,-1.55
383,0.02,-0.21,0.94,-3.37,1.4,-0.53
384,0.0,-0.22,0.94,-4.31,-0.34,0.02
385,0.01,-0.22,0.95,-5.24,-2.0,0.56
386,0.01,-0.23,0.95,-6.18,-3.78,0.76
387,0.02,-0.23,0.94,-7.05,-6.17,-1.38
388,0.03,-0.25,0.96,-7.11,-7.07,-2.73
389,0.03,-0.27,0.97,-5.5,-9.49,-3.11
390,0.04,-0.28,0.99,-3.46,-11.98,-4.15
391,0.05,-0.27,1.01,-0.95,-15.35,-2.41
392,0.1,-0.27,1.04,1.32,-14.85,-3.36
393,0.12,-0.26,1.05,3.44,-12.74,-3.89
394,0.13,-0.24,1.04,4.3,-8.84,-2.94
395,0.17,-0.23,1.04,4.98,-3.53,-1.27
396,0.19,-0.22,1.05,5.63,2.61,-0.48
397,0.17,-0.2,1.01,6.05,6.99,-1.05
398,0.14,-0.2,1.0,6.85,9.3,-0.08
399,0.13,-0.18,0.98,6.56,9.85,-1.27
400,0.11,-0.17,0.97,6.04,9.68,-2.21
