,accel_x,accel_y,accel_z,gyro_x,gyro_y,gyro_z
0,0.12,-0.17,0.99,-10.64,2.97,-9.21
1,0.13,-0.18,0.99,-10.95,0.51,-10.28
2,0.15,-0.15,0.99,-12.73,7.01,-11.97
3,0.14,-0.17,0.99,-11.14,4.24,-15.58
4,0.16,-0.15,0.97,-10.2,4.52,-11.98
5,0.11,-0.18,0.98,-9.44,6.6,-9.17
6,0.09,-0.17,0.97,-9.39,6.95,-7.25
7,0.07,-0.17,0.96,-13.05,8.62,-4.47
8,0.09,-0.19,0.98,-11.95,5.53,-3.37
9,0.12,-0.2,0.99,-12.11,9.34,-3.21
10,0.13,-0.18,0.99,-12.92,9.14,-7.09
11,0.09,-0.19,0.97,-11.6,8.05,-10.32
12,0.07,-0.19,0.96,-10.15,4.49,-10.86
13,0.1,-0.19,0.97,-10.9,4.84,-12.47
14,0.09,-0.17,0.95,-10.87,5.6,-9.91
15,0.07,-0.17,0.94,-7.14,-1.02,-7.52
16,0.07,-0.18,0.95,-5.81,-5.22,-11.77
17,0.1,-0.18,0.95,-9.15,-1.26,-11.24
18,0.08,-0.2,0.96,-11.38,1.4,-10.11
19,0.09,-0.2,0.98,-7.47,-3.0,-8.71
20,0.1,-0.2,0.98,-8.98,-0.92,-9.26
21,0.08,-0.22,0.99,-9.87,1.56,-6.21
22,0.1,-0.23,1.01,-8.47,2.46,-4.7
23,0.11,-0.23,1.02,-5.38,0.13,-3.98
24,0.13,-0.23,1.03,-4.76,2.12,-5.31
25,0.12,-0.21,0.99,-3.01,1.24,-7.4
26,0.13,-0.19,0.98,-1.32,1.33,-6.34
27,0.12,-0.17,0.96,-1.11,0.64,-6.88
28,0.12,-0.18,0.95,-1.02,0.06,-7.85
29,0.11,-0.17,0.93,-2.13,0.34,-8.0
30,0.09,-0.17,0.93,-3.04,0.7,-5.6
31,0.07,-0.17,0.93,-3.4,-1.13,-3.89
32,0.06,-0.18,0.93,-4.98,-2.65,-3.89
33,0.07,-0.19,0.96,-4.79,-3.5,-2.18
34,0.09,-0.2,0.97,-4.6,-3.12,-2.15
35,0.1,-0.21,0.99,-4.6,-2.15,-2.76
36,0.08,-0.21,1.0,-3.08,-3.05,-2.27
37,0.11,-0.22,1.01,-2.18,-3.83,-3.39
38,0.12,-0.21,1.0,-1.55,-2.71,-4.31
39,0.11,-0.21,0.99,0.31,-2.19,-2.49
40,0.1,-0.18,0.97,-0.34,-0.72,-1.85
41,0.09,-0.18,0.96,-1.14,-0.11,-0.7
42,0.1,-0.19,0.95,-2.78,0.18,-1.21
43,0.12,-0.18,0.96,-3.98,0.89,-1.73
44,0.12,-0.18,0.95,-4.51,1.43,-1.85
45,0.1,-0.18,0.95,-5.49,0.01,-2.82
46,0.11,-0.18,0.95,-6.18,-0.18,-3.24
47,0.13,-0.19,0.97,-5.67,-0.11,-3.73
48,0.1,-0.19,0.96,-4.38,-0.62,-2.02
49,0.09,-0.18,0.96,-4.33,-2.2,-2.32
50,0.1,-0.18,0.95,-4.02,-2.88,-2.67
51,0.1,-0.18,0.95,-4.87,-3.34,-3.4
52,0.11,-0.19,0.97,-6.66,-2.3,-4.22
53,0.14,-0.2,0.98,-6.86,-0.56,-5.29
54,0.15,-0.21,0.98,-7.02,1.22,-6.49
55,0.13,-0.21,0.98,-6.97,2.72,-6.22
56,0.1,-0.22,0.99,-6.34,2.02,-7.24
57,0.12,-0.23,1.0,-5.16,1.24,-6.22
58,0.11,-0.22,0.98,-5.27,2.76,-5.86
59,0.09,-0.22,0.98,-5.02,3.98,-5.5
60,0.07,-0.22,0.98,-4.28,2.41,-5.04
61,0.06,-0.22,0.97,-3.61,-0.35,-4.37
62,0.08,-0.22,0.99,-2.34,-1.53,-3.3
63,0.08,-0.22,0.98,-0.96,-1.98,-2.34
64,0.09,-0.2,0.97,-1.4,-1.93,-2.73
65,0.08,-0.2,0.95,-1.93,-1.95,-3.68
66,0.08,-0.21,0.98,-0.46,-3.23,-3.31
67,0.1,-0.22,0.97,-0.15,-3.28,-3.44
68,0.11,-0.2,0.96,-1.37,-2.63,-4.74
69,0.12,-0.19,0.96,-2.27,-2.82,-7.21
70,0.12,-0.2,0.97,-2.14,-2.33,-6.37
71,0.12,-0.2,0.98,-2.95,-1.33,-5.66
72,0.13,-0.19,0.98,-3.39,0.16,-5.42
73,0.13,-0.2,0.98,-3.84,1.5,-5.18
74,0.09,-0.19,0.98,-3.73,0.73,-5.78
75,0.08,-0.19,0.96,-2.0,-0.45,-3.99
76,0.06,-0.19,0.96,-0.63,-1.54,-2.99
77,0.06,-0.17,0.94,-1.22,-3.58,-2.41
78,0.08,-0.16,0.92,-3.24,-2.75,-2.56
79,0.08,-0.15,0.92,-4.98,-3.5,-3.69
80,0.1,-0.17,0.94,-6.15,-3.9,-2.95
81,0.09,-0.18,0.93,-7.67,-3.85,-1.96
82,0.1,-0.2,0.95,-8.21,-3.29,-1.21
83,0.1,-0.21,0.96,-9.05,-3.11,-0.59
84,0.11,-0.2,0.96,-9.92,-3.43,-1.21
85,0.12,-0.2,0.97,-10.2,-3.92,-2.11
86,0.14,-0.22,0.98,-8.58,-4.6,-2.98
87,0.13,-0.22,1.0,-7.17,-4.62,-3.85
88,0.16,-0.23,0.99,-6.6,-2.05,-5.27
89,0.16,-0.22,0.99,-5.35,-0.86,-6.27
90,0.14,-0.21,0.97,-5.22,-0.55,-6.82
91,0.12,-0.21,0.98,-6.44,2.05,-6.24
92,0.12,-0.22,0.98,-6.21,3.05,-4.47
93,0.12,-0.21,0.96,-5.63,3.17,-2.97
94,0.09,-0.2,0.96,-6.82,2.35,-2.47
95,0.08,-0.21,0.97,-5.94,1.37,-1.17
96,0.09,-0.22,0.98,-4.07,-0.45,-0.27
97,0.1,-0.21,0.97,-3.6,-1.11,-0.02
98,0.12,-0.22,0.96,-4.26,0.66,-1.02
99,0.12,-0.23,0.97,-4.74,0.4,-3.47
100,0.13,-0.23,0.97,-3.98,1.16,-5.47
101,0.1,-0.24,0.98,-3.62,2.97,-6.36
102,0.08,-0.24,1.0,-2.12,3.66,-7.82
103,0.07,-0.23,0.98,0.71,-1.27,-7.02
104,0.09,-0.19,0.95,-1.21,0.81,-6.73
105,0.05,-0.2,0.93,-4.07,3.91,-5.66
106,0.05,-0.2,0.95,-4.6,3.5,-3.06
107,0.05,-0.2,0.93,-3.54,-0.63,0.09
108,0.08,-0.19,0.94,-5.37,-1.75,-1.08
109,0.1,-0.2,0.95,-6.02,-4.89,-3.37
110,0.11,-0.19,0.94,-6.15,-6.79,-4.53
111,0.13,-0.2,0.96,-7.27,-6.34,-5.38
112,0.13,-0.22,0.97,-6.66,-6.11,-4.95
113,0.14,-0.22,0.98,-7.08,-4.02,-5.15
114,0.14,-0.21,0.97,-8.49,-2.19,-5.91
115,0.13,-0.22,0.97,-8.53,-1.42,-5.34
116,0.13,-0.24,1.0,-8.07,-1.25,-5.11
117,0.13,-0.23,1.0,-7.47,-0.17,-4.33
118,0.13,-0.24,1.0,-6.95,0.25,-4.05
119,0.12,-0.25,0.99,-6.46,0.02,-4.78
120,0.12,-0.25,0.99,-3.62,1.51,-4.5
121,0.1,-0.26,0.98,-2.1,-1.11,-4.31
122,0.1,-0.25,0.97,-1.3,-0.23,-4.45
123,0.11,-0.23,0.98,-1.79,1.38,-4.34
124,0.08,-0.23,0.97,-1.42,1.71,-2.82
125,0.06,-0.21,0.95,-1.4,1.14,-2.03
126,0.07,-0.2,0.95,-2.49,-0.71,-0.92
127,0.09,-0.21,0.94,-3.79,-1.33,-1.12
128,0.12,-0.22,0.95,-4.76,-0.15,-2.04
129,0.13,-0.23,0.96,-4.59,-0.89,-2.79
130,0.15,-0.23,0.97,-4.34,-0.63,-4.5
131,0.15,-0.26,0.98,-2.34,-0.63,-4.66
132,0.15,-0.29,0.99,-0.25,2.39,-2.52
133,0.14,-0.4,1.02,2.98,9.53,4.18
134,0.05,-0.72,1.17,8.53,15.58,13.75
135,-0.05,-1.3,1.48,23.76,26.89,15.21
136,-0.09,-2.0,1.8,49.27,29.96,16.91
137,-0.03,-2.0,2.0,19.2,40.27,-6.97
138,0.37,-2.0,2.0,102.0,-1.44,-0.92
139,0.82,-2.0,2.0,129.54,-29.02,19.4
140,1.28,-2.0,1.64,126.11,43.41,24.28
141,1.43,-2.0,1.18,151.59,87.37,19.5
142,0.97,-2.0,0.71,138.94,150.37,15.19
143,0.14,-2.0,0.34,100.84,124.85,18.9
144,-0.4,-2.0,-0.01,65.41,70.03,42.58
145,-0.47,-2.0,-0.13,81.69,-8.64,110.51
146,0.27,-1.91,-0.18,130.39,-28.71,177.99
147,0.92,-1.46,-0.02,122.16,9.31,185.05
148,0.9,-0.86,0.18,75.37,71.06,168.5
149,0.44,-0.36,0.79,65.13,103.61,150.51
150,0.36,0.28,1.3,70.58,137.77,175.24
151,0.54,1.15,1.61,133.01,161.74,233.05
152,0.47,1.97,1.23,172.31,157.05,234.63
153,0.64,2.0,0.88,203.87,168.99,248.25
154,1.2,2.0,0.42,234.55,250.13,250.13
155,1.8,2.0,-0.24,250.13,250.13,250.13
156,1.57,2.0,-2.0,199.93,171.95,250.13
157,1.41,2.0,-2.0,62.61,-56.95,-48.85
158,1.06,2.0,-2.0,-77.86,-223.54,-250.14
159,0.69,2.0,-2.0,-185.6,-227.98,-250.14
160,0.75,1.53,-0.44,-196.74,-151.45,-250.14
161,0.29,-0.2,1.32,-206.37,-120.21,-183.43
162,0.03,-1.16,2.0,-240.14,-128.81,-156.85
163,-0.42,-1.95,2.0,-122.14,-61.25,-122.76
164,-0.76,-1.63,2.0,-42.19,-85.14,-51.75
165,-0.29,-1.1,2.0,3.12,-57.26,6.09
166,-0.14,-0.67,1.68,19.94,-3.3,26.53
167,-0.27,-0.39,1.46,30.5,19.37,42.27
168,-0.32,-0.16,1.2,24.4,19.38,44.34
169,-0.15,0.06,1.07,25.34,9.67,45.79
170,0.05,0.26,0.87,23.21,6.44,42.34
171,0.2,0.4,0.78,15.42,11.26,30.07
172,0.2,0.49,0.72,5.64,13.42,15.93
173,0.09,0.48,0.72,1.89,8.66,3.01
174,0.08,0.47,0.75,0.42,4.17,4.27
175,0.07,0.42,0.77,-1.46,6.53,-2.66
176,0.04,0.37,0.77,-12.05,4.4,-7.05
177,0.01,0.33,0.81,-15.88,1.67,-14.92
178,-0.02,0.28,0.84,-17.21,-1.87,-21.25
179,-0.04,0.25,0.86,-14.06,-2.84,-19.48
180,-0.08,0.21,0.86,-11.67,-6.54,-19.54
181,-0.11,0.21,0.82,-13.24,-8.66,-18.98
182,-0.14,0.2,0.82,-14.84,-10.12,-13.8
183,-0.14,0.16,0.83,-15.5,-15.16,-9.1
184,-0.1,0.16,0.81,-21.34,-24.89,-11.1
185,-0.01,0.16,0.84,-30.22,-28.14,-17.61
186,0.03,0.11,0.91,-33.5,-26.18,-22.48
187,0.03,0.05,0.99,-34.24,-22.95,-24.57
188,0.04,-0.02,1.06,-30.75,-19.89,-27.07
189,0.06,-0.03,1.08,-25.66,-13.99,-26.18
190,0.04,-0.02,1.05,-19.37,-14.74,-32.37
191,-0.06,0.0,0.99,-10.85,-23.28,-35.25
192,-0.12,-0.0,0.94,-11.81,-32.68,-36.34
193,-0.06,-0.02,0.94,-18.39,-35.82,-34.93
194,0.03,-0.05,0.99,-26.82,-30.14,-31.24
195,0.13,-0.05,1.04,-32.2,-24.79,-30.64
196,0.18,-0.04,1.05,-34.61,-17.5,-34.24
197,0.13,-0.04,1.02,-30.93,-14.82,-37.73
198,0.06,-0.05,1.04,-24.02,-16.22,-35.6
199,0.03,-0.04,1.03,-17.2,-15.7,-29.69
200,-0.0,-0.03,1.0,-14.92,-11.24,-23.69
201,-0.05,-0.04,0.94,-17.0,-6.69,-16.08
202,-0.04,0.01,0.89,-23.29,-5.97,-14.66
203,-0.09,-0.0,0.89,-29.41,-7.19,-13.85
204,-0.13,-0.04,0.9,-32.77,-10.66,-11.62
205,-0.09,-0.08,0.92,-40.48,-13.67,-11.68
206,-0.02,-0.13,0.99,-40.08,-12.63,-12.82
207,0.01,-0.16,1.1,-32.79,-15.37,-17.76
208,0.03,-0.16,1.12,-21.37,-12.06,-17.58
209,0.06,-0.12,1.07,-12.8,-9.8,-18.57
210,0.06,-0.07,1.01,-9.75,-10.66,-19.25
211,-0.0,-0.07,1.0,-4.76,-8.13,-17.12
212,-0.06,-0.04,0.96,-5.53,-8.79,-13.22
213,-0.07,-0.0,0.88,-10.53,-11.39,-9.44
214,-0.07,-0.0,0.85,-19.73,-14.16,-6.29
215,-0.04,-0.03,0.85,-32.3,-13.72,-5.78
216,0.01,-0.08,0.92,-42.68,-13.19,-8.06
217,0.07,-0.16,1.03,-44.4,-12.08,-13.19
218,0.12,-0.21,1.15,-33.57,-9.31,-14.15
219,0.12,-0.21,1.21,-24.22,-4.47,-16.37
220,0.13,-0.15,1.14,-9.51,-9.4,-20.92
221,0.13,-0.06,1.06,-4.09,-7.04,-17.09
222,0.06,-0.0,0.96,-3.25,-2.2,-17.94
223,-0.0,0.03,0.86,-12.07,0.11,-9.41
224,-0.02,-0.0,0.84,-27.6,0.22,-8.15
225,0.0,0.02,0.85,-59.49,-1.06,-9.12
226,0.03,-0.11,0.98,-53.07,4.83,-13.38
227,-0.02,-0.2,1.11,-37.48,-1.11,-13.69
228,-0.05,-0.25,1.19,-22.89,-18.54,-16.84
229,0.01,-0.23,1.18,-7.4,-12.14,-11.71
230,0.03,-0.15,1.11,-4.16,-5.53,-4.37
231,0.06,-0.07,1.0,-4.26,-1.24,-0.89
232,0.02,-0.06,0.95,-7.54,0.66,0.24
233,-0.01,-0.05,0.93,-11.34,-0.98,-2.17
234,0.02,-0.05,0.91,-16.76,-3.23,-6.98
235,0.02,-0.05,0.9,-19.02,-9.0,-14.3
236,0.02,-0.09,0.95,-15.0,-15.27,-16.08
237,0.07,-0.12,0.98,-12.58,-9.71,-14.45
238,0.06,-0.12,0.97,-12.89,-5.5,-12.56
239,0.07,-0.11,0.95,-13.8,-1.99,-12.19
240,0.05,-0.13,0.93,-14.18,-2.62,-13.63
241,0.04,-0.13,0.91,-16.47,-1.9,-15.74
242,0.04,-0.17,0.94,-18.15,1.85,-14.15
243,0.01,-0.21,0.95,-20.47,2.56,-12.93
244,-0.01,-0.23,0.94,-19.15,-2.28,-16.92
245,-0.05,-0.24,0.96,-19.95,-11.18,-17.94
246,-0.04,-0.22,0.96,-18.69,-14.22,-19.6
247,0.0,-0.23,0.99,-17.34,-16.88,-16.04
248,0.06,-0.23,1.03,-13.97,-8.08,-10.44
249,0.09,-0.2,0.99,-15.62,3.82,-6.11
250,0.07,-0.14,0.94,-19.07,12.36,-1.56
251,0.02,-0.11,0.9,-22.36,13.27,-2.24
252,-0.03,-0.07,0.86,-29.02,6.63,-5.87
253,-0.0,-0.11,0.88,-25.08,0.73,-6.71
254,0.03,-0.17,0.93,-21.34,-2.03,-5.81
255,0.04,-0.19,0.94,-20.95,-3.97,-9.31
256,0.05,-0.2,0.98,-20.6,-2.41,-12.53
257,0.06,-0.21,1.0,-18.34,0.96,-12.68
258,0.05,-0.18,0.98,-19.45,4.46,-12.24
259,0.05,-0.16,0.95,-21.49,6.7,-13.23
260,0.03,-0.2,0.97,-17.54,6.68,-8.6
261,0.01,-0.22,0.98,-16.76,6.85,-5.23
262,0.02,-0.22,0.95,-18.6,5.18,-4.47
263,0.03,-0.21,0.93,-20.66,5.71,-4.89
264,0.01,-0.22,0.94,-21.74,1.69,-5.33
265,0.03,-0.23,0.93,-23.23,-2.92,-9.65
266,0.02,-0.25,0.94,-23.05,-5.86,-12.85
267,0.0,-0.26,0.97,-23.14,-7.55,-14.18
268,0.03,-0.26,0.98,-23.53,-7.93,-11.78
269,0.08,-0.26,1.0,-22.67,-5.89,-10.42
270,0.1,-0.26,1.02,-21.02,-5.05,-9.41
271,0.09,-0.28,1.01,-18.12,-4.82,-8.45
272,0.06,-0.29,1.03,-15.96,-4.08,-7.76
273,0.07,-0.3,1.05,-14.21,-3.4,-7.02
274,0.07,-0.3,1.06,-11.44,-2.85,-4.24
275,0.05,-0.28,1.04,-11.33,-5.86,-7.05
276,0.08,-0.25,1.05,-12.05,-6.95,-10.02
277,0.1,-0.25,1.07,-9.42,-2.8,-7.71
278,0.1,-0.26,1.09,-7.56,0.89,-6.66
279,0.13,-0.24,1.08,-6.34,2.11,-8.68
280,0.12,-0.24,1.05,-5.04,0.47,-11.05
281,0.1,-0.23,1.06,-0.58,3.21,-8.69
282,0.06,-0.22,1.03,0.13,6.06,-6.03
283,-0.01,-0.2,1.02,0.01,2.75,-5.57
284,-0.02,-0.19,0.97,3.92,-5.97,-6.7
285,-0.0,-0.15,0.92,3.31,-11.8,-7.97
286,0.05,-0.12,0.89,-5.11,-10.64,-14.68
287,0.05,-0.1,0.84,-6.72,-4.04,-7.93
288,0.05,-0.1,0.82,-10.85,0.79,-8.56
289,0.03,-0.11,0.85,-16.42,4.4,-6.55
290,0.0,-0.14,0.88,-19.92,4.34,-7.28
291,-0.04,-0.17,0.93,-22.18,5.18,-6.69
292,-0.07,-0.22,1.01,-20.36,1.07,-6.56
293,-0.06,-0.27,1.08,-11.09,-4.85,-2.6
294,-0.02,-0.27,1.08,-8.04,-9.36,0.98
295,0.01,-0.3,1.08,0.56,-10.1,4.5
296,0.11,-0.26,1.05,0.1,-0.88,9.82
297,0.16,-0.24,0.99,-0.42,3.56,6.34
298,0.17,-0.23,0.96,0.48,9.21,2.29
299,0.2,-0.21,0.93,-0.85,16.21,1.33
300,0.1,-0.19,0.87,-6.95,20.27,-1.97
301,0.0,-0.22,0.86,-12.74,22.62,-2.53
302,-0.05,-0.26,0.92,-15.6,20.11,0.09
303,-0.09,-0.29,0.94,-18.53,14.65,2.3
304,-0.11,-0.3,0.95,-18.59,9.93,5.08
305,-0.11,-0.3,0.97,-14.31,6.53,12.24
306,-0.09,-0.3,0.98,-12.61,2.28,10.5
307,-0.01,-0.3,0.99,-10.04,1.82,6.59
308,0.04,-0.28,0.98,-6.27,-4.38,4.83
309,0.05,-0.26,0.97,-4.18,-5.0,-0.98
310,0.02,-0.25,0.96,1.34,-6.25,-1.38
311,0.04,-0.22,0.93,1.28,-5.48,-0.76
312,0.05,-0.19,0.89,-3.3,-4.26,-0.11
313,0.06,-0.18,0.91,-5.76,1.15,1.26
314,-0.0,-0.2,0.93,-8.58,5.43,5.35
315,-0.05,-0.23,0.97,-9.53,4.71,9.03
316,-0.07,-0.24,0.98,-9.84,2.67,10.37
317,-0.02,-0.26,0.98,-9.52,-0.64,9.05
318,0.02,-0.27,0.98,-5.53,-4.31,4.98
319,0.06,-0.28,0.99,1.56,-7.29,-0.53
320,0.06,-0.26,0.99,2.27,-9.31,-4.15
321,0.07,-0.24,0.98,1.65,-7.66,-5.89
322,0.06,-0.25,0.99,1.6,-6.9,-5.05
323,0.02,-0.26,1.01,2.11,-7.14,-4.95
324,0.01,-0.26,0.99,2.81,-4.54,-1.15
325,-0.0,-0.23,0.95,0.28,-4.9,-0.38
326,-0.01,-0.22,0.93,-1.66,-5.47,0.29
327,-0.0,-0.25,0.95,-2.92,-4.38,-0.42
328,0.01,-0.27,0.99,-0.93,-7.35,-2.65
329,0.02,-0.25,0.97,0.56,-9.57,-4.46
330,0.02,-0.25,0.99,2.07,-7.66,-5.45
331,-0.0,-0.25,0.98,2.62,-9.65,-4.98
332,-0.01,-0.21,0.96,2.8,-14.11,-6.78
333,-0.03,-0.2,0.95,3.21,-19.09,-6.71
334,-0.03,-0.19,0.93,3.19,-21.91,-6.95
335,0.0,-0.18,0.92,-0.72,-18.67,-1.96
336,0.01,-0.2,0.94,-2.93,-17.46,1.22
337,0.03,-0.22,0.96,-3.08,-22.34,0.08
338,0.09,-0.24,1.0,-1.22,-19.42,-0.57
339,0.14,-0.24,0.99,0.27,-16.28,-0.35
340,0.14,-0.23,0.97,0.89,-14.88,-1.54
341,0.1,-0.23,0.96,0.96,-15.34,-1.88
342,0.12,-0.23,1.0,1.85,-10.15,-1.56
343,0.09,-0.22,0.97,-0.93,-10.15,-6.5
344,0.08,-0.23,0.95,0.07,-9.09,-7.73
345,0.06,-0.24,0.96,-0.61,-7.26,-7.5
346,0.04,-0.25,0.97,-2.33,-7.08,-7.03
347,0.03,-0.27,0.99,-2.29,-4.75,-3.87
348,0.02,-0.27,1.0,-2.4,-3.46,-2.91
349,0.01,-0.27,1.01,-1.28,-2.27,-1.4
350,0.03,-0.26,1.02,-0.58,-1.14,-2.62
351,0.01,-0.25,1.0,1.48,-2.92,-3.57
352,0.02,-0.24,0.99,2.95,-4.97,-4.18
353,0.02,-0.23,0.97,2.57,-6.55,-5.59
354,0.04,-0.2,0.96,1.23,-7.38,-4.71
355,0.05,-0.2,0.95,-0.34,-7.82,-5.66
356,0.07,-0.22,0.96,-0.44,-7.79,-4.72
357,0.08,-0.22,0.98,-0.45,-8.58,-5.37
358,0.1,-0.22,0.98,-0.09,-7.54,-5.16
359,0.09,-0.24,0.99,1.01,-6.37,-4.53
360,0.06,-0.24,1.01,2.8,-7.49,-4.69
361,0.06,-0.23,0.99,3.44,-8.89,-4.76
362,0.08,-0.21,0.96,3.26,-7.8,-3.65
363,0.09,-0.2,0.96,1.84,-6.18,-4.05
364,0.12,-0.21,0.96,0.82,-6.27,-7.03
365,0.14,-0.19,0.94,-0.25,-6.88,-10.15
366,0.14,-0.18,0.94,-1.15,-5.18,-9.83
367,0.13,-0.19,0.94,-2.56,-3.45,-11.08
368,0.11,-0.19,0.95,-3.25,-2.63,-10.36
369,0.09,-0.18,0.93,-4.43,-1.95,-10.5
370,0.07,-0.2,0.94,-4.67,-3.84,-8.35
371,0.05,-0.21,0.96,-4.62,-6.66,-8.78
372,0.07,-0.21,0.96,-4.27,-8.84,-8.49
373,0.08,-0.21,0.96,-4.91,-10.01,-9.08
374,0.09,-0.21,0.96,-5.23,-10.63,-10.34
375,0.09,-0.22,0.97,-4.11,-12.88,-10.4
376,0.1,-0.22,0.97,-4.66,-12.11,-10.38
377,0.1,-0.24,1.01,-2.63,-11.4,-10.71
378,0.1,-0.24,1.01,-0.76,-10.14,-9.53
379,0.09,-0.22,0.98,-0.33,-7.24,-6.32
380,0.1,-0.21,0.98,-0.73,-5.93,-7.01
381,0.09,-0.22,0.98,-0.07,-5.81,-5.03
382,0.1,-0.2,0.96,-1.2,-5.09,-2.94
383,0.11,-0.19,0.96,-2.52,-5.18,-3.02
384,0.12,-0.21,0.96,-2.1,-4.12,-2.25
385,0.11,-0.21,0.98,-2.34,-3.76,-1.7
386,0.12,-0.2,0.97,-2.37,-2.5,-0.37
387,0.11,-0.2,0.96,-2.34,-2.48,-0.93
388,0.1,-0.2,0.94,-3.44,-2.56,-1.73
389,0.1,-0.2,0.95,-4.3,-2.41,-0.69
390,0.12,-0.21,0.95,-4.75,-1.21,0.42
391,0.1,-0.21,0.96,-4.1,-0.69,1.44
392,0.1,-0.23,0.98,-3.82,-0.97,0.35
393,0.12,-0.23,0.99,-3.1,-2.02,-1.92
394,0.14,-0.22,0.97,-2.98,-1.69,-4.32
395,0.14,-0.21,0.97,-2.84,-1.03,-6.6
396,0.13,-0.21,0.97,-1.0,-0.6,-3.89
397,0.11,-0.2,0.96,-1.57,-0.82,-1.98
398,0.11,-0.19,0.94,-3.91,0.48,-1.25
399,0.11,-0.19,0.96,-4.94,0.47,-1.66
400,0.11,-0.2,0.96,-5.13,-0.24,-2.73
