,accel_x,accel_y,accel_z,gyro_x,gyro_y,gyro_z
0,-0.03,-0.28,1.01,1.92,-0.41,4.53
1,-0.04,-0.23,0.96,1.92,1.39,3.31
2,-0.07,-0.21,0.94,-0.08,-0.24,0.27
3,-0.06,-0.22,0.97,-0.2,-1.1,1.43
4,-0.06,-0.22,0.97,1.0,-1.95,3.79
5,-0.03,-0.21,0.96,0.07,-1.94,4.69
6,-0.02,-0.21,0.96,-0.66,-1.25,4.78
7,-0.03,-0.21,0.96,-1.25,-2.42,2.53
8,-0.04,-0.23,0.96,-1.28,-2.94,1.48
9,-0.05,-0.24,0.97,-0.11,-4.09,1.64
10,-0.04,-0.25,0.96,1.49,-6.97,-0.24
11,-0.02,-0.24,0.96,2.26,-7.84,-2.13
12,-0.02,-0.24,0.95,1.79,-7.63,-4.45
13,0.01,-0.25,0.96,0.87,-6.15,-5.11
14,0.01,-0.25,0.96,-0.18,-2.57,-5.39
15,-0.02,-0.25,0.96,0.16,0.09,-5.3
16,-0.04,-0.24,0.95,0.13,1.21,-4.4
17,-0.07,-0.24,0.95,0.18,-0.08,-4.02
18,-0.06,-0.23,0.95,-0.05,-0.89,-3.58
19,-0.05,-0.23,0.94,-0.81,-0.88,-3.85
20,-0.06,-0.22,0.94,-1.07,-1.81,-3.61
21,-0.06,-0.21,0.93,-1.32,-2.37,-3.47
22,-0.06,-0.21,0.93,-2.61,-2.6,-4.07
23,-0.06,-0.22,0.94,-2.18,-4.36,-3.35
24,-0.06,-0.23,0.95,-1.51,-5.18,-4.02
25,-0.06,-0.22,0.94,-2.27,-5.64,-3.94
26,-0.08,-0.22,0.95,-2.6,-6.68,-4.21
27,-0.07,-0.23,0.95,-3.56,-7.03,-4.24
28,-0.05,-0.23,0.96,-3.58,-7.24,-2.68
29,-0.03,-0.23,0.97,-3.83,-5.19,-2.71
30,-0.03,-0.24,0.97,-3.88,-4.32,-3.02
31,-0.03,-0.25,0.98,-2.83,-3.04,-2.73
32,-0.03,-0.25,0.99,-1.6,-2.68,-2.08
33,-0.04,-0.25,0.98,-1.49,-1.92,-1.8
34,-0.05,-0.23,0.96,-2.01,-1.5,-0.82
35,-0.05,-0.23,0.97,-2.52,-2.56,-0.78
36,-0.04,-0.23,0.96,-2.65,-3.79,-0.74
37,-0.02,-0.24,0.97,-2.4,-4.36,-1.5
38,0.01,-0.24,0.97,-3.4,-1.87,-3.82
39,0.01,-0.23,0.97,-2.05,-0.38,-3.56
40,-0.01,-0.23,0.98,-1.61,0.63,-3.94
41,-0.04,-0.22,0.96,-1.27,0.84,-3.75
42,-0.05,-0.22,0.95,-1.91,0.46,-2.98
43,-0.06,-0.22,0.95,-1.77,-0.73,-2.75
44,-0.04,-0.21,0.93,-2.03,-1.67,-1.73
45,-0.04,-0.21,0.94,-3.59,-1.06,-1.26
46,-0.04,-0.21,0.94,-4.76,-1.15,-1.34
47,-0.03,-0.21,0.94,-5.79,-1.51,-1.75
48,-0.02,-0.22,0.95,-5.9,-0.85,-2.22
49,-0.02,-0.23,0.95,-5.44,-1.13,-2.97
50,-0.03,-0.22,0.96,-5.42,-1.66,-3.88
51,-0.03,-0.23,0.95,-5.45,-2.67,-4.95
52,-0.02,-0.22,0.97,-5.62,-2.92,-5.64
53,-0.03,-0.22,0.96,-5.85,-2.55,-5.57
54,-0.02,-0.24,0.98,-5.63,-1.4,-4.54
55,-0.01,-0.24,0.97,-4.82,-0.02,-4.48
56,-0.02,-0.23,0.96,-5.0,0.42,-4.24
57,-0.05,-0.23,0.95,-5.95,0.5,-3.75
58,-0.05,-0.25,0.97,-5.06,-0.82,-3.01
59,-0.02,-0.24,0.96,-4.6,-1.18,-3.39
60,-0.03,-0.23,0.94,-5.58,-0.44,-4.5
61,-0.06,-0.24,0.95,-6.54,-1.4,-4.81
62,-0.08,-0.26,0.95,-5.4,-4.34,-3.97
63,-0.04,-0.27,0.96,-3.77,-5.24,-3.6
64,-0.04,-0.25,0.96,-4.15,-4.75,-4.38
65,-0.06,-0.24,0.96,-4.87,-4.69,-3.89
66,-0.06,-0.25,0.96,-5.16,-5.85,-3.23
67,-0.04,-0.26,0.97,-4.47,-6.12,-3.65
68,-0.01,-0.26,0.97,-4.18,-3.2,-3.49
69,-0.02,-0.25,0.97,-4.6,-0.74,-2.82
70,-0.04,-0.25,0.96,-5.62,0.02,-2.43
71,-0.03,-0.26,0.98,-3.94,-2.41,-2.18
72,-0.02,-0.26,0.97,-2.67,-2.84,-2.93
73,-0.01,-0.26,0.97,-2.02,-2.3,-3.37
74,0.0,-0.24,0.95,-2.79,-1.32,-3.92
75,-0.01,-0.24,0.96,-3.85,0.48,-3.73
76,-0.03,-0.25,0.97,-3.06,0.92,-3.15
77,-0.02,-0.25,0.96,-1.34,0.89,-1.5
78,-0.04,-0.24,0.94,-1.53,0.92,-1.66
79,-0.05,-0.23,0.94,-2.71,-0.13,-1.91
80,-0.06,-0.24,0.94,-2.99,-1.04,-1.8
81,-0.05,-0.23,0.94,-3.05,-3.02,-1.69
82,-0.04,-0.22,0.93,-3.79,-3.14,-1.46
83,-0.04,-0.22,0.93,-4.98,-3.15,-1.9
84,-0.04,-0.22,0.95,-5.92,-3.66,-2.41
85,-0.01,-0.23,0.96,-5.47,-3.89,-3.39
86,-0.0,-0.23,0.96,-5.75,-2.95,-4.66
87,-0.01,-0.24,0.97,-6.2,-0.79,-3.66
88,-0.01,-0.25,0.97,-5.58,-1.17,-3.47
89,0.01,-0.25,0.98,-4.88,-0.55,-3.21
90,-0.0,-0.24,0.96,-5.05,0.55,-3.26
91,-0.02,-0.24,0.96,-5.15,-0.02,-3.9
92,-0.03,-0.24,0.96,-5.04,-0.79,-4.06
93,-0.02,-0.24,0.96,-5.17,-1.96,-4.15
94,-0.02,-0.24,0.96,-4.63,-2.85,-3.78
95,-0.01,-0.25,0.96,-5.41,-1.61,-3.98
96,-0.02,-0.25,0.96,-5.49,-0.92,-3.52
97,-0.02,-0.26,0.96,-4.62,-0.77,-3.52
98,-0.02,-0.25,0.95,-4.87,-0.21,-3.31
99,-0.04,-0.25,0.96,-4.82,-0.74,-3.12
100,-0.03,-0.25,0.96,-5.11,-1.74,-3.41
101,-0.03,-0.25,0.96,-4.98,-2.19,-3.5
102,-0.01,-0.27,0.97,-3.85,-1.98,-3.99
103,-0.01,-0.26,0.98,-3.53,-1.07,-5.0
104,-0.03,-0.26,0.97,-3.89,-0.47,-5.27
105,-0.04,-0.26,0.96,-3.7,-0.52,-4.19
106,-0.04,-0.26,0.96,-3.24,-1.33,-3.91
107,-0.02,-0.26,0.95,-3.44,-1.2,-4.2
108,-0.04,-0.25,0.95,-3.96,-0.16,-3.66
109,-0.04,-0.26,0.95,-3.95,-1.82,-3.37
110,-0.04,-0.25,0.94,-4.42,-2.6,-3.63
111,-0.03,-0.25,0.95,-5.33,-2.78,-4.22
112,-0.02,-0.26,0.97,-4.93,-2.6,-3.46
113,-0.01,-0.25,0.96,-4.29,-1.53,-3.04
114,-0.01,-0.25,0.96,-4.59,-0.44,-4.22
115,-0.03,-0.25,0.96,-4.37,-0.03,-4.76
116,-0.04,-0.26,0.96,-4.21,-0.95,-3.54
117,-0.03,-0.25,0.95,-3.22,-1.76,-2.32
118,-0.04,-0.25,0.94,-3.74,-1.75,-2.97
119,-0.04,-0.25,0.94,-4.0,-2.56,-2.6
120,-0.03,-0.26,0.94,-4.44,-4.12,-3.08
121,-0.03,-0.26,0.93,-5.18,-3.01,-3.16
122,-0.04,-0.26,0.94,-5.09,-3.19,-2.56
123,-0.03,-0.26,0.95,-5.19,-4.5,-2.76
124,-0.03,-0.26,0.96,-5.4,-5.12,-3.62
125,-0.03,-0.27,0.97,-4.07,-6.6,-4.91
126,-0.01,-0.27,0.97,-3.33,-5.78,-4.67
127,-0.0,-0.26,0.96,-3.4,-2.33,-4.21
128,-0.04,-0.25,0.95,-4.46,-2.1,-3.39
129,-0.04,-0.25,0.94,-5.34,-3.56,-2.55
130,-0.03,-0.24,0.96,-4.53,-5.16,-0.05
131,-0.02,-0.25,0.96,-4.88,-5.88,-1.87
132,-0.0,-0.25,0.97,-4.86,-5.66,-2.62
133,0.02,-0.25,0.96,-4.63,-4.53,-2.58
134,0.01,-0.26,0.97,-4.57,-4.29,-3.86
135,0.0,-0.26,0.97,-3.9,-5.86,-4.88
136,0.02,-0.26,0.97,-3.42,-4.91,-4.92
137,0.01,-0.27,0.97,-2.44,-4.14,-5.47
138,0.04,-0.27,0.96,-1.57,-2.47,-4.66
139,0.02,-0.26,0.96,-2.63,0.54,-4.49
140,-0.01,-0.25,0.95,-2.82,1.32,-4.0
141,-0.01,-0.25,0.93,-3.77,2.44,-2.63
142,-0.02,-0.25,0.92,-3.55,3.14,-1.57
143,-0.03,-0.24,0.91,-5.64,2.47,-2.02
144,-0.03,-0.24,0.89,-7.31,1.81,-1.78
145,-0.02,-0.24,0.9,-10.22,1.11,-3.21
146,-0.04,-0.27,0.9,-10.08,-1.32,-3.56
147,-0.03,-0.28,0.93,-9.55,-2.25,-2.27
148,-0.02,-0.31,0.95,-9.47,-2.41,-2.25
149,-0.02,-0.33,0.97,-10.76,-1.27,-2.65
150,-0.03,-0.4,1.02,-12.99,0.79,-1.79
151,-0.03,-0.53,1.07,-13.9,5.43,-0.22
152,-0.08,-0.72,1.16,-7.95,8.89,3.82
153,-0.15,-1.02,1.17,-12.77,10.95,6.21
154,-0.21,-1.42,1.19,-21.99,10.85,13.43
155,-0.06,-1.89,1.32,-29.55,23.79,15.32
156,-0.03,-2.0,1.4,-48.41,2.75,31.18
157,-0.07,-2.0,1.12,-45.15,-22.59,39.53
158,0.22,-2.0,0.85,-29.37,-43.65,55.36
159,0.66,-2.0,0.92,-10.57,-11.58,61.37
160,0.81,-2.0,1.07,0.09,34.76,60.79
161,0.72,-2.0,0.99,30.89,74.02,63.03
162,0.31,-2.0,0.64,77.21,76.44,24.15
163,0.14,-2.0,0.29,101.48,37.55,39.96
164,0.34,-1.81,0.08,126.75,53.39,100.9
165,0.63,-1.23,-0.06,170.73,56.21,131.53
166,0.73,-0.83,-0.16,172.3,92.63,98.24
167,0.49,-0.38,-0.1,153.44,100.37,64.87
168,0.23,0.03,0.08,128.83,120.13,64.83
169,-0.06,0.38,0.38,104.4,126.82,67.8
170,-0.29,0.67,0.69,88.15,121.79,75.69
171,-0.67,0.89,0.86,105.8,101.78,73.03
172,-0.64,1.15,1.07,110.24,68.28,78.76
173,-0.05,1.32,1.09,113.14,80.39,110.58
174,0.3,1.51,1.08,123.41,114.14,117.15
175,0.34,1.74,1.01,119.17,146.65,114.79
176,0.29,1.96,0.92,126.02,165.73,109.51
177,0.23,2.0,0.82,173.13,170.59,107.73
178,-0.09,2.0,0.54,217.3,116.16,94.63
179,-0.1,2.0,-0.09,228.27,25.46,54.98
180,0.3,2.0,-0.6,174.03,-31.45,-12.85
181,0.35,2.0,-0.85,60.85,-58.32,-106.79
182,0.2,2.0,-0.46,-24.46,-67.83,-178.05
183,-0.07,1.99,0.07,-89.86,-75.82,-203.99
184,-0.36,1.21,0.58,-88.94,-65.38,-185.14
185,-0.7,0.6,1.0,-76.18,-80.32,-154.94
186,-0.94,0.07,1.28,-55.84,-90.73,-123.04
187,-1.05,-0.14,1.37,-36.18,-88.75,-76.95
188,-1.01,-0.21,1.35,-26.44,-76.18,-34.32
189,-0.91,-0.24,1.29,-16.24,-56.92,2.21
190,-0.83,-0.17,1.19,-23.96,-43.14,28.13
191,-0.67,-0.09,1.14,-24.89,-33.98,45.3
192,-0.49,-0.01,1.1,-16.75,-37.13,46.92
193,-0.28,0.13,1.0,-7.53,-43.14,40.37
194,-0.08,0.26,0.9,-2.74,-46.85,26.61
195,0.03,0.34,0.84,-1.67,-47.39,15.28
196,0.06,0.34,0.82,-7.62,-41.66,8.3
197,0.07,0.28,0.89,-11.44,-29.62,7.97
198,0.04,0.21,0.93,-9.44,-18.53,8.03
199,-0.03,0.17,0.91,-7.49,-17.45,4.27
200,-0.07,0.17,0.9,-8.77,-19.0,-1.27
201,-0.08,0.15,0.89,-8.73,-19.96,-9.1
202,-0.14,0.11,0.87,-7.12,-21.6,-13.78
203,-0.16,0.1,0.85,-7.81,-23.77,-14.66
204,-0.16,0.08,0.86,-9.94,-20.95,-12.53
205,-0.18,0.07,0.88,-11.97,-16.91,-10.54
206,-0.23,0.04,0.87,-8.65,-17.99,-4.74
207,-0.16,0.06,0.85,-3.52,-29.44,-14.8
208,-0.05,0.06,0.89,-10.54,-19.83,-16.82
209,-0.08,0.04,0.92,-16.16,-10.89,-20.84
210,-0.15,0.0,1.0,-7.74,-12.66,-16.39
211,-0.16,0.01,0.97,3.85,-19.1,-11.28
212,-0.08,0.05,0.96,3.4,-16.5,-10.7
213,-0.08,0.07,0.95,-1.25,-10.11,-13.84
214,-0.16,0.08,0.97,-1.18,-9.5,-15.1
215,-0.19,0.09,0.92,-5.05,-11.43,-9.52
216,-0.17,0.1,0.93,-6.7,-14.92,-14.95
217,-0.16,0.1,0.92,-9.44,-12.74,-17.15
218,-0.22,0.08,0.93,-4.05,-15.5,-13.98
219,-0.21,0.1,0.93,-1.53,-18.23,-6.92
220,-0.18,0.14,0.89,-1.19,-19.16,-1.63
221,-0.14,0.15,0.84,-4.32,-15.87,4.95
222,-0.11,0.17,0.83,-11.18,-12.56,9.01
223,-0.07,0.15,0.82,-19.13,-10.04,4.3
224,-0.13,0.11,0.85,-25.65,-5.81,4.68
225,-0.17,0.07,0.87,-29.92,-5.31,6.73
226,-0.17,0.03,0.92,-31.18,-8.04,4.24
227,-0.16,0.0,0.95,-29.37,-11.89,-1.68
228,-0.14,-0.02,0.98,-26.7,-12.99,-7.31
229,-0.11,-0.05,1.02,-23.32,-12.74,-11.83
230,-0.11,-0.04,1.03,-24.31,-6.01,-11.58
231,-0.18,-0.08,1.06,-19.05,-4.37,-7.02
232,-0.18,-0.1,1.09,-17.83,1.31,2.79
233,-0.18,-0.07,1.09,-17.07,3.09,5.61
234,-0.21,-0.02,1.04,-15.36,-0.88,6.74
235,-0.22,0.01,1.02,-12.08,-8.02,5.59
236,-0.18,0.02,1.02,-12.04,-12.85,3.47
237,-0.15,0.03,0.99,-12.31,-16.41,0.26
238,-0.09,-0.0,1.0,-13.76,-17.45,-4.61
239,-0.1,-0.02,1.02,-14.91,-15.16,-6.58
240,-0.1,-0.07,1.02,-16.56,-8.54,-5.92
241,-0.1,-0.08,1.05,-19.65,0.04,-3.23
242,-0.13,-0.09,1.06,-21.95,8.69,1.82
243,-0.18,-0.06,1.06,-22.94,11.73,6.86
244,-0.2,-0.03,1.07,-21.5,6.43,7.66
245,-0.18,-0.01,1.04,-19.63,0.39,5.46
246,-0.18,0.02,1.02,-17.33,-4.08,4.04
247,-0.2,0.04,1.04,-11.24,-12.21,4.42
248,-0.21,0.04,0.98,-4.34,-23.31,6.39
249,-0.16,0.09,0.94,-9.03,-24.28,12.41
250,-0.14,0.11,0.89,-10.41,-23.94,14.79
251,-0.1,0.1,0.86,-14.21,-22.04,16.37
252,0.01,0.08,0.85,-25.92,-15.24,13.76
253,0.07,0.05,0.88,-39.97,-0.34,7.85
254,0.01,-0.04,0.95,-46.43,10.0,1.66
255,-0.1,-0.11,1.05,-41.92,6.06,-7.52
256,-0.2,-0.19,1.09,-28.69,-8.95,-16.64
257,-0.22,-0.17,1.08,-12.4,-18.58,-10.23
258,-0.15,-0.13,1.04,-5.89,-13.08,-3.78
259,-0.13,-0.11,1.03,-1.68,-8.58,2.21
260,-0.1,-0.07,0.98,0.09,-8.07,3.89
261,-0.06,-0.02,0.93,-2.69,-4.88,2.71
262,-0.08,0.01,0.86,-12.24,-1.67,-2.29
263,-0.13,0.05,0.83,-18.03,-10.35,-4.26
264,-0.15,0.05,0.82,-29.75,-14.08,-11.46
265,-0.17,-0.04,0.9,-39.33,-17.5,-15.38
266,-0.21,-0.18,1.05,-35.07,-22.98,-13.83
267,-0.15,-0.26,1.13,-24.08,-20.77,-4.86
268,-0.1,-0.23,1.13,-12.43,-18.03,0.37
269,-0.07,-0.16,1.08,-4.6,-18.31,-2.14
270,-0.11,-0.09,1.02,-8.4,-5.91,-0.21
271,-0.17,-0.07,1.0,-7.81,-8.97,5.58
272,-0.1,-0.03,0.97,-10.79,-14.14,-0.5
273,-0.07,-0.01,0.95,-12.36,-14.43,-6.0
274,-0.08,-0.02,0.98,-16.37,-17.25,-11.49
275,-0.04,-0.05,1.0,-19.82,-16.76,-14.32
276,-0.07,-0.09,1.02,-16.18,-16.95,-14.53
277,-0.1,-0.1,1.06,-19.88,-13.4,-8.41
278,-0.04,-0.11,1.06,-15.47,-10.9,-5.96
279,-0.05,-0.1,1.03,-14.86,-8.0,-6.51
280,-0.05,-0.09,0.99,-12.4,-6.24,-3.89
281,-0.08,-0.11,1.01,-12.73,-3.3,0.43
282,-0.07,-0.11,1.02,-12.98,-3.27,2.84
283,-0.02,-0.1,1.01,-12.93,-6.26,-2.45
284,0.01,-0.08,1.0,-9.77,-8.65,-11.21
285,0.0,-0.06,0.99,-6.45,-13.51,-17.88
286,-0.02,-0.02,0.97,-8.54,-14.5,-18.62
287,-0.04,0.01,0.91,-14.31,-9.69,-15.66
288,-0.05,-0.01,0.92,-19.3,-7.36,-12.8
289,-0.03,-0.05,0.93,-21.18,-8.01,-13.05
290,-0.03,-0.07,0.94,-22.91,-8.0,-14.47
291,-0.06,-0.1,0.97,-23.56,-7.94,-13.13
292,-0.06,-0.11,0.95,-22.83,-7.05,-12.62
293,-0.09,-0.14,0.96,-22.64,-10.78,-17.18
294,-0.08,-0.18,1.01,-18.89,-12.72,-18.38
295,-0.08,-0.18,1.03,-13.52,-15.85,-17.2
296,-0.02,-0.14,1.02,-8.11,-15.95,-15.19
297,0.04,-0.12,1.0,-3.44,-10.82,-15.79
298,0.05,-0.1,0.97,-4.85,-2.53,-15.37
299,0.03,-0.12,0.97,-2.82,5.17,-11.8
300,-0.04,-0.12,0.98,-1.31,8.58,-8.56
301,-0.11,-0.07,0.96,-6.15,3.99,-7.6
302,-0.11,-0.09,0.93,-2.05,-2.12,-7.27
303,-0.09,-0.11,0.92,-3.67,-7.95,-8.92
304,-0.07,-0.13,0.92,-6.62,-13.43,-9.6
305,-0.01,-0.15,0.96,-12.5,-10.75,-9.36
306,0.04,-0.18,0.98,-13.35,-5.79,-10.69
307,0.02,-0.2,0.99,-14.38,-0.84,-14.4
308,-0.02,-0.21,1.01,-14.33,2.12,-17.13
309,-0.05,-0.22,1.02,-12.98,0.95,-18.51
310,-0.06,-0.21,1.0,-10.54,-0.13,-16.29
311,-0.06,-0.21,1.0,-7.94,-2.01,-15.79
312,-0.06,-0.22,1.0,-4.65,-2.82,-12.3
313,-0.03,-0.21,0.99,-2.42,-0.11,-10.87
314,-0.07,-0.17,0.96,-2.77,-3.16,-9.6
315,-0.1,-0.15,0.94,-1.34,-3.98,-6.89
316,-0.1,-0.14,0.9,-3.02,-7.32,-5.6
317,-0.07,-0.12,0.86,-12.06,-8.97,-4.52
318,0.03,-0.14,0.86,-19.18,-4.26,-4.05
319,0.02,-0.16,0.88,-24.97,-0.81,-6.69
320,-0.01,-0.18,0.95,-27.79,0.23,-9.22
321,-0.01,-0.22,0.95,-27.91,1.46,-10.19
322,-0.05,-0.29,1.01,-22.07,-0.13,-5.31
323,-0.02,-0.31,1.03,-11.02,-8.21,-0.78
324,0.03,-0.31,0.99,-10.86,-3.24,-5.27
325,0.02,-0.28,1.0,-11.19,0.5,-7.5
326,0.01,-0.27,1.01,-7.97,-0.03,-8.55
327,0.01,-0.23,0.97,-6.6,-0.22,-9.69
328,0.01,-0.21,0.93,-8.5,3.04,-8.47
329,-0.01,-0.19,0.9,-12.93,4.66,-10.66
330,-0.06,-0.19,0.92,-16.7,0.01,-12.11
331,-0.07,-0.22,0.95,-15.91,-2.46,-7.98
332,-0.02,-0.24,0.96,-13.03,1.06,-3.61
333,-0.02,-0.22,0.96,-14.25,1.92,-5.0
334,0.01,-0.24,0.96,-12.4,1.37,-8.24
335,-0.0,-0.26,1.0,-6.48,-0.16,-9.28
336,0.0,-0.26,1.0,-4.47,-6.96,-12.1
337,0.01,-0.21,0.96,-5.38,-3.0,-11.17
338,-0.03,-0.2,0.96,-6.69,-4.16,-11.68
339,-0.03,-0.19,0.95,-7.83,-6.11,-12.05
340,-0.06,-0.18,0.95,-10.15,-5.84,-8.58
341,-0.06,-0.18,0.95,-11.16,-5.95,-1.87
342,-0.06,-0.2,0.96,-10.34,-7.6,-0.02
343,-0.01,-0.21,0.98,-8.88,-7.4,-0.29
344,0.01,-0.2,0.97,-8.61,-8.9,-6.12
345,0.01,-0.2,0.96,-7.91,-8.38,-8.92
346,0.0,-0.2,0.98,-5.73,-7.37,-9.15
347,-0.0,-0.19,0.97,-4.97,-5.09,-9.26
348,-0.01,-0.18,0.95,-6.67,-4.4,-8.34
349,-0.0,-0.18,0.95,-8.18,-3.4,-6.15
350,-0.02,-0.18,0.95,-9.59,-2.69,-7.66
351,-0.05,-0.18,0.96,-10.5,-3.35,-6.35
352,-0.05,-0.18,0.96,-12.44,-2.38,-3.73
353,-0.04,-0.19,0.97,-13.18,-2.43,-1.84
354,-0.06,-0.2,0.97,-14.22,-2.26,-0.69
355,-0.09,-0.22,0.98,-13.29,-2.63,2.64
356,-0.06,-0.24,1.0,-11.19,-5.81,4.24
357,-0.03,-0.25,0.99,-10.81,-8.81,2.3
358,-0.02,-0.27,1.0,-9.08,-8.65,1.08
359,-0.03,-0.29,1.02,-7.56,-8.6,4.56
360,-0.03,-0.28,1.02,-5.56,-7.72,6.47
361,-0.01,-0.28,1.01,-5.56,-6.64,5.85
362,0.04,-0.3,1.0,-4.15,-6.65,0.77
363,0.02,-0.3,0.99,-3.24,-3.12,-4.26
364,-0.01,-0.31,1.01,-3.43,-0.1,-5.5
365,-0.02,-0.29,0.99,-3.69,1.56,-4.0
366,-0.04,-0.27,1.01,-3.36,2.26,-1.56
367,0.07,-0.36,1.12,30.6,6.94,3.63
368,-0.01,-0.21,1.02,2.89,3.47,-2.51
369,-0.06,-0.22,0.97,3.21,2.02,-1.26
370,-0.01,-0.21,0.99,3.5,2.53,-3.3
371,0.0,-0.2,0.98,4.6,2.55,-4.41
372,0.02,-0.19,0.95,5.35,2.05,-6.95
373,-0.0,-0.16,0.94,6.13,0.85,-7.51
374,0.01,-0.15,0.93,5.33,-0.08,-7.78
375,0.01,-0.16,0.94,4.58,-0.66,-8.06
376,-0.02,-0.16,0.94,4.64,-0.56,-5.15
377,-0.01,-0.17,0.92,3.8,-0.92,-4.95
378,0.03,-0.17,0.92,2.37,0.5,-5.37
379,-0.02,-0.18,0.93,0.89,4.02,-5.22
380,-0.07,-0.19,0.92,-2.06,3.53,-3.16
381,-0.08,-0.19,0.93,-3.87,2.56,-2.0
382,-0.09,-0.19,0.95,-4.74,-0.87,-2.45
383,-0.07,-0.2,0.98,-3.62,-5.61,-2.7
384,-0.05,-0.19,1.0,-1.89,-9.44,-4.67
385,-0.02,-0.17,0.99,-1.61,-10.62,-5.36
386,0.03,-0.17,0.99,-3.52,-8.4,-3.52
387,0.07,-0.19,1.0,-4.37,-3.33,-2.37
388,0.08,-0.21,1.0,-3.37,1.14,-2.49
389,0.07,-0.24,1.03,-2.76,5.64,-2.7
390,0.03,-0.25,1.04,-0.46,7.62,-3.98
391,-0.01,-0.26,1.02,2.89,8.06,-3.57
392,-0.05,-0.24,0.99,4.55,5.7,-3.54
393,-0.08,-0.2,0.96,4.74,3.06,-2.37
394,-0.1,-0.17,0.94,3.79,0.19,-0.48
395,-0.07,-0.16,0.92,2.4,-2.55,1.73
396,-0.04,-0.16,0.92,-0.82,-1.83,1.82
397,-0.0,-0.16,0.93,-3.07,-1.5,0.62
398,0.02,-0.16,0.93,-4.4,0.23,-1.32
399,0.0,-0.17,0.96,-4.86,1.09,-2.07
