,accel_x,accel_y,accel_z,gyro_x,gyro_y,gyro_z
0,-0.14,0.2,0.95,-0.63,1.72,-2.24
1,-0.16,0.2,0.94,-0.73,1.32,-3.79
2,-0.14,0.2,0.93,-2.14,-0.99,-5.76
3,-0.14,0.21,0.93,-1.98,-0.05,-6.24
4,-0.14,0.2,0.93,-2.51,-1.02,-7.02
5,-0.14,0.21,0.92,-2.9,-2.8,-7.51
6,-0.14,0.21,0.91,-3.35,-2.04,-7.56
7,-0.15,0.21,0.92,-2.61,-0.47,-6.86
8,-0.14,0.21,0.91,-3.5,1.7,-7.1
9,-0.14,0.22,0.9,-4.15,1.18,-7.59
10,-0.15,0.22,0.89,-6.14,2.2,-9.15
11,-0.17,0.2,0.92,-6.37,3.74,-9.14
12,-0.17,0.18,0.92,-7.85,6.86,-9.17
13,-0.17,0.17,0.95,-7.92,7.98,-11.61
14,-0.2,0.16,0.96,-7.44,5.56,-12.33
15,-0.2,0.16,0.96,-6.21,4.85,-12.44
16,-0.22,0.16,0.95,-5.98,5.21,-11.76
17,-0.22,0.17,0.95,-5.4,4.19,-9.97
18,-0.23,0.16,0.98,-5.19,4.97,-6.67
19,-0.22,0.16,0.95,-3.34,1.48,-5.05
20,-0.22,0.16,0.96,-3.31,-0.89,-5.12
21,-0.2,0.16,0.96,-2.81,-1.88,-4.19
22,-0.18,0.16,0.96,-2.79,0.3,-3.32
23,-0.19,0.17,0.95,-3.57,-0.65,-3.56
24,-0.18,0.17,0.96,-2.7,0.5,-3.61
25,-0.18,0.17,0.96,-2.13,-1.18,-3.81
26,-0.16,0.17,0.96,-2.15,-1.21,-4.37
27,-0.16,0.16,0.96,-2.18,-0.27,-4.29
28,-0.17,0.16,0.95,-2.33,1.18,-4.15
29,-0.2,0.15,0.95,-3.02,2.61,-3.49
30,-0.21,0.16,0.94,-4.02,0.18,-2.92
31,-0.2,0.16,0.95,-4.43,-3.47,-3.6
32,-0.2,0.15,0.97,-3.76,-5.8,-2.98
33,-0.2,0.16,0.97,-3.23,-5.94,-2.09
34,-0.19,0.16,0.98,-2.37,-2.97,-1.0
35,-0.19,0.15,0.98,-1.53,-2.31,-0.51
36,-0.19,0.17,0.96,-1.92,-1.16,-1.34
37,-0.2,0.16,0.97,-2.23,-0.51,-0.82
38,-0.19,0.17,0.98,-1.83,0.2,-0.08
39,-0.19,0.16,0.96,-0.95,0.28,0.51
40,-0.19,0.16,0.97,-0.75,-1.4,0.14
41,-0.19,0.16,0.98,-0.23,-1.57,0.63
42,-0.18,0.17,0.99,1.97,1.85,2.44
43,-0.16,0.18,0.96,1.99,2.65,2.27
44,-0.17,0.18,0.94,1.57,2.87,0.85
45,-0.18,0.17,0.96,1.46,3.4,0.93
46,-0.19,0.18,0.96,1.87,2.11,0.02
47,-0.18,0.18,0.94,2.42,0.1,-0.85
48,-0.17,0.19,0.94,2.49,-0.47,-0.86
49,-0.15,0.2,0.92,2.16,-0.28,-1.53
50,-0.13,0.21,0.91,0.89,-2.23,-2.7
51,-0.13,0.2,0.91,-0.42,-5.53,-4.01
52,-0.14,0.2,0.91,-1.78,-7.52,-5.74
53,-0.16,0.2,0.91,-1.88,-5.99,-4.71
54,-0.17,0.21,0.9,-3.28,-5.89,-3.45
55,-0.19,0.2,0.91,-3.34,-5.32,-3.41
56,-0.17,0.21,0.91,-4.06,-2.85,-3.54
57,-0.18,0.2,0.91,-5.54,-4.01,-5.68
58,-0.18,0.19,0.92,-6.14,-4.42,-6.48
59,-0.18,0.18,0.93,-6.23,-2.73,-5.54
60,-0.18,0.19,0.93,-5.89,-1.68,-4.6
61,-0.19,0.18,0.93,-5.25,-2.09,-3.57
62,-0.19,0.19,0.94,-4.27,-0.91,-2.44
63,-0.19,0.18,0.92,-6.04,-1.3,-2.47
64,-0.18,0.18,0.94,-5.86,-2.81,-2.77
65,-0.18,0.17,0.96,-5.15,-3.76,-2.44
66,-0.18,0.18,0.94,-5.4,-1.52,-2.44
67,-0.18,0.17,0.96,-5.06,-1.69,-1.6
68,-0.18,0.18,0.95,-4.73,-1.35,-1.53
69,-0.18,0.18,0.95,-5.63,-0.51,-1.1
70,-0.18,0.18,0.94,-6.6,-1.61,-1.56
71,-0.17,0.17,0.94,-7.1,-2.44,-1.87
72,-0.18,0.18,0.94,-7.8,-3.6,-2.19
73,-0.17,0.17,0.94,-8.35,-3.58,-2.46
74,-0.15,0.16,0.96,-7.75,-1.91,-2.31
75,-0.15,0.16,0.96,-6.38,-0.23,-2.06
76,-0.15,0.16,0.97,-5.46,1.01,-1.21
77,-0.16,0.17,0.96,-6.33,2.77,-1.07
78,-0.21,0.17,0.96,-5.94,1.76,-0.34
79,-0.19,0.17,0.95,-6.21,-0.9,-0.89
80,-0.17,0.16,0.98,-5.43,-3.14,-2.1
81,-0.17,0.16,0.96,-4.82,-3.99,-1.94
82,-0.17,0.16,0.96,-4.77,-3.37,-1.36
83,-0.17,0.16,0.96,-3.98,-3.53,-0.52
84,-0.17,0.16,0.96,-3.66,-6.37,-1.59
85,-0.16,0.16,0.96,-2.69,-9.19,-1.66
86,-0.17,0.16,0.97,-0.91,-11.13,-0.74
87,-0.15,0.16,0.94,-0.25,-10.05,-2.21
88,-0.14,0.16,0.95,0.18,-6.81,-1.2
89,-0.14,0.16,0.92,-0.57,-2.46,-3.87
90,-0.15,0.16,0.94,-1.84,-1.4,-5.05
91,-0.17,0.16,0.95,-2.76,0.6,-4.53
92,-0.18,0.17,0.94,-3.84,1.53,-4.6
93,-0.19,0.16,0.94,-4.85,-0.15,-4.1
94,-0.2,0.16,0.95,-5.21,-1.02,-3.35
95,-0.2,0.16,0.95,-5.18,-2.58,-2.59
96,-0.18,0.16,0.97,-4.61,-3.81,-2.16
97,-0.16,0.17,0.95,-4.68,-3.7,-3.56
98,-0.15,0.17,0.96,-5.56,-2.95,-4.2
99,-0.16,0.16,0.97,-5.02,-2.05,-3.75
100,-0.15,0.15,0.98,-3.89,0.47,-1.67
101,-0.16,0.15,0.99,-2.53,1.63,-2.25
102,-0.17,0.15,0.98,-0.92,0.08,-2.86
103,-0.17,0.16,0.96,-0.73,-0.03,-2.5
104,-0.17,0.17,0.96,-0.41,-1.15,-1.35
105,-0.15,0.18,0.95,-0.79,-0.46,-1.39
106,-0.14,0.18,0.94,-1.72,0.09,-1.69
107,-0.14,0.19,0.93,-2.47,-0.7,-2.68
108,-0.15,0.17,0.93,-2.92,0.03,-2.78
109,-0.15,0.17,0.93,-2.68,0.02,-3.28
110,-0.16,0.18,0.93,-2.66,0.28,-3.37
111,-0.15,0.17,0.9,-3.16,0.98,-3.68
112,-0.17,0.18,0.89,-3.99,0.97,-3.18
113,-0.18,0.18,0.88,-4.19,1.25,-1.89
114,-0.19,0.19,0.86,-6.52,-0.86,-3.4
115,-0.2,0.2,0.87,-9.31,-1.89,-3.84
116,-0.19,0.19,0.89,-11.83,-1.82,-2.83
117,-0.17,0.18,0.93,-13.61,-2.91,-3.82
118,-0.16,0.16,0.98,-13.63,-3.27,-4.2
119,-0.16,0.14,1.02,-11.43,1.47,-1.21
120,-0.17,0.13,1.02,-10.37,3.55,-0.77
121,-0.17,0.14,1.03,-9.3,1.78,-2.24
122,-0.17,0.13,1.05,-7.4,0.98,-2.95
123,-0.18,0.12,1.07,-5.18,0.84,-2.56
124,-0.17,0.11,1.06,-3.51,0.64,-1.66
125,-0.14,0.09,1.04,-2.69,3.99,-0.67
126,-0.14,0.08,1.04,-3.78,4.64,0.47
127,-0.13,0.05,1.05,-3.87,6.62,-0.22
128,-0.12,0.02,1.06,-2.54,8.58,-0.11
129,-0.14,0.01,1.03,-1.73,7.47,-0.75
130,-0.16,0.01,1.04,-2.29,6.31,-3.55
131,-0.2,-0.01,1.03,-1.56,7.02,-1.4
132,-0.22,-0.0,1.0,-1.66,5.44,0.93
133,-0.24,-0.03,0.99,-1.32,1.51,1.39
134,-0.27,-0.08,0.99,-1.38,-6.79,3.21
135,-0.29,-0.14,0.99,-0.33,-13.56,6.46
136,-0.26,-0.2,1.01,2.5,-17.81,14.07
137,-0.23,-0.28,0.98,6.53,-20.44,18.0
138,-0.18,-0.33,0.95,8.24,-21.75,22.77
139,-0.1,-0.36,0.95,6.69,-22.99,26.06
140,0.06,-0.41,0.96,11.04,-17.71,22.55
141,0.06,-0.4,0.96,17.96,-13.36,12.37
142,-0.08,-0.33,0.88,25.29,-13.26,12.14
143,-0.24,-0.27,0.77,25.35,-16.82,16.35
144,-0.29,-0.23,0.71,18.71,-17.61,25.84
145,-0.22,-0.2,0.73,9.25,-20.11,29.79
146,-0.15,-0.18,0.81,2.4,-26.17,29.33
147,-0.07,-0.23,0.98,-1.01,-32.1,24.26
148,-0.07,-0.26,1.15,6.54,-27.69,29.6
149,-0.01,-0.21,1.13,16.66,-10.27,37.47
150,-0.04,-0.11,1.11,25.77,-7.09,40.21
151,-0.11,-0.02,0.99,29.31,-16.29,37.02
152,-0.17,0.09,0.89,27.66,-23.74,35.05
153,-0.15,0.18,0.83,19.89,-37.2,29.69
154,-0.1,0.24,0.85,8.51,-46.84,24.55
155,-0.02,0.27,0.94,1.13,-43.18,24.1
156,0.08,0.31,0.98,-6.7,-33.43,21.98
157,0.11,0.33,1.02,-10.0,-20.44,20.85
158,0.13,0.37,0.99,-14.16,-8.56,16.56
159,0.09,0.41,0.95,-23.17,2.77,11.76
160,-0.01,0.42,0.95,-24.38,7.11,11.89
161,0.01,0.44,0.92,-29.77,21.94,13.18
162,-0.02,0.46,0.89,-33.39,22.43,8.6
163,-0.02,0.46,0.9,-35.18,17.75,3.53
164,-0.0,0.43,0.89,-35.29,17.15,0.27
165,-0.01,0.42,0.88,-35.63,19.98,-0.6
166,-0.01,0.42,0.82,-38.44,20.36,-5.48
167,-0.03,0.38,0.84,-42.48,18.33,-11.85
168,-0.05,0.36,0.86,-44.45,18.96,-14.6
169,-0.07,0.34,0.9,-45.65,23.18,-16.05
170,-0.05,0.34,0.88,-45.53,25.98,-19.54
171,-0.07,0.34,0.87,-44.94,23.44,-25.45
172,-0.13,0.31,0.89,-42.41,27.37,-24.95
173,-0.13,0.29,0.87,-39.38,32.47,-21.88
174,-0.14,0.27,0.88,-35.66,26.85,-25.06
175,-0.11,0.28,0.85,-32.05,25.72,-26.15
176,-0.14,0.31,0.83,-32.79,21.35,-27.82
177,-0.12,0.31,0.85,-36.65,14.63,-32.76
178,-0.08,0.32,0.92,-38.57,20.3,-34.31
179,-0.09,0.29,1.0,-37.92,34.37,-32.22
180,-0.14,0.28,1.02,-38.04,34.28,-33.93
181,-0.2,0.28,1.06,-29.23,41.58,-31.92
182,-0.32,0.32,1.06,-25.04,38.73,-28.09
183,-0.37,0.36,1.04,-20.4,30.6,-23.47
184,-0.43,0.4,1.0,-13.9,22.65,-19.7
185,-0.42,0.42,1.0,-11.02,4.89,-11.33
186,-0.4,0.41,1.06,-8.59,-11.31,-5.79
187,-0.35,0.41,1.08,-4.91,-26.08,0.89
188,-0.25,0.45,1.02,-5.02,-27.08,4.18
189,-0.17,0.47,0.99,-10.96,-30.77,4.45
190,-0.13,0.46,0.98,-16.76,-22.79,3.8
191,-0.06,0.4,1.03,-24.64,-15.18,-0.13
192,-0.06,0.35,1.05,-28.04,-6.79,-4.53
193,-0.08,0.26,1.12,-27.42,10.4,-4.06
194,-0.14,0.2,1.1,-26.71,12.66,-8.15
195,-0.24,0.16,1.14,-21.11,8.12,-8.96
196,-0.29,0.12,1.16,-14.06,-0.11,-8.04
197,-0.26,0.11,1.17,-5.79,-8.33,-6.71
198,-0.21,0.09,1.18,1.41,-13.33,-6.69
199,-0.17,0.09,1.18,11.13,-13.33,-5.08
200,-0.14,0.1,1.11,18.66,-19.37,-6.39
201,-0.14,0.12,1.02,22.73,-23.34,-9.56
202,-0.12,0.15,0.96,23.22,-22.4,-11.41
203,-0.1,0.18,0.91,18.78,-20.72,-12.21
204,-0.11,0.21,0.87,12.31,-14.49,-11.16
205,-0.11,0.21,0.86,5.21,-9.95,-10.94
206,-0.11,0.16,0.94,1.6,-5.15,-10.12
207,-0.13,0.11,1.02,3.96,2.43,-3.53
208,-0.17,0.13,0.95,6.04,0.65,-2.0
209,-0.23,0.14,0.94,5.3,-4.1,-1.13
210,-0.26,0.15,0.93,5.16,-7.61,2.71
211,-0.25,0.16,0.93,4.43,-14.05,5.42
212,-0.26,0.18,0.93,2.87,-27.22,4.02
213,-0.23,0.2,0.93,-1.15,-34.11,2.02
214,-0.18,0.16,1.01,-2.47,-27.78,4.06
215,-0.18,0.09,1.09,3.5,-17.16,9.89
216,-0.17,0.09,1.09,13.66,-14.71,13.03
217,-0.15,0.12,1.01,21.92,-18.69,13.4
218,-0.13,0.18,0.91,23.41,-21.75,12.21
219,-0.07,0.23,0.82,16.21,-22.36,8.96
220,0.0,0.26,0.79,5.6,-15.89,6.95
221,0.01,0.23,0.81,-5.32,-2.65,6.15
222,-0.0,0.15,0.89,-8.19,16.36,10.34
223,-0.04,0.12,0.93,-6.28,28.24,14.75
224,-0.1,0.11,0.91,-1.0,27.05,14.45
225,-0.17,0.09,0.89,7.82,22.18,15.55
226,-0.2,0.11,0.94,10.5,-4.28,11.71
227,-0.19,0.1,0.94,12.68,-24.41,5.43
228,-0.17,0.08,1.0,12.68,-39.92,0.56
229,-0.14,0.06,1.03,12.5,-32.1,5.73
230,-0.12,0.05,1.07,11.62,-23.16,8.79
231,-0.12,0.05,1.1,12.42,-14.73,11.37
232,-0.14,0.06,1.09,14.94,-7.6,16.0
233,-0.14,0.1,1.05,15.43,-6.04,16.18
234,-0.11,0.12,1.05,16.04,-5.29,14.18
235,-0.1,0.14,1.06,16.66,-6.47,12.55
236,-0.06,0.17,1.03,19.23,-4.8,10.4
237,-0.05,0.17,1.02,22.01,-6.77,6.56
238,-0.04,0.17,0.98,28.51,-3.3,5.63
239,-0.03,0.19,0.95,27.51,-8.82,4.09
240,-0.03,0.22,0.88,25.46,-10.15,1.62
241,-0.05,0.22,0.87,20.02,-14.79,-2.78
242,-0.04,0.21,0.9,17.02,-7.23,0.75
243,-0.04,0.21,0.89,12.85,-2.4,0.37
244,-0.07,0.21,0.9,7.82,-3.08,-2.56
245,-0.09,0.19,0.93,4.19,-0.66,-3.66
246,-0.1,0.16,0.97,2.89,2.63,-2.35
247,-0.1,0.15,0.99,5.11,7.17,-0.76
248,-0.13,0.14,1.0,8.58,2.56,-1.44
249,-0.11,0.15,1.01,12.98,-2.16,-1.18
250,-0.09,0.17,0.96,17.47,-1.64,-1.4
251,-0.07,0.22,0.94,14.63,-4.96,-2.12
252,-0.02,0.25,0.9,11.38,-3.76,-2.67
253,0.0,0.29,0.86,5.89,-5.37,-6.8
254,-0.0,0.28,0.85,-1.08,-8.23,-11.2
255,-0.01,0.26,0.86,-8.44,-6.6,-12.97
256,-0.03,0.25,0.87,-15.91,-2.31,-12.15
257,-0.05,0.19,0.9,-22.55,0.09,-13.66
258,-0.1,0.12,0.99,-24.77,6.89,-11.13
259,-0.11,0.09,1.04,-23.59,13.47,-8.27
260,-0.12,0.06,1.08,-17.42,15.98,-5.77
261,-0.11,0.05,1.09,-9.47,16.37,-5.15
262,-0.12,0.06,1.05,-1.58,12.66,-5.62
263,-0.13,0.08,1.0,3.16,7.24,-6.27
264,-0.12,0.11,0.96,4.2,3.22,-5.29
265,-0.1,0.15,0.91,1.02,-0.76,-6.46
266,-0.08,0.17,0.87,-5.57,-0.15,-9.64
267,-0.06,0.15,0.91,-11.79,5.05,-10.56
268,-0.06,0.11,1.0,-12.7,13.53,-7.62
269,-0.04,0.06,1.05,-6.78,27.03,-3.04
270,-0.05,0.07,1.03,0.37,28.63,-3.44
271,-0.12,0.11,0.96,5.46,16.6,-8.18
272,-0.11,0.11,0.93,6.34,9.35,-8.17
273,-0.12,0.14,0.9,3.3,7.45,-9.42
274,-0.09,0.15,0.88,-1.6,7.35,-13.47
275,-0.12,0.12,0.91,-5.52,8.69,-14.1
276,-0.15,0.1,0.95,-6.89,16.83,-8.02
277,-0.16,0.11,0.94,-6.82,22.01,-3.32
278,-0.1,0.12,0.92,-6.66,21.25,-4.31
279,-0.08,0.11,0.92,-5.41,17.56,-8.05
280,-0.09,0.11,0.93,-4.68,16.24,-10.03
281,-0.16,0.11,0.94,-3.92,17.22,-9.47
282,-0.19,0.09,0.95,-4.95,14.09,-8.26
283,-0.17,0.08,0.99,-5.53,12.8,-7.83
284,-0.16,0.05,1.02,-4.5,11.69,-6.55
285,-0.15,0.04,1.07,-1.46,11.47,-5.67
286,-0.15,0.04,1.09,3.14,9.69,-6.15
287,-0.17,0.06,1.07,6.02,6.19,-5.47
288,-0.16,0.09,1.05,8.6,4.34,-5.26
289,-0.15,0.11,1.01,6.49,3.47,-6.34
290,-0.15,0.1,1.0,4.85,6.79,-5.77
291,-0.17,0.11,1.0,3.59,7.5,-3.41
292,-0.18,0.11,0.99,2.91,9.49,-1.29
293,-0.15,0.11,0.99,5.15,6.98,-1.02
294,-0.15,0.13,0.98,6.01,4.83,-1.58
295,-0.15,0.13,0.96,5.92,5.34,-1.66
296,-0.16,0.14,0.95,7.19,8.46,0.31
297,-0.14,0.16,0.92,6.08,7.84,-1.66
298,-0.13,0.18,0.89,4.68,1.61,-6.48
299,-0.11,0.17,0.91,3.21,1.48,-8.0
300,-0.11,0.16,0.92,2.05,4.31,-8.71
301,-0.09,0.16,0.9,-0.05,7.67,-10.34
302,-0.11,0.16,0.9,-2.05,12.44,-10.89
303,-0.14,0.15,0.89,-3.56,14.69,-11.65
304,-0.17,0.13,0.92,-3.52,11.93,-13.28
305,-0.18,0.09,0.95,-0.82,12.6,-12.47
306,-0.21,0.08,0.99,5.18,13.16,-10.17
307,-0.23,0.1,0.96,10.73,9.45,-8.18
308,-0.25,0.13,0.92,12.12,3.27,-6.82
309,-0.23,0.14,0.89,11.46,1.63,-2.85
310,-0.2,0.16,0.87,8.56,2.34,-1.51
311,-0.23,0.16,0.85,5.31,2.58,0.47
312,-0.22,0.16,0.88,2.02,3.7,3.83
313,-0.2,0.15,0.89,-0.2,11.44,7.66
314,-0.13,0.16,0.88,-2.63,13.32,6.33
315,-0.08,0.14,0.87,-5.95,11.46,-2.02
316,-0.07,0.14,0.88,-9.67,8.57,-11.85
317,-0.08,0.12,0.9,-10.01,5.8,-19.49
318,-0.19,0.1,0.94,-8.23,5.84,-19.05
319,-0.23,0.08,0.95,-5.0,11.21,-14.05
320,-0.24,0.1,0.95,-3.32,10.53,-11.27
321,-0.22,0.1,0.94,-0.95,13.21,-8.79
322,-0.21,0.1,0.93,-0.97,12.63,-7.08
323,-0.2,0.11,0.93,-2.56,11.27,-6.37
324,-0.17,0.12,0.92,-4.31,13.58,-7.22
325,-0.18,0.14,0.95,-4.27,15.1,-8.26
326,-0.27,0.18,0.91,-3.71,9.94,-8.98
327,-0.37,0.22,0.87,-8.56,-0.15,-8.2
328,-0.36,0.2,0.92,-12.18,-8.57,-4.64
329,-0.32,0.16,0.96,-12.79,-15.5,-2.49
330,-0.29,0.13,0.98,-11.34,-20.0,0.01
331,-0.26,0.11,1.0,-9.75,-23.66,2.98
332,-0.19,0.09,1.01,-8.51,-23.85,4.5
333,-0.14,0.08,1.02,-6.56,-22.47,4.53
334,-0.08,0.08,1.02,-4.83,-21.74,1.24
335,-0.05,0.08,1.02,-3.64,-19.05,-3.7
336,-0.07,0.08,1.02,-2.79,-10.93,-4.79
337,-0.11,0.09,1.03,-1.96,-4.05,-3.46
338,-0.12,0.09,1.03,-1.13,2.06,-2.01
339,-0.15,0.1,1.01,0.33,4.24,-0.87
340,-0.15,0.12,1.0,1.6,4.5,-0.09
341,-0.17,0.13,0.99,3.01,2.8,-0.56
342,-0.2,0.15,0.99,6.33,0.31,0.07
343,-0.2,0.17,0.96,5.89,-1.17,1.88
344,-0.19,0.19,0.93,3.7,-2.2,0.2
345,-0.18,0.21,0.91,0.95,-2.18,-1.4
346,-0.17,0.21,0.92,-0.73,-0.03,-1.17
347,-0.15,0.19,0.94,-1.11,2.91,-0.21
348,-0.13,0.2,0.94,-0.93,5.51,-1.63
349,-0.14,0.2,0.94,-0.83,6.92,-2.91
350,-0.15,0.19,0.92,-0.56,6.99,-3.29
351,-0.17,0.21,0.92,-0.7,5.15,-4.73
352,-0.18,0.2,0.92,-2.21,3.98,-4.93
353,-0.2,0.19,0.93,-2.69,2.12,-5.5
354,-0.21,0.19,0.92,-2.6,3.5,-3.35
355,-0.19,0.19,0.93,-2.91,0.92,-2.87
356,-0.19,0.18,0.93,-2.89,0.95,-2.82
357,-0.18,0.17,0.92,-3.33,0.15,-4.73
358,-0.18,0.17,0.93,-3.69,-1.16,-6.5
359,-0.18,0.17,0.93,-2.98,-0.12,-7.37
360,-0.22,0.18,0.91,-4.6,-0.58,-8.34
361,-0.24,0.17,0.91,-6.44,0.4,-8.3
362,-0.23,0.15,0.93,-7.31,1.63,-6.75
363,-0.25,0.14,0.94,-6.52,1.76,-6.07
364,-0.24,0.13,0.95,-4.95,0.76,-5.47
365,-0.24,0.13,0.95,-3.24,0.82,-4.42
366,-0.25,0.15,0.92,-2.82,-5.17,-6.24
367,-0.23,0.13,0.94,-3.12,-5.64,-8.32
368,-0.23,0.12,0.95,-2.21,-3.69,-5.98
369,-0.25,0.13,0.95,-1.93,-0.85,-3.58
370,-0.23,0.14,0.97,-1.25,0.52,-0.31
371,-0.24,0.15,0.96,-1.31,-1.02,0.44
372,-0.23,0.16,0.95,-1.33,-1.88,-0.12
373,-0.24,0.16,0.97,-1.69,-3.34,1.27
374,-0.24,0.15,0.95,-0.14,-6.05,1.76
375,-0.24,0.15,0.95,0.85,-6.53,2.01
376,-0.21,0.14,0.94,0.75,-7.43,0.95
377,-0.19,0.15,0.93,0.21,-6.02,0.21
378,-0.19,0.14,0.95,0.3,-1.14,1.53
379,-0.19,0.16,0.93,-1.08,-1.65,-0.2
380,-0.2,0.17,0.93,-2.12,-3.39,-1.32
381,-0.22,0.16,0.94,-1.95,-4.66,-1.41
382,-0.21,0.16,0.94,-2.03,-6.13,-1.62
383,-0.18,0.16,0.93,-2.96,-5.24,-2.11
384,-0.19,0.16,0.94,-3.01,-4.41,-2.12
385,-0.21,0.15,0.94,-3.53,-4.48,-1.5
386,-0.2,0.17,0.93,-5.11,-4.36,-1.4
387,-0.19,0.17,0.95,-5.96,-5.38,-2.27
388,-0.18,0.16,0.97,-6.25,-4.05,-2.07
389,-0.17,0.16,0.97,-7.19,-1.31,-1.35
390,-0.19,0.15,0.98,-6.67,-0.15,0.2
391,-0.21,0.16,1.0,-5.69,-0.18,0.47
392,-0.2,0.16,0.99,-4.4,-1.76,-0.28
393,-0.19,0.15,0.99,-2.67,-3.08,-0.63
394,-0.18,0.16,0.99,-1.03,-4.03,-1.11
395,-0.18,0.16,0.98,-0.04,-3.81,-0.95
396,-0.18,0.16,0.97,0.95,-4.59,-1.17
397,-0.15,0.16,0.96,2.41,-6.78,-3.24
398,-0.15,0.16,0.96,2.94,-9.71,-5.34
399,-0.15,0.16,0.96,2.82,-8.81,-5.39
400,-0.14,0.17,0.95,2.75,-5.18,-4.21
