,accel_x,accel_y,accel_z,gyro_x,gyro_y,gyro_z
0,-0.11,-0.15,1.01,15.17,-10.13,11.21
1,-0.09,-0.14,0.97,15.24,-8.93,8.73
2,-0.05,-0.12,0.96,12.78,-2.98,7.2
3,-0.06,-0.11,0.94,9.89,3.32,6.5
4,-0.08,-0.11,0.93,7.59,6.17,4.21
5,-0.11,-0.12,0.94,6.36,6.76,3.66
6,-0.13,-0.12,0.92,4.68,7.06,3.11
7,-0.15,-0.11,0.93,2.08,3.4,2.54
8,-0.16,-0.11,0.92,-0.47,1.07,3.1
9,-0.16,-0.12,0.95,-1.69,-1.63,3.08
10,-0.16,-0.13,0.96,-1.67,-4.53,3.69
11,-0.14,-0.13,0.96,-0.95,-6.3,4.76
12,-0.13,-0.12,0.96,-0.63,-6.66,5.21
13,-0.12,-0.12,0.98,-0.71,-6.13,7.5
14,-0.11,-0.12,0.99,-0.16,-7.16,5.91
15,-0.1,-0.12,0.98,0.66,-7.4,4.68
16,-0.08,-0.1,0.98,1.32,-5.24,5.18
17,-0.07,-0.1,0.97,1.31,-4.05,4.87
18,-0.07,-0.08,0.95,0.67,-3.84,3.82
19,-0.06,-0.09,0.94,-0.89,-3.15,2.77
20,-0.06,-0.09,0.97,-2.34,-2.58,1.98
21,-0.06,-0.09,0.97,-1.91,-3.92,1.87
22,-0.06,-0.09,0.98,-3.2,-3.62,-3.04
23,-0.06,-0.11,1.01,-3.13,-2.76,-4.63
24,-0.07,-0.11,1.02,-2.24,-0.05,-6.12
25,-0.08,-0.11,1.01,-1.59,1.82,-7.4
26,-0.08,-0.12,1.0,-0.82,3.89,-7.53
27,-0.1,-0.12,0.98,-0.53,5.5,-5.39
28,-0.11,-0.12,0.99,-0.93,4.68,-6.0
29,-0.11,-0.13,0.99,-1.21,2.17,-7.57
30,-0.12,-0.13,0.99,-0.18,0.9,-8.78
31,-0.12,-0.14,1.01,0.21,0.89,-7.79
32,-0.13,-0.14,1.0,1.15,1.28,-6.51
33,-0.13,-0.13,1.0,1.82,0.85,-5.95
34,-0.12,-0.12,0.99,1.95,-0.04,-5.98
35,-0.1,-0.11,0.99,1.44,0.4,-6.49
36,-0.1,-0.11,0.99,1.32,0.82,-6.37
37,-0.09,-0.11,1.0,2.02,0.83,-5.56
38,-0.08,-0.12,1.01,3.62,1.69,-5.23
39,-0.1,-0.11,1.01,4.34,2.92,-5.89
40,-0.1,-0.11,1.0,4.73,2.59,-6.62
41,-0.1,-0.09,0.98,4.53,2.23,-7.53
42,-0.11,-0.08,0.96,3.56,1.95,-6.98
43,-0.12,-0.07,0.95,2.18,1.08,-7.17
44,-0.11,-0.06,0.94,1.37,0.54,-5.06
45,-0.1,-0.05,0.93,0.5,0.06,-3.78
46,-0.08,-0.05,0.94,0.36,-0.03,-4.7
47,-0.11,-0.06,0.94,0.9,-0.34,-4.53
48,-0.09,-0.07,0.94,-0.02,-0.98,-5.98
49,-0.09,-0.06,0.93,-0.04,0.19,-6.15
50,-0.1,-0.07,0.95,0.06,2.71,-5.57
51,-0.1,-0.06,0.95,1.0,3.27,-5.5
52,-0.09,-0.06,0.95,2.84,3.85,-4.06
53,-0.09,-0.06,0.94,2.8,3.27,-4.66
54,-0.09,-0.06,0.94,2.35,3.21,-4.47
55,-0.09,-0.06,0.93,2.33,2.84,-4.72
56,-0.09,-0.05,0.92,0.39,3.56,-5.67
57,-0.09,-0.06,0.93,-0.36,5.45,-4.56
58,-0.11,-0.07,0.93,-0.42,5.94,-2.35
59,-0.11,-0.07,0.93,0.54,6.76,-0.62
60,-0.11,-0.07,0.94,0.27,6.66,-1.09
61,-0.12,-0.07,0.94,0.05,4.55,-2.17
62,-0.11,-0.08,0.95,0.79,3.57,-2.74
63,-0.13,-0.08,0.95,0.84,1.3,-2.93
64,-0.14,-0.08,0.95,0.57,-1.06,-3.9
65,-0.13,-0.08,0.96,-0.22,-2.17,-2.74
66,-0.12,-0.09,0.98,-0.4,-2.03,-3.04
67,-0.11,-0.09,1.0,0.16,-0.92,-3.0
68,-0.1,-0.09,1.0,0.51,1.65,-2.99
69,-0.09,-0.08,0.99,2.08,3.15,-1.38
70,-0.11,-0.07,1.0,3.4,4.65,-1.69
71,-0.12,-0.07,0.99,2.82,2.77,-1.08
72,-0.11,-0.06,1.02,3.44,3.11,-2.37
73,-0.1,-0.07,1.01,6.27,4.57,-1.39
74,-0.11,-0.06,0.99,7.76,5.11,-1.53
75,-0.12,-0.05,0.96,6.86,4.27,-3.34
76,-0.15,-0.05,0.95,5.92,2.87,-3.74
77,-0.16,-0.05,0.98,4.93,0.9,-3.08
78,-0.15,-0.06,0.99,5.17,0.23,-0.13
79,-0.13,-0.06,0.98,4.94,0.44,1.97
80,-0.14,-0.05,0.97,3.27,1.79,0.97
81,-0.15,-0.05,0.98,2.52,1.86,0.54
82,-0.16,-0.06,1.0,2.15,1.85,1.08
83,-0.15,-0.06,0.99,3.06,1.37,3.39
84,-0.14,-0.06,0.98,3.23,1.27,4.82
85,-0.13,-0.05,0.98,1.62,-0.5,6.4
86,-0.12,-0.04,0.97,1.73,2.32,7.93
87,-0.13,-0.04,0.96,0.46,2.37,7.95
88,-0.16,-0.04,0.97,0.24,2.61,8.42
89,-0.16,-0.04,0.99,-0.4,1.85,7.58
90,-0.17,-0.04,0.98,-1.08,-1.26,5.3
91,-0.17,-0.03,0.98,-3.34,-3.52,3.09
92,-0.16,-0.04,0.97,-3.17,-2.95,1.85
93,-0.13,-0.04,0.99,-3.05,-2.01,2.01
94,-0.12,-0.06,1.0,-1.63,-1.14,0.4
95,-0.11,-0.07,1.03,0.12,-0.21,-1.65
96,-0.1,-0.06,1.03,1.38,-0.21,-4.49
97,-0.1,-0.05,1.0,2.79,1.09,-5.69
98,-0.12,-0.04,0.98,2.95,0.85,-6.19
99,-0.14,-0.02,0.96,1.65,-1.28,-6.67
100,-0.13,-0.01,0.91,-1.13,0.6,-6.95
101,-0.15,-0.0,0.91,-5.0,2.04,-6.31
102,-0.15,-0.01,0.92,-6.93,1.31,-4.91
103,-0.15,-0.02,0.94,-8.12,-0.44,-5.47
104,-0.13,-0.03,0.96,-7.87,-2.57,-6.26
105,-0.13,-0.05,0.97,-7.11,-2.54,-6.67
106,-0.12,-0.05,0.96,-6.09,-2.55,-7.26
107,-0.12,-0.04,0.96,-6.18,-2.68,-8.19
108,-0.13,-0.04,0.96,-7.79,-3.35,-8.11
109,-0.14,-0.06,0.97,-7.53,-3.59,-6.5
110,-0.14,-0.06,0.95,-8.69,-2.81,-5.92
111,-0.15,-0.05,0.95,-12.72,-3.08,-6.72
112,-0.16,-0.05,0.94,-17.87,-5.15,-8.08
113,-0.15,-0.07,0.97,-20.87,-6.82,-9.47
114,-0.13,-0.08,1.0,-19.88,-5.28,-7.86
115,-0.12,-0.09,1.01,-17.63,-5.73,-7.58
116,-0.11,-0.09,1.01,-14.46,-4.91,-7.6
117,-0.12,-0.08,0.99,-11.66,-5.03,-7.46
118,-0.1,-0.08,1.0,-10.98,-5.53,-7.9
119,-0.09,-0.03,0.99,-12.03,-0.1,-9.95
120,-0.12,-0.07,0.96,-9.5,-6.15,-11.07
121,-0.09,-0.08,0.97,-7.56,-4.51,-6.4
122,-0.1,-0.09,0.98,-6.34,-4.08,-7.35
123,-0.1,-0.09,0.99,-4.32,-4.17,-5.83
124,-0.1,-0.09,0.99,-2.82,-2.56,-3.72
125,-0.11,-0.07,0.97,-3.16,-2.32,-6.22
126,-0.12,-0.07,0.96,-2.46,-0.56,-2.47
127,-0.14,-0.08,0.94,-3.23,0.07,-1.95
128,-0.16,-0.08,0.95,-4.34,-0.34,-0.93
129,-0.14,-0.08,0.93,-3.66,-1.92,0.98
130,-0.15,-0.08,0.93,-4.02,-3.7,1.16
131,-0.13,-0.09,0.96,-5.33,-3.5,2.15
132,-0.1,-0.1,0.99,-4.1,-2.47,3.68
133,-0.09,-0.12,1.02,-0.31,-2.82,4.94
134,-0.08,-0.1,1.02,1.6,-1.76,1.76
135,-0.08,-0.09,1.02,2.25,1.27,1.15
136,-0.1,-0.08,0.99,3.69,2.55,1.9
137,-0.1,-0.07,0.98,4.35,2.11,0.47
138,-0.11,-0.06,0.98,3.86,2.58,-0.56
139,-0.11,-0.05,0.99,2.75,1.97,0.24
140,-0.1,-0.05,0.97,1.53,2.16,0.78
141,-0.11,-0.05,0.96,-0.42,2.29,-0.05
142,-0.11,-0.05,0.97,-1.85,0.54,0.24
143,-0.11,-0.06,0.98,-2.56,0.61,0.92
144,-0.11,-0.07,0.98,-2.56,1.05,1.6
145,-0.14,-0.09,0.99,-1.18,0.32,2.34
146,-0.14,-0.08,0.96,-1.81,-2.29,2.44
147,-0.15,-0.09,0.93,-3.53,-3.56,2.5
148,-0.16,-0.11,0.94,-5.85,-5.19,3.45
149,-0.17,-0.15,0.95,-7.51,-8.5,5.4
150,-0.17,-0.19,0.96,-7.6,-12.85,8.58
151,-0.14,-0.22,0.98,-7.58,-18.76,11.02
152,-0.13,-0.28,0.97,-6.18,-26.14,10.31
153,-0.13,-0.38,1.03,-5.03,-33.71,13.03
154,-0.1,-0.5,1.06,-2.11,-42.27,17.46
155,-0.06,-0.66,1.17,5.42,-48.13,26.51
156,-0.05,-0.85,1.29,10.16,-57.08,27.56
157,-0.01,-1.12,1.45,22.56,-55.86,26.5
158,-0.12,-1.33,1.55,39.75,-51.63,34.51
159,-0.15,-1.57,1.48,60.23,-40.28,49.4
160,-0.16,-1.68,1.39,74.69,-28.86,65.48
161,-0.13,-1.75,1.19,75.09,-7.37,77.46
162,-0.21,-1.8,1.04,67.79,6.02,84.05
163,-0.22,-1.9,1.0,80.94,15.88,94.08
164,-0.2,-1.85,0.94,78.11,4.15,96.97
165,-0.15,-1.82,0.84,71.31,-21.99,81.41
166,-0.07,-1.79,0.97,65.84,-31.05,70.73
167,0.08,-1.64,0.96,74.52,-31.81,71.57
168,0.14,-1.55,0.86,89.8,-48.19,63.95
169,0.09,-1.39,0.95,86.14,-59.57,36.98
170,0.17,-1.12,1.0,80.11,-45.05,26.47
171,0.21,-0.79,0.97,74.09,-21.34,12.89
172,0.28,-0.44,0.94,67.24,12.15,-13.76
173,0.32,-0.06,0.92,57.72,59.55,-26.4
174,0.32,0.3,0.91,60.73,105.21,-38.4
175,0.38,0.6,0.66,34.83,128.23,-77.43
176,0.3,0.9,0.74,27.71,197.76,-61.34
177,0.15,1.18,0.66,38.95,233.11,-23.71
178,0.04,1.52,0.56,46.01,250.13,-2.51
179,0.01,1.74,0.29,47.55,250.13,2.48
180,0.0,1.89,0.36,63.88,247.67,22.4
181,-0.14,1.75,0.3,90.18,181.98,3.4
182,-0.15,1.71,0.42,119.22,84.57,-43.28
183,-0.05,1.68,0.33,148.95,28.09,-50.41
184,-0.04,1.75,0.12,155.53,-60.46,-70.97
185,0.05,1.92,-0.18,111.62,-131.74,-151.43
186,0.2,2.0,-0.24,48.15,-146.81,-208.68
187,0.32,1.8,-0.02,-17.36,-110.89,-249.37
188,0.25,1.45,0.42,-56.64,-56.92,-250.14
189,0.11,1.06,0.8,-61.97,23.49,-250.14
190,-0.15,0.72,0.98,-40.08,97.34,-204.56
191,-0.55,0.48,1.1,-9.54,132.95,-166.61
192,-0.9,0.4,0.98,19.63,118.95,-142.32
193,-1.2,0.46,0.84,39.11,74.55,-128.6
194,-1.27,0.65,0.64,37.59,31.24,-121.2
195,-1.27,0.74,0.56,33.5,-2.83,-101.37
196,-1.24,0.73,0.56,23.85,-28.5,-91.94
197,-1.11,0.68,0.63,19.76,-34.81,-68.08
198,-0.97,0.58,0.72,23.82,-18.98,-26.75
199,-0.9,0.56,0.73,26.27,-9.31,-0.86
200,-0.78,0.58,0.73,26.26,-14.44,11.23
201,-0.66,0.62,0.68,25.14,-18.44,17.45
202,-0.61,0.66,0.6,20.5,-18.61,26.08
203,-0.56,0.7,0.59,11.98,-22.15,31.94
204,-0.48,0.71,0.57,0.07,-31.02,29.85
205,-0.43,0.71,0.62,-10.27,-39.69,30.04
206,-0.4,0.62,0.72,-18.91,-30.81,33.27
207,-0.4,0.51,0.86,-24.29,-13.19,40.58
208,-0.39,0.44,0.96,-24.33,-6.05,48.93
209,-0.35,0.42,0.99,-13.74,-2.56,59.71
210,-0.39,0.42,0.98,-10.59,-6.24,60.28
211,-0.39,0.44,0.97,-5.91,-11.54,62.41
212,-0.38,0.48,0.93,-3.82,-22.34,60.68
213,-0.34,0.5,0.93,-7.56,-30.31,55.85
214,-0.33,0.49,0.96,-14.12,-30.15,51.06
215,-0.32,0.44,0.96,-14.52,-23.22,53.46
216,-0.32,0.41,0.98,-13.73,-16.16,59.15
217,-0.32,0.39,0.95,-11.89,-10.63,62.22
218,-0.36,0.35,0.98,-7.48,-7.38,65.21
219,-0.41,0.35,0.97,-1.21,-7.65,75.75
220,-0.47,0.35,0.92,0.63,-21.24,71.12
221,-0.48,0.33,0.91,0.9,-31.95,64.78
222,-0.49,0.27,0.96,5.4,-39.25,66.82
223,-0.47,0.26,0.98,10.95,-49.05,67.6
224,-0.39,0.23,0.96,15.47,-48.56,70.13
225,-0.33,0.26,0.92,16.66,-41.79,70.44
226,-0.31,0.27,0.87,16.88,-34.69,69.36
227,-0.29,0.3,0.86,16.72,-28.34,70.38
228,-0.23,0.33,0.81,12.9,-24.95,67.44
229,-0.15,0.37,0.77,7.31,-19.44,61.0
230,-0.12,0.37,0.76,1.4,-11.24,55.51
231,-0.15,0.39,0.76,-5.92,-5.39,49.8
232,-0.18,0.38,0.74,-13.51,-4.06,46.08
233,-0.23,0.35,0.75,-21.66,-8.96,38.67
234,-0.29,0.29,0.85,-26.39,-16.93,35.02
235,-0.29,0.22,0.95,-24.16,-23.04,31.7
236,-0.21,0.2,1.0,-14.49,-27.25,28.57
237,-0.17,0.16,1.01,-4.69,-21.58,31.46
238,-0.17,0.25,0.9,-3.06,-28.47,22.45
239,-0.04,0.25,0.88,-2.89,-24.32,19.1
240,-0.1,0.29,0.75,-10.76,-11.39,18.13
241,-0.16,0.31,0.73,-27.5,-7.39,12.57
242,-0.15,0.26,0.78,-37.76,2.46,12.85
243,-0.15,0.22,0.85,-44.53,10.63,14.31
244,-0.15,0.16,0.87,-46.07,7.63,9.7
245,-0.08,0.07,0.98,-42.99,9.21,4.18
246,-0.09,0.03,1.02,-31.27,7.2,4.2
247,-0.14,0.05,0.98,-19.55,0.61,3.89
248,-0.19,0.07,0.92,-15.18,-12.67,-3.51
249,-0.17,0.1,0.91,-18.56,-24.17,-6.89
250,-0.14,0.11,0.87,-22.55,-23.97,-7.03
251,-0.09,0.14,0.9,-30.44,-13.74,-7.28
252,-0.03,0.11,0.9,-36.21,-1.56,-7.45
253,-0.01,0.08,0.91,-38.45,9.29,-7.74
254,-0.02,0.06,0.92,-34.96,17.14,-7.57
255,0.0,0.06,0.92,-29.54,21.54,-6.6
256,-0.08,0.03,0.91,-23.86,25.76,-4.12
257,-0.15,0.01,0.92,-24.26,26.69,-4.45
258,-0.21,-0.01,0.95,-24.92,17.23,-7.51
259,-0.27,-0.0,0.98,-24.39,-3.17,-15.07
260,-0.21,-0.05,1.0,-16.78,-4.97,-10.26
261,-0.22,-0.07,1.09,-9.73,11.47,-4.44
262,-0.22,-0.04,1.1,-0.05,10.93,-0.99
263,-0.14,0.02,1.03,10.53,10.56,3.21
264,-0.12,0.07,0.95,18.32,9.39,-5.08
265,-0.09,0.15,0.87,22.0,4.73,-3.36
266,-0.09,0.21,0.75,17.6,2.85,-0.18
267,-0.09,0.23,0.71,4.51,3.28,-2.85
268,-0.14,0.22,0.75,-11.96,3.83,-2.08
269,-0.23,0.15,0.82,-22.93,0.44,-6.25
270,-0.25,0.04,0.95,-26.78,-7.24,-7.46
271,-0.26,-0.03,1.05,-26.81,-11.94,-8.82
272,-0.26,-0.07,1.14,-18.37,-13.98,-5.31
273,-0.26,-0.05,1.18,-9.97,-19.15,-4.44
274,-0.21,-0.01,1.12,0.61,-19.42,-2.48
275,-0.19,0.07,1.09,3.21,-19.11,-3.5
276,-0.16,0.12,1.0,6.02,-18.02,-5.08
277,-0.12,0.17,0.93,4.22,-14.91,-7.47
278,-0.09,0.21,0.87,-1.66,-3.31,-5.8
279,-0.1,0.24,0.83,-9.82,4.63,-4.11
280,-0.11,0.24,0.79,-18.88,3.02,-6.31
281,-0.14,0.21,0.79,-25.82,-2.5,-12.54
282,-0.19,0.14,0.91,-29.66,-12.82,-20.64
283,-0.18,0.05,1.02,-23.81,-23.67,-21.0
284,-0.14,0.04,1.04,-16.42,-31.6,-21.75
285,-0.09,0.05,1.02,-14.41,-28.83,-22.25
286,-0.08,0.05,1.02,-15.95,-16.85,-20.05
287,-0.13,0.04,1.04,-21.15,-2.56,-18.58
288,-0.17,0.03,1.05,-24.59,6.4,-12.63
289,-0.2,0.05,1.0,-25.73,6.55,-9.0
290,-0.22,0.06,0.98,-26.52,2.12,-10.61
291,-0.19,0.06,1.0,-26.13,-1.4,-7.95
292,-0.18,0.04,1.03,-23.65,-7.08,-9.01
293,-0.16,0.02,1.05,-19.42,-12.34,-11.9
294,-0.11,0.02,1.07,-14.09,-18.18,-12.13
295,-0.07,0.05,1.04,-8.0,-18.11,-13.37
296,-0.03,0.06,1.01,-5.1,-11.49,-15.58
297,-0.05,0.06,1.0,-3.19,-2.99,-12.73
298,-0.07,0.08,0.96,-2.47,2.98,-13.05
299,-0.09,0.1,0.93,-5.48,9.95,-12.53
300,-0.12,0.11,0.93,-7.98,12.73,-11.07
301,-0.14,0.12,0.9,-9.8,10.12,-12.33
302,-0.13,0.12,0.89,-11.03,9.72,-14.4
303,-0.16,0.11,0.95,-11.44,8.28,-16.98
304,-0.18,0.09,0.96,-8.1,2.98,-16.06
305,-0.2,0.08,1.0,-5.53,-3.52,-18.08
306,-0.22,0.06,1.01,-2.63,-8.15,-18.47
307,-0.21,0.07,1.03,0.02,-8.53,-15.66
308,-0.19,0.08,1.02,2.21,-5.69,-13.22
309,-0.17,0.1,0.99,4.37,0.7,-10.52
310,-0.15,0.15,0.96,-0.89,4.03,-8.79
311,-0.15,0.16,0.93,-3.66,9.37,-5.89
312,-0.16,0.17,0.91,-7.8,11.21,-3.79
313,-0.19,0.16,0.92,-12.52,8.99,-6.24
314,-0.19,0.15,0.94,-15.02,6.62,-7.45
315,-0.19,0.13,0.97,-15.86,5.13,-9.56
316,-0.19,0.1,1.03,-13.21,6.97,-7.39
317,-0.19,0.08,1.06,-8.49,7.11,-5.89
318,-0.17,0.08,1.06,-2.02,5.39,-5.24
319,-0.16,0.11,1.0,1.87,5.66,-5.59
320,-0.17,0.12,0.96,0.98,6.64,-5.25
321,-0.21,0.12,0.95,-1.05,3.73,-6.38
322,-0.2,0.12,0.96,-2.12,1.39,-7.53
323,-0.19,0.12,0.96,-2.11,1.64,-6.34
324,-0.19,0.12,0.96,-2.05,4.83,-5.63
325,-0.21,0.1,0.98,-2.79,8.73,-4.66
326,-0.21,0.11,0.97,-1.45,10.54,-2.47
327,-0.24,0.11,0.95,-1.07,11.37,-0.48
328,-0.25,0.11,0.95,-1.5,7.02,-1.2
329,-0.24,0.11,0.96,-1.76,1.75,-2.6
330,-0.21,0.12,0.96,-1.18,-1.81,-2.61
331,-0.19,0.13,0.94,-0.82,-3.52,-2.87
332,-0.19,0.14,0.94,-1.4,-4.66,-2.63
333,-0.17,0.12,0.94,-0.94,-6.38,-4.89
334,-0.19,0.11,0.99,2.27,-6.36,-4.44
335,-0.15,0.1,1.02,8.37,-0.76,-0.75
336,-0.16,0.14,0.95,8.7,1.16,-1.18
337,-0.17,0.14,0.92,6.42,7.1,-5.0
338,-0.08,0.2,0.86,3.13,-0.92,-9.44
339,-0.13,0.2,0.84,0.69,-1.89,-11.27
340,-0.15,0.2,0.84,-2.82,-1.17,-13.97
341,-0.16,0.21,0.86,-6.55,-0.21,-14.26
342,-0.15,0.2,0.85,-8.76,2.95,-10.53
343,-0.16,0.19,0.86,-10.36,6.35,-8.08
344,-0.2,0.17,0.87,-13.74,12.16,-5.12
345,-0.24,0.11,0.94,-17.84,16.4,-3.75
346,-0.26,0.07,1.0,-17.24,15.2,-1.92
347,-0.27,0.06,1.03,-11.78,10.66,0.91
348,-0.28,0.05,1.02,-5.46,4.09,4.71
349,-0.28,0.06,0.99,-2.56,-1.62,5.39
350,-0.27,0.08,0.97,-3.11,-6.31,3.89
351,-0.26,0.09,0.99,-5.24,-7.8,2.83
352,-0.24,0.09,1.0,-5.47,-8.47,3.75
353,-0.21,0.1,0.98,-4.05,-10.13,5.37
354,-0.18,0.13,0.97,-4.62,-9.4,6.05
355,-0.18,0.14,0.95,-6.2,-8.58,5.2
356,-0.19,0.15,0.94,-6.87,-5.79,6.61
357,-0.18,0.16,0.93,-8.3,-3.75,8.51
358,-0.15,0.16,0.93,-8.15,0.17,12.85
359,-0.13,0.15,0.95,-6.08,3.25,18.35
360,-0.16,0.15,0.97,-3.04,6.79,26.17
361,-0.16,0.15,0.97,-1.85,3.79,22.13
362,-0.15,0.15,0.98,-2.0,1.27,18.75
363,-0.15,0.13,1.0,-0.5,-0.24,15.92
364,-0.17,0.14,0.98,0.69,-2.73,11.89
365,-0.18,0.12,0.98,0.83,-4.8,5.55
366,-0.18,0.11,1.01,1.16,-2.79,2.85
367,-0.18,0.09,1.02,1.97,1.99,1.58
368,-0.19,0.11,1.01,1.31,6.27,0.91
369,-0.2,0.11,0.99,0.24,11.02,1.34
370,-0.23,0.11,0.99,-1.16,12.98,0.42
371,-0.24,0.11,0.98,-1.79,11.98,-1.15
372,-0.24,0.12,0.98,-0.37,10.69,0.64
373,-0.25,0.12,0.96,1.69,9.31,0.34
374,-0.25,0.11,0.97,0.56,4.02,-2.2
375,-0.24,0.14,0.95,0.4,1.73,-3.15
376,-0.23,0.14,0.94,0.37,1.05,-2.57
377,-0.22,0.14,0.94,0.85,2.33,-0.86
378,-0.21,0.14,0.93,0.61,2.99,-0.01
379,-0.21,0.15,0.93,1.52,2.51,1.94
380,-0.2,0.17,0.97,2.56,5.04,2.33
381,-0.2,0.18,0.9,2.06,0.18,1.77
382,-0.18,0.18,0.89,0.74,-1.48,0.89
383,-0.17,0.2,0.87,-1.6,0.08,1.44
384,-0.18,0.18,0.85,-3.85,2.23,1.44
385,-0.19,0.17,0.89,-8.98,-5.4,-3.68
386,-0.19,0.14,0.94,-9.92,-7.69,-5.09
387,-0.17,0.11,0.99,-9.4,-9.65,-6.34
388,-0.18,0.1,1.01,-7.87,-7.1,-6.44
389,-0.18,0.1,1.01,-5.4,-5.65,-5.7
390,-0.17,0.12,0.98,-3.39,-4.53,-5.18
391,-0.17,0.13,0.96,-3.54,-3.35,-4.8
392,-0.16,0.14,0.95,-4.57,-3.21,-6.32
393,-0.17,0.13,0.95,-5.55,-3.0,-7.86
394,-0.18,0.12,0.98,-5.24,-3.02,-8.86
395,-0.19,0.12,1.0,-3.5,-3.09,-9.4
396,-0.16,0.13,0.99,-2.76,-2.47,-9.64
397,-0.17,0.14,0.97,-1.63,-2.34,-10.85
398,-0.17,0.13,0.96,-0.4,-1.77,-9.44
399,-0.19,0.13,0.96,-0.97,0.4,-9.1
400,-0.2,0.12,0.95,-0.69,1.2,-8.63
