,accel_x,accel_y,accel_z,gyro_x,gyro_y,gyro_z
0,0.02,0.13,0.9,-0.82,-4.24,-2.69
1,-0.01,0.13,0.86,-3.89,-8.57,-1.45
2,0.01,0.13,0.87,-6.73,-12.11,0.97
3,0.06,0.12,0.89,-9.24,-11.1,2.03
4,0.1,0.1,0.94,-10.39,-11.33,2.63
5,0.13,0.09,0.97,-9.87,-10.09,2.21
6,0.14,0.08,1.0,-8.77,-8.69,1.47
7,0.14,0.08,1.01,-6.99,-6.71,1.66
8,0.13,0.09,1.01,-5.78,-5.62,1.54
9,0.14,0.09,1.0,-5.82,-5.26,1.69
10,0.15,0.1,1.0,-6.82,-2.52,0.66
11,0.14,0.09,1.02,-6.87,0.53,1.27
12,0.14,0.09,1.03,-5.45,1.23,1.53
13,0.14,0.09,1.03,-3.64,0.51,-0.15
14,0.12,0.1,1.02,-2.56,-3.08,-1.6
15,0.14,0.11,1.01,-2.51,-4.15,-2.89
16,0.15,0.12,1.0,-3.82,-0.6,-3.37
17,0.15,0.11,1.0,-4.32,2.26,-3.3
18,0.16,0.11,1.0,-4.79,4.5,-4.03
19,0.15,0.12,1.02,-4.23,4.71,-4.37
20,0.13,0.12,1.02,-3.45,3.53,-4.03
21,0.14,0.11,1.0,-2.63,3.18,-4.52
22,0.14,0.12,0.99,-2.31,5.76,-4.09
23,0.12,0.13,0.99,-2.89,6.82,-3.89
24,0.12,0.12,1.0,-3.15,6.06,-4.5
25,0.13,0.12,0.98,-3.79,6.0,-5.77
26,0.1,0.12,0.99,-3.59,4.85,-6.92
27,0.08,0.11,1.0,-2.6,3.57,-5.44
28,0.11,0.11,0.98,-3.24,3.35,-5.95
29,0.1,0.11,0.99,-2.93,2.1,-6.54
30,0.1,0.11,0.99,-3.12,1.91,-5.62
31,0.08,0.11,0.99,-3.39,3.31,-5.34
32,0.07,0.1,1.0,-3.25,2.43,-4.47
33,0.09,0.1,0.99,-2.77,1.56,-4.91
34,0.07,0.09,0.99,-2.19,0.71,-4.41
35,0.06,0.1,0.98,-2.55,-0.11,-4.24
36,0.08,0.1,0.98,-2.92,0.18,-2.69
37,0.12,0.08,0.98,-1.89,1.59,-1.56
38,0.08,0.09,1.0,-1.36,0.98,-1.67
39,0.09,0.08,1.0,-0.95,1.69,-1.32
40,0.09,0.09,0.99,-1.27,2.18,-1.81
41,0.1,0.09,0.98,-1.69,-0.98,-4.19
42,0.08,0.09,0.99,-1.19,-3.69,-5.98
43,0.06,0.1,0.98,-1.3,-3.3,-4.28
44,0.07,0.09,0.96,-2.27,-3.2,-3.85
45,0.07,0.09,0.98,-2.56,-3.36,-3.98
46,0.08,0.09,0.98,-1.98,-5.43,-2.92
47,0.09,0.09,0.98,-1.79,-5.32,-3.14
48,0.1,0.09,0.99,-1.25,-6.66,-2.77
49,0.1,0.1,0.98,-1.2,-8.11,-3.85
50,0.11,0.1,0.98,-1.88,-8.64,-3.27
51,0.12,0.1,0.97,-0.62,-4.89,-0.98
52,0.11,0.1,0.97,-0.86,1.08,1.05
53,0.12,0.1,0.97,-0.78,0.74,1.37
54,0.11,0.1,0.98,-0.82,1.89,0.34
55,0.09,0.1,0.98,-0.46,0.08,0.15
56,0.09,0.11,0.97,-1.33,-0.15,0.92
57,0.12,0.11,0.97,-2.65,-1.89,-1.02
58,0.12,0.11,0.98,-1.98,-1.77,-1.17
59,0.1,0.11,0.98,-2.31,-2.13,-0.72
60,0.12,0.11,0.97,-2.44,-0.89,-0.09
61,0.14,0.09,0.98,-2.76,-4.17,-2.95
62,0.11,0.09,1.01,-0.78,-5.4,-3.08
63,0.11,0.1,1.0,-0.42,-4.26,-2.61
64,0.13,0.11,0.98,-0.72,-6.02,-3.11
65,0.14,0.1,0.98,-0.55,-6.98,-3.76
66,0.12,0.1,0.99,-0.44,-6.46,-4.38
67,0.13,0.1,0.98,-1.04,-3.83,-4.21
68,0.14,0.1,0.98,-1.15,0.21,-3.3
69,0.13,0.1,0.99,-0.83,0.78,-3.55
70,0.12,0.1,0.99,-0.54,1.1,-4.18
71,0.1,0.11,0.98,-0.62,0.56,-4.24
72,0.12,0.11,0.96,-1.38,-0.14,-4.29
73,0.13,0.11,0.96,-1.87,-2.41,-5.13
74,0.1,0.11,0.97,-2.65,-2.15,-4.92
75,0.1,0.11,0.98,-3.01,0.67,-4.04
76,0.12,0.1,0.96,-2.75,0.4,-4.9
77,0.11,0.09,0.99,-1.54,-1.4,-4.77
78,0.1,0.1,1.0,-0.92,-1.29,-4.32
79,0.09,0.11,0.98,-1.18,-1.13,-3.59
80,0.11,0.11,0.97,-1.65,-0.36,-3.66
81,0.12,0.1,0.99,-1.14,-1.49,-3.49
82,0.09,0.1,0.98,-0.81,-2.51,-3.62
83,0.1,0.11,0.97,-1.08,-1.73,-2.56
84,0.12,0.1,0.97,-1.57,-0.11,-2.6
85,0.13,0.11,0.97,-2.05,0.18,-3.87
86,0.1,0.11,0.98,-2.05,-1.12,-4.36
87,0.1,0.11,0.97,-2.41,-1.52,-4.61
88,0.09,0.1,0.98,-2.21,-0.59,-3.92
89,0.11,0.11,0.97,-1.8,-1.1,-3.33
90,0.09,0.11,0.97,-1.66,-1.53,-2.96
91,0.1,0.11,0.97,-2.06,-1.62,-3.07
92,0.11,0.12,0.96,-2.15,-1.68,-3.65
93,0.11,0.12,0.96,-2.3,-3.11,-3.66
94,0.11,0.13,0.96,-2.71,-2.36,-3.73
95,0.09,0.12,0.98,-2.96,-1.53,-3.67
96,0.12,0.12,0.97,-3.08,-1.9,-3.09
97,0.1,0.12,0.98,-3.21,0.82,-2.85
98,0.09,0.11,0.97,-3.17,0.48,-2.35
99,0.09,0.13,0.96,-4.22,0.66,-2.21
100,0.12,0.11,0.96,-4.79,-1.31,-2.34
101,0.11,0.11,0.97,-4.97,-3.34,-3.12
102,0.11,0.11,0.98,-4.89,-2.1,-2.87
103,0.13,0.12,0.97,-4.92,-1.52,-3.5
104,0.14,0.1,0.98,-4.33,-1.46,-3.66
105,0.12,0.1,0.99,-4.16,-0.84,-3.53
106,0.1,0.11,0.99,-3.74,-0.53,-3.78
107,0.11,0.1,0.98,-3.93,1.76,-3.5
108,0.11,0.09,0.98,-3.69,1.01,-3.24
109,0.08,0.1,0.99,-3.64,0.98,-3.69
110,0.09,0.09,0.99,-3.68,1.11,-3.42
111,0.1,0.09,0.99,-3.18,-0.53,-4.1
112,0.1,0.08,1.0,-2.16,-0.22,-3.53
113,0.08,0.1,0.99,-2.34,-0.28,-3.23
114,0.09,0.1,0.98,-2.82,0.31,-2.78
115,0.1,0.1,0.98,-2.93,0.8,-2.21
116,0.09,0.1,0.98,-2.94,1.98,-1.76
117,0.1,0.1,0.98,-2.66,3.18,-2.09
118,0.09,0.1,0.98,-2.74,3.27,-2.74
119,0.09,0.1,0.99,-1.76,-0.27,-1.5
120,0.11,0.11,0.97,-2.21,-1.79,-2.49
121,0.11,0.12,0.96,-2.89,-2.38,-2.71
122,0.1,0.11,0.97,-3.4,-3.1,-2.32
123,0.12,0.11,0.97,-3.23,-0.08,-0.88
124,0.12,0.11,0.98,-3.72,-0.13,-0.79
125,0.11,0.1,0.98,-3.78,1.21,-0.79
126,0.12,0.11,0.98,-4.04,1.74,-1.02
127,0.12,0.1,0.99,-3.94,0.32,-2.23
128,0.12,0.1,0.99,-3.69,-0.88,-2.74
129,0.12,0.1,0.98,-4.19,0.31,-2.96
130,0.15,0.1,0.97,-4.62,0.26,-4.02
131,0.14,0.09,0.98,-4.64,1.51,-3.76
132,0.15,0.07,0.98,-4.03,2.41,-2.79
133,0.16,0.06,0.95,-3.92,3.53,-3.35
134,0.18,0.03,0.95,-4.31,6.73,-3.82
135,0.17,0.0,0.95,-4.27,8.79,-5.53
136,0.15,-0.04,0.93,-3.5,7.95,-6.27
137,0.11,-0.08,0.91,-3.83,7.28,-6.02
138,0.09,-0.15,0.89,-4.41,1.6,-5.6
139,0.07,-0.23,0.86,-6.1,-3.16,-4.78
140,0.08,-0.34,0.84,-9.98,-6.47,-2.56
141,-0.02,-0.43,0.85,-12.05,-14.76,-2.57
142,-0.08,-0.52,0.88,-9.83,-32.57,0.92
143,-0.07,-0.61,0.85,-8.95,-37.24,1.92
144,-0.08,-0.64,0.88,-8.92,-39.71,8.6
145,-0.08,-0.61,0.86,-7.05,-48.15,18.82
146,0.06,-0.6,0.84,-10.63,-46.55,25.45
147,0.23,-0.64,0.92,-11.6,-50.48,28.02
148,0.34,-0.68,0.94,-13.89,-47.82,26.27
149,0.38,-0.77,1.06,-6.62,-43.31,21.15
150,0.33,-0.82,1.14,5.07,-40.24,20.0
151,0.27,-0.82,1.11,18.35,-36.84,21.98
152,0.1,-0.73,0.98,27.9,-39.68,25.76
153,-0.03,-0.65,0.84,26.08,-43.31,33.5
154,-0.04,-0.58,0.76,14.36,-52.37,45.78
155,0.01,-0.5,0.82,-1.28,-53.08,54.92
156,0.13,-0.47,0.86,-6.44,-36.6,65.18
157,0.21,-0.39,0.85,-14.34,-18.98,75.02
158,0.21,-0.23,0.93,-23.47,-19.5,76.76
159,0.33,-0.15,0.91,-32.55,-16.21,75.85
160,0.36,-0.06,0.95,-40.09,-13.69,68.97
161,0.28,0.01,0.98,-44.85,-21.14,61.54
162,0.35,0.03,1.06,-46.97,-16.29,57.05
163,0.39,0.11,1.04,-51.78,-6.83,52.8
164,0.45,0.19,0.97,-61.02,2.91,45.76
165,0.44,0.34,0.87,-73.96,9.45,35.42
166,0.43,0.41,0.84,-91.07,13.03,25.38
167,0.42,0.44,0.9,-106.38,29.97,19.58
168,0.45,0.42,1.06,-112.02,72.18,24.71
169,0.46,0.43,1.08,-113.44,111.01,26.73
170,0.38,0.47,1.06,-112.68,125.02,19.89
171,0.21,0.52,1.07,-109.31,111.18,7.15
172,0.08,0.56,1.08,-105.16,83.78,3.06
173,0.17,0.53,1.17,-101.66,72.68,-0.84
174,0.24,0.53,1.23,-85.96,69.13,-8.79
175,0.26,0.58,1.34,-75.66,58.46,-12.96
176,0.16,0.77,1.39,-61.27,33.27,-17.68
177,0.22,0.91,1.45,-50.42,-1.41,-18.75
178,0.33,0.97,1.53,-34.14,-17.95,-11.12
179,0.47,0.93,1.46,-14.66,-11.17,0.56
180,0.46,0.93,1.28,-11.81,-3.32,6.95
181,0.44,0.86,1.22,-17.68,-8.25,7.43
182,0.54,0.71,1.19,-24.35,-20.92,-3.48
183,0.39,0.55,1.27,-28.49,-26.4,-16.37
184,0.25,0.39,1.34,-26.79,-26.26,-18.02
185,0.17,0.23,1.36,-20.66,-25.36,-22.56
186,0.03,0.08,1.47,-15.7,-15.33,-20.05
187,-0.05,-0.05,1.59,3.54,-1.73,-13.5
188,-0.09,-0.13,1.64,27.79,4.21,-8.54
189,-0.2,-0.14,1.57,50.56,-8.73,-8.37
190,-0.21,-0.14,1.48,70.54,-18.0,-6.78
191,-0.13,-0.09,1.35,83.8,-20.2,-5.58
192,-0.07,-0.04,1.19,89.36,-29.17,-7.19
193,-0.0,0.01,1.12,89.55,-33.2,-8.46
194,0.08,0.05,1.02,89.24,-23.2,-8.98
195,0.15,0.06,0.93,80.35,-18.89,-6.38
196,0.15,0.07,0.89,71.44,-3.38,-4.47
197,0.14,0.05,0.87,66.69,10.05,-0.96
198,0.15,0.01,0.93,63.23,16.38,0.82
199,0.14,-0.02,0.97,67.8,19.41,3.91
200,0.13,-0.02,0.97,72.79,13.92,3.82
201,0.08,0.0,0.94,76.62,4.87,3.62
202,0.04,0.04,0.91,76.95,-6.74,1.72
203,0.08,0.05,0.92,74.95,-15.29,1.54
204,0.12,0.07,0.91,72.37,-21.57,-0.68
205,0.12,0.09,0.91,68.63,-22.37,-0.07
206,0.19,0.11,0.88,64.31,-19.47,-1.05
207,0.25,0.11,0.87,60.26,-12.9,-1.2
208,0.24,0.14,0.81,54.27,-4.05,-0.27
209,0.29,0.14,0.81,44.21,1.44,-2.18
210,0.29,0.11,0.84,38.17,6.17,-6.07
211,0.2,0.08,0.89,36.8,2.97,-8.69
212,0.16,0.06,0.94,38.39,-6.03,-11.31
213,0.2,0.02,0.96,41.82,-18.4,-14.37
214,0.17,0.02,0.94,41.3,-24.6,-18.41
215,0.17,0.04,0.96,38.43,-10.08,-12.61
216,0.22,0.07,0.94,35.58,1.28,-10.77
217,0.2,0.1,0.9,32.69,2.95,-10.33
218,0.19,0.11,0.87,27.79,9.96,-5.5
219,0.21,0.11,0.82,18.98,20.21,-4.23
220,0.17,0.09,0.83,11.08,21.48,-7.02
221,0.11,0.06,0.89,7.26,12.5,-10.27
222,0.09,0.04,0.91,4.37,4.18,-12.24
223,0.1,0.03,0.97,4.71,-2.41,-12.64
224,0.13,0.02,1.0,8.07,-2.43,-11.14
225,0.17,0.03,0.98,10.26,5.77,-8.49
226,0.13,0.07,0.94,9.11,10.92,-7.66
227,0.13,0.07,0.95,7.38,8.0,-7.53
228,0.17,0.07,0.91,4.45,-1.18,-11.06
229,0.17,0.05,0.93,2.8,-5.13,-13.2
230,0.17,0.04,0.92,0.66,-1.79,-13.4
231,0.19,0.05,0.94,-3.53,-0.91,-16.57
232,0.21,0.02,0.98,-4.11,0.53,-17.76
233,0.19,0.03,0.99,-2.21,7.16,-14.05
234,0.17,0.05,0.98,-1.24,14.13,-11.59
235,0.16,0.05,1.0,-0.66,19.34,-9.66
236,0.19,0.05,0.99,0.95,21.12,-10.77
237,0.2,0.07,0.98,2.01,17.12,-14.56
238,0.2,0.07,0.98,2.7,12.44,-17.19
239,0.18,0.07,0.97,3.73,8.89,-19.73
240,0.17,0.07,0.98,5.26,6.44,-20.77
241,0.16,0.08,0.97,6.63,5.61,-22.05
242,0.14,0.1,0.96,6.06,4.0,-25.15
243,0.17,0.09,0.93,5.92,6.86,-23.53
244,0.16,0.1,0.93,2.73,11.69,-25.71
245,0.19,0.09,0.94,1.8,12.76,-24.21
246,0.2,0.08,0.95,1.73,20.18,-25.98
247,0.16,0.07,0.98,2.11,23.94,-26.56
248,0.12,0.05,1.01,4.05,32.96,-21.62
249,0.04,0.06,1.02,6.89,29.6,-18.46
250,-0.03,0.07,0.99,9.53,20.73,-18.79
251,-0.05,0.1,0.99,10.77,15.05,-17.15
252,-0.03,0.11,0.98,12.24,8.18,-15.94
253,0.02,0.13,0.96,13.9,0.98,-15.79
254,0.08,0.16,0.92,12.73,-0.1,-15.05
255,0.09,0.18,0.91,10.37,3.01,-13.79
256,0.1,0.21,0.89,6.34,9.44,-11.16
257,0.13,0.22,0.87,1.27,12.74,-9.92
258,0.11,0.21,0.87,-3.94,12.92,-12.89
259,0.1,0.21,0.9,-10.53,14.56,-12.5
260,0.07,0.2,0.94,-13.82,9.47,-13.7
261,0.06,0.16,0.99,-14.56,5.1,-13.98
262,0.07,0.14,1.03,-12.73,4.6,-11.21
263,0.06,0.11,1.05,-8.38,4.69,-10.03
264,0.03,0.11,1.05,-5.35,2.02,-8.8
265,0.03,0.12,1.04,-3.45,4.28,-6.91
266,0.06,0.13,1.0,-3.68,1.67,-8.35
267,0.08,0.15,0.97,-5.49,-1.71,-12.02
268,0.04,0.16,0.99,-6.59,-1.18,-13.0
269,0.04,0.16,1.01,-6.98,-1.69,-12.23
270,0.06,0.17,1.0,-6.6,-2.93,-13.1
271,0.07,0.16,1.0,-6.05,-4.64,-13.92
272,0.05,0.16,1.01,-3.9,-6.04,-12.8
273,0.08,0.16,0.99,-1.76,-6.86,-9.87
274,0.08,0.18,0.93,-2.91,-0.5,-8.12
275,0.06,0.2,0.91,-6.66,1.88,-6.93
276,0.07,0.19,0.93,-8.0,1.15,-6.1
277,0.08,0.17,0.96,-9.66,0.77,-6.61
278,0.1,0.16,0.96,-10.94,1.8,-7.78
279,0.06,0.16,0.97,-10.98,1.14,-9.06
280,0.06,0.14,0.99,-10.85,-2.97,-10.24
281,0.07,0.14,1.0,-9.4,-5.89,-9.71
282,0.07,0.15,0.99,-8.26,-3.95,-7.92
283,0.06,0.15,0.98,-7.75,-5.93,-7.87
284,0.08,0.15,0.97,-7.74,-6.21,-8.22
285,0.09,0.14,0.96,-9.65,-5.67,-10.57
286,0.09,0.14,0.97,-10.82,-2.43,-9.99
287,0.09,0.14,0.97,-11.44,2.08,-9.82
288,0.07,0.14,0.98,-11.26,-0.69,-11.21
289,0.05,0.13,0.99,-9.97,-5.37,-11.11
290,0.03,0.13,1.0,-8.73,-8.87,-11.45
291,0.05,0.12,1.0,-7.41,-8.37,-10.64
292,0.06,0.12,0.99,-6.33,-6.27,-9.42
293,0.05,0.14,0.99,-5.21,-6.3,-9.07
294,0.06,0.15,0.97,-4.76,-10.45,-9.5
295,0.09,0.15,0.97,-5.42,-7.51,-9.3
296,0.14,0.15,0.96,-7.82,-3.98,-9.89
297,0.14,0.15,0.93,-9.59,1.05,-11.82
298,0.07,0.16,0.93,-11.55,3.99,-11.27
299,0.06,0.14,0.93,-13.27,5.31,-10.77
300,0.03,0.13,0.98,-12.88,1.37,-10.74
301,0.04,0.11,0.99,-11.73,-3.4,-11.18
302,0.05,0.11,0.98,-10.07,-3.35,-10.15
303,0.06,0.09,0.97,-9.99,-2.52,-9.77
304,0.07,0.09,0.97,-9.56,-2.0,-9.99
305,0.04,0.08,0.99,-8.38,-1.04,-9.61
306,0.03,0.08,1.0,-6.82,-2.78,-7.42
307,0.04,0.08,1.01,-5.07,-3.69,-6.44
308,0.06,0.08,0.99,-3.78,-6.16,-6.98
309,0.04,0.09,0.99,-2.82,-4.59,-7.31
310,0.02,0.1,0.97,-2.44,-4.08,-4.84
311,0.05,0.11,0.93,-4.81,-4.02,-6.28
312,0.02,0.12,0.95,-6.05,-8.01,-7.74
313,0.02,0.11,0.95,-7.27,-11.71,-6.76
314,0.05,0.11,0.95,-8.44,-9.81,-5.97
315,0.07,0.11,0.96,-9.16,-10.34,-5.69
316,0.04,0.1,0.96,-9.11,-15.17,-5.23
317,0.07,0.1,0.96,-8.97,-17.0,-4.52
318,0.11,0.1,0.96,-8.26,-10.73,-3.08
319,0.08,0.11,0.97,-8.82,-9.48,-3.67
320,0.11,0.11,0.96,-9.55,-7.86,-3.78
321,0.1,0.09,0.96,-10.35,-5.47,-4.53
322,0.09,0.09,0.98,-9.71,-3.17,-3.87
323,0.1,0.1,0.96,-9.65,-2.48,-4.42
324,0.08,0.09,0.97,-9.04,-4.4,-4.5
325,0.06,0.09,0.96,-9.21,-5.45,-3.73
326,0.07,0.1,0.96,-9.33,-7.87,-2.92
327,0.12,0.08,0.98,-8.02,-7.9,-2.03
328,0.11,0.08,0.99,-6.32,-6.14,-2.44
329,0.08,0.09,0.99,-4.59,-7.5,-1.26
330,0.09,0.09,0.97,-5.39,-7.4,-0.04
331,0.11,0.09,0.95,-6.96,-2.18,-1.17
332,0.13,0.08,0.98,-6.83,-0.35,-0.05
333,0.13,0.08,0.99,-8.04,-4.01,-2.83
334,0.11,0.08,1.01,-6.01,-7.12,-3.56
335,0.1,0.08,1.02,-4.82,-11.09,-4.8
336,0.1,0.08,1.01,-3.08,-8.38,-2.57
337,0.11,0.09,0.99,-3.47,-4.76,-1.37
338,0.1,0.1,0.98,-4.23,-2.08,-2.1
339,0.1,0.1,1.0,-4.02,0.05,-0.51
340,0.11,0.09,0.99,-4.37,1.06,-1.03
341,0.12,0.09,1.0,-4.59,0.43,-2.21
342,0.12,0.09,1.01,-3.97,1.73,-3.47
343,0.11,0.09,1.01,-2.62,1.96,-3.37
344,0.12,0.09,1.02,-1.56,1.44,-3.36
345,0.12,0.1,1.01,-1.06,1.76,-3.42
346,0.1,0.11,0.99,-0.44,2.89,-3.02
347,0.1,0.12,0.99,-0.24,3.37,-1.85
348,0.1,0.12,1.0,-0.47,4.4,-1.02
349,0.13,0.12,0.98,-0.62,6.34,-1.11
350,0.11,0.12,0.99,-0.6,7.08,-1.27
351,0.1,0.12,0.99,-0.82,6.91,-1.73
352,0.1,0.12,0.98,-0.83,5.88,-2.44
353,0.09,0.13,0.98,-1.58,3.66,-2.85
354,0.12,0.12,0.99,-1.51,4.17,-3.82
355,0.12,0.12,1.0,-1.55,5.85,-4.92
356,0.13,0.12,0.99,-1.36,7.44,-4.19
357,0.12,0.12,0.98,-1.69,9.11,-5.15
358,0.09,0.12,0.99,-1.42,6.89,-4.79
359,0.08,0.12,0.98,-1.22,5.98,-4.69
360,0.06,0.12,0.97,-0.73,5.81,-3.85
361,0.07,0.13,0.96,-1.65,5.0,-3.09
362,0.07,0.12,0.95,-2.94,4.19,-4.02
363,0.05,0.12,0.96,-3.6,3.03,-4.47
364,0.05,0.12,0.96,-4.24,1.05,-4.91
365,0.05,0.12,0.97,-4.36,-3.75,-5.26
366,0.03,0.12,0.98,-4.26,-5.15,-4.21
367,0.03,0.12,0.98,-4.85,-4.84,-2.17
368,0.08,0.11,0.96,-5.3,-3.63,-1.6
369,0.06,0.11,0.97,-5.38,-2.32,-1.66
370,0.08,0.11,0.98,-5.75,-3.77,-0.74
371,0.13,0.11,0.99,-5.79,0.33,-1.76
372,0.12,0.1,1.0,-4.98,2.83,-1.28
373,0.11,0.11,0.99,-4.36,4.32,-1.9
374,0.09,0.12,0.99,-3.96,4.08,-2.1
375,0.09,0.11,1.0,-3.48,2.05,-3.13
376,0.07,0.11,1.0,-2.37,1.85,-3.13
377,0.08,0.1,1.02,-0.89,2.21,-2.69
378,0.08,0.11,1.0,0.28,2.31,-3.01
379,0.05,0.12,0.98,0.48,1.04,-2.95
380,0.07,0.11,0.98,0.13,1.15,-3.2
381,0.05,0.11,0.97,0.24,-0.79,-2.91
382,0.02,0.12,0.96,-0.27,-5.46,-1.45
383,0.05,0.12,0.95,-2.08,-5.05,-0.71
384,0.05,0.12,0.96,-3.19,-4.09,0.76
385,0.1,0.11,0.98,-2.03,-4.87,2.46
386,0.1,0.11,0.99,-1.99,-2.19,2.22
387,0.11,0.11,0.98,-2.13,-1.78,1.85
388,0.12,0.11,0.98,-2.28,-2.44,-0.21
389,0.1,0.12,0.98,-1.81,-2.2,-1.24
390,0.11,0.12,0.98,-2.24,-1.68,-2.47
391,0.11,0.11,0.98,-2.13,0.49,-3.58
392,0.11,0.11,0.97,-2.32,0.99,-4.59
393,0.11,0.11,0.96,-2.33,0.39,-4.88
394,0.09,0.11,0.99,-1.1,-0.06,-4.84
395,0.08,0.11,0.98,-0.25,1.52,-3.76
396,0.07,0.11,0.97,0.09,1.29,-3.56
397,0.05,0.11,0.96,-0.16,0.61,-2.81
398,0.05,0.12,0.94,-1.03,0.71,-1.56
399,0.04,0.13,0.94,-2.76,-0.78,-0.66
400,0.06,0.13,0.94,-3.69,-0.85,0.33
