,accel_x,accel_y,accel_z,gyro_x,gyro_y,gyro_z
0,0.04,0.1,0.97,4.74,5.47,-3.48
1,0.05,0.09,0.99,5.82,12.01,-0.49
2,0.06,0.09,1.0,4.99,13.83,-2.37
3,0.07,0.09,0.98,3.63,18.01,-5.5
4,0.03,0.09,1.01,3.79,15.62,-7.44
5,-0.01,0.1,1.01,3.56,8.82,-7.67
6,-0.03,0.09,0.97,3.85,9.83,-3.6
7,-0.05,0.13,0.96,-0.14,-0.63,-2.89
8,-0.02,0.12,0.96,-2.77,-3.53,-0.83
9,0.02,0.1,0.99,-3.83,-2.02,0.02
10,0.03,0.09,1.0,-3.3,-0.22,-0.17
11,0.02,0.09,1.01,-2.11,0.24,-0.47
12,0.02,0.08,1.02,-0.82,-1.56,-0.94
13,0.03,0.09,1.02,1.84,0.38,-2.05
14,0.02,0.1,1.02,4.08,2.74,-2.41
15,0.01,0.12,1.01,4.33,2.63,-2.49
16,0.03,0.12,0.98,3.71,2.99,-3.06
17,0.02,0.13,0.98,2.88,5.48,-3.18
18,0.01,0.12,0.99,2.39,6.34,-1.66
19,-0.0,0.14,0.97,1.11,5.78,-1.47
20,0.01,0.14,0.96,-0.82,4.69,-1.33
21,-0.0,0.12,0.99,-1.3,-4.47,-2.48
22,0.01,0.12,0.97,-1.6,-3.89,-1.1
23,0.03,0.11,0.98,-1.05,-4.92,-0.69
24,0.07,0.1,0.97,-0.12,-3.94,-2.15
25,0.04,0.1,1.0,1.86,-1.07,-2.07
26,0.03,0.1,1.0,4.72,1.21,-0.5
27,0.05,0.11,0.98,7.72,5.78,1.28
28,0.03,0.12,0.97,8.89,2.05,-1.05
29,0.02,0.12,0.97,5.91,2.66,-0.83
30,-0.01,0.14,0.95,5.2,2.82,-0.02
31,-0.01,0.13,0.95,2.58,-0.38,0.13
32,-0.03,0.14,0.94,-0.2,-0.48,1.06
33,-0.0,0.13,0.96,-1.97,-1.12,1.69
34,0.04,0.1,0.98,-1.95,-5.18,-0.73
35,0.04,0.1,1.01,0.67,-4.67,-1.92
36,0.03,0.1,1.02,5.71,3.02,0.12
37,0.03,0.11,1.03,10.96,6.16,1.15
38,-0.0,0.13,1.0,10.66,2.84,0.15
39,-0.03,0.14,1.0,12.95,5.62,4.77
40,-0.01,0.15,0.95,10.5,5.27,7.21
41,0.02,0.16,0.95,7.68,0.08,5.08
42,-0.0,0.15,0.96,4.47,1.44,3.45
43,-0.0,0.15,0.93,0.75,3.03,1.73
44,0.01,0.15,0.97,-2.36,-2.03,-0.38
45,0.02,0.13,1.0,-0.84,5.45,0.78
46,0.01,0.14,0.99,-2.73,3.46,0.39
47,0.05,0.13,0.99,-3.03,5.52,-0.05
48,0.04,0.13,1.01,-3.2,5.43,-1.98
49,0.05,0.12,1.04,-1.47,4.63,-2.56
50,0.03,0.13,1.01,-0.4,2.51,-3.24
51,0.0,0.14,1.02,-0.4,-1.66,-3.08
52,0.01,0.14,1.0,-0.44,-7.76,-3.34
53,0.01,0.15,0.99,-1.03,-7.2,-4.08
54,0.02,0.14,0.97,-0.82,-3.66,-3.11
55,0.02,0.15,0.96,-1.67,-0.37,-2.37
56,0.02,0.15,0.95,-3.69,-1.1,-3.6
57,0.0,0.14,0.97,-4.81,-4.73,-4.61
58,0.03,0.13,0.99,-2.08,-0.56,-1.76
59,0.04,0.12,0.99,-0.82,1.57,-2.15
60,0.03,0.13,0.98,0.0,3.03,-3.21
61,0.01,0.14,0.98,0.47,3.64,-3.58
62,0.01,0.14,0.97,0.17,1.26,-3.94
63,0.02,0.15,0.95,-0.77,0.0,-5.04
64,0.01,0.15,0.96,-1.5,-0.76,-5.27
65,0.02,0.15,0.95,-2.02,-0.92,-5.25
66,0.03,0.15,0.95,-3.03,0.11,-5.5
67,0.01,0.15,0.96,-3.31,-0.15,-5.81
68,0.0,0.15,0.94,-4.34,-1.68,-6.27
69,-0.0,0.15,0.95,-5.9,-2.38,-6.68
70,0.01,0.16,0.95,-7.05,-1.88,-6.34
71,0.03,0.15,0.95,-8.09,-0.66,-6.85
72,0.03,0.13,0.97,-7.37,-0.24,-7.36
73,-0.01,0.13,1.01,-3.84,1.08,-5.98
74,0.0,0.13,0.98,-1.64,0.59,-4.85
75,0.0,0.13,0.97,-1.66,-1.17,-6.35
76,-0.02,0.15,0.98,-1.82,-2.95,-5.92
77,-0.02,0.15,0.97,-1.71,-0.54,-3.69
78,-0.01,0.14,0.96,-2.93,1.59,-2.86
79,-0.01,0.14,0.95,-4.45,1.75,-3.63
80,-0.02,0.12,0.95,-5.29,-0.96,-4.92
81,-0.03,0.12,1.0,-4.98,-0.1,-4.27
82,-0.01,0.11,0.99,-4.63,0.15,-4.89
83,-0.01,0.12,0.98,-3.95,0.09,-5.67
84,-0.02,0.12,0.99,-3.66,-1.87,-5.84
85,-0.02,0.13,0.98,-3.67,-2.02,-5.73
86,0.02,0.13,0.98,-3.43,-0.58,-3.87
87,-0.01,0.13,0.98,-4.14,-1.04,-4.5
88,-0.01,0.12,0.99,-4.88,-1.03,-3.73
89,-0.01,0.14,1.0,-3.86,-0.49,-2.98
90,-0.02,0.14,1.0,-3.58,-0.53,-3.46
91,-0.0,0.14,0.99,-3.53,-1.65,-3.55
92,0.0,0.14,0.99,-3.5,-3.98,-4.21
93,0.02,0.13,0.99,-2.92,-3.71,-3.98
94,0.03,0.13,0.99,-2.47,-2.11,-4.66
95,0.04,0.13,0.99,-1.71,-1.16,-5.33
96,0.02,0.13,1.0,-0.59,0.53,-5.4
97,-0.01,0.15,0.98,0.76,-1.25,-4.53
98,-0.01,0.16,0.95,0.04,-3.71,-4.32
99,-0.0,0.16,0.94,-1.37,-4.59,-3.72
100,0.01,0.15,0.95,-2.82,-3.44,-2.02
101,0.01,0.14,0.95,-3.19,-1.95,-2.16
102,0.01,0.14,0.96,-3.86,-0.48,-2.53
103,0.0,0.15,0.96,-4.01,-2.11,-2.6
104,0.0,0.14,0.97,-3.44,-4.92,-3.58
105,-0.01,0.14,0.97,-3.34,-5.58,-3.53
106,0.0,0.14,0.96,-2.68,-5.36,-3.35
107,0.01,0.14,0.98,-1.3,-2.21,-1.82
108,0.02,0.15,0.95,-2.39,-2.33,-2.23
109,0.02,0.15,0.95,-2.83,-1.53,-3.16
110,-0.0,0.14,0.96,-3.57,-2.31,-3.43
111,-0.01,0.15,0.97,-4.37,-3.02,-3.95
112,-0.02,0.15,0.98,-4.76,-0.79,-1.95
113,-0.0,0.14,0.97,-5.27,-2.6,-1.53
114,0.0,0.13,1.0,-4.13,-3.1,-1.73
115,0.0,0.13,0.99,-3.73,-3.75,-1.76
116,0.01,0.14,0.97,-3.44,-2.53,-0.83
117,0.02,0.14,0.96,-3.67,-1.49,-0.99
118,0.02,0.13,0.97,-4.18,-1.51,-1.69
119,0.01,0.13,0.99,-4.33,-1.24,-2.36
120,0.01,0.12,0.98,-3.9,-1.76,-1.47
121,0.01,0.12,0.99,-3.08,-2.79,-1.28
122,-0.0,0.13,0.99,-2.6,0.04,0.33
123,0.01,0.14,0.97,-3.99,-0.19,-0.17
124,0.04,0.12,0.98,-4.85,-2.27,-1.49
125,0.04,0.11,0.99,-5.33,-1.48,-2.54
126,0.04,0.09,1.0,-5.96,-0.31,-3.31
127,0.04,0.07,1.03,-5.82,1.18,-3.31
128,0.05,0.05,1.04,-4.65,2.63,-3.59
129,0.06,0.01,1.03,-3.66,4.65,-5.59
130,0.05,-0.0,1.01,-6.24,3.83,-7.61
131,-0.01,-0.04,1.04,-8.58,2.77,-7.69
132,0.01,-0.11,1.06,-10.58,-1.35,-7.59
133,-0.02,-0.15,1.03,-13.75,-8.27,-11.72
134,-0.1,-0.22,1.02,-15.16,-12.53,-12.93
135,-0.25,-0.28,1.02,-18.08,-19.08,-9.37
136,-0.28,-0.34,0.96,-23.18,-27.53,-5.54
137,-0.3,-0.42,0.96,-29.15,-34.5,-3.36
138,-0.33,-0.46,1.01,-29.12,-34.66,5.68
139,-0.3,-0.48,1.04,-29.31,-26.82,15.69
140,-0.1,-0.62,1.14,-21.47,-23.51,26.37
141,0.17,-0.75,1.25,-11.25,-27.1,27.58
142,0.43,-0.84,1.29,10.19,-26.72,19.58
143,0.33,-0.83,1.29,26.4,-33.88,7.87
144,0.11,-0.77,1.2,39.57,-55.05,4.54
145,0.06,-0.74,1.11,46.7,-62.07,9.05
146,0.03,-0.63,0.98,43.08,-56.44,13.79
147,-0.02,-0.54,0.87,44.88,-64.63,21.31
148,-0.02,-0.38,0.81,31.95,-71.77,33.79
149,0.09,-0.38,0.75,25.03,-54.95,47.03
150,0.19,-0.34,0.68,12.28,-50.75,51.55
151,0.12,-0.29,0.75,-0.96,-31.96,53.83
152,0.11,-0.24,0.7,-14.92,-29.72,57.88
153,0.08,-0.2,0.67,-22.36,-4.08,63.39
154,-0.0,-0.11,0.63,-33.76,11.04,63.24
155,-0.06,0.04,0.67,-51.85,11.74,67.4
156,0.01,0.08,0.81,-64.83,26.48,71.68
157,0.18,0.16,0.96,-68.35,46.18,66.29
158,0.33,0.2,0.96,-72.99,51.12,53.26
159,0.41,0.26,0.96,-66.9,54.86,31.47
160,0.43,0.31,0.88,-62.8,61.78,16.54
161,0.5,0.38,0.78,-63.53,81.27,-4.37
162,0.49,0.5,0.65,-65.89,108.71,-27.98
163,0.4,0.58,0.61,-75.01,119.49,-51.3
164,0.1,0.8,0.89,-72.85,113.27,-53.98
165,0.01,0.9,1.24,-62.56,50.95,-41.58
166,0.43,0.67,1.59,-38.73,-11.13,-48.05
167,0.57,0.65,1.69,-10.05,-10.04,-57.01
168,0.52,0.72,1.46,8.79,4.81,-59.92
169,0.29,0.91,1.1,12.6,2.34,-65.79
170,0.13,1.1,0.8,-5.82,4.08,-65.2
171,-0.01,1.21,0.49,-39.56,-7.83,-63.9
172,-0.05,1.12,0.64,-72.37,8.35,-50.56
173,0.14,0.84,1.03,-83.63,30.53,-44.11
174,0.32,0.5,1.48,-64.54,45.44,-52.26
175,0.2,0.38,1.75,-27.67,51.77,-55.44
176,-0.07,0.5,1.6,4.71,44.62,-45.98
177,-0.32,0.63,1.28,21.37,30.1,-36.94
178,-0.44,0.64,1.14,27.05,15.16,-21.06
179,-0.45,0.58,1.09,20.84,-3.73,-9.83
180,-0.41,0.53,1.09,25.04,-22.48,2.92
181,-0.32,0.46,1.09,20.91,-39.38,10.69
182,-0.25,0.4,1.1,19.31,-36.85,15.69
183,-0.21,0.3,1.21,20.84,-25.52,21.37
184,-0.18,0.24,1.24,26.26,-16.28,26.24
185,-0.2,0.24,1.2,36.19,-8.19,29.48
186,-0.23,0.26,1.05,29.15,-15.2,38.61
187,-0.19,0.29,0.97,29.02,-21.95,44.88
188,-0.13,0.32,0.97,26.18,-42.13,46.5
189,0.01,0.26,0.93,15.6,-41.52,44.95
190,0.11,0.16,1.02,16.03,-28.7,43.07
191,0.14,0.14,1.04,23.47,-23.47,39.86
192,0.17,0.12,0.98,23.47,-25.57,32.31
193,0.12,0.11,1.06,31.88,-19.63,28.4
194,0.14,0.04,1.11,38.56,-13.04,27.69
195,0.17,0.02,1.15,50.66,-6.97,24.79
196,0.1,0.06,1.1,58.69,-8.35,21.86
197,0.06,0.09,1.02,63.24,-19.02,18.22
198,0.07,0.13,0.91,64.32,-36.0,13.89
199,0.13,0.15,0.79,62.32,-49.15,10.26
200,0.17,0.2,0.68,50.13,-54.87,5.68
201,0.16,0.2,0.67,34.02,-52.07,3.82
202,0.26,0.1,0.81,22.44,-24.29,3.58
203,0.26,0.08,0.95,24.6,1.27,0.92
204,0.2,0.04,1.01,29.1,20.81,-1.82
205,0.1,0.05,1.03,34.37,33.5,-1.85
206,-0.05,0.09,0.99,35.11,26.82,-3.42
207,0.0,0.11,0.92,32.38,5.39,-5.76
208,0.04,0.16,0.88,24.15,-24.63,-9.89
209,0.18,0.19,0.82,14.34,-22.8,-13.82
210,0.22,0.16,0.84,5.02,-14.2,-16.17
211,0.25,0.11,0.96,1.13,3.45,-17.31
212,0.23,0.07,1.08,8.17,34.77,-16.18
213,0.17,0.05,1.09,18.29,48.01,-17.95
214,0.03,0.09,1.01,22.62,42.33,-18.71
215,-0.05,0.14,0.9,19.92,23.66,-20.85
216,-0.06,0.18,0.8,12.82,5.64,-18.19
217,-0.02,0.2,0.8,1.85,0.34,-12.63
218,0.08,0.2,0.78,-11.7,-3.56,-10.9
219,0.17,0.19,0.72,-23.86,3.49,-14.31
220,0.13,0.11,0.88,-28.39,17.08,-17.5
221,0.1,0.04,1.03,-23.29,34.02,-14.21
222,0.06,0.03,1.0,-13.5,41.5,-9.47
223,0.01,0.05,0.93,-10.05,29.34,-10.26
224,-0.05,0.08,0.85,-12.96,12.95,-13.98
225,-0.07,0.11,0.81,-20.54,-0.74,-12.34
226,-0.0,0.1,0.84,-25.28,-15.92,-11.7
227,0.09,0.01,0.95,-31.09,-2.33,-14.8
228,0.1,-0.05,1.12,-25.34,24.98,-11.54
229,0.12,-0.02,1.1,-12.69,43.02,-10.28
230,0.07,0.03,0.99,-7.03,46.73,-13.71
231,-0.02,0.09,0.93,-6.19,38.43,-13.89
232,-0.01,0.1,0.92,-8.53,18.21,-16.82
233,0.02,0.09,0.91,-11.53,-1.17,-21.47
234,0.03,0.08,0.95,-11.81,-12.97,-22.72
235,0.05,0.06,0.96,-12.56,-4.5,-20.91
236,0.05,0.03,1.0,-12.55,12.85,-17.8
237,0.02,0.01,1.03,-11.95,26.34,-15.46
238,-0.03,0.01,1.03,-11.6,30.75,-14.17
239,-0.05,0.01,1.04,-12.2,23.61,-14.66
240,-0.09,0.01,1.05,-10.55,10.41,-16.38
241,-0.06,0.0,1.07,-5.56,1.81,-16.45
242,-0.03,0.02,1.02,-5.39,0.36,-14.95
243,-0.03,0.04,0.97,-7.95,2.0,-14.82
244,0.01,0.02,0.99,-10.11,11.82,-14.64
245,0.03,-0.01,1.01,-10.21,14.02,-14.15
246,0.02,-0.01,0.99,-8.99,20.11,-12.7
247,-0.03,-0.01,0.96,-10.87,18.15,-12.31
248,-0.03,-0.04,0.98,-12.64,10.73,-13.1
249,-0.01,-0.03,0.97,-13.44,7.22,-14.27
250,-0.02,-0.03,0.97,-14.66,7.04,-13.58
251,-0.04,-0.03,0.99,-13.69,11.62,-10.44
252,-0.03,-0.04,1.01,-10.81,13.76,-8.57
253,-0.02,-0.05,1.02,-7.17,19.24,-7.77
254,-0.06,-0.04,0.98,-4.0,19.05,-6.83
255,-0.07,-0.02,0.97,-2.02,12.49,-7.35
256,-0.05,-0.01,0.97,-1.63,6.08,-9.78
257,-0.01,0.01,0.93,-4.46,-0.15,-18.2
258,-0.01,0.01,0.94,-4.09,1.58,-19.09
259,-0.06,0.0,0.98,-3.76,5.39,-19.5
260,-0.07,0.0,0.99,-1.62,10.36,-16.04
261,-0.1,0.03,0.96,-0.71,12.49,-13.13
262,-0.08,0.04,0.95,-1.02,14.56,-12.02
263,-0.1,0.05,0.99,2.05,15.25,-10.99
264,-0.03,0.06,0.94,2.89,15.22,-11.33
265,-0.05,0.08,0.91,0.05,11.45,-15.66
266,-0.05,0.06,0.96,-2.3,5.47,-17.43
267,-0.07,0.05,0.99,-1.68,3.79,-15.62
268,-0.07,0.05,0.98,-1.05,5.26,-16.08
269,-0.1,0.06,0.97,-2.82,3.1,-17.79
270,-0.09,0.06,0.98,-0.9,8.1,-12.24
271,-0.13,0.07,0.96,-1.44,8.45,-10.84
272,-0.13,0.08,0.97,-1.79,8.18,-10.31
273,-0.15,0.11,0.95,-2.14,6.79,-9.2
274,-0.22,0.16,0.92,-2.31,-0.95,-5.24
275,-0.28,0.2,0.89,-7.53,-13.14,-2.66
276,-0.25,0.2,0.87,-14.41,-21.01,1.92
277,-0.16,0.15,0.93,-19.98,-25.44,3.82
278,-0.07,0.11,1.0,-20.99,-21.31,6.25
279,-0.03,0.06,1.04,-18.95,-17.67,8.75
280,-0.02,0.04,1.07,-15.05,-13.85,9.52
281,0.04,0.0,1.1,-8.98,-7.83,6.88
282,0.03,0.01,1.11,-3.57,-4.42,4.43
283,-0.0,0.03,1.09,-0.76,-9.26,0.69
284,-0.02,0.05,1.06,1.67,-10.11,-1.18
285,-0.05,0.07,1.04,3.67,-6.51,-0.65
286,-0.03,0.1,0.98,1.18,-8.34,-2.5
287,-0.05,0.11,0.95,-0.82,-7.79,-3.96
288,-0.05,0.1,0.97,-1.53,-1.56,-1.63
289,-0.05,0.11,0.99,-3.16,1.31,0.31
290,-0.0,0.09,1.01,-1.86,-1.64,0.33
291,-0.0,0.1,1.02,-0.88,-4.48,-0.44
292,0.01,0.1,1.04,1.73,-0.18,0.94
293,-0.01,0.11,1.02,3.4,-2.35,0.11
294,-0.05,0.13,0.99,3.82,-2.89,0.37
295,-0.07,0.13,0.98,3.58,3.28,3.6
296,-0.06,0.12,0.95,1.02,5.5,5.05
297,0.01,0.1,0.93,-4.18,2.65,-1.34
298,-0.0,0.07,0.94,-8.72,5.67,-7.55
299,-0.05,0.05,0.99,-8.83,7.18,-10.08
300,-0.08,0.04,1.01,-7.96,4.69,-10.76
301,-0.08,0.04,0.98,-6.5,5.66,-11.25
302,-0.08,0.04,0.96,-6.98,5.78,-12.31
303,-0.04,0.05,0.93,-7.87,7.27,-12.84
304,-0.05,0.06,0.95,-8.7,11.63,-11.89
305,-0.04,0.05,0.95,-8.4,15.8,-11.0
306,-0.04,0.03,0.96,-6.5,16.0,-11.69
307,-0.08,0.04,0.98,-3.4,15.21,-11.17
308,-0.12,0.06,0.94,-2.98,12.66,-10.13
309,-0.17,0.09,0.92,-3.69,8.86,-6.71
310,-0.15,0.09,0.92,-5.82,5.4,-3.93
311,-0.14,0.09,0.95,-6.82,7.26,-1.45
312,-0.13,0.08,0.95,-7.79,6.53,-0.37
313,-0.13,0.08,0.97,-8.3,1.55,-2.31
314,-0.14,0.08,1.0,-9.36,-4.95,-5.14
315,-0.12,0.06,1.03,-6.88,-8.6,-1.89
316,-0.08,0.08,1.01,-6.61,-7.11,-2.03
317,-0.03,0.07,1.03,-4.72,-3.28,-1.62
318,-0.06,0.08,1.02,-2.49,0.66,-2.13
319,-0.07,0.08,1.0,-2.24,-0.92,-2.24
320,-0.06,0.09,0.98,-3.14,2.04,-1.96
321,-0.08,0.08,0.99,-3.87,2.45,-1.32
322,-0.08,0.08,0.99,-3.56,5.17,-1.51
323,-0.08,0.08,0.99,-3.79,5.58,-1.05
324,-0.07,0.07,0.97,-3.81,5.8,-1.95
325,-0.09,0.08,0.96,-4.87,4.56,-2.47
326,-0.12,0.1,0.95,-5.08,4.44,-1.77
327,-0.11,0.1,0.95,-5.88,1.7,-0.48
328,-0.09,0.1,0.94,-6.85,-0.56,0.27
329,-0.08,0.09,0.95,-7.15,-1.12,-0.38
330,-0.04,0.08,0.96,-6.98,-2.56,-2.1
331,-0.04,0.08,0.98,-5.82,-2.13,-2.69
332,-0.04,0.07,0.98,-4.89,-3.36,-3.84
333,-0.04,0.07,0.96,-5.11,-5.05,-5.05
334,-0.05,0.08,0.95,-5.95,-4.54,-6.78
335,-0.07,0.07,0.96,-6.45,-4.21,-7.44
336,-0.11,0.08,0.97,-6.61,-2.74,-6.05
337,-0.11,0.08,0.96,-7.43,-2.93,-5.89
338,-0.11,0.07,0.97,-8.82,-3.79,-6.05
339,-0.1,0.07,0.98,-11.23,-4.89,-8.21
340,-0.09,0.06,1.0,-10.97,-3.45,-7.73
341,-0.08,0.05,1.0,-11.56,-4.6,-9.87
342,-0.08,0.05,1.01,-11.83,-4.76,-11.23
343,-0.08,0.05,1.01,-11.92,-6.01,-12.88
344,-0.08,0.05,1.0,-12.67,-8.91,-15.24
345,-0.1,0.04,1.02,-13.19,-15.5,-18.18
346,-0.05,0.01,1.05,-7.18,-9.44,-12.09
347,-0.09,0.04,1.04,0.49,-2.81,-6.89
348,-0.05,0.03,1.01,1.77,-1.4,0.44
349,-0.09,0.05,0.99,1.58,0.46,0.38
350,-0.09,0.06,0.98,0.66,-0.48,3.01
351,-0.08,0.05,0.99,0.48,-0.04,3.76
352,-0.07,0.05,0.98,-0.47,1.21,2.92
353,-0.07,0.06,0.99,0.06,2.25,2.58
354,-0.06,0.05,1.01,-0.6,-3.77,2.78
355,-0.03,0.06,0.99,-0.73,-1.56,1.17
356,-0.02,0.07,0.98,-0.91,2.4,-0.5
357,-0.03,0.05,1.01,-0.23,0.73,-1.63
358,-0.04,0.05,1.0,1.57,3.37,-1.99
359,-0.05,0.06,1.01,3.12,4.3,-0.38
360,-0.06,0.06,0.99,3.83,4.24,0.01
361,-0.07,0.07,0.98,2.45,5.49,-0.67
362,-0.04,0.06,0.97,1.03,0.93,-3.19
363,-0.07,0.06,0.98,0.16,-2.27,-5.55
364,-0.07,0.06,0.99,0.44,-0.25,-4.86
365,-0.06,0.07,0.98,1.18,-0.94,-4.47
366,-0.07,0.06,1.0,1.92,1.93,-3.15
367,-0.06,0.06,0.99,2.47,2.6,-2.91
368,-0.06,0.07,0.96,1.6,2.89,-4.33
369,-0.08,0.08,0.97,0.74,2.55,-4.85
370,-0.08,0.07,0.98,1.91,1.09,-3.84
371,-0.08,0.08,0.96,1.92,1.49,-3.86
372,-0.1,0.09,0.96,0.7,1.21,-4.84
373,-0.08,0.07,0.96,0.5,3.01,-3.99
374,-0.09,0.07,0.96,0.02,2.61,-4.08
375,-0.12,0.08,0.95,-0.7,1.22,-4.42
376,-0.12,0.08,0.95,-1.93,0.82,-3.6
377,-0.06,0.08,0.95,-2.55,0.58,-2.47
378,-0.08,0.07,0.97,-3.18,0.15,-4.72
379,-0.1,0.08,0.97,-2.64,-0.08,-5.04
380,-0.09,0.09,0.96,-2.9,-0.25,-4.12
381,-0.05,0.08,0.95,-3.47,-0.82,-5.32
382,-0.07,0.07,0.97,-3.14,-1.43,-7.01
383,-0.1,0.07,0.96,-2.88,0.66,-6.38
384,-0.09,0.07,0.96,-3.41,0.21,-6.59
385,-0.09,0.06,0.96,-2.6,-4.37,-4.91
386,-0.11,0.07,0.97,-2.87,-6.27,-5.48
387,-0.11,0.07,0.97,-2.92,-3.91,-4.47
388,-0.11,0.08,0.95,-4.66,-4.56,-4.18
389,-0.08,0.08,0.96,-5.45,-7.52,-3.69
390,-0.06,0.06,0.99,-3.6,-6.56,-3.82
391,-0.11,0.07,1.03,-2.0,-8.27,-0.25
392,-0.09,0.07,0.96,-1.88,-12.19,-1.89
393,-0.08,0.08,0.94,-3.94,0.18,-3.08
394,-0.07,0.06,1.0,-3.02,-4.92,-3.86
395,-0.08,0.08,0.99,-2.79,-8.04,-4.26
396,-0.07,0.07,0.97,-3.07,-1.92,-3.8
397,-0.06,0.07,0.98,-3.68,-5.12,-5.21
398,-0.06,0.06,0.98,-3.02,-6.55,-3.82
399,-0.05,0.07,0.98,-2.78,-2.88,-2.18
