,accel_x,accel_y,accel_z,gyro_x,gyro_y,gyro_z
0,-0.09,0.06,1.01,-1.85,-12.05,-4.14
1,-0.09,0.06,1.0,-3.85,-10.05,-4.4
2,-0.1,0.05,1.0,-7.27,-6.51,-2.85
3,-0.11,0.06,1.0,-10.62,-2.08,1.13
4,-0.11,0.06,0.98,-13.91,2.63,6.18
5,-0.11,0.06,0.94,-19.21,7.38,8.73
6,-0.13,0.07,0.94,-17.84,2.76,10.78
7,-0.15,0.06,0.97,-18.16,-0.25,8.6
8,-0.13,0.05,1.0,-16.91,-2.95,5.25
9,-0.13,0.03,1.03,-13.89,-5.98,3.38
10,-0.12,0.01,1.07,-10.22,-4.86,0.79
11,-0.11,0.0,1.1,-5.82,-3.84,-1.05
12,-0.11,0.02,1.08,-1.31,-0.26,-0.5
13,-0.1,0.04,1.04,1.87,3.99,1.61
14,-0.12,0.05,1.01,4.07,3.08,1.49
15,-0.13,0.07,0.97,4.37,-1.02,-0.11
16,-0.12,0.09,0.96,2.22,-3.63,-0.92
17,-0.1,0.1,0.97,-0.66,-3.65,-0.58
18,-0.09,0.1,0.97,-2.44,-3.05,0.02
19,-0.09,0.11,0.97,-4.12,-2.21,-1.15
20,-0.09,0.11,0.98,-4.17,-1.89,-2.11
21,-0.09,0.09,0.98,-2.97,-0.92,-3.39
22,-0.1,0.09,0.98,-0.65,-0.6,-3.64
23,-0.08,0.1,0.96,0.44,0.46,-2.8
24,-0.1,0.1,0.95,-0.32,2.18,-2.28
25,-0.12,0.09,0.93,-1.18,-0.57,-3.29
26,-0.1,0.07,0.95,-2.15,-2.96,-3.4
27,-0.11,0.06,0.98,-2.63,-3.27,-2.33
28,-0.1,0.06,0.99,-3.37,-1.15,-1.96
29,-0.11,0.05,1.0,-4.05,-1.3,-2.71
30,-0.12,0.05,0.99,-4.1,-0.53,-2.08
31,-0.12,0.05,0.99,-3.39,-0.07,-1.92
32,-0.12,0.05,0.99,-2.08,-0.93,-2.37
33,-0.12,0.05,0.97,-1.27,0.66,-1.85
34,-0.14,0.06,0.98,-0.79,1.46,-0.44
35,-0.14,0.05,0.96,-0.05,0.62,-0.12
36,-0.13,0.06,0.96,-1.86,-0.72,-1.47
37,-0.14,0.08,0.97,-3.76,-2.03,-1.6
38,-0.13,0.08,0.95,-4.37,-3.11,-2.09
39,-0.13,0.08,0.94,-4.62,-4.86,-3.36
40,-0.11,0.09,0.95,-4.73,-5.24,-2.02
41,-0.11,0.1,0.94,-6.08,-5.79,-2.49
42,-0.09,0.1,0.96,-6.61,-4.74,-3.29
43,-0.07,0.09,0.98,-7.66,-3.85,-4.17
44,-0.08,0.09,0.98,-7.44,-4.82,-4.53
45,-0.06,0.07,1.01,-6.84,-3.4,-7.88
46,-0.07,0.06,1.0,-3.1,-3.24,-8.34
47,-0.08,0.05,1.01,-0.94,-2.32,-7.67
48,-0.08,0.05,0.99,-0.19,-0.68,-6.31
49,-0.09,0.04,0.97,-1.9,-0.76,-8.34
50,-0.09,0.04,0.99,-2.83,-0.53,-6.5
51,-0.09,0.06,0.98,-1.75,2.65,-3.27
52,-0.09,0.04,0.99,-1.4,1.67,-4.85
53,-0.1,0.05,1.0,0.08,3.52,-2.35
54,-0.11,0.05,0.99,-0.03,2.97,-3.14
55,-0.11,0.06,0.96,-0.11,1.51,-3.15
56,-0.11,0.06,0.98,-0.66,1.14,-3.5
57,-0.12,0.05,0.98,-1.34,-0.16,-3.93
58,-0.1,0.05,0.98,-0.11,0.14,-1.16
59,-0.1,0.06,0.99,-0.62,-0.86,-2.73
60,-0.1,0.08,0.97,-1.0,0.18,-3.45
61,-0.1,0.07,0.97,-0.95,0.88,-2.12
62,-0.11,0.08,0.97,-1.61,-0.02,-3.6
63,-0.1,0.08,0.96,-1.05,0.05,-4.88
64,-0.1,0.07,0.98,0.02,-0.27,-4.31
65,-0.09,0.08,0.96,0.08,0.18,-5.27
66,-0.11,0.08,0.96,-0.39,-0.94,-6.77
67,-0.11,0.07,0.96,-0.56,-1.87,-7.01
68,-0.11,0.06,0.97,-1.24,-1.31,-6.65
69,-0.11,0.06,0.97,-2.13,-1.33,-7.35
70,-0.12,0.05,0.98,-3.28,-2.18,-8.22
71,-0.11,0.05,0.96,-2.84,-1.72,-6.26
72,-0.12,0.05,0.97,-2.89,-0.59,-5.97
73,-0.13,0.05,0.96,-3.46,-1.03,-5.92
74,-0.14,0.05,0.96,-3.65,-1.89,-4.89
75,-0.14,0.05,0.97,-3.41,-1.42,-4.05
76,-0.14,0.05,0.96,-3.63,-1.57,-2.4
77,-0.11,0.07,0.96,-4.31,-0.87,-0.39
78,-0.12,0.08,0.96,-4.86,0.13,0.7
79,-0.11,0.08,0.94,-5.12,-0.24,-0.15
80,-0.11,0.09,0.94,-6.01,-0.47,-1.59
81,-0.11,0.08,0.95,-5.94,-1.21,-1.75
82,-0.12,0.07,0.94,-5.19,-2.18,-1.05
83,-0.12,0.07,0.96,-4.69,-3.92,-1.95
84,-0.11,0.06,0.97,-4.37,-4.92,-2.76
85,-0.1,0.05,0.98,-4.79,-4.69,-3.66
86,-0.1,0.03,1.02,-3.63,-4.56,-4.38
87,-0.09,0.03,1.03,-2.1,-2.24,-4.94
88,-0.1,0.03,1.05,-0.21,0.02,-4.97
89,-0.1,0.02,1.03,2.16,1.38,-4.24
90,-0.11,0.03,1.01,3.37,1.37,-2.41
91,-0.13,0.04,0.99,3.32,1.6,-1.65
92,-0.13,0.05,0.97,1.7,0.55,-1.92
93,-0.13,0.05,0.97,0.11,-1.1,-2.33
94,-0.12,0.05,1.0,0.23,-1.22,-1.29
95,-0.11,0.05,1.0,1.02,-1.51,-1.73
96,-0.11,0.05,1.01,2.34,-1.17,-1.24
97,-0.1,0.06,1.0,3.53,-1.61,-2.06
98,-0.11,0.06,1.01,5.11,-1.68,-2.53
99,-0.1,0.07,1.0,6.34,-0.89,-2.66
100,-0.1,0.07,1.0,7.07,-0.39,-3.01
101,-0.1,0.08,0.96,7.38,-1.45,-4.72
102,-0.1,0.08,0.98,6.15,-1.11,-5.5
103,-0.09,0.07,0.97,11.02,10.0,-0.37
104,-0.07,0.07,0.97,3.92,-0.53,-7.89
105,-0.11,0.08,0.98,3.48,-2.09,-7.87
106,-0.1,0.06,0.97,2.38,-1.65,-7.35
107,-0.09,0.08,1.03,-1.85,1.11,-6.45
108,-0.1,0.04,0.93,6.21,-3.1,-5.85
109,-0.1,0.05,0.94,5.02,-2.89,-5.87
110,-0.08,0.07,0.99,5.44,-0.53,-7.39
111,-0.09,0.09,0.96,5.04,1.46,-4.5
112,-0.12,0.07,0.94,3.89,1.31,-4.25
113,-0.12,0.08,0.94,2.11,1.02,-4.25
114,-0.14,0.08,0.94,0.18,0.16,-4.82
115,-0.13,0.08,0.94,-0.01,-1.53,-3.62
116,-0.12,0.09,0.97,-0.77,-2.66,-3.14
117,-0.12,0.08,0.98,-1.69,-1.11,-2.53
118,-0.12,0.08,0.98,0.13,0.94,-0.74
119,-0.12,0.1,0.96,1.47,1.34,-0.07
120,-0.12,0.11,0.95,2.0,1.17,-0.01
121,-0.1,0.11,0.93,2.23,1.02,0.77
122,-0.11,0.12,0.94,1.62,0.25,0.67
123,-0.11,0.13,0.93,1.47,-0.64,-0.19
124,-0.1,0.12,0.93,0.78,-1.59,-0.69
125,-0.12,0.13,0.92,-0.65,-2.56,-1.38
126,-0.1,0.13,0.94,-2.24,-2.66,-1.58
127,-0.1,0.12,0.94,-3.81,-2.57,-2.5
128,-0.09,0.13,0.92,-4.63,-2.06,-2.61
129,-0.11,0.11,0.94,-4.44,-2.73,-2.92
130,-0.1,0.1,0.94,-4.0,-4.24,-3.44
131,-0.11,0.11,0.93,-3.94,-4.71,-3.53
132,-0.1,0.09,0.95,-3.27,-3.35,-1.74
133,-0.1,0.1,0.96,-6.2,-4.0,-4.17
134,-0.11,0.1,0.94,-7.4,-4.33,-4.86
135,-0.11,0.09,0.95,-7.38,-4.6,-4.94
136,-0.11,0.09,0.94,-7.72,-5.34,-5.62
137,-0.1,0.1,0.94,-7.88,-5.76,-5.14
138,-0.1,0.1,0.93,-7.42,-5.81,-3.53
139,-0.14,0.1,0.93,-9.18,-8.61,-5.27
140,-0.09,0.1,0.96,-8.37,-6.85,-2.84
141,-0.09,0.1,0.98,-9.85,-4.83,-0.89
142,-0.09,0.1,0.99,-10.03,-4.96,-2.09
143,-0.08,0.11,1.01,-9.19,-5.85,-3.68
144,-0.09,0.12,0.99,-7.08,-5.49,-4.66
145,-0.08,0.13,0.99,-6.5,-4.35,-5.25
146,-0.07,0.13,0.98,-6.1,-3.3,-5.61
147,-0.08,0.13,0.98,-6.27,-2.71,-5.4
148,-0.08,0.14,0.98,-7.72,-1.4,-5.11
149,-0.1,0.16,0.99,-10.55,-1.6,-5.3
150,-0.12,0.15,1.0,-11.22,-1.21,-4.46
151,-0.11,0.15,1.0,-12.5,-0.17,-4.49
152,-0.12,0.16,1.0,-13.03,-0.7,-4.51
153,-0.14,0.16,0.99,-13.51,-0.98,-5.04
154,-0.13,0.16,0.99,-12.04,-1.12,-2.95
155,-0.14,0.16,0.99,-10.75,0.83,-1.35
156,-0.14,0.16,0.98,-10.5,0.39,-1.97
157,-0.14,0.13,0.97,-9.5,1.28,-0.66
158,-0.14,0.13,0.95,-8.9,-0.05,-1.17
159,-0.14,0.12,0.94,-10.02,-3.34,-4.71
160,-0.14,0.12,0.95,-10.77,-3.48,-4.31
161,-0.15,0.11,0.92,-11.37,-5.44,-5.18
162,-0.14,0.11,0.93,-13.38,-4.56,-5.98
163,-0.12,0.11,0.93,-15.92,-2.38,-4.39
164,-0.14,0.11,0.92,-18.58,-0.21,-3.08
165,-0.15,0.11,0.92,-22.41,2.07,-2.44
166,-0.16,0.12,0.93,-25.16,3.05,-2.9
167,-0.15,0.13,0.94,-26.66,3.9,-2.69
168,-0.15,0.14,0.92,-25.95,2.4,-1.97
169,-0.14,0.14,0.89,-24.37,1.8,-2.12
170,-0.14,0.13,0.88,-23.92,-3.37,-4.31
171,-0.14,0.11,0.91,-23.86,-9.56,-4.1
172,-0.14,0.09,0.93,-25.1,-16.47,-6.68
173,-0.09,0.08,0.96,-25.55,-18.27,-7.92
174,-0.05,0.05,0.99,-24.43,-16.88,-6.45
175,-0.06,0.02,1.02,-22.87,-13.41,-6.79
176,-0.08,-0.01,1.04,-21.2,-13.41,-8.65
177,-0.1,-0.03,1.04,-19.3,-13.77,-8.36
178,-0.11,-0.05,1.02,-18.32,-13.83,-8.12
179,-0.13,-0.05,1.0,-17.49,-14.82,-7.17
180,-0.13,-0.06,0.97,-18.24,-15.9,-6.63
181,-0.12,-0.07,0.97,-18.5,-15.89,-3.78
182,-0.12,-0.1,0.96,-18.67,-18.14,-3.98
183,-0.13,-0.12,0.98,-18.73,-22.11,-3.92
184,-0.11,-0.1,0.99,-19.02,-23.71,-2.99
185,-0.06,-0.09,1.03,-21.98,-19.82,-1.49
186,-0.05,-0.08,1.03,-23.76,-14.09,0.05
187,-0.03,-0.07,1.01,-22.47,-10.16,2.11
188,-0.03,-0.06,1.0,-20.46,-9.73,0.22
189,-0.02,-0.04,0.97,-17.51,-11.85,-2.1
190,-0.02,-0.04,0.96,-15.78,-14.7,-3.74
191,-0.01,-0.05,0.94,-13.21,-17.53,-2.92
192,-0.01,-0.07,0.96,-13.66,-20.45,-4.79
193,0.0,-0.08,0.99,-15.75,-22.86,-5.73
194,0.0,-0.08,1.0,-16.23,-22.24,-5.95
195,0.02,-0.08,1.03,-17.08,-18.08,-5.51
196,0.03,-0.06,1.03,-17.35,-14.37,-4.75
197,0.05,-0.04,1.02,-17.1,-10.19,-4.44
198,0.02,-0.04,1.0,-16.44,-10.02,-5.93
199,0.03,-0.03,0.99,-15.28,-9.44,-9.02
200,0.0,-0.03,0.99,-14.04,-8.59,-9.66
201,-0.01,-0.04,0.96,-12.14,-7.75,-7.99
202,-0.01,-0.04,0.94,-11.42,-8.85,-7.15
203,-0.03,-0.06,0.93,-10.5,-13.63,-9.18
204,-0.04,-0.07,0.94,-10.66,-17.66,-9.94
205,-0.04,-0.08,0.94,-9.42,-20.66,-8.91
206,-0.02,-0.09,0.94,-8.98,-17.52,-8.94
207,-0.04,-0.1,0.95,-12.85,-23.37,-9.36
208,-0.05,-0.09,0.96,-15.66,-22.47,-6.81
209,-0.06,-0.08,0.96,-20.26,-22.31,-6.4
210,-0.06,-0.08,0.96,-25.44,-18.44,-5.78
211,-0.04,-0.09,0.97,-30.01,-13.03,-0.72
212,-0.03,-0.1,0.95,-31.58,-5.57,5.46
213,0.01,-0.12,0.96,-32.67,-1.58,10.95
214,0.06,-0.1,0.96,-33.6,-1.47,10.43
215,0.13,-0.11,0.95,-33.02,-3.74,8.27
216,0.17,-0.12,0.98,-30.51,-5.57,3.36
217,0.21,-0.16,1.01,-24.36,-6.56,-3.27
218,0.22,-0.21,1.03,-18.41,-3.9,-9.98
219,0.16,-0.27,1.04,-14.48,2.39,-13.66
220,0.13,-0.34,1.03,-9.84,8.92,-11.16
221,0.1,-0.38,1.04,-7.46,19.27,-4.66
222,0.13,-0.42,1.03,-6.58,26.47,0.28
223,0.12,-0.44,1.03,-6.31,35.71,2.84
224,0.13,-0.49,1.05,-0.72,36.43,4.92
225,0.14,-0.56,1.05,12.24,37.63,10.66
226,0.19,-0.63,1.05,23.92,36.49,18.38
227,0.28,-0.68,1.05,38.37,26.18,15.11
228,0.29,-0.79,1.11,51.72,6.98,6.08
229,0.29,-0.91,1.2,67.15,-15.36,1.75
230,0.31,-1.09,1.27,84.27,-17.25,5.41
231,0.27,-1.41,1.44,119.79,-26.82,14.61
232,0.27,-1.88,1.69,172.98,-36.85,26.66
233,0.22,-2.0,1.99,235.88,-29.56,39.95
234,0.05,-2.0,2.0,250.13,-39.43,50.21
235,0.21,-2.0,2.0,250.13,1.55,49.44
236,0.16,-2.0,2.0,250.13,60.85,43.69
237,0.07,-2.0,2.0,250.13,130.0,26.76
238,-0.12,-2.0,2.0,250.13,183.72,58.76
239,0.15,-2.0,2.0,250.13,215.29,75.63
240,0.05,-2.0,1.39,213.68,229.06,88.87
241,0.05,-2.0,0.54,147.91,198.05,96.14
242,0.29,-1.3,0.03,132.02,156.82,126.56
243,0.15,-0.22,-0.3,118.73,81.65,145.98
244,0.02,0.66,-0.51,82.68,-17.98,122.63
245,-0.06,1.71,-0.48,49.87,-127.37,85.84
246,0.14,2.0,-0.35,19.39,-205.29,53.6
247,0.86,2.0,-0.4,-2.18,-125.5,26.4
248,1.89,2.0,-0.53,35.0,139.66,19.75
249,2.0,2.0,-0.1,108.1,250.13,-7.99
250,1.89,2.0,-0.82,193.81,250.13,-47.63
251,1.61,2.0,-2.0,236.47,250.13,-131.27
252,0.78,2.0,-2.0,227.15,145.62,-152.63
253,0.34,2.0,-2.0,107.81,32.41,-224.89
254,0.16,2.0,-2.0,39.32,13.07,-250.14
255,-0.15,1.63,-1.43,-5.42,-11.27,-250.14
256,-0.62,0.77,-0.78,-25.63,-79.19,-250.14
257,-0.97,0.18,-0.06,12.75,-142.18,-250.14
258,-1.08,0.07,0.39,0.64,-169.42,-235.42
259,-1.32,0.17,0.68,-33.89,-152.66,-154.5
260,-1.05,-0.01,0.8,-48.56,-120.67,-97.6
261,-1.05,0.2,0.89,-23.99,-49.87,-42.87
262,-1.08,0.28,0.86,-38.33,-47.4,-3.44
263,-0.94,0.31,0.83,-57.96,-49.82,-2.21
264,-0.88,0.28,0.92,-68.96,-32.77,12.7
265,-0.84,0.18,1.11,-59.88,-25.73,28.92
266,-0.73,0.18,1.11,-39.73,-10.86,53.26
267,-0.61,0.27,1.11,-26.19,0.91,71.19
268,-0.5,0.34,0.93,-26.32,6.43,75.85
269,-0.35,0.46,0.9,-32.07,16.9,79.71
270,-0.27,0.56,0.82,-40.76,19.4,74.58
271,-0.11,0.64,0.86,-49.62,27.74,72.22
272,-0.11,0.65,0.8,-53.6,37.24,65.79
273,-0.14,0.61,0.89,-54.69,47.96,68.17
274,-0.22,0.56,0.93,-55.3,43.76,71.28
275,-0.24,0.48,1.02,-47.15,31.52,65.53
276,-0.3,0.41,1.09,-37.39,3.59,53.89
277,-0.29,0.36,1.1,-24.21,-29.57,43.37
278,-0.23,0.36,1.14,-12.98,-47.26,33.98
279,-0.18,0.39,1.12,-2.51,-55.47,26.89
280,-0.11,0.43,1.11,4.92,-56.1,21.63
281,-0.04,0.45,1.08,7.56,-49.15,14.6
282,-0.03,0.49,1.02,1.18,-34.08,1.98
283,-0.05,0.45,1.02,-2.81,-17.37,-4.02
284,-0.06,0.43,0.97,-7.68,5.83,-4.15
285,-0.13,0.45,0.88,-14.37,25.32,-5.4
286,-0.24,0.37,0.82,-22.34,35.37,-7.63
287,-0.32,0.32,0.84,-26.33,34.17,-6.15
288,-0.37,0.3,0.83,-26.22,28.0,-3.13
289,-0.4,0.3,0.82,-25.7,16.11,-2.5
290,-0.4,0.29,0.82,-16.36,4.98,1.69
291,-0.38,0.29,0.85,-8.66,-10.54,0.75
292,-0.35,0.33,0.83,-2.6,-22.95,1.54
293,-0.29,0.33,0.81,8.31,-24.0,4.63
294,-0.29,0.38,0.77,4.19,-38.77,-2.94
295,-0.29,0.38,0.81,0.82,-35.63,-1.82
296,-0.27,0.36,0.85,-5.56,-23.3,4.31
297,-0.28,0.35,0.86,-14.64,-11.82,9.15
298,-0.28,0.33,0.87,-21.7,-0.67,13.89
299,-0.32,0.3,0.86,-26.99,5.44,17.56
300,-0.34,0.28,0.88,-29.76,6.93,19.64
301,-0.33,0.26,0.92,-27.59,7.07,25.99
302,-0.29,0.25,0.96,-22.73,4.51,31.96
303,-0.28,0.29,0.93,-17.15,-2.62,30.69
304,-0.22,0.32,0.93,-10.54,-8.03,26.3
305,-0.2,0.34,0.9,-3.87,-12.18,19.44
306,-0.19,0.35,0.88,1.14,-15.78,14.27
307,-0.21,0.35,0.85,2.82,-18.36,10.64
308,-0.21,0.36,0.84,-0.2,-17.41,9.1
309,-0.21,0.36,0.84,-5.79,-10.09,11.53
310,-0.22,0.34,0.86,-12.68,-1.29,14.49
311,-0.2,0.33,0.9,-18.6,7.02,17.33
312,-0.23,0.33,0.91,-21.59,12.53,18.21
313,-0.23,0.31,0.9,-20.66,13.89,17.76
314,-0.24,0.31,0.88,-17.9,9.78,15.82
315,-0.25,0.32,0.86,-12.71,2.9,14.55
316,-0.24,0.35,0.84,-8.02,-6.44,13.42
317,-0.23,0.38,0.81,-5.33,-18.45,9.66
318,-0.22,0.42,0.81,-4.14,-30.82,5.09
319,-0.17,0.43,0.82,-4.77,-37.11,1.52
320,-0.13,0.44,0.83,-8.63,-33.45,-1.21
321,-0.12,0.41,0.89,-14.56,-20.96,1.15
322,-0.13,0.4,0.94,-22.35,-6.12,4.14
323,-0.17,0.38,0.93,-30.59,6.97,4.15
324,-0.22,0.32,0.93,-30.09,13.75,7.82
325,-0.27,0.28,0.93,-25.9,10.1,10.61
326,-0.32,0.23,0.94,-18.74,0.93,11.5
327,-0.31,0.26,0.93,-9.12,-11.4,11.93
328,-0.28,0.29,0.92,0.96,-23.35,10.76
329,-0.23,0.31,0.91,6.07,-31.18,7.63
330,-0.17,0.36,0.89,4.95,-28.17,7.95
331,-0.14,0.38,0.87,-1.63,-17.72,8.89
332,-0.13,0.39,0.87,-11.1,-3.92,10.71
333,-0.13,0.38,0.87,-19.1,8.7,12.72
334,-0.16,0.36,0.86,-23.41,15.34,14.51
335,-0.19,0.34,0.88,-23.52,14.93,12.55
336,-0.19,0.32,0.9,-19.97,10.82,11.14
337,-0.2,0.3,0.9,-13.96,4.06,7.92
338,-0.21,0.3,0.92,-9.75,-5.45,2.5
339,-0.18,0.29,0.92,-4.44,-11.05,0.48
340,-0.18,0.28,0.93,-2.68,-11.98,-1.59
341,-0.17,0.28,0.93,-2.66,-10.02,-2.22
342,-0.17,0.3,0.92,-5.68,-6.1,-1.95
343,-0.15,0.31,0.88,-9.01,1.33,-0.47
344,-0.19,0.3,0.87,-12.47,6.54,0.37
345,-0.21,0.29,0.86,-16.08,8.47,0.46
346,-0.23,0.27,0.86,-19.29,10.18,2.4
347,-0.22,0.25,0.89,-20.66,7.88,4.02
348,-0.28,0.22,0.89,-16.77,-2.63,4.76
349,-0.22,0.23,0.93,-18.57,2.95,6.41
350,-0.22,0.22,0.95,-17.46,0.52,3.04
351,-0.2,0.22,0.97,-14.58,-2.42,0.49
352,-0.18,0.24,0.98,-11.44,-2.6,-0.73
353,-0.16,0.25,0.98,-9.92,0.39,0.02
354,-0.19,0.27,0.92,-10.5,2.15,-1.82
355,-0.17,0.26,0.92,-9.91,1.42,-1.31
356,-0.18,0.28,0.9,-9.06,1.79,0.52
357,-0.22,0.27,0.88,-9.19,-0.73,-2.03
358,-0.19,0.27,0.9,-8.8,-1.53,-1.04
359,-0.19,0.27,0.93,-10.34,-3.15,-1.79
360,-0.19,0.26,0.94,-11.32,-1.65,-2.08
361,-0.2,0.26,0.94,-12.01,-2.18,-3.18
362,-0.18,0.27,0.95,-12.69,-1.83,-4.21
363,-0.17,0.28,0.93,-12.54,-0.89,-4.64
364,-0.16,0.3,0.93,-12.61,-0.47,-6.38
365,-0.16,0.32,0.92,-12.21,-1.19,-8.71
366,-0.15,0.32,0.89,-11.39,-1.63,-8.5
367,-0.16,0.32,0.9,-10.69,0.62,-6.76
368,-0.19,0.32,0.9,-10.63,0.14,-7.89
369,-0.18,0.31,0.88,-8.84,-3.58,-5.76
370,-0.21,0.3,0.89,-9.86,-2.23,-5.6
371,-0.24,0.29,0.93,-10.95,-5.39,-8.2
372,-0.23,0.29,0.96,-10.95,-6.87,-8.95
373,-0.22,0.28,1.0,-9.81,-6.33,-9.42
374,-0.2,0.28,0.99,-8.27,-5.15,-7.96
375,-0.22,0.28,0.99,-7.27,-2.74,-6.14
376,-0.2,0.3,0.97,-7.02,0.17,-6.54
377,-0.22,0.33,0.96,-8.32,2.99,-5.5
378,-0.21,0.33,0.91,-9.39,5.56,-2.23
379,-0.23,0.32,0.89,-10.08,4.12,-1.46
380,-0.24,0.32,0.88,-13.08,0.3,-2.76
381,-0.22,0.33,0.89,-15.11,-2.92,-2.87
382,-0.18,0.31,0.91,-14.85,-4.91,-1.21
383,-0.18,0.3,0.89,-14.38,-8.21,-4.02
384,-0.18,0.29,0.93,-13.96,-13.22,-7.05
385,-0.16,0.27,0.96,-10.23,-14.82,-10.02
386,-0.13,0.23,1.0,-5.09,-12.4,-15.78
387,-0.1,0.23,1.02,-1.05,-7.62,-19.52
388,-0.09,0.21,1.04,0.35,2.82,-20.44
389,-0.13,0.21,1.02,1.7,12.64,-21.16
390,-0.17,0.18,1.01,1.56,19.87,-24.84
391,-0.21,0.16,0.96,-0.89,26.24,-26.33
392,-0.27,0.14,0.92,-1.5,27.92,-24.77
393,-0.28,0.14,0.9,-0.5,24.18,-24.67
394,-0.29,0.15,0.9,-1.94,20.95,-25.37
395,-0.28,0.15,0.88,-3.35,19.16,-24.98
396,-0.28,0.15,0.88,-2.41,16.91,-23.02
397,-0.29,0.15,0.88,-1.32,14.86,-23.65
398,-0.29,0.16,0.87,-0.82,10.89,-24.11
399,-0.29,0.17,0.85,-0.81,8.33,-23.58
400,-0.31,0.2,0.82,-2.92,5.41,-22.34
