,accel_x,accel_y,accel_z,gyro_x,gyro_y,gyro_z
0,-0.16,0.03,0.96,-14.91,-4.25,-3.04
1,-0.16,0.02,0.99,-16.02,-3.54,-3.83
2,-0.15,-0.0,1.02,-13.69,-1.27,-2.65
3,-0.16,-0.01,1.03,-11.56,0.45,-2.65
4,-0.16,-0.01,1.03,-6.83,-0.27,-0.94
5,-0.2,-0.02,1.04,-7.66,-1.53,-2.11
6,-0.17,-0.0,1.02,-5.7,-2.47,-2.45
7,-0.16,0.0,1.01,-4.44,-5.37,-5.0
8,-0.16,0.02,1.0,-3.54,-8.4,-5.69
9,-0.14,0.04,0.97,-2.16,-9.05,-5.52
10,-0.13,0.07,0.95,-2.92,-7.5,-6.11
11,-0.11,0.06,0.94,-4.99,-3.97,-4.73
12,-0.1,0.07,0.93,-6.64,-0.64,-4.03
13,-0.1,0.06,0.93,-8.29,1.93,-3.39
14,-0.1,0.06,0.92,-9.38,4.14,-2.65
15,-0.11,0.06,0.9,-11.63,5.18,-3.58
16,-0.14,0.03,0.9,-15.37,3.89,-7.33
17,-0.16,-0.01,0.96,-16.96,1.42,-9.59
18,-0.17,-0.05,1.0,-13.27,-0.85,-9.75
19,-0.17,-0.08,1.03,-8.14,-1.34,-9.73
20,-0.16,-0.08,1.04,-5.6,-4.72,-11.01
21,-0.18,-0.08,1.05,-3.98,-4.47,-7.73
22,-0.17,-0.06,1.02,-0.85,-4.02,-6.59
23,-0.16,-0.04,1.0,0.21,-3.37,-5.57
24,-0.15,-0.02,0.98,0.09,-2.48,-5.12
25,-0.13,0.01,0.95,-0.49,-1.44,-4.95
26,-0.13,0.02,0.93,-1.68,-1.11,-5.54
27,-0.13,0.02,0.93,-4.11,0.53,-5.7
28,-0.14,0.03,0.91,-6.37,2.25,-2.73
29,-0.15,0.02,0.89,-9.56,2.83,-1.79
30,-0.16,-0.01,0.93,-13.45,0.91,-3.84
31,-0.14,-0.03,0.97,-14.66,0.08,-4.52
32,-0.14,-0.05,1.0,-11.31,0.85,-3.17
33,-0.14,-0.04,0.99,-9.84,1.23,-2.98
34,-0.15,-0.04,0.97,-8.98,2.04,-2.82
35,-0.17,-0.03,0.98,-9.03,0.35,-4.33
36,-0.17,-0.03,0.97,-9.08,-1.14,-2.27
37,-0.17,-0.03,0.98,-8.72,-0.08,-0.43
38,-0.18,-0.04,0.97,-9.9,0.15,-0.6
39,-0.19,-0.04,1.0,-9.6,-2.79,-1.91
40,-0.17,-0.04,1.0,-8.62,-3.69,-2.24
41,-0.16,-0.04,0.99,-7.15,-3.07,-1.01
42,-0.15,-0.03,0.98,-7.36,-2.33,-0.58
43,-0.15,-0.02,0.97,-8.28,-2.02,-0.54
44,-0.17,-0.04,0.98,-8.6,-2.21,0.06
45,-0.18,-0.05,0.99,-8.21,-3.37,1.24
46,-0.16,-0.04,1.0,-7.59,-3.17,2.93
47,-0.15,-0.04,1.01,-6.83,-3.37,2.1
48,-0.13,-0.04,1.01,-5.82,-4.31,2.08
49,-0.12,-0.04,1.01,-5.01,-4.52,0.06
50,-0.13,-0.04,1.02,-4.97,-4.11,-1.54
51,-0.13,-0.04,1.03,-3.79,-4.71,-3.03
52,-0.13,-0.05,1.02,-1.21,-5.35,-2.64
53,-0.13,-0.03,1.02,0.32,-4.53,-2.26
54,-0.14,-0.03,1.0,0.56,-3.5,-1.4
55,-0.15,-0.03,0.99,0.24,-3.95,-1.98
56,-0.16,-0.03,0.98,-0.55,-3.24,-2.27
57,-0.17,-0.02,0.98,-0.6,-1.97,-0.81
58,-0.16,-0.02,0.96,-2.21,-2.76,0.77
59,-0.17,-0.02,0.96,-2.51,-1.29,2.04
60,-0.17,-0.03,0.96,-3.15,-2.02,2.36
61,-0.15,-0.01,0.95,-3.59,-3.69,2.31
62,-0.13,-0.02,0.96,-2.82,-4.33,1.08
63,-0.13,-0.01,0.95,-1.06,-3.46,-0.37
64,-0.12,-0.01,0.93,-1.07,-1.37,1.26
65,-0.15,-0.02,0.94,-2.14,-1.41,-0.65
66,-0.17,-0.03,0.96,-2.31,-3.15,-0.22
67,-0.15,-0.05,0.97,-2.3,-4.23,-0.58
68,-0.15,-0.05,0.98,-2.11,-3.21,0.5
69,-0.15,-0.06,0.98,-1.31,-3.64,1.15
70,-0.15,-0.06,0.99,0.13,-3.14,1.72
71,-0.14,-0.04,0.97,1.4,-2.45,2.19
72,-0.14,-0.03,0.95,0.78,-1.22,0.89
73,-0.14,-0.02,0.96,-0.67,0.24,0.84
74,-0.15,-0.01,0.94,-1.12,-0.34,1.21
75,-0.14,-0.0,0.94,-1.68,-0.24,1.89
76,-0.15,0.0,0.94,-3.56,0.73,0.57
77,-0.16,0.0,0.94,-4.97,0.16,0.6
78,-0.16,-0.01,0.95,-4.7,-0.53,0.79
79,-0.16,-0.01,0.96,-4.34,-0.75,1.51
80,-0.17,-0.01,0.98,-4.18,-0.55,2.22
81,-0.16,-0.01,0.99,-3.55,-1.81,2.29
82,-0.14,-0.01,0.97,-2.69,-1.94,4.05
83,-0.13,0.0,0.97,-2.51,-1.92,3.46
84,-0.13,0.01,0.95,-2.78,-1.85,3.05
85,-0.13,0.01,0.96,-4.01,-2.15,2.63
86,-0.12,-0.01,0.97,-4.17,-1.22,3.82
87,-0.12,-0.0,0.96,-3.66,-0.35,5.18
88,-0.12,0.0,0.96,-3.96,1.63,5.85
89,-0.12,0.0,0.94,-5.65,-0.53,2.85
90,-0.13,-0.01,0.95,-6.69,-1.37,2.14
91,-0.14,-0.02,0.96,-7.37,-0.66,2.13
92,-0.12,-0.03,0.95,-8.64,-3.1,0.24
93,-0.1,-0.04,0.97,-9.56,-4.1,-2.6
94,-0.1,-0.06,1.01,-8.59,-2.34,-4.05
95,-0.13,-0.08,1.03,-6.02,-1.24,-5.15
96,-0.13,-0.08,1.03,-1.89,-0.28,-4.18
97,-0.14,-0.07,1.01,0.16,1.34,-2.6
98,-0.14,-0.04,0.96,-0.15,1.3,-2.82
99,-0.14,-0.02,0.97,-1.69,1.76,-3.22
100,-0.15,-0.02,0.98,-2.87,1.54,-3.3
101,-0.14,-0.01,0.97,-1.98,1.54,-2.46
102,-0.13,0.0,0.95,-1.54,1.5,-1.49
103,-0.14,0.0,0.95,-1.62,1.47,-1.32
104,-0.13,0.01,0.93,-2.5,1.09,-1.1
105,-0.14,0.01,0.91,-4.69,-0.63,-2.58
106,-0.14,0.0,0.92,-6.37,-3.03,-4.4
107,-0.15,-0.03,0.95,-7.67,-4.25,-5.63
108,-0.15,-0.05,0.97,-8.45,-4.69,-5.85
109,-0.16,-0.07,1.01,-8.11,-4.26,-5.34
110,-0.16,-0.08,1.02,-5.83,-5.89,-5.18
111,-0.15,-0.08,1.02,-3.9,-6.73,-5.53
112,-0.17,-0.07,1.01,-2.85,-6.9,-4.84
113,-0.14,-0.05,1.0,-1.85,-9.33,-5.05
114,-0.12,-0.03,0.99,-1.8,-8.96,-6.12
115,-0.13,-0.01,0.98,-3.92,-6.29,-5.27
116,-0.13,-0.01,0.96,-6.26,-4.47,-3.44
117,-0.12,0.0,0.95,-8.37,-2.65,-2.41
118,-0.11,0.01,0.96,-9.63,-3.66,-2.94
119,-0.09,0.01,0.97,-9.28,-4.21,-4.11
120,-0.1,-0.0,0.96,-8.31,-2.76,-4.12
121,-0.11,-0.02,0.98,-7.67,-0.82,-4.74
122,-0.13,-0.05,1.0,-5.36,0.47,-1.99
123,-0.11,-0.05,1.0,-1.79,-1.54,-2.34
124,-0.11,-0.06,1.0,0.31,-1.64,-4.81
125,-0.12,-0.06,1.01,1.62,-0.34,-3.15
126,-0.12,-0.05,0.99,3.4,-0.5,-2.01
127,-0.12,-0.04,0.97,3.33,-2.09,-3.13
128,-0.12,-0.05,0.97,2.19,-2.36,-4.97
129,-0.14,-0.05,0.97,0.95,-2.69,-5.41
130,-0.13,-0.06,0.98,0.43,-1.2,-4.75
131,-0.13,-0.05,0.99,0.23,0.18,-4.26
132,-0.15,-0.06,0.99,1.02,1.02,-2.79
133,-0.15,-0.05,0.99,0.56,0.14,-3.87
134,-0.13,-0.04,0.98,0.56,-0.31,-3.1
135,-0.14,-0.04,0.99,1.63,0.76,-3.24
136,-0.14,-0.03,0.99,2.18,1.89,-3.18
137,-0.13,-0.03,0.98,3.73,1.31,-3.69
138,-0.14,-0.02,0.98,4.63,1.34,-2.41
139,-0.14,-0.01,0.97,5.76,0.17,-1.92
140,-0.12,0.0,0.94,5.28,0.11,-2.69
141,-0.12,0.02,0.93,2.86,1.34,-2.07
142,-0.13,0.03,0.91,0.05,0.97,-2.27
143,-0.12,0.03,0.91,-3.31,-0.15,-2.74
144,-0.13,0.02,0.93,-4.78,-1.06,-2.71
145,-0.12,0.0,0.97,-3.89,-1.85,-2.46
146,-0.11,-0.01,0.97,-3.15,-0.51,-2.73
147,-0.11,-0.01,0.97,-3.9,-0.09,-3.44
148,-0.14,-0.02,0.97,-4.75,1.09,-3.53
149,-0.14,-0.02,0.97,-4.23,0.54,-2.73
150,-0.12,-0.02,0.97,-4.12,0.56,-2.7
151,-0.13,-0.01,0.97,-3.85,0.38,-3.01
152,-0.12,-0.01,0.98,-3.62,-0.04,-3.32
153,-0.12,-0.01,0.98,-3.04,1.51,-2.53
154,-0.11,-0.01,0.98,-2.77,3.38,-2.09
155,-0.12,-0.0,0.96,-3.04,3.88,-1.99
156,-0.13,-0.01,0.95,-3.94,3.55,-0.99
157,-0.14,-0.01,0.97,-3.86,1.98,-1.86
158,-0.14,-0.01,0.97,-2.11,-0.16,-1.4
159,-0.14,-0.02,0.97,-1.5,-0.07,-1.14
160,-0.15,-0.03,0.97,-2.51,-0.82,-1.83
161,-0.14,-0.03,0.99,-1.88,-0.07,-0.99
162,-0.14,-0.02,0.97,-1.87,-0.88,-1.6
163,-0.15,-0.03,0.99,-2.4,-0.93,-1.98
164,-0.16,-0.04,1.0,-2.18,-1.4,-3.23
165,-0.15,-0.04,1.01,-0.82,-0.73,-2.37
166,-0.15,-0.02,1.0,0.21,0.95,-0.72
167,-0.15,-0.02,0.98,-0.52,1.08,-0.19
168,-0.15,-0.01,0.99,-1.3,0.37,-1.34
169,-0.14,-0.0,0.98,-1.37,-0.6,-1.03
170,-0.13,0.01,0.97,-1.57,-1.5,-1.03
171,-0.12,0.02,0.97,-1.94,-1.9,-0.31
172,-0.13,0.02,0.97,-2.4,-1.96,-0.35
173,-0.12,0.02,0.96,-2.08,-2.45,0.35
174,-0.11,0.01,0.95,-2.7,-1.58,0.9
175,-0.12,0.01,0.95,-4.66,-2.21,-1.16
176,-0.12,0.01,0.94,-6.53,-3.62,-2.18
177,-0.12,-0.0,0.95,-8.07,-4.08,-2.55
178,-0.12,-0.02,0.96,-8.19,-4.66,-2.95
179,-0.12,-0.03,0.98,-7.63,-4.9,-3.58
180,-0.13,-0.04,0.98,-6.89,-4.86,-4.71
181,-0.12,-0.05,0.99,-4.73,-4.67,-3.92
182,-0.12,-0.04,0.98,-2.22,-3.63,-2.12
183,-0.13,-0.03,0.95,-2.05,-1.73,-2.21
184,-0.15,-0.03,0.95,-3.89,0.34,-2.75
185,-0.15,-0.04,0.97,-4.98,0.82,-3.06
186,-0.16,-0.04,0.97,-3.59,0.06,-1.61
187,-0.16,-0.03,0.97,-4.34,-0.97,-2.6
188,-0.16,-0.03,0.96,-4.15,-2.06,-2.57
189,-0.15,-0.01,0.96,-4.24,-2.56,-1.95
190,-0.14,-0.01,0.95,-4.92,-1.05,-0.73
191,-0.14,0.0,0.95,-5.92,1.08,0.31
192,-0.14,-0.01,0.97,-5.94,2.68,0.85
193,-0.14,-0.01,0.97,-5.22,2.02,1.48
194,-0.13,-0.02,0.96,-5.34,-0.08,-0.63
195,-0.13,-0.02,0.96,-5.66,-2.82,-3.36
196,-0.12,-0.02,0.97,-4.64,-3.7,-4.59
197,-0.13,-0.03,0.97,-4.36,-3.31,-4.6
198,-0.15,-0.04,0.98,-5.44,-2.99,-4.73
199,-0.14,-0.04,0.98,-4.84,-2.73,-2.98
200,-0.12,-0.03,0.98,-3.49,-2.85,-2.84
201,-0.12,-0.02,0.97,-3.21,-2.75,-3.52
202,-0.11,-0.01,0.96,-3.37,-2.73,-3.34
203,-0.11,0.01,0.95,-3.73,-2.47,-3.53
204,-0.11,0.02,0.94,-5.76,-0.95,-3.3
205,-0.11,0.02,0.93,-8.07,0.44,-3.55
206,-0.13,0.01,0.95,-9.63,0.49,-3.6
207,-0.12,0.01,0.96,-9.55,0.0,-3.27
208,-0.12,0.0,0.95,-10.54,-1.21,-4.95
209,-0.14,-0.0,0.96,-11.66,-2.69,-4.81
210,-0.15,-0.01,0.97,-11.72,-3.37,-4.08
211,-0.14,-0.02,0.98,-11.57,-2.47,-4.71
212,-0.15,-0.03,1.0,-10.11,-2.51,-4.79
213,-0.14,-0.03,1.01,-7.44,-2.79,-3.82
214,-0.15,-0.04,0.99,-5.37,-1.4,-2.8
215,-0.16,-0.04,0.98,-5.36,-0.8,-3.73
216,-0.17,-0.04,0.99,-6.73,-2.82,-1.94
217,-0.17,-0.04,0.98,-5.33,-2.49,-0.06
218,-0.15,-0.03,0.97,-6.53,-1.77,1.37
219,-0.14,-0.02,0.96,-8.92,-0.73,1.52
220,-0.13,-0.02,0.96,-10.51,-0.34,0.93
221,-0.15,-0.02,0.98,-10.03,-0.33,1.7
222,-0.15,-0.03,0.99,-9.17,-2.34,1.53
223,-0.14,-0.03,0.99,-8.12,-2.67,2.11
224,-0.13,-0.02,0.99,-7.12,-1.75,4.31
225,-0.13,-0.02,0.98,-6.84,-3.24,3.3
226,-0.12,-0.03,0.98,-6.13,-4.27,2.62
227,-0.12,-0.03,0.98,-5.2,-5.7,2.79
228,-0.12,-0.03,0.98,-4.75,-5.66,1.9
229,-0.11,-0.03,0.97,-5.56,-4.1,1.76
230,-0.11,-0.02,0.98,-6.64,-2.65,2.83
231,-0.11,-0.02,0.96,-8.65,-2.85,1.35
232,-0.11,-0.02,0.96,-10.73,-3.21,-0.02
233,-0.1,-0.0,0.95,-12.71,-4.86,-1.53
234,-0.08,0.01,0.94,-13.66,-0.79,-1.48
235,-0.08,0.04,0.93,-17.03,2.95,-2.53
236,-0.05,0.06,0.92,-20.01,5.9,-2.26
237,-0.05,0.08,0.92,-22.31,10.2,-3.27
238,-0.06,0.07,0.92,-23.55,13.44,-5.12
239,-0.05,0.06,0.95,-21.82,14.9,-1.26
240,-0.07,0.05,0.93,-20.46,12.02,-1.4
241,-0.1,0.03,0.92,-21.76,5.14,-7.44
242,-0.14,0.02,0.95,-25.49,-3.79,-11.32
243,-0.16,-0.03,0.98,-24.4,-8.79,-10.47
244,-0.18,-0.05,1.01,-24.56,-12.06,-7.1
245,-0.16,-0.07,1.02,-23.34,-11.88,1.65
246,-0.15,-0.08,0.98,-22.47,-10.48,10.63
247,-0.12,-0.1,0.95,-25.87,-9.23,13.79
248,-0.02,-0.14,0.91,-33.46,-9.05,8.4
249,0.03,-0.19,0.94,-39.2,-8.74,0.66
250,0.02,-0.26,0.97,-38.5,-9.61,-5.11
251,0.02,-0.35,1.02,-32.73,-7.09,-7.56
252,-0.01,-0.42,0.99,-25.6,-2.81,-1.07
253,-0.06,-0.52,0.94,-20.88,-1.21,3.14
254,-0.13,-0.64,0.94,-19.8,-8.48,5.9
255,-0.2,-0.82,0.98,-14.85,-28.44,7.03
256,-0.35,-1.18,1.1,-2.33,-51.15,26.21
257,-0.43,-1.62,1.14,12.89,-95.12,29.49
258,-0.44,-2.0,1.39,33.89,-130.57,30.02
259,-0.67,-2.0,1.35,26.14,-211.04,6.85
260,-0.53,-2.0,1.72,90.11,-180.31,42.72
261,-0.37,-2.0,1.41,113.71,-163.91,64.47
262,-0.41,-2.0,1.11,120.03,-133.86,63.56
263,-0.44,-2.0,1.02,104.9,-74.95,61.71
264,-0.49,-2.0,0.96,97.79,-5.24,70.24
265,-0.49,-2.0,0.9,103.98,51.78,94.27
266,-0.23,-2.0,0.62,107.59,94.41,100.35
267,0.1,-1.87,0.35,114.68,117.19,80.63
268,0.36,-1.21,0.34,132.56,118.28,49.43
269,0.44,-0.55,0.21,143.7,99.36,15.64
270,0.46,0.13,0.02,139.08,76.36,-18.66
271,0.57,0.58,-0.0,140.05,67.82,-30.53
272,0.57,1.31,-0.11,149.81,132.6,27.08
273,0.66,1.79,-0.36,160.84,175.21,106.35
274,0.72,2.0,-0.5,136.52,173.1,168.58
275,1.01,2.0,-0.66,87.83,133.73,184.45
276,1.47,2.0,-0.79,30.93,101.55,139.18
277,1.96,2.0,-0.93,-70.82,52.55,-10.29
278,2.0,2.0,-1.05,-195.58,-20.08,-234.09
279,1.83,2.0,-0.51,-250.14,-77.13,-250.14
280,1.23,2.0,0.21,-250.14,-89.56,-250.14
281,0.43,0.61,1.43,-250.14,-16.5,-250.14
282,-0.15,-0.65,2.0,-250.14,166.93,-250.14
283,-1.25,-1.32,2.0,-155.34,209.25,-250.14
284,-1.73,-1.11,2.0,-13.4,166.02,-250.14
285,-1.63,-0.47,2.0,66.06,133.4,-197.87
286,-1.39,-0.01,2.0,136.4,137.19,-150.41
287,-1.37,0.39,1.43,180.55,102.8,-113.34
288,-1.29,0.68,0.99,174.29,72.37,-91.81
289,-1.2,0.71,0.77,146.45,54.43,-60.86
290,-1.17,0.58,0.72,128.24,40.08,-28.36
291,-1.08,0.46,0.71,120.4,26.8,7.4
292,-0.97,0.35,0.69,117.26,13.42,44.34
293,-0.78,0.28,0.64,110.34,2.28,69.93
294,-0.59,0.28,0.56,95.63,-9.54,84.11
295,-0.42,0.28,0.57,72.97,-17.73,85.0
296,-0.31,0.26,0.61,49.43,-13.37,87.08
297,-0.2,0.24,0.68,29.72,-4.28,83.34
298,-0.12,0.2,0.74,15.24,8.62,81.61
299,-0.16,0.16,0.81,5.92,24.85,81.15
300,-0.25,0.1,0.82,4.28,29.88,78.37
301,-0.23,0.09,0.92,-3.47,34.22,78.21
302,-0.25,0.1,0.91,-6.69,34.27,73.69
303,-0.25,0.11,0.91,-8.78,30.38,68.63
304,-0.22,0.14,0.87,-13.18,30.65,61.47
305,-0.24,0.15,0.86,-17.8,33.24,53.54
306,-0.31,0.09,0.85,-24.21,30.63,52.82
307,-0.41,0.13,0.84,-31.7,28.32,43.69
308,-0.51,0.14,0.89,-37.47,16.6,42.46
309,-0.56,0.05,0.9,-41.22,-7.84,46.01
310,-0.52,0.04,0.92,-46.53,-38.08,38.03
311,-0.35,-0.03,1.0,-44.82,-57.22,26.45
312,-0.22,-0.12,1.08,-38.41,-55.34,15.27
313,-0.12,-0.18,1.12,-30.37,-36.37,13.24
314,-0.12,-0.19,1.16,-22.95,-15.04,13.6
315,-0.13,-0.16,1.13,-11.34,7.75,17.27
316,-0.27,-0.11,1.05,-6.95,24.95,18.56
317,-0.42,-0.06,0.97,-2.72,26.82,22.64
318,-0.51,-0.0,0.9,-1.21,15.16,23.66
319,-0.55,0.04,0.85,-1.26,-6.56,21.46
320,-0.49,0.09,0.84,1.12,-30.8,21.14
321,-0.41,0.06,0.83,0.24,-47.43,14.78
322,-0.37,0.06,0.85,-0.73,-60.58,9.95
323,-0.29,0.07,0.85,2.74,-67.3,9.12
324,-0.25,0.05,0.86,4.2,-57.15,11.63
325,-0.21,0.06,0.89,2.5,-47.84,15.5
326,-0.21,0.05,0.91,1.63,-33.87,18.82
327,-0.23,0.06,0.91,3.18,-21.65,22.36
328,-0.23,0.08,0.89,3.79,-13.87,26.08
329,-0.26,0.1,0.87,2.68,-14.51,25.18
330,-0.26,0.13,0.86,-0.94,-20.99,22.15
331,-0.25,0.12,0.89,-5.98,-29.74,16.64
332,-0.21,0.11,0.93,-7.81,-35.23,13.05
333,-0.19,0.09,0.98,-5.76,-37.05,9.76
334,-0.17,0.06,1.0,-1.76,-33.53,10.84
335,-0.15,0.06,0.99,2.8,-28.05,13.64
336,-0.16,0.06,0.97,5.4,-22.36,14.6
337,-0.19,0.05,0.95,4.37,-19.73,13.55
338,-0.21,0.02,0.95,1.02,-18.58,11.6
339,-0.23,0.01,0.97,-1.27,-15.45,14.29
340,-0.23,-0.0,0.95,-2.77,-12.18,16.27
341,-0.23,-0.01,0.96,-5.3,-8.64,17.67
342,-0.23,0.0,0.98,-6.35,-5.68,20.18
343,-0.21,0.01,0.97,-4.92,-4.23,21.51
344,-0.19,0.05,0.94,-2.54,-5.39,22.62
345,-0.13,0.09,0.87,-2.19,-6.6,21.62
346,-0.11,0.13,0.82,-4.89,-8.66,17.22
347,-0.12,0.12,0.82,-10.16,-13.4,10.44
348,-0.11,0.1,0.84,-15.22,-14.21,7.68
349,-0.11,0.09,0.9,-18.61,-16.19,3.76
350,-0.11,0.07,0.94,-20.86,-14.99,-0.14
351,-0.13,0.06,0.97,-19.76,-11.25,0.16
352,-0.14,0.04,1.0,-17.57,-7.81,2.19
353,-0.12,0.03,1.01,-14.53,-4.21,3.81
354,-0.1,0.05,0.99,-10.68,-3.46,4.14
355,-0.11,0.06,0.97,-8.15,-3.16,2.25
356,-0.13,0.11,0.94,-5.99,-4.39,1.14
357,-0.11,0.09,0.93,-3.27,-6.11,-0.48
358,-0.11,0.09,0.92,-6.27,-4.36,-2.26
359,-0.18,0.1,0.91,-7.4,-5.8,-1.01
360,-0.19,0.08,0.91,-9.72,-8.03,-3.14
361,-0.19,0.07,0.95,-14.13,-10.4,-5.34
362,-0.18,0.05,0.98,-14.57,-11.05,-4.95
363,-0.18,0.04,0.99,-12.55,-8.82,-2.76
364,-0.18,0.05,0.99,-11.06,-7.82,-1.21
365,-0.16,0.05,0.99,-10.85,-3.48,-0.32
366,-0.15,0.06,0.96,-7.82,-0.49,3.57
367,-0.16,0.07,0.94,-7.63,-1.76,1.62
368,-0.17,0.07,0.96,-9.37,-3.53,0.56
369,-0.14,0.06,0.96,-7.44,-3.44,0.59
370,-0.13,0.07,0.97,-6.12,-2.89,1.11
371,-0.15,0.07,0.96,-6.88,-1.27,0.83
372,-0.16,0.07,0.95,-8.22,0.39,0.8
373,-0.18,0.06,0.94,-8.6,2.68,1.76
374,-0.18,0.06,0.95,-11.63,1.05,0.57
375,-0.2,0.05,0.97,-12.09,-2.53,-1.69
376,-0.19,0.03,1.01,-7.82,-5.35,-0.89
377,-0.16,0.05,0.98,-4.73,-8.56,-0.12
378,-0.14,0.05,0.95,-3.58,-8.7,-1.4
379,-0.15,0.05,0.95,-2.82,-9.33,-3.69
380,-0.15,0.06,0.96,-1.85,-9.72,-3.05
381,-0.15,0.05,0.93,-1.34,-8.96,-1.79
382,-0.17,0.04,0.94,-3.98,-8.03,-4.16
383,-0.18,0.03,0.96,-6.03,-5.92,-3.86
384,-0.19,0.02,0.98,-6.26,-5.92,-2.97
385,-0.2,0.02,0.97,-7.53,-6.17,-4.05
386,-0.19,0.02,0.98,-7.89,-4.67,-3.01
387,-0.18,0.03,0.98,-6.98,-3.39,-1.72
388,-0.14,0.03,0.98,-5.44,-0.95,0.52
389,-0.12,0.04,0.97,-4.78,0.97,1.4
390,-0.13,0.04,0.97,-4.05,3.42,1.12
391,-0.14,0.04,0.96,-3.95,3.66,0.63
392,-0.15,0.04,0.95,-5.11,5.04,0.18
393,-0.17,0.04,0.96,-5.89,4.37,-0.6
394,-0.17,0.04,0.98,-5.07,2.37,-0.93
395,-0.14,0.04,0.97,-4.44,0.42,-2.21
396,-0.15,0.04,0.98,-4.85,-0.8,-5.57
397,-0.16,0.04,0.99,-4.91,-1.1,-5.11
398,-0.15,0.04,0.98,-3.96,0.46,-3.86
399,-0.17,0.05,0.97,-2.85,0.59,-3.5
