,accel_x,accel_y,accel_z,gyro_x,gyro_y,gyro_z
0,0.02,-0.16,0.96,-3.42,-13.22,-3.69
1,0.06,-0.14,0.96,-4.58,-13.78,-5.02
2,0.07,-0.17,0.97,-4.57,-13.83,-5.99
3,0.08,-0.2,1.0,-3.4,-17.23,-11.76
4,0.09,-0.21,1.01,0.74,-18.69,-14.39
5,0.08,-0.21,1.0,2.34,-17.58,-15.07
6,0.09,-0.2,0.99,2.63,-12.36,-12.08
7,0.05,-0.2,0.98,2.45,-9.18,-9.11
8,0.05,-0.19,0.97,1.5,-8.93,-7.93
9,0.06,-0.17,0.96,-0.27,-7.71,-7.5
10,0.05,-0.17,0.95,-1.63,-7.53,-6.48
11,0.04,-0.18,0.95,-1.94,-8.93,-5.46
12,0.04,-0.18,0.96,-2.69,-9.11,-5.09
13,0.07,-0.17,0.95,-3.6,-7.78,-5.27
14,0.07,-0.16,0.96,-4.22,-9.76,-5.37
15,0.07,-0.17,0.97,-4.63,-10.5,-6.15
16,0.08,-0.18,0.99,-4.08,-10.92,-7.21
17,0.12,-0.18,1.0,-2.34,-10.27,-6.36
18,0.12,-0.17,1.0,-1.86,-8.89,-7.8
19,0.11,-0.17,1.0,-2.34,-8.63,-8.37
20,0.11,-0.18,1.01,-2.72,-9.69,-9.34
21,0.14,-0.18,1.0,-3.15,-6.49,-7.89
22,0.15,-0.19,1.0,-3.81,-3.57,-7.85
23,0.15,-0.18,0.99,-3.25,-1.03,-7.73
24,0.14,-0.19,1.0,-3.61,-0.55,-8.66
25,0.12,-0.19,0.98,-2.45,-1.24,-7.63
26,0.11,-0.18,0.97,-0.46,0.37,-5.87
27,0.07,-0.17,0.94,-0.92,-1.39,-6.31
28,0.09,-0.18,0.93,-3.04,-0.98,-7.68
29,0.11,-0.18,0.94,-2.06,2.12,-7.44
30,0.09,-0.18,0.93,-5.82,1.4,-10.7
31,0.04,-0.19,0.94,-7.01,3.96,-9.4
32,-0.0,-0.21,0.95,-6.82,2.99,-7.28
33,-0.01,-0.18,0.94,-6.92,1.22,-3.46
34,-0.03,-0.19,0.95,-7.63,-0.92,-2.19
35,-0.01,-0.19,0.95,-7.85,-3.21,-0.67
36,0.01,-0.21,0.97,-6.5,-3.93,0.56
37,0.02,-0.2,0.97,-6.22,-3.47,1.81
38,0.01,-0.2,0.96,-6.18,-3.4,2.91
39,0.02,-0.15,1.02,-6.09,-7.91,4.79
40,0.06,-0.19,0.98,-3.9,-7.31,4.32
41,0.07,-0.2,0.98,-3.4,-7.66,4.21
42,0.13,-0.19,1.01,2.05,-4.27,3.05
43,0.13,-0.2,0.98,-4.24,-9.51,-4.53
44,0.13,-0.19,0.98,-3.2,-5.29,0.3
45,0.19,-0.2,0.97,-4.46,-0.99,-2.89
46,0.16,-0.19,0.99,-2.82,-2.73,-3.15
47,0.14,-0.16,0.97,-1.82,-1.21,-1.47
48,0.14,-0.17,0.97,-3.3,-1.54,-4.0
49,0.12,-0.19,0.98,-2.76,-0.76,-2.06
50,0.11,-0.19,0.98,-2.72,-1.16,-2.75
51,0.11,-0.19,0.97,-2.75,0.33,-1.63
52,0.09,-0.19,0.96,-3.15,0.79,-0.98
53,0.07,-0.19,0.97,-3.49,0.37,-1.21
54,0.07,-0.19,0.96,-3.53,-0.32,-1.21
55,0.05,-0.18,0.96,-4.12,-1.78,-0.81
56,0.06,-0.19,0.95,-4.89,-3.86,-2.23
57,0.07,-0.19,0.96,-5.46,-5.91,-3.68
58,0.07,-0.21,0.98,-4.47,-5.77,-2.94
59,0.07,-0.2,0.99,-4.42,-5.45,-2.41
60,0.08,-0.2,0.98,-3.87,-4.73,-0.94
61,0.09,-0.2,0.98,-3.37,-4.27,-0.63
62,0.09,-0.19,0.97,-2.95,-3.92,-0.1
63,0.09,-0.18,0.97,-3.52,-3.99,0.2
64,0.1,-0.18,0.96,-5.24,-4.63,-1.37
65,0.14,-0.18,0.95,-5.52,-5.45,-3.5
66,0.13,-0.18,0.96,-4.89,-4.7,-4.47
67,0.1,-0.17,0.95,-5.8,-4.41,-4.3
68,0.09,-0.19,0.97,-6.47,-5.41,-5.34
69,0.13,-0.2,1.01,-4.19,-7.88,-6.39
70,0.15,-0.2,0.99,-1.91,-5.99,-5.61
71,0.13,-0.17,0.97,-2.86,-4.05,-5.05
72,0.11,-0.17,0.97,-5.41,-2.38,-4.5
73,0.12,-0.18,0.98,-6.62,-0.74,-4.72
74,0.14,-0.19,0.99,-5.5,0.72,-5.47
75,0.11,-0.18,0.96,-4.66,-0.56,-5.83
76,0.09,-0.17,0.96,-6.38,0.11,-4.72
77,0.09,-0.19,0.96,-7.6,-2.49,-5.97
78,0.13,-0.19,0.97,-7.31,-2.37,-6.85
79,0.13,-0.19,0.95,-7.31,0.23,-7.37
80,0.11,-0.18,0.94,-8.47,1.3,-6.17
81,0.1,-0.2,0.93,-9.9,5.02,-4.9
82,0.08,-0.21,0.95,-10.32,0.6,-6.66
83,0.09,-0.21,0.96,-9.86,-0.08,-7.53
84,0.08,-0.21,0.96,-11.34,-0.07,-9.21
85,0.09,-0.22,0.97,-8.98,-4.47,-6.41
86,0.1,-0.22,0.97,-7.71,-3.1,-4.5
87,0.1,-0.23,0.97,-8.62,-1.89,-5.94
88,0.09,-0.23,0.97,-8.82,-2.01,-8.07
89,0.1,-0.24,1.0,-6.82,-4.2,-7.5
90,0.11,-0.24,0.99,-5.71,-2.38,-4.82
91,0.1,-0.23,0.98,-5.4,-0.92,-3.7
92,0.09,-0.22,0.98,-5.79,-1.04,-5.18
93,0.11,-0.22,0.99,-4.05,-2.89,-5.68
94,0.12,-0.21,0.97,-2.02,-3.5,-3.72
95,0.12,-0.21,0.96,-2.39,-1.53,-1.42
96,0.1,-0.2,0.96,-4.04,-0.17,-2.05
97,0.09,-0.2,0.95,-4.78,-1.44,-2.38
98,0.08,-0.22,0.97,-4.16,-3.73,-2.0
99,0.11,-0.22,0.97,-3.17,-3.91,-1.32
100,0.12,-0.22,0.99,-3.06,-3.16,-2.09
101,0.14,-0.22,0.97,-3.37,-1.6,-3.14
102,0.13,-0.21,0.99,-3.85,-0.92,-4.56
103,0.12,-0.22,0.98,-0.81,-2.56,-2.6
104,0.13,-0.21,0.97,-0.87,-0.69,-2.68
105,0.12,-0.19,0.96,-1.49,0.44,-2.47
106,0.12,-0.19,0.95,-3.43,1.11,-3.26
107,0.1,-0.19,0.94,-4.18,0.5,-3.29
108,0.1,-0.2,0.95,-4.08,0.08,-3.52
109,0.11,-0.2,0.95,-5.17,0.5,-4.35
110,0.1,-0.2,0.95,-4.49,-0.97,-3.54
111,0.1,-0.2,0.95,-4.16,-1.11,-2.71
112,0.1,-0.21,0.96,-5.17,-1.72,-3.08
113,0.08,-0.21,0.97,-5.35,-3.69,-4.81
114,0.08,-0.22,0.99,-4.44,-4.85,-4.15
115,0.06,-0.21,0.98,-3.46,-6.16,-4.0
116,0.05,-0.2,0.98,-4.21,-7.41,-3.19
117,0.06,-0.2,0.97,-6.05,-6.56,-2.81
118,0.07,-0.23,0.98,-4.95,-9.34,-1.8
119,0.09,-0.22,0.97,-3.9,-8.08,0.45
120,0.12,-0.2,0.94,-5.89,-6.38,-0.41
121,0.13,-0.2,0.95,-6.37,-5.03,-2.0
122,0.14,-0.21,0.95,-4.77,-6.57,-3.7
123,0.16,-0.22,0.96,-3.97,-5.87,-5.18
124,0.16,-0.23,0.96,-5.3,-3.81,-6.04
125,0.17,-0.23,0.96,-5.24,-2.38,-7.34
126,0.14,-0.23,0.96,-4.93,-1.57,-7.56
127,0.12,-0.24,0.98,-6.63,0.5,-6.31
128,0.1,-0.24,0.97,-6.53,0.51,-5.1
129,0.09,-0.24,0.98,-5.58,-0.96,-3.34
130,0.09,-0.22,0.97,-4.23,-2.27,-1.4
131,0.11,-0.22,0.95,-4.53,-3.75,-0.98
132,0.13,-0.21,0.95,-5.71,-4.31,-3.17
133,0.16,-0.2,0.96,-5.47,-3.49,-3.55
134,0.15,-0.2,0.94,-4.73,-2.06,-2.29
135,0.12,-0.19,0.95,-6.78,-1.53,-3.05
136,0.11,-0.17,0.95,-7.57,-2.01,-2.84
137,0.09,-0.17,0.94,-9.82,-4.07,-3.55
138,0.13,-0.17,0.93,-11.98,-5.82,-3.81
139,0.17,-0.18,0.93,-13.65,-4.44,-5.36
140,0.18,-0.19,0.94,-15.54,-3.98,-6.32
141,0.17,-0.21,0.94,-14.73,-2.57,-4.52
142,0.18,-0.21,0.94,-15.54,-1.39,-2.9
143,0.22,-0.21,0.91,-18.6,3.34,-1.31
144,0.22,-0.25,0.87,-27.09,10.04,-0.26
145,0.16,-0.44,0.89,-47.47,12.87,-2.58
146,0.12,-0.99,1.0,-56.52,28.86,-16.5
147,-0.04,-1.97,1.38,-18.92,36.92,-22.51
148,-0.13,-2.0,1.52,-55.11,46.79,-40.69
149,-0.05,-2.0,1.77,6.89,-38.03,48.48
150,0.61,-2.0,2.0,57.33,-30.6,86.31
151,1.14,-2.0,2.0,93.37,-26.45,114.14
152,1.57,-2.0,1.63,117.44,15.54,88.61
153,1.74,-2.0,1.3,199.85,91.23,64.71
154,1.09,-2.0,0.75,191.46,85.81,57.34
155,0.96,-2.0,-0.13,208.33,73.1,122.5
156,0.76,-1.67,-0.93,216.23,59.27,135.31
157,0.73,-0.62,-1.27,237.71,120.82,98.64
158,0.25,0.31,-1.3,203.21,79.87,28.69
159,-0.3,0.94,-0.86,141.97,75.22,13.69
160,-0.68,1.28,-0.07,66.38,57.08,49.16
161,-0.53,1.64,0.61,29.24,99.57,109.87
162,0.01,1.93,1.14,17.51,170.3,178.24
163,0.52,2.0,1.48,-3.22,250.13,221.86
164,0.87,2.0,1.7,29.21,250.13,223.72
165,1.15,2.0,1.67,90.58,250.13,180.92
166,1.2,2.0,1.29,199.21,250.13,115.19
167,0.94,2.0,0.59,250.13,188.61,38.09
168,0.37,2.0,-0.71,250.13,72.92,-47.63
169,-0.34,2.0,-1.84,246.02,-84.57,-185.66
170,-0.57,2.0,-2.0,94.19,-182.79,-250.14
171,-0.51,2.0,-1.85,-53.16,-139.79,-250.14
172,-0.55,1.95,-0.62,-150.69,-70.18,-171.98
173,-0.65,0.51,0.26,-220.08,-25.68,-100.19
174,-0.89,-0.4,1.37,-197.69,-2.47,-58.56
175,-1.06,-0.86,2.0,-106.89,-35.75,-17.6
176,-0.97,-0.8,2.0,-50.63,-55.79,-0.98
177,-0.62,-0.4,1.71,8.29,-59.98,16.9
178,-0.37,0.0,1.26,27.15,-53.75,32.0
179,-0.31,0.22,1.06,11.63,-30.31,40.47
180,-0.25,0.31,0.95,-11.28,-21.21,45.31
181,-0.14,0.34,0.92,-28.61,-16.95,37.27
182,-0.05,0.31,0.91,-31.08,-26.62,30.56
183,0.1,0.33,0.97,-39.46,-22.01,12.46
184,0.04,0.35,0.94,-38.45,-30.89,1.84
185,0.03,0.38,0.91,-34.27,-41.38,-10.92
186,0.02,0.34,0.91,-31.21,-45.64,-21.99
187,-0.02,0.27,0.93,-29.94,-43.1,-26.29
188,0.0,0.23,0.94,-25.16,-37.56,-28.51
189,-0.06,0.18,0.94,-22.56,-37.53,-30.45
190,-0.06,0.11,0.95,-36.02,-27.5,-27.49
191,-0.04,0.05,1.0,-40.98,-21.23,-21.12
192,-0.09,-0.03,1.1,-27.63,-27.53,-16.11
193,-0.08,-0.03,1.08,-21.47,-18.15,-14.27
194,-0.1,0.0,1.05,-12.66,-21.03,-15.15
195,-0.09,0.02,1.0,-6.91,-21.11,-15.66
196,-0.13,0.01,0.96,-4.93,-23.02,-19.02
197,-0.16,-0.05,0.96,-3.21,-27.95,-18.49
198,-0.19,-0.07,0.98,-6.16,-30.89,-18.31
199,-0.1,-0.07,1.0,-10.83,-29.11,-16.78
200,-0.03,-0.05,0.99,-18.6,-20.37,-14.15
201,-0.06,-0.05,1.01,-26.68,-8.01,-14.91
202,-0.16,-0.08,1.04,-32.55,-2.27,-10.6
203,-0.19,-0.08,1.07,-34.66,0.0,-5.85
204,-0.2,-0.12,1.05,-35.04,1.34,-1.96
205,-0.2,-0.13,1.06,-26.44,-4.34,-3.99
206,-0.19,-0.15,1.08,-12.73,-19.12,-13.57
207,-0.12,-0.13,1.06,3.42,-28.02,-18.57
208,-0.06,-0.09,1.01,16.04,-29.93,-18.31
209,-0.0,-0.04,0.98,13.58,-23.93,-15.47
210,-0.01,-0.0,0.93,3.23,-10.79,-10.69
211,-0.02,0.02,0.91,-8.8,0.6,-4.92
212,-0.0,0.05,0.9,-19.59,8.55,-3.5
213,-0.04,0.08,0.88,-28.76,14.62,-8.15
214,-0.13,0.08,0.85,-29.59,9.13,-15.77
215,-0.24,0.07,0.88,-25.62,-10.02,-23.92
216,-0.24,0.04,0.87,-16.73,-29.13,-29.06
217,-0.16,0.02,0.88,-12.81,-35.91,-28.89
218,-0.04,-0.01,0.88,-13.47,-27.76,-23.47
219,-0.01,-0.06,0.91,-14.34,-11.28,-13.47
220,-0.07,-0.07,0.91,-19.05,-3.01,-6.54
221,-0.07,-0.05,0.93,-25.61,-3.13,-6.64
222,-0.08,-0.05,0.94,-27.51,-7.34,-10.49
223,-0.12,-0.01,0.92,-27.43,-13.31,-12.97
224,-0.12,-0.01,0.93,-27.25,-18.76,-18.07
225,-0.14,-0.02,0.9,-24.11,-26.01,-22.37
226,-0.15,-0.01,0.9,-19.73,-35.11,-22.34
227,-0.09,-0.04,0.89,-16.25,-33.93,-11.99
228,-0.04,-0.07,0.89,-20.91,-23.91,-3.17
229,0.01,-0.1,0.94,-26.76,-15.4,5.73
230,-0.02,-0.13,0.89,-36.28,-18.84,3.31
231,0.02,-0.18,0.94,-47.9,-10.95,1.79
232,0.01,-0.23,1.04,-53.66,-10.96,-6.58
233,-0.01,-0.22,1.05,-36.53,-9.65,-3.17
234,-0.04,-0.3,1.16,-34.11,-10.95,-0.15
235,0.02,-0.3,1.15,-28.47,-19.05,-12.37
236,-0.05,-0.25,1.07,-19.56,-16.08,-11.1
237,-0.03,-0.15,1.0,-18.15,-11.95,-2.67
238,-0.02,-0.09,0.95,-24.82,-15.47,-3.37
239,-0.0,-0.06,0.89,-28.37,-7.71,6.02
240,0.01,-0.07,0.87,-46.72,2.24,6.81
241,0.02,-0.13,0.91,-60.45,6.68,8.31
242,-0.03,-0.26,1.02,-61.87,4.85,4.84
243,-0.07,-0.34,1.11,-53.69,0.28,2.89
244,-0.06,-0.34,1.13,-38.65,-11.29,-6.23
245,-0.06,-0.29,1.1,-23.56,-22.38,-15.5
246,-0.04,-0.26,1.06,-11.92,-27.59,-17.18
247,0.01,-0.21,1.04,-10.59,-16.51,-6.49
248,0.03,-0.18,0.97,-2.89,-12.06,-0.39
249,0.05,-0.18,0.92,-7.77,-0.38,6.16
250,0.09,-0.15,0.93,-17.48,11.49,8.66
251,0.05,-0.17,0.95,-24.03,15.79,8.08
252,0.02,-0.18,0.98,-27.18,11.24,2.1
253,-0.0,-0.2,1.0,-27.34,0.99,-11.64
254,-0.01,-0.19,1.02,-21.08,-10.9,-22.61
255,-0.02,-0.18,0.99,-16.15,-18.98,-23.89
256,0.02,-0.17,0.98,-13.66,-15.2,-19.89
257,0.02,-0.16,0.95,-15.94,-8.37,-13.75
258,-0.02,-0.17,0.91,-20.55,-0.45,-5.59
259,-0.05,-0.21,0.91,-25.08,4.33,1.08
260,-0.03,-0.24,0.91,-29.81,5.36,1.84
261,-0.07,-0.26,0.93,-29.88,2.87,0.25
262,-0.09,-0.26,0.91,-31.3,-3.92,-4.38
263,-0.04,-0.26,0.88,-30.13,-11.89,-9.63
264,-0.07,-0.31,0.9,-25.68,-22.68,-18.66
265,-0.04,-0.38,0.96,-20.55,-31.81,-25.66
266,0.07,-0.43,1.01,-15.18,-21.27,-23.95
267,0.14,-0.42,0.97,-7.01,-7.25,-18.25
268,0.08,-0.39,0.91,-12.03,0.97,-13.76
269,0.05,-0.34,0.86,-17.94,11.49,-7.57
270,-0.04,-0.37,0.87,-16.52,11.34,-3.24
271,-0.06,-0.38,0.88,-19.24,7.82,-1.19
272,-0.05,-0.37,0.9,-20.25,4.91,-0.75
273,0.0,-0.36,0.92,-16.13,-1.49,-2.31
274,0.02,-0.39,0.96,-11.1,-6.18,-4.65
275,0.09,-0.38,0.98,-5.91,-1.85,-3.21
276,0.11,-0.33,0.95,-1.52,2.08,-1.16
277,0.13,-0.29,0.93,3.02,9.29,-0.86
278,0.07,-0.24,0.91,2.22,12.51,-3.05
279,0.01,-0.21,0.9,-0.37,11.15,-3.38
280,0.01,-0.2,0.91,-2.6,11.38,-2.97
281,0.02,-0.2,0.93,-4.34,13.7,-1.6
282,-0.06,-0.2,0.93,-7.63,8.4,-6.07
283,-0.07,-0.21,0.94,-6.85,3.55,-7.08
284,-0.1,-0.23,0.97,-4.61,-3.48,-5.99
285,-0.12,-0.22,0.98,-1.73,-9.76,-6.08
286,-0.11,-0.22,0.99,-1.87,-15.4,-4.46
287,-0.05,-0.22,1.01,-1.66,-14.58,-0.56
288,-0.03,-0.26,1.04,0.56,-11.02,3.25
289,-0.0,-0.29,1.06,2.95,-5.85,5.45
290,0.05,-0.29,1.06,4.98,1.09,7.1
291,0.05,-0.27,1.0,5.31,2.9,1.99
292,0.06,-0.24,0.98,4.46,0.24,-7.92
293,-0.03,-0.26,0.97,3.77,-3.16,-13.95
294,-0.11,-0.26,1.0,1.83,-7.68,-12.45
295,-0.09,-0.23,0.98,-1.4,-10.21,-8.19
296,-0.04,-0.21,0.97,8.85,0.05,-1.8
297,-0.04,-0.24,1.01,-7.68,-11.23,-2.56
298,-0.02,-0.25,1.0,-9.67,-7.6,0.69
299,0.03,-0.27,1.04,-7.73,-8.3,-0.85
300,0.07,-0.28,1.06,-7.67,-7.13,-3.92
301,0.1,-0.28,1.05,-4.58,-1.74,-3.76
302,0.11,-0.26,1.02,-3.89,2.15,-8.18
303,0.1,-0.25,0.99,-2.89,7.27,-7.66
304,0.04,-0.23,0.97,-0.96,8.04,-6.14
305,-0.0,-0.21,0.95,-0.27,6.97,-7.19
306,-0.02,-0.19,0.91,-0.45,4.91,-4.83
307,-0.03,-0.18,0.89,-1.64,1.96,-3.71
308,-0.08,-0.19,0.89,-1.1,-1.49,-2.92
309,-0.02,-0.17,0.88,-7.1,-4.73,-4.52
310,0.02,-0.19,0.91,-9.49,-5.99,-6.57
311,0.01,-0.24,0.96,-9.99,-5.65,-7.85
312,0.02,-0.27,0.99,-8.82,-5.05,-8.06
313,0.05,-0.28,1.01,-6.04,-2.04,-7.98
314,0.06,-0.3,1.0,-2.57,0.89,-7.93
315,0.04,-0.28,0.98,1.24,4.28,-4.47
316,-0.0,-0.28,0.97,2.76,6.62,-3.14
317,-0.04,-0.27,0.95,4.68,6.58,-1.08
318,-0.08,-0.28,0.92,8.63,1.82,0.34
319,-0.08,-0.23,0.93,4.7,3.44,1.24
320,-0.1,-0.23,0.92,3.82,1.91,3.72
321,-0.11,-0.22,0.92,4.21,1.05,7.93
322,-0.13,-0.2,0.92,3.42,-2.44,10.41
323,-0.13,-0.2,0.91,0.84,-5.66,10.96
324,-0.09,-0.21,0.89,-0.73,-10.03,7.87
325,-0.02,-0.2,0.88,-1.15,-12.01,5.08
326,0.03,-0.2,0.91,-2.94,-12.92,0.73
327,0.05,-0.2,0.95,-4.81,-12.09,-3.93
328,0.07,-0.22,0.98,-3.76,-12.51,-4.02
329,0.07,-0.24,1.01,-2.71,-9.43,-3.77
330,0.07,-0.25,1.03,-2.63,-2.89,-2.45
331,0.03,-0.25,1.03,-0.49,0.85,0.76
332,-0.0,-0.25,1.03,1.41,1.59,0.69
333,-0.03,-0.25,1.03,3.5,0.18,-1.0
334,-0.03,-0.24,1.01,5.99,-3.82,-2.02
335,-0.03,-0.22,0.99,7.18,-6.6,-2.37
336,-0.02,-0.2,0.97,5.53,-8.37,-3.05
337,0.0,-0.19,0.96,3.53,-8.92,-4.1
338,0.03,-0.18,0.96,0.66,-8.87,-5.27
339,0.05,-0.18,0.97,-1.25,-5.87,-4.36
340,0.05,-0.19,0.97,-2.64,-2.56,-4.4
341,0.08,-0.18,0.95,-4.12,2.51,-5.27
342,0.05,-0.17,0.94,-7.67,5.39,-9.2
343,-0.01,-0.19,0.95,-8.18,5.34,-9.24
344,-0.06,-0.21,0.96,-5.92,1.6,-5.14
345,-0.07,-0.21,0.94,-4.1,-1.19,-1.52
346,-0.07,-0.21,0.93,-4.79,-4.1,-1.52
347,-0.05,-0.21,0.93,-6.67,-5.62,-0.47
348,-0.03,-0.21,0.94,-7.95,-6.46,0.73
349,-0.01,-0.22,0.95,-8.66,-7.61,0.82
350,0.02,-0.22,0.96,-8.7,-7.75,-0.02
351,0.04,-0.22,0.96,-7.85,-9.76,-1.5
352,0.06,-0.23,0.97,-8.63,-8.11,-5.08
353,0.06,-0.24,1.01,-8.17,-5.76,-7.4
354,0.06,-0.26,1.01,-6.43,-4.8,-8.15
355,0.06,-0.25,0.98,-4.76,-1.92,-7.61
356,0.04,-0.24,0.98,-4.86,-1.34,-7.42
357,0.05,-0.23,0.99,-3.39,0.89,-4.56
358,0.03,-0.23,0.98,-3.65,-0.57,-4.51
359,0.04,-0.24,0.97,-3.83,2.39,-2.15
360,0.03,-0.25,0.98,-2.76,3.49,-1.76
361,0.01,-0.25,0.98,-2.51,2.96,-2.05
362,-0.01,-0.26,0.98,-2.34,0.95,-3.08
363,-0.03,-0.28,0.97,-0.89,-1.96,-2.5
364,-0.01,-0.26,0.98,-1.77,-1.05,-3.27
365,-0.0,-0.26,0.97,-0.56,1.27,-2.04
366,-0.02,-0.26,0.96,-0.28,1.69,-2.29
367,-0.04,-0.25,0.95,-1.07,1.36,-1.97
368,-0.05,-0.23,0.95,-1.28,-1.14,-2.43
369,-0.02,-0.23,0.95,-1.4,-3.6,-3.08
370,-0.01,-0.22,0.95,-1.53,-3.98,-3.27
371,0.0,-0.23,0.96,-1.81,-3.42,-2.98
372,-0.0,-0.23,0.97,-2.09,-3.58,-3.06
373,0.01,-0.23,0.96,-2.55,-2.93,-1.91
374,0.0,-0.24,0.97,-1.56,-2.06,-1.65
375,0.01,-0.23,0.97,1.93,-3.01,1.26
376,0.01,-0.23,0.98,2.46,-3.66,0.97
377,0.02,-0.22,0.99,2.87,-3.05,0.73
378,0.02,-0.22,0.98,3.08,-2.67,0.15
379,0.03,-0.22,0.98,3.4,-2.48,1.27
380,0.05,-0.21,0.97,1.28,1.33,2.51
381,0.05,-0.2,0.96,1.35,1.06,0.92
382,0.04,-0.2,0.96,-0.49,1.68,-0.2
383,0.02,-0.21,0.97,-2.27,0.74,-2.81
384,0.02,-0.21,0.97,-1.64,-0.81,-2.49
385,0.03,-0.21,0.96,-1.49,-0.96,-2.71
386,0.01,-0.21,0.96,-3.66,-0.5,-3.63
387,-0.01,-0.22,0.97,-1.59,-1.66,0.18
388,-0.01,-0.22,0.97,-0.31,-2.21,1.53
389,-0.01,-0.2,0.96,-1.43,-2.13,2.26
390,0.01,-0.2,0.97,-2.11,-1.27,2.39
391,0.01,-0.22,0.99,-0.94,-2.02,3.26
392,0.01,-0.22,0.98,0.56,-1.92,3.61
393,0.0,-0.22,0.97,0.33,-0.56,3.97
394,0.0,-0.22,0.98,0.65,-0.63,3.36
395,0.02,-0.21,0.96,4.8,-0.35,4.88
396,0.02,-0.18,0.93,-1.95,1.79,2.47
397,0.02,-0.16,0.92,-1.16,-0.17,-0.4
398,-0.01,-0.18,0.93,-4.04,-0.31,-1.74
399,-0.02,-0.2,0.94,-4.76,-2.79,-0.41
