,accel_x,accel_y,accel_z,gyro_x,gyro_y,gyro_z
0,-0.1,-0.01,0.98,-5.2,-1.69,-3.55
1,-0.11,-0.01,0.97,-6.05,-1.05,-3.38
2,-0.11,-0.01,0.98,-6.69,-1.01,-3.44
3,-0.11,-0.01,0.96,-6.5,-0.83,-2.63
4,-0.11,-0.01,0.96,-7.16,1.49,-1.5
5,-0.09,0.01,0.94,-8.21,2.05,-2.04
6,-0.09,-0.0,0.94,-9.11,0.86,-2.98
7,-0.09,-0.02,0.96,-8.85,0.62,-3.98
8,-0.09,-0.03,0.98,-7.6,-0.14,-5.08
9,-0.08,-0.03,1.0,-5.27,-0.97,-6.98
10,-0.09,-0.03,0.99,-2.28,-2.59,-7.97
11,-0.1,-0.03,0.98,-0.78,-1.92,-7.56
12,-0.11,-0.03,0.97,-0.78,-0.75,-7.34
13,-0.11,-0.03,0.96,-1.11,1.72,-5.43
14,-0.11,-0.04,0.96,-2.33,2.15,-5.81
15,-0.1,-0.04,0.97,-3.37,3.46,-6.39
16,-0.1,-0.03,0.95,-3.68,5.06,-6.02
17,-0.11,-0.04,0.96,-4.62,6.79,-6.63
18,-0.09,-0.05,0.95,-5.2,8.76,-7.42
19,-0.08,-0.05,0.96,-4.06,10.47,-8.91
20,-0.09,-0.05,0.96,-3.2,13.63,-10.08
21,-0.09,-0.06,0.96,-2.07,16.64,-11.02
22,-0.14,-0.03,0.96,-1.97,15.79,-10.53
23,-0.16,-0.05,0.98,0.58,18.1,-9.8
24,-0.21,-0.03,0.95,1.24,15.64,-8.44
25,-0.2,-0.01,0.94,0.92,12.63,-7.64
26,-0.19,0.0,0.94,1.01,9.85,-7.6
27,-0.18,0.0,0.95,-2.7,7.56,-7.7
28,-0.17,-0.0,0.99,-4.09,6.34,-6.64
29,-0.16,0.0,0.99,-2.78,3.8,-6.21
30,-0.16,0.0,0.99,-1.34,2.24,-5.56
31,-0.15,-0.0,0.98,-0.72,1.05,-5.41
32,-0.18,-0.0,0.99,-1.57,-0.74,-5.37
33,-0.17,-0.01,0.99,-3.16,-2.06,-4.09
34,-0.14,-0.01,1.0,-3.46,-2.63,-3.38
35,-0.15,-0.01,1.0,-3.85,-2.9,-4.34
36,-0.15,-0.02,1.0,-3.52,-3.85,-3.76
37,-0.14,-0.03,1.02,-2.24,-4.91,-3.4
38,-0.13,-0.02,1.02,-1.22,-6.53,-4.39
39,-0.12,-0.03,1.0,-1.35,-8.26,-5.26
40,-0.11,-0.03,1.01,-1.53,-8.58,-5.64
41,-0.1,-0.01,1.0,-1.68,-7.4,-4.98
42,-0.12,-0.01,1.0,-2.31,-5.4,-4.01
43,-0.12,-0.01,0.99,-3.36,-3.61,-2.95
44,-0.13,-0.02,0.98,-3.47,-1.89,-2.54
45,-0.14,-0.03,0.99,-3.63,-2.56,-3.31
46,-0.13,-0.03,1.0,-3.7,-2.24,-2.78
47,-0.12,-0.03,0.99,-3.93,-1.65,-3.08
48,-0.11,-0.03,0.99,-2.97,-1.72,-4.24
49,-0.11,-0.03,0.98,-1.98,-2.59,-6.08
50,-0.12,-0.04,0.99,-0.56,-2.18,-6.69
51,-0.14,-0.03,1.0,1.62,-1.25,-5.43
52,-0.15,-0.03,0.98,3.27,-1.14,-4.8
53,-0.15,-0.02,0.96,3.61,-0.82,-3.89
54,-0.16,0.0,0.94,2.96,-1.53,-3.42
55,-0.16,-0.0,0.93,1.61,-1.67,-3.5
56,-0.14,0.01,0.93,1.1,-2.5,-2.82
57,-0.13,0.01,0.92,0.92,-3.42,-3.42
58,-0.14,0.0,0.92,-0.3,-4.34,-4.08
59,-0.15,-0.01,0.93,-2.34,-5.29,-4.24
60,-0.14,-0.0,0.94,-3.18,-6.32,-3.94
61,-0.12,-0.01,0.94,-3.66,-5.75,-4.44
62,-0.11,-0.01,0.94,-4.08,-4.37,-4.7
63,-0.1,-0.01,0.95,-4.57,-2.52,-4.55
64,-0.09,0.0,0.94,-4.21,-1.77,-4.86
65,-0.07,-0.0,0.92,-4.66,-0.64,-5.98
66,-0.09,-0.01,0.93,-5.5,1.21,-6.01
67,-0.1,-0.01,0.93,-7.01,4.04,-5.06
68,-0.11,-0.02,0.95,-8.89,6.18,-4.69
69,-0.12,-0.03,0.97,-8.85,5.12,-4.02
70,-0.15,-0.02,0.99,-6.52,0.9,-3.06
71,-0.17,-0.03,1.01,-2.82,-4.79,-3.34
72,-0.15,-0.04,1.01,-0.53,-4.23,-3.64
73,-0.13,-0.04,1.02,1.3,-5.46,-5.85
74,-0.13,-0.05,1.0,3.56,-6.24,-7.17
75,-0.14,-0.04,1.0,4.74,-5.44,-6.41
76,-0.17,0.0,1.0,3.56,-5.08,6.76
77,-0.16,-0.03,0.99,1.89,-3.71,-2.64
78,-0.14,-0.04,0.98,-1.05,4.94,-3.39
79,-0.18,-0.03,0.98,-2.4,1.27,-4.54
80,-0.18,-0.04,0.99,0.89,-0.18,-3.16
81,-0.2,-0.07,1.04,-0.26,-6.47,-2.9
82,-0.15,-0.02,0.97,0.68,-3.91,-3.21
83,-0.13,-0.03,0.99,-0.89,-1.62,-1.81
84,-0.14,-0.0,0.96,-0.21,-4.79,-0.46
85,-0.12,0.01,0.95,-1.75,-4.74,-1.21
86,-0.12,0.01,0.96,-3.68,-6.33,-1.47
87,-0.11,0.01,0.97,-3.92,-7.21,-0.82
88,-0.08,-0.03,0.97,-2.55,-7.18,1.44
89,-0.09,0.01,0.97,-3.69,-10.03,-3.15
90,-0.11,0.01,0.99,-2.78,-10.1,-0.72
91,-0.11,0.0,0.98,-3.24,-11.21,1.05
92,-0.09,-0.01,0.98,-2.64,-8.47,2.27
93,-0.09,-0.0,0.98,-3.85,-6.79,1.26
94,-0.06,-0.02,0.96,-3.6,-6.02,0.23
95,-0.06,0.0,0.98,-1.95,-5.98,-0.32
96,-0.07,0.0,0.95,-4.58,-8.96,-2.77
97,-0.08,0.01,0.96,-3.92,-6.75,-3.11
98,-0.1,0.01,0.98,-3.45,-6.98,-0.89
99,-0.08,-0.01,0.97,-2.05,-6.49,0.11
100,-0.1,-0.0,0.95,-2.63,-7.22,-1.21
101,-0.11,-0.0,0.95,-3.81,-6.71,-1.65
102,-0.13,-0.02,0.94,-3.9,-9.31,-0.15
103,-0.15,-0.01,0.97,-2.05,-14.93,5.6
104,-0.14,-0.03,0.96,-1.03,-22.5,6.74
105,-0.12,-0.03,0.97,-3.37,-21.47,7.62
106,-0.1,-0.03,0.99,-3.97,-20.38,7.15
107,-0.06,-0.03,0.98,-5.24,-15.73,5.81
108,-0.08,-0.03,0.99,-7.08,-9.86,3.4
109,-0.09,-0.02,1.0,-5.64,-7.63,2.43
110,-0.09,-0.0,0.99,-4.28,-7.07,2.29
111,-0.1,0.01,0.96,-3.51,-10.89,3.68
112,-0.1,0.01,0.95,-4.99,-12.08,4.27
113,-0.08,0.0,0.96,-6.89,-9.89,4.23
114,-0.07,-0.01,0.96,-8.18,-7.56,5.44
115,-0.08,-0.02,0.96,-8.21,-6.38,5.56
116,-0.08,-0.0,0.96,-10.03,-8.15,4.15
117,-0.09,-0.01,0.97,-10.66,-6.31,3.25
118,-0.09,-0.03,0.99,-10.35,-4.66,3.5
119,-0.09,-0.05,0.99,-10.5,-4.69,2.02
120,-0.07,-0.05,0.99,-11.26,-2.83,0.9
121,-0.07,-0.06,1.01,-10.99,-1.1,-0.56
122,-0.08,-0.07,1.02,-10.59,-1.21,-2.45
123,-0.07,-0.07,1.03,-8.98,-1.07,-3.71
124,-0.06,-0.07,1.03,-7.37,-0.52,-4.15
125,-0.06,-0.07,1.03,-5.84,3.22,-3.65
126,-0.06,-0.05,1.01,-4.31,5.41,-4.36
127,-0.06,-0.03,1.0,-3.18,7.04,-5.13
128,-0.06,-0.01,0.98,-3.12,8.5,-5.89
129,-0.06,0.02,0.95,-4.27,9.42,-5.9
130,-0.05,0.04,0.93,-6.31,11.22,-7.23
131,-0.05,0.06,0.92,-8.86,13.42,-8.59
132,-0.04,0.09,0.91,-10.5,15.99,-7.05
133,-0.04,0.11,0.88,-12.29,13.42,-6.02
134,-0.04,0.13,0.86,-15.02,10.68,-7.12
135,-0.04,0.12,0.86,-17.57,12.34,-9.92
136,-0.07,0.13,0.89,-20.83,9.66,-9.39
137,-0.07,0.12,0.89,-22.01,11.79,-9.86
138,-0.11,0.12,0.91,-22.6,11.86,-9.53
139,-0.13,0.11,0.92,-23.21,9.36,-7.86
140,-0.15,0.1,0.93,-23.91,6.59,-6.14
141,-0.13,0.07,0.94,-23.59,1.18,-4.19
142,-0.12,0.03,0.93,-24.04,-2.77,-5.5
143,-0.09,-0.01,0.98,-27.24,-4.12,-7.96
144,-0.04,-0.05,1.03,-26.68,-1.04,-8.51
145,-0.04,-0.08,1.06,-23.03,2.18,-6.98
146,-0.0,-0.12,1.04,-17.55,5.67,-4.66
147,0.01,-0.17,0.99,-12.83,10.4,-4.54
148,-0.01,-0.24,0.96,-11.95,8.2,-6.28
149,-0.04,-0.34,0.9,-10.94,-1.74,-8.79
150,-0.15,-0.52,0.92,-9.96,-21.73,-15.89
151,-0.27,-0.82,1.0,-2.98,-44.55,-12.03
152,-0.35,-1.23,1.17,9.39,-67.52,-1.92
153,-0.37,-1.76,1.47,27.11,-92.4,7.6
154,-0.29,-2.0,1.9,64.24,-90.96,20.38
155,-0.19,-2.0,2.0,79.47,-79.11,17.36
156,-0.08,-2.0,2.0,105.05,-56.73,31.83
157,0.01,-2.0,2.0,132.72,-46.54,38.36
158,-0.16,-2.0,1.63,137.56,-48.66,43.59
159,-0.28,-2.0,1.37,163.18,-57.35,37.04
160,-0.34,-2.0,1.11,174.13,-38.7,47.37
161,-0.37,-2.0,0.64,185.57,-13.96,65.59
162,-0.19,-2.0,0.26,158.39,5.92,74.76
163,-0.06,-1.59,-0.01,131.55,49.75,60.04
164,0.07,-1.07,0.11,113.02,106.13,60.08
165,0.3,-0.54,0.13,66.96,194.51,77.15
166,0.52,0.13,0.06,50.91,250.13,87.11
167,0.77,0.98,-0.09,36.66,250.13,87.13
168,1.2,1.75,-0.56,1.11,250.13,76.11
169,1.66,2.0,-0.76,-58.32,250.13,34.82
170,2.0,2.0,-0.42,-164.81,250.13,-23.95
171,2.0,2.0,0.14,-237.74,250.13,-47.92
172,2.0,2.0,0.82,-194.74,250.13,-128.9
173,1.37,2.0,1.14,-57.37,122.95,-250.14
174,0.09,2.0,1.0,-3.9,-103.84,-250.14
175,-1.29,1.82,1.07,-36.81,-202.95,-250.14
176,-2.0,0.94,1.75,-21.76,-133.66,-250.14
177,-2.0,0.11,2.0,4.21,-49.11,-250.14
178,-2.0,-0.28,2.0,57.11,-35.07,-164.31
179,-2.0,-0.38,2.0,134.05,-14.44,-92.15
180,-2.0,-0.27,1.82,170.49,-10.5,-12.71
181,-2.0,-0.1,1.32,191.8,8.28,54.74
182,-2.0,0.11,0.83,192.7,15.53,119.07
183,-1.55,0.34,0.38,168.49,6.05,152.66
184,-1.21,0.49,0.15,137.82,-6.4,166.89
185,-0.85,0.58,0.06,107.3,-24.24,172.67
186,-0.53,0.58,0.07,75.56,-36.04,177.56
187,-0.28,0.58,0.09,44.81,-46.63,175.84
188,-0.03,0.5,0.19,20.24,-43.69,165.65
189,0.19,0.44,0.31,-1.83,-42.63,153.04
190,0.32,0.39,0.48,-20.62,-34.31,135.29
191,0.32,0.38,0.52,-29.89,-20.89,122.13
192,0.25,0.36,0.59,-41.13,-19.11,108.75
193,0.14,0.35,0.66,-53.8,-25.41,93.75
194,0.03,0.33,0.71,-62.16,-48.15,76.86
195,-0.04,0.27,0.82,-69.18,-71.24,56.58
196,-0.01,0.17,0.97,-71.89,-82.73,40.08
197,0.03,0.08,1.11,-68.7,-82.36,31.08
198,0.02,-0.02,1.22,-64.4,-71.47,22.67
199,-0.01,-0.1,1.31,-52.56,-54.05,21.64
200,-0.1,-0.13,1.35,-40.79,-48.45,18.52
201,-0.09,-0.18,1.36,-29.73,-42.47,14.64
202,-0.05,-0.16,1.34,-16.61,-33.09,10.75
203,-0.01,-0.12,1.27,-2.47,-22.65,8.02
204,-0.02,-0.09,1.17,10.3,-11.99,5.9
205,-0.04,-0.06,1.07,16.27,-1.85,5.06
206,-0.07,-0.02,1.0,14.16,6.83,1.79
207,-0.11,0.01,0.94,10.04,11.99,-0.38
208,-0.17,0.05,0.9,5.51,6.3,-6.15
209,-0.21,0.04,0.89,-2.39,-2.34,-14.49
210,-0.22,0.02,0.96,-10.4,-3.56,-12.89
211,-0.23,0.01,1.01,-15.08,-4.27,-12.06
212,-0.21,0.01,1.05,-14.34,-6.17,-11.5
213,-0.17,0.03,1.07,-9.92,-3.22,-8.25
214,-0.16,0.05,1.04,-2.28,0.31,-5.11
215,-0.14,0.1,1.0,5.27,1.68,-2.98
216,-0.12,0.15,0.94,9.09,-1.22,-2.13
217,-0.13,0.18,0.84,10.84,-4.6,-5.37
218,-0.15,0.19,0.82,3.53,-12.06,-11.15
219,-0.14,0.17,0.87,-3.4,-12.86,-11.5
220,-0.14,0.12,0.95,-7.89,-10.0,-10.95
221,-0.08,0.09,0.99,-6.52,-1.6,-8.12
222,-0.1,0.08,1.01,-2.72,4.31,-6.33
223,-0.15,0.11,1.01,1.07,8.11,-5.77
224,-0.17,0.14,0.91,5.89,7.37,-2.32
225,-0.18,0.17,0.83,4.76,3.57,-3.75
226,-0.23,0.21,0.81,-2.28,-2.51,-5.65
227,-0.19,0.19,0.82,-9.7,-5.73,-4.44
228,-0.15,0.17,0.85,-15.22,-4.48,-4.39
229,-0.15,0.15,0.89,-19.03,-2.63,-3.69
230,-0.16,0.12,0.92,-19.91,-2.21,-3.53
231,-0.17,0.1,0.97,-20.63,-4.12,-4.44
232,-0.16,0.07,1.02,-18.7,-6.8,-5.69
233,-0.14,0.08,1.04,-14.95,-6.95,-8.04
234,-0.1,0.09,1.01,-7.18,-9.46,-5.98
235,-0.11,0.12,0.99,-3.28,-9.28,-7.51
236,-0.1,0.15,0.95,-3.11,-8.4,-7.47
237,-0.08,0.17,0.92,-4.71,-4.92,-7.57
238,-0.1,0.18,0.9,-8.16,-1.64,-9.82
239,-0.09,0.18,0.9,-10.03,-1.19,-8.75
240,-0.1,0.16,0.89,-13.23,-0.92,-10.08
241,-0.14,0.14,0.92,-14.95,-2.3,-10.97
242,-0.16,0.11,0.95,-16.5,-4.9,-12.8
243,-0.14,0.05,0.97,-15.4,-5.98,-13.27
244,-0.17,0.06,1.03,-13.36,-6.14,-15.95
245,-0.19,0.04,1.05,-7.67,-2.82,-14.08
246,-0.17,0.03,1.01,-0.72,-2.31,-9.66
247,-0.22,0.08,0.97,0.45,-0.44,-8.1
248,-0.2,0.11,0.92,-1.21,0.53,-4.88
249,-0.19,0.13,0.89,-6.06,0.35,-4.11
250,-0.17,0.15,0.88,-10.84,-1.63,-3.05
251,-0.15,0.15,0.9,-15.47,-1.24,-4.1
252,-0.1,0.14,0.92,-16.21,-3.4,-4.45
253,-0.09,0.13,0.97,-15.44,-3.09,-6.55
254,-0.1,0.12,0.98,-12.35,-3.27,-6.58
255,-0.13,0.13,0.97,-10.5,-4.91,-9.86
256,-0.11,0.15,0.94,-8.15,-5.62,-6.97
257,-0.11,0.14,0.92,-10.47,-6.37,-9.18
258,-0.1,0.13,0.96,-14.6,-6.41,-10.24
259,-0.1,0.11,0.99,-14.54,-6.1,-10.13
260,-0.12,0.09,1.03,-12.47,-6.11,-10.41
261,-0.11,0.07,1.03,-10.64,-3.75,-8.59
262,-0.13,0.09,1.03,-8.77,-4.89,-9.89
263,-0.14,0.08,1.02,-6.34,-3.66,-10.56
264,-0.16,0.09,0.99,-5.6,-3.69,-7.79
265,-0.16,0.12,0.95,-5.25,-3.04,-7.29
266,-0.15,0.13,0.93,-6.05,-6.54,-8.95
267,-0.13,0.14,0.93,-6.42,-7.38,-10.82
268,-0.1,0.12,0.97,-11.28,-7.4,-11.61
269,-0.12,0.11,0.96,-11.64,-5.09,-12.06
270,-0.1,0.07,0.98,-9.91,-5.24,-11.45
271,-0.15,0.06,1.0,-9.87,-5.76,-12.1
272,-0.12,0.05,1.02,-7.76,-5.66,-9.05
273,-0.12,0.06,1.01,-6.39,-4.06,-9.07
274,-0.12,0.07,0.99,-5.24,-3.15,-10.03
275,-0.13,0.08,0.99,-5.84,-1.39,-9.8
276,-0.13,0.07,1.01,-5.03,0.25,-8.2
277,-0.14,0.09,0.98,-2.92,0.5,-7.89
278,-0.16,0.11,0.94,-2.29,-0.51,-7.73
279,-0.17,0.11,0.93,-4.55,-3.6,-9.87
280,-0.15,0.11,0.93,-7.66,-4.24,-8.67
281,-0.15,0.1,0.91,-8.59,-6.76,-10.07
282,-0.17,0.08,0.94,-12.11,-5.98,-10.78
283,-0.17,0.06,0.97,-14.34,-4.37,-9.31
284,-0.17,0.03,0.99,-12.98,-5.43,-9.34
285,-0.16,0.03,1.02,-11.54,-4.79,-8.44
286,-0.15,0.03,1.06,-6.72,-4.29,-7.76
287,-0.13,0.04,1.03,-3.53,-3.9,-6.79
288,-0.13,0.07,1.0,-1.37,-2.92,-8.09
289,-0.14,0.1,0.98,-1.2,-2.97,-8.14
290,-0.14,0.11,0.95,-1.89,-2.82,-7.26
291,-0.14,0.13,0.92,-4.62,-4.34,-10.69
292,-0.11,0.13,0.94,-4.79,-3.33,-6.18
293,-0.12,0.15,0.9,-5.73,-3.73,-6.74
294,-0.1,0.14,0.91,-7.02,-4.4,-6.36
295,-0.13,0.13,0.89,-8.16,-5.69,-6.79
296,-0.13,0.11,0.91,-11.05,-7.98,-8.02
297,-0.13,0.09,0.93,-12.63,-8.43,-9.39
298,-0.12,0.06,0.99,-12.6,-8.54,-6.6
299,-0.12,0.04,1.0,-8.69,-5.53,-4.05
300,-0.12,0.03,1.01,-7.5,-5.45,-4.9
301,-0.13,0.03,1.0,-6.37,-4.37,-4.68
302,-0.13,0.05,0.99,-5.77,-4.26,-4.13
303,-0.13,0.05,0.97,-6.15,-2.89,-3.21
304,-0.13,0.07,0.95,-6.9,-0.92,-3.21
305,-0.15,0.06,0.97,-8.31,-1.56,-3.03
306,-0.12,0.05,0.99,-8.52,-2.34,-3.08
307,-0.1,0.04,0.98,-6.28,-2.63,-4.26
308,-0.12,0.04,0.98,-4.39,-2.92,-5.66
309,-0.13,0.05,0.96,-4.63,-3.81,-5.77
310,-0.13,0.05,0.95,-6.44,-3.85,-5.33
311,-0.12,0.05,0.95,-8.22,-2.2,-4.72
312,-0.13,0.04,0.95,-9.69,-1.41,-4.56
313,-0.13,0.03,0.99,-10.05,-1.34,-4.15
314,-0.12,0.02,1.0,-8.69,-1.67,-3.06
315,-0.12,0.02,1.0,-6.12,-2.47,-1.89
316,-0.12,0.03,1.0,-3.37,-2.05,-1.12
317,-0.13,0.04,0.98,-1.85,-4.38,-1.66
318,-0.14,0.04,0.97,-2.1,-5.83,-2.31
319,-0.16,0.06,0.97,-4.77,-7.11,-4.59
320,-0.13,0.04,0.97,-5.74,-6.06,-1.83
321,-0.13,0.05,0.97,-6.02,-8.19,-2.72
322,-0.13,0.04,0.98,-6.24,-9.32,-3.11
323,-0.11,0.04,1.0,-5.69,-10.11,-3.7
324,-0.11,0.05,0.99,-5.08,-8.98,-3.8
325,-0.1,0.04,0.98,-5.0,-8.4,-3.98
326,-0.09,0.04,0.99,-4.85,-8.02,-4.79
327,-0.05,0.02,0.97,-3.83,-8.7,-5.06
328,-0.06,0.03,0.98,-3.4,-5.54,-4.73
329,-0.09,0.04,0.99,-2.24,-6.47,-5.14
330,-0.09,0.04,0.97,-2.95,-5.05,-5.41
331,-0.09,0.04,0.96,-4.4,-4.44,-5.21
332,-0.08,0.04,0.95,-4.86,-2.48,-4.98
333,-0.09,0.04,0.95,-6.66,-3.05,-5.5
334,-0.1,0.05,0.96,-7.73,-2.25,-5.57
335,-0.11,0.03,0.96,-7.32,-2.92,-5.73
336,-0.12,0.01,0.98,-7.4,-4.24,-6.4
337,-0.12,0.01,1.0,-7.71,-3.98,-5.48
338,-0.09,-0.01,1.02,-5.9,-1.98,-4.87
339,-0.09,0.0,1.02,-3.32,-0.21,-3.96
340,-0.1,0.03,1.01,-1.94,-1.18,-4.89
341,-0.09,0.04,0.99,-1.28,-2.04,-5.49
342,-0.11,0.05,0.99,-1.72,-3.52,-5.73
343,-0.09,0.05,0.99,-1.77,-4.11,-4.84
344,-0.06,0.05,0.99,-1.53,-2.45,-5.6
345,-0.06,0.05,0.98,-1.63,1.1,-5.18
346,-0.07,0.05,0.99,-3.16,1.5,-6.15
347,-0.09,0.05,1.0,-3.02,-0.06,-6.81
348,-0.09,0.06,0.99,-2.17,-1.72,-6.31
349,-0.08,0.05,1.0,-0.85,-0.47,-6.11
350,-0.08,0.06,0.99,-1.63,0.73,-5.17
351,-0.09,0.06,0.99,-2.18,0.92,-4.97
352,-0.1,0.07,0.97,-1.73,-0.47,-5.34
353,-0.1,0.08,0.96,-2.07,-1.66,-5.98
354,-0.11,0.07,0.97,-3.07,-2.41,-5.85
355,-0.1,0.07,0.98,-4.53,-1.79,-6.02
356,-0.1,0.07,0.96,-3.05,-2.81,-6.14
357,-0.11,0.06,0.95,-2.57,-4.42,-6.4
358,-0.1,0.06,0.96,-3.38,-6.12,-7.07
359,-0.08,0.05,0.94,-4.47,-5.51,-6.11
360,-0.08,0.04,0.97,-4.34,-7.83,-6.98
361,-0.08,0.03,0.98,-1.82,-10.2,-8.05
362,-0.1,0.04,0.98,-2.25,-6.56,-9.05
363,-0.12,0.02,0.99,-2.7,-5.56,-5.99
364,-0.1,0.02,0.99,-3.79,-6.03,-5.09
365,-0.09,0.03,0.99,-2.75,-6.07,-4.76
366,-0.09,0.02,1.0,-0.38,-8.46,-5.96
367,-0.09,0.05,0.96,-2.27,-7.39,-5.89
368,-0.09,0.04,0.98,-3.5,-8.57,-7.0
369,-0.09,0.05,0.96,-4.17,-7.37,-4.63
370,-0.07,0.07,0.94,-5.46,-6.81,-4.47
371,-0.05,0.06,0.94,-7.68,-5.35,-5.5
372,-0.06,0.06,0.95,-8.96,-3.41,-7.89
373,-0.06,0.05,0.98,-8.69,-1.47,-6.11
374,-0.06,0.05,0.97,-7.69,-2.89,-6.47
375,-0.05,0.04,0.97,-7.93,-1.63,-7.63
376,-0.07,0.03,0.98,-8.75,-3.52,-9.44
377,-0.09,0.02,0.98,-8.64,-5.26,-10.54
378,-0.09,-0.0,1.01,-7.73,-3.92,-9.42
379,-0.1,-0.0,1.02,-5.98,-2.73,-7.68
380,-0.1,0.01,1.0,-4.74,-1.45,-7.02
381,-0.11,0.02,0.98,-4.01,-2.72,-6.72
382,-0.09,0.03,0.96,-4.78,-2.96,-6.01
383,-0.08,0.04,0.96,-6.1,-2.4,-6.37
384,-0.07,0.04,0.95,-6.73,-1.74,-6.78
385,-0.08,0.03,0.97,-7.99,-1.81,-6.68
386,-0.05,0.03,0.98,-7.08,-1.12,-7.48
387,-0.08,0.03,0.98,-5.79,-1.44,-7.47
388,-0.08,0.03,0.96,-5.34,-2.37,-8.22
389,-0.09,0.03,0.96,-6.15,-2.01,-7.38
390,-0.08,0.03,0.96,-6.72,-1.87,-7.15
391,-0.07,0.02,0.97,-7.08,-1.1,-7.16
392,-0.06,0.01,0.99,-6.62,-1.94,-7.33
393,-0.04,0.01,0.99,-5.65,-0.28,-7.55
394,-0.05,0.02,0.98,-4.7,0.41,-7.88
395,-0.07,0.02,0.98,-4.79,0.76,-8.13
396,-0.07,0.02,0.98,-5.19,2.03,-7.11
397,-0.09,0.02,0.98,-5.02,1.88,-7.21
398,-0.08,0.02,0.96,-5.56,0.11,-8.65
399,-0.1,0.01,0.96,-4.58,-1.17,-9.01
400,-0.09,0.01,0.95,-5.22,-3.21,-9.0
