,accel_x,accel_y,accel_z,gyro_x,gyro_y,gyro_z
0,0.02,0.09,0.95,-3.04,0.84,-4.56
1,0.02,0.1,0.94,-4.4,0.38,-5.21
2,0.01,0.09,0.95,-5.42,1.03,-5.06
3,0.01,0.07,0.96,-6.33,1.19,-4.9
4,0.01,0.07,0.96,-6.38,0.64,-4.63
5,-0.02,0.07,0.97,-6.63,-1.72,-4.24
6,-0.0,0.07,0.95,-7.09,-2.41,-3.11
7,0.01,0.07,0.96,-7.96,-2.16,-3.71
8,0.03,0.06,0.97,-8.36,-2.9,-3.9
9,0.02,0.05,0.98,-8.17,-1.32,-3.81
10,0.02,0.05,1.0,-7.58,-1.31,-3.57
11,0.03,0.05,0.99,-7.33,-1.6,-4.37
12,0.05,0.04,0.99,-6.7,-0.95,-4.91
13,0.05,0.04,0.99,-6.16,-1.18,-5.73
14,0.05,0.04,1.0,-6.12,0.65,-4.92
15,0.04,0.04,1.0,-5.76,2.88,-5.31
16,0.01,0.03,1.01,-4.64,1.64,-5.48
17,0.01,0.03,1.0,-4.33,1.85,-5.76
18,0.01,0.03,1.0,-3.69,1.24,-6.48
19,-0.01,0.02,1.0,-2.95,2.56,-5.99
20,-0.02,0.03,0.99,-3.13,3.73,-5.04
21,-0.02,0.03,0.98,-2.61,3.74,-3.21
22,-0.02,0.03,0.97,-2.87,3.49,-2.94
23,-0.03,0.03,0.97,-3.85,2.47,-2.44
24,-0.03,0.04,0.98,-4.48,2.63,-0.44
25,-0.02,0.03,0.97,-4.51,2.61,0.21
26,-0.03,0.04,0.98,-4.6,1.13,0.48
27,-0.02,0.04,0.98,-5.5,-1.6,0.9
28,-0.0,0.04,0.98,-5.54,-2.26,0.9
29,0.03,0.03,1.01,-4.99,-1.66,1.04
30,0.05,0.02,1.02,-2.85,-1.37,-0.48
31,0.04,0.03,1.03,-0.92,-2.98,-1.47
32,0.03,0.05,1.01,0.13,-1.6,-1.98
33,0.03,0.05,1.0,-0.31,-1.46,-1.89
34,0.05,0.05,0.99,0.11,-1.76,-1.81
35,0.02,0.05,0.98,-0.7,0.39,-1.45
36,0.0,0.05,0.98,-1.6,1.33,-1.14
37,-0.0,0.06,0.98,-2.88,0.19,-1.13
38,0.02,0.05,0.98,-3.0,-0.95,-2.66
39,0.01,0.04,0.98,-2.82,-0.33,-2.28
40,0.01,0.05,0.98,-3.24,0.43,-1.46
41,0.01,0.04,0.97,-2.9,-0.01,-2.36
42,0.0,0.03,0.98,-2.59,-2.37,-3.22
43,-0.01,0.04,0.98,-2.16,-0.66,-1.67
44,-0.01,0.05,0.97,-2.86,-0.22,-0.63
45,0.01,0.05,0.98,-3.01,-1.77,-0.2
46,0.02,0.05,0.98,-3.53,-3.8,-2.05
47,0.02,0.05,0.99,-2.97,-3.3,-2.15
48,0.03,0.06,0.99,-2.38,-1.24,-0.04
49,0.05,0.06,0.99,-3.09,-1.14,-0.96
50,0.05,0.05,0.98,-3.09,-1.24,-3.01
51,0.01,0.05,0.99,-2.73,0.82,-2.38
52,-0.01,0.05,0.99,-2.64,1.31,-1.05
53,0.02,0.05,0.98,-3.31,-2.69,-2.62
54,0.02,0.04,0.99,-3.26,-5.31,-4.85
55,-0.0,0.04,0.99,-2.37,-3.18,-3.72
56,-0.0,0.04,0.99,-1.67,-1.09,-2.08
57,0.04,0.03,0.98,-0.66,0.36,-1.21
58,0.01,0.04,0.98,-1.0,-0.89,-2.58
59,-0.01,0.05,0.97,-0.82,0.64,-0.73
60,-0.02,0.06,0.95,-2.2,1.12,0.61
61,0.01,0.06,0.94,-3.77,-1.45,-0.58
62,0.01,0.05,0.96,-5.08,-4.29,-2.01
63,0.0,0.05,0.97,-5.91,-3.73,-1.4
64,0.01,0.06,0.98,-5.92,-3.18,-0.24
65,0.04,0.05,0.97,-5.5,-6.1,-1.79
66,0.01,0.04,0.98,-5.05,-8.18,-2.83
67,0.02,0.05,0.98,-4.9,-5.36,-0.77
68,0.03,0.05,0.97,-6.07,-3.42,-1.15
69,0.05,0.04,0.99,-5.26,-3.36,-0.95
70,0.03,0.03,1.01,-3.97,-2.98,-0.49
71,0.03,0.04,1.01,-3.12,0.38,0.62
72,0.03,0.04,1.01,-3.05,0.93,-0.12
73,0.04,0.04,0.99,-3.44,-0.16,-2.5
74,0.02,0.05,1.0,-3.63,-0.65,-2.62
75,0.02,0.04,1.0,-3.15,0.78,-1.36
76,0.03,0.04,1.0,-2.34,2.18,-0.34
77,0.03,0.04,1.02,-1.31,1.62,-1.29
78,0.03,0.03,1.02,-0.78,1.34,-2.05
79,0.03,0.04,1.0,-0.66,2.31,-1.29
80,0.03,0.05,1.0,-0.81,2.04,-1.76
81,0.02,0.04,1.0,-0.41,1.61,-1.96
82,0.02,0.05,0.99,-0.29,2.79,-1.29
83,-0.0,0.05,0.99,-0.42,3.53,-0.56
84,0.01,0.04,1.0,-0.17,3.0,-1.02
85,0.01,0.03,1.0,0.5,1.51,-0.87
86,0.0,0.05,0.98,-0.11,1.66,-1.2
87,0.02,0.04,0.97,-1.2,-0.05,-2.47
88,-0.01,0.04,0.99,-1.33,-1.73,-2.64
89,-0.01,0.03,0.98,-1.7,0.79,-1.53
90,-0.01,0.05,0.99,-1.94,1.98,-0.34
91,0.0,0.04,0.97,-2.24,-0.69,-2.05
92,0.0,0.03,1.0,-1.32,-3.1,-2.31
93,0.01,0.04,0.99,-0.82,-2.43,-1.75
94,0.02,0.04,0.98,-1.17,-1.19,-0.94
95,0.03,0.04,0.99,-1.46,-2.48,-0.76
96,0.03,0.04,0.99,-1.02,-0.6,-1.06
97,0.03,0.05,0.99,-1.4,0.5,-0.42
98,0.03,0.05,0.97,-1.37,2.72,-0.5
99,0.03,0.06,0.99,-1.89,0.13,-2.41
100,0.03,0.04,0.99,-1.04,-2.24,-4.79
101,0.01,0.04,0.99,-0.56,-1.43,-4.02
102,0.02,0.05,0.97,-0.24,0.71,-2.92
103,0.03,0.06,0.96,-0.78,-0.11,-3.24
104,0.01,0.06,0.98,-1.34,-0.22,-3.5
105,0.0,0.05,0.97,-1.83,-0.03,-2.47
106,0.02,0.06,0.97,-1.99,0.66,-2.44
107,0.02,0.05,0.99,-1.89,-2.19,-3.24
108,0.01,0.05,0.98,-1.72,-3.51,-5.25
109,-0.0,0.06,0.99,-2.0,-2.45,-3.85
110,-0.0,0.06,0.99,-2.34,-1.44,-2.5
111,0.03,0.05,0.99,-1.08,0.5,-1.14
112,0.03,0.05,0.99,-1.23,-0.77,-2.71
113,0.02,0.06,0.99,-0.71,-0.23,-2.6
114,0.01,0.07,0.96,-1.89,0.06,-2.66
115,0.01,0.07,0.97,-2.67,-0.64,-2.52
116,0.01,0.06,0.97,-3.23,-1.04,-2.71
117,0.0,0.06,0.99,-3.24,-1.6,-2.77
118,0.01,0.06,0.98,-3.38,-0.67,-2.44
119,0.01,0.05,0.98,-3.27,-1.0,-2.88
120,0.01,0.05,0.99,-2.61,-1.52,-2.97
121,-0.0,0.06,0.99,-2.5,-0.93,-2.73
122,0.01,0.06,0.99,-3.33,-1.02,-3.4
123,-0.0,0.05,1.0,-3.9,-2.7,-4.31
124,-0.01,0.05,1.0,-3.78,-3.23,-3.25
125,0.0,0.04,1.0,-3.22,-1.98,-2.27
126,0.02,0.03,1.02,-1.73,-0.46,-0.87
127,-0.0,0.03,1.01,-1.04,0.47,-0.7
128,0.01,0.03,1.0,-0.54,2.66,0.23
129,0.02,0.03,0.99,-0.91,2.32,-0.53
130,0.03,0.04,0.97,-1.46,1.37,-1.91
131,0.02,0.04,0.98,-1.37,0.46,-3.65
132,0.0,0.04,0.98,-1.27,-0.05,-3.02
133,0.02,0.04,0.96,-2.18,-0.5,-1.95
134,0.05,0.02,0.95,-2.58,2.02,-1.72
135,0.04,0.01,0.95,-2.74,4.25,-0.86
136,0.06,-0.01,0.94,-2.4,5.73,-0.62
137,0.06,-0.03,0.95,-2.0,4.11,-2.39
138,0.05,-0.04,0.93,-1.28,2.79,-3.81
139,0.03,-0.05,0.9,-1.79,3.04,-3.57
140,0.04,-0.07,0.88,-3.4,6.49,-1.98
141,0.06,-0.06,0.83,-8.04,8.72,-2.21
142,0.02,-0.13,0.84,-11.45,10.74,-2.6
143,0.01,-0.22,0.87,-11.65,8.52,0.41
144,0.01,-0.31,0.85,-13.02,5.46,-0.78
145,-0.03,-0.39,0.87,-13.15,0.6,-0.65
146,-0.07,-0.45,0.85,-13.4,-7.53,1.13
147,-0.01,-0.55,0.89,-12.65,-7.08,7.16
148,-0.06,-0.56,0.9,-11.69,-13.91,12.21
149,0.05,-0.57,0.89,-13.11,-12.56,13.53
150,0.12,-0.58,0.97,-11.15,-13.41,15.84
151,0.2,-0.53,0.95,-9.6,-13.35,16.91
152,0.28,-0.5,0.93,-9.36,-10.37,14.17
153,0.34,-0.47,0.92,-12.08,-10.37,9.52
154,0.34,-0.46,0.95,-11.95,-9.85,7.72
155,0.32,-0.47,0.93,-12.63,-7.83,6.29
156,0.29,-0.5,0.9,-15.65,-6.66,5.37
157,0.21,-0.51,0.93,-17.84,-3.15,7.01
158,0.16,-0.53,0.95,-14.31,1.06,9.56
159,0.09,-0.5,0.91,-13.62,-6.67,8.11
160,0.02,-0.44,0.93,-12.56,-16.15,7.74
161,-0.0,-0.39,0.91,-13.69,-24.08,10.24
162,0.06,-0.34,0.91,-19.47,-22.27,12.55
163,0.08,-0.33,0.95,-23.76,-17.97,14.66
164,0.1,-0.29,1.03,-29.7,-11.37,17.08
165,0.09,-0.22,1.11,-31.96,-9.47,17.2
166,0.11,-0.17,1.18,-29.9,-16.29,10.25
167,0.06,-0.11,1.19,-25.41,-22.38,3.95
168,0.02,-0.03,1.19,-24.47,-27.89,0.01
169,0.02,0.02,1.15,-23.6,-24.88,-3.31
170,-0.03,0.1,1.1,-29.17,-17.27,-4.53
171,-0.06,0.17,1.09,-33.87,-4.83,3.17
172,-0.11,0.21,1.07,-36.99,5.82,9.18
173,-0.09,0.25,1.06,-42.86,12.02,6.92
174,-0.14,0.24,1.09,-46.75,12.53,6.69
175,-0.1,0.27,1.14,-40.97,22.43,8.59
176,-0.06,0.31,1.11,-37.41,30.59,5.92
177,-0.05,0.34,1.02,-36.34,24.36,0.03
178,-0.02,0.38,0.94,-37.94,20.01,-8.01
179,-0.06,0.46,0.92,-42.72,11.41,-14.82
180,-0.04,0.53,1.06,-45.89,7.49,-13.53
181,0.1,0.56,1.11,-50.99,16.09,-17.37
182,0.08,0.62,1.27,-52.79,39.26,-13.18
183,0.02,0.63,1.42,-42.82,51.93,-7.98
184,-0.24,0.73,1.43,-29.37,50.34,-5.62
185,-0.45,0.8,1.44,-12.87,30.95,0.4
186,-0.55,0.87,1.38,1.89,8.76,14.1
187,-0.46,0.83,1.26,12.42,-12.82,25.33
188,-0.24,0.78,1.11,15.82,-28.01,29.79
189,-0.01,0.69,1.03,11.11,-37.49,27.76
190,0.14,0.62,1.01,3.85,-35.43,23.62
191,0.23,0.51,1.0,-1.45,-28.63,17.43
192,0.22,0.39,1.11,-0.19,-22.63,12.64
193,0.25,0.28,1.14,5.25,-13.61,9.15
194,0.21,0.21,1.12,10.94,-1.15,3.21
195,0.09,0.13,1.16,20.67,10.79,5.66
196,0.05,0.09,1.11,29.63,17.23,5.88
197,0.01,0.04,1.06,37.16,17.32,-0.69
198,-0.07,0.01,1.03,45.17,9.02,-6.62
199,-0.12,0.02,0.99,50.89,-0.61,-8.32
200,-0.09,0.04,0.91,52.08,-0.58,-8.19
201,-0.09,0.09,0.89,50.08,2.05,-4.83
202,-0.06,0.13,0.87,44.91,4.4,-3.44
203,-0.01,0.13,0.89,39.03,8.71,-1.01
204,-0.01,0.13,0.9,34.53,14.15,0.09
205,-0.02,0.12,0.95,31.34,11.96,0.39
206,0.01,0.11,0.96,31.41,13.87,0.73
207,0.04,0.1,0.95,30.31,10.2,-0.85
208,0.02,0.1,0.95,26.96,-1.42,-6.31
209,-0.05,0.09,0.97,24.79,-7.24,-7.31
210,-0.05,0.06,1.0,23.95,-10.46,-5.67
211,-0.03,0.04,1.03,23.69,-7.67,-2.59
212,-0.04,0.03,1.05,24.65,-4.36,1.76
213,-0.03,0.04,1.05,25.66,-0.68,4.77
214,-0.02,0.04,1.03,24.02,0.12,3.89
215,-0.05,0.04,1.03,24.39,-0.37,4.58
216,-0.03,0.04,1.02,24.28,-6.18,2.89
217,0.01,0.03,1.02,23.94,-11.79,0.02
218,0.06,0.04,0.96,21.81,-17.4,-6.02
219,0.0,0.03,1.0,19.91,-17.58,-7.98
220,-0.0,0.01,1.02,19.31,-16.64,-5.25
221,0.02,0.01,1.01,17.9,-12.6,-2.79
222,0.05,-0.01,0.99,14.45,-2.27,0.43
223,0.02,0.0,0.99,9.91,6.19,1.46
224,-0.01,-0.0,1.01,8.44,8.4,2.34
225,-0.02,-0.01,1.03,7.77,9.26,3.16
226,-0.01,-0.01,1.04,9.82,7.56,3.74
227,-0.0,0.01,1.02,12.65,1.3,0.82
228,0.01,0.04,0.96,13.15,-8.91,-4.39
229,0.03,0.05,0.95,11.25,-16.45,-7.81
230,0.04,0.06,0.93,9.21,-12.18,-6.56
231,0.05,0.06,0.92,5.51,-7.29,-5.25
232,0.05,0.07,0.93,2.63,-5.54,-3.01
233,0.07,0.06,0.94,-1.21,-0.19,-1.31
234,0.12,0.04,0.94,-3.9,8.53,-2.48
235,0.06,0.03,0.98,-4.81,15.03,-2.33
236,0.04,0.02,0.99,-4.7,16.34,-1.69
237,0.0,0.0,0.97,-4.39,13.27,-4.65
238,-0.01,0.0,0.97,-4.12,5.66,-7.44
239,0.02,-0.0,0.96,-4.5,0.45,-12.11
240,-0.02,-0.0,0.96,-5.61,-7.73,-16.47
241,-0.04,-0.01,0.95,-2.93,-6.44,-11.94
242,-0.04,0.02,0.92,-3.7,-5.32,-9.05
243,-0.02,0.03,0.92,-4.18,-5.69,-7.73
244,-0.01,0.02,0.93,-3.39,-9.66,-6.84
245,-0.01,0.02,0.95,-1.34,-8.33,-3.38
246,0.02,0.04,0.93,-0.58,-4.54,-0.86
247,0.04,0.03,0.9,-0.09,-2.38,-0.6
248,0.01,0.03,0.91,0.11,-5.84,-2.74
249,0.02,0.04,0.89,-2.82,-3.33,-4.13
250,0.02,0.03,0.88,-5.38,0.82,-2.48
251,0.01,0.04,0.92,-7.13,3.95,-2.83
252,-0.02,0.05,0.94,-11.27,-4.6,-7.37
253,-0.04,0.03,0.96,-9.82,-0.05,-4.37
254,-0.02,0.03,0.97,-9.24,-4.45,-6.02
255,-0.01,0.01,1.0,-7.34,-4.95,-4.93
256,0.04,0.02,1.01,-4.86,-3.45,-4.75
257,0.06,0.02,1.01,-3.87,-2.33,-5.22
258,0.06,0.04,0.98,-4.23,0.95,-6.2
259,0.06,0.03,1.0,-4.76,3.76,-5.02
260,0.05,0.03,0.98,-4.46,9.5,-3.07
261,0.03,0.04,0.97,-6.47,9.7,-3.04
262,0.04,0.02,0.99,-7.79,8.45,-1.9
263,0.01,0.01,1.03,-8.82,4.71,-3.83
264,0.01,-0.0,1.06,-6.03,-3.24,-5.21
265,0.02,-0.01,1.09,0.72,-6.56,-6.08
266,0.01,-0.02,1.11,7.46,-9.85,-5.62
267,0.03,0.0,1.05,12.21,-8.31,-5.83
268,-0.0,0.04,1.0,12.37,-5.5,-5.39
269,-0.03,0.06,0.98,11.3,-3.73,-1.95
270,0.01,0.07,0.94,8.92,-2.74,-6.34
271,-0.01,0.11,0.93,3.92,-6.53,-7.75
272,-0.0,0.09,0.95,0.29,-4.06,-8.51
273,0.01,0.07,0.99,5.31,1.37,-4.59
274,0.03,0.06,1.01,5.57,3.76,-1.63
275,0.04,0.09,0.98,0.27,-7.75,-9.08
276,0.04,0.08,1.0,2.36,-10.95,-8.9
277,0.07,0.08,0.99,3.59,-7.61,-9.34
278,0.06,0.1,0.98,3.05,-7.4,-9.76
279,0.06,0.1,0.96,2.13,-3.73,-7.53
280,0.04,0.09,0.96,-0.27,4.42,-5.37
281,0.05,0.09,0.93,-3.89,8.79,-6.18
282,-0.01,0.1,0.95,-7.59,4.24,-8.2
283,-0.04,0.08,0.99,-8.95,-1.32,-7.89
284,-0.02,0.05,1.01,-9.1,-4.39,-6.2
285,-0.02,0.04,1.04,-5.64,-8.05,-5.81
286,-0.02,0.03,1.05,-0.29,-9.53,-4.98
287,0.01,0.04,1.04,3.36,-10.31,-5.43
288,0.03,0.05,1.02,5.85,-8.31,-4.32
289,0.06,0.04,1.02,7.73,-4.4,-3.39
290,0.09,0.07,0.97,5.34,-0.26,-5.33
291,0.08,0.09,0.96,2.94,4.52,-6.34
292,0.04,0.07,0.97,0.61,6.59,-6.42
293,0.01,0.07,0.99,-2.05,6.27,-5.56
294,0.01,0.08,0.99,-3.82,6.62,-6.36
295,0.01,0.07,0.99,-5.6,6.15,-6.2
296,0.01,0.04,1.01,-6.74,5.31,-6.4
297,0.0,0.04,1.03,-5.88,7.03,-5.85
298,-0.01,0.02,1.05,-2.44,5.6,-4.44
299,-0.02,0.02,1.03,0.48,5.47,-2.88
300,-0.02,0.03,1.01,2.82,1.27,-3.24
301,-0.02,0.04,1.01,4.57,-4.01,-4.09
302,0.0,0.06,0.97,3.62,-5.95,-4.86
303,0.02,0.06,0.97,2.43,-7.13,-5.86
304,0.02,0.06,0.97,1.6,-7.5,-5.92
305,0.01,0.06,0.96,0.22,-7.71,-5.34
306,0.0,0.07,0.95,-1.67,-10.65,-5.55
307,-0.02,0.07,0.94,-4.13,-10.84,-4.39
308,-0.02,0.06,0.94,-5.45,-11.66,-1.92
309,0.03,0.05,0.97,-4.37,-6.6,1.03
310,0.05,0.04,0.98,-4.46,-5.01,-0.27
311,0.06,0.02,1.0,-2.15,-5.82,-2.56
312,0.04,0.02,1.02,0.1,-6.04,-3.15
313,0.05,0.03,0.98,0.37,-5.08,-4.22
314,0.03,0.05,0.97,-0.2,-7.06,-6.05
315,0.02,0.07,0.98,-1.98,-13.63,-8.08
316,0.03,0.06,0.99,-1.92,-15.21,-5.27
317,0.09,0.06,0.96,-1.54,-10.02,-5.71
318,0.01,0.07,0.97,-1.7,-8.24,-4.15
319,0.05,0.08,0.94,-2.39,-8.06,-3.13
320,0.04,0.09,0.94,-3.21,-2.82,-0.8
321,0.04,0.09,0.95,-5.56,-4.43,-0.35
322,0.08,0.08,0.96,-6.85,-4.88,-2.22
323,0.08,0.07,0.97,-6.95,-3.55,-3.5
324,0.06,0.07,0.99,-7.46,-4.68,-2.15
325,0.06,0.07,0.97,-7.53,1.95,-1.95
326,0.06,0.05,0.97,-7.35,3.34,-2.18
327,0.02,0.04,1.01,-6.47,-1.53,-2.49
328,0.03,0.03,1.02,-3.5,-1.95,0.85
329,0.03,0.02,1.02,-0.3,-4.6,1.02
330,0.03,0.03,1.03,2.02,-11.6,1.53
331,0.06,0.03,0.99,2.95,-8.85,-2.48
332,0.05,0.04,0.98,2.45,-3.87,-2.92
333,0.03,0.05,0.97,0.31,-5.19,-4.64
334,0.01,0.06,0.97,-1.44,-3.31,-3.84
335,0.01,0.06,0.98,-1.98,-1.05,-3.5
336,-0.0,0.06,0.98,-2.84,-0.66,-1.47
337,0.01,0.05,0.98,-3.5,0.94,-1.55
338,0.02,0.05,0.98,-3.37,0.77,-0.79
339,0.03,0.05,1.01,-2.73,1.94,0.48
340,0.04,0.07,0.99,-1.15,2.24,2.26
341,0.06,0.07,1.0,-0.6,-0.05,0.27
342,0.05,0.06,0.99,-0.05,-2.25,-0.4
343,0.06,0.07,1.0,0.15,-0.61,-0.82
344,0.07,0.07,0.98,1.24,-1.21,-1.33
345,0.04,0.09,0.98,0.92,-1.54,-2.33
346,0.06,0.09,0.97,0.24,-0.49,-1.51
347,0.06,0.09,0.97,-0.21,1.58,-1.53
348,0.06,0.09,0.95,-0.48,0.91,-1.37
349,0.03,0.11,0.94,-1.43,1.23,-0.92
350,0.04,0.09,0.96,-1.89,2.18,-0.02
351,0.06,0.08,0.96,-1.6,4.28,-0.22
352,0.06,0.08,0.96,-2.16,3.37,-2.08
353,0.05,0.09,0.96,-2.85,2.08,-3.47
354,0.03,0.09,0.97,-2.73,1.17,-2.64
355,0.05,0.08,0.95,-4.43,-1.06,-2.27
356,0.07,0.07,0.96,-5.61,1.84,-1.77
357,0.06,0.06,0.96,-7.02,4.73,-1.56
358,0.05,0.04,0.97,-7.25,6.24,-0.69
359,0.03,0.04,0.95,-7.95,6.4,-1.08
360,0.01,0.03,0.94,-9.75,3.36,-2.31
361,-0.01,0.01,0.95,-10.42,1.56,-1.11
362,0.03,0.01,0.95,-11.02,2.85,0.71
363,0.05,0.01,0.95,-11.67,3.48,0.97
364,0.06,0.02,1.0,-9.97,7.78,-1.84
365,0.04,0.03,1.01,-6.72,6.24,0.89
366,0.04,0.05,1.01,-2.05,6.95,2.6
367,0.06,0.09,0.98,1.28,8.05,2.52
368,0.09,0.13,0.98,1.63,6.02,0.27
369,0.08,0.15,0.99,1.82,3.48,-2.92
370,0.07,0.17,0.98,3.35,5.11,-2.95
371,0.07,0.16,0.98,4.31,9.47,-3.44
372,0.05,0.16,0.98,6.16,10.53,-4.1
373,0.02,0.18,0.96,5.78,6.16,-5.82
374,0.01,0.16,0.96,4.21,2.35,-7.34
375,-0.0,0.14,0.99,2.94,1.48,-7.78
376,-0.02,0.13,0.99,2.28,1.49,-5.87
377,-0.02,0.12,0.99,1.59,1.14,-4.4
378,-0.03,0.11,1.0,1.68,0.36,-1.95
379,-0.03,0.1,1.01,1.98,-0.9,-0.64
380,-0.01,0.08,0.99,1.76,-1.99,-0.62
381,0.0,0.07,0.99,1.61,-4.23,-1.6
382,-0.01,0.07,0.99,1.89,-5.59,-1.2
383,0.01,0.06,0.99,0.3,-5.65,0.37
384,0.01,0.03,1.0,-0.16,-4.61,3.73
385,0.03,0.03,1.0,-0.92,-0.73,7.15
386,0.04,0.02,1.0,-2.83,5.6,10.27
387,0.06,-0.02,1.02,-2.56,11.53,15.24
388,0.04,-0.02,1.0,-0.76,16.34,19.4
389,0.05,-0.04,1.01,0.76,17.45,21.72
390,0.04,-0.04,0.99,4.53,14.15,21.17
391,0.06,-0.04,0.95,4.99,6.79,17.53
392,0.02,-0.02,0.96,8.08,-1.91,13.59
393,0.05,-0.02,0.94,10.08,-6.37,10.59
394,0.11,-0.02,0.95,13.07,-1.41,6.73
395,0.12,0.0,0.95,15.9,5.5,3.23
396,0.14,0.04,0.94,17.48,14.81,-1.22
397,0.04,0.09,0.92,17.8,20.56,-6.07
398,0.02,0.13,0.9,15.27,17.78,-7.35
399,-0.02,0.15,0.94,15.8,12.37,-6.35
