,accel_x,accel_y,accel_z,gyro_x,gyro_y,gyro_z
0,0.09,-0.16,0.94,4.7,9.04,-3.78
1,0.06,-0.15,0.93,3.85,9.24,-2.63
2,0.03,-0.15,0.93,1.85,7.79,-2.8
3,-0.01,-0.16,0.92,1.78,3.92,-1.85
4,0.03,-0.16,0.93,1.08,1.78,-2.34
5,0.06,-0.13,0.92,-0.61,-0.04,-3.87
6,0.06,-0.13,0.91,-2.78,-1.56,-4.27
7,0.07,-0.15,0.94,-4.17,-3.08,-5.95
8,0.09,-0.17,0.97,-4.0,-4.44,-7.73
9,0.11,-0.17,0.96,-2.65,-4.03,-4.24
10,0.09,-0.16,0.95,-3.79,-1.27,-3.44
11,0.07,-0.17,0.95,-5.44,-2.94,-4.7
12,0.08,-0.18,0.96,-6.81,-2.34,-5.15
13,0.1,-0.19,0.96,-7.4,-0.96,-6.38
14,0.09,-0.19,0.97,-7.87,0.34,-6.4
15,0.07,-0.21,0.98,-7.54,-0.63,-6.05
16,0.06,-0.21,0.97,-7.67,-0.76,-6.01
17,0.05,-0.22,0.97,-7.95,-0.85,-4.82
18,0.04,-0.22,0.97,-6.73,-2.17,-2.55
19,0.04,-0.22,0.96,-6.84,-2.64,-1.22
20,0.05,-0.22,0.96,-7.1,-1.27,0.56
21,0.06,-0.24,0.98,-5.73,-4.31,0.6
22,0.08,-0.24,0.99,-3.66,-4.31,-0.78
23,0.07,-0.23,0.99,-3.77,-4.74,-1.89
24,0.08,-0.23,0.99,-4.24,-4.02,-2.78
25,0.12,-0.24,1.01,-3.59,-2.98,-6.87
26,0.12,-0.23,1.0,-2.73,0.07,-4.96
27,0.11,-0.22,0.98,-1.35,1.38,-4.3
28,0.09,-0.21,0.98,-2.18,3.42,-4.56
29,0.09,-0.21,0.97,-3.03,5.15,-4.05
30,0.08,-0.2,0.97,-1.63,3.6,-1.93
31,0.08,-0.19,0.95,-2.73,2.99,-3.45
32,0.05,-0.19,0.95,-4.38,1.33,-3.76
33,0.05,-0.2,0.95,-5.5,1.05,-2.28
34,0.09,-0.21,0.97,-5.15,0.69,-3.41
35,0.08,-0.2,0.95,-4.45,1.98,-2.51
36,0.05,-0.21,0.95,-6.11,0.8,-3.07
37,0.05,-0.22,0.97,-5.15,-0.04,-2.98
38,0.07,-0.23,0.97,-4.78,-0.1,-2.8
39,0.07,-0.22,0.96,-3.79,-0.31,-1.85
40,0.05,-0.23,0.97,-3.6,-0.3,-2.73
41,0.03,-0.22,0.99,-3.77,-1.06,-2.3
42,0.07,-0.2,0.97,-2.21,-0.72,0.78
43,0.06,-0.18,0.93,-2.6,0.4,1.78
44,0.06,-0.2,0.96,-3.03,-0.01,1.62
45,0.04,-0.22,0.98,-3.55,-0.86,2.71
46,0.07,-0.22,0.98,-3.8,-1.5,1.95
47,0.07,-0.22,0.97,-2.24,-1.89,-0.09
48,0.06,-0.21,0.96,-2.55,-2.66,0.08
49,0.07,-0.22,0.96,-3.08,-2.38,-0.41
50,0.09,-0.22,0.98,-2.44,-1.38,0.36
51,0.06,-0.22,0.97,-2.13,-1.16,0.98
52,0.06,-0.21,0.96,-2.39,-1.41,0.55
53,0.07,-0.22,0.98,-2.64,-0.93,-0.39
54,0.08,-0.22,0.99,-1.95,-0.78,-0.99
55,0.09,-0.19,0.97,-1.15,-0.28,-0.15
56,0.08,-0.19,0.96,-3.1,0.41,-1.66
57,0.06,-0.21,0.98,-3.44,-1.06,-1.56
58,0.08,-0.21,0.97,-2.54,-1.85,-0.82
59,0.1,-0.2,0.95,-3.11,0.47,0.38
60,0.09,-0.19,0.95,-4.71,1.14,-1.17
61,0.07,-0.2,0.98,-4.38,-0.34,-1.67
62,0.08,-0.22,0.98,-3.45,0.33,-0.75
63,0.08,-0.21,0.97,-3.97,-0.11,-1.4
64,0.08,-0.23,0.97,-3.51,-0.11,-3.25
65,0.08,-0.23,0.98,-2.92,-0.63,-5.11
66,0.06,-0.23,0.98,-1.87,-0.21,-4.22
67,0.06,-0.23,0.97,-1.83,0.91,-2.64
68,0.06,-0.22,0.96,-1.9,0.44,-2.02
69,0.05,-0.21,0.94,-2.46,1.48,-1.69
70,0.03,-0.21,0.95,-3.11,-0.37,-1.0
71,0.05,-0.21,0.96,-3.34,-1.39,-1.08
72,0.05,-0.21,0.96,-3.47,-2.03,-1.77
73,0.05,-0.21,0.96,-3.82,-2.31,-1.92
74,0.05,-0.21,0.97,-3.85,-1.96,-1.15
75,0.06,-0.21,0.98,-4.24,-3.06,-2.21
76,0.08,-0.2,0.97,-4.69,-2.41,-3.22
77,0.08,-0.21,0.98,-4.5,-2.5,-3.7
78,0.06,-0.23,0.99,-3.66,-3.4,-4.4
79,0.1,-0.22,0.97,-2.21,-2.52,-2.95
80,0.09,-0.21,0.96,-3.05,-0.77,-2.99
81,0.07,-0.23,0.97,-3.52,1.08,-2.73
82,0.07,-0.23,0.97,-3.02,1.15,-2.45
83,0.06,-0.23,0.96,-2.7,1.84,-1.95
84,0.05,-0.22,0.96,-2.96,0.42,-2.32
85,0.05,-0.22,0.96,-3.06,-0.42,-2.89
86,0.05,-0.22,0.96,-3.18,-1.95,-4.15
87,0.08,-0.21,0.96,-2.5,-2.02,-2.54
88,0.08,-0.2,0.95,-2.81,-0.63,-2.89
89,0.07,-0.2,0.95,-3.44,-0.24,-3.11
90,0.06,-0.2,0.95,-3.92,-0.79,-3.12
91,0.06,-0.21,0.96,-3.83,-1.51,-3.03
92,0.06,-0.2,0.95,-4.74,-2.27,-3.13
93,0.07,-0.2,0.96,-5.67,-2.88,-4.35
94,0.07,-0.2,0.96,-6.33,-3.4,-4.5
95,0.08,-0.22,0.98,-6.32,-4.03,-5.55
96,0.09,-0.23,0.97,-6.31,-3.6,-8.07
97,0.08,-0.23,0.98,-5.63,-3.18,-8.25
98,0.09,-0.23,0.99,-5.4,-2.24,-7.66
99,0.08,-0.24,0.98,-4.92,-0.5,-7.36
100,0.06,-0.24,0.98,-4.01,-1.86,-7.95
101,0.06,-0.23,0.97,-2.76,-2.75,-5.87
102,0.04,-0.24,0.96,-1.61,-4.19,-4.97
103,0.02,-0.26,0.97,0.34,-8.95,-6.14
104,0.01,-0.25,0.95,2.19,-14.98,-9.73
105,0.02,-0.23,0.94,2.45,-20.24,-12.12
106,0.05,-0.23,0.95,3.04,-23.82,-14.15
107,0.06,-0.22,0.95,2.6,-24.34,-15.01
108,0.09,-0.22,0.96,1.3,-21.68,-15.92
109,0.1,-0.2,0.98,1.05,-17.54,-11.56
110,0.09,-0.2,0.98,-0.52,-14.61,-10.21
111,0.12,-0.2,0.97,-1.44,-11.26,-8.78
112,0.13,-0.19,0.97,-2.17,-7.2,-8.17
113,0.15,-0.18,0.98,-3.59,-2.98,-7.53
114,0.16,-0.17,0.96,-4.76,-0.97,-7.44
115,0.16,-0.19,0.96,-5.87,0.3,-8.66
116,0.15,-0.19,0.96,-5.86,1.52,-8.24
117,0.14,-0.19,0.95,-7.64,2.04,-8.99
118,0.15,-0.18,0.93,-10.0,3.1,-7.67
119,0.12,-0.2,0.94,-10.44,1.98,-7.9
120,0.1,-0.2,0.95,-11.11,1.41,-7.0
121,0.11,-0.22,0.96,-11.41,0.5,-6.63
122,0.11,-0.21,0.97,-10.95,-0.13,-6.89
123,0.12,-0.21,0.97,-10.62,-0.21,-7.21
124,0.12,-0.22,0.98,-10.91,0.71,-6.73
125,0.12,-0.21,0.98,-10.15,2.34,-6.11
126,0.12,-0.19,0.98,-9.44,3.53,-6.38
127,0.11,-0.16,0.97,-9.22,4.12,-5.79
128,0.07,-0.12,0.93,-11.01,4.81,-6.13
129,0.02,-0.12,0.93,-14.37,3.57,-5.59
130,0.03,-0.13,0.94,-16.66,0.11,-3.08
131,0.11,-0.16,0.9,-20.35,0.63,-1.45
132,0.18,-0.23,0.86,-28.05,9.1,3.35
133,0.15,-0.51,0.92,-34.73,12.04,12.11
134,0.08,-1.27,0.87,-3.4,10.79,11.11
135,0.19,-1.9,0.88,-16.88,19.44,14.5
136,0.4,-2.0,1.15,-22.59,8.56,10.15
137,0.41,-2.0,1.54,-28.27,-19.21,16.67
138,0.84,-2.0,1.84,-30.66,19.7,68.01
139,1.29,-2.0,1.98,-37.57,92.13,122.72
140,1.31,-2.0,1.87,21.73,154.53,127.17
141,1.08,-2.0,1.65,108.72,191.9,124.87
142,0.44,-2.0,0.94,153.7,154.03,108.09
143,0.11,-2.0,0.04,88.11,59.18,68.63
144,0.41,-2.0,-0.47,164.0,81.88,89.05
145,0.64,-1.19,-0.78,215.68,60.06,43.93
146,0.44,-0.29,-0.97,185.86,41.35,-4.16
147,0.04,0.36,-0.68,117.34,41.6,-15.52
148,-0.52,0.81,-0.15,54.94,104.53,54.02
149,-1.34,1.2,0.55,14.39,120.24,118.72
150,-1.63,1.61,1.25,-13.45,98.98,154.18
151,-1.13,1.89,1.83,-8.6,98.6,179.1
152,-0.16,1.97,2.0,78.41,110.85,206.85
153,0.95,2.0,2.0,152.74,152.86,220.61
154,2.0,2.0,1.98,250.13,202.5,235.18
155,2.0,2.0,0.73,250.13,125.53,124.89
156,1.79,2.0,-1.17,250.13,26.1,-6.15
157,0.73,2.0,-2.0,214.37,-121.43,-250.14
158,-0.09,2.0,-2.0,119.95,-212.47,-250.14
159,-0.48,2.0,-1.84,-59.02,-99.01,-250.14
160,-1.08,1.51,-0.78,-112.95,-51.82,-161.43
161,-1.31,0.22,0.49,-175.61,-10.23,-51.41
162,-1.3,-0.56,1.39,-192.36,15.47,-17.31
163,-1.29,-1.01,1.83,-147.28,9.34,10.42
164,-1.16,-0.77,1.81,-85.59,-23.37,31.25
165,-0.72,-0.36,1.53,-21.4,-62.23,36.95
166,-0.38,-0.02,1.14,-10.96,-66.56,31.16
167,-0.12,0.19,0.95,-26.58,-59.37,31.56
168,0.09,0.26,0.97,-36.05,-45.93,34.04
169,0.15,0.28,0.86,-46.99,-55.79,17.62
170,0.19,0.25,0.92,-60.18,-54.5,7.66
171,0.18,0.12,1.0,-63.56,-46.85,-0.07
172,0.08,-0.06,1.17,-56.05,-43.99,-8.14
173,0.05,-0.15,1.29,-40.52,-36.01,-0.56
174,0.04,-0.16,1.28,-21.37,-25.63,-2.31
175,0.01,-0.07,1.17,-2.7,-21.44,-10.56
176,-0.07,0.03,1.04,12.11,-30.63,-17.34
177,-0.12,0.12,0.91,19.03,-40.89,-27.15
178,-0.24,0.15,0.81,15.99,-54.74,-34.93
179,-0.2,0.17,0.79,7.95,-66.83,-40.5
180,-0.12,0.16,0.79,-8.97,-55.87,-32.99
181,-0.11,0.11,0.83,-19.67,-45.37,-25.09
182,-0.08,0.05,0.9,-29.31,-34.46,-13.6
183,-0.08,-0.07,1.01,-28.34,-28.85,-8.89
184,-0.02,-0.14,1.11,-21.51,-22.31,-13.95
185,0.05,-0.14,1.14,-4.83,-22.82,-15.93
186,0.09,-0.09,1.13,4.37,-25.88,-23.03
187,0.09,-0.05,1.08,14.26,-29.48,-35.37
188,0.05,0.01,1.03,16.5,-27.5,-37.36
189,-0.06,0.06,0.99,12.08,-25.82,-37.97
190,-0.16,0.06,0.95,6.59,-31.34,-36.03
191,-0.17,0.11,0.9,1.98,-36.69,-27.5
192,-0.14,0.14,0.81,-4.97,-42.95,-27.15
193,-0.02,0.11,0.83,-24.47,-29.69,-27.13
194,0.01,0.04,0.9,-36.59,-21.11,-25.23
195,0.07,-0.02,1.0,-36.04,-13.21,-21.37
196,0.06,-0.05,1.06,-24.04,-13.06,-24.11
197,0.07,-0.04,1.04,-8.37,-17.67,-26.77
198,0.03,-0.03,0.98,5.47,-22.66,-28.6
199,-0.05,0.04,0.92,6.77,-27.55,-29.35
200,-0.11,0.09,0.84,1.49,-32.72,-25.59
201,-0.17,0.12,0.77,-8.92,-37.18,-18.88
202,-0.08,0.11,0.74,-34.26,-34.15,-14.44
203,0.03,0.05,0.81,-61.49,-16.58,-6.69
204,0.05,-0.11,1.03,-67.37,-3.7,0.64
205,0.08,-0.23,1.18,-58.45,2.72,2.49
206,0.09,-0.25,1.24,-37.6,-3.64,-8.02
207,0.07,-0.26,1.21,-13.66,-15.42,-13.79
208,0.07,-0.19,1.19,11.08,-26.92,-25.31
209,0.08,-0.13,1.09,20.31,-40.31,-30.89
210,0.14,-0.04,0.98,14.24,-32.0,-32.53
211,0.08,-0.02,0.92,-1.8,-20.51,-26.72
212,-0.03,-0.03,0.91,-22.18,-20.72,-22.89
213,-0.01,-0.1,0.94,-42.15,-21.0,-21.44
214,0.07,-0.21,1.02,-47.89,-14.74,-15.47
215,0.07,-0.33,1.2,-36.95,-9.04,-7.76
216,0.09,-0.37,1.25,-19.31,0.02,-2.37
217,0.08,-0.28,1.19,-1.26,-0.57,-2.88
218,0.03,-0.18,1.04,11.42,-7.25,-6.18
219,0.03,-0.07,0.95,13.31,-16.5,-15.85
220,0.02,0.04,0.8,11.23,-21.77,-18.72
221,0.02,0.07,0.75,-0.44,-23.11,-21.24
222,0.04,0.06,0.73,-13.83,-22.77,-19.74
223,0.05,-0.0,0.77,-26.57,-19.19,-16.79
224,0.04,-0.08,0.83,-37.35,-21.35,-17.55
225,0.03,-0.19,0.92,-39.32,-27.44,-20.05
226,0.08,-0.26,1.0,-37.31,-27.34,-20.73
227,0.11,-0.32,1.05,-33.24,-20.06,-17.78
228,0.11,-0.34,1.11,-31.6,-13.23,-11.82
229,0.11,-0.28,1.11,-27.39,-21.4,-17.76
230,0.09,-0.18,1.01,-18.63,-16.21,-14.24
231,0.07,-0.13,0.92,-25.51,-10.14,-10.9
232,0.09,-0.08,0.89,-35.78,-0.18,-5.47
233,0.03,-0.13,0.91,-40.94,2.89,-0.85
234,-0.02,-0.21,0.99,-40.24,-1.91,4.53
235,-0.03,-0.22,1.02,-33.82,-5.73,5.59
236,-0.01,-0.24,1.01,-27.17,-10.74,4.84
237,0.06,-0.21,0.98,-23.08,-11.63,5.11
238,0.08,-0.21,0.94,-17.04,-15.11,1.88
239,0.1,-0.2,0.95,-15.52,-18.5,-4.74
240,0.1,-0.22,0.95,-14.74,-17.34,-2.56
241,0.12,-0.22,0.96,-20.21,-11.58,2.09
242,0.12,-0.24,0.96,-26.92,-3.69,5.67
243,0.1,-0.25,0.98,-30.78,0.45,9.21
244,0.12,-0.26,1.03,-30.47,1.28,9.66
245,0.15,-0.25,1.06,-26.55,4.0,9.24
246,0.14,-0.25,1.06,-21.67,5.34,8.66
247,0.13,-0.24,1.09,-15.19,1.19,5.65
248,0.12,-0.24,1.09,-7.44,-7.24,-1.43
249,0.16,-0.2,1.07,4.47,-14.63,-7.82
250,0.18,-0.16,1.04,9.82,-13.47,-7.5
251,0.19,-0.12,0.99,8.56,-4.85,-4.65
252,0.19,-0.09,0.93,4.16,1.34,0.82
253,0.16,-0.08,0.92,-1.15,7.1,3.96
254,0.14,-0.1,0.93,-5.42,10.89,5.68
255,0.11,-0.12,0.95,-10.11,7.65,4.88
256,0.09,-0.16,0.98,-7.54,0.04,0.76
257,0.1,-0.2,0.99,-6.25,-4.24,-3.76
258,0.09,-0.22,1.01,-6.32,-5.86,-6.83
259,0.11,-0.23,1.03,-6.22,-6.13,-6.53
260,0.14,-0.25,1.06,-3.69,-3.79,-9.12
261,0.11,-0.24,1.03,-0.24,-0.5,-6.3
262,0.08,-0.24,1.03,0.25,1.79,-1.49
263,0.13,-0.22,1.01,0.11,4.5,1.19
264,0.17,-0.2,1.0,-3.02,10.53,-2.15
265,0.13,-0.18,0.99,-3.02,5.72,-9.32
266,0.08,-0.16,0.99,-3.5,3.21,-12.6
267,0.05,-0.15,0.95,-5.5,-0.89,-11.82
268,0.05,-0.15,0.94,-9.11,-3.03,-10.53
269,0.1,-0.2,0.98,-13.19,1.55,-8.87
270,0.1,-0.22,0.99,-13.12,2.0,-6.22
271,0.05,-0.25,1.02,-11.31,-0.5,-7.11
272,0.1,-0.23,0.99,-10.43,-1.05,-7.39
273,0.15,-0.2,0.96,-12.89,-0.75,-8.45
274,0.18,-0.16,0.91,-17.17,3.66,-9.18
275,0.11,-0.18,0.94,-18.77,5.95,-8.63
276,0.07,-0.2,0.94,-19.37,7.56,-3.76
277,0.09,-0.23,0.96,-20.94,9.73,-4.59
278,0.07,-0.25,0.95,-18.25,1.61,-3.1
279,0.08,-0.27,0.95,-17.91,0.19,-3.63
280,0.06,-0.27,0.93,-17.7,1.11,-4.42
281,0.07,-0.27,0.91,-14.91,-0.73,-4.67
282,0.11,-0.25,0.9,-15.11,-6.09,-5.18
283,0.14,-0.25,0.89,-15.69,-2.08,-8.71
284,0.17,-0.22,1.0,-13.49,-1.08,-6.69
285,0.14,-0.28,0.94,-7.18,0.64,-5.7
286,0.09,-0.28,0.92,-5.79,3.69,-1.99
287,0.04,-0.28,0.91,-6.18,2.73,-0.12
288,0.03,-0.3,0.92,-5.6,-0.76,-2.92
289,0.08,-0.3,0.93,-4.61,-0.8,-3.44
290,0.11,-0.3,0.92,-5.12,-0.24,-2.45
291,0.15,-0.29,0.92,-5.89,5.11,-2.79
292,0.14,-0.28,0.91,-5.05,4.63,-3.64
293,0.13,-0.25,0.9,-4.68,4.73,-6.84
294,0.1,-0.24,0.88,-5.14,3.65,-7.53
295,0.08,-0.24,0.89,-7.78,6.02,-4.53
296,0.07,-0.24,0.9,-9.61,6.71,-3.44
297,0.07,-0.25,0.92,-11.59,7.58,-2.96
298,0.07,-0.25,0.94,-12.98,9.54,0.03
299,0.09,-0.27,0.96,-12.64,10.0,-0.02
300,0.12,-0.28,0.99,-11.73,10.18,-2.42
301,0.11,-0.28,1.02,-9.34,10.41,-4.63
302,0.1,-0.29,1.04,-6.96,10.45,-6.94
303,0.08,-0.29,1.05,-3.61,11.14,-7.29
304,0.06,-0.28,1.04,0.85,9.33,-3.62
305,0.06,-0.25,1.02,0.6,8.3,-1.92
306,0.09,-0.25,1.02,0.91,8.7,-0.83
307,0.09,-0.25,1.02,1.71,8.9,-1.36
308,0.07,-0.24,1.01,2.17,8.05,-3.44
309,0.06,-0.24,1.01,1.33,7.79,-3.38
310,0.04,-0.24,0.98,0.82,10.11,-2.15
311,0.03,-0.24,0.96,0.32,8.74,-1.17
312,0.05,-0.25,0.97,1.0,8.01,-1.15
313,0.08,-0.26,0.97,1.96,7.34,-0.08
314,0.07,-0.25,0.96,2.64,7.39,0.11
315,0.05,-0.26,0.97,4.1,5.61,0.28
316,0.01,-0.27,0.96,3.63,2.49,-0.82
317,0.01,-0.27,0.96,2.34,0.3,-3.0
318,0.03,-0.29,0.96,3.73,-0.36,-0.89
319,0.01,-0.3,0.95,4.24,4.09,2.92
320,-0.03,-0.26,0.93,2.12,6.79,8.49
321,-0.01,-0.23,0.92,-0.36,6.78,12.38
322,0.03,-0.19,0.93,-3.79,5.37,10.5
323,0.05,-0.18,0.98,-5.81,2.95,4.86
324,0.06,-0.2,1.0,-5.29,0.4,1.92
325,0.12,-0.22,1.01,-4.74,0.37,-0.09
326,0.16,-0.22,1.02,-3.42,4.14,-4.08
327,0.13,-0.24,1.01,0.44,4.85,-8.99
328,0.1,-0.23,0.99,3.82,3.25,-11.44
329,0.08,-0.21,0.95,5.37,3.21,-11.77
330,0.03,-0.19,0.94,4.18,2.93,-12.17
331,-0.0,-0.2,0.92,3.06,1.89,-9.63
332,-0.02,-0.19,0.92,-0.11,-0.56,-8.56
333,-0.02,-0.19,0.91,-2.55,-1.37,-8.4
334,-0.0,-0.19,0.91,-4.21,-2.93,-5.27
335,0.01,-0.2,0.93,-5.44,-2.97,-4.27
336,0.01,-0.21,0.94,-6.27,0.12,-5.54
337,0.03,-0.22,0.97,-6.12,3.71,-5.29
338,-0.02,-0.2,0.95,-4.91,5.44,-1.89
339,-0.05,-0.18,0.94,-4.32,4.66,1.4
340,-0.07,-0.18,0.94,-6.6,3.72,2.6
341,-0.09,-0.19,0.94,-6.5,0.83,6.96
342,-0.06,-0.2,0.95,-6.44,-1.64,9.91
343,0.0,-0.19,0.94,-9.18,-1.56,10.76
344,0.05,-0.18,0.96,-13.06,-0.17,5.53
345,0.07,-0.22,1.0,-12.79,1.37,0.95
346,0.08,-0.25,1.03,-10.56,1.43,-2.16
347,0.1,-0.27,1.04,-6.62,1.13,-6.79
348,0.1,-0.27,1.03,-5.31,3.63,-9.5
349,0.08,-0.26,1.02,-1.85,6.44,-7.53
350,0.05,-0.27,1.01,-1.92,9.37,-3.17
351,-0.01,-0.26,1.02,1.16,7.93,1.71
352,-0.02,-0.26,1.01,3.69,4.59,5.14
353,-0.02,-0.25,0.98,3.92,2.73,8.47
354,0.0,-0.24,0.96,4.02,0.42,9.7
355,0.01,-0.23,0.94,2.25,-0.3,8.08
356,0.01,-0.22,0.96,1.31,-0.31,7.95
357,0.0,-0.23,0.96,1.47,-0.25,9.0
358,-0.01,-0.23,0.98,2.12,-2.42,9.28
359,0.03,-0.22,1.0,3.36,-4.13,8.74
360,0.07,-0.21,1.02,5.43,-5.44,7.08
361,0.11,-0.21,1.01,6.44,-5.02,4.66
362,0.14,-0.21,1.01,8.09,-2.07,1.02
363,0.14,-0.22,0.99,8.3,1.42,-2.15
364,0.09,-0.21,0.98,8.73,3.01,-4.21
365,0.05,-0.19,0.96,8.11,1.63,-4.98
366,-0.0,-0.18,0.94,6.53,0.64,-4.38
367,-0.02,-0.17,0.92,4.34,-0.65,-0.53
368,-0.02,-0.17,0.92,2.2,-1.19,3.01
369,0.02,-0.12,0.95,-0.05,-3.45,9.51
370,0.01,-0.18,0.95,2.53,-1.17,6.52
371,-0.02,-0.2,0.94,0.62,-1.99,6.1
372,0.02,-0.19,0.95,0.21,-2.44,1.3
373,0.03,-0.19,0.95,0.24,-2.25,-1.67
374,0.0,-0.19,0.96,-0.05,-3.27,-2.52
375,0.01,-0.2,0.97,0.02,-4.18,-2.56
376,0.02,-0.19,0.97,0.86,-4.79,-1.85
377,0.03,-0.19,0.99,0.21,-4.89,-2.02
378,0.06,-0.18,0.99,-0.15,-2.66,-1.06
379,0.05,-0.2,0.99,-0.69,-0.35,-0.54
380,0.04,-0.2,0.99,-0.14,1.08,0.46
381,0.05,-0.2,0.99,0.71,2.46,0.79
382,0.03,-0.19,0.96,-0.01,-0.27,-1.27
383,0.02,-0.2,0.97,0.21,-1.79,-1.05
384,0.02,-0.2,0.97,1.19,-2.09,-0.63
385,0.01,-0.19,0.96,1.18,-3.47,-0.35
386,0.05,-0.18,0.97,2.73,-2.35,2.33
387,0.03,-0.19,0.98,2.08,-7.83,-1.7
388,0.02,-0.21,0.97,3.11,-9.54,-2.69
389,0.0,-0.19,0.96,2.05,-9.57,-1.9
390,0.01,-0.19,0.96,0.0,-8.26,-1.19
391,0.04,-0.2,0.98,-0.02,-7.12,-2.13
392,0.05,-0.21,0.99,0.69,-6.92,-4.61
393,0.05,-0.19,0.99,0.61,-5.88,-6.06
394,0.04,-0.19,0.98,0.11,-7.0,-7.29
395,0.04,-0.18,0.97,0.0,-7.12,-6.85
396,0.02,-0.18,0.98,-0.78,-6.82,-6.16
397,0.01,-0.17,0.98,-0.92,-7.7,-4.5
398,0.01,-0.16,0.97,-1.58,-8.89,-3.59
399,0.02,-0.16,0.96,-2.73,-11.18,-3.75
