,accel_x,accel_y,accel_z,gyro_x,gyro_y,gyro_z
0,0.05,0.02,1.01,0.77,-11.9,0.11
1,0.07,0.04,1.0,-0.63,-6.69,-4.32
2,0.08,0.01,0.98,1.73,-9.31,-2.69
3,0.06,0.03,1.01,3.24,-10.54,-3.31
4,0.06,0.04,1.01,3.83,-4.87,-1.81
5,0.06,0.06,0.98,3.42,-6.11,-1.85
6,0.07,0.05,0.96,3.51,-6.65,-2.24
7,0.09,0.05,0.98,2.96,-6.77,-2.72
8,0.11,0.03,0.95,2.73,-7.84,-2.58
9,0.1,0.04,0.97,3.11,-9.4,-3.18
10,0.07,0.05,1.01,6.38,-9.5,1.05
11,0.05,0.05,1.0,4.82,-16.82,2.28
12,0.1,0.05,0.98,8.53,-15.47,3.86
13,0.08,0.06,0.98,7.28,-18.12,2.21
14,0.08,0.05,1.03,10.38,-19.32,5.34
15,0.1,0.05,1.0,13.93,-21.11,2.75
16,0.1,0.05,0.98,10.34,-6.42,2.04
17,0.06,0.07,0.98,8.47,-1.42,-3.8
18,0.07,0.05,0.98,10.19,-8.72,-0.69
19,0.08,0.08,0.98,11.66,-6.98,-1.63
20,0.07,0.06,0.98,9.5,-4.49,-1.93
21,0.09,0.07,1.02,15.12,-8.34,-0.09
22,0.1,0.07,0.98,14.08,-6.53,-0.73
23,0.1,0.09,0.98,14.05,-0.47,-0.01
24,0.09,0.07,1.0,12.69,1.5,0.88
25,0.08,0.08,1.0,13.29,-1.99,0.13
26,0.1,0.08,1.0,13.68,-2.92,3.18
27,0.11,0.08,0.99,16.3,-7.64,1.02
28,0.12,0.07,1.0,13.37,-3.45,-1.89
29,0.09,0.09,1.0,12.03,-2.54,-2.61
30,0.08,0.09,0.97,11.29,0.01,-2.79
31,0.09,0.09,0.98,10.42,0.66,-4.31
32,0.08,0.11,0.97,9.25,-1.07,-4.23
33,0.08,0.12,0.95,7.44,-1.39,-1.85
34,0.08,0.12,0.95,6.42,0.92,1.24
35,0.08,0.12,0.96,3.81,5.05,2.5
36,0.08,0.11,0.95,2.25,6.82,3.24
37,0.07,0.12,0.97,3.44,6.77,5.08
38,0.1,0.1,0.97,2.63,6.31,4.91
39,0.09,0.11,0.97,1.98,1.95,3.44
40,0.08,0.11,0.97,2.17,-2.75,3.44
41,0.1,0.11,0.99,1.74,-6.43,2.0
42,0.11,0.11,0.98,1.28,-5.6,1.1
43,0.11,0.11,1.0,1.47,-3.84,0.09
44,0.13,0.1,1.01,4.27,-4.73,0.45
45,0.12,0.1,1.0,4.41,-1.24,-1.2
46,0.13,0.11,0.98,3.39,2.82,-3.17
47,0.09,0.11,1.01,3.47,3.37,-3.9
48,0.09,0.12,0.99,4.37,3.11,-2.39
49,0.08,0.13,0.98,3.89,4.91,-1.6
50,0.09,0.12,0.97,4.85,4.42,-0.57
51,0.11,0.12,0.97,2.98,4.06,-1.29
52,0.1,0.12,0.97,1.66,7.5,-2.59
53,0.1,0.13,0.97,1.73,6.11,-1.47
54,0.09,0.12,0.97,1.08,3.34,-2.71
55,0.09,0.12,0.97,2.56,1.02,-3.45
56,0.1,0.12,0.97,3.4,-0.74,-1.83
57,0.11,0.12,0.97,3.15,0.15,-2.12
58,0.11,0.13,0.97,3.35,4.07,-2.82
59,0.11,0.13,0.96,2.73,4.13,-2.89
60,0.09,0.14,0.96,1.19,2.63,-3.39
61,0.09,0.14,0.96,-0.55,2.73,-4.66
62,0.09,0.14,0.96,-2.21,-0.09,-5.54
63,0.09,0.13,0.96,-2.96,-0.31,-6.05
64,0.06,0.13,0.99,-3.06,-0.24,-5.27
65,0.08,0.13,0.99,-1.27,3.06,-3.59
66,0.1,0.12,0.99,-0.95,3.82,-2.85
67,0.09,0.12,0.99,0.34,6.31,-3.89
68,0.09,0.13,0.97,-0.69,7.63,-4.17
69,0.07,0.14,0.98,-0.48,6.55,-3.99
70,0.06,0.14,0.98,-1.58,4.53,-4.54
71,0.07,0.13,0.98,-1.55,1.23,-4.26
72,0.07,0.14,0.98,-1.54,-0.34,-4.4
73,0.08,0.14,0.97,-2.26,-0.2,-4.91
74,0.1,0.12,0.97,-3.06,-1.32,-5.88
75,0.09,0.12,0.98,-3.24,-1.0,-5.63
76,0.1,0.12,0.98,-1.49,1.91,-4.78
77,0.07,0.13,0.98,-0.44,1.79,-3.76
78,0.05,0.14,0.97,0.17,3.92,-3.63
79,0.07,0.14,0.96,-0.87,0.44,-4.05
80,0.06,0.13,0.96,-1.32,-0.44,-2.4
81,0.05,0.16,0.95,-0.82,4.18,-1.06
82,0.07,0.14,0.97,-2.18,-0.23,-0.8
83,0.04,0.11,1.0,0.3,4.84,4.89
84,0.09,0.13,0.96,-1.72,3.73,0.22
85,0.08,0.13,0.99,-0.99,2.15,1.53
86,0.08,0.13,0.98,-1.51,-1.3,-1.83
87,0.1,0.12,1.02,-0.28,4.88,1.37
88,0.08,0.13,0.99,-1.79,-4.31,-4.07
89,0.07,0.13,0.99,-1.07,-3.88,-3.52
90,0.05,0.14,0.99,0.01,-2.92,-2.97
91,0.07,0.13,0.98,0.02,-2.97,-2.26
92,0.07,0.13,0.98,-0.17,0.79,-2.82
93,0.06,0.14,0.98,-1.4,2.37,-3.82
94,0.07,0.14,0.97,-2.58,0.01,-4.96
95,0.06,0.13,0.99,-2.01,0.85,-3.36
96,0.06,0.12,1.0,-1.17,0.82,-3.15
97,0.06,0.14,0.99,-0.92,0.82,-4.35
98,0.05,0.14,0.98,-1.34,0.85,-4.25
99,0.07,0.13,0.98,-2.24,0.76,-4.09
100,0.08,0.13,0.98,-2.24,3.21,-4.69
101,0.07,0.13,0.99,-1.95,4.69,-5.6
102,0.08,0.12,1.01,-0.82,6.75,-5.48
103,0.06,0.14,0.99,0.05,5.17,-5.6
104,0.05,0.14,0.99,0.64,6.47,-4.03
105,0.03,0.16,0.97,0.17,3.5,-2.37
106,0.04,0.15,0.96,-1.34,1.99,-2.38
107,0.05,0.14,0.96,-2.99,0.54,-3.51
108,0.07,0.14,0.97,-3.35,3.91,-2.71
109,0.07,0.15,0.95,-3.87,6.71,-1.72
110,0.06,0.14,0.96,-5.41,6.82,-2.09
111,0.09,0.13,0.93,-6.53,9.95,-1.18
112,0.05,0.15,0.93,-8.93,10.08,-2.82
113,0.04,0.14,0.96,-10.51,9.95,-2.41
114,0.05,0.12,0.98,-10.18,9.15,-3.13
115,0.04,0.11,1.01,-8.01,8.27,-3.96
116,0.03,0.11,1.01,-6.64,9.66,-3.18
117,0.04,0.11,1.01,-5.97,8.62,-2.92
118,0.02,0.12,1.01,-5.22,6.68,-3.16
119,0.02,0.12,1.02,-4.09,1.39,-3.35
120,0.03,0.11,1.03,-3.18,-1.49,-3.85
121,0.04,0.11,1.03,-1.39,-0.34,-3.62
122,0.04,0.12,1.03,0.01,-1.96,-3.69
123,0.03,0.12,1.01,-0.44,-4.41,-3.92
124,0.03,0.12,1.01,-1.42,-2.85,-3.44
125,0.04,0.1,1.02,-1.31,0.21,-1.79
126,0.03,0.1,1.0,-1.85,1.69,-2.11
127,0.02,0.09,1.02,-3.21,1.92,-2.51
128,0.01,0.09,1.04,-3.49,2.77,-1.76
129,0.04,0.07,1.04,-3.54,2.79,-3.24
130,0.03,0.05,1.06,-2.06,2.75,-3.32
131,0.01,0.03,1.07,0.03,3.41,-3.2
132,0.02,0.01,1.07,2.24,4.78,-3.22
133,0.06,-0.01,1.04,5.04,8.15,-2.23
134,0.04,-0.0,1.02,3.31,11.31,-4.04
135,0.03,-0.0,1.02,2.31,11.07,-4.78
136,-0.01,-0.01,1.0,2.17,9.32,-2.42
137,-0.04,-0.01,0.99,0.68,8.37,0.88
138,-0.02,-0.02,0.95,-2.43,4.96,2.54
139,-0.01,-0.06,0.94,-5.12,0.88,5.6
140,-0.01,-0.08,0.94,-6.08,5.45,8.42
141,-0.01,-0.11,0.93,-6.96,4.96,11.17
142,-0.01,-0.11,0.9,-10.3,3.71,14.24
143,0.02,-0.18,0.95,-6.6,17.01,22.79
144,0.13,-0.24,0.98,-7.04,45.0,31.08
145,0.09,-0.28,0.9,-9.65,35.5,27.79
146,0.17,-0.34,0.89,-13.46,37.06,18.86
147,0.07,-0.3,0.86,-13.17,21.36,4.65
148,-0.13,-0.27,0.82,-19.26,-13.69,-7.71
149,-0.3,-0.27,0.85,-22.1,-55.11,-8.42
150,-0.32,-0.28,0.8,-26.3,-71.83,-2.52
151,-0.3,-0.33,0.74,-34.15,-64.22,9.81
152,-0.27,-0.34,0.79,-47.66,-50.84,13.92
153,-0.29,-0.37,0.86,-57.76,-41.11,17.53
154,-0.25,-0.39,0.96,-59.49,-29.27,25.77
155,-0.19,-0.41,0.99,-57.96,-23.95,31.37
156,-0.16,-0.38,1.02,-54.44,-28.21,32.95
157,-0.19,-0.32,1.02,-50.73,-41.95,37.98
158,-0.2,-0.24,0.99,-50.01,-55.81,40.35
159,-0.19,-0.23,1.03,-46.81,-66.5,48.66
160,-0.12,-0.22,1.02,-42.19,-75.89,52.27
161,0.01,-0.19,0.97,-41.55,-77.71,55.29
162,0.05,-0.12,0.9,-45.16,-61.15,57.31
163,0.11,-0.02,0.82,-57.11,-46.12,58.65
164,0.13,0.03,0.84,-63.71,-29.23,63.79
165,0.15,0.08,0.85,-71.11,-19.86,61.99
166,0.15,0.14,0.87,-75.11,-17.62,60.58
167,0.22,0.15,0.95,-77.89,-14.27,59.35
168,0.25,0.18,0.98,-76.9,-8.23,58.63
169,0.25,0.18,1.06,-75.33,6.27,60.03
170,0.3,0.2,1.14,-72.22,29.4,60.11
171,0.42,0.27,1.21,-65.15,46.37,66.63
172,0.59,0.31,1.23,-57.37,38.33,56.45
173,0.71,0.37,1.27,-44.0,32.37,42.37
174,0.8,0.41,1.26,-38.84,30.87,28.99
175,0.86,0.44,1.21,-35.5,28.16,11.95
176,0.78,0.49,1.25,-25.89,28.97,4.17
177,0.78,0.48,1.27,-21.64,28.03,-4.63
178,0.79,0.47,1.29,-14.87,38.17,-13.24
179,0.6,0.5,1.3,-6.2,30.92,-17.71
180,0.55,0.47,1.29,1.53,22.24,-19.82
181,0.5,0.44,1.26,9.6,12.31,-25.09
182,0.48,0.41,1.26,18.09,-2.16,-29.0
183,0.45,0.38,1.17,23.63,-20.7,-37.72
184,0.36,0.38,1.18,29.34,-21.14,-39.21
185,0.31,0.33,1.12,29.94,-24.88,-39.37
186,0.25,0.29,1.08,28.02,-18.53,-39.75
187,0.11,0.26,1.11,24.07,-13.06,-37.74
188,0.04,0.2,1.1,29.82,-15.79,-32.53
189,-0.01,0.16,1.14,33.82,-22.46,-30.44
190,-0.09,0.15,1.12,32.45,-21.46,-25.72
191,-0.04,0.1,1.17,35.41,-16.23,-17.73
192,-0.02,0.09,1.17,40.6,-14.0,-16.05
193,-0.06,0.1,1.16,46.9,-15.78,-12.95
194,-0.04,0.12,1.12,52.27,-23.14,-8.37
195,0.03,0.11,1.07,54.38,-32.07,-7.11
196,0.08,0.12,1.05,56.39,-36.23,-7.53
197,0.16,0.14,0.99,55.3,-39.62,-11.02
198,0.22,0.14,0.97,55.2,-36.35,-12.82
199,0.26,0.16,0.95,52.15,-35.97,-14.15
200,0.3,0.16,0.92,49.25,-27.43,-17.4
201,0.3,0.14,0.93,47.53,-18.29,-18.53
202,0.36,0.12,0.92,47.61,-11.37,-23.03
203,0.28,0.11,0.97,48.13,-3.33,-23.67
204,0.3,0.1,0.98,48.89,-4.61,-25.69
205,0.34,0.07,0.94,49.1,-8.05,-33.03
206,0.26,0.07,0.93,49.05,-11.26,-36.82
207,0.22,0.06,0.93,45.31,-15.89,-38.43
208,0.22,0.05,0.91,41.35,-14.88,-38.47
209,0.21,0.05,0.9,36.31,-8.92,-37.22
210,0.17,0.05,0.89,29.64,-0.12,-33.81
211,0.14,0.03,0.94,23.57,8.6,-31.76
212,0.13,-0.01,0.99,24.34,13.0,-29.11
213,0.07,-0.02,1.02,27.68,8.38,-25.62
214,0.1,-0.04,1.02,30.08,5.77,-25.14
215,0.06,-0.04,1.02,33.36,-1.31,-25.92
216,0.06,-0.01,0.98,34.7,-8.47,-22.86
217,0.07,-0.0,0.95,32.37,-22.68,-23.19
218,0.1,0.01,0.92,29.35,-19.21,-20.73
219,0.14,0.02,0.9,23.53,-11.8,-20.95
220,0.17,0.02,0.92,19.14,-3.22,-19.08
221,0.21,0.02,0.93,16.92,6.28,-21.02
222,0.19,0.03,0.96,16.04,10.46,-22.06
223,0.2,0.04,0.97,17.53,11.85,-20.96
224,0.19,0.04,0.97,18.4,14.1,-21.16
225,0.21,0.04,0.97,17.92,14.72,-23.5
226,0.19,0.05,0.96,17.82,13.51,-26.88
227,0.15,0.06,0.97,18.04,9.3,-28.78
228,0.15,0.08,0.96,18.53,7.33,-26.91
229,0.2,0.1,0.94,18.16,6.76,-25.56
230,0.23,0.13,0.9,14.99,9.36,-27.49
231,0.22,0.14,0.88,13.34,12.53,-26.6
232,0.18,0.15,0.9,10.95,14.27,-25.02
233,0.17,0.15,0.9,8.53,14.1,-22.89
234,0.15,0.14,0.95,10.22,15.74,-19.6
235,0.19,0.14,0.95,12.08,16.39,-18.64
236,0.22,0.12,0.89,13.01,16.55,-21.13
237,0.2,0.14,0.89,12.19,15.67,-25.53
238,0.22,0.12,0.89,11.86,16.5,-28.7
239,0.16,0.15,0.91,9.58,18.69,-33.68
240,0.13,0.15,0.89,10.6,14.9,-32.5
241,0.15,0.13,0.88,9.52,13.62,-32.44
242,0.09,0.13,0.87,5.85,16.31,-32.17
243,0.06,0.15,0.87,2.15,20.67,-29.73
244,0.06,0.13,0.91,-0.01,23.91,-28.3
245,0.09,0.12,0.86,0.11,25.21,-27.04
246,0.13,0.11,0.88,-0.35,27.94,-27.76
247,0.12,0.1,0.89,-0.02,32.41,-32.29
248,0.05,0.1,0.89,0.91,34.01,-31.62
249,0.02,0.09,0.91,0.64,34.63,-28.46
250,-0.02,0.1,0.92,2.08,35.77,-26.19
251,-0.01,0.09,0.92,3.27,27.85,-22.37
252,-0.03,0.12,0.89,1.76,23.66,-22.53
253,-0.05,0.12,0.9,0.63,16.99,-21.96
254,0.03,0.13,0.89,-3.41,11.21,-25.97
255,0.08,0.12,0.89,-2.19,14.61,-22.09
256,0.06,0.15,0.9,-1.77,24.01,-25.33
257,-0.11,0.23,0.9,-0.76,20.23,-23.98
258,-0.21,0.3,0.85,-4.47,7.82,-19.06
259,-0.19,0.31,0.84,-11.64,-4.11,-12.44
260,-0.18,0.32,0.84,-16.6,-14.06,-5.2
261,-0.14,0.29,0.86,-20.62,-25.48,2.59
262,-0.03,0.24,0.89,-25.57,-26.84,5.63
263,0.03,0.21,0.92,-20.71,-32.15,1.76
264,0.15,0.13,0.97,-26.07,-26.74,1.7
265,0.16,0.11,0.98,-24.47,-22.11,0.29
266,0.18,0.09,1.0,-21.3,-11.41,0.53
267,0.17,0.1,0.99,-20.31,-7.73,-2.12
268,0.15,0.11,0.96,-21.81,-5.42,-6.47
269,0.14,0.11,0.96,-22.67,0.27,-12.05
270,0.06,0.12,1.02,-24.05,-2.29,-14.57
271,0.0,0.13,1.07,-24.08,-1.51,-11.39
272,-0.03,0.13,1.08,-21.86,1.57,-7.93
273,-0.01,0.14,1.09,-18.89,-0.05,-4.62
274,0.01,0.15,1.08,-16.75,-0.81,-2.76
275,0.06,0.15,1.07,-14.81,-1.21,-3.41
276,0.06,0.19,1.09,-13.37,-4.43,-9.63
277,0.1,0.16,1.1,-8.96,-0.53,-3.55
278,0.08,0.17,1.07,-7.46,-1.18,-6.26
279,0.05,0.17,1.06,-5.34,-0.53,-6.34
280,0.05,0.16,1.03,-4.45,0.25,-4.53
281,0.03,0.16,0.99,-5.47,3.85,-3.9
282,0.03,0.16,1.0,-6.67,5.61,-4.11
283,-0.0,0.15,1.01,-5.29,2.03,-3.08
284,-0.02,0.14,1.01,-4.05,-4.47,-2.05
285,-0.0,0.15,0.98,-3.81,-5.29,-2.24
286,-0.01,0.16,0.95,-3.85,-5.33,-1.53
287,0.03,0.12,0.93,-5.2,-10.12,-2.34
288,0.07,0.14,0.93,-8.14,-6.68,-2.05
289,0.09,0.13,0.97,-8.85,-2.63,-4.4
290,0.06,0.11,1.0,-7.56,1.17,-5.43
291,0.03,0.11,1.01,-5.72,-1.27,-4.5
292,0.0,0.12,1.0,-4.52,-0.96,-3.91
293,-0.01,0.13,0.99,-4.16,-1.01,-2.27
294,0.0,0.14,0.98,-4.11,-2.37,0.8
295,0.02,0.14,0.98,-3.85,-5.0,1.64
296,0.05,0.15,0.97,-4.73,-4.15,0.87
297,0.05,0.16,0.95,-6.34,-3.67,0.64
298,0.06,0.17,0.96,-6.85,-3.38,2.98
299,0.09,0.16,0.96,-7.52,-1.8,3.92
300,0.1,0.16,0.96,-8.66,2.8,3.22
301,0.07,0.16,0.98,-9.95,3.8,2.5
302,0.1,0.13,1.0,-9.6,-0.06,1.92
303,0.07,0.13,1.03,-7.5,-1.03,0.79
304,0.06,0.15,1.02,-5.39,-2.41,0.9
305,0.07,0.15,1.01,-4.35,-2.08,0.87
306,0.08,0.15,0.99,-3.84,-5.05,1.77
307,0.07,0.17,0.98,-4.28,-4.56,1.57
308,0.06,0.16,0.98,-5.34,-3.74,1.73
309,0.08,0.16,0.98,-6.54,-3.44,1.47
310,0.12,0.15,0.98,-5.41,-4.6,4.36
311,0.1,0.14,0.98,-5.76,-4.06,2.2
312,0.1,0.14,0.99,-5.84,-0.35,2.18
313,0.1,0.15,0.98,-6.56,0.13,1.25
314,0.15,0.14,0.98,-8.64,0.83,-2.52
315,0.14,0.12,0.99,-6.83,-3.18,-5.79
316,0.08,0.13,1.02,-4.05,-1.83,-5.85
317,0.08,0.13,1.0,-4.53,1.95,-5.07
318,0.07,0.14,0.98,-5.8,5.77,-4.9
319,0.07,0.13,0.99,-5.04,2.24,-2.53
320,0.02,0.13,1.0,-3.36,-0.5,-1.05
321,0.02,0.14,0.99,-3.34,-0.18,0.38
322,0.03,0.15,0.99,-3.78,0.67,0.81
323,0.08,0.13,0.99,-5.13,0.79,-1.66
324,0.1,0.14,0.98,-4.77,-5.49,-4.47
325,0.07,0.13,1.03,-1.98,-6.55,-4.44
326,0.07,0.14,1.01,-0.47,-6.4,-4.18
327,0.07,0.13,0.98,-0.25,-1.26,-5.11
328,0.06,0.14,0.96,-0.92,-0.54,-6.3
329,0.07,0.13,0.95,-1.69,-2.58,-5.75
330,0.08,0.14,0.95,-1.77,-2.66,-4.64
331,0.05,0.15,0.95,-2.66,-0.66,-4.08
332,0.07,0.15,0.96,-3.38,1.13,-3.68
333,0.08,0.15,0.95,-4.88,0.17,-5.41
334,0.07,0.15,0.97,-4.24,-4.34,-4.27
335,0.03,0.15,0.97,-3.91,-7.89,-2.89
336,0.07,0.16,0.96,-5.76,-7.37,-3.81
337,0.09,0.15,0.96,-7.25,-7.42,-6.69
338,0.07,0.17,0.97,-7.07,-11.33,-7.78
339,0.08,0.15,0.98,-5.24,-10.04,-5.42
340,0.08,0.14,0.98,-4.42,-8.9,-4.8
341,0.07,0.14,0.98,-5.57,-5.42,-6.57
342,0.09,0.13,0.97,-3.18,-4.84,-3.19
343,0.07,0.14,0.98,-4.15,-0.91,-3.13
344,0.09,0.12,0.97,-4.54,1.43,-3.77
345,0.08,0.13,1.0,-4.18,1.91,-2.91
346,0.06,0.13,1.01,-3.29,0.53,-3.15
347,0.07,0.12,1.02,-1.89,1.37,-2.6
348,0.06,0.12,1.01,-0.98,0.69,-2.34
349,0.06,0.13,1.0,-0.72,2.26,-2.34
350,0.05,0.14,0.99,-0.52,1.19,-1.15
351,0.05,0.14,0.99,-0.91,-2.9,-0.96
352,0.08,0.12,0.98,-1.1,-1.07,0.53
353,0.05,0.13,0.98,-0.88,-0.12,-0.56
354,0.06,0.14,0.98,-1.15,0.37,-0.85
355,0.05,0.15,0.97,-1.47,1.37,-1.21
356,0.06,0.15,0.97,-2.07,-0.37,-2.13
357,0.06,0.14,0.96,-2.14,0.05,-1.7
358,0.07,0.14,0.97,-2.21,-0.07,-1.55
359,0.08,0.14,0.97,-2.13,-1.27,-1.34
360,0.09,0.14,0.97,-1.65,-0.44,-2.37
361,0.1,0.14,0.97,-1.32,0.21,-1.69
362,0.1,0.14,0.94,-1.82,1.4,-2.33
363,0.08,0.15,0.94,-3.27,0.59,-3.03
364,0.09,0.15,0.96,-3.18,0.57,-2.47
365,0.1,0.14,0.97,-3.76,2.26,-3.47
366,0.08,0.14,0.98,-3.59,4.94,-2.92
367,0.06,0.15,0.98,-3.93,1.9,-2.64
368,0.07,0.15,0.99,-3.59,0.14,-2.9
369,0.07,0.14,1.0,-2.41,-2.33,-2.41
370,0.09,0.14,0.99,-1.1,-0.66,-0.69
371,0.08,0.15,0.98,-1.4,-0.56,-1.36
372,0.07,0.15,0.97,-2.47,1.62,-1.72
373,0.05,0.14,0.98,-3.03,0.06,-1.96
374,0.06,0.14,0.99,-3.05,-0.38,-2.24
375,0.06,0.15,0.98,-3.3,-1.49,-2.08
376,0.06,0.15,0.99,-3.37,-0.29,-2.6
377,0.08,0.13,1.01,-1.79,0.07,-0.77
378,0.09,0.14,0.98,-1.31,1.02,-1.37
379,0.08,0.14,0.97,-0.87,2.78,-1.61
380,0.07,0.14,0.98,0.18,0.91,0.16
381,0.08,0.15,0.96,-0.75,-0.36,-1.6
382,0.08,0.15,0.96,-1.4,0.02,-2.1
383,0.07,0.15,0.95,-2.09,-0.82,-2.27
384,0.07,0.14,0.95,-2.67,0.39,-1.4
385,0.07,0.14,0.96,-3.23,1.34,-0.58
386,0.08,0.15,0.96,-3.95,3.61,-0.43
387,0.08,0.15,0.96,-4.49,3.29,-1.43
388,0.09,0.14,0.98,-4.18,3.03,-1.74
389,0.1,0.14,0.99,-3.89,2.12,-3.41
390,0.09,0.15,0.97,-3.84,1.79,-4.65
391,0.06,0.15,0.98,-4.34,1.44,-5.29
392,0.07,0.15,0.97,-5.05,1.31,-4.66
393,0.08,0.13,0.97,-5.27,1.37,-4.51
394,0.05,0.14,0.98,-5.44,1.89,-4.34
395,0.05,0.13,0.99,-4.79,2.99,-3.43
396,0.06,0.14,0.97,-5.39,2.74,-3.26
397,0.06,0.14,0.97,-4.89,1.62,-1.98
398,0.06,0.14,0.98,-4.8,-0.83,-2.11
399,0.06,0.14,0.97,-4.72,-0.29,-2.44
