,accel_x,accel_y,accel_z,gyro_x,gyro_y,gyro_z
0,-0.17,0.06,0.92,-3.37,23.06,0.62
1,-0.19,0.04,0.9,-1.67,18.15,0.4
2,-0.18,0.01,0.9,2.18,12.15,1.04
3,-0.18,0.02,0.91,3.58,6.53,-0.51
4,-0.16,0.04,0.93,10.76,32.63,6.63
5,-0.17,0.01,0.96,1.89,1.82,0.54
6,-0.14,0.03,0.96,0.74,5.66,1.5
7,-0.16,0.02,0.98,0.23,4.69,1.3
8,-0.17,0.02,0.99,3.37,-2.09,1.08
9,-0.17,0.04,0.99,1.43,2.21,-1.0
10,-0.16,0.04,0.99,2.99,7.44,-0.37
11,-0.18,0.04,0.98,3.37,5.53,-1.38
12,-0.17,0.06,0.96,1.34,9.13,0.82
13,-0.17,0.07,0.94,0.16,10.56,1.09
14,-0.18,0.07,0.92,-2.05,5.56,0.51
15,-0.18,0.06,0.92,-3.06,5.67,1.64
16,-0.21,0.07,0.91,-3.74,0.5,2.05
17,-0.17,0.07,0.91,-3.88,-3.15,2.6
18,-0.18,0.07,0.92,-5.77,-6.89,0.72
19,-0.17,0.06,0.95,-6.71,-13.12,-2.24
20,-0.17,0.05,0.98,-7.68,-11.2,-3.0
21,-0.14,0.05,1.01,-7.0,-10.31,-3.49
22,-0.14,0.03,1.03,-3.73,-10.65,-5.76
23,-0.14,0.04,1.05,-1.81,-8.11,-8.53
24,-0.14,0.03,1.06,1.58,-5.61,-10.04
25,-0.14,0.04,1.05,4.31,-1.56,-9.51
26,-0.16,0.04,1.02,5.48,4.5,-7.22
27,-0.18,0.04,0.98,3.86,7.91,-7.22
28,-0.19,0.05,0.97,1.8,8.06,-7.31
29,-0.2,0.05,0.97,1.08,8.15,-7.24
30,-0.21,0.05,0.96,0.79,6.86,-7.56
31,-0.21,0.05,0.93,1.24,5.48,-6.23
32,-0.21,0.05,0.92,1.03,3.04,-6.62
33,-0.22,0.05,0.92,-0.73,0.01,-8.33
34,-0.22,0.05,0.93,-0.79,-1.43,-7.92
35,-0.21,0.04,0.94,0.56,-1.75,-6.93
36,-0.22,0.05,0.95,1.07,-0.98,-6.54
37,-0.2,0.05,0.94,1.66,1.57,-3.43
38,-0.22,0.04,0.94,1.02,2.15,-3.18
39,-0.24,0.04,0.95,-0.06,-2.4,-5.8
40,-0.22,0.04,0.95,-0.33,-3.78,-6.11
41,-0.2,0.05,0.94,0.07,-0.5,-2.63
42,-0.23,0.05,0.97,-1.66,1.12,-3.23
43,-0.21,0.06,0.97,-2.27,1.66,-3.29
44,-0.2,0.06,0.95,-2.88,3.51,-1.7
45,-0.21,0.06,0.96,-3.15,4.21,-0.85
46,-0.22,0.06,0.95,-2.86,1.72,-2.2
47,-0.2,0.07,0.95,-2.06,0.08,-2.87
48,-0.19,0.07,0.94,-1.27,-0.07,-2.81
49,-0.2,0.07,0.94,-2.76,-0.9,-5.56
50,-0.17,0.07,0.94,-2.13,-1.42,-3.6
51,-0.19,0.06,0.95,-2.44,0.85,-2.48
52,-0.19,0.06,0.93,-3.62,-2.89,-4.27
53,-0.19,0.07,0.93,-4.07,-2.77,-3.7
54,-0.18,0.06,0.93,-5.14,-2.69,-4.01
55,-0.18,0.06,0.93,-6.8,-2.82,-4.05
56,-0.18,0.07,0.93,-8.16,-2.71,-5.15
57,-0.18,0.07,0.93,-8.88,-2.88,-5.92
58,-0.18,0.06,0.94,-8.91,-1.13,-4.05
59,-0.19,0.06,0.96,-8.95,-1.42,-4.21
60,-0.18,0.04,0.96,-5.69,-4.24,-5.11
61,-0.18,0.03,0.98,-2.65,-4.83,-2.45
62,-0.18,0.05,0.99,-2.66,-0.93,-2.86
63,-0.17,0.04,0.97,-2.56,0.89,-2.34
64,-0.16,0.04,0.98,-3.32,4.45,-0.07
65,-0.19,0.05,0.97,-5.57,4.62,-0.85
66,-0.19,0.04,0.96,-6.18,2.71,0.14
67,-0.18,0.05,0.96,-7.69,3.22,1.39
68,-0.19,0.04,0.96,-8.98,4.97,1.72
69,-0.2,0.04,0.96,-6.85,1.52,0.18
70,-0.19,0.04,0.97,-5.69,2.98,3.3
71,-0.16,0.06,0.97,-5.85,5.05,9.52
72,-0.15,0.06,0.99,-6.56,11.48,16.99
73,-0.22,0.09,0.98,-8.37,12.19,18.05
74,-0.18,0.06,0.94,-7.37,11.75,19.32
75,-0.14,0.07,0.94,-7.54,16.27,23.12
76,-0.19,0.07,0.91,-8.0,8.41,23.87
77,-0.22,0.07,0.9,-7.54,11.4,25.86
78,-0.21,0.07,0.89,-10.55,6.2,22.29
79,-0.22,0.07,0.91,-9.6,2.94,18.51
80,-0.24,0.05,0.94,-7.9,-3.23,13.74
81,-0.21,0.03,0.97,-4.77,-9.0,8.88
82,-0.22,0.0,1.01,-1.4,-12.78,1.93
83,-0.2,0.01,1.04,1.56,-13.25,-1.69
84,-0.17,0.01,1.04,3.06,-7.2,-2.27
85,-0.18,0.01,1.03,2.1,-0.03,-2.38
86,-0.19,0.02,1.01,0.05,5.69,-2.53
87,-0.21,0.02,0.99,-2.49,9.11,-2.99
88,-0.22,0.03,0.97,-4.47,9.73,-4.26
89,-0.21,0.05,0.95,-5.47,8.05,-6.65
90,-0.22,0.05,0.96,-5.79,4.94,-8.85
91,-0.22,0.05,0.95,-4.45,2.64,-9.69
92,-0.21,0.06,0.94,-2.88,-0.37,-9.02
93,-0.22,0.07,0.95,-2.11,-1.68,-9.15
94,-0.19,0.07,0.94,-1.36,-0.69,-7.47
95,-0.21,0.07,0.93,-1.88,-0.33,-8.3
96,-0.2,0.06,0.92,-2.23,-0.85,-8.69
97,-0.21,0.06,0.93,-2.66,-1.6,-8.26
98,-0.21,0.05,0.92,-2.82,-3.23,-7.27
99,-0.21,0.04,0.93,-2.44,-5.11,-5.08
100,-0.23,0.04,0.92,-3.71,-6.59,-5.65
101,-0.21,0.04,0.93,-4.66,-6.6,-5.63
102,-0.21,0.04,0.94,-6.31,-7.39,-4.75
103,-0.21,0.04,0.95,-6.53,-7.02,-3.31
104,-0.21,0.04,0.97,-6.11,-7.6,-3.46
105,-0.22,0.03,0.95,-4.91,-10.43,-4.49
106,-0.22,0.03,0.96,-3.24,-11.82,-5.27
107,-0.22,0.03,0.96,-2.09,-13.09,-5.91
108,-0.18,0.04,0.97,-2.36,-11.15,-6.97
109,-0.18,0.04,0.96,-4.27,-7.32,-7.92
110,-0.2,0.04,0.97,-7.84,-3.34,-7.15
111,-0.21,0.03,0.99,-8.88,-1.32,-5.01
112,-0.22,0.02,0.98,-8.54,-1.92,-4.6
113,-0.21,0.02,0.99,-6.75,-3.07,-4.56
114,-0.21,0.02,1.0,-5.15,-2.27,-4.36
115,-0.21,0.02,1.0,-3.22,-1.44,-3.83
116,-0.21,0.02,0.99,-2.08,-0.21,-3.06
117,-0.21,0.02,0.98,-1.97,1.79,-1.02
118,-0.21,0.03,0.96,-1.54,2.77,1.06
119,-0.22,0.04,0.96,-2.41,2.05,0.66
120,-0.22,0.04,0.95,-2.63,0.93,0.87
121,-0.21,0.03,0.95,-2.41,-0.02,2.16
122,-0.22,0.03,0.95,-3.15,-1.4,0.58
123,-0.21,0.03,0.95,-2.57,-2.51,0.19
124,-0.2,0.03,0.96,-2.62,-2.34,0.18
125,-0.18,0.04,0.94,-3.09,-1.18,-0.52
126,-0.19,0.05,0.96,-3.35,0.88,-1.19
127,-0.19,0.04,0.94,-4.29,0.01,-2.71
128,-0.2,0.04,0.93,-4.87,0.21,-2.62
129,-0.2,0.04,0.94,-4.76,-0.08,-2.22
130,-0.2,0.04,0.94,-4.74,-1.82,-3.44
131,-0.18,0.04,0.95,-4.73,-1.0,-2.76
132,-0.18,0.05,0.96,-4.87,0.84,-2.4
133,-0.17,0.04,0.96,-4.62,4.66,-2.17
134,-0.21,0.04,0.97,-2.6,5.3,-0.8
135,-0.22,0.04,0.96,-0.95,3.69,-0.89
136,-0.22,0.05,0.95,-2.47,1.09,-2.76
137,-0.22,0.06,0.95,-3.32,-1.53,-4.15
138,-0.21,0.05,0.95,-3.66,-2.82,-4.79
139,-0.2,0.05,0.97,-3.19,-3.07,-5.11
140,-0.2,0.05,0.97,-3.05,-1.59,-3.61
141,-0.2,0.05,0.97,-2.76,-0.36,-2.89
142,-0.2,0.07,0.98,-2.48,-1.38,-3.01
143,-0.19,0.08,0.99,-3.92,-2.24,-6.03
144,-0.15,0.09,1.0,-3.95,-1.7,-5.95
145,-0.16,0.1,1.01,-4.5,0.82,-6.84
146,-0.18,0.11,1.02,-4.89,4.66,-6.96
147,-0.18,0.13,1.02,-4.72,6.79,-6.44
148,-0.21,0.14,1.02,-5.55,7.4,-8.35
149,-0.24,0.13,1.04,-6.23,7.21,-10.95
150,-0.26,0.14,1.03,-6.57,7.19,-12.56
151,-0.29,0.16,1.02,-5.82,7.37,-11.79
152,-0.33,0.17,1.03,-3.92,7.24,-10.26
153,-0.35,0.19,1.04,-4.18,8.12,-6.83
154,-0.37,0.22,1.03,-4.81,11.34,1.73
155,-0.33,0.26,1.02,-7.12,17.46,11.32
156,-0.28,0.29,0.96,-8.95,19.98,17.6
157,-0.24,0.27,0.91,-8.21,15.04,20.72
158,-0.23,0.23,0.9,-9.02,2.53,15.95
159,-0.21,0.19,0.92,-8.02,-9.41,11.03
160,-0.2,0.11,0.95,-6.35,-20.37,3.65
161,-0.2,0.07,1.01,-5.35,-28.63,-3.98
162,-0.2,0.02,1.07,-4.96,-26.89,-6.89
163,-0.2,-0.01,1.11,-2.05,-16.11,-4.77
164,-0.21,-0.02,1.07,0.84,0.31,-0.53
165,-0.23,-0.01,1.0,1.47,17.6,4.01
166,-0.27,-0.01,0.89,-0.46,30.18,8.37
167,-0.29,-0.02,0.8,-3.33,31.6,9.86
168,-0.35,-0.0,0.74,-9.82,22.37,7.31
169,-0.34,0.03,0.7,-17.44,8.33,6.88
170,-0.32,0.03,0.69,-27.23,-4.39,1.85
171,-0.33,0.05,0.67,-36.81,-8.47,3.63
172,-0.32,0.03,0.71,-43.63,-10.43,9.85
173,-0.34,0.04,0.74,-47.59,-15.53,12.5
174,-0.28,0.05,0.81,-48.85,-18.11,16.76
175,-0.22,0.06,0.84,-48.6,-13.6,19.63
176,-0.17,0.04,0.87,-45.73,-8.47,19.85
177,-0.21,0.02,0.91,-43.6,-12.15,13.79
178,-0.22,0.08,0.92,-36.84,-19.01,22.58
179,-0.17,0.01,0.93,-35.99,-19.8,5.11
180,-0.18,0.02,0.94,-34.76,-19.84,4.81
181,-0.15,0.03,0.91,-34.82,-19.0,4.87
182,-0.09,0.03,0.86,-40.98,-11.68,2.49
183,-0.08,0.02,0.85,-49.38,-3.77,3.06
184,-0.07,-0.06,0.86,-50.92,3.72,2.22
185,-0.09,-0.09,0.86,-57.2,4.44,-1.34
186,-0.09,-0.11,0.89,-57.63,1.36,-6.28
187,-0.09,-0.13,0.91,-55.41,-2.6,-12.36
188,-0.13,-0.17,0.91,-49.95,-4.4,-14.13
189,-0.1,-0.21,0.91,-42.77,-8.46,-11.22
190,-0.04,-0.25,0.9,-36.34,-3.79,-13.06
191,-0.06,-0.34,0.88,-28.15,-0.6,-12.77
192,-0.12,-0.45,0.88,-23.25,-0.38,-13.31
193,-0.17,-0.53,0.93,-21.8,-12.18,-14.74
194,-0.17,-0.63,0.98,-19.05,-24.16,-13.16
195,-0.16,-0.76,1.07,-7.5,-31.26,-5.39
196,-0.14,-0.89,1.15,11.06,-38.63,4.3
197,-0.02,-0.98,1.18,28.34,-43.24,17.01
198,0.13,-1.06,1.18,39.55,-44.08,26.74
199,0.23,-1.2,1.23,45.18,-44.73,32.02
200,0.32,-1.41,1.32,50.32,-55.73,35.72
201,0.41,-1.65,1.45,62.86,-63.59,36.95
202,0.56,-1.95,1.62,80.92,-65.25,36.31
203,0.58,-2.0,1.87,105.75,-41.43,29.06
204,0.48,-2.0,2.0,131.99,-15.82,28.24
205,0.13,-2.0,2.0,154.66,1.53,23.72
206,-0.2,-2.0,2.0,136.95,-25.95,20.98
207,-0.23,-2.0,2.0,207.65,-3.29,30.88
208,-0.15,-2.0,2.0,229.37,15.36,62.86
209,0.01,-2.0,1.54,225.92,45.31,75.85
210,0.25,-2.0,1.04,196.12,81.06,78.03
211,0.4,-1.34,0.52,163.95,111.82,104.6
212,0.17,-0.47,0.15,126.48,119.95,119.59
213,-0.08,0.45,0.24,94.07,80.02,118.02
214,-0.17,1.21,0.09,121.63,66.27,140.93
215,-0.05,2.0,-0.17,135.33,42.32,159.8
216,0.17,2.0,-0.21,82.78,14.24,115.98
217,0.91,2.0,-0.01,59.95,55.59,74.6
218,1.54,2.0,0.3,63.9,136.32,25.89
219,1.49,2.0,0.27,105.69,212.02,-7.22
220,1.3,2.0,-0.65,153.37,250.13,-42.75
221,0.49,2.0,-1.8,182.15,250.13,-50.19
222,-0.37,2.0,-2.0,147.86,210.47,-80.21
223,-0.76,2.0,-2.0,97.63,10.76,-142.79
224,-0.73,2.0,-1.84,36.45,-158.08,-192.63
225,-0.72,1.38,-0.87,0.06,-250.14,-208.65
226,-0.61,0.79,0.07,5.65,-250.14,-202.82
227,-0.51,0.34,0.74,-0.36,-250.14,-145.47
228,-0.57,0.18,1.2,-8.43,-195.49,-91.83
229,-0.46,0.16,1.35,-0.36,-129.17,-51.9
230,-0.52,0.28,1.24,6.79,-70.13,-19.45
231,-0.5,0.28,1.09,9.32,-34.95,-0.57
232,-0.53,0.33,0.96,-3.19,-22.92,11.16
233,-0.49,0.43,0.85,-15.39,-19.56,17.77
234,-0.39,0.52,0.75,-29.32,-16.15,21.27
235,-0.28,0.59,0.69,-36.43,-7.77,25.04
236,-0.24,0.63,0.68,-35.5,-5.1,24.95
237,-0.26,0.62,0.73,-22.69,-7.1,26.21
238,-0.25,0.59,0.76,-12.35,-18.59,17.89
239,-0.22,0.56,0.83,-5.51,-33.0,8.18
240,-0.19,0.52,0.88,-0.17,-39.32,2.47
241,-0.16,0.45,0.94,4.28,-41.92,-2.15
242,-0.13,0.43,1.04,5.36,-37.02,-4.08
243,-0.06,0.45,1.08,2.05,-24.81,-5.42
244,0.01,0.5,1.01,-0.92,-1.63,-3.13
245,0.04,0.54,0.89,-5.26,19.04,0.45
246,-0.04,0.48,0.78,-3.79,17.05,-4.27
247,-0.12,0.4,0.74,-0.6,-7.01,-15.76
248,-0.15,0.28,0.83,5.21,-40.59,-28.82
249,-0.06,0.23,0.96,9.63,-61.64,-36.07
250,0.02,0.24,1.01,4.55,-56.04,-41.05
251,0.09,0.25,1.09,-1.55,-34.89,-39.21
252,0.11,0.26,1.04,-8.14,-1.79,-30.21
253,0.08,0.25,0.93,-17.04,32.15,-18.31
254,-0.04,0.2,0.88,-26.11,46.48,-10.76
255,-0.13,0.17,0.83,-33.87,38.33,-11.9
256,-0.18,0.17,0.81,-36.56,17.88,-16.26
257,-0.17,0.16,0.83,-33.08,-5.24,-24.63
258,-0.14,0.17,0.9,-26.0,-24.35,-30.44
259,-0.16,0.16,0.92,-24.33,-25.0,-29.89
260,-0.18,0.11,1.01,-23.83,-21.72,-32.17
261,-0.18,0.08,1.02,-26.26,-8.39,-24.29
262,-0.25,0.07,1.05,-31.1,5.63,-15.62
263,-0.21,0.08,1.03,-34.44,19.67,-11.69
264,-0.28,0.12,0.98,-32.31,26.43,1.56
265,-0.24,0.16,0.88,-21.18,21.89,5.39
266,-0.23,0.21,0.82,-14.27,7.23,6.33
267,-0.22,0.25,0.74,-10.96,-19.37,-1.5
268,-0.16,0.29,0.75,-15.2,-46.74,-11.6
269,-0.07,0.33,0.79,-23.56,-53.62,-14.46
270,-0.02,0.32,0.88,-35.05,-45.56,-15.09
271,-0.02,0.28,0.95,-45.1,-26.43,-9.82
272,-0.06,0.23,1.03,-50.33,-0.79,-0.73
273,-0.1,0.19,1.06,-53.96,21.39,8.02
274,-0.14,0.14,1.02,-50.48,33.05,15.62
275,-0.21,0.13,1.01,-43.97,28.42,13.53
276,-0.2,0.16,0.98,-36.02,13.1,5.42
277,-0.19,0.19,0.98,-26.96,-2.95,-4.82
278,-0.17,0.2,0.95,-20.18,-15.24,-10.79
279,-0.14,0.22,0.94,-17.74,-23.05,-15.69
280,-0.14,0.21,0.98,-18.98,-26.18,-19.02
281,-0.13,0.17,1.04,-20.53,-18.84,-17.98
282,-0.12,0.15,1.07,-25.21,-4.44,-14.58
283,-0.11,0.17,1.07,-29.98,11.93,-10.26
284,-0.15,0.11,1.02,-30.48,24.99,-4.51
285,-0.24,0.07,1.0,-27.34,22.23,-5.06
286,-0.27,0.08,0.99,-24.04,8.48,-9.79
287,-0.24,0.11,0.99,-19.37,-5.87,-15.34
288,-0.2,0.14,0.96,-13.42,-15.64,-18.89
289,-0.17,0.18,0.93,-10.53,-19.44,-19.92
290,-0.13,0.19,0.91,-11.05,-17.71,-19.56
291,-0.13,0.18,0.93,-14.78,-10.61,-19.95
292,-0.13,0.17,0.96,-18.03,-2.77,-18.15
293,-0.13,0.18,0.97,-20.95,8.55,-14.08
294,-0.14,0.18,0.96,-22.17,19.16,-9.96
295,-0.17,0.17,0.93,-22.6,24.94,-5.82
296,-0.18,0.18,0.9,-22.21,24.06,-4.49
297,-0.22,0.15,0.87,-20.76,15.97,-6.28
298,-0.26,0.16,0.87,-18.77,1.82,-10.05
299,-0.28,0.13,0.89,-12.7,-20.59,-14.35
300,-0.25,0.11,0.94,-13.26,-23.4,-14.46
301,-0.24,0.12,0.99,-12.14,-29.32,-13.9
302,-0.21,0.14,0.99,-14.2,-29.08,-14.34
303,-0.18,0.14,1.03,-14.26,-22.92,-10.98
304,-0.2,0.13,1.04,-16.12,-13.1,-6.42
305,-0.23,0.15,1.04,-20.27,-5.6,-2.18
306,-0.24,0.16,1.01,-22.51,2.97,2.5
307,-0.25,0.18,1.0,-22.18,8.27,7.63
308,-0.25,0.18,0.97,-18.5,8.87,11.11
309,-0.25,0.2,0.94,-15.12,3.6,11.86
310,-0.26,0.18,0.93,-10.16,-3.79,13.26
311,-0.26,0.15,0.92,-5.04,-14.83,12.63
312,-0.24,0.14,0.92,-4.4,-22.08,12.69
313,-0.23,0.14,0.94,-7.79,-28.56,11.33
314,-0.19,0.14,0.93,-11.32,-32.59,9.27
315,-0.18,0.13,0.96,-11.76,-31.92,7.67
316,-0.13,0.13,1.01,-10.05,-26.08,8.16
317,-0.1,0.13,1.02,-7.88,-17.2,9.81
318,-0.07,0.12,1.0,-3.6,-10.25,6.95
319,-0.03,0.13,0.97,0.03,-5.07,2.08
320,-0.03,0.09,0.94,3.77,1.27,-3.95
321,-0.03,0.08,0.91,3.83,0.37,-14.21
322,-0.09,0.04,0.91,4.56,-5.78,-22.54
323,-0.12,0.0,0.89,4.9,-10.56,-26.62
324,-0.14,-0.03,0.89,4.11,-11.14,-26.37
325,-0.16,-0.04,0.9,2.82,-13.34,-28.11
326,-0.17,-0.05,0.9,2.03,-18.22,-29.22
327,-0.13,-0.05,0.92,6.65,-16.3,-28.92
328,-0.15,-0.05,0.92,5.82,-19.5,-27.4
329,-0.13,-0.03,0.92,2.83,-18.51,-26.18
330,-0.14,0.0,0.91,-3.51,-19.38,-23.05
331,-0.12,0.02,0.94,-8.15,-16.58,-17.59
332,-0.14,0.04,0.96,-9.5,-15.53,-15.68
333,-0.09,0.06,0.99,-6.96,-12.14,-10.18
334,-0.12,0.11,0.99,-9.59,-10.63,-15.4
335,-0.07,0.14,1.0,-8.98,-6.21,-12.56
336,-0.09,0.17,1.02,-10.67,-0.47,-11.87
337,-0.1,0.18,1.01,-11.17,4.52,-10.72
338,-0.1,0.21,0.99,-10.96,9.69,-9.82
339,-0.11,0.21,0.98,-9.05,11.52,-10.15
340,-0.12,0.22,0.95,-5.24,10.41,-10.56
341,-0.13,0.23,0.93,-2.53,10.12,-10.03
342,-0.14,0.23,0.92,-1.82,9.21,-9.73
343,-0.17,0.23,0.91,-2.09,5.24,-11.8
344,-0.16,0.2,0.89,-2.61,4.11,-10.99
345,-0.16,0.19,0.89,-7.82,0.11,-12.61
346,-0.18,0.16,0.92,-12.32,-2.86,-13.11
347,-0.19,0.15,0.91,-10.73,-3.37,-8.14
348,-0.2,0.13,0.94,-11.73,-7.33,-6.07
349,-0.17,0.12,0.95,-15.34,-7.03,-3.61
350,-0.17,0.12,0.98,-15.95,-7.19,-1.45
351,-0.14,0.11,1.01,-14.01,-5.85,-1.54
352,-0.14,0.11,1.02,-13.05,-3.11,-2.0
353,-0.12,0.11,1.04,-10.73,0.56,-2.6
354,-0.13,0.11,1.03,-8.86,3.34,-2.32
355,-0.12,0.11,1.02,-6.95,5.64,-1.58
356,-0.11,0.12,1.01,-6.44,8.83,-0.58
357,-0.11,0.14,1.0,-8.44,11.34,0.13
358,-0.11,0.14,1.01,-10.43,13.01,1.15
359,-0.13,0.16,1.0,-13.42,15.44,1.39
360,-0.12,0.16,1.01,-13.76,16.23,2.29
361,-0.15,0.15,1.02,-13.82,16.44,3.89
362,-0.15,0.14,1.01,-11.41,16.23,5.29
363,-0.15,0.14,1.01,-9.92,14.56,5.41
364,-0.14,0.13,1.01,-8.9,11.66,4.17
365,-0.13,0.12,1.0,-7.27,7.65,2.98
366,-0.12,0.11,1.02,-6.05,6.17,3.32
367,-0.12,0.09,1.03,-4.31,4.63,2.7
368,-0.1,0.1,1.04,-3.24,4.95,2.54
369,-0.13,0.1,1.01,-3.47,4.86,0.9
370,-0.12,0.1,1.03,-3.4,5.72,1.82
371,-0.13,0.1,1.01,-2.98,1.48,-0.68
372,-0.11,0.1,1.02,-0.71,3.73,0.19
373,-0.12,0.1,1.03,-0.36,5.66,-2.08
374,-0.13,0.1,1.01,1.08,5.48,-2.14
375,-0.1,0.13,1.0,1.43,9.77,-0.86
376,-0.11,0.12,0.97,2.02,13.13,-1.27
377,-0.12,0.13,0.94,1.14,14.85,-1.73
378,-0.11,0.13,0.92,-0.81,14.47,-0.96
379,-0.12,0.13,0.94,-1.31,11.72,-2.05
380,-0.14,0.13,0.96,-1.8,10.46,-3.49
381,-0.13,0.13,0.96,-1.31,10.82,-4.47
382,-0.13,0.13,0.95,-0.32,10.44,-5.05
383,-0.13,0.12,0.95,-0.21,11.78,-4.57
384,-0.15,0.11,0.96,-0.56,12.73,-5.46
385,-0.16,0.12,0.95,-1.89,13.72,-5.95
386,-0.17,0.13,0.96,-3.07,16.36,-6.44
387,-0.19,0.12,0.96,-3.12,18.41,-5.42
388,-0.2,0.13,0.96,-3.03,19.13,-6.03
389,-0.2,0.14,0.93,-2.88,18.11,-6.97
390,-0.19,0.14,0.92,-1.63,16.08,-7.37
391,-0.22,0.14,0.9,-0.93,10.38,-10.41
392,-0.22,0.15,0.89,-1.4,5.59,-12.7
393,-0.23,0.15,0.9,-2.85,0.89,-15.91
394,-0.24,0.15,0.92,-3.21,-3.51,-18.02
395,-0.25,0.13,0.93,-3.27,-6.11,-19.45
396,-0.25,0.12,0.95,-3.0,-6.74,-19.72
397,-0.25,0.09,0.96,-2.08,-5.21,-17.26
398,-0.26,0.09,0.97,-1.19,-2.76,-16.18
399,-0.26,0.08,0.95,-0.95,-0.35,-14.83
