,accel_x,accel_y,accel_z,gyro_x,gyro_y,gyro_z
0,-0.09,0.16,0.98,-3.64,-0.71,3.77
1,-0.06,0.16,0.97,-4.12,-0.7,3.31
2,-0.07,0.16,0.97,-3.79,-1.21,2.03
3,-0.07,0.16,0.99,-2.63,-0.95,2.93
4,-0.05,0.17,0.98,-1.95,0.18,4.95
5,-0.03,0.18,0.96,-2.41,0.72,3.67
6,-0.02,0.18,0.96,-2.98,-3.02,0.98
7,-0.03,0.19,0.96,-3.08,-5.18,-0.02
8,0.0,0.18,0.96,-3.23,-4.77,2.55
9,0.01,0.19,0.95,-3.85,-1.69,1.27
10,0.02,0.18,0.97,-3.76,-1.15,-1.03
11,-0.01,0.18,0.95,-3.27,-0.51,-1.83
12,-0.01,0.19,0.94,-4.09,-0.96,-1.68
13,-0.02,0.19,0.93,-4.88,-2.84,-2.35
14,-0.02,0.19,0.94,-5.79,-2.43,-3.34
15,-0.03,0.18,0.93,-7.41,-1.82,-3.53
16,-0.02,0.18,0.95,-8.7,-2.69,-3.69
17,-0.02,0.17,0.96,-9.27,-4.16,-2.83
18,-0.03,0.18,0.97,-8.53,-0.56,-1.66
19,-0.04,0.17,0.96,-8.69,-0.88,-2.39
20,-0.03,0.17,0.98,-7.95,-3.58,-3.23
21,-0.01,0.16,0.98,-8.14,-1.69,-3.84
22,-0.01,0.15,0.98,-7.82,-0.79,-3.87
23,-0.03,0.16,0.99,-7.43,0.43,-4.66
24,-0.04,0.16,0.99,-7.33,-0.52,-5.08
25,-0.03,0.15,0.96,-7.23,-1.28,-4.96
26,-0.04,0.15,0.97,-7.93,-3.35,-5.5
27,-0.05,0.15,0.97,-7.91,-5.06,-4.89
28,-0.06,0.15,0.97,-7.37,-5.3,-2.69
29,-0.05,0.15,0.95,-7.88,-3.95,-3.47
30,-0.06,0.15,0.97,-7.65,-0.82,-2.79
31,-0.06,0.15,0.96,-8.29,1.11,-3.11
32,-0.06,0.14,0.97,-8.33,1.39,-2.61
33,-0.06,0.15,0.98,-7.98,1.44,-2.86
34,-0.05,0.14,0.99,-6.68,2.04,-1.99
35,-0.05,0.14,1.0,-5.69,-0.08,-1.6
36,-0.05,0.14,1.0,-4.34,-1.81,-2.02
37,-0.05,0.14,1.01,-2.42,-2.39,-1.77
38,-0.04,0.14,1.0,-1.97,-4.73,-1.25
39,-0.05,0.16,0.98,-3.35,-4.66,-2.42
40,-0.06,0.16,1.0,-1.21,-1.49,0.72
41,-0.04,0.15,0.97,-1.37,0.6,1.19
42,-0.05,0.14,0.99,-0.67,-0.51,1.39
43,-0.03,0.14,0.99,-1.91,-3.73,-1.31
44,-0.02,0.13,1.0,-0.8,-1.45,-1.0
45,-0.02,0.14,0.98,-1.07,-1.05,-2.16
46,-0.01,0.14,0.99,-0.02,-1.02,-0.57
47,-0.03,0.15,1.0,1.67,0.02,0.4
48,-0.03,0.15,0.98,0.33,-2.07,-1.98
49,-0.03,0.15,0.99,-0.08,-3.31,-3.39
50,-0.04,0.14,0.98,-0.12,-1.78,-3.81
51,-0.05,0.15,0.97,-0.62,-1.27,-4.11
52,-0.06,0.15,0.97,-0.99,-2.39,-5.1
53,-0.02,0.15,0.97,-0.88,-3.67,-5.55
54,-0.02,0.15,0.97,-0.13,-3.53,-5.61
55,-0.04,0.16,0.96,-1.15,-3.56,-5.6
56,-0.03,0.15,0.96,-1.69,-0.86,-4.57
57,-0.03,0.16,0.95,-2.76,1.21,-3.72
58,-0.04,0.16,0.96,-3.89,1.53,-3.46
59,-0.05,0.15,0.96,-4.8,1.47,-3.98
60,-0.06,0.15,0.98,-4.7,0.76,-4.05
61,-0.04,0.15,0.98,-4.01,0.42,-4.3
62,-0.04,0.15,0.98,-2.97,0.56,-4.2
63,-0.06,0.15,0.97,-3.27,-2.36,-5.24
64,-0.07,0.16,0.97,-3.85,-2.33,-5.05
65,-0.06,0.15,0.97,-4.03,-1.83,-4.09
66,-0.05,0.15,0.97,-5.06,-1.03,-3.63
67,-0.07,0.15,0.97,-4.89,-0.59,-3.73
68,-0.06,0.16,0.96,-5.53,0.11,-3.17
69,-0.05,0.15,0.97,-5.69,-0.72,-3.45
70,-0.03,0.14,0.97,-4.69,-0.18,-2.5
71,-0.05,0.14,0.97,-3.89,1.63,-1.63
72,-0.04,0.15,0.97,-3.39,2.82,-0.37
73,-0.04,0.15,0.97,-3.65,1.01,-1.17
74,-0.05,0.15,0.98,-3.1,-2.67,-2.17
75,-0.03,0.15,0.97,-3.34,-4.17,-2.48
76,-0.05,0.16,0.96,-4.1,-2.92,-2.13
77,-0.03,0.15,0.96,-4.55,-2.35,-2.01
78,-0.03,0.15,0.96,-5.11,-1.73,-2.1
79,-0.02,0.14,0.96,-4.69,-0.01,-1.04
80,-0.04,0.15,0.97,-5.44,-0.24,-1.9
81,-0.05,0.15,0.98,-5.38,0.25,-1.92
82,-0.06,0.14,0.97,-5.03,-0.41,-1.44
83,-0.04,0.14,0.97,-4.77,-0.79,-1.47
84,-0.04,0.14,0.98,-3.63,0.27,-0.43
85,-0.04,0.15,0.98,-3.79,-1.66,-0.42
86,-0.03,0.15,0.99,-3.3,-2.26,-0.89
87,-0.02,0.14,0.99,-3.41,-2.95,-2.41
88,-0.01,0.14,0.99,-2.77,-2.08,-3.06
89,-0.02,0.14,0.99,-2.47,-0.22,-3.27
90,-0.04,0.14,0.98,-2.38,-0.63,-3.28
91,-0.03,0.15,0.96,-3.06,-0.12,-3.54
92,-0.04,0.14,0.98,-3.72,0.29,-3.43
93,-0.03,0.14,0.98,-4.05,0.07,-3.42
94,-0.03,0.13,0.97,-3.47,0.34,-2.77
95,-0.04,0.14,0.99,-3.61,0.37,-2.99
96,-0.03,0.14,0.98,-3.02,-0.05,-2.36
97,-0.03,0.14,0.99,-2.47,1.07,-2.37
98,-0.03,0.14,0.98,-2.63,2.48,-2.46
99,-0.03,0.14,0.96,-2.73,2.11,-2.22
100,-0.04,0.15,0.96,-3.0,1.54,-3.01
101,-0.04,0.15,0.97,-2.82,1.48,-3.39
102,-0.04,0.15,0.97,-2.93,-0.31,-3.22
103,-0.05,0.14,0.97,-3.37,-0.32,-3.64
104,-0.05,0.14,0.97,-3.48,0.53,-3.72
105,-0.06,0.14,0.97,-3.73,0.08,-4.18
106,-0.05,0.14,0.96,-3.75,0.26,-4.2
107,-0.07,0.14,0.98,-3.78,-1.31,-2.95
108,-0.07,0.14,0.96,-4.34,-0.62,-2.53
109,-0.05,0.13,0.97,-4.16,-0.67,-1.85
110,-0.05,0.14,0.97,-4.28,0.02,-2.35
111,-0.07,0.14,0.97,-4.69,0.63,-2.08
112,-0.05,0.13,0.98,-4.41,1.27,-1.07
113,-0.05,0.15,0.95,-4.66,0.51,-1.53
114,-0.05,0.15,0.96,-5.45,-0.11,-2.05
115,-0.06,0.15,0.96,-5.2,1.71,-1.05
116,-0.03,0.15,0.97,-5.17,0.6,-0.53
117,-0.03,0.14,0.97,-5.37,1.03,-0.53
118,-0.04,0.14,0.97,-5.94,0.93,-1.18
119,-0.03,0.14,0.98,-6.21,-0.07,-2.37
120,-0.03,0.13,0.99,-5.39,-2.53,-3.95
121,-0.04,0.13,0.99,-4.18,-5.06,-4.92
122,-0.05,0.13,0.99,-3.44,-5.67,-5.05
123,-0.04,0.13,0.97,-3.26,-4.65,-4.7
124,-0.04,0.14,0.96,-4.06,-2.8,-2.98
125,-0.05,0.14,0.96,-5.15,0.26,-1.43
126,-0.04,0.14,0.98,-6.11,0.23,-1.8
127,-0.03,0.12,0.99,-5.85,-0.11,-1.51
128,-0.04,0.12,0.99,-5.27,0.18,-2.53
129,-0.05,0.12,0.99,-4.65,-1.08,-3.02
130,-0.05,0.12,0.99,-4.72,-0.6,-2.73
131,-0.06,0.12,0.98,-4.79,-0.73,-1.86
132,-0.05,0.13,0.99,-4.73,-1.44,-2.08
133,-0.04,0.12,1.0,-3.28,-1.3,-1.54
134,-0.03,0.11,1.01,-1.43,-0.5,-0.82
135,-0.03,0.11,0.99,-0.83,0.81,-1.53
136,-0.03,0.11,0.99,-1.4,1.66,-1.89
137,-0.05,0.12,0.99,-1.67,2.49,-1.85
138,-0.04,0.1,0.98,-2.13,3.61,-0.93
139,-0.05,0.09,0.98,-3.15,3.69,-1.21
140,-0.03,0.06,0.99,-4.01,5.53,-1.59
141,-0.05,0.03,1.01,-3.85,5.85,-1.92
142,-0.06,0.01,1.01,-3.11,4.97,-0.38
143,-0.06,-0.0,1.0,-4.51,3.92,-1.21
144,-0.06,-0.04,1.01,-7.15,2.36,-2.21
145,-0.05,-0.06,1.05,-9.85,3.18,-2.4
146,0.03,-0.07,1.07,-13.3,8.37,-5.11
147,0.09,-0.14,1.14,-12.38,15.51,-8.96
148,0.01,-0.19,1.22,-8.72,17.83,-10.5
149,-0.05,-0.24,1.22,-5.18,19.24,-11.09
150,-0.13,-0.3,1.29,2.13,17.19,-9.47
151,-0.18,-0.31,1.26,11.26,15.52,-0.92
152,-0.2,-0.3,1.2,16.86,16.53,6.11
153,-0.22,-0.31,1.1,18.69,9.38,9.65
154,-0.23,-0.34,1.05,20.86,2.84,17.4
155,-0.22,-0.42,0.94,22.34,-3.72,23.49
156,-0.1,-0.5,0.88,20.37,-10.48,30.75
157,0.04,-0.43,0.84,15.24,-14.28,31.62
158,0.07,-0.41,0.88,12.32,-21.84,26.8
159,0.08,-0.36,0.96,11.28,-27.95,27.33
160,0.18,-0.35,0.99,11.4,-27.25,28.03
161,0.2,-0.37,1.05,12.46,-30.94,19.5
162,0.15,-0.4,1.15,18.44,-34.59,20.61
163,0.2,-0.4,1.16,26.0,-18.41,23.88
164,0.09,-0.33,1.14,32.21,-3.47,25.7
165,-0.01,-0.24,1.0,36.8,-16.67,27.98
166,-0.09,-0.07,0.82,28.76,-32.49,22.55
167,-0.16,-0.02,0.75,14.31,-43.36,19.75
168,-0.17,0.02,0.78,6.55,-43.11,26.85
169,-0.12,0.06,0.74,-4.22,-44.4,28.34
170,-0.13,0.11,0.72,-10.75,-50.79,28.05
171,-0.11,0.15,0.71,-17.91,-53.58,28.1
172,-0.02,0.22,0.66,-26.02,-46.98,29.3
173,-0.06,0.28,0.68,-34.02,-39.69,30.83
174,-0.08,0.35,0.69,-39.63,-33.08,36.34
175,-0.06,0.42,0.72,-45.15,-33.98,39.43
176,-0.0,0.48,0.73,-48.36,-34.75,42.28
177,0.05,0.53,0.72,-56.83,-33.88,41.41
178,0.17,0.55,0.76,-64.18,-15.41,43.01
179,0.23,0.57,0.79,-67.96,8.18,42.02
180,0.24,0.59,0.79,-77.26,16.01,33.3
181,0.22,0.59,0.82,-78.93,20.63,25.97
182,0.22,0.58,0.8,-81.73,27.99,18.95
183,0.18,0.57,0.8,-83.74,32.07,10.79
184,0.18,0.54,0.81,-84.56,33.09,4.88
185,0.17,0.49,0.85,-85.2,29.98,-6.25
186,0.11,0.46,0.98,-80.63,22.32,-12.88
187,0.1,0.43,1.06,-73.53,16.23,-16.26
188,0.09,0.36,1.29,-61.38,7.27,-19.58
189,0.15,0.33,1.48,-39.47,8.45,-17.14
190,0.24,0.34,1.55,-18.69,-1.11,-20.23
191,0.28,0.38,1.57,-0.1,-8.04,-27.16
192,0.29,0.38,1.48,13.93,4.34,-30.53
193,0.17,0.4,1.35,24.31,12.02,-35.57
194,-0.01,0.4,1.23,31.49,7.89,-37.73
195,-0.14,0.38,1.14,35.79,7.61,-34.02
196,-0.18,0.35,1.06,36.97,9.04,-27.67
197,-0.25,0.34,0.97,39.15,4.42,-24.34
198,-0.26,0.35,0.89,37.35,3.66,-17.73
199,-0.27,0.38,0.82,32.67,7.66,-11.5
200,-0.26,0.39,0.76,25.12,9.4,-5.61
201,-0.26,0.4,0.7,15.4,8.32,-0.27
202,-0.24,0.38,0.74,7.51,-1.82,5.71
203,-0.12,0.36,0.84,0.94,-1.09,12.41
204,-0.03,0.32,0.92,-3.11,2.93,14.39
205,0.02,0.3,1.0,-2.56,6.34,17.94
206,0.05,0.33,1.02,-2.15,5.59,18.69
207,0.11,0.35,1.03,-2.79,4.1,17.88
208,0.15,0.34,1.06,-4.73,4.21,15.85
209,0.13,0.33,1.07,-5.8,4.09,15.06
210,0.12,0.32,1.08,-8.32,-0.14,13.27
211,0.11,0.29,1.1,-10.4,-5.12,9.85
212,0.08,0.26,1.09,-13.01,-8.69,4.66
213,0.02,0.16,1.22,-10.56,-5.4,5.37
214,-0.0,0.09,1.29,-0.64,1.63,10.12
215,-0.06,0.08,1.24,14.73,3.31,12.63
216,-0.1,0.09,1.15,25.15,2.21,16.27
217,-0.15,0.1,1.04,31.73,2.42,20.59
218,-0.17,0.11,0.93,36.36,1.76,23.81
219,-0.2,0.11,0.86,39.57,-6.3,28.43
220,-0.17,0.12,0.81,38.45,-16.72,28.34
221,-0.09,0.16,0.8,33.51,-21.29,29.06
222,0.03,0.18,0.81,26.18,-19.92,29.34
223,0.1,0.22,0.84,18.17,-15.01,26.93
224,0.13,0.2,0.89,10.75,-10.71,23.38
225,0.17,0.16,1.01,8.91,-5.98,20.07
226,0.17,0.11,1.11,15.95,0.08,19.73
227,0.17,0.09,1.14,23.56,0.09,17.65
228,0.17,0.12,1.1,29.76,-5.25,11.98
229,0.2,0.15,1.08,33.18,-12.37,8.69
230,0.24,0.17,1.04,32.48,-11.47,2.09
231,0.2,0.19,1.03,29.11,-5.65,-1.09
232,0.17,0.2,1.01,26.54,6.73,-0.39
233,0.1,0.22,1.0,23.21,8.66,-4.24
234,0.06,0.21,0.97,20.57,2.29,-7.23
235,0.05,0.2,0.94,17.33,-2.53,-10.46
236,0.04,0.18,0.94,13.66,-10.18,-13.4
237,0.07,0.16,0.94,10.37,-9.34,-15.47
238,0.04,0.15,0.93,6.95,-3.92,-13.4
239,-0.02,0.15,0.91,0.91,-2.56,-12.5
240,-0.03,0.09,1.0,0.15,-0.28,-8.36
241,-0.03,0.04,1.08,6.05,2.78,-4.05
242,-0.03,0.06,1.04,13.77,1.64,-2.77
243,-0.03,0.11,0.99,17.92,-7.87,-4.06
244,0.04,0.12,0.99,20.39,-16.01,-8.01
245,0.06,0.14,0.99,18.68,-24.35,-12.7
246,0.11,0.15,1.06,21.25,-14.08,-8.47
247,0.16,0.16,1.05,21.89,-3.81,-8.98
248,0.15,0.19,1.04,22.1,-1.88,-11.83
249,0.14,0.2,1.0,19.92,1.34,-14.39
250,0.13,0.18,0.99,17.73,7.29,-14.05
251,0.09,0.17,0.98,15.55,9.85,-14.73
252,0.06,0.18,0.96,10.11,9.05,-18.64
253,0.04,0.13,1.01,9.34,16.5,-16.45
254,0.03,0.11,1.02,11.77,20.13,-14.86
255,-0.02,0.11,1.02,12.95,13.34,-17.34
256,-0.04,0.11,1.04,16.3,7.11,-17.8
257,-0.03,0.12,1.02,19.48,5.94,-15.89
258,0.0,0.17,0.95,20.79,7.83,-15.92
259,0.0,0.21,0.9,18.52,6.34,-17.91
260,0.0,0.25,0.86,15.04,2.77,-19.27
261,0.01,0.26,0.86,10.66,1.71,-19.19
262,0.04,0.25,0.84,5.24,1.92,-19.31
263,0.02,0.22,0.89,1.66,3.63,-18.77
264,0.03,0.19,0.95,2.66,9.99,-15.53
265,0.06,0.18,0.94,5.88,13.21,-14.58
266,0.06,0.21,0.91,6.6,12.08,-16.4
267,0.04,0.21,0.88,6.07,8.9,-19.53
268,0.05,0.23,0.88,4.73,8.82,-21.33
269,0.03,0.24,0.87,2.35,10.53,-22.37
270,-0.01,0.24,0.85,-0.82,10.44,-23.98
271,-0.03,0.23,0.86,-4.69,12.76,-21.75
272,-0.03,0.22,0.88,-7.33,18.56,-18.94
273,-0.04,0.21,0.9,-8.92,21.66,-16.92
274,-0.02,0.21,0.92,-9.4,23.9,-15.81
275,0.01,0.22,0.93,-10.79,22.47,-17.5
276,-0.01,0.21,0.95,-11.11,22.15,-16.91
277,0.01,0.21,0.97,-11.63,24.71,-16.62
278,-0.02,0.19,0.99,-10.24,21.88,-18.55
279,-0.04,0.19,1.0,-7.74,21.05,-18.68
280,-0.06,0.18,0.99,-5.21,20.8,-16.82
281,-0.03,0.18,0.96,-2.88,20.58,-15.43
282,-0.06,0.19,0.94,-2.37,18.32,-16.37
283,-0.1,0.21,0.91,-2.67,19.81,-14.06
284,-0.1,0.22,0.86,-6.47,17.68,-14.5
285,-0.06,0.21,0.89,-9.88,16.9,-15.63
286,-0.05,0.21,0.91,-11.91,18.32,-16.32
287,-0.09,0.18,0.91,-13.47,16.69,-15.44
288,-0.08,0.16,0.98,-12.65,16.74,-13.64
289,-0.06,0.15,0.99,-8.44,16.28,-12.63
290,-0.11,0.17,1.02,-4.64,14.96,-11.34
291,-0.08,0.17,1.01,-0.65,14.08,-8.97
292,-0.07,0.21,0.98,0.04,11.12,-10.43
293,-0.04,0.22,0.96,-0.53,7.65,-14.0
294,-0.04,0.24,0.96,-2.02,6.42,-16.31
295,-0.03,0.24,0.93,-5.27,10.49,-14.98
296,0.0,0.24,0.92,-9.87,14.24,-15.47
297,-0.0,0.23,0.93,-14.38,18.35,-18.86
298,-0.04,0.18,0.96,-15.89,21.31,-20.29
299,-0.08,0.14,1.0,-14.64,24.63,-19.82
300,-0.15,0.11,1.03,-10.75,23.34,-18.97
301,-0.19,0.1,1.03,-5.79,21.19,-15.02
302,-0.2,0.1,1.03,-0.11,20.08,-9.92
303,-0.21,0.13,0.97,2.66,12.05,-10.21
304,-0.2,0.15,0.94,2.94,4.75,-10.66
305,-0.15,0.16,0.92,1.31,2.5,-9.28
306,-0.1,0.15,0.93,-1.24,5.86,-7.85
307,-0.05,0.14,0.92,-2.39,15.23,-6.21
308,-0.04,0.14,0.91,-4.07,22.21,-7.58
309,-0.06,0.12,0.93,-6.28,26.38,-11.24
310,-0.09,0.11,0.94,-7.53,26.4,-16.04
311,-0.18,0.11,0.98,-5.42,23.48,-17.73
312,-0.19,0.09,1.03,-1.11,22.3,-13.78
313,-0.19,0.1,0.99,1.8,21.15,-12.67
314,-0.21,0.11,0.95,2.62,14.15,-13.04
315,-0.21,0.11,0.96,3.53,7.73,-12.98
316,-0.21,0.11,0.95,5.61,1.18,-10.05
317,-0.19,0.14,0.92,5.76,-1.66,-7.26
318,-0.13,0.15,0.91,4.45,0.8,-5.86
319,-0.08,0.17,0.86,0.82,1.62,-8.06
320,-0.06,0.17,0.86,-3.89,5.31,-10.27
321,-0.11,0.18,0.86,-7.58,6.53,-12.45
322,-0.16,0.17,0.9,-9.79,4.76,-11.64
323,-0.16,0.17,0.9,-11.66,2.82,-12.01
324,-0.17,0.15,0.93,-11.74,-3.36,-11.69
325,-0.19,0.14,0.96,-9.76,-4.97,-9.63
326,-0.19,0.17,0.96,-9.0,-7.81,-8.86
327,-0.23,0.17,0.97,-8.52,-11.02,-6.28
328,-0.26,0.19,1.0,-6.62,-12.58,-1.66
329,-0.22,0.2,0.96,-6.12,-14.15,0.07
330,-0.2,0.21,0.93,-8.67,-15.06,2.88
331,-0.21,0.21,0.94,-12.73,-15.34,4.18
332,-0.16,0.19,0.95,-17.57,-12.51,4.61
333,-0.12,0.14,1.0,-18.44,-6.28,5.62
334,-0.14,0.11,1.03,-17.5,-0.34,6.79
335,-0.13,0.08,1.06,-14.47,1.46,5.94
336,-0.14,0.08,1.06,-9.73,-4.5,2.05
337,-0.14,0.08,1.09,-2.65,-7.64,2.61
338,-0.14,0.1,1.06,2.61,-9.57,2.69
339,-0.12,0.12,1.02,3.8,-11.65,1.65
340,-0.09,0.15,1.0,2.44,-10.16,-0.89
341,-0.08,0.15,1.01,3.35,-7.5,-1.59
342,-0.06,0.17,0.99,4.36,-7.44,-3.31
343,-0.06,0.19,0.99,5.4,-7.85,-8.44
344,-0.14,0.2,0.98,6.02,-10.7,-10.63
345,-0.18,0.21,0.95,5.18,-7.93,-7.98
346,-0.18,0.22,0.92,3.99,-6.98,-6.57
347,-0.2,0.21,0.91,3.08,-7.78,-4.9
348,-0.2,0.21,0.92,3.17,-8.22,-2.79
349,-0.17,0.21,0.91,3.52,-7.9,-0.19
350,-0.14,0.22,0.9,2.78,-4.4,1.0
351,-0.13,0.22,0.89,1.18,-3.14,0.37
352,-0.15,0.21,0.88,-0.9,-3.89,0.0
353,-0.15,0.21,0.87,-3.44,-1.89,0.83
354,-0.14,0.2,0.87,-6.52,0.06,0.02
355,-0.15,0.19,0.9,-8.22,0.35,0.09
356,-0.16,0.19,0.91,-9.15,2.09,0.89
357,-0.16,0.18,0.93,-8.89,-1.02,0.47
358,-0.14,0.19,0.94,-8.6,-6.11,-1.23
359,-0.13,0.18,0.95,-8.4,-8.51,-1.6
360,-0.1,0.17,0.96,-8.5,-7.56,-3.56
361,-0.11,0.16,0.97,-7.62,-7.47,-5.02
362,-0.14,0.16,0.99,-5.78,-5.47,-3.9
363,-0.15,0.18,0.99,-5.0,-3.23,-1.82
364,-0.13,0.18,0.99,-4.44,-3.04,-1.53
365,-0.1,0.19,1.0,-3.42,-3.07,-2.98
366,-0.12,0.19,1.01,-2.43,-3.52,-4.04
367,-0.11,0.18,1.02,-0.25,-4.24,-3.76
368,-0.12,0.19,1.01,0.53,-6.58,-5.21
369,-0.13,0.2,0.99,1.65,-5.01,-4.77
370,-0.13,0.19,0.97,1.86,-5.08,-5.08
371,-0.14,0.19,0.96,1.76,-5.29,-4.53
372,-0.14,0.19,0.95,1.15,-2.53,-2.67
373,-0.15,0.18,0.94,-0.16,-3.94,-2.22
374,-0.15,0.18,0.96,-1.29,-4.85,-2.56
375,-0.14,0.18,0.97,-1.88,-2.44,-0.24
376,-0.11,0.19,0.97,-2.31,0.41,0.83
377,-0.11,0.2,0.97,-2.88,1.08,-0.1
378,-0.12,0.2,0.97,-2.15,0.05,0.12
379,-0.13,0.2,0.96,-1.76,0.25,0.32
380,-0.13,0.2,0.96,-0.56,0.06,2.47
381,-0.12,0.2,0.94,-0.87,0.41,2.14
382,-0.1,0.21,0.94,-1.87,-2.45,-0.7
383,-0.09,0.21,0.94,-1.96,-5.52,-3.21
384,-0.09,0.21,0.96,-2.31,-4.85,-3.74
385,-0.08,0.2,0.95,-2.62,-0.93,-3.49
386,-0.08,0.21,0.93,-3.71,-0.11,-3.41
387,-0.07,0.21,0.93,-3.73,1.2,-2.93
388,-0.11,0.21,0.93,-4.36,3.55,-2.69
389,-0.12,0.2,0.93,-4.81,3.0,-3.45
390,-0.14,0.19,0.93,-4.76,2.37,-2.44
391,-0.14,0.2,0.91,-5.52,3.88,-1.31
392,-0.13,0.2,0.92,-7.31,4.5,-1.31
393,-0.12,0.2,0.94,-7.46,5.35,-0.86
394,-0.13,0.19,0.93,-8.17,6.28,-1.03
395,-0.13,0.19,0.92,-8.92,6.37,-1.03
396,-0.12,0.19,0.93,-9.6,6.96,-2.19
397,-0.15,0.19,0.94,-10.05,5.34,-3.7
398,-0.18,0.19,0.94,-10.11,2.6,-3.59
399,-0.19,0.18,0.96,-9.47,2.69,-1.69
400,-0.17,0.15,0.99,-7.04,-3.23,-1.24
