,accel_x,accel_y,accel_z,gyro_x,gyro_y,gyro_z
0,0.06,0.16,0.97,2.98,1.66,-2.44
1,0.04,0.17,0.97,2.09,2.14,-2.63
2,0.03,0.17,0.97,0.61,1.31,-2.36
3,0.02,0.17,0.99,0.12,-2.26,-1.78
4,0.04,0.16,0.97,1.12,-4.23,-0.53
5,0.04,0.17,0.98,0.83,-5.05,1.37
6,0.06,0.17,0.99,0.98,-3.56,1.17
7,0.07,0.16,1.0,2.57,-0.96,1.69
8,0.09,0.15,0.99,4.49,-1.35,1.79
9,0.09,0.16,0.97,4.59,0.16,-0.13
10,0.07,0.16,0.99,5.27,1.03,-2.09
11,0.05,0.17,1.0,5.48,-1.49,-3.92
12,0.05,0.17,0.97,5.43,-5.63,-4.63
13,0.07,0.17,0.97,6.55,-4.66,-3.51
14,0.06,0.19,0.96,4.44,-5.6,-4.08
15,0.08,0.19,0.95,3.3,-2.86,-4.23
16,0.07,0.18,0.94,1.93,0.63,-5.32
17,0.06,0.18,0.97,1.82,3.55,-5.6
18,0.03,0.18,0.97,1.26,2.18,-5.42
19,0.03,0.18,0.97,1.95,2.44,-3.74
20,0.02,0.19,0.97,2.22,-0.01,-1.85
21,0.04,0.19,0.95,2.07,-0.32,-0.4
22,0.04,0.19,0.95,1.26,0.72,-0.65
23,0.05,0.19,0.94,0.19,1.12,-0.87
24,0.05,0.19,0.96,-0.85,0.68,-1.56
25,0.05,0.2,0.96,-1.62,-0.32,-2.85
26,0.06,0.18,0.97,-1.31,-0.3,-3.63
27,0.05,0.19,0.98,-0.8,0.15,-3.62
28,0.05,0.19,0.96,-0.68,0.5,-4.42
29,0.05,0.19,0.97,-0.53,0.26,-3.95
30,0.05,0.2,0.95,-0.56,1.31,-3.95
31,0.05,0.19,0.95,-0.93,1.79,-3.82
32,0.05,0.2,0.94,-2.18,0.09,-3.98
33,0.06,0.2,0.95,-3.52,-0.14,-4.93
34,0.07,0.19,0.97,-2.86,-0.26,-3.98
35,0.06,0.19,0.98,-2.23,0.05,-3.73
36,0.06,0.2,0.95,-2.53,-1.07,-3.66
37,0.07,0.19,0.95,-2.67,-2.4,-3.61
38,0.05,0.19,0.97,-2.7,-2.06,-4.02
39,0.04,0.19,0.96,-2.79,-1.27,-4.23
40,0.04,0.19,0.95,-3.29,-3.25,-3.23
41,0.04,0.19,0.95,-3.85,-2.83,-3.65
42,0.04,0.19,0.96,-4.21,-1.7,-3.39
43,0.04,0.19,0.96,-4.64,-0.11,-3.31
44,0.06,0.18,0.94,-5.19,-1.19,-3.86
45,0.07,0.18,0.97,-4.57,0.17,-4.54
46,0.03,0.19,0.99,-3.78,0.28,-4.53
47,0.03,0.19,0.99,-3.24,0.41,-4.51
48,0.06,0.19,0.97,-2.22,-2.59,-3.48
49,0.05,0.18,0.98,-2.2,-1.16,-4.76
50,0.03,0.18,0.97,-2.25,1.23,-4.17
51,0.03,0.19,0.96,-2.98,1.75,-4.12
52,0.06,0.19,0.98,-3.37,1.15,-4.02
53,0.07,0.18,0.97,-2.69,0.53,-5.31
54,0.05,0.18,0.99,-2.62,0.15,-5.37
55,0.05,0.18,0.97,-2.67,0.82,-5.6
56,0.07,0.18,0.97,-3.07,-0.98,-5.02
57,0.04,0.19,0.98,-2.89,-2.9,-5.57
58,0.05,0.18,0.97,-3.01,-1.89,-5.56
59,0.05,0.18,0.98,-2.83,-1.24,-5.18
60,0.06,0.18,0.96,-2.86,-0.47,-5.31
61,0.04,0.19,0.95,-3.4,-0.53,-6.27
62,0.04,0.19,0.97,-2.69,-0.76,-5.66
63,0.04,0.19,0.97,-2.53,-0.43,-5.43
64,0.04,0.19,0.97,-2.34,1.69,-4.33
65,0.03,0.18,0.96,-2.55,1.33,-3.98
66,0.03,0.19,0.96,-2.62,1.91,-3.56
67,0.03,0.18,0.96,-2.82,1.54,-3.59
68,0.04,0.18,0.98,-2.67,2.5,-3.53
69,0.03,0.19,0.97,-2.82,3.69,-4.08
70,0.02,0.18,0.99,-1.96,3.23,-4.48
71,0.01,0.19,0.99,-1.5,3.79,-4.27
72,0.02,0.19,0.97,-1.69,3.63,-3.96
73,0.02,0.19,0.96,-1.76,3.09,-3.85
74,0.03,0.19,0.96,-2.04,1.85,-3.27
75,0.04,0.19,0.95,-2.31,2.85,-2.15
76,0.03,0.19,0.95,-2.34,1.46,-1.2
77,0.03,0.18,0.95,-2.72,0.56,-1.54
78,0.02,0.18,0.96,-3.08,-0.18,-2.02
79,0.03,0.19,0.97,-2.91,0.21,-2.16
80,0.04,0.19,0.97,-3.03,1.02,-2.43
81,0.03,0.19,0.97,-3.56,-0.35,-3.36
82,0.04,0.18,0.97,-3.73,-0.74,-3.9
83,0.03,0.2,0.98,-3.6,-0.17,-3.6
84,0.04,0.19,0.97,-3.1,0.53,-3.02
85,0.03,0.19,0.98,-3.38,2.37,-2.58
86,0.04,0.18,0.98,-3.38,3.12,-2.34
87,0.01,0.19,0.97,-3.02,3.48,-1.74
88,0.02,0.18,0.96,-3.21,4.42,-0.78
89,0.02,0.19,0.96,-3.72,4.39,-0.49
90,0.04,0.18,0.96,-4.18,4.74,-0.32
91,0.03,0.18,0.99,-3.88,4.18,-1.3
92,0.04,0.18,0.98,-3.45,3.29,-2.25
93,0.04,0.18,0.96,-3.84,4.36,-3.83
94,0.04,0.19,0.95,-5.24,6.22,-5.58
95,0.02,0.18,0.97,-4.98,0.97,-5.44
96,0.03,0.19,0.95,-6.07,-0.02,-5.78
97,0.01,0.19,0.96,-7.13,-1.38,-4.79
98,0.01,0.18,0.98,-7.7,-8.62,-4.66
99,0.04,0.17,0.97,-7.21,-7.5,-4.56
100,0.04,0.17,0.98,-5.6,-3.27,-4.11
101,0.04,0.16,0.99,-2.94,-2.19,-3.15
102,0.03,0.17,0.99,-0.85,1.18,-1.82
103,0.03,0.18,0.98,0.02,1.52,-1.9
104,0.04,0.18,0.96,-0.14,2.18,-2.03
105,0.03,0.19,0.96,-0.5,2.04,-1.92
106,0.03,0.19,0.96,-1.76,1.7,-2.18
107,0.03,0.19,0.95,-2.71,2.02,-2.91
108,0.02,0.19,0.95,-3.77,3.12,-2.77
109,0.02,0.18,0.96,-4.98,1.73,-3.4
110,0.02,0.18,0.98,-5.1,1.84,-3.26
111,0.03,0.18,0.97,-5.07,0.63,-3.21
112,0.04,0.18,0.97,-4.69,-0.73,-2.28
113,0.03,0.18,0.96,-5.14,-0.33,-2.71
114,0.02,0.18,0.97,-4.96,0.11,-1.96
115,0.02,0.17,0.97,-4.53,1.37,-1.21
116,0.01,0.17,0.98,-4.21,1.54,-1.69
117,0.03,0.18,0.97,-4.54,1.11,-2.24
118,0.03,0.17,0.97,-5.08,0.31,-3.68
119,0.03,0.17,0.98,-5.34,-0.58,-4.73
120,0.01,0.17,1.0,-4.99,-2.01,-4.73
121,0.04,0.16,0.99,-4.56,-1.0,-4.56
122,0.02,0.16,0.99,-4.77,0.14,-5.2
123,0.03,0.15,0.99,-4.86,1.95,-4.66
124,0.02,0.15,0.99,-4.52,3.42,-4.22
125,0.0,0.14,0.99,-4.89,4.9,-4.31
126,0.01,0.12,0.99,-4.25,5.21,-3.5
127,0.01,0.12,0.96,-5.35,4.45,-5.97
128,0.0,0.09,0.99,-5.19,4.69,-5.43
129,-0.0,0.07,0.98,-6.01,2.69,-6.19
130,0.02,0.04,0.98,-8.23,5.17,-7.13
131,-0.03,0.02,1.04,-8.42,0.04,-3.86
132,0.03,-0.03,1.08,-6.43,0.85,-2.44
133,0.06,-0.04,1.05,-5.7,4.22,-4.24
134,-0.01,-0.06,1.08,-5.11,-1.39,-6.81
135,-0.03,-0.09,1.08,-4.21,-4.53,-7.57
136,-0.05,-0.12,1.03,-5.46,-7.37,-9.71
137,-0.08,-0.19,1.04,-3.81,-7.96,-6.3
138,-0.13,-0.28,1.01,-0.69,7.24,0.47
139,-0.32,-0.3,1.03,-4.49,7.97,12.53
140,-0.41,-0.4,1.03,-1.15,13.88,23.85
141,-0.38,-0.46,1.02,0.58,4.04,44.34
142,-0.21,-0.57,1.01,3.27,-11.94,58.61
143,0.19,-0.65,1.07,-0.48,-23.53,52.62
144,0.33,-0.68,1.16,7.85,-8.58,33.11
145,0.25,-0.67,1.27,39.05,-3.11,31.86
146,0.12,-0.57,1.11,26.36,-12.45,30.72
147,0.01,-0.46,1.06,41.6,-23.84,28.89
148,-0.22,-0.32,0.94,29.03,-46.43,45.37
149,-0.1,-0.3,0.88,30.01,-51.92,56.68
150,-0.06,-0.25,0.88,21.81,-36.81,57.74
151,-0.07,-0.2,0.82,13.89,-8.44,62.95
152,-0.13,-0.1,0.77,-0.54,8.56,63.8
153,-0.21,-0.0,0.7,-13.18,8.96,63.18
154,-0.23,0.07,0.7,-29.31,5.28,64.27
155,-0.11,0.11,0.68,-35.96,0.78,61.97
156,0.05,0.11,0.79,-53.12,-3.31,60.16
157,0.17,0.15,0.8,-57.34,-8.9,50.76
158,0.22,0.17,0.84,-62.11,-8.76,44.92
159,0.33,0.21,0.78,-58.57,17.6,42.51
160,0.32,0.35,0.61,-68.01,26.67,35.05
161,0.28,0.44,0.58,-79.56,41.8,25.94
162,0.26,0.48,0.6,-100.18,64.5,19.19
163,0.32,0.48,0.61,-114.24,85.67,8.89
164,0.29,0.42,0.7,-120.49,101.86,-2.69
165,0.19,0.38,0.85,-120.26,119.23,-9.25
166,0.1,0.42,0.93,-113.31,128.89,-13.21
167,0.0,0.5,1.03,-108.92,100.79,-22.98
168,-0.01,0.55,1.23,-110.11,66.47,-22.52
169,0.1,0.57,1.49,-94.15,25.44,-25.15
170,0.31,0.55,1.76,-76.82,-10.31,-30.09
171,0.45,0.54,1.89,-46.66,-36.44,-34.54
172,0.53,0.58,1.83,-19.37,-37.27,-37.79
173,0.52,0.67,1.63,-0.97,-24.27,-42.42
174,0.49,0.69,1.46,9.86,-2.57,-47.3
175,0.37,0.72,1.31,17.21,15.5,-52.87
176,0.2,0.71,1.22,21.86,31.85,-52.26
177,0.0,0.72,1.16,21.54,38.97,-49.76
178,-0.18,0.71,1.11,20.9,38.17,-43.24
179,-0.26,0.62,1.13,22.37,26.6,-36.22
180,-0.3,0.53,1.15,28.54,17.03,-28.9
181,-0.28,0.45,1.14,32.89,11.06,-21.95
182,-0.27,0.39,1.1,40.27,-2.53,-13.79
183,-0.32,0.4,0.97,40.84,-16.68,-3.88
184,-0.32,0.44,0.88,36.07,-24.29,5.37
185,-0.23,0.44,0.88,25.17,-31.48,15.61
186,-0.16,0.41,0.92,16.64,-35.72,20.61
187,-0.07,0.37,0.97,10.34,-31.9,22.62
188,-0.02,0.33,0.95,4.59,-24.55,23.52
189,-0.05,0.29,0.95,-2.35,-26.83,21.93
190,-0.12,0.24,0.95,-3.7,-20.56,21.96
191,-0.18,0.22,0.91,-8.11,-20.8,23.42
192,-0.23,0.17,0.83,-17.95,-25.67,27.97
193,-0.2,0.13,0.98,-8.53,-36.57,33.33
194,-0.11,0.07,1.15,9.44,-43.01,37.26
195,0.01,0.06,1.22,29.66,-34.43,40.21
196,0.07,0.09,1.16,45.56,-29.63,37.72
197,0.09,0.11,1.09,50.93,-27.29,35.39
198,0.12,0.15,1.0,54.02,-40.18,27.69
199,0.18,0.17,0.89,51.82,-46.01,22.62
200,0.21,0.21,0.8,41.89,-44.77,16.29
201,0.18,0.21,0.79,29.86,-45.62,12.85
202,0.24,0.13,0.93,17.91,-40.6,11.08
203,0.23,0.02,1.14,18.86,-21.38,6.9
204,0.18,-0.04,1.28,33.68,-5.12,9.56
205,0.1,-0.04,1.23,51.02,-0.24,7.37
206,0.03,0.01,1.08,57.69,-13.63,1.66
207,-0.05,0.06,0.95,57.02,-32.89,-0.92
208,-0.05,0.09,0.92,46.2,-47.42,-2.37
209,0.06,0.09,0.9,37.25,-41.74,-2.36
210,0.11,0.14,0.87,25.47,-33.98,-3.48
211,0.11,0.16,0.85,12.28,-23.37,-5.14
212,0.07,0.14,1.0,7.9,-8.19,-1.86
213,0.18,0.04,1.09,10.5,-1.32,-1.5
214,0.19,0.01,1.11,16.69,8.25,-6.42
215,0.13,-0.0,1.16,26.08,13.79,-5.87
216,0.14,-0.0,1.11,34.95,9.1,-4.33
217,0.1,0.05,1.02,35.56,-3.34,-9.58
218,0.08,0.1,1.0,34.74,-16.45,-10.52
219,0.16,0.1,0.93,31.42,-17.6,-11.61
220,0.17,0.13,0.9,24.09,-11.79,-13.13
221,0.17,0.13,0.89,17.76,-3.71,-16.48
222,0.13,0.11,0.89,12.53,0.38,-20.2
223,0.06,0.09,0.96,9.42,3.58,-19.16
224,0.07,0.06,1.03,9.03,3.31,-19.25
225,0.12,0.05,0.97,8.05,1.55,-21.59
226,0.11,0.05,1.01,8.27,-1.78,-22.04
227,0.11,0.05,0.99,10.41,8.85,-20.39
228,0.09,0.1,0.97,10.22,16.97,-19.79
229,0.08,0.1,0.94,10.15,17.6,-16.0
230,0.07,0.13,0.87,6.6,6.95,-17.44
231,0.07,0.17,0.81,-0.34,3.34,-19.27
232,0.07,0.16,0.79,-7.7,5.47,-19.28
233,0.07,0.14,0.83,-11.67,11.96,-17.06
234,0.08,0.11,0.94,-11.86,20.8,-12.85
235,0.15,0.08,0.96,-9.67,27.89,-11.47
236,0.21,0.07,0.93,-6.96,33.32,-16.74
237,0.2,0.07,0.95,-3.63,34.63,-23.68
238,0.18,0.08,0.91,-1.3,25.37,-31.76
239,0.16,0.11,0.85,-2.56,18.18,-38.85
240,0.11,0.14,0.8,-8.5,13.4,-44.28
241,0.07,0.15,0.76,-17.4,14.58,-43.02
242,0.03,0.19,0.75,-29.54,19.86,-39.11
243,-0.01,0.18,0.77,-40.19,16.5,-35.91
244,-0.03,0.17,0.78,-44.89,34.14,-28.01
245,0.0,0.07,0.93,-45.5,49.83,-22.21
246,-0.01,0.02,1.05,-35.47,63.42,-14.47
247,0.06,-0.04,1.1,-24.47,79.98,-9.67
248,0.03,-0.03,1.07,-11.73,82.41,-15.85
249,-0.05,0.02,1.01,-0.8,69.87,-22.89
250,-0.1,0.06,0.95,3.61,50.38,-27.73
251,-0.15,0.07,0.88,4.99,31.43,-27.85
252,-0.19,0.12,0.82,0.97,22.87,-27.38
253,-0.21,0.14,0.8,-5.71,16.85,-18.25
254,-0.22,0.14,0.8,-11.84,16.17,-8.22
255,-0.18,0.11,0.84,-15.04,23.6,0.92
256,-0.16,0.06,0.94,-17.41,35.05,8.11
257,-0.06,0.0,1.03,-13.66,46.28,7.9
258,-0.02,-0.02,1.05,-6.08,45.44,-2.69
259,-0.09,-0.02,1.07,1.56,31.11,-17.39
260,-0.18,0.0,1.08,8.31,15.7,-24.26
261,-0.24,0.03,1.02,10.28,-6.68,-28.17
262,-0.24,0.05,0.98,9.66,-22.03,-28.53
263,-0.18,0.06,0.96,8.72,-27.59,-27.66
264,-0.16,0.07,0.93,8.53,-18.17,-23.47
265,-0.17,0.08,0.93,6.24,-11.08,-19.13
266,-0.15,0.09,0.94,5.76,-0.53,-12.89
267,-0.13,0.11,0.92,3.93,7.03,-6.22
268,-0.07,0.11,0.91,1.97,15.27,-5.09
269,-0.07,0.1,0.93,1.34,13.26,-4.8
270,-0.04,0.11,0.96,1.26,10.25,-8.77
271,-0.08,0.14,0.97,2.89,0.96,-14.35
272,-0.1,0.15,0.99,6.6,-5.53,-17.95
273,-0.18,0.18,0.98,8.02,-14.08,-18.24
274,-0.2,0.19,0.95,7.11,-15.66,-17.85
275,-0.26,0.22,0.93,4.24,-17.46,-15.3
276,-0.26,0.23,0.92,0.79,-18.67,-8.85
277,-0.22,0.23,0.92,-4.83,-18.3,-3.73
278,-0.13,0.21,0.93,-9.89,-16.33,-1.26
279,-0.08,0.19,0.97,-12.73,-8.25,-0.7
280,-0.08,0.16,1.03,-12.37,-9.4,-1.77
281,-0.05,0.11,1.08,-8.62,-10.24,-2.44
282,-0.05,0.1,1.09,-4.65,-9.19,-5.48
283,-0.05,0.09,1.09,-0.76,-13.52,-7.58
284,-0.06,0.09,1.08,2.77,-15.29,-8.47
285,-0.05,0.08,1.06,5.69,-13.86,-9.44
286,-0.07,0.09,1.04,7.56,-10.99,-11.6
287,-0.1,0.12,1.03,8.85,-8.98,-11.84
288,-0.1,0.16,0.99,9.08,-8.02,-11.56
289,-0.12,0.19,0.94,7.24,-6.73,-10.73
290,-0.11,0.21,0.94,5.27,-7.3,-10.63
291,-0.08,0.21,0.91,-0.01,-7.72,-12.53
292,-0.05,0.2,0.92,-3.04,-6.33,-11.75
293,-0.08,0.19,0.97,-3.73,-8.06,-10.61
294,-0.08,0.17,0.99,-1.5,-12.89,-8.24
295,-0.07,0.16,1.0,0.89,-11.61,-6.81
296,-0.07,0.17,1.0,3.08,-10.83,-6.37
297,-0.09,0.17,0.98,5.48,-7.81,-5.61
298,-0.11,0.17,0.98,7.84,-5.24,-5.83
299,-0.12,0.17,0.95,8.31,-3.75,-5.85
300,-0.13,0.18,0.9,6.3,-5.39,-7.53
301,-0.14,0.19,0.87,2.41,-7.31,-8.43
302,-0.13,0.19,0.87,-3.24,-11.19,-9.4
303,-0.1,0.19,0.88,-7.7,-14.5,-12.16
304,-0.13,0.18,0.93,-9.95,-17.91,-13.35
305,-0.11,0.17,0.98,-8.34,-17.18,-10.64
306,-0.11,0.17,0.96,-7.24,-14.21,-8.02
307,-0.09,0.17,0.99,-4.79,-8.67,-4.5
308,-0.08,0.16,0.97,-3.27,-4.51,-3.12
309,-0.1,0.18,0.94,-4.47,-3.34,-2.02
310,-0.08,0.18,0.92,-7.27,-3.66,-0.88
311,-0.05,0.17,0.94,-9.48,-4.21,-1.58
312,-0.03,0.16,0.95,-9.31,-2.47,-1.38
313,-0.04,0.15,0.96,-9.22,-2.29,-4.46
314,-0.06,0.16,0.97,-9.18,-3.49,-6.19
315,-0.1,0.17,0.97,-9.01,-3.96,-6.44
316,-0.09,0.18,0.95,-10.01,-7.12,-5.72
317,-0.09,0.19,0.95,-10.71,-11.93,-5.13
318,-0.08,0.19,0.98,-10.92,-20.08,-4.94
319,-0.04,0.18,0.97,-11.05,-19.7,-3.44
320,-0.02,0.17,0.99,-11.72,-18.79,-4.05
321,-0.0,0.17,1.0,-11.88,-18.65,-3.54
322,-0.01,0.16,1.01,-12.37,-20.0,-4.16
323,0.01,0.14,1.03,-11.56,-19.35,-4.18
324,0.02,0.12,1.05,-9.66,-14.28,-1.95
325,0.0,0.12,1.06,-6.33,-8.45,-1.42
326,-0.01,0.12,1.06,-3.17,-5.37,-0.55
327,-0.01,0.12,1.06,0.42,-2.48,-0.5
328,-0.0,0.13,1.05,2.85,-1.64,-2.08
329,-0.03,0.14,1.03,3.64,-1.2,-2.17
330,-0.02,0.14,1.0,3.72,-5.73,-3.33
331,-0.02,0.15,0.98,4.3,-8.66,-4.39
332,-0.02,0.16,0.96,3.59,-13.69,-3.77
333,-0.01,0.16,0.96,3.71,-14.06,-2.51
334,-0.01,0.17,0.95,2.67,-15.31,-2.63
335,-0.01,0.17,0.94,1.31,-14.07,-3.14
336,0.02,0.17,0.94,-0.58,-12.93,-3.6
337,-0.0,0.19,0.94,-1.35,-5.02,-1.66
338,0.01,0.17,0.95,-2.12,0.69,-0.07
339,0.0,0.17,0.94,-3.16,4.57,-0.27
340,-0.02,0.17,0.94,-4.16,3.05,-0.74
341,-0.04,0.16,0.96,-3.91,1.49,-0.26
342,-0.05,0.17,0.98,-3.66,-3.18,-0.2
343,-0.04,0.16,0.98,-2.79,-2.16,0.31
344,-0.04,0.17,0.98,-2.55,-1.53,2.11
345,0.0,0.17,0.96,-3.04,-1.92,1.89
346,0.01,0.17,0.97,-2.33,-2.85,-0.56
347,0.0,0.18,0.97,-2.92,-3.22,-1.75
348,0.0,0.18,0.97,-3.32,-4.5,-0.95
349,0.02,0.19,0.95,-4.05,-5.37,-2.5
350,0.01,0.17,0.96,-5.36,-4.95,-1.95
351,0.0,0.17,0.96,-5.92,-2.24,-2.72
352,0.0,0.17,0.96,-5.68,-1.74,-1.17
353,0.0,0.16,0.97,-5.53,0.03,-1.98
354,-0.01,0.16,0.95,-6.06,0.66,-2.75
355,-0.03,0.17,0.96,-7.38,1.69,-2.59
356,-0.01,0.17,0.96,-7.53,-1.7,-1.25
357,-0.01,0.16,0.96,-7.47,-0.27,-1.02
358,-0.01,0.16,0.97,-7.53,1.45,-1.94
359,-0.03,0.17,0.97,-7.52,2.52,-1.89
360,-0.01,0.17,0.98,-7.45,0.32,0.14
361,0.02,0.16,0.98,-6.45,-1.1,-0.95
362,0.0,0.16,0.98,-5.91,-1.08,-1.92
363,-0.0,0.15,0.98,-5.78,0.05,-1.95
364,-0.01,0.16,0.98,-6.35,-1.24,-1.95
365,0.01,0.14,0.97,-6.39,-4.63,0.83
366,-0.02,0.14,0.97,-6.1,-5.97,0.21
367,-0.03,0.14,0.97,-6.53,-4.31,-0.69
368,-0.04,0.14,0.96,-7.42,-0.26,-0.66
369,-0.05,0.15,0.97,-8.8,-0.95,-0.79
370,-0.03,0.14,0.99,-7.8,-7.08,2.01
371,-0.04,0.14,0.99,-5.83,-11.11,3.05
372,-0.04,0.16,0.97,-7.47,-5.45,3.56
373,-0.03,0.13,0.95,-7.76,-4.85,4.93
374,-0.03,0.14,0.99,-6.92,-8.98,5.15
375,-0.0,0.14,1.0,-5.33,-6.42,6.48
376,-0.01,0.13,1.0,-3.93,-4.82,6.28
377,-0.01,0.14,0.98,-4.83,-2.43,4.86
378,-0.02,0.15,0.97,-6.4,0.6,4.44
379,0.01,0.14,0.99,-6.08,-4.35,6.79
380,0.03,0.14,0.99,-5.84,-5.82,5.25
381,0.02,0.13,0.98,-5.01,-7.35,2.97
382,0.02,0.14,0.97,-5.96,0.64,2.89
383,0.02,0.13,1.0,-5.86,0.38,2.5
384,0.03,0.13,1.0,-5.53,-4.73,-0.17
385,0.03,0.13,1.01,-4.12,-3.24,-1.95
386,0.02,0.13,1.01,-2.59,-4.04,-1.94
387,0.03,0.12,1.0,-0.79,-2.5,-0.39
388,0.01,0.13,0.99,-0.5,-3.09,-1.55
389,-0.01,0.13,1.0,-0.18,-7.17,-1.53
390,-0.0,0.14,0.98,-0.69,-6.89,-1.55
391,0.01,0.13,0.99,-0.38,-5.32,-1.38
392,0.0,0.14,0.99,-0.85,-6.42,-1.91
393,0.0,0.15,0.99,-0.6,-6.79,-0.18
394,0.01,0.14,0.98,-0.65,-9.05,0.18
395,0.04,0.14,0.97,-0.6,-5.24,1.16
396,0.04,0.14,0.98,-1.1,-5.08,0.35
397,0.05,0.13,1.0,0.53,-7.61,-1.23
398,0.06,0.13,0.98,0.8,-5.13,-2.82
399,0.04,0.14,0.97,-0.15,-1.6,-5.85
