,accel_x,accel_y,accel_z,gyro_x,gyro_y,gyro_z
0,-0.12,0.07,0.94,1.4,-35.89,10.57
1,-0.11,0.05,0.93,1.66,-36.72,10.43
2,-0.1,0.05,0.95,-1.47,-35.43,8.88
3,-0.08,0.07,0.97,-9.23,-33.79,8.78
4,-0.06,0.07,1.03,-8.27,-26.51,11.85
5,-0.06,0.06,1.0,-9.87,-22.56,13.73
6,-0.03,0.06,1.03,-10.26,-18.44,14.18
7,-0.03,0.04,1.03,-12.16,-16.71,10.12
8,-0.04,0.0,1.07,-9.73,-17.65,5.85
9,-0.02,-0.02,1.09,-8.25,-14.42,2.95
10,-0.01,-0.01,1.12,-6.5,-10.24,1.04
11,0.01,-0.02,1.12,-2.73,-5.35,1.49
12,-0.02,-0.02,1.09,-0.71,-0.64,1.65
13,-0.04,-0.01,1.06,1.58,2.15,2.44
14,-0.06,0.0,1.02,2.51,0.11,0.52
15,-0.06,0.03,1.0,3.85,-0.8,0.79
16,-0.08,0.03,0.96,2.6,-0.92,-1.79
17,-0.1,0.03,0.95,1.24,-0.77,-1.46
18,-0.07,0.04,0.95,0.07,-0.1,2.28
19,-0.09,0.04,0.96,-0.67,-0.02,3.19
20,-0.08,0.06,0.97,-1.69,1.72,2.68
21,-0.1,-0.01,0.93,-4.18,-1.31,4.72
22,-0.09,0.03,0.96,-1.8,-1.63,1.61
23,-0.09,0.04,0.99,-2.89,-1.36,3.06
24,-0.07,0.05,1.0,-4.22,0.34,3.32
25,-0.07,0.04,0.99,-3.53,1.57,3.48
26,-0.07,0.05,1.03,-3.3,-0.93,1.31
27,-0.06,0.06,1.05,-1.76,-3.18,-0.62
28,-0.06,0.06,1.04,1.24,-3.42,0.56
29,-0.05,0.07,1.01,1.91,0.51,2.69
30,-0.07,0.08,0.99,1.27,2.13,5.04
31,-0.06,0.09,0.98,-0.69,2.39,4.09
32,-0.06,0.09,0.96,-2.95,4.01,4.27
33,-0.06,0.11,0.97,-6.75,7.23,2.41
34,-0.04,0.11,0.96,-11.23,7.58,2.33
35,-0.11,0.09,0.97,-9.87,3.31,1.38
36,-0.08,0.1,0.98,-12.63,3.89,-2.58
37,-0.12,0.07,0.98,-13.63,6.75,-2.99
38,-0.11,0.05,1.0,-11.85,8.92,-4.65
39,-0.06,0.04,0.96,-9.64,11.33,-0.31
40,-0.08,0.05,0.98,-8.92,9.48,-1.02
41,-0.08,0.06,0.98,-10.2,4.82,-3.21
42,-0.06,0.04,0.9,-4.69,6.44,-0.28
43,-0.05,0.08,0.94,-9.64,3.43,0.9
44,-0.08,0.07,0.9,-12.25,3.08,1.54
45,-0.07,0.06,0.9,-15.94,0.49,1.21
46,-0.07,0.07,0.94,-18.29,3.28,3.89
47,-0.1,0.04,0.98,-18.15,6.79,0.75
48,-0.07,0.02,1.02,-17.63,5.61,-0.05
49,-0.08,0.0,0.99,-12.82,1.25,5.58
50,-0.07,0.01,0.98,-12.46,-0.02,8.59
51,-0.11,0.01,0.99,-12.98,-2.45,8.31
52,-0.12,-0.01,0.99,-12.79,-6.9,9.66
53,-0.1,0.01,0.97,-13.18,-9.06,11.78
54,-0.1,0.01,1.0,-13.98,-10.09,12.31
55,-0.09,0.0,1.0,-12.98,-10.09,13.38
56,-0.09,0.01,1.01,-11.69,-7.4,13.11
57,-0.07,0.02,1.01,-10.95,-6.53,11.69
58,-0.07,0.01,1.01,-8.87,-4.65,11.51
59,-0.08,0.02,1.0,-7.11,-3.24,11.72
60,-0.07,0.02,0.97,-7.38,-4.5,11.68
61,-0.07,0.03,0.97,-7.03,-6.09,10.38
62,-0.05,0.03,0.99,-5.74,-4.27,11.01
63,-0.06,0.02,0.96,-5.28,-8.05,8.78
64,-0.05,0.01,0.97,-5.77,-10.22,5.16
65,-0.05,0.01,0.98,-5.58,-12.59,2.03
66,-0.04,0.01,0.99,-5.11,-19.76,-0.41
67,-0.04,0.01,0.99,-5.25,-22.52,0.07
68,-0.04,0.02,0.98,-7.09,-24.02,-0.37
69,-0.04,0.02,0.97,-8.19,-21.4,2.24
70,-0.05,0.01,0.97,-10.07,-18.5,3.65
71,-0.05,-0.01,0.99,-10.73,-16.24,6.11
72,-0.03,-0.01,1.0,-10.34,-17.78,6.9
73,-0.04,0.0,1.04,-8.91,-28.0,8.16
74,-0.05,-0.0,0.99,-3.85,-39.73,4.84
75,-0.05,0.03,0.95,-1.04,-46.54,4.8
76,0.01,0.04,0.91,-3.11,-44.46,2.73
77,0.05,0.03,0.92,-9.44,-25.18,0.89
78,-0.04,0.02,0.93,-13.76,-20.73,-0.53
79,-0.04,0.0,0.93,-15.66,-23.57,-6.24
80,0.01,0.01,0.95,-16.85,-19.64,-3.63
81,0.02,-0.01,0.96,-17.68,-15.08,-3.79
82,0.01,-0.02,0.99,-18.74,-16.27,-4.88
83,0.03,-0.02,0.99,-18.73,-15.09,-6.47
84,0.02,-0.01,1.0,-18.08,-13.08,-6.23
85,0.02,-0.03,1.03,-17.51,-13.05,-5.22
86,0.0,-0.03,1.02,-16.35,-13.78,-5.22
87,0.0,-0.03,1.02,-15.18,-13.63,-5.11
88,0.01,-0.02,1.01,-15.55,-13.18,-4.41
89,0.01,-0.02,1.0,-15.5,-12.54,-3.46
90,0.01,-0.02,1.0,-16.32,-14.37,-0.7
91,-0.01,-0.02,0.99,-18.55,-13.93,-0.49
92,-0.02,-0.01,1.0,-20.37,-12.99,1.02
93,-0.02,-0.02,1.0,-20.15,-14.63,1.84
94,0.01,-0.03,1.02,-21.02,-16.07,1.82
95,0.04,-0.03,1.04,-20.43,-17.18,-0.31
96,0.07,-0.03,1.04,-18.37,-18.43,-0.33
97,0.07,-0.01,1.03,-17.65,-18.98,-1.4
98,0.08,-0.0,1.02,-19.07,-17.11,-3.32
99,0.08,-0.01,1.04,-20.26,-14.02,-5.86
100,0.07,-0.02,1.05,-17.99,-13.02,-5.63
101,0.07,-0.02,1.05,-16.5,-13.31,-5.98
102,0.09,-0.01,1.02,-17.77,-22.13,-6.94
103,0.08,-0.0,1.02,-18.2,-27.05,-5.37
104,0.05,-0.01,1.01,-19.33,-32.66,-1.85
105,0.01,0.02,0.98,-22.33,-26.24,-4.77
106,0.03,-0.0,0.96,-23.83,-24.3,-3.66
107,-0.03,-0.01,0.91,-36.09,-40.41,-6.89
108,0.01,-0.04,1.03,-26.07,-35.63,-10.46
109,0.06,-0.04,1.01,-25.42,-26.78,-3.8
110,0.08,-0.07,1.06,-22.85,-21.65,-5.18
111,0.09,-0.08,1.08,-17.6,-14.21,-3.15
112,0.1,-0.12,1.07,-12.03,-8.91,-1.43
113,0.09,-0.13,1.07,-6.89,-7.41,-2.65
114,0.09,-0.13,1.06,-3.23,-8.69,-4.79
115,0.08,-0.12,1.04,-0.25,-7.82,-6.54
116,0.08,-0.1,1.03,2.22,-6.74,-7.37
117,0.09,-0.08,1.0,3.05,-5.97,-7.4
118,0.08,-0.05,0.97,3.17,-3.51,-7.07
119,0.07,-0.03,0.95,2.93,-0.33,-5.18
120,0.06,-0.03,0.94,1.44,4.54,-6.15
121,0.05,-0.01,0.96,1.76,11.2,-1.43
122,0.07,-0.01,0.95,2.98,18.61,2.51
123,0.1,0.02,0.95,2.98,24.21,2.95
124,0.09,0.02,0.97,3.34,25.24,-0.76
125,0.13,0.01,0.98,7.49,25.24,-2.05
126,0.13,-0.01,0.98,11.24,21.99,-6.46
127,0.12,-0.0,0.98,10.2,12.52,-15.18
128,0.12,-0.02,1.02,9.09,5.28,-25.54
129,0.12,-0.05,1.07,11.78,2.96,-26.47
130,0.12,-0.05,1.07,11.82,5.03,-25.06
131,0.11,-0.05,1.07,12.49,12.97,-21.73
132,0.09,-0.05,1.06,12.41,22.91,-15.53
133,0.06,-0.03,1.01,12.06,29.92,-12.53
134,0.03,-0.03,0.98,12.46,34.15,-8.95
135,0.01,-0.01,0.9,12.34,36.6,-4.82
136,-0.01,0.02,0.81,7.85,33.11,-4.73
137,-0.03,0.04,0.76,-0.38,27.4,-4.28
138,-0.02,0.03,0.69,-9.65,23.96,-0.64
139,-0.06,0.02,0.63,-25.77,14.64,-0.95
140,-0.07,-0.04,0.69,-39.3,-0.44,-4.13
141,-0.05,-0.11,0.74,-52.75,-14.6,-11.82
142,-0.01,-0.18,0.84,-59.66,-25.8,-13.6
143,-0.02,-0.26,0.96,-59.66,-32.59,-15.46
144,0.01,-0.3,1.09,-55.62,-38.33,-12.53
145,0.05,-0.3,1.14,-47.53,-33.67,-8.89
146,0.09,-0.3,1.19,-36.45,-23.55,-4.11
147,0.1,-0.28,1.22,-23.14,-14.69,1.45
148,0.13,-0.22,1.15,-11.08,-6.58,7.39
149,0.13,-0.16,1.03,-5.03,3.18,9.02
150,0.09,-0.11,0.95,-5.38,4.92,4.0
151,0.1,-0.07,0.91,-6.15,4.38,3.06
152,0.11,-0.03,0.87,-7.39,10.43,6.27
153,0.13,0.02,0.84,-20.56,2.83,3.99
154,0.04,-0.01,0.83,-19.98,-0.01,-1.96
155,0.08,-0.02,0.85,-26.53,-3.76,-5.8
156,0.07,-0.06,0.89,-30.6,-5.31,-6.15
157,0.05,-0.11,0.95,-33.65,-10.37,-9.15
158,0.07,-0.15,0.98,-33.91,-10.62,-7.45
159,0.06,-0.16,1.02,-33.46,-16.23,-10.99
160,0.08,-0.18,1.06,-31.21,-21.39,-13.79
161,0.1,-0.15,1.05,-27.73,-22.5,-15.76
162,0.15,-0.11,1.06,-26.54,-21.68,-15.05
163,0.13,-0.09,1.02,-26.62,-16.39,-12.68
164,0.16,-0.05,1.0,-26.56,-12.97,-7.58
165,0.2,-0.02,0.94,-25.24,-9.94,-5.52
166,0.21,-0.06,0.83,-31.11,-7.72,-7.28
167,0.18,-0.17,0.85,-30.96,-13.2,-6.94
168,0.11,-0.28,0.91,-41.43,-30.35,-18.46
169,0.1,-0.42,1.05,-46.9,-43.82,-26.5
170,0.13,-0.5,1.18,-44.79,-47.08,-27.81
171,0.19,-0.59,1.27,-31.98,-37.7,-19.29
172,0.17,-0.65,1.25,-17.57,-26.77,-13.87
173,0.12,-0.67,1.22,-7.15,-21.77,-10.32
174,0.06,-0.71,1.19,1.76,-21.76,-5.61
175,0.1,-0.73,1.16,10.18,-15.01,5.95
176,0.21,-0.7,1.1,14.2,-3.27,15.75
177,0.38,-0.69,1.06,17.24,11.13,20.31
178,0.5,-0.69,1.0,22.73,23.37,19.12
179,0.53,-0.72,0.95,29.3,21.79,7.99
180,0.49,-0.76,0.92,34.56,15.3,-2.6
181,0.46,-0.78,0.91,36.07,14.33,-11.21
182,0.44,-0.82,0.92,40.01,19.84,-14.27
183,0.36,-0.92,0.9,46.18,22.16,-14.0
184,0.29,-1.05,0.87,56.62,19.02,-12.31
185,0.18,-1.25,0.9,64.56,6.82,-18.81
186,0.1,-1.51,0.97,78.8,-3.51,-16.47
187,0.08,-1.78,1.07,90.02,-11.25,-0.85
188,0.15,-2.0,1.09,101.21,-5.0,22.57
189,0.18,-2.0,1.06,97.89,0.08,37.98
190,0.1,-2.0,1.17,83.0,20.21,52.6
191,-0.01,-2.0,1.32,74.18,51.47,78.17
192,-0.06,-2.0,1.63,73.42,58.47,97.84
193,0.05,-2.0,1.66,94.56,79.63,137.53
194,0.14,-2.0,1.4,137.58,113.01,178.4
195,0.15,-2.0,1.15,157.42,120.8,191.49
196,0.23,-1.43,0.97,165.76,128.05,205.27
197,0.16,-0.72,0.86,179.27,107.29,194.27
198,-0.0,0.01,0.81,200.98,56.23,153.74
199,0.04,0.8,0.59,211.6,16.97,122.73
200,0.2,1.46,0.42,187.15,8.37,89.05
201,0.45,1.85,0.63,186.12,29.42,84.27
202,0.87,2.0,0.6,191.24,95.02,125.92
203,1.18,2.0,0.44,178.05,179.34,148.44
204,1.2,2.0,0.43,157.29,241.89,152.92
205,1.16,2.0,0.38,182.52,250.13,174.06
206,1.26,2.0,-0.3,236.21,250.13,247.95
207,1.24,2.0,-1.35,226.52,250.13,250.13
208,1.0,2.0,-2.0,171.69,250.13,250.13
209,1.23,2.0,-2.0,64.81,78.11,105.85
210,1.65,2.0,-1.75,-20.76,-23.59,-31.6
211,1.52,2.0,-1.06,-73.66,-103.83,-134.88
212,1.23,1.51,-0.38,-92.97,-172.58,-196.01
213,0.87,0.95,0.18,-93.87,-196.74,-216.18
214,0.55,0.61,0.66,-85.6,-203.24,-233.72
215,0.39,0.37,1.03,-83.89,-169.34,-218.62
216,0.2,0.21,1.15,-100.69,-106.14,-186.31
217,0.04,0.02,1.34,-84.83,-64.29,-152.4
218,-0.21,0.12,1.36,-64.34,-37.76,-129.08
219,-0.25,0.06,1.3,-36.91,-30.18,-113.61
220,-0.36,0.21,1.19,-50.31,1.52,-107.27
221,-0.44,0.21,1.13,-47.39,26.47,-88.46
222,-0.45,0.27,1.01,-43.51,49.94,-68.66
223,-0.44,0.35,0.94,-36.21,67.25,-45.53
224,-0.5,0.46,0.84,-33.68,59.29,-41.5
225,-0.49,0.49,0.78,-30.92,32.69,-53.6
226,-0.46,0.54,0.78,-27.36,-0.66,-69.94
227,-0.46,0.55,0.8,-18.46,-30.44,-83.05
228,-0.44,0.51,0.86,-13.09,-43.37,-86.12
229,-0.37,0.45,0.89,-9.69,-43.24,-80.98
230,-0.35,0.38,0.95,-9.84,-33.98,-69.8
231,-0.31,0.31,0.95,-15.92,-15.69,-60.73
232,-0.34,0.23,0.94,-25.45,-4.76,-52.6
233,-0.36,0.17,1.01,-24.01,0.47,-40.83
234,-0.33,0.13,1.01,-17.76,0.6,-29.86
235,-0.26,0.14,0.94,-6.37,-3.62,-22.99
236,-0.22,0.19,0.92,2.73,-16.92,-30.06
237,-0.12,0.23,0.81,7.42,-22.24,-36.24
238,-0.13,0.22,0.73,6.66,-18.1,-36.76
239,-0.18,0.18,0.64,-4.44,-22.41,-45.71
240,-0.2,0.1,0.66,-18.08,-35.63,-57.98
241,-0.26,-0.02,0.82,-27.95,-50.94,-58.47
242,-0.23,-0.07,1.02,-42.12,-62.05,-63.59
243,-0.13,-0.1,1.11,-44.5,-46.96,-49.69
244,-0.11,-0.1,1.19,-33.35,-19.4,-25.75
245,-0.13,-0.05,1.16,-20.65,-8.95,-10.37
246,-0.14,0.02,1.05,-13.47,-1.69,-9.04
247,-0.17,0.09,0.92,-9.73,0.76,-3.33
248,-0.2,0.11,0.8,-16.05,0.69,0.44
249,-0.23,0.1,0.75,-34.23,-11.89,-6.69
250,-0.21,0.06,0.79,-50.69,-27.32,-18.68
251,-0.19,-0.02,0.93,-61.86,-36.4,-27.64
252,-0.19,-0.09,1.08,-63.16,-40.61,-31.04
253,-0.17,-0.15,1.21,-54.03,-37.18,-27.6
254,-0.13,-0.15,1.27,-39.01,-22.65,-15.8
255,-0.09,-0.12,1.18,-25.11,0.6,5.37
256,-0.13,-0.04,1.08,-19.12,8.79,11.11
257,-0.13,0.02,0.96,-20.23,3.24,5.71
258,-0.12,0.04,0.94,-20.52,-12.23,-3.58
259,-0.12,0.04,0.99,-17.4,-24.92,-12.61
260,-0.09,0.04,1.01,-11.91,-31.77,-18.18
261,-0.08,0.01,1.03,-9.68,-30.0,-21.06
262,-0.11,-0.02,1.05,-10.85,-21.99,-16.99
263,-0.11,-0.04,1.02,-13.14,-9.6,-8.01
264,-0.12,-0.05,1.03,-16.21,-2.19,-1.35
265,-0.12,-0.03,1.03,-16.46,-2.39,-1.27
266,-0.11,0.0,1.01,-12.85,-3.21,0.7
267,-0.11,0.03,0.98,-10.44,-4.37,-1.18
268,-0.12,0.03,0.92,-10.05,-8.47,-3.98
269,-0.15,0.02,0.94,-12.69,-20.28,-13.4
270,-0.11,0.03,0.96,-12.21,-27.76,-16.67
271,-0.06,0.05,0.96,-13.02,-26.53,-16.34
272,-0.08,0.05,0.95,-16.63,-22.55,-15.27
273,-0.11,0.03,0.96,-19.63,-18.8,-15.21
274,-0.14,0.02,1.02,-21.6,-18.07,-15.82
275,-0.04,0.01,1.02,-21.47,-16.99,-14.66
276,-0.09,-0.01,1.04,-22.07,-1.49,-4.52
277,-0.15,-0.06,1.07,-16.6,-3.71,-3.02
278,-0.08,-0.03,1.07,-11.73,-5.78,-4.6
279,-0.09,-0.01,1.08,-8.38,-11.87,-8.62
280,-0.04,0.02,1.05,-3.37,-14.91,-13.08
281,-0.04,0.05,1.02,-1.62,-11.75,-12.66
282,-0.05,0.06,1.0,-3.78,-9.65,-13.81
283,-0.05,0.07,0.99,-6.63,-5.53,-13.92
284,-0.06,0.08,0.97,-9.62,-2.12,-13.28
285,-0.07,0.08,0.96,-13.89,2.1,-12.47
286,-0.11,0.06,0.99,-16.33,2.16,-13.19
287,-0.1,0.05,1.02,-15.35,3.34,-11.47
288,-0.09,0.05,0.99,-12.23,4.69,-8.29
289,-0.12,0.06,0.96,-11.09,0.84,-11.19
290,-0.12,0.05,0.98,-10.23,-5.38,-15.19
291,-0.12,0.05,0.98,-8.78,-9.21,-16.56
292,-0.09,0.04,0.98,-6.5,-11.4,-18.17
293,-0.09,0.03,0.98,-7.72,-14.72,-21.79
294,-0.08,0.01,0.99,-6.86,-13.79,-20.02
295,-0.1,0.01,1.0,-6.56,-14.39,-18.5
296,-0.1,0.01,1.01,-6.99,-11.2,-14.41
297,-0.1,0.03,1.0,-7.53,-7.38,-10.56
298,-0.11,0.02,0.98,-7.9,-7.32,-10.34
299,-0.11,0.03,0.97,-8.42,-5.71,-8.51
300,-0.12,0.02,0.95,-9.85,-3.55,-4.79
301,-0.14,0.01,0.97,-12.69,-5.66,-5.89
302,-0.13,-0.01,1.0,-13.66,-5.76,-6.15
303,-0.11,-0.03,1.01,-11.77,-4.98,-4.41
304,-0.1,-0.02,1.02,-7.97,-7.54,-5.63
305,-0.1,-0.02,1.02,-4.0,-6.69,-4.69
306,-0.09,0.01,0.98,-3.15,-6.73,-4.45
307,-0.08,0.01,0.95,-3.69,-7.08,-5.52
308,-0.08,0.02,0.95,-4.65,-8.85,-8.52
309,-0.09,0.02,0.97,-4.65,-10.15,-10.79
310,-0.09,0.01,1.0,-6.29,-9.78,-11.53
311,-0.1,-0.02,1.03,-7.07,-10.38,-12.28
312,-0.08,-0.0,1.05,-5.76,-8.53,-11.75
313,-0.05,-0.01,1.04,-4.56,0.2,-6.72
314,-0.05,-0.0,1.04,-3.95,3.98,-1.57
315,-0.07,0.01,1.03,-2.78,3.85,-2.2
316,-0.08,0.01,0.99,-1.7,8.61,0.49
317,-0.11,0.02,1.01,-4.63,7.73,-1.28
318,-0.12,0.01,1.01,-4.01,-1.78,-7.84
319,-0.1,0.01,1.03,-0.44,3.29,-2.31
320,-0.13,0.02,1.0,-0.05,3.23,-0.06
321,-0.1,0.01,0.99,2.45,-4.94,-6.81
322,-0.09,0.02,1.01,5.4,-4.16,-6.67
323,-0.11,0.03,0.96,5.28,1.95,-1.51
324,-0.13,0.03,0.93,2.98,-2.38,-3.95
325,-0.13,0.04,0.95,1.53,-3.52,-3.5
326,-0.11,0.05,0.93,-0.45,0.67,0.83
327,-0.1,0.05,0.94,-3.47,1.37,0.76
328,-0.1,0.05,0.94,-6.12,1.02,0.24
329,-0.1,0.04,0.96,-6.54,2.32,1.02
330,-0.1,0.06,0.97,-6.98,2.69,3.08
331,-0.1,0.04,0.97,-6.79,-4.07,-2.4
332,-0.07,0.03,0.98,-5.37,-8.2,-6.4
333,-0.07,0.02,1.0,-4.61,-7.42,-6.41
334,-0.06,0.03,1.01,-2.52,-7.82,-4.47
335,-0.05,0.03,1.01,-0.39,-7.89,-4.26
336,-0.03,0.03,1.04,0.76,-8.16,-6.09
337,-0.03,0.04,1.03,2.17,-6.92,-7.98
338,-0.02,0.03,1.02,3.16,-3.11,-6.43
339,-0.04,0.04,1.0,2.44,1.5,-4.72
340,-0.04,0.06,0.97,1.27,5.31,-2.85
341,-0.06,0.06,0.96,-0.45,6.21,-2.84
342,-0.08,0.07,0.96,-1.79,5.88,-3.54
343,-0.09,0.05,0.95,-2.53,3.79,-4.49
344,-0.09,0.05,0.95,-3.4,-0.47,-8.19
345,-0.1,0.03,0.96,-2.4,-6.43,-10.94
346,-0.1,0.02,0.97,-2.37,-8.84,-12.82
347,-0.1,0.01,0.99,-2.5,-8.4,-11.56
348,-0.1,0.0,1.0,-1.77,-4.85,-8.31
349,-0.1,0.01,0.99,-2.5,-0.07,-4.56
350,-0.1,0.01,0.96,-3.83,2.65,-1.89
351,-0.1,0.02,0.96,-4.94,2.93,-0.29
352,-0.11,0.03,0.95,-5.8,2.4,-0.05
353,-0.1,0.03,0.96,-5.94,-0.09,-1.56
354,-0.09,0.03,0.98,-5.88,-1.64,-1.95
355,-0.07,0.02,0.97,-5.83,-1.29,-2.39
356,-0.08,0.02,0.99,-5.96,-1.6,-3.55
357,-0.07,0.03,0.98,-5.16,-1.24,-2.72
358,-0.07,0.04,0.98,-4.81,-0.31,-1.69
359,-0.07,0.04,0.95,-5.78,0.35,-2.06
360,-0.08,0.03,0.99,-7.43,-1.57,-4.57
361,-0.06,0.01,1.02,-6.05,-3.02,-5.46
362,-0.05,0.01,1.03,-3.57,-1.02,-3.99
363,-0.06,0.02,1.02,-2.82,-0.3,-4.18
364,-0.06,0.02,1.02,-2.45,-0.99,-4.91
365,-0.05,0.03,1.02,-1.06,0.4,-3.65
366,-0.05,0.03,1.01,0.54,0.95,-2.54
367,-0.06,0.05,1.0,1.31,0.5,-3.37
368,-0.05,0.05,0.98,1.61,0.51,-4.08
369,-0.06,0.06,0.97,0.8,1.08,-3.91
370,-0.06,0.06,0.95,-0.17,1.59,-4.06
371,-0.1,0.05,0.96,-2.42,-1.08,-6.74
372,-0.09,0.04,0.98,-2.63,-2.58,-6.89
373,-0.07,0.04,0.97,-2.4,-1.01,-4.37
374,-0.07,0.03,0.96,-2.42,0.31,-3.39
375,-0.09,0.03,0.97,-3.68,-1.89,-4.97
376,-0.06,0.02,0.98,-3.2,-2.02,-4.83
377,-0.06,0.03,0.97,-3.05,0.11,-3.17
378,-0.06,0.03,0.98,-3.27,1.61,-1.15
379,-0.07,0.03,0.97,-4.32,1.53,-2.52
380,-0.07,0.04,0.96,-4.51,3.19,-1.81
381,-0.08,0.05,0.94,-4.74,4.06,-1.4
382,-0.1,0.05,0.94,-5.42,2.92,-2.96
383,-0.1,0.04,0.96,-5.08,1.21,-2.62
384,-0.09,0.05,0.97,-3.99,0.11,-3.21
385,-0.08,0.06,0.94,-3.94,0.03,-2.9
386,-0.08,0.05,0.95,-5.63,-1.05,-4.14
387,-0.08,0.04,0.99,-7.07,-2.86,-6.81
388,-0.06,0.03,1.0,-5.69,-1.81,-5.07
389,-0.07,0.03,1.0,-4.56,0.6,-2.66
390,-0.07,0.02,1.0,-6.11,0.87,-5.71
391,-0.06,0.01,1.03,-4.71,-0.52,-6.73
392,-0.06,0.02,1.05,-1.84,-1.22,-7.4
393,-0.07,0.02,1.03,-0.56,-0.09,-6.6
394,-0.07,0.03,1.0,-0.75,0.48,-5.77
395,-0.07,0.04,0.99,-1.72,1.53,-5.16
396,-0.09,0.03,1.0,-2.38,0.43,-5.22
397,-0.09,0.04,1.0,-2.86,-0.16,-5.31
398,-0.09,0.04,0.98,-3.65,1.34,-3.97
399,-0.09,0.03,0.99,-5.37,0.31,-6.65
400,-0.09,0.0,1.02,-4.04,-1.5,-7.53
