,accel_x,accel_y,accel_z,gyro_x,gyro_y,gyro_z
0,0.04,-0.3,0.95,-3.87,2.96,-3.16
1,0.03,-0.31,0.96,-3.47,0.73,-5.52
2,0.02,-0.31,0.96,-4.08,0.33,-5.53
3,0.01,-0.31,0.97,-4.64,1.57,-3.9
4,0.03,-0.31,0.96,-4.87,3.01,-2.83
5,0.04,-0.31,0.96,-5.41,4.56,-3.92
6,0.02,-0.32,0.97,-5.1,5.47,-3.11
7,0.02,-0.32,0.96,-4.2,4.81,-1.97
8,0.01,-0.31,0.97,-3.32,3.81,-1.41
9,0.02,-0.31,0.97,-2.92,1.27,-3.44
10,0.01,-0.33,0.97,-1.08,-1.47,-2.92
11,0.03,-0.31,0.95,-0.4,-2.32,-2.37
12,0.02,-0.31,0.95,-0.44,-2.44,-1.72
13,0.04,-0.3,0.93,-0.31,-2.17,-1.63
14,0.04,-0.31,0.93,-1.79,-0.27,-2.26
15,0.01,-0.3,0.92,-2.5,-0.82,-1.62
16,0.0,-0.29,0.93,-3.73,-1.79,-1.24
17,0.02,-0.29,0.93,-5.12,-1.17,-0.44
18,0.02,-0.31,0.95,-5.97,-0.26,-0.13
19,0.02,-0.31,0.95,-5.61,-0.31,-0.02
20,0.03,-0.33,0.96,-3.31,-0.52,-0.23
21,0.05,-0.33,0.97,-1.59,0.62,0.4
22,0.06,-0.33,0.95,0.05,2.47,0.15
23,0.04,-0.31,0.94,0.47,3.34,-0.44
24,0.03,-0.3,0.91,-1.03,4.75,0.31
25,0.03,-0.3,0.92,-1.83,3.28,-0.53
26,0.02,-0.29,0.92,-2.46,1.99,-1.0
27,0.02,-0.29,0.92,-3.73,0.31,-1.66
28,0.0,-0.29,0.92,-4.63,-1.15,-1.31
29,0.02,-0.3,0.91,-4.89,-2.37,-1.59
30,0.05,-0.31,0.93,-5.1,-2.67,-3.47
31,0.05,-0.3,0.93,-5.67,-1.67,-4.56
32,0.02,-0.31,0.94,-5.66,-2.17,-4.41
33,0.02,-0.3,0.93,-6.81,-2.02,-3.85
34,0.03,-0.32,0.94,-5.74,-3.12,-2.9
35,0.05,-0.31,0.95,-5.89,-1.17,-2.37
36,0.03,-0.31,0.95,-5.73,-0.35,-2.98
37,0.03,-0.31,0.96,-5.75,0.31,-4.24
38,0.04,-0.33,0.97,-4.92,1.04,-4.88
39,0.03,-0.34,0.98,-3.53,2.36,-4.1
40,0.03,-0.32,0.98,-2.79,4.0,-3.08
41,0.02,-0.31,0.97,-3.0,5.08,-2.71
42,0.0,-0.32,0.97,-2.37,4.69,-0.97
43,0.01,-0.32,0.96,-1.43,4.54,1.24
44,0.01,-0.31,0.93,-1.31,4.33,1.64
45,-0.0,-0.3,0.93,-2.31,1.85,0.73
46,0.02,-0.32,0.93,-2.47,-1.4,-0.9
47,0.03,-0.32,0.94,-1.85,-3.34,-2.44
48,0.02,-0.32,0.95,-0.95,-3.98,-2.31
49,0.04,-0.31,0.94,-2.03,-3.05,-2.11
50,0.04,-0.31,0.94,-3.34,-0.38,-2.35
51,0.02,-0.32,0.95,-3.26,-0.03,-1.94
52,0.01,-0.32,0.95,-2.44,-1.05,-1.21
53,0.02,-0.32,0.95,-1.56,-1.76,-1.05
54,0.04,-0.33,0.95,-1.49,-0.37,-0.56
55,0.03,-0.33,0.97,-0.73,0.58,-0.27
56,0.02,-0.32,0.95,-0.33,1.44,1.01
57,0.03,-0.31,0.94,-0.34,1.85,1.35
58,0.03,-0.3,0.93,-2.02,2.94,0.69
59,0.0,-0.31,0.93,-2.11,1.56,1.18
60,0.01,-0.32,0.94,-1.66,-0.53,-0.01
61,0.02,-0.32,0.94,-1.8,-0.86,-1.99
62,0.01,-0.31,0.96,-0.79,-2.12,-2.25
63,0.01,-0.32,0.95,0.08,-2.6,-1.95
64,0.03,-0.32,0.95,0.65,-1.89,-1.42
65,0.03,-0.32,0.94,0.69,-1.37,-0.91
66,0.01,-0.3,0.91,0.74,-1.88,-0.63
67,0.03,-0.28,0.91,-0.21,-1.85,0.73
68,0.03,-0.29,0.92,-1.17,-1.02,0.98
69,0.02,-0.29,0.92,-3.12,-0.17,-0.12
70,0.02,-0.3,0.92,-3.44,-0.42,0.34
71,0.02,-0.31,0.94,-3.08,-0.21,1.34
72,0.05,-0.31,0.93,-2.9,0.83,0.5
73,0.03,-0.31,0.93,-2.27,0.5,-0.01
74,0.03,-0.3,0.92,-2.19,-0.85,-0.85
75,0.03,-0.3,0.92,-2.27,-1.13,-1.5
76,0.02,-0.29,0.92,-3.16,-0.7,-0.68
77,0.03,-0.29,0.92,-4.13,0.17,-0.31
78,0.04,-0.3,0.93,-4.02,0.94,-1.24
79,0.04,-0.31,0.93,-3.3,1.37,-2.38
80,0.02,-0.32,0.94,-2.66,1.18,-2.33
81,0.04,-0.32,0.94,-1.44,1.45,-2.48
82,0.02,-0.29,0.94,-1.85,1.25,-3.02
83,-0.0,-0.29,0.91,-3.05,0.65,-2.55
84,-0.0,-0.3,0.91,-4.62,0.11,-1.14
85,-0.0,-0.3,0.92,-5.89,-0.03,-0.98
86,-0.03,-0.32,0.94,-6.41,-1.17,-0.4
87,-0.02,-0.32,0.94,-5.63,-2.52,0.56
88,0.0,-0.32,0.95,-4.88,-3.75,0.56
89,0.01,-0.3,0.94,-4.37,-4.51,-0.43
90,0.04,-0.32,0.96,-4.94,-1.94,-0.98
91,0.06,-0.32,0.97,-4.44,0.24,-2.47
92,0.06,-0.32,0.97,-3.14,2.76,-3.81
93,0.04,-0.32,0.96,-2.3,3.18,-4.42
94,0.02,-0.32,0.95,-1.79,4.29,-3.89
95,-0.0,-0.31,0.94,-2.89,4.06,-3.35
96,-0.02,-0.3,0.93,-4.33,1.85,-3.12
97,-0.02,-0.3,0.94,-5.02,0.73,-1.74
98,0.01,-0.32,0.95,-5.34,0.37,-0.29
99,0.01,-0.32,0.96,-5.34,0.68,0.39
100,0.03,-0.32,0.95,-4.02,0.32,1.3
101,0.03,-0.33,0.95,-2.35,-0.68,0.21
102,0.03,-0.32,0.95,-1.69,-0.84,-0.01
103,0.04,-0.32,0.93,-1.32,-1.53,-0.84
104,0.04,-0.31,0.93,-1.5,-2.22,-2.79
105,0.02,-0.3,0.92,-2.75,-3.63,-4.59
106,0.0,-0.3,0.93,-4.79,-5.73,-5.27
107,0.01,-0.31,0.94,-5.45,-6.43,-5.21
108,0.04,-0.32,0.96,-6.05,-4.59,-5.53
109,0.05,-0.33,0.97,-5.9,-2.4,-4.77
110,0.04,-0.32,0.97,-5.8,1.1,-4.17
111,0.03,-0.31,0.96,-5.63,2.96,-3.52
112,0.03,-0.33,0.97,-5.0,4.54,-3.75
113,0.03,-0.33,0.97,-4.31,5.31,-4.14
114,0.02,-0.34,0.97,-3.73,4.77,-5.44
115,0.0,-0.33,0.97,-2.86,4.29,-5.4
116,-0.02,-0.33,0.95,-1.13,2.34,-3.47
117,-0.01,-0.31,0.93,-2.27,2.08,-1.34
118,-0.02,-0.3,0.93,-2.34,0.2,-0.76
119,-0.02,-0.3,0.93,-3.45,-0.95,-0.97
120,-0.01,-0.33,0.95,-3.63,-2.75,-0.01
121,0.02,-0.34,0.96,-1.72,-4.67,-1.22
122,0.05,-0.35,0.98,-0.05,-1.88,-3.24
123,0.04,-0.34,0.96,1.93,-0.62,-4.12
124,0.04,-0.32,0.94,2.66,-0.43,-3.31
125,0.02,-0.3,0.91,1.76,0.96,-3.15
126,0.01,-0.28,0.89,-0.12,2.23,-2.85
127,-0.0,-0.3,0.88,-4.02,2.51,-3.63
128,-0.01,-0.33,0.87,-6.37,2.07,-2.47
129,-0.01,-0.36,0.88,-9.89,2.81,-0.09
130,-0.01,-0.39,0.93,-16.12,3.53,1.76
131,0.05,-0.49,0.94,-20.84,1.74,-1.62
132,0.14,-0.55,0.97,-26.18,14.37,2.18
133,0.11,-0.67,1.04,-28.5,19.11,6.15
134,0.2,-0.73,1.11,-31.82,36.6,16.49
135,0.25,-0.84,1.19,-41.45,54.73,25.18
136,0.29,-1.05,1.3,-28.7,69.59,32.4
137,0.14,-1.37,1.39,-4.11,74.1,33.49
138,-0.1,-1.63,1.39,22.03,68.79,49.79
139,-0.21,-1.88,1.26,51.14,69.56,79.65
140,-0.27,-2.0,1.13,68.71,75.61,112.84
141,-0.25,-2.0,1.06,84.47,87.81,145.37
142,-0.12,-2.0,0.89,110.47,93.47,171.08
143,-0.17,-2.0,0.55,108.46,79.3,162.3
144,-0.27,-2.0,0.27,82.91,31.45,128.9
145,-0.11,-2.0,0.18,67.18,-26.76,95.3
146,0.21,-2.0,0.2,78.86,-74.81,80.22
147,0.51,-1.95,0.22,93.45,-87.53,63.4
148,0.85,-1.08,0.25,94.12,-47.87,51.55
149,1.05,-0.39,0.23,86.66,20.64,44.1
150,0.91,0.0,0.25,92.66,73.92,32.71
151,0.61,0.29,0.3,112.17,115.69,6.13
152,-0.01,0.56,0.41,127.96,122.05,-11.65
153,-0.38,0.81,0.41,141.5,129.22,-16.69
154,-0.73,1.04,0.46,165.21,120.75,-12.67
155,-0.81,1.41,0.4,170.44,95.77,-13.17
156,-0.72,1.68,0.34,165.47,68.22,-21.08
157,-0.52,1.94,0.36,136.08,46.02,-32.98
158,-0.32,2.0,0.53,97.53,38.06,-53.44
159,-0.29,1.89,0.8,76.46,36.24,-63.12
160,-0.48,1.78,0.97,73.02,33.11,-55.69
161,-0.67,1.72,1.06,67.17,25.85,-40.18
162,-0.71,1.74,1.05,63.85,12.56,-19.59
163,-0.6,2.0,0.99,41.07,8.15,-8.62
164,-0.68,2.0,1.08,4.27,15.85,1.23
165,-1.07,2.0,1.27,-6.83,2.76,21.18
166,-1.25,1.93,1.37,3.91,-40.46,44.53
167,-0.87,1.31,1.14,23.34,-55.44,72.77
168,-0.3,0.95,0.89,38.69,-51.53,90.76
169,0.05,0.75,0.67,35.69,-40.85,88.27
170,0.24,0.66,0.54,27.24,-30.24,69.05
171,0.2,0.63,0.48,14.21,-21.18,40.54
172,0.03,0.6,0.49,8.98,-25.27,22.45
173,-0.09,0.56,0.47,12.61,-38.47,7.61
174,-0.14,0.5,0.43,12.31,-45.34,0.68
175,-0.11,0.47,0.41,6.22,-45.67,-2.67
176,-0.09,0.41,0.38,-5.44,-35.19,3.08
177,-0.12,0.39,0.4,-21.44,-19.45,13.15
178,-0.18,0.33,0.46,-35.23,-5.73,19.98
179,-0.23,0.31,0.53,-45.38,-0.44,26.23
180,-0.18,0.31,0.59,-53.98,2.92,28.86
181,-0.14,0.3,0.66,-59.7,1.79,24.38
182,-0.12,0.27,0.76,-62.75,-4.37,13.76
183,-0.08,0.22,0.83,-61.34,-11.73,2.27
184,-0.06,0.19,0.88,-58.15,-25.98,-12.87
185,-0.06,0.11,0.98,-48.95,-34.12,-33.89
186,-0.08,0.0,1.06,-40.4,-36.33,-42.86
187,0.09,0.03,1.17,-44.46,-10.87,-30.25
188,-0.14,-0.05,1.05,-21.79,-10.24,-19.98
189,-0.1,0.06,0.97,-20.5,7.28,-2.64
190,-0.05,0.13,0.92,-35.57,37.55,12.85
191,-0.11,0.18,0.88,-51.4,47.62,19.52
192,-0.19,0.19,0.83,-63.13,46.65,14.61
193,-0.27,0.13,0.86,-68.4,31.72,1.16
194,-0.34,-0.01,0.94,-61.66,2.37,-9.73
195,-0.33,-0.08,1.05,-48.14,-32.99,-24.85
196,-0.16,-0.16,1.14,-30.01,-48.87,-36.19
197,-0.06,-0.18,1.16,-14.95,-43.93,-38.32
198,-0.05,-0.16,1.12,-9.98,-21.56,-31.57
199,-0.06,-0.15,1.11,-15.07,10.66,-17.63
200,-0.15,-0.09,1.09,-24.11,31.79,0.21
201,-0.24,-0.01,1.07,-28.1,41.57,6.82
202,-0.35,0.09,0.98,-33.85,27.85,1.32
203,-0.39,0.11,0.96,-29.33,-1.27,-9.84
204,-0.39,0.08,0.96,-13.99,-36.82,-23.57
205,-0.34,0.03,0.95,-2.42,-64.21,-33.36
206,-0.23,-0.01,0.89,0.66,-70.21,-35.47
207,-0.17,-0.05,0.85,-3.8,-66.07,-36.6
208,-0.09,-0.12,0.85,-22.43,-36.31,-26.0
209,-0.06,-0.1,0.9,-49.08,10.49,-9.86
210,-0.13,-0.14,0.94,-73.34,44.95,1.01
211,-0.22,-0.13,0.98,-85.18,64.03,10.0
212,-0.32,-0.09,1.01,-82.47,61.3,11.6
213,-0.34,-0.11,1.03,-72.4,36.98,-0.19
214,-0.31,-0.15,1.06,-52.83,4.7,-12.44
215,-0.27,-0.2,1.06,-32.64,-28.63,-27.99
216,-0.26,-0.3,1.05,-13.69,-47.72,-38.11
217,-0.26,-0.4,1.06,-4.79,-47.89,-36.2
218,-0.3,-0.42,1.08,-2.2,-42.15,-27.14
219,-0.22,-0.35,1.02,-7.88,-29.41,-18.21
220,-0.17,-0.24,0.94,-21.76,-5.47,-11.51
221,-0.21,-0.17,0.89,-22.93,-1.37,-5.04
222,-0.22,-0.09,0.88,-31.23,3.53,-1.18
223,-0.19,-0.05,0.87,-37.15,0.11,-4.1
224,-0.09,-0.0,0.81,-41.12,-3.15,-10.42
225,-0.08,-0.02,0.8,-48.65,-5.92,-19.93
226,-0.15,-0.17,0.88,-46.72,-11.31,-24.47
227,-0.19,-0.31,1.0,-37.09,-17.14,-23.62
228,-0.19,-0.39,1.05,-31.17,-14.93,-22.11
229,-0.15,-0.41,1.08,-24.38,-7.63,-18.71
230,-0.15,-0.38,1.04,-18.85,-1.74,-15.5
231,-0.17,-0.31,1.0,-18.27,2.54,-17.19
232,-0.24,-0.23,0.96,-19.09,-4.32,-19.5
233,-0.28,-0.16,0.92,-19.03,-17.87,-17.53
234,-0.25,-0.14,0.89,-19.21,-27.95,-18.69
235,-0.2,-0.13,0.88,-21.89,-31.67,-9.95
236,-0.12,-0.09,0.82,-24.68,-29.08,-8.08
237,-0.07,-0.08,0.81,-29.84,-25.28,-6.65
238,-0.02,-0.09,0.81,-38.92,-17.04,-7.42
239,-0.03,-0.18,0.85,-42.15,-11.22,-9.69
240,-0.07,-0.25,0.91,-41.41,-6.91,-10.53
241,-0.12,-0.34,0.95,-37.11,-12.37,-16.63
242,-0.17,-0.41,1.0,-27.37,-18.31,-21.53
243,-0.24,-0.39,1.01,-17.98,-34.19,-25.63
244,-0.21,-0.35,0.98,-7.93,-46.98,-31.58
245,-0.21,-0.29,0.9,-3.34,-55.7,-31.53
246,-0.15,-0.24,0.85,-2.22,-55.2,-24.15
247,-0.1,-0.22,0.8,-9.11,-44.08,-15.16
248,-0.1,-0.2,0.74,-17.6,-29.47,-6.81
249,-0.09,-0.17,0.74,-28.51,-13.92,2.3
250,-0.05,-0.19,0.75,-40.21,4.05,8.73
251,-0.0,-0.23,0.8,-45.74,20.88,14.35
252,0.04,-0.28,0.84,-45.67,35.14,26.47
253,-0.02,-0.18,0.89,-48.17,47.3,15.6
254,0.03,-0.31,0.89,-43.95,48.6,11.44
255,-0.05,-0.37,0.96,-28.83,42.19,14.81
256,-0.07,-0.44,0.97,-11.07,28.45,12.54
257,-0.01,-0.38,0.96,-1.71,14.25,-1.67
258,-0.04,-0.34,0.94,-2.4,13.87,-20.66
259,-0.21,-0.36,0.9,-2.13,3.34,-29.31
260,-0.27,-0.35,0.9,-2.76,-9.8,-29.99
261,-0.26,-0.33,0.88,-13.81,-8.69,-35.24
262,-0.26,-0.32,0.85,-18.69,-20.64,-31.05
263,-0.18,-0.31,0.85,-27.73,-21.43,-33.06
264,-0.15,-0.35,0.89,-34.85,-18.51,-33.93
265,-0.14,-0.42,0.95,-37.8,-17.92,-34.52
266,-0.16,-0.49,1.04,-35.45,-18.12,-31.97
267,-0.15,-0.52,1.09,-28.18,-21.18,-30.61
268,-0.11,-0.52,1.12,-19.51,-28.07,-28.32
269,-0.07,-0.5,1.09,-13.0,-33.48,-28.9
270,-0.03,-0.48,1.06,-6.93,-36.29,-32.18
271,-0.03,-0.46,1.03,-3.33,-35.24,-33.78
272,0.01,-0.4,0.99,-5.03,-26.95,-29.27
273,0.07,-0.34,0.94,-11.76,-10.37,-22.37
274,0.09,-0.32,0.91,-21.47,8.11,-18.12
275,0.04,-0.34,0.89,-29.76,23.67,-16.81
276,-0.03,-0.4,0.94,-34.57,29.63,-18.39
277,-0.07,-0.47,0.97,-32.68,28.97,-20.6
278,-0.1,-0.5,0.99,-29.11,26.98,-22.58
279,-0.1,-0.5,1.0,-23.21,24.66,-23.76
280,-0.15,-0.5,1.01,-17.79,19.28,-28.52
281,-0.22,-0.47,1.0,-11.99,7.56,-30.41
282,-0.19,-0.42,0.98,-9.09,-1.05,-29.14
283,-0.18,-0.38,0.96,-8.08,-10.04,-31.44
284,-0.17,-0.35,0.93,-10.92,-11.69,-31.95
285,-0.17,-0.36,0.94,-14.28,-10.8,-28.56
286,-0.17,-0.39,0.97,-16.04,-11.39,-24.43
287,-0.19,-0.44,1.02,-10.67,-17.01,-18.38
288,-0.15,-0.43,0.99,-5.86,-22.12,-11.45
289,-0.07,-0.43,0.99,-3.34,-17.48,-5.37
290,-0.01,-0.44,0.98,-0.04,-10.2,-2.93
291,-0.02,-0.43,0.97,6.91,-7.4,-0.3
292,-0.04,-0.39,0.92,14.23,-13.84,-0.68
293,-0.02,-0.34,0.83,17.08,-19.88,-2.93
294,-0.0,-0.31,0.79,13.28,-22.9,-6.34
295,-0.01,-0.29,0.77,11.1,-27.34,-8.42
296,0.01,-0.25,0.78,6.77,-29.68,-12.09
297,-0.01,-0.25,0.8,1.17,-31.69,-14.63
298,-0.01,-0.27,0.85,-3.22,-30.31,-13.96
299,0.01,-0.33,0.9,-4.4,-27.33,-15.03
300,0.0,-0.39,0.98,-4.5,-22.85,-17.19
301,-0.01,-0.45,1.03,-1.31,-15.52,-15.72
302,0.02,-0.5,1.07,3.55,-8.06,-18.23
303,-0.02,-0.47,1.07,9.4,-4.09,-19.01
304,-0.08,-0.41,1.03,14.26,-7.52,-17.43
305,-0.07,-0.37,0.97,16.34,-8.98,-13.77
306,-0.07,-0.36,0.94,15.56,-7.0,-9.59
307,-0.07,-0.34,0.91,13.42,-8.34,-5.27
308,-0.02,-0.32,0.9,12.02,-3.03,-0.64
309,-0.01,-0.33,0.88,10.93,-2.27,0.79
310,-0.01,-0.32,0.88,9.49,-5.52,-0.57
311,-0.0,-0.32,0.89,9.69,-11.82,-3.63
312,0.0,-0.33,0.91,8.1,-17.56,-8.01
313,0.01,-0.34,0.92,5.69,-18.16,-10.85
314,0.0,-0.35,0.96,5.95,-19.75,-10.62
315,0.01,-0.34,0.96,6.67,-20.18,-7.89
316,0.02,-0.34,0.95,7.02,-17.09,-4.49
317,0.01,-0.33,0.93,7.38,-14.87,-1.76
318,0.02,-0.32,0.92,6.24,-13.89,-0.76
319,0.03,-0.32,0.93,5.9,-9.53,1.24
320,0.03,-0.33,0.94,6.24,-5.98,3.52
321,0.07,-0.32,0.93,6.4,-3.71,3.53
322,0.06,-0.28,0.91,4.42,-2.53,0.41
323,0.03,-0.27,0.9,1.02,-2.6,-1.95
324,0.02,-0.29,0.92,-2.47,-0.13,-1.76
325,0.0,-0.32,0.96,-3.4,3.05,-0.05
326,0.01,-0.32,0.95,-3.45,5.07,-0.07
327,0.02,-0.32,0.94,-3.89,9.75,1.01
328,-0.0,-0.34,0.96,-4.57,11.98,0.24
329,-0.04,-0.33,0.96,-3.76,12.02,1.03
330,-0.06,-0.32,0.95,-1.71,8.17,2.98
331,-0.09,-0.32,0.96,-0.13,-0.47,3.33
332,-0.04,-0.32,0.94,0.89,-7.2,2.98
333,-0.01,-0.32,0.92,2.31,-9.76,2.55
334,0.01,-0.29,0.91,1.96,-10.11,2.74
335,0.04,-0.3,0.9,0.84,-8.54,1.76
336,0.04,-0.3,0.91,-0.78,-5.95,1.51
337,0.06,-0.3,0.9,-2.18,-1.95,2.3
338,0.06,-0.3,0.88,-2.69,0.54,2.37
339,0.06,-0.28,0.9,-3.89,2.85,1.18
340,0.04,-0.28,0.91,-4.33,1.1,-2.24
341,0.02,-0.28,0.9,-5.27,-0.88,-4.02
342,-0.0,-0.29,0.92,-6.08,-2.8,-4.85
343,0.03,-0.31,0.93,-7.56,-2.12,-6.46
344,0.05,-0.32,0.94,-9.0,2.12,-6.15
345,0.04,-0.32,0.94,-8.86,3.6,-7.21
346,0.03,-0.32,0.94,-8.72,5.21,-7.25
347,0.01,-0.32,0.95,-9.52,4.86,-7.51
348,-0.03,-0.33,0.98,-8.18,-0.56,-8.39
349,0.01,-0.33,0.98,-6.04,-2.74,-5.3
350,0.03,-0.34,0.97,-4.5,-3.13,-5.38
351,0.05,-0.34,0.98,-2.56,-4.99,-8.87
352,0.06,-0.34,0.98,-1.11,-3.63,-9.7
353,0.04,-0.33,0.97,-0.79,-3.49,-9.45
354,0.02,-0.33,0.96,0.33,-3.11,-8.95
355,0.03,-0.32,0.95,0.73,-1.36,-8.53
356,0.02,-0.32,0.94,-0.03,1.37,-7.43
357,0.01,-0.32,0.95,-0.09,1.6,-4.91
358,-0.01,-0.31,0.93,0.09,0.31,-3.59
359,0.0,-0.3,0.92,-0.48,-1.47,-2.14
360,-0.01,-0.29,0.91,-2.55,-4.48,-1.61
361,-0.0,-0.3,0.93,-3.46,-8.2,-2.37
362,0.06,-0.27,0.98,-6.45,-3.11,-3.26
363,0.0,-0.32,0.94,-3.72,-9.83,-2.6
364,0.06,-0.34,0.97,-4.86,-6.31,-3.63
365,0.07,-0.33,0.99,-3.92,-1.46,-4.33
366,0.04,-0.35,0.99,-1.68,0.75,-2.81
367,0.05,-0.35,0.99,0.88,2.05,-3.08
368,0.03,-0.34,0.97,3.06,0.85,-4.69
369,0.01,-0.33,0.95,3.33,0.52,-3.81
370,-0.0,-0.3,0.92,2.6,0.43,-1.93
371,-0.01,-0.29,0.91,0.95,-2.17,-2.02
372,-0.01,-0.29,0.9,-1.01,-4.64,-2.02
373,-0.02,-0.3,0.9,-2.57,-7.61,-1.24
374,0.01,-0.32,0.92,-3.05,-8.66,-1.4
375,0.03,-0.33,0.95,-1.74,-8.05,-1.26
376,0.04,-0.33,0.95,-0.79,-8.62,-2.81
377,0.08,-0.31,0.94,-0.37,-5.26,-2.41
378,0.08,-0.31,0.93,-0.73,-1.52,-2.63
379,0.07,-0.32,0.95,-1.37,2.4,-3.47
380,0.04,-0.32,0.94,-0.73,3.54,-4.31
381,0.01,-0.31,0.93,-1.0,3.42,-3.43
382,0.01,-0.31,0.94,-0.01,2.64,-2.97
383,-0.01,-0.3,0.93,-0.2,0.21,-3.35
384,-0.01,-0.3,0.93,-0.98,-1.62,-2.5
385,-0.02,-0.29,0.91,-1.66,-3.69,-1.04
386,0.0,-0.28,0.9,-3.96,-3.79,-0.64
387,0.01,-0.3,0.92,-3.65,-3.89,0.4
388,0.01,-0.31,0.95,-2.76,-7.16,-0.21
389,0.02,-0.3,0.93,-2.69,-7.06,0.6
390,0.04,-0.31,0.94,-2.92,-6.16,0.65
391,0.06,-0.33,0.94,-2.03,-4.92,-1.78
392,0.04,-0.33,0.96,-0.66,-3.65,-1.63
393,0.04,-0.31,0.93,-0.24,-2.56,-2.44
394,0.02,-0.28,0.91,-1.63,-2.4,-2.84
395,0.02,-0.29,0.93,-3.1,-0.96,-4.25
396,0.03,-0.31,0.94,-4.09,1.6,-5.71
397,0.0,-0.32,0.95,-4.12,1.15,-4.36
398,-0.0,-0.32,0.95,-3.92,0.62,-3.21
399,-0.03,-0.31,0.94,-4.39,-0.38,-2.52
