,accel_x,accel_y,accel_z,gyro_x,gyro_y,gyro_z
0,-0.2,0.33,0.84,-29.31,0.92,-15.09
1,-0.19,0.33,0.84,-30.35,-2.11,-14.67
2,-0.15,0.34,0.84,-33.78,-0.44,-11.82
3,-0.15,0.34,0.82,-37.59,1.56,-13.36
4,-0.18,0.3,0.87,-38.25,-2.96,-19.51
5,-0.18,0.25,0.93,-37.21,-3.08,-18.58
6,-0.19,0.2,0.94,-33.68,-4.85,-17.11
7,-0.21,0.18,0.97,-28.95,-10.53,-20.33
8,-0.22,0.19,0.99,-25.13,-13.24,-19.84
9,-0.2,0.21,0.97,-22.07,-8.91,-13.75
10,-0.2,0.25,0.92,-21.12,-3.82,-9.2
11,-0.19,0.27,0.89,-23.95,-0.84,-4.97
12,-0.21,0.27,0.87,-29.1,-2.18,-5.96
13,-0.19,0.25,0.87,-33.14,-2.98,-4.09
14,-0.21,0.22,0.9,-36.02,-9.8,-7.95
15,-0.22,0.16,0.96,-35.92,-22.18,-18.12
16,-0.19,0.13,0.99,-33.14,-27.08,-20.5
17,-0.16,0.11,1.04,-29.58,-25.65,-18.34
18,-0.15,0.09,1.07,-25.24,-22.92,-18.84
19,-0.12,0.09,1.05,-23.4,-13.6,-12.05
20,-0.14,0.11,1.01,-23.73,-4.27,-7.5
21,-0.14,0.12,0.99,-25.28,4.45,-3.47
22,-0.15,0.1,1.0,-27.98,6.94,-2.73
23,-0.15,0.1,0.99,-28.6,5.35,-3.8
24,-0.13,0.11,0.98,-26.98,4.71,-2.92
25,-0.14,0.12,0.96,-26.4,2.44,-3.61
26,-0.13,0.12,0.97,-27.27,0.31,-7.12
27,-0.11,0.19,0.9,-28.02,5.71,1.46
28,-0.12,0.14,0.95,-27.82,-1.37,-13.79
29,-0.12,0.09,0.98,-26.13,-4.04,-21.81
30,-0.1,0.14,0.89,-14.11,-0.86,-15.18
31,-0.14,0.03,0.98,-5.12,-10.38,-29.87
32,-0.08,0.05,0.94,-4.25,-13.43,-26.41
33,-0.17,0.11,0.95,-9.37,-11.1,-25.22
34,-0.14,0.1,0.91,-12.49,-8.38,-23.11
35,-0.2,0.1,0.94,-19.98,0.59,-15.2
36,-0.21,0.13,0.9,-22.34,7.65,-3.63
37,-0.22,0.12,0.89,-27.67,10.33,2.53
38,-0.25,0.11,0.93,-33.47,6.78,4.53
39,-0.25,0.07,0.92,-32.45,-0.34,1.34
40,-0.24,0.06,1.01,-31.63,-13.94,-2.92
41,-0.22,0.03,1.04,-24.51,-24.37,-9.6
42,-0.16,0.03,1.02,-22.02,-23.32,-13.32
43,-0.13,0.04,1.08,-15.1,-27.19,-12.91
44,-0.11,0.05,1.09,-9.78,-20.15,-13.83
45,-0.13,0.06,1.07,-6.98,-12.33,-12.15
46,-0.14,0.06,1.01,-7.0,-1.25,-6.25
47,-0.19,0.07,0.96,-10.61,5.46,-2.27
48,-0.2,0.08,0.94,-14.99,11.41,2.21
49,-0.18,0.11,0.89,-19.44,18.26,9.12
50,-0.21,0.12,0.86,-24.23,20.47,12.21
51,-0.21,0.09,0.84,-28.3,15.02,10.27
52,-0.21,0.06,0.87,-30.42,2.84,3.11
53,-0.2,0.02,0.92,-29.41,-10.76,-4.44
54,-0.19,-0.02,0.95,-26.47,-20.58,-9.95
55,-0.19,-0.06,1.0,-22.81,-26.5,-11.63
56,-0.15,-0.12,1.04,-14.73,-32.03,-15.47
57,-0.11,-0.1,1.09,-10.46,-32.59,-17.95
58,-0.06,-0.08,1.08,-6.06,-23.5,-11.29
59,-0.07,-0.06,1.05,-4.78,-11.68,-6.23
60,-0.09,-0.05,1.03,-6.25,-2.39,-1.46
61,-0.1,-0.03,0.99,-7.79,7.76,5.6
62,-0.12,-0.01,0.94,-10.15,13.98,10.4
63,-0.15,-0.01,0.91,-13.13,10.31,8.56
64,-0.15,-0.01,0.9,-16.15,1.78,3.09
65,-0.13,-0.02,0.94,-18.99,-6.72,-5.07
66,-0.11,-0.03,0.99,-16.82,-6.62,-4.82
67,-0.1,-0.03,1.0,-12.89,-2.2,-0.01
68,-0.12,-0.02,0.98,-11.38,-0.64,1.33
69,-0.14,-0.02,0.97,-10.96,-1.2,0.31
70,-0.13,-0.04,0.98,-10.96,-2.62,-1.07
71,-0.12,-0.05,0.97,-8.63,-3.6,0.05
72,-0.12,-0.03,0.99,-7.31,-5.47,-0.3
73,-0.13,-0.02,1.01,-8.47,-5.85,-3.14
74,-0.11,-0.02,1.03,-7.59,-2.44,-0.98
75,-0.12,-0.01,1.01,-6.67,0.18,1.98
76,-0.12,0.02,1.02,-8.76,2.11,1.31
77,-0.11,0.04,1.0,-8.06,-0.7,0.65
78,-0.1,0.02,0.98,-7.96,6.58,4.37
79,-0.15,0.0,1.0,-9.8,0.55,-1.72
80,-0.12,0.01,1.02,-10.46,-5.56,-5.59
81,-0.09,0.03,1.03,-8.48,-2.27,-2.72
82,-0.11,0.0,1.03,-7.3,0.17,-2.56
83,-0.13,0.02,1.04,-6.15,-0.37,-2.95
84,-0.13,0.02,1.04,-5.79,-0.73,-1.89
85,-0.12,0.03,1.01,-3.89,1.89,1.17
86,-0.13,0.03,1.01,-4.15,2.54,-0.13
87,-0.13,0.03,1.0,-4.94,2.47,-1.29
88,-0.13,0.05,1.0,-5.69,1.96,-0.99
89,-0.14,0.05,0.97,-5.61,2.49,-0.05
90,-0.15,0.05,0.96,-5.42,3.35,2.27
91,-0.16,0.06,0.93,-6.47,1.24,1.99
92,-0.17,0.06,0.92,-8.77,-1.02,-0.68
93,-0.13,0.04,0.88,3.96,13.21,6.93
94,-0.13,0.03,0.9,-10.69,1.1,1.63
95,-0.19,0.04,0.93,-14.81,-0.37,-1.67
96,-0.18,0.01,0.95,-13.38,-1.06,0.92
97,-0.18,-0.02,0.98,-12.18,-6.76,-2.05
98,-0.15,-0.06,1.03,-4.47,-7.45,5.13
99,-0.1,-0.04,1.06,1.47,-8.02,17.57
100,-0.16,-0.01,1.04,7.69,-2.31,22.81
101,-0.13,-0.01,0.99,8.4,-3.18,22.6
102,-0.13,0.01,0.99,6.05,-0.7,20.44
103,-0.15,0.01,0.98,3.89,1.36,22.82
104,-0.15,0.01,0.96,3.9,1.17,21.09
105,-0.13,0.03,0.96,1.9,-0.5,17.39
106,-0.12,0.03,0.98,0.11,0.92,16.46
107,-0.12,0.02,0.98,0.76,3.09,16.02
108,-0.11,0.03,0.98,0.98,4.36,16.87
109,-0.14,0.03,0.96,1.57,4.37,13.84
110,-0.13,0.02,0.97,0.72,-0.19,8.71
111,-0.12,0.01,0.98,0.24,-0.15,7.28
112,-0.1,0.01,0.96,0.47,2.3,6.9
113,-0.13,0.0,0.95,0.53,2.37,4.37
114,-0.12,0.01,0.95,-1.58,1.37,2.54
115,-0.14,0.0,0.94,-4.47,1.15,0.61
116,-0.13,-0.0,0.96,-5.44,-0.33,-0.4
117,-0.13,-0.0,0.98,-6.5,-1.66,-0.52
118,-0.12,0.0,0.98,-7.7,0.75,0.18
119,-0.12,0.03,0.96,-8.35,3.9,1.94
120,-0.11,0.04,0.94,-9.18,6.44,3.25
121,-0.12,0.04,0.93,-10.02,8.08,3.69
122,-0.14,0.04,0.93,-11.86,7.6,4.15
123,-0.13,0.04,0.92,-12.34,6.97,4.76
124,-0.13,0.04,0.91,-13.24,2.69,1.73
125,-0.11,0.04,0.93,-14.92,-2.51,-3.67
126,-0.12,0.02,0.95,-16.69,-4.92,-7.4
127,-0.13,0.0,0.97,-17.5,-5.5,-8.45
128,-0.13,-0.02,0.98,-17.62,-5.85,-10.75
129,-0.15,-0.04,1.02,-17.43,-9.37,-14.22
130,-0.15,-0.07,1.02,-14.98,-13.24,-13.4
131,-0.14,-0.05,1.04,-12.12,-12.31,-10.71
132,-0.11,-0.03,1.02,-9.97,-8.37,-6.93
133,-0.11,-0.02,1.01,-9.92,-3.24,-3.44
134,-0.1,0.0,0.97,-11.64,1.6,-2.12
135,-0.11,0.02,0.95,-14.41,4.92,-1.52
136,-0.13,0.02,0.92,-16.75,5.58,-1.24
137,-0.16,0.01,0.94,-17.5,2.86,-2.6
138,-0.16,-0.01,0.95,-17.4,-3.02,-5.11
139,-0.15,-0.03,0.99,-15.58,-8.12,-6.07
140,-0.13,-0.04,1.02,-12.37,-9.59,-8.08
141,-0.1,-0.05,1.02,-8.67,-8.98,-8.45
142,-0.11,-0.05,1.02,-5.68,-8.4,-8.0
143,-0.14,-0.06,1.04,-4.21,-9.68,-7.6
144,-0.14,-0.06,1.03,-3.06,-11.29,-7.41
145,-0.12,-0.05,1.03,-1.69,-10.16,-4.82
146,-0.12,-0.06,1.02,-1.47,-7.31,-4.1
147,-0.13,-0.06,1.04,-1.23,-7.61,-5.18
148,-0.13,-0.05,1.03,-0.22,-4.52,-2.83
149,-0.13,-0.04,1.02,0.79,-2.39,-1.11
150,-0.14,-0.03,0.99,0.75,-3.13,-0.38
151,-0.12,-0.01,0.96,-0.52,-2.17,-0.64
152,-0.13,-0.02,0.96,-2.22,-0.85,-0.9
153,-0.13,-0.02,0.98,-3.56,-2.62,-3.18
154,-0.13,-0.05,1.0,-2.64,-3.32,-4.92
155,-0.13,-0.06,1.02,-0.49,-3.86,-4.47
156,-0.11,-0.05,1.0,1.89,-1.85,-1.84
157,-0.11,-0.04,0.98,2.12,0.05,-1.32
158,-0.14,-0.03,0.97,0.41,-1.23,-3.53
159,-0.13,-0.02,0.96,-0.07,-2.29,-4.45
160,-0.12,-0.01,0.97,0.45,-0.45,-3.05
161,-0.12,-0.01,0.96,0.36,-0.03,-3.37
162,-0.13,-0.0,0.96,-0.35,0.82,-2.37
163,-0.12,-0.01,0.94,-1.21,2.88,-0.67
164,-0.12,0.01,0.92,-3.38,2.24,-1.67
165,-0.12,0.01,0.92,-5.37,1.31,-2.69
166,-0.12,0.01,0.92,-6.74,-0.56,-3.11
167,-0.11,0.01,0.93,-7.36,-0.95,-2.4
168,-0.13,0.02,0.94,-8.15,-1.03,-4.68
169,-0.14,0.0,0.97,-8.02,-3.42,-6.09
170,-0.14,-0.01,0.99,-5.51,-2.83,-3.56
171,-0.13,-0.01,0.98,-3.34,-1.66,-2.2
172,-0.13,-0.02,0.99,-2.61,-2.06,-2.56
173,-0.13,-0.02,1.0,-2.8,-4.16,-4.27
174,-0.12,-0.01,0.99,-2.31,-5.11,-4.7
175,-0.11,-0.0,0.98,-1.85,-4.65,-4.69
176,-0.12,-0.0,0.97,-3.4,-5.9,-6.34
177,-0.13,-0.0,0.98,-4.31,-6.96,-6.73
178,-0.12,0.01,0.99,-4.61,-6.51,-6.14
179,-0.1,0.03,0.97,-5.0,-5.47,-5.78
180,-0.09,0.03,0.97,-5.87,-3.32,-6.08
181,-0.09,0.02,0.97,-6.04,-2.53,-6.81
182,-0.1,0.02,0.99,-5.97,-4.47,-9.61
183,-0.1,0.02,0.99,-3.76,-3.95,-8.31
184,-0.08,0.02,0.98,-2.1,-1.73,-5.53
185,-0.09,0.02,0.95,-1.53,0.6,-4.67
186,-0.11,0.02,0.92,-4.73,-1.11,-7.69
187,-0.11,0.02,0.95,-7.39,-4.08,-9.88
188,-0.11,0.01,0.94,-7.91,-5.56,-9.96
189,-0.14,-0.01,0.94,-8.57,-6.89,-9.83
190,-0.14,-0.02,0.96,-9.44,-11.6,-10.08
191,-0.12,-0.02,0.98,-9.89,-12.4,-9.98
192,-0.09,-0.02,0.99,-8.62,-8.07,-7.59
193,-0.08,-0.02,0.98,-8.48,-3.91,-4.91
194,-0.08,-0.02,0.97,-8.54,-1.22,-2.88
195,-0.08,-0.01,0.95,-9.33,-0.33,-3.44
196,-0.09,-0.0,0.94,-9.43,-1.95,-4.34
197,-0.07,-0.01,0.93,-9.51,-4.4,-6.73
198,-0.06,-0.01,0.94,-10.31,-5.64,-8.98
199,-0.06,-0.01,0.94,-10.61,-6.07,-10.15
200,-0.06,-0.02,0.94,-11.3,-4.16,-9.86
201,-0.06,-0.02,0.93,-12.03,-1.81,-9.37
202,-0.08,-0.04,0.93,-12.78,-1.31,-10.33
203,-0.08,-0.05,0.92,-13.23,-2.77,-10.74
204,-0.06,-0.07,0.91,-12.82,-2.9,-10.39
205,-0.07,-0.08,0.93,-14.76,-4.69,-14.08
206,-0.08,-0.11,0.94,-16.18,-6.64,-16.43
207,-0.06,-0.12,0.97,-16.23,-7.18,-16.13
208,-0.05,-0.12,0.98,-15.13,-2.17,-13.11
209,-0.07,-0.13,0.98,-13.69,-0.04,-12.02
210,-0.08,-0.15,1.0,-12.95,-0.57,-12.95
211,-0.06,-0.15,0.99,-11.72,1.57,-11.53
212,-0.05,-0.16,0.98,-10.79,3.38,-11.77
213,-0.07,-0.16,0.98,-10.97,3.95,-11.61
214,-0.09,-0.16,0.98,-11.02,4.21,-10.36
215,-0.1,-0.16,0.99,-11.11,3.11,-10.83
216,-0.11,-0.16,0.99,-11.05,1.38,-9.17
217,-0.11,-0.15,1.01,-11.33,2.57,-9.02
218,-0.12,-0.16,1.0,-10.96,1.68,-10.09
219,-0.12,-0.16,1.01,-8.56,-0.7,-8.5
220,-0.12,-0.17,1.02,-13.96,-7.53,-11.41
221,-0.14,-0.15,1.01,-6.37,-4.98,-8.64
222,-0.11,-0.16,1.01,-5.9,-3.73,-7.15
223,-0.1,-0.16,1.01,-3.91,-2.12,-5.43
224,-0.11,-0.14,1.01,-2.87,-3.04,-4.27
225,-0.13,-0.13,0.99,-1.33,-2.59,-3.24
226,-0.1,-0.09,1.0,-0.4,-3.37,-2.87
227,-0.1,-0.05,1.03,-3.92,-7.49,-4.18
228,-0.07,-0.05,0.98,-4.07,-1.98,-3.79
229,-0.07,-0.05,0.97,-5.35,-2.27,-3.63
230,-0.07,-0.04,0.99,-6.62,-3.85,-4.85
231,-0.07,-0.05,1.0,-7.2,-4.99,-4.18
232,-0.09,-0.05,1.02,-7.22,-8.02,-4.87
233,-0.1,-0.03,1.04,-6.93,-12.63,-4.44
234,-0.08,0.0,1.06,-5.4,-15.62,-1.02
235,-0.07,0.03,1.08,-4.89,-16.65,0.47
236,-0.07,0.07,1.08,-3.16,-18.03,3.24
237,-0.05,0.09,1.1,0.42,-17.98,7.63
238,-0.03,0.09,1.09,6.03,-14.62,14.7
239,0.01,0.11,1.03,10.01,-10.14,19.63
240,0.09,0.14,0.97,10.0,-3.4,22.98
241,0.16,0.15,0.88,5.44,8.49,22.27
242,0.23,0.08,0.74,-5.11,17.76,18.33
243,0.17,0.01,0.73,-18.95,18.29,3.48
244,0.1,-0.15,0.83,-35.42,8.4,-9.21
245,0.01,-0.34,0.96,-42.18,-5.3,-24.56
246,-0.06,-0.52,1.14,-45.01,-16.07,-31.36
247,-0.11,-0.71,1.35,-39.71,-22.74,-33.63
248,-0.21,-0.96,1.51,-16.96,-28.49,-27.62
249,-0.28,-1.17,1.62,7.57,-36.05,-17.44
250,-0.27,-1.32,1.7,25.27,-38.72,6.18
251,-0.25,-1.43,1.74,37.75,-50.76,15.36
252,-0.23,-1.49,1.81,41.49,-60.79,21.52
253,-0.08,-1.61,1.75,55.18,-41.14,37.6
254,0.04,-1.61,1.67,62.37,-18.05,40.94
255,-0.12,-1.7,1.64,68.45,-14.02,22.27
256,-0.26,-1.84,1.65,85.35,-18.99,16.15
257,-0.36,-1.95,1.59,104.76,-17.37,22.76
258,-0.41,-1.96,1.5,115.14,-4.92,47.32
259,-0.52,-2.0,1.36,111.62,-1.08,65.53
260,-0.57,-2.0,1.49,124.09,15.41,85.9
261,-0.48,-1.92,1.42,140.18,48.44,131.76
262,-0.31,-1.7,1.2,147.09,67.49,162.41
263,-0.1,-1.51,1.1,158.85,106.12,200.38
264,0.18,-1.12,0.97,176.5,145.73,250.13
265,0.05,-0.97,0.79,191.44,122.91,250.13
266,0.13,-0.79,0.77,230.89,70.08,250.13
267,0.47,-0.48,0.5,250.13,33.93,250.13
268,0.77,-0.2,0.37,250.13,29.43,231.53
269,0.92,0.13,0.13,250.13,29.85,226.11
270,0.99,0.33,-0.13,250.13,43.12,250.13
271,1.02,0.55,-0.43,250.13,60.62,250.13
272,1.51,0.81,-1.1,250.13,75.66,250.13
273,2.0,1.15,-1.91,250.13,128.16,250.13
274,2.0,1.55,-2.0,250.13,139.74,250.13
275,2.0,2.0,-2.0,250.13,45.24,250.13
276,2.0,2.0,-2.0,133.38,-6.97,237.33
277,2.0,2.0,-2.0,-30.68,-50.63,34.32
278,2.0,2.0,-1.65,-152.95,-78.5,-151.98
279,2.0,2.0,-0.95,-210.94,-78.16,-246.81
280,1.3,1.17,-0.26,-231.43,-104.63,-250.14
281,0.55,0.47,0.19,-224.05,-137.28,-250.14
282,0.11,0.13,0.58,-213.44,-145.53,-250.14
283,-0.04,-0.03,0.81,-196.88,-115.84,-250.14
284,-0.18,-0.04,1.05,-172.65,-70.51,-197.76
285,-0.24,0.03,1.19,-148.37,-16.95,-144.83
286,-0.26,0.13,1.22,-119.65,36.41,-97.94
287,-0.33,0.24,1.13,-91.55,73.5,-64.45
288,-0.39,0.34,1.02,-73.14,89.31,-51.76
289,-0.4,0.39,0.94,-59.02,87.34,-51.76
290,-0.42,0.45,0.84,-48.11,75.26,-54.85
291,-0.46,0.5,0.79,-45.26,56.38,-63.63
292,-0.42,0.47,0.8,-40.07,43.52,-63.38
293,-0.33,0.5,0.84,-35.15,42.17,-53.05
294,-0.24,0.55,0.87,-35.64,48.06,-48.02
295,-0.17,0.54,0.88,-34.53,55.1,-39.57
296,-0.14,0.57,0.9,-32.87,60.65,-33.72
297,-0.16,0.55,0.9,-28.81,57.61,-35.98
298,-0.19,0.51,0.86,-23.68,50.84,-35.63
299,-0.23,0.54,0.86,-24.33,35.19,-45.8
300,-0.23,0.56,0.84,-28.56,21.62,-60.62
301,-0.18,0.58,0.82,-29.5,13.74,-64.7
302,-0.21,0.57,0.82,-28.28,5.84,-65.46
303,-0.24,0.54,0.81,-29.56,-2.94,-66.93
304,-0.28,0.5,0.8,-31.69,-12.57,-70.02
305,-0.24,0.49,0.79,-34.57,-19.74,-72.68
306,-0.2,0.46,0.81,-35.79,-28.37,-74.63
307,-0.21,0.44,0.88,-36.42,-36.15,-74.34
308,-0.19,0.4,0.89,-33.91,-35.08,-68.36
309,-0.2,0.36,0.94,-33.37,-32.82,-63.21
310,-0.14,0.35,0.96,-30.97,-30.31,-59.14
311,-0.07,0.36,0.99,-33.32,-22.18,-58.0
312,-0.04,0.32,1.02,-27.79,-8.27,-45.41
313,-0.09,0.31,1.01,-22.6,5.52,-33.05
314,-0.14,0.32,0.99,-19.27,4.54,-31.54
315,-0.13,0.35,0.94,-19.15,-2.61,-37.82
316,-0.11,0.36,0.92,-17.21,-0.56,-34.28
317,-0.13,0.38,0.91,-17.99,4.43,-29.79
318,-0.13,0.4,0.89,-19.02,8.95,-30.08
319,-0.15,0.4,0.89,-21.09,10.88,-27.28
320,-0.13,0.4,0.84,-20.44,12.53,-26.69
321,-0.19,0.42,0.89,-21.76,3.92,-35.84
322,-0.19,0.41,0.87,-14.89,-5.38,-36.98
323,-0.17,0.39,0.87,-12.93,1.15,-32.57
324,-0.22,0.38,0.84,-10.58,-0.81,-33.03
325,-0.23,0.38,0.86,-9.65,-7.67,-37.08
326,-0.2,0.38,0.85,-8.06,-6.45,-34.4
327,-0.2,0.39,0.86,-9.7,-3.12,-31.69
328,-0.18,0.41,0.84,-10.7,3.38,-25.88
329,-0.19,0.42,0.8,-12.08,7.4,-22.97
330,-0.2,0.41,0.79,-13.95,4.68,-26.21
331,-0.25,0.4,0.79,-16.21,-6.73,-36.1
332,-0.24,0.38,0.8,-14.93,-14.51,-41.92
333,-0.25,0.37,0.84,-13.42,-19.69,-43.79
334,-0.24,0.37,0.86,-13.08,-19.05,-42.18
335,-0.25,0.34,0.88,-13.73,-15.51,-37.53
336,-0.25,0.34,0.89,-15.25,-9.49,-28.42
337,-0.27,0.34,0.87,-15.87,-2.41,-16.08
338,-0.3,0.35,0.83,-17.24,0.11,-8.58
339,-0.27,0.4,0.83,-20.09,-2.57,-7.61
340,-0.25,0.39,0.82,-22.11,-7.66,-11.61
341,-0.22,0.37,0.83,-23.08,-13.56,-17.18
342,-0.19,0.34,0.87,-22.89,-20.41,-24.21
343,-0.17,0.33,0.9,-21.67,-22.17,-27.22
344,-0.19,0.3,0.92,-19.83,-23.85,-28.71
345,-0.17,0.29,0.94,-19.55,-16.97,-24.1
346,-0.16,0.29,0.92,-19.79,1.58,-7.73
347,-0.21,0.3,0.86,-21.61,11.58,-1.6
348,-0.21,0.31,0.84,-23.95,12.56,-1.01
349,-0.21,0.31,0.78,-26.98,12.96,-2.57
350,-0.26,0.29,0.81,-28.89,1.36,-13.51
351,-0.24,0.25,0.82,-29.0,-9.6,-25.18
352,-0.24,0.21,0.89,-27.4,-20.48,-31.82
353,-0.25,0.19,0.95,-23.05,-32.56,-37.83
354,-0.2,0.2,0.98,-18.84,-31.6,-34.98
355,-0.19,0.21,0.95,-16.71,-21.68,-25.03
356,-0.21,0.23,0.94,-18.58,-15.6,-19.12
357,-0.18,0.25,0.9,-21.97,-7.04,-11.13
358,-0.17,0.27,0.87,-25.51,-0.37,-5.38
359,-0.17,0.27,0.85,-30.28,-1.93,-8.0
360,-0.17,0.26,0.85,-35.0,-0.63,-8.72
361,-0.23,0.2,0.89,-37.82,-6.84,-13.73
362,-0.24,0.18,0.96,-39.56,-13.78,-19.08
363,-0.22,0.14,0.99,-37.26,-12.0,-16.13
364,-0.24,0.12,1.04,-33.23,-13.8,-14.02
365,-0.21,0.12,1.02,-28.5,-12.25,-9.33
366,-0.2,0.13,1.01,-25.05,-10.36,-6.93
367,-0.2,0.15,1.01,-21.56,-14.26,-8.09
368,-0.15,0.2,0.99,-18.57,-13.75,-9.08
369,-0.14,0.22,0.96,-17.21,-10.88,-9.1
370,-0.16,0.21,0.93,-18.7,-10.15,-10.83
371,-0.18,0.18,0.94,-21.78,-11.02,-12.61
372,-0.16,0.18,0.96,-23.13,-9.79,-11.24
373,-0.17,0.18,0.96,-23.66,-7.09,-9.82
374,-0.19,0.15,0.98,-23.13,-8.82,-10.9
375,-0.17,0.15,0.99,-21.07,-10.1,-10.64
376,-0.16,0.15,0.99,-18.18,-8.07,-9.25
377,-0.16,0.14,0.97,-15.98,-8.33,-10.12
378,-0.13,0.18,0.94,-15.74,-5.86,-10.05
379,-0.14,0.18,0.91,-18.46,-0.74,-8.61
380,-0.19,0.15,0.93,-21.31,-3.86,-12.76
381,-0.18,0.13,0.92,-23.02,-6.49,-14.62
382,-0.18,0.12,0.95,-23.59,-5.37,-11.95
383,-0.19,0.12,0.96,-24.73,-7.31,-14.09
384,-0.17,0.1,0.96,-21.73,-7.53,-10.34
385,-0.19,0.1,0.96,-20.0,-7.08,-9.36
386,-0.19,0.11,0.96,-20.17,-7.37,-9.11
387,-0.17,0.13,0.94,-19.11,-4.4,-6.87
388,-0.18,0.14,0.91,-21.26,-2.6,-5.97
389,-0.18,0.13,0.93,-22.58,-6.22,-9.87
390,-0.16,0.12,0.94,-23.08,-7.67,-12.21
391,-0.16,0.12,0.97,-22.9,-8.85,-13.91
392,-0.15,0.1,0.98,-20.81,-11.43,-14.6
393,-0.14,0.11,0.99,-20.98,-10.48,-13.9
394,-0.14,0.12,0.98,-20.54,-6.6,-10.67
395,-0.17,0.1,0.96,-22.82,-6.54,-13.27
396,-0.2,0.07,0.98,-22.33,-11.8,-15.97
397,-0.17,0.06,1.0,-22.66,-10.29,-16.1
398,-0.16,0.06,1.02,-20.86,-6.26,-12.89
399,-0.18,0.06,1.03,-18.04,-5.21,-11.45
