,accel_x,accel_y,accel_z,gyro_x,gyro_y,gyro_z
0,-0.06,0.05,1.03,-5.35,-0.5,-5.07
1,-0.06,0.02,1.01,-3.1,-0.2,-5.84
2,-0.09,0.03,1.02,-2.37,-1.66,-6.32
3,-0.09,0.03,1.01,-2.11,-2.64,-5.98
4,-0.08,0.02,1.03,-2.32,-2.38,-4.4
5,-0.1,0.02,1.04,-2.44,-2.25,-3.79
6,-0.08,0.03,1.02,-2.38,-0.69,-2.86
7,-0.08,0.03,1.02,-2.24,-0.33,-1.89
8,-0.09,0.04,1.01,-1.24,-1.66,-1.3
9,-0.09,0.04,1.02,-0.5,-2.28,-1.18
10,-0.08,0.06,1.01,0.68,-2.79,-1.5
11,-0.07,0.07,1.01,1.56,-3.13,-1.93
12,-0.07,0.08,1.0,1.73,-2.8,-2.77
13,-0.08,0.09,0.99,1.53,-1.5,-3.22
14,-0.09,0.08,1.01,1.5,-0.87,-3.88
15,-0.08,0.08,1.02,1.93,-0.5,-3.54
16,-0.07,0.08,1.03,3.11,1.37,-2.45
17,-0.08,0.1,1.01,4.08,1.8,-1.37
18,-0.06,0.08,1.0,4.5,3.65,-4.02
19,-0.09,0.1,0.99,4.99,3.47,-4.09
20,-0.08,0.1,0.99,5.88,2.57,-5.98
21,-0.1,0.1,0.97,5.09,3.95,-5.92
22,-0.11,0.1,0.96,3.4,4.69,-5.28
23,-0.1,0.1,0.96,1.87,5.31,-5.08
24,-0.11,0.1,0.96,-0.11,6.06,-5.04
25,-0.11,0.1,0.95,-0.6,6.44,-4.27
26,-0.11,0.09,0.95,-0.24,7.51,-2.73
27,-0.12,0.09,0.95,0.66,6.88,-3.26
28,-0.12,0.08,0.94,1.48,5.71,-3.03
29,-0.12,0.07,0.93,0.52,3.97,-3.23
30,-0.13,0.07,0.91,-0.2,4.3,-2.37
31,-0.14,0.06,0.91,-0.46,2.89,-0.46
32,-0.14,0.05,0.93,-2.41,1.08,0.89
33,-0.13,0.06,0.94,-4.68,-0.29,0.81
34,-0.12,0.06,0.95,-5.41,-1.34,0.76
35,-0.12,0.07,0.96,-5.66,-1.63,0.67
36,-0.13,0.07,0.97,-4.03,-3.05,0.71
37,-0.11,0.08,0.98,-2.79,-2.6,0.53
38,-0.12,0.1,0.95,-2.11,-2.57,-0.01
39,-0.11,0.11,0.94,-2.85,-2.86,0.32
40,-0.1,0.11,0.94,-4.18,-3.51,1.22
41,-0.08,0.12,0.93,-4.6,-4.73,1.99
42,-0.07,0.12,0.94,-5.29,-5.02,1.93
43,-0.07,0.12,0.95,-4.95,-5.69,0.66
44,-0.04,0.1,0.97,-3.84,-6.33,1.21
45,-0.06,0.11,0.96,-4.98,-5.05,-0.56
46,-0.06,0.09,0.97,-5.08,-4.09,0.2
47,-0.06,0.08,0.97,-4.96,-3.14,1.18
48,-0.08,0.07,0.98,-5.08,-4.29,1.05
49,-0.07,0.06,1.0,-5.05,-6.85,-0.38
50,-0.06,0.06,1.02,-4.35,-6.49,-0.46
51,-0.07,0.06,1.04,-3.58,-4.7,-1.76
52,-0.06,0.06,1.05,-2.88,-2.68,-1.7
53,-0.06,0.06,1.04,-2.95,-0.43,-2.47
54,-0.06,0.07,1.03,-2.56,0.69,-3.01
55,-0.07,0.06,1.01,-1.62,0.74,-3.05
56,-0.07,0.07,1.01,-1.31,1.15,-2.48
57,-0.08,0.08,0.99,-1.08,1.04,-3.05
58,-0.09,0.08,0.98,-0.84,1.08,-3.01
59,-0.09,0.08,0.98,-0.82,1.37,-3.12
60,-0.08,0.08,0.97,-0.96,0.84,-1.28
61,-0.07,0.1,0.97,-1.92,0.76,-0.8
62,-0.08,0.09,0.96,-1.33,0.04,-0.24
63,-0.07,0.08,0.97,-0.22,-2.17,0.43
64,-0.07,0.07,0.97,0.5,-3.57,-0.54
65,-0.07,0.07,0.99,0.24,-3.77,-1.11
66,-0.08,0.07,1.0,-0.37,-2.92,-1.12
67,-0.09,0.08,0.99,-1.33,-1.69,-1.19
68,-0.08,0.09,0.97,-2.52,-1.08,-0.29
69,-0.09,0.08,0.97,-3.42,-1.79,-0.74
70,-0.09,0.08,0.97,-2.95,-3.6,-1.74
71,-0.08,0.08,0.98,-1.82,-4.6,-2.11
72,-0.08,0.07,0.99,-0.79,-5.33,-3.22
73,-0.02,0.09,1.03,0.47,-1.82,-2.5
74,-0.06,0.09,1.0,1.15,-1.26,-4.31
75,-0.08,0.08,1.01,2.7,0.44,-4.34
76,-0.07,0.07,1.0,4.22,1.47,-2.85
77,-0.08,0.08,1.0,4.69,2.7,-2.46
78,-0.06,0.09,0.98,5.27,2.88,-1.81
79,-0.06,0.1,0.98,5.15,3.21,-2.34
80,-0.06,0.09,0.96,5.35,3.05,-3.08
81,-0.07,0.1,0.95,5.14,1.48,-4.01
82,-0.06,0.11,0.95,4.69,1.44,-3.28
83,-0.06,0.11,0.95,3.98,1.68,-3.39
84,-0.06,0.12,0.96,2.97,1.59,-3.36
85,-0.05,0.14,0.95,1.04,0.88,-4.56
86,-0.04,0.15,0.97,1.18,0.08,-5.4
87,-0.05,0.16,0.98,1.55,0.02,-6.24
88,-0.05,0.16,1.0,3.05,0.77,-6.62
89,-0.06,0.15,1.02,4.89,1.82,-7.98
90,-0.05,0.16,1.01,6.64,2.81,-8.5
91,-0.07,0.16,1.02,7.92,3.78,-10.27
92,-0.08,0.17,1.01,8.24,5.78,-11.36
93,-0.07,0.2,0.99,7.12,8.93,-10.44
94,-0.1,0.19,0.98,6.56,11.98,-9.67
95,-0.12,0.19,0.96,4.85,13.85,-9.6
96,-0.12,0.2,0.94,3.47,14.87,-9.13
97,-0.13,0.2,0.93,3.08,14.16,-8.24
98,-0.15,0.2,0.9,2.29,11.81,-8.54
99,-0.15,0.19,0.9,1.6,9.05,-8.43
100,-0.16,0.18,0.89,0.75,5.57,-7.66
101,-0.16,0.17,0.88,-0.94,2.61,-7.27
102,-0.16,0.16,0.87,-2.6,0.12,-7.1
103,-0.16,0.14,0.88,-4.94,-1.47,-5.86
104,-0.18,0.11,0.9,-5.99,-1.76,-2.69
105,-0.18,0.09,0.91,-6.67,-0.63,0.35
106,-0.18,0.06,0.93,-6.42,-1.23,2.93
107,-0.17,0.06,0.96,-4.85,-0.12,4.16
108,-0.18,0.03,0.98,-1.65,-0.18,4.8
109,-0.16,0.03,0.99,1.86,-0.02,4.79
110,-0.13,0.05,1.0,3.37,2.32,5.35
111,-0.13,0.07,0.96,2.28,5.69,4.77
112,-0.12,0.07,0.95,1.38,7.74,6.0
113,-0.13,0.06,0.94,0.52,9.44,7.18
114,-0.15,0.06,0.93,-1.12,6.45,6.56
115,-0.13,0.06,0.94,-0.56,3.89,7.92
116,-0.1,0.07,0.95,0.47,1.87,6.55
117,-0.08,0.07,0.96,-1.34,0.61,4.22
118,-0.07,0.08,0.95,-5.44,0.43,1.76
119,-0.06,0.08,0.97,-8.34,-0.65,-1.34
120,-0.06,0.06,0.98,-7.69,0.96,-2.46
121,-0.04,0.04,1.01,-5.61,3.74,-2.03
122,-0.05,0.03,1.02,-4.37,7.2,-4.53
123,-0.05,-0.0,1.04,-1.49,11.86,-6.21
124,-0.05,-0.01,1.04,0.13,16.68,-6.51
125,-0.09,-0.0,1.02,2.15,17.63,-9.53
126,-0.08,0.01,1.0,4.89,19.3,-10.99
127,-0.08,0.02,0.96,7.08,19.01,-12.4
128,-0.1,0.04,0.93,9.18,13.82,-14.2
129,-0.08,0.06,0.93,9.04,18.02,-14.64
130,-0.12,0.09,0.9,6.93,15.05,-16.29
131,-0.16,0.14,0.92,1.73,17.05,-14.54
132,-0.15,0.17,0.93,-3.48,21.24,-10.55
133,-0.16,0.21,0.97,-7.85,26.47,-7.74
134,-0.16,0.23,0.99,-9.05,31.89,-4.76
135,-0.19,0.27,0.98,-7.33,28.18,-6.4
136,-0.21,0.26,1.0,-0.41,23.91,-6.18
137,-0.23,0.25,1.0,8.18,16.81,-6.95
138,-0.23,0.25,0.98,14.28,9.79,-7.07
139,-0.22,0.24,0.98,17.14,4.18,-7.29
140,-0.21,0.24,0.97,18.46,-1.5,-8.6
141,-0.22,0.24,0.96,17.21,-5.28,-8.47
142,-0.2,0.23,0.97,14.88,-5.87,-6.01
143,-0.21,0.23,0.97,10.95,-5.72,-5.17
144,-0.2,0.23,0.96,5.33,-4.75,-5.75
145,-0.19,0.23,0.96,1.12,-3.05,-4.85
146,-0.18,0.22,0.95,-0.11,-0.46,-3.94
147,-0.17,0.21,0.97,0.05,-0.61,-4.81
148,-0.17,0.21,0.95,-0.56,0.94,-4.22
149,-0.17,0.2,0.93,0.12,1.73,-3.0
150,-0.17,0.19,0.91,0.29,1.12,-2.5
151,-0.19,0.17,0.93,-0.47,-2.6,-2.19
152,-0.19,0.16,0.95,-0.77,-4.84,-2.44
153,-0.19,0.15,0.95,-0.09,-5.53,-0.74
154,-0.19,0.12,0.95,0.76,-7.21,-0.28
155,-0.18,0.13,0.96,0.35,-8.67,0.13
156,-0.17,0.13,0.96,0.0,-8.75,0.88
157,-0.17,0.12,0.96,-1.27,-8.24,1.24
158,-0.16,0.14,0.97,-3.18,-6.5,1.2
159,-0.15,0.14,0.96,-4.31,-3.27,1.34
160,-0.15,0.14,0.94,-4.03,-1.31,0.92
161,-0.17,0.14,0.93,-5.35,-0.84,0.68
162,-0.14,0.17,0.91,-7.77,2.21,2.38
163,-0.15,0.17,0.9,-10.96,5.5,1.78
164,-0.15,0.18,0.88,-14.53,8.21,1.1
165,-0.16,0.17,0.86,-16.83,9.84,3.11
166,-0.18,0.12,0.86,-17.85,7.17,2.9
167,-0.2,0.09,0.91,-17.55,-4.32,-0.04
168,-0.21,0.07,0.94,-14.64,-15.53,-2.71
169,-0.18,0.07,0.98,-10.58,-22.82,-3.93
170,-0.18,0.07,1.01,-8.17,-26.24,-6.09
171,-0.18,0.08,1.04,-7.47,-24.94,-5.78
172,-0.18,0.1,1.05,-8.18,-21.42,-4.3
173,-0.16,0.13,1.02,-9.92,-13.24,-0.96
174,-0.17,0.17,0.96,-12.32,-6.91,1.21
175,-0.17,0.19,0.93,-14.64,-1.78,4.33
176,-0.19,0.18,0.88,-16.72,1.21,7.2
177,-0.21,0.19,0.85,-19.75,0.05,7.67
178,-0.21,0.19,0.86,-22.86,-2.31,8.85
179,-0.18,0.18,0.86,-25.14,-3.05,11.54
180,-0.19,0.13,0.88,-24.63,-8.79,11.38
181,-0.18,0.09,0.92,-20.54,-20.23,8.5
182,-0.11,0.07,1.02,-16.0,-27.79,8.07
183,-0.12,0.09,1.04,-14.88,-35.88,3.29
184,-0.11,0.07,1.1,-14.61,-32.2,-1.65
185,-0.08,0.08,1.11,-14.66,-21.4,-1.17
186,-0.1,0.09,1.08,-13.97,-8.11,0.21
187,-0.12,0.08,1.05,-13.79,4.26,3.4
188,-0.14,0.09,0.98,-15.13,12.33,6.99
189,-0.16,0.11,0.92,-18.53,12.73,7.73
190,-0.16,0.12,0.91,-20.73,9.6,6.06
191,-0.16,0.13,0.9,-21.54,5.24,5.37
192,-0.15,0.1,0.89,-16.7,-1.54,6.05
193,-0.15,0.1,0.91,-13.25,-12.8,0.69
194,-0.12,0.09,0.94,-10.66,-22.48,-2.43
195,-0.11,0.09,0.96,-9.28,-24.76,-2.88
196,-0.12,0.08,0.99,-10.4,-22.11,-2.53
197,-0.13,0.1,0.99,-12.9,-16.48,0.66
198,-0.12,0.1,0.98,-16.13,-8.33,4.17
199,-0.13,0.13,0.96,-17.39,-1.8,5.44
200,-0.13,0.15,0.92,-18.13,0.15,6.22
201,-0.1,0.13,0.89,-16.93,3.12,10.73
202,-0.12,0.05,0.86,-12.03,0.96,12.38
203,-0.14,0.03,0.92,-12.48,-15.45,5.31
204,-0.15,-0.0,0.96,-11.63,-29.46,1.55
205,-0.13,-0.0,1.03,-10.41,-35.1,0.64
206,-0.13,-0.0,1.06,-11.7,-37.53,-1.77
207,-0.12,0.0,1.09,-11.31,-36.11,-0.24
208,-0.13,0.01,1.1,-7.37,-33.29,1.5
209,-0.13,0.03,1.05,-4.37,-31.23,4.72
210,-0.1,0.05,1.01,-3.27,-27.87,7.85
211,-0.09,0.08,0.98,-4.43,-23.88,8.64
212,-0.11,0.09,0.92,-7.05,-23.12,8.7
213,-0.1,0.1,0.91,-10.78,-22.01,11.02
214,-0.06,0.13,0.89,-14.62,-20.62,15.55
215,-0.04,0.13,0.87,-18.39,-19.5,18.27
216,-0.02,0.12,0.88,-22.5,-24.13,16.99
217,-0.0,0.11,0.9,-22.14,-34.06,15.95
218,0.03,0.06,0.91,-18.4,-43.69,15.29
219,0.08,0.03,0.93,-15.85,-50.08,15.92
220,0.12,0.01,0.98,-15.02,-52.18,14.58
221,0.2,0.01,1.05,-15.04,-45.2,14.5
222,0.24,-0.01,1.07,-15.9,-34.88,13.87
223,0.28,-0.05,1.06,-14.95,-19.89,13.09
224,0.3,-0.1,1.06,-10.32,-7.02,9.02
225,0.31,-0.18,1.05,-0.57,6.02,8.6
226,0.3,-0.24,0.98,10.12,10.54,6.97
227,0.32,-0.36,0.96,20.73,16.86,11.23
228,0.31,-0.62,0.93,40.14,20.46,26.63
229,0.34,-1.09,1.16,69.65,16.28,51.57
230,0.3,-1.77,1.49,124.56,-14.15,79.11
231,0.31,-2.0,2.0,188.21,-37.02,92.28
232,0.16,-2.0,2.0,222.6,-65.16,61.08
233,0.16,-2.0,2.0,168.03,-54.27,12.94
234,0.25,-2.0,2.0,90.59,-32.96,-30.96
235,0.4,-2.0,2.0,126.42,55.95,14.89
236,0.69,-2.0,2.0,143.74,155.56,31.98
237,0.75,-2.0,1.78,125.99,167.92,15.37
238,0.72,-2.0,1.0,121.5,148.47,-1.92
239,0.41,-1.46,0.34,127.37,101.56,-27.19
240,0.23,-0.7,0.13,173.49,105.6,-43.08
241,-0.55,0.08,-0.41,122.03,81.3,19.1
242,-0.5,0.26,-0.14,54.16,28.37,64.95
243,-0.48,0.59,-0.21,50.02,1.85,96.19
244,-0.35,1.21,0.08,56.85,-31.31,104.59
245,-0.16,2.0,0.4,8.19,-14.18,97.5
246,0.12,2.0,0.57,-76.96,126.11,134.5
247,0.91,2.0,0.5,-77.27,250.13,229.78
248,1.75,2.0,0.3,55.63,250.13,250.13
249,2.0,2.0,0.16,250.13,250.13,99.7
250,2.0,2.0,-2.0,250.13,6.48,-250.14
251,0.85,2.0,-2.0,250.13,101.11,-250.14
252,0.53,2.0,-2.0,8.14,-46.01,-250.14
253,0.46,2.0,-0.9,-38.34,-47.33,-249.8
254,-0.22,0.83,-0.22,-22.66,-116.28,-230.72
255,-0.78,-0.2,0.57,58.62,-242.36,-250.14
256,-0.72,-0.74,1.71,100.19,-250.14,-250.14
257,-1.08,-0.6,1.57,117.82,-173.89,-246.21
258,-1.17,-0.4,1.06,111.47,-85.34,-130.92
259,-1.36,-0.09,0.81,62.42,-38.86,-84.89
260,-1.36,-0.06,0.73,13.66,-16.71,-46.52
261,-1.39,-0.07,0.67,-36.52,-26.8,-24.2
262,-1.38,-0.13,0.66,-55.05,-44.64,1.82
263,-1.24,-0.15,0.7,-48.82,-47.53,28.37
264,-0.96,-0.05,0.79,-26.6,-44.36,52.71
265,-0.73,0.13,0.77,-10.56,-27.4,72.01
266,-0.49,0.29,0.72,-8.33,-9.93,79.58
267,-0.43,0.4,0.72,-27.67,1.14,84.6
268,-0.36,0.4,0.73,-44.81,17.63,86.5
269,-0.34,0.44,0.73,-66.01,29.69,86.42
270,-0.37,0.45,0.65,-77.34,33.08,93.53
271,-0.34,0.5,0.61,-80.42,24.27,93.7
272,-0.34,0.53,0.63,-68.57,5.95,92.13
273,-0.32,0.55,0.68,-56.24,-26.49,80.92
274,-0.23,0.51,0.78,-38.06,-56.25,65.71
275,-0.15,0.55,0.96,-18.69,-82.95,57.44
276,-0.09,0.74,1.02,-17.82,-83.53,94.82
277,-0.04,0.89,0.94,-41.2,-63.83,145.74
278,0.08,0.56,1.14,-22.31,-54.35,97.25
279,0.07,0.49,1.22,-30.07,-35.86,59.34
280,0.09,0.28,1.26,-32.15,-20.84,53.07
281,0.07,0.38,1.26,-24.79,-11.56,40.82
282,0.0,0.35,1.2,-12.72,-4.41,24.01
283,0.01,0.28,1.15,1.89,-6.92,7.52
284,-0.05,0.39,1.06,13.43,-7.04,-4.2
285,-0.05,0.45,0.96,19.67,-4.4,-11.93
286,-0.09,0.48,0.84,20.97,-3.05,-19.28
287,-0.15,0.48,0.75,18.24,-0.02,-17.86
288,-0.2,0.5,0.64,9.62,0.23,-13.53
289,-0.24,0.47,0.61,-3.81,-8.49,-12.41
290,-0.26,0.46,0.66,-18.79,-17.11,-8.67
291,-0.28,0.4,0.71,-26.78,-27.98,-5.41
292,-0.24,0.3,0.9,-27.03,-29.98,1.98
293,-0.22,0.31,1.0,-24.92,-41.3,2.63
294,-0.15,0.39,0.96,-19.34,-44.82,15.23
295,-0.06,0.35,1.07,-7.36,-41.8,2.02
296,-0.01,0.41,1.03,-2.62,-22.28,5.09
297,0.04,0.37,1.06,-3.37,-8.56,-15.29
298,-0.04,0.46,0.88,3.46,3.44,-17.32
299,-0.1,0.45,0.75,-0.27,11.13,-18.44
300,-0.17,0.44,0.68,-7.92,5.98,-20.68
301,-0.2,0.42,0.65,-16.46,1.36,-18.27
302,-0.23,0.37,0.67,-23.29,-3.05,-15.0
303,-0.25,0.3,0.76,-25.35,-7.15,-7.81
304,-0.24,0.19,0.89,-23.43,-14.51,-7.57
305,-0.17,0.25,0.94,-20.6,-10.43,-7.48
306,-0.15,0.25,0.93,-16.41,-4.97,-10.07
307,-0.15,0.28,0.89,-10.21,-3.93,-11.37
308,-0.15,0.3,0.83,-6.69,-5.08,-18.11
309,-0.15,0.29,0.79,-4.35,-10.05,-24.2
310,-0.19,0.31,0.74,-8.29,-17.02,-28.21
311,-0.23,0.34,0.75,-13.06,-23.18,-27.9
312,-0.24,0.37,0.77,-20.43,-21.86,-9.56
313,-0.21,0.23,0.84,-34.29,-16.36,-12.7
314,-0.15,0.24,0.99,-46.82,-0.54,2.55
315,-0.12,0.36,0.97,-47.54,4.09,11.66
316,-0.13,0.35,0.97,-42.78,9.66,20.15
317,-0.14,0.13,1.0,-43.47,12.92,10.64
318,-0.12,0.37,0.89,-25.74,-23.89,-5.36
319,-0.03,0.28,0.87,-27.84,-24.24,-20.79
320,-0.19,0.16,0.97,-21.5,-32.11,-33.58
321,-0.14,0.22,0.94,-13.03,-31.27,-27.5
322,-0.12,0.25,0.95,-10.79,-23.35,-17.16
323,-0.13,0.21,0.99,-18.16,-18.63,-17.03
324,-0.14,0.2,0.99,-27.45,-12.6,-15.25
325,-0.12,0.19,1.02,-35.92,-3.6,-15.68
326,-0.11,0.18,1.02,-37.03,10.3,-7.46
327,-0.11,0.18,0.99,-36.7,18.05,-0.05
328,-0.15,0.19,0.96,-34.31,17.77,3.03
329,-0.18,0.19,0.91,-25.98,3.71,1.62
330,-0.18,0.2,0.9,-21.23,-15.3,-6.82
331,-0.16,0.21,0.92,-11.19,-29.8,-9.23
332,-0.12,0.2,0.94,-8.02,-33.78,-10.26
333,-0.08,0.24,0.97,-11.85,-28.92,-9.97
334,-0.08,0.25,0.96,-19.37,-18.37,-6.53
335,-0.1,0.24,0.95,-28.42,-2.63,-0.46
336,-0.16,0.21,0.94,-35.6,6.49,4.03
337,-0.18,0.19,0.92,-40.61,14.27,11.85
338,-0.18,0.17,0.91,-43.08,13.66,15.34
339,-0.16,0.17,0.92,-47.4,12.45,16.85
340,-0.18,0.17,0.92,-41.72,2.66,20.27
341,-0.16,0.13,0.94,-32.84,-14.49,16.44
342,-0.15,0.11,0.96,-19.63,-35.31,6.95
343,-0.1,0.13,1.01,-5.47,-46.15,6.77
344,-0.08,0.15,1.03,1.48,-47.32,6.25
345,-0.03,0.2,1.05,-0.56,-40.58,7.49
346,-0.01,0.2,1.03,-4.67,-27.57,9.6
347,0.0,0.2,1.01,-12.23,-11.08,13.21
348,-0.06,0.18,1.05,-21.9,1.72,13.18
349,-0.02,0.16,1.0,-22.76,5.19,18.38
350,-0.07,0.16,0.97,-21.76,7.33,24.52
351,-0.13,0.12,0.96,-17.97,1.74,20.26
352,-0.14,0.12,0.95,-13.45,-7.66,16.53
353,-0.12,0.13,1.0,-11.5,-14.24,14.09
354,-0.11,0.15,0.99,-9.04,-16.12,12.92
355,-0.08,0.14,1.01,-8.47,-16.93,11.31
356,-0.05,0.15,1.03,-10.09,-16.87,7.82
357,-0.01,0.17,1.06,-9.64,-12.54,6.83
358,0.01,0.16,1.07,-9.5,-4.9,6.07
359,-0.01,0.14,1.07,-10.53,2.6,2.69
360,-0.02,0.14,1.05,-11.62,7.54,0.21
361,-0.02,0.15,1.04,-12.48,9.35,0.89
362,-0.04,0.16,1.03,-11.17,10.34,2.26
363,-0.07,0.16,1.01,-11.44,10.43,1.21
364,-0.08,0.15,1.01,-10.89,10.02,1.12
365,-0.06,0.14,1.04,-8.71,8.82,1.3
366,-0.07,0.14,1.03,-6.52,6.84,1.01
367,-0.09,0.14,1.02,-4.56,6.66,0.51
368,-0.1,0.15,0.98,-3.91,5.52,-0.88
369,-0.11,0.16,0.99,-2.24,5.77,-1.21
370,-0.11,0.18,0.97,-2.3,3.64,0.16
371,-0.11,0.19,0.94,-3.37,-0.31,0.92
372,-0.1,0.2,0.94,-5.5,-1.75,1.92
373,-0.11,0.2,0.93,-6.41,-4.21,1.47
374,-0.1,0.2,0.92,-8.88,-5.87,-0.22
375,-0.1,0.17,0.96,-8.14,-4.46,-0.54
376,-0.12,0.18,0.98,-6.89,-3.37,0.55
377,-0.1,0.16,0.99,-4.89,-1.44,-1.13
378,-0.09,0.17,1.0,-4.24,0.26,-1.89
379,-0.09,0.17,1.0,-3.47,1.46,-4.23
380,-0.08,0.17,0.99,-2.43,5.1,-4.18
381,-0.07,0.18,0.98,-2.23,8.33,-4.06
382,-0.09,0.19,0.95,-4.56,10.78,-3.31
383,-0.1,0.19,0.92,-8.47,14.23,-0.31
384,-0.13,0.19,0.89,-10.35,13.04,0.54
385,-0.17,0.17,0.87,-12.26,7.95,1.15
386,-0.18,0.17,0.9,-14.1,1.45,2.53
387,-0.16,0.17,0.9,-14.87,-3.87,4.75
388,-0.16,0.17,0.92,-15.44,-6.4,5.83
389,-0.13,0.18,0.95,-16.66,-8.0,5.42
390,-0.11,0.18,0.95,-17.25,-5.56,6.82
391,-0.1,0.19,0.92,-17.79,-2.68,6.91
392,-0.11,0.2,0.92,-19.08,-2.16,5.39
393,-0.11,0.18,0.9,-19.12,-3.77,6.08
394,-0.11,0.18,0.88,-20.62,-8.23,3.98
395,-0.1,0.17,0.86,-23.22,-13.05,2.02
396,-0.11,0.14,0.91,-25.97,-17.76,0.44
397,-0.09,0.14,0.93,-24.33,-21.07,-1.03
398,-0.08,0.13,0.94,-25.12,-21.56,-2.05
399,-0.07,0.13,0.98,-25.21,-19.21,-1.54
