,accel_x,accel_y,accel_z,gyro_x,gyro_y,gyro_z
0,-0.25,-0.03,1.02,-9.49,13.18,-7.93
1,-0.3,-0.03,1.0,-10.17,8.87,-9.95
2,-0.3,-0.02,1.0,-9.45,5.13,-9.22
3,-0.31,-0.02,0.97,-8.98,2.18,-7.65
4,-0.32,-0.04,0.98,-9.18,-0.49,-7.39
5,-0.33,-0.04,0.99,-11.08,-6.12,-10.73
6,-0.32,-0.06,1.02,-10.76,-11.1,-13.96
7,-0.32,-0.05,1.04,-7.6,-13.44,-13.44
8,-0.3,-0.04,1.05,-3.17,-12.99,-10.63
9,-0.3,-0.02,1.04,0.87,-9.58,-5.76
10,-0.3,0.0,1.01,1.53,-6.8,-3.83
11,-0.29,0.01,0.98,1.85,-5.76,-1.02
12,-0.3,0.01,0.98,1.17,-8.44,-0.11
13,-0.29,0.02,0.96,1.2,-13.72,-0.21
14,-0.3,0.03,0.98,1.21,-20.25,-4.06
15,-0.27,0.01,0.99,1.71,-20.95,-0.42
16,-0.28,0.02,0.98,1.53,-22.62,-1.24
17,-0.22,0.03,0.97,0.0,-23.59,-1.76
18,-0.17,0.04,0.96,-1.34,-22.12,-3.01
19,-0.15,0.01,0.96,-1.82,-21.5,-6.23
20,-0.14,-0.01,0.99,-2.05,-24.87,-10.34
21,-0.12,-0.02,1.01,-2.11,-26.18,-13.16
22,-0.11,-0.02,1.0,-1.49,-20.73,-14.83
23,-0.12,-0.03,1.03,-1.75,-16.69,-15.87
24,-0.16,-0.05,1.02,0.34,-14.85,-20.11
25,-0.13,-0.04,1.04,2.71,-11.03,-17.27
26,-0.15,-0.04,0.98,7.1,-5.24,-15.33
27,-0.16,-0.03,0.94,7.95,-2.17,-15.65
28,-0.2,-0.04,0.91,7.66,-3.25,-16.15
29,-0.21,-0.02,0.89,6.26,-7.43,-18.2
30,-0.21,0.0,0.88,1.89,-11.44,-21.69
31,-0.19,0.0,0.88,-1.27,-14.28,-26.76
32,-0.19,-0.01,0.89,-3.15,-14.44,-26.45
33,-0.19,-0.04,0.93,-4.34,-15.37,-30.01
34,-0.17,-0.06,0.97,-2.91,-15.34,-27.91
35,-0.18,-0.07,0.98,0.89,-15.32,-25.98
36,-0.18,-0.07,0.98,6.43,-15.69,-20.63
37,-0.16,-0.07,1.0,10.37,-13.47,-12.67
38,-0.18,-0.05,0.99,11.53,-13.78,-12.96
39,-0.18,-0.02,0.99,11.56,-15.75,-14.42
40,-0.17,-0.02,0.98,12.6,-13.08,-14.18
41,-0.18,0.01,1.0,3.11,-10.47,-18.19
42,-0.21,0.02,0.95,8.18,-8.13,-14.12
43,-0.15,0.03,0.95,9.84,-6.82,-9.24
44,-0.13,0.03,0.93,6.98,-4.75,-5.43
45,-0.12,0.02,0.93,2.39,-5.82,-8.11
46,-0.06,0.01,1.0,-4.15,-15.4,-22.05
47,0.02,0.01,1.07,-6.63,-15.69,-28.56
48,0.05,-0.03,1.13,-4.34,-9.08,-31.06
49,0.04,-0.03,1.13,-2.5,-1.47,-34.51
50,-0.0,-0.03,1.11,0.37,8.59,-33.98
51,-0.05,-0.01,1.11,3.83,16.4,-29.38
52,-0.09,0.01,0.99,6.6,19.44,-25.82
53,-0.11,0.04,0.91,4.41,19.02,-27.47
54,-0.13,0.07,0.82,0.71,18.39,-30.63
55,-0.15,0.11,0.8,-6.79,17.27,-31.97
56,-0.18,0.14,0.77,-15.04,14.76,-32.32
57,-0.25,0.13,0.73,-22.59,4.56,-34.88
58,-0.3,0.11,0.86,-32.17,-13.47,-39.47
59,-0.29,0.05,0.96,-31.05,-28.35,-39.73
60,-0.26,0.01,1.04,-25.89,-38.2,-38.74
61,-0.18,-0.01,1.13,-18.15,-38.89,-35.84
62,-0.1,0.0,1.14,-7.64,-27.54,-26.99
63,-0.05,0.03,1.09,-0.21,-12.87,-18.69
64,-0.01,0.06,1.01,4.03,-2.82,-13.85
65,-0.02,0.08,0.93,3.48,5.97,-13.98
66,-0.04,0.08,0.84,1.92,6.87,-10.99
67,-0.07,0.12,0.79,-10.94,-1.46,-20.16
68,-0.11,0.03,0.81,-19.37,-20.18,-21.14
69,-0.05,-0.01,0.85,-29.45,-25.31,-23.52
70,-0.02,-0.07,0.89,-35.56,-24.34,-23.03
71,-0.04,-0.14,0.98,-40.55,-21.99,-28.37
72,-0.07,-0.18,1.08,-40.69,-21.47,-30.8
73,-0.08,-0.2,1.16,-32.23,-19.79,-30.58
74,-0.07,-0.18,1.18,-18.44,-9.97,-22.92
75,-0.04,-0.14,1.12,-7.31,3.05,-9.54
76,-0.02,-0.07,0.99,-3.47,11.14,-10.99
77,-0.03,-0.04,0.95,-4.69,17.86,-11.16
78,-0.04,-0.02,0.89,-6.89,19.3,-11.82
79,-0.03,-0.01,0.86,-13.03,16.6,-19.11
80,-0.05,-0.01,0.89,-20.17,8.25,-24.3
81,-0.07,-0.0,0.97,-26.21,2.15,-30.34
82,-0.07,-0.02,1.04,-26.02,0.82,-32.12
83,-0.07,-0.02,1.06,-21.52,3.4,-33.07
84,-0.07,-0.03,1.09,-15.18,10.27,-24.75
85,-0.09,-0.04,1.07,-11.31,13.35,-20.92
86,-0.11,-0.06,1.06,-5.6,13.72,-18.35
87,-0.1,-0.07,1.01,-1.9,4.87,-18.39
88,-0.09,-0.08,0.98,0.32,-1.4,-19.35
89,-0.08,-0.09,0.94,2.86,-2.52,-15.73
90,-0.08,-0.08,0.91,2.19,-2.34,-13.05
91,-0.11,-0.1,0.9,0.52,-0.56,-9.13
92,-0.11,-0.11,0.9,-1.72,0.42,-4.93
93,-0.09,-0.12,0.88,-4.02,-0.82,-1.6
94,-0.04,-0.1,0.87,-6.33,-6.76,-2.73
95,-0.02,-0.11,0.86,-6.58,-15.59,-3.84
96,-0.04,-0.14,0.87,-7.82,-27.24,-8.4
97,-0.04,-0.16,0.93,-11.15,-35.67,-13.07
98,-0.01,-0.19,1.02,-12.37,-34.12,-11.5
99,0.03,-0.18,1.04,-10.33,-24.61,-4.18
100,0.04,-0.15,1.05,-9.44,-15.08,2.17
101,0.03,-0.12,1.02,-7.27,-10.99,3.73
102,0.03,-0.06,0.99,-4.66,-10.87,2.28
103,0.06,-0.02,0.97,-4.62,-9.44,-0.3
104,0.12,0.02,0.9,-4.24,-12.9,-2.72
105,0.17,0.03,0.88,-7.63,-12.75,-5.99
106,0.16,0.0,0.87,-10.63,-12.79,-5.6
107,0.12,-0.04,0.92,-17.44,-16.07,-12.59
108,0.1,-0.09,1.0,-21.02,-14.59,-16.02
109,0.1,-0.11,1.03,-20.87,-5.95,-12.63
110,0.06,-0.13,1.02,-20.31,5.92,-8.12
111,-0.01,-0.11,1.03,-20.79,11.75,-5.27
112,-0.04,-0.11,1.01,-17.77,12.64,-0.1
113,-0.03,-0.11,0.99,-13.6,11.86,2.75
114,-0.04,-0.1,0.97,-11.39,8.79,3.4
115,-0.03,-0.1,0.97,-9.75,5.2,2.98
116,-0.02,-0.1,0.96,-7.52,3.71,2.19
117,-0.0,-0.08,0.94,-5.19,3.79,4.15
118,-0.03,-0.07,0.92,-4.51,4.0,2.93
119,-0.02,-0.05,0.91,-6.84,4.38,0.58
120,-0.03,-0.04,0.89,-9.65,7.63,0.21
121,-0.05,-0.05,0.92,-11.88,9.95,0.52
122,-0.07,-0.08,0.94,-11.31,8.02,0.35
123,-0.08,-0.1,0.97,-9.08,5.88,1.01
124,-0.1,-0.12,0.99,-6.53,1.94,-1.51
125,-0.12,-0.12,1.01,-5.53,0.05,-2.36
126,-0.14,-0.13,1.03,-4.54,0.88,-0.68
127,-0.15,-0.11,1.02,-4.48,2.09,2.37
128,-0.16,-0.09,1.02,-4.44,1.97,5.07
129,-0.17,-0.07,1.02,-4.21,0.01,6.32
130,-0.16,-0.06,1.03,-3.47,-2.12,9.37
131,-0.18,-0.06,1.05,-3.31,-3.52,11.45
132,-0.18,-0.06,1.06,-4.06,-3.9,14.18
133,-0.17,-0.07,1.07,-4.56,-3.66,16.73
134,-0.17,-0.07,1.07,-4.33,-5.33,17.87
135,-0.16,-0.06,1.08,-3.4,-8.5,15.96
136,-0.15,-0.06,1.11,1.02,-12.15,15.66
137,-0.12,-0.04,1.1,6.44,-17.0,15.14
138,-0.08,-0.02,1.05,11.65,-18.63,16.6
139,-0.07,-0.0,1.01,14.06,-17.1,15.85
140,-0.07,0.0,0.94,14.96,-17.56,15.86
141,-0.05,-0.0,0.88,12.18,-16.21,16.94
142,-0.01,-0.01,0.83,5.61,-16.43,16.77
143,-0.01,-0.02,0.83,-2.01,-19.21,11.53
144,-0.02,-0.0,0.84,-9.91,-23.4,4.63
145,-0.06,-0.02,0.89,-16.74,-23.58,-0.95
146,-0.08,-0.06,0.96,-18.18,-21.02,1.94
147,-0.09,-0.06,0.99,-17.15,-17.6,4.14
148,-0.11,-0.04,0.99,-15.92,-14.8,6.03
149,-0.13,-0.01,1.01,-16.82,-17.02,4.56
150,-0.15,0.03,0.98,-19.87,-19.08,0.37
151,-0.11,0.06,1.01,-20.63,-16.37,3.37
152,-0.07,0.08,1.01,-15.13,-23.24,9.08
153,-0.03,0.08,0.89,-9.21,-23.58,15.32
154,0.04,0.04,0.82,-9.75,-30.85,11.89
155,0.12,-0.0,0.8,-16.95,-34.58,3.45
156,0.14,-0.08,0.79,-29.63,-39.56,-2.63
157,0.09,-0.27,0.88,-43.19,-45.82,-14.4
158,0.11,-0.47,1.06,-51.18,-48.02,-22.29
159,0.11,-0.7,1.23,-45.18,-40.74,-16.85
160,0.18,-0.86,1.38,-35.31,-39.23,-13.99
161,0.27,-0.99,1.48,-22.88,-25.93,-8.55
162,0.25,-1.14,1.49,-3.33,-10.13,4.78
163,0.23,-1.29,1.46,15.27,2.14,14.3
164,0.22,-1.43,1.43,22.02,-2.5,10.43
165,0.22,-1.65,1.45,26.87,-2.98,11.56
166,0.18,-1.91,1.45,20.47,-1.7,13.18
167,0.31,-2.0,1.33,0.89,32.38,49.0
168,0.2,-2.0,0.96,-39.53,64.67,93.77
169,-0.14,-2.0,1.24,-49.46,42.37,50.86
170,-0.65,-2.0,2.0,-39.56,-35.21,-65.19
171,-0.15,-2.0,2.0,101.0,-107.78,33.42
172,0.41,-2.0,2.0,226.56,-96.7,89.35
173,0.9,-2.0,1.57,250.13,-17.24,98.77
174,0.88,-2.0,0.71,250.13,72.56,98.79
175,0.55,-2.0,-0.04,250.13,118.64,113.69
176,0.13,-1.13,-0.54,250.13,135.06,122.34
177,-0.14,-0.09,-0.93,234.71,110.52,151.55
178,-0.2,0.86,-1.11,159.12,61.12,165.9
179,0.26,1.48,-0.97,75.47,42.29,124.95
180,0.7,1.81,-0.72,0.73,71.45,99.87
181,0.66,1.91,-0.28,-33.27,96.87,106.68
182,0.32,2.0,0.27,-38.95,117.24,114.89
183,-0.11,2.0,0.71,-17.4,65.47,123.15
184,0.17,2.0,0.95,85.01,41.37,188.3
185,2.0,2.0,-0.65,144.47,140.93,234.98
186,2.0,2.0,-2.0,95.79,250.13,103.79
187,2.0,2.0,-2.0,-62.1,250.13,-92.56
188,1.29,2.0,-1.38,-119.89,194.53,-219.33
189,-1.18,0.59,-0.13,-80.89,-179.02,-250.14
190,-0.84,-0.65,0.73,92.59,-250.14,-250.14
191,0.44,-0.81,1.58,-86.65,-250.14,-250.14
192,0.38,-2.0,2.0,22.62,-91.79,-250.14
193,-1.58,-1.69,2.0,-113.81,-50.61,-250.14
194,-0.7,-2.0,2.0,30.1,29.7,-32.56
195,-1.04,-0.96,2.0,17.13,93.9,6.22
196,-0.91,-0.66,1.66,88.33,124.58,76.93
197,-0.83,-0.24,1.26,97.15,86.27,54.2
198,-0.75,0.02,0.99,96.66,56.6,19.42
199,-0.72,0.17,0.9,102.11,20.15,8.51
200,-0.6,0.28,0.68,112.03,-1.9,11.72
201,-0.36,0.2,0.23,97.24,8.77,44.47
202,-0.54,0.36,0.22,50.29,0.99,44.28
203,-0.5,0.38,0.28,13.8,6.98,28.63
204,-0.46,0.35,0.53,-10.87,17.23,29.43
205,-0.42,0.33,0.69,-3.54,37.13,47.13
206,-0.37,0.36,0.72,4.1,43.58,57.35
207,-0.27,0.41,0.71,11.69,43.73,56.99
208,-0.25,0.5,0.6,16.4,45.53,44.91
209,-0.25,0.58,0.51,15.53,38.11,29.9
210,-0.27,0.62,0.49,6.21,36.21,23.58
211,-0.26,0.64,0.39,-8.17,34.48,20.1
212,-0.22,0.63,0.39,-36.31,26.55,9.76
213,-0.18,0.55,0.53,-62.59,16.52,-1.29
214,-0.15,0.42,0.72,-74.67,4.53,-7.08
215,-0.09,0.32,0.89,-74.92,-7.2,-14.62
216,-0.06,0.25,1.03,-68.99,-13.9,-22.27
217,-0.06,0.19,1.07,-58.02,-13.69,-22.82
218,-0.08,0.12,0.99,-47.59,-8.8,-15.88
219,-0.09,0.14,1.01,-39.5,-0.26,-9.28
220,-0.08,0.14,0.89,-38.53,12.47,1.58
221,-0.13,0.12,0.8,-47.44,7.0,-5.53
222,-0.2,0.07,0.81,-54.05,-12.58,-21.83
223,-0.27,-0.06,0.89,-65.75,-35.55,-37.66
224,-0.28,-0.18,1.03,-71.15,-49.66,-45.97
225,-0.2,-0.27,1.3,-69.66,-50.92,-40.32
226,-0.15,-0.31,1.48,-58.17,-39.4,-25.95
227,-0.11,-0.31,1.46,-42.11,-16.94,-6.4
228,-0.07,-0.22,1.42,-29.28,-4.44,2.69
229,-0.08,-0.16,1.37,-10.18,0.76,7.0
230,-0.09,-0.06,1.23,14.91,0.02,11.48
231,-0.07,0.04,1.03,28.5,-9.89,5.15
232,-0.09,0.13,0.83,26.47,-24.47,-8.94
233,-0.11,0.16,0.79,12.19,-42.44,-25.84
234,-0.11,0.13,0.82,-4.58,-44.77,-27.03
235,-0.07,0.07,0.8,-26.15,-25.98,-15.95
236,-0.09,-0.02,0.87,-49.45,-12.7,-14.93
237,-0.14,-0.14,1.07,-55.18,-8.45,-17.87
238,-0.17,-0.22,1.25,-41.48,-16.13,-19.83
239,-0.15,-0.21,1.27,-18.43,-17.95,-15.7
240,-0.12,-0.13,1.19,2.75,-18.94,-10.59
241,-0.17,-0.04,1.06,16.84,-19.53,-6.97
242,-0.19,0.06,0.92,22.62,-19.03,-3.69
243,-0.2,0.14,0.8,16.77,-19.56,-1.02
244,-0.18,0.18,0.66,0.15,-16.79,5.62
245,-0.15,0.14,0.61,-26.34,-18.53,-0.35
246,-0.13,0.03,0.76,-49.3,-23.77,-13.44
247,-0.1,-0.08,0.99,-57.4,-29.64,-21.55
248,-0.07,-0.18,1.16,-51.45,-29.93,-22.47
249,-0.06,-0.21,1.24,-38.34,-25.48,-16.17
250,-0.07,-0.19,1.29,-24.77,-20.9,-15.97
251,-0.03,-0.15,1.27,-4.18,-4.8,-12.07
252,-0.04,-0.07,1.15,10.68,-2.55,8.76
253,-0.04,0.08,1.02,14.93,2.04,3.44
254,-0.04,0.14,0.87,12.61,2.18,-0.85
255,-0.07,0.19,0.79,7.88,-0.14,-2.84
256,-0.11,0.2,0.71,-1.47,-4.37,-3.34
257,-0.15,0.16,0.67,-17.71,-13.55,-11.85
258,-0.09,0.1,0.8,-33.63,-21.39,-20.02
259,-0.01,0.0,0.92,-41.62,-16.07,-22.08
260,-0.03,-0.08,1.08,-41.58,-8.08,-19.56
261,-0.02,-0.1,1.14,-31.96,-3.57,-15.05
262,-0.04,-0.08,1.15,-21.4,-1.73,-12.66
263,-0.08,-0.06,1.11,-11.75,-3.98,-13.18
264,-0.1,-0.02,1.03,-5.66,-4.07,-11.09
265,-0.14,0.0,0.98,-5.66,-5.63,-10.85
266,-0.17,0.02,0.97,-8.15,-10.21,-12.75
267,-0.14,0.03,0.94,-9.82,-8.76,-7.71
268,-0.13,0.04,0.92,-13.49,-7.15,-5.08
269,-0.14,0.01,0.93,-16.77,-10.13,-6.55
270,-0.13,-0.01,0.94,-18.19,-14.73,-8.78
271,-0.12,-0.02,0.96,-20.73,-20.05,-14.54
272,-0.09,-0.07,0.99,-23.2,-21.47,-17.37
273,-0.08,-0.12,1.07,-23.04,-18.6,-17.62
274,-0.08,-0.15,1.12,-18.04,-16.77,-14.83
275,-0.08,-0.14,1.13,-11.94,-14.79,-11.09
276,-0.07,-0.12,1.1,-5.06,-12.89,-7.76
277,-0.02,-0.07,1.06,0.72,-9.4,-3.64
278,-0.03,-0.03,1.01,3.66,-6.71,-3.28
279,-0.03,0.02,0.95,4.67,-6.98,-4.34
280,-0.06,0.05,0.88,3.86,-5.98,0.25
281,-0.06,0.06,0.83,-3.45,-11.17,-6.1
282,-0.03,0.03,0.86,-11.09,-18.51,-14.18
283,0.01,-0.02,0.92,-15.79,-21.05,-16.53
284,0.03,-0.06,0.97,-20.11,-19.26,-18.47
285,0.02,-0.11,1.06,-21.49,-16.27,-23.18
286,0.01,-0.15,1.15,-16.42,-12.37,-22.63
287,-0.01,-0.16,1.17,-5.74,-6.17,-15.07
288,-0.05,-0.12,1.12,2.79,-2.35,-10.62
289,-0.08,-0.08,1.07,8.66,-3.87,-10.03
290,-0.09,-0.03,0.98,11.05,-4.9,-8.85
291,-0.11,0.01,0.92,8.55,-4.61,-6.36
292,-0.1,0.04,0.9,4.95,-5.17,-5.37
293,-0.06,0.07,0.86,0.63,-3.99,-3.85
294,-0.03,0.09,0.81,-7.08,-3.61,-6.66
295,-0.04,0.06,0.83,-14.73,-4.22,-10.14
296,-0.04,0.01,0.84,-20.85,-2.76,-8.42
297,-0.06,-0.05,0.89,-26.73,-3.5,-8.74
298,-0.09,-0.12,0.98,-28.64,-10.73,-13.0
299,-0.06,-0.17,1.05,-24.79,-14.69,-9.88
300,-0.04,-0.19,1.08,-21.35,-15.66,-9.35
301,-0.03,-0.19,1.1,-18.47,-18.68,-11.11
302,-0.03,-0.19,1.11,-14.52,-17.56,-8.68
303,-0.02,-0.14,1.09,-9.42,-14.31,-3.22
304,-0.03,-0.1,1.03,-6.39,-13.37,-2.07
305,-0.03,-0.07,1.0,-4.62,-14.15,-2.21
306,-0.01,-0.04,0.98,-3.0,-13.11,0.14
307,0.01,-0.0,0.94,-5.09,-11.73,0.3
308,0.03,0.02,0.89,-8.95,-9.76,0.99
309,0.06,0.02,0.87,-14.92,-8.5,-2.06
310,0.03,-0.02,0.88,-20.42,-11.19,-7.53
311,0.01,-0.09,0.96,-23.21,-20.69,-17.5
312,0.03,-0.15,1.05,-21.14,-24.5,-22.33
313,0.06,-0.17,1.12,-14.17,-20.08,-17.37
314,0.07,-0.16,1.11,-6.66,-11.15,-10.27
315,0.05,-0.13,1.05,-1.9,-3.82,-3.51
316,0.02,-0.1,0.98,-1.03,-1.11,-1.72
317,-0.02,-0.09,0.95,-3.51,-0.95,0.41
318,-0.04,-0.07,0.93,-7.63,0.27,5.22
319,-0.02,-0.05,0.89,-15.66,4.8,10.73
320,-0.02,-0.08,0.91,-26.2,14.24,17.46
321,-0.04,-0.11,0.95,-34.05,20.5,21.29
322,-0.04,-0.13,1.01,-34.77,24.25,25.55
323,-0.03,-0.14,1.04,-30.73,22.66,23.64
324,-0.01,-0.14,1.06,-22.4,13.32,15.45
325,0.04,-0.12,1.05,-13.0,3.16,3.12
326,0.04,-0.12,1.06,-6.18,-6.68,-10.98
327,0.02,-0.13,1.07,-1.33,-11.31,-18.31
328,0.01,-0.12,1.04,0.05,-6.41,-18.96
329,-0.01,-0.11,1.02,0.16,2.53,-12.66
330,-0.07,-0.09,0.99,-0.61,6.92,-9.46
331,-0.08,-0.07,0.97,-0.64,9.27,-5.89
332,-0.09,-0.05,0.96,-1.64,8.08,-3.98
333,-0.06,-0.03,0.93,-3.47,6.52,-2.73
334,-0.02,-0.02,0.91,-6.78,4.21,-4.76
335,0.0,-0.02,0.91,-9.32,2.02,-6.61
336,-0.0,-0.05,0.89,-11.79,-1.11,-8.7
337,-0.03,-0.1,0.91,-15.37,-7.09,-13.95
338,-0.04,-0.16,0.94,-16.53,-10.57,-16.53
339,-0.03,-0.18,1.0,-16.89,-9.65,-15.36
340,-0.05,-0.21,1.03,-16.11,-6.56,-12.4
341,-0.06,-0.22,1.03,-14.0,-2.63,-6.3
342,-0.06,-0.23,1.03,-13.69,0.64,-3.53
343,-0.07,-0.24,1.04,-10.28,1.18,-0.02
344,-0.08,-0.25,1.05,-6.81,0.47,1.31
345,-0.08,-0.25,1.07,-1.33,-2.98,0.78
346,-0.03,-0.21,1.05,3.92,-2.6,2.53
347,0.0,-0.16,1.01,6.7,1.18,4.56
348,-0.01,-0.11,0.98,5.69,1.64,2.34
349,-0.02,-0.09,0.94,3.38,1.68,1.27
350,-0.05,-0.07,0.93,-0.29,-0.22,-0.13
351,-0.03,-0.05,0.94,-4.59,-2.19,-2.63
352,0.0,-0.07,0.94,-7.92,-2.2,-4.44
353,0.02,-0.1,1.0,-9.82,-1.71,-7.29
354,0.01,-0.13,1.02,-8.53,-1.5,-8.76
355,0.01,-0.13,1.03,-7.41,-2.01,-11.08
356,-0.0,-0.13,1.02,-5.08,-1.0,-10.15
357,-0.05,-0.12,1.01,-3.09,-1.9,-10.1
358,-0.07,-0.13,1.0,-1.75,-5.5,-10.44
359,-0.07,-0.12,0.99,-0.58,-7.76,-7.19
360,-0.05,-0.13,0.99,-0.32,-7.27,-3.11
361,-0.05,-0.12,1.0,-0.75,-8.02,-2.46
362,-0.02,-0.12,1.0,-0.13,-7.73,-1.31
363,-0.01,-0.11,0.99,0.89,-6.83,0.68
364,-0.01,-0.1,0.97,2.66,-3.77,1.36
365,-0.0,-0.09,0.96,-1.15,-6.8,0.22
366,0.0,-0.09,0.96,-3.56,-5.72,-1.69
367,0.03,-0.09,0.98,-3.48,-4.08,-0.63
368,0.02,-0.1,0.98,-3.33,-1.85,0.41
369,-0.0,-0.1,1.0,-3.67,-1.89,-0.79
370,-0.01,-0.13,1.0,-2.48,-3.86,-4.44
371,-0.01,-0.13,1.03,0.6,-4.61,-4.47
372,0.01,-0.13,1.03,3.23,-4.27,-3.38
373,0.01,-0.14,1.01,4.89,-3.35,-3.04
374,0.02,-0.13,1.02,4.9,-2.49,-3.24
375,0.02,-0.11,1.02,4.98,-1.19,-3.75
376,0.01,-0.12,1.0,5.65,3.99,0.08
377,-0.02,-0.1,0.98,5.76,2.43,-0.07
378,-0.01,-0.1,0.97,6.22,0.93,-0.28
379,-0.01,-0.08,0.97,5.67,-0.49,-0.32
380,-0.02,-0.08,0.95,4.45,-1.27,-0.99
381,0.0,-0.08,0.95,3.15,-1.42,-0.08
382,-0.0,-0.07,0.94,2.48,-0.85,1.4
383,0.0,-0.05,0.92,0.2,-0.47,0.3
384,-0.02,-0.06,0.92,-0.66,-0.4,-0.66
385,-0.03,-0.07,0.93,-3.26,-2.74,-2.0
386,0.0,-0.07,0.95,-4.18,-2.68,-3.72
387,-0.01,-0.08,0.94,-5.44,-1.08,-2.94
388,-0.03,-0.11,0.98,-6.1,-3.72,-6.4
389,-0.03,-0.13,1.02,-3.76,-1.87,-4.12
390,0.01,-0.13,1.02,-1.56,-0.18,-0.89
391,-0.01,-0.12,1.01,0.34,-0.53,-2.66
392,-0.0,-0.11,0.99,2.4,0.0,-1.63
393,0.01,-0.09,0.97,2.5,1.89,-0.64
394,-0.0,-0.09,0.96,1.76,2.11,-0.54
395,-0.01,-0.09,0.95,0.95,-0.32,-3.11
396,0.0,-0.08,0.96,-0.33,-2.6,-4.77
397,-0.0,-0.07,0.95,-1.47,-1.31,-3.61
398,-0.02,-0.08,0.95,-2.38,0.2,-3.39
399,-0.03,-0.09,0.95,-3.59,-0.36,-2.82
