,accel_x,accel_y,accel_z,gyro_x,gyro_y,gyro_z
0,-0.29,0.13,0.93,-3.27,-3.12,-3.14
1,-0.27,0.12,0.93,-2.71,-1.01,-2.47
2,-0.27,0.12,0.93,-2.24,-0.5,-2.63
3,-0.27,0.11,0.93,-1.75,-1.3,-2.66
4,-0.28,0.12,0.92,-1.68,-0.79,-3.12
5,-0.29,0.13,0.91,-2.31,-2.73,-4.25
6,-0.29,0.13,0.91,-3.63,-2.21,-3.83
7,-0.29,0.13,0.9,-4.76,-1.44,-2.97
8,-0.3,0.13,0.91,-4.82,-1.88,-2.41
9,-0.28,0.13,0.93,-4.31,-0.51,-0.44
10,-0.27,0.12,0.93,-4.49,-1.73,-1.73
11,-0.27,0.11,0.95,-3.23,-2.11,-1.85
12,-0.26,0.11,0.94,-2.68,-0.76,-1.56
13,-0.27,0.12,0.93,-3.07,-0.47,-1.95
14,-0.27,0.12,0.93,-3.93,-0.37,-2.59
15,-0.27,0.11,0.92,-3.65,-0.14,-2.34
16,-0.28,0.12,0.93,-3.37,-0.33,-1.6
17,-0.28,0.12,0.92,-4.12,-0.61,-1.74
18,-0.28,0.12,0.92,-4.74,-1.51,-2.14
19,-0.29,0.12,0.91,-4.81,-2.63,-2.23
20,-0.29,0.11,0.92,-4.59,-3.03,-2.1
21,-0.28,0.11,0.92,-4.28,-3.63,-1.74
22,-0.27,0.11,0.93,-4.22,-4.11,-0.83
23,-0.28,0.11,0.95,-3.15,-4.53,-0.18
24,-0.28,0.12,0.95,-3.32,-7.11,1.73
25,-0.24,0.11,0.92,-4.18,-5.99,-2.29
26,-0.27,0.11,0.93,-4.85,-0.37,-1.97
27,-0.27,0.1,0.96,-4.77,-2.89,-2.12
28,-0.26,0.1,0.95,-4.3,-2.05,-2.21
29,-0.27,0.09,0.97,-3.68,-0.1,-0.71
30,-0.27,0.09,0.96,-3.13,-0.7,-1.03
31,-0.28,0.1,0.97,-2.31,0.25,-0.98
32,-0.28,0.09,0.96,-1.82,0.85,0.27
33,-0.28,0.1,0.96,-1.75,0.0,-0.85
34,-0.27,0.11,0.95,-1.27,-0.5,-1.19
35,-0.28,0.1,0.96,0.01,0.95,-0.85
36,-0.28,0.11,0.94,0.3,-0.27,-1.37
37,-0.27,0.11,0.95,0.89,-0.2,-1.15
38,-0.26,0.11,0.95,1.21,1.07,-0.11
39,-0.25,0.12,0.94,1.31,0.48,-0.01
40,-0.26,0.13,0.93,1.15,-0.21,-1.44
41,-0.26,0.12,0.94,1.24,-0.74,-1.63
42,-0.26,0.12,0.94,1.81,-1.43,-1.79
43,-0.25,0.12,0.92,1.77,-0.68,-2.16
44,-0.27,0.13,0.92,1.27,-0.08,-2.81
45,-0.27,0.13,0.92,1.16,0.25,-2.39
46,-0.27,0.13,0.92,0.79,-0.96,-2.63
47,-0.27,0.13,0.9,0.31,-1.48,-2.21
48,-0.26,0.13,0.92,-0.24,-0.24,-2.64
49,-0.27,0.13,0.92,-0.46,-1.7,-3.39
50,-0.27,0.12,0.92,0.0,-1.36,-2.33
51,-0.28,0.13,0.92,-0.18,-0.76,-2.29
52,-0.26,0.13,0.92,-0.47,-1.35,-2.96
53,-0.27,0.13,0.92,0.1,-0.8,-2.27
54,-0.28,0.13,0.92,-0.37,-1.33,-2.81
55,-0.27,0.13,0.91,0.25,-1.91,-2.44
56,-0.29,0.13,0.91,-0.02,-2.36,-2.68
57,-0.27,0.14,0.91,-0.85,-2.85,-3.15
58,-0.26,0.13,0.91,-0.61,-2.29,-2.14
59,-0.26,0.13,0.91,-1.59,-2.27,-2.94
60,-0.27,0.12,0.92,-1.95,-2.85,-3.33
61,-0.28,0.12,0.91,-2.3,-2.98,-3.6
62,-0.29,0.12,0.92,-2.15,-4.08,-3.65
63,-0.29,0.13,0.92,-2.57,-4.11,-3.72
64,-0.29,0.13,0.92,-2.98,-4.42,-3.28
65,-0.28,0.13,0.92,-3.05,-5.51,-2.35
66,-0.27,0.12,0.93,-2.96,-5.36,-2.0
67,-0.27,0.12,0.93,-2.94,-6.8,-2.95
68,-0.27,0.11,0.94,-1.99,-7.85,-3.05
69,-0.26,0.12,0.94,-0.99,-8.27,-3.76
70,-0.27,0.12,0.94,-0.32,-9.73,-4.4
71,-0.26,0.12,0.95,0.08,-9.43,-4.29
72,-0.26,0.12,0.95,0.05,-8.66,-4.27
73,-0.25,0.13,0.95,-0.05,-7.46,-3.79
74,-0.24,0.13,0.95,0.05,-6.27,-3.73
75,-0.25,0.13,0.94,0.27,-6.02,-2.89
76,-0.25,0.13,0.95,-0.23,-4.94,-2.57
77,-0.25,0.14,0.94,-0.24,-5.97,-3.65
78,-0.25,0.13,0.94,-0.4,-7.28,-3.77
79,-0.24,0.13,0.94,-0.18,-7.24,-3.27
80,-0.25,0.13,0.94,0.11,-6.04,-2.97
81,-0.24,0.13,0.94,0.66,-6.25,-2.87
82,-0.24,0.13,0.95,1.35,-3.99,-2.56
83,-0.24,0.13,0.94,1.12,-4.1,-2.89
84,-0.24,0.14,0.93,1.11,-4.03,-3.44
85,-0.24,0.14,0.93,0.63,-4.02,-3.25
86,-0.24,0.14,0.93,0.46,-1.92,-1.97
87,-0.25,0.14,0.93,-0.13,-1.79,-1.6
88,-0.25,0.14,0.93,-0.77,-3.18,-1.79
89,-0.25,0.14,0.92,-1.31,-5.02,-2.53
90,-0.25,0.13,0.94,-1.45,-6.82,-3.05
91,-0.25,0.13,0.94,-0.73,-8.55,-3.82
92,-0.25,0.13,0.94,-0.58,-10.37,-4.38
93,-0.24,0.12,0.94,0.34,-10.66,-4.09
94,-0.25,0.13,0.94,0.99,-13.57,-3.64
95,-0.26,0.13,0.94,1.85,-20.14,-4.28
96,-0.24,0.14,0.93,2.49,-18.98,-3.21
97,-0.25,0.15,0.93,3.46,-21.89,-4.52
98,-0.24,0.14,0.93,1.76,-22.99,-5.04
99,-0.23,0.15,0.92,1.45,-23.25,-5.66
100,-0.22,0.15,0.92,1.15,-21.47,-5.76
101,-0.23,0.15,0.92,0.92,-20.86,-6.24
102,-0.21,0.14,0.93,1.17,-19.85,-6.82
103,-0.21,0.15,0.94,1.1,-18.78,-6.18
104,-0.21,0.15,0.93,0.39,-18.52,-6.3
105,-0.19,0.15,0.93,-0.25,-13.22,-6.42
106,-0.2,0.14,0.94,-1.17,-7.37,-4.49
107,-0.21,0.14,0.94,-1.9,-5.36,-3.22
108,-0.22,0.15,0.93,-2.69,-5.27,-3.61
109,-0.21,0.15,0.93,-3.79,-4.6,-4.42
110,-0.2,0.14,0.95,-4.22,-3.38,-3.98
111,-0.2,0.14,0.93,-3.76,-3.08,-3.92
112,-0.19,0.14,0.95,-3.6,-4.76,-4.76
113,-0.19,0.14,0.95,-2.74,-4.9,-4.28
114,-0.21,0.14,0.95,-2.69,-6.46,-4.29
115,-0.21,0.14,0.94,-2.6,-6.97,-5.15
116,-0.2,0.13,0.95,-2.53,-7.92,-5.15
117,-0.21,0.14,0.95,-2.6,-7.27,-4.17
118,-0.22,0.14,0.94,-2.55,-7.21,-2.8
119,-0.2,0.13,0.94,-3.13,-5.76,-2.72
120,-0.2,0.14,0.95,-3.6,-5.52,-2.76
121,-0.21,0.14,0.96,-2.89,-8.82,-3.3
122,-0.19,0.14,0.95,-2.37,-9.27,-3.15
123,-0.2,0.14,0.95,-1.5,-9.38,-2.24
124,-0.2,0.14,0.96,0.38,-12.68,-2.66
125,-0.19,0.14,0.96,2.07,-21.58,-7.1
126,-0.19,0.14,0.95,3.56,-28.34,-11.66
127,-0.18,0.13,0.96,3.97,-30.55,-13.03
128,-0.17,0.15,0.95,3.53,-30.92,-12.38
129,-0.19,0.16,0.94,2.86,-32.27,-10.26
130,-0.16,0.16,0.92,-0.41,-29.35,-10.02
131,-0.16,0.16,0.92,-2.35,-28.64,-10.39
132,-0.17,0.18,0.9,-6.38,-34.72,-15.92
133,-0.17,0.17,0.9,-8.27,-48.46,-20.86
134,-0.17,0.16,0.91,-10.15,-59.15,-24.81
135,-0.18,0.15,0.93,-9.98,-74.79,-30.82
136,-0.13,0.14,0.92,-10.92,-89.87,-34.39
137,-0.16,0.14,0.93,-12.09,-87.67,-29.63
138,-0.2,0.13,0.95,-13.23,-83.55,-20.47
139,-0.16,0.13,0.93,-18.31,-67.24,-10.66
140,-0.14,0.14,0.99,-19.99,-49.47,-0.79
141,-0.08,0.15,1.04,-20.97,-37.15,7.44
142,-0.0,0.16,1.09,-20.89,-30.23,9.98
143,0.05,0.15,1.16,-16.49,-30.44,7.3
144,0.1,0.13,1.19,-8.27,-29.89,3.87
145,0.16,0.11,1.2,0.58,-28.92,-1.16
146,0.16,0.1,1.16,8.42,-30.46,-8.34
147,0.09,0.1,1.1,14.02,-36.21,-15.85
148,0.0,0.12,1.01,16.03,-43.17,-19.63
149,-0.03,0.13,0.93,13.83,-44.51,-17.55
150,-0.01,0.14,0.89,9.69,-44.71,-14.68
151,0.01,0.15,0.85,4.26,-52.9,-13.11
152,0.1,0.15,0.86,1.51,-43.21,-7.92
153,0.11,0.16,0.87,-4.12,-43.36,-10.15
154,0.12,0.16,0.87,-8.27,-45.08,-15.16
155,0.1,0.13,0.9,-12.11,-41.0,-18.38
156,0.06,0.08,0.92,-15.13,-41.02,-20.84
157,0.02,0.05,0.94,-17.72,-41.39,-22.12
158,-0.02,-0.01,0.96,-19.27,-39.98,-20.05
159,-0.03,-0.06,0.98,-21.15,-37.63,-18.35
160,-0.07,-0.1,1.01,-22.69,-46.02,-18.62
161,-0.09,-0.17,0.99,-26.11,-52.21,-14.68
162,-0.05,-0.25,1.05,-31.24,-57.11,-11.21
163,0.02,-0.34,1.16,-31.91,-57.98,-3.84
164,0.15,-0.43,1.18,-30.2,-46.7,2.92
165,0.22,-0.5,1.21,-31.47,-36.23,4.5
166,0.33,-0.56,1.26,-28.64,-22.55,6.25
167,0.33,-0.53,1.25,-26.71,-2.41,6.93
168,0.28,-0.52,1.24,-20.47,16.29,9.31
169,0.23,-0.5,1.2,-13.77,16.69,7.73
170,0.24,-0.49,1.13,0.99,16.6,3.84
171,0.21,-0.46,1.08,2.43,1.74,-8.34
172,0.16,-0.46,1.04,9.2,-16.5,-16.77
173,0.12,-0.45,0.98,13.61,-29.92,-19.37
174,0.11,-0.41,0.92,15.73,-33.52,-19.72
175,0.12,-0.4,0.87,17.49,-31.29,-17.0
176,0.13,-0.36,0.82,20.87,-30.4,-10.23
177,0.14,-0.29,0.77,20.02,-36.01,-8.05
178,0.16,-0.22,0.72,14.6,-37.62,-9.11
179,0.17,-0.17,0.73,7.19,-37.42,-10.97
180,0.12,-0.11,0.76,2.48,-37.21,-7.96
181,0.07,-0.07,0.7,-6.78,-39.38,-3.47
182,0.09,-0.07,0.73,-20.06,-38.65,-0.77
183,0.1,-0.07,0.82,-26.91,-32.41,3.67
184,0.1,-0.06,0.84,-33.58,-24.18,9.29
185,0.06,-0.03,0.9,-36.55,-11.71,13.76
186,0.02,0.0,0.94,-35.98,-6.44,21.3
187,-0.05,0.01,0.91,-36.15,-10.9,25.37
188,-0.04,0.05,0.88,-40.72,-6.27,28.12
189,-0.05,0.05,0.93,-41.75,-8.95,27.93
190,-0.07,0.08,1.0,-41.13,-26.74,22.44
191,-0.03,0.12,1.06,-34.1,-30.76,25.65
192,0.05,0.16,1.05,-27.64,-22.58,29.76
193,0.07,0.27,1.07,-20.78,-11.3,41.44
194,0.11,0.34,1.0,-15.97,7.22,55.82
195,0.15,0.45,0.91,-14.02,31.13,72.42
196,0.22,0.55,0.83,-12.03,47.08,87.31
197,0.41,0.69,0.7,-15.88,53.69,92.12
198,0.62,0.78,0.61,-26.15,51.69,76.11
199,0.65,0.83,0.67,-38.71,37.36,51.93
200,0.61,0.85,0.73,-47.0,25.39,29.48
201,0.6,0.8,0.76,-53.95,14.3,7.67
202,0.56,0.74,0.87,-61.18,6.66,-9.31
203,0.55,0.7,0.93,-75.45,-1.95,-26.17
204,0.6,0.57,1.11,-80.53,0.78,-35.62
205,0.5,0.53,1.24,-84.01,-22.08,-55.25
206,0.4,0.37,1.47,-81.28,-23.9,-64.72
207,0.24,0.25,1.7,-64.4,-18.03,-60.27
208,0.15,0.15,1.81,-39.77,3.5,-48.11
209,0.03,0.07,1.78,-17.79,-2.08,-43.85
210,-0.07,0.02,1.73,5.91,-10.83,-43.74
211,-0.13,-0.03,1.63,25.49,-19.18,-43.73
212,-0.13,-0.07,1.56,45.73,-15.95,-30.01
213,-0.12,-0.13,1.52,63.7,0.01,-11.75
214,-0.14,-0.01,1.3,79.65,21.0,5.11
215,-0.11,0.04,1.15,88.44,21.89,9.74
216,-0.11,0.12,1.0,92.72,15.53,10.11
217,-0.04,0.16,0.91,93.79,20.15,13.15
218,0.05,0.23,0.8,92.14,22.1,14.98
219,0.1,0.28,0.7,85.51,20.39,11.64
220,0.11,0.3,0.66,76.98,11.25,5.43
221,0.13,0.34,0.66,68.82,1.83,-1.91
222,0.19,0.34,0.69,59.02,-1.06,-6.22
223,0.18,0.33,0.72,49.08,-0.32,-8.47
224,0.13,0.29,0.81,45.22,3.0,-5.66
225,0.1,0.24,0.87,45.4,2.23,-5.27
226,0.11,0.22,0.88,45.02,-1.66,-5.62
227,0.11,0.19,0.88,42.78,-2.34,-5.05
228,0.09,0.18,0.86,37.4,1.52,-5.63
229,0.06,0.17,0.9,33.47,6.67,-1.63
230,0.04,0.17,0.94,31.95,7.47,2.15
231,0.05,0.2,0.94,33.34,6.24,3.56
232,0.06,0.23,0.92,33.03,3.49,5.61
233,0.09,0.27,0.91,32.96,4.65,6.5
234,0.12,0.32,0.87,31.7,5.31,5.77
235,0.19,0.34,0.86,29.15,-0.32,0.52
236,0.24,0.36,0.86,33.58,-3.08,-5.03
237,0.21,0.36,0.79,16.0,-9.98,-13.5
238,0.22,0.31,0.83,8.56,-8.24,-14.27
239,0.18,0.25,0.92,4.6,-5.43,-12.78
240,0.16,0.21,0.94,5.14,-4.15,-12.37
241,0.12,0.18,0.95,5.5,-3.28,-11.81
242,0.1,0.17,0.96,6.81,-3.43,-9.8
243,0.11,0.16,0.97,9.47,-1.86,-7.65
244,0.11,0.16,0.97,8.63,-3.38,-5.74
245,0.14,0.16,0.97,8.76,-0.8,-2.37
246,0.2,0.16,0.99,10.01,3.17,-0.69
247,0.21,0.19,0.98,12.11,4.09,-1.44
248,0.18,0.22,0.96,14.25,-2.8,-6.39
249,0.19,0.25,0.88,10.63,-11.85,-10.14
250,0.17,0.25,0.82,0.23,-12.93,-12.01
251,0.15,0.21,0.89,-8.4,-2.06,-5.9
252,0.17,0.17,0.92,-13.89,9.34,-0.97
253,0.18,0.15,0.95,-20.17,10.28,-3.75
254,0.16,0.11,1.05,-19.91,6.44,-9.5
255,0.15,0.07,1.11,-10.54,5.26,-8.83
256,0.14,0.1,1.1,-2.15,-3.18,-11.11
257,0.17,0.12,1.07,5.13,-7.31,-13.15
258,0.19,0.16,1.03,9.1,-8.27,-12.98
259,0.24,0.19,0.97,11.13,-3.41,-9.49
260,0.28,0.24,0.91,8.02,0.91,-9.89
261,0.32,0.27,0.84,-1.02,8.56,-11.02
262,0.31,0.28,0.81,-14.82,17.93,-14.63
263,0.27,0.26,0.84,-25.38,22.39,-17.5
264,0.22,0.21,0.87,-33.89,18.37,-22.33
265,0.23,0.17,0.93,-38.66,12.42,-28.03
266,0.21,0.11,1.0,-38.55,6.18,-33.63
267,0.17,0.07,1.05,-35.24,3.73,-34.25
268,0.16,0.06,1.04,-32.08,7.22,-33.37
269,0.16,0.06,1.03,-28.15,14.97,-31.19
270,0.13,0.07,1.01,-25.08,11.82,-33.03
271,0.1,0.08,1.0,-22.47,3.05,-34.18
272,0.13,0.09,0.96,-22.53,2.95,-33.17
273,0.14,0.09,0.94,-25.24,4.12,-32.18
274,0.16,0.06,0.93,-28.03,2.89,-31.65
275,0.1,0.05,0.96,-29.98,0.64,-30.65
276,0.17,0.02,0.98,-28.41,4.9,-29.2
277,0.2,0.02,0.97,-28.52,8.73,-31.29
278,0.11,0.01,0.98,-27.88,6.0,-31.74
279,0.1,-0.0,1.01,-24.31,7.62,-27.82
280,0.15,-0.01,1.02,-19.09,11.4,-23.83
281,0.13,0.01,1.0,-15.56,14.4,-17.66
282,0.1,0.01,0.96,-15.53,12.81,-15.02
283,0.07,-0.0,0.99,-15.77,13.72,-13.31
284,0.04,-0.02,0.98,-16.92,16.25,-9.83
285,0.04,-0.04,1.02,-14.9,14.76,-9.1
286,0.05,-0.05,1.04,-11.44,12.92,-9.93
287,0.05,-0.04,1.05,-8.82,7.3,-8.39
288,0.07,-0.01,1.0,-3.79,12.17,-6.73
289,0.09,0.0,0.98,-4.76,11.31,-8.11
290,0.1,0.01,0.97,-5.77,14.41,-8.49
291,0.08,0.0,0.95,-8.47,16.3,-7.21
292,0.08,-0.02,0.96,-11.42,17.6,-3.16
293,0.04,-0.04,0.99,-9.4,18.72,3.8
294,0.04,-0.05,1.01,-5.08,26.43,12.86
295,0.05,-0.05,1.02,-2.19,28.55,15.64
296,0.08,-0.01,0.97,-0.01,23.99,13.32
297,0.11,0.01,0.91,-2.47,22.73,4.61
298,0.05,0.01,0.92,-7.27,19.17,-2.22
299,0.03,-0.01,0.97,-8.63,13.19,-5.31
300,0.04,-0.03,1.0,-8.1,11.49,-5.66
301,0.03,-0.04,1.0,-5.76,11.24,-7.43
302,-0.02,-0.03,1.03,-1.12,9.43,-4.6
303,-0.03,0.0,1.01,2.73,11.65,1.31
304,-0.03,0.02,0.98,2.53,11.46,4.26
305,-0.01,0.04,0.96,3.11,7.26,5.12
306,-0.02,0.06,0.93,1.19,3.45,5.19
307,-0.02,0.09,0.95,-0.82,-2.11,4.73
308,0.0,0.11,0.93,-2.5,-0.11,0.97
309,-0.05,0.13,0.94,-6.74,0.33,-0.51
310,-0.11,0.12,0.96,-9.29,-6.6,1.79
311,-0.09,0.1,0.97,-9.69,-10.51,6.5
312,-0.04,0.08,0.98,-9.4,-16.26,8.79
313,0.0,0.07,0.98,-9.5,-27.53,7.45
314,0.07,0.05,0.96,-9.63,-22.89,6.88
315,0.11,0.04,0.99,-9.94,-13.0,9.11
316,0.19,0.05,0.99,-9.92,-5.51,8.02
317,0.19,0.05,0.98,-11.15,1.78,3.79
318,0.17,0.06,0.97,-13.5,3.66,-2.23
319,0.11,0.05,1.0,-13.23,3.92,-5.22
320,0.06,0.06,1.02,-10.4,2.97,-5.66
321,0.02,0.08,1.0,-8.95,-6.57,-8.62
322,0.02,0.07,0.99,-9.96,-12.32,-9.69
323,0.03,0.05,1.02,-9.79,-11.5,-6.95
324,0.04,0.04,1.03,-9.08,-7.63,-3.96
325,0.04,0.05,1.02,-7.9,-4.04,0.84
326,0.06,0.06,1.01,-6.87,-1.84,3.32
327,0.09,0.07,1.0,-9.89,-5.11,3.48
328,0.14,0.06,0.99,-9.89,2.63,0.64
329,0.14,0.07,1.0,-10.91,5.3,-4.37
330,0.13,0.05,0.99,-11.66,11.27,-4.82
331,0.08,0.07,0.98,-12.49,11.85,-4.81
332,0.04,0.05,1.0,-13.46,9.63,-5.28
333,0.03,0.04,1.0,-12.91,8.59,-4.39
334,0.01,0.02,1.01,-11.22,8.91,-1.18
335,-0.02,0.01,1.02,-9.7,8.2,1.73
336,-0.02,0.01,1.01,-8.15,6.56,3.95
337,-0.01,0.02,1.0,-6.63,5.6,5.4
338,0.01,0.02,0.99,-5.49,0.7,4.11
339,0.01,0.02,0.99,-4.6,-4.85,0.34
340,0.03,0.02,0.99,-2.64,-3.53,0.29
341,0.04,0.03,0.96,-4.21,3.14,1.55
342,0.01,0.04,0.97,-5.95,1.9,2.0
343,0.02,0.04,0.96,-7.37,3.6,2.18
344,0.01,0.03,0.98,-8.31,5.73,3.35
345,0.02,0.02,0.97,-9.98,2.27,2.55
346,-0.01,0.02,0.99,-10.48,-1.07,1.79
347,-0.01,0.01,1.01,-10.6,-3.22,3.18
348,-0.01,-0.01,1.04,-9.57,-4.98,4.23
349,0.05,0.0,1.05,-7.39,-3.79,3.42
350,0.07,0.0,1.07,-4.36,-4.43,0.69
351,0.09,0.01,1.05,-2.03,-3.13,-1.3
352,0.08,0.03,1.03,-0.91,-1.85,-2.87
353,0.05,0.04,1.04,0.33,-3.19,-2.81
354,0.06,0.04,1.02,1.6,-1.82,-2.58
355,0.06,0.05,1.01,2.15,-3.89,-3.66
356,0.05,0.06,0.99,2.4,-5.82,-5.2
357,0.05,0.07,0.99,2.11,-7.63,-6.08
358,0.05,0.07,0.99,0.89,-6.85,-6.31
359,0.08,0.08,0.96,0.36,-3.17,-4.52
360,0.08,0.09,0.96,-1.5,0.41,-3.77
361,0.08,0.08,0.96,-2.79,0.18,-4.29
362,0.08,0.06,0.96,-3.8,1.44,-4.5
363,0.06,0.06,0.97,-4.52,1.48,-5.24
364,0.04,0.05,0.96,-4.23,-1.3,-7.61
365,0.01,0.05,0.96,-5.08,-4.52,-8.02
366,0.01,0.04,0.97,-5.56,-4.66,-6.87
367,0.03,0.05,1.0,-5.86,-3.53,-5.0
368,0.05,0.03,1.01,-5.08,-1.4,-3.98
369,0.06,0.03,1.02,-3.24,0.27,-2.84
370,0.05,0.04,1.02,-1.91,0.37,-2.97
371,0.06,0.04,1.01,-1.15,0.2,-3.22
372,0.06,0.04,1.0,-0.09,0.79,-3.39
373,0.04,0.05,0.99,0.56,-0.44,-4.92
374,0.03,0.05,0.98,0.98,-2.75,-5.63
375,0.05,0.05,0.97,1.18,-4.51,-6.48
376,0.03,0.06,0.96,0.46,-6.97,-7.6
377,0.02,0.05,0.96,-0.17,-8.18,-7.67
378,0.01,0.05,0.96,-1.05,-5.4,-5.79
379,0.02,0.05,0.96,-2.64,-3.08,-4.18
380,0.02,0.05,0.97,-4.27,-2.03,-2.98
381,0.02,0.05,0.98,-5.14,-0.09,-2.35
382,-0.0,0.03,0.99,-5.64,-1.2,-2.17
383,0.0,0.02,1.0,-4.82,-1.08,-1.18
384,0.01,0.02,1.01,-3.12,-0.51,-0.67
385,0.01,0.03,0.99,-2.4,-2.77,-1.73
386,0.01,0.03,1.01,-2.03,-5.51,-2.81
387,0.0,0.03,1.01,-1.33,-6.15,-1.83
388,0.04,0.04,1.0,-0.86,-4.0,-0.57
389,0.04,0.04,1.0,-0.66,-2.69,1.1
390,0.05,0.05,0.98,-0.54,-4.39,1.15
391,0.06,0.04,1.0,-0.15,-5.22,0.34
392,0.06,0.04,0.99,0.36,-6.43,-0.61
393,0.07,0.06,0.99,0.92,-7.79,-1.47
394,0.06,0.06,0.97,0.12,-8.11,-1.89
395,0.07,0.06,0.97,-1.04,-6.68,-1.08
396,0.08,0.07,0.97,-3.3,-4.3,-1.32
397,0.07,0.06,0.98,-4.56,-2.8,-0.9
398,0.08,0.06,0.99,-3.87,-3.81,-0.82
399,0.08,0.05,1.01,-4.33,-2.09,-1.16
