,accel_x,accel_y,accel_z,gyro_x,gyro_y,gyro_z
0,-0.11,0.12,0.99,-2.85,-7.36,-3.98
1,-0.13,0.13,0.99,-2.63,-6.18,-2.84
2,-0.13,0.13,0.98,-3.0,-3.6,-2.08
3,-0.11,0.13,0.98,-2.51,-3.95,-2.48
4,-0.11,0.13,0.98,-2.38,-5.72,-3.02
5,-0.13,0.14,0.99,-2.15,-2.53,-1.27
6,-0.13,0.14,0.99,-2.35,-0.37,0.42
7,-0.09,0.14,0.99,-1.88,-1.21,1.51
8,-0.08,0.14,0.98,-1.4,2.21,2.24
9,-0.11,0.16,0.97,-2.21,1.29,2.02
10,-0.1,0.16,0.96,-2.36,1.3,2.86
11,-0.09,0.15,0.98,-2.73,-4.34,-0.13
12,-0.06,0.14,0.98,-1.99,-7.35,-3.1
13,-0.07,0.15,0.99,-0.4,-3.94,-2.48
14,-0.07,0.15,0.98,0.1,-1.02,-0.79
15,-0.06,0.17,0.95,-0.59,1.39,-1.29
16,-0.05,0.17,0.95,-1.46,-0.05,-2.12
17,-0.05,0.17,0.93,-3.47,-2.78,-4.53
18,-0.07,0.16,0.95,-3.89,1.11,-3.08
19,-0.07,0.15,0.96,-3.76,-0.37,-4.03
20,-0.05,0.15,0.97,-2.48,-2.83,-4.39
21,-0.07,0.15,0.97,-1.71,-2.6,-5.52
22,-0.1,0.15,0.97,-0.74,-0.74,-4.1
23,-0.1,0.16,0.96,-1.21,-0.92,-4.18
24,-0.09,0.16,0.94,-2.08,-2.02,-5.52
25,-0.09,0.17,0.94,-3.95,-3.99,-6.15
26,-0.08,0.17,0.94,-5.12,-1.1,-5.76
27,-0.07,0.17,0.93,-6.43,1.55,-5.93
28,-0.07,0.16,0.95,-7.02,4.37,-5.86
29,-0.07,0.15,0.96,-7.03,5.73,-7.21
30,-0.09,0.14,0.97,-5.95,1.95,-6.98
31,-0.1,0.13,0.99,-4.37,-0.99,-7.41
32,-0.11,0.12,0.99,-3.2,-1.2,-6.71
33,-0.1,0.12,1.0,-1.43,-2.52,-4.45
34,-0.11,0.13,0.99,-0.34,-1.31,-3.04
35,-0.1,0.14,0.98,-0.26,-0.31,-2.11
36,-0.1,0.14,0.97,-1.22,0.14,-2.17
37,-0.11,0.15,0.98,-1.9,1.56,-2.27
38,-0.11,0.15,0.98,-2.92,0.29,-2.73
39,-0.11,0.15,1.0,-2.81,-0.65,-2.64
40,-0.11,0.14,0.99,-1.79,-0.21,-2.83
41,-0.11,0.14,0.99,-1.78,-1.08,-3.26
42,-0.11,0.13,0.98,-1.11,-0.73,-2.4
43,-0.11,0.13,0.97,-0.36,-0.41,-2.16
44,-0.11,0.14,0.97,0.14,0.01,-2.17
45,-0.14,0.15,0.96,-0.33,-1.02,-2.13
46,-0.12,0.15,0.95,-1.15,-0.73,-1.85
47,-0.12,0.15,0.95,-1.51,0.27,-1.4
48,-0.12,0.15,0.95,-2.29,0.26,-1.21
49,-0.1,0.15,0.94,-2.9,0.27,-1.6
50,-0.09,0.14,0.96,-2.58,-0.74,-2.65
51,-0.1,0.15,0.96,-2.44,-1.31,-3.61
52,-0.1,0.15,0.95,-2.96,-0.85,-3.91
53,-0.1,0.15,0.96,-3.5,-2.4,-4.28
54,-0.11,0.17,0.96,-4.21,-3.68,-4.87
55,-0.12,0.16,0.96,-5.35,-5.96,-5.03
56,-0.11,0.15,0.95,-5.61,-6.68,-5.07
57,-0.1,0.15,0.96,-5.32,-4.79,-4.88
58,-0.1,0.14,0.94,-5.62,-3.47,-5.28
59,-0.12,0.15,0.96,-6.7,-4.46,-4.16
60,-0.09,0.14,0.97,-6.73,-4.69,-3.36
61,-0.1,0.13,0.98,-5.19,-3.16,-1.88
62,-0.08,0.13,0.98,-4.31,-2.11,-1.46
63,-0.1,0.14,0.97,-3.94,-3.03,-0.98
64,-0.1,0.14,0.97,-3.76,-4.06,-0.78
65,-0.1,0.14,0.96,-3.52,-5.34,-1.67
66,-0.1,0.14,0.98,-3.52,-6.2,-1.28
67,-0.09,0.14,0.99,-3.5,-5.79,-1.18
68,-0.1,0.14,0.98,-3.32,-4.79,-1.06
69,-0.11,0.14,0.98,-2.88,-4.31,-0.05
70,-0.09,0.14,0.97,-3.56,-3.4,-0.49
71,-0.09,0.15,0.98,-3.76,-3.65,-0.58
72,-0.08,0.14,0.98,-3.37,-4.18,-0.46
73,-0.09,0.14,0.98,-3.08,-7.01,-1.31
74,-0.09,0.14,0.99,-2.71,-8.9,-2.08
75,-0.09,0.13,0.99,-1.44,-9.97,-1.93
76,-0.07,0.13,0.99,-0.94,-9.6,-2.37
77,-0.06,0.12,1.0,0.59,-7.93,-0.79
78,-0.05,0.13,0.99,1.05,-6.18,-1.11
79,-0.05,0.13,0.97,0.23,-8.47,-3.07
80,-0.05,0.14,0.99,0.83,-5.61,-3.53
81,-0.05,0.15,0.98,0.6,-2.9,-2.84
82,-0.05,0.15,0.96,-0.5,-1.28,-2.92
83,-0.06,0.15,0.96,-1.25,0.11,-2.52
84,-0.08,0.15,0.97,-1.66,0.18,-1.75
85,-0.09,0.14,0.98,-1.64,-2.63,-2.05
86,-0.08,0.14,0.97,-0.34,-6.0,-3.02
87,-0.08,0.14,0.98,1.05,-8.51,-3.59
88,-0.08,0.14,0.97,1.37,-10.38,-4.44
89,-0.09,0.14,0.96,0.78,-13.79,-5.63
90,-0.08,0.15,0.96,0.92,-16.57,-6.81
91,-0.08,0.15,0.97,0.92,-16.04,-6.15
92,-0.07,0.15,0.97,0.07,-13.11,-4.98
93,-0.06,0.16,0.95,-1.35,-8.29,-4.12
94,-0.04,0.17,0.95,-2.74,-4.96,-4.11
95,-0.04,0.16,0.97,-3.46,-3.67,-3.66
96,-0.06,0.15,0.96,-3.32,-5.24,-4.6
97,-0.06,0.16,0.97,-2.58,-7.63,-5.4
98,-0.07,0.15,0.97,-2.31,-9.91,-6.18
99,-0.06,0.16,0.96,-2.32,-10.25,-6.26
100,-0.06,0.15,0.97,-2.02,-11.08,-5.69
101,-0.06,0.15,0.97,-1.92,-10.31,-4.64
102,-0.03,0.15,0.95,-1.91,-8.46,-4.39
103,-0.03,0.17,0.94,-3.23,-6.69,-4.49
104,-0.03,0.16,0.96,-4.83,-4.73,-3.95
105,-0.04,0.15,0.96,-5.2,-0.95,-1.98
106,-0.05,0.16,0.95,-6.07,-0.9,-2.24
107,-0.04,0.16,0.95,-6.08,-2.95,-2.98
108,-0.06,0.16,0.96,-6.0,-6.29,-4.33
109,-0.05,0.16,0.96,-5.66,-8.76,-5.4
110,-0.05,0.15,0.96,-4.79,-9.4,-5.84
111,-0.05,0.15,0.95,-4.02,-11.86,-6.93
112,-0.05,0.16,0.95,-4.21,-15.89,-8.45
113,-0.04,0.15,0.95,-3.94,-17.59,-9.3
114,-0.04,0.14,0.96,-3.85,-17.56,-10.13
115,-0.04,0.13,0.97,-3.38,-14.98,-9.12
116,-0.05,0.13,0.96,-3.4,-11.87,-6.34
117,-0.05,0.13,0.95,-4.38,-4.93,-3.91
118,-0.09,0.14,0.95,-6.26,-2.41,-2.32
119,-0.1,0.14,0.95,-8.48,-2.32,-0.9
120,-0.09,0.14,0.96,-11.24,-3.66,-1.74
121,-0.03,0.09,1.0,-10.73,-5.67,-0.43
122,-0.04,0.12,1.0,-10.27,-5.18,0.37
123,-0.02,0.11,1.02,-8.09,-5.66,0.66
124,-0.01,0.1,1.03,-6.48,-4.74,-0.99
125,-0.01,0.12,1.02,-4.67,-5.28,-1.97
126,-0.02,0.12,1.02,-3.48,-6.13,-1.98
127,0.0,0.13,0.99,-3.32,-4.72,-2.13
128,0.0,0.13,1.0,-3.2,-2.44,-1.24
129,0.01,0.14,1.0,-2.79,-2.37,-1.07
130,0.01,0.13,1.0,-2.68,-2.18,-1.98
131,0.01,0.14,1.0,-2.55,-2.76,-3.03
132,0.01,0.13,0.99,-2.72,-2.34,-4.12
133,0.01,0.13,0.99,-2.02,-0.63,-3.4
134,0.0,0.14,0.99,-2.28,1.24,-3.61
135,-0.01,0.14,0.99,-2.82,3.84,-2.86
136,-0.0,0.14,0.98,-4.05,5.05,-3.11
137,-0.01,0.13,0.99,-4.18,4.52,-2.78
138,-0.0,0.12,1.0,-3.54,5.03,-2.33
139,0.0,0.11,1.0,-2.63,7.81,-1.73
140,0.0,0.1,0.99,-2.92,10.02,-2.35
141,-0.02,0.1,0.98,-4.45,13.81,-1.6
142,-0.03,0.09,0.96,-6.89,16.75,-1.51
143,-0.03,0.07,0.98,-10.12,17.92,-1.92
144,-0.03,0.04,1.0,-13.72,20.63,-2.27
145,-0.04,0.01,1.03,-16.11,21.63,-2.44
146,-0.05,-0.03,1.07,-17.0,21.85,-1.84
147,-0.03,-0.08,1.1,-16.15,20.21,-0.92
148,0.1,-0.14,1.11,-15.4,19.73,-7.06
149,0.33,-0.18,1.07,-16.32,19.16,-28.6
150,0.27,-0.21,1.07,-16.43,13.61,-53.34
151,-0.01,-0.24,1.12,-14.51,15.78,-52.24
152,-0.17,-0.24,1.11,-13.34,28.82,-34.56
153,-0.21,-0.23,1.04,-16.39,44.6,-18.6
154,-0.26,-0.23,1.03,-21.6,49.3,-10.29
155,-0.41,-0.25,1.08,-23.03,42.12,-0.53
156,-0.53,-0.26,1.11,-19.44,41.05,17.08
157,-0.53,-0.29,1.08,-20.12,29.5,33.39
158,-0.39,-0.42,1.09,-12.44,22.17,48.56
159,-0.21,-0.54,1.06,-0.27,19.56,58.25
160,-0.02,-0.64,1.06,12.29,22.11,64.94
161,0.07,-0.6,1.01,13.53,7.11,56.51
162,0.07,-0.51,0.97,22.24,-9.41,45.37
163,-0.05,-0.41,0.9,26.15,-36.67,36.95
164,-0.14,-0.31,0.81,24.05,-58.73,33.46
165,-0.14,-0.28,0.84,22.28,-71.18,36.82
166,-0.04,-0.25,0.86,22.4,-68.56,42.56
167,0.04,-0.2,0.83,18.92,-58.93,46.44
168,0.07,-0.12,0.8,14.84,-43.44,49.58
169,0.1,-0.04,0.7,5.03,-38.37,48.59
170,0.12,0.02,0.65,-9.79,-35.09,44.98
171,0.13,0.11,0.64,-27.11,-34.24,36.5
172,0.12,0.12,0.69,-37.95,-29.0,31.6
173,0.07,0.16,0.74,-44.04,-28.4,25.89
174,0.02,0.2,0.78,-47.5,-31.81,23.02
175,-0.0,0.19,0.84,-48.71,-34.06,20.95
176,0.02,0.23,0.82,-51.51,-33.42,18.01
177,0.09,0.23,0.87,-53.21,-30.69,17.35
178,0.14,0.25,0.83,-56.83,-26.95,15.91
179,0.2,0.27,0.82,-62.32,0.39,15.92
180,0.15,0.31,0.8,-66.95,12.37,9.21
181,0.09,0.33,0.79,-74.02,10.44,-1.05
182,-0.01,0.36,0.83,-82.83,-0.3,-9.96
183,0.01,0.24,1.05,-80.41,2.97,-9.5
184,0.06,0.2,1.15,-70.48,11.85,-11.41
185,0.05,0.2,1.2,-53.38,9.81,-16.75
186,0.08,0.15,1.28,-32.78,6.91,-14.82
187,0.06,0.23,1.24,-17.18,4.83,-22.51
188,0.02,0.26,1.19,-1.71,8.75,-21.99
189,0.02,0.36,1.05,1.67,12.23,-25.34
190,0.05,0.44,0.99,-2.19,13.41,-29.21
191,0.04,0.47,0.95,-14.87,10.44,-37.89
192,0.06,0.42,1.02,-26.19,29.14,-38.04
193,0.01,0.35,1.09,-32.85,55.72,-34.79
194,-0.14,0.28,1.16,-34.07,67.68,-33.19
195,-0.27,0.25,1.2,-30.26,60.91,-33.61
196,-0.38,0.23,1.25,-18.73,40.48,-34.62
197,-0.43,0.21,1.34,-2.82,26.8,-25.26
198,-0.38,0.26,1.28,10.56,15.15,-16.47
199,-0.33,0.31,1.25,22.15,1.79,-10.5
200,-0.28,0.36,1.18,31.05,-7.7,-3.89
201,-0.19,0.44,1.06,34.6,-10.89,1.25
202,-0.1,0.46,1.04,38.49,-13.84,6.82
203,-0.06,0.5,0.96,33.18,-18.89,4.7
204,-0.01,0.49,0.94,26.1,-18.76,7.4
205,-0.04,0.48,0.91,19.9,-17.46,9.11
206,-0.08,0.43,0.93,16.66,-10.96,15.8
207,-0.04,0.38,0.93,12.89,-8.24,17.51
208,-0.06,0.32,0.97,11.92,-12.39,17.73
209,-0.08,0.29,0.98,11.88,-15.57,17.96
210,-0.09,0.28,0.99,13.1,-26.46,16.71
211,-0.02,0.27,1.01,14.45,-43.58,13.07
212,0.07,0.27,1.02,14.73,-45.8,9.24
213,0.11,0.26,1.04,13.08,-36.73,7.74
214,0.13,0.21,1.12,13.2,-26.13,8.37
215,0.11,0.18,1.16,16.31,-15.18,8.0
216,0.06,0.14,1.19,21.46,-8.35,7.21
217,0.06,0.1,1.21,30.44,2.15,10.97
218,-0.01,0.12,1.13,38.05,7.26,13.85
219,-0.1,0.16,1.01,39.24,1.65,13.44
220,-0.16,0.17,0.96,37.68,-10.3,13.99
221,-0.14,0.16,0.95,37.41,-16.03,15.66
222,-0.11,0.16,0.94,36.85,-19.58,15.13
223,-0.11,0.15,0.96,38.77,-23.51,14.53
224,-0.03,0.15,0.96,40.6,-21.95,15.78
225,0.02,0.17,0.95,43.18,-23.78,15.5
226,0.03,0.2,0.9,41.94,-27.42,11.92
227,0.03,0.21,0.88,37.73,-30.5,8.53
228,0.03,0.2,0.93,34.94,-21.7,11.15
229,0.08,0.21,0.94,36.22,-13.76,13.35
230,0.09,0.26,0.88,34.18,-16.33,10.21
231,0.09,0.3,0.82,31.69,-17.96,7.79
232,0.12,0.3,0.84,25.2,-20.28,5.06
233,0.18,0.26,0.91,21.92,-16.76,3.99
234,0.2,0.23,0.92,19.63,-12.76,-1.88
235,0.14,0.21,0.97,19.09,-15.38,-7.35
236,0.13,0.18,0.98,19.92,-15.01,-10.73
237,0.09,0.17,1.01,22.74,-5.98,-8.6
238,0.05,0.18,0.98,23.7,-4.04,-7.18
239,0.02,0.21,0.89,19.06,-7.97,-9.79
240,-0.01,0.21,0.89,11.53,-7.41,-11.5
241,0.03,0.16,0.95,5.73,-1.85,-9.78
242,-0.01,0.16,0.99,4.09,3.53,-7.14
243,-0.02,0.15,0.99,2.63,2.4,-8.63
244,0.0,0.11,1.02,7.56,-1.51,-8.77
245,0.0,0.11,1.07,11.6,-9.41,-8.27
246,0.02,0.1,1.09,17.88,-8.72,-5.76
247,0.05,0.09,1.11,23.98,-3.99,-2.69
248,0.1,0.11,1.1,30.06,-0.09,-2.07
249,0.07,0.16,1.03,32.25,-0.63,-3.87
250,0.08,0.22,0.98,30.86,-1.53,-6.49
251,0.12,0.24,0.92,26.22,-3.5,-9.59
252,0.1,0.27,0.92,19.8,-2.87,-11.24
253,0.11,0.26,0.9,13.89,-3.4,-13.89
254,0.13,0.24,0.91,8.68,0.66,-15.27
255,0.1,0.23,0.91,1.45,1.15,-19.14
256,0.08,0.18,0.95,-1.71,4.39,-17.81
257,0.06,0.13,1.01,-1.7,10.66,-15.92
258,0.05,0.11,1.05,3.8,14.55,-14.0
259,0.02,0.15,1.01,7.0,15.63,-14.37
260,0.02,0.16,0.97,10.23,16.15,-14.24
261,0.03,0.19,0.91,8.21,7.78,-16.44
262,0.01,0.21,0.91,4.62,8.52,-17.55
263,0.04,0.2,0.9,2.88,16.37,-15.84
264,0.01,0.2,0.91,0.63,16.69,-18.86
265,-0.03,0.19,0.93,3.45,12.68,-18.02
266,-0.01,0.19,0.92,3.89,13.12,-15.2
267,-0.04,0.22,0.88,1.98,14.5,-11.77
268,-0.02,0.23,0.89,-1.32,16.18,-9.24
269,0.02,0.22,0.89,-6.09,21.18,-7.56
270,0.04,0.23,0.92,-10.01,25.25,-10.93
271,0.06,0.19,0.96,-6.56,28.04,-9.05
272,0.04,0.19,0.94,-6.53,29.2,-12.4
273,0.06,0.19,0.91,-8.33,27.38,-17.46
274,0.03,0.19,0.9,-12.38,23.92,-23.54
275,-0.04,0.19,0.93,-16.88,23.85,-25.05
276,-0.07,0.14,0.94,-17.65,23.27,-23.12
277,-0.13,0.12,1.0,-12.13,27.23,-16.18
278,-0.12,0.1,1.01,-8.02,22.21,-11.95
279,-0.11,0.12,0.98,-3.49,16.5,-11.02
280,-0.09,0.16,0.95,-2.56,14.7,-8.8
281,-0.05,0.16,0.96,-2.25,17.11,-2.49
282,0.06,0.16,0.96,-0.78,22.06,-4.35
283,0.1,0.16,0.95,-0.43,19.91,-14.66
284,0.04,0.17,0.96,0.38,17.37,-19.47
285,0.01,0.18,0.95,-0.11,21.23,-18.15
286,0.03,0.19,0.91,-3.55,21.96,-20.93
287,-0.0,0.19,0.93,-6.08,22.01,-22.18
288,-0.06,0.19,0.95,-8.66,25.41,-20.59
289,-0.11,0.17,0.97,-8.82,25.19,-18.61
290,-0.14,0.14,1.0,-6.25,21.22,-14.16
291,-0.14,0.15,0.98,-4.82,19.97,-9.14
292,-0.13,0.15,0.99,-1.0,18.49,-4.98
293,-0.09,0.17,0.97,1.74,14.84,-3.0
294,-0.05,0.17,0.96,3.46,10.66,-3.18
295,0.04,0.16,1.0,7.48,6.85,-7.97
296,0.0,0.14,1.03,13.15,0.73,-14.44
297,-0.05,0.14,1.03,18.67,-2.0,-18.15
298,-0.09,0.15,1.02,24.02,-1.79,-14.87
299,-0.12,0.18,0.97,25.07,-3.52,-11.39
300,-0.12,0.2,0.94,22.49,0.0,-8.08
301,-0.16,0.23,0.9,17.63,3.98,-4.68
302,-0.2,0.23,0.89,11.0,4.12,-2.31
303,-0.25,0.21,0.91,7.92,3.89,2.02
304,-0.2,0.21,0.9,6.03,0.76,2.39
305,-0.16,0.21,0.91,4.14,-11.78,-2.05
306,-0.12,0.22,0.9,3.36,-20.32,-6.9
307,-0.13,0.23,0.88,0.89,-25.95,-8.68
308,-0.06,0.25,0.86,-4.51,-26.22,-9.57
309,-0.06,0.26,0.87,-9.55,-22.01,-10.15
310,-0.08,0.23,0.9,-14.15,-19.07,-9.29
311,-0.09,0.2,0.96,-15.74,-16.55,-8.19
312,-0.06,0.18,1.02,-13.33,-16.46,-9.18
313,-0.07,0.16,1.03,-8.67,-16.53,-7.61
314,-0.08,0.16,1.02,-4.85,-14.55,-5.31
315,-0.07,0.19,0.99,-3.47,-17.29,-5.97
316,-0.08,0.21,0.95,-4.32,-19.73,-6.67
317,-0.06,0.2,0.92,-6.85,-17.56,-5.89
318,-0.06,0.2,0.92,-10.08,-13.13,-3.77
319,-0.07,0.21,0.92,-13.44,-7.98,-1.11
320,-0.05,0.21,0.93,-14.76,-4.26,-0.21
321,-0.02,0.21,0.91,-15.89,-4.49,-2.18
322,-0.01,0.2,0.9,-16.43,-5.05,-3.83
323,-0.04,0.19,0.94,-16.48,-8.66,-6.06
324,0.03,0.18,0.9,-14.62,-7.31,-8.83
325,0.04,0.19,0.89,-13.6,-5.36,-9.75
326,0.01,0.19,0.89,-15.7,-6.08,-13.27
327,-0.03,0.17,0.92,-17.71,-10.28,-15.92
328,-0.05,0.16,0.94,-18.11,-11.21,-16.57
329,-0.1,0.16,0.96,-18.75,-9.51,-15.44
330,-0.15,0.15,0.99,-18.4,-9.75,-11.14
331,-0.16,0.13,1.02,-16.79,-10.31,-7.6
332,-0.13,0.12,1.04,-13.62,-9.71,-3.02
333,-0.13,0.12,1.04,-10.8,-10.93,-0.47
334,-0.12,0.12,1.03,-8.45,-10.93,1.88
335,-0.09,0.13,1.04,-6.35,-13.38,1.95
336,-0.04,0.12,1.05,-3.44,-14.62,-1.18
337,-0.01,0.13,1.04,-0.82,-14.35,-5.44
338,-0.01,0.15,1.04,1.97,-17.88,-10.92
339,-0.03,0.16,1.03,3.72,-22.52,-11.4
340,-0.02,0.19,1.01,5.88,-17.07,-8.44
341,0.01,0.22,0.98,5.21,-16.59,-7.97
342,0.04,0.23,0.96,2.53,-13.95,-9.4
343,0.02,0.24,0.94,-1.91,-5.22,-9.11
344,0.01,0.24,0.94,-7.37,5.15,-8.31
345,-0.02,0.24,0.95,-12.92,16.61,-6.0
346,-0.06,0.22,0.97,-15.78,26.91,-2.95
347,-0.13,0.19,1.0,-15.43,27.59,-1.57
348,-0.18,0.18,1.01,-13.69,18.86,-1.48
349,-0.18,0.17,1.0,-11.31,14.09,0.94
350,-0.15,0.19,0.98,-9.63,10.96,3.17
351,-0.11,0.19,0.99,-8.46,7.7,3.39
352,-0.01,0.18,0.98,-6.91,2.15,1.16
353,0.02,0.18,0.98,-6.13,-2.05,-5.38
354,-0.0,0.2,0.98,-5.02,-3.09,-6.56
355,0.02,0.2,0.97,-3.97,2.3,-6.38
356,0.04,0.21,0.97,-3.01,4.91,-5.76
357,0.05,0.22,0.94,-3.4,7.06,-8.79
358,0.01,0.24,0.92,-5.1,6.7,-10.61
359,0.0,0.23,0.91,-6.74,9.69,-11.87
360,-0.03,0.23,0.91,-8.02,5.53,-14.05
361,-0.02,0.22,0.91,-9.11,-4.03,-16.54
362,-0.05,0.2,0.93,-8.24,-1.58,-15.6
363,-0.11,0.19,0.92,-9.06,0.85,-13.18
364,-0.14,0.18,0.92,-8.56,4.1,-9.69
365,-0.18,0.19,0.92,-9.39,1.75,-7.24
366,-0.16,0.19,0.91,-9.8,-4.69,-6.96
367,-0.16,0.19,0.93,-10.07,-7.85,-5.16
368,-0.15,0.2,0.95,-10.56,-8.53,-2.96
369,-0.08,0.18,0.98,-10.05,-9.52,-3.06
370,-0.0,0.15,1.01,-7.22,-9.82,-2.85
371,-0.06,0.16,1.01,-5.05,-5.62,-2.09
372,-0.08,0.16,1.0,-4.06,-3.95,-1.6
373,-0.09,0.17,0.98,-2.95,-6.34,-1.33
374,-0.07,0.18,0.98,-3.06,-11.6,-3.07
375,-0.06,0.19,0.98,-3.95,-11.24,-3.52
376,-0.07,0.2,0.96,-5.69,-9.56,-2.82
377,-0.05,0.2,0.97,-8.45,-6.37,-1.83
378,-0.02,0.18,0.99,-9.87,-3.64,-1.79
379,0.0,0.16,1.03,-8.67,-2.48,-1.37
380,-0.02,0.16,1.01,-7.55,0.33,-1.51
381,-0.04,0.16,1.0,-6.59,0.6,-2.24
382,-0.03,0.15,1.0,-5.73,-2.05,-2.59
383,-0.04,0.16,0.99,-4.08,0.92,-0.79
384,-0.07,0.18,0.99,-3.95,2.81,0.87
385,-0.06,0.18,0.98,-4.69,0.7,0.53
386,-0.04,0.17,0.99,-4.61,-4.29,-1.98
387,-0.06,0.17,1.01,-3.18,-2.85,-0.67
388,-0.03,0.18,0.97,-3.14,1.03,-0.35
389,0.0,0.18,0.98,-3.23,-0.21,-1.97
390,-0.02,0.17,0.98,-2.79,0.14,-3.62
391,-0.03,0.16,0.97,-2.73,2.55,-3.85
392,-0.06,0.16,0.96,-2.48,1.71,-3.95
393,-0.06,0.16,0.96,-2.47,-1.11,-5.22
394,-0.07,0.16,0.96,-2.25,-1.68,-5.6
395,-0.09,0.16,0.95,-2.39,-1.08,-3.85
396,-0.09,0.16,0.93,-3.68,0.08,-1.16
397,-0.1,0.17,0.94,-5.46,-2.07,-1.83
398,-0.1,0.15,0.98,-5.44,-4.21,-1.78
399,-0.1,0.15,0.98,-3.92,-2.32,1.75
