,accel_x,accel_y,accel_z,gyro_x,gyro_y,gyro_z
0,-0.16,0.08,1.0,-15.37,-2.29,-7.53
1,-0.16,0.11,0.97,-14.8,-0.52,-7.09
2,-0.17,0.12,0.96,-15.52,-1.77,-7.62
3,-0.16,0.14,0.93,-16.1,0.37,-4.69
4,-0.16,0.14,0.91,-19.05,1.32,-4.23
5,-0.17,0.15,0.89,-21.51,-1.02,-5.99
6,-0.16,0.12,0.93,-20.93,-5.38,-10.44
7,-0.15,0.11,0.93,-18.92,-8.76,-13.6
8,-0.13,0.12,0.93,-18.76,-7.33,-12.24
9,-0.17,0.1,0.9,-19.88,-5.43,-14.62
10,-0.19,0.05,0.94,-22.19,-10.58,-14.1
11,-0.19,0.04,0.95,-24.64,-9.02,-14.76
12,-0.17,0.03,0.97,-26.15,-6.05,-10.31
13,-0.2,0.01,0.98,-25.94,-5.52,-12.45
14,-0.15,0.03,1.01,-24.75,-10.83,-16.48
15,-0.13,0.03,0.99,-25.04,-4.81,-11.95
16,-0.16,0.02,0.98,-23.31,-0.11,-6.84
17,-0.16,0.05,0.97,-22.53,0.75,-4.56
18,-0.16,0.06,0.93,-24.29,2.68,-3.73
19,-0.18,0.05,0.92,-26.59,-2.82,-9.44
20,-0.16,0.02,0.95,-27.32,-6.21,-12.08
21,-0.17,-0.02,0.99,-25.24,-8.18,-13.3
22,-0.15,-0.04,1.02,-22.78,-7.03,-12.37
23,-0.14,-0.04,1.0,-20.54,-1.02,-4.99
24,-0.14,-0.02,1.0,-18.22,1.63,-1.34
25,-0.17,-0.0,0.96,-18.64,3.02,-1.09
26,-0.15,0.01,0.94,-20.59,1.69,-2.15
27,-0.15,0.0,0.96,-22.89,-1.72,-5.73
28,-0.14,-0.0,0.99,-22.74,-3.55,-8.08
29,-0.11,-0.0,0.98,-22.87,-2.2,-7.49
30,-0.13,-0.03,0.99,-22.57,-2.34,-9.32
31,-0.14,-0.05,1.01,-20.98,-5.34,-12.28
32,-0.14,-0.06,1.01,-16.85,-6.03,-13.08
33,-0.11,-0.04,1.01,-15.92,-1.46,-9.74
34,-0.12,-0.05,1.0,-14.14,0.2,-6.91
35,-0.15,-0.05,0.98,-14.18,-2.73,-8.4
36,-0.14,-0.06,0.97,-13.87,-4.37,-9.96
37,-0.15,-0.08,0.99,-13.8,-7.53,-14.18
38,-0.14,-0.1,1.01,-14.59,-10.2,-15.46
39,-0.14,-0.1,1.03,-13.89,-9.21,-15.38
40,-0.16,-0.13,0.98,-5.43,-5.79,-13.55
41,-0.15,-0.12,1.01,-9.53,-2.51,-6.73
42,-0.17,-0.09,1.01,-9.83,0.15,-3.96
43,-0.15,-0.06,0.99,-9.73,2.34,-0.6
44,-0.15,-0.06,0.98,-10.93,2.25,-1.3
45,-0.14,-0.07,0.98,-11.24,-0.65,-3.59
46,-0.13,-0.06,0.98,-11.61,-2.77,-5.47
47,-0.13,-0.07,0.98,-12.27,-2.67,-6.58
48,-0.16,-0.1,1.02,-11.69,-5.07,-8.24
49,-0.15,-0.1,1.04,-7.48,-6.23,-6.75
50,-0.12,-0.08,1.02,-4.38,-2.0,-2.57
51,-0.15,-0.09,0.99,-3.83,0.16,-1.8
52,-0.16,-0.09,0.99,-3.37,-3.4,-4.26
53,-0.16,-0.11,1.0,-2.01,-6.36,-5.38
54,-0.14,-0.1,0.99,-0.95,-6.32,-5.14
55,-0.14,-0.09,0.98,-2.29,-5.21,-4.59
56,-0.15,-0.07,0.96,-3.76,-4.83,-3.68
57,-0.15,-0.06,0.96,-5.24,-4.2,-2.93
58,-0.16,-0.05,0.94,-6.61,-3.58,-2.39
59,-0.17,-0.05,0.94,-7.77,-4.95,-2.59
60,-0.15,-0.04,0.94,-9.32,-7.27,-4.69
61,-0.15,-0.05,0.95,-9.02,-9.66,-5.95
62,-0.12,-0.05,0.96,-8.19,-9.67,-6.13
63,-0.12,-0.04,0.95,-9.12,-7.25,-6.62
64,-0.12,-0.07,0.97,-4.73,-6.51,-3.82
65,-0.11,-0.06,0.95,-5.69,-5.27,-4.67
66,-0.11,-0.04,0.97,-6.18,-5.6,-4.2
67,-0.11,-0.04,0.95,-6.37,-4.75,-4.55
68,-0.12,-0.03,0.93,-7.45,-5.34,-4.78
69,-0.12,-0.04,0.91,-8.21,-6.4,-6.15
70,-0.11,-0.05,0.93,-11.35,-9.35,-11.0
71,-0.12,-0.06,0.97,-13.82,-10.56,-12.63
72,-0.11,-0.08,0.99,-11.0,-12.56,-13.76
73,-0.1,-0.1,1.01,-10.09,-10.72,-13.06
74,-0.11,-0.11,1.02,-8.4,-8.94,-11.98
75,-0.08,-0.1,1.01,-6.47,-4.88,-8.02
76,-0.1,-0.09,1.01,-5.85,-3.18,-5.86
77,-0.1,-0.08,0.99,-5.47,-1.82,-4.46
78,-0.13,-0.07,0.98,-6.29,-0.97,-2.46
79,-0.12,-0.05,0.95,-7.44,0.15,-0.89
80,-0.12,-0.04,0.93,-8.6,1.74,0.97
81,-0.13,-0.05,0.93,-9.62,-0.08,-0.89
82,-0.13,-0.06,0.94,-10.76,-3.12,-5.21
83,-0.11,-0.08,0.97,-9.89,-7.13,-7.76
84,-0.08,-0.08,0.98,-7.44,-7.27,-7.44
85,-0.1,-0.09,0.96,-6.12,-6.14,-5.91
86,-0.11,-0.09,0.99,-6.39,-9.82,-9.2
87,-0.1,-0.09,0.97,-5.4,-9.4,-8.76
88,-0.1,-0.09,0.97,-6.11,-7.95,-9.2
89,-0.1,-0.09,0.98,-6.15,-9.23,-9.24
90,-0.09,-0.09,1.0,-5.03,-6.36,-6.33
91,-0.09,-0.07,0.98,-4.25,-3.24,-2.24
92,-0.08,-0.04,0.94,-6.12,-0.8,-0.5
93,-0.09,-0.03,0.93,-9.67,0.76,-0.65
94,-0.09,-0.02,0.93,-12.96,2.23,-0.12
95,-0.1,-0.03,0.92,-14.46,3.04,1.1
96,-0.11,-0.06,0.94,-14.21,-0.01,-0.69
97,-0.11,-0.07,0.96,-13.79,-5.56,-5.53
98,-0.08,-0.08,0.98,-11.73,-5.9,-4.73
99,-0.09,-0.1,0.96,-10.7,-5.36,-6.21
100,-0.12,-0.14,1.02,-11.37,-15.66,-16.38
101,-0.09,-0.2,1.06,-9.43,-20.41,-20.16
102,-0.06,-0.21,1.11,-5.66,-16.93,-17.21
103,-0.06,-0.2,1.11,-1.85,-9.68,-10.03
104,-0.08,-0.19,1.09,1.08,-5.27,-5.55
105,-0.09,-0.16,1.07,3.03,-3.3,-3.96
106,-0.09,-0.14,1.05,4.19,-0.34,-3.44
107,-0.08,-0.11,1.02,5.21,2.89,-0.83
108,-0.09,-0.09,0.97,4.53,5.06,0.87
109,-0.1,-0.08,0.95,2.4,4.08,-2.15
110,-0.1,-0.08,0.94,1.74,3.01,-3.68
111,-0.1,-0.08,0.96,1.31,1.5,-5.09
112,-0.09,-0.09,0.96,2.6,1.29,-4.31
113,-0.09,-0.06,0.96,3.11,4.16,-2.96
114,-0.09,-0.04,0.92,2.95,6.77,-0.52
115,-0.11,-0.02,0.91,1.73,7.95,-0.51
116,-0.09,-0.02,0.89,0.46,8.42,2.57
117,-0.12,-0.03,0.86,-3.74,6.31,-0.92
118,-0.11,-0.05,0.91,-7.7,-3.97,-9.68
119,-0.08,-0.09,0.97,-8.1,-10.07,-16.53
120,-0.07,-0.12,1.01,-6.08,-10.75,-16.92
121,-0.05,-0.11,1.03,-3.34,-8.23,-14.21
122,-0.03,-0.1,1.03,-1.6,-2.59,-10.17
123,-0.06,-0.09,1.01,-1.94,1.53,-8.61
124,-0.07,-0.09,1.01,-1.88,5.69,-5.49
125,-0.09,-0.06,0.99,-3.44,7.27,-3.66
126,-0.11,-0.05,0.96,-3.64,10.18,-1.12
127,-0.13,-0.05,0.94,-7.15,5.47,-3.88
128,-0.12,-0.05,0.93,-9.64,4.52,-5.71
129,-0.1,-0.07,0.94,-10.96,3.77,-7.91
130,-0.11,-0.11,0.95,-12.68,-0.98,-11.55
131,-0.1,-0.13,0.97,-12.4,-4.73,-14.98
132,-0.1,-0.16,1.02,-10.04,-7.18,-17.27
133,-0.09,-0.19,1.05,-4.62,-7.66,-18.16
134,-0.09,-0.21,1.06,-1.52,-8.05,-16.28
135,-0.09,-0.2,1.06,1.65,-3.19,-10.74
136,-0.1,-0.17,1.02,2.16,2.12,-6.32
137,-0.11,-0.15,0.98,0.92,6.31,-3.49
138,-0.13,-0.14,0.96,-0.91,8.69,-1.19
139,-0.13,-0.13,0.95,-1.98,8.33,0.16
140,-0.14,-0.12,0.93,-3.66,5.47,-1.23
141,-0.14,-0.12,0.94,-4.71,1.68,-3.95
142,-0.11,-0.11,0.94,-5.4,1.47,-3.61
143,-0.11,-0.11,0.94,-5.69,1.36,-4.8
144,-0.11,-0.11,0.95,-6.16,-1.33,-6.87
145,-0.1,-0.1,0.95,-5.61,-0.96,-6.21
146,-0.11,-0.1,0.96,-4.98,2.43,-3.2
147,-0.13,-0.11,0.95,-6.01,-0.74,-4.06
148,-0.12,-0.12,0.95,-6.17,-0.85,-1.98
149,-0.13,-0.13,0.95,-5.89,-1.22,-1.03
150,-0.12,-0.12,0.95,-5.98,-2.41,-0.72
151,-0.1,-0.12,0.94,-6.65,-2.28,-1.4
152,-0.09,-0.12,0.96,-6.11,-1.11,-0.95
153,-0.08,-0.13,0.96,-6.77,-2.37,-3.43
154,-0.09,-0.14,0.97,-6.91,-3.1,-5.15
155,-0.1,-0.15,0.98,-6.43,-4.85,-5.72
156,-0.1,-0.16,0.99,-5.05,-4.57,-5.3
157,-0.09,-0.15,0.99,-5.08,-3.95,-3.6
158,-0.09,-0.14,0.98,-4.88,-2.38,-2.99
159,-0.1,-0.14,0.96,-5.81,-4.33,-5.8
160,-0.08,-0.14,0.98,-5.97,-4.19,-6.13
161,-0.08,-0.13,0.98,-7.01,-3.05,-5.89
162,-0.09,-0.14,0.99,-6.66,-2.0,-4.73
163,-0.1,-0.13,0.99,-7.14,-2.52,-5.31
164,-0.08,-0.11,1.0,-6.42,-1.79,-3.63
165,-0.07,-0.1,0.98,-5.88,1.79,-1.78
166,-0.08,-0.1,0.97,-5.63,1.59,-2.66
167,-0.08,-0.11,0.98,-5.66,-0.97,-4.97
168,-0.07,-0.1,0.97,-4.51,-1.58,-3.76
169,-0.08,-0.1,0.96,-4.69,-0.46,-2.63
170,-0.09,-0.1,0.96,-5.6,-0.59,-3.82
171,-0.08,-0.09,0.97,-5.64,-1.18,-4.4
172,-0.07,-0.09,0.96,-5.65,0.28,-2.96
173,-0.07,-0.08,0.95,-6.95,1.73,-2.47
174,-0.09,-0.09,0.95,-8.16,-0.93,-5.76
175,-0.09,-0.11,0.96,-8.21,-1.6,-6.12
176,-0.08,-0.1,0.96,-8.27,-1.36,-5.27
177,-0.08,-0.11,0.95,-8.85,0.71,-4.26
178,-0.11,-0.11,0.95,-8.75,1.06,-3.34
179,-0.12,-0.12,0.95,-9.14,0.02,-4.22
180,-0.12,-0.12,0.95,-9.15,-2.26,-3.98
181,-0.12,-0.13,0.95,-8.08,-4.64,-4.26
182,-0.11,-0.13,0.97,-7.28,-7.52,-5.69
183,-0.08,-0.13,0.98,-6.69,-9.29,-7.73
184,-0.06,-0.13,1.0,-5.95,-7.48,-6.94
185,-0.06,-0.12,0.99,-5.59,-4.15,-4.34
186,-0.07,-0.12,0.96,-6.52,-2.77,-4.44
187,-0.09,-0.11,0.95,-8.29,-2.43,-4.34
188,-0.11,-0.09,0.95,-10.47,-2.94,-4.94
189,-0.1,-0.09,0.97,-11.2,-2.79,-3.87
190,-0.11,-0.08,0.95,-12.05,-2.78,-2.97
191,-0.09,-0.08,0.96,-13.78,-2.04,-2.34
192,-0.08,-0.08,0.96,-14.45,-0.63,-0.72
193,-0.08,-0.08,0.95,-14.5,-1.58,-2.99
194,-0.09,-0.11,0.99,-14.14,-8.65,-11.06
195,-0.07,-0.14,1.03,-11.54,-10.23,-12.9
196,-0.04,-0.14,1.03,-6.75,-3.85,-7.16
197,-0.06,-0.14,1.02,-3.8,0.56,-2.34
198,-0.09,-0.14,0.97,-5.21,-1.19,-5.18
199,-0.09,-0.16,0.97,-5.04,-2.57,-5.6
200,-0.09,-0.15,0.95,-5.59,-2.18,-4.54
201,-0.09,-0.14,0.95,-7.74,-2.3,-5.03
202,-0.09,-0.15,0.95,-9.37,-2.27,-6.09
203,-0.1,-0.16,0.97,-9.67,-1.08,-3.04
204,-0.11,-0.18,0.98,-8.88,-0.37,-2.96
205,-0.11,-0.18,0.99,-7.63,-1.95,-3.24
206,-0.1,-0.19,1.01,-6.37,-1.07,-2.63
207,-0.09,-0.18,1.02,-2.17,4.09,1.92
208,-0.1,-0.19,1.01,-2.11,6.34,5.98
209,-0.11,-0.15,1.02,-2.06,6.44,7.1
210,-0.1,-0.12,1.01,-1.27,8.79,10.3
211,-0.09,-0.09,1.0,-0.81,14.19,15.57
212,-0.1,-0.07,0.97,-0.61,19.31,20.41
213,-0.07,-0.08,0.93,-1.75,20.02,21.67
214,-0.07,-0.09,0.94,-3.4,18.78,18.24
215,-0.06,-0.13,0.96,-5.74,14.24,13.8
216,-0.02,-0.15,0.97,-7.44,12.32,8.44
217,0.0,-0.15,0.97,-9.97,12.85,2.44
218,-0.04,-0.17,0.99,-11.53,9.87,-4.54
219,-0.1,-0.19,1.01,-11.11,4.6,-9.43
220,-0.09,-0.2,1.03,-9.79,3.17,-10.03
221,-0.1,-0.19,1.01,-7.98,7.92,-5.82
222,-0.08,-0.17,0.98,-8.95,11.53,-3.8
223,-0.08,-0.14,0.94,-12.81,18.2,-1.98
224,-0.08,-0.13,0.93,-17.59,25.88,1.68
225,-0.07,-0.1,0.88,-22.28,32.07,5.69
226,-0.1,-0.1,0.86,-26.11,38.24,8.36
227,-0.12,-0.09,0.82,-29.82,39.57,7.68
228,-0.13,-0.09,0.79,-32.43,37.02,4.6
229,-0.15,-0.1,0.79,-31.32,27.27,-1.44
230,-0.19,-0.15,0.79,-26.18,9.8,-14.2
231,-0.17,-0.19,0.83,-17.97,-4.97,-17.94
232,-0.11,-0.21,0.8,-13.5,-9.8,-15.12
233,-0.04,-0.25,0.76,-16.21,-10.18,-9.61
234,0.03,-0.3,0.77,-25.96,-8.19,-7.39
235,0.09,-0.4,0.81,-38.06,-2.16,-9.21
236,0.11,-0.59,0.85,-47.6,0.37,-6.82
237,0.01,-0.87,0.95,-55.94,-26.24,-14.82
238,-0.05,-1.28,1.08,-60.21,-82.98,-33.28
239,-0.17,-1.94,1.39,-51.34,-150.89,-52.34
240,-0.32,-2.0,1.86,0.83,-218.55,-60.05
241,-0.19,-2.0,2.0,59.53,-247.05,-32.48
242,0.21,-2.0,2.0,94.38,-179.44,18.96
243,0.5,-2.0,2.0,118.63,-84.2,58.43
244,0.52,-2.0,2.0,127.53,-4.83,91.92
245,0.3,-2.0,1.94,154.22,81.05,121.25
246,0.26,-2.0,1.05,172.79,150.37,174.4
247,0.1,-2.0,0.52,183.11,165.24,200.25
248,-0.03,-1.55,0.22,212.18,135.26,203.88
249,-0.13,-1.12,-0.1,221.92,98.46,173.95
250,-0.24,-0.71,-0.18,224.4,58.19,147.55
251,-0.18,-0.36,-0.02,217.48,2.18,117.02
252,-0.01,0.11,0.07,205.11,-23.29,102.05
253,0.1,0.42,0.09,186.67,-23.45,101.66
254,0.25,0.73,0.16,171.03,2.02,116.6
255,0.26,0.97,0.08,158.82,34.77,127.46
256,0.19,1.15,0.21,158.86,42.55,124.38
257,0.25,1.37,0.17,172.18,57.37,132.1
258,0.41,1.74,0.03,189.55,95.62,169.68
259,0.43,2.0,-0.18,208.93,113.24,211.28
260,0.94,2.0,-0.32,250.13,132.38,250.13
261,1.66,2.0,-0.85,250.13,124.05,250.13
262,2.0,2.0,-1.66,250.13,101.64,226.53
263,1.96,2.0,-2.0,248.98,33.16,115.23
264,1.55,2.0,-1.7,116.08,-95.33,-93.49
265,1.64,2.0,-1.63,-20.91,-164.66,-243.66
266,1.18,1.8,-0.74,-104.51,-150.34,-250.14
267,0.73,1.25,-0.1,-162.83,-128.81,-250.14
268,0.19,0.39,0.73,-192.07,-144.1,-250.14
269,-0.0,-0.02,1.15,-162.63,-139.14,-247.17
270,-0.18,-0.18,1.38,-125.83,-122.31,-213.86
271,-0.24,-0.19,1.51,-98.88,-86.27,-170.99
272,-0.3,-0.12,1.47,-78.46,-36.95,-116.1
273,-0.35,0.04,1.39,-67.28,7.52,-79.01
274,-0.35,0.13,1.25,-61.75,45.34,-56.68
275,-0.41,0.16,1.16,-55.6,65.38,-43.1
276,-0.45,0.2,1.09,-49.49,72.41,-35.62
277,-0.52,0.19,1.0,-38.0,62.51,-30.76
278,-0.56,0.19,0.99,-30.21,44.98,-38.27
279,-0.53,0.19,1.01,-19.67,30.93,-37.58
280,-0.48,0.21,1.02,-8.47,24.92,-31.35
281,-0.4,0.26,0.98,-1.14,31.05,-17.02
282,-0.35,0.34,0.9,0.44,42.66,-2.68
283,-0.34,0.39,0.82,-1.83,49.02,7.7
284,-0.34,0.43,0.73,-5.34,50.73,13.03
285,-0.35,0.42,0.69,-12.86,38.45,7.79
286,-0.38,0.42,0.68,-23.77,13.79,-13.64
287,-0.34,0.37,0.72,-28.73,-7.9,-30.73
288,-0.36,0.3,0.81,-29.53,-29.5,-45.16
289,-0.32,0.25,0.94,-28.95,-43.25,-51.11
290,-0.28,0.25,1.0,-26.35,-40.61,-41.74
291,-0.21,0.23,1.03,-23.56,-19.29,-28.71
292,-0.2,0.32,0.93,-23.54,6.14,-7.73
293,-0.16,0.31,0.94,-26.96,16.15,-5.25
294,-0.2,0.35,0.95,-27.66,14.54,-5.92
295,-0.26,0.33,0.93,-28.05,8.62,-12.05
296,-0.31,0.3,0.87,-26.68,4.18,-15.72
297,-0.25,0.25,0.9,-20.31,-3.95,-18.72
298,-0.34,0.21,0.98,-19.73,-11.44,-19.82
299,-0.29,0.18,1.02,-13.88,-24.89,-26.36
300,-0.22,0.16,1.02,-10.92,-19.37,-14.44
301,-0.25,0.14,1.01,-7.5,-10.42,-3.66
302,-0.24,0.14,1.0,-7.63,-2.1,3.95
303,-0.21,0.21,0.95,-8.21,3.61,9.19
304,-0.18,0.24,0.93,-9.24,1.85,9.88
305,-0.16,0.28,0.89,-9.89,1.73,9.39
306,-0.15,0.3,0.85,-9.88,-2.29,3.67
307,-0.16,0.31,0.85,-11.05,-8.71,-3.48
308,-0.17,0.31,0.79,-10.57,-14.98,-11.39
309,-0.2,0.29,0.83,-14.27,-22.07,-18.89
310,-0.21,0.26,0.85,-17.1,-25.1,-23.02
311,-0.21,0.24,0.88,-20.28,-23.65,-22.58
312,-0.21,0.22,0.9,-21.79,-16.63,-16.22
313,-0.23,0.19,0.92,-25.15,-11.25,-11.45
314,-0.22,0.17,0.96,-24.32,-7.44,-6.18
315,-0.19,0.17,0.95,-23.05,-0.61,1.92
316,-0.21,0.17,0.93,-20.41,1.94,7.56
317,-0.21,0.19,0.91,-19.23,-0.51,4.47
318,-0.19,0.19,0.91,-17.37,-5.13,-0.23
319,-0.19,0.17,0.9,-15.76,-11.63,-6.6
320,-0.2,0.16,0.94,-15.6,-21.79,-16.47
321,-0.14,0.15,0.95,-15.21,-21.27,-17.94
322,-0.14,0.14,0.98,-14.52,-18.83,-16.04
323,-0.16,0.13,1.0,-13.82,-17.99,-16.73
324,-0.15,0.12,0.99,-13.6,-13.17,-12.65
325,-0.17,0.13,0.99,-13.62,-8.24,-8.23
326,-0.17,0.15,0.96,-14.93,-4.24,-5.98
327,-0.18,0.16,0.93,-16.36,-0.61,-3.4
328,-0.21,0.16,0.93,-18.07,-1.47,-4.75
329,-0.2,0.16,0.91,-19.63,-1.47,-3.53
330,-0.21,0.15,0.89,-22.37,-2.54,-4.14
331,-0.23,0.14,0.93,-23.86,-4.77,-5.3
332,-0.21,0.13,0.95,-24.13,-5.76,-5.9
333,-0.21,0.14,0.95,-22.47,-6.25,-4.97
334,-0.22,0.14,0.96,-20.05,-8.29,-5.96
335,-0.18,0.16,0.96,-17.71,-8.31,-4.35
336,-0.17,0.18,0.94,-17.08,-9.03,-3.72
337,-0.16,0.18,0.91,-17.94,-8.88,-3.85
338,-0.19,0.16,0.92,-20.94,-12.78,-7.42
339,-0.18,0.15,0.95,-22.8,-17.04,-11.62
340,-0.16,0.15,0.96,-24.42,-14.54,-9.77
341,-0.17,0.12,1.0,-24.04,-10.92,-8.28
342,-0.17,0.12,1.0,-21.89,-6.21,-3.96
343,-0.18,0.13,0.98,-20.85,-3.38,-0.47
344,-0.17,0.14,0.97,-19.92,0.85,1.46
345,-0.18,0.15,0.92,-19.9,1.29,2.48
346,-0.19,0.18,0.9,-21.11,0.34,2.13
347,-0.19,0.17,0.89,-22.69,-4.31,-3.76
348,-0.2,0.13,0.93,-23.47,-15.61,-14.36
349,-0.13,0.13,0.97,-20.98,-15.89,-14.59
350,-0.13,0.11,0.99,-19.92,-12.31,-13.08
351,-0.15,0.1,1.03,-19.34,-10.89,-14.26
352,-0.13,0.13,0.98,-17.53,-5.31,-7.92
353,-0.15,0.12,0.92,-18.02,3.13,-0.68
354,-0.19,0.11,0.95,-21.14,-2.1,-5.56
355,-0.14,0.12,0.98,-21.4,-4.08,-7.89
356,-0.11,0.13,0.94,-19.78,1.21,-3.63
357,-0.16,0.12,0.94,-21.1,0.25,-4.58
358,-0.16,0.12,0.95,-23.18,-3.03,-8.05
359,-0.16,0.11,0.96,-21.62,-2.67,-7.67
360,-0.16,0.11,0.96,-18.73,-4.43,-8.97
361,-0.16,0.12,0.94,-15.4,-6.27,-10.64
362,-0.15,0.12,0.92,-13.83,-5.11,-9.51
363,-0.15,0.11,0.91,-16.3,-5.76,-11.56
364,-0.16,0.09,0.91,-21.85,-6.77,-13.29
365,-0.16,0.07,0.93,-26.93,-4.69,-11.91
366,-0.17,0.05,0.96,-28.92,-2.13,-9.08
367,-0.2,0.03,0.98,-29.48,-3.14,-10.13
368,-0.2,0.01,1.0,-27.12,-4.97,-10.81
369,-0.19,-0.01,1.0,-23.14,-3.56,-7.71
370,-0.19,-0.0,1.0,-20.29,-6.97,-10.2
371,-0.14,0.03,1.01,-16.07,-6.12,-9.47
372,-0.15,0.04,0.98,-13.78,-3.9,-9.83
373,-0.15,0.06,0.96,-14.77,-12.94,-16.42
374,-0.11,0.05,0.96,-18.27,-6.75,-11.65
375,-0.15,0.04,0.96,-18.31,-2.57,-5.08
376,-0.16,0.04,0.95,-16.79,-4.6,-6.35
377,-0.15,0.04,0.96,-20.79,-7.28,-9.89
378,-0.14,0.01,0.96,-21.21,-7.79,-10.5
379,-0.15,-0.0,0.97,-20.76,-9.54,-12.77
380,-0.14,-0.01,1.0,-19.47,-10.05,-14.05
381,-0.13,-0.02,1.0,-17.21,-6.12,-10.14
382,-0.16,-0.04,1.0,-16.15,-6.35,-10.43
383,-0.15,-0.03,1.0,-15.66,-7.63,-10.92
384,-0.14,-0.02,0.98,-14.51,-5.77,-8.31
385,-0.16,-0.02,0.98,-14.9,-5.79,-9.22
386,-0.15,-0.0,0.95,-15.73,-6.21,-9.63
387,-0.15,-0.0,0.96,-16.49,-6.26,-9.57
388,-0.14,-0.0,0.97,-15.44,-8.44,-10.33
389,-0.12,0.01,0.96,-14.62,-7.06,-9.4
390,-0.12,0.01,0.94,-15.05,-5.47,-8.95
391,-0.14,-0.03,0.94,-15.98,-7.4,-10.6
392,-0.13,-0.04,0.97,-16.66,-10.81,-13.25
393,-0.12,-0.04,0.99,-15.73,-10.02,-11.83
394,-0.13,-0.05,0.98,-13.95,-10.07,-11.11
395,-0.14,-0.05,0.98,-12.81,-12.14,-12.65
396,-0.1,-0.04,0.98,-12.02,-13.31,-14.4
397,-0.09,-0.04,0.99,-10.89,-13.11,-14.4
398,-0.1,-0.03,1.0,-11.37,-10.67,-15.11
399,-0.09,-0.04,0.98,-11.16,-11.13,-15.81
400,-0.09,-0.04,0.97,-13.11,-6.5,-13.36
