,accel_x,accel_y,accel_z,gyro_x,gyro_y,gyro_z
0,-0.11,-0.06,0.98,-4.17,-1.08,-3.95
1,-0.11,-0.05,0.98,-4.6,-1.79,-3.97
2,-0.08,-0.05,0.98,-4.7,-1.89,-2.53
3,-0.09,-0.06,1.0,-3.06,-2.8,-3.0
4,-0.09,-0.05,1.0,-1.92,-1.91,-2.67
5,-0.1,-0.04,0.98,-2.51,-0.8,-2.9
6,-0.1,-0.06,1.01,-1.83,-3.3,-3.86
7,-0.08,-0.06,1.02,1.21,-4.5,-2.56
8,-0.05,-0.03,0.99,2.54,0.92,-0.55
9,-0.07,-0.03,0.98,1.13,3.27,0.02
10,-0.07,-0.03,0.96,-1.05,3.27,0.23
11,-0.08,-0.02,0.95,-2.21,2.68,-0.27
12,-0.08,-0.02,0.95,-2.59,1.26,-0.47
13,-0.07,-0.02,0.95,-2.58,-0.05,-1.35
14,-0.08,-0.02,0.93,-3.77,-0.63,-2.11
15,-0.08,-0.03,0.95,-5.55,-2.09,-3.66
16,-0.08,-0.04,0.97,-4.82,-2.57,-3.86
17,-0.07,-0.03,0.97,-3.77,-0.77,-2.52
18,-0.07,-0.02,0.96,-5.13,0.48,-2.19
19,-0.08,-0.03,0.96,-6.77,0.81,-2.21
20,-0.08,-0.03,0.96,-7.49,-0.26,-2.69
21,-0.07,-0.03,0.97,-6.64,-0.6,-2.82
22,-0.07,-0.02,0.96,-6.34,1.6,-1.57
23,-0.07,-0.03,0.96,-7.8,1.74,-3.14
24,-0.09,-0.04,0.96,-7.81,-1.42,-5.19
25,-0.09,-0.06,0.98,-6.66,-4.37,-7.64
26,-0.07,-0.06,1.0,-5.37,-5.7,-8.23
27,-0.08,-0.06,1.0,-5.44,-3.75,-6.97
28,-0.09,-0.08,1.01,-5.13,-1.96,-5.92
29,-0.1,-0.08,1.04,-4.22,-2.52,-6.16
30,-0.08,-0.08,1.03,-2.55,-0.39,-4.09
31,-0.08,-0.06,1.01,-1.27,1.69,-2.96
32,-0.08,-0.06,1.0,-2.5,1.63,-3.21
33,-0.07,-0.07,1.01,-1.15,2.0,-3.21
34,-0.08,-0.06,0.99,-0.38,1.26,-3.47
35,-0.07,-0.05,0.98,-0.37,1.44,-2.51
36,-0.1,-0.05,0.96,-1.45,-1.76,-4.65
37,-0.09,-0.06,0.99,-0.24,-1.89,-4.24
38,-0.09,-0.07,0.98,1.14,-1.13,-2.67
39,-0.07,-0.05,1.01,1.95,-0.53,-3.73
40,-0.07,-0.04,0.99,1.01,0.24,-3.06
41,-0.08,-0.04,0.98,1.47,0.95,-1.86
42,-0.08,-0.04,0.97,1.37,0.78,-1.44
43,-0.08,-0.03,0.97,1.27,0.33,-1.91
44,-0.09,-0.03,0.97,1.27,-0.49,-2.79
45,-0.08,-0.03,0.95,0.94,0.86,-2.8
46,-0.08,-0.03,0.95,0.12,1.54,-2.69
47,-0.08,-0.03,0.96,-0.76,0.37,-2.66
48,-0.09,-0.03,0.96,-1.29,-1.19,-2.85
49,-0.09,-0.03,0.96,-2.05,-0.04,-2.24
50,-0.09,-0.04,0.97,-2.41,-0.92,-3.32
51,-0.09,-0.05,0.98,-2.29,-2.31,-4.67
52,-0.08,-0.05,0.98,-0.18,-1.39,-4.84
53,-0.07,-0.05,1.0,-0.73,-1.11,-4.0
54,-0.08,-0.05,1.0,-0.11,-0.84,-3.97
55,-0.08,-0.05,0.99,0.24,-0.63,-3.35
56,-0.09,-0.04,0.99,0.44,0.42,-2.28
57,-0.09,-0.03,0.97,-1.1,2.37,-1.43
58,-0.09,-0.02,0.95,-2.22,3.37,-0.16
59,-0.09,-0.03,0.96,-3.42,2.82,-0.42
60,-0.09,-0.03,0.94,-3.7,0.47,-1.18
61,-0.09,-0.02,0.93,-4.21,-0.76,-2.42
62,-0.09,-0.02,0.96,-4.59,-2.42,-3.53
63,-0.09,-0.03,0.96,-5.42,-3.5,-3.93
64,-0.1,-0.04,0.97,-5.66,-4.34,-4.47
65,-0.08,-0.04,0.98,-5.81,-4.56,-4.27
66,-0.08,-0.05,0.99,-5.34,-4.47,-4.12
67,-0.08,-0.06,1.01,-3.56,-5.82,-4.54
68,-0.07,-0.06,1.02,-1.53,-5.62,-5.47
69,-0.08,-0.05,1.01,-1.17,-3.05,-4.53
70,-0.08,-0.05,1.01,-1.56,-1.0,-2.98
71,-0.09,-0.06,1.0,-2.27,1.88,-1.31
72,-0.08,-0.05,0.99,-2.21,2.85,0.0
73,-0.08,-0.04,0.98,-2.24,4.02,0.56
74,-0.09,-0.05,0.98,-2.36,3.81,-0.11
75,-0.09,-0.03,0.97,-2.53,2.63,-0.99
76,-0.08,-0.04,0.97,-3.15,2.79,-1.21
77,-0.09,-0.03,0.95,-3.63,1.95,-1.6
78,-0.09,-0.03,0.96,-4.18,-0.42,-1.79
79,-0.09,-0.04,0.97,-3.76,-1.8,-1.29
80,-0.08,-0.04,0.96,-3.95,-2.21,-1.84
81,-0.08,-0.03,0.96,-5.93,-1.66,-2.12
82,-0.08,-0.04,0.96,-7.32,-1.37,-2.21
83,-0.08,-0.05,0.98,-8.15,-0.64,-2.13
84,-0.08,-0.05,1.0,-7.53,-0.75,-1.4
85,-0.08,-0.06,0.99,-6.92,-0.19,-0.86
86,-0.08,-0.05,0.99,-6.19,-0.24,-1.11
87,-0.09,-0.06,1.01,-4.87,-1.61,-1.69
88,-0.08,-0.06,1.0,-3.34,-0.87,-2.27
89,-0.07,-0.05,1.01,-2.1,-0.46,-2.28
90,-0.07,-0.05,1.0,-1.34,0.61,-2.76
91,-0.09,-0.04,0.98,-1.6,1.26,-2.27
92,-0.09,-0.04,0.97,-2.33,2.17,-2.11
93,-0.09,-0.04,0.96,-3.1,2.17,-0.92
94,-0.1,-0.05,0.96,-3.63,1.32,-0.56
95,-0.09,-0.05,0.97,-3.13,0.76,-0.79
96,-0.08,-0.04,0.98,-2.88,0.87,-0.63
97,-0.07,-0.03,0.97,-3.0,1.17,-1.52
98,-0.09,-0.04,0.96,-3.78,1.45,-2.02
99,-0.09,-0.03,0.95,-4.73,-0.63,-2.89
100,-0.08,-0.04,0.96,-4.93,-2.79,-2.62
101,-0.09,-0.04,0.97,-4.54,-3.74,-3.39
102,-0.08,-0.05,1.0,-4.42,-3.62,-3.52
103,-0.09,-0.05,1.0,-3.72,-3.79,-4.41
104,-0.08,-0.05,1.0,-3.02,-2.78,-4.37
105,-0.08,-0.05,0.99,-3.05,-0.47,-3.94
106,-0.09,-0.06,0.99,-3.58,-0.5,-3.79
107,-0.09,-0.07,1.0,-2.77,-1.01,-2.3
108,-0.09,-0.07,1.01,-1.69,-0.19,-2.05
109,-0.08,-0.06,1.0,-1.57,1.11,-1.74
110,-0.09,-0.06,0.99,-2.02,2.67,-1.11
111,-0.1,-0.06,0.99,-2.26,1.18,-1.44
112,-0.09,-0.06,0.98,-1.63,0.53,-1.18
113,-0.1,-0.05,0.98,-1.55,1.96,-0.37
114,-0.1,-0.04,0.97,-2.46,1.29,-0.89
115,-0.1,-0.05,0.96,-2.94,0.1,-1.66
116,-0.09,-0.05,0.97,-2.85,-0.57,-1.53
117,-0.09,-0.04,0.98,-3.22,-0.32,-2.15
118,-0.09,-0.04,0.96,-3.73,0.06,-1.67
119,-0.09,-0.04,0.96,-4.3,0.17,-1.8
120,-0.09,-0.04,0.98,-3.98,-0.85,0.21
121,-0.08,-0.04,0.96,-3.61,0.18,0.51
122,-0.09,-0.04,0.96,-4.37,0.39,0.45
123,-0.08,-0.04,0.97,-5.03,-0.2,-0.33
124,-0.09,-0.05,0.98,-4.44,-0.77,-1.18
125,-0.08,-0.04,0.99,-3.82,-0.14,-1.37
126,-0.08,-0.04,0.99,-3.33,0.69,-1.8
127,-0.09,-0.05,0.98,-3.26,0.89,-1.98
128,-0.09,-0.04,0.98,-3.16,0.5,-1.46
129,-0.08,-0.04,0.97,-3.56,2.9,0.11
130,-0.08,-0.04,0.95,-5.31,3.21,0.09
131,-0.11,-0.04,0.95,-6.76,2.09,-0.18
132,-0.1,-0.04,0.95,-7.21,2.24,0.38
133,-0.1,-0.04,0.94,-7.89,3.39,1.49
134,-0.09,-0.04,0.95,-9.72,3.73,1.66
135,-0.09,-0.04,0.96,-10.47,4.36,2.49
136,-0.09,-0.05,0.97,-10.41,5.79,3.19
137,-0.09,-0.05,0.99,-10.44,7.69,3.86
138,-0.09,-0.04,0.98,-10.19,11.58,6.66
139,-0.08,-0.04,0.98,-6.26,10.2,8.4
140,-0.09,-0.02,0.96,-13.48,20.81,11.23
141,-0.1,-0.03,0.94,-16.58,25.6,13.2
142,-0.11,-0.04,0.93,-19.33,27.01,13.85
143,-0.12,-0.05,0.94,-20.58,25.11,11.76
144,-0.13,-0.05,0.93,-19.35,17.49,7.3
145,-0.14,-0.06,0.93,-16.95,6.29,0.69
146,-0.13,-0.07,0.95,-13.31,-4.84,-5.1
147,-0.13,-0.09,0.97,-11.26,-12.19,-10.04
148,-0.11,-0.11,0.99,-9.92,-15.37,-12.25
149,-0.14,-0.16,1.03,-7.33,-17.05,-13.5
150,-0.11,-0.17,1.08,-5.05,-16.09,-10.79
151,-0.1,-0.18,1.09,-3.82,-9.95,-8.89
152,-0.11,-0.17,1.09,-3.36,-6.86,-7.89
153,-0.13,-0.16,1.1,-3.95,-1.61,-4.28
154,-0.13,-0.16,1.11,-2.53,2.37,0.93
155,-0.11,-0.16,1.08,-1.91,7.86,5.22
156,-0.1,-0.15,1.05,-3.17,12.08,7.07
157,-0.11,-0.14,1.03,-4.84,14.71,7.33
158,-0.1,-0.14,1.01,-5.64,15.98,7.15
159,-0.12,-0.14,0.99,-5.45,14.64,4.15
160,-0.15,-0.14,0.97,-3.98,9.56,0.22
161,-0.18,-0.16,0.92,5.27,-3.88,-3.0
162,-0.19,-0.1,0.92,3.69,-11.29,-10.4
163,-0.21,-0.11,0.91,8.8,-21.47,-16.37
164,-0.21,-0.11,0.96,15.15,-27.27,-20.21
165,-0.14,-0.12,0.99,23.49,-38.87,-27.97
166,-0.04,-0.17,0.96,37.42,-28.34,-30.75
167,-0.03,-0.2,0.86,42.48,-14.28,-33.89
168,-0.07,-0.14,0.72,29.47,-4.92,-36.6
169,-0.14,-0.05,0.62,3.75,5.37,-32.89
170,-0.13,-0.08,0.52,-18.95,24.82,-17.53
171,-0.19,-0.16,0.56,-34.45,38.55,-2.78
172,-0.23,-0.4,0.55,-32.5,47.89,17.21
173,-0.33,-0.66,0.67,-28.37,20.93,27.2
174,-0.3,-0.94,0.84,-14.66,-23.18,36.04
175,-0.16,-1.14,1.02,11.53,-66.68,44.92
176,-0.05,-1.41,1.31,41.93,-136.85,30.62
177,0.16,-1.65,1.62,96.02,-190.48,20.99
178,0.53,-1.67,1.77,135.6,-214.93,15.76
179,0.84,-1.56,1.85,134.44,-193.73,5.07
180,1.06,-1.46,1.88,119.15,-137.55,-4.02
181,1.12,-1.42,1.86,100.55,-60.09,-4.92
182,0.95,-1.31,1.67,81.1,11.34,-3.04
183,0.66,-1.24,1.36,68.18,58.6,-2.76
184,0.36,-1.29,1.11,58.83,75.98,-1.28
185,0.05,-1.19,1.05,64.89,62.76,15.36
186,0.11,-1.16,0.99,89.01,13.09,-8.21
187,0.18,-0.92,0.81,82.75,0.29,-19.14
188,0.13,-0.7,0.72,65.31,-19.52,-33.11
189,0.03,-0.51,0.71,47.73,-28.45,-44.86
190,-0.05,-0.39,0.9,32.59,-23.15,-40.2
191,-0.07,-0.14,1.0,17.56,-7.86,-38.21
192,-0.06,0.29,0.93,-1.63,18.27,-34.42
193,-0.11,0.68,0.78,-15.91,48.48,-30.69
194,-0.23,0.91,0.71,-28.36,70.82,-23.49
195,-0.37,1.08,0.53,-24.44,96.33,-11.73
196,-0.56,1.24,0.51,-9.82,93.76,-8.6
197,-0.8,1.48,0.3,-1.78,75.73,-6.36
198,-1.05,1.88,0.24,-14.92,37.37,-13.85
199,-1.03,2.0,0.23,-42.02,17.63,-14.42
200,-0.87,2.0,0.38,-58.63,44.3,15.83
201,-0.62,2.0,0.54,-57.69,67.28,30.31
202,-0.46,1.94,0.57,-49.87,66.91,16.52
203,-0.33,1.81,0.62,-38.37,41.33,-12.11
204,-0.22,1.65,0.69,-18.48,5.86,-42.53
205,-0.1,1.46,0.82,5.93,-19.64,-62.96
206,0.01,1.25,0.9,29.03,-20.81,-68.6
207,0.02,1.04,0.94,43.1,-6.33,-59.15
208,-0.05,0.88,0.9,47.65,6.25,-44.73
209,-0.1,0.72,0.87,38.09,12.12,-34.85
210,-0.23,0.63,0.84,34.53,31.44,-10.5
211,-0.27,0.59,0.8,38.59,29.9,1.59
212,-0.32,0.59,0.72,39.94,20.0,7.86
213,-0.32,0.57,0.69,39.22,7.94,13.91
214,-0.33,0.52,0.68,39.45,-10.24,15.37
215,-0.27,0.49,0.71,34.65,-25.64,14.22
216,-0.22,0.45,0.75,26.66,-33.95,13.11
217,-0.17,0.41,0.81,17.15,-36.12,14.07
218,-0.12,0.34,0.91,8.82,-29.44,16.29
219,-0.1,0.29,0.95,2.83,-21.14,21.47
220,-0.07,0.27,1.0,-7.03,-14.57,25.46
221,-0.05,0.25,1.04,-12.41,-8.66,29.55
222,-0.04,0.22,1.06,-12.05,-9.51,29.07
223,-0.0,0.2,1.1,-6.11,-12.76,26.96
224,0.04,0.19,1.11,-1.19,-11.96,24.83
225,0.06,0.23,1.07,0.3,-6.05,22.95
226,0.06,0.23,1.02,-1.21,2.07,20.73
227,0.04,0.23,0.98,-5.21,8.87,19.9
228,0.01,0.21,0.93,-13.48,12.14,18.47
229,-0.05,0.19,0.93,-20.31,11.83,16.95
230,-0.09,0.11,0.94,-24.02,2.4,13.44
231,-0.1,0.07,1.01,-23.25,-6.37,10.93
232,-0.12,0.03,1.08,-17.9,-18.39,8.12
233,-0.08,0.03,1.1,-11.31,-22.16,6.23
234,-0.07,0.02,1.13,-4.79,-22.79,5.33
235,-0.06,0.05,1.11,1.13,-19.98,5.33
236,-0.0,0.12,1.03,0.89,-8.21,9.38
237,0.01,0.15,0.99,-2.86,2.93,10.69
238,0.0,0.17,0.94,-7.82,8.14,9.02
239,-0.02,0.17,0.89,-14.69,12.85,9.81
240,-0.02,0.14,0.86,-19.63,7.82,4.76
241,-0.08,0.11,0.84,-26.46,0.5,-0.65
242,-0.13,0.02,0.89,-31.21,-6.53,-3.27
243,-0.11,-0.05,1.02,-28.03,-10.54,-1.05
244,-0.12,-0.07,1.08,-22.93,-5.66,5.48
245,-0.06,0.02,1.03,-18.66,10.31,14.24
246,-0.01,0.12,0.87,-21.92,26.62,21.13
247,-0.07,0.12,0.83,-28.53,24.85,18.4
248,-0.09,0.09,0.87,-34.21,14.55,12.27
249,-0.09,0.08,0.88,-37.29,9.92,9.68
250,-0.12,0.02,0.92,-36.03,0.69,3.61
251,-0.1,-0.02,0.98,-33.18,-3.73,1.73
252,-0.09,-0.03,1.02,-27.4,-2.82,3.94
253,-0.08,-0.03,1.03,-25.83,3.66,7.97
254,-0.08,-0.01,1.01,-24.69,7.65,10.83
255,-0.07,0.0,1.01,-23.4,8.0,10.29
256,-0.03,0.03,0.98,-23.01,8.02,10.81
257,-0.03,0.06,0.96,-22.27,8.47,9.32
258,-0.04,0.05,0.93,-22.82,5.01,4.58
259,-0.07,0.01,0.99,-20.89,-1.41,-0.31
260,-0.05,0.0,1.0,-17.86,-5.57,-3.6
261,-0.02,0.05,1.01,-18.96,0.08,-2.4
262,-0.03,0.09,0.96,-20.85,7.3,-2.04
263,-0.07,0.09,0.93,-30.31,10.82,-0.82
264,-0.09,0.06,0.96,-36.64,15.87,3.08
265,-0.11,0.03,0.99,-37.06,13.08,5.63
266,-0.11,0.01,0.98,-32.28,7.8,5.69
267,-0.12,-0.03,1.03,-22.93,-7.78,-0.98
268,-0.12,-0.07,1.08,-6.87,-25.08,-9.18
269,-0.08,-0.07,1.11,0.73,-24.14,-12.9
270,-0.01,-0.02,1.14,2.11,-21.37,-13.16
271,-0.02,-0.01,1.12,0.1,-9.37,-10.51
272,-0.01,0.03,1.07,-5.69,3.31,-5.24
273,-0.04,0.06,1.01,-12.72,17.23,2.27
274,-0.08,0.07,0.94,-20.74,25.15,6.24
275,-0.09,0.1,0.88,-28.26,30.4,9.27
276,-0.12,0.1,0.85,-33.02,26.05,9.09
277,-0.13,0.05,0.78,-34.71,17.79,7.24
278,-0.16,0.03,0.84,-33.24,-2.15,-4.22
279,-0.16,-0.05,0.95,-26.92,-17.98,-11.16
280,-0.11,-0.13,1.05,-17.98,-22.27,-13.36
281,-0.06,-0.12,1.13,-11.02,-18.57,-8.38
282,-0.06,-0.1,1.14,-15.41,-4.73,-4.74
283,-0.09,-0.09,1.1,-15.22,6.47,0.43
284,-0.11,-0.06,1.05,-14.89,12.66,4.25
285,-0.1,-0.01,0.98,-15.76,14.62,8.79
286,-0.11,0.02,0.92,-20.79,13.11,8.38
287,-0.11,0.04,0.88,-19.4,11.4,7.69
288,-0.11,0.03,0.86,-20.76,4.64,4.95
289,-0.09,0.02,0.89,-20.39,-4.89,-0.37
290,-0.09,-0.01,0.93,-19.16,-11.86,-4.65
291,-0.1,-0.04,0.98,-19.4,-13.4,-6.03
292,-0.07,-0.05,1.01,-19.43,-10.32,-4.34
293,-0.07,-0.06,1.04,-19.0,-7.44,-3.68
294,-0.04,-0.05,1.04,-17.71,-4.33,-2.73
295,-0.05,-0.04,1.04,-15.6,0.69,-3.95
296,-0.03,-0.02,1.03,-14.77,4.78,-5.0
297,-0.05,-0.0,1.0,-15.78,9.07,-5.59
298,-0.04,-0.01,0.98,-16.15,11.71,-6.47
299,-0.05,0.0,0.98,-15.54,7.4,-12.69
300,-0.03,0.03,0.98,-12.5,-2.22,-24.03
301,-0.01,0.05,0.97,-8.77,-7.15,-37.5
302,-0.0,0.04,0.98,-7.7,-6.53,-44.5
303,-0.03,0.04,0.96,-13.82,-0.79,-45.82
304,-0.11,-0.02,0.97,-18.3,4.18,-42.45
305,-0.18,-0.06,0.97,-21.36,1.56,-36.55
306,-0.2,-0.1,1.0,-19.81,-4.23,-29.88
307,-0.17,-0.11,1.03,-14.22,-12.99,-27.92
308,-0.12,-0.09,1.06,-8.07,-18.77,-27.97
309,-0.07,-0.08,1.07,-4.33,-18.86,-29.6
310,-0.05,-0.07,1.08,-2.78,-19.38,-31.88
311,-0.04,-0.09,1.1,-1.06,-16.5,-28.59
312,-0.06,-0.11,1.1,-0.53,-11.64,-25.11
313,-0.07,-0.1,1.08,-1.11,-6.5,-20.58
314,-0.05,-0.08,1.03,-4.76,-0.57,-17.5
315,-0.06,-0.07,1.02,-8.3,2.9,-15.9
316,-0.06,-0.07,1.04,-8.41,-0.82,-17.07
317,-0.05,-0.1,1.06,-3.49,3.31,-17.03
318,-0.05,-0.11,1.01,1.37,4.89,-17.6
319,-0.04,-0.12,0.98,2.03,4.85,-18.87
320,-0.06,-0.13,0.97,0.08,2.9,-20.44
321,-0.07,-0.13,0.96,-1.79,-0.22,-20.09
322,-0.07,-0.13,0.95,-5.11,-0.05,-19.18
323,-0.08,-0.15,0.97,-6.87,0.18,-18.27
324,-0.09,-0.18,1.01,-5.63,1.34,-17.93
325,-0.07,-0.2,1.04,-2.31,7.03,-13.62
326,-0.09,-0.21,1.04,2.18,9.87,-12.0
327,-0.09,-0.2,1.01,5.68,8.02,-13.05
328,-0.08,-0.18,0.98,9.89,9.72,-12.08
329,-0.1,-0.15,0.95,11.95,4.69,-14.45
330,-0.08,-0.11,0.95,12.21,-1.82,-18.18
331,-0.07,-0.09,0.95,11.69,-1.13,-19.63
332,-0.06,-0.07,0.97,12.51,4.42,-16.2
333,-0.08,-0.07,0.96,10.2,6.08,-14.66
334,-0.07,-0.07,0.94,7.71,11.62,-11.35
335,-0.1,-0.06,0.92,4.47,10.73,-9.08
336,-0.09,-0.07,0.92,1.12,8.84,-8.66
337,-0.1,-0.08,0.94,0.44,7.36,-8.37
338,-0.12,-0.07,0.94,1.88,5.15,-6.95
339,-0.11,-0.04,0.95,2.31,0.5,-8.15
340,-0.11,-0.04,0.94,4.52,-2.8,-9.63
341,-0.1,-0.03,0.93,7.93,-8.74,-12.79
342,-0.09,-0.02,0.93,6.31,-12.36,-16.1
343,-0.11,-0.03,0.94,3.31,-13.01,-16.43
344,-0.1,-0.04,0.94,-0.54,-10.85,-14.56
345,-0.1,-0.05,0.96,-3.22,-7.56,-12.35
346,-0.11,-0.06,0.97,-3.73,-5.79,-11.35
347,-0.11,-0.07,0.99,-3.37,-5.49,-11.57
348,-0.11,-0.07,0.99,-1.65,-5.8,-11.45
349,-0.1,-0.08,1.01,0.12,-8.71,-13.67
350,-0.09,-0.08,1.01,2.33,-8.82,-12.66
351,-0.08,-0.08,1.01,3.73,-7.27,-13.18
352,-0.08,-0.08,1.02,5.31,-6.33,-13.37
353,-0.09,-0.07,1.0,7.47,-7.05,-14.8
354,-0.1,-0.07,0.98,8.85,-7.4,-14.85
355,-0.11,-0.06,0.97,9.21,-8.11,-14.02
356,-0.11,-0.06,0.97,8.44,-8.47,-12.97
357,-0.1,-0.07,0.98,8.13,-8.95,-12.07
358,-0.09,-0.07,0.99,8.24,-8.67,-10.94
359,-0.09,-0.07,0.99,8.91,-8.16,-10.31
360,-0.09,-0.07,0.98,10.11,-10.19,-9.92
361,-0.09,-0.06,0.98,11.39,-12.62,-10.2
362,-0.08,-0.05,0.98,11.92,-15.25,-10.33
363,-0.07,-0.04,0.98,12.1,-16.08,-9.87
364,-0.04,-0.02,0.99,11.27,-15.59,-9.86
365,-0.04,-0.01,0.99,9.77,-13.82,-10.44
366,-0.03,-0.02,0.99,9.21,-10.21,-8.61
367,-0.03,-0.02,0.98,8.95,-6.69,-7.02
368,-0.04,-0.01,0.96,7.92,-5.69,-6.73
369,-0.03,-0.0,0.94,7.56,-7.19,-6.73
370,-0.04,0.0,0.93,7.44,-10.21,-8.38
371,-0.03,0.01,0.93,6.26,-12.48,-9.76
372,-0.02,0.0,0.93,5.4,-13.47,-11.23
373,-0.01,-0.0,0.95,4.45,-12.24,-10.62
374,-0.01,-0.02,0.95,2.48,-10.54,-10.45
375,-0.01,-0.01,0.97,2.08,-9.51,-10.85
376,-0.01,-0.01,0.98,2.5,-7.84,-11.02
377,0.01,-0.01,0.98,3.06,-6.59,-10.86
378,0.01,-0.02,0.98,3.27,-8.15,-13.75
379,-0.0,-0.01,1.0,2.87,-7.24,-14.84
380,-0.01,-0.02,1.02,2.28,-5.51,-15.18
381,-0.01,-0.01,1.01,2.56,-3.06,-13.67
382,-0.01,-0.0,1.0,2.46,-2.61,-13.07
383,-0.02,0.02,0.99,1.36,-2.31,-14.35
384,-0.02,0.03,0.98,0.18,-2.6,-15.92
385,-0.03,0.02,0.98,-0.49,-0.79,-16.87
386,-0.04,0.01,0.98,-0.89,-1.07,-16.27
387,-0.03,-0.0,0.99,0.48,-0.32,-15.0
388,-0.04,-0.0,1.01,0.89,0.34,-13.73
389,-0.02,0.0,1.0,0.8,1.42,-13.08
390,-0.03,-0.01,0.99,4.16,0.14,-15.26
391,-0.02,-0.01,1.01,5.22,-0.66,-13.29
392,-0.02,-0.0,1.0,6.47,1.01,-12.05
393,-0.05,0.0,0.98,4.59,2.03,-12.49
394,-0.05,0.01,0.97,3.79,2.08,-11.02
395,-0.04,0.02,0.97,2.1,1.31,-9.31
396,-0.04,0.01,0.98,1.37,0.11,-9.34
397,-0.03,-0.0,0.99,1.43,-0.29,-8.27
398,-0.03,0.01,0.99,1.98,-0.05,-7.38
399,-0.01,0.02,0.98,2.25,0.86,-6.76
400,-0.02,0.03,0.96,0.91,1.12,-7.41
