,accel_x,accel_y,accel_z,gyro_x,gyro_y,gyro_z
0,-0.06,0.03,0.98,13.3,25.63,12.29
1,-0.09,0.06,0.96,11.56,25.09,13.4
2,-0.07,0.07,0.93,10.98,22.17,10.24
3,-0.08,0.08,0.91,12.52,16.35,8.45
4,-0.09,0.06,0.87,5.96,16.46,2.4
5,-0.09,0.1,0.92,4.89,9.53,1.24
6,-0.1,0.1,0.96,3.83,1.82,-8.04
7,-0.07,0.06,0.95,-1.1,-2.95,-12.8
8,-0.06,0.07,1.0,-4.6,-4.81,-20.82
9,-0.04,0.06,1.02,-7.01,-5.49,-24.23
10,-0.02,0.01,1.01,-8.19,3.56,-14.74
11,-0.01,0.04,0.99,-7.47,3.18,-23.34
12,-0.06,-0.01,0.97,-6.56,2.29,-21.53
13,0.0,-0.06,0.96,0.47,12.67,-9.8
14,-0.08,-0.0,1.0,0.08,14.64,-5.76
15,-0.06,0.01,0.94,2.59,16.96,-6.92
16,-0.12,0.02,0.94,-1.66,14.35,-14.73
17,-0.11,0.05,0.9,4.28,14.02,-12.53
18,-0.15,0.03,0.92,1.24,10.23,-12.62
19,-0.15,0.01,0.91,4.73,8.42,-5.42
20,-0.15,-0.0,0.94,6.3,5.27,-3.56
21,-0.1,0.01,0.95,9.25,2.36,2.02
22,-0.09,-0.01,0.98,13.01,3.29,2.06
23,-0.06,0.01,0.99,15.03,2.61,-0.82
24,-0.01,0.01,0.99,17.11,7.79,-3.34
25,-0.0,0.01,1.01,19.51,14.56,-2.16
26,0.02,0.01,0.99,19.63,19.49,-0.07
27,-0.03,0.01,0.99,17.92,21.66,-0.72
28,-0.08,-0.02,0.97,12.47,17.99,-8.23
29,-0.09,-0.03,1.0,11.02,16.52,-12.14
30,-0.1,-0.02,1.03,9.54,17.65,-14.73
31,-0.1,-0.03,1.03,8.44,22.69,-15.82
32,-0.13,-0.05,1.03,8.35,29.03,-11.23
33,-0.15,-0.06,1.01,6.5,33.86,-9.13
34,-0.19,-0.05,0.97,8.61,31.9,-8.19
35,-0.21,-0.04,0.95,9.4,27.17,-9.78
36,-0.22,0.0,0.93,8.67,24.4,-10.43
37,-0.22,0.02,0.91,9.19,22.23,-7.44
38,-0.24,0.03,0.91,8.78,18.34,-5.63
39,-0.22,0.05,0.9,9.23,12.85,-4.3
40,-0.21,0.08,0.9,8.21,7.84,-4.95
41,-0.2,0.08,0.9,7.55,3.3,-5.84
42,-0.18,0.09,0.94,7.57,-3.15,-7.06
43,-0.15,0.1,0.94,6.0,-6.31,-7.29
44,-0.13,0.12,0.96,4.63,-7.15,-6.82
45,-0.12,0.13,0.97,4.05,-7.91,-6.86
46,-0.14,0.12,0.96,3.94,-9.95,-7.22
47,-0.14,0.1,0.94,6.21,-12.14,-5.39
48,-0.14,0.1,0.95,6.77,-14.97,-4.04
49,-0.12,0.1,0.95,4.18,-16.54,-7.58
50,-0.06,0.12,0.95,2.62,-15.2,-7.28
51,-0.07,0.13,0.96,-0.62,-11.06,-5.24
52,-0.1,0.13,0.95,-3.29,-7.93,-6.05
53,-0.14,0.12,0.97,-2.79,-7.31,-6.88
54,-0.16,0.09,0.96,-1.39,-7.02,-6.63
55,-0.16,0.12,0.97,-2.81,-3.6,-3.72
56,-0.17,0.12,0.97,-4.69,-2.04,-4.37
57,-0.19,0.1,0.97,-3.26,-2.31,-4.22
58,-0.17,0.11,0.95,-1.93,-1.85,-0.81
59,-0.17,0.11,0.96,-2.05,-1.65,0.73
60,-0.17,0.11,0.95,-0.64,-2.61,1.99
61,-0.17,0.1,0.96,0.92,-5.9,2.53
62,-0.16,0.1,0.97,2.11,-9.36,1.71
63,-0.14,0.11,0.97,2.12,-8.75,1.89
64,-0.14,0.1,0.98,1.35,-7.47,2.7
65,-0.12,0.11,0.98,-0.26,-6.79,1.34
66,-0.12,0.11,0.99,-1.15,-5.15,-0.09
67,-0.12,0.09,0.99,-2.45,-5.45,-1.77
68,-0.14,0.09,1.01,-3.47,-5.48,-2.88
69,-0.14,0.1,1.02,-3.66,-3.31,-2.69
70,-0.15,0.09,1.03,-3.34,-1.5,-0.3
71,-0.14,0.11,1.03,-3.1,1.03,0.86
72,-0.16,0.11,1.02,-2.79,1.27,0.92
73,-0.13,0.13,1.01,-1.98,2.56,0.53
74,-0.13,0.14,1.0,-0.18,2.08,-0.49
75,-0.11,0.16,0.97,0.02,4.32,-1.09
76,-0.1,0.17,0.94,0.59,5.18,-0.11
77,-0.13,0.18,0.91,0.06,4.15,-1.04
78,-0.12,0.18,0.9,-1.51,-0.15,-5.27
79,-0.15,0.17,0.89,-3.03,-3.9,-8.08
80,-0.14,0.15,0.9,-4.98,-7.63,-9.72
81,-0.13,0.14,0.92,-7.3,-10.64,-11.92
82,-0.15,0.11,0.94,-7.71,-11.78,-12.76
83,-0.16,0.08,0.96,-7.3,-13.4,-12.51
84,-0.15,0.06,0.98,-7.12,-14.8,-13.07
85,-0.15,0.05,1.0,-6.63,-13.43,-11.77
86,-0.16,0.04,1.01,-6.37,-10.63,-9.75
87,-0.15,0.03,1.02,-5.81,-8.21,-7.45
88,-0.16,0.03,1.0,-5.85,-6.2,-4.36
89,-0.16,0.03,1.0,-6.08,-4.69,-3.46
90,-0.17,0.03,0.98,-5.28,-5.62,-2.39
91,-0.16,0.03,0.98,-4.31,-6.89,-0.4
92,-0.16,0.05,0.97,-5.33,-7.33,0.23
93,-0.14,0.07,0.97,-5.91,-7.85,3.72
94,-0.1,0.1,0.96,-7.55,-5.89,3.37
95,-0.1,0.11,0.95,-8.59,-4.33,2.59
96,-0.1,0.13,0.94,-8.56,-4.77,1.75
97,-0.08,0.14,0.93,-8.76,-5.23,1.27
98,-0.08,0.13,0.93,-9.08,-6.24,-0.93
99,-0.08,0.12,0.93,-9.61,-4.27,-0.68
100,-0.1,0.12,0.93,-11.31,-5.66,-1.37
101,-0.09,0.11,0.95,-11.65,-8.05,-4.62
102,-0.07,0.11,0.96,-10.76,-9.87,-4.24
103,-0.08,0.1,0.98,-10.56,-7.73,-3.63
104,-0.07,0.08,0.98,-9.42,-7.63,-5.55
105,-0.07,0.08,0.98,-9.93,-8.08,-7.83
106,-0.06,0.08,0.99,-9.96,-8.32,-8.57
107,-0.06,0.07,1.0,-11.11,-5.43,-9.55
108,-0.08,0.06,1.03,-10.23,-2.26,-9.26
109,-0.12,0.04,1.0,-12.83,-0.53,-9.85
110,-0.1,0.04,1.0,-11.6,-0.53,-8.9
111,-0.12,0.04,0.99,-10.66,-2.73,-9.44
112,-0.09,0.04,0.98,-9.13,-5.18,-8.82
113,-0.09,0.04,0.98,-7.59,-4.91,-7.26
114,-0.11,0.03,0.98,-6.84,-6.16,-8.98
115,-0.1,0.03,0.96,-6.87,-8.63,-8.56
116,-0.1,0.04,0.97,-9.82,-7.76,-9.04
117,-0.08,0.04,0.98,-11.0,-7.29,-7.15
118,-0.07,0.05,0.97,-13.05,-6.14,-8.53
119,-0.06,0.05,0.95,-13.57,-7.28,-10.05
120,-0.09,0.05,0.97,-13.49,-9.1,-10.08
121,-0.1,0.03,0.98,-12.05,-13.92,-19.75
122,-0.08,0.04,1.0,-10.45,-16.55,-24.71
123,-0.05,0.04,1.01,-9.53,-17.28,-26.23
124,-0.07,0.05,1.01,-8.5,-17.52,-27.27
125,-0.04,0.04,1.04,-8.87,-15.6,-31.64
126,-0.05,0.05,1.04,-8.89,-7.49,-27.12
127,-0.08,0.06,1.03,-8.5,-1.59,-22.55
128,-0.08,0.07,1.0,-8.29,2.15,-16.63
129,-0.1,0.09,1.0,-9.64,7.68,-11.81
130,-0.11,0.1,0.99,-11.97,8.95,-9.92
131,-0.12,0.1,0.99,-13.46,10.18,-7.89
132,-0.13,0.1,1.01,-13.36,8.37,-7.29
133,-0.13,0.1,1.03,-12.02,5.85,-4.47
134,-0.15,0.13,1.05,-13.32,3.53,-0.97
135,-0.1,0.14,1.08,-13.81,4.93,-0.13
136,-0.06,0.13,1.1,-12.3,7.21,3.31
137,-0.06,0.13,1.11,-12.36,8.52,1.31
138,-0.06,0.13,1.13,-11.9,8.41,-0.69
139,-0.06,0.11,1.12,-9.08,10.72,-2.05
140,-0.09,0.1,1.11,-6.41,12.99,-3.79
141,-0.1,0.1,1.09,-3.65,17.06,-3.52
142,-0.1,0.07,1.05,-1.87,20.97,-0.73
143,-0.12,0.05,1.0,-2.37,19.92,-0.29
144,-0.17,0.07,0.97,-6.34,12.9,-1.78
145,-0.14,0.05,0.94,-10.98,10.15,-1.92
146,-0.15,0.06,0.93,-15.4,10.31,-1.21
147,-0.18,0.04,0.92,-20.49,12.94,0.63
148,-0.17,0.04,0.93,-24.29,13.31,1.31
149,-0.16,0.03,0.96,-25.76,17.48,-1.06
150,-0.14,0.04,0.96,-25.92,26.11,-0.5
151,-0.1,0.06,0.94,-25.41,38.57,1.94
152,-0.08,0.1,0.88,-25.45,48.37,1.76
153,-0.11,0.11,0.83,-26.24,47.14,-3.69
154,-0.12,0.13,0.78,-25.12,34.47,-14.76
155,-0.14,0.16,0.75,-23.77,20.07,-23.56
156,-0.16,0.16,0.74,-18.69,3.12,-27.44
157,-0.17,0.12,0.76,-11.79,-16.62,-34.91
158,-0.21,0.09,0.85,-4.68,-29.84,-42.02
159,-0.23,0.05,0.94,-4.39,-31.73,-38.34
160,-0.27,0.02,1.03,-6.37,-29.97,-30.77
161,-0.23,0.02,1.02,-7.65,-30.14,-20.86
162,-0.14,0.05,1.01,-21.93,-19.41,-16.98
163,-0.13,0.05,0.97,-35.52,-8.74,-12.0
164,-0.12,0.05,0.92,-43.56,-1.37,-8.26
165,-0.11,-0.0,0.88,-46.43,0.26,-3.76
166,-0.11,-0.07,0.85,-49.55,-9.92,-9.53
167,-0.14,-0.1,0.86,-49.27,-23.44,-11.13
168,-0.14,-0.14,0.91,-50.77,-46.73,-18.26
169,-0.05,-0.24,0.94,-51.56,-57.76,-31.17
170,-0.07,-0.26,1.05,-54.09,-47.92,-23.55
171,-0.02,-0.32,1.09,-43.09,-38.47,-11.62
172,0.05,-0.28,1.11,-32.86,-31.26,-9.44
173,0.08,-0.25,1.08,-30.21,-16.44,-6.37
174,0.07,-0.26,1.02,-25.08,-5.11,-4.5
175,0.1,-0.27,0.9,-19.15,4.03,-0.62
176,0.07,-0.32,0.81,-17.56,9.69,4.6
177,0.11,-0.35,0.73,-21.71,8.69,12.11
178,0.22,-0.41,0.68,-26.29,3.82,16.49
179,0.33,-0.59,0.7,-24.5,-4.97,17.96
180,0.41,-0.94,0.85,-12.24,-21.31,24.5
181,0.47,-1.72,1.21,38.92,-53.96,47.85
182,0.47,-2.0,1.84,140.59,-103.52,78.7
183,0.5,-2.0,2.0,250.13,-145.14,108.18
184,0.74,-2.0,2.0,250.13,-122.92,10.51
185,0.43,-2.0,2.0,202.63,-132.15,-132.01
186,0.39,-2.0,2.0,182.74,-65.72,-64.61
187,0.76,-2.0,2.0,250.13,116.89,47.63
188,0.86,-2.0,2.0,225.2,203.66,49.73
189,0.83,-2.0,0.88,217.4,250.13,54.95
190,0.26,-2.0,-0.53,210.79,239.37,121.61
191,-0.3,-1.03,-1.49,159.02,157.25,177.49
192,-0.77,0.1,-1.87,134.77,111.49,228.49
193,-0.71,1.12,-1.54,64.73,12.83,250.13
194,-0.1,2.0,-1.34,-23.9,-41.37,250.13
195,0.75,2.0,-0.51,-112.69,-31.1,200.9
196,1.51,2.0,0.24,-150.34,83.74,171.5
197,1.87,2.0,0.73,-107.07,235.74,162.01
198,2.0,2.0,0.87,0.71,250.13,151.95
199,2.0,2.0,-0.46,81.04,250.13,174.31
200,1.8,2.0,-1.76,98.45,250.13,27.05
201,1.42,2.0,-1.82,61.19,10.95,-235.97
202,0.96,2.0,-1.39,-42.6,-8.83,-250.14
203,0.2,2.0,-0.41,-86.77,-1.37,-250.14
204,-0.29,1.07,0.39,-37.8,-55.54,-250.14
205,-0.65,0.4,0.88,-13.1,-99.05,-250.14
206,-0.91,0.01,1.14,10.09,-108.69,-250.14
207,-1.07,-0.12,1.2,50.4,-97.37,-202.62
208,-1.19,-0.11,1.17,31.01,-82.23,-141.95
209,-1.02,-0.28,1.13,7.25,-47.46,-99.56
210,-1.22,-0.17,1.13,-2.65,-33.34,-46.56
211,-1.06,-0.21,1.07,-7.43,-36.58,-25.78
212,-0.97,-0.19,1.08,-10.11,-48.11,-13.21
213,-0.87,-0.19,1.04,-21.11,-55.23,-1.26
214,-0.72,-0.14,1.11,-19.41,-57.98,10.46
215,-0.58,-0.09,1.13,-7.23,-44.92,12.75
216,-0.51,-0.03,1.11,6.44,-19.38,31.98
217,-0.48,0.03,1.08,9.66,-9.02,38.15
218,-0.49,0.07,1.02,8.26,-4.83,43.21
219,-0.37,0.14,0.96,13.43,-5.24,40.57
220,-0.33,0.27,0.89,5.18,-6.56,49.89
221,-0.24,0.33,0.81,-1.76,-16.27,50.26
222,-0.2,0.39,0.85,-0.93,-22.57,47.02
223,-0.17,0.39,0.91,2.11,-34.08,38.72
224,-0.12,0.39,0.93,5.17,-47.05,26.31
225,-0.11,0.34,0.95,7.34,-58.05,15.64
226,-0.1,0.28,0.99,6.73,-68.28,5.9
227,-0.01,0.19,1.15,3.59,-63.79,2.2
228,-0.01,0.07,1.26,5.07,-57.33,-5.82
229,0.07,0.12,1.35,10.15,-42.37,-11.05
230,0.15,0.16,1.28,16.66,-22.64,-9.69
231,0.17,0.22,1.2,18.53,-5.09,-14.9
232,0.13,0.26,1.08,21.68,10.96,-18.17
233,0.05,0.28,0.96,20.82,15.91,-24.11
234,-0.03,0.28,0.91,18.21,11.65,-30.32
235,-0.09,0.27,0.87,14.87,6.4,-32.87
236,-0.15,0.26,0.84,14.36,-1.29,-31.79
237,-0.18,0.23,0.84,17.41,-5.87,-31.25
238,-0.18,0.2,0.89,14.63,-22.8,-36.27
239,-0.15,0.18,0.98,16.13,-32.28,-40.85
240,-0.09,0.21,1.01,17.05,-28.12,-40.3
241,-0.06,0.25,0.97,15.15,-16.15,-36.37
242,-0.08,0.28,0.93,12.09,1.27,-28.42
243,-0.15,0.29,0.89,4.98,11.08,-21.53
244,-0.19,0.31,0.83,-5.14,17.59,-14.67
245,-0.24,0.27,0.78,-4.82,11.24,-10.78
246,-0.29,0.22,0.81,-0.8,-5.11,-12.69
247,-0.22,0.21,0.85,7.21,-19.23,-13.15
248,-0.18,0.18,0.94,17.6,-30.02,-20.08
249,-0.13,0.14,1.07,24.07,-37.08,-31.24
250,-0.08,0.17,1.1,25.88,-29.75,-35.66
251,-0.02,0.21,1.05,22.89,-6.99,-26.68
252,-0.13,0.21,0.95,14.11,10.53,-18.94
253,-0.18,0.21,0.89,4.89,20.39,-9.32
254,-0.25,0.2,0.81,-3.47,25.91,-1.66
255,-0.32,0.19,0.73,-7.86,14.04,2.9
256,-0.35,0.17,0.74,-12.92,-1.37,5.42
257,-0.35,0.14,0.79,-17.09,-16.61,3.33
258,-0.33,0.11,0.89,-19.56,-25.97,1.92
259,-0.29,0.07,1.01,-16.82,-33.92,-1.08
260,-0.21,0.06,1.1,-14.01,-34.57,-1.65
261,-0.11,0.1,1.11,-10.17,-24.75,3.41
262,-0.07,0.16,1.09,-6.1,-12.45,8.95
263,-0.09,0.22,1.02,-6.47,-4.53,12.13
264,-0.13,0.26,0.92,-11.36,10.74,22.04
265,-0.14,0.28,0.86,-7.8,0.47,18.77
266,-0.15,0.29,0.8,-7.03,-9.89,11.07
267,-0.21,0.23,0.82,-5.19,-24.5,0.5
268,-0.16,0.22,0.85,-1.52,-31.56,-0.33
269,-0.12,0.2,0.9,-2.12,-30.48,-0.32
270,-0.11,0.16,0.96,-5.25,-29.76,-6.35
271,-0.06,0.17,1.0,-14.08,-20.31,-4.22
272,-0.06,0.15,1.04,-21.49,-4.55,2.13
273,-0.09,0.16,1.0,-23.8,7.48,7.62
274,-0.13,0.17,0.97,-27.08,14.63,10.24
275,-0.13,0.19,0.94,-29.67,20.48,14.88
276,-0.15,0.21,0.92,-26.97,15.87,18.63
277,-0.14,0.25,0.85,-25.29,10.03,11.87
278,-0.14,0.25,0.85,-21.18,-1.15,2.5
279,-0.12,0.23,0.83,-19.54,-6.06,-2.69
280,-0.12,0.2,0.9,-22.19,-6.34,-4.64
281,-0.12,0.15,0.93,-24.35,-5.18,-3.44
282,-0.13,0.12,0.96,-24.12,-6.25,-4.66
283,-0.12,0.12,1.01,-21.34,-8.71,-6.84
284,-0.1,0.12,1.03,-17.73,-8.63,-10.78
285,-0.08,0.13,1.05,-12.27,-7.97,-11.89
286,-0.07,0.15,1.02,-10.39,-4.85,-14.09
287,-0.08,0.18,1.0,-10.11,-2.83,-14.37
288,-0.08,0.18,0.98,-8.05,-0.11,-12.85
289,-0.1,0.23,0.93,-8.63,0.79,-16.32
290,-0.11,0.25,0.88,-10.06,0.18,-15.65
291,-0.11,0.26,0.86,-13.5,1.81,-12.02
292,-0.12,0.25,0.86,-19.74,4.06,-6.9
293,-0.12,0.22,0.88,-24.63,0.96,-6.21
294,-0.12,0.2,0.9,-26.24,1.21,-9.27
295,-0.16,0.19,0.92,-25.57,-2.46,-6.3
296,-0.13,0.16,0.96,-21.2,-3.81,-7.69
297,-0.12,0.14,0.99,-19.4,-3.73,-10.52
298,-0.12,0.15,1.01,-14.31,-3.86,-11.66
299,-0.11,0.13,0.99,-13.45,-1.63,-11.78
300,-0.13,0.15,0.99,-16.37,-0.34,-10.01
301,-0.12,0.13,1.0,-16.82,5.04,-9.8
302,-0.14,0.14,0.97,-16.99,8.07,-6.53
303,-0.19,0.15,0.94,-18.62,7.98,-6.01
304,-0.23,0.15,0.86,-18.18,5.85,-7.46
305,-0.23,0.13,0.86,-14.89,3.89,2.11
306,-0.24,0.14,0.84,-17.3,-1.21,4.54
307,-0.18,0.12,0.86,-22.22,-11.72,-4.73
308,-0.16,0.07,0.97,-25.25,-16.1,-9.64
309,-0.13,0.06,1.02,-19.26,-19.0,-8.5
310,-0.12,0.02,1.05,-16.79,-13.63,-6.79
311,-0.11,0.01,1.11,-14.33,-9.5,-5.71
312,-0.1,0.04,1.06,-11.92,1.29,-0.67
313,-0.12,0.05,1.03,-8.68,6.71,6.53
314,-0.14,0.07,1.01,-6.37,10.06,11.08
315,-0.16,0.07,0.96,-6.88,6.28,9.31
316,-0.14,0.09,0.95,-7.1,-0.13,4.11
317,-0.15,0.08,0.97,-6.11,-6.83,1.6
318,-0.15,0.07,0.99,-3.71,-12.14,1.29
319,-0.12,0.08,1.0,-1.69,-15.73,0.36
320,-0.13,0.07,1.01,-0.39,-15.02,-0.59
321,-0.13,0.06,1.05,0.24,-11.28,-0.89
322,-0.11,0.08,1.01,-0.89,-10.35,-4.61
323,-0.07,0.1,1.03,0.37,-5.25,-2.28
324,-0.08,0.11,0.99,1.26,1.24,-2.23
325,-0.1,0.12,0.96,2.73,3.5,-3.33
326,-0.12,0.13,0.93,-0.01,4.15,-6.63
327,-0.14,0.14,0.89,-0.02,2.0,-7.37
328,-0.16,0.15,0.87,-1.5,0.47,-7.24
329,-0.19,0.14,0.86,-4.47,-4.89,-7.38
330,-0.18,0.1,0.9,-7.17,-11.7,-8.49
331,-0.13,0.11,0.94,-7.52,-15.56,-7.63
332,-0.12,0.11,0.97,-7.09,-12.73,-6.85
333,-0.1,0.11,1.0,-7.11,-8.31,-4.33
334,-0.11,0.13,0.98,-7.34,-5.92,-4.96
335,-0.12,0.12,0.99,-6.66,-3.56,-5.07
336,-0.12,0.13,0.98,-5.15,-4.27,-4.87
337,-0.12,0.12,0.97,-4.37,-4.02,-5.23
338,-0.12,0.12,0.96,-4.21,-3.96,-4.64
339,-0.11,0.09,0.97,-1.84,-5.76,-3.24
340,-0.14,0.08,1.0,-1.09,-11.03,-6.64
341,-0.12,0.07,1.02,-1.23,-15.18,-8.74
342,-0.1,0.08,1.02,-2.6,-14.03,-9.62
343,-0.1,0.07,1.03,-3.06,-12.11,-9.97
344,-0.09,0.09,1.02,-2.65,-9.77,-9.0
345,-0.1,0.12,0.98,-1.18,-3.81,-4.92
346,-0.1,0.14,0.95,-2.74,-0.43,-3.73
347,-0.12,0.15,0.92,-3.82,-1.23,-4.42
348,-0.11,0.15,0.91,-6.2,1.16,-2.16
349,-0.12,0.13,0.89,-8.02,0.35,-1.66
350,-0.13,0.11,0.89,-9.41,-2.57,-2.46
351,-0.12,0.09,0.92,-9.68,-7.18,-5.05
352,-0.1,0.08,0.96,-11.46,-11.3,-6.68
353,-0.11,0.06,1.0,-11.6,-13.55,-8.2
354,-0.09,0.05,1.04,-10.37,-13.57,-9.84
355,-0.09,0.05,1.06,-9.26,-10.54,-9.58
356,-0.08,0.06,1.05,-8.54,-6.69,-7.93
357,-0.09,0.07,1.04,-6.7,-2.15,-7.56
358,-0.1,0.08,1.01,-6.18,-0.18,-6.72
359,-0.09,0.11,0.99,-5.67,1.37,-2.89
360,-0.12,0.12,0.97,-6.61,1.4,-3.11
361,-0.12,0.13,0.95,-7.53,-0.23,-4.11
362,-0.12,0.14,0.93,-8.74,-2.19,-4.01
363,-0.14,0.12,0.94,-9.44,-4.97,-4.37
364,-0.12,0.12,0.96,-9.3,-6.89,-4.91
365,-0.1,0.1,0.99,-8.36,-7.05,-4.57
366,-0.07,0.09,1.01,-7.24,-6.15,-5.31
367,-0.06,0.07,1.05,-5.39,-4.63,-6.76
368,-0.05,0.04,1.11,-1.18,-3.47,-9.74
369,-0.04,0.05,1.11,4.62,-0.79,-11.31
370,-0.06,0.07,1.08,9.54,4.46,-11.49
371,-0.08,0.08,1.03,14.02,10.33,-11.08
372,-0.14,0.08,0.96,12.11,7.86,-8.15
373,-0.16,0.09,0.92,8.27,7.29,-4.04
374,-0.17,0.11,0.89,3.34,3.54,-2.62
375,-0.16,0.13,0.87,-2.8,-1.02,-0.95
376,-0.14,0.15,0.87,-8.53,-4.09,-0.08
377,-0.14,0.14,0.88,-12.86,-6.29,-0.2
378,-0.11,0.12,0.93,-15.97,-6.72,2.18
379,-0.12,0.1,0.97,-16.23,-7.37,2.04
380,-0.1,0.05,1.02,-13.23,-8.84,1.08
381,-0.09,0.06,1.02,-8.84,-9.89,-0.47
382,-0.08,0.05,1.03,-3.54,-8.58,-0.21
383,-0.08,0.05,1.01,-0.1,-7.14,0.7
384,-0.1,0.06,0.99,-0.27,-7.63,0.38
385,-0.11,0.07,0.95,-1.95,-8.27,0.47
386,-0.11,0.08,0.97,-3.57,-10.08,0.64
387,-0.07,0.09,0.98,-3.81,-10.16,2.26
388,-0.09,0.07,1.0,-3.47,-8.9,1.18
389,-0.07,0.09,1.01,-2.6,-6.47,3.09
390,-0.09,0.09,0.99,-2.89,-4.65,2.74
391,-0.08,0.11,0.98,-1.92,-4.53,2.31
392,-0.07,0.12,0.95,-1.17,-4.68,2.88
393,-0.08,0.11,0.95,-2.31,-6.41,0.56
394,-0.05,0.13,0.95,-3.42,-8.47,-0.72
395,-0.06,0.11,0.97,-3.76,-8.79,-1.69
396,-0.06,0.12,0.98,-4.53,-7.27,-1.71
397,-0.06,0.11,0.98,-5.3,-6.4,-0.85
398,-0.08,0.11,0.97,-5.83,-5.99,-0.4
399,-0.06,0.11,0.95,-6.45,-5.71,0.91
