,accel_x,accel_y,accel_z,gyro_x,gyro_y,gyro_z
0,-0.01,0.04,0.98,0.66,-1.36,-2.11
1,-0.02,0.05,0.98,0.36,-1.17,-1.47
2,-0.0,0.05,0.98,0.56,-2.57,-0.44
3,0.0,0.05,0.98,0.47,-1.24,-0.4
4,0.02,0.06,0.97,0.43,-1.2,-1.69
5,-0.01,0.05,0.97,0.02,-4.41,-3.57
6,-0.02,0.05,0.97,-0.6,-6.91,-3.78
7,-0.02,0.05,0.97,-0.83,-7.05,-3.45
8,-0.02,0.06,0.98,-1.0,-7.4,-2.91
9,-0.02,0.06,0.97,-1.26,-7.06,-1.85
10,-0.01,0.05,0.98,-1.76,-5.85,-1.25
11,-0.0,0.05,0.98,-2.31,-4.01,-0.29
12,0.03,0.04,0.99,-0.82,1.74,1.42
13,0.03,0.04,1.0,-0.08,6.05,2.61
14,0.03,0.03,1.03,2.05,6.25,3.08
15,0.03,0.02,1.01,3.27,6.13,1.6
16,0.0,0.04,1.01,4.62,7.3,1.66
17,-0.02,0.04,1.0,5.17,3.3,1.23
18,-0.04,0.05,1.0,5.18,-3.05,0.56
19,-0.02,0.05,0.97,4.15,-7.98,-0.35
20,-0.02,0.07,0.98,2.26,-10.61,-0.66
21,-0.0,0.06,0.96,-0.15,-12.27,-0.56
22,-0.0,0.06,0.98,-1.37,-12.9,1.16
23,0.01,0.05,0.98,-0.82,-11.48,1.76
24,0.03,0.06,0.96,-1.74,-0.68,1.02
25,0.03,0.05,0.97,-2.35,2.43,0.77
26,0.02,0.06,0.97,-3.65,2.34,0.39
27,0.02,0.06,0.97,-3.66,4.25,2.3
28,0.01,0.06,1.01,-2.84,2.41,2.22
29,0.02,0.04,1.0,-1.53,-0.76,0.86
30,0.02,0.04,0.99,-0.73,-1.69,-0.86
31,0.02,0.06,0.98,-0.95,-3.68,-3.0
32,0.02,0.06,0.97,-1.59,-3.18,-3.89
33,0.02,0.05,0.97,-1.85,-2.62,-3.91
34,0.02,0.06,0.97,-3.21,-2.07,-4.73
35,-0.01,0.06,0.96,-3.74,-2.56,-4.4
36,0.0,0.06,0.96,-3.6,-2.39,-2.02
37,0.0,0.07,0.96,-4.44,0.27,-0.5
38,0.03,0.07,0.97,-5.46,0.82,-0.69
39,0.02,0.06,0.99,-5.69,-0.08,-1.69
40,0.04,0.06,0.99,-5.33,-0.5,-1.42
41,0.04,0.05,0.99,-5.07,-0.05,-2.38
42,0.03,0.05,0.99,-4.81,-0.2,-2.53
43,0.03,0.05,1.0,-4.11,0.47,-3.53
44,-0.0,0.06,0.99,-3.47,1.11,-3.25
45,0.01,0.05,0.99,-3.24,0.0,-3.6
46,0.01,0.05,0.99,-2.69,-2.21,-4.93
47,0.01,0.05,1.0,-2.44,-3.06,-5.91
48,0.02,0.05,1.0,-2.5,-2.6,-5.38
49,0.04,0.06,0.99,-2.92,-1.39,-5.24
50,0.03,0.06,0.99,-2.73,1.55,-4.54
51,0.02,0.05,1.0,-2.89,2.35,-4.13
52,0.01,0.06,1.0,-2.74,5.27,-2.81
53,-0.01,0.05,1.0,-1.99,5.54,-1.72
54,0.0,0.05,1.0,-1.77,7.01,-2.02
55,-0.02,0.05,0.99,-1.6,7.4,-1.9
56,-0.02,0.05,0.99,-0.95,7.44,-1.96
57,-0.02,0.06,0.99,-0.74,3.91,-2.85
58,-0.04,0.06,0.98,-0.14,0.32,-3.31
59,-0.05,0.06,0.99,0.24,0.19,-2.11
60,-0.03,0.05,0.96,0.49,2.05,1.15
61,-0.03,0.06,0.96,-0.73,4.71,2.82
62,-0.02,0.06,0.97,-1.68,3.12,3.22
63,0.0,0.06,0.96,-3.33,0.87,1.35
64,0.02,0.06,0.98,-3.87,-0.46,-0.74
65,0.03,0.04,1.0,-3.65,-1.41,-2.18
66,0.02,0.04,1.01,-3.0,-0.6,-1.71
67,0.01,0.05,1.01,-2.05,1.7,0.04
68,0.02,0.06,1.01,-2.37,2.08,-1.35
69,0.03,0.06,1.0,-3.06,-1.34,-3.59
70,-0.01,0.05,1.01,-2.27,-2.27,-4.63
71,0.0,0.04,1.0,-0.98,-1.92,-3.16
72,-0.0,0.04,0.99,-0.04,1.88,-2.06
73,-0.01,0.04,0.96,-0.54,2.25,-2.08
74,-0.02,0.04,0.95,-1.15,1.59,-1.56
75,-0.03,0.04,0.95,-1.15,3.05,-0.83
76,-0.04,0.05,0.96,-2.15,1.92,-0.02
77,-0.02,0.05,0.94,-3.15,0.79,-0.76
78,-0.01,0.05,0.95,-3.72,-1.16,-1.4
79,0.0,0.07,0.95,-4.96,-3.37,-2.92
80,-0.02,0.07,0.96,-5.43,-2.38,-2.22
81,-0.01,0.07,0.95,-5.69,-0.65,-1.23
82,-0.01,0.07,0.97,-5.93,-1.4,-1.65
83,0.01,0.06,0.98,-4.82,0.31,-0.48
84,-0.0,0.06,0.99,-4.1,1.85,0.44
85,0.0,0.06,1.0,-3.15,3.31,0.63
86,0.01,0.06,0.98,-2.04,2.92,0.92
87,-0.0,0.06,0.97,-2.23,0.61,-1.13
88,0.01,0.06,0.96,-3.07,0.09,-2.44
89,-0.0,0.06,0.97,-4.22,1.5,-1.98
90,-0.0,0.06,0.96,-4.99,2.54,-2.11
91,-0.02,0.06,0.98,-5.46,1.18,-2.47
92,-0.02,0.05,0.98,-5.6,1.05,-2.14
93,0.0,0.05,0.99,-5.44,-0.18,-2.21
94,-0.02,0.06,1.0,-4.97,0.36,-2.39
95,-0.03,0.06,0.99,-5.28,-0.94,-1.92
96,-0.02,0.06,0.99,-5.16,0.27,-0.49
97,-0.03,0.06,0.99,-4.98,-0.87,-0.1
98,-0.02,0.05,1.01,-3.92,-5.98,-1.61
99,-0.01,0.06,1.0,-3.75,-8.63,-2.02
100,0.02,0.06,1.0,-4.05,-5.11,-1.43
101,0.04,0.06,1.01,-4.73,-1.22,-1.47
102,0.02,0.06,1.01,-4.16,-0.88,-1.98
103,0.02,0.06,1.01,-2.95,0.02,-2.15
104,0.0,0.06,1.01,-3.13,-0.03,-2.36
105,-0.02,0.06,1.0,-3.36,2.79,-2.21
106,-0.01,0.06,0.99,-3.35,6.25,-1.86
107,-0.04,0.05,1.0,-2.94,5.85,-2.03
108,-0.04,0.03,0.99,-1.83,3.36,-0.98
109,-0.06,0.03,1.0,-0.69,2.26,-1.11
110,-0.06,0.03,0.98,-0.66,-1.17,-1.69
111,-0.04,0.03,0.98,-0.93,-0.98,-1.43
112,-0.03,0.03,0.97,-1.38,1.11,-0.29
113,-0.05,0.05,0.97,-2.56,-1.82,-1.58
114,-0.07,0.04,0.98,-3.19,-5.24,-1.09
115,-0.05,0.03,0.98,-3.68,-2.79,0.98
116,-0.01,0.04,0.99,-3.47,-1.53,2.26
117,0.0,0.03,0.99,-2.95,-1.22,2.46
118,0.0,0.04,1.01,-2.69,-0.64,2.27
119,0.01,0.04,1.02,-2.08,-0.73,1.4
120,0.04,0.03,1.03,-1.2,0.66,1.9
121,0.04,0.04,1.01,-0.42,2.09,1.29
122,0.05,0.04,1.0,0.2,4.06,0.87
123,0.04,0.03,0.98,0.05,4.28,-0.86
124,0.04,0.02,0.98,-0.32,3.8,-1.49
125,0.03,0.01,0.96,-1.08,4.21,-2.31
126,0.02,-0.02,0.95,-1.21,5.13,-1.96
127,0.02,-0.03,0.94,-1.64,4.27,-0.92
128,0.04,-0.06,0.91,-3.58,6.62,0.21
129,0.07,-0.12,0.92,-4.66,9.21,0.27
130,0.07,-0.18,0.91,-7.36,6.08,-2.37
131,0.07,-0.28,0.92,-9.6,3.89,-3.9
132,-0.01,-0.37,0.96,-8.76,0.03,-3.57
133,0.03,-0.52,0.98,-4.65,-3.27,-2.38
134,-0.03,-0.6,1.02,2.41,-3.15,-1.22
135,-0.09,-0.65,0.99,14.53,-4.34,4.03
136,-0.15,-0.64,0.91,22.18,-9.37,11.76
137,-0.1,-0.63,0.81,25.35,-9.18,15.06
138,-0.06,-0.59,0.71,22.9,-12.31,21.37
139,-0.01,-0.52,0.64,15.69,-10.86,25.64
140,0.03,-0.55,0.62,3.9,-12.99,28.27
141,0.11,-0.6,0.66,-6.47,-12.22,29.98
142,0.16,-0.64,0.73,-9.03,-9.79,28.05
143,0.11,-0.68,0.75,-8.45,-24.54,27.2
144,0.06,-0.64,0.75,-10.62,-28.03,21.25
145,-0.02,-0.59,0.77,-11.81,-30.65,28.4
146,-0.01,-0.45,0.78,-20.15,-29.21,42.74
147,0.17,-0.42,0.86,-29.98,-14.94,53.77
148,0.33,-0.37,0.95,-42.15,-10.8,51.75
149,0.39,-0.39,1.11,-48.89,-22.01,40.92
150,0.47,-0.47,1.29,-47.95,-25.47,26.87
151,0.41,-0.53,1.39,-37.16,-20.34,16.03
152,0.25,-0.55,1.36,-31.13,-19.82,6.71
153,0.13,-0.5,1.42,-25.24,-8.57,-1.3
154,-0.11,-0.37,1.39,-12.11,4.35,-0.66
155,-0.37,-0.16,1.28,-1.64,-7.83,5.27
156,-0.48,0.02,1.14,-0.08,-25.18,9.27
157,-0.4,0.15,1.12,-0.34,-33.85,11.27
158,-0.28,0.26,1.08,-0.63,-38.56,18.07
159,-0.14,0.37,1.02,-4.38,-29.92,19.49
160,-0.03,0.49,0.97,-13.87,-9.6,22.85
161,-0.03,0.64,0.96,-27.02,11.96,28.88
162,-0.02,0.69,1.0,-35.26,27.2,36.38
163,0.0,0.75,1.08,-36.27,30.46,38.54
164,0.12,0.79,1.06,-24.28,26.83,38.95
165,0.3,0.85,0.94,-18.89,15.55,24.92
166,0.28,0.92,0.88,-23.01,-2.6,9.43
167,0.25,0.94,0.91,-32.95,-20.65,-0.05
168,0.3,0.86,1.07,-33.17,0.03,10.85
169,0.49,0.99,1.03,-48.19,6.15,2.47
170,0.59,0.96,1.13,-54.75,28.71,-5.76
171,0.47,0.91,1.3,-54.87,43.92,-13.63
172,0.34,0.81,1.42,-42.53,50.92,-17.38
173,0.24,0.72,1.42,-24.61,40.46,-27.79
174,0.09,0.67,1.38,-3.6,15.92,-39.77
175,0.01,0.61,1.27,17.57,-9.55,-44.15
176,-0.1,0.59,1.07,25.79,-21.77,-42.43
177,-0.13,0.56,0.88,23.16,-18.05,-36.53
178,-0.12,0.51,0.74,9.1,-12.64,-33.66
179,-0.2,0.46,0.7,-5.44,-10.63,-28.48
180,-0.21,0.33,0.81,-12.55,-8.13,-23.5
181,-0.19,0.22,0.89,-14.44,-3.86,-12.53
182,-0.17,0.12,1.02,-8.99,0.02,-4.77
183,-0.21,0.11,1.03,-1.37,7.3,2.9
184,-0.18,0.11,1.03,5.53,7.91,8.29
185,-0.13,0.11,1.06,10.67,-0.43,5.78
186,-0.09,0.09,1.1,18.68,-1.37,5.63
187,-0.05,0.1,1.1,26.76,-2.75,6.73
188,-0.04,0.12,1.08,31.4,-6.23,3.94
189,0.04,0.11,1.06,33.42,-5.59,1.43
190,0.05,0.12,1.05,32.82,-1.73,-2.15
191,0.09,0.11,1.04,32.62,0.9,-2.3
192,0.11,0.09,1.03,31.81,7.51,-2.21
193,0.05,0.08,1.02,30.83,11.65,-0.66
194,0.01,0.07,1.01,28.53,14.25,-0.15
195,-0.06,0.06,1.01,27.79,19.53,4.56
196,-0.04,0.03,1.01,26.25,22.46,8.22
197,-0.02,0.05,1.03,24.69,16.47,5.21
198,0.01,0.04,1.08,24.38,8.19,1.19
199,-0.02,0.05,1.12,27.63,2.45,-0.86
200,0.0,0.02,1.17,33.55,-1.86,0.12
201,-0.02,0.04,1.19,41.28,2.1,4.77
202,-0.03,0.06,1.15,48.81,8.34,9.5
203,0.0,0.11,1.06,51.39,5.61,7.11
204,0.03,0.14,1.02,51.17,-3.16,0.93
205,0.03,0.15,0.98,47.49,-8.21,-3.35
206,0.02,0.15,0.96,42.09,-3.22,-3.76
207,-0.06,0.14,0.96,36.19,3.13,-0.74
208,-0.1,0.12,0.97,30.6,11.73,5.88
209,-0.14,0.09,0.99,27.67,15.06,11.95
210,-0.13,0.12,0.96,25.13,16.71,12.89
211,-0.07,0.09,0.97,22.97,10.96,9.99
212,-0.09,0.1,0.99,22.5,-0.15,4.81
213,-0.11,0.08,1.04,24.26,-8.0,3.95
214,-0.07,0.07,1.09,28.53,-3.53,8.65
215,-0.03,0.08,1.04,30.18,0.01,11.12
216,0.03,0.11,0.99,29.5,1.08,11.66
217,-0.02,0.14,0.97,26.6,6.53,13.08
218,-0.01,0.16,0.94,22.5,9.86,14.63
219,0.05,0.17,0.91,15.21,11.61,11.48
220,0.05,0.2,0.9,6.91,6.55,5.2
221,0.01,0.19,0.92,-1.13,4.47,2.25
222,-0.01,0.18,0.95,-6.98,3.7,1.54
223,0.05,0.1,1.02,-6.23,2.83,0.62
224,0.03,0.09,1.07,-1.61,1.6,0.27
225,0.03,0.1,1.05,2.27,1.3,0.77
226,0.08,0.11,1.01,4.89,6.38,0.96
227,0.06,0.13,0.96,5.05,6.31,-1.77
228,0.05,0.15,0.93,2.53,2.38,-5.06
229,0.07,0.17,0.89,-4.84,2.38,-12.07
230,0.05,0.15,0.89,-7.93,8.48,-8.76
231,0.05,0.14,0.9,-13.61,12.66,-6.6
232,0.02,0.11,0.9,-17.71,14.78,-8.15
233,-0.04,0.09,0.96,-19.96,13.89,-8.19
234,-0.07,0.09,1.0,-18.56,9.81,-10.05
235,-0.04,0.05,1.01,-12.07,5.73,-8.56
236,-0.07,0.05,1.02,-7.05,-0.3,-9.02
237,-0.06,0.08,0.99,-4.37,-5.81,-8.71
238,-0.02,0.09,0.97,-4.87,-7.52,-8.57
239,0.01,0.11,0.95,-8.11,-5.69,-9.22
240,-0.01,0.09,0.91,-9.27,-0.09,-6.74
241,-0.02,0.1,0.95,-11.69,4.23,-2.87
242,-0.02,0.08,0.97,-12.1,5.46,-0.98
243,-0.03,0.07,1.0,-11.73,7.68,-1.3
244,-0.04,0.08,0.98,-9.88,3.94,-2.21
245,-0.01,0.08,0.99,-8.47,-1.99,-7.05
246,0.01,0.07,0.99,-6.31,-5.26,-10.23
247,-0.0,0.08,1.0,-4.87,-4.38,-9.84
248,0.01,0.08,0.98,-5.3,0.92,-7.7
249,-0.02,0.09,0.99,-4.42,5.02,-6.08
250,-0.03,0.09,1.0,-3.41,1.32,-3.63
251,-0.04,0.1,0.98,-4.08,2.85,-3.02
252,-0.01,0.09,0.98,-4.67,5.21,-3.32
253,0.05,0.08,0.99,-5.11,2.89,-8.1
254,0.04,0.09,1.0,-3.92,-2.13,-14.97
255,-0.01,0.1,1.01,-1.27,-6.74,-19.96
256,0.03,0.09,1.03,3.88,-0.44,-15.82
257,0.03,0.07,1.04,10.08,4.3,-16.76
258,-0.03,0.09,1.01,14.02,6.33,-14.92
259,-0.05,0.11,0.96,14.1,4.04,-13.98
260,-0.06,0.12,0.94,12.38,10.4,-11.4
261,-0.06,0.09,0.95,10.59,9.11,-9.09
262,-0.07,0.14,0.91,7.35,8.64,-10.35
263,-0.09,0.13,0.91,3.53,15.56,-11.37
264,-0.12,0.12,0.95,0.96,11.83,-9.82
265,-0.09,0.12,0.96,-0.64,6.51,-10.45
266,-0.1,0.14,0.98,0.08,2.1,-10.31
267,-0.06,0.14,1.0,1.87,-0.91,-9.48
268,0.02,0.15,1.01,3.01,2.95,-9.65
269,0.02,0.15,1.02,4.94,7.54,-8.75
270,0.04,0.16,0.99,6.42,12.18,-9.01
271,0.03,0.18,0.95,8.28,13.28,-11.08
272,-0.03,0.21,0.85,4.9,9.37,-15.43
273,-0.08,0.21,0.8,-3.06,9.77,-15.4
274,-0.1,0.19,0.8,-13.6,16.56,-13.69
275,-0.09,0.17,0.82,-21.91,18.4,-14.34
276,-0.12,0.12,0.89,-26.47,15.31,-13.63
277,-0.14,0.09,0.99,-25.53,12.46,-12.14
278,-0.15,0.06,1.03,-20.0,5.05,-12.89
279,-0.16,0.06,1.05,-11.96,-2.84,-11.39
280,-0.12,0.06,1.02,-6.57,-7.78,-10.81
281,-0.1,0.08,0.99,-3.37,-6.05,-8.47
282,-0.1,0.09,0.98,-4.31,-1.24,-4.55
283,-0.06,0.1,0.94,-9.21,5.86,-2.27
284,-0.03,0.1,0.95,-12.91,8.31,-5.09
285,-0.05,0.09,0.96,-14.22,10.08,-6.69
286,-0.11,0.09,0.95,-15.98,9.78,-7.31
287,-0.15,0.1,0.97,-16.76,4.65,-6.23
288,-0.13,0.09,0.98,-16.03,2.85,-4.47
289,-0.08,0.04,1.0,-13.44,1.07,-0.37
290,-0.09,0.06,1.01,-11.14,-0.96,0.24
291,-0.05,0.05,1.02,-6.8,-2.4,2.13
292,-0.04,0.06,0.99,-4.44,0.1,2.72
293,-0.06,0.07,0.98,-3.11,-0.96,3.17
294,-0.08,0.07,0.98,-2.72,-0.48,4.27
295,-0.09,0.1,0.97,-2.98,2.94,9.03
296,-0.09,0.1,0.92,-5.55,6.19,12.05
297,-0.1,0.12,0.92,-9.18,6.56,14.27
298,-0.06,0.1,0.9,-13.99,6.63,12.78
299,-0.05,0.12,0.87,-19.42,12.76,9.69
300,-0.06,0.07,0.94,-21.7,8.77,5.75
301,-0.01,0.02,0.98,-19.17,3.79,4.3
302,0.02,0.02,1.0,-17.49,2.67,-5.24
303,-0.04,-0.0,1.05,-10.23,-5.82,-10.01
304,-0.12,0.01,1.03,-5.28,-9.89,-9.38
305,-0.12,0.03,1.02,-3.53,-1.39,-2.82
306,-0.1,0.04,0.98,-4.25,2.54,-1.47
307,-0.1,0.04,0.97,-4.76,0.6,-2.63
308,-0.09,0.04,0.98,-5.05,1.44,-1.9
309,-0.09,0.05,0.98,-4.31,0.79,-0.77
310,-0.08,0.05,0.98,-3.8,-0.1,-0.75
311,-0.03,0.04,0.98,-3.82,-1.02,-2.73
312,0.02,0.05,0.97,-3.13,-3.93,-9.35
313,-0.04,0.07,0.97,-1.39,-8.96,-11.93
314,-0.06,0.08,0.93,-2.39,-7.17,-10.83
315,-0.05,0.06,0.93,-3.93,-1.53,-8.48
316,-0.06,0.05,0.96,-4.54,3.22,-6.49
317,-0.06,0.06,0.94,-3.89,8.43,-3.45
318,-0.1,0.07,0.91,-5.05,7.9,-2.53
319,-0.11,0.07,0.92,-6.5,6.27,-1.53
320,-0.11,0.07,0.94,-7.01,3.23,-0.88
321,-0.1,0.05,0.95,-6.18,0.47,0.21
322,-0.07,0.05,0.95,-5.13,-2.21,-0.78
323,-0.08,0.05,0.96,-4.45,-6.18,-1.6
324,-0.06,0.06,0.96,-4.34,-7.37,-2.32
325,-0.03,0.06,0.97,-4.36,-9.24,-4.4
326,-0.02,0.08,0.96,-5.2,-9.22,-6.54
327,-0.04,0.09,0.95,-6.29,-6.58,-7.33
328,-0.05,0.09,0.97,-6.82,-2.83,-6.21
329,-0.06,0.09,0.96,-7.48,-0.24,-5.51
330,-0.05,0.08,0.97,-7.9,1.07,-5.39
331,-0.07,0.06,0.98,-6.93,1.39,-5.52
332,-0.09,0.05,1.01,-3.92,-0.92,-3.66
333,-0.09,0.05,0.99,-2.4,0.04,-1.67
334,-0.09,0.06,0.99,-2.18,0.57,-1.54
335,-0.09,0.07,0.99,-1.94,-4.02,-3.05
336,-0.08,0.07,0.99,-1.74,-6.35,-3.83
337,-0.07,0.07,0.97,-2.78,-2.44,-2.85
338,-0.07,0.08,0.98,-4.06,0.82,-1.85
339,-0.09,0.08,0.99,-4.95,3.7,-0.67
340,-0.06,0.08,0.99,-5.91,5.13,-1.06
341,-0.08,0.08,0.98,-6.9,3.56,-3.24
342,-0.09,0.08,0.99,-7.26,1.63,-3.67
343,-0.07,0.07,1.0,-6.52,3.43,-2.33
344,-0.09,0.07,1.0,-6.06,1.69,-3.41
345,-0.1,0.07,1.0,-5.23,-0.51,-3.63
346,-0.11,0.06,1.01,-3.96,-3.16,-3.4
347,-0.11,0.07,0.99,-2.77,-4.29,-2.48
348,-0.14,0.09,1.03,-1.82,-13.21,2.87
349,-0.06,0.06,0.96,-1.27,-14.57,-1.98
350,-0.06,0.08,0.95,-1.17,-2.04,-0.31
351,-0.1,0.11,0.98,-1.69,-3.92,-4.67
352,-0.09,0.06,1.02,0.4,-6.57,-5.82
353,-0.09,0.07,1.0,1.37,-3.12,-2.96
354,-0.08,0.07,1.0,2.26,-2.9,-3.69
355,-0.1,0.08,0.99,2.57,-4.63,-3.34
356,-0.09,0.08,0.98,2.65,-3.27,-1.72
357,-0.09,0.09,0.97,0.86,-3.0,-1.21
358,-0.08,0.1,0.97,0.02,-1.91,-1.0
359,-0.08,0.08,0.97,-0.65,-1.45,-1.63
360,-0.08,0.08,0.99,-0.69,-4.31,-4.14
361,-0.1,0.09,0.99,0.36,-5.31,-3.47
362,-0.08,0.08,0.99,1.15,-3.99,-1.17
363,-0.07,0.07,0.98,1.22,-3.24,-1.91
364,-0.1,0.07,0.97,1.82,-4.35,-2.47
365,-0.11,0.08,0.99,2.05,-4.34,-2.55
366,-0.11,0.08,0.99,2.68,-5.41,-2.02
367,-0.11,0.08,0.99,2.69,-6.37,-1.35
368,-0.08,0.09,0.97,2.26,-7.37,-1.67
369,-0.07,0.1,0.96,1.56,-10.2,-2.65
370,-0.07,0.1,0.98,1.08,-10.21,-2.84
371,-0.03,0.1,0.98,0.32,-8.05,-2.85
372,-0.02,0.1,0.99,0.15,-5.26,-3.08
373,-0.04,0.11,0.99,-0.01,-2.47,-3.34
374,-0.05,0.11,0.99,0.19,-1.9,-2.99
375,-0.06,0.12,0.97,0.87,-1.82,-3.58
376,-0.08,0.11,0.98,1.74,-1.53,-2.44
377,-0.07,0.1,0.97,2.47,-0.48,-1.57
378,-0.06,0.1,0.97,2.47,-0.37,-2.22
379,-0.07,0.12,0.96,2.04,-2.42,-2.88
380,-0.07,0.12,0.94,1.13,-3.14,-3.71
381,-0.07,0.12,0.94,0.23,-5.36,-3.4
382,-0.07,0.12,0.94,-1.25,-4.53,-2.3
383,-0.07,0.12,0.94,-3.31,-2.2,-1.73
384,-0.07,0.12,0.95,-4.57,-1.85,-1.48
385,-0.07,0.1,0.97,-5.13,-1.92,-1.66
386,-0.09,0.12,0.99,-5.72,-0.87,-3.72
387,-0.06,0.08,1.01,-2.09,-0.11,0.82
388,-0.07,0.09,0.99,-0.73,-3.61,0.21
389,-0.06,0.09,0.98,-0.58,-3.34,-1.08
390,-0.04,0.1,0.98,0.69,-3.09,-0.96
391,-0.03,0.09,0.99,1.34,-4.39,-1.11
392,-0.04,0.1,0.98,1.34,-4.95,-2.82
393,-0.04,0.11,0.97,1.51,-4.23,-3.15
394,-0.04,0.11,0.96,0.34,-4.04,-2.99
395,-0.05,0.1,0.96,-0.56,-2.31,-2.72
396,-0.06,0.1,0.97,-0.62,-2.37,-2.51
397,-0.07,0.1,0.95,-1.81,-2.03,-2.16
398,-0.06,0.09,0.96,-2.49,-3.73,-1.92
399,-0.07,0.1,0.97,-2.58,-2.34,-1.46
