,accel_x,accel_y,accel_z,gyro_x,gyro_y,gyro_z
0,-0.07,0.13,0.97,-5.13,-4.48,-3.65
1,-0.06,0.12,0.98,-6.31,-2.55,-3.98
2,-0.06,0.11,0.97,-7.3,0.05,-4.53
3,-0.06,0.11,0.98,-8.18,0.83,-6.06
4,-0.06,0.1,0.97,-8.24,1.24,-6.69
5,-0.07,0.1,0.98,-7.76,0.41,-7.67
6,-0.07,0.09,0.99,-6.5,-0.21,-8.6
7,-0.06,0.11,0.98,-5.22,0.66,-7.76
8,-0.04,0.12,0.97,-4.18,3.09,-4.46
9,-0.06,0.13,0.96,-4.11,5.99,-1.08
10,-0.08,0.14,0.94,-4.31,3.88,0.07
11,-0.1,0.13,0.94,-7.83,7.1,0.48
12,-0.09,0.14,0.94,-5.06,0.39,1.79
13,-0.09,0.1,0.98,-3.59,-1.24,0.24
14,-0.08,0.1,0.99,-3.26,-1.56,-0.76
15,-0.08,0.09,1.0,-3.78,-0.31,-2.4
16,-0.09,0.07,1.0,-5.49,-0.57,-4.53
17,-0.1,0.07,1.01,-6.49,-0.61,-5.0
18,-0.1,0.05,1.01,-7.12,0.37,-5.71
19,-0.11,0.07,1.01,-7.31,0.43,-5.51
20,-0.11,0.08,1.0,-6.76,-0.34,-4.05
21,-0.12,0.08,0.97,-6.77,-1.38,-4.31
22,-0.12,0.1,0.97,-8.02,-3.22,-4.73
23,-0.11,0.11,0.95,-9.03,-5.52,-4.98
24,-0.11,0.11,0.94,-10.33,-5.81,-3.9
25,-0.11,0.11,0.96,-11.59,-6.82,-4.43
26,-0.11,0.1,0.99,-11.84,-9.52,-6.52
27,-0.11,0.09,1.02,-8.84,-12.21,-8.53
28,-0.07,0.09,1.03,-5.53,-11.03,-9.42
29,-0.05,0.08,1.04,-2.75,-6.92,-9.51
30,-0.07,0.08,1.04,-0.64,-2.7,-9.35
31,-0.08,0.05,1.02,1.43,-0.89,-8.0
32,-0.13,0.05,1.01,1.18,-0.67,-8.42
33,-0.14,0.05,0.99,0.38,-2.05,-7.51
34,-0.12,0.07,0.97,-0.37,-2.35,-5.54
35,-0.1,0.08,0.97,0.24,-2.61,-0.66
36,-0.13,0.08,0.97,-0.65,-2.84,0.1
37,-0.12,0.09,0.97,-1.18,-4.04,1.16
38,-0.09,0.09,0.97,-1.15,-3.24,2.07
39,-0.11,0.09,0.97,-0.94,-3.21,2.08
40,-0.1,0.09,0.97,-0.99,-2.95,2.85
41,-0.1,0.11,0.96,-1.15,-2.44,3.08
42,-0.1,0.1,0.96,-1.3,-2.57,2.85
43,-0.09,0.11,0.95,-1.82,-3.4,2.41
44,-0.07,0.12,0.94,-2.47,-4.05,2.56
45,-0.08,0.12,0.96,-4.04,-4.89,1.41
46,-0.07,0.11,0.97,-4.74,-6.18,0.15
47,-0.05,0.12,0.98,-4.82,-4.95,-0.71
48,-0.04,0.11,0.97,-4.53,-3.51,-0.76
49,-0.05,0.1,0.97,-4.29,-4.37,-2.18
50,-0.07,0.1,0.97,-4.61,-5.18,-2.91
51,-0.07,0.08,0.97,-3.88,-5.37,-1.36
52,-0.09,0.06,1.0,-3.8,-6.56,-1.77
53,-0.08,0.06,0.99,-4.6,-6.56,-1.06
54,-0.07,0.05,1.0,-5.13,-5.39,0.4
55,-0.07,0.06,0.99,-5.33,-4.34,0.11
56,-0.07,0.07,1.0,-5.48,-3.05,-0.15
57,-0.08,0.06,0.99,-4.8,-2.47,0.08
58,-0.09,0.05,0.98,-3.73,-2.84,0.47
59,-0.07,0.07,0.97,-2.94,-2.87,1.18
60,-0.07,0.08,0.97,-2.59,-2.56,0.76
61,-0.07,0.08,0.98,-2.53,-3.15,0.05
62,-0.07,0.08,0.98,-2.66,-3.53,-0.47
63,-0.06,0.08,0.98,-2.7,-3.42,-1.08
64,-0.06,0.07,0.99,-2.55,-3.66,-1.02
65,-0.06,0.06,1.01,-1.73,-4.21,0.24
66,-0.07,0.07,0.99,-3.95,-3.7,-1.78
67,-0.07,0.07,0.99,-2.18,-3.11,1.14
68,-0.06,0.08,0.99,-2.51,-2.66,1.4
69,-0.09,0.09,0.96,-3.02,-9.9,-2.18
70,-0.06,0.1,0.96,-3.94,-5.43,0.23
71,-0.05,0.11,0.97,-4.99,-5.04,0.29
72,-0.04,0.1,0.97,-5.81,-3.62,0.16
73,-0.04,0.09,1.0,-6.51,-5.37,-2.16
74,-0.04,0.08,1.01,-5.39,-3.35,-2.82
75,-0.04,0.08,1.01,-3.63,-3.43,-3.31
76,-0.03,0.07,1.01,-1.85,-0.53,-1.6
77,-0.05,0.07,0.99,-0.73,-0.18,-2.18
78,-0.05,0.07,0.98,0.06,1.27,-1.81
79,-0.07,0.07,0.97,0.69,1.36,-1.39
80,-0.06,0.08,0.95,1.49,0.79,4.01
81,-0.04,0.08,0.95,0.22,1.53,1.28
82,-0.07,0.08,0.97,0.09,1.11,2.85
83,-0.06,0.08,0.97,-0.24,1.18,2.31
84,-0.07,0.09,0.98,0.42,0.13,1.17
85,-0.06,0.09,0.98,1.27,0.05,1.21
86,-0.05,0.09,0.97,1.78,1.28,3.29
87,-0.05,0.1,0.98,1.66,2.02,4.51
88,-0.07,0.1,0.96,0.76,1.82,3.37
89,-0.05,0.11,0.96,0.35,1.5,3.44
90,-0.05,0.11,0.96,-0.31,1.51,2.93
91,-0.05,0.11,0.97,-0.71,0.46,1.91
92,-0.06,0.1,0.95,-1.84,0.37,1.64
93,-0.06,0.1,0.95,-2.13,-0.94,1.09
94,-0.04,0.11,0.96,-2.6,-1.05,-0.56
95,-0.04,0.09,0.97,-1.53,-2.34,-1.02
96,-0.04,0.1,0.98,-1.94,-1.75,-0.85
97,-0.03,0.1,0.98,-1.85,-1.18,-1.98
98,-0.02,0.09,0.99,-2.28,0.89,-3.24
99,-0.05,0.09,0.96,-0.6,-0.08,-5.66
100,-0.06,0.07,0.97,0.63,-2.27,-4.87
101,-0.05,0.07,0.99,0.65,2.42,-3.33
102,-0.08,0.09,0.97,-0.63,-1.91,-5.11
103,-0.06,0.1,0.96,-1.67,-0.03,-2.6
104,-0.06,0.1,0.98,-2.04,-0.98,-1.62
105,-0.03,0.1,0.98,-3.15,3.52,-1.1
106,-0.04,0.1,0.99,-2.72,-1.37,-2.69
107,-0.03,0.1,0.98,-2.66,-1.57,-3.47
108,-0.04,0.1,0.99,-2.05,-1.66,-3.63
109,-0.05,0.1,0.99,-1.04,-1.09,-3.56
110,-0.06,0.1,0.99,-0.91,0.21,-2.5
111,-0.05,0.11,0.97,-1.68,0.6,-1.56
112,-0.05,0.11,0.98,-2.34,0.79,-1.15
113,-0.05,0.11,0.99,-3.48,1.47,-2.17
114,-0.04,0.1,0.99,-3.66,1.27,-3.06
115,-0.05,0.1,0.99,-3.47,0.94,-4.18
116,-0.06,0.1,0.98,-3.11,0.21,-4.44
117,-0.07,0.1,0.99,-2.52,-0.24,-3.94
118,-0.08,0.09,0.97,-2.37,-0.49,-2.79
119,-0.08,0.09,0.98,-2.63,-0.48,-2.24
120,-0.07,0.09,0.98,-3.49,-0.02,-1.32
121,-0.06,0.09,0.98,-4.18,1.02,-1.15
122,-0.07,0.09,0.98,-4.33,1.21,-1.38
123,-0.06,0.09,0.97,-3.37,0.43,-2.36
124,-0.07,0.08,0.98,-1.89,-1.9,-3.66
125,-0.07,0.06,0.98,-0.36,-3.33,-3.99
126,-0.08,0.06,0.99,0.5,-3.32,-2.73
127,-0.08,0.07,0.97,0.39,-2.79,-0.98
128,-0.07,0.07,0.97,0.6,-2.84,2.53
129,-0.1,0.06,0.97,-0.15,-2.3,4.37
130,-0.08,0.07,0.97,-0.04,-2.25,5.47
131,-0.08,0.07,0.96,-0.15,-2.31,6.13
132,-0.06,0.08,0.97,-0.15,-1.75,8.37
133,-0.07,0.09,0.97,-0.05,-0.18,8.49
134,-0.08,0.1,0.96,0.37,-1.25,7.36
135,-0.07,0.11,0.96,-0.05,-1.3,6.62
136,-0.06,0.12,0.97,-1.15,-1.56,6.07
137,-0.06,0.13,0.96,-2.57,-0.78,4.54
138,-0.06,0.12,0.96,-3.28,-1.05,3.12
139,-0.06,0.12,0.97,-3.04,-1.76,2.37
140,-0.05,0.12,0.96,-3.31,-3.36,0.82
141,-0.03,0.13,0.97,-3.5,-2.12,0.4
142,-0.04,0.12,0.98,-2.83,-2.46,-0.28
143,-0.02,0.13,0.98,-2.91,-2.08,0.67
144,-0.04,0.11,0.98,-3.57,-0.26,0.4
145,-0.04,0.11,0.99,-3.34,-0.23,0.63
146,-0.06,0.11,1.0,-2.89,0.19,0.14
147,-0.06,0.1,1.0,-2.4,0.93,0.16
148,-0.07,0.09,0.98,-1.6,0.89,0.43
149,-0.06,0.09,1.01,-1.96,0.79,0.23
150,-0.06,0.11,0.97,-3.24,-1.21,-1.98
151,-0.06,0.11,0.97,-3.87,-2.13,-2.29
152,-0.04,0.12,0.98,-4.14,0.31,-0.44
153,-0.04,0.12,0.98,-4.24,0.88,-1.34
154,-0.05,0.11,0.98,-3.53,0.82,-1.73
155,-0.08,0.1,0.99,-3.69,-1.37,-2.77
156,-0.07,0.1,0.97,-3.59,-1.66,-2.11
157,-0.05,0.11,0.98,-4.08,-1.48,-3.06
158,-0.05,0.11,0.97,-4.63,-0.71,-3.62
159,-0.06,0.11,0.98,-4.65,-0.64,-3.2
160,-0.05,0.11,0.97,-4.65,-1.07,-1.42
161,-0.06,0.11,0.98,-5.41,-1.31,-1.82
162,-0.06,0.12,0.97,-5.98,-1.56,-2.13
163,-0.05,0.1,0.98,-5.9,-2.18,-1.55
164,-0.05,0.12,0.99,-6.47,-2.67,-1.79
165,-0.04,0.13,0.99,-6.4,0.5,-1.22
166,-0.05,0.12,0.97,-6.76,1.87,-1.55
167,-0.05,0.12,0.96,-6.84,1.31,-2.59
168,-0.05,0.13,0.97,-6.75,-0.86,-2.67
169,-0.04,0.13,0.96,-6.73,-0.4,-2.69
170,-0.04,0.13,0.96,-6.84,-0.27,-2.19
171,-0.04,0.13,0.96,-7.37,0.02,-2.17
172,-0.07,0.13,0.97,-9.15,-1.89,-3.31
173,-0.07,0.12,0.97,-10.09,-1.61,-3.07
174,-0.08,0.1,0.99,-8.66,-5.23,-1.71
175,-0.07,0.11,1.0,-10.1,-0.85,-1.18
176,-0.09,0.09,1.0,-9.81,-2.86,-2.9
177,-0.08,0.09,1.0,-9.61,-1.18,-3.92
178,-0.07,0.1,1.01,-9.11,1.71,-2.09
179,-0.06,0.1,0.99,-8.58,3.1,-2.38
180,-0.06,0.09,0.97,-7.28,3.27,-0.69
181,-0.08,0.08,0.97,-6.46,0.84,-1.08
182,-0.05,0.06,0.97,-5.43,-1.8,-1.61
183,-0.07,0.07,0.96,-4.32,-3.86,0.11
184,-0.06,0.04,0.98,-3.6,-2.91,-2.63
185,-0.09,0.02,1.01,-3.6,-5.1,-3.89
186,-0.07,0.02,1.02,-1.66,-4.35,-1.73
187,-0.07,0.04,1.01,0.31,0.4,-0.03
188,-0.06,0.05,0.99,0.4,2.56,0.24
189,-0.07,0.06,0.98,-0.54,4.57,0.82
190,-0.07,0.09,0.96,-2.85,4.5,1.02
191,-0.07,0.09,0.94,-4.45,3.65,0.14
192,-0.05,0.11,0.94,-6.53,2.99,-0.69
193,-0.04,0.11,0.94,-8.67,2.69,-1.28
194,-0.05,0.12,0.95,-11.36,2.85,-2.03
195,-0.03,0.13,0.96,-12.01,2.59,-0.92
196,-0.04,0.13,0.98,-10.98,2.52,-1.18
197,-0.04,0.14,0.96,-9.95,2.71,-0.26
198,-0.04,0.14,0.97,-10.43,2.98,-0.5
199,-0.06,0.14,0.96,-12.16,2.47,-1.05
200,-0.08,0.14,0.98,-13.44,0.84,0.02
201,-0.1,0.12,0.99,-13.83,-1.49,0.85
202,-0.11,0.1,1.02,-14.46,-5.18,1.46
203,-0.11,0.1,1.06,-14.27,-7.58,1.85
204,-0.1,0.1,1.07,-13.95,-7.88,4.29
205,-0.09,0.09,1.09,-14.04,-4.26,8.33
206,-0.05,0.09,1.07,-14.26,1.63,10.75
207,-0.01,0.09,1.06,-14.77,8.18,11.85
208,-0.01,0.09,1.04,-15.44,11.48,8.67
209,-0.0,0.08,1.02,-14.88,11.21,5.25
210,-0.02,0.04,1.01,-12.54,5.56,0.73
211,-0.04,0.02,1.03,-8.73,-2.16,-2.41
212,-0.05,0.03,1.02,-7.95,-6.89,-4.34
213,-0.04,0.04,1.02,-10.76,-8.98,-5.23
214,-0.03,0.07,1.0,-15.47,-8.11,-4.68
215,-0.01,0.09,1.0,-19.94,-3.86,-2.73
216,-0.01,0.08,1.01,-22.4,-0.36,-1.63
217,0.03,0.07,1.04,-21.21,8.36,2.6
218,0.03,0.06,1.01,-19.97,10.26,6.2
219,0.08,0.04,1.02,-18.63,22.36,12.96
220,0.1,-0.0,1.0,-16.33,36.01,18.53
221,0.16,-0.06,0.97,-15.22,48.92,22.36
222,0.17,-0.13,0.94,-11.93,57.43,21.82
223,0.17,-0.24,0.9,-3.38,56.51,20.32
224,0.15,-0.49,0.9,12.84,42.76,17.25
225,0.13,-0.92,1.03,46.21,14.43,11.96
226,0.03,-1.5,1.28,105.97,-32.1,22.63
227,-0.12,-2.0,1.72,185.81,-93.25,31.56
228,-0.23,-2.0,2.0,250.13,-156.2,33.78
229,-0.36,-2.0,2.0,250.13,-176.46,13.51
230,-0.19,-2.0,2.0,195.8,-145.92,-2.79
231,0.05,-2.0,2.0,105.15,-78.04,-3.21
232,0.31,-2.0,2.0,75.48,20.85,32.78
233,0.55,-2.0,2.0,81.4,109.95,51.8
234,0.63,-2.0,1.61,71.07,148.1,30.94
235,0.61,-1.45,0.91,74.17,144.48,9.02
236,0.24,-0.77,0.39,90.13,125.26,-22.8
237,-0.12,-0.38,0.05,142.21,134.13,-8.48
238,-0.77,0.17,-0.48,101.17,76.1,30.24
239,-0.79,0.52,-0.45,64.13,34.73,77.47
240,-0.66,0.9,-0.38,76.77,-10.77,92.82
241,-0.52,1.85,-0.37,67.92,-54.11,89.94
242,-0.15,2.0,-0.44,34.58,-58.17,62.95
243,0.42,2.0,-0.42,-37.11,19.15,15.66
244,1.1,2.0,-0.13,-69.08,140.18,-3.31
245,1.45,2.0,0.19,-65.25,232.42,-32.93
246,1.4,2.0,0.16,-0.78,250.13,-65.5
247,1.01,2.0,-0.41,26.69,250.13,-130.34
248,0.26,2.0,-0.93,56.27,234.24,-169.93
249,-0.37,2.0,-1.0,59.59,147.31,-195.49
250,-0.77,1.75,-0.84,50.76,65.54,-189.38
251,-0.9,1.27,-0.5,52.24,-5.46,-158.41
252,-0.96,0.93,-0.0,46.81,-78.18,-144.68
253,-0.87,0.8,0.32,40.28,-116.55,-113.84
254,-0.77,0.51,0.67,30.8,-127.19,-99.91
255,-0.76,0.45,0.81,40.59,-81.01,-53.24
256,-0.87,0.44,0.79,32.5,-62.24,-22.82
257,-0.83,0.37,0.7,12.46,-47.66,5.73
258,-0.94,0.28,0.69,-16.05,-53.77,24.85
259,-0.86,0.17,0.74,-33.91,-64.87,38.07
260,-0.73,0.14,0.84,-42.55,-63.03,58.89
261,-0.56,0.18,0.96,-50.69,-46.63,75.31
262,-0.39,0.23,0.94,-52.07,-19.57,89.67
263,-0.29,0.31,0.86,-56.58,-0.27,96.2
264,-0.29,0.33,0.79,-66.24,2.79,89.31
265,-0.32,0.34,0.83,-75.42,-5.04,81.4
266,-0.32,0.31,0.89,-81.5,-17.4,79.35
267,-0.28,0.32,1.02,-73.82,-22.24,83.43
268,-0.19,0.43,1.0,-65.97,-27.51,80.62
269,-0.08,0.5,0.99,-57.37,-36.92,71.4
270,-0.09,0.53,0.99,-43.49,-57.39,52.07
271,-0.01,0.47,0.99,-22.07,-77.89,35.82
272,-0.06,0.41,1.09,-10.35,-93.73,24.08
273,0.0,0.42,1.06,1.11,-106.5,18.27
274,0.05,0.39,1.05,8.27,-104.6,13.21
275,0.08,0.34,1.07,8.53,-90.3,13.65
276,0.11,0.34,1.11,1.13,-75.12,14.22
277,0.16,0.33,1.1,-13.28,-47.98,11.61
278,0.13,0.29,1.14,-25.44,-23.69,7.56
279,0.14,0.35,1.21,-38.28,-7.21,-4.84
280,0.11,0.4,1.14,-38.0,-3.05,-20.63
281,0.07,0.47,0.96,-47.44,-0.58,-31.02
282,0.06,0.46,0.84,-21.76,-7.34,-34.08
283,0.06,0.45,0.68,-13.66,-15.9,-36.89
284,0.06,0.43,0.68,-14.11,-24.92,-38.9
285,0.02,0.39,0.67,-21.74,-30.04,-37.08
286,0.03,0.31,0.78,-34.47,-26.74,-31.65
287,0.06,0.22,0.85,-49.59,-11.72,-22.89
288,0.01,0.11,0.94,-60.37,-3.6,-23.22
289,-0.03,0.03,1.08,-59.98,-11.85,-30.91
290,-0.01,-0.0,1.13,-53.15,-16.93,-36.82
291,-0.04,0.04,1.12,-42.21,-17.53,-42.24
292,-0.08,0.04,1.09,-29.17,-7.77,-34.6
293,-0.07,-0.02,1.07,-19.15,-2.76,-36.01
294,-0.13,-0.03,1.02,-17.78,0.6,-36.38
295,-0.16,-0.04,0.97,-18.14,-0.34,-33.69
296,-0.15,0.01,0.85,-17.11,-8.13,-30.88
297,-0.08,0.03,0.75,-17.56,-10.37,-25.24
298,-0.08,0.01,0.72,-21.42,-16.18,-22.75
299,-0.09,-0.03,0.8,-27.93,-23.17,-21.18
300,-0.1,-0.14,0.93,-30.98,-22.22,-12.04
301,-0.11,-0.2,1.05,-30.82,-21.88,-6.57
302,-0.13,-0.22,1.15,-31.34,-22.08,-5.02
303,-0.12,-0.2,1.21,-26.38,-27.5,-6.94
304,-0.04,-0.1,1.23,-24.83,-20.44,-10.08
305,0.02,-0.02,1.19,-17.85,-10.39,-12.17
306,0.06,0.05,1.12,-10.6,4.89,-10.65
307,0.08,0.09,1.01,-8.55,21.47,-9.82
308,0.04,0.07,0.92,-10.02,30.94,-8.79
309,-0.02,0.03,0.87,-12.4,29.15,-9.23
310,-0.1,0.0,0.87,-14.92,16.18,-8.88
311,-0.14,-0.0,0.86,-17.18,0.34,-8.72
312,-0.14,0.02,0.87,-19.18,-13.79,-8.89
313,-0.09,0.07,0.9,-20.7,-20.97,-8.95
314,-0.05,0.09,0.95,-20.33,-20.14,-7.08
315,-0.03,0.06,0.99,-18.12,-14.38,-5.63
316,-0.04,0.04,1.02,-16.76,-10.2,-2.86
317,-0.04,0.04,1.03,-16.44,-6.65,-1.53
318,-0.04,0.07,1.01,-17.05,-4.5,-1.44
319,-0.03,0.08,0.99,-15.97,-4.6,-3.16
320,-0.03,0.1,0.98,-15.48,-5.9,-5.54
321,-0.01,0.13,1.0,-13.28,-7.64,-6.73
322,-0.01,0.11,0.99,-11.06,-8.4,-7.68
323,-0.0,0.12,1.0,-9.57,-8.86,-10.42
324,-0.01,0.13,0.99,-3.45,-22.31,-12.92
325,-0.01,0.15,0.98,-7.34,-7.41,-14.46
326,-0.04,0.11,0.96,-6.66,-2.47,-12.49
327,-0.05,0.09,0.96,-7.57,0.14,-10.95
328,-0.06,0.06,0.97,-9.37,0.2,-9.07
329,-0.08,0.04,0.99,-9.38,-3.23,-7.53
330,-0.06,0.04,1.0,-9.93,-7.01,-7.37
331,-0.04,0.05,1.02,-10.56,-9.33,-8.02
332,-0.02,0.06,1.03,-11.23,-10.05,-8.83
333,-0.0,0.08,1.02,-10.23,-11.34,-8.76
334,0.0,0.1,1.02,-8.98,-13.44,-9.4
335,-0.01,0.11,1.02,-8.02,-17.44,-13.19
336,-0.01,0.12,1.0,-7.98,-19.81,-15.42
337,-0.11,0.07,0.96,-4.63,-31.26,-17.95
338,-0.02,0.07,1.04,-3.2,-17.86,-12.42
339,-0.03,0.07,1.07,-3.09,-15.47,-13.27
340,-0.0,0.07,1.04,-2.03,-6.12,-8.82
341,-0.01,0.05,1.03,-1.27,-0.33,-6.38
342,-0.02,0.04,1.02,-2.25,0.73,-5.35
343,-0.03,0.04,1.0,-2.03,-2.57,-6.62
344,0.01,0.05,0.98,-2.12,2.34,-5.26
345,0.01,0.04,0.97,-2.9,3.44,-5.78
346,0.02,0.05,0.99,-5.29,7.44,-3.34
347,-0.01,0.02,0.97,-6.19,3.81,-3.49
348,0.01,0.04,1.0,-9.7,13.15,-2.98
349,-0.01,0.04,0.99,-10.01,14.44,-3.05
350,-0.01,0.03,0.98,-8.36,16.56,-1.27
351,-0.03,0.03,0.97,-7.51,15.75,-1.42
352,-0.03,0.04,0.97,-8.85,13.59,-1.77
353,-0.03,0.05,0.95,-11.4,15.42,-0.88
354,-0.07,0.06,0.93,-12.98,8.29,-1.82
355,-0.03,0.08,0.94,-18.29,21.41,-0.08
356,-0.04,0.08,0.96,-20.87,26.19,2.03
357,-0.07,0.07,0.96,-22.21,29.05,4.36
358,-0.05,0.07,0.99,-21.56,31.58,6.64
359,-0.1,0.06,0.97,-19.84,27.29,5.22
360,-0.08,0.04,0.99,-14.88,23.05,5.11
361,-0.08,0.04,0.99,-11.04,18.5,2.97
362,-0.09,0.04,1.0,-8.5,12.29,0.76
363,-0.1,0.05,1.03,-4.95,6.02,-1.05
364,-0.1,0.04,1.05,-1.01,-0.38,-3.32
365,-0.08,0.05,1.05,1.05,-2.56,-3.65
366,-0.07,0.05,1.07,1.23,-0.31,-4.21
367,-0.06,0.05,1.08,1.09,3.02,-3.85
368,-0.06,0.06,1.07,0.96,5.62,-3.74
369,-0.07,0.06,1.06,1.74,7.76,-2.92
370,-0.07,0.05,1.05,3.32,8.13,-2.94
371,-0.08,0.06,1.05,3.83,7.71,-4.49
372,-0.07,0.07,1.04,5.34,7.69,-4.72
373,-0.07,0.07,0.99,7.17,6.73,-5.19
374,-0.06,0.09,0.95,7.48,5.15,-5.89
375,-0.08,0.08,0.94,6.28,4.69,-6.66
376,-0.07,0.08,0.93,5.47,3.42,-5.59
377,-0.08,0.08,0.89,3.76,4.68,-4.26
378,-0.08,0.09,0.88,-0.69,5.12,-4.78
379,-0.06,0.09,0.89,-3.9,6.53,-2.18
380,-0.09,0.1,0.88,-5.53,1.19,-3.95
381,-0.09,0.1,0.87,-5.97,-0.63,-3.33
382,-0.11,0.1,0.9,-5.48,-2.21,-1.6
383,-0.1,0.08,0.94,-4.41,-4.24,-5.37
384,-0.09,0.07,0.94,-2.22,-4.15,-6.3
385,-0.12,0.08,0.94,-0.14,-4.55,-6.76
386,-0.12,0.09,0.92,0.56,-6.25,-7.05
387,-0.11,0.11,0.91,-0.85,-7.04,-6.73
388,-0.1,0.12,0.9,-3.6,-6.92,-5.27
389,-0.1,0.12,0.92,-7.19,-5.69,-3.09
390,-0.09,0.12,0.94,-9.91,-4.04,-1.53
391,-0.09,0.12,0.94,-11.33,-3.75,-2.05
392,-0.1,0.11,0.96,-12.15,-4.93,-2.42
393,-0.09,0.12,0.95,-11.5,-6.07,0.28
394,-0.08,0.11,0.95,-11.01,-7.02,-1.11
395,-0.08,0.09,0.97,-10.72,-9.25,-1.79
396,-0.07,0.09,0.99,-10.86,-10.53,-3.86
397,-0.08,0.08,1.01,-10.79,-9.54,-4.49
398,-0.08,0.06,1.04,-10.6,-7.73,-4.57
399,-0.07,0.06,1.05,-8.66,-6.69,-4.12
400,-0.06,0.05,1.06,-7.66,-2.42,-5.35
