,accel_x,accel_y,accel_z,gyro_x,gyro_y,gyro_z
0,0.0,0.08,0.99,0.84,-8.73,-5.89
1,-0.0,0.09,0.98,0.92,-5.38,-5.31
2,-0.01,0.09,0.98,0.66,-5.93,-4.65
3,-0.01,0.09,0.97,0.16,-7.21,-5.08
4,-0.02,0.09,0.98,-0.11,-7.85,-4.97
5,-0.01,0.09,0.99,0.29,-9.07,-4.66
6,-0.02,0.1,0.99,-0.1,-12.31,-4.31
7,-0.01,0.09,0.98,0.65,-12.92,-3.53
8,-0.03,0.09,1.0,0.75,-14.43,-3.46
9,-0.01,0.09,0.99,0.95,-16.02,-3.2
10,-0.02,0.07,1.02,2.67,-22.11,-0.48
11,0.01,0.09,0.93,1.51,-14.15,-4.06
12,-0.02,0.1,0.98,-0.28,-3.97,-2.28
13,-0.01,0.09,0.99,-0.37,-11.4,-3.8
14,0.0,0.1,0.97,-1.02,-9.6,-3.42
15,0.02,0.09,0.99,-0.53,-9.65,-3.42
16,0.01,0.09,1.01,0.19,-14.0,-4.12
17,0.01,0.09,1.01,1.37,-18.18,-4.46
18,0.01,0.08,1.02,2.83,-22.26,-4.11
19,0.04,0.09,0.98,3.37,-17.79,-4.69
20,0.02,0.1,0.98,2.34,-13.73,-4.25
21,0.02,0.11,0.97,1.4,-13.47,-4.11
22,0.03,0.11,0.97,1.06,-12.61,-2.11
23,0.01,0.11,0.99,0.63,-18.05,-2.14
24,0.05,0.11,0.96,0.04,-19.13,-3.58
25,0.07,0.1,0.98,-0.55,-14.85,-5.19
26,0.06,0.09,0.99,0.14,-17.05,-5.85
27,0.05,0.1,0.98,0.05,-17.06,-6.66
28,0.05,0.1,0.98,0.34,-16.25,-5.47
29,0.06,0.11,0.97,-0.21,-11.15,-5.84
30,0.04,0.1,0.99,-0.34,-10.67,-5.43
31,0.05,0.11,0.95,-1.17,-10.56,-5.28
32,0.04,0.12,0.97,-0.92,-8.68,-4.09
33,0.03,0.12,0.96,-1.92,-10.38,-4.81
34,0.04,0.11,0.96,-2.76,-10.32,-4.17
35,0.04,0.11,0.96,-3.09,-8.86,-3.13
36,0.03,0.12,0.98,-3.41,-9.89,-0.89
37,0.05,0.12,0.94,-4.16,-7.31,-2.33
38,0.04,0.12,0.94,-5.71,-2.98,-1.89
39,0.02,0.12,0.96,-5.97,-8.08,-2.41
40,0.03,0.12,0.95,-7.41,-9.71,-3.53
41,0.03,0.12,0.96,-8.42,-9.0,-3.27
42,0.04,0.14,0.96,-9.49,-8.4,-3.02
43,0.02,0.16,0.96,-10.06,-7.82,-0.5
44,0.01,0.18,0.97,-12.04,-4.93,1.59
45,-0.01,0.18,0.96,-14.46,-5.35,4.18
46,0.0,0.18,0.98,-17.37,-4.73,6.76
47,-0.0,0.16,1.0,-21.6,-7.56,8.85
48,0.04,0.14,1.03,-23.89,-9.57,9.82
49,0.14,0.12,1.08,-26.63,-11.05,9.6
50,0.23,0.09,1.15,-24.56,-4.02,8.47
51,0.28,0.08,1.19,-17.48,3.25,6.78
52,0.27,0.09,1.19,-9.4,7.96,3.9
53,0.26,0.12,1.15,-2.42,7.21,0.04
54,0.26,0.15,1.08,1.29,5.36,-4.92
55,0.25,0.19,1.01,-0.06,4.88,-9.29
56,0.24,0.2,0.98,-2.31,7.65,-13.65
57,0.19,0.2,0.97,-4.23,12.94,-16.32
58,0.1,0.18,0.97,-6.11,17.32,-17.02
59,0.01,0.15,0.95,-7.26,16.87,-17.32
60,-0.07,0.12,0.92,-9.36,12.47,-17.89
61,-0.12,0.06,0.94,-10.47,8.89,-15.98
62,-0.15,0.01,0.96,-8.78,3.96,-12.5
63,-0.15,-0.03,0.96,-7.18,0.32,-10.47
64,-0.15,-0.05,0.97,-5.79,-1.15,-6.37
65,-0.13,-0.05,0.96,-3.56,-5.03,-5.46
66,-0.15,-0.02,0.94,-2.42,-10.69,-3.38
67,-0.13,0.01,0.91,-2.53,-12.44,0.62
68,-0.09,0.03,0.88,-5.61,-12.92,3.57
69,-0.05,0.05,0.88,-7.34,-9.22,7.02
70,0.01,0.05,0.9,-9.66,-10.51,10.78
71,0.09,0.05,0.91,-9.84,-7.06,11.44
72,0.14,0.07,0.91,-10.64,-4.7,10.95
73,0.18,0.09,0.93,-10.58,-5.92,7.97
74,0.22,0.09,0.96,-8.92,-5.63,4.03
75,0.22,0.1,0.96,-7.29,-3.47,0.79
76,0.23,0.11,0.95,-6.75,-0.5,-2.66
77,0.21,0.11,0.95,-6.66,0.08,-6.2
78,0.18,0.11,0.95,-6.85,-1.17,-8.79
79,0.16,0.1,0.92,-9.16,1.04,-11.4
80,0.11,0.06,0.95,-12.14,0.26,-12.89
81,0.07,0.03,0.98,-11.76,0.53,-12.21
82,0.05,0.01,0.99,-11.01,3.87,-10.49
83,0.06,-0.01,0.98,-11.18,5.74,-10.16
84,0.04,-0.03,0.98,-10.83,6.08,-9.6
85,0.02,-0.03,0.99,-10.68,4.89,-9.67
86,0.01,-0.03,0.98,-11.31,4.27,-8.9
87,-0.01,-0.06,1.0,-10.15,5.77,-5.75
88,-0.02,-0.05,1.0,-8.46,5.86,-2.63
89,-0.01,-0.04,0.99,-8.23,7.19,-0.42
90,0.01,-0.04,0.97,-8.93,7.11,1.0
91,0.04,-0.05,0.95,-11.72,4.88,0.46
92,0.06,-0.08,0.98,-14.02,4.27,0.6
93,0.07,-0.12,1.02,-13.08,6.31,2.56
94,0.09,-0.14,1.04,-11.95,8.35,3.25
95,0.09,-0.16,1.05,-10.41,8.44,2.06
96,0.09,-0.17,1.04,-10.53,8.75,1.87
97,0.1,-0.19,1.04,-11.56,11.15,1.97
98,0.08,-0.21,1.05,-13.21,10.38,2.16
99,0.12,-0.25,1.04,-16.79,8.14,-1.27
100,0.16,-0.31,1.03,-21.08,6.74,-7.83
101,0.16,-0.4,1.06,-28.17,2.82,-16.24
102,0.21,-0.51,1.12,-34.24,0.32,-27.71
103,0.16,-0.61,1.2,-36.66,-5.45,-41.22
104,0.03,-0.71,1.3,-32.55,-6.09,-44.4
105,-0.0,-0.77,1.41,-25.59,-2.4,-39.35
106,-0.01,-0.79,1.41,-10.31,-1.24,-29.89
107,-0.04,-0.74,1.38,8.42,11.1,-13.37
108,-0.09,-0.66,1.32,25.08,21.23,3.81
109,-0.08,-0.57,1.16,35.1,24.38,17.63
110,-0.1,-0.48,0.97,29.82,4.39,17.83
111,-0.05,-0.42,0.99,28.67,5.56,27.05
112,0.03,-0.39,0.94,26.09,5.15,29.06
113,0.05,-0.36,0.91,22.51,-3.58,25.57
114,0.1,-0.33,0.94,17.73,-12.71,21.56
115,0.14,-0.29,0.93,15.37,-14.52,18.83
116,0.11,-0.25,0.92,6.47,-29.67,9.34
117,0.05,-0.25,1.0,5.81,-41.56,5.26
118,0.08,-0.28,1.03,5.04,-40.04,7.17
119,0.06,-0.29,1.06,4.76,-40.81,4.49
120,0.02,-0.29,1.13,11.31,-29.69,8.83
121,-0.0,-0.27,1.09,19.28,-14.51,15.97
122,-0.05,-0.18,1.06,21.36,-7.33,15.74
123,-0.09,-0.07,1.05,25.03,-10.38,17.15
124,-0.08,0.06,1.03,27.11,-19.4,19.89
125,-0.06,0.1,1.04,28.19,-22.25,18.24
126,-0.06,0.17,1.05,29.41,-28.81,16.81
127,0.03,0.19,1.05,36.74,-19.44,19.95
128,0.03,0.25,0.99,41.3,-10.06,23.89
129,0.05,0.33,0.9,43.2,3.85,28.85
130,0.09,0.43,0.83,45.07,19.44,29.16
131,0.05,0.54,0.75,45.86,25.72,36.51
132,0.05,0.68,0.65,38.39,16.6,31.44
133,0.14,0.75,0.65,32.18,12.51,29.66
134,0.22,0.8,0.63,26.32,18.72,30.58
135,0.3,0.86,0.57,20.63,29.6,31.32
136,0.4,0.9,0.53,16.7,55.22,41.78
137,0.42,1.02,0.46,14.8,70.46,42.47
138,0.48,1.11,0.34,2.88,49.98,31.25
139,0.6,1.17,0.29,-15.66,24.05,5.63
140,0.61,1.12,0.34,-33.29,4.21,-20.28
141,0.51,1.02,0.48,-54.95,-17.82,-39.48
142,0.39,0.82,0.65,-71.35,-15.4,-48.53
143,0.29,0.64,0.85,-68.5,-12.6,-51.21
144,0.09,0.5,1.06,-60.76,-5.14,-49.19
145,-0.03,0.38,1.1,-48.58,-15.0,-49.75
146,-0.15,0.32,1.07,-49.08,-18.89,-50.6
147,-0.25,0.21,1.16,-33.23,-27.56,-49.53
148,-0.33,0.17,1.17,-28.14,-23.63,-37.56
149,-0.38,0.1,1.17,-21.79,-19.67,-31.36
150,-0.42,0.08,1.18,-14.5,-15.92,-19.15
151,-0.31,0.05,1.2,-6.17,-7.9,-5.73
152,-0.27,0.07,1.21,5.41,2.3,5.89
153,-0.2,0.1,1.17,15.56,10.53,16.22
154,-0.12,0.15,1.09,24.89,9.02,20.21
155,-0.04,0.19,1.04,30.98,0.11,17.22
156,0.01,0.24,1.0,35.47,-8.57,14.44
157,0.09,0.27,0.92,36.9,-11.76,10.78
158,0.1,0.3,0.89,34.01,-13.47,7.89
159,0.11,0.31,0.86,29.2,-11.54,7.14
160,0.13,0.29,0.83,22.25,-8.5,7.37
161,0.11,0.26,0.87,16.34,-4.79,8.01
162,0.06,0.24,0.92,13.48,-3.53,9.89
163,0.06,0.21,0.97,13.59,-0.51,12.75
164,0.1,0.21,0.97,16.91,2.16,13.15
165,0.09,0.23,0.96,20.8,-3.03,10.84
166,0.09,0.25,0.94,23.24,-10.22,8.0
167,0.16,0.25,0.91,23.05,-12.36,5.46
168,0.15,0.25,0.89,20.2,-15.48,1.06
169,0.12,0.25,0.91,15.05,-18.37,-0.6
170,0.13,0.23,0.92,9.86,-17.44,-1.48
171,0.13,0.19,0.95,5.11,-15.41,-1.87
172,0.11,0.19,0.98,2.14,-11.66,-1.59
173,0.06,0.16,1.04,5.5,-7.79,2.42
174,0.09,0.15,1.01,9.6,-6.17,5.02
175,0.12,0.16,0.99,11.6,-3.52,4.02
176,0.07,0.18,0.95,10.08,-7.92,0.4
177,0.08,0.17,0.96,9.17,-7.04,2.16
178,0.12,0.16,0.95,7.53,-6.71,-1.43
179,0.08,0.16,0.98,7.73,-9.93,-1.73
180,0.09,0.16,0.99,8.11,-9.66,-1.61
181,0.12,0.16,0.95,7.37,-10.81,-6.4
182,0.08,0.15,0.98,4.9,-13.4,-7.17
183,0.07,0.13,1.02,4.2,-8.9,-5.01
184,0.08,0.11,1.03,5.35,-3.8,-1.63
185,0.07,0.1,1.06,6.28,1.05,2.08
186,0.08,0.09,1.06,8.83,4.27,3.24
187,0.06,0.1,1.06,14.38,3.55,4.44
188,0.09,0.11,1.0,17.61,2.11,3.93
189,0.09,0.15,0.95,17.99,-0.6,1.46
190,0.09,0.19,0.92,16.5,-7.97,-0.28
191,0.13,0.19,0.88,12.18,-10.46,-2.39
192,0.14,0.2,0.89,6.95,-7.98,-3.11
193,0.14,0.18,0.91,1.25,-4.95,-4.64
194,0.13,0.16,0.94,-2.65,-1.37,-5.7
195,0.1,0.14,0.97,-2.87,2.34,-3.92
196,0.08,0.15,0.97,-4.59,0.11,-4.34
197,0.09,0.14,0.97,-3.68,-2.02,-7.63
198,0.15,0.12,0.97,-1.34,-0.37,-6.24
199,0.09,0.13,1.0,-1.94,-2.03,-6.02
200,0.11,0.13,1.02,-0.22,1.16,-4.85
201,0.13,0.14,1.02,1.34,2.21,-5.12
202,0.12,0.14,1.01,2.36,4.05,-3.27
203,0.11,0.15,1.0,2.91,10.48,0.66
204,0.11,0.18,0.98,2.78,9.43,-0.47
205,0.12,0.18,0.97,0.31,6.45,-4.95
206,0.15,0.19,0.95,-2.53,5.15,-10.14
207,0.13,0.17,1.0,-3.68,1.07,-13.29
208,0.11,0.16,1.01,-2.85,2.96,-12.84
209,0.14,0.16,1.0,-1.41,7.24,-11.99
210,0.13,0.17,1.01,0.15,9.06,-13.34
211,0.09,0.19,0.98,0.7,6.46,-13.24
212,0.09,0.2,0.95,-1.11,10.08,-12.51
213,0.05,0.2,0.97,-3.02,12.34,-9.4
214,0.06,0.18,0.97,-2.53,16.99,-5.72
215,0.05,0.19,0.95,-3.47,18.6,-5.63
216,0.05,0.19,0.95,-4.23,16.16,-6.75
217,0.06,0.18,0.98,-4.02,11.6,-7.24
218,0.06,0.19,1.02,-2.77,7.14,-10.18
219,0.09,0.16,1.0,-1.29,1.4,-12.21
220,0.07,0.18,0.99,-1.73,7.85,-9.37
221,0.03,0.19,1.01,-1.58,15.5,-3.33
222,0.03,0.2,0.99,-2.7,14.56,-2.56
223,0.04,0.2,0.99,-4.33,12.28,-4.5
224,0.04,0.19,1.01,-5.93,8.6,-5.94
225,0.05,0.18,1.02,-5.02,6.74,-6.47
226,0.08,0.19,1.01,-3.66,4.19,-8.09
227,0.1,0.21,0.98,-2.99,1.2,-10.76
228,0.07,0.22,0.99,-2.71,-2.08,-12.27
229,0.08,0.22,0.97,-2.89,0.69,-10.63
230,0.1,0.21,0.94,-6.05,6.81,-8.7
231,0.09,0.22,0.91,-9.59,14.95,-5.85
232,0.06,0.21,0.92,-12.56,14.23,-5.53
233,0.06,0.19,0.94,-14.1,9.34,-8.44
234,0.03,0.19,0.96,-17.67,4.59,-16.26
235,0.04,0.13,1.0,-11.94,1.66,-9.43
236,0.06,0.14,0.95,-12.98,2.71,-9.91
237,0.01,0.13,0.97,-12.18,4.28,-9.01
238,-0.0,0.11,0.99,-10.56,6.5,-5.93
239,0.02,0.1,0.99,-7.82,8.62,-3.95
240,-0.03,0.1,1.0,-6.06,3.02,-2.87
241,-0.01,0.11,0.99,-4.6,0.1,-2.63
242,0.04,0.13,0.97,-5.29,0.02,-3.99
243,0.01,0.13,0.98,-4.89,-0.51,-3.43
244,0.02,0.13,0.96,-4.0,-0.98,-0.31
245,0.07,0.14,0.95,-4.86,0.4,0.95
246,0.09,0.15,0.96,-6.03,-4.66,-0.47
247,0.12,0.13,0.96,-3.47,-5.15,-4.74
248,0.11,0.13,0.98,-2.22,-2.32,-6.22
249,0.13,0.12,0.99,1.73,1.83,-6.53
250,0.14,0.14,0.97,3.91,5.91,-6.83
251,0.13,0.16,0.95,2.25,8.98,-8.26
252,0.12,0.18,0.92,-0.06,12.27,-8.58
253,0.11,0.19,0.92,-4.62,11.67,-12.53
254,0.12,0.17,0.92,-6.24,11.88,-11.76
255,0.07,0.18,0.94,-8.47,12.76,-10.95
256,0.08,0.16,0.9,-11.14,16.53,-13.47
257,0.02,0.15,0.95,-12.89,15.7,-13.92
258,-0.02,0.14,0.92,-14.04,19.47,-12.54
259,-0.04,0.11,0.91,-13.86,10.96,-11.99
260,-0.09,0.09,0.94,-13.21,6.53,-9.98
261,-0.13,0.1,0.93,-13.68,2.38,-5.18
262,-0.12,0.1,0.94,-14.31,-0.83,-1.71
263,-0.1,0.12,0.94,-16.21,-5.41,-0.6
264,-0.02,0.09,0.93,-14.85,-11.51,-2.25
265,-0.01,0.09,0.91,-18.7,-15.69,-5.97
266,-0.02,0.05,1.02,-15.96,2.32,-6.89
267,-0.02,0.04,1.01,-18.34,-5.06,-9.73
268,-0.0,0.04,1.01,-17.55,-0.74,-7.9
269,-0.04,0.05,1.01,-15.37,-2.49,-7.98
270,-0.07,0.04,1.02,-12.59,-7.37,-5.15
271,-0.03,0.06,0.99,-10.83,-7.66,-2.73
272,0.02,0.08,0.95,-12.22,-9.06,-3.76
273,0.05,0.09,0.96,-12.85,-15.3,-7.14
274,0.09,0.07,0.96,-12.15,-9.75,-5.05
275,0.1,0.06,0.96,-10.86,-4.97,-4.6
276,0.09,0.05,0.97,-11.92,2.31,-4.06
277,0.07,0.05,0.98,-11.3,3.15,-4.33
278,0.04,0.06,0.98,-10.71,1.65,-5.85
279,0.02,0.05,0.98,-11.54,-1.37,-6.69
280,-0.01,0.03,1.02,-9.9,-1.98,-5.4
281,-0.01,0.03,1.05,-5.47,-4.26,-3.13
282,-0.01,0.06,1.01,-2.38,-5.84,-0.5
283,-0.0,0.1,0.96,-3.49,-6.06,2.56
284,0.04,0.12,0.94,-7.82,-5.23,4.16
285,0.07,0.11,0.94,-11.46,-1.24,4.77
286,0.1,0.09,0.97,-14.42,2.21,5.28
287,0.1,0.04,1.01,-13.99,3.99,0.51
288,0.1,0.04,1.0,-12.92,9.21,-2.86
289,0.07,0.02,1.04,-10.12,9.15,-6.76
290,0.02,0.03,1.04,-5.16,6.85,-7.24
291,-0.01,0.05,1.01,-1.98,6.32,-6.2
292,-0.0,0.08,0.95,-2.72,5.29,-4.92
293,0.0,0.08,0.93,-5.82,4.02,-5.7
294,-0.0,0.07,0.96,-8.23,3.37,-6.56
295,-0.03,0.06,0.98,-8.63,4.03,-4.18
296,-0.06,0.06,0.99,-8.04,4.21,-1.21
297,-0.06,0.06,1.0,-6.4,4.3,2.12
298,-0.05,0.07,0.99,-3.99,5.76,5.59
299,-0.01,0.1,0.97,-3.11,5.42,5.82
300,0.04,0.1,0.95,-5.29,5.16,4.6
301,0.03,0.13,0.94,-6.48,7.67,5.41
302,0.05,0.14,0.92,-8.84,9.38,4.21
303,0.07,0.13,0.93,-10.26,9.81,2.04
304,0.1,0.12,0.95,-12.08,6.33,-4.56
305,0.09,0.1,0.99,-11.02,4.67,-10.59
306,0.01,0.09,1.02,-8.65,2.06,-11.92
307,-0.02,0.12,1.02,-6.45,4.34,-10.25
308,-0.05,0.14,1.0,-5.31,6.19,-7.86
309,-0.1,0.18,0.99,-5.97,4.1,-4.45
310,-0.12,0.17,1.01,-5.45,3.98,-0.38
311,-0.12,0.16,1.05,-5.87,4.32,3.16
312,-0.07,0.11,1.05,-4.82,0.09,6.68
313,-0.07,0.11,1.07,-5.0,-0.25,9.31
314,-0.06,0.09,1.1,-1.35,-4.31,13.4
315,-0.0,0.08,1.09,1.84,-7.38,13.56
316,0.09,0.08,1.07,4.2,-6.51,9.86
317,0.11,0.08,1.03,5.55,2.33,5.68
318,0.08,0.08,0.99,3.63,8.07,2.89
319,0.08,0.06,0.98,1.52,11.11,0.62
320,0.05,0.03,1.0,-0.63,13.66,-2.26
321,0.06,0.0,1.03,0.84,15.03,-4.53
322,0.03,0.01,1.01,1.42,15.61,-6.15
323,0.0,0.01,1.01,2.03,13.85,-8.06
324,-0.01,0.02,1.02,2.44,11.59,-11.35
325,-0.05,0.03,1.02,5.37,7.49,-12.02
326,-0.06,0.04,1.0,5.46,8.73,-9.19
327,-0.1,0.07,0.96,4.3,6.85,-8.09
328,-0.11,0.08,0.95,2.67,4.18,-5.06
329,-0.11,0.09,0.95,-0.73,0.26,-4.31
330,-0.08,0.1,0.97,-3.48,-2.49,-4.35
331,-0.07,0.11,0.99,-4.48,-6.91,-5.33
332,-0.1,0.11,1.01,-4.34,-10.77,-8.36
333,-0.03,0.09,0.97,-4.09,-6.74,-3.69
334,-0.06,0.1,1.0,-4.86,-8.47,-3.53
335,-0.03,0.12,0.99,-4.26,-6.71,-1.67
336,-0.0,0.11,1.01,-3.48,-5.63,-0.98
337,0.03,0.1,1.01,-2.08,-2.07,-2.0
338,0.06,0.1,1.01,-0.5,2.39,-4.25
339,0.11,0.11,0.99,0.65,8.46,-2.81
340,0.05,0.12,0.98,0.83,5.82,-5.03
341,0.04,0.12,0.95,-0.04,5.49,-6.44
342,0.02,0.12,0.96,-0.98,7.56,-7.08
343,0.01,0.13,0.95,-2.18,5.66,-8.01
344,-0.02,0.12,0.95,-2.44,5.41,-7.42
345,-0.08,0.13,0.93,-3.94,1.22,-8.87
346,-0.11,0.11,0.93,-6.15,-2.61,-7.45
347,-0.11,0.12,0.92,-8.56,-2.37,-8.53
348,-0.12,0.11,0.93,-9.27,-3.31,-3.51
349,-0.11,0.14,0.92,-11.24,-0.85,3.42
350,-0.08,0.14,0.95,-14.7,0.33,8.47
351,-0.03,0.14,0.96,-17.77,5.15,7.92
352,-0.01,0.12,1.03,-15.79,10.05,8.07
353,0.02,0.09,1.02,-11.59,10.78,5.79
354,0.0,0.09,1.05,-8.79,9.97,5.63
355,-0.02,0.08,1.02,-6.1,8.08,0.69
356,-0.0,0.06,1.02,-2.53,8.25,-5.0
357,0.02,0.04,1.04,0.37,4.09,-9.05
358,0.02,0.03,1.03,2.91,10.21,-10.62
359,0.0,0.03,1.0,3.14,19.03,-8.82
360,-0.04,0.05,0.99,-0.36,21.77,-6.96
361,-0.09,0.06,0.98,-2.89,23.79,-4.32
362,-0.11,0.07,0.97,-5.09,23.83,-4.63
363,-0.15,0.06,0.99,-5.07,18.8,-2.36
364,-0.14,0.06,1.02,-4.24,14.95,-1.31
365,-0.14,0.07,1.02,-2.24,8.42,-2.05
366,-0.08,0.04,1.04,1.74,3.63,-0.92
367,-0.07,0.05,1.04,2.42,-2.21,-3.49
368,-0.06,0.07,1.05,6.06,-3.54,-1.27
369,-0.02,0.08,1.01,8.15,-3.71,-1.27
370,-0.04,0.1,0.99,8.47,-6.44,-3.24
371,-0.06,0.11,0.96,7.56,-11.66,-5.14
372,-0.06,0.11,0.97,7.14,-16.56,-6.12
373,-0.06,0.12,0.94,5.57,-20.01,-7.11
374,-0.04,0.12,0.95,3.65,-16.65,-7.21
375,-0.04,0.12,0.94,2.37,-11.85,-5.5
376,-0.06,0.11,0.95,0.29,-4.95,-2.37
377,-0.04,0.1,0.95,-1.51,2.5,0.05
378,-0.06,0.11,0.96,-2.79,6.53,1.34
379,-0.08,0.1,0.98,-2.59,5.14,1.26
380,-0.08,0.09,0.98,-1.95,1.48,-0.48
381,-0.09,0.09,0.98,-0.79,-2.14,-0.86
382,-0.1,0.11,0.99,0.56,-5.56,-0.83
383,-0.09,0.11,0.96,0.54,-6.03,-1.15
384,-0.08,0.13,0.95,-0.68,-4.44,-0.7
385,-0.06,0.14,0.95,-1.72,-3.01,1.02
386,-0.04,0.14,0.92,-3.26,-1.19,1.47
387,-0.02,0.14,0.92,-5.5,1.21,1.04
388,-0.03,0.13,0.94,-6.76,2.79,1.09
389,-0.04,0.13,0.95,-7.18,3.36,1.27
390,-0.04,0.12,0.94,-7.97,3.1,2.95
391,-0.02,0.11,0.95,-9.55,4.59,2.79
392,-0.02,0.1,0.98,-9.79,6.44,2.28
393,-0.03,0.09,1.01,-8.28,8.56,4.47
394,-0.04,0.08,1.02,-6.86,9.77,5.06
395,-0.04,0.09,1.01,-5.45,10.35,4.09
396,-0.06,0.09,1.0,-4.37,9.03,3.24
397,-0.08,0.1,1.0,-4.02,4.6,0.48
398,-0.09,0.1,0.99,-3.08,-1.16,-1.27
399,-0.09,0.09,0.99,-3.26,-7.3,-3.15
