,accel_x,accel_y,accel_z,gyro_x,gyro_y,gyro_z
0,0.07,0.13,0.98,-1.79,-1.34,-1.27
1,0.09,0.13,0.96,-2.24,0.68,-1.5
2,0.07,0.14,1.0,-2.37,4.31,-1.07
3,0.07,0.14,0.98,-2.86,2.85,-3.26
4,0.07,0.14,0.99,-3.37,1.38,-4.4
5,0.06,0.14,0.99,-3.53,-0.47,-5.4
6,0.08,0.12,1.0,-2.82,-2.43,-5.24
7,0.1,0.11,1.0,-1.33,2.8,-5.53
8,0.07,0.11,1.0,-0.53,5.53,-6.4
9,0.05,0.12,0.99,-0.31,5.63,-6.86
10,0.05,0.11,0.98,0.81,2.39,-5.56
11,0.03,0.13,0.97,0.14,1.96,-6.62
12,0.01,0.13,0.96,-1.02,0.67,-6.79
13,0.0,0.13,0.97,-2.24,-0.27,-6.92
14,-0.02,0.14,0.96,-3.0,0.11,-6.89
15,-0.02,0.13,0.99,-2.54,-0.12,-4.6
16,0.01,0.13,0.98,-3.27,0.09,-5.61
17,0.01,0.13,0.99,-2.39,0.79,-5.52
18,0.0,0.13,0.99,-1.32,-0.71,-4.35
19,0.02,0.13,0.98,-1.3,-0.31,-4.0
20,0.03,0.14,0.98,-0.76,-0.6,-2.61
21,0.02,0.14,0.98,-0.31,-1.48,-3.04
22,0.01,0.14,0.98,-0.64,-2.47,-2.22
23,0.03,0.14,0.97,-0.76,-1.85,-1.6
24,0.04,0.14,0.97,-1.7,-0.68,-2.1
25,0.03,0.14,0.95,-2.22,-0.95,-2.89
26,0.03,0.14,0.97,-2.39,-0.73,-2.63
27,0.04,0.13,0.97,-2.19,-1.15,-0.89
28,0.05,0.14,0.96,-2.11,1.24,-1.62
29,0.02,0.15,0.96,-2.72,2.47,-1.25
30,0.01,0.15,0.95,-4.32,0.29,-1.88
31,0.04,0.14,0.96,-4.75,0.28,-1.84
32,0.04,0.13,0.97,-4.11,-0.86,-3.37
33,0.03,0.13,0.97,-4.17,0.56,-4.3
34,0.01,0.14,0.96,-4.34,0.65,-4.06
35,0.01,0.14,0.97,-4.82,-2.47,-3.8
36,0.0,0.14,0.95,-5.79,-2.3,-3.95
37,0.01,0.14,0.96,-7.23,0.21,-3.64
38,0.04,0.13,0.97,-7.82,-0.52,-3.52
39,0.05,0.12,0.97,-8.02,1.66,-4.0
40,0.05,0.12,0.98,-7.56,1.21,-4.53
41,0.07,0.11,1.0,-6.17,-0.94,-3.37
42,0.04,0.12,1.0,-5.37,-2.04,-3.6
43,0.04,0.12,1.01,-4.8,0.07,-3.61
44,0.04,0.13,1.0,-5.07,0.89,-3.7
45,0.02,0.13,1.0,-4.42,-1.56,-2.02
46,0.03,0.13,1.0,-4.36,-1.81,-2.0
47,0.04,0.12,1.02,-3.56,-0.66,-2.15
48,0.04,0.11,1.01,-2.79,0.45,-2.21
49,0.04,0.11,1.01,-2.15,-1.82,-2.63
50,0.02,0.12,1.0,-1.53,-0.37,-3.15
51,0.02,0.12,1.0,-1.27,1.72,-2.98
52,0.03,0.12,0.98,-2.04,0.85,-4.05
53,0.05,0.11,0.98,-1.51,-0.39,-4.03
54,0.01,0.12,1.0,-0.53,1.33,-4.02
55,0.01,0.12,0.99,-0.37,2.0,-3.34
56,0.01,0.13,0.99,-0.44,-0.05,-2.57
57,0.03,0.13,0.97,-0.42,-2.5,-2.34
58,0.02,0.13,0.97,-1.29,-0.67,-2.85
59,0.04,0.13,0.97,-2.02,1.12,-2.85
60,0.04,0.13,0.97,-1.87,0.43,-2.23
61,0.05,0.14,0.97,-1.76,-0.51,-2.42
62,0.03,0.14,0.96,-2.34,0.73,-2.72
63,0.04,0.14,0.97,-2.83,0.73,-3.79
64,0.02,0.14,0.95,-3.23,-2.11,-4.37
65,0.02,0.13,0.97,-2.89,-0.59,-3.94
66,0.03,0.14,0.96,-2.97,-0.61,-4.14
67,0.03,0.13,0.95,-3.5,-1.2,-4.48
68,0.03,0.14,0.96,-3.63,-1.37,-4.54
69,0.02,0.13,0.95,-4.31,-1.37,-4.12
70,0.03,0.13,0.97,-4.6,-2.02,-3.92
71,0.02,0.13,0.96,-4.43,-0.53,-3.84
72,0.01,0.13,0.96,-5.41,-0.54,-5.2
73,0.01,0.16,0.96,-9.66,-8.71,-16.27
74,0.0,0.14,0.99,-5.31,-3.44,-3.53
75,0.01,0.12,0.97,-6.11,-1.96,-5.07
76,0.02,0.12,0.98,-5.69,-4.64,-3.82
77,0.02,0.12,1.0,-5.01,-1.6,-2.21
78,0.02,0.12,1.0,-4.54,-2.05,-1.49
79,0.03,0.12,1.0,-3.78,-3.2,-1.33
80,0.02,0.12,1.0,-3.43,-2.15,-1.16
81,0.02,0.11,1.0,-3.42,-2.05,-1.05
82,0.02,0.11,0.99,-3.28,-1.4,-1.85
83,0.01,0.11,1.0,-3.6,-3.53,-2.82
84,0.0,0.11,1.03,-1.5,-4.25,-2.23
85,-0.0,0.09,1.02,0.1,-9.83,-3.07
86,0.02,0.1,1.0,0.15,-7.69,-2.33
87,0.04,0.13,0.97,-1.37,-7.38,-9.64
88,0.04,0.12,0.98,0.57,-2.23,-5.12
89,0.05,0.11,1.0,1.12,-1.67,-5.83
90,0.07,0.12,0.98,0.31,-2.69,-2.62
91,0.07,0.12,0.96,0.12,3.92,-2.4
92,0.05,0.13,0.97,-0.73,4.5,-0.89
93,0.06,0.13,0.98,-0.27,3.95,1.24
94,0.06,0.14,0.97,-0.18,3.66,4.17
95,0.06,0.13,0.96,0.41,7.79,8.47
96,0.04,0.13,0.98,0.71,10.94,9.13
97,0.06,0.15,0.94,0.25,10.68,11.16
98,-0.0,0.2,0.94,-2.17,12.12,8.31
99,0.0,0.16,0.95,-3.09,4.67,5.72
100,0.01,0.15,0.97,-2.75,2.1,5.4
101,0.05,0.14,0.95,-2.92,-3.15,3.34
102,0.04,0.13,0.96,-3.38,-5.15,1.16
103,0.03,0.13,0.98,-3.34,-5.66,0.34
104,0.03,0.13,0.98,-2.43,-4.11,1.3
105,0.02,0.13,0.98,-3.31,-5.41,-0.28
106,0.02,0.13,0.98,-3.49,-3.59,-0.24
107,0.01,0.13,0.97,-3.18,0.58,2.51
108,0.01,0.13,0.97,-4.28,0.67,2.09
109,0.02,0.12,0.98,-5.23,-0.8,1.66
110,0.0,0.12,1.01,-4.81,-6.85,3.17
111,-0.0,0.12,1.0,-3.09,-9.11,2.25
112,0.03,0.11,1.0,-2.53,-7.04,1.05
113,0.02,0.12,0.98,-2.93,-5.44,-0.18
114,0.01,0.12,0.99,-2.77,-3.24,1.1
115,0.02,0.13,0.98,-3.92,-3.24,0.35
116,0.02,0.12,0.98,-4.28,-3.82,0.53
117,0.03,0.12,0.99,-4.17,-2.93,1.1
118,0.05,0.11,0.99,-4.56,-3.75,-0.66
119,0.06,0.12,1.0,-3.49,-1.6,0.27
120,0.04,0.12,1.0,-3.32,-4.49,-0.82
121,0.06,0.11,1.0,-2.22,-3.35,0.36
122,0.05,0.13,0.98,-1.96,-1.7,-0.11
123,0.05,0.13,0.98,-2.36,-2.66,-1.42
124,0.03,0.13,0.99,-1.84,-2.31,-1.2
125,0.06,0.13,0.98,-1.57,-3.3,0.87
126,0.06,0.13,0.96,-2.5,-3.07,0.21
127,0.09,0.12,0.98,-2.47,-1.04,0.69
128,0.07,0.12,0.98,-2.57,0.73,-0.44
129,0.07,0.12,0.99,-2.1,2.11,-1.08
130,0.05,0.12,0.98,-3.19,-2.71,-3.31
131,0.06,0.12,0.98,-3.51,-2.56,-3.75
132,0.07,0.1,0.98,-3.95,-0.97,-5.24
133,0.08,0.09,1.0,-3.85,-0.5,-6.34
134,0.07,0.06,1.02,-3.05,1.83,-6.9
135,0.08,0.03,1.02,-2.11,6.69,-6.12
136,0.07,0.01,1.02,-2.11,7.93,-7.12
137,0.04,-0.01,1.03,-3.24,5.42,-7.03
138,0.01,-0.06,1.06,-3.91,2.63,-6.4
139,-0.0,-0.09,1.08,-3.51,0.64,-5.47
140,-0.06,-0.09,1.11,-3.5,-7.69,-2.89
141,-0.02,-0.14,1.12,-3.41,-18.14,-1.05
142,-0.06,-0.17,1.14,-5.08,-23.56,0.45
143,-0.05,-0.22,1.18,-5.35,-26.56,1.86
144,-0.04,-0.26,1.2,-3.27,-30.57,3.63
145,-0.02,-0.35,1.21,1.68,-25.95,4.79
146,-0.06,-0.45,1.17,9.46,-23.56,6.13
147,-0.12,-0.52,1.1,15.32,-17.64,11.69
148,-0.07,-0.55,0.99,14.79,-25.41,16.9
149,0.04,-0.57,0.95,16.92,-29.32,21.71
150,0.34,-0.6,0.88,16.96,-13.0,17.4
151,0.33,-0.51,0.83,16.5,-8.21,7.42
152,0.22,-0.46,0.81,10.27,-5.46,4.54
153,0.25,-0.46,0.82,6.12,-5.79,-1.45
154,0.2,-0.39,0.76,-6.63,0.86,-12.57
155,0.12,-0.48,0.88,-8.82,4.87,-12.66
156,0.01,-0.41,0.96,-6.63,0.05,-15.21
157,-0.08,-0.39,1.02,-6.19,-1.66,-0.72
158,-0.25,-0.26,1.09,4.14,-32.85,21.38
159,-0.1,-0.2,0.98,12.53,-53.11,35.08
160,-0.05,-0.01,0.77,4.42,-60.86,37.38
161,-0.09,0.15,0.6,-10.42,-70.91,38.14
162,-0.15,0.3,0.49,-33.82,-92.81,43.35
163,-0.09,0.32,0.45,-56.14,-108.76,48.1
164,0.09,0.31,0.54,-73.82,-90.31,54.49
165,0.25,0.3,0.56,-89.21,-53.56,55.64
166,0.32,0.34,0.58,-106.62,-25.5,55.21
167,0.46,0.34,0.58,-119.77,-6.7,53.34
168,0.45,0.36,0.65,-132.44,2.11,46.45
169,0.48,0.33,0.78,-139.21,33.6,44.42
170,0.46,0.31,0.81,-142.17,65.58,38.97
171,0.44,0.28,0.79,-145.07,80.85,25.76
172,0.28,0.29,0.79,-147.49,83.5,13.57
173,0.16,0.25,0.89,-153.63,74.88,6.09
174,0.1,0.19,0.96,-156.5,72.82,1.65
175,0.02,0.22,1.1,-142.14,67.22,1.5
176,0.14,0.24,1.24,-138.8,47.56,1.75
177,0.39,0.2,1.51,-129.8,20.28,-10.69
178,0.62,0.13,1.83,-105.32,29.16,-20.38
179,0.7,0.13,1.99,-70.66,28.76,-35.07
180,0.57,0.21,1.94,-39.65,28.11,-44.37
181,0.46,0.27,1.8,-14.2,25.57,-50.07
182,0.35,0.32,1.73,6.64,20.27,-57.69
183,0.19,0.3,1.6,18.14,23.05,-60.47
184,0.06,0.35,1.51,30.63,13.69,-61.29
185,-0.09,0.39,1.38,40.82,20.69,-58.15
186,-0.21,0.37,1.27,46.72,19.27,-49.85
187,-0.27,0.38,1.2,50.07,14.18,-42.83
188,-0.24,0.36,1.08,57.89,7.62,-37.28
189,-0.25,0.35,1.0,58.64,9.19,-28.63
190,-0.3,0.36,0.93,58.85,-2.12,-18.52
191,-0.36,0.34,0.91,60.13,-12.85,-2.34
192,-0.35,0.33,0.83,55.0,-21.27,11.37
193,-0.27,0.31,0.81,45.84,-27.02,20.5
194,-0.22,0.29,0.91,39.82,-29.28,28.68
195,-0.11,0.24,0.96,33.66,-25.4,31.63
196,-0.05,0.19,1.04,37.02,-15.36,35.5
197,-0.04,0.17,1.1,38.85,-11.48,38.11
198,0.01,0.17,1.07,41.95,-20.03,37.25
199,0.07,0.17,1.03,43.02,-29.09,36.22
200,0.13,0.19,0.98,41.14,-33.99,35.18
201,0.23,0.17,0.98,41.21,-34.08,32.42
202,0.24,0.17,0.95,36.76,-33.6,28.64
203,0.21,0.14,0.96,30.89,-34.15,26.03
204,0.21,0.12,1.03,28.61,-31.12,24.08
205,0.2,0.12,1.0,25.21,-33.16,23.95
206,0.24,0.1,1.0,20.73,-36.72,21.02
207,0.23,0.09,1.0,14.49,-36.75,14.99
208,0.3,0.03,1.09,18.12,-18.88,17.21
209,0.32,0.01,1.07,23.17,-1.42,12.97
210,0.26,-0.01,1.08,27.45,6.37,11.09
211,0.21,0.0,1.02,30.51,-4.76,7.23
212,0.24,-0.01,0.93,31.66,-21.13,0.07
213,0.22,-0.03,0.97,32.97,-36.73,-7.23
214,0.17,-0.04,1.0,33.05,-42.37,-6.82
215,0.19,-0.07,1.0,32.33,-32.85,-6.32
216,0.17,-0.1,1.01,33.75,-22.34,-5.12
217,0.12,-0.1,0.98,31.21,-20.8,-7.87
218,0.15,-0.1,0.94,27.18,-17.86,-0.96
219,0.22,-0.14,0.93,21.3,-8.17,-3.99
220,0.16,-0.14,0.98,16.07,-8.0,-7.33
221,0.13,-0.16,1.06,15.69,-3.76,-3.84
222,0.18,-0.15,1.08,17.03,2.74,-4.69
223,0.22,-0.16,1.09,22.02,10.81,-3.17
224,0.18,-0.14,1.04,24.87,9.15,-4.79
225,0.16,-0.12,0.98,22.43,3.94,-7.37
226,0.18,-0.11,0.88,18.91,6.65,-5.91
227,0.14,-0.06,0.84,16.4,6.16,-7.82
228,0.14,-0.08,0.86,1.57,1.76,-7.42
229,0.16,-0.1,0.85,-2.78,5.62,-1.27
230,0.21,-0.1,0.87,-11.07,10.72,1.02
231,0.22,-0.12,0.89,-16.05,21.53,-0.39
232,0.21,-0.13,0.97,-13.94,32.04,0.0
233,0.19,-0.13,1.02,-8.17,33.46,2.79
234,0.22,-0.14,1.02,-3.0,36.89,4.31
235,0.19,-0.1,0.95,-1.91,29.49,2.69
236,0.19,-0.07,0.89,-4.82,10.4,-2.48
237,0.25,-0.08,0.89,-7.64,-2.48,-9.49
238,0.23,-0.08,0.92,-7.89,-1.07,-10.89
239,0.2,-0.09,0.95,-5.46,1.64,-7.58
240,0.23,-0.09,0.97,-5.62,16.31,-7.24
241,0.22,-0.08,0.91,-5.02,28.82,-4.72
242,0.09,-0.07,0.93,-3.34,34.02,1.4
243,-0.07,-0.03,0.95,-4.98,27.08,8.42
244,0.09,-0.08,0.96,-10.34,25.92,10.73
245,0.32,-0.1,0.89,-10.0,28.68,-6.56
246,0.24,-0.14,0.94,-6.91,26.98,-17.64
247,0.06,-0.11,1.03,-1.68,31.3,-16.62
248,0.07,-0.1,1.01,-0.26,34.31,-15.14
249,0.11,-0.11,0.98,4.79,37.18,-11.7
250,0.0,-0.05,0.97,5.95,38.09,-9.57
251,-0.07,-0.02,0.96,6.74,32.63,-3.76
252,-0.08,-0.01,0.92,5.7,21.1,4.04
253,0.01,-0.01,0.92,-0.47,17.7,4.38
254,0.15,-0.05,0.87,-1.05,22.09,-2.62
255,0.12,-0.04,0.92,-4.63,28.37,-12.53
256,0.08,-0.07,0.98,-1.31,27.53,-16.87
257,0.0,-0.03,1.0,2.84,30.53,-20.56
258,-0.02,-0.05,0.99,9.46,36.3,-16.25
259,0.01,-0.05,0.94,13.11,36.22,-15.1
260,-0.08,0.02,0.91,15.52,36.07,-12.75
261,-0.13,0.04,0.87,15.47,33.13,-2.4
262,-0.08,0.06,0.83,11.05,31.7,3.73
263,-0.02,0.08,0.81,2.71,24.98,0.85
264,0.07,0.06,0.85,-2.34,19.42,-5.1
265,0.09,0.01,0.9,-3.53,25.12,-12.17
266,0.02,0.02,0.99,-0.98,31.35,-15.37
267,-0.01,0.02,1.01,1.11,25.02,-16.34
268,-0.05,0.01,0.99,4.27,21.34,-12.29
269,-0.04,0.1,0.95,0.24,19.0,-13.62
270,-0.07,0.17,0.92,-1.67,16.92,-17.09
271,-0.19,0.24,0.87,-8.86,-4.02,-16.53
272,-0.22,0.2,0.92,-17.11,-17.9,-11.45
273,-0.2,0.13,0.98,-22.85,-24.4,-3.56
274,-0.12,0.05,1.0,-27.05,-29.28,2.34
275,0.02,-0.02,1.03,-28.71,-25.36,4.79
276,0.03,-0.07,1.09,-26.13,-19.58,8.4
277,0.05,-0.12,1.16,-20.45,-15.32,11.26
278,0.1,-0.15,1.17,-15.94,-14.61,10.43
279,0.16,-0.16,1.13,-12.04,-8.9,6.06
280,0.17,-0.14,1.22,-0.96,-4.11,-0.02
281,0.1,-0.12,1.13,-1.05,-4.57,-4.41
282,0.05,-0.1,1.1,5.08,-5.87,-2.2
283,0.03,-0.06,1.06,8.53,-5.53,-3.42
284,-0.02,-0.02,1.01,8.67,-2.14,-1.79
285,0.0,-0.0,0.95,5.46,-3.25,-1.87
286,-0.0,0.0,0.9,3.04,-6.78,-2.81
287,0.01,0.02,0.93,2.96,-2.95,-3.67
288,-0.02,0.03,0.95,-1.12,1.02,-3.47
289,-0.03,0.04,0.97,-1.73,-2.36,0.01
290,0.01,0.04,0.96,-1.66,-4.73,1.6
291,-0.01,0.04,0.97,-1.97,-4.32,1.85
292,0.04,0.05,0.98,-2.66,-5.02,1.56
293,0.09,0.05,0.94,-2.91,-1.7,-2.17
294,0.06,0.07,0.96,-4.74,0.05,-5.85
295,0.03,0.07,1.01,-5.02,2.11,-5.33
296,0.04,0.06,1.0,-5.95,-0.3,-7.74
297,0.03,0.07,1.01,-5.21,1.22,-8.76
298,-0.0,0.06,1.01,-4.52,2.2,-9.51
299,-0.04,0.05,1.02,-4.42,2.43,-9.14
300,-0.06,0.06,1.01,-4.69,2.44,-8.48
301,-0.07,0.04,1.0,-4.67,4.69,-5.82
302,-0.12,0.05,1.03,-2.21,1.14,1.38
303,-0.11,0.04,1.04,-0.74,-2.47,5.51
304,-0.05,0.02,1.0,0.37,0.6,8.13
305,0.02,0.01,0.97,0.15,-1.24,10.27
306,0.03,0.0,0.99,2.21,-2.63,4.88
307,0.0,0.0,0.98,0.02,-5.47,0.98
308,-0.01,0.01,0.99,0.23,-6.44,1.48
309,-0.01,0.02,0.97,-0.74,-6.06,1.16
310,0.01,0.03,0.96,-2.31,-3.47,-0.25
311,0.01,0.05,0.94,-4.6,-1.48,-1.08
312,0.0,0.05,0.97,-5.79,-3.87,-0.88
313,0.08,0.04,1.0,-3.97,-4.71,0.26
314,0.06,0.05,0.99,-4.37,0.6,0.37
315,0.07,0.04,1.02,-2.21,5.25,0.73
316,0.05,0.04,1.01,-0.97,1.83,-0.31
317,0.05,0.05,0.99,-0.91,0.38,-1.2
318,0.05,0.05,0.99,3.19,-0.15,-0.22
319,0.07,0.05,0.98,-1.09,-3.03,-2.56
320,0.06,0.05,0.99,-0.62,-0.28,-2.36
321,0.05,0.05,1.01,0.46,-1.41,-1.77
322,0.03,0.05,1.02,1.7,-5.85,-0.9
323,0.02,0.03,1.02,3.82,-11.8,0.66
324,0.04,0.04,1.03,8.72,-16.31,1.92
325,0.04,0.05,0.97,7.71,-10.86,0.28
326,0.04,0.05,0.96,3.4,-6.56,-0.74
327,0.04,0.05,0.95,0.58,-4.31,-3.59
328,0.04,0.05,0.95,-2.26,-0.06,-3.48
329,0.03,0.05,0.96,-5.47,-0.76,-5.27
330,0.02,0.06,0.97,-6.78,-1.53,-6.23
331,0.01,0.05,1.0,-6.66,-2.64,-6.73
332,0.02,0.04,1.01,-5.96,-1.54,-5.92
333,0.01,0.04,1.01,-4.71,-0.93,-5.86
334,0.02,0.04,1.0,-3.73,2.19,-4.85
335,0.01,0.04,1.02,-2.76,2.95,-3.41
336,0.02,0.04,1.02,-1.41,-0.24,-3.0
337,0.03,0.03,1.03,0.73,-3.81,-2.13
338,0.02,0.04,1.01,1.56,-3.83,-3.03
339,0.0,0.03,1.03,2.5,-6.76,-2.46
340,-0.0,0.04,1.01,3.23,-9.59,-1.88
341,0.01,0.04,1.0,3.8,-11.7,-1.82
342,0.05,0.06,0.98,1.75,-6.95,-3.76
343,0.05,0.06,0.98,0.87,-5.39,-5.72
344,0.03,0.06,0.98,-0.62,-4.98,-6.5
345,0.04,0.05,0.98,-1.44,-3.04,-7.46
346,0.05,0.05,0.97,-2.27,-1.52,-9.44
347,0.06,0.04,0.99,-2.0,-1.72,-8.91
348,0.07,0.04,0.98,-1.31,0.78,-9.3
349,0.04,0.04,1.0,0.53,2.0,-8.62
350,0.04,0.04,0.99,1.56,3.02,-7.87
351,0.04,0.06,0.97,2.02,5.17,-8.32
352,0.02,0.07,0.97,1.28,5.5,-7.69
353,-0.01,0.08,0.97,2.08,-0.92,-3.97
354,0.01,0.08,0.95,0.05,-2.95,-3.96
355,0.01,0.08,0.97,-0.6,-4.19,-3.97
356,0.0,0.07,0.98,-0.03,-6.94,-1.95
357,0.0,0.07,0.98,-0.51,-6.7,-1.42
358,0.02,0.06,0.99,-0.39,-4.56,-0.86
359,0.03,0.06,0.97,-0.82,-1.3,-1.12
360,0.05,0.05,0.99,-1.15,1.65,-2.27
361,0.07,0.04,0.98,-2.27,0.14,-5.71
362,0.07,0.04,1.0,-0.05,1.6,-7.42
363,0.04,0.05,1.01,1.34,3.67,-6.28
364,0.04,0.05,1.01,3.33,0.32,-5.51
365,0.02,0.06,1.0,4.61,-0.08,-4.33
366,0.01,0.06,0.99,4.79,0.69,-3.94
367,0.0,0.07,0.98,3.79,-0.73,-3.86
368,-0.01,0.08,0.98,3.85,-1.9,-0.66
369,0.01,0.09,1.02,5.49,-2.56,-0.34
370,0.04,0.08,0.97,0.8,-6.27,-1.19
371,0.05,0.07,0.96,0.17,-8.36,-4.17
372,0.05,0.07,0.99,-0.27,-4.44,-4.4
373,0.04,0.07,0.99,-0.53,-5.69,-6.02
374,0.04,0.08,0.99,-0.02,-6.15,-7.47
375,0.03,0.06,0.99,-0.41,-1.91,-7.02
376,0.01,0.07,1.0,2.37,-2.62,-6.7
377,0.02,0.07,0.98,2.76,-3.22,-5.61
378,0.02,0.08,0.98,2.5,-0.74,-3.86
379,0.03,0.08,0.98,2.23,-2.84,-2.28
380,0.03,0.08,0.97,1.87,-3.1,-2.51
381,0.03,0.08,0.98,1.21,0.24,-2.24
382,0.04,0.08,0.97,1.07,0.5,-3.17
383,0.04,0.08,0.98,0.21,-1.88,-4.49
384,0.04,0.08,0.99,2.08,-5.53,-2.89
385,0.07,0.07,0.98,3.0,-7.89,-3.04
386,0.03,0.09,0.97,2.37,-7.17,-4.54
387,0.02,0.09,0.98,3.07,-8.69,-3.73
388,0.03,0.08,0.97,2.87,-10.43,-3.63
389,0.03,0.09,0.96,2.38,-11.71,-2.32
390,0.03,0.09,0.95,-0.13,-5.66,-2.81
391,0.0,0.09,0.98,-1.19,-4.06,-1.95
392,0.01,0.08,0.99,-0.76,-5.65,-0.17
393,0.03,0.08,0.99,0.15,-9.49,0.95
394,0.04,0.07,0.99,2.3,-13.19,0.59
395,0.06,0.08,1.0,2.32,-16.89,-2.11
396,0.07,0.07,0.99,4.0,-16.55,-3.72
397,0.07,0.08,0.99,4.7,-5.82,-2.15
398,0.06,0.08,0.99,4.63,-4.48,-2.73
399,0.07,0.07,1.0,5.42,-6.66,-2.32
