,accel_x,accel_y,accel_z,gyro_x,gyro_y,gyro_z
0,0.09,-0.16,0.98,-11.8,4.15,-6.71
1,0.1,-0.16,0.99,-11.34,7.39,-3.98
2,0.1,-0.17,0.98,-11.44,10.59,-1.14
3,0.08,-0.17,1.0,-10.69,13.66,0.08
4,0.08,-0.16,0.99,-10.33,14.82,0.97
5,0.07,-0.17,0.98,-10.32,13.97,0.53
6,0.08,-0.17,0.98,-10.7,12.27,-1.57
7,0.08,-0.17,0.99,-9.59,9.32,-1.56
8,0.07,-0.17,0.99,-9.56,8.5,-4.25
9,0.09,-0.17,0.99,-9.08,5.65,-5.25
10,0.08,-0.17,0.99,-8.05,4.08,-6.34
11,0.08,-0.16,0.97,-8.39,3.5,-8.65
12,0.08,-0.16,0.97,-8.48,3.27,-9.27
13,0.08,-0.17,0.97,-7.7,4.92,-9.06
14,0.09,-0.17,0.97,-6.89,7.68,-8.1
15,0.07,-0.16,0.97,-6.28,10.63,-7.89
16,0.09,-0.16,0.99,-4.69,12.44,-7.55
17,0.09,-0.16,0.98,-3.37,11.89,-7.5
18,0.08,-0.14,0.96,-4.91,10.52,-10.27
19,0.07,-0.14,0.96,-5.95,10.44,-11.44
20,0.06,-0.13,0.96,-5.98,8.3,-10.75
21,0.04,-0.13,0.96,-7.08,8.24,-10.99
22,0.04,-0.13,0.95,-9.04,8.04,-11.01
23,0.03,-0.14,0.97,-10.47,7.06,-11.45
24,0.03,-0.15,1.0,-9.92,6.54,-11.26
25,0.04,-0.16,0.99,-8.46,6.57,-10.09
26,0.02,-0.16,0.99,-9.14,4.13,-10.44
27,0.03,-0.17,1.01,-8.71,2.18,-11.6
28,0.04,-0.18,1.02,-6.35,2.34,-9.63
29,0.05,-0.17,1.0,-5.28,3.14,-7.82
30,0.04,-0.17,1.0,-4.92,3.85,-7.31
31,0.04,-0.17,1.0,-5.13,4.28,-5.84
32,0.03,-0.17,1.0,-4.73,2.52,-5.18
33,0.03,-0.17,0.98,-4.98,0.65,-5.26
34,0.03,-0.18,0.98,-5.55,-1.18,-5.73
35,0.02,-0.18,1.0,-5.92,-2.11,-6.23
36,0.02,-0.18,1.0,-4.31,-2.77,-4.57
37,0.03,-0.18,1.0,-3.49,-2.7,-4.19
38,0.04,-0.19,1.0,-2.21,-2.92,-3.34
39,0.03,-0.19,1.0,-1.54,-2.98,-2.79
40,0.04,-0.18,0.99,-1.11,-3.16,-1.35
41,0.04,-0.17,0.97,-1.77,-6.24,-1.27
42,0.05,-0.16,0.97,-4.07,-9.11,-2.0
43,0.06,-0.16,0.96,-4.89,-8.79,-0.63
44,0.06,-0.16,0.96,-5.79,-7.05,0.49
45,0.07,-0.16,0.97,-6.53,-5.81,2.31
46,0.07,-0.17,0.99,-6.19,-3.25,3.44
47,0.09,-0.18,0.99,-5.15,-1.38,3.94
48,0.1,-0.19,1.0,-4.0,-2.71,3.86
49,0.09,-0.2,1.01,-3.41,-4.84,1.72
50,0.1,-0.2,1.01,-2.37,-5.6,0.45
51,0.09,-0.2,1.01,-0.87,-5.79,0.13
52,0.09,-0.19,0.99,-0.1,-7.73,-1.3
53,0.08,-0.18,1.0,-0.27,-8.26,-1.34
54,0.08,-0.18,0.99,0.05,-7.78,-1.12
55,0.08,-0.17,0.98,-0.24,-7.69,-0.72
56,0.08,-0.17,0.98,-1.4,-6.29,-0.45
57,0.07,-0.16,0.97,-1.67,-5.33,0.82
58,0.06,-0.17,0.98,-2.07,-6.41,0.46
59,0.07,-0.17,0.99,-2.3,-7.44,0.76
60,0.08,-0.18,1.01,-3.46,-4.73,3.96
61,0.07,-0.17,1.0,0.03,-6.31,2.44
62,0.07,-0.16,0.98,-0.84,-8.08,0.92
63,0.08,-0.16,0.98,-0.68,-5.35,1.97
64,0.05,-0.17,0.99,-4.7,-8.89,1.4
65,0.05,-0.16,0.98,-0.33,-6.09,2.58
66,0.08,-0.17,0.98,-2.15,-11.02,-1.82
67,0.09,-0.18,0.98,-1.92,-10.53,-0.31
68,0.08,-0.18,0.97,-1.52,-10.37,-0.48
69,0.09,-0.17,0.97,-2.61,-8.75,-0.38
70,0.08,-0.18,0.98,-3.27,-5.81,0.27
71,0.07,-0.17,0.99,-3.27,-5.45,0.45
72,0.08,-0.17,0.99,-2.19,-5.45,0.22
73,0.09,-0.18,0.99,-0.55,-5.42,0.55
74,0.08,-0.18,0.99,0.89,-4.53,1.18
75,0.1,-0.17,0.98,1.56,-3.77,1.64
76,0.08,-0.17,0.97,0.85,-3.17,1.03
77,0.08,-0.16,0.98,0.97,-3.43,1.5
78,0.08,-0.17,0.97,1.46,-2.72,2.08
79,0.07,-0.17,0.96,0.56,-2.56,1.48
80,0.08,-0.16,0.96,-0.34,-3.44,1.02
81,0.07,-0.16,0.96,-0.98,-5.4,-0.5
82,0.07,-0.17,0.97,-1.85,-6.97,-1.64
83,0.08,-0.18,0.98,-1.53,-6.92,-1.08
84,0.08,-0.18,0.97,-0.34,-6.63,-0.95
85,0.08,-0.18,0.97,0.02,-4.69,0.36
86,0.08,-0.18,0.96,0.4,-2.5,1.27
87,0.08,-0.18,0.97,0.09,-3.08,2.05
88,0.08,-0.18,0.97,-0.21,-2.91,2.15
89,0.09,-0.18,0.98,-0.05,-2.5,2.49
90,0.1,-0.18,0.96,0.06,-2.65,3.15
91,0.1,-0.17,0.94,-0.6,-2.1,2.94
92,0.1,-0.17,0.93,-1.39,-0.76,3.08
93,0.1,-0.16,0.93,-3.03,-1.7,2.6
94,0.1,-0.17,0.94,-4.09,-2.89,2.73
95,0.11,-0.17,0.94,-4.66,-3.53,2.15
96,0.11,-0.17,0.95,-5.15,-3.37,1.98
97,0.11,-0.18,0.95,-5.66,-3.82,1.99
98,0.12,-0.18,0.95,-6.24,-3.07,1.97
99,0.11,-0.17,0.95,-6.13,-2.63,2.95
100,0.11,-0.17,0.94,-6.63,-2.38,3.08
101,0.12,-0.18,0.93,-6.98,-2.17,2.92
102,0.12,-0.17,0.92,-7.53,-3.0,2.08
103,0.15,-0.16,0.91,-7.23,-5.31,0.99
104,0.13,-0.18,0.96,-5.71,-10.34,-2.38
105,0.12,-0.17,0.95,-8.82,-5.89,-3.73
106,0.09,-0.18,0.95,-8.42,-5.6,-2.5
107,0.08,-0.19,0.96,-8.12,-7.52,-3.44
108,0.09,-0.18,0.96,-10.53,-7.74,-2.46
109,0.07,-0.18,0.94,-10.54,-8.46,-1.8
110,0.05,-0.18,0.96,-11.35,-7.33,-0.71
111,0.07,-0.2,0.99,-9.47,-7.02,2.98
112,0.08,-0.21,0.98,-9.76,-3.37,5.01
113,0.07,-0.2,0.97,-9.73,-2.84,6.77
114,0.09,-0.2,0.96,-10.73,-6.64,4.71
115,0.1,-0.2,0.95,-10.37,-9.64,5.44
116,0.1,-0.2,0.96,-10.69,-8.71,5.46
117,0.11,-0.2,0.96,-10.67,-6.81,6.19
118,0.11,-0.21,0.95,-10.17,-5.92,6.67
119,0.13,-0.21,0.96,-9.53,-5.15,5.82
120,0.13,-0.2,0.95,-11.03,-6.34,6.19
121,0.12,-0.2,0.95,-10.35,-4.74,4.96
122,0.12,-0.2,0.96,-11.06,-6.22,4.03
123,0.13,-0.2,0.97,-9.66,-5.97,3.86
124,0.15,-0.19,0.96,-8.52,-4.3,4.76
125,0.15,-0.17,0.93,-9.05,-2.79,4.39
126,0.12,-0.16,0.93,-9.54,-1.46,4.88
127,0.13,-0.15,0.93,-10.06,-2.11,5.31
128,0.15,-0.15,0.91,-11.99,-1.82,4.52
129,0.14,-0.13,0.9,-13.26,-0.54,2.81
130,0.14,-0.1,0.89,-15.34,0.02,1.65
131,0.11,-0.08,0.88,-18.54,4.22,1.44
132,0.07,-0.05,0.85,-22.62,9.55,2.61
133,-0.0,-0.01,0.83,-29.4,14.74,1.96
134,-0.05,0.04,0.8,-39.2,21.33,-4.27
135,-0.16,0.14,0.74,-54.53,34.6,3.08
136,-0.36,0.25,0.65,-81.69,49.59,8.93
137,-0.77,0.36,0.65,-113.52,45.29,16.23
138,-1.29,0.46,0.76,-146.83,20.24,30.35
139,-1.77,0.5,0.94,-185.38,-16.72,50.32
140,-2.0,0.43,1.2,-209.02,-58.89,94.29
141,-2.0,0.13,1.72,-201.94,-96.5,148.44
142,-2.0,-0.29,2.0,-174.98,-85.86,229.57
143,-2.0,-0.86,2.0,-97.04,-45.23,250.13
144,-2.0,-1.2,2.0,0.56,37.98,250.13
145,-1.85,-1.21,2.0,74.87,116.51,250.13
146,-1.76,-1.19,2.0,97.56,55.64,250.13
147,-0.78,-1.26,2.0,63.88,-34.85,250.13
148,0.44,-1.51,2.0,17.55,-184.15,250.13
149,1.19,-2.0,1.71,-15.03,-250.14,247.41
150,1.68,-2.0,1.97,-7.82,-250.14,104.59
151,1.93,-2.0,2.0,3.42,-250.14,18.84
152,1.91,-2.0,2.0,55.92,-250.14,-19.4
153,1.87,-2.0,1.78,104.53,-250.14,-26.85
154,1.92,-2.0,1.19,139.87,-250.14,-44.45
155,1.96,-2.0,0.7,148.26,-250.14,-69.37
156,1.93,-1.83,0.41,143.76,-215.69,-93.67
157,1.82,-1.64,0.31,135.96,-160.97,-116.72
158,1.58,-1.53,0.37,135.15,-123.08,-132.6
159,1.33,-1.48,0.42,142.37,-91.33,-139.79
160,1.12,-1.45,0.38,156.37,-60.09,-140.76
161,0.98,-1.43,0.22,166.15,-22.44,-143.98
162,0.9,-1.42,0.03,177.57,17.05,-146.71
163,0.76,-1.37,-0.09,180.27,57.74,-158.29
164,0.58,-1.29,-0.19,181.66,66.88,-176.69
165,0.46,-1.19,-0.32,167.07,47.53,-203.11
166,0.34,-1.07,-0.36,152.47,7.18,-225.99
167,0.25,-1.01,-0.41,138.48,-23.98,-242.98
168,0.17,-0.95,-0.43,120.4,-36.09,-250.14
169,0.13,-0.88,-0.43,103.88,-37.6,-250.14
170,0.1,-0.83,-0.46,100.76,-31.15,-250.14
171,0.12,-0.77,-0.53,88.71,-14.15,-250.14
172,0.1,-0.68,-0.59,80.78,1.6,-250.14
173,0.06,-0.57,-0.63,74.27,17.74,-243.46
174,-0.05,-0.45,-0.69,62.45,30.12,-232.26
175,-0.12,-0.31,-0.82,50.4,37.15,-212.73
176,-0.19,-0.11,-1.08,36.92,40.46,-187.87
177,-0.46,0.1,-1.14,8.26,76.21,-167.99
178,-0.49,0.22,-1.37,-33.59,99.88,-122.49
179,-0.68,0.37,-1.39,-67.63,102.08,-114.59
180,-0.51,0.22,-1.09,-104.77,61.34,-123.06
181,-0.36,0.15,-0.81,-106.85,47.11,-130.11
182,-0.3,0.09,-0.62,-100.0,35.69,-131.46
183,-0.24,0.05,-0.54,-98.04,50.26,-127.34
184,-0.25,0.02,-0.52,-90.58,77.4,-121.86
185,-0.3,0.0,-0.62,-99.9,78.05,-124.95
186,-0.45,-0.07,-0.81,-115.3,64.37,-129.27
187,-0.64,-0.13,-0.87,-147.64,40.02,-139.76
188,-0.75,-0.23,-0.84,-185.96,27.39,-153.46
189,-0.78,-0.35,-0.81,-220.25,26.96,-157.82
190,-0.91,-0.39,-0.75,-250.14,26.56,-157.75
191,-1.03,-0.43,-0.62,-250.14,38.34,-154.31
192,-1.37,-0.54,-0.41,-250.14,47.44,-139.65
193,-1.7,-0.69,-0.06,-250.14,69.17,-114.09
194,-1.97,-0.78,0.18,-250.14,113.94,-70.14
195,-2.0,-0.82,0.31,-250.14,151.3,-29.66
196,-2.0,-0.79,0.56,-250.14,180.0,-9.58
197,-2.0,-0.7,0.87,-250.14,180.27,3.24
198,-2.0,-0.72,1.28,-250.14,130.34,42.57
199,-2.0,-0.68,1.84,-250.14,61.83,76.61
200,-2.0,-0.84,2.0,-250.14,-3.13,124.77
201,-2.0,-1.04,2.0,-250.14,-38.29,184.2
202,-2.0,-1.27,2.0,-250.14,-50.07,250.13
203,-2.0,-1.49,2.0,-250.14,-67.62,250.13
204,-2.0,-1.82,2.0,-250.14,-78.1,250.13
205,-2.0,-2.0,2.0,-250.14,-125.43,250.13
206,-2.0,-2.0,2.0,-250.14,-250.14,250.13
207,-1.43,-2.0,2.0,-234.27,-250.14,250.13
208,0.16,-2.0,2.0,-113.76,-250.14,250.13
209,1.33,-2.0,2.0,-17.59,-250.14,250.13
210,1.44,-2.0,2.0,69.69,-250.14,250.13
211,1.14,-2.0,2.0,133.69,-250.14,250.13
212,1.25,-2.0,2.0,169.37,-250.14,250.13
213,1.55,-2.0,1.98,191.5,-250.14,215.96
214,1.8,-2.0,1.4,206.82,-250.14,157.8
215,2.0,-2.0,1.05,214.5,-250.14,94.78
216,2.0,-2.0,0.72,228.49,-250.14,39.7
217,2.0,-2.0,0.43,240.8,-250.14,-9.19
218,2.0,-2.0,0.07,231.27,-250.14,-57.3
219,2.0,-1.71,-0.19,228.35,-250.14,-94.81
220,2.0,-1.45,-0.31,216.62,-250.14,-121.4
221,2.0,-1.27,-0.32,209.46,-181.3,-135.98
222,1.93,-1.15,-0.32,201.41,-114.18,-146.02
223,1.79,-1.08,-0.38,196.22,-62.24,-156.55
224,1.59,-1.02,-0.43,185.22,-22.67,-172.82
225,1.33,-0.98,-0.41,170.11,-0.53,-197.34
226,1.09,-0.95,-0.36,158.47,-0.35,-224.35
227,0.88,-0.92,-0.34,144.23,-10.72,-249.63
228,0.67,-0.89,-0.39,131.23,-29.35,-250.14
229,0.5,-0.87,-0.42,116.24,-44.31,-250.14
230,0.38,-0.86,-0.45,104.05,-41.19,-250.14
231,0.24,-0.8,-0.49,93.44,-22.75,-250.14
232,0.12,-0.74,-0.58,83.01,-3.52,-250.14
233,0.08,-0.69,-0.64,64.87,11.88,-250.14
234,-0.09,-0.62,-0.71,48.76,29.05,-250.14
235,-0.1,-0.58,-0.71,24.02,38.29,-244.46
236,-0.12,-0.55,-0.73,0.15,38.45,-235.74
237,-0.18,-0.53,-0.67,-23.19,32.07,-228.21
238,-0.19,-0.53,-0.63,-41.34,29.1,-215.19
239,-0.2,-0.54,-0.58,-55.89,33.49,-205.69
240,-0.21,-0.58,-0.52,-74.28,33.24,-200.98
241,-0.29,-0.59,-0.47,-86.77,32.29,-196.99
242,-0.39,-0.59,-0.35,-91.06,33.48,-190.99
243,-0.43,-0.6,-0.24,-94.51,31.87,-186.92
244,-0.46,-0.58,-0.15,-89.75,25.98,-181.12
245,-0.45,-0.57,-0.21,-87.66,22.72,-174.11
246,-0.49,-0.55,-0.29,-95.41,16.68,-175.07
247,-0.56,-0.52,-0.33,-108.8,14.14,-181.05
248,-0.59,-0.46,-0.37,-123.34,11.25,-174.57
249,-0.71,-0.45,-0.34,-135.1,8.63,-161.59
250,-0.85,-0.3,-0.42,-152.21,15.0,-160.4
251,-0.95,-0.18,-0.52,-180.83,15.08,-170.54
252,-1.02,0.11,-0.55,-237.52,26.74,-191.96
253,-1.3,0.37,-0.37,-250.14,45.54,-186.06
254,-1.81,0.33,-0.2,-250.14,55.97,-135.31
255,-2.0,0.21,-0.01,-250.14,76.18,-63.79
256,-2.0,0.05,0.5,-250.14,62.64,17.05
257,-2.0,-0.23,1.2,-250.14,-22.69,94.9
258,-2.0,-0.6,1.96,-250.14,-82.69,135.37
259,-2.0,-1.1,2.0,-250.14,-126.83,185.84
260,-2.0,-1.44,2.0,-250.14,-129.4,206.92
261,-1.02,-1.63,2.0,-250.14,-78.55,236.45
262,-0.31,-1.62,2.0,-202.24,-35.22,250.13
263,0.22,-1.59,2.0,-158.5,18.75,250.13
264,0.52,-1.54,2.0,-141.82,33.79,245.95
265,1.08,-1.66,2.0,-113.11,1.0,199.92
266,1.86,-1.89,2.0,-115.18,-0.01,154.83
267,2.0,-1.83,2.0,-58.85,34.18,120.35
268,1.79,-1.64,2.0,16.09,46.81,100.17
269,1.46,-1.36,2.0,74.29,36.61,85.39
270,1.26,-1.1,2.0,105.76,37.85,73.58
271,1.06,-0.9,2.0,127.95,34.43,65.29
272,0.79,-0.71,2.0,139.85,20.04,60.39
273,0.63,-0.61,1.81,147.36,8.79,50.98
274,0.56,-0.51,1.61,153.28,2.79,41.54
275,0.54,-0.45,1.4,143.51,-4.47,21.55
276,0.59,-0.4,1.2,132.23,-6.96,-4.54
277,0.55,-0.34,1.0,126.55,-8.68,-25.76
278,0.41,-0.3,0.96,121.24,-18.49,-42.79
279,0.24,-0.21,0.94,119.67,-19.33,-43.96
280,0.12,-0.13,0.87,112.28,-24.34,-43.15
281,0.04,-0.04,0.7,109.18,-25.18,-35.4
282,-0.05,0.03,0.56,101.23,-28.01,-22.22
283,-0.14,0.08,0.58,82.24,-33.09,-18.47
284,-0.15,0.08,0.62,63.05,-46.24,-12.39
285,-0.1,0.06,0.62,52.7,-53.65,-10.49
286,-0.01,0.01,0.63,39.64,-61.53,-15.02
287,0.07,-0.03,0.69,30.83,-64.33,-18.73
288,0.14,-0.09,0.74,24.08,-58.08,-25.32
289,0.2,-0.13,0.8,22.28,-48.96,-31.71
290,0.19,-0.14,0.83,23.89,-38.24,-35.27
291,0.15,-0.12,0.84,23.79,-25.08,-36.92
292,0.11,-0.1,0.84,22.44,-16.26,-39.1
293,0.08,-0.07,0.82,18.92,-13.08,-41.97
294,0.01,-0.05,0.84,13.18,-16.56,-44.15
295,-0.04,-0.03,0.87,12.36,-16.55,-46.29
296,-0.04,-0.01,0.9,10.37,-12.63,-43.28
297,-0.06,-0.0,0.89,10.12,-6.98,-36.37
298,-0.07,0.02,0.86,7.57,0.73,-25.15
299,-0.06,0.01,0.84,2.49,4.43,-22.26
300,-0.05,0.01,0.85,-1.47,2.8,-19.8
301,-0.07,0.01,0.86,-5.92,1.06,-18.42
302,-0.09,-0.01,0.9,-8.66,-4.5,-18.56
303,-0.03,-0.05,0.97,-9.41,-3.08,-16.81
304,0.04,-0.07,0.97,-4.18,6.89,-9.75
305,0.02,-0.05,0.95,-1.23,14.59,-4.33
306,0.01,-0.02,0.92,-2.18,16.95,-1.67
307,0.04,-0.01,0.88,-4.82,13.86,-3.61
308,0.02,0.0,0.87,-9.55,8.6,-5.26
309,-0.01,-0.0,0.89,-11.18,2.29,-4.47
310,-0.03,-0.01,0.94,-16.07,2.98,-4.02
311,0.02,-0.04,0.99,-18.44,3.15,-1.88
312,0.01,-0.06,1.02,-16.4,-0.89,-0.49
313,-0.0,-0.06,1.02,-14.7,-1.73,2.77
314,-0.01,-0.05,1.01,-15.34,-0.47,6.18
315,0.02,-0.08,1.03,-16.11,-6.81,6.5
316,0.06,-0.11,1.05,-14.16,-8.73,6.02
317,0.08,-0.1,1.04,-10.93,-4.58,8.25
318,0.09,-0.09,1.01,-9.5,-1.92,9.76
319,0.14,-0.08,0.99,-9.79,-0.67,7.97
320,0.16,-0.09,0.99,-9.29,0.12,4.55
321,0.12,-0.08,1.0,-9.37,2.34,3.37
322,0.09,-0.06,0.98,-12.18,5.73,3.37
323,0.07,-0.07,1.01,-13.07,5.44,4.04
324,0.1,-0.09,1.05,-12.33,3.4,2.95
325,0.11,-0.11,1.07,-9.77,3.05,1.72
326,0.11,-0.12,1.06,-7.2,5.26,1.63
327,0.09,-0.11,1.05,-6.2,7.23,1.28
328,0.1,-0.1,1.06,-5.8,6.59,-1.02
329,0.11,-0.11,1.06,-3.32,2.76,-3.15
330,0.09,-0.11,1.05,-1.02,1.5,-3.66
331,0.06,-0.1,1.03,-0.15,3.09,-3.87
332,0.06,-0.09,1.02,-0.08,4.32,-3.76
333,0.09,-0.1,1.03,-0.5,2.18,-6.46
334,0.11,-0.1,1.03,1.83,2.15,-7.55
335,0.09,-0.09,1.01,2.93,4.6,-6.82
336,0.06,-0.08,1.01,2.53,4.02,-7.6
337,0.08,-0.08,1.02,2.6,3.64,-9.38
338,0.09,-0.07,1.0,4.25,0.02,-8.34
339,0.04,-0.06,0.98,1.87,-1.15,-10.31
340,0.02,-0.06,1.0,0.43,-1.9,-9.89
341,0.03,-0.07,1.02,0.85,-2.68,-9.43
342,0.03,-0.08,1.01,2.5,-3.91,-9.2
343,0.01,-0.07,1.0,2.28,-4.56,-9.6
344,0.0,-0.07,0.99,2.09,-6.28,-8.82
345,0.0,-0.07,0.99,1.47,-7.47,-8.68
346,0.03,-0.08,0.99,2.53,-7.85,-8.2
347,0.01,-0.07,0.98,2.98,-6.5,-7.53
348,0.01,-0.06,0.97,2.01,-4.8,-6.62
349,-0.0,-0.06,0.98,1.86,-5.7,-5.95
350,0.02,-0.08,0.99,3.19,-6.5,-5.37
351,0.02,-0.07,0.99,4.31,-6.5,-4.31
352,-0.0,-0.06,0.97,3.4,-4.24,-3.24
353,0.0,-0.07,0.97,3.03,-5.47,-2.82
354,0.01,-0.06,0.97,2.75,-6.73,-0.89
355,0.02,-0.06,0.96,2.22,-3.67,0.59
356,0.01,-0.05,0.95,1.64,-2.69,1.38
357,0.01,-0.06,0.98,0.76,-3.78,1.24
358,0.05,-0.08,1.0,1.31,-6.04,1.27
359,0.05,-0.07,0.99,4.08,-8.27,0.13
360,0.04,-0.06,0.96,3.65,-9.73,-0.3
361,0.03,-0.05,0.96,2.37,-8.66,-0.02
362,0.07,-0.06,0.97,2.4,-7.03,0.37
363,0.1,-0.05,0.96,3.59,-5.98,0.67
364,0.09,-0.04,0.93,1.56,-3.54,-0.93
365,0.09,-0.04,0.95,-0.82,-2.38,-1.89
366,0.09,-0.04,0.97,-1.85,-1.4,-2.03
367,0.09,-0.04,0.97,-1.69,-0.23,-2.11
368,0.07,-0.06,0.96,0.06,-4.53,-2.09
369,0.07,-0.05,0.99,-3.42,-0.76,-3.1
370,0.06,-0.06,0.99,-2.48,-2.63,-2.44
371,0.04,-0.07,1.0,-2.38,-5.94,-3.2
372,0.04,-0.05,1.01,-3.24,-3.27,-1.81
373,0.02,-0.09,1.04,-2.39,-5.08,-2.85
374,0.06,-0.09,1.05,0.63,-6.04,-2.23
375,0.06,-0.09,1.02,1.98,-4.82,-1.22
376,0.04,-0.07,1.0,1.3,-4.56,-0.85
377,0.05,-0.06,1.0,1.08,-5.58,0.66
378,0.07,-0.06,0.99,0.66,-5.99,0.13
379,0.09,-0.06,0.98,-0.15,-6.22,-0.32
380,0.09,-0.05,0.98,-0.73,-6.46,-0.55
381,0.09,-0.04,0.98,-1.24,-7.09,-1.11
382,0.1,-0.05,0.96,-1.53,-6.92,-1.38
383,0.1,-0.05,0.97,-2.31,-6.4,-2.27
384,0.09,-0.05,0.97,-2.78,-4.71,-2.08
385,0.09,-0.05,0.96,-3.34,-4.23,-1.82
386,0.1,-0.05,0.96,-4.27,-4.41,-2.83
387,0.12,-0.06,0.98,-3.76,-3.65,-3.18
388,0.11,-0.07,0.98,-2.43,-2.44,-3.02
389,0.1,-0.06,0.97,-2.4,-1.05,-3.67
390,0.1,-0.05,0.96,-2.67,-0.41,-3.38
391,0.1,-0.07,0.98,-3.46,0.81,-3.86
392,0.09,-0.05,0.98,-2.22,2.81,-3.25
393,0.08,-0.04,0.96,-2.88,3.8,-3.08
394,0.07,-0.04,0.96,-4.39,2.83,-4.79
395,0.08,-0.05,0.97,-4.85,2.24,-5.01
396,0.07,-0.04,0.98,-4.8,1.44,-5.4
397,0.06,-0.05,0.95,-5.92,-0.03,-6.04
398,0.06,-0.07,0.98,-7.47,-1.55,-7.02
399,0.06,-0.08,1.02,-5.56,-1.7,-5.27
400,0.06,-0.07,1.0,-3.8,-2.03,-5.73
