,accel_x,accel_y,accel_z,gyro_x,gyro_y,gyro_z
0,0.17,-0.21,0.94,-9.79,3.65,-12.17
1,0.16,-0.22,0.95,-10.11,2.23,-11.76
2,0.15,-0.24,0.95,-10.32,1.09,-11.44
3,0.15,-0.25,0.98,-9.79,0.79,-10.05
4,0.12,-0.26,1.0,-9.82,0.49,-9.54
5,0.12,-0.27,1.01,-8.48,-0.29,-8.37
6,0.13,-0.27,1.01,-6.33,-1.49,-7.21
7,0.13,-0.26,1.0,-6.05,-1.63,-7.03
8,0.11,-0.26,1.01,-6.2,-2.27,-6.16
9,0.12,-0.26,1.01,-5.05,-3.34,-4.68
10,0.13,-0.24,1.0,-3.27,-4.03,-3.32
11,0.15,-0.24,0.98,-2.27,-1.82,-1.79
12,0.17,-0.23,0.97,-1.74,-1.54,-1.61
13,0.18,-0.22,0.97,-1.01,-2.16,-0.97
14,0.2,-0.22,0.97,-0.09,-1.7,-0.6
15,0.22,-0.21,0.93,0.21,-1.98,-0.44
16,0.22,-0.21,0.93,-0.56,-3.05,-1.82
17,0.24,-0.21,0.93,-0.52,-3.65,-2.91
18,0.28,-0.21,0.94,0.6,-3.18,-3.3
19,0.31,-0.21,0.89,0.32,-2.08,-5.33
20,0.31,-0.19,0.87,-1.06,-1.27,-6.46
21,0.31,-0.18,0.87,-3.05,0.17,-8.18
22,0.31,-0.18,0.86,-4.84,2.0,-8.96
23,0.3,-0.18,0.86,-6.81,3.47,-9.44
24,0.29,-0.19,0.87,-8.15,3.74,-10.55
25,0.29,-0.19,0.88,-9.01,4.38,-10.5
26,0.29,-0.2,0.86,-10.17,3.85,-11.36
27,0.29,-0.21,0.87,-12.4,3.1,-12.47
28,0.28,-0.22,0.87,-14.89,0.98,-14.92
29,0.28,-0.22,0.9,-16.32,-0.47,-17.49
30,0.29,-0.24,0.93,-17.78,0.28,-18.65
31,0.26,-0.27,0.96,-16.19,2.15,-18.37
32,0.27,-0.28,0.97,-14.97,2.59,-19.02
33,0.27,-0.29,0.98,-12.71,2.55,-20.18
34,0.25,-0.3,0.98,-16.79,2.6,-22.15
35,0.22,-0.31,1.02,-11.45,5.36,-21.37
36,0.21,-0.27,0.99,-9.3,8.04,-18.44
37,0.2,-0.27,0.98,-9.36,8.9,-19.08
38,0.2,-0.27,0.96,-9.19,10.5,-17.54
39,0.18,-0.26,0.97,-9.82,10.11,-17.8
40,0.17,-0.25,0.97,-9.5,9.21,-17.7
41,0.16,-0.25,0.97,-9.5,8.13,-17.15
42,0.15,-0.25,0.96,-10.28,6.79,-16.85
43,0.13,-0.26,0.97,-11.54,6.56,-16.5
44,0.13,-0.26,1.0,-10.63,3.75,-16.08
45,0.14,-0.26,0.99,-8.92,3.05,-15.19
46,0.13,-0.26,1.0,-8.25,3.0,-14.52
47,0.13,-0.27,0.99,-7.79,3.75,-14.46
48,0.13,-0.27,1.0,-5.72,4.14,-13.03
49,0.13,-0.26,0.99,-4.14,4.22,-11.82
50,0.12,-0.26,0.99,-3.91,3.45,-12.01
51,0.12,-0.25,0.98,-3.53,3.17,-10.89
52,0.13,-0.25,0.98,-2.94,3.79,-9.66
53,0.12,-0.26,0.97,-3.11,3.88,-8.74
54,0.12,-0.25,0.97,-2.92,3.73,-8.14
55,0.11,-0.25,0.97,-2.19,4.38,-6.8
56,0.1,-0.25,0.99,-0.92,3.99,-5.13
57,0.09,-0.25,0.98,-0.7,2.43,-4.49
58,0.1,-0.23,0.95,-0.77,-0.71,-3.66
59,0.13,-0.23,0.95,-1.79,-1.68,-3.79
60,0.15,-0.25,0.95,-2.08,-1.41,-3.36
61,0.16,-0.25,0.96,-1.51,-1.97,-3.63
62,0.17,-0.24,0.94,-0.66,-1.27,-2.73
63,0.16,-0.24,0.94,-0.97,-0.26,-2.85
64,0.15,-0.24,0.93,-1.04,-1.26,-2.79
65,0.15,-0.23,0.93,-1.13,-2.18,-2.93
66,0.13,-0.22,0.94,-8.09,-10.35,3.88
67,0.15,-0.23,0.95,-1.68,-1.76,-1.87
68,0.16,-0.24,0.93,-2.4,-3.05,-0.46
69,0.18,-0.24,0.94,-2.76,-3.88,-0.79
70,0.19,-0.24,0.92,-3.52,-3.6,-0.82
71,0.19,-0.25,0.93,-4.21,-4.27,-1.96
72,0.2,-0.26,0.93,-3.53,-4.67,-2.28
73,0.19,-0.25,0.94,-2.89,-3.56,-1.29
74,0.19,-0.25,0.93,-2.75,-2.08,-0.59
75,0.2,-0.25,0.92,-3.23,-2.21,-1.31
76,0.2,-0.25,0.94,-3.79,-1.54,-0.95
77,0.19,-0.25,0.93,-4.5,-2.19,-1.0
78,0.19,-0.26,0.93,-4.69,-3.62,-2.08
79,0.22,-0.26,0.94,-4.99,-3.35,-2.48
80,0.21,-0.27,0.96,-4.49,-2.52,-2.02
81,0.21,-0.27,0.96,-3.82,-2.58,-1.79
82,0.2,-0.27,0.95,-3.63,-2.99,-1.82
83,0.2,-0.27,0.95,-3.8,-2.36,-2.37
84,0.21,-0.27,0.95,-4.18,-2.37,-2.91
85,0.22,-0.26,0.95,-3.86,-2.14,-3.04
86,0.23,-0.26,0.95,-3.21,-2.16,-3.08
87,0.22,-0.26,0.95,-2.71,-1.26,-3.47
88,0.19,-0.25,0.95,-2.89,0.69,-2.28
89,0.18,-0.25,0.94,-3.64,-0.41,-1.77
90,0.19,-0.26,0.96,-3.79,-1.67,-2.15
91,0.21,-0.26,0.95,-3.55,-0.58,-2.63
92,0.21,-0.26,0.95,-3.32,-0.05,-2.69
93,0.2,-0.27,0.95,-3.34,-0.82,-3.4
94,0.2,-0.26,0.96,-2.47,1.02,-3.16
95,0.2,-0.25,0.95,-1.21,1.02,-1.93
96,0.18,-0.24,0.94,-1.92,0.98,-2.13
97,0.16,-0.23,0.94,-2.5,-0.5,-2.12
98,0.17,-0.23,0.94,-3.46,-2.16,-2.73
99,0.18,-0.24,0.94,-3.66,-0.92,-1.74
100,0.17,-0.24,0.93,-3.28,0.2,-0.69
101,0.17,-0.25,0.94,-3.13,-0.07,-0.12
102,0.18,-0.25,0.93,-2.71,0.03,0.48
103,0.17,-0.24,0.92,-3.03,-0.03,0.68
104,0.17,-0.24,0.92,-3.74,-0.39,0.95
105,0.17,-0.24,0.91,-4.21,-1.69,0.08
106,0.18,-0.24,0.91,-4.61,-1.24,0.26
107,0.17,-0.23,0.91,-5.18,-0.73,0.63
108,0.16,-0.24,0.91,-5.56,-1.37,1.02
109,0.16,-0.25,0.93,-5.96,-0.43,1.4
110,0.16,-0.25,0.93,-5.62,0.87,2.66
111,0.17,-0.25,0.92,-5.75,0.61,2.32
112,0.17,-0.24,0.92,-6.55,0.25,2.22
113,0.15,-0.24,0.93,-7.34,0.29,2.23
114,0.15,-0.24,0.93,-7.6,0.04,2.64
115,0.14,-0.25,0.95,-7.53,-0.19,3.22
116,0.15,-0.26,0.96,-6.95,-0.48,3.31
117,0.16,-0.27,0.96,-5.01,-1.56,4.7
118,0.16,-0.27,0.95,-4.36,-3.65,3.01
119,0.16,-0.27,0.95,-4.46,-3.26,4.28
120,0.16,-0.28,0.96,-4.98,-3.25,4.74
121,0.16,-0.28,0.97,-8.85,-6.79,4.3
122,0.15,-0.28,0.98,-5.33,-6.98,4.82
123,0.19,-0.29,0.97,-4.88,-6.24,5.15
124,0.2,-0.28,0.96,-4.24,-6.51,5.13
125,0.22,-0.28,0.95,-4.37,-6.01,5.17
126,0.21,-0.27,0.94,-5.33,-4.86,5.17
127,0.21,-0.27,0.95,-5.38,-3.75,6.17
128,0.21,-0.27,0.94,-4.11,-4.14,6.02
129,0.22,-0.26,0.92,-4.04,-2.23,8.44
130,0.21,-0.25,0.91,-4.95,-3.7,6.73
131,0.2,-0.24,0.9,-5.98,-3.05,6.85
132,0.18,-0.24,0.89,-7.02,-3.66,7.73
133,0.14,-0.25,0.89,-9.2,-9.56,13.16
134,0.13,-0.22,0.89,-8.62,1.07,11.12
135,0.09,-0.2,0.86,-9.98,1.27,13.0
136,0.06,-0.19,0.84,-12.25,1.83,14.95
137,-0.01,-0.18,0.83,-15.24,3.45,19.02
138,-0.08,-0.14,0.8,-19.44,5.51,22.27
139,-0.14,-0.12,0.82,-23.95,4.17,27.25
140,-0.23,-0.07,0.82,-29.79,7.07,31.95
141,-0.34,-0.04,0.83,-36.67,9.72,41.59
142,-0.45,-0.01,0.85,-46.44,10.16,46.94
143,-0.54,0.02,0.92,-56.21,15.72,56.63
144,-0.68,0.03,1.02,-63.26,18.82,65.58
145,-0.86,0.04,1.12,-69.53,16.32,78.73
146,-1.17,0.03,1.2,-76.89,-2.44,95.24
147,-1.4,-0.05,1.38,-86.19,-15.81,119.88
148,-1.65,-0.18,1.69,-92.82,-26.98,160.64
149,-1.75,-0.3,2.0,-90.92,-42.95,198.92
150,-1.58,-0.54,2.0,-70.82,-55.35,250.13
151,-1.26,-0.79,2.0,-58.89,-83.08,250.13
152,-0.83,-1.03,2.0,-46.89,-144.65,250.13
153,-0.16,-1.24,2.0,-51.99,-195.49,232.78
154,0.48,-1.44,2.0,-35.48,-249.36,184.76
155,0.95,-1.6,2.0,-5.66,-250.14,143.71
156,1.14,-1.68,2.0,42.73,-250.14,104.76
157,1.29,-1.65,2.0,84.21,-250.14,78.67
158,1.4,-1.56,1.69,109.56,-250.14,64.05
159,1.47,-1.44,1.36,120.04,-250.14,41.63
160,1.53,-1.32,1.1,124.32,-250.14,14.9
161,1.55,-1.26,0.93,128.71,-250.14,-12.85
162,1.55,-1.21,0.8,131.0,-250.14,-41.92
163,1.57,-1.18,0.73,131.51,-250.14,-70.51
164,1.51,-1.15,0.7,139.21,-250.14,-91.14
165,1.41,-1.1,0.63,147.58,-227.15,-107.3
166,1.32,-0.99,0.52,146.76,-197.84,-122.44
167,1.26,-0.92,0.43,147.47,-178.08,-135.12
168,1.18,-0.87,0.34,147.71,-159.47,-144.48
169,1.12,-0.83,0.26,146.67,-144.86,-152.61
170,1.08,-0.77,0.17,141.72,-119.92,-159.76
171,1.02,-0.74,0.04,138.55,-106.53,-162.11
172,0.94,-0.67,-0.04,127.91,-90.44,-165.21
173,0.89,-0.63,-0.09,116.81,-74.06,-167.1
174,0.85,-0.59,-0.11,104.6,-63.15,-170.37
175,0.85,-0.58,-0.14,95.8,-50.11,-175.75
176,0.85,-0.55,-0.17,88.79,-45.29,-176.92
177,0.82,-0.54,-0.2,82.03,-33.81,-176.04
178,0.78,-0.53,-0.21,76.07,-20.99,-174.08
179,0.73,-0.51,-0.21,70.73,-6.13,-171.16
180,0.71,-0.47,-0.24,67.52,9.02,-165.96
181,0.69,-0.45,-0.25,65.42,22.72,-156.69
182,0.58,-0.4,-0.35,64.9,43.7,-145.28
183,0.41,-0.31,-0.4,60.07,74.31,-124.47
184,0.22,-0.16,-0.45,49.24,102.88,-101.77
185,0.13,-0.06,-0.61,40.76,132.93,-77.59
186,0.04,0.05,-0.7,10.85,136.33,-58.18
187,0.01,0.08,-0.7,-22.19,129.86,-48.53
188,0.06,-0.02,-0.6,-45.21,115.87,-61.94
189,0.13,-0.19,-0.35,-48.87,110.83,-90.61
190,0.28,-0.2,-0.1,-38.12,116.68,-77.38
191,0.17,-0.15,-0.25,-15.98,113.36,-67.31
192,0.03,-0.06,-0.33,-24.01,117.27,-87.27
193,0.24,-0.05,-0.18,-46.0,126.86,-87.2
194,0.38,-0.1,-0.18,-49.82,93.53,-100.1
195,0.42,-0.1,-0.17,-53.94,40.08,-131.44
196,0.57,-0.18,-0.1,-62.24,35.26,-143.58
197,0.63,-0.29,0.01,-59.74,44.68,-154.77
198,0.63,-0.34,0.14,-55.42,49.02,-169.71
199,0.61,-0.35,0.17,-45.78,52.49,-172.47
200,0.49,-0.36,0.15,-41.15,58.57,-174.34
201,0.36,-0.34,0.19,-44.55,72.2,-175.5
202,0.28,-0.3,0.24,-42.5,76.34,-173.53
203,0.25,-0.3,0.3,-42.92,94.79,-168.47
204,0.25,-0.24,0.31,-43.45,108.91,-166.99
205,0.15,-0.18,0.37,-43.64,114.12,-172.63
206,0.01,-0.12,0.42,-42.34,95.71,-178.6
207,-0.11,-0.05,0.39,-45.22,66.07,-184.58
208,-0.14,-0.02,0.29,-54.56,49.63,-186.02
209,-0.11,0.01,0.24,-68.66,53.41,-184.7
210,-0.15,0.04,0.2,-80.56,67.89,-177.44
211,-0.25,0.06,0.21,-91.16,85.73,-165.98
212,-0.38,0.1,0.23,-100.72,99.73,-152.34
213,-0.54,0.1,0.26,-109.4,98.73,-143.27
214,-0.57,0.11,0.19,-118.31,84.09,-137.74
215,-0.69,0.07,0.21,-141.08,65.99,-143.25
216,-0.72,0.02,0.27,-154.99,53.76,-148.11
217,-0.71,-0.07,0.38,-165.94,47.21,-143.41
218,-0.7,-0.15,0.36,-173.26,49.87,-143.39
219,-0.76,-0.2,0.39,-182.71,64.81,-141.41
220,-1.01,-0.23,0.56,-188.4,78.29,-131.45
221,-1.31,-0.25,0.68,-185.4,80.24,-110.53
222,-1.58,-0.19,0.71,-196.37,76.66,-89.09
223,-1.73,-0.15,0.71,-207.28,71.27,-62.3
224,-1.8,-0.17,0.69,-224.4,53.34,-32.74
225,-1.72,-0.29,0.61,-246.48,44.0,-16.95
226,-1.59,-0.44,0.71,-250.14,32.69,-12.31
227,-1.5,-0.61,0.85,-250.14,35.59,6.22
228,-1.57,-0.67,0.94,-250.14,28.84,11.83
229,-1.67,-0.73,1.08,-250.14,15.13,29.27
230,-1.85,-0.84,1.24,-250.14,5.4,50.62
231,-1.91,-0.88,1.44,-250.14,10.3,72.28
232,-1.93,-0.9,1.55,-250.14,11.98,108.5
233,-1.9,-0.9,1.59,-250.14,23.32,144.3
234,-1.98,-0.87,1.63,-250.14,26.82,175.87
235,-2.0,-0.88,1.64,-242.65,23.39,214.67
236,-2.0,-0.92,1.59,-240.87,15.34,248.47
237,-2.0,-1.02,1.53,-245.85,0.67,250.13
238,-2.0,-1.22,1.58,-248.74,-20.15,250.13
239,-2.0,-1.43,1.74,-248.05,-25.65,250.13
240,-2.0,-1.6,1.88,-240.56,-29.89,250.13
241,-2.0,-1.73,2.0,-226.24,-57.85,250.13
242,-1.93,-1.83,2.0,-210.84,-118.52,250.13
243,-1.7,-1.95,2.0,-195.4,-199.08,250.13
244,-1.34,-2.0,1.9,-184.94,-250.14,250.13
245,-0.79,-2.0,1.75,-163.15,-250.14,250.13
246,-0.23,-2.0,1.74,-135.21,-250.14,250.13
247,0.27,-2.0,1.64,-80.37,-250.14,250.13
248,0.73,-2.0,1.71,-61.16,-250.14,246.95
249,1.17,-2.0,1.65,-24.08,-250.14,219.28
250,1.49,-2.0,1.53,12.88,-250.14,198.38
251,1.52,-2.0,1.41,49.76,-250.14,164.95
252,1.48,-2.0,1.26,79.65,-250.14,136.31
253,1.44,-1.83,1.11,93.62,-250.14,103.63
254,1.41,-1.68,0.97,109.08,-250.14,71.34
255,1.44,-1.54,0.86,121.33,-250.14,40.22
256,1.5,-1.42,0.74,131.91,-250.14,11.29
257,1.44,-1.29,0.65,139.94,-242.44,-13.16
258,1.3,-1.18,0.63,147.36,-229.68,-37.99
259,1.17,-1.1,0.58,154.75,-207.79,-57.16
260,1.1,-1.02,0.48,159.32,-178.07,-68.37
261,1.01,-0.94,0.37,157.76,-144.52,-78.94
262,0.92,-0.9,0.29,153.73,-117.89,-94.18
263,0.82,-0.84,0.25,148.64,-96.35,-111.96
264,0.71,-0.78,0.23,137.47,-79.88,-124.56
265,0.54,-0.75,0.23,133.15,-71.73,-136.11
266,0.36,-0.68,0.19,133.05,-62.86,-144.99
267,0.3,-0.62,0.17,120.81,-43.21,-147.45
268,0.21,-0.54,0.17,110.85,-28.82,-152.63
269,0.13,-0.49,0.17,98.35,-18.07,-152.28
270,0.01,-0.42,0.19,97.48,-2.12,-147.0
271,-0.08,-0.33,0.16,88.81,10.05,-141.31
272,-0.18,-0.19,0.14,80.27,24.66,-135.59
273,-0.2,-0.05,0.14,64.41,39.98,-128.63
274,-0.19,0.07,0.12,51.43,49.05,-117.9
275,-0.17,0.17,0.09,36.27,47.37,-112.78
276,-0.15,0.27,0.18,16.28,41.54,-111.71
277,-0.14,0.31,0.28,0.92,29.82,-106.99
278,-0.14,0.33,0.39,-14.05,11.92,-103.96
279,-0.1,0.31,0.46,-29.72,-9.06,-105.7
280,0.02,0.25,0.55,-43.9,-19.63,-109.34
281,0.12,0.17,0.68,-51.11,-18.86,-109.69
282,0.13,0.08,0.79,-46.76,-11.01,-103.74
283,0.11,0.03,0.87,-40.58,4.42,-91.24
284,0.09,0.0,0.94,-33.55,25.21,-77.64
285,0.08,-0.0,0.98,-27.24,47.49,-66.67
286,0.04,0.0,1.01,-22.02,48.52,-63.05
287,-0.03,0.0,1.06,-18.61,37.53,-65.09
288,-0.07,-0.01,1.12,-14.6,28.18,-63.95
289,-0.06,-0.02,1.09,-11.5,22.41,-61.36
290,-0.04,-0.04,1.06,-10.56,22.27,-60.73
291,-0.04,-0.06,1.09,-7.31,25.18,-58.63
292,-0.07,-0.03,1.09,-1.25,25.47,-55.89
293,-0.1,0.03,1.05,3.08,22.85,-51.31
294,-0.1,0.1,0.96,2.38,19.77,-47.63
295,-0.06,0.16,0.9,-2.9,17.0,-45.24
296,-0.02,0.17,0.87,-8.62,9.74,-43.01
297,0.02,0.2,0.84,-14.04,3.14,-40.76
298,0.06,0.21,0.82,-20.13,0.48,-37.84
299,0.08,0.19,0.84,-27.85,-1.86,-36.62
300,0.14,0.17,0.85,-32.17,-6.43,-34.92
301,0.16,0.14,0.86,-36.6,-6.4,-29.75
302,0.15,0.1,0.88,-41.66,-6.38,-27.39
303,0.16,0.05,0.93,-42.58,-5.26,-22.08
304,0.15,0.01,0.94,-43.82,-6.9,-19.88
305,0.15,-0.01,0.95,-45.57,-14.34,-20.2
306,0.15,-0.05,0.95,-47.03,-23.66,-22.01
307,0.16,-0.06,0.96,-47.57,-33.31,-23.33
308,0.17,-0.1,0.97,-45.85,-34.92,-19.86
309,0.2,-0.1,0.96,-43.67,-34.18,-16.13
310,0.24,-0.09,0.92,-42.36,-40.2,-16.12
311,0.3,-0.07,0.86,-44.34,-41.89,-15.05
312,0.31,-0.05,0.82,-46.54,-44.72,-15.93
313,0.32,-0.02,0.8,-53.05,-44.93,-19.62
314,0.4,0.03,0.83,-58.48,-38.48,-21.72
315,0.42,0.05,0.84,-61.02,-27.37,-18.49
316,0.4,0.01,0.83,-62.49,-17.09,-14.68
317,0.35,-0.05,0.89,-64.61,-15.69,-18.32
318,0.3,-0.14,0.98,-67.56,-12.28,-20.61
319,0.27,-0.25,1.07,-65.32,-9.76,-24.83
320,0.24,-0.33,1.18,-59.79,-6.85,-28.46
321,0.24,-0.37,1.3,-48.83,10.17,-27.32
322,0.15,-0.4,1.35,-17.22,1.73,-21.37
323,0.15,-0.34,1.35,-15.53,33.73,-14.37
324,0.13,-0.28,1.22,-4.64,40.11,-10.02
325,0.13,-0.23,1.16,-0.3,38.05,-15.46
326,0.11,-0.2,1.15,3.95,33.59,-18.4
327,0.09,-0.17,1.12,10.2,29.76,-19.53
328,0.1,-0.14,1.07,14.41,30.49,-19.79
329,0.09,-0.09,1.02,18.42,32.85,-18.48
330,0.01,-0.04,0.99,18.78,28.14,-17.89
331,0.0,-0.02,0.94,17.76,23.11,-15.53
332,0.02,0.0,0.97,13.83,27.34,-9.97
333,0.05,0.0,0.96,12.29,23.47,-5.67
334,0.11,-0.01,0.94,8.68,17.56,-6.79
335,0.16,-0.03,0.95,6.27,7.94,-10.43
336,0.22,-0.06,0.99,5.23,6.19,-12.13
337,0.26,-0.07,1.0,8.15,8.1,-10.11
338,0.26,-0.09,0.96,10.44,8.97,-10.64
339,0.26,-0.09,0.95,8.69,9.16,-14.56
340,0.25,-0.1,0.93,7.22,8.31,-16.21
341,0.25,-0.1,0.95,3.4,10.67,-19.65
342,0.3,-0.1,0.91,-2.1,13.05,-26.14
343,0.31,-0.1,0.88,-7.29,-1.48,-29.92
344,0.3,-0.09,0.86,-12.1,2.78,-39.79
345,0.28,-0.11,0.9,-14.99,14.71,-35.8
346,0.23,-0.13,0.96,-13.82,27.61,-29.28
347,0.16,-0.13,0.98,-13.35,34.05,-25.07
348,0.12,-0.13,1.02,-12.85,33.15,-24.08
349,0.09,-0.13,1.02,-12.89,28.47,-23.82
350,0.08,-0.13,1.02,-13.51,19.61,-25.95
351,0.12,-0.13,1.03,-14.66,10.86,-28.94
352,0.18,-0.14,1.03,-15.12,5.47,-31.27
353,0.2,-0.14,1.03,-13.85,2.83,-33.5
354,0.18,-0.14,1.05,-12.01,1.85,-34.48
355,0.15,-0.14,1.04,-10.11,2.62,-33.35
356,0.14,-0.13,1.03,-9.54,1.9,-32.98
357,0.11,-0.12,1.02,-9.96,1.42,-31.23
358,0.08,-0.1,1.01,-10.6,-1.51,-29.46
359,0.1,-0.1,1.0,-11.5,-2.87,-26.21
360,0.13,-0.1,0.99,-12.06,-0.24,-22.56
361,0.15,-0.11,0.98,-12.32,1.84,-20.87
362,0.18,-0.11,0.98,-13.21,1.31,-22.05
363,0.18,-0.11,0.98,-14.36,-0.5,-23.93
364,0.17,-0.1,1.0,-13.68,-3.53,-24.38
365,0.15,-0.1,0.97,-14.01,-9.95,-26.22
366,0.18,-0.11,0.96,-16.54,-13.02,-29.27
367,0.21,-0.11,0.97,-16.89,-11.5,-30.15
368,0.22,-0.11,0.99,-15.3,-10.94,-29.65
369,0.19,-0.09,0.98,-13.78,-8.53,-28.24
370,0.16,-0.09,0.95,-14.63,-6.09,-26.17
371,0.14,-0.08,0.95,-15.74,-5.52,-24.93
372,0.13,-0.09,0.97,-15.98,-7.75,-22.92
373,0.13,-0.09,0.96,-16.5,-8.11,-20.81
374,0.13,-0.09,0.93,-17.85,-8.79,-18.24
375,0.14,-0.12,0.94,-19.14,-8.46,-16.73
376,0.14,-0.13,0.97,-18.65,-8.63,-14.42
377,0.14,-0.13,0.97,-17.73,-8.88,-12.69
378,0.13,-0.14,0.97,-17.27,-8.9,-14.76
379,0.14,-0.16,0.96,-18.07,-9.41,-11.73
380,0.13,-0.17,0.97,-18.41,-11.92,-13.08
381,0.13,-0.16,0.97,-17.76,-12.53,-11.03
382,0.13,-0.16,0.96,-16.35,-10.36,-7.95
383,0.12,-0.16,0.95,-16.61,-6.31,-4.17
384,0.09,-0.17,0.96,-17.56,-3.59,-0.95
385,0.1,-0.18,0.97,-17.81,-3.19,1.39
386,0.09,-0.18,0.97,-16.62,-4.33,3.21
387,0.07,-0.16,0.98,-16.62,-6.51,4.79
388,0.07,-0.17,0.96,-16.27,-9.66,6.32
389,0.11,-0.17,0.96,-15.72,-11.3,7.51
390,0.12,-0.17,0.96,-15.07,-11.02,9.09
391,0.15,-0.17,0.95,-14.74,-9.37,9.88
392,0.17,-0.17,0.94,-14.47,-8.25,9.95
393,0.15,-0.16,0.95,-14.42,-6.94,11.47
394,0.13,-0.16,0.95,-14.06,-8.4,12.71
395,0.13,-0.17,0.95,-14.66,-7.27,15.21
396,0.13,-0.18,0.96,-16.05,-4.9,15.11
397,0.15,-0.19,0.96,-15.28,-9.43,16.27
398,0.18,-0.2,0.96,-15.73,-9.51,16.89
399,0.22,-0.2,0.96,-16.34,-8.31,16.89
