,accel_x,accel_y,accel_z,gyro_x,gyro_y,gyro_z
0,0.04,-0.04,0.99,-5.48,-7.66,-16.08
1,0.02,-0.05,0.99,-5.11,-8.38,-17.0
2,0.04,-0.05,0.99,-5.27,-9.28,-18.31
3,0.05,-0.04,0.99,-5.87,-8.8,-19.87
4,0.04,-0.03,0.99,-6.44,-10.25,-23.18
5,0.05,-0.03,0.99,-6.37,-11.04,-27.37
6,0.05,-0.03,0.99,-6.86,-13.73,-30.98
7,0.07,-0.04,1.0,-7.08,-12.75,-29.25
8,0.08,-0.05,1.0,-6.95,-12.94,-31.67
9,0.08,-0.05,1.01,-5.49,-10.8,-27.82
10,0.08,-0.05,0.99,-4.91,-8.78,-25.75
11,0.05,-0.05,0.99,-4.46,-9.41,-27.09
12,0.07,-0.05,0.98,-4.37,-8.89,-25.3
13,0.06,-0.04,0.98,-4.18,-6.98,-21.67
14,0.06,-0.04,0.98,-3.82,-8.1,-19.62
15,0.08,-0.02,0.98,-4.22,-4.18,-12.2
16,0.07,-0.04,0.99,-5.11,-2.33,-10.75
17,0.06,-0.04,0.98,-4.52,-2.39,-9.84
18,0.07,-0.04,0.98,-4.3,-0.92,-6.05
19,0.06,-0.04,0.97,-4.48,-2.08,-7.3
20,0.05,-0.04,0.97,-4.25,-5.18,-9.64
21,0.05,-0.04,0.98,-4.21,-5.47,-8.9
22,0.04,-0.05,0.99,-4.25,-5.84,-9.05
23,0.05,-0.04,0.97,-4.92,-7.1,-10.22
24,0.07,-0.04,0.96,-6.03,-5.62,-8.34
25,0.05,-0.05,0.97,-6.89,-6.4,-10.29
26,0.07,-0.05,0.98,-7.43,-7.07,-11.15
27,0.07,-0.06,0.99,-7.53,-7.65,-11.42
28,0.06,-0.07,1.01,-6.18,-10.15,-12.71
29,0.07,-0.08,1.0,-5.47,-11.69,-15.74
30,0.1,-0.06,1.0,-4.7,-7.29,-8.77
31,0.07,-0.07,1.02,-4.52,-7.85,-11.21
32,0.08,-0.07,1.01,-3.73,-7.44,-12.15
33,0.09,-0.07,1.01,-3.05,-6.95,-12.63
34,0.1,-0.06,1.0,-2.79,-5.16,-10.98
35,0.09,-0.06,1.0,-2.89,-4.37,-11.52
36,0.09,-0.05,0.99,-2.98,-4.9,-12.76
37,0.08,-0.05,0.99,-2.91,-4.61,-10.9
38,0.08,-0.05,0.99,-2.79,-6.18,-10.84
39,0.08,-0.04,0.98,-3.24,-4.54,-9.25
40,0.08,-0.04,0.97,-4.02,-5.97,-12.29
41,0.08,-0.04,0.98,-3.59,-7.15,-10.07
42,0.09,-0.05,0.97,-4.23,-7.02,-9.03
43,0.1,-0.05,0.99,-4.56,-7.31,-9.51
44,0.1,-0.05,0.99,-5.03,-7.28,-10.78
45,0.1,-0.05,0.99,-5.13,-7.27,-11.31
46,0.09,-0.05,0.98,-5.13,-7.96,-11.56
47,0.09,-0.06,0.99,-4.52,-8.63,-13.16
48,0.1,-0.07,1.01,-4.28,-9.76,-15.24
49,0.11,-0.07,0.99,-3.05,-7.86,-13.27
50,0.09,-0.07,0.99,-2.45,-6.81,-12.55
51,0.1,-0.06,0.99,-2.88,-8.48,-14.71
52,0.11,-0.05,0.99,-3.56,-8.02,-13.34
53,0.11,-0.06,1.0,-3.76,-9.13,-14.66
54,0.11,-0.06,0.99,-4.24,-8.03,-16.28
55,0.14,-0.05,0.98,-3.71,-6.82,-14.69
56,0.14,-0.03,0.97,-3.6,-4.98,-8.73
57,0.13,-0.04,0.97,-3.41,-0.98,-1.63
58,0.11,-0.04,0.97,-3.29,-0.11,1.07
59,0.09,-0.06,0.97,-3.24,-2.18,-0.18
60,0.15,-0.03,0.96,-2.34,-0.11,8.7
61,0.11,-0.04,0.97,-2.89,3.6,14.47
62,0.08,-0.06,0.99,-2.99,0.47,8.87
63,0.12,-0.04,0.99,-2.56,2.65,11.89
64,0.1,-0.05,0.98,-3.48,5.45,12.97
65,0.09,-0.06,0.98,-3.89,3.72,9.7
66,0.08,-0.06,0.98,-3.92,1.48,6.99
67,0.09,-0.06,1.0,-4.02,-0.31,3.78
68,0.09,-0.07,0.99,-3.49,-3.12,-0.16
69,0.09,-0.06,0.99,-3.77,-3.69,-3.52
70,0.1,-0.05,0.98,-4.6,-2.94,-4.69
71,0.1,-0.05,0.99,-5.13,-3.02,-6.46
72,0.11,-0.05,0.99,-5.17,-2.77,-7.17
73,0.1,-0.05,0.97,-4.97,-2.75,-7.94
74,0.1,-0.05,0.97,-4.86,-3.4,-7.9
75,0.09,-0.04,0.96,-4.95,-4.69,-9.68
76,0.09,-0.05,0.97,-5.35,-5.95,-10.2
77,0.08,-0.06,0.97,-5.63,-6.99,-12.4
78,0.09,-0.05,0.95,-6.05,-6.42,-10.15
79,0.08,-0.05,0.96,-7.17,-5.94,-6.98
80,0.08,-0.04,0.96,-9.07,-6.8,-8.36
81,0.11,-0.04,0.97,-10.62,-6.56,-6.43
82,0.12,-0.05,0.98,-10.89,-5.0,-5.27
83,0.13,-0.05,0.99,-10.37,-5.94,-7.08
84,0.15,-0.05,0.98,-9.72,-6.03,-8.01
85,0.14,-0.05,0.98,-9.47,-6.42,-9.64
86,0.13,-0.05,0.98,-8.88,-8.48,-12.47
87,0.14,-0.06,0.97,-8.15,-9.44,-9.06
88,0.12,-0.08,0.99,-9.3,-9.49,-11.95
89,0.15,-0.09,0.99,-9.32,-8.8,-12.94
90,0.14,-0.11,1.0,-9.4,-7.58,-12.57
91,0.14,-0.11,1.02,-9.49,-5.93,-11.0
92,0.13,-0.11,1.01,-8.26,-4.75,-8.75
93,0.13,-0.11,1.01,-7.66,-4.56,-8.28
94,0.14,-0.09,1.01,-6.83,-3.68,-7.15
95,0.12,-0.1,1.0,-6.28,-3.25,-7.39
96,0.12,-0.1,1.0,-5.98,-4.77,-9.41
97,0.13,-0.1,0.99,-4.56,-4.89,-9.05
98,0.14,-0.08,0.97,-4.22,-1.76,-3.44
99,0.11,-0.09,0.99,-5.12,-3.34,-5.94
100,0.11,-0.09,0.98,-5.14,-5.18,-7.08
101,0.13,-0.09,0.99,-4.78,-5.51,-7.7
102,0.13,-0.09,0.98,-5.21,-5.06,-6.92
103,0.13,-0.08,0.98,-5.34,-5.68,-7.82
104,0.14,-0.08,0.98,-5.71,-5.05,-7.65
105,0.14,-0.08,0.98,-5.83,-3.74,-5.4
106,0.13,-0.08,0.98,-5.21,-2.48,-3.79
107,0.12,-0.08,0.98,-5.36,-2.73,-3.66
108,0.12,-0.08,0.96,-5.98,-1.66,-2.65
109,0.11,-0.08,0.95,-6.47,-1.88,-1.76
110,0.1,-0.07,0.95,-7.37,-2.37,-1.44
111,0.1,-0.07,0.94,-8.58,-3.56,-1.61
112,0.1,-0.06,0.95,-9.44,-4.34,-2.23
113,0.11,-0.07,0.97,-10.38,-6.11,-5.69
114,0.15,-0.05,0.95,-11.09,-4.92,-3.75
115,0.11,-0.08,0.97,-11.53,-5.63,-3.5
116,0.11,-0.1,0.99,-10.88,-10.4,-8.47
117,0.14,-0.1,1.0,-9.92,-11.64,-9.5
118,0.16,-0.11,0.99,-9.4,-10.5,-7.35
119,0.16,-0.12,1.0,-9.88,-9.79,-8.28
120,0.18,-0.12,1.0,-9.37,-9.63,-7.43
121,0.18,-0.12,1.0,-9.16,-9.18,-7.86
122,0.2,-0.13,1.0,-8.81,-10.79,-12.01
123,0.23,-0.12,1.01,-7.66,-8.56,-9.45
124,0.21,-0.14,1.0,-2.47,-5.07,-10.66
125,0.2,-0.11,1.01,-4.92,-5.76,-7.74
126,0.19,-0.12,1.0,-4.62,-3.95,-6.31
127,0.18,-0.11,0.99,-4.6,-3.68,-6.17
128,0.17,-0.11,0.99,-4.25,-3.46,-6.01
129,0.17,-0.1,0.97,-4.08,-3.32,-4.82
130,0.15,-0.08,0.96,-4.66,-2.73,-4.99
131,0.14,-0.09,0.95,-5.53,-3.15,-5.65
132,0.14,-0.06,0.93,-6.11,-3.79,-5.08
133,0.14,-0.03,0.91,-8.18,1.5,1.72
134,0.11,-0.03,0.9,-10.13,0.18,4.78
135,0.07,0.0,0.9,-13.21,1.05,2.73
136,0.09,0.03,0.88,-16.61,7.63,7.15
137,0.06,0.04,0.86,-19.21,15.75,16.02
138,-0.04,0.03,0.85,-22.76,22.6,22.95
139,-0.12,0.03,0.85,-26.69,24.26,27.35
140,-0.19,0.08,0.87,-37.22,26.27,33.57
141,-0.27,0.04,0.94,-39.65,25.24,37.85
142,-0.47,-0.0,1.13,-43.3,8.04,31.98
143,-0.5,0.05,1.25,-50.05,-23.02,36.24
144,-0.34,-0.04,1.72,-55.53,-35.06,48.13
145,-0.14,-0.34,1.96,-36.49,-72.29,8.24
146,0.42,-0.55,2.0,-7.79,-78.9,8.73
147,0.89,-0.81,2.0,35.78,-64.98,-5.11
148,1.24,-0.81,2.0,75.88,-28.53,4.92
149,1.2,-0.76,2.0,102.8,-16.11,0.73
150,1.22,-0.74,2.0,125.24,-17.41,-12.01
151,1.17,-0.73,2.0,156.4,-13.02,-19.12
152,1.12,-0.66,2.0,174.79,-6.48,-29.86
153,1.12,-0.56,1.9,185.24,2.69,-36.98
154,1.04,-0.52,1.7,190.69,14.97,-46.73
155,1.0,-0.45,1.45,193.87,26.88,-57.89
156,0.93,-0.35,1.19,191.95,42.98,-58.53
157,0.84,-0.26,0.95,181.45,55.18,-61.49
158,0.82,-0.1,0.75,147.34,76.14,-44.85
159,0.59,-0.23,0.6,159.07,61.52,-74.59
160,0.6,-0.16,0.5,149.11,54.91,-82.72
161,0.6,-0.13,0.4,137.8,53.99,-88.62
162,0.62,-0.1,0.33,125.62,60.1,-92.89
163,0.57,-0.08,0.28,114.27,61.6,-97.81
164,0.58,-0.06,0.24,103.11,65.89,-102.61
165,0.53,-0.07,0.2,97.56,67.72,-107.66
166,0.47,-0.06,0.18,93.99,60.28,-109.98
167,0.44,-0.06,0.16,91.56,49.66,-120.98
168,0.46,-0.03,0.12,87.57,43.93,-135.82
169,0.45,0.05,0.09,80.31,44.27,-138.78
170,0.4,0.08,0.09,70.38,48.66,-139.99
171,0.35,0.1,0.1,62.37,55.85,-135.09
172,0.25,0.1,0.12,59.13,62.18,-130.02
173,0.14,0.12,0.11,54.31,66.33,-120.1
174,-0.03,0.11,0.08,49.53,68.34,-116.65
175,-0.12,0.16,0.04,44.18,63.41,-109.15
176,-0.27,0.17,0.07,34.43,47.97,-111.6
177,-0.25,0.18,-0.03,29.75,42.05,-115.32
178,-0.28,0.23,-0.04,18.44,37.96,-114.3
179,-0.29,0.24,-0.05,-0.18,32.02,-117.15
180,-0.25,0.27,-0.07,-11.27,26.46,-110.07
181,-0.33,0.23,-0.06,-27.59,23.58,-106.98
182,-0.3,0.23,-0.06,-43.34,17.49,-108.61
183,-0.29,0.18,-0.06,-56.92,23.37,-105.05
184,-0.34,0.13,-0.06,-69.47,29.4,-100.46
185,-0.48,0.08,-0.05,-81.08,35.65,-90.2
186,-0.72,0.03,-0.01,-90.86,25.31,-76.5
187,-0.87,-0.03,0.01,-96.95,21.31,-81.92
188,-1.03,0.06,0.05,-95.77,-7.46,-85.87
189,-0.88,0.07,0.0,-107.85,-21.01,-78.13
190,-0.85,0.06,0.04,-120.03,-46.73,-92.43
191,-0.69,0.04,0.09,-128.67,-61.56,-91.86
192,-0.63,0.06,0.16,-143.0,-67.57,-87.55
193,-0.56,0.03,0.24,-159.34,-62.17,-79.58
194,-0.53,-0.01,0.32,-175.54,-46.72,-66.55
195,-0.53,-0.08,0.42,-185.94,-30.51,-49.68
196,-0.66,-0.2,0.51,-185.29,-20.19,-36.13
197,-0.72,-0.28,0.59,-186.24,-19.09,-24.3
198,-0.85,-0.37,0.71,-186.85,-27.49,-22.22
199,-0.88,-0.47,0.81,-184.92,-37.88,-21.3
200,-0.96,-0.54,0.93,-179.23,-43.47,-17.38
201,-1.0,-0.58,1.02,-182.74,-50.81,-8.92
202,-1.02,-0.64,1.11,-180.83,-47.17,6.09
203,-1.05,-0.68,1.18,-184.46,-45.56,20.79
204,-1.06,-0.69,1.25,-185.47,-39.78,36.63
205,-1.03,-0.74,1.34,-179.66,-39.4,48.8
206,-0.98,-0.77,1.35,-170.59,-40.55,61.21
207,-0.95,-0.79,1.35,-155.96,-44.95,72.94
208,-0.99,-0.79,1.28,-148.44,-58.58,72.15
209,-0.98,-0.77,1.24,-138.34,-80.26,72.15
210,-0.89,-0.75,1.26,-134.91,-88.44,80.73
211,-0.8,-0.72,1.3,-133.79,-90.59,87.05
212,-0.73,-0.72,1.37,-128.87,-87.19,100.51
213,-0.7,-0.76,1.48,-123.09,-87.34,110.28
214,-0.58,-0.78,1.53,-113.01,-80.69,121.7
215,-0.49,-0.78,1.56,-96.18,-75.68,128.64
216,-0.45,-0.8,1.58,-84.4,-84.42,132.67
217,-0.33,-0.78,1.57,-71.02,-94.37,132.34
218,-0.17,-0.73,1.57,-61.36,-98.62,131.75
219,-0.06,-0.71,1.57,-50.94,-96.02,132.42
220,0.02,-0.68,1.53,-41.82,-92.61,130.79
221,0.03,-0.66,1.49,-32.89,-91.47,127.69
222,0.03,-0.63,1.45,-23.69,-95.92,122.23
223,0.11,-0.6,1.42,-14.33,-102.53,115.37
224,0.2,-0.56,1.39,-9.73,-105.76,106.58
225,0.35,-0.52,1.35,-1.27,-97.73,102.82
226,0.4,-0.48,1.38,1.82,-93.27,100.17
227,0.46,-0.48,1.38,11.37,-83.8,101.64
228,0.48,-0.49,1.36,25.28,-77.47,100.0
229,0.52,-0.46,1.34,36.71,-64.89,99.35
230,0.5,-0.48,1.31,47.27,-57.37,89.97
231,0.52,-0.48,1.25,57.08,-54.93,71.53
232,0.51,-0.46,1.18,65.79,-56.44,55.8
233,0.42,-0.52,1.2,74.78,-64.56,36.15
234,0.37,-0.57,1.19,86.08,-72.85,18.69
235,0.36,-0.61,1.21,96.77,-74.08,11.53
236,0.39,-0.59,1.17,103.21,-66.33,9.12
237,0.46,-0.52,1.1,101.5,-53.47,6.47
238,0.49,-0.48,1.03,98.82,-29.06,20.97
239,0.41,-0.49,1.03,95.41,-10.67,25.31
240,0.38,-0.44,0.97,92.04,4.56,28.6
241,0.31,-0.4,0.92,89.38,17.47,31.17
242,0.22,-0.34,0.87,85.65,19.92,33.27
243,0.17,-0.3,0.79,86.09,16.17,33.32
244,0.16,-0.23,0.75,83.02,9.51,27.45
245,0.21,-0.16,0.69,75.51,3.85,19.76
246,0.25,-0.11,0.64,67.82,5.69,16.53
247,0.24,-0.1,0.65,60.47,3.4,10.49
248,0.24,-0.11,0.63,55.39,1.38,5.95
249,0.22,-0.12,0.66,49.31,-0.15,1.56
250,0.21,-0.13,0.67,44.75,-1.9,-2.28
251,0.2,-0.14,0.67,41.49,-2.32,-5.08
252,0.18,-0.15,0.66,39.27,-2.54,-6.45
253,0.16,-0.16,0.66,37.15,-1.89,-6.21
254,0.13,-0.18,0.65,34.9,-1.62,-4.89
255,0.1,-0.17,0.64,29.33,-3.06,-8.28
256,0.1,-0.15,0.63,23.59,-3.34,-8.24
257,0.09,-0.13,0.63,17.66,-2.26,-6.69
258,0.07,-0.1,0.64,11.49,-1.93,-4.97
259,0.08,-0.07,0.63,5.46,-2.01,-4.95
260,0.08,-0.05,0.65,-0.08,0.02,-3.26
261,0.03,-0.08,0.69,-3.35,-2.6,-6.73
262,0.02,-0.09,0.72,-4.42,-8.25,-11.37
263,0.01,-0.06,0.76,-6.18,-11.52,-16.02
264,0.02,-0.06,0.79,-6.98,-13.21,-20.82
265,0.03,-0.09,0.83,-7.21,-11.35,-20.69
266,0.02,-0.12,0.88,-7.08,-9.1,-20.08
267,0.01,-0.14,0.91,-6.78,-4.89,-19.64
268,-0.0,-0.15,0.93,-5.05,-1.38,-14.11
269,-0.03,-0.17,0.97,-2.5,0.6,-13.24
270,-0.04,-0.15,0.95,-0.47,1.31,-12.47
271,-0.04,-0.12,0.94,-1.5,4.06,-7.48
272,-0.07,-0.12,0.94,-4.2,0.95,-8.78
273,-0.04,-0.09,0.93,-7.26,-3.98,-13.96
274,0.01,-0.07,0.94,-11.43,-2.85,-12.2
275,-0.0,-0.1,0.98,-14.3,-2.99,-11.53
276,0.01,-0.08,1.0,-14.87,-3.15,-10.62
277,-0.01,-0.11,1.03,-12.99,-7.79,-11.43
278,-0.03,-0.18,1.04,-8.92,-21.35,-16.55
279,-0.07,-0.28,1.13,-1.11,-39.52,-28.22
280,0.0,-0.27,1.18,3.18,-50.77,-38.02
281,0.13,-0.23,1.2,9.63,-41.51,-28.76
282,0.1,-0.24,1.24,16.02,-41.49,-37.16
283,0.29,-0.14,1.18,21.35,-28.08,-35.38
284,0.39,-0.0,1.08,18.01,9.7,-6.32
285,0.25,0.01,1.01,10.37,18.78,-9.54
286,0.22,0.07,0.97,-0.18,30.46,-12.46
287,0.18,0.02,0.9,-6.02,42.34,-2.89
288,0.03,-0.02,0.88,-5.62,44.73,2.37
289,-0.12,-0.07,0.93,-7.12,27.32,-4.48
290,-0.2,-0.08,0.95,-8.4,1.33,-12.22
291,-0.13,-0.12,0.88,1.47,0.04,-11.24
292,-0.19,-0.12,0.9,6.25,-13.85,-14.56
293,-0.13,-0.11,0.93,9.41,-29.29,-18.36
294,-0.07,-0.1,0.96,9.06,-37.79,-17.51
295,0.05,-0.08,0.94,8.53,-39.53,-17.98
296,0.14,-0.08,0.94,6.94,-37.0,-15.24
297,0.2,-0.04,0.97,-0.11,-29.52,-17.5
298,0.25,-0.07,0.97,-5.92,-16.27,-18.99
299,0.2,-0.08,1.01,-6.66,-10.12,-13.85
300,0.14,-0.09,1.03,-5.7,-0.68,-7.85
301,0.05,-0.09,1.07,-5.15,-2.34,-12.82
302,0.04,-0.07,1.07,-2.34,-5.81,-11.56
303,0.03,-0.07,1.1,0.03,-6.37,-5.01
304,0.04,-0.09,1.11,2.15,-7.22,-4.57
305,0.08,-0.08,1.09,2.74,-3.95,-1.21
306,0.1,-0.1,1.08,4.23,0.47,2.49
307,0.11,-0.11,1.05,5.51,3.37,1.69
308,0.13,-0.08,1.03,6.21,7.39,2.82
309,0.09,-0.09,1.01,7.05,9.68,4.16
310,0.08,-0.07,0.98,8.12,9.52,4.22
311,0.05,-0.05,0.94,7.51,8.35,3.9
312,0.04,-0.04,0.91,5.79,7.68,3.42
313,0.0,-0.04,0.91,3.53,5.5,3.59
314,-0.01,-0.03,0.89,1.77,1.29,-2.88
315,-0.03,-0.04,0.92,0.98,-2.1,-6.13
316,-0.04,-0.02,0.93,-0.85,-6.44,-9.4
317,-0.04,-0.03,0.94,-1.87,-8.88,-12.89
318,0.03,0.04,0.94,-6.11,-9.48,-16.06
319,0.08,0.04,0.92,-8.7,-3.47,-10.85
320,0.04,0.01,0.97,-7.76,-7.78,-11.31
321,0.13,0.04,0.9,-8.77,-2.32,0.73
322,0.06,-0.02,0.98,-10.05,-3.05,5.37
323,0.06,-0.07,0.99,-9.37,-9.87,-2.41
324,0.12,-0.07,0.99,-6.76,-9.64,2.15
325,0.12,-0.09,0.99,-4.47,-7.07,12.23
326,0.13,-0.11,1.01,-4.15,-6.42,17.42
327,0.15,-0.1,1.04,-4.37,-4.6,20.07
328,0.15,-0.13,1.08,-1.73,-2.72,19.34
329,0.08,-0.15,1.11,1.43,-4.26,10.63
330,0.12,-0.12,1.08,1.97,-2.91,8.75
331,0.12,-0.11,1.05,2.28,-0.18,9.65
332,0.09,-0.1,1.04,1.93,-0.76,6.95
333,0.07,-0.09,1.03,-0.14,-2.27,0.56
334,0.06,-0.08,1.04,-0.9,-3.35,-4.4
335,0.09,-0.07,1.02,0.08,1.36,1.85
336,0.04,-0.07,0.99,-0.13,4.19,3.54
337,0.03,-0.06,0.97,-1.53,1.88,1.86
338,0.01,-0.07,0.97,-2.37,-2.85,-2.15
339,0.01,-0.08,0.97,-1.07,-9.48,-6.51
340,0.03,-0.08,0.97,1.0,-11.52,-2.2
341,0.05,-0.08,0.97,0.73,-10.61,2.19
342,0.12,-0.04,0.93,1.16,-5.17,20.19
343,0.07,-0.07,0.97,-0.53,-0.67,26.6
344,0.06,-0.07,0.99,-1.95,-3.79,20.17
345,0.11,-0.05,1.01,-1.15,-2.26,25.08
346,0.11,-0.07,1.01,-2.49,0.56,21.9
347,0.09,-0.06,1.02,-2.65,-3.56,11.21
348,0.12,-0.05,1.02,-2.56,-3.51,7.06
349,0.14,-0.05,1.01,-2.48,-2.53,2.71
350,0.14,-0.04,1.0,-1.5,0.05,3.89
351,0.11,-0.04,1.0,-1.47,-0.85,-0.57
352,0.11,-0.03,0.98,-1.82,-2.06,-4.5
353,0.12,-0.03,0.96,-2.13,-2.95,-7.1
354,0.14,-0.01,0.93,-3.63,-0.58,-2.4
355,0.11,-0.02,0.95,-6.12,2.82,1.57
356,0.09,-0.03,0.96,-7.56,0.44,-3.64
357,0.13,-0.02,0.94,-7.54,2.38,-3.67
358,0.09,-0.03,0.96,-8.16,2.21,-2.73
359,0.07,-0.04,0.96,-9.43,0.44,-6.58
360,0.07,-0.04,0.96,-9.72,-0.2,-6.57
361,0.07,-0.05,0.97,-10.66,-1.35,-7.51
362,0.08,-0.06,0.96,-11.77,-1.98,-10.02
363,0.06,-0.07,0.97,-11.79,-3.77,-12.1
364,0.06,-0.08,0.99,-11.57,-5.69,-12.73
365,0.09,-0.08,0.99,-11.73,-5.73,-13.89
366,0.13,-0.07,0.99,-11.43,-1.76,-4.97
367,0.11,-0.08,1.0,-11.09,1.02,-2.87
368,0.09,-0.1,1.0,-10.82,-0.02,-5.73
369,0.09,-0.1,1.01,-10.26,-0.36,-7.7
370,0.08,-0.11,1.03,-9.41,1.08,-8.0
371,0.08,-0.11,1.02,-7.7,2.92,-6.05
372,0.06,-0.12,1.02,-6.08,3.34,-5.73
373,0.05,-0.12,1.02,-4.23,4.84,-4.26
374,0.02,-0.13,1.01,-2.54,3.75,-2.68
375,0.03,-0.12,0.99,-2.92,2.44,-2.42
376,0.01,-0.11,0.98,-3.5,-0.88,-6.98
377,0.03,-0.1,0.99,-2.73,-3.76,-7.72
378,0.04,-0.1,0.99,-2.48,-5.63,-11.4
379,0.04,-0.09,1.0,-2.27,-5.79,-12.23
380,0.06,-0.09,1.0,-2.38,-6.12,-13.12
381,0.09,-0.08,1.0,-2.31,-5.82,-13.79
382,0.09,-0.09,1.0,-2.37,-6.72,-15.4
383,0.1,-0.08,1.0,-1.49,-6.88,-15.21
384,0.16,-0.07,1.01,-0.34,-0.85,-7.85
385,0.13,-0.07,0.99,0.02,2.47,-5.73
386,0.11,-0.07,0.98,0.07,2.45,-4.89
387,0.1,-0.07,0.98,-0.55,2.07,-5.83
388,0.09,-0.07,0.98,-0.98,0.82,-7.14
389,0.09,-0.06,0.96,-1.52,0.46,-7.55
390,0.08,-0.07,0.96,-2.68,-0.63,-7.81
391,0.07,-0.08,0.96,-3.31,-3.0,-8.64
392,0.07,-0.07,0.97,-4.09,-4.31,-9.66
393,0.07,-0.07,0.97,-4.51,-4.15,-9.57
394,0.09,-0.07,0.97,-4.21,-3.15,-8.64
395,0.06,-0.07,0.96,-4.57,-3.67,-9.17
396,0.04,-0.08,0.97,-6.49,-5.91,-12.19
397,0.07,-0.08,0.97,-6.7,-7.14,-13.52
398,0.07,-0.08,0.97,-6.66,-7.83,-10.26
399,0.06,-0.09,0.98,-8.41,-10.87,-9.71
400,0.07,-0.09,0.97,-6.69,-8.44,-11.35
