,accel_x,accel_y,accel_z,gyro_x,gyro_y,gyro_z
0,0.25,-0.21,0.96,-16.84,-6.98,15.43
1,0.29,-0.21,0.97,-15.24,-7.73,14.31
2,0.33,-0.22,0.96,-12.29,-7.42,12.89
3,0.31,-0.21,0.96,-11.29,-5.17,11.06
4,0.3,-0.22,0.98,-10.73,-3.95,8.56
5,0.3,-0.24,0.99,-7.84,0.38,8.6
6,0.29,-0.23,0.98,-4.62,5.39,10.07
7,0.26,-0.21,0.97,-3.38,8.45,11.34
8,0.24,-0.21,0.96,-3.35,10.92,12.38
9,0.23,-0.2,0.94,-4.76,15.28,13.47
10,0.21,-0.19,0.94,-5.89,15.85,14.95
11,0.19,-0.2,0.95,-6.53,14.68,15.66
12,0.17,-0.2,0.97,-11.95,10.76,13.6
13,0.2,-0.22,0.97,-9.51,10.11,12.78
14,0.15,-0.26,0.99,-1.24,-7.69,11.5
15,0.21,-0.26,1.01,-7.69,6.58,7.66
16,0.21,-0.25,0.99,-7.13,10.45,6.82
17,0.19,-0.24,0.99,-5.98,8.32,4.34
18,0.2,-0.23,0.98,-6.1,6.67,1.84
19,0.17,-0.23,0.98,-6.07,2.85,-1.26
20,0.14,-0.22,0.98,-5.56,-0.76,-3.08
21,0.15,-0.22,0.98,-5.53,-2.52,-4.25
22,0.15,-0.21,0.99,-5.39,-2.69,-3.45
23,0.18,-0.21,0.97,-5.7,-2.34,-2.89
24,0.2,-0.22,0.97,-5.95,-2.47,-3.56
25,0.2,-0.22,0.98,-6.27,-2.18,-4.44
26,0.17,-0.21,0.98,-5.56,-3.08,-4.98
27,0.15,-0.2,1.0,-10.46,-16.41,1.91
28,0.16,-0.21,1.01,-4.69,-6.4,-9.56
29,0.15,-0.21,0.98,-4.58,-10.3,-9.92
30,0.15,-0.22,0.98,-4.53,-8.78,-9.64
31,0.15,-0.21,0.97,-4.15,-6.83,-7.7
32,0.14,-0.21,0.97,-4.09,-7.77,-7.46
33,0.14,-0.2,0.97,-4.63,-9.28,-7.92
34,0.15,-0.19,0.96,-6.24,-15.01,-9.67
35,0.17,-0.2,0.94,-8.23,-19.27,-12.18
36,0.18,-0.21,0.95,-10.13,-22.19,-14.75
37,0.2,-0.22,0.95,-11.85,-24.68,-17.15
38,0.23,-0.23,0.94,-12.0,-25.5,-18.92
39,0.26,-0.23,0.93,-12.25,-24.31,-19.08
40,0.26,-0.23,0.94,-12.75,-21.92,-18.3
41,0.26,-0.24,0.95,-11.6,-17.23,-16.04
42,0.26,-0.25,0.95,-10.15,-13.27,-13.4
43,0.28,-0.25,0.93,-9.56,-10.75,-12.23
44,0.28,-0.25,0.95,-9.6,-8.43,-12.72
45,0.26,-0.26,0.95,-9.95,-9.45,-13.19
46,0.26,-0.27,0.97,-9.02,-11.04,-14.98
47,0.25,-0.27,0.98,-7.21,-11.0,-14.68
48,0.24,-0.27,0.96,-6.48,-12.22,-15.06
49,0.22,-0.26,0.94,-4.69,-16.02,-15.27
50,0.25,-0.25,0.94,-6.69,-10.31,-13.43
51,0.25,-0.24,0.94,-7.31,-8.02,-12.33
52,0.24,-0.24,0.91,-8.31,-7.46,-11.1
53,0.24,-0.23,0.92,-9.02,-6.63,-9.3
54,0.25,-0.24,0.93,-9.05,-5.71,-8.21
55,0.24,-0.24,0.94,-7.95,-5.11,-5.83
56,0.23,-0.23,0.94,-5.35,-10.69,-5.51
57,0.26,-0.24,0.91,-8.94,-2.95,-3.7
58,0.27,-0.24,0.92,-7.9,-2.77,-2.42
59,0.27,-0.24,0.91,-8.58,-1.6,-2.19
60,0.27,-0.25,0.9,-9.82,-3.88,-4.23
61,0.29,-0.26,0.91,-11.71,-5.5,-7.6
62,0.28,-0.26,0.93,-10.69,-4.8,-7.14
63,0.25,-0.28,0.91,-5.62,-10.63,-7.9
64,0.28,-0.27,0.93,-9.15,-4.32,-7.63
65,0.3,-0.27,0.92,-9.15,-1.06,-7.14
66,0.26,-0.26,0.93,-8.34,-0.25,-7.27
67,0.27,-0.27,0.94,-6.98,-0.49,-5.96
68,0.27,-0.26,0.93,-6.11,0.84,-6.1
69,0.26,-0.27,0.93,-5.22,1.91,-5.2
70,0.26,-0.26,0.94,-4.38,1.89,-4.8
71,0.25,-0.26,0.92,-4.55,0.73,-5.51
72,0.24,-0.26,0.92,-5.42,0.4,-5.5
73,0.24,-0.26,0.92,-6.09,-0.77,-5.34
74,0.24,-0.25,0.91,-6.6,-1.72,-4.82
75,0.23,-0.25,0.92,-7.69,-4.23,-4.28
76,0.23,-0.25,0.91,-9.0,-4.54,-4.22
77,0.24,-0.26,0.91,-9.71,-4.16,-3.56
78,0.24,-0.26,0.92,-8.73,-4.56,-2.18
79,0.24,-0.27,0.91,-8.37,-5.42,-1.52
80,0.26,-0.27,0.91,-8.74,-5.4,-1.38
81,0.27,-0.27,0.91,-9.15,-5.75,-2.47
82,0.28,-0.27,0.91,-10.24,-6.3,-5.03
83,0.28,-0.28,0.92,-9.94,-6.42,-7.35
84,0.27,-0.28,0.93,-8.19,-5.17,-7.17
85,0.25,-0.28,0.93,-7.28,-3.72,-5.66
86,0.24,-0.26,0.92,-7.31,-2.48,-4.32
87,0.23,-0.26,0.92,-7.98,-1.55,-3.66
88,0.23,-0.27,0.92,-8.43,-1.11,-2.63
89,0.24,-0.27,0.95,-8.3,-0.61,-2.26
90,0.25,-0.28,0.95,-7.55,-0.92,-2.26
91,0.24,-0.28,0.95,-6.7,-1.6,-2.34
92,0.25,-0.28,0.95,-5.9,-1.6,-2.45
93,0.25,-0.27,0.94,-5.64,-1.41,-2.29
94,0.23,-0.27,0.94,-6.32,-2.72,-3.8
95,0.22,-0.26,0.95,-6.24,-3.26,-3.1
96,0.22,-0.27,0.96,-5.98,-2.26,-2.2
97,0.23,-0.28,0.97,-3.99,-0.1,0.45
98,0.23,-0.27,0.96,-2.44,0.55,1.93
99,0.25,-0.28,0.94,-2.29,0.38,2.31
100,0.25,-0.28,0.94,-2.33,0.21,1.89
101,0.24,-0.27,0.94,-2.32,-1.09,1.26
102,0.24,-0.27,0.93,-2.31,-2.59,1.26
103,0.24,-0.26,0.91,-1.94,-4.42,2.2
104,0.26,-0.27,0.93,-3.52,-2.53,1.66
105,0.26,-0.27,0.93,-3.24,-1.15,2.63
106,0.25,-0.27,0.93,-3.98,-1.27,3.02
107,0.27,-0.28,0.93,-3.16,-1.6,2.34
108,0.27,-0.27,0.92,-2.44,-1.23,2.3
109,0.27,-0.27,0.92,-2.18,-1.44,2.07
110,0.28,-0.27,0.91,-2.16,-1.37,2.28
111,0.28,-0.27,0.9,-2.71,-1.15,2.09
112,0.28,-0.27,0.9,-3.92,-0.47,0.86
113,0.28,-0.28,0.92,-4.42,-0.77,0.46
114,0.28,-0.28,0.93,-3.83,-1.32,0.76
115,0.28,-0.29,0.92,-3.75,-0.93,0.6
116,0.29,-0.29,0.91,-4.21,-0.94,0.36
117,0.29,-0.29,0.93,-4.59,-0.54,-0.2
118,0.29,-0.3,0.93,-4.22,-1.42,-1.1
119,0.3,-0.29,0.93,-4.05,-1.91,-1.36
120,0.29,-0.28,0.92,-4.79,-1.47,-2.09
121,0.28,-0.29,0.92,-5.47,-0.99,-2.32
122,0.29,-0.29,0.94,-4.97,-0.57,-2.73
123,0.28,-0.29,0.94,-3.88,-0.37,-1.71
124,0.28,-0.3,0.93,-3.36,0.27,-1.26
125,0.28,-0.3,0.93,-2.82,0.82,-1.25
126,0.28,-0.29,0.93,-2.87,0.77,-1.27
127,0.26,-0.29,0.93,-2.4,0.13,-1.61
128,0.26,-0.29,0.94,-2.33,-0.11,-1.69
129,0.25,-0.29,0.93,-2.98,-0.77,-1.71
130,0.25,-0.3,0.93,-3.2,-0.21,-1.59
131,0.26,-0.3,0.92,-3.15,0.37,-1.69
132,0.26,-0.29,0.93,-3.89,1.81,-2.27
133,0.27,-0.29,0.93,-2.24,1.36,-1.3
134,0.27,-0.28,0.92,-2.0,1.88,-1.29
135,0.26,-0.27,0.91,-2.05,0.81,-2.14
136,0.25,-0.26,0.92,-2.34,-0.67,-2.35
137,0.24,-0.25,0.91,-3.01,-0.76,-1.98
138,0.22,-0.25,0.91,-4.27,-1.63,-1.79
139,0.23,-0.25,0.89,-5.12,-1.49,-0.84
140,0.24,-0.24,0.89,-5.91,-0.98,-0.08
141,0.23,-0.25,0.89,-7.13,-1.79,0.39
142,0.23,-0.25,0.88,-8.14,-1.68,0.35
143,0.24,-0.25,0.86,-10.26,0.49,1.02
144,0.23,-0.24,0.82,-16.03,4.66,1.97
145,0.22,-0.25,0.82,-15.47,2.27,2.41
146,0.21,-0.24,0.83,-17.41,4.02,4.47
147,0.17,-0.23,0.82,-20.47,8.86,9.66
148,0.16,-0.2,0.77,-24.92,8.64,13.54
149,0.13,-0.17,0.71,-31.78,9.57,17.94
150,0.05,-0.1,0.67,-49.22,11.9,21.05
151,-0.05,-0.04,0.62,-69.31,15.93,26.29
152,-0.21,-0.01,0.66,-93.79,25.5,32.96
153,-0.45,-0.03,0.76,-119.05,20.86,20.42
154,-0.63,-0.07,1.04,-139.37,19.02,20.42
155,-0.86,-0.14,1.34,-124.26,-10.13,46.18
156,-1.03,-0.25,1.6,-109.81,-40.82,57.08
157,-1.1,-0.36,1.79,-77.1,-61.92,85.18
158,-1.3,-0.48,1.88,-51.01,-85.36,122.55
159,-1.59,-0.57,2.0,-23.59,-129.92,161.5
160,-1.5,-0.71,2.0,-11.24,-157.01,220.27
161,-1.19,-0.95,2.0,20.87,-161.21,250.13
162,-0.66,-1.25,2.0,59.3,-166.67,250.13
163,0.15,-1.59,2.0,86.12,-159.02,250.13
164,0.94,-1.85,2.0,107.09,-159.85,250.13
165,1.64,-2.0,2.0,115.92,-175.8,236.02
166,2.0,-2.0,1.84,129.31,-205.34,134.76
167,2.0,-2.0,1.72,148.48,-233.02,47.63
168,2.0,-1.9,1.56,165.85,-232.36,-7.88
169,2.0,-1.71,1.23,190.58,-228.41,-51.26
170,2.0,-1.58,0.84,208.86,-206.72,-74.63
171,2.0,-1.46,0.52,217.37,-171.5,-92.5
172,2.0,-1.35,0.3,216.81,-136.02,-111.4
173,1.89,-1.26,0.16,216.03,-96.29,-126.83
174,1.69,-1.17,0.05,218.53,-63.35,-137.79
175,1.53,-1.08,-0.02,210.31,-30.36,-146.65
176,1.37,-1.01,-0.12,206.88,3.85,-156.32
177,1.19,-0.94,-0.19,200.76,17.99,-172.98
178,1.0,-0.85,-0.24,184.67,20.08,-194.02
179,0.82,-0.76,-0.29,168.04,17.53,-211.89
180,0.63,-0.7,-0.32,150.02,12.14,-224.82
181,0.5,-0.64,-0.37,132.2,12.39,-230.11
182,0.38,-0.54,-0.4,118.29,26.68,-232.63
183,0.34,-0.45,-0.47,99.66,39.4,-229.47
184,0.25,-0.4,-0.52,86.45,43.48,-222.26
185,0.17,-0.29,-0.55,56.25,61.75,-211.27
186,0.12,-0.23,-0.55,35.36,72.32,-198.31
187,0.06,-0.18,-0.55,18.53,83.97,-187.73
188,0.06,-0.17,-0.53,2.12,94.21,-177.36
189,0.03,-0.16,-0.49,-10.12,105.71,-164.76
190,-0.03,-0.13,-0.49,-21.28,114.14,-155.13
191,-0.08,-0.14,-0.42,-40.69,117.59,-149.38
192,-0.15,-0.08,-0.36,-50.95,119.4,-142.5
193,-0.26,-0.02,-0.32,-57.24,113.77,-141.75
194,-0.26,0.01,-0.28,-71.29,94.85,-145.74
195,-0.25,0.02,-0.2,-82.66,79.92,-150.71
196,-0.19,0.02,-0.17,-95.76,65.19,-158.53
197,-0.17,0.03,-0.14,-105.84,58.55,-161.31
198,-0.23,0.02,-0.14,-115.23,56.61,-157.2
199,-0.3,-0.01,-0.15,-127.05,59.33,-150.81
200,-0.37,-0.07,-0.11,-141.98,67.66,-145.63
201,-0.46,-0.14,0.0,-155.95,72.13,-143.47
202,-0.55,-0.21,0.15,-164.34,69.78,-139.17
203,-0.63,-0.26,0.2,-174.54,68.11,-130.05
204,-0.75,-0.31,0.23,-181.61,63.95,-123.88
205,-0.84,-0.32,0.22,-195.73,54.85,-118.4
206,-0.91,-0.38,0.33,-209.45,60.17,-106.95
207,-1.01,-0.47,0.42,-219.72,61.88,-94.9
208,-1.19,-0.56,0.55,-227.1,67.18,-80.07
209,-1.4,-0.65,0.83,-233.39,65.07,-65.36
210,-1.52,-0.72,1.04,-220.71,63.41,-45.59
211,-1.6,-0.75,1.11,-209.39,55.53,-31.22
212,-1.56,-0.7,1.13,-202.26,53.77,-18.05
213,-1.53,-0.59,1.05,-199.0,53.91,-6.64
214,-1.64,-0.51,1.04,-201.05,45.41,6.77
215,-1.8,-0.44,1.12,-206.03,31.34,22.47
216,-1.93,-0.41,1.19,-208.76,8.87,46.16
217,-2.0,-0.39,1.21,-214.07,-21.46,74.46
218,-2.0,-0.44,1.15,-222.63,-56.29,97.94
219,-1.86,-0.52,1.18,-231.46,-65.44,122.69
220,-1.72,-0.63,1.23,-232.46,-75.05,149.02
221,-1.62,-0.74,1.4,-233.92,-78.55,168.66
222,-1.53,-0.87,1.58,-218.36,-73.69,199.72
223,-1.53,-1.05,1.77,-198.4,-76.76,226.6
224,-1.5,-1.19,1.9,-159.38,-76.14,250.13
225,-1.48,-1.38,2.0,-142.52,-83.5,250.13
226,-1.59,-1.43,2.0,-118.12,-104.26,250.13
227,-1.54,-1.51,2.0,-105.96,-121.63,250.13
228,-1.41,-1.61,2.0,-100.0,-164.68,250.13
229,-1.12,-1.83,2.0,-91.05,-242.1,250.13
230,-0.48,-2.0,2.0,-64.11,-250.14,250.13
231,0.49,-2.0,2.0,-27.39,-250.14,240.67
232,1.26,-2.0,2.0,61.6,-250.14,222.66
233,1.82,-2.0,2.0,80.35,-250.14,186.5
234,2.0,-2.0,1.71,121.16,-250.14,137.15
235,2.0,-2.0,1.54,149.83,-250.14,93.65
236,2.0,-2.0,1.48,174.66,-243.5,68.61
237,1.77,-1.88,1.23,197.34,-233.13,37.37
238,1.7,-1.7,0.97,206.9,-240.21,3.32
239,1.75,-1.52,0.71,215.28,-232.79,-26.73
240,1.71,-1.38,0.51,217.23,-208.58,-52.8
241,1.6,-1.23,0.48,216.41,-179.4,-70.79
242,1.42,-1.11,0.36,216.58,-157.7,-83.17
243,1.2,-0.98,0.28,217.27,-141.66,-91.13
244,1.02,-0.88,0.17,213.0,-129.53,-103.2
245,0.89,-0.77,0.04,203.85,-110.9,-110.78
246,0.76,-0.64,-0.08,185.15,-87.45,-118.83
247,0.59,-0.5,-0.18,162.73,-70.02,-128.31
248,0.45,-0.4,-0.19,136.5,-61.4,-140.11
249,0.34,-0.3,-0.18,112.28,-53.44,-144.62
250,0.23,-0.25,-0.12,89.16,-47.14,-146.82
251,0.08,-0.21,-0.09,68.83,-44.1,-147.69
252,-0.07,-0.14,0.04,46.45,-34.18,-149.08
253,-0.16,-0.09,0.17,36.15,-22.32,-141.15
254,-0.2,-0.04,0.25,30.53,-5.11,-124.02
255,-0.27,0.02,0.28,25.86,7.33,-107.56
256,-0.31,0.08,0.27,18.72,23.32,-91.15
257,-0.3,0.12,0.35,7.98,31.24,-78.37
258,-0.31,0.16,0.42,-4.56,27.85,-72.47
259,-0.31,0.17,0.51,-14.18,11.96,-69.59
260,-0.29,0.16,0.61,-22.22,-3.35,-65.41
261,-0.21,0.14,0.67,-27.61,-11.53,-61.89
262,-0.1,0.13,0.72,-32.33,-11.05,-57.83
263,-0.02,0.12,0.77,-33.85,-7.31,-49.49
264,0.05,0.1,0.86,-31.15,-0.66,-40.25
265,0.14,0.1,0.88,-25.36,7.71,-35.13
266,0.18,0.12,0.89,-20.96,14.86,-29.17
267,0.22,0.16,0.89,-21.02,22.17,-25.44
268,0.2,0.18,0.87,-19.83,26.61,-19.89
269,0.22,0.19,0.87,-19.99,24.42,-16.12
270,0.25,0.17,0.89,-22.21,25.49,-13.36
271,0.28,0.16,0.92,-23.57,28.53,-12.53
272,0.31,0.14,0.95,-25.79,30.79,-14.89
273,0.33,0.1,0.96,-24.82,23.05,-18.67
274,0.33,0.07,1.01,-24.21,17.66,-21.5
275,0.32,0.06,1.01,-21.76,13.01,-24.69
276,0.34,0.06,0.99,-21.02,10.35,-29.68
277,0.31,0.05,1.02,-20.48,9.81,-30.85
278,0.28,0.05,1.05,-18.76,8.91,-30.86
279,0.25,0.07,1.05,-15.96,10.73,-26.27
280,0.25,0.08,1.02,-13.82,12.31,-20.99
281,0.24,0.08,1.0,-15.03,7.79,-19.41
282,0.25,0.06,1.01,-16.89,4.82,-18.62
283,0.26,0.06,1.03,-16.69,4.24,-16.3
284,0.31,0.07,1.0,-15.67,2.84,-15.17
285,0.34,0.04,0.98,-16.62,-1.15,-16.89
286,0.33,0.03,0.98,-17.57,-0.79,-17.84
287,0.33,0.03,1.0,-16.58,4.17,-17.31
288,0.32,0.05,1.0,-12.82,8.63,-11.53
289,0.29,0.04,0.97,-11.11,9.42,-8.2
290,0.28,0.04,0.96,-12.21,8.37,-7.5
291,0.27,0.04,0.95,-12.84,9.46,-5.74
292,0.25,0.05,0.95,-13.83,9.11,-3.45
293,0.26,0.06,0.93,-15.98,7.08,-3.47
294,0.27,0.05,0.93,-18.12,3.37,-4.43
295,0.28,0.03,0.94,-18.74,0.95,-5.87
296,0.27,0.03,0.94,-17.53,1.19,-4.54
297,0.26,0.05,0.93,-17.5,3.84,-3.44
298,0.26,0.05,0.93,-18.21,2.49,-2.05
299,0.26,0.02,0.96,-19.69,-1.23,-3.24
300,0.27,0.01,0.98,-18.47,-0.3,-2.99
301,0.26,-0.01,0.99,-15.77,1.6,-0.96
302,0.27,-0.01,0.96,-12.91,2.44,0.37
303,0.27,0.0,0.95,-11.82,3.47,0.16
304,0.28,0.0,0.95,-13.72,1.44,-2.83
305,0.28,-0.0,0.98,-14.73,1.2,-4.27
306,0.27,-0.01,1.01,-12.62,0.26,-3.68
307,0.26,0.0,0.98,-10.59,-0.88,-3.56
308,0.28,-0.01,0.98,-10.95,-0.48,-4.71
309,0.29,-0.02,1.0,-11.46,1.16,-4.89
310,0.29,-0.02,1.01,-9.18,2.63,-3.91
311,0.28,-0.02,1.01,-6.63,3.96,-2.85
312,0.29,-0.01,0.99,-4.89,6.53,-0.46
313,0.28,0.0,0.97,-5.38,5.87,-1.12
314,0.26,-0.0,0.97,-7.78,0.94,-4.01
315,0.26,0.0,0.99,-8.24,-1.24,-4.48
316,0.25,-0.0,0.98,-6.89,-1.27,-3.09
317,0.27,0.0,0.97,-6.08,0.83,-1.4
318,0.28,0.01,0.95,-6.43,2.54,-1.78
319,0.27,0.02,0.95,-7.56,0.65,-1.84
320,0.27,0.02,0.95,-7.94,-0.74,-0.92
321,0.27,0.02,0.94,-8.15,-1.5,0.87
322,0.28,0.02,0.92,-9.08,-1.89,1.21
323,0.29,0.03,0.91,-11.76,-2.78,0.63
324,0.3,0.02,0.93,-14.44,-3.69,0.71
325,0.32,0.0,0.93,-15.37,-4.18,1.15
326,0.33,-0.0,0.92,-15.52,-3.69,1.63
327,0.35,-0.02,0.93,-15.72,-1.78,0.65
328,0.33,-0.04,0.95,-17.24,-1.35,-1.17
329,0.31,-0.04,0.97,-16.11,-0.88,-1.74
330,0.32,-0.05,0.97,-14.98,-1.26,-2.15
331,0.33,-0.06,0.96,-14.5,-1.22,-3.4
332,0.32,-0.07,0.96,-15.13,-1.72,-5.98
333,0.32,-0.06,0.99,-15.28,-3.03,-7.26
334,0.3,-0.07,1.0,-12.37,-3.31,-7.83
335,0.3,-0.08,1.0,-10.07,-0.7,-7.16
336,0.3,-0.08,1.0,-8.39,1.92,-6.56
337,0.29,-0.07,1.0,-6.5,3.35,-6.64
338,0.27,-0.06,0.99,-5.49,2.5,-6.66
339,0.26,-0.04,0.99,-4.7,1.89,-6.88
340,0.26,-0.04,0.99,-4.63,3.05,-5.53
341,0.26,-0.04,0.99,-4.47,4.07,-4.44
342,0.27,-0.04,0.99,-4.19,2.37,-4.63
343,0.28,-0.03,0.98,-4.21,0.53,-5.67
344,0.27,-0.03,0.98,-3.84,0.41,-5.59
345,0.26,-0.02,0.98,-3.61,0.98,-4.76
346,0.26,-0.02,0.99,-3.34,0.63,-4.03
347,0.26,-0.03,0.98,-3.56,-0.68,-4.06
348,0.27,-0.03,0.98,-3.48,-1.89,-3.99
349,0.28,-0.02,0.97,-3.77,-1.58,-3.54
350,0.27,-0.02,0.96,-4.09,-1.53,-3.48
351,0.27,-0.03,0.97,-4.6,-2.31,-3.29
352,0.27,-0.03,0.97,-4.92,-2.18,-3.56
353,0.28,-0.04,0.97,-4.57,-2.62,-3.66
354,0.29,-0.05,0.98,-4.52,-2.18,-3.18
355,0.29,-0.06,0.98,-3.53,-1.62,-2.8
356,0.3,-0.05,0.98,-2.59,-1.08,-2.74
357,0.3,-0.05,0.98,-1.6,-2.08,-3.53
358,0.31,-0.05,0.96,-1.48,-2.86,-4.85
359,0.32,-0.03,0.96,-1.31,-2.75,-5.75
360,0.31,-0.02,0.93,-2.52,-3.67,-7.08
361,0.31,-0.02,0.93,-4.53,-3.32,-7.51
362,0.3,-0.02,0.93,-5.51,-1.66,-6.92
363,0.3,-0.02,0.93,-6.37,-1.6,-6.69
364,0.32,-0.04,0.94,-7.89,-1.99,-7.79
365,0.33,-0.05,0.96,-8.56,-1.45,-9.02
366,0.33,-0.06,0.98,-8.17,-1.89,-10.03
367,0.32,-0.07,0.97,-7.33,-2.68,-11.63
368,0.3,-0.07,0.98,-7.45,-4.58,-13.73
369,0.29,-0.07,1.0,-4.76,-1.74,-13.66
370,0.27,-0.07,0.99,-3.11,-0.08,-12.93
371,0.25,-0.07,1.0,-1.68,0.42,-11.27
372,0.23,-0.06,0.98,-0.95,-1.56,-10.65
373,0.22,-0.05,0.98,-1.4,-4.23,-9.49
374,0.22,-0.04,0.97,-0.95,-3.89,-7.62
375,0.22,-0.04,0.96,-1.66,-4.37,-5.97
376,0.24,-0.03,0.96,-1.82,-4.33,-4.37
377,0.25,-0.04,0.96,-1.78,-4.03,-3.43
378,0.26,-0.04,0.95,-1.11,-3.56,-2.36
379,0.28,-0.03,0.94,-1.1,-2.64,-1.69
380,0.28,-0.03,0.94,-1.11,-2.56,-1.62
381,0.27,-0.03,0.93,-1.82,-4.4,-2.14
382,0.28,-0.02,0.93,-3.02,-5.82,-2.32
383,0.29,-0.01,0.92,-4.09,-5.28,-2.5
384,0.31,-0.02,0.92,-4.95,-4.97,-2.11
385,0.32,-0.03,0.92,-5.92,-3.98,-2.72
386,0.32,-0.03,0.94,-5.68,-3.21,-2.96
387,0.34,-0.05,0.95,-4.89,-3.31,-3.74
388,0.33,-0.05,0.94,-3.97,-1.98,-3.94
389,0.33,-0.04,0.93,-4.31,-1.19,-5.02
390,0.32,-0.03,0.92,-5.15,-0.42,-6.15
391,0.3,-0.04,0.94,-5.66,0.4,-5.53
392,0.3,-0.04,0.95,-5.31,2.52,-4.83
393,0.3,-0.04,0.96,-5.63,2.27,-4.47
394,0.29,-0.04,0.96,-5.47,3.55,-3.93
395,0.28,-0.05,0.97,-4.94,3.12,-4.28
396,0.28,-0.05,0.96,-5.08,2.16,-5.02
397,0.27,-0.04,0.97,-5.27,1.95,-4.9
398,0.27,-0.04,0.98,-4.53,2.6,-4.18
399,0.27,-0.03,0.98,-4.08,1.95,-4.07
400,0.28,-0.03,0.96,-4.3,0.95,-3.64
