,accel_x,accel_y,accel_z,gyro_x,gyro_y,gyro_z
0,0.07,-0.39,0.95,-1.95,-3.9,-9.63
1,0.08,-0.38,0.93,-3.02,-8.08,-12.89
2,0.08,-0.39,0.92,-4.78,-9.49,-15.34
3,0.06,-0.39,0.95,-2.45,-9.62,-14.27
4,0.04,-0.4,0.94,-2.09,-9.27,-12.41
5,0.03,-0.39,0.91,-2.07,-8.11,-12.07
6,0.05,-0.39,0.89,-2.6,-3.31,-6.49
7,0.03,-0.39,0.91,-1.6,0.77,-0.58
8,0.04,-0.4,0.9,-2.09,0.5,-1.29
9,0.07,-0.4,0.91,-3.47,1.36,-2.15
10,0.07,-0.4,0.92,-4.02,-1.24,-7.18
11,0.08,-0.41,0.94,-2.99,-3.46,-9.21
12,0.07,-0.4,0.94,-0.08,-4.0,-8.49
13,0.05,-0.39,0.93,1.09,-4.11,-9.45
14,0.04,-0.38,0.9,0.66,-1.56,-8.17
15,0.03,-0.37,0.9,1.63,2.75,-3.53
16,0.03,-0.36,0.89,1.4,3.64,-0.2
17,0.04,-0.36,0.89,-0.51,0.82,-0.15
18,0.05,-0.36,0.9,-2.37,0.82,-1.34
19,0.06,-0.37,0.91,-2.47,1.04,-2.59
20,0.05,-0.38,0.92,-2.72,-1.75,-4.04
21,0.03,-0.37,0.92,-3.34,-5.04,-6.37
22,0.05,-0.37,0.94,-4.01,-7.24,-9.18
23,0.06,-0.37,0.94,-1.87,-6.75,-6.31
24,0.06,-0.35,0.97,-2.94,-8.66,-2.74
25,0.07,-0.38,0.96,-3.05,-8.77,-4.65
26,0.06,-0.41,1.02,-3.97,-4.89,-3.98
27,0.07,-0.41,1.05,1.63,-1.81,-2.94
28,0.09,-0.4,1.02,7.08,0.79,-0.96
29,0.08,-0.38,0.97,8.45,-1.65,-3.44
30,0.08,-0.37,0.93,7.01,-6.4,-8.98
31,0.08,-0.35,0.94,7.21,-11.1,-12.44
32,0.1,-0.35,0.93,7.98,-14.51,-10.71
33,0.09,-0.36,0.93,9.67,-13.53,-12.21
34,0.09,-0.35,0.92,10.5,-8.05,-8.06
35,0.11,-0.34,0.91,11.57,-6.54,-8.15
36,0.13,-0.33,0.89,12.05,-6.31,-9.28
37,0.14,-0.32,0.87,9.89,-5.58,-10.73
38,0.13,-0.31,0.86,8.59,-4.65,-10.77
39,0.11,-0.3,0.84,7.18,-3.74,-8.79
40,0.08,-0.29,0.84,6.04,-3.11,-9.22
41,0.06,-0.3,0.83,2.35,-3.47,-8.79
42,0.08,-0.3,0.85,-0.71,-3.1,-7.92
43,0.09,-0.31,0.86,-2.56,0.83,-5.85
44,0.07,-0.32,0.88,-4.8,1.44,-6.26
45,0.07,-0.33,0.93,-5.55,-0.65,-5.34
46,0.07,-0.34,0.96,0.66,0.2,-4.6
47,0.09,-0.35,0.94,1.37,3.34,-2.24
48,0.08,-0.34,0.94,1.58,0.43,-4.06
49,0.07,-0.32,0.93,2.23,-1.68,-4.8
50,0.05,-0.33,0.92,1.58,-3.95,-6.19
51,0.06,-0.33,0.9,-0.68,-5.95,-5.8
52,0.05,-0.33,0.91,-3.15,-4.95,-4.8
53,0.05,-0.34,0.89,-5.98,-2.97,-5.18
54,0.05,-0.35,0.9,-8.9,-5.18,-5.49
55,0.06,-0.37,0.95,-8.82,-4.56,-3.33
56,0.08,-0.38,0.96,-8.76,-1.65,-2.76
57,0.11,-0.37,0.95,-6.89,1.43,-0.44
58,0.11,-0.37,0.95,-6.45,-0.05,-0.36
59,0.11,-0.36,0.96,-6.66,-3.35,-2.49
60,0.12,-0.36,0.96,-7.11,-3.0,-4.21
61,0.16,-0.37,0.98,-6.35,-0.89,-4.17
62,0.15,-0.37,0.98,-3.22,3.57,-1.91
63,0.13,-0.37,0.97,-0.92,5.76,-1.07
64,0.13,-0.36,0.97,0.23,4.85,-2.04
65,0.15,-0.36,0.95,1.07,5.2,-1.63
66,0.13,-0.36,0.93,2.44,4.23,-2.25
67,0.13,-0.35,0.92,2.28,3.85,-4.05
68,0.11,-0.35,0.9,0.37,3.17,-6.11
69,0.13,-0.35,0.89,-0.61,1.11,-7.21
70,0.12,-0.35,0.91,-0.49,1.19,-7.45
71,0.1,-0.34,0.91,-0.28,3.6,-6.96
72,0.09,-0.33,0.89,-1.72,2.87,-6.92
73,0.1,-0.33,0.9,-3.04,1.04,-6.63
74,0.12,-0.33,0.91,-2.76,3.24,-6.05
75,0.12,-0.34,0.92,-2.58,5.06,-5.13
76,0.11,-0.34,0.91,-3.05,3.47,-5.85
77,0.13,-0.36,0.92,-3.23,3.37,-6.8
78,0.12,-0.37,0.95,-3.13,2.15,-11.05
79,0.11,-0.37,0.97,-1.14,4.68,-10.48
80,0.09,-0.36,0.95,0.44,6.08,-8.75
81,0.1,-0.36,0.91,-0.33,4.65,-10.05
82,0.09,-0.36,0.93,-1.22,3.95,-11.79
83,0.09,-0.36,0.95,0.53,6.53,-9.88
84,0.09,-0.35,0.94,2.43,8.47,-8.39
85,0.09,-0.32,0.92,3.25,7.57,-8.88
86,0.08,-0.31,0.91,2.33,7.42,-10.36
87,0.07,-0.3,0.88,0.63,5.05,-10.46
88,0.07,-0.29,0.89,0.63,3.56,-12.1
89,0.1,-0.3,0.88,-0.54,5.13,-11.31
90,0.1,-0.3,0.88,-1.52,8.07,-11.9
91,0.09,-0.3,0.88,-2.18,4.6,-13.71
92,0.1,-0.32,0.89,-3.45,4.85,-13.31
93,0.08,-0.31,0.9,-4.2,4.15,-13.73
94,0.07,-0.32,0.89,-5.03,-1.59,-16.57
95,0.07,-0.34,0.89,-6.28,-6.59,-19.37
96,0.07,-0.36,0.92,-7.19,-6.47,-19.6
97,0.07,-0.38,0.96,-4.47,-0.9,-16.21
98,0.06,-0.39,0.96,-3.3,3.61,-11.82
99,0.04,-0.38,0.96,-2.98,5.02,-10.33
100,0.07,-0.38,0.95,-2.85,5.48,-10.15
101,0.06,-0.38,0.95,-4.34,5.17,-10.1
102,0.05,-0.39,0.98,-6.01,4.6,-10.1
103,0.06,-0.38,1.0,-4.69,4.42,-9.11
104,0.06,-0.38,0.99,-3.79,5.53,-8.94
105,0.06,-0.37,0.99,-4.16,3.33,-8.86
106,0.05,-0.36,1.01,-1.66,-1.18,-8.44
107,0.03,-0.36,1.01,4.82,-4.58,-7.97
108,0.04,-0.34,0.97,0.18,-0.21,-4.86
109,0.03,-0.32,0.93,-2.12,3.64,-3.63
110,0.02,-0.3,0.9,-4.89,1.6,-2.98
111,0.03,-0.28,0.87,-7.08,0.13,-3.33
112,0.02,-0.3,0.87,-9.49,-7.6,-9.67
113,-0.0,-0.31,0.92,-10.37,-11.19,-8.34
114,0.03,-0.33,0.95,-6.68,-7.01,-1.07
115,0.03,-0.31,0.88,-4.21,-1.88,0.34
116,0.03,-0.3,0.84,-7.4,-4.44,-0.37
117,0.02,-0.29,0.84,-9.19,-8.8,-1.66
118,0.01,-0.3,0.86,-8.79,-11.57,-1.84
119,0.03,-0.3,0.84,-8.3,-7.39,0.27
120,0.02,-0.29,0.83,-10.59,-6.34,1.24
121,0.02,-0.3,0.84,-13.16,-8.64,1.14
122,0.02,-0.31,0.86,-13.09,-11.11,-0.85
123,0.04,-0.31,0.88,-12.63,-12.71,-1.84
124,0.03,-0.33,0.88,-11.99,-14.5,-2.56
125,0.02,-0.34,0.91,-10.52,-16.44,-1.1
126,0.01,-0.34,0.95,-8.01,-12.5,2.74
127,0.02,-0.34,0.94,-4.92,-8.55,4.89
128,0.04,-0.33,0.96,-2.07,-12.98,6.84
129,0.05,-0.33,0.92,-0.85,-13.63,11.4
130,0.02,-0.33,0.9,-0.11,-6.92,9.44
131,0.02,-0.34,0.92,-3.25,-11.64,7.99
132,0.03,-0.37,0.95,-2.44,-12.04,7.44
133,0.06,-0.36,0.93,-1.93,-13.21,8.26
134,0.09,-0.37,0.91,-2.06,-13.28,13.76
135,0.08,-0.36,0.91,-2.89,-13.76,15.18
136,0.07,-0.35,0.92,-4.99,-15.53,17.1
137,0.06,-0.36,0.91,-8.33,-14.47,17.44
138,0.1,-0.36,0.92,-10.61,-12.15,19.22
139,0.11,-0.4,0.93,-10.34,-12.63,17.42
140,0.18,-0.4,0.96,-9.66,-12.78,15.98
141,0.17,-0.4,0.97,-7.5,-13.95,14.65
142,0.17,-0.41,0.95,-8.63,-16.95,10.95
143,0.17,-0.4,0.95,-6.48,-19.22,9.77
144,0.17,-0.39,0.94,-7.69,-18.21,10.65
145,0.15,-0.37,0.95,-8.75,-13.82,11.76
146,0.15,-0.35,0.91,-10.31,-8.68,12.08
147,0.12,-0.34,0.88,-11.9,-6.37,12.56
148,0.08,-0.32,0.86,-15.87,-4.9,12.28
149,0.05,-0.32,0.83,-11.78,-2.47,15.66
150,0.02,-0.29,0.82,-16.27,-0.62,24.46
151,-0.03,-0.27,0.8,-17.32,0.75,27.25
152,-0.08,-0.28,0.76,-27.15,0.49,34.47
153,-0.17,-0.25,0.81,-29.7,-9.17,36.1
154,-0.27,-0.25,0.81,-36.88,-16.78,41.13
155,-0.31,-0.25,0.78,-45.06,-19.57,44.91
156,-0.43,-0.24,0.8,-52.82,-23.15,54.76
157,-0.58,-0.26,0.86,-60.34,-32.35,64.05
158,-0.65,-0.31,0.95,-62.14,-40.06,77.81
159,-0.73,-0.34,0.98,-58.89,-43.29,97.74
160,-0.84,-0.36,1.0,-58.16,-48.02,117.36
161,-0.97,-0.39,1.05,-54.01,-50.97,146.0
162,-1.1,-0.43,1.07,-60.45,-49.02,176.82
163,-1.18,-0.5,1.18,-70.89,-49.92,209.54
164,-1.13,-0.65,1.29,-77.7,-46.45,231.77
165,-0.96,-0.79,1.37,-79.45,-65.92,240.16
166,-0.65,-0.91,1.41,-78.84,-92.45,238.3
167,-0.45,-1.07,1.51,-66.78,-119.0,219.24
168,-0.2,-1.13,1.59,-59.76,-154.85,211.25
169,-0.04,-1.27,1.7,-36.69,-171.96,192.55
170,0.16,-1.31,1.78,-19.66,-164.22,185.15
171,0.3,-1.38,1.86,5.84,-149.29,189.26
172,0.41,-1.39,1.82,25.33,-134.22,175.35
173,0.57,-1.33,1.74,33.58,-122.59,152.63
174,0.68,-1.28,1.74,44.78,-141.39,119.09
175,0.71,-1.24,1.83,54.43,-172.33,89.2
176,0.66,-1.27,1.9,75.6,-192.21,60.77
177,0.55,-1.32,1.93,102.92,-205.34,44.57
178,0.47,-1.35,1.85,126.69,-199.04,41.63
179,0.42,-1.35,1.67,146.5,-185.36,38.3
180,0.44,-1.31,1.41,158.24,-183.92,32.31
181,0.44,-1.24,1.27,157.67,-188.95,18.54
182,0.55,-1.21,1.16,161.32,-192.59,0.27
183,0.63,-1.17,1.04,165.66,-200.98,-18.43
184,0.81,-1.07,0.91,158.78,-193.71,-37.56
185,0.97,-0.99,0.85,157.24,-186.67,-56.64
186,1.11,-0.96,0.77,165.24,-177.05,-67.59
187,1.26,-0.96,0.74,164.22,-149.82,-69.56
188,1.31,-0.93,0.67,163.93,-115.4,-67.68
189,1.25,-0.92,0.67,159.74,-82.86,-67.38
190,1.33,-0.86,0.64,162.31,-49.79,-79.13
191,1.3,-0.87,0.66,158.2,-42.52,-96.88
192,1.18,-0.83,0.6,161.33,-59.04,-133.62
193,1.15,-0.76,0.54,164.36,-73.31,-167.23
194,1.07,-0.7,0.42,169.06,-85.12,-191.45
195,0.96,-0.62,0.31,161.41,-92.82,-216.71
196,0.83,-0.54,0.21,154.48,-99.16,-236.22
197,0.65,-0.47,0.15,138.33,-98.72,-236.98
198,0.55,-0.38,0.05,119.42,-98.47,-241.44
199,0.55,-0.34,0.01,101.99,-77.75,-230.89
200,0.43,-0.25,-0.04,82.84,-57.26,-218.78
201,0.35,-0.19,-0.05,61.43,-44.39,-203.92
202,0.41,-0.16,0.02,46.15,-41.6,-189.5
203,0.39,-0.22,0.09,49.74,-29.57,-167.18
204,0.37,-0.21,0.12,39.91,-4.21,-150.87
205,0.41,-0.19,0.2,35.27,26.93,-130.55
206,0.41,-0.17,0.18,34.32,56.85,-115.45
207,0.37,-0.12,0.16,32.23,58.69,-112.85
208,0.39,-0.1,0.17,24.74,48.24,-119.66
209,0.35,-0.08,0.21,20.05,18.56,-133.96
210,0.33,-0.04,0.22,12.4,-13.94,-150.34
211,0.34,-0.04,0.25,5.85,-45.19,-164.0
212,0.38,-0.08,0.3,2.84,-66.89,-176.15
213,0.44,-0.09,0.36,1.85,-67.37,-175.58
214,0.48,-0.08,0.37,4.6,-52.32,-163.57
215,0.46,-0.02,0.26,-1.56,-35.69,-153.96
216,0.42,-0.03,0.29,10.68,-13.76,-138.76
217,0.38,0.04,0.28,10.26,0.65,-129.84
218,0.36,0.11,0.24,4.53,12.18,-123.57
219,0.29,0.17,0.22,1.02,14.14,-119.18
220,0.22,0.21,0.22,-0.41,10.5,-113.39
221,0.2,0.24,0.23,-5.2,12.6,-108.35
222,0.25,0.27,0.24,-10.07,23.37,-104.42
223,0.29,0.25,0.22,-17.71,19.16,-104.44
224,0.29,0.29,0.26,-24.76,25.15,-104.19
225,0.4,0.3,0.26,-18.5,26.94,-112.56
226,0.48,0.34,0.19,-20.82,9.01,-125.33
227,0.42,0.38,0.17,-23.74,-4.68,-136.6
228,0.35,0.41,0.17,-25.49,-10.16,-140.41
229,0.28,0.44,0.14,-31.44,-6.47,-138.98
230,0.22,0.48,0.16,-39.31,-0.68,-133.19
231,0.21,0.5,0.13,-46.3,5.61,-124.79
232,0.22,0.47,0.13,-55.3,14.92,-117.31
233,0.21,0.45,0.15,-61.21,20.01,-111.85
234,0.21,0.39,0.2,-63.76,20.38,-107.6
235,0.21,0.36,0.19,-66.98,27.11,-106.88
236,0.2,0.34,0.21,-65.02,38.53,-98.27
237,0.15,0.34,0.08,-67.54,59.34,-89.3
238,0.04,0.33,0.1,-69.45,55.71,-94.58
239,0.0,0.32,0.05,-78.6,54.85,-96.31
240,-0.08,0.33,-0.01,-87.69,51.32,-100.46
241,-0.17,0.33,-0.0,-100.54,39.41,-106.08
242,-0.27,0.3,0.08,-108.08,19.11,-110.85
243,-0.3,0.22,0.15,-112.66,10.55,-107.68
244,-0.27,0.16,0.2,-118.73,13.53,-101.66
245,-0.21,0.1,0.23,-118.73,23.06,-93.09
246,-0.15,0.03,0.22,-119.87,34.52,-86.71
247,-0.14,0.02,0.26,-121.42,48.5,-87.34
248,-0.26,-0.0,0.32,-120.15,53.24,-83.03
249,-0.36,0.01,0.29,-125.15,52.14,-86.97
250,-0.49,0.04,0.22,-130.27,40.82,-87.4
251,-0.62,-0.02,0.21,-135.69,19.04,-80.05
252,-0.65,-0.07,0.18,-157.5,19.4,-73.8
253,-0.65,-0.1,0.25,-173.92,21.46,-69.93
254,-0.65,-0.23,0.35,-179.82,21.37,-58.73
255,-0.66,-0.32,0.41,-188.05,37.1,-44.76
256,-0.74,-0.36,0.51,-193.66,79.39,-29.24
257,-0.86,-0.41,0.55,-189.55,91.79,-18.45
258,-0.96,-0.46,0.55,-194.69,81.42,-16.6
259,-1.12,-0.51,0.51,-199.96,46.48,-24.4
260,-1.24,-0.51,0.6,-208.36,6.0,-37.89
261,-1.2,-0.45,0.65,-214.67,-19.24,-35.85
262,-1.09,-0.41,0.74,-225.31,-25.36,-15.34
263,-0.99,-0.52,0.74,-228.8,-18.87,9.21
264,-0.83,-0.68,0.77,-239.16,4.83,29.34
265,-0.67,-0.84,0.71,-244.53,43.79,50.52
266,-0.69,-0.97,0.66,-250.14,66.48,58.41
267,-0.84,-1.0,0.68,-250.14,76.89,56.94
268,-1.21,-1.01,0.97,-250.14,77.47,54.21
269,-1.64,-1.08,1.36,-250.14,57.21,50.0
270,-1.77,-1.01,1.54,-219.48,37.46,61.35
271,-1.88,-1.01,1.27,-200.12,22.31,93.24
272,-1.99,-0.98,0.93,-198.2,2.63,105.45
273,-1.98,-0.99,0.79,-217.25,-1.28,125.4
274,-1.91,-1.11,0.6,-232.69,-2.21,151.82
275,-1.82,-1.07,0.65,-250.14,-26.61,192.85
276,-1.6,-1.17,0.78,-250.14,-42.92,212.23
277,-1.37,-1.33,1.05,-250.14,-37.15,206.91
278,-1.09,-1.58,1.57,-250.14,-46.12,210.24
279,-0.71,-1.88,1.85,-250.14,-60.99,195.08
280,-0.42,-2.0,1.98,-240.56,-76.52,175.04
281,-0.42,-1.95,2.0,-193.14,-85.63,149.78
282,-0.74,-1.72,1.94,-140.47,-114.76,125.15
283,-1.17,-1.37,1.55,-127.03,-187.57,106.74
284,-1.23,-1.31,1.31,-136.62,-250.14,107.39
285,-1.06,-1.55,1.2,-135.25,-250.14,128.8
286,-0.87,-1.95,1.29,-112.22,-250.14,149.42
287,-0.39,-2.0,1.32,-71.63,-238.52,201.27
288,-0.06,-2.0,1.05,-26.86,-207.17,190.64
289,0.27,-2.0,0.91,0.18,-207.02,173.93
290,0.41,-2.0,0.89,33.93,-246.83,132.35
291,0.59,-1.92,0.88,76.42,-250.14,95.1
292,1.28,-1.81,0.71,113.53,-250.14,76.92
293,1.94,-1.71,0.38,117.05,-173.68,81.83
294,2.0,-1.52,0.37,112.86,-100.78,63.3
295,2.0,-1.38,0.36,110.76,-88.48,30.53
296,1.73,-1.32,0.68,114.4,-145.6,-25.4
297,1.55,-1.27,0.83,147.99,-130.34,-40.46
298,1.41,-1.15,0.6,162.9,-90.15,-54.61
299,1.17,-0.93,0.33,154.37,-59.71,-91.37
300,0.9,-0.72,0.35,143.36,-40.05,-91.8
301,0.62,-0.58,0.31,131.59,-38.12,-86.03
302,0.41,-0.55,0.47,118.66,-53.35,-90.37
303,0.44,-0.56,0.62,125.04,-29.54,-75.68
304,0.44,-0.5,0.51,122.02,-7.45,-69.21
305,0.35,-0.37,0.38,104.66,-16.24,-75.88
306,0.26,-0.25,0.4,81.48,-30.82,-80.56
307,0.14,-0.21,0.43,59.69,-45.07,-81.4
308,0.06,-0.24,0.51,43.85,-54.39,-77.67
309,0.06,-0.29,0.69,34.18,-37.23,-59.69
310,0.09,-0.33,0.8,30.16,-1.19,-36.7
311,0.1,-0.31,0.82,36.46,25.55,-19.62
312,0.12,-0.28,0.75,35.91,31.08,-21.24
313,0.11,-0.24,0.7,30.73,23.73,-27.44
314,0.06,-0.2,0.64,19.14,6.32,-41.5
315,-0.07,-0.24,0.73,8.11,-15.21,-52.55
316,-0.07,-0.28,0.84,7.63,-17.33,-48.51
317,-0.04,-0.27,0.91,8.76,-5.17,-39.33
318,-0.06,-0.21,0.88,3.24,7.71,-31.03
319,-0.08,-0.12,0.94,-7.17,13.64,-23.9
320,-0.19,-0.02,1.12,-16.42,17.15,-17.66
321,-0.23,-0.02,1.34,-11.38,13.54,-6.08
322,-0.22,-0.13,1.44,5.11,8.42,7.48
323,-0.09,-0.29,1.33,19.85,0.98,14.24
324,0.02,-0.39,1.14,21.25,-13.8,0.54
325,0.12,-0.47,1.03,15.33,-23.35,-16.86
326,0.1,-0.49,1.08,14.59,-20.01,-24.97
327,0.07,-0.44,1.07,22.03,-10.03,-22.37
328,0.02,-0.36,0.93,24.53,-6.34,-21.09
329,0.01,-0.29,0.81,18.8,-4.79,-21.91
330,0.06,-0.28,0.77,15.85,-0.17,-7.69
331,0.02,-0.28,0.75,13.41,6.56,1.08
332,-0.01,-0.31,0.78,9.91,11.61,4.99
333,0.04,-0.32,0.79,8.47,20.99,10.98
334,0.07,-0.3,0.83,7.08,17.92,9.24
335,0.08,-0.3,0.85,8.05,6.95,1.11
336,0.07,-0.28,0.85,8.38,-7.72,-8.24
337,0.04,-0.26,0.89,6.84,-16.23,-13.08
338,0.05,-0.26,0.89,6.43,-14.47,-8.98
339,0.06,-0.26,0.89,3.0,-13.53,-5.93
340,0.11,-0.26,0.91,-2.92,-9.45,-5.84
341,0.16,-0.27,0.93,-5.37,-3.43,-4.37
342,0.18,-0.29,0.96,-7.03,2.69,-3.73
343,0.16,-0.29,0.98,-6.93,6.02,-4.19
344,0.17,-0.3,1.01,-4.98,8.5,-5.33
345,0.17,-0.3,0.99,-1.93,7.66,-6.69
346,0.14,-0.31,0.99,-0.47,5.01,-8.37
347,0.11,-0.3,0.98,0.96,2.56,-12.38
348,0.1,-0.29,0.95,0.63,1.3,-13.76
349,0.06,-0.29,0.94,-0.04,0.6,-13.57
350,0.03,-0.29,0.92,-0.24,2.44,-10.0
351,-0.02,-0.28,0.91,-2.48,0.66,-9.39
352,0.0,-0.28,0.89,-5.89,-1.36,-8.95
353,-0.01,-0.28,0.89,-11.15,-4.65,-9.4
354,0.0,-0.33,0.96,-12.86,-3.47,-10.03
355,0.05,-0.35,1.0,-9.56,2.3,-6.98
356,0.06,-0.35,0.99,-6.59,5.79,-4.44
357,0.03,-0.35,0.99,-4.3,4.54,-3.49
358,0.03,-0.32,0.98,-1.21,1.68,-2.69
359,0.03,-0.31,0.97,-0.78,-2.63,-5.03
360,0.02,-0.31,0.95,-0.38,-5.88,-7.45
361,0.03,-0.31,0.96,0.34,-7.42,-7.19
362,0.05,-0.31,0.94,0.29,-6.91,-7.32
363,0.04,-0.29,0.93,-1.5,-5.69,-7.27
364,0.05,-0.3,0.93,-3.05,-7.12,-6.92
365,0.06,-0.3,0.92,-3.01,-8.0,-6.13
366,0.08,-0.31,0.93,-3.8,-5.92,-4.71
367,0.09,-0.31,0.94,-2.92,-3.3,-3.18
368,0.1,-0.3,0.93,-2.15,-2.69,-2.76
369,0.09,-0.29,0.92,-4.05,-3.52,-4.37
370,0.1,-0.3,0.94,-4.83,-2.61,-3.86
371,0.13,-0.3,0.94,-3.6,-0.64,-1.25
372,0.1,-0.31,0.96,-3.78,-1.64,-2.05
373,0.1,-0.31,0.96,-3.6,-1.47,-2.55
374,0.12,-0.31,0.96,-2.58,-1.4,-2.38
375,0.11,-0.32,0.97,-2.22,-5.14,-4.38
376,0.1,-0.31,0.98,-0.99,-6.5,-5.43
377,0.1,-0.32,0.96,-1.69,-6.47,-5.69
378,0.1,-0.32,0.97,-1.23,-4.53,-3.06
379,0.08,-0.32,0.97,-24.34,-16.27,-1.72
380,0.07,-0.28,1.1,-2.03,-15.71,-6.89
381,0.13,-0.31,0.93,-0.7,-2.47,-3.53
382,0.1,-0.3,0.95,-3.42,-6.11,-6.92
383,0.1,-0.29,0.99,-1.91,-11.04,-7.6
384,0.1,-0.28,0.93,1.87,-3.26,-1.69
385,0.08,-0.28,0.92,-1.97,-6.79,-3.34
386,0.09,-0.28,0.9,-3.96,-11.05,-4.05
387,0.07,-0.28,0.93,-0.94,-4.31,-1.94
388,0.06,-0.28,0.9,-3.42,-1.95,-0.24
389,0.08,-0.29,0.9,-5.65,-3.51,0.71
390,0.09,-0.29,0.92,-6.46,-2.3,0.63
391,0.1,-0.3,0.93,-7.89,-1.56,-1.75
392,0.09,-0.29,0.94,-7.44,-6.43,-2.79
393,0.09,-0.3,0.94,-6.15,-5.38,-3.93
394,0.1,-0.31,0.96,-5.69,-4.41,-4.27
395,0.1,-0.32,0.95,-4.8,-3.14,-5.03
396,0.1,-0.32,0.96,-4.44,-4.71,-5.98
397,0.12,-0.33,0.95,-8.41,-10.25,-5.36
398,0.11,-0.32,0.96,1.15,-1.82,-2.22
399,0.08,-0.31,0.93,-0.79,-3.01,-3.21
