,accel_x,accel_y,accel_z,gyro_x,gyro_y,gyro_z
0,0.04,-0.02,1.02,-0.85,4.85,0.18
1,0.03,-0.01,1.01,-0.75,4.28,3.43
2,0.05,-0.0,0.98,-0.8,4.45,5.79
3,0.05,0.02,0.97,-0.85,5.04,9.65
4,0.05,0.03,0.96,-0.94,3.69,10.63
5,0.05,0.03,0.95,-1.41,-0.92,7.5
6,0.08,0.05,0.94,-2.42,-4.82,5.4
7,0.14,0.06,0.93,-4.68,-1.13,11.41
8,0.09,0.02,0.96,-7.24,-4.47,1.62
9,0.13,0.03,0.96,-8.45,-0.27,3.79
10,0.11,0.01,0.97,-9.02,3.21,6.04
11,0.11,0.02,0.97,-9.28,6.83,10.36
12,0.08,0.01,0.97,-9.58,10.56,15.5
13,0.06,0.0,0.96,-9.91,5.92,10.31
14,0.06,-0.0,0.96,-10.31,2.64,8.36
15,0.06,-0.02,0.97,-10.88,1.73,7.54
16,0.06,-0.03,1.0,-10.27,-3.95,2.21
17,0.09,-0.02,0.99,-9.26,-2.82,9.17
18,0.03,-0.04,1.02,-13.74,-14.12,6.58
19,0.1,-0.06,1.01,-5.11,-8.85,5.15
20,0.09,-0.06,1.02,-3.67,-8.22,3.47
21,0.1,-0.05,1.02,-1.87,-6.87,4.73
22,0.09,-0.05,1.01,-0.03,-8.47,5.39
23,0.09,-0.03,0.99,1.24,-6.41,10.01
24,0.09,-0.02,0.98,1.74,-7.34,13.95
25,0.02,-0.04,1.01,3.46,-14.38,9.69
26,0.06,-0.02,0.99,6.34,-18.09,15.53
27,0.03,-0.05,1.05,17.15,-29.92,33.7
28,0.06,-0.04,1.02,20.11,-34.02,34.75
29,0.12,-0.01,0.95,17.82,-30.63,29.36
30,0.1,-0.0,0.97,15.34,-31.09,25.41
31,0.14,0.03,0.94,12.2,-30.26,25.3
32,0.14,0.03,0.94,6.47,-28.63,21.04
33,0.14,0.06,0.92,6.08,-24.17,30.73
34,0.2,-0.05,0.94,-5.19,-7.97,12.36
35,0.15,-0.02,0.99,-7.02,-11.25,5.25
36,0.16,-0.04,0.98,-6.88,-4.6,4.66
37,0.12,-0.02,1.0,-8.58,-3.23,0.25
38,0.09,-0.02,0.97,-8.86,-3.12,1.07
39,0.08,-0.01,0.96,-11.01,-2.03,-1.84
40,0.06,-0.01,0.96,-13.9,-1.99,-2.56
41,0.06,-0.03,0.97,-16.4,-3.05,-6.94
42,0.04,-0.03,0.97,-17.38,-2.99,-6.76
43,0.07,-0.01,0.96,-18.37,-2.46,-3.13
44,0.04,-0.03,0.97,-18.76,-5.04,-5.5
45,0.07,-0.01,0.95,-18.73,-4.53,-3.06
46,0.03,-0.0,1.0,-18.77,-7.24,-8.38
47,0.05,-0.05,0.99,-21.47,-9.09,-7.44
48,0.07,-0.05,1.03,-22.6,-6.26,-3.19
49,0.09,-0.07,1.03,-21.74,-5.99,-3.3
50,0.09,-0.1,1.04,-19.34,-5.92,-5.95
51,0.13,-0.09,1.05,-17.27,-4.42,-6.78
52,0.13,-0.07,1.02,-15.27,2.14,0.79
53,0.11,-0.07,1.01,-13.9,2.85,3.58
54,0.12,-0.06,0.98,-12.15,4.11,7.23
55,0.11,-0.06,0.98,-11.37,1.88,5.85
56,0.1,-0.07,0.99,-10.32,3.09,7.89
57,0.09,-0.06,0.98,-10.89,-1.36,3.47
58,0.11,-0.05,0.97,-10.87,-2.1,3.37
59,0.12,-0.05,0.96,-12.13,-3.17,1.72
60,0.11,-0.04,0.96,-13.13,-6.44,2.38
61,0.12,-0.04,0.97,-15.44,-6.99,-0.81
62,0.14,-0.03,0.97,-16.36,-4.28,5.44
63,0.15,-0.07,1.0,-12.53,-5.18,3.69
64,0.12,-0.08,1.02,-4.22,-9.7,0.5
65,0.14,-0.09,1.03,-1.66,-15.76,-2.08
66,0.15,-0.08,1.03,-2.1,-12.47,0.61
67,0.12,-0.09,1.03,2.06,-12.02,4.05
68,0.15,-0.08,0.99,7.4,-8.78,13.89
69,0.06,-0.07,0.99,7.6,-18.8,7.12
70,0.08,-0.08,0.98,5.38,-20.58,7.37
71,0.11,-0.05,0.96,3.12,-18.83,7.94
72,0.08,-0.07,0.95,1.63,-20.51,7.18
73,0.16,-0.04,0.94,-4.37,-17.96,7.6
74,0.15,-0.06,0.97,-4.02,-18.35,8.4
75,0.17,-0.05,0.97,-5.75,-13.13,9.45
76,0.18,-0.06,0.99,-6.35,-12.49,11.79
77,0.24,-0.15,0.96,-2.52,-6.82,2.26
78,0.23,-0.08,1.02,-4.78,-4.98,5.63
79,0.19,-0.09,1.03,-4.92,-4.73,2.78
80,0.22,-0.09,1.01,-6.31,0.32,0.7
81,0.19,-0.08,1.0,-7.92,3.33,-0.22
82,0.17,-0.08,0.99,-9.69,3.92,-1.11
83,0.15,-0.08,0.99,-9.83,1.79,-2.85
84,0.17,-0.07,0.97,-10.48,2.31,-1.31
85,0.15,-0.06,0.97,-12.48,1.95,-2.21
86,0.15,-0.06,0.97,-13.24,1.39,-3.21
87,0.15,-0.06,0.99,-13.63,1.47,-3.77
88,0.16,-0.06,0.98,-13.95,3.14,-3.24
89,0.16,-0.07,0.99,-14.21,5.29,-1.7
90,0.15,-0.08,1.0,-13.89,5.96,-1.74
91,0.15,-0.09,1.01,-12.95,5.47,-2.51
92,0.16,-0.1,1.02,-11.86,4.94,-4.11
93,0.16,-0.11,1.02,-10.29,5.66,-6.31
94,0.15,-0.09,1.02,-8.68,3.68,-8.24
95,0.13,-0.1,1.0,-8.11,0.9,-10.37
96,0.11,-0.09,1.0,-8.5,-2.2,-13.54
97,0.09,-0.1,1.01,-7.25,-4.05,-13.48
98,0.1,-0.08,1.01,-6.45,-5.76,-15.04
99,0.12,-0.07,0.99,-7.46,-5.63,-12.63
100,0.14,-0.08,1.0,-8.8,-5.61,-14.36
101,0.14,-0.09,1.03,-7.97,-6.36,-13.98
102,0.15,-0.1,1.02,-6.69,-6.66,-14.21
103,0.17,-0.09,1.03,-5.64,-3.98,-11.44
104,0.15,-0.11,1.02,-4.47,-3.22,-10.38
105,0.15,-0.1,1.02,-3.08,-4.6,-11.52
106,0.14,-0.1,1.03,-1.88,-5.78,-11.24
107,0.16,-0.1,1.02,-0.27,-2.36,-3.34
108,0.13,-0.12,1.02,0.17,-2.33,-4.77
109,0.13,-0.12,1.03,0.94,-2.05,-4.83
110,0.14,-0.12,1.03,1.72,-1.25,-5.05
111,0.14,-0.12,1.02,2.2,-1.28,-6.26
112,0.17,-0.1,1.01,3.02,0.27,-2.9
113,0.18,-0.09,1.0,3.22,-0.18,-0.55
114,0.14,-0.1,1.01,2.25,-0.67,-4.72
115,0.16,-0.09,0.98,2.38,-3.52,-8.01
116,0.17,-0.08,0.99,2.63,-4.56,-9.31
117,0.17,-0.08,0.98,1.41,-4.95,-10.01
118,0.16,-0.08,0.98,-0.95,-0.88,-11.03
119,0.18,-0.08,0.98,-0.25,-5.3,-12.88
120,0.15,-0.1,1.01,0.05,-6.54,-15.98
121,0.16,-0.09,1.01,1.16,-7.26,-16.22
122,0.13,-0.11,1.05,1.93,-11.37,-26.92
123,0.21,-0.07,1.01,3.16,-4.66,-15.43
124,0.18,-0.05,1.01,2.37,-0.85,-10.54
125,0.14,-0.04,1.0,0.82,0.27,-10.05
126,0.1,-0.02,1.01,-1.5,0.73,-8.69
127,0.03,-0.0,1.05,-3.96,0.63,-6.0
128,0.01,0.02,1.07,-6.69,3.31,-0.3
129,-0.07,0.02,1.11,-9.89,7.94,9.72
130,-0.18,0.03,1.17,-11.51,2.11,16.5
131,-0.22,0.01,1.25,-14.05,-4.27,15.69
132,-0.26,0.04,1.34,-21.17,-2.47,22.5
133,-0.33,0.04,1.51,-26.63,-2.61,46.86
134,-0.41,-0.06,1.75,-27.17,-16.69,47.87
135,-0.31,-0.14,1.98,-21.82,-21.32,58.23
136,-0.15,-0.27,2.0,-6.08,-21.3,76.32
137,0.15,-0.39,2.0,22.78,-12.58,84.66
138,0.46,-0.43,2.0,55.05,-5.27,91.23
139,0.71,-0.49,2.0,84.18,-1.76,87.24
140,0.93,-0.55,2.0,112.04,-6.14,62.89
141,1.12,-0.58,2.0,141.82,-8.21,43.64
142,1.19,-0.61,2.0,168.76,-20.45,11.18
143,1.22,-0.62,2.0,192.53,-30.04,-8.64
144,1.2,-0.63,1.85,210.15,-38.69,-32.44
145,1.26,-0.6,1.67,219.82,-36.26,-51.43
146,1.28,-0.56,1.47,225.56,-21.27,-63.64
147,1.32,-0.49,1.26,225.23,6.66,-59.22
148,1.38,-0.38,0.97,215.27,46.7,-54.82
149,1.29,-0.2,0.72,192.6,87.02,-41.29
150,1.08,-0.2,0.42,181.71,115.5,-40.77
151,0.75,-0.12,0.23,154.89,116.24,-28.44
152,0.56,-0.14,-0.04,148.15,114.12,-45.25
153,0.43,-0.12,-0.18,132.66,100.08,-56.59
154,0.23,-0.08,-0.26,119.46,70.37,-81.31
155,0.17,-0.05,-0.32,107.31,38.18,-104.0
156,0.23,0.01,-0.35,88.82,2.27,-135.38
157,0.38,0.03,-0.33,73.23,-20.61,-158.66
158,0.54,0.05,-0.3,60.24,-28.83,-179.83
159,0.63,0.05,-0.31,50.18,-19.93,-187.44
160,0.59,0.03,-0.35,40.01,-5.79,-195.5
161,0.54,-0.0,-0.34,29.58,18.24,-179.74
162,0.38,-0.02,-0.32,22.51,31.61,-177.84
163,0.29,0.0,-0.35,13.98,41.4,-165.15
164,0.12,0.04,-0.36,5.67,47.14,-152.33
165,-0.05,0.06,-0.33,-5.25,44.05,-147.18
166,-0.11,0.09,-0.34,-14.79,34.39,-144.28
167,-0.14,0.13,-0.3,-28.13,23.33,-146.27
168,-0.02,0.2,-0.3,-43.56,20.28,-150.51
169,0.05,0.23,-0.27,-55.8,25.82,-145.34
170,0.03,0.19,-0.25,-67.77,37.22,-140.15
171,-0.05,0.13,-0.16,-76.89,49.38,-131.85
172,-0.17,0.08,-0.1,-88.28,57.81,-130.2
173,-0.31,0.03,-0.09,-97.11,65.68,-114.15
174,-0.6,-0.1,-0.0,-98.47,59.76,-109.07
175,-0.77,-0.13,0.04,-101.08,40.79,-108.81
176,-0.85,-0.11,0.09,-103.02,21.01,-103.17
177,-0.9,-0.11,0.15,-107.9,-2.95,-109.15
178,-0.83,-0.06,0.18,-116.88,-23.27,-111.63
179,-0.73,0.01,0.22,-130.08,-32.0,-104.6
180,-0.71,0.01,0.27,-145.6,-41.92,-107.1
181,-0.62,-0.0,0.32,-162.25,-45.71,-103.79
182,-0.57,-0.08,0.36,-177.46,-45.79,-102.79
183,-0.55,-0.16,0.47,-188.51,-43.69,-101.68
184,-0.58,-0.26,0.54,-196.51,-31.84,-95.53
185,-0.83,-0.36,0.72,-200.19,-38.49,-108.1
186,-0.79,-0.44,0.8,-194.69,-31.09,-84.83
187,-1.04,-0.53,0.96,-192.47,-26.95,-63.2
188,-1.17,-0.52,1.08,-187.21,-34.77,-46.41
189,-1.2,-0.67,1.14,-185.98,-43.08,-25.41
190,-1.18,-0.75,1.23,-187.22,-56.13,-15.58
191,-1.07,-0.78,1.28,-191.95,-64.33,-4.63
192,-0.93,-0.83,1.33,-190.77,-60.64,12.28
193,-0.85,-0.88,1.38,-188.98,-57.58,13.07
194,-0.82,-0.89,1.42,-176.15,-51.18,22.9
195,-0.97,-0.96,1.45,-159.03,-50.68,23.72
196,-1.07,-0.93,1.45,-143.19,-51.83,38.73
197,-1.23,-0.96,1.48,-126.89,-69.15,40.89
198,-1.18,-0.93,1.46,-118.85,-86.88,52.92
199,-1.04,-0.91,1.45,-118.35,-99.42,70.42
200,-0.81,-0.89,1.46,-115.23,-104.86,85.89
201,-0.61,-0.87,1.51,-112.34,-103.89,102.17
202,-0.46,-0.84,1.51,-104.56,-101.48,101.98
203,-0.34,-0.79,1.54,-90.8,-90.56,111.34
204,-0.32,-0.75,1.55,-77.65,-89.79,103.99
205,-0.37,-0.76,1.52,-60.53,-92.79,101.48
206,-0.46,-0.78,1.49,-39.53,-101.28,99.23
207,-0.49,-0.73,1.42,-27.72,-118.92,97.15
208,-0.4,-0.64,1.35,-25.83,-130.13,103.18
209,-0.25,-0.64,1.32,-19.64,-136.5,110.24
210,-0.12,-0.58,1.38,-15.53,-135.95,130.08
211,0.06,-0.6,1.35,-17.42,-134.5,138.84
212,0.18,-0.59,1.35,-16.55,-116.37,150.35
213,0.19,-0.62,1.37,-9.64,-98.49,160.54
214,0.11,-0.65,1.38,-2.6,-97.77,155.47
215,0.2,-0.63,1.37,6.68,-96.01,150.82
216,0.25,-0.64,1.39,22.15,-98.8,142.24
217,0.37,-0.63,1.34,41.51,-98.77,137.63
218,0.5,-0.64,1.27,48.81,-99.81,118.25
219,0.56,-0.65,1.26,56.65,-115.57,87.18
220,0.74,-0.65,1.28,60.99,-116.92,65.53
221,0.9,-0.7,1.34,66.75,-117.76,32.95
222,1.11,-0.72,1.39,79.07,-97.07,16.78
223,1.07,-0.81,1.49,98.4,-74.49,9.91
224,1.03,-0.84,1.51,123.18,-58.21,-0.43
225,1.0,-0.82,1.42,144.23,-34.08,-4.89
226,0.93,-0.76,1.36,159.37,-12.15,-10.5
227,0.85,-0.71,1.25,172.72,6.99,-14.5
228,0.73,-0.62,1.11,177.68,25.29,-6.57
229,0.6,-0.54,0.96,178.31,34.66,-0.43
230,0.49,-0.43,0.84,169.89,37.04,-6.73
231,0.48,-0.35,0.66,160.65,43.08,-8.08
232,0.41,-0.28,0.59,148.47,48.36,-8.31
233,0.3,-0.12,0.51,132.61,45.26,4.5
234,0.16,-0.12,0.45,118.84,45.61,5.68
235,0.06,-0.1,0.42,107.86,33.13,-3.37
236,0.03,-0.01,0.37,96.21,19.31,-16.18
237,-0.01,0.04,0.34,81.69,5.01,-21.27
238,-0.03,0.03,0.35,66.95,-10.27,-26.79
239,-0.02,0.06,0.36,52.73,-23.64,-28.85
240,-0.0,0.09,0.35,37.65,-32.35,-26.79
241,0.02,0.06,0.45,21.22,-41.84,-33.15
242,0.07,0.03,0.54,12.4,-38.56,-26.08
243,0.06,-0.03,0.63,10.34,-30.1,-16.73
244,0.07,-0.04,0.67,8.44,-23.64,-15.57
245,0.09,-0.05,0.71,7.06,-18.69,-13.43
246,0.11,-0.04,0.71,7.37,-11.3,-10.18
247,0.1,-0.03,0.72,8.01,-9.34,-9.42
248,0.09,-0.03,0.74,5.38,-4.97,-6.15
249,0.05,-0.04,0.76,3.65,-3.28,-5.05
250,0.01,-0.05,0.76,1.34,-5.81,-5.67
251,0.0,-0.04,0.78,-2.97,-12.75,-13.24
252,0.04,-0.02,0.78,-7.27,-15.07,-14.92
253,0.03,-0.02,0.8,-10.82,-18.56,-13.22
254,0.03,-0.02,0.85,-15.97,-22.56,-15.11
255,0.05,-0.04,0.89,-20.38,-28.92,-21.0
256,0.14,-0.03,0.92,-21.46,-26.7,-15.64
257,0.18,-0.06,0.96,-19.69,-22.04,-9.5
258,0.19,-0.08,0.99,-16.44,-18.56,-8.46
259,0.23,-0.06,1.02,-13.64,-13.73,-7.05
260,0.27,-0.04,1.01,-10.0,-3.63,-4.08
261,0.24,-0.01,0.98,-7.11,4.04,1.21
262,0.2,0.02,0.95,-6.68,6.61,1.62
263,0.14,0.03,0.94,-7.94,4.56,-1.73
264,0.1,0.02,0.93,-9.54,-0.18,-4.69
265,0.11,0.0,0.94,-10.02,-3.67,-6.59
266,0.1,-0.01,0.96,-10.79,-6.58,-9.61
267,0.11,-0.02,0.98,-10.15,-7.82,-8.98
268,0.12,-0.01,0.98,-9.08,-7.34,-6.95
269,0.1,-0.01,1.0,-9.58,-10.77,-11.24
270,0.12,-0.02,1.02,-8.1,-11.85,-13.67
271,0.12,-0.02,1.04,-7.83,-10.36,-16.73
272,0.13,-0.03,1.04,-4.23,-11.1,-15.47
273,0.12,-0.04,1.06,-2.68,-3.68,-6.99
274,0.09,-0.04,1.06,-0.73,-3.27,-7.66
275,0.11,-0.04,1.04,0.39,-0.98,-6.26
276,0.1,-0.02,1.03,-1.07,-0.31,-5.5
277,0.09,-0.04,1.04,-1.97,-2.12,-6.13
278,0.1,-0.05,1.05,-1.85,-4.02,-7.7
279,0.13,-0.03,1.04,-1.54,-3.59,-9.44
280,0.14,-0.03,1.04,-1.17,-3.01,-9.4
281,0.14,-0.03,1.03,0.51,-2.36,-7.79
282,0.14,-0.02,1.02,1.74,1.19,-5.82
283,0.1,-0.03,1.02,2.99,2.05,-3.05
284,0.08,-0.03,1.0,3.53,3.24,1.47
285,0.06,-0.02,0.97,1.67,2.79,0.03
286,0.08,-0.01,0.96,-1.97,3.5,-1.83
287,0.1,-0.01,0.98,-5.17,5.71,-0.69
288,0.09,-0.02,1.0,-5.33,6.82,-0.6
289,0.1,-0.01,1.0,-3.43,5.7,-0.29
290,0.11,0.01,0.97,-1.85,6.15,2.95
291,0.09,0.01,0.96,-0.69,7.0,9.24
292,0.04,-0.01,0.97,-1.07,1.08,5.84
293,0.05,-0.02,0.97,-2.05,-3.78,1.82
294,0.09,-0.02,0.98,-2.99,-4.79,2.86
295,0.1,-0.02,0.98,-3.52,-3.68,4.76
296,0.1,-0.02,0.97,-5.31,-5.16,2.51
297,0.13,-0.01,0.99,-6.31,-6.6,0.05
298,0.15,-0.02,0.99,-5.67,-5.8,0.28
299,0.15,-0.03,0.99,-5.79,-4.79,-1.95
300,0.14,-0.04,1.0,-4.85,-5.02,-1.92
301,0.13,-0.03,0.99,-3.95,-4.91,-2.99
302,0.13,-0.02,0.97,-4.81,-5.33,-4.71
303,0.13,-0.02,0.98,-7.34,-4.89,-5.76
304,0.12,-0.05,1.01,-7.03,-6.97,-8.08
305,0.13,-0.05,1.01,-4.49,-7.24,-9.29
306,0.15,-0.05,1.01,-2.64,-4.55,-6.47
307,0.13,-0.05,1.01,-0.95,-4.37,-7.41
308,0.15,-0.04,1.0,-1.94,-2.41,-7.76
309,0.14,-0.04,0.99,-1.25,-0.35,-6.25
310,0.11,-0.04,0.99,0.34,-1.56,-5.02
311,0.11,-0.03,0.97,-0.22,-1.68,-1.94
312,0.1,-0.03,0.97,-1.66,-2.21,-2.24
313,0.11,-0.01,0.96,-2.65,-3.63,-2.12
314,0.09,-0.03,0.97,-4.18,-4.79,-1.55
315,0.11,-0.03,0.99,-5.49,-7.13,-3.13
316,0.14,-0.04,1.0,-3.89,-5.89,-2.63
317,0.15,-0.02,0.99,-2.87,-3.95,-2.09
318,0.14,-0.01,0.98,-3.11,-4.15,-3.55
319,0.15,-0.01,0.97,-3.44,-4.53,-4.48
320,0.15,-0.01,0.97,-2.97,-3.91,-5.45
321,0.17,-0.0,0.96,-2.9,-1.44,-5.63
322,0.14,-0.01,0.96,-2.9,-0.76,-4.02
323,0.12,-0.02,0.98,-3.33,-4.28,-7.42
324,0.15,-0.03,0.97,-2.53,-3.71,-6.79
325,0.16,-0.0,0.97,-2.98,-0.53,-5.01
326,0.15,0.0,0.95,-6.24,0.82,-4.47
327,0.13,-0.02,0.98,-8.07,-1.05,-6.19
328,0.14,-0.03,0.99,-6.72,-1.0,-6.89
329,0.15,-0.04,0.98,-5.45,0.69,-6.26
330,0.14,-0.03,0.96,-5.18,2.29,-5.89
331,0.1,-0.05,0.98,-5.44,-0.48,-7.83
332,0.09,-0.05,0.99,-4.46,-3.02,-8.53
333,0.1,-0.04,0.97,-4.09,-2.58,-8.28
334,0.1,-0.03,0.96,-5.98,-1.42,-7.64
335,0.09,-0.03,0.97,-8.18,-2.33,-7.35
336,0.11,-0.04,1.01,-8.2,-4.97,-9.68
337,0.14,-0.04,1.02,-6.19,-4.89,-10.09
338,0.16,-0.03,1.02,-5.11,-4.09,-9.19
339,0.16,-0.03,1.01,-4.93,-3.63,-9.23
340,0.15,-0.01,1.0,-4.78,-3.51,-8.67
341,0.14,-0.02,1.01,-4.5,-5.09,-8.95
342,0.15,-0.01,1.0,-5.46,-3.8,-8.24
343,0.14,-0.01,1.0,-6.3,-3.65,-7.02
344,0.13,-0.03,1.01,-5.74,-4.73,-6.53
345,0.14,-0.03,1.01,-5.43,-4.26,-6.85
346,0.14,-0.02,1.01,-5.26,-3.55,-5.65
347,0.15,-0.02,1.02,-4.56,-3.31,-5.56
348,0.16,-0.03,1.01,-3.44,-3.24,-6.24
349,0.16,-0.01,1.0,-3.45,-2.29,-5.56
350,0.16,-0.02,1.0,-3.93,-3.0,-6.7
351,0.14,-0.03,1.0,-4.0,-5.44,-8.92
352,0.16,-0.04,1.0,-3.53,-5.18,-9.69
353,0.17,-0.03,0.99,-2.98,-2.66,-9.33
354,0.15,-0.04,0.99,-2.86,-0.69,-7.37
355,0.11,-0.05,0.99,-2.66,-2.88,-9.06
356,0.12,-0.03,1.0,-2.85,-4.39,-10.79
357,0.1,-0.03,0.99,-4.78,-4.88,-14.26
358,0.14,-0.03,0.97,-3.37,-9.92,-14.97
359,0.16,-0.02,0.97,-4.83,-6.27,-6.25
360,0.15,-0.02,0.98,-4.21,-5.61,-7.32
361,0.14,-0.02,1.0,-4.21,-4.08,-6.71
362,0.14,-0.03,1.0,-4.39,-5.65,-9.52
363,0.15,-0.04,1.0,-3.79,-6.34,-10.25
364,0.16,-0.04,0.99,-3.4,-6.21,-10.02
365,0.15,-0.04,1.0,-3.4,-4.92,-9.79
366,0.13,-0.05,1.01,-3.81,-9.07,-15.93
367,0.21,-0.03,0.97,-4.43,-5.24,-10.74
368,0.18,-0.03,1.0,-4.37,-0.3,-4.73
369,0.13,-0.05,1.0,-2.18,-4.34,-6.81
370,0.16,-0.04,1.0,-0.77,-6.09,-8.06
371,0.17,-0.04,0.99,-0.26,-5.2,-7.92
372,0.17,-0.03,0.99,0.18,-3.53,-5.65
373,0.18,-0.04,0.98,1.68,0.18,1.18
374,0.1,-0.05,0.98,0.34,-2.94,-3.96
375,0.12,-0.04,0.98,-0.67,-7.73,-7.83
376,0.17,-0.02,0.96,-1.4,-6.47,-6.76
377,0.14,-0.04,0.98,-2.42,-7.59,-10.31
378,0.18,-0.02,0.95,-0.43,-7.26,-6.15
379,0.17,-0.03,0.95,-1.23,-3.2,-1.66
380,0.14,-0.05,0.98,-1.74,-7.83,-8.05
381,0.19,-0.02,0.96,-0.45,-7.5,-8.67
382,0.21,0.0,0.95,-2.14,-3.6,-5.78
383,0.18,-0.01,0.96,-4.4,-2.82,-5.7
384,0.18,-0.03,0.97,-4.19,-3.37,-6.76
385,0.17,-0.03,0.98,-3.07,-3.62,-6.36
386,0.19,-0.03,0.97,-3.35,-2.89,-6.04
387,0.18,-0.03,0.98,-4.3,-2.06,-6.0
388,0.18,-0.04,0.98,-3.31,-1.47,-5.12
389,0.16,-0.05,0.99,-2.24,-1.74,-4.4
390,0.16,-0.05,0.98,-1.44,-3.9,-5.66
391,0.18,-0.03,0.98,-1.64,-4.77,-7.16
392,0.21,-0.02,0.97,-3.4,-1.65,-4.7
393,0.18,-0.03,0.98,-4.24,-0.44,-4.46
394,0.18,-0.04,0.99,-2.5,-1.18,-5.73
395,0.2,-0.03,0.98,-2.0,0.46,-4.65
396,0.18,-0.03,0.97,-2.52,1.22,-5.56
397,0.16,-0.04,0.97,-2.92,1.51,-5.21
398,0.16,-0.03,0.96,-3.09,1.47,-4.69
399,0.15,-0.03,0.97,-4.15,0.21,-4.88
