,accel_x,accel_y,accel_z,gyro_x,gyro_y,gyro_z
0,0.1,-0.04,1.02,-1.3,-1.99,13.93
1,0.12,-0.05,1.04,0.31,-6.31,16.95
2,0.11,-0.02,1.04,0.95,-0.06,18.06
3,0.11,-0.03,1.0,1.05,1.56,14.87
4,0.15,-0.04,0.97,-0.61,-0.52,10.45
5,0.17,-0.04,0.96,-0.56,0.56,12.47
6,0.17,-0.06,0.95,-1.31,2.83,13.15
7,0.16,-0.04,0.96,-6.15,-4.5,10.18
8,0.14,-0.08,0.98,-7.18,-5.82,5.72
9,0.13,-0.08,0.97,-6.73,-1.85,4.06
10,0.13,-0.07,0.97,-6.63,-2.35,5.94
11,0.16,-0.07,0.93,-8.23,-10.92,15.27
12,0.17,-0.06,0.92,-8.4,-29.11,31.5
13,0.1,-0.05,0.95,-5.95,-40.3,40.66
14,0.07,-0.05,1.0,-11.44,-35.36,30.24
15,0.1,-0.11,1.02,-10.96,-30.76,20.33
16,0.11,-0.15,1.05,-11.67,-22.6,12.82
17,0.08,-0.1,1.07,-9.01,-17.39,5.07
18,0.11,-0.12,1.06,-6.35,-5.71,-0.44
19,0.08,-0.14,1.06,-1.3,-4.95,-4.66
20,0.1,-0.1,1.02,-7.4,-2.02,0.24
21,0.07,-0.11,1.04,-5.98,2.58,-5.05
22,0.09,-0.11,1.03,-6.42,0.31,-10.39
23,0.07,-0.1,1.02,-1.07,2.44,-4.69
24,0.11,-0.09,1.0,0.37,1.24,5.6
25,0.12,-0.09,0.99,2.89,0.05,10.73
26,0.1,-0.09,1.0,4.14,2.08,12.76
27,0.18,-0.1,0.97,2.75,2.25,1.88
28,0.22,-0.11,0.93,-0.6,-6.63,-10.08
29,0.18,-0.11,0.98,-5.67,-20.34,-27.76
30,0.17,-0.1,1.02,-2.4,-22.26,-36.86
31,0.18,-0.08,1.01,1.93,-22.08,-38.1
32,0.17,-0.07,1.01,2.24,-24.11,-41.14
33,0.19,-0.08,1.03,1.68,-29.4,-42.18
34,0.23,-0.09,0.98,2.97,-25.83,-46.47
35,0.25,-0.08,0.94,-0.57,-15.34,-48.73
36,0.23,-0.05,0.93,-1.98,-10.7,-48.7
37,0.22,-0.03,0.93,-2.43,-11.7,-42.08
38,0.2,-0.05,0.94,-3.99,-9.73,-36.85
39,0.21,-0.04,0.91,-11.95,-10.39,-37.94
40,0.18,-0.04,0.99,-5.63,-21.66,-34.15
41,0.2,-0.07,0.98,-0.9,-33.31,-26.53
42,0.2,-0.09,0.95,7.83,-31.11,-26.45
43,0.24,-0.06,0.92,-7.39,-25.02,-29.11
44,0.26,-0.08,0.96,-6.37,-16.85,-34.7
45,0.26,-0.09,0.91,-8.49,-17.7,-34.71
46,0.24,-0.09,0.92,-6.48,-16.68,-41.4
47,0.25,-0.07,0.89,-13.62,-13.76,-40.3
48,0.24,-0.06,0.91,-10.53,-8.14,-41.45
49,0.24,-0.07,0.93,-13.73,-8.05,-35.85
50,0.25,-0.06,0.96,-11.0,-7.47,-27.53
51,0.23,-0.05,0.98,-10.46,-13.69,-20.45
52,0.18,-0.04,1.03,7.34,-29.35,-16.34
53,0.27,-0.09,0.91,-0.21,-32.33,-12.13
54,0.3,-0.08,0.92,-5.59,-26.63,-12.84
55,0.28,-0.06,0.95,2.85,-20.25,-13.03
56,0.27,-0.08,0.97,-5.59,-16.34,-9.02
57,0.26,-0.07,0.95,-2.4,-9.46,-7.62
58,0.28,-0.06,0.95,-2.18,-10.56,-6.87
59,0.25,-0.05,0.95,-1.85,-17.59,-9.49
60,0.27,-0.06,0.93,-3.44,-17.31,-10.04
61,0.27,-0.06,0.92,-7.47,-9.6,-10.24
62,0.25,-0.06,0.94,-10.92,-6.31,-10.63
63,0.25,-0.09,0.97,-11.17,-1.67,-10.25
64,0.25,-0.1,0.97,-11.44,4.37,-10.58
65,0.25,-0.12,1.01,-9.56,12.4,-4.42
66,0.25,-0.11,1.03,-7.39,17.31,-0.11
67,0.27,-0.11,1.02,-3.51,24.31,2.53
68,0.27,-0.12,1.0,-2.4,29.12,-0.71
69,0.26,-0.1,1.02,-0.82,31.37,-5.1
70,0.23,-0.12,1.04,3.71,30.6,-20.44
71,0.21,-0.09,1.05,8.14,27.82,-16.88
72,0.2,-0.09,1.03,4.84,29.18,-12.35
73,0.22,-0.09,0.95,-9.65,25.35,-13.8
74,0.18,-0.04,1.01,3.27,22.56,-11.76
75,0.2,-0.04,0.96,-1.57,10.92,-9.73
76,0.2,-0.06,0.97,0.45,0.4,-12.73
77,0.2,-0.05,0.97,-0.07,-1.95,-12.8
78,0.19,-0.05,0.96,-1.4,-2.18,-6.4
79,0.2,-0.06,0.96,-0.42,-1.13,0.0
80,0.2,-0.06,0.96,-0.22,0.6,3.27
81,0.21,-0.06,0.95,-2.21,0.96,0.81
82,0.21,-0.06,0.95,-3.56,-1.13,-3.23
83,0.2,-0.07,0.96,-3.86,-1.18,-6.24
84,0.21,-0.07,0.96,-3.53,-0.29,-11.8
85,0.24,-0.05,0.93,-4.08,0.7,-16.24
86,0.22,-0.04,0.89,-6.82,-0.66,-13.37
87,0.21,-0.03,0.91,-10.37,0.44,-15.45
88,0.21,0.0,0.89,-11.63,0.38,-12.61
89,0.19,-0.03,0.89,-13.36,0.27,-8.43
90,0.19,-0.06,0.93,-17.61,0.27,-5.15
91,0.2,-0.06,0.93,-13.92,3.02,-3.75
92,0.19,-0.05,0.91,-15.42,1.88,-4.31
93,0.2,-0.06,0.92,-15.63,0.65,-4.08
94,0.19,-0.07,0.94,-15.39,-2.21,-3.45
95,0.19,-0.07,0.92,-12.91,-1.98,-4.58
96,0.17,-0.07,0.93,-13.65,-2.9,-5.5
97,0.17,-0.07,0.93,-13.61,-3.37,-4.39
98,0.18,-0.06,0.94,-13.14,-2.38,-0.75
99,0.17,-0.06,0.93,-13.31,-2.2,-0.2
100,0.18,-0.07,0.92,-15.5,-2.31,-0.7
101,0.16,-0.07,0.94,-16.89,-3.11,0.58
102,0.18,-0.06,0.92,-22.87,-7.65,0.47
103,0.16,-0.11,1.0,-16.44,-7.85,-0.9
104,0.17,-0.12,1.05,-15.22,-6.15,0.36
105,0.18,-0.13,1.02,-11.84,-2.89,1.79
106,0.21,-0.13,0.99,-10.62,-1.4,1.73
107,0.2,-0.12,1.01,-9.48,-3.16,2.37
108,0.19,-0.12,1.0,-10.23,-5.21,1.55
109,0.21,-0.11,0.99,-9.95,-6.34,2.18
110,0.22,-0.13,0.94,-15.01,-9.14,2.74
111,0.2,-0.12,0.99,-8.84,-7.16,3.51
112,0.21,-0.11,0.98,-9.08,-7.88,4.8
113,0.2,-0.1,0.97,-9.48,-8.45,4.53
114,0.21,-0.1,0.97,-10.61,-8.27,5.95
115,0.23,-0.12,1.01,-10.19,-2.98,9.54
116,0.24,-0.13,1.01,-7.19,-1.41,9.96
117,0.25,-0.12,0.99,-7.44,-3.31,8.27
118,0.25,-0.12,0.98,-8.11,-5.05,6.63
119,0.25,-0.12,0.98,-8.61,-5.89,5.54
120,0.26,-0.12,0.96,-8.76,-5.6,4.95
121,0.25,-0.12,0.97,-9.79,-7.08,3.96
122,0.24,-0.13,0.97,-10.29,-6.5,4.43
123,0.23,-0.13,0.96,-10.16,-3.56,5.25
124,0.25,-0.12,0.94,-10.04,-1.18,8.63
125,0.19,-0.11,0.94,-11.77,-1.88,7.22
126,0.15,-0.1,0.92,-14.44,-3.4,8.47
127,0.11,-0.08,0.91,-17.27,-2.11,11.4
128,0.06,-0.05,0.89,-22.65,-3.35,13.56
129,-0.0,-0.03,0.87,-28.85,-6.1,19.51
130,-0.1,-0.0,0.86,-36.84,-10.08,27.13
131,-0.2,0.03,0.83,-47.71,-11.43,38.67
132,-0.39,0.07,0.85,-63.22,-16.79,50.66
133,-0.6,0.09,1.05,-95.82,-39.82,61.38
134,-0.76,-0.01,1.22,-84.18,-42.65,85.92
135,-0.84,-0.08,1.46,-82.84,-35.47,117.15
136,-0.82,-0.17,1.58,-73.99,-33.19,152.99
137,-0.74,-0.29,1.72,-60.01,-44.42,180.53
138,-0.66,-0.42,1.96,-42.69,-62.7,201.27
139,-0.56,-0.5,2.0,-21.24,-71.46,222.78
140,-0.39,-0.63,2.0,-2.97,-97.63,233.09
141,0.06,-0.78,2.0,13.51,-147.95,227.02
142,0.68,-0.96,2.0,25.1,-191.82,204.04
143,1.25,-1.16,2.0,37.02,-196.31,174.08
144,1.62,-1.35,2.0,62.0,-191.55,131.89
145,1.87,-1.46,2.0,101.75,-184.4,87.66
146,1.97,-1.46,2.0,131.97,-174.59,41.69
147,2.0,-1.4,1.92,157.11,-165.96,-1.39
148,2.0,-1.33,1.67,170.66,-156.71,-39.73
149,2.0,-1.29,1.4,178.36,-143.02,-68.64
150,2.0,-1.25,1.16,187.9,-122.79,-94.1
151,2.0,-1.2,0.96,206.04,-92.19,-117.27
152,1.9,-1.19,0.81,210.16,-59.27,-130.54
153,1.66,-1.11,0.69,219.61,-5.46,-133.27
154,1.4,-1.01,0.54,225.08,45.39,-132.43
155,1.18,-0.91,0.38,228.2,85.54,-129.46
156,1.04,-0.8,0.21,220.86,112.88,-135.85
157,0.89,-0.69,0.08,214.23,108.45,-149.11
158,0.76,-0.61,-0.04,202.38,81.66,-173.92
159,0.65,-0.5,-0.16,187.2,48.65,-198.24
160,0.54,-0.4,-0.38,172.82,30.17,-209.02
161,0.39,-0.27,-0.29,142.43,-4.98,-215.61
162,0.32,-0.2,-0.32,127.34,-23.66,-203.99
163,0.27,-0.14,-0.39,110.88,-23.15,-191.64
164,0.26,-0.09,-0.46,86.24,-10.97,-181.37
165,0.27,-0.05,-0.49,57.16,7.82,-170.71
166,0.26,-0.06,-0.47,44.93,7.66,-166.44
167,0.14,0.03,-0.43,26.24,9.73,-153.39
168,0.1,-0.07,-0.41,5.87,22.89,-149.72
169,0.11,-0.11,-0.36,0.53,45.72,-145.08
170,0.07,-0.07,-0.34,-13.76,53.56,-147.21
171,0.12,-0.08,-0.38,-13.21,57.01,-152.89
172,0.08,-0.06,-0.3,-27.06,55.43,-154.92
173,0.0,-0.04,-0.25,-30.5,51.08,-155.52
174,-0.03,-0.01,-0.21,-39.21,65.5,-144.47
175,-0.1,0.03,-0.18,-40.19,77.73,-130.43
176,-0.11,0.1,-0.26,-33.42,76.93,-120.1
177,-0.14,0.13,-0.36,-33.66,79.18,-109.53
178,-0.11,0.18,-0.44,-44.28,108.55,-85.75
179,-0.11,0.14,-0.47,-57.47,139.82,-68.36
180,-0.04,0.07,-0.36,-70.09,155.4,-66.41
181,0.03,0.11,-0.48,-86.48,147.98,-90.66
182,-0.0,0.13,-0.53,-106.06,110.87,-125.88
183,-0.21,0.17,-0.47,-124.34,53.23,-159.46
184,-0.4,0.21,-0.45,-135.69,13.49,-178.52
185,-0.46,0.18,-0.52,-152.49,12.02,-174.64
186,-0.5,0.11,-0.55,-167.13,34.89,-153.02
187,-0.59,0.01,-0.71,-175.63,82.33,-133.95
188,-0.75,-0.05,-0.69,-216.27,120.43,-126.37
189,-0.92,-0.09,-0.53,-250.14,134.73,-115.8
190,-1.34,-0.16,-0.31,-250.14,120.33,-109.37
191,-1.86,-0.21,-0.1,-250.14,88.5,-93.92
192,-2.0,-0.35,0.06,-250.14,64.38,-65.68
193,-2.0,-0.46,0.29,-250.14,53.35,-20.36
194,-2.0,-0.53,0.63,-250.14,57.53,27.62
195,-2.0,-0.67,0.93,-250.14,86.96,86.69
196,-2.0,-0.74,1.01,-250.14,117.21,129.68
197,-2.0,-0.79,0.84,-250.14,122.4,150.56
198,-2.0,-0.82,0.59,-250.14,71.86,130.24
199,-2.0,-0.86,0.65,-250.14,-20.76,113.02
200,-2.0,-1.01,0.99,-250.14,-114.27,101.7
201,-2.0,-1.28,1.25,-250.14,-146.49,133.13
202,-2.0,-1.6,1.42,-250.14,-130.97,167.31
203,-1.84,-1.82,1.78,-250.14,-96.61,170.16
204,-1.85,-2.0,2.0,-250.14,-97.43,178.86
205,-1.78,-1.84,2.0,-250.14,-183.87,149.53
206,-1.23,-2.0,2.0,-219.11,-218.56,185.53
207,-1.08,-2.0,2.0,-172.98,-212.85,192.17
208,-0.88,-2.0,2.0,-151.97,-234.12,176.97
209,-0.59,-1.97,1.95,-123.09,-250.14,160.51
210,-0.24,-2.0,1.97,-113.45,-250.14,181.07
211,0.07,-2.0,1.95,-92.15,-238.07,179.56
212,0.45,-2.0,2.0,-65.19,-202.63,151.0
213,0.56,-2.0,1.87,-42.65,-221.82,118.32
214,0.52,-1.9,1.82,-11.82,-250.14,88.16
215,0.44,-1.72,1.71,27.98,-250.14,86.29
216,0.29,-1.57,1.5,60.31,-250.14,100.34
217,0.28,-1.5,1.37,81.31,-250.14,114.92
218,0.4,-1.35,1.2,112.24,-250.14,127.69
219,0.99,-1.46,1.0,124.84,-250.14,123.57
220,1.69,-1.52,0.83,130.27,-221.29,109.43
221,1.9,-1.45,0.87,117.6,-174.01,76.21
222,1.66,-1.38,1.16,138.93,-151.27,49.72
223,1.43,-1.28,1.23,166.34,-151.95,24.56
224,1.35,-1.27,1.16,190.51,-156.31,-3.91
225,1.33,-1.25,1.15,217.24,-146.84,-26.02
226,1.43,-1.19,1.03,241.04,-109.11,-44.08
227,1.37,-1.13,0.83,250.13,-100.92,-71.12
228,1.28,-1.02,0.64,250.13,-113.85,-97.85
229,1.27,-0.93,0.48,250.13,-123.89,-127.78
230,1.38,-0.87,0.29,250.13,-125.35,-155.14
231,1.35,-0.81,0.13,250.13,-121.87,-180.61
232,1.28,-0.73,-0.0,250.13,-119.31,-202.24
233,1.2,-0.66,-0.08,244.63,-107.69,-218.61
234,1.06,-0.57,-0.18,220.1,-84.41,-233.93
235,0.87,-0.54,-0.34,181.37,-55.65,-240.58
236,0.72,-0.45,-0.19,177.11,-29.92,-235.04
237,0.64,-0.48,-0.3,153.01,3.09,-232.91
238,0.51,-0.45,-0.32,134.88,28.37,-229.02
239,0.46,-0.44,-0.38,116.44,55.49,-226.14
240,0.33,-0.41,-0.48,92.89,73.76,-222.97
241,0.16,-0.37,-0.51,65.91,73.09,-223.31
242,0.0,-0.34,-0.49,33.85,63.62,-225.5
243,-0.2,-0.31,-0.39,9.01,53.99,-215.27
244,-0.53,-0.27,-0.24,-13.08,33.15,-194.15
245,-0.67,-0.23,-0.09,-43.73,27.08,-172.68
246,-0.68,-0.26,0.19,-49.18,39.65,-152.19
247,-0.55,-0.23,0.34,-55.21,72.06,-123.6
248,-0.47,-0.14,0.4,-55.15,81.08,-110.66
249,-0.4,-0.08,0.42,-53.66,72.4,-101.4
250,-0.46,0.04,0.48,-58.79,46.79,-108.95
251,-0.43,0.08,0.66,-63.58,21.19,-111.84
252,-0.32,0.1,0.8,-62.29,11.93,-108.85
253,-0.33,0.12,0.93,-56.6,10.56,-103.98
254,-0.37,0.15,1.09,-57.8,10.57,-93.98
255,-0.45,0.15,1.0,-44.59,31.61,-71.88
256,-0.6,0.19,1.13,-44.33,53.11,-51.23
257,-0.72,0.22,1.13,-35.34,77.21,-31.71
258,-0.75,0.27,1.12,-37.59,83.09,-15.44
259,-0.72,0.29,1.12,-46.53,68.06,-10.65
260,-0.64,0.32,1.17,-52.6,46.22,-17.61
261,-0.57,0.3,1.23,-51.68,19.55,-25.42
262,-0.51,0.3,1.27,-45.14,1.94,-25.95
263,-0.48,0.3,1.29,-37.4,-7.56,-24.13
264,-0.43,0.29,1.28,-30.79,-4.9,-20.84
265,-0.36,0.3,1.25,-25.77,1.0,-8.92
266,-0.32,0.3,1.23,-23.11,-0.7,-1.6
267,-0.28,0.28,1.23,-22.81,-9.82,-6.37
268,-0.19,0.28,1.24,-19.24,-14.05,-2.58
269,-0.1,0.27,1.2,-18.86,-10.43,1.1
270,-0.04,0.27,1.15,-18.74,-11.49,-0.45
271,-0.04,0.28,1.15,-17.82,-19.52,-3.82
272,0.02,0.27,1.12,-17.81,-20.34,-2.33
273,0.04,0.23,1.1,-16.68,-18.09,0.06
274,0.06,0.2,1.07,-16.88,-15.24,3.21
275,0.06,0.17,1.05,-16.69,-12.41,6.39
276,0.09,0.13,1.03,-17.61,-8.1,12.09
277,0.08,0.09,1.03,-17.94,-8.94,12.27
278,0.08,0.05,1.11,-16.44,-12.42,9.58
279,0.07,0.03,1.15,-10.1,-7.26,11.63
280,0.08,0.02,1.11,-5.07,-3.46,10.86
281,0.07,0.03,1.05,-5.96,-4.13,4.11
282,0.02,0.05,1.05,-7.3,-4.44,0.3
283,0.01,0.06,1.04,-5.82,-4.48,0.31
284,0.01,0.07,1.01,-5.18,-8.54,1.5
285,-0.02,0.08,0.96,-7.94,-15.11,0.3
286,-0.02,0.04,1.07,-8.48,-18.56,4.25
287,-0.06,0.13,0.92,-13.24,-16.85,7.13
288,-0.05,0.14,0.89,-17.55,-22.0,9.66
289,-0.02,0.14,0.89,-20.89,-25.05,10.63
290,0.01,0.15,0.87,-25.22,-25.43,11.44
291,0.07,0.15,0.89,-29.35,-25.4,11.89
292,0.11,0.13,0.92,-29.4,-25.39,10.5
293,0.12,0.11,0.98,-26.34,-24.7,9.02
294,0.17,0.08,1.0,-23.02,-18.54,10.96
295,0.19,0.09,1.04,-16.69,-10.92,15.97
296,0.17,0.12,1.01,-12.89,-8.66,13.54
297,0.14,0.15,0.99,-12.45,-13.31,7.31
298,0.15,0.13,0.98,-11.28,-14.37,4.64
299,0.12,0.14,0.99,-13.05,-14.03,0.79
300,0.08,0.13,1.01,-12.22,-16.9,-1.52
301,0.07,0.12,0.99,-13.96,-18.61,-2.18
302,0.04,0.11,1.02,-14.85,-20.93,-3.57
303,0.02,0.1,1.03,-16.05,-17.29,-3.44
304,0.03,0.08,1.05,-14.96,-12.47,-2.89
305,0.05,0.08,1.07,-12.84,-11.73,2.29
306,0.07,0.08,1.07,-9.66,-12.11,2.27
307,0.08,0.07,1.05,-8.59,-14.9,-0.21
308,0.09,0.06,1.06,-7.15,-17.42,-1.48
309,0.13,0.07,1.07,-2.43,-14.02,5.73
310,0.13,0.07,1.05,1.62,-12.89,6.83
311,0.12,0.09,1.02,2.22,-13.19,5.24
312,0.1,0.09,1.01,2.45,-8.8,7.29
313,0.12,0.1,1.0,3.89,-5.74,11.35
314,0.1,0.11,0.96,1.83,-8.85,7.58
315,0.14,0.1,0.96,-0.95,-12.92,3.08
316,0.18,0.1,0.95,-1.69,-11.57,0.15
317,0.16,0.1,0.95,-4.95,-7.96,2.85
318,0.15,0.12,0.94,-4.4,-12.56,-2.65
319,0.19,0.1,0.91,-5.93,-13.24,-4.87
320,0.18,0.11,0.9,-9.01,-9.49,-3.79
321,0.15,0.11,0.93,-11.63,-11.2,-7.84
322,0.14,0.09,0.94,-11.95,-12.05,-8.05
323,0.16,0.07,0.95,-12.29,-12.94,-8.34
324,0.13,0.06,1.0,-10.79,-11.89,-6.46
325,0.12,0.04,1.0,-10.56,-7.52,-3.81
326,0.1,0.05,1.0,-6.13,-1.65,1.91
327,0.1,0.04,1.0,-6.66,-0.12,5.18
328,0.1,0.04,0.99,-5.29,-1.35,2.2
329,0.11,0.04,0.97,-5.98,-2.71,-1.45
330,0.09,0.05,1.0,-6.05,-3.85,-3.02
331,0.06,0.05,1.02,-4.32,-6.18,-2.25
332,0.08,0.06,1.01,-1.48,-4.21,-0.08
333,0.1,0.07,0.98,-0.87,-3.5,-1.19
334,0.11,0.09,0.95,-3.13,-3.97,-3.7
335,0.14,0.1,0.94,-3.66,-4.83,-5.15
336,0.15,0.1,0.92,-5.94,-7.31,-7.87
337,0.17,0.09,0.92,-8.21,-8.54,-8.82
338,0.19,0.08,0.94,-7.66,-6.51,-7.89
339,0.16,0.09,0.95,-8.4,-3.83,-5.69
340,0.15,0.09,0.98,-7.13,-0.72,-0.79
341,0.13,0.08,0.97,-5.05,1.98,3.02
342,0.1,0.08,0.97,-5.79,2.16,1.91
343,0.14,0.07,0.97,-7.18,1.82,9.84
344,0.12,0.09,0.96,-3.65,2.14,3.76
345,0.15,0.08,0.94,-6.38,-2.77,1.95
346,0.17,0.09,0.92,-7.9,-7.48,-4.21
347,0.15,0.09,0.95,-10.01,-6.98,-6.31
348,0.14,0.08,0.97,-10.55,-7.07,-5.47
349,0.15,0.07,0.95,-10.22,-6.02,-3.69
350,0.14,0.06,0.95,-12.52,-5.91,-5.26
351,0.15,0.04,0.95,-12.95,-3.73,-4.12
352,0.14,0.02,0.98,-12.52,-1.52,-0.79
353,0.12,0.02,1.0,-13.02,-0.17,2.26
354,0.1,0.01,1.01,-12.3,-2.09,0.95
355,0.12,-0.0,1.03,-9.99,-0.9,2.02
356,0.12,-0.0,1.03,-8.63,0.76,2.44
357,0.11,-0.01,1.01,-8.67,0.28,1.33
358,0.09,-0.0,1.03,-8.16,-2.02,0.46
359,0.13,-0.0,1.01,-6.5,-2.61,2.53
360,0.14,0.01,1.0,-6.5,-3.3,2.95
361,0.12,0.01,1.01,-7.4,-3.37,-0.34
362,0.13,0.03,1.02,-5.37,-5.18,-0.4
363,0.16,0.04,0.99,-2.36,-4.3,5.9
364,0.16,0.04,0.99,-4.33,-4.27,4.1
365,0.15,0.05,0.99,-4.3,-4.12,2.82
366,0.17,0.05,0.99,-2.87,-4.74,1.96
367,0.2,0.06,0.96,-4.02,-6.9,-1.32
368,0.22,0.06,0.95,-6.57,-8.93,-4.5
369,0.18,0.06,0.96,-8.27,-7.95,-5.82
370,0.18,0.06,0.98,-8.53,-4.2,-4.65
371,0.19,0.07,0.95,-8.63,2.17,-3.59
372,0.19,0.08,0.93,-9.37,8.42,4.69
373,0.15,0.08,0.92,-15.24,11.05,2.75
374,0.16,0.06,0.94,-15.72,7.51,-0.41
375,0.2,0.04,0.96,-15.43,1.76,-1.15
376,0.21,0.03,0.98,-14.42,-1.84,-3.18
377,0.16,0.01,1.01,-13.2,-3.97,-6.05
378,0.13,0.0,1.04,-11.2,-5.89,-5.9
379,0.13,-0.01,1.05,-6.78,-7.46,-6.48
380,0.14,-0.01,1.03,-2.15,-5.44,-1.5
381,0.14,-0.01,1.01,-2.37,-5.33,-3.62
382,0.12,-0.01,1.01,-1.89,-6.62,-4.39
383,0.15,-0.0,1.02,1.18,-6.5,0.86
384,0.15,0.0,0.98,1.79,-6.15,0.69
385,0.12,0.02,0.98,1.12,-8.16,-0.48
386,0.11,0.02,0.99,0.6,-5.15,-0.24
387,0.14,0.02,0.98,1.0,-4.47,1.23
388,0.15,0.02,0.98,-1.07,-6.75,-1.09
389,0.14,0.02,0.99,0.58,-11.24,-2.42
390,0.16,0.02,0.99,-0.18,-6.06,-0.24
391,0.18,0.04,0.98,0.1,-3.13,2.0
392,0.16,0.04,0.99,-1.11,-5.69,0.08
393,0.15,0.05,1.0,-0.52,-7.09,-1.01
394,0.14,0.05,0.99,-0.33,-7.07,-0.53
395,0.18,0.04,0.99,-1.02,-6.09,-0.31
396,0.21,0.04,0.97,-0.84,-8.15,-2.76
397,0.19,0.04,0.97,-1.75,-9.34,-5.26
398,0.19,0.05,0.97,-1.96,-8.78,-4.79
399,0.19,0.05,0.98,-2.92,-9.27,-5.08
