,accel_x,accel_y,accel_z,gyro_x,gyro_y,gyro_z
0,0.07,-0.09,1.01,-1.21,-4.37,0.03
1,0.08,-0.09,1.01,-0.88,-4.18,-1.69
2,0.09,-0.09,1.0,0.1,-3.16,-0.83
3,0.08,-0.08,1.0,-0.11,-0.8,1.78
4,0.07,-0.07,0.98,-0.92,-1.2,-0.11
5,0.08,-0.07,0.99,-1.21,-1.92,-1.66
6,0.09,-0.07,0.99,-1.5,-1.09,-1.31
7,0.08,-0.08,0.99,-1.25,-1.01,-2.5
8,0.07,-0.07,0.99,-0.8,-1.17,-1.84
9,0.08,-0.07,0.98,-0.95,-0.51,-0.56
10,0.06,-0.08,0.99,-0.74,-2.08,-1.71
11,0.06,-0.08,1.0,-0.53,-2.99,-1.05
12,0.07,-0.06,0.98,-0.81,-1.9,0.51
13,0.07,-0.07,0.99,-1.53,-1.86,-0.27
14,0.08,-0.05,0.98,-2.12,-1.32,0.7
15,0.08,-0.06,0.99,-2.5,-0.1,1.83
16,0.07,-0.07,0.98,-1.63,-0.37,1.61
17,0.08,-0.06,0.99,-1.7,-0.15,1.33
18,0.07,-0.07,0.98,-2.27,-0.63,0.79
19,0.06,-0.07,0.99,-1.85,-1.93,-0.6
20,0.06,-0.06,0.99,-1.32,-4.09,-2.11
21,0.07,-0.06,0.99,-0.99,-3.18,0.66
22,0.06,-0.07,0.99,-0.73,-4.03,-0.53
23,0.09,-0.06,0.99,-0.56,-3.34,-0.21
24,0.08,-0.07,0.99,-0.66,-3.15,-0.94
25,0.07,-0.06,0.98,-0.53,-3.72,-2.11
26,0.08,-0.06,0.98,-0.95,-3.5,-2.64
27,0.1,-0.04,0.97,-1.44,-1.24,2.47
28,0.08,-0.06,0.98,-1.47,-0.22,3.64
29,0.09,-0.06,0.98,-1.38,-0.22,2.79
30,0.11,-0.04,0.96,-1.2,4.45,9.97
31,0.03,-0.07,0.98,-2.22,2.1,2.4
32,0.06,-0.05,0.98,-2.7,-0.11,0.89
33,0.06,-0.07,0.98,-2.8,-1.53,-0.74
34,0.06,-0.07,0.98,-3.15,-3.76,-2.6
35,0.07,-0.08,1.0,-3.01,-5.5,-5.14
36,0.09,-0.08,1.0,-2.26,-4.83,-5.27
37,0.1,-0.07,1.0,-1.83,-3.27,-4.05
38,0.09,-0.07,1.0,-1.92,-2.07,-3.24
39,0.09,-0.07,0.99,-1.74,-0.77,-0.86
40,0.08,-0.07,1.0,-1.86,-0.92,-0.95
41,0.07,-0.07,1.0,-1.6,-1.31,-2.62
42,0.07,-0.07,0.99,-1.67,-1.5,-4.5
43,0.08,-0.06,0.99,-2.08,-1.18,-4.08
44,0.06,-0.06,0.99,-2.53,-1.57,-5.51
45,0.07,-0.07,1.0,-2.35,-1.92,-5.73
46,0.07,-0.07,0.99,-1.89,-1.18,-5.26
47,0.07,-0.06,0.98,-2.14,-1.06,-4.12
48,0.05,-0.07,0.97,-3.05,-3.1,-6.39
49,0.06,-0.06,0.97,-3.63,-5.21,-8.56
50,0.07,-0.06,0.99,-4.18,-7.17,-10.6
51,0.08,-0.07,1.0,-3.99,-6.69,-12.68
52,0.08,-0.06,0.99,-3.88,-7.04,-13.96
53,0.1,-0.06,0.99,-4.37,-5.67,-13.15
54,0.1,-0.06,0.99,-4.03,-3.37,-8.63
55,0.08,-0.08,1.0,-2.97,-3.98,-7.67
56,0.08,-0.08,1.0,-2.27,-4.65,-7.85
57,0.09,-0.07,0.99,-2.31,-4.77,-7.2
58,0.08,-0.07,0.99,-2.4,-4.49,-7.31
59,0.12,-0.05,0.98,-2.11,-1.12,-2.02
60,0.07,-0.08,1.0,-2.44,-3.08,-7.68
61,0.11,-0.06,0.98,-2.98,-0.91,-5.77
62,0.1,-0.06,0.98,-3.36,-0.31,-5.32
63,0.09,-0.06,0.98,-3.48,-0.98,-6.05
64,0.09,-0.07,0.98,-2.73,-0.89,-5.56
65,0.09,-0.06,0.97,-2.12,-1.01,-4.94
66,0.08,-0.06,0.97,-2.82,-1.36,-5.43
67,0.08,-0.06,0.97,-3.26,-2.37,-6.21
68,0.08,-0.06,0.98,-3.57,-2.77,-6.07
69,0.08,-0.07,0.98,-4.13,-2.73,-6.31
70,0.08,-0.07,0.98,-4.42,-2.98,-6.98
71,0.1,-0.06,0.98,-4.11,-2.69,-5.43
72,0.08,-0.07,0.99,-3.79,-1.37,-3.06
73,0.07,-0.08,0.99,-3.91,-2.76,-4.26
74,0.08,-0.07,0.99,-3.77,-2.67,-4.26
75,0.08,-0.07,1.0,-3.58,-2.47,-3.76
76,0.09,-0.08,0.98,-3.21,-2.18,-2.57
77,0.08,-0.08,0.99,-3.21,-2.22,-1.91
78,0.08,-0.07,0.98,-3.45,-2.38,-2.95
79,0.08,-0.07,0.99,-3.32,-2.96,-4.2
80,0.09,-0.07,1.0,-3.02,-3.44,-4.78
81,0.1,-0.07,0.98,-2.83,-2.33,-4.42
82,0.09,-0.07,0.98,-3.5,-1.99,-3.96
83,0.09,-0.07,0.98,-3.63,-1.86,-4.08
84,0.09,-0.06,0.98,-3.66,-1.87,-3.53
85,0.09,-0.06,0.98,-3.82,-1.64,-3.04
86,0.09,-0.06,0.98,-3.85,-2.73,-4.93
87,0.1,-0.06,0.97,-3.85,-2.69,-3.98
88,0.1,-0.06,0.98,-4.24,-2.59,-3.89
89,0.08,-0.07,0.98,-4.76,-3.53,-5.37
90,0.09,-0.08,1.0,-4.29,-4.24,-5.32
91,0.09,-0.08,0.99,-3.85,-3.77,-5.28
92,0.09,-0.08,1.0,-3.89,-3.06,-5.62
93,0.09,-0.09,1.0,-3.66,-4.01,-7.05
94,0.1,-0.09,1.0,-2.95,-5.62,-7.85
95,0.12,-0.08,1.01,-2.38,-4.13,-6.91
96,0.12,-0.07,0.99,-2.39,-1.56,-4.68
97,0.09,-0.06,1.01,-3.34,-2.49,-5.63
98,0.08,-0.07,0.99,-3.3,-3.72,-7.87
99,0.11,-0.05,0.99,-2.62,-1.27,-3.58
100,0.09,-0.07,0.98,-3.02,-1.85,-4.89
101,0.09,-0.07,0.98,-3.03,-3.11,-7.33
102,0.11,-0.06,0.98,-2.55,-2.53,-6.76
103,0.1,-0.06,0.97,-2.82,-1.17,-4.66
104,0.09,-0.06,0.97,-3.31,-1.89,-3.5
105,0.1,-0.05,0.98,-3.69,-0.01,-0.93
106,0.09,-0.07,0.97,-3.49,-2.78,-3.85
107,0.09,-0.06,0.96,-4.19,-1.89,-2.11
108,0.08,-0.07,0.98,-4.4,-3.81,-3.6
109,0.1,-0.06,0.97,-4.94,-4.87,-4.17
110,0.11,-0.07,0.99,-4.69,-3.98,-3.05
111,0.11,-0.08,1.0,-3.63,-4.15,-2.56
112,0.1,-0.08,1.0,-3.79,-5.11,-4.2
113,0.12,-0.08,1.0,-3.18,-5.2,-4.08
114,0.11,-0.09,1.0,-2.37,-4.66,-3.13
115,0.11,-0.09,1.0,-2.14,-5.3,-4.84
116,0.13,-0.08,1.0,-2.05,-4.24,-5.01
117,0.12,-0.08,1.01,-2.16,-1.85,-3.8
118,0.13,-0.07,1.0,-1.96,-0.4,-3.43
119,0.12,-0.07,0.99,-1.53,0.56,-2.16
120,0.1,-0.07,0.98,-1.37,-0.66,-2.66
121,0.1,-0.06,0.97,-1.27,-2.49,-4.13
122,0.1,-0.06,0.97,-1.63,-3.26,-4.76
123,0.09,-0.06,0.97,-2.47,-4.76,-7.44
124,0.12,-0.05,0.96,-2.51,-3.6,-4.5
125,0.12,-0.05,0.95,-2.91,-0.71,0.82
126,0.08,-0.08,0.98,-3.15,-4.06,-4.69
127,0.1,-0.06,0.96,-3.25,-5.42,-6.21
128,0.1,-0.06,0.98,-3.73,-6.18,-5.75
129,0.11,-0.06,0.98,-4.21,-6.08,-6.58
130,0.1,-0.07,0.98,-4.13,-5.24,-5.61
131,0.11,-0.07,0.99,-4.21,-5.04,-5.51
132,0.14,-0.06,0.98,-4.85,-3.37,-6.3
133,0.14,-0.05,0.97,-5.6,-1.3,-6.16
134,0.1,-0.05,0.97,-4.86,-3.65,-9.66
135,0.12,-0.03,0.94,-3.49,-0.9,-3.89
136,0.11,-0.02,0.9,-3.11,0.66,5.18
137,0.03,-0.02,0.91,-6.36,1.64,4.03
138,0.03,0.02,0.88,-9.58,2.82,5.92
139,-0.02,0.05,0.87,-13.55,6.63,12.46
140,-0.06,0.1,0.82,-19.59,11.87,18.59
141,-0.17,0.12,0.81,-30.63,15.03,21.11
142,-0.25,0.09,0.8,-41.22,21.41,30.92
143,-0.52,-0.02,0.9,-41.29,7.67,27.95
144,-0.72,0.09,1.06,-46.67,-24.69,16.22
145,-0.76,0.07,1.17,-52.82,-41.16,5.32
146,-0.8,0.14,1.59,-70.53,-70.02,25.13
147,-0.69,-0.06,2.0,-81.1,-96.66,16.73
148,-0.22,-0.53,2.0,-65.75,-73.56,64.38
149,-0.04,-0.88,2.0,-19.36,-67.06,89.85
150,0.46,-1.17,2.0,35.17,-28.08,109.15
151,0.72,-1.09,2.0,98.16,0.84,154.59
152,0.81,-0.95,2.0,138.31,7.63,155.24
153,0.93,-0.85,2.0,157.37,-26.69,102.85
154,1.25,-0.82,2.0,178.02,-58.74,52.56
155,1.54,-0.81,2.0,200.81,-64.07,19.6
156,1.68,-0.81,2.0,227.56,-55.88,-7.95
157,1.69,-0.8,1.82,248.19,-36.29,-23.74
158,1.6,-0.72,1.47,250.13,2.96,-19.78
159,1.44,-0.64,1.12,250.13,41.54,-23.99
160,1.27,-0.54,0.7,237.98,81.34,-25.34
161,1.1,-0.43,0.39,216.99,109.98,-23.33
162,0.83,-0.3,0.24,190.63,125.21,-11.28
163,0.7,-0.29,-0.08,173.18,141.05,-30.92
164,0.47,-0.3,-0.29,161.56,128.95,-46.42
165,0.29,-0.28,-0.32,148.97,97.35,-73.11
166,0.16,-0.25,-0.36,148.16,48.51,-107.96
167,0.14,-0.19,-0.44,146.6,6.31,-141.19
168,0.21,-0.08,-0.49,133.68,-23.1,-166.74
169,0.29,0.02,-0.53,112.26,-38.34,-185.96
170,0.37,0.1,-0.54,86.95,-33.14,-193.63
171,0.4,0.15,-0.49,62.8,-20.71,-192.18
172,0.36,0.18,-0.41,47.82,-3.48,-177.34
173,0.25,0.18,-0.39,34.08,5.14,-166.6
174,0.18,0.19,-0.35,22.27,8.24,-156.21
175,0.13,0.21,-0.32,17.18,14.18,-135.35
176,0.01,0.22,-0.28,13.1,11.75,-122.6
177,-0.11,0.26,-0.26,2.09,1.31,-122.64
178,-0.09,0.25,-0.25,-4.41,-5.25,-120.76
179,-0.03,0.41,-0.21,-22.88,0.92,-107.24
180,-0.03,0.42,-0.2,-41.44,10.85,-103.85
181,-0.02,0.42,-0.09,-58.36,19.56,-97.06
182,-0.02,0.37,-0.02,-70.15,30.89,-89.58
183,-0.07,0.3,0.04,-81.13,45.28,-84.22
184,-0.19,0.23,0.09,-82.38,48.19,-74.71
185,-0.33,0.15,0.17,-78.74,39.56,-75.71
186,-0.43,0.12,0.21,-75.19,18.11,-84.66
187,-0.43,0.11,0.21,-75.76,-4.92,-98.2
188,-0.41,0.17,0.26,-91.01,-13.72,-109.67
189,-0.4,0.17,0.3,-106.11,-9.02,-102.4
190,-0.47,0.11,0.36,-119.83,-4.63,-98.86
191,-0.53,0.06,0.4,-133.59,1.64,-95.25
192,-0.63,-0.03,0.5,-142.9,5.15,-95.91
193,-0.7,-0.11,0.61,-145.68,6.35,-89.0
194,-0.81,-0.17,0.68,-142.23,-0.05,-89.05
195,-0.81,-0.19,0.72,-143.77,-6.26,-87.82
196,-0.83,-0.19,0.76,-150.21,-7.71,-84.4
197,-0.8,-0.23,0.79,-157.53,-2.62,-75.9
198,-0.84,-0.3,0.88,-160.97,5.03,-67.18
199,-0.93,-0.34,0.93,-159.66,3.38,-55.05
200,-0.97,-0.43,0.95,-162.38,7.16,-49.83
201,-1.08,-0.5,1.0,-156.15,4.97,-25.88
202,-1.27,-0.59,1.06,-146.11,-6.33,-16.8
203,-1.33,-0.57,1.07,-138.33,-25.06,-9.69
204,-1.32,-0.49,1.09,-140.25,-42.63,-4.26
205,-1.2,-0.46,1.08,-143.85,-56.05,-0.43
206,-1.01,-0.44,1.12,-148.01,-57.15,12.04
207,-0.85,-0.41,1.18,-153.31,-47.75,32.03
208,-0.79,-0.46,1.2,-151.76,-33.16,53.82
209,-0.83,-0.53,1.22,-147.79,-32.13,61.44
210,-0.79,-0.53,1.19,-140.21,-32.53,68.69
211,-0.84,-0.53,1.18,-133.08,-42.11,76.3
212,-0.86,-0.56,1.22,-125.97,-58.62,75.94
213,-0.77,-0.6,1.26,-118.15,-68.25,79.48
214,-0.67,-0.58,1.26,-117.04,-69.99,85.43
215,-0.55,-0.55,1.29,-117.31,-68.56,92.8
216,-0.5,-0.56,1.3,-117.29,-72.63,92.76
217,-0.34,-0.52,1.32,-117.09,-67.92,99.33
218,-0.29,-0.57,1.42,-114.58,-66.88,107.7
219,-0.17,-0.61,1.44,-110.27,-60.21,115.91
220,-0.2,-0.67,1.43,-96.89,-51.91,122.18
221,-0.26,-0.65,1.52,-86.77,-60.71,133.38
222,-0.29,-0.74,1.58,-60.0,-80.57,121.71
223,-0.14,-0.71,1.6,-41.05,-93.64,109.85
224,-0.06,-0.72,1.67,-34.59,-100.1,102.29
225,0.08,-0.75,1.72,-19.88,-92.82,108.06
226,0.1,-0.82,1.82,-2.69,-79.09,122.4
227,0.13,-0.9,1.91,14.35,-76.71,115.46
228,0.29,-0.86,1.89,32.66,-64.5,124.89
229,0.43,-0.92,1.85,53.55,-47.81,120.72
230,0.34,-0.88,1.85,81.48,-52.19,115.44
231,0.44,-0.8,1.73,101.74,-53.03,103.24
232,0.51,-0.7,1.58,116.8,-55.99,84.79
233,0.62,-0.59,1.47,124.76,-52.66,73.91
234,0.65,-0.54,1.38,131.11,-48.18,55.24
235,0.71,-0.43,1.26,133.24,-37.53,42.87
236,0.72,-0.33,1.15,133.22,-26.13,36.59
237,0.69,-0.28,1.08,132.97,-15.23,29.64
238,0.63,-0.23,1.0,133.0,-8.47,25.31
239,0.57,-0.2,0.92,133.79,-2.79,18.62
240,0.55,-0.13,0.8,129.08,0.89,5.99
241,0.54,-0.06,0.7,120.38,11.64,7.54
242,0.41,-0.05,0.62,115.72,18.54,15.23
243,0.23,-0.08,0.48,107.98,14.47,24.95
244,0.06,-0.03,0.42,100.64,-2.05,13.43
245,0.05,0.05,0.28,88.15,-16.41,-4.8
246,0.07,0.14,0.19,72.93,-20.69,-16.27
247,0.16,0.21,0.18,47.44,-17.84,-20.02
248,0.08,0.18,0.21,22.85,-15.02,-21.91
249,0.05,0.07,0.3,4.88,-24.5,-34.21
250,0.1,-0.02,0.41,-0.57,-24.82,-36.81
251,0.06,-0.09,0.56,-0.09,-24.5,-35.91
252,0.01,-0.16,0.66,1.73,-18.42,-33.63
253,-0.04,-0.2,0.7,3.5,-8.0,-22.63
254,-0.12,-0.22,0.74,2.64,-2.53,-11.99
255,-0.16,-0.19,0.76,-1.03,-3.6,-12.33
256,-0.15,-0.13,0.77,-4.75,-3.27,-9.86
257,-0.16,-0.12,0.79,-7.24,-3.08,-7.03
258,-0.15,-0.08,0.78,-10.56,-4.34,-9.43
259,-0.16,-0.05,0.79,-17.31,-6.96,-9.09
260,-0.19,-0.1,0.81,-18.18,-6.69,-10.81
261,-0.2,-0.09,0.86,-20.98,-12.69,-16.02
262,-0.13,-0.08,0.91,-23.63,-14.32,-18.64
263,-0.09,-0.1,0.96,-22.72,-13.92,-16.67
264,-0.05,-0.12,1.01,-18.73,-10.07,-14.86
265,-0.05,-0.11,1.04,-14.95,-5.97,-12.02
266,-0.04,-0.08,1.03,-12.02,-5.5,-10.91
267,-0.04,-0.06,1.02,-10.27,-4.87,-11.0
268,-0.0,-0.02,1.02,-7.72,-9.87,-13.08
269,0.08,0.01,1.02,-6.96,-2.79,-2.6
270,0.03,-0.0,1.04,-7.86,-2.31,-5.18
271,0.06,0.01,1.03,-8.34,-4.4,-11.78
272,0.08,0.01,1.03,-7.1,-1.72,-10.17
273,0.06,-0.01,1.03,-6.24,-1.76,-13.34
274,0.02,-0.02,1.02,-3.65,-4.63,-15.1
275,-0.02,-0.04,1.03,0.35,-9.32,-17.89
276,-0.04,-0.04,1.0,2.55,-13.3,-20.53
277,-0.03,-0.01,0.96,1.4,-13.11,-19.25
278,-0.03,-0.03,0.98,-0.88,-12.72,-19.53
279,-0.03,-0.03,1.0,-1.59,-7.74,-14.35
280,-0.04,-0.04,0.99,-2.27,-1.38,-7.55
281,-0.06,-0.07,0.99,-4.47,1.7,-6.17
282,-0.07,-0.07,0.98,-6.05,2.44,-6.27
283,-0.04,-0.05,0.96,-6.78,4.88,-3.89
284,-0.05,-0.05,0.97,-7.09,4.04,-3.85
285,-0.04,-0.05,0.96,-7.11,1.01,-7.71
286,-0.03,-0.05,0.97,-7.95,-0.47,-10.08
287,-0.04,-0.04,0.97,-9.08,-3.81,-14.4
288,0.01,-0.02,0.97,-8.02,-0.65,-8.4
289,-0.02,-0.03,0.99,-8.22,4.02,-1.64
290,-0.03,-0.04,1.0,-7.27,4.15,-3.4
291,-0.01,-0.03,0.99,-7.5,6.98,-0.98
292,-0.03,-0.05,0.99,-8.23,8.76,0.37
293,-0.05,-0.07,1.0,-6.39,8.4,-0.04
294,-0.08,-0.07,1.0,-5.9,6.01,-2.02
295,-0.07,-0.06,0.98,-6.67,2.21,-5.14
296,-0.04,-0.05,0.98,-8.02,2.08,-4.75
297,-0.05,-0.04,0.99,-7.94,-1.12,-7.4
298,-0.04,-0.04,1.0,-7.89,-3.89,-9.44
299,-0.02,-0.06,1.01,-7.31,-3.55,-9.2
300,0.01,-0.05,1.0,-8.21,-0.17,-6.79
301,0.0,-0.07,0.98,-9.79,2.67,-7.18
302,-0.01,-0.09,0.98,-8.5,-1.67,-9.6
303,0.01,-0.09,0.98,-7.25,-0.77,-5.87
304,-0.03,-0.11,0.98,-4.69,-2.85,-6.08
305,-0.02,-0.09,0.98,-4.32,-3.73,-4.2
306,-0.02,-0.08,0.96,-5.88,-0.12,0.48
307,-0.04,-0.08,0.96,-6.47,-0.78,0.12
308,-0.02,-0.05,0.95,-8.35,-2.24,-0.31
309,-0.01,-0.05,0.95,-10.73,-0.4,2.11
310,-0.01,-0.06,0.96,-12.28,-0.51,0.58
311,-0.0,-0.06,0.98,-13.11,-2.7,-2.94
312,0.02,-0.06,1.0,-13.77,-2.57,-4.66
313,0.02,-0.07,1.02,-12.81,-0.96,-3.47
314,-0.01,-0.1,1.03,-9.59,-0.58,-4.6
315,-0.03,-0.12,1.04,-7.62,-2.85,-7.08
316,-0.05,-0.15,1.07,-4.64,-4.58,-9.8
317,-0.03,-0.16,1.06,-0.15,-5.29,-10.96
318,-0.03,-0.14,1.06,2.15,-2.39,-7.79
319,-0.03,-0.13,1.03,-0.05,-2.92,-7.65
320,-0.03,-0.11,1.03,-0.78,-0.61,-4.11
321,-0.06,-0.1,1.01,-0.45,0.15,-2.22
322,-0.05,-0.08,0.99,-1.69,-1.08,-2.27
323,-0.03,-0.06,0.95,-3.16,-1.34,-2.84
324,-0.02,-0.06,0.95,-5.05,-2.92,-4.18
325,-0.02,-0.06,0.98,-6.42,-4.1,-6.07
326,-0.01,-0.07,0.98,-5.01,-3.02,-5.69
327,-0.01,-0.05,0.97,-4.62,-2.94,-6.67
328,-0.01,-0.04,0.97,-4.87,-3.45,-8.48
329,-0.01,-0.04,0.97,-4.15,-4.06,-9.53
330,-0.02,-0.06,0.98,-3.08,-6.83,-15.24
331,0.01,-0.06,0.98,-1.48,-6.84,-13.76
332,0.0,-0.08,0.99,-0.85,-2.31,-10.66
333,-0.02,-0.09,1.01,-1.49,-0.06,-10.16
334,-0.02,-0.09,0.99,-2.5,2.6,-8.14
335,-0.03,-0.1,0.98,-4.02,4.04,-6.2
336,-0.04,-0.11,0.99,-6.61,3.62,-7.21
337,-0.05,-0.12,1.0,-6.74,3.84,-4.03
338,-0.06,-0.15,1.0,-3.5,2.89,-2.64
339,-0.06,-0.13,0.99,-2.1,-0.37,-4.38
340,-0.04,-0.11,0.97,-3.73,-1.21,-3.92
341,-0.05,-0.1,0.97,-3.25,-2.12,-4.02
342,-0.03,-0.08,0.95,-3.12,-2.05,-3.76
343,-0.03,-0.06,0.95,-4.47,0.39,-0.42
344,-0.06,-0.06,0.95,-6.15,-1.72,-2.28
345,-0.07,-0.08,0.96,-6.57,-5.37,-7.02
346,-0.05,-0.05,0.96,-6.68,-9.92,-6.82
347,-0.01,-0.05,0.94,-6.79,-5.95,-3.13
348,-0.02,-0.05,0.96,-7.92,-3.42,-1.87
349,-0.03,-0.05,0.95,-8.8,-4.18,-2.86
350,-0.0,-0.04,0.95,-10.43,-1.9,-0.76
351,-0.02,-0.05,0.96,-11.61,-1.04,-0.18
352,-0.04,-0.07,0.97,-11.6,-3.56,-2.71
353,-0.03,-0.09,0.98,-9.74,-4.63,-1.27
354,-0.05,-0.11,1.0,-8.16,-6.51,-1.65
355,-0.04,-0.12,1.0,-7.5,-9.39,-3.82
356,-0.01,-0.1,1.0,-8.5,-8.18,-2.11
357,0.0,-0.11,1.0,-8.73,-5.07,0.99
358,-0.02,-0.12,1.01,-7.61,-6.0,1.49
359,-0.01,-0.12,1.0,-7.34,-8.31,-1.63
360,0.03,-0.11,1.0,-7.37,-8.09,-2.97
361,0.04,-0.12,1.01,-6.4,-7.24,-2.72
362,0.04,-0.12,1.01,-5.17,-6.78,-4.44
363,0.06,-0.11,0.99,-5.37,-6.14,-5.64
364,0.06,-0.1,0.98,-5.62,-4.07,-6.31
365,0.06,-0.1,0.98,-5.46,-3.47,-5.82
366,0.04,-0.11,1.0,-4.78,-2.9,-6.39
367,0.03,-0.1,1.0,-3.95,-2.47,-6.75
368,0.02,-0.1,0.99,-3.55,-2.41,-6.51
369,0.0,-0.1,0.99,-2.36,-2.59,-5.93
370,-0.01,-0.1,0.99,-1.6,-3.5,-6.34
371,-0.01,-0.11,0.98,-2.03,-3.34,-5.79
372,0.02,-0.1,0.96,-3.06,0.27,-4.3
373,0.0,-0.06,0.94,-6.44,4.28,-0.46
374,-0.03,-0.06,0.95,-9.18,7.13,2.31
375,-0.08,-0.1,0.96,-8.55,1.4,-1.79
376,-0.05,-0.08,0.97,-7.9,-0.82,-2.52
377,-0.05,-0.1,0.99,-8.79,-2.54,-2.6
378,-0.05,-0.12,1.0,-7.6,-6.26,-4.27
379,-0.02,-0.14,1.01,-5.85,-7.11,-4.34
380,-0.01,-0.13,1.01,-4.9,-7.12,-3.5
381,0.0,-0.14,1.02,-4.76,-6.75,-3.21
382,0.0,-0.13,1.01,-4.18,-5.98,-3.34
383,0.01,-0.12,1.0,-3.8,-4.12,-1.6
384,0.0,-0.12,1.0,-3.55,-3.11,-1.36
385,-0.0,-0.11,1.0,-3.88,-2.95,-1.92
386,-0.0,-0.12,0.99,-3.1,-2.86,-1.31
387,0.0,-0.12,0.98,-3.24,-2.86,-0.53
388,-0.0,-0.12,0.98,-3.68,-3.65,-0.65
389,-0.02,-0.13,0.98,-3.03,-7.18,-3.17
390,0.0,-0.12,0.98,-2.27,-8.96,-4.84
391,0.02,-0.1,0.98,-2.24,-8.6,-4.67
392,0.03,-0.1,0.98,-2.64,-7.84,-4.57
393,0.03,-0.08,0.97,-3.47,-6.18,-3.44
394,0.02,-0.09,0.98,-4.18,-6.21,-3.68
395,0.02,-0.11,0.99,-3.48,-7.32,-4.9
396,0.02,-0.11,1.0,-2.91,-7.24,-5.44
397,0.03,-0.11,0.99,-2.15,-6.21,-2.99
398,0.02,-0.11,1.0,-1.56,-4.89,0.39
399,0.01,-0.12,1.0,-1.39,-5.14,1.28
400,0.01,-0.13,1.02,-0.68,-5.92,0.04
