,accel_x,accel_y,accel_z,gyro_x,gyro_y,gyro_z
0,0.26,-0.02,0.95,-4.57,1.44,-2.8
1,0.25,-0.02,0.96,-5.12,0.64,-1.98
2,0.27,-0.03,0.96,-5.66,-0.82,-2.32
3,0.28,-0.04,0.97,-5.68,-1.04,-1.74
4,0.28,-0.04,0.97,-5.42,-1.48,-1.44
5,0.28,-0.04,0.97,-6.11,-2.28,-1.91
6,0.28,-0.05,0.97,-6.25,-2.73,-1.92
7,0.28,-0.05,0.97,-5.92,-3.54,-2.37
8,0.29,-0.05,0.96,-5.58,-4.08,-2.74
9,0.3,-0.05,0.97,-5.59,-4.55,-2.56
10,0.29,-0.06,0.96,-5.46,-2.73,-2.81
11,0.3,-0.06,0.96,-4.31,-1.37,-2.05
12,0.3,-0.06,0.95,-3.37,-1.66,-2.01
13,0.3,-0.06,0.95,-3.6,-1.06,-1.69
14,0.3,-0.06,0.95,-3.55,0.49,-1.42
15,0.29,-0.06,0.95,-3.51,0.54,-1.08
16,0.29,-0.05,0.95,-3.21,-0.69,-1.37
17,0.29,-0.05,0.93,-3.83,-1.89,-2.19
18,0.31,-0.05,0.92,-4.85,-2.04,-2.56
19,0.3,-0.05,0.93,-5.6,-1.51,-2.75
20,0.3,-0.05,0.93,-5.73,-1.47,-2.44
21,0.29,-0.05,0.93,-5.94,-1.77,-3.11
22,0.3,-0.04,0.93,-5.69,-1.57,-3.0
23,0.3,-0.04,0.92,-6.58,-1.78,-3.04
24,0.3,-0.04,0.92,-7.92,-3.47,-4.18
25,0.29,-0.04,0.93,-8.39,-4.59,-4.88
26,0.28,-0.05,0.94,-8.47,-4.9,-4.14
27,0.29,-0.06,0.94,-8.15,-4.67,-3.75
28,0.3,-0.06,0.95,-8.66,-2.65,-2.98
29,0.31,-0.07,0.95,-7.84,-0.8,-1.87
30,0.3,-0.06,0.94,-8.83,-0.8,-1.88
31,0.3,-0.06,0.96,-9.59,-0.11,-1.82
32,0.29,-0.08,0.97,-8.93,0.64,-1.77
33,0.29,-0.07,0.98,-8.23,-0.27,-2.32
34,0.3,-0.07,0.97,-7.49,0.37,-2.42
35,0.3,-0.07,0.97,-5.96,1.71,-1.53
36,0.28,-0.06,0.96,-5.63,1.78,-1.43
37,0.28,-0.06,0.96,-5.98,0.85,-0.76
38,0.26,-0.05,0.96,-7.26,0.0,-1.23
39,0.26,-0.06,0.96,-7.49,0.92,0.17
40,0.27,-0.07,0.97,-7.01,0.94,1.27
41,0.27,-0.07,0.97,-6.91,1.03,1.57
42,0.28,-0.07,0.97,-6.79,-0.08,1.56
43,0.28,-0.07,0.97,-6.4,-1.87,0.66
44,0.27,-0.06,0.96,-6.44,-3.48,0.14
45,0.28,-0.06,0.96,-6.83,-4.68,-0.53
46,0.3,-0.06,0.95,-6.83,-4.9,-0.04
47,0.29,-0.06,0.96,-7.03,-4.11,0.36
48,0.3,-0.06,0.95,-7.11,-2.82,0.8
49,0.31,-0.06,0.95,-6.71,-1.02,1.37
50,0.3,-0.06,0.95,-6.67,-0.53,1.5
51,0.29,-0.06,0.95,-6.9,-1.12,1.41
52,0.3,-0.07,0.94,-6.9,-1.28,1.68
53,0.29,-0.07,0.96,-6.5,-1.01,1.8
54,0.28,-0.08,0.97,-5.2,-0.57,1.76
55,0.27,-0.07,0.95,-5.09,-1.13,2.12
56,0.28,-0.06,0.96,-6.15,-1.27,2.4
57,0.27,-0.06,0.95,-5.69,-1.32,2.62
58,0.27,-0.05,0.94,-6.37,-1.84,3.3
59,0.26,-0.06,0.94,-7.15,-1.48,3.78
60,0.28,-0.06,0.96,-7.27,-0.97,5.09
61,0.28,-0.07,0.95,-7.12,-0.63,5.97
62,0.27,-0.06,0.96,-7.4,-0.77,6.37
63,0.28,-0.07,0.97,-7.35,-1.18,6.53
64,0.27,-0.07,0.97,-7.98,-2.47,6.61
65,0.27,-0.07,0.98,-7.88,-3.52,6.79
66,0.26,-0.07,0.99,-7.81,-3.37,8.4
67,0.24,-0.08,0.99,-7.71,-4.02,9.29
68,0.24,-0.09,1.01,-7.61,-4.81,10.55
69,0.26,-0.1,1.02,-6.58,-5.97,11.63
70,0.28,-0.11,1.01,-5.39,-6.75,12.51
71,0.29,-0.11,1.0,-5.23,-7.78,11.79
72,0.3,-0.12,1.01,-3.59,-6.74,12.66
73,0.3,-0.13,1.0,-2.14,-5.98,12.7
74,0.31,-0.14,0.99,-1.21,-6.36,11.96
75,0.32,-0.14,0.98,-0.8,-6.54,11.24
76,0.32,-0.15,0.99,0.4,-6.56,10.47
77,0.35,-0.15,0.98,1.82,-6.98,10.11
78,0.36,-0.16,0.96,2.56,-7.16,8.6
79,0.37,-0.15,0.93,2.01,-6.43,6.34
80,0.37,-0.15,0.94,2.21,-5.19,4.52
81,0.37,-0.16,0.93,3.57,-4.23,2.74
82,0.37,-0.15,0.93,4.66,-3.16,1.46
83,0.37,-0.14,0.89,4.47,-1.14,0.36
84,0.36,-0.11,0.89,3.85,-0.6,-0.57
85,0.34,-0.09,0.88,2.02,-1.56,-2.15
86,0.34,-0.08,0.87,0.46,-1.31,-2.31
87,0.33,-0.07,0.87,-1.59,-1.18,-2.63
88,0.33,-0.06,0.87,-3.0,-0.6,-2.39
89,0.33,-0.06,0.88,-4.22,0.76,-1.31
90,0.32,-0.06,0.88,-5.95,1.69,-1.13
91,0.3,-0.06,0.89,-7.02,1.98,-0.18
92,0.29,-0.06,0.9,-8.93,1.51,-0.02
93,0.28,-0.06,0.92,-9.66,1.55,1.15
94,0.27,-0.07,0.95,-10.03,0.04,1.2
95,0.27,-0.08,0.95,-10.13,-1.14,1.82
96,0.28,-0.09,0.97,-9.75,-1.33,2.05
97,0.28,-0.09,0.97,-9.1,-2.53,2.76
98,0.28,-0.1,0.98,-9.11,-4.61,2.5
99,0.29,-0.1,0.98,-8.85,-5.84,2.44
100,0.31,-0.11,0.99,-9.47,-6.56,2.47
101,0.29,-0.12,1.0,-9.05,-5.4,3.31
102,0.29,-0.13,1.0,-8.1,-6.32,3.37
103,0.3,-0.14,1.01,-6.95,-6.76,3.66
104,0.31,-0.14,1.02,-5.11,-4.57,6.24
105,0.29,-0.14,1.03,-2.94,-4.9,7.48
106,0.29,-0.13,1.02,-1.55,-6.28,7.6
107,0.29,-0.12,1.01,-0.67,-6.34,6.77
108,0.3,-0.13,1.01,1.56,-6.08,9.17
109,0.29,-0.13,1.02,3.29,-6.73,8.03
110,0.32,-0.13,1.01,5.15,-7.47,8.07
111,0.33,-0.13,0.99,6.35,-6.57,8.47
112,0.33,-0.11,0.97,5.85,-5.44,8.15
113,0.34,-0.1,0.95,4.56,-6.01,8.63
114,0.34,-0.09,0.95,4.8,-4.58,14.24
115,0.31,-0.12,0.95,3.85,-5.72,5.36
116,0.33,-0.12,0.94,3.34,-5.35,3.97
117,0.33,-0.11,0.94,4.01,-4.23,3.48
118,0.33,-0.11,0.93,3.65,-4.49,1.63
119,0.34,-0.12,0.92,2.98,-5.28,0.64
120,0.34,-0.11,0.92,3.22,-4.49,-0.04
121,0.34,-0.11,0.93,3.69,-3.36,-0.28
122,0.35,-0.1,0.92,3.58,-3.0,-0.31
123,0.35,-0.09,0.91,2.66,-2.92,-0.41
124,0.33,-0.08,0.89,1.02,-3.37,-0.81
125,0.31,-0.07,0.89,0.23,-3.22,-0.44
126,0.31,-0.06,0.89,-1.03,-2.61,0.28
127,0.29,-0.05,0.89,-2.67,-1.25,1.78
128,0.26,-0.04,0.89,-4.49,-0.31,2.7
129,0.23,-0.02,0.89,-7.75,-0.79,3.08
130,0.17,0.01,0.9,-9.59,0.64,3.84
131,0.11,0.04,0.91,-14.98,4.31,2.46
132,-0.01,0.06,0.86,-19.44,12.11,-8.43
133,-0.19,0.13,1.0,-27.87,13.44,-10.03
134,-0.46,0.18,1.16,-32.56,19.68,-5.7
135,-0.91,0.25,1.33,-34.47,7.66,10.4
136,-1.31,0.32,1.61,-34.34,-16.82,50.13
137,-1.48,0.34,1.79,-23.45,-25.28,121.9
138,-1.47,0.25,1.9,-12.4,-51.61,186.28
139,-0.96,0.06,1.81,-2.64,-88.88,233.0
140,-0.18,-0.22,1.58,-0.16,-121.22,215.69
141,0.86,-0.12,1.22,0.6,-125.4,187.29
142,1.78,-0.65,1.17,-26.22,-156.69,126.66
143,2.0,-0.9,1.46,-15.58,-167.69,46.73
144,2.0,-0.97,1.9,7.92,-188.64,3.25
145,2.0,-0.99,2.0,63.25,-192.36,7.15
146,2.0,-0.89,1.59,105.68,-209.14,-4.87
147,2.0,-0.77,0.96,112.87,-217.04,-42.04
148,2.0,-0.77,0.89,111.01,-221.26,-67.78
149,2.0,-0.77,0.7,101.47,-195.52,-95.95
150,2.0,-0.78,0.6,100.78,-160.85,-116.13
151,2.0,-0.79,0.45,101.31,-111.15,-127.13
152,2.0,-0.79,0.32,94.62,-60.95,-134.05
153,1.88,-0.8,0.24,95.24,-9.24,-135.73
154,1.6,-0.77,0.23,96.95,41.44,-128.4
155,1.41,-0.76,0.12,88.6,89.31,-120.53
156,1.19,-0.8,0.06,91.97,128.78,-117.86
157,1.0,-0.79,-0.03,82.11,141.25,-127.6
158,0.79,-0.81,-0.05,66.51,128.14,-153.03
159,0.5,-0.73,-0.09,60.3,86.89,-187.13
160,0.31,-0.66,-0.14,48.31,43.85,-212.47
161,0.17,-0.6,-0.19,36.83,24.37,-222.85
162,0.06,-0.49,-0.26,25.69,23.79,-223.18
163,0.04,-0.41,-0.39,14.27,34.02,-215.28
164,0.01,-0.35,-0.47,1.24,52.6,-203.17
165,-0.02,-0.3,-0.5,-12.42,71.45,-188.49
166,-0.05,-0.27,-0.52,-23.09,91.07,-173.44
167,-0.08,-0.26,-0.54,-36.64,108.08,-160.31
168,-0.13,-0.22,-0.52,-45.27,126.11,-149.56
169,-0.2,-0.18,-0.51,-56.16,134.19,-140.89
170,-0.27,-0.17,-0.45,-63.81,132.69,-135.61
171,-0.28,-0.17,-0.37,-71.88,128.08,-134.31
172,-0.27,-0.16,-0.34,-81.05,131.98,-128.76
173,-0.33,-0.15,-0.35,-87.97,120.86,-130.53
174,-0.35,-0.14,-0.34,-100.19,117.97,-131.92
175,-0.35,-0.11,-0.31,-113.57,115.13,-134.24
176,-0.37,-0.11,-0.33,-129.3,111.73,-135.5
177,-0.42,-0.11,-0.32,-147.72,104.92,-135.99
178,-0.49,-0.15,-0.3,-167.05,103.55,-134.44
179,-0.59,-0.22,-0.27,-185.24,106.47,-125.75
180,-0.76,-0.32,-0.24,-204.82,111.95,-111.81
181,-0.95,-0.4,-0.16,-225.44,122.11,-98.37
182,-1.14,-0.48,0.01,-246.16,127.3,-90.68
183,-1.36,-0.61,0.23,-250.14,123.02,-81.95
184,-1.52,-0.73,0.6,-250.14,132.86,-73.84
185,-1.73,-0.78,0.85,-248.21,125.16,-64.42
186,-1.9,-0.76,0.91,-235.08,104.91,-47.8
187,-2.0,-0.7,0.91,-231.07,78.19,-33.11
188,-2.0,-0.65,0.89,-240.53,42.3,-23.17
189,-2.0,-0.63,0.94,-246.69,9.47,-4.4
190,-2.0,-0.65,0.97,-250.14,-9.98,21.05
191,-2.0,-0.69,0.97,-250.14,-18.14,59.39
192,-2.0,-0.72,0.94,-250.14,-14.16,94.34
193,-2.0,-0.78,0.99,-250.14,-10.15,126.63
194,-2.0,-0.88,1.12,-250.14,-8.47,159.84
195,-2.0,-0.98,1.29,-250.14,-8.88,187.79
196,-2.0,-1.03,1.51,-250.14,-13.28,220.27
197,-2.0,-1.15,1.57,-236.83,-8.5,250.13
198,-2.0,-1.31,1.8,-211.02,2.87,250.13
199,-2.0,-1.42,1.85,-185.27,23.02,250.13
200,-2.0,-1.48,1.99,-166.9,24.91,250.13
201,-2.0,-1.59,2.0,-152.65,9.14,250.13
202,-2.0,-1.67,2.0,-145.6,-42.5,250.13
203,-2.0,-1.84,2.0,-150.05,-122.37,250.13
204,-1.94,-2.0,2.0,-145.04,-221.5,250.13
205,-1.37,-2.0,2.0,-131.31,-250.14,250.13
206,-0.59,-2.0,2.0,-98.92,-250.14,250.13
207,0.41,-2.0,2.0,-73.39,-250.14,250.13
208,1.17,-2.0,2.0,-27.85,-250.14,248.57
209,1.51,-2.0,2.0,32.85,-250.14,213.69
210,1.66,-2.0,2.0,89.97,-250.14,195.56
211,1.38,-2.0,2.0,139.31,-250.14,183.15
212,1.13,-2.0,1.94,168.15,-250.14,163.67
213,1.1,-2.0,1.53,178.77,-250.14,140.02
214,1.29,-1.82,1.14,175.24,-250.14,99.27
215,1.38,-1.67,0.94,173.27,-250.14,52.01
216,1.33,-1.55,0.82,173.82,-250.14,9.88
217,1.24,-1.42,0.69,184.27,-250.14,-28.76
218,1.15,-1.26,0.52,188.73,-250.14,-64.64
219,1.1,-1.16,0.39,186.27,-250.14,-96.99
220,1.13,-1.05,0.27,185.05,-250.14,-121.59
221,1.13,-0.91,0.13,177.09,-250.14,-135.05
222,1.03,-0.8,-0.01,172.79,-237.66,-140.43
223,0.95,-0.7,-0.2,154.38,-194.93,-144.95
224,0.92,-0.63,-0.31,132.61,-149.39,-148.92
225,0.82,-0.6,-0.33,104.17,-112.73,-150.85
226,0.69,-0.62,-0.22,82.34,-77.98,-149.42
227,0.54,-0.67,-0.09,69.86,-36.09,-151.99
228,0.56,-0.71,-0.04,62.64,-11.59,-153.66
229,0.51,-0.75,0.0,49.24,1.58,-169.01
230,0.42,-0.75,0.06,41.92,0.66,-181.83
231,0.38,-0.72,0.07,33.98,-14.9,-202.76
232,0.31,-0.69,0.06,25.95,-35.88,-225.38
233,0.28,-0.65,0.12,28.27,-46.67,-243.18
234,0.24,-0.59,-0.0,22.0,-26.38,-245.77
235,0.16,-0.53,-0.06,21.48,-8.34,-243.12
236,0.09,-0.43,-0.08,19.55,17.21,-235.34
237,-0.04,-0.36,-0.11,13.63,48.37,-213.43
238,-0.11,-0.29,-0.15,4.71,72.71,-195.05
239,-0.11,-0.25,-0.18,-14.04,82.73,-186.65
240,-0.16,-0.25,-0.07,-36.02,77.4,-188.02
241,-0.18,-0.26,0.1,-57.11,63.54,-196.5
242,-0.22,-0.29,0.34,-70.59,48.31,-207.51
243,-0.33,-0.28,0.58,-71.72,33.76,-213.82
244,-0.41,-0.22,0.71,-62.56,27.85,-207.92
245,-0.48,-0.12,0.72,-57.01,31.89,-196.19
246,-0.57,-0.01,0.73,-51.52,45.44,-175.76
247,-0.64,0.09,0.75,-52.34,54.62,-156.8
248,-0.69,0.15,0.81,-53.47,57.91,-137.12
249,-0.69,0.2,0.89,-55.44,61.08,-118.5
250,-0.68,0.23,0.99,-53.78,62.74,-97.57
251,-0.65,0.24,1.03,-49.36,63.15,-77.12
252,-0.63,0.25,1.04,-47.18,58.86,-63.58
253,-0.6,0.25,1.09,-47.3,51.92,-51.94
254,-0.54,0.24,1.12,-49.69,43.91,-48.0
255,-0.48,0.24,1.16,-47.47,36.16,-47.88
256,-0.4,0.24,1.2,-45.82,30.3,-48.0
257,-0.37,0.26,1.2,-41.56,26.28,-44.1
258,-0.41,0.29,1.17,-37.55,26.79,-36.31
259,-0.44,0.32,1.18,-35.44,29.72,-27.54
260,-0.47,0.35,1.2,-33.65,26.51,-19.86
261,-0.47,0.39,1.2,-31.07,18.46,-10.41
262,-0.42,0.39,1.18,-30.21,10.98,-0.23
263,-0.35,0.35,1.16,-24.99,1.98,12.86
264,-0.28,0.37,1.16,-32.6,-1.84,16.27
265,-0.2,0.31,1.08,-34.26,-13.37,17.44
266,-0.13,0.27,1.08,-37.45,-18.94,21.72
267,-0.07,0.22,1.08,-40.05,-21.5,22.19
268,0.02,0.16,1.07,-38.91,-21.92,25.28
269,0.11,0.11,1.07,-36.96,-22.21,25.69
270,0.18,0.1,1.07,-37.94,-18.78,20.11
271,0.21,0.08,1.07,-35.76,-13.36,19.1
272,0.2,0.05,1.14,-30.96,-8.34,18.9
273,0.19,0.01,1.15,-22.52,-3.64,19.48
274,0.21,0.02,1.15,-19.07,-3.24,17.25
275,0.2,0.02,1.13,-14.22,-7.3,16.09
276,0.18,0.03,1.1,-11.71,-13.13,14.18
277,0.17,0.04,1.08,-13.15,-15.89,12.63
278,0.21,0.06,1.07,-12.85,-21.07,11.43
279,0.24,0.06,1.07,-12.36,-22.06,12.52
280,0.27,0.06,1.04,-12.19,-21.9,13.33
281,0.31,0.05,1.06,-12.01,-19.98,10.4
282,0.33,0.05,1.06,-11.85,-19.95,4.37
283,0.35,0.04,1.07,-9.16,-15.89,1.92
284,0.32,0.05,1.06,-8.08,-8.21,-0.89
285,0.3,0.05,1.07,-8.05,-1.27,-4.4
286,0.25,0.05,1.08,-6.8,2.8,-5.95
287,0.18,0.06,1.1,-3.82,7.55,-3.91
288,0.14,0.06,1.1,-1.88,7.41,-2.82
289,0.14,0.07,1.09,-1.7,6.59,-1.84
290,0.11,0.07,1.08,-1.68,3.32,-0.31
291,0.11,0.05,1.07,-2.34,-2.79,-1.93
292,0.13,0.05,1.08,-3.12,-9.6,-3.93
293,0.15,0.05,1.08,-2.27,-13.18,-4.38
294,0.18,0.05,1.04,-0.56,-13.56,-3.73
295,0.19,0.05,1.03,0.44,-13.29,-4.52
296,0.19,0.04,1.01,0.87,-10.5,-6.66
297,0.16,0.05,0.99,1.16,-5.85,-6.55
298,0.16,0.03,0.97,0.73,-2.16,-7.18
299,0.14,0.04,0.97,-2.76,5.26,-9.41
300,0.15,0.05,0.94,1.41,2.26,-6.46
301,0.15,0.07,0.92,-0.6,0.65,-7.22
302,0.15,0.07,0.91,-4.13,-0.33,-10.13
303,0.16,0.06,0.92,-4.84,-4.38,-12.14
304,0.16,0.08,0.91,-5.35,-6.52,-14.05
305,0.16,0.08,0.89,-6.4,-5.64,-14.18
306,0.16,0.09,0.9,-7.91,-3.68,-15.2
307,0.13,0.1,0.9,-8.5,-1.44,-15.08
308,0.11,0.11,0.91,-8.08,1.39,-12.62
309,0.11,0.12,0.91,-9.54,3.15,-11.38
310,0.09,0.12,0.93,-10.83,2.23,-9.71
311,0.1,0.12,0.93,-11.18,0.95,-9.34
312,0.11,0.12,0.94,-11.41,-1.6,-8.77
313,0.12,0.1,0.95,-12.26,-4.32,-9.27
314,0.13,0.1,0.97,-11.58,-5.24,-7.79
315,0.14,0.1,0.96,-11.04,-4.49,-5.79
316,0.16,0.09,0.96,-11.6,-3.66,-4.6
317,0.17,0.09,0.97,-13.18,-5.08,-5.0
318,0.17,0.06,0.99,-14.18,-5.67,-5.18
319,0.17,0.05,1.0,-14.99,-6.53,-5.59
320,0.17,0.04,1.02,-14.3,-7.77,-6.71
321,0.17,0.03,1.04,-12.05,-7.08,-6.43
322,0.17,0.02,1.05,-11.04,-5.83,-6.24
323,0.16,0.02,1.04,-10.83,-5.68,-5.27
324,0.17,0.0,1.06,-8.8,-3.87,-4.87
325,0.17,0.0,1.06,-7.64,-2.66,-4.55
326,0.19,-0.0,1.06,-5.79,-2.27,-4.65
327,0.19,0.0,1.07,-3.19,-3.89,-6.38
328,0.18,0.01,1.06,-1.1,-6.29,-7.73
329,0.19,0.02,1.03,-0.44,-7.28,-7.44
330,0.18,0.05,1.02,-0.44,-8.4,-7.74
331,0.17,0.06,1.0,-1.21,-10.76,-8.15
332,0.17,0.07,0.97,-3.28,-14.13,-9.54
333,0.18,0.08,0.97,-6.34,-17.69,-11.67
334,0.18,0.07,0.99,-6.59,-16.52,-9.86
335,0.18,0.07,0.98,-7.56,-17.07,-9.21
336,0.2,0.05,0.99,-7.51,-16.27,-9.85
337,0.22,0.04,0.99,-6.31,-12.68,-7.02
338,0.21,0.04,0.98,-5.4,-10.43,-6.61
339,0.19,0.03,0.98,-5.65,-10.21,-8.0
340,0.18,0.03,0.98,-5.44,-10.28,-8.73
341,0.17,0.03,0.99,-4.89,-11.47,-9.76
342,0.17,0.04,0.98,-5.27,-13.58,-11.13
343,0.17,0.04,0.98,-5.38,-13.58,-11.46
344,0.17,0.04,0.97,-4.83,-10.74,-9.61
345,0.16,0.05,0.97,-4.91,-7.84,-7.98
346,0.16,0.05,0.97,-4.88,-8.92,-6.72
347,0.16,0.04,0.96,-4.89,-9.76,-6.25
348,0.15,0.04,0.97,-5.33,-8.99,-4.72
349,0.15,0.03,0.99,-5.11,-8.53,-3.42
350,0.15,0.03,1.0,-5.5,-9.56,-3.5
351,0.15,0.04,1.0,-4.37,-8.37,-1.38
352,0.18,0.03,0.99,-3.8,-8.28,-0.2
353,0.17,0.04,0.99,-3.29,-9.05,-0.11
354,0.18,0.04,0.98,-3.64,-11.29,0.02
355,0.19,0.04,0.99,-3.73,-12.18,-0.42
356,0.22,0.03,0.99,-3.2,-12.02,-1.19
357,0.24,0.03,0.98,-2.42,-10.56,-1.04
358,0.23,0.03,0.98,-1.82,-9.21,-1.66
359,0.23,0.02,0.97,-2.53,-8.39,-1.57
360,0.22,0.02,0.98,-1.65,-6.4,-1.31
361,0.21,0.03,0.97,-1.27,-5.57,-0.82
362,0.2,0.03,0.96,-1.69,-6.15,-1.11
363,0.2,0.03,0.96,-2.3,-6.55,-1.16
364,0.2,0.03,0.96,-2.84,-7.03,-1.73
365,0.2,0.03,0.97,-3.49,-8.49,-2.72
366,0.2,0.04,0.97,-3.66,-10.45,-3.63
367,0.21,0.05,0.96,-4.01,-11.08,-3.6
368,0.2,0.05,0.94,-4.98,-10.93,-4.02
369,0.2,0.03,0.89,-5.42,-12.6,-5.49
370,0.23,0.04,0.96,-6.27,-12.18,-5.4
371,0.24,0.04,0.95,-6.84,-10.82,-5.3
372,0.24,0.04,0.94,-8.18,-8.4,-4.92
373,0.23,0.03,0.97,-8.98,-8.99,-6.34
374,0.24,0.01,0.99,-7.93,-8.0,-6.08
375,0.23,0.01,0.99,-6.12,-6.84,-6.06
376,0.23,0.01,1.0,-3.8,-5.2,-4.72
377,0.21,0.02,0.99,-1.88,-6.37,-4.41
378,0.22,0.02,0.99,-0.7,-8.69,-4.47
379,0.22,0.03,0.97,-0.34,-10.87,-4.16
380,0.23,0.04,0.96,0.35,-13.44,-4.31
381,0.23,0.04,0.96,-2.08,-10.08,-3.76
382,0.23,0.03,0.96,-2.8,-8.05,-1.69
383,0.23,0.03,0.96,-2.6,-5.51,-0.09
384,0.23,0.02,0.98,-2.67,-4.43,1.04
385,0.24,0.01,0.98,-2.23,-4.63,0.42
386,0.24,0.01,0.98,-1.95,-7.04,-1.23
387,0.24,0.01,0.99,-1.24,-8.51,-2.6
388,0.25,0.0,0.99,-0.4,-7.56,-1.95
389,0.24,0.01,1.0,0.56,-6.55,-1.59
390,0.23,0.02,0.98,1.67,-6.4,-1.07
391,0.24,0.03,0.97,1.85,-5.38,0.14
392,0.24,0.03,0.96,1.31,-4.91,0.79
393,0.24,0.04,0.97,1.45,-4.09,2.07
394,0.25,0.04,0.94,0.6,-3.56,2.7
395,0.26,0.04,0.94,-0.74,-3.5,2.31
396,0.28,0.05,0.95,-2.02,-4.52,1.55
397,0.27,0.04,0.95,-2.0,-5.29,1.4
398,0.28,0.03,0.96,-2.1,-5.09,1.04
399,0.3,0.02,0.96,-2.45,-4.78,0.15
