,accel_x,accel_y,accel_z,gyro_x,gyro_y,gyro_z
0,0.08,-0.13,0.96,-9.09,-6.92,-2.92
1,0.06,-0.17,0.98,-8.53,-5.03,-2.5
2,0.07,-0.17,0.97,-8.18,-5.11,-0.68
3,0.03,-0.19,0.99,-6.52,-7.89,-0.56
4,0.04,-0.2,0.99,-5.65,-9.76,-3.99
5,0.05,-0.2,0.99,-5.23,-10.62,-3.58
6,0.07,-0.19,0.99,-5.4,-10.27,-1.45
7,0.07,-0.21,1.0,-4.7,-8.37,-2.23
8,0.07,-0.18,1.0,-3.47,-7.39,-1.56
9,0.08,-0.17,0.99,-1.96,-4.95,1.11
10,0.08,-0.17,0.98,-0.28,-3.11,1.47
11,0.1,-0.15,0.96,-0.8,-3.76,-1.54
12,0.11,-0.12,0.95,-2.79,-2.43,-3.92
13,0.1,-0.12,0.97,-3.0,-3.34,-8.51
14,0.09,-0.13,0.97,-2.24,-3.94,-9.37
15,0.09,-0.14,0.97,-1.49,-2.69,-9.48
16,0.08,-0.14,0.96,-1.06,-1.79,-9.11
17,0.06,-0.14,0.96,-0.5,-0.94,-6.63
18,0.05,-0.14,0.94,-1.74,-0.31,-6.89
19,0.02,-0.14,0.95,-1.98,-0.19,-4.53
20,0.01,-0.15,0.94,-2.53,-0.95,-1.25
21,0.01,-0.16,0.93,-3.66,-1.96,-2.55
22,0.02,-0.16,0.95,-5.11,-1.01,-1.05
23,0.02,-0.17,0.95,-5.35,-1.28,1.73
24,0.03,-0.18,0.95,-4.01,-1.52,2.75
25,0.02,-0.17,0.96,-5.85,-3.69,0.89
26,0.03,-0.18,0.96,-7.5,-5.61,-1.18
27,0.03,-0.18,0.97,-7.87,-6.36,-3.18
28,0.04,-0.18,0.98,-8.11,-6.28,-4.73
29,0.07,-0.18,0.98,-7.76,-3.63,-1.32
30,0.07,-0.17,1.0,-6.93,-0.76,2.02
31,0.07,-0.17,0.98,-6.47,0.02,2.59
32,0.05,-0.15,0.97,-6.62,-0.22,1.53
33,0.04,-0.16,0.97,-5.79,-3.37,0.0
34,0.05,-0.15,0.95,-5.08,-4.6,-0.94
35,0.04,-0.15,0.96,-6.67,-5.25,-2.06
36,0.04,-0.16,0.97,-6.26,-7.32,-2.12
37,0.04,-0.16,0.98,-5.52,-8.76,-2.32
38,0.05,-0.16,0.97,-5.05,-8.18,-0.26
39,0.06,-0.15,0.97,-5.79,-7.11,0.49
40,0.05,-0.16,0.97,-7.27,-7.16,0.42
41,0.05,-0.17,0.98,-7.95,-7.82,0.34
42,0.07,-0.17,0.99,-6.8,-7.78,-0.37
43,0.08,-0.16,0.99,-6.9,-7.94,-0.76
44,0.1,-0.15,0.98,-9.08,-6.27,-1.69
45,0.11,-0.15,0.99,-9.24,-5.03,-1.03
46,0.1,-0.16,1.0,-8.89,-6.08,-3.98
47,0.13,-0.16,1.0,-9.1,-4.73,-4.23
48,0.12,-0.18,1.0,-8.28,-3.51,-5.55
49,0.11,-0.19,1.01,-6.26,-3.64,-6.46
50,0.1,-0.2,1.01,-4.38,-1.95,-6.66
51,0.09,-0.19,0.99,-2.85,-0.65,-5.6
52,0.06,-0.19,0.98,-3.1,-1.26,-4.31
53,0.05,-0.19,0.97,-3.56,-2.02,-3.34
54,0.03,-0.21,0.97,-3.92,-2.52,-2.9
55,0.03,-0.21,0.97,-4.21,-2.83,-0.79
56,0.01,-0.22,0.98,-4.21,-4.15,-0.87
57,0.04,-0.2,0.97,-4.69,-3.69,-0.19
58,0.03,-0.21,0.98,-5.85,-4.43,-1.1
59,0.05,-0.21,0.98,-6.08,-4.85,-0.76
60,0.05,-0.22,0.98,-4.58,-5.21,-1.98
61,0.08,-0.21,0.98,-2.91,-5.45,-1.44
62,0.07,-0.2,0.99,-4.34,-4.26,-1.79
63,0.07,-0.2,0.98,-3.5,-3.77,-1.97
64,0.07,-0.19,0.97,-2.89,-4.92,-4.81
65,0.06,-0.17,0.96,-3.79,-6.63,-5.33
66,0.08,-0.17,0.95,-3.81,-5.87,-4.5
67,0.08,-0.18,0.97,-3.84,-5.02,-4.44
68,0.09,-0.18,0.97,-4.69,-4.99,-4.93
69,0.09,-0.18,0.97,-4.83,-4.73,-6.45
70,0.1,-0.17,0.96,-4.83,-4.03,-5.77
71,0.1,-0.18,0.96,-4.97,-5.08,-7.24
72,0.1,-0.17,0.96,-5.37,-6.08,-9.34
73,0.1,-0.17,0.96,-5.82,-5.42,-10.05
74,0.1,-0.17,0.96,-6.4,-4.51,-8.46
75,0.1,-0.18,0.95,-5.79,-3.22,-5.58
76,0.08,-0.19,0.96,-4.89,-4.98,-6.68
77,0.09,-0.2,0.96,-5.19,-6.66,-8.59
78,0.11,-0.2,0.96,-5.05,-5.24,-7.18
79,0.11,-0.19,0.95,-5.18,-3.66,-7.17
80,0.1,-0.19,0.95,-5.45,-3.2,-5.82
81,0.09,-0.19,0.97,-5.79,-2.67,-4.73
82,0.1,-0.19,0.95,-6.26,-1.71,-3.77
83,0.11,-0.19,0.95,-7.59,-0.71,-2.82
84,0.11,-0.19,0.94,-8.44,-0.69,-3.71
85,0.09,-0.2,0.96,-8.6,-0.82,-5.02
86,0.08,-0.19,0.97,-8.58,-1.95,-5.95
87,0.09,-0.2,0.99,-8.27,-1.14,-5.08
88,0.08,-0.21,1.0,-7.26,-0.79,-5.06
89,0.08,-0.21,0.98,-6.31,0.08,-4.48
90,0.07,-0.21,0.98,-6.02,-1.33,-5.72
91,0.09,-0.21,0.98,-5.5,-3.02,-7.46
92,0.09,-0.21,0.99,-5.08,-2.57,-6.48
93,0.09,-0.21,0.99,-4.83,-2.03,-5.6
94,0.1,-0.2,0.99,-4.68,-0.76,-5.02
95,0.1,-0.2,0.99,-4.51,1.43,-2.04
96,0.07,-0.22,1.01,-3.67,0.15,-2.39
97,0.09,-0.2,0.99,-3.43,0.53,-2.15
98,0.08,-0.2,0.99,-3.21,0.09,-2.84
99,0.08,-0.19,0.99,-2.97,-0.99,-3.72
100,0.07,-0.19,0.98,-2.25,-3.06,-4.57
101,0.08,-0.2,0.98,-2.4,-3.89,-3.9
102,0.09,-0.19,0.96,-2.67,-4.21,-4.46
103,0.1,-0.19,0.97,-3.17,-4.2,-4.58
104,0.09,-0.19,0.97,-3.08,-4.56,-5.25
105,0.1,-0.2,0.97,-3.2,-4.92,-6.8
106,0.11,-0.19,0.95,-3.89,-4.29,-7.71
107,0.11,-0.18,0.97,-4.37,-4.47,-8.61
108,0.11,-0.19,0.97,-4.28,-4.63,-9.44
109,0.14,-0.18,0.96,-3.69,-0.1,-2.5
110,0.09,-0.21,0.98,-3.62,-1.53,-5.17
111,0.09,-0.21,0.98,-2.91,-3.23,-5.15
112,0.07,-0.22,0.98,-2.22,-3.01,-1.95
113,0.08,-0.22,0.97,-2.59,-2.69,-1.15
114,0.08,-0.22,0.96,-3.09,-1.86,0.2
115,0.08,-0.21,0.95,-3.35,-2.2,1.37
116,0.08,-0.2,0.95,-3.73,-3.75,0.04
117,0.09,-0.2,0.96,-3.79,-5.29,-1.44
118,0.12,-0.18,0.95,-4.34,-4.89,-3.24
119,0.1,-0.17,0.95,-4.89,-4.34,-5.95
120,0.1,-0.17,0.96,-5.11,-5.69,-6.06
121,0.11,-0.18,0.96,-5.06,-4.38,-5.66
122,0.11,-0.18,0.97,-5.48,-2.5,-4.11
123,0.1,-0.18,0.96,-5.84,-2.31,-3.34
124,0.1,-0.2,0.96,-5.13,-2.22,-1.63
125,0.08,-0.2,0.95,-5.0,-3.44,-0.73
126,0.08,-0.19,0.93,-5.33,-4.08,-0.49
127,0.06,-0.18,0.91,-6.15,-4.85,-0.69
128,0.05,-0.15,0.9,-7.78,-5.31,0.08
129,0.01,-0.14,0.9,-9.68,-7.1,-0.11
130,-0.01,-0.12,0.9,-12.04,-8.7,0.7
131,-0.05,-0.08,0.89,-14.96,-9.73,2.5
132,-0.08,-0.04,0.89,-19.34,-10.07,5.98
133,-0.14,-0.03,0.9,-23.62,-11.21,10.71
134,-0.26,-0.03,0.94,-28.79,-17.39,12.37
135,-0.37,-0.02,1.01,-35.03,-25.7,17.43
136,-0.44,-0.08,1.07,-33.27,-29.41,20.43
137,-0.62,-0.16,1.16,-32.39,-43.6,28.16
138,-0.73,-0.29,1.29,-33.05,-61.45,33.34
139,-0.71,-0.55,1.42,-24.73,-66.23,39.33
140,-0.68,-0.56,1.72,-29.86,-77.36,61.9
141,-0.56,-0.66,2.0,-16.49,-74.15,108.21
142,-0.31,-0.83,2.0,0.57,-64.89,150.96
143,0.38,-0.95,2.0,35.99,-32.56,182.96
144,0.88,-0.95,2.0,84.47,2.15,193.22
145,1.26,-0.8,2.0,115.63,21.86,191.6
146,1.44,-0.71,2.0,132.14,12.26,126.08
147,1.64,-0.65,2.0,148.71,-8.87,66.24
148,1.66,-0.63,1.96,181.09,-39.08,3.91
149,1.79,-0.56,1.78,198.8,-39.46,-32.5
150,1.78,-0.52,1.57,201.89,-16.52,-57.25
151,1.61,-0.51,1.36,202.45,9.13,-60.11
152,1.39,-0.53,1.14,200.74,19.95,-60.0
153,1.08,-0.61,0.93,191.83,15.37,-84.44
154,0.98,-0.66,0.83,182.45,5.85,-110.29
155,0.83,-0.72,0.73,175.21,0.21,-127.91
156,0.78,-0.75,0.65,167.96,-0.66,-132.63
157,0.7,-0.73,0.59,160.24,4.2,-139.11
158,0.65,-0.69,0.48,152.16,12.01,-147.23
159,0.6,-0.62,0.41,151.92,20.89,-142.4
160,0.53,-0.53,0.28,146.56,29.14,-145.65
161,0.49,-0.39,0.13,133.14,36.52,-150.95
162,0.42,-0.31,0.04,120.31,43.18,-153.29
163,0.31,-0.23,-0.0,107.98,47.21,-153.47
164,0.16,-0.19,-0.01,99.5,43.37,-154.55
165,0.02,-0.14,-0.02,94.11,37.09,-154.23
166,-0.08,-0.07,-0.06,90.91,28.84,-151.97
167,-0.19,0.04,-0.16,83.38,19.85,-140.71
168,-0.3,0.14,-0.19,67.2,6.05,-138.85
169,-0.27,0.23,-0.24,51.36,-4.11,-145.13
170,-0.25,0.28,-0.24,33.5,-8.7,-141.57
171,-0.26,0.32,-0.19,16.84,-13.24,-132.41
172,-0.28,0.35,-0.14,-0.38,-17.5,-124.51
173,-0.27,0.37,-0.11,-16.21,-18.11,-117.05
174,-0.26,0.37,-0.06,-26.01,-25.47,-107.02
175,-0.19,0.4,-0.04,-38.68,-27.02,-101.54
176,-0.18,0.37,0.02,-53.4,-20.84,-102.99
177,-0.2,0.34,0.1,-60.77,-18.32,-95.89
178,-0.28,0.31,0.12,-65.52,-20.5,-93.72
179,-0.31,0.3,0.13,-70.24,-29.14,-88.4
180,-0.28,0.34,0.11,-80.25,-38.98,-91.78
181,-0.23,0.33,0.1,-93.95,-41.53,-94.8
182,-0.26,0.31,0.14,-106.0,-44.4,-90.4
183,-0.25,0.27,0.18,-126.12,-44.63,-87.82
184,-0.23,0.15,0.29,-142.59,-37.45,-84.62
185,-0.21,0.0,0.42,-150.68,-26.05,-73.82
186,-0.24,-0.11,0.53,-155.32,-15.11,-62.36
187,-0.27,-0.18,0.59,-154.69,-4.79,-49.7
188,-0.41,-0.25,0.6,-152.27,-9.66,-45.19
189,-0.44,-0.23,0.63,-156.13,-10.85,-42.78
190,-0.49,-0.28,0.65,-162.41,-7.4,-35.84
191,-0.56,-0.31,0.71,-170.58,1.48,-23.05
192,-0.71,-0.34,0.73,-179.85,10.47,-10.88
193,-0.8,-0.48,0.81,-176.03,8.14,12.35
194,-0.9,-0.5,0.84,-163.82,-14.02,-0.52
195,-0.85,-0.47,0.83,-157.59,-42.36,-2.53
196,-0.73,-0.46,0.79,-158.64,-64.59,-10.38
197,-0.58,-0.39,0.78,-169.21,-77.26,-15.72
198,-0.48,-0.39,0.86,-179.8,-80.08,-4.73
199,-0.43,-0.46,1.02,-186.2,-75.91,2.02
200,-0.34,-0.54,1.15,-185.9,-57.93,22.67
201,-0.3,-0.64,1.29,-180.98,-34.73,44.03
202,-0.34,-0.78,1.39,-168.08,-21.17,52.89
203,-0.35,-0.89,1.41,-149.91,-14.51,52.18
204,-0.42,-0.9,1.42,-128.55,-15.5,66.08
205,-0.53,-0.92,1.36,-108.28,-34.28,54.76
206,-0.54,-0.83,1.35,-104.82,-52.61,50.88
207,-0.43,-0.79,1.36,-106.63,-55.92,57.69
208,-0.35,-0.78,1.43,-106.27,-50.32,66.98
209,-0.22,-0.75,1.44,-109.6,-32.87,84.79
210,-0.17,-0.8,1.56,-104.83,-16.14,100.27
211,-0.15,-0.81,1.56,-91.45,-14.05,106.4
212,-0.13,-0.79,1.52,-76.46,-9.98,111.92
213,-0.19,-0.76,1.49,-63.6,-14.08,110.98
214,-0.14,-0.68,1.41,-52.46,-20.56,115.56
215,-0.19,-0.67,1.41,-48.11,-41.6,94.36
216,-0.1,-0.63,1.41,-43.34,-50.45,88.26
217,0.06,-0.59,1.41,-38.59,-47.76,93.46
218,0.14,-0.59,1.38,-33.76,-41.74,97.19
219,0.18,-0.6,1.38,-29.6,-32.87,101.17
220,0.18,-0.61,1.34,-20.99,-25.66,107.7
221,0.1,-0.64,1.28,-13.47,-28.54,103.46
222,0.05,-0.56,1.27,-12.69,-29.08,113.36
223,-0.01,-0.59,1.19,-4.64,-31.64,105.03
224,-0.07,-0.58,1.15,-1.41,-35.97,103.21
225,-0.16,-0.55,1.1,-1.69,-45.51,102.08
226,-0.07,-0.51,1.06,-4.27,-48.51,104.47
227,-0.05,-0.5,1.04,-10.92,-46.59,110.65
228,-0.03,-0.51,1.06,-14.18,-46.44,111.82
229,-0.0,-0.54,1.07,-14.92,-46.47,110.95
230,0.03,-0.58,1.11,-12.74,-46.66,107.53
231,0.07,-0.59,1.11,-6.73,-46.94,112.08
232,0.06,-0.62,1.14,-0.19,-48.91,104.98
233,0.09,-0.64,1.15,5.82,-53.54,93.9
234,0.14,-0.65,1.16,13.79,-56.45,86.95
235,0.14,-0.66,1.17,21.72,-57.64,79.84
236,0.19,-0.67,1.17,29.39,-59.21,70.34
237,0.25,-0.66,1.16,36.53,-58.05,62.34
238,0.28,-0.66,1.16,42.45,-55.23,55.4
239,0.31,-0.67,1.18,49.73,-51.53,48.84
240,0.35,-0.66,1.17,55.75,-45.57,48.44
241,0.36,-0.66,1.15,60.66,-39.42,46.37
242,0.34,-0.65,1.14,66.69,-35.53,40.89
243,0.31,-0.64,1.15,70.05,-29.19,36.67
244,0.31,-0.62,1.11,74.59,-23.31,36.81
245,0.28,-0.59,1.09,77.3,-17.37,33.55
246,0.24,-0.56,1.07,80.94,-14.25,29.92
247,0.25,-0.53,1.02,83.73,-10.74,31.25
248,0.24,-0.5,0.99,85.81,-9.42,26.6
249,0.24,-0.47,0.98,86.3,-11.13,19.8
250,0.25,-0.46,0.95,88.1,-8.88,21.4
251,0.23,-0.45,0.95,89.62,-11.7,14.04
252,0.3,-0.4,0.92,90.47,-9.26,8.07
253,0.31,-0.38,0.92,93.44,-6.39,3.5
254,0.3,-0.37,0.9,97.13,-8.15,-7.9
255,0.32,-0.32,0.88,98.02,-7.31,-16.15
256,0.34,-0.28,0.84,98.74,-2.55,-19.99
257,0.3,-0.26,0.82,99.94,1.5,-23.16
258,0.3,-0.23,0.75,97.27,5.53,-27.26
259,0.28,-0.2,0.7,92.59,11.14,-29.74
260,0.22,-0.17,0.69,89.87,15.74,-27.7
261,0.2,-0.27,0.66,85.54,26.6,-44.11
262,0.12,-0.16,0.5,79.52,23.53,-23.06
263,-0.01,-0.03,0.48,70.2,18.15,-17.54
264,-0.05,0.02,0.43,56.51,10.02,-24.65
265,-0.08,0.06,0.41,38.44,5.01,-25.92
266,-0.11,0.03,0.43,20.18,0.63,-26.06
267,-0.12,-0.02,0.48,5.62,-1.63,-22.98
268,-0.1,-0.06,0.53,-5.92,0.18,-17.76
269,-0.09,-0.13,0.6,-11.4,1.01,-13.16
270,-0.09,-0.17,0.65,-13.73,0.08,-10.37
271,-0.08,-0.19,0.72,-12.1,-3.12,-12.6
272,-0.08,-0.21,0.77,-7.21,-8.22,-14.94
273,-0.08,-0.19,0.78,-4.43,-11.62,-15.95
274,-0.05,-0.18,0.8,-3.9,-11.79,-18.42
275,-0.04,-0.18,0.82,-3.82,-10.82,-19.79
276,-0.05,-0.17,0.85,-3.31,-9.79,-19.15
277,-0.07,-0.14,0.88,-2.76,-11.11,-19.26
278,-0.09,-0.15,0.88,-2.38,-13.05,-20.31
279,-0.09,-0.13,0.89,-3.59,-16.67,-22.71
280,-0.08,-0.13,0.9,-5.0,-19.41,-23.8
281,-0.04,-0.12,0.92,-6.98,-19.44,-24.12
282,-0.03,-0.11,0.95,-7.66,-20.13,-24.46
283,0.02,-0.12,0.99,-8.0,-20.63,-27.47
284,0.07,-0.09,0.99,-7.36,-17.53,-27.73
285,0.07,-0.1,1.0,-5.82,-16.05,-29.67
286,0.06,-0.1,1.02,-4.44,-19.18,-31.66
287,0.09,-0.1,1.02,-1.76,-19.15,-28.06
288,0.06,-0.12,1.03,0.05,-17.64,-27.85
289,0.06,-0.13,1.04,1.63,-18.6,-27.43
290,0.1,-0.12,1.03,3.47,-14.0,-20.55
291,0.08,-0.12,1.01,3.02,-10.56,-18.89
292,0.05,-0.11,1.0,1.09,-8.44,-16.5
293,0.05,-0.11,0.99,-1.01,-6.03,-12.42
294,0.07,-0.11,0.96,-4.1,-3.63,-8.69
295,0.04,-0.12,0.96,-6.11,-2.58,-6.92
296,0.04,-0.13,0.98,-6.97,-3.5,-5.82
297,0.06,-0.12,0.97,-6.74,-3.42,-5.27
298,0.08,-0.1,0.96,-7.24,-2.85,-4.82
299,0.07,-0.09,0.96,-8.93,-2.3,-3.97
300,0.07,-0.1,0.99,-9.39,-4.18,-7.9
301,0.1,-0.11,1.0,-8.29,-3.63,-8.46
302,0.11,-0.12,1.01,-7.31,-0.07,-8.5
303,0.07,-0.15,1.03,-4.75,0.53,-10.86
304,0.07,-0.15,1.02,-1.25,0.24,-12.95
305,0.06,-0.15,1.0,1.99,0.31,-13.47
306,0.02,-0.13,0.98,3.3,-4.02,-18.28
307,0.01,-0.11,0.98,3.25,-8.69,-22.04
308,0.02,-0.12,0.99,3.47,-8.92,-21.15
309,0.03,-0.11,0.98,3.66,-5.25,-16.37
310,0.04,-0.11,0.97,1.05,-4.56,-15.89
311,0.06,-0.1,0.95,-0.98,-2.27,-13.93
312,0.03,-0.1,0.96,-2.44,-1.13,-12.27
313,0.03,-0.09,0.96,-4.6,0.55,-8.08
314,0.04,-0.09,0.95,-4.79,1.96,-3.69
315,0.03,-0.08,0.97,-7.18,1.54,-4.89
316,0.03,-0.09,0.97,-8.27,3.23,-2.0
317,0.01,-0.09,0.98,-7.21,1.89,-2.63
318,0.04,-0.08,0.97,-8.8,0.05,-5.82
319,0.05,-0.09,0.99,-8.64,-0.32,-5.43
320,0.06,-0.1,0.99,-7.19,1.31,-5.59
321,0.05,-0.1,0.98,-7.37,0.87,-5.22
322,0.05,-0.11,0.98,-7.08,0.92,-4.6
323,0.05,-0.12,0.99,-6.75,-0.27,-5.85
324,0.06,-0.12,0.98,-6.32,-1.24,-6.31
325,0.08,-0.12,0.97,-7.21,-1.75,-6.82
326,0.11,-0.12,0.97,-7.76,-0.52,-7.55
327,0.11,-0.11,0.98,-9.52,2.03,-8.94
328,0.1,-0.11,0.98,-9.37,4.06,-6.4
329,0.07,-0.12,0.99,-9.11,3.67,-7.37
330,0.07,-0.12,0.99,-9.73,3.98,-7.4
331,0.06,-0.13,1.0,-8.82,4.47,-7.87
332,0.04,-0.13,1.0,-8.54,4.32,-7.77
333,0.04,-0.13,1.01,-7.9,4.35,-6.74
334,0.02,-0.13,1.01,-7.69,3.24,-7.87
335,0.01,-0.12,1.01,-7.61,2.0,-7.56
336,0.02,-0.13,1.02,-6.67,2.5,-3.85
337,0.01,-0.13,1.01,-6.33,2.82,-3.39
338,0.01,-0.12,1.02,-6.26,1.39,-3.5
339,0.01,-0.12,1.02,-5.21,-0.62,-3.86
340,0.02,-0.13,1.03,-4.33,-2.36,-3.35
341,0.03,-0.13,1.01,-3.58,-2.34,-2.52
342,0.06,-0.12,1.0,-4.08,-3.18,-4.43
343,0.05,-0.12,1.0,-3.52,-4.14,-5.6
344,0.06,-0.12,1.01,-2.89,-4.62,-5.94
345,0.08,-0.12,0.99,-2.57,-4.04,-5.3
346,0.08,-0.13,0.98,-2.13,-5.06,-6.18
347,0.09,-0.12,0.99,-2.01,-4.53,-6.53
348,0.09,-0.11,0.97,-2.47,-3.44,-5.02
349,0.09,-0.11,0.97,-3.2,-3.23,-6.18
350,0.08,-0.11,0.97,-3.56,-4.52,-10.2
351,0.07,-0.12,0.99,-2.76,-4.15,-10.35
352,0.05,-0.13,0.97,-1.51,-4.05,-8.82
353,0.04,-0.13,0.97,-1.79,-5.42,-10.05
354,0.05,-0.13,0.97,-2.41,-5.18,-10.89
355,0.03,-0.14,0.98,-2.31,-4.11,-9.31
356,0.02,-0.14,0.97,-2.05,-4.37,-7.82
357,0.03,-0.13,0.96,-3.44,-4.54,-7.82
358,0.03,-0.14,0.96,-4.79,-2.97,-7.36
359,0.01,-0.14,0.98,-4.19,-4.82,-5.44
360,0.05,-0.14,0.98,-4.08,-5.22,-5.63
361,0.07,-0.13,0.99,-4.89,-3.95,-5.92
362,0.07,-0.13,0.99,-5.6,-1.38,-7.69
363,0.08,-0.13,0.99,-3.96,-7.14,-13.61
364,0.11,-0.11,0.99,-3.46,0.21,-2.09
365,0.08,-0.11,1.02,-3.63,-1.17,-6.66
366,0.1,-0.12,1.0,-2.58,0.5,-6.79
367,0.07,-0.13,1.01,-1.57,0.22,-6.59
368,0.06,-0.15,1.01,0.22,-0.75,-7.31
369,0.06,-0.15,1.0,1.72,-2.55,-6.85
370,0.07,-0.14,0.98,2.04,-2.01,-4.14
371,0.05,-0.14,0.99,1.93,-2.36,-4.99
372,0.05,-0.15,0.99,1.59,-3.21,-6.41
373,0.05,-0.15,0.98,1.55,-1.42,-3.82
374,0.01,-0.15,0.98,1.69,-3.89,-4.52
375,0.04,-0.14,0.97,1.47,-6.15,-4.51
376,0.06,-0.14,0.97,0.68,-5.14,-3.69
377,0.06,-0.14,0.98,0.79,-6.07,-5.63
378,0.1,-0.12,0.97,1.35,-3.95,-1.37
379,0.1,-0.11,0.97,1.65,-1.2,2.36
380,0.1,-0.09,0.96,1.15,-0.4,2.35
381,0.11,-0.08,0.95,-0.05,-0.19,1.85
382,0.1,-0.07,0.96,-0.81,-1.58,0.26
383,0.1,-0.06,0.95,-1.78,-1.18,0.39
384,0.1,-0.06,0.96,-3.15,-1.11,0.0
385,0.1,-0.07,0.97,-4.21,-1.1,-2.33
386,0.1,-0.09,0.97,-4.99,-0.5,-2.63
387,0.09,-0.09,0.97,-5.83,0.3,-2.58
388,0.09,-0.11,0.97,-5.69,1.19,-1.37
389,0.07,-0.12,0.99,-4.76,0.99,-2.5
390,0.08,-0.13,0.97,-4.52,1.5,-0.96
391,0.07,-0.14,0.98,-5.4,0.03,-3.31
392,0.08,-0.15,0.98,-4.84,-1.27,-5.27
393,0.07,-0.15,0.99,-4.07,-1.63,-5.96
394,0.07,-0.15,0.99,-3.74,-1.82,-6.81
395,0.07,-0.17,1.0,-2.8,-3.16,-9.55
396,0.08,-0.16,0.98,-2.54,-2.43,-9.05
397,0.07,-0.15,0.99,-2.2,-2.27,-8.85
398,0.06,-0.15,0.98,-1.37,-3.2,-6.77
399,0.06,-0.14,0.98,-1.38,-3.14,-5.56
400,0.07,-0.13,0.98,-1.65,-2.69,-5.82
