,accel_x,accel_y,accel_z,gyro_x,gyro_y,gyro_z
0,0.09,-0.02,0.97,-0.69,-2.16,4.37
1,0.07,-0.03,0.97,-1.94,-1.05,4.52
2,0.09,-0.05,0.98,-1.4,-4.5,5.08
3,0.1,-0.06,0.99,-0.97,-4.43,3.35
4,0.1,-0.05,0.99,0.53,-2.58,3.24
5,0.1,-0.05,0.98,0.91,-0.79,3.62
6,0.1,-0.04,0.98,1.58,-1.63,4.4
7,0.09,-0.03,0.97,3.11,-6.0,2.09
8,0.09,-0.02,0.97,2.08,-6.09,1.67
9,0.1,-0.01,0.96,2.22,-0.43,3.27
10,0.1,-0.01,0.95,-0.53,-1.97,3.19
11,0.1,-0.02,0.97,-1.23,-11.18,-1.4
12,0.12,-0.03,0.96,-0.91,-13.82,-2.86
13,0.12,-0.03,0.97,-1.98,-9.18,-2.11
14,0.11,-0.04,0.99,-1.62,-5.98,-1.11
15,0.12,-0.04,0.98,0.69,-6.18,0.51
16,0.12,-0.04,0.98,1.34,-6.74,1.4
17,0.09,-0.03,0.99,1.95,-5.69,1.31
18,0.09,-0.03,0.99,3.27,-5.4,1.2
19,0.09,-0.04,0.98,3.04,-5.92,0.59
20,0.08,-0.04,0.97,1.57,-8.64,-2.5
21,0.09,-0.04,1.0,1.11,-9.35,-1.11
22,0.08,-0.05,1.01,3.0,-6.7,1.72
23,0.08,-0.05,1.01,4.33,-7.19,1.71
24,0.08,-0.04,1.01,5.58,-8.6,0.89
25,0.09,-0.04,0.99,5.18,-7.44,1.21
26,0.07,-0.03,0.98,4.52,-7.09,-0.21
27,0.07,-0.03,0.99,4.1,-8.44,-0.13
28,0.09,-0.03,0.99,3.62,-8.9,-1.01
29,0.09,-0.04,0.99,3.85,-8.82,-1.6
30,0.09,-0.03,1.01,4.87,-8.21,0.61
31,0.09,-0.03,1.02,5.95,-6.78,2.0
32,0.1,-0.02,1.01,7.02,-6.65,2.34
33,0.11,-0.01,1.0,6.88,-4.73,3.76
34,0.11,-0.0,0.99,6.85,-6.53,5.03
35,0.11,-0.01,0.98,5.99,-9.43,3.63
36,0.11,-0.01,0.99,6.08,-13.26,1.55
37,0.14,-0.01,1.01,6.07,-15.63,-1.75
38,0.15,-0.01,1.0,6.56,-8.72,0.25
39,0.15,-0.01,0.99,6.56,-3.06,0.53
40,0.14,-0.0,0.97,6.18,-3.2,0.88
41,0.13,-0.0,0.98,4.63,-5.63,-0.22
42,0.13,-0.0,0.99,3.03,-5.83,-1.97
43,0.15,-0.0,0.99,2.95,-6.66,-2.44
44,0.15,0.0,0.98,2.66,-7.27,-1.57
45,0.15,-0.0,0.98,1.61,-6.29,-3.09
46,0.14,0.0,0.98,0.93,-5.47,-2.27
47,0.14,-0.0,0.97,-0.01,-4.89,-1.92
48,0.14,0.0,0.97,-1.66,-4.91,-2.73
49,0.14,0.0,0.99,-2.88,-6.48,-3.89
50,0.17,-0.01,1.0,-2.81,-6.8,-5.71
51,0.14,-0.01,0.99,-2.21,-6.65,-7.2
52,0.12,-0.01,0.98,-2.8,-6.15,-6.4
53,0.13,-0.01,0.98,-1.77,-6.63,-3.9
54,0.13,-0.02,0.99,-1.91,-5.91,-4.34
55,0.13,-0.01,0.99,-2.5,-5.89,-4.69
56,0.13,-0.01,0.98,-2.56,-5.97,-4.66
57,0.15,-0.01,0.98,-2.47,-6.32,-6.73
58,0.15,0.0,0.99,-2.03,-6.92,-7.26
59,0.14,-0.01,0.99,-1.63,-8.35,-8.21
60,0.14,0.0,0.99,-1.27,-8.72,-7.62
61,0.14,0.01,0.97,-1.72,-6.89,-6.78
62,0.15,0.01,0.97,-2.46,-4.82,-5.14
63,0.16,0.01,0.97,-3.02,-3.94,-5.05
64,0.16,0.02,0.97,-3.86,-3.51,-5.69
65,0.17,0.02,0.96,-4.02,-2.98,-5.5
66,0.16,0.02,0.96,-4.36,-3.65,-7.61
67,0.16,0.01,0.96,-4.77,-5.23,-7.11
68,0.16,0.01,0.97,-4.89,-5.14,-8.04
69,0.16,0.01,0.98,-4.58,-5.84,-9.05
70,0.15,0.0,0.98,-4.18,-4.98,-8.48
71,0.15,0.01,0.97,-4.03,-3.36,-7.15
72,0.14,0.01,0.97,-4.37,-3.56,-6.73
73,0.14,0.0,0.97,-4.47,-4.2,-6.21
74,0.14,0.01,0.98,-4.72,-4.14,-6.58
75,0.13,0.0,0.97,-4.44,-3.79,-6.36
76,0.13,0.01,0.96,-4.04,-4.25,-5.14
77,0.13,0.01,0.95,-4.55,-3.84,-4.74
78,0.13,0.0,0.94,-5.05,-2.07,-3.23
79,0.12,-0.0,0.95,-5.45,-0.68,-3.15
80,0.12,-0.01,0.94,-5.48,0.3,-2.21
81,0.13,-0.01,0.95,-4.78,3.29,-0.31
82,0.12,-0.01,0.93,-4.49,5.08,-0.15
83,0.12,0.0,0.94,-4.22,3.76,0.49
84,0.11,0.01,0.95,-4.06,0.6,-0.37
85,0.11,0.02,0.95,-4.18,-2.1,-0.47
86,0.12,0.01,0.95,-5.08,-4.75,-0.54
87,0.13,0.02,0.97,-5.56,-5.42,-0.32
88,0.14,0.01,0.97,-5.73,-5.55,0.01
89,0.15,0.01,0.98,-7.01,-4.66,0.88
90,0.16,0.01,0.98,-7.88,-5.6,2.04
91,0.18,-0.01,1.02,-7.39,-8.65,1.85
92,0.22,-0.02,1.0,-6.53,-8.22,2.63
93,0.2,-0.03,1.04,-7.63,-6.98,0.38
94,0.22,-0.03,1.04,-6.69,-1.48,0.32
95,0.23,-0.04,1.05,-3.45,0.84,1.27
96,0.21,-0.04,1.04,-2.96,-0.37,-0.89
97,0.2,-0.04,1.04,-0.91,-0.66,0.07
98,0.19,-0.03,1.02,-1.46,-0.37,-0.7
99,0.18,-0.03,1.02,-2.29,-1.69,-2.53
100,0.18,-0.03,1.02,-2.57,-2.63,-3.33
101,0.16,-0.03,1.03,-2.17,-2.04,-3.17
102,0.15,-0.04,1.05,-1.43,-2.41,-2.87
103,0.15,-0.05,1.06,1.36,-1.22,-0.08
104,0.15,-0.05,1.07,4.01,-0.69,0.72
105,0.14,-0.05,1.06,5.42,-1.64,-0.22
106,0.13,-0.05,1.04,6.38,-5.85,-1.11
107,0.14,-0.03,1.04,6.55,-7.86,-1.49
108,0.15,-0.02,1.02,8.04,-7.74,1.31
109,0.14,-0.02,1.01,6.99,-5.68,2.44
110,0.15,-0.0,0.99,6.68,-4.64,1.92
111,0.15,-0.0,0.98,7.41,-6.42,0.84
112,0.17,-0.01,0.98,7.5,-4.45,4.08
113,0.16,-0.01,0.98,7.52,-0.98,7.18
114,0.17,-0.01,0.97,9.79,2.03,7.93
115,0.17,0.0,0.93,9.21,0.52,6.6
116,0.16,0.02,0.95,8.45,1.1,7.19
117,0.16,0.03,0.9,8.27,2.76,4.95
118,0.17,0.03,0.9,5.78,2.64,5.07
119,0.16,0.05,0.88,4.27,1.09,2.7
120,0.15,0.06,0.88,0.66,0.34,1.28
121,0.14,0.07,0.89,-0.31,-2.51,0.02
122,0.15,0.06,0.87,-2.56,-5.08,-0.97
123,0.17,0.05,0.92,-4.17,-3.69,2.24
124,0.17,0.05,0.9,-3.94,0.02,3.21
125,0.17,0.04,0.91,-6.46,-0.88,1.95
126,0.17,0.03,0.93,-7.67,-3.06,0.63
127,0.18,0.02,0.96,-7.31,-2.66,-1.25
128,0.19,0.01,0.96,-6.88,-2.57,-2.74
129,0.18,0.02,0.95,-9.13,-4.48,-5.01
130,0.17,0.01,0.96,-9.87,-3.36,-6.68
131,0.18,-0.0,0.97,-10.08,-2.64,-6.78
132,0.16,0.0,0.97,-10.0,-2.82,-5.95
133,0.16,-0.01,0.97,-10.6,-4.28,-6.23
134,0.16,-0.0,0.98,-10.97,-6.44,-8.59
135,0.17,-0.0,0.98,-11.4,-8.34,-9.63
136,0.2,0.0,0.96,-11.49,-11.95,-10.11
137,0.21,0.01,0.94,-12.02,-11.42,-10.67
138,0.24,0.02,0.92,-12.41,-8.02,-10.34
139,0.24,0.02,0.89,-12.95,-7.5,-12.59
140,0.29,0.04,0.83,-15.34,-2.04,-12.71
141,0.44,0.07,0.68,-20.47,18.06,-13.2
142,0.52,0.13,0.49,-30.5,24.13,-19.04
143,0.52,0.19,0.22,-47.11,37.34,-27.18
144,0.56,0.23,-0.01,-82.0,50.15,-50.57
145,0.49,0.29,-0.29,-120.03,32.85,-65.9
146,0.27,0.36,-0.46,-166.76,-0.07,-69.61
147,-0.11,0.37,-0.46,-214.64,-34.15,-66.71
148,-0.31,0.35,-0.35,-238.51,-31.53,-53.82
149,-0.59,0.23,-0.39,-250.14,2.37,-39.62
150,-0.85,0.1,-0.68,-250.14,54.58,-25.89
151,-1.41,-0.04,-0.93,-250.14,46.53,-25.54
152,-2.0,-0.35,-1.12,-250.14,-4.5,-25.79
153,-2.0,-0.79,-1.24,-250.14,-98.31,-32.44
154,-2.0,-1.59,0.07,-250.14,-250.14,-12.9
155,-2.0,-2.0,2.0,-250.14,-250.14,88.97
156,-2.0,-2.0,2.0,-250.14,-250.14,247.57
157,-2.0,-2.0,2.0,-85.27,-250.14,250.13
158,-2.0,-2.0,2.0,100.57,-250.14,250.13
159,-2.0,-2.0,2.0,203.01,-250.14,250.13
160,-2.0,-2.0,0.41,152.95,-250.14,250.13
161,-0.36,-2.0,-1.08,114.55,-250.14,250.13
162,2.0,-2.0,-1.13,-17.29,-250.14,250.13
163,2.0,-2.0,0.49,-31.2,-250.14,250.13
164,2.0,-2.0,1.74,76.29,-250.14,249.63
165,2.0,-2.0,2.0,179.5,-250.14,126.9
166,2.0,-2.0,1.31,250.13,-250.14,-1.22
167,2.0,-2.0,0.73,250.13,-250.14,-94.3
168,2.0,-2.0,-0.18,250.13,-250.14,-189.6
169,2.0,-2.0,-0.83,250.13,-154.75,-250.14
170,2.0,-2.0,-1.46,250.13,-0.11,-250.14
171,2.0,-2.0,-1.5,250.13,71.98,-250.14
172,1.7,-2.0,-1.46,250.13,65.93,-250.14
173,0.89,-2.0,-1.84,250.13,49.56,-250.14
174,0.4,-2.0,-2.0,250.13,84.62,-250.14
175,0.13,-2.0,-2.0,250.13,135.94,-250.14
176,-0.28,-2.0,-2.0,250.13,133.8,-250.14
177,-0.75,-1.95,-2.0,250.13,76.52,-250.14
178,-0.82,-1.48,-2.0,250.13,27.57,-250.14
179,-0.77,-1.23,-2.0,160.89,20.05,-250.14
180,-0.86,-1.04,-2.0,63.34,61.91,-250.14
181,-1.05,-0.78,-2.0,-17.4,140.88,-250.14
182,-1.23,-0.59,-2.0,-49.85,173.0,-250.14
183,-1.23,-0.38,-2.0,-66.06,176.87,-250.14
184,-1.07,-0.08,-2.0,-97.6,237.15,-250.14
185,-0.7,-0.03,-2.0,-162.37,250.13,-250.14
186,-0.35,-0.18,-2.0,-214.78,174.44,-250.14
187,-0.39,-0.09,-2.0,-250.14,67.89,-250.14
188,-1.16,0.19,-2.0,-250.14,28.22,-250.14
189,-2.0,0.36,-2.0,-250.14,35.09,-250.14
190,-2.0,0.06,-2.0,-250.14,51.18,-250.14
191,-2.0,-0.78,-2.0,-250.14,60.75,-175.59
192,-2.0,-2.0,-1.98,-250.14,34.15,-13.62
193,-2.0,-2.0,0.32,-250.14,59.73,69.92
194,-2.0,-2.0,2.0,-250.14,102.47,126.51
195,-2.0,-2.0,2.0,-250.14,-35.26,78.4
196,-2.0,-2.0,2.0,-250.14,-210.96,104.42
197,-2.0,-2.0,2.0,-250.14,-250.14,155.63
198,-2.0,-2.0,2.0,-146.06,-250.14,250.13
199,-2.0,-2.0,1.41,-90.24,-250.14,250.13
200,-2.0,-2.0,0.81,-63.63,-250.14,250.13
201,-1.79,-2.0,-0.08,-72.01,-250.14,250.13
202,0.59,-2.0,-0.06,-51.09,-250.14,250.13
203,2.0,-2.0,0.82,-73.59,-250.14,250.13
204,2.0,-2.0,2.0,-24.5,-250.14,250.13
205,2.0,-2.0,2.0,46.97,-250.14,126.92
206,2.0,-2.0,2.0,171.54,-245.25,23.21
207,2.0,-2.0,1.81,243.08,-250.14,-35.18
208,1.54,-2.0,1.08,250.13,-249.79,-16.37
209,0.98,-1.55,0.28,247.2,-183.85,7.31
210,1.12,-1.22,-0.1,195.56,-48.48,35.79
211,1.27,-1.05,-0.03,154.47,90.94,64.08
212,1.21,-0.86,0.17,123.91,147.78,47.18
213,1.06,-0.71,0.32,117.07,99.77,-2.03
214,0.87,-0.62,0.42,109.95,7.5,-53.8
215,0.67,-0.51,0.46,102.7,-69.88,-110.84
216,0.43,-0.43,0.51,107.73,-97.69,-150.24
217,0.07,-0.32,0.44,114.55,-83.24,-161.4
218,-0.3,-0.14,0.28,107.4,-70.64,-153.99
219,-0.49,0.04,0.19,85.76,-33.77,-113.22
220,-0.61,0.18,0.11,53.85,10.99,-62.42
221,-0.66,0.2,0.07,19.96,21.83,-39.2
222,-0.53,0.17,0.13,-13.48,10.3,-32.97
223,-0.4,0.09,0.3,-45.38,-6.61,-34.79
224,-0.2,-0.04,0.53,-52.05,-18.76,-36.06
225,0.0,-0.2,0.8,-44.88,-32.73,-33.74
226,0.1,-0.35,1.0,-20.5,-30.29,-23.53
227,0.11,-0.35,1.03,-5.55,-22.76,-20.56
228,0.04,-0.29,0.99,13.95,-9.59,-22.6
229,0.01,-0.26,0.9,11.34,2.74,-23.51
230,-0.01,-0.23,0.86,10.08,5.96,-20.13
231,-0.03,-0.2,0.85,4.24,-0.35,-24.31
232,-0.02,-0.19,0.85,-1.51,-7.81,-30.44
233,0.05,-0.2,0.83,-7.41,-13.11,-34.3
234,0.1,-0.21,0.84,-18.4,-12.5,-41.03
235,0.09,-0.2,0.84,-24.36,-18.79,-50.71
236,0.13,-0.26,1.04,-24.37,-19.79,-50.33
237,0.21,-0.28,1.05,-16.46,-8.53,-49.3
238,0.25,-0.29,1.08,-9.27,-2.27,-40.99
239,0.2,-0.27,1.05,-0.46,-2.98,-38.4
240,0.19,-0.25,1.01,6.51,-9.13,-38.82
241,0.18,-0.23,0.96,8.99,-11.9,-35.05
242,0.14,-0.25,0.95,6.15,-9.86,-33.46
243,0.07,-0.21,0.94,3.66,-12.48,-36.05
244,0.01,-0.2,0.96,0.85,-13.85,-32.19
245,0.0,-0.2,0.95,-2.32,-13.68,-28.7
246,0.02,-0.22,0.93,-8.42,-13.18,-26.4
247,0.07,-0.25,0.97,-10.8,-10.89,-27.88
248,0.09,-0.27,1.0,-8.09,-5.25,-24.14
249,0.05,-0.27,1.01,-5.26,-3.07,-22.31
250,0.11,-0.28,0.99,-3.27,-4.09,-23.4
251,0.13,-0.28,0.99,-2.33,-5.21,-23.18
252,0.09,-0.28,1.0,-1.19,-11.58,-28.08
253,0.07,-0.27,1.0,1.06,-19.99,-30.5
254,0.07,-0.28,0.97,2.58,-21.95,-30.57
255,0.07,-0.26,0.98,-0.41,-24.78,-29.19
256,0.05,-0.26,0.96,1.91,-21.84,-22.39
257,0.05,-0.25,0.93,1.52,-18.79,-17.04
258,0.08,-0.24,0.91,-1.01,-11.83,-12.15
259,0.08,-0.25,0.92,-3.82,-5.95,-8.02
260,0.1,-0.24,0.94,-4.19,0.53,-2.29
261,0.13,-0.24,0.94,-4.07,4.89,-1.41
262,0.17,-0.25,0.92,-5.28,5.7,-5.69
263,0.17,-0.24,0.94,-5.0,1.67,-10.72
264,0.17,-0.25,0.94,-2.67,-4.1,-14.66
265,0.16,-0.25,0.96,-1.12,-8.76,-17.89
266,0.16,-0.25,0.96,2.2,-17.08,-20.12
267,0.13,-0.24,0.97,4.27,-21.02,-20.98
268,0.15,-0.24,0.96,5.7,-17.1,-15.37
269,0.14,-0.24,0.96,6.27,-13.92,-16.36
270,0.12,-0.23,0.97,6.34,-13.14,-15.01
271,0.12,-0.23,0.94,6.45,-8.04,-10.85
272,0.1,-0.23,0.94,6.37,-4.55,-7.49
273,0.11,-0.23,0.93,4.73,-3.4,-7.82
274,0.11,-0.23,0.91,3.09,-2.62,-7.97
275,0.1,-0.22,0.91,0.0,-3.09,-11.53
276,0.11,-0.23,0.97,-0.31,-5.95,-16.61
277,0.14,-0.26,1.01,4.26,-7.18,-17.02
278,0.15,-0.26,1.01,8.2,-6.26,-16.74
279,0.15,-0.26,1.0,11.01,-9.64,-19.67
280,0.16,-0.26,0.99,14.49,-15.0,-23.69
281,0.16,-0.25,0.97,17.34,-19.98,-25.05
282,0.17,-0.24,0.94,17.69,-24.42,-28.05
283,0.18,-0.23,0.92,16.25,-25.73,-33.61
284,0.15,-0.21,0.91,14.81,-26.45,-34.32
285,0.14,-0.2,0.93,13.03,-24.91,-31.82
286,0.14,-0.19,0.92,13.13,-20.6,-28.74
287,0.16,-0.19,0.93,13.88,-13.95,-23.67
288,0.17,-0.18,0.92,10.98,-6.66,-18.09
289,0.17,-0.17,0.9,9.16,-0.37,-16.21
290,0.2,-0.18,0.92,7.6,2.45,-15.53
291,0.23,-0.19,0.93,7.11,2.57,-20.6
292,0.24,-0.23,0.96,10.94,-5.58,-25.62
293,0.23,-0.25,1.02,15.85,-6.37,-26.21
294,0.21,-0.24,1.04,20.83,-6.61,-23.13
295,0.18,-0.25,1.04,24.63,-0.87,-20.37
296,0.19,-0.23,0.99,26.15,-3.31,-22.02
297,0.2,-0.21,0.95,28.83,-6.33,-24.47
298,0.19,-0.19,0.92,22.63,-4.79,-29.04
299,0.17,-0.15,0.92,20.76,-1.69,-28.4
300,0.15,-0.12,0.92,17.11,-2.56,-25.96
301,0.15,-0.15,0.96,-3.38,-8.66,-25.63
302,0.12,-0.12,0.92,8.65,-9.5,-24.01
303,0.12,-0.12,0.93,6.37,-7.37,-23.08
304,0.13,-0.11,0.94,1.33,-4.05,-18.24
305,0.15,-0.11,0.96,5.8,5.1,-8.82
306,0.15,-0.12,0.95,3.69,6.26,-7.82
307,0.15,-0.11,0.95,1.9,6.85,-6.2
308,0.16,-0.13,0.96,-0.11,6.24,-5.73
309,0.17,-0.12,0.97,-2.12,2.63,-7.26
310,0.17,-0.13,0.97,-4.98,-0.02,-9.56
311,0.15,-0.12,0.98,-7.19,-3.11,-9.49
312,0.17,-0.14,0.99,-8.27,-5.6,-8.79
313,0.18,-0.17,1.01,-6.25,-4.54,-9.08
314,0.19,-0.19,1.04,-3.42,-4.21,-10.92
315,0.21,-0.2,1.06,0.51,-1.96,-11.69
316,0.24,-0.19,1.05,4.36,1.81,-10.0
317,0.23,-0.19,1.03,5.75,1.4,-13.5
318,0.22,-0.18,1.02,5.91,0.2,-18.18
319,0.22,-0.17,1.03,7.02,-1.47,-20.62
320,0.2,-0.16,1.02,7.48,-4.4,-20.8
321,0.21,-0.15,1.02,9.81,-4.94,-17.99
322,0.22,-0.16,0.99,8.52,-1.95,-15.86
323,0.2,-0.16,0.98,9.25,-0.64,-17.54
324,0.18,-0.16,0.99,10.46,0.89,-15.29
325,0.17,-0.14,0.98,10.1,2.46,-15.6
326,0.19,-0.13,0.94,8.31,6.66,-13.19
327,0.2,-0.11,0.93,7.62,8.39,-13.92
328,0.18,-0.1,0.95,6.95,8.15,-15.4
329,0.15,-0.11,0.97,6.11,6.66,-18.72
330,0.17,-0.11,0.95,5.11,9.95,-16.98
331,0.17,-0.1,0.93,3.47,11.66,-16.74
332,0.16,-0.1,0.92,1.74,8.2,-16.43
333,0.17,-0.1,0.94,1.89,4.59,-17.34
334,0.19,-0.11,0.96,3.27,5.92,-8.99
335,0.19,-0.1,0.97,5.13,12.52,-2.16
336,0.18,-0.09,0.97,3.38,11.91,-2.63
337,0.16,-0.1,0.95,1.99,4.12,-5.73
338,0.18,-0.09,0.95,3.64,2.41,-11.38
339,0.19,-0.1,0.97,1.53,0.89,-11.78
340,0.24,-0.09,1.19,9.69,7.93,1.2
341,0.19,-0.1,0.91,15.44,19.7,-3.24
342,0.18,-0.08,0.92,3.46,11.36,-9.93
343,0.2,-0.09,0.95,6.69,5.32,-11.4
344,0.2,-0.11,0.94,4.37,1.08,-9.98
345,0.21,-0.11,1.0,-0.15,-4.83,-15.71
346,0.23,-0.13,1.0,2.84,-7.82,-14.38
347,0.23,-0.13,1.0,3.56,-7.32,-16.6
348,0.23,-0.13,0.99,3.63,-6.9,-18.68
349,0.24,-0.14,0.98,5.25,-0.44,-19.0
350,0.29,-0.15,0.97,5.5,9.32,-29.86
351,0.28,-0.11,0.97,11.12,16.85,-26.77
352,0.3,-0.11,0.97,23.37,22.35,-7.21
353,0.23,-0.07,0.96,16.78,34.37,-1.95
354,0.22,-0.07,0.91,12.24,35.14,-8.72
355,0.17,-0.07,0.96,9.85,26.07,-10.64
356,0.15,-0.05,0.93,5.95,19.61,-16.94
357,0.17,-0.06,0.93,5.11,14.33,-15.84
358,0.15,-0.06,1.01,7.2,9.3,-12.98
359,0.17,-0.06,0.91,2.63,12.62,-19.73
360,0.14,-0.05,0.92,0.35,17.51,-26.79
361,0.14,-0.06,0.9,-1.19,26.8,-32.75
362,0.12,-0.06,0.9,-14.49,24.33,-42.55
363,0.16,-0.07,0.96,-7.53,20.06,-36.21
364,0.16,-0.04,0.96,-3.59,23.31,-31.37
365,0.16,-0.05,0.93,-3.15,24.02,-29.34
366,0.15,-0.04,0.91,-7.87,19.82,-24.92
367,0.13,-0.03,0.97,-4.05,15.17,-21.02
368,0.11,-0.05,0.94,-8.23,13.55,-21.09
369,0.11,-0.06,0.98,-8.08,7.47,-22.85
370,0.11,-0.06,0.99,-7.6,9.34,-24.61
371,0.11,-0.06,0.97,-12.73,20.79,-23.99
372,0.08,-0.05,1.0,-13.95,30.25,-20.6
373,0.08,-0.06,0.98,-16.0,36.13,-21.61
374,0.06,-0.05,1.06,-5.66,30.38,-18.75
375,0.05,-0.05,1.03,-9.41,21.05,-22.21
376,0.04,-0.06,1.04,-8.95,18.52,-24.18
377,0.03,-0.07,1.04,-8.13,17.31,-22.21
378,0.04,-0.08,1.06,-6.05,23.73,-21.64
379,0.07,-0.13,1.02,-5.97,34.64,-25.29
380,0.07,-0.08,1.06,-5.13,24.15,-21.12
381,0.05,-0.07,1.06,-2.83,22.71,-12.59
382,0.04,-0.07,1.05,0.35,20.21,-10.14
383,0.07,-0.06,1.01,-1.21,17.58,-10.76
384,0.07,-0.08,1.0,1.27,17.44,-14.57
385,0.06,-0.07,1.02,-1.43,13.08,-16.95
386,0.05,-0.08,1.02,-3.0,14.99,-19.82
387,0.06,-0.08,1.02,-2.8,14.48,-21.92
388,0.04,-0.09,1.02,-4.12,12.97,-24.07
389,0.01,-0.05,1.07,3.57,16.11,-25.16
390,0.04,-0.08,1.01,-6.48,17.05,-20.94
391,0.03,-0.08,1.04,-3.23,25.4,-13.24
392,0.03,-0.08,1.02,-1.47,27.97,-8.98
393,0.03,-0.09,1.03,-0.84,28.12,-5.7
394,0.01,-0.09,1.02,0.24,31.06,-2.14
395,0.02,-0.1,1.02,1.49,33.4,-2.08
396,0.04,-0.08,1.01,3.95,14.26,-1.82
397,0.04,-0.08,1.0,3.23,-3.05,-2.88
398,0.02,-0.09,1.01,4.21,-12.32,-5.36
399,0.02,-0.08,0.99,3.31,-11.69,-8.72
400,0.01,-0.08,1.0,3.44,-11.93,-11.38
