,accel_x,accel_y,accel_z,gyro_x,gyro_y,gyro_z
0,0.15,-0.01,0.99,-0.02,-0.38,-2.41
1,0.15,-0.01,0.97,-0.56,0.35,-1.76
2,0.14,-0.0,0.98,-1.31,0.02,-2.23
3,0.15,-0.01,0.97,-1.46,-0.11,-2.89
4,0.14,-0.0,0.97,-1.21,0.73,-2.47
5,0.13,0.02,0.96,-2.26,1.46,-1.46
6,0.11,0.02,0.97,-3.27,0.49,-2.2
7,0.12,0.01,0.97,-2.9,-2.39,-3.7
8,0.14,0.02,0.97,-2.48,-2.59,-3.98
9,0.14,0.02,0.97,-3.71,-1.32,-2.77
10,0.12,0.01,0.96,-4.36,-1.39,-3.08
11,0.13,0.0,0.99,-4.11,-3.25,-3.75
12,0.13,-0.01,0.98,-3.6,-2.21,-2.79
13,0.12,-0.01,0.98,-4.59,-1.59,-2.82
14,0.11,-0.02,1.0,-4.32,-2.19,-2.91
15,0.11,-0.03,1.0,-2.56,-4.62,-3.14
16,0.13,-0.02,0.99,-1.8,-4.27,-2.32
17,0.13,-0.02,0.99,-1.95,-3.1,-1.44
18,0.11,-0.01,0.98,-2.29,-4.48,-1.46
19,0.12,-0.02,0.99,-2.02,-6.8,-2.82
20,0.15,-0.0,0.99,-1.53,-7.42,-2.95
21,0.18,-0.0,0.98,-1.99,-4.95,-0.98
22,0.16,0.01,0.97,-2.92,-4.38,-1.41
23,0.16,0.01,0.98,-2.61,-5.34,-3.24
24,0.17,0.02,0.98,-2.21,-6.38,-4.7
25,0.18,0.01,0.98,-2.81,-5.24,-4.66
26,0.17,0.01,0.98,-2.3,-5.23,-6.17
27,0.16,0.02,0.97,-2.85,-5.91,-5.94
28,0.16,-0.01,1.0,-2.52,-8.09,-7.81
29,0.18,-0.0,1.0,-3.28,-7.76,-8.64
30,0.19,0.01,1.0,-3.24,-3.82,-6.2
31,0.18,0.01,0.99,-3.76,-0.89,-3.69
32,0.16,-0.0,0.98,-4.11,0.34,-2.64
33,0.14,-0.01,0.99,-4.43,-1.56,-4.17
34,0.15,-0.02,0.99,-4.18,-0.46,-3.87
35,0.14,0.0,0.98,-3.67,0.07,-2.85
36,0.12,-0.0,0.99,-3.27,-2.57,-3.82
37,0.14,-0.01,0.99,-2.73,-3.67,-4.21
38,0.14,-0.0,0.99,-2.76,-3.03,-3.53
39,0.14,0.01,0.97,-3.01,-2.56,-2.52
40,0.14,0.0,0.98,-3.29,-2.49,-1.97
41,0.14,-0.01,0.98,-3.16,-3.21,-3.16
42,0.15,-0.01,0.97,-3.08,-3.88,-3.42
43,0.17,-0.01,0.97,-3.1,-3.69,-3.44
44,0.16,-0.01,0.98,-2.89,-4.68,-4.32
45,0.16,-0.01,0.98,-2.86,-4.19,-4.79
46,0.17,-0.0,0.99,-3.24,-4.21,-5.33
47,0.17,-0.0,1.0,-2.79,-3.69,-4.92
48,0.17,-0.0,1.0,-1.77,-3.32,-4.11
49,0.16,-0.01,0.99,-1.37,-3.18,-3.38
50,0.14,-0.03,0.99,-0.54,-6.6,-5.59
51,0.15,-0.02,1.0,0.68,-9.2,-8.53
52,0.17,-0.01,0.99,0.46,-8.25,-7.41
53,0.17,-0.0,0.99,0.15,-7.1,-6.13
54,0.18,0.01,0.98,-1.01,-4.7,-5.19
55,0.18,0.01,0.99,-1.82,-1.08,-1.74
56,0.18,0.02,0.97,-2.81,0.65,-0.89
57,0.18,0.01,0.96,-2.78,1.16,-0.62
58,0.15,0.0,0.97,-2.82,-0.5,-1.99
59,0.16,0.0,0.97,-3.15,-3.18,-5.45
60,0.17,0.01,0.99,-2.61,-3.78,-5.74
61,0.17,0.02,0.98,-3.25,-1.5,-3.63
62,0.15,0.01,0.98,-3.72,-1.29,-2.93
63,0.14,-0.01,0.99,-3.13,-2.85,-3.22
64,0.15,-0.01,0.98,-2.89,-2.96,-2.24
65,0.16,-0.01,0.98,-3.02,-3.43,-2.9
66,0.16,-0.02,0.98,-2.85,-4.25,-4.17
67,0.17,-0.01,0.99,-2.69,-3.52,-3.46
68,0.16,-0.01,1.0,-2.82,-3.47,-3.29
69,0.16,0.0,0.99,-3.11,-3.15,-3.11
70,0.17,-0.01,0.99,-2.69,-2.61,-2.83
71,0.18,-0.0,0.99,-2.97,-2.84,-3.13
72,0.19,-0.01,0.99,-2.36,-1.78,-3.5
73,0.19,0.0,0.99,-1.67,-0.47,-2.71
74,0.18,0.0,0.98,-2.26,0.51,-2.44
75,0.18,0.0,0.97,-2.45,0.5,-2.66
76,0.16,0.0,0.97,-1.76,0.33,-2.46
77,0.16,0.01,0.97,-2.58,-0.31,-2.18
78,0.15,-0.0,0.98,-2.37,-2.18,-2.16
79,0.15,0.0,0.97,-2.56,-3.11,-3.21
80,0.17,0.01,0.98,-3.18,-2.35,-3.12
81,0.16,0.01,0.97,-4.02,-1.76,-2.24
82,0.16,0.0,0.98,-3.93,-2.31,-1.4
83,0.17,-0.01,0.99,-3.31,-2.99,-2.3
84,0.17,-0.0,0.98,-3.76,-3.22,-3.0
85,0.18,-0.01,0.99,-3.18,-3.0,-3.57
86,0.18,-0.0,1.0,-2.66,-2.44,-4.15
87,0.19,0.0,1.0,-2.7,-0.21,-2.86
88,0.17,0.01,1.0,-3.24,0.67,-2.67
89,0.18,0.01,0.99,-3.2,2.57,-1.35
90,0.16,0.01,0.99,-3.6,2.41,-0.84
91,0.15,-0.0,0.98,-3.4,0.69,-3.31
92,0.15,-0.01,0.98,-2.78,-0.92,-4.1
93,0.15,0.0,0.97,-2.66,-0.79,-2.4
94,0.14,0.01,0.97,-3.8,-1.09,-2.48
95,0.15,-0.01,0.97,-3.48,-2.18,-1.76
96,0.17,-0.0,0.97,-3.64,-2.1,-1.47
97,0.17,-0.01,0.97,-3.57,-2.3,-1.68
98,0.18,-0.01,0.97,-3.2,-3.27,-2.07
99,0.19,-0.02,0.98,-3.37,-3.37,-3.31
100,0.19,-0.01,0.97,-3.14,-2.96,-4.23
101,0.19,0.0,0.97,-3.94,-1.63,-2.93
102,0.18,0.01,0.97,-4.93,-0.15,-2.95
103,0.17,0.01,0.98,-5.56,0.86,-2.28
104,0.17,0.01,0.99,-5.56,2.03,-1.06
105,0.15,0.01,0.99,-5.34,2.07,-0.77
106,0.12,0.02,0.99,-4.89,0.92,-1.09
107,0.11,0.03,0.98,-4.94,0.09,0.39
108,0.1,0.04,0.98,-5.61,0.02,2.18
109,0.08,0.05,0.99,-6.45,-0.24,3.89
110,0.06,0.05,0.97,-7.27,0.02,7.79
111,0.06,0.05,0.96,-8.34,2.01,13.73
112,0.02,0.03,0.97,-9.78,1.93,17.31
113,-0.0,0.02,0.96,-10.79,-0.27,15.97
114,-0.01,0.04,0.96,-12.18,-4.17,16.13
115,-0.03,0.03,0.97,-14.66,-6.77,17.69
116,-0.04,0.06,1.02,-17.34,-12.25,17.8
117,-0.04,0.07,1.07,-17.93,-18.09,14.63
118,-0.01,0.08,1.14,-13.59,-21.95,11.15
119,-0.01,0.15,1.25,-19.94,-33.31,4.08
120,0.16,0.18,1.41,-16.63,-42.34,8.48
121,0.25,0.19,1.51,-3.68,-49.35,7.89
122,0.43,0.25,1.6,-1.66,-50.05,14.2
123,0.57,0.16,1.69,4.56,-47.66,15.65
124,0.73,0.04,1.82,16.22,-42.89,19.51
125,0.89,-0.05,1.94,34.83,-34.36,24.98
126,0.95,-0.11,2.0,52.04,-23.15,26.4
127,1.05,-0.23,2.0,72.5,-19.67,34.8
128,1.0,-0.23,1.97,85.25,-12.18,7.82
129,1.04,-0.24,1.92,92.68,-5.6,-1.99
130,0.93,-0.31,1.85,105.82,-2.18,-12.69
131,0.84,-0.34,1.76,117.16,1.48,-19.05
132,0.79,-0.33,1.61,124.74,3.07,-35.03
133,0.84,-0.28,1.43,126.76,4.39,-50.94
134,0.88,-0.25,1.31,130.62,3.24,-71.37
135,0.92,-0.23,1.18,135.21,4.72,-90.48
136,0.92,-0.23,1.04,140.95,9.67,-100.92
137,0.84,-0.26,0.9,144.55,6.55,-112.04
138,0.77,-0.24,0.81,151.2,-6.67,-132.48
139,0.8,-0.22,0.69,155.24,-14.15,-142.09
140,0.83,-0.21,0.58,157.18,-13.27,-138.8
141,0.85,-0.18,0.43,151.25,-3.98,-138.11
142,0.88,-0.16,0.33,134.98,10.56,-132.94
143,0.88,-0.14,0.24,114.47,34.39,-126.85
144,0.82,-0.15,0.18,94.97,60.76,-113.18
145,0.74,-0.17,0.12,76.8,87.27,-98.98
146,0.64,-0.19,0.06,59.0,107.82,-91.0
147,0.52,-0.22,-0.0,45.48,124.99,-79.23
148,0.3,-0.31,-0.07,37.71,127.56,-80.76
149,0.11,-0.3,-0.1,33.69,116.47,-78.71
150,-0.05,-0.28,-0.12,36.92,95.76,-89.72
151,-0.21,-0.26,-0.17,35.05,69.02,-113.49
152,-0.2,-0.17,-0.19,34.82,43.1,-131.87
153,-0.17,-0.08,-0.21,25.83,28.22,-150.0
154,-0.12,0.03,-0.21,12.95,23.23,-153.53
155,-0.08,0.07,-0.19,1.47,26.6,-150.58
156,-0.02,0.18,-0.24,-16.24,37.31,-147.02
157,-0.07,0.2,-0.23,-36.31,54.87,-134.5
158,-0.18,0.14,-0.21,-49.44,64.75,-129.41
159,-0.28,0.2,-0.24,-61.34,67.85,-120.14
160,-0.44,0.22,-0.22,-74.83,61.18,-117.98
161,-0.62,0.21,-0.15,-82.47,39.43,-119.64
162,-0.65,0.26,-0.06,-89.5,14.47,-121.1
163,-0.59,0.29,-0.02,-98.4,-6.89,-127.76
164,-0.46,0.37,0.0,-112.52,-15.9,-131.58
165,-0.37,0.39,0.02,-131.5,-8.98,-129.6
166,-0.39,0.29,0.05,-143.79,2.54,-119.06
167,-0.58,0.16,0.15,-154.2,3.73,-117.65
168,-0.68,0.04,0.19,-159.55,-0.22,-119.14
169,-0.82,-0.02,0.27,-161.5,-6.36,-102.75
170,-1.03,-0.1,0.35,-166.16,-14.66,-98.34
171,-1.15,-0.17,0.43,-175.2,-35.42,-103.75
172,-1.14,-0.24,0.49,-186.98,-46.07,-94.45
173,-1.19,-0.4,0.61,-203.85,-50.42,-90.09
174,-1.21,-0.51,0.73,-215.92,-46.99,-56.52
175,-1.39,-0.58,0.99,-222.29,-48.02,-40.5
176,-1.36,-0.83,1.15,-222.09,-53.44,-29.97
177,-1.28,-0.86,1.33,-214.24,-56.79,-7.23
178,-1.2,-0.96,1.44,-199.98,-48.67,10.3
179,-1.16,-0.96,1.51,-187.98,-40.84,34.47
180,-1.18,-0.95,1.49,-175.68,-33.76,53.48
181,-1.26,-0.87,1.46,-166.32,-39.13,70.82
182,-1.26,-0.85,1.46,-155.37,-58.69,72.4
183,-1.12,-0.75,1.48,-148.5,-84.51,75.07
184,-0.85,-0.7,1.48,-141.44,-96.95,87.06
185,-0.63,-0.68,1.52,-135.3,-98.21,95.56
186,-0.45,-0.69,1.55,-123.05,-92.38,105.97
187,-0.37,-0.7,1.56,-110.6,-81.4,109.69
188,-0.39,-0.73,1.56,-92.68,-71.15,116.5
189,-0.53,-0.76,1.54,-71.31,-71.02,120.85
190,-0.69,-0.68,1.49,-55.53,-89.27,121.31
191,-0.65,-0.66,1.4,-47.59,-113.49,116.29
192,-0.52,-0.65,1.37,-44.18,-136.74,112.95
193,-0.26,-0.6,1.37,-44.07,-144.18,119.17
194,-0.03,-0.58,1.4,-45.85,-138.95,131.92
195,0.14,-0.61,1.42,-41.63,-128.25,133.13
196,0.31,-0.59,1.44,-34.9,-110.25,132.16
197,0.39,-0.57,1.43,-22.75,-91.03,142.2
198,0.34,-0.55,1.39,-9.93,-73.1,145.2
199,0.21,-0.56,1.35,6.34,-74.97,135.52
200,0.18,-0.49,1.28,21.72,-79.84,131.88
201,0.13,-0.35,1.25,23.25,-91.6,123.44
202,0.14,-0.4,1.2,32.76,-102.75,110.52
203,0.23,-0.39,1.17,36.25,-116.34,97.79
204,0.39,-0.35,1.15,40.11,-111.43,96.51
205,0.46,-0.33,1.17,39.44,-100.6,100.61
206,0.51,-0.33,1.18,39.05,-81.45,107.38
207,0.48,-0.33,1.14,38.61,-69.48,105.75
208,0.47,-0.32,1.11,36.94,-60.82,104.31
209,0.39,-0.4,1.17,39.67,-63.67,97.1
210,0.37,-0.49,1.23,46.98,-75.78,75.41
211,0.47,-0.5,1.29,58.5,-81.4,62.56
212,0.54,-0.49,1.28,64.27,-72.69,53.74
213,0.57,-0.47,1.27,72.96,-60.59,53.52
214,0.5,-0.45,1.25,80.44,-57.06,44.89
215,0.51,-0.39,1.17,83.95,-57.03,35.22
216,0.57,-0.36,1.11,83.66,-50.27,30.88
217,0.6,-0.32,1.1,83.57,-49.15,24.98
218,0.69,-0.27,1.05,81.88,-33.98,20.0
219,0.67,-0.25,1.01,80.89,-23.0,18.28
220,0.64,-0.23,0.97,84.43,-19.89,14.47
221,0.61,-0.19,0.91,80.48,-17.25,1.58
222,0.64,-0.17,0.85,77.66,-14.55,-6.2
223,0.61,-0.15,0.83,74.57,-17.39,-17.69
224,0.63,-0.17,0.78,73.28,-12.62,-27.08
225,0.59,-0.15,0.76,69.09,-8.4,-32.72
226,0.55,-0.21,0.75,70.26,-9.76,-43.55
227,0.52,-0.2,0.71,71.63,-9.07,-54.5
228,0.49,-0.13,0.67,67.65,-2.86,-56.18
229,0.4,-0.14,0.62,60.66,5.47,-52.26
230,0.29,-0.17,0.62,49.92,10.52,-48.22
231,0.27,-0.14,0.57,37.19,19.85,-36.96
232,0.22,-0.16,0.53,27.93,30.89,-21.09
233,0.11,-0.19,0.57,17.45,29.27,-10.71
234,0.08,-0.2,0.56,11.95,27.69,-6.14
235,0.07,-0.21,0.57,8.61,25.4,-7.43
236,0.07,-0.17,0.59,7.85,18.87,-13.62
237,0.13,-0.14,0.59,10.33,12.03,-15.29
238,0.16,-0.11,0.61,10.66,5.4,-21.66
239,0.21,-0.14,0.58,9.4,1.67,-31.31
240,0.2,-0.21,0.58,9.04,-2.02,-35.34
241,0.15,-0.14,0.69,3.74,-5.56,-37.24
242,0.18,-0.13,0.75,2.02,4.63,-25.85
243,0.05,-0.15,0.84,5.11,7.0,-17.98
244,0.01,-0.1,0.89,2.6,2.48,-19.35
245,0.04,-0.09,0.92,3.55,7.62,-10.18
246,0.0,-0.09,0.94,2.95,8.35,-2.24
247,0.02,-0.06,0.96,0.15,4.24,-2.44
248,0.08,-0.03,0.98,-1.21,5.37,0.47
249,0.08,-0.02,0.98,-0.37,4.05,1.15
250,0.12,0.01,0.97,-1.32,-0.18,-2.51
251,0.19,0.02,0.98,-1.31,0.87,-4.26
252,0.2,0.03,0.98,0.24,2.97,-6.11
253,0.2,0.05,0.98,0.24,3.69,-8.54
254,0.2,0.03,0.98,1.01,5.82,-9.96
255,0.18,0.04,0.99,1.44,6.63,-10.01
256,0.16,0.04,1.0,0.7,7.66,-9.85
257,0.14,0.03,0.99,0.56,10.31,-8.21
258,0.12,0.02,1.0,-1.41,11.3,-5.34
259,0.1,0.02,0.99,-2.32,10.09,-5.18
260,0.09,0.01,1.0,-2.08,8.18,-4.15
261,0.06,-0.0,1.01,-2.17,4.5,-3.93
262,0.07,-0.0,1.01,-0.29,0.92,-6.58
263,0.07,-0.01,1.02,1.16,-0.76,-5.35
264,0.07,-0.0,1.02,1.21,-3.87,-5.16
265,0.09,-0.03,1.03,3.37,-5.18,-3.5
266,0.11,-0.02,1.03,4.48,-6.23,-1.02
267,0.14,-0.02,1.02,4.78,-3.46,2.52
268,0.11,-0.03,1.02,6.97,-3.45,7.33
269,0.08,-0.06,1.02,11.35,-7.65,6.31
270,0.08,-0.04,0.99,12.7,-10.47,6.98
271,0.06,-0.03,0.98,14.15,-12.09,13.01
272,0.0,-0.04,0.99,15.44,-20.54,10.92
273,0.05,-0.03,0.98,18.06,-30.85,4.65
274,0.15,0.02,0.96,17.46,-31.54,1.5
275,0.22,0.06,0.94,13.34,-26.6,1.76
276,0.26,0.09,0.95,8.26,-19.11,3.4
277,0.25,0.09,0.96,5.08,-10.59,8.98
278,0.21,0.1,0.98,3.13,-3.24,10.33
279,0.16,0.07,1.01,1.4,0.18,11.24
280,0.16,0.08,1.0,1.24,0.72,10.6
281,0.14,0.06,0.98,0.1,-0.45,8.55
282,0.14,0.03,1.0,0.58,-3.15,5.48
283,0.14,0.03,1.0,0.08,-4.04,3.42
284,0.15,0.03,0.99,-0.2,-3.44,2.59
285,0.13,0.01,1.01,0.8,-5.94,-0.63
286,0.16,0.03,1.01,-0.24,-7.16,-4.64
287,0.19,0.03,1.0,-2.69,-0.59,-2.53
288,0.16,0.01,0.99,-1.27,1.79,-2.08
289,0.17,0.01,0.98,-1.2,3.22,-2.03
290,0.17,-0.0,0.99,-2.05,6.21,-1.21
291,0.12,-0.01,0.99,-1.64,5.13,-4.5
292,0.12,-0.0,0.98,-0.68,5.48,-4.5
293,0.08,0.0,0.98,-0.95,3.85,-3.56
294,0.08,0.01,0.98,-0.87,2.74,-2.44
295,0.1,0.02,0.99,-2.08,4.4,-0.76
296,0.1,0.02,0.99,-1.95,3.59,-1.03
297,0.12,0.02,0.98,-1.93,3.95,-0.85
298,0.11,0.01,0.99,-1.16,3.41,-0.52
299,0.11,0.01,0.99,-1.24,0.31,-1.58
300,0.1,0.01,0.98,-0.73,-2.05,-4.37
301,0.11,0.03,0.98,-1.15,-3.98,-5.92
302,0.11,0.03,0.97,-0.87,-5.4,-8.92
303,0.11,0.04,0.98,-0.48,-6.8,-9.08
304,0.11,0.04,0.98,-0.8,-6.48,-8.77
305,0.12,0.04,0.97,-0.89,-7.27,-8.92
306,0.12,0.04,0.98,-0.8,-9.01,-9.01
307,0.15,0.04,0.96,-0.48,-8.31,-4.44
308,0.13,0.04,0.96,-0.48,-7.88,-2.76
309,0.14,0.04,0.99,-0.32,-11.67,-5.98
310,0.16,0.04,0.99,0.21,-12.27,-6.53
311,0.18,0.04,0.99,1.17,-10.97,-6.89
312,0.19,0.05,0.99,1.17,-10.28,-7.23
313,0.19,0.05,0.98,1.96,-8.89,-7.82
314,0.19,0.05,0.98,1.92,-8.81,-9.43
315,0.19,0.05,0.99,1.46,-8.98,-10.85
316,0.18,0.04,0.97,1.57,-8.64,-11.05
317,0.15,0.03,0.95,1.64,-11.84,-14.44
318,0.15,0.03,0.97,1.18,-16.11,-19.42
319,0.17,0.02,0.95,1.34,-18.36,-22.0
320,0.18,0.04,0.96,0.45,-18.18,-20.89
321,0.17,0.05,0.96,-1.02,-18.02,-21.7
322,0.19,0.06,0.98,-2.16,-16.52,-21.36
323,0.2,0.07,0.98,-3.74,-10.4,-15.76
324,0.18,0.04,0.99,-4.01,-5.79,-11.24
325,0.17,0.05,0.98,-4.88,-2.68,-9.4
326,0.17,0.06,0.97,-6.7,-0.72,-5.74
327,0.15,0.06,0.97,-7.03,-0.56,-5.22
328,0.16,0.06,0.98,-6.76,-3.24,-7.63
329,0.18,0.07,0.97,-7.0,-3.81,-7.27
330,0.17,0.05,0.99,-6.5,-6.0,-8.73
331,0.17,0.03,0.99,-5.44,-7.98,-9.27
332,0.19,0.02,1.0,-5.18,-7.93,-8.5
333,0.2,0.02,1.01,-5.92,-8.18,-8.47
334,0.21,0.0,1.02,-5.43,-6.4,-7.63
335,0.21,-0.0,1.03,-5.48,-3.82,-5.41
336,0.2,-0.0,1.03,-4.53,-1.56,-4.8
337,0.2,0.0,1.01,-3.12,-1.05,-3.87
338,0.19,-0.0,1.0,-3.02,-0.12,-3.68
339,0.18,-0.0,1.0,-2.2,-1.21,-4.29
340,0.18,0.01,0.99,-1.15,-1.34,-4.37
341,0.18,0.03,0.99,-1.3,-0.08,-2.41
342,0.16,0.03,0.98,-1.8,-1.04,-2.13
343,0.17,0.04,0.98,-1.58,-1.6,-2.34
344,0.2,0.05,0.97,-1.81,-0.98,-1.72
345,0.19,0.06,0.96,-3.14,-0.39,-0.88
346,0.19,0.05,0.95,-2.55,-1.44,-2.05
347,0.2,0.05,0.96,-1.48,-2.61,-3.96
348,0.2,0.05,0.96,-1.53,-1.75,-3.19
349,0.19,0.05,0.96,-2.17,-1.35,-2.49
350,0.18,0.03,0.96,-2.25,-2.91,-4.47
351,0.19,0.05,0.98,-2.83,-3.64,-4.44
352,0.19,0.05,0.99,-3.59,-2.75,-3.62
353,0.2,0.04,0.99,-3.32,-1.92,-2.57
354,0.21,0.04,0.99,-3.63,-0.89,-2.2
355,0.21,0.04,0.99,-4.21,-0.44,-3.07
356,0.21,0.04,0.98,-3.2,0.76,-2.22
357,0.19,0.04,0.98,-2.63,1.33,-2.79
358,0.18,0.03,0.98,-1.95,0.24,-4.01
359,0.18,0.03,0.97,-2.15,-1.51,-4.66
360,0.18,0.04,0.97,-2.66,-2.14,-4.33
361,0.19,0.04,0.97,-2.67,-2.34,-3.59
362,0.2,0.04,0.97,-3.46,-1.05,-2.69
363,0.18,0.03,0.99,-3.53,-0.72,-2.5
364,0.18,0.04,0.98,-2.91,-1.5,-1.92
365,0.17,0.03,0.97,-2.83,-2.52,-2.2
366,0.18,0.04,0.98,-3.24,-3.68,-2.27
367,0.17,0.04,0.98,-3.47,-3.89,-3.5
368,0.18,0.05,0.98,-3.15,-4.11,-4.47
369,0.18,0.05,0.99,-1.75,-3.0,-2.96
370,0.2,0.05,0.98,-2.21,-0.88,-0.8
371,0.19,0.04,0.96,-2.8,0.11,0.56
372,0.17,0.03,0.96,-2.68,-2.51,-0.35
373,0.16,0.03,0.96,-2.9,-6.0,-2.79
374,0.2,0.04,0.96,-3.65,-8.17,-5.43
375,0.24,0.04,0.97,-3.92,-6.85,-4.47
376,0.24,0.05,0.98,-4.69,-3.21,-2.91
377,0.22,0.05,0.99,-4.63,-1.9,-2.21
378,0.2,0.05,0.99,-3.69,-2.82,-2.2
379,0.21,0.04,0.99,-3.92,-2.48,-3.56
380,0.21,0.04,0.98,-3.79,-1.75,-4.49
381,0.22,0.05,0.98,-2.9,-0.73,-3.82
382,0.21,0.05,0.96,-3.92,0.3,-2.12
383,0.18,0.03,0.97,-4.5,-1.87,-3.26
384,0.2,0.03,0.97,-0.44,-8.13,-6.56
385,0.2,0.03,0.97,-5.11,-4.17,-7.82
386,0.22,0.04,0.98,-3.76,-4.11,-3.75
387,0.21,0.04,0.98,-4.41,-2.5,-2.02
388,0.19,0.02,1.0,-4.32,-4.43,-4.56
389,0.21,0.03,1.0,-3.7,-3.55,-3.67
390,0.22,0.03,0.98,-3.86,-1.38,-2.36
391,0.2,0.03,0.98,-4.12,-2.38,-3.28
392,0.2,0.02,0.99,-3.67,-3.47,-4.92
393,0.21,0.02,0.99,-2.88,-3.22,-4.63
394,0.22,0.03,0.98,-3.17,-1.71,-4.08
395,0.21,0.03,0.98,-3.38,-1.01,-4.25
396,0.21,0.03,0.98,-3.84,-1.27,-4.61
397,0.21,0.02,0.98,-3.34,-1.1,-4.64
398,0.21,0.04,0.97,-3.86,0.89,-2.72
399,0.19,0.04,0.98,-4.24,-0.25,-3.71
400,0.19,0.04,0.97,-4.24,-2.01,-4.92
