,accel_x,accel_y,accel_z,gyro_x,gyro_y,gyro_z
0,0.13,-0.15,1.0,-1.69,-3.73,2.29
1,0.14,-0.15,1.0,-1.47,-3.81,2.76
2,0.16,-0.15,0.99,-1.78,-4.46,0.49
3,0.17,-0.13,0.99,-2.56,-3.21,-0.05
4,0.16,-0.13,1.0,-2.51,-2.2,-0.55
5,0.16,-0.14,0.99,-2.06,-1.62,-1.86
6,0.16,-0.13,0.98,-1.85,-0.67,-2.02
7,0.16,-0.12,0.97,-2.02,-0.57,-3.23
8,0.16,-0.12,0.97,-1.88,-0.63,-3.16
9,0.14,-0.12,0.97,-2.43,-0.14,-3.04
10,0.15,-0.13,0.96,-3.22,0.31,-3.34
11,0.13,-0.13,0.96,-3.98,0.26,-3.21
12,0.13,-0.14,0.97,-3.9,-0.66,-2.99
13,0.14,-0.13,0.97,-4.18,-0.58,-3.48
14,0.13,-0.13,0.97,-4.7,-0.38,-3.25
15,0.12,-0.13,0.97,-4.84,-1.21,-3.98
16,0.13,-0.13,0.97,-4.63,-1.79,-3.41
17,0.14,-0.13,0.97,-5.18,-1.63,-3.02
18,0.16,-0.12,0.98,-5.32,-1.69,-3.34
19,0.15,-0.14,1.0,-5.01,-1.31,-5.05
20,0.14,-0.15,1.01,-3.76,-1.18,-5.26
21,0.14,-0.15,1.0,-2.68,-1.31,-4.85
22,0.14,-0.15,0.98,-2.54,-0.4,-3.88
23,0.13,-0.15,0.99,-2.51,-0.63,-2.92
24,0.12,-0.16,0.98,-2.56,-0.31,-1.5
25,0.11,-0.16,0.99,-2.31,-1.36,-2.14
26,0.13,-0.16,0.99,-1.82,-1.78,-1.28
27,0.15,-0.14,0.98,-2.39,-1.4,-2.02
28,0.16,-0.12,0.97,-3.11,-1.08,-2.9
29,0.14,-0.13,0.98,-3.47,-2.18,-4.02
30,0.15,-0.14,0.99,-2.56,-2.85,-4.54
31,0.15,-0.13,0.99,-2.05,-2.76,-4.24
32,0.16,-0.13,0.99,-2.18,-2.33,-4.15
33,0.15,-0.14,0.99,-1.69,-1.62,-4.68
34,0.15,-0.14,0.97,-0.73,-1.54,-3.89
35,0.15,-0.13,0.96,-1.06,-1.57,-4.59
36,0.15,-0.13,0.96,-1.17,-2.58,-4.89
37,0.16,-0.12,0.95,-1.3,-2.73,-5.02
38,0.16,-0.11,0.95,-2.39,-1.6,-5.05
39,0.16,-0.12,0.95,-2.98,-2.37,-5.71
40,0.14,-0.12,0.94,-3.73,-3.34,-6.1
41,0.14,-0.13,0.95,-4.08,-4.62,-7.02
42,0.15,-0.14,0.97,-4.38,-4.44,-7.15
43,0.15,-0.14,0.97,-4.08,-4.29,-6.5
44,0.17,-0.13,0.98,-4.11,-3.56,-6.55
45,0.17,-0.14,0.97,-4.06,-2.28,-6.24
46,0.16,-0.13,0.97,-3.87,-2.6,-6.37
47,0.17,-0.12,0.97,-4.0,-0.82,-6.36
48,0.16,-0.13,0.97,-3.72,-0.47,-6.72
49,0.15,-0.13,0.97,-3.54,-0.85,-7.36
50,0.15,-0.13,0.98,-3.95,-1.27,-8.39
51,0.15,-0.12,0.98,-4.24,-1.0,-8.19
52,0.14,-0.13,0.99,-4.07,-0.47,-7.57
53,0.13,-0.14,0.99,-4.5,-0.05,-7.27
54,0.12,-0.16,1.0,-4.63,0.42,-5.92
55,0.12,-0.17,1.0,-3.54,-0.27,-5.08
56,0.11,-0.16,1.0,-2.44,-1.0,-3.84
57,0.1,-0.17,1.0,-2.27,-1.47,-2.56
58,0.11,-0.17,1.0,-1.99,-2.76,-2.52
59,0.12,-0.17,0.99,-2.02,-2.95,-1.92
60,0.13,-0.16,0.99,-2.18,-2.85,-1.77
61,0.14,-0.14,0.99,-1.7,-2.98,-1.89
62,0.15,-0.14,0.99,-1.46,-2.86,-2.28
63,0.15,-0.14,0.98,-1.1,-1.92,-2.05
64,0.15,-0.13,0.99,-0.82,-1.76,-2.02
65,0.14,-0.13,0.97,-1.02,-1.73,-1.76
66,0.15,-0.13,0.98,-0.66,-1.79,-1.2
67,0.16,-0.12,0.98,-0.95,-1.27,-0.15
68,0.15,-0.12,0.97,-1.39,-1.08,-0.05
69,0.16,-0.12,0.97,-1.5,-1.79,-0.66
70,0.16,-0.13,0.97,-0.85,-2.29,-1.44
71,0.17,-0.12,0.96,-0.28,-3.43,-2.45
72,0.18,-0.13,0.96,-0.55,-3.89,-3.85
73,0.18,-0.13,0.96,-1.1,-3.37,-4.25
74,0.18,-0.12,0.95,-2.11,-2.26,-3.87
75,0.17,-0.12,0.96,-2.86,-0.47,-3.13
76,0.16,-0.12,0.95,-3.21,0.3,-2.09
77,0.16,-0.13,0.95,-4.0,0.24,-1.66
78,0.15,-0.12,0.96,-4.4,-0.16,-2.47
79,0.16,-0.13,0.95,-3.84,-0.47,-3.19
80,0.17,-0.14,0.96,-3.91,-0.86,-4.64
81,0.16,-0.13,0.96,-3.3,-1.43,-4.82
82,0.16,-0.12,0.96,-3.52,-0.69,-4.76
83,0.16,-0.12,0.95,-4.69,-0.04,-4.02
84,0.14,-0.14,0.96,-4.88,-1.11,-4.45
85,0.14,-0.14,0.96,-4.43,-1.89,-3.74
86,0.15,-0.14,0.95,-4.91,-1.9,-3.07
87,0.16,-0.14,0.96,-5.61,-1.55,-2.69
88,0.15,-0.14,0.96,-5.49,-2.01,-2.87
89,0.17,-0.14,0.95,-5.8,-2.22,-3.48
90,0.18,-0.13,0.95,-6.45,-1.92,-3.39
91,0.17,-0.13,0.96,-6.42,-2.14,-3.92
92,0.17,-0.13,0.95,-6.38,-1.6,-3.34
93,0.17,-0.12,0.94,-6.82,-1.32,-3.26
94,0.16,-0.12,0.94,-7.67,-0.82,-3.51
95,0.16,-0.13,0.94,-7.92,-0.98,-3.18
96,0.16,-0.12,0.94,-8.4,-1.59,-3.81
97,0.16,-0.13,0.93,-9.22,-1.82,-4.44
98,0.16,-0.13,0.93,-10.67,-1.79,-4.89
99,0.15,-0.14,0.94,-11.1,-1.62,-5.16
100,0.14,-0.15,0.94,-11.01,-2.15,-4.6
101,0.15,-0.14,0.94,-12.27,-2.03,-3.99
102,0.16,-0.17,0.94,-12.9,-0.99,-3.76
103,0.17,-0.18,0.96,-12.11,-0.34,-3.35
104,0.19,-0.17,0.95,-12.11,1.98,-2.7
105,0.21,-0.15,0.93,-12.79,3.74,-2.05
106,0.19,-0.14,0.92,-13.02,3.28,-2.47
107,0.2,-0.12,0.9,-13.96,3.51,-3.54
108,0.19,-0.1,0.89,-15.4,3.56,-4.76
109,0.16,-0.08,0.89,-17.1,3.37,-6.05
110,0.12,-0.09,0.9,-18.36,2.79,-7.05
111,0.08,-0.1,0.91,-19.47,1.21,-6.25
112,0.07,-0.1,0.92,-21.12,0.84,-4.12
113,0.06,-0.1,0.93,-22.97,0.47,-2.67
114,0.05,-0.12,0.95,-24.01,-0.25,-0.61
115,0.03,-0.11,0.98,-25.03,-1.1,-0.12
116,0.0,-0.12,1.01,-25.15,-1.6,2.35
117,-0.03,-0.13,1.03,-25.66,-3.24,4.92
118,-0.05,-0.15,1.05,-27.94,-4.6,6.14
119,-0.05,-0.18,1.11,-29.12,-5.36,9.2
120,-0.09,-0.21,1.18,-29.02,-7.37,10.71
121,-0.14,-0.26,1.26,-25.22,-11.46,13.16
122,-0.19,-0.29,1.32,-19.66,-17.27,17.49
123,-0.21,-0.29,1.38,-15.09,-23.11,24.43
124,-0.25,-0.3,1.45,-12.4,-30.05,29.92
125,-0.25,-0.34,1.57,-6.66,-37.79,36.97
126,-0.15,-0.38,1.7,5.81,-47.2,48.41
127,0.05,-0.31,1.85,6.17,-49.42,58.5
128,0.27,-0.43,1.98,15.35,-42.47,68.58
129,0.47,-0.49,2.0,34.53,-38.25,54.05
130,0.88,-0.53,2.0,69.24,-42.87,63.17
131,1.19,-0.54,2.0,95.53,-25.32,50.14
132,1.32,-0.56,2.0,119.6,-10.44,30.6
133,1.33,-0.56,2.0,144.54,-5.08,6.34
134,1.3,-0.56,1.87,168.31,-6.78,-23.97
135,1.26,-0.53,1.69,182.44,-9.65,-50.4
136,1.24,-0.5,1.54,191.68,-5.54,-65.83
137,1.22,-0.47,1.36,192.87,7.77,-74.47
138,1.18,-0.42,1.18,188.92,21.82,-84.13
139,1.17,-0.36,0.99,182.21,34.69,-89.47
140,1.13,-0.3,0.81,171.81,46.6,-95.98
141,1.07,-0.25,0.63,158.98,57.27,-104.13
142,0.99,-0.22,0.5,150.09,61.78,-111.28
143,0.93,-0.17,0.38,140.02,65.24,-117.27
144,0.86,-0.12,0.26,125.82,68.21,-129.5
145,0.83,-0.11,0.18,115.42,69.46,-135.21
146,0.78,-0.1,0.09,105.7,67.09,-146.11
147,0.75,-0.08,-0.01,94.38,66.41,-156.79
148,0.65,-0.08,-0.06,83.14,65.82,-166.32
149,0.52,-0.09,-0.09,73.34,62.99,-172.44
150,0.41,-0.09,-0.15,66.65,55.81,-177.48
151,0.32,-0.08,-0.2,57.08,51.38,-177.37
152,0.18,-0.09,-0.23,45.56,45.34,-177.78
153,0.06,-0.1,-0.24,32.02,41.7,-176.13
154,-0.09,-0.08,-0.24,21.68,31.54,-168.88
155,-0.2,-0.06,-0.27,6.47,22.48,-164.34
156,-0.29,-0.03,-0.31,-10.93,9.55,-157.57
157,-0.31,0.03,-0.28,-26.08,-7.24,-143.75
158,-0.35,-0.0,-0.17,-43.66,-23.81,-140.11
159,-0.27,-0.01,-0.13,-60.26,-29.14,-133.62
160,-0.21,0.02,-0.03,-79.94,-22.31,-122.43
161,-0.27,-0.01,0.05,-90.25,-27.39,-119.56
162,-0.23,0.02,0.08,-95.96,-33.05,-113.76
163,-0.2,0.03,0.13,-106.88,-36.75,-111.66
164,-0.18,-0.02,0.23,-112.98,-34.27,-105.63
165,-0.1,-0.03,0.29,-120.3,-19.76,-95.95
166,-0.09,-0.03,0.29,-131.95,3.65,-84.47
167,-0.2,-0.09,0.29,-142.09,22.62,-73.7
168,-0.45,-0.21,0.29,-150.15,29.53,-66.4
169,-0.68,-0.31,0.31,-153.43,23.3,-55.21
170,-0.91,-0.42,0.34,-154.18,8.39,-39.3
171,-1.1,-0.48,0.39,-158.8,-12.93,-34.93
172,-1.14,-0.52,0.52,-167.47,-34.64,-29.89
173,-1.06,-0.52,0.61,-172.44,-51.5,-21.69
174,-0.94,-0.56,0.69,-184.61,-50.07,-23.11
175,-0.87,-0.62,0.8,-193.48,-43.38,-18.74
176,-0.82,-0.7,0.89,-185.48,-38.81,-12.73
177,-0.88,-0.78,0.96,-169.51,-42.01,-10.67
178,-0.93,-0.82,1.0,-151.95,-53.98,-7.78
179,-0.99,-0.85,1.04,-141.75,-66.31,-6.16
180,-0.99,-0.81,1.04,-136.95,-76.46,5.69
181,-0.96,-0.76,1.07,-142.43,-76.27,22.7
182,-0.9,-0.76,1.17,-150.43,-74.78,43.77
183,-0.74,-0.76,1.28,-158.66,-66.28,65.05
184,-0.58,-0.76,1.32,-165.24,-52.54,81.53
185,-0.47,-0.84,1.45,-161.02,-45.79,87.65
186,-0.39,-0.89,1.49,-144.77,-43.53,83.9
187,-0.38,-0.88,1.54,-122.54,-40.28,80.46
188,-0.47,-0.93,1.53,-91.29,-52.66,75.41
189,-0.56,-0.86,1.43,-66.17,-68.07,72.69
190,-0.62,-0.75,1.31,-58.83,-85.23,69.89
191,-0.56,-0.7,1.26,-58.84,-98.9,75.09
192,-0.43,-0.66,1.26,-61.77,-106.3,82.4
193,-0.22,-0.63,1.27,-66.62,-102.82,92.78
194,-0.03,-0.66,1.31,-70.73,-90.13,106.47
195,0.07,-0.69,1.39,-70.07,-71.6,116.38
196,0.11,-0.71,1.39,-62.75,-53.35,123.36
197,0.05,-0.69,1.42,-52.54,-47.99,127.69
198,-0.01,-0.7,1.41,-36.89,-59.56,121.19
199,0.03,-0.65,1.39,-26.02,-68.47,112.57
200,0.09,-0.63,1.39,-21.55,-72.22,108.55
201,0.1,-0.66,1.42,-11.48,-73.37,105.15
202,0.14,-0.68,1.44,-0.05,-70.08,109.2
203,0.12,-0.71,1.39,5.69,-62.34,112.61
204,0.05,-0.72,1.35,9.13,-62.38,118.75
205,0.09,-0.7,1.34,17.41,-68.78,118.81
206,0.21,-0.63,1.3,21.84,-69.64,117.92
207,0.28,-0.58,1.26,23.15,-67.69,120.13
208,0.36,-0.55,1.26,24.55,-62.02,122.53
209,0.36,-0.54,1.26,25.94,-59.4,119.98
210,0.37,-0.54,1.24,29.25,-58.91,113.56
211,0.36,-0.56,1.21,32.63,-59.4,108.02
212,0.37,-0.57,1.2,36.87,-61.47,99.82
213,0.38,-0.61,1.17,42.49,-68.08,89.52
214,0.38,-0.63,1.18,45.55,-73.58,77.59
215,0.4,-0.7,1.24,50.78,-75.3,67.53
216,0.45,-0.76,1.32,60.88,-69.4,62.44
217,0.51,-0.78,1.38,68.27,-62.34,61.24
218,0.58,-0.78,1.36,74.1,-51.24,60.27
219,0.64,-0.74,1.34,76.37,-35.65,52.49
220,0.68,-0.75,1.27,88.77,-28.68,47.4
221,0.63,-0.7,1.24,97.61,-22.81,37.75
222,0.63,-0.68,1.18,106.0,-19.99,24.95
223,0.64,-0.64,1.11,115.82,-17.18,13.66
224,0.65,-0.59,1.03,121.81,-12.56,4.57
225,0.64,-0.54,0.96,125.05,-4.87,-4.6
226,0.59,-0.49,0.87,126.88,3.08,-10.63
227,0.53,-0.43,0.79,126.77,10.23,-15.31
228,0.48,-0.36,0.7,124.34,14.82,-18.58
229,0.43,-0.27,0.61,116.63,21.7,-20.82
230,0.34,-0.22,0.55,107.27,26.3,-22.31
231,0.26,-0.2,0.49,99.12,28.15,-21.31
232,0.19,-0.16,0.45,91.02,29.52,-18.05
233,0.06,-0.11,0.42,77.18,24.77,-17.6
234,-0.01,-0.08,0.35,71.31,18.23,-17.35
235,-0.01,-0.02,0.27,60.31,13.02,-15.81
236,-0.08,-0.03,0.24,44.82,-1.85,-20.26
237,-0.11,-0.01,0.35,28.64,-20.62,-21.98
238,0.02,-0.07,0.36,17.23,-24.28,-23.82
239,0.04,-0.11,0.46,5.46,-21.79,-19.31
240,0.05,-0.19,0.59,-0.11,-19.66,-13.34
241,0.11,-0.23,0.68,-3.67,-8.2,-10.37
242,0.15,-0.25,0.73,-3.97,5.02,-2.71
243,0.11,-0.27,0.78,0.28,8.08,-1.56
244,0.07,-0.27,0.81,6.47,7.18,-4.95
245,0.05,-0.22,0.77,8.73,6.68,-7.18
246,0.01,-0.2,0.75,7.15,2.27,-9.63
247,-0.0,-0.17,0.75,4.23,-2.53,-11.25
248,0.01,-0.15,0.77,1.18,-3.85,-10.25
249,0.04,-0.12,0.79,-2.93,-4.3,-9.15
250,0.04,-0.11,0.81,-6.37,-5.42,-10.05
251,0.05,-0.1,0.84,-8.47,-6.14,-9.55
252,0.08,-0.07,0.85,-12.19,-6.29,-8.76
253,0.11,-0.07,0.89,-15.66,-4.99,-8.88
254,0.1,-0.1,0.94,-15.82,-5.04,-9.01
255,0.12,-0.12,0.96,-14.57,-5.57,-9.44
256,0.13,-0.11,0.98,-12.77,-4.22,-9.82
257,0.13,-0.11,1.0,-11.39,-3.58,-10.63
258,0.12,-0.11,1.0,-10.28,-3.53,-12.9
259,0.1,-0.12,1.01,-8.54,-4.55,-14.27
260,0.09,-0.13,1.0,-7.27,-6.82,-15.66
261,0.1,-0.12,1.02,-7.21,-7.5,-15.85
262,0.11,-0.12,1.0,-7.53,-6.76,-15.69
263,0.12,-0.12,0.99,-8.08,-5.05,-15.27
264,0.11,-0.12,1.0,-8.89,-5.36,-15.5
265,0.11,-0.14,1.01,-9.18,-5.66,-15.78
266,0.11,-0.15,1.01,-8.37,-5.46,-14.72
267,0.12,-0.15,1.02,-8.47,-3.73,-15.18
268,0.12,-0.17,1.03,-8.35,-0.58,-14.21
269,0.1,-0.18,1.03,-6.95,0.91,-14.02
270,0.09,-0.17,1.03,-5.45,2.37,-13.49
271,0.09,-0.16,1.01,-5.11,3.98,-13.04
272,0.08,-0.14,1.0,-5.08,5.36,-12.29
273,0.04,-0.15,0.99,-4.15,5.66,-12.75
274,0.02,-0.15,0.98,-3.04,4.24,-11.31
275,0.01,-0.14,0.94,-3.79,3.37,-10.38
276,0.01,-0.13,0.94,-5.73,2.21,-9.77
277,-0.0,-0.13,0.94,-6.51,1.69,-8.4
278,-0.02,-0.13,0.94,-7.82,-0.12,-6.86
279,-0.01,-0.13,0.94,-10.12,-0.67,-6.27
280,-0.01,-0.16,0.95,-9.82,-2.18,-3.11
281,0.0,-0.18,0.98,-7.29,-4.54,-1.82
282,0.02,-0.18,0.97,-5.13,-4.55,1.37
283,0.01,-0.16,0.96,-4.67,-5.72,2.76
284,0.05,-0.15,0.96,-5.68,-7.92,0.69
285,0.1,-0.12,0.95,-7.44,-2.69,0.2
286,0.09,-0.13,0.96,-9.52,-2.69,-0.31
287,0.09,-0.14,0.99,-9.93,-1.73,0.0
288,0.08,-0.16,1.01,-8.11,-1.15,0.79
289,0.1,-0.14,1.0,-7.0,-0.92,1.67
290,0.11,-0.14,0.98,-7.79,0.79,1.3
291,0.11,-0.14,0.99,-7.64,1.56,0.84
292,0.09,-0.14,0.98,-7.22,1.21,0.59
293,0.1,-0.14,0.97,-7.86,1.53,0.33
294,0.1,-0.13,0.97,-8.53,1.15,-0.89
295,0.11,-0.14,0.97,-8.85,-0.21,-2.22
296,0.1,-0.15,0.98,-8.07,-2.24,-3.18
297,0.08,-0.16,0.98,-8.75,-0.19,-2.97
298,0.09,-0.17,0.97,-7.95,-0.56,-0.72
299,0.08,-0.16,0.96,-8.51,-0.27,0.24
300,0.07,-0.15,0.96,-10.13,-0.42,1.56
301,0.09,-0.16,0.96,-11.69,-0.82,2.02
302,0.09,-0.15,0.94,-13.02,-2.01,2.26
303,0.11,-0.14,0.95,-17.83,0.44,0.14
304,0.16,-0.14,0.96,-24.24,7.35,-1.48
305,0.13,-0.18,0.99,-24.24,8.63,-2.85
306,0.08,-0.23,1.02,-16.94,2.78,-4.15
307,0.09,-0.23,1.03,-8.48,-0.97,-3.12
308,0.1,-0.21,1.01,-4.09,-2.94,-3.75
309,0.11,-0.18,0.99,-5.7,-0.75,-4.45
310,0.09,-0.19,0.99,-6.72,1.44,-3.21
311,0.07,-0.18,0.98,-5.5,-0.05,-2.4
312,0.08,-0.18,0.98,-6.47,-0.18,-1.22
313,0.09,-0.17,0.98,-7.45,-0.4,-0.98
314,0.09,-0.18,0.99,-6.99,-1.21,1.66
315,0.08,-0.18,1.01,-5.82,-4.02,-1.34
316,0.1,-0.19,1.02,-4.22,-3.53,-1.28
317,0.1,-0.19,1.02,-3.16,-2.61,-2.3
318,0.1,-0.18,1.02,-1.5,-1.63,-2.55
319,0.1,-0.16,1.01,-1.08,-0.65,-2.43
320,0.09,-0.16,0.99,-1.21,-0.87,-2.85
321,0.08,-0.16,0.99,-1.95,-1.79,-4.0
322,0.1,-0.15,0.98,-3.44,-1.78,-4.51
323,0.09,-0.16,1.0,-4.21,-1.73,-4.56
324,0.11,-0.17,1.0,-4.37,-0.6,-4.4
325,0.08,-0.19,1.01,-3.08,-0.92,-4.69
326,0.08,-0.2,1.0,-0.58,-2.48,-5.36
327,0.08,-0.2,1.0,1.01,-3.63,-5.56
328,0.1,-0.2,1.0,2.29,-3.87,-5.02
329,0.09,-0.19,0.99,2.06,-3.05,-4.7
330,0.1,-0.18,0.97,1.27,-1.66,-4.25
331,0.1,-0.18,0.98,0.45,-0.75,-3.99
332,0.09,-0.18,0.98,0.65,-0.16,-3.59
333,0.07,-0.19,0.96,0.95,0.02,-3.21
334,0.06,-0.19,0.96,1.5,-1.77,-4.77
335,0.08,-0.18,0.95,1.18,-2.24,-5.24
336,0.06,-0.18,0.95,0.07,-2.63,-5.03
337,0.07,-0.17,0.96,-0.67,-3.05,-4.15
338,0.08,-0.17,0.94,-1.59,-2.47,-3.77
339,0.09,-0.16,0.95,-3.18,-0.8,-2.81
340,0.08,-0.17,0.96,-4.63,0.52,-2.69
341,0.09,-0.17,0.97,-4.79,0.92,-3.56
342,0.08,-0.17,0.99,-3.16,0.15,-3.82
343,0.08,-0.17,0.98,-2.41,1.21,-2.93
344,0.05,-0.17,0.98,-3.05,1.87,-3.35
345,0.07,-0.16,0.98,-3.33,2.48,-3.09
346,0.05,-0.16,1.0,-2.96,2.78,-2.34
347,0.03,-0.18,0.99,-2.62,2.9,-1.71
348,0.04,-0.18,0.99,-1.82,2.27,-1.09
349,0.04,-0.17,0.97,-2.11,3.05,-0.84
350,0.03,-0.17,0.97,-2.77,2.89,-0.28
351,0.03,-0.18,0.97,-2.72,1.18,0.47
352,0.04,-0.18,0.96,-2.97,-1.13,0.39
353,0.06,-0.17,0.97,-5.15,-1.93,-0.09
354,0.08,-0.18,0.98,-6.77,-1.8,0.11
355,0.1,-0.2,1.0,-6.22,-2.07,0.86
356,0.12,-0.2,1.0,-4.47,-2.0,0.27
357,0.14,-0.19,1.01,-2.56,-1.66,-0.66
358,0.14,-0.19,0.98,-1.52,-0.37,-2.46
359,0.13,-0.19,0.99,-0.22,-1.18,-4.02
360,0.12,-0.17,0.97,0.79,-2.18,-5.58
361,0.13,-0.16,0.96,-0.73,-1.29,-6.29
362,0.1,-0.16,0.98,-2.45,-1.44,-6.21
363,0.09,-0.17,0.98,-2.36,-1.82,-5.34
364,0.12,-0.16,0.96,-2.76,-0.53,-4.1
365,0.16,-0.15,0.93,-5.45,2.5,-3.2
366,0.15,-0.13,0.95,-11.33,4.3,-6.2
367,0.14,-0.16,0.96,-9.53,2.75,-6.94
368,0.15,-0.15,0.97,-8.26,-0.28,-8.9
369,0.19,-0.15,0.98,-9.13,2.27,-10.89
370,0.17,-0.16,0.99,-9.24,3.33,-13.56
371,0.16,-0.18,0.99,-7.37,4.69,-13.62
372,0.15,-0.19,1.0,-5.93,6.86,-14.42
373,0.13,-0.19,0.99,-4.26,7.24,-15.82
374,0.12,-0.18,0.97,-3.37,7.34,-17.07
375,0.1,-0.17,0.97,-2.57,6.3,-18.59
376,0.08,-0.17,0.96,-2.76,5.32,-19.93
377,0.06,-0.17,0.96,-2.69,4.06,-19.43
378,0.05,-0.16,0.95,-3.1,3.34,-17.89
379,0.04,-0.17,0.96,-4.18,3.44,-16.66
380,0.04,-0.16,0.96,-5.36,3.22,-14.97
381,0.05,-0.15,0.97,-7.55,5.05,-13.09
382,0.03,-0.17,0.96,-8.15,5.27,-11.79
383,0.02,-0.18,0.99,-7.03,4.58,-10.16
384,0.03,-0.19,0.98,-5.63,3.83,-9.11
385,0.04,-0.17,0.97,-5.08,3.39,-8.66
386,0.04,-0.18,0.96,-5.59,3.25,-9.28
387,0.05,-0.19,0.97,-4.86,2.56,-9.53
388,0.05,-0.19,0.97,-4.08,1.68,-9.8
389,0.05,-0.19,0.97,-3.66,1.12,-9.37
390,0.05,-0.19,0.98,-3.57,0.76,-9.24
391,0.05,-0.2,0.97,-4.1,1.18,-9.25
392,0.04,-0.21,0.97,-3.65,0.42,-8.94
393,0.06,-0.21,0.97,-3.22,-0.36,-8.56
394,0.07,-0.2,0.97,-4.4,0.58,-7.85
395,0.07,-0.2,0.96,-6.5,2.5,-7.15
396,0.07,-0.21,0.99,-5.79,3.25,-6.84
397,0.07,-0.21,0.98,-4.12,3.99,-7.26
398,0.06,-0.21,0.98,-2.94,4.26,-7.25
399,0.04,-0.22,0.99,-1.42,3.45,-6.91
400,0.05,-0.21,0.97,-0.04,2.7,-6.24
