,accel_x,accel_y,accel_z,gyro_x,gyro_y,gyro_z
0,0.21,-0.03,0.98,-3.94,-7.11,-4.85
1,0.24,-0.02,0.96,-3.85,-4.31,0.27
2,0.22,-0.03,0.96,-4.36,0.28,1.18
3,0.22,-0.03,0.98,-4.21,0.51,1.28
4,0.2,-0.03,0.97,-3.62,1.51,0.79
5,0.18,-0.03,0.96,-3.56,0.51,0.95
6,0.18,-0.03,0.97,-3.56,-0.43,0.37
7,0.17,-0.02,0.96,-4.16,-1.46,1.18
8,0.18,-0.03,0.97,-4.53,-2.79,0.56
9,0.2,-0.04,0.98,-4.2,-2.68,0.3
10,0.2,-0.03,0.99,-3.85,-3.59,-0.76
11,0.19,-0.03,0.98,-3.62,-3.63,-0.91
12,0.19,-0.04,0.99,-3.71,-2.54,-0.6
13,0.19,-0.04,0.98,-3.63,-2.69,0.34
14,0.18,-0.05,0.97,-3.63,-2.54,-0.56
15,0.17,-0.04,0.99,-4.45,-2.64,-0.96
16,0.16,-0.06,0.99,-4.28,-3.2,-1.76
17,0.17,-0.05,0.98,-4.59,-3.03,-0.27
18,0.17,-0.05,0.98,-4.5,-2.95,0.38
19,0.16,-0.06,0.99,-4.53,-2.75,-0.27
20,0.16,-0.05,0.98,-4.6,-2.51,-0.81
21,0.16,-0.05,0.99,-4.57,-3.18,-0.63
22,0.17,-0.06,1.0,-4.55,-3.86,-0.81
23,0.17,-0.05,1.0,-4.34,-3.86,-0.18
24,0.17,-0.05,1.0,-3.85,-4.72,-0.34
25,0.18,-0.04,1.0,-4.34,-4.92,-0.72
26,0.21,-0.04,1.0,-4.39,-4.53,0.67
27,0.21,-0.05,1.02,-3.54,-4.7,-0.37
28,0.21,-0.06,1.03,-2.18,-4.41,-1.05
29,0.24,-0.05,1.01,-2.68,-3.37,-1.78
30,0.24,-0.05,1.02,-1.92,-2.0,-2.92
31,0.23,-0.06,1.02,-0.32,-2.21,-2.54
32,0.22,-0.06,1.01,-0.62,0.08,-1.61
33,0.2,-0.06,1.01,-0.63,0.82,-0.95
34,0.2,-0.05,1.0,0.4,0.51,0.92
35,0.18,-0.04,0.98,-0.27,-0.2,1.79
36,0.18,-0.05,0.98,-0.56,-1.71,1.18
37,0.2,-0.05,0.97,-0.93,-2.02,0.79
38,0.2,-0.05,0.97,-0.98,-2.35,-0.02
39,0.21,-0.06,0.97,-1.08,-2.24,-1.41
40,0.21,-0.05,0.97,-0.52,-1.66,-1.98
41,0.2,-0.04,0.96,-0.16,-1.99,-2.76
42,0.2,-0.03,0.95,-1.02,-2.42,-3.27
43,0.2,-0.03,0.95,-1.37,-2.98,-3.43
44,0.2,-0.03,0.96,-1.92,-3.85,-3.98
45,0.21,-0.03,0.96,-2.27,-3.42,-3.44
46,0.2,-0.03,0.95,-2.08,-3.59,-2.34
47,0.22,-0.03,0.96,-2.44,-3.66,-2.59
48,0.22,-0.02,0.97,-3.12,-3.27,-2.91
49,0.22,-0.02,0.96,-3.85,-2.28,-1.78
50,0.21,-0.03,0.96,-4.35,-1.85,-1.53
51,0.19,-0.03,0.96,-5.11,-1.97,-1.37
52,0.18,-0.04,0.97,-5.01,-3.15,-1.67
53,0.19,-0.05,0.97,-4.46,-4.9,-2.92
54,0.19,-0.05,0.97,-4.0,-6.38,-3.0
55,0.2,-0.05,0.97,-4.44,-6.98,-3.52
56,0.22,-0.05,0.97,-4.01,-7.08,-3.03
57,0.23,-0.04,0.98,-4.25,-5.4,-3.02
58,0.22,-0.04,0.98,-4.19,-3.73,-3.56
59,0.22,-0.04,0.98,-3.64,-2.83,-3.5
60,0.24,-0.04,0.97,-3.49,-1.42,-4.16
61,0.2,-0.04,0.97,-3.45,-1.48,-4.4
62,0.21,-0.03,0.96,-3.98,-1.69,-4.25
63,0.21,-0.04,0.98,-4.64,-2.11,-4.38
64,0.21,-0.04,0.98,-4.87,-2.03,-4.45
65,0.21,-0.05,0.99,-4.69,-1.08,-4.72
66,0.2,-0.05,0.97,-4.77,-0.4,-4.44
67,0.18,-0.05,0.98,-4.82,-0.84,-4.22
68,0.18,-0.05,0.99,-4.53,-1.47,-4.15
69,0.17,-0.05,0.99,-4.55,-2.59,-3.47
70,0.2,-0.06,0.99,-4.29,-3.68,-3.31
71,0.21,-0.07,1.0,-3.28,-3.82,-3.76
72,0.23,-0.07,1.0,-2.73,-3.04,-3.69
73,0.23,-0.06,0.99,-2.08,-1.4,-2.2
74,0.22,-0.05,1.0,-1.69,-0.18,-1.87
75,0.21,-0.05,0.98,-1.95,0.76,-1.95
76,0.21,-0.05,0.97,-2.62,1.62,-2.53
77,0.2,-0.05,0.98,-2.61,-0.42,-2.98
78,0.21,-0.05,0.99,-2.41,-1.24,-3.07
79,0.2,-0.05,0.99,-1.7,-1.65,-2.93
80,0.21,-0.05,0.99,-1.33,-2.24,-2.8
81,0.22,-0.05,0.97,-1.46,-2.7,-3.02
82,0.21,-0.04,0.97,-1.96,-2.37,-3.17
83,0.2,-0.04,0.97,-2.22,-2.21,-2.77
84,0.2,-0.04,0.97,-3.08,-3.02,-2.3
85,0.22,-0.04,0.98,-2.51,-3.65,-2.66
86,0.23,-0.06,0.99,-1.81,-2.18,-2.02
87,0.23,-0.06,1.0,-1.02,-1.16,-2.3
88,0.22,-0.06,0.99,-0.14,-0.79,-3.11
89,0.21,-0.05,0.98,0.58,-2.44,-3.2
90,0.2,-0.04,0.97,0.42,-3.37,-3.24
91,0.2,-0.04,0.96,-0.02,-2.92,-2.35
92,0.22,-0.04,0.95,-0.61,-1.9,-1.85
93,0.2,-0.04,0.96,-1.04,-2.95,-2.98
94,0.19,-0.04,0.96,-0.21,-5.78,-3.54
95,0.24,-0.04,0.95,-1.37,-5.27,-3.89
96,0.24,-0.03,0.95,-1.6,-4.82,-4.47
97,0.23,-0.03,0.94,-1.62,-3.47,-4.35
98,0.22,-0.03,0.95,-2.64,-2.23,-4.4
99,0.21,-0.03,0.95,-3.71,-1.85,-3.85
100,0.21,-0.03,0.95,-3.91,-1.35,-3.09
101,0.22,-0.04,0.96,-4.17,-0.63,-2.89
102,0.22,-0.05,0.97,-4.15,-0.55,-2.88
103,0.23,-0.04,0.97,-3.56,-1.24,-4.18
104,0.22,-0.04,0.98,-3.11,-3.13,-5.02
105,0.22,-0.04,0.98,-3.15,-2.32,-4.78
106,0.23,-0.04,0.98,-3.05,-1.27,-3.6
107,0.22,-0.04,0.97,-3.03,-0.83,-3.85
108,0.21,-0.04,0.98,-3.29,-0.63,-4.11
109,0.2,-0.04,0.97,-4.05,0.2,-2.9
110,0.19,-0.04,0.96,-4.12,-0.36,-2.94
111,0.19,-0.04,0.97,-4.22,-1.18,-2.44
112,0.18,-0.04,0.98,-4.08,-1.8,-1.73
113,0.2,-0.05,0.99,-3.41,-2.31,-3.02
114,0.2,-0.05,0.99,-2.99,-2.61,-3.26
115,0.19,-0.05,1.0,-2.4,-2.53,-2.72
116,0.19,-0.05,1.0,-2.44,-2.69,-2.05
117,0.22,-0.05,0.98,-2.64,-2.55,-2.42
118,0.23,-0.05,0.99,-2.76,-2.96,-4.15
119,0.24,-0.06,1.01,-2.66,-1.82,-4.65
120,0.24,-0.05,1.0,-1.76,0.15,-4.49
121,0.22,-0.05,0.98,-1.76,1.25,-4.07
122,0.21,-0.05,0.98,-1.83,0.95,-3.49
123,0.19,-0.05,0.98,-1.95,-0.5,-2.89
124,0.2,-0.05,0.97,-2.45,-1.27,-1.95
125,0.21,-0.05,0.98,-2.63,-1.63,0.49
126,0.22,-0.06,0.97,-2.69,-1.02,1.53
127,0.22,-0.05,0.98,-2.64,-1.15,0.62
128,0.21,-0.04,0.97,-2.67,-2.29,0.24
129,0.2,-0.02,0.96,-3.32,-3.57,0.7
130,0.21,-0.01,0.94,-5.99,-1.44,1.89
131,0.19,-0.01,0.95,-10.24,1.42,3.8
132,0.13,-0.02,1.0,-13.26,1.53,6.9
133,0.1,0.0,1.06,-17.4,0.15,11.76
134,0.09,-0.0,1.13,-21.25,-3.46,15.45
135,0.1,-0.01,1.23,-23.99,-11.94,16.69
136,0.12,-0.04,1.38,-23.97,-23.73,17.13
137,0.19,-0.12,1.51,-15.21,-44.82,14.63
138,0.35,-0.14,1.62,-11.28,-50.9,10.57
139,0.44,-0.25,1.77,-2.4,-50.41,11.76
140,0.57,-0.32,1.94,15.19,-51.0,6.76
141,0.72,-0.37,1.98,29.43,-43.53,2.1
142,0.83,-0.4,2.0,41.52,-31.86,-7.33
143,0.88,-0.44,2.0,56.78,-24.01,-12.53
144,0.94,-0.51,1.97,80.16,-9.58,-19.74
145,1.01,-0.52,1.95,88.63,5.47,-23.13
146,1.09,-0.51,1.88,99.6,19.31,-20.07
147,1.18,-0.53,1.77,111.4,36.48,-21.26
148,1.21,-0.51,1.61,123.6,53.3,-23.17
149,1.26,-0.48,1.38,136.15,72.08,-25.21
150,1.24,-0.44,1.12,146.56,84.73,-31.21
151,1.1,-0.38,0.85,150.85,89.08,-40.44
152,0.98,-0.32,0.6,152.31,88.69,-41.6
153,0.78,-0.27,0.36,143.14,74.75,-48.96
154,0.81,-0.11,0.16,142.99,64.46,-48.88
155,0.77,0.01,-0.05,130.83,48.71,-63.53
156,0.89,0.07,-0.21,113.8,40.22,-82.68
157,0.94,0.1,-0.23,100.53,40.5,-99.54
158,0.96,0.11,-0.23,87.88,46.55,-112.23
159,0.93,0.11,-0.28,75.79,56.34,-121.51
160,0.83,0.11,-0.34,66.47,60.29,-132.81
161,0.68,0.12,-0.4,54.5,63.14,-142.04
162,0.5,0.09,-0.38,42.61,62.23,-152.2
163,0.31,0.11,-0.43,31.48,66.8,-156.44
164,0.03,0.13,-0.47,17.85,61.92,-156.69
165,-0.18,0.15,-0.51,2.98,51.81,-155.04
166,-0.42,0.16,-0.44,-10.6,36.05,-144.09
167,-0.53,0.1,-0.48,-18.51,21.78,-148.66
168,-0.55,0.17,-0.5,-43.11,24.97,-135.89
169,-0.65,0.12,-0.42,-64.28,30.46,-129.05
170,-0.68,0.11,-0.31,-80.9,37.61,-111.83
171,-0.76,0.09,-0.21,-90.26,43.31,-104.23
172,-0.9,0.06,-0.15,-101.69,42.64,-97.93
173,-1.03,0.03,-0.1,-110.25,35.93,-89.52
174,-1.18,0.05,-0.01,-120.82,27.8,-83.29
175,-1.25,0.06,0.1,-132.23,15.4,-75.25
176,-1.24,0.07,0.19,-143.89,3.34,-66.76
177,-1.17,0.08,0.3,-159.33,4.03,-49.42
178,-1.02,0.01,0.45,-171.37,10.11,-31.47
179,-0.91,-0.05,0.56,-177.94,14.81,-22.67
180,-0.85,-0.13,0.67,-179.62,18.82,-15.56
181,-0.85,-0.19,0.75,-181.5,21.64,-16.04
182,-0.89,-0.26,0.82,-177.74,21.42,-14.54
183,-1.0,-0.28,0.87,-173.33,11.63,-13.56
184,-1.13,-0.3,0.92,-166.66,-10.4,-11.43
185,-1.15,-0.28,0.92,-165.02,-31.86,-2.85
186,-1.1,-0.28,0.92,-169.04,-48.81,8.31
187,-0.83,-0.32,1.03,-173.02,-48.0,30.91
188,-0.69,-0.41,1.14,-180.63,-41.68,28.63
189,-0.56,-0.55,1.29,-180.4,-26.18,42.27
190,-0.47,-0.64,1.34,-177.76,0.42,39.18
191,-0.59,-0.65,1.48,-178.53,13.76,50.56
192,-0.66,-0.8,1.57,-157.2,-2.61,48.8
193,-0.67,-0.78,1.59,-137.34,-11.97,48.5
194,-0.77,-0.75,1.61,-121.94,-30.25,51.26
195,-0.71,-0.72,1.59,-107.98,-52.15,56.74
196,-0.55,-0.71,1.57,-99.27,-59.21,61.52
197,-0.39,-0.72,1.57,-93.86,-62.44,62.03
198,-0.33,-0.76,1.56,-83.08,-58.94,62.64
199,-0.37,-0.77,1.55,-68.98,-56.96,67.1
200,-0.44,-0.71,1.51,-58.24,-65.7,70.76
201,-0.32,-0.66,1.46,-56.54,-71.77,75.5
202,-0.17,-0.66,1.46,-54.22,-70.24,80.55
203,-0.03,-0.64,1.45,-51.73,-57.87,81.63
204,0.03,-0.62,1.47,-48.02,-46.73,82.55
205,0.03,-0.63,1.46,-44.49,-42.95,80.98
206,-0.01,-0.63,1.45,-32.7,-42.31,78.64
207,-0.08,-0.61,1.41,-23.63,-50.32,75.33
208,-0.09,-0.58,1.35,-19.72,-60.34,72.49
209,-0.02,-0.58,1.32,-17.38,-67.5,70.76
210,0.01,-0.64,1.35,-14.16,-73.08,67.66
211,0.05,-0.68,1.4,-8.86,-75.02,69.21
212,0.08,-0.72,1.39,-1.87,-73.83,72.45
213,0.09,-0.73,1.37,3.78,-71.73,75.76
214,0.1,-0.75,1.37,8.71,-73.23,75.0
215,0.17,-0.77,1.41,14.57,-78.05,69.63
216,0.27,-0.79,1.36,28.56,-75.05,52.92
217,0.38,-0.79,1.46,36.62,-75.47,42.64
218,0.43,-0.78,1.46,46.47,-70.42,38.95
219,0.44,-0.8,1.45,59.07,-60.51,35.12
220,0.39,-0.76,1.41,66.3,-51.22,32.74
221,0.34,-0.76,1.36,75.82,-44.73,32.48
222,0.31,-0.71,1.27,84.29,-42.87,31.41
223,0.31,-0.67,1.2,90.72,-41.01,30.08
224,0.29,-0.64,1.14,96.52,-38.66,31.08
225,0.25,-0.62,1.08,102.22,-36.18,31.52
226,0.26,-0.6,1.03,109.34,-35.43,34.1
227,0.26,-0.57,0.99,114.72,-33.59,37.35
228,0.29,-0.55,0.95,121.34,-31.1,38.8
229,0.31,-0.49,0.87,124.82,-31.04,36.24
230,0.4,-0.42,0.8,123.25,-29.0,30.4
231,0.47,-0.33,0.68,118.02,-29.19,16.46
232,0.49,-0.28,0.61,110.81,-23.37,-0.92
233,0.46,-0.24,0.62,104.49,-12.69,-3.45
234,0.36,-0.21,0.6,100.16,1.14,-4.9
235,0.24,-0.13,0.53,93.86,5.13,-3.99
236,0.14,-0.09,0.48,78.05,3.92,9.64
237,0.11,-0.03,0.41,77.05,6.15,7.18
238,0.06,0.02,0.36,72.44,-3.53,-3.19
239,0.06,0.07,0.34,64.32,-10.87,-0.27
240,0.05,0.1,0.34,53.44,-14.03,0.6
241,0.1,0.14,0.31,38.18,-13.76,1.12
242,0.13,0.17,0.3,22.0,-13.71,0.21
243,0.11,0.16,0.36,8.39,-15.4,-2.94
244,0.11,0.13,0.44,0.16,-19.35,-5.98
245,0.17,0.08,0.51,-7.28,-18.72,-11.01
246,0.2,0.04,0.57,-10.59,-17.6,-15.45
247,0.16,-0.0,0.66,-10.02,-17.4,-16.43
248,0.12,-0.05,0.75,-6.79,-14.77,-14.53
249,0.08,-0.06,0.81,-3.08,-12.98,-10.03
250,0.07,-0.05,0.82,0.13,-13.3,-7.55
251,0.08,-0.03,0.8,0.17,-12.93,-5.79
252,0.06,-0.01,0.8,-2.85,-14.77,-5.11
253,0.06,-0.0,0.81,-7.27,-17.97,-5.95
254,0.11,-0.03,0.85,-9.66,-20.68,-9.37
255,0.16,-0.06,0.91,-10.53,-20.18,-13.91
256,0.19,-0.07,0.97,-9.02,-17.02,-16.52
257,0.19,-0.06,0.98,-5.44,-15.6,-21.41
258,0.15,-0.05,1.0,-2.6,-15.65,-23.17
259,0.1,-0.04,0.99,-2.95,-13.65,-21.18
260,0.09,-0.02,0.99,-5.18,-11.52,-17.5
261,0.13,-0.02,1.01,-6.5,-8.66,-12.72
262,0.15,-0.04,1.02,-10.02,-0.44,-7.21
263,0.17,-0.06,1.04,-12.01,7.66,-1.82
264,0.17,-0.06,1.06,-12.43,13.59,-0.17
265,0.16,-0.08,1.07,-11.63,16.85,-0.76
266,0.1,-0.09,1.06,-8.53,14.24,-2.57
267,0.1,-0.08,1.05,-5.79,6.98,-6.24
268,0.1,-0.09,1.05,-3.76,0.08,-11.67
269,0.09,-0.09,1.07,-1.37,-2.84,-12.8
270,0.11,-0.1,1.07,0.68,-0.25,-12.47
271,0.11,-0.09,1.06,2.17,2.69,-11.37
272,0.08,-0.08,1.04,2.7,5.24,-8.63
273,0.05,-0.07,1.01,2.64,5.85,-5.77
274,0.04,-0.06,1.0,3.61,4.51,-2.27
275,0.04,-0.05,0.98,2.48,3.47,-0.35
276,0.03,-0.04,0.97,0.98,0.42,2.15
277,0.05,-0.03,0.96,-2.0,-2.67,4.05
278,0.1,-0.03,0.96,-4.92,-5.62,2.68
279,0.14,-0.05,0.97,-5.4,-7.83,0.3
280,0.14,-0.05,1.0,-5.29,-6.56,-0.56
281,0.13,-0.05,1.0,-4.87,-5.47,-0.54
282,0.14,-0.04,0.99,-4.18,-6.04,-1.53
283,0.14,-0.04,0.99,-4.26,-7.05,-2.96
284,0.13,-0.05,1.0,-3.6,-8.39,-4.73
285,0.1,-0.07,1.02,-1.99,-9.7,-4.94
286,0.1,-0.07,1.02,-0.78,-10.86,-4.05
287,0.13,-0.06,1.0,-0.61,-11.63,-4.03
288,0.16,-0.07,1.01,-0.29,-10.77,-4.97
289,0.18,-0.06,0.99,-0.9,-5.87,-4.25
290,0.16,-0.05,0.98,-1.96,-0.4,-3.54
291,0.14,-0.05,0.97,-2.74,0.97,-4.12
292,0.1,-0.04,0.95,-2.93,-0.6,-4.81
293,0.1,-0.03,0.94,-3.36,-3.11,-4.73
294,0.09,-0.03,0.94,-4.81,-5.23,-5.01
295,0.07,-0.03,0.94,-5.67,-7.0,-3.82
296,0.06,-0.04,0.94,-6.55,-8.73,-1.47
297,0.11,-0.04,0.96,-8.46,-7.6,0.18
298,0.15,-0.05,0.97,-9.15,-8.02,-1.56
299,0.17,-0.05,0.98,-7.92,-9.37,-4.24
300,0.17,-0.07,1.0,-6.82,-8.5,-5.35
301,0.16,-0.08,1.01,-6.08,-7.13,-5.31
302,0.16,-0.08,1.01,-4.5,-5.08,-5.07
303,0.13,-0.08,1.01,-3.63,-5.78,-5.06
304,0.11,-0.08,1.0,-3.18,-5.35,-4.56
305,0.08,-0.08,1.01,-1.66,-8.63,-3.71
306,0.1,-0.07,0.99,-0.56,-13.35,-2.82
307,0.12,-0.07,0.99,-1.7,-14.64,-3.3
308,0.14,-0.07,1.0,-1.09,-14.31,-2.82
309,0.17,-0.07,0.99,-0.07,-11.86,-1.98
310,0.18,-0.05,0.98,-0.79,-8.37,-2.27
311,0.19,-0.03,0.96,-2.03,-5.4,-3.77
312,0.17,-0.03,0.94,-2.97,-4.06,-4.45
313,0.16,-0.03,0.96,-3.49,-1.56,-3.87
314,0.15,-0.03,0.96,-4.7,0.44,-4.12
315,0.14,-0.03,0.94,-4.5,-0.59,-4.99
316,0.13,-0.01,0.94,-6.56,2.37,-4.79
317,0.1,-0.03,0.95,-5.21,-4.53,-3.2
318,0.14,-0.03,0.93,-6.32,-3.92,-3.24
319,0.12,-0.04,0.95,-8.12,-3.66,-3.59
320,0.11,-0.05,0.96,-7.31,-5.11,-1.39
321,0.12,-0.05,0.95,-7.5,-5.31,-0.22
322,0.14,-0.05,0.95,-9.05,-5.86,-1.45
323,0.15,-0.05,0.96,-9.93,-7.44,-3.04
324,0.18,-0.07,0.99,-9.36,-9.02,-5.21
325,0.21,-0.08,1.0,-8.42,-8.52,-7.85
326,0.21,-0.08,0.99,-7.44,-6.33,-8.15
327,0.19,-0.07,0.98,-6.76,-4.82,-7.13
328,0.19,-0.06,0.98,-7.27,-4.5,-6.18
329,0.2,-0.07,0.97,-8.54,-3.57,-5.85
330,0.2,-0.06,0.97,-8.79,-1.3,-3.56
331,0.18,-0.08,0.99,-8.74,-1.04,-2.53
332,0.17,-0.08,0.98,-7.79,-0.82,-1.24
333,0.16,-0.08,0.99,-7.77,-1.26,-0.31
334,0.16,-0.09,0.99,-7.84,-1.37,-0.53
335,0.16,-0.09,1.0,-7.54,-1.79,-0.42
336,0.15,-0.09,1.0,-7.5,-2.5,-0.79
337,0.14,-0.09,1.01,-7.24,-4.63,-1.02
338,0.13,-0.09,1.01,-6.85,-6.76,0.21
339,0.16,-0.11,1.03,-6.08,-6.19,0.66
340,0.16,-0.1,1.02,-5.34,-4.97,0.37
341,0.18,-0.09,1.01,-4.72,-4.46,-1.5
342,0.18,-0.09,1.0,-4.63,-4.27,-3.11
343,0.17,-0.09,1.01,-3.99,-3.47,-2.88
344,0.16,-0.1,1.02,-2.12,-3.51,-2.47
345,0.17,-0.09,1.0,-1.41,-3.1,-1.87
346,0.16,-0.08,0.98,-2.15,-2.89,-2.69
347,0.16,-0.07,0.98,-2.99,-4.22,-3.73
348,0.15,-0.07,0.97,-2.94,-6.13,-4.5
349,0.15,-0.09,0.98,-2.35,-7.21,-3.78
350,0.17,-0.08,0.98,-1.78,-5.9,-2.55
351,0.2,-0.08,0.97,-1.35,-4.43,-3.31
352,0.19,-0.07,0.96,-1.26,-3.63,-5.77
353,0.17,-0.07,0.95,-1.27,-4.46,-5.86
354,0.17,-0.08,0.95,-0.66,-4.16,-5.51
355,0.17,-0.06,0.95,-0.8,-3.86,-5.69
356,0.19,-0.06,0.95,-2.0,-2.68,-6.98
357,0.19,-0.06,0.95,-2.6,-1.79,-8.4
358,0.18,-0.07,0.95,-3.19,-0.91,-8.63
359,0.15,-0.07,0.95,-4.11,0.17,-7.4
360,0.14,-0.07,0.95,-4.72,0.89,-5.25
361,0.13,-0.06,0.95,-5.8,0.82,-3.66
362,0.14,-0.06,0.94,-7.11,0.74,-2.5
363,0.15,-0.05,0.95,-7.79,-1.07,-3.03
364,0.13,-0.05,0.96,-8.09,-2.92,-1.48
365,0.15,-0.06,0.96,-8.89,-2.56,-0.64
366,0.18,-0.06,0.98,-8.91,-2.63,-0.86
367,0.22,-0.06,0.98,-9.18,-2.62,-0.98
368,0.23,-0.06,0.98,-9.84,-1.15,-3.5
369,0.27,-0.06,0.97,-11.15,5.15,-8.18
370,0.2,-0.07,1.03,-10.79,3.87,-7.44
371,0.17,-0.09,1.04,-5.92,-0.9,-5.94
372,0.17,-0.07,0.99,-6.4,1.43,-4.5
373,0.14,-0.07,0.98,-8.4,0.25,-3.95
374,0.14,-0.08,1.0,-8.25,-1.53,-3.74
375,0.15,-0.09,1.0,-9.49,-0.94,-2.53
376,0.15,-0.09,1.0,-10.66,-1.34,-2.79
377,0.16,-0.1,1.01,-10.15,-3.31,-3.83
378,0.16,-0.11,1.01,-9.11,-4.58,-4.49
379,0.18,-0.12,1.02,-9.02,-4.97,-5.58
380,0.18,-0.12,1.03,-7.65,-5.49,-6.81
381,0.18,-0.12,1.04,-6.63,-6.48,-6.7
382,0.18,-0.12,1.02,-6.3,-5.89,-8.29
383,0.18,-0.13,1.02,-4.71,-6.6,-7.33
384,0.19,-0.11,1.01,-4.77,-6.47,-7.11
385,0.22,-0.11,1.0,-5.03,-5.18,-6.85
386,0.23,-0.12,0.99,-4.72,-4.02,-6.94
387,0.23,-0.12,1.01,-4.24,-1.73,-7.06
388,0.21,-0.12,1.0,-3.08,0.43,-6.66
389,0.18,-0.11,0.99,-2.23,0.87,-5.12
390,0.16,-0.1,0.97,-1.65,-0.62,-3.91
391,0.16,-0.09,0.96,-2.11,-2.57,-3.49
392,0.17,-0.08,0.95,-3.3,-3.21,-2.79
393,0.18,-0.08,0.97,-4.32,-2.05,-2.61
394,0.2,-0.09,0.98,-4.02,-2.51,-1.22
395,0.2,-0.09,0.98,-4.01,-0.76,-0.49
396,0.21,-0.09,0.97,-3.78,-0.82,-1.23
397,0.21,-0.08,0.97,-4.18,-1.93,-3.95
398,0.19,-0.08,0.97,-3.93,-3.21,-6.21
399,0.17,-0.09,0.97,-4.16,-3.6,-6.13
400,0.17,-0.09,0.98,-4.86,-3.23,-5.75
