,accel_x,accel_y,accel_z,gyro_x,gyro_y,gyro_z
0,0.09,-0.13,0.95,-2.12,-2.11,-1.69
1,0.1,-0.13,0.95,-1.07,0.11,-1.85
2,0.07,-0.12,0.95,-1.06,0.12,-2.07
3,0.06,-0.12,0.95,-3.12,-4.78,-3.84
4,0.05,-0.12,0.96,-3.8,-6.95,-3.05
5,0.06,-0.12,0.96,-5.02,-4.86,-0.3
6,0.05,-0.13,0.95,-4.98,-2.6,0.32
7,0.04,-0.12,0.94,-6.71,-1.56,0.42
8,0.03,-0.13,0.95,-9.25,-6.34,-0.69
9,0.01,-0.15,0.98,-10.54,-10.15,-2.16
10,0.03,-0.17,0.99,-9.22,-9.87,-1.6
11,0.05,-0.18,1.02,-7.53,-6.02,0.48
12,0.05,-0.18,1.0,-5.51,-3.79,2.28
13,0.04,-0.17,1.0,-4.21,-6.27,2.93
14,0.04,-0.16,0.99,-5.61,-5.97,3.47
15,0.05,-0.16,0.98,-5.63,-7.95,2.98
16,0.08,-0.17,0.99,-5.37,-6.95,2.54
17,0.09,-0.17,0.99,-5.09,-4.26,3.02
18,0.09,-0.16,1.0,-4.21,-4.24,3.49
19,0.09,-0.15,0.99,-2.98,-6.11,4.12
20,0.11,-0.16,0.99,-3.48,-6.87,3.32
21,0.12,-0.16,0.99,-3.88,-5.33,3.07
22,0.11,-0.16,0.98,-5.88,-5.88,1.55
23,0.13,-0.17,0.98,-5.85,-6.84,-0.26
24,0.15,-0.18,1.02,-4.85,-3.67,0.38
25,0.14,-0.18,1.01,-2.85,-0.89,1.23
26,0.14,-0.17,0.99,-1.98,-1.98,-0.18
27,0.16,-0.17,0.98,-1.98,-3.27,-2.76
28,0.14,-0.16,0.98,-1.74,-2.53,-3.43
29,0.12,-0.16,0.99,-2.62,-1.85,-4.09
30,0.11,-0.15,0.98,-2.32,-2.11,-3.24
31,0.1,-0.16,0.98,-3.26,-3.04,-5.84
32,0.14,-0.17,1.0,-2.42,-1.5,-4.18
33,0.1,-0.17,1.01,-0.66,-0.54,-3.24
34,0.08,-0.16,0.98,3.36,-6.25,-8.57
35,0.09,-0.16,0.95,-0.5,-4.89,-5.02
36,0.09,-0.17,0.97,-4.11,-5.15,-7.31
37,0.09,-0.18,1.01,-2.62,-2.69,-4.88
38,0.08,-0.17,0.99,-1.18,0.25,-2.76
39,0.07,-0.17,0.97,-1.37,0.06,-1.7
40,0.09,-0.17,0.98,-2.73,-1.06,-3.32
41,0.12,-0.18,0.98,-1.34,-1.2,-4.27
42,0.1,-0.17,0.99,0.11,-1.7,-4.34
43,0.09,-0.16,0.97,0.1,-1.62,-4.89
44,0.08,-0.15,0.98,-0.69,-2.41,-5.13
45,0.09,-0.15,0.97,-1.34,-2.12,-5.1
46,0.1,-0.16,0.98,-0.23,-0.9,-3.67
47,0.09,-0.16,0.98,-0.08,0.05,-3.18
48,0.09,-0.15,0.97,-0.31,1.74,-2.12
49,0.08,-0.15,0.96,-0.88,1.66,-1.34
50,0.09,-0.14,0.96,-2.54,-0.53,-4.29
51,0.1,-0.14,0.96,-2.27,-2.87,-3.98
52,0.08,-0.14,0.97,-2.89,-3.92,-4.48
53,0.08,-0.13,0.96,-3.68,-3.8,-3.87
54,0.08,-0.15,0.97,-4.85,-6.34,-5.3
55,0.1,-0.15,0.99,-4.24,-7.11,-5.02
56,0.1,-0.16,0.99,-2.72,-6.34,-4.31
57,0.09,-0.15,0.99,-0.92,-4.17,-3.56
58,0.09,-0.15,0.98,-2.04,-5.47,-3.7
59,0.11,-0.16,0.98,-1.05,-4.59,-3.24
60,0.1,-0.15,0.98,0.08,-0.93,-1.98
61,0.08,-0.14,0.97,-0.57,0.9,-0.9
62,0.08,-0.14,0.96,-1.6,-0.73,-2.08
63,0.12,-0.14,0.96,-2.34,-3.06,-3.42
64,0.11,-0.15,0.98,-3.66,-4.34,-3.79
65,0.1,-0.14,0.99,-3.07,-3.37,-2.95
66,0.1,-0.15,0.98,-1.98,-1.92,-3.15
67,0.12,-0.15,0.96,-2.85,-2.93,-4.79
68,0.12,-0.15,0.97,-2.82,-2.12,-4.3
69,0.09,-0.14,0.97,-2.64,-0.57,-3.77
70,0.09,-0.13,0.96,-2.98,-1.2,-4.0
71,0.11,-0.14,0.96,-3.79,-3.36,-3.23
72,0.1,-0.14,0.97,-4.51,-4.08,-4.75
73,0.1,-0.16,0.97,-3.7,-4.1,-4.91
74,0.1,-0.16,0.98,-3.05,-4.46,-4.18
75,0.1,-0.16,0.98,-2.25,-3.56,-2.98
76,0.1,-0.15,0.98,-1.65,-1.33,-2.94
77,0.1,-0.15,0.97,-1.58,-1.31,-2.42
78,0.1,-0.15,0.96,-2.1,-1.58,-2.15
79,0.1,-0.14,0.95,-2.37,-0.49,-2.69
80,0.1,-0.14,0.95,-3.49,-2.29,-4.37
81,0.1,-0.14,0.95,-4.24,-3.81,-5.07
82,0.09,-0.14,0.95,-4.76,-2.5,-4.68
83,0.09,-0.15,0.95,-1.57,-3.93,-6.15
84,0.09,-0.15,0.95,-5.69,-4.72,-7.83
85,0.1,-0.15,0.98,-6.45,-4.73,-5.5
86,0.08,-0.15,0.97,-6.05,-0.43,-3.54
87,0.1,-0.17,0.99,-6.25,-0.92,-4.12
88,0.1,-0.17,0.99,-5.17,-2.53,-3.61
89,0.09,-0.17,0.99,-4.16,-1.45,-2.23
90,0.09,-0.16,0.96,-4.38,0.95,-0.76
91,0.09,-0.15,0.95,-6.14,0.03,-1.02
92,0.1,-0.15,0.96,-7.27,-4.08,-1.86
93,0.09,-0.16,0.98,-7.34,-4.12,-1.26
94,0.1,-0.16,0.96,-6.88,-1.94,0.82
95,0.11,-0.15,0.95,-6.45,-0.36,1.12
96,0.11,-0.15,0.95,-8.8,-2.1,1.68
97,0.11,-0.15,0.94,-9.28,-4.13,1.3
98,0.1,-0.14,0.94,-9.78,-4.3,2.52
99,0.11,-0.15,0.93,-10.28,-5.56,1.69
100,0.1,-0.15,0.95,-11.92,-7.05,0.93
101,0.11,-0.16,0.96,-11.62,-8.64,0.4
102,0.13,-0.16,0.98,-8.11,-6.92,-1.31
103,0.12,-0.17,0.95,-11.52,-5.62,2.78
104,0.11,-0.18,0.94,-14.56,-2.93,1.9
105,0.1,-0.19,0.97,-15.46,-8.69,2.04
106,0.14,-0.2,0.99,-14.1,-14.79,1.49
107,0.14,-0.22,0.99,-11.82,-12.97,2.58
108,0.17,-0.23,1.0,-11.32,-7.9,0.98
109,0.16,-0.23,1.0,-8.77,-7.56,1.24
110,0.15,-0.22,1.0,-6.77,-8.28,1.25
111,0.14,-0.22,0.98,-5.88,-6.1,0.86
112,0.13,-0.19,0.96,-6.76,-1.95,1.74
113,0.12,-0.19,0.95,-7.81,-2.08,1.44
114,0.1,-0.18,0.96,-8.82,-4.24,0.42
115,0.1,-0.18,0.95,-8.02,-5.29,2.01
116,0.1,-0.16,0.93,-7.21,-4.69,2.26
117,0.08,-0.16,0.92,-9.62,-5.28,1.54
118,0.07,-0.16,0.93,-10.85,-8.73,1.39
119,0.06,-0.15,0.93,-11.42,-11.38,1.48
120,0.06,-0.15,0.92,-12.44,-10.39,3.09
121,0.05,-0.16,0.92,-13.47,-9.34,3.11
122,0.05,-0.17,0.92,-14.61,-9.89,4.62
123,0.05,-0.17,0.94,-14.56,-10.82,5.89
124,0.06,-0.18,0.95,-14.67,-8.7,7.85
125,0.05,-0.18,0.93,-14.63,-6.84,10.76
126,0.05,-0.18,0.93,-15.15,-8.36,10.52
127,0.05,-0.17,0.91,-15.47,-10.83,11.58
128,0.03,-0.17,0.91,-16.41,-8.85,13.5
129,-0.0,-0.16,0.88,-17.63,-5.64,16.21
130,-0.03,-0.15,0.86,-20.48,-7.7,18.03
131,-0.09,-0.15,0.85,-23.31,-11.77,19.47
132,-0.15,-0.14,0.81,-28.39,-12.76,21.41
133,-0.21,-0.14,0.78,-34.12,-12.24,28.18
134,-0.34,-0.13,0.76,-41.02,-14.52,34.88
135,-0.44,-0.1,0.72,-53.27,-14.24,45.32
136,-0.56,-0.05,0.66,-67.43,-6.49,62.37
137,-0.67,-0.02,0.59,-83.63,0.72,80.5
138,-0.8,0.02,0.55,-104.17,-5.22,93.16
139,-0.93,0.03,0.5,-123.9,-23.65,100.6
140,-1.08,0.03,0.49,-145.35,-50.27,115.37
141,-1.2,-0.0,0.52,-159.98,-71.69,156.95
142,-1.39,-0.08,0.6,-171.79,-75.3,203.91
143,-1.52,-0.17,0.71,-178.15,-61.69,250.13
144,-1.72,-0.27,0.88,-176.45,-50.64,250.13
145,-1.98,-0.44,1.21,-156.54,-58.53,250.13
146,-1.99,-0.65,1.61,-150.09,-36.82,250.13
147,-1.85,-0.89,1.89,-132.69,-2.82,250.13
148,-1.91,-1.06,2.0,-118.5,-16.5,250.13
149,-1.59,-1.35,2.0,-115.92,-55.49,250.13
150,-1.49,-1.61,1.91,-146.44,-187.49,250.13
151,-1.28,-2.0,2.0,-170.88,-250.14,250.13
152,-0.83,-2.0,2.0,-131.17,-250.14,151.39
153,0.11,-2.0,2.0,-34.47,-250.14,163.67
154,0.92,-2.0,2.0,27.09,-250.14,212.33
155,1.15,-2.0,2.0,86.53,-250.14,182.79
156,1.4,-2.0,2.0,117.55,-229.56,141.33
157,1.83,-2.0,1.6,156.04,-231.67,101.95
158,2.0,-2.0,1.16,168.76,-248.54,40.79
159,2.0,-2.0,0.99,198.22,-223.2,-22.57
160,2.0,-2.0,0.91,204.77,-180.12,-66.7
161,2.0,-2.0,0.82,231.66,-171.82,-105.83
162,2.0,-2.0,0.76,250.13,-180.53,-128.05
163,1.72,-2.0,0.59,250.13,-164.98,-146.56
164,1.47,-2.0,0.44,250.13,-130.03,-160.8
165,1.2,-1.96,0.27,250.13,-91.95,-178.58
166,0.94,-1.76,0.06,250.13,-73.95,-185.49
167,0.74,-1.55,-0.26,250.13,-49.96,-197.71
168,0.75,-1.39,-0.61,250.13,-24.21,-214.67
169,0.75,-1.27,-0.95,250.13,-21.54,-242.98
170,0.68,-1.05,-1.06,237.44,-58.53,-250.14
171,0.61,-0.92,-1.04,184.6,-95.82,-250.14
172,0.43,-0.8,-1.07,140.85,-112.86,-250.14
173,0.2,-0.67,-1.07,106.46,-135.02,-250.14
174,0.12,-0.54,-1.11,63.18,-136.11,-250.14
175,0.1,-0.49,-1.09,27.46,-111.47,-250.14
176,0.08,-0.44,-1.05,-7.98,-93.35,-250.14
177,0.09,-0.48,-0.92,-26.6,-70.39,-250.14
178,0.04,-0.5,-0.89,-46.91,-37.96,-250.14
179,-0.03,-0.48,-0.84,-76.73,10.04,-236.5
180,0.02,-0.53,-0.65,-85.44,39.73,-218.18
181,0.05,-0.57,-0.43,-93.27,42.11,-216.59
182,0.01,-0.59,-0.31,-82.81,39.22,-211.13
183,-0.13,-0.56,-0.27,-72.6,44.56,-200.37
184,-0.32,-0.5,-0.3,-64.62,43.4,-194.04
185,-0.48,-0.4,-0.35,-66.14,42.18,-186.65
186,-0.51,-0.3,-0.4,-78.31,48.48,-182.54
187,-0.47,-0.21,-0.49,-95.47,53.16,-181.97
188,-0.45,-0.13,-0.55,-128.46,46.66,-187.56
189,-0.41,-0.01,-0.49,-146.88,25.95,-204.53
190,-0.52,0.03,-0.47,-171.09,-1.5,-199.87
191,-0.64,-0.01,-0.4,-192.67,-20.82,-190.44
192,-0.73,-0.04,-0.34,-215.6,7.69,-163.09
193,-0.8,-0.06,-0.24,-234.93,65.17,-125.11
194,-0.91,-0.1,-0.06,-250.14,118.49,-84.09
195,-1.04,-0.14,0.12,-250.14,128.14,-68.91
196,-1.24,-0.12,0.27,-250.14,108.87,-69.48
197,-1.4,-0.12,0.34,-250.14,46.11,-71.47
198,-1.69,-0.04,0.39,-250.14,-44.25,-89.21
199,-1.7,-0.08,0.35,-250.14,-106.47,-77.28
200,-1.67,-0.11,0.26,-250.14,-85.7,-33.78
201,-1.49,-0.2,0.13,-250.14,-9.41,3.76
202,-1.58,-0.24,0.2,-250.14,37.44,14.0
203,-1.41,-0.49,0.48,-250.14,-0.11,2.69
204,-1.46,-0.83,0.98,-250.14,-44.56,31.75
205,-1.68,-1.09,1.3,-250.14,-87.74,59.37
206,-1.75,-1.29,1.46,-250.14,-103.78,103.19
207,-1.77,-1.45,1.53,-250.14,-99.5,151.21
208,-1.82,-1.51,1.78,-250.14,-80.2,186.43
209,-1.76,-1.55,1.87,-250.14,-75.43,212.87
210,-1.81,-1.49,1.96,-250.14,-98.95,224.9
211,-1.86,-1.52,2.0,-250.14,-146.42,243.86
212,-1.88,-1.58,1.96,-221.97,-179.95,250.13
213,-1.95,-1.72,1.8,-192.02,-201.08,250.13
214,-2.0,-2.0,1.74,-168.4,-244.79,250.13
215,-2.0,-2.0,1.88,-126.56,-250.14,250.13
216,-2.0,-2.0,2.0,-62.15,-250.14,250.13
217,-1.81,-2.0,1.91,-2.11,-250.14,250.13
218,-1.07,-2.0,1.29,53.89,-250.14,250.13
219,-0.21,-2.0,1.03,64.21,-213.49,250.13
220,0.07,-2.0,0.82,19.56,-201.87,250.13
221,0.28,-2.0,1.27,37.96,-250.14,250.13
222,0.73,-2.0,1.52,79.37,-250.14,211.42
223,1.08,-2.0,1.49,123.76,-250.14,174.63
224,1.09,-2.0,1.2,154.85,-250.14,129.69
225,1.23,-2.0,0.99,177.03,-243.03,87.37
226,1.32,-2.0,0.79,196.79,-250.14,45.62
227,1.27,-2.0,0.83,213.7,-250.14,-11.25
228,1.48,-2.0,0.9,245.16,-250.14,-51.98
229,1.65,-2.0,0.87,250.13,-249.02,-65.52
230,1.72,-2.0,0.65,250.13,-188.87,-91.18
231,1.77,-2.0,0.53,250.13,-183.36,-115.8
232,1.8,-2.0,0.45,250.13,-178.9,-143.39
233,1.74,-2.0,0.43,250.13,-181.44,-191.51
234,1.59,-2.0,0.6,250.13,-173.63,-236.95
235,1.39,-2.0,0.55,250.13,-153.45,-250.14
236,1.2,-2.0,0.33,250.13,-127.7,-250.14
237,0.98,-2.0,0.07,250.13,-115.57,-250.14
238,0.78,-1.82,-0.33,250.13,-104.64,-250.14
239,0.63,-1.56,-0.6,250.13,-86.67,-250.14
240,0.39,-1.22,-0.7,250.13,-67.22,-250.14
241,0.12,-1.03,-0.88,234.27,-72.21,-250.14
242,0.05,-0.83,-0.8,217.56,-95.5,-250.14
243,-0.03,-0.79,-0.73,174.13,-74.42,-250.14
244,-0.01,-0.78,-0.7,152.95,-20.82,-250.14
245,-0.02,-0.75,-0.75,119.73,21.05,-250.14
246,-0.09,-0.64,-0.76,88.37,33.08,-250.14
247,-0.22,-0.56,-0.71,52.72,4.19,-250.14
248,-0.32,-0.45,-0.62,22.69,-37.56,-250.14
249,-0.39,-0.38,-0.62,-9.84,-57.27,-250.14
250,-0.57,-0.26,-0.56,-29.07,-48.27,-250.14
251,-0.65,-0.16,-0.49,-46.82,-22.35,-246.09
252,-0.66,-0.15,-0.46,-72.27,8.86,-207.6
253,-0.64,-0.15,-0.28,-85.88,32.83,-178.47
254,-0.45,-0.17,-0.2,-90.73,47.66,-168.79
255,-0.28,-0.17,-0.22,-102.19,41.77,-168.61
256,-0.25,-0.16,-0.28,-107.44,6.92,-184.72
257,-0.25,-0.14,-0.34,-107.04,-14.97,-197.33
258,-0.27,-0.12,-0.44,-118.34,-17.02,-194.79
259,-0.46,-0.02,-0.47,-130.24,2.56,-189.64
260,-0.59,0.1,-0.49,-150.15,19.38,-170.71
261,-0.58,0.11,-0.55,-175.03,41.29,-155.72
262,-0.68,0.05,-0.42,-200.11,53.51,-138.78
263,-0.99,-0.08,-0.18,-232.45,25.27,-141.12
264,-1.23,-0.16,0.23,-246.73,-19.4,-149.72
265,-1.38,-0.21,0.61,-250.14,-39.44,-131.11
266,-1.51,-0.25,0.67,-232.51,-38.48,-92.47
267,-1.49,-0.22,0.74,-250.14,8.46,-49.27
268,-1.42,-0.25,0.94,-249.84,48.25,6.63
269,-1.35,-0.34,1.14,-250.14,61.95,25.33
270,-1.13,-0.46,1.4,-245.98,59.38,35.67
271,-0.99,-0.53,1.75,-216.46,43.85,44.56
272,-0.96,-0.62,2.0,-172.19,13.18,47.09
273,-0.85,-0.51,2.0,-133.63,-7.15,34.0
274,-0.53,-0.44,2.0,-118.42,-0.56,40.78
275,-0.25,-0.36,2.0,-75.81,26.75,59.45
276,-0.12,-0.26,2.0,-52.11,42.1,69.8
277,0.02,-0.16,1.91,-54.82,43.63,66.05
278,0.08,-0.11,1.97,-58.3,47.85,57.56
279,0.14,-0.11,2.0,-49.87,47.18,48.92
280,0.19,-0.08,2.0,-38.88,25.04,31.68
281,0.35,-0.16,2.0,-15.99,2.89,27.39
282,0.35,-0.17,2.0,10.16,-0.75,21.6
283,0.32,-0.15,1.87,26.33,2.42,18.66
284,0.32,-0.1,1.67,33.47,11.82,20.46
285,0.32,-0.05,1.48,33.15,21.68,23.22
286,0.24,-0.01,1.34,25.84,17.82,16.96
287,0.12,0.0,1.31,15.21,7.39,10.69
288,0.06,-0.02,1.32,11.58,-1.49,10.89
289,0.05,-0.04,1.28,13.7,-8.46,15.02
290,0.02,-0.07,1.21,13.62,-13.92,17.62
291,-0.03,-0.1,1.2,10.53,-18.77,17.53
292,-0.05,-0.13,1.21,13.68,-20.6,20.26
293,-0.06,-0.15,1.19,22.01,-25.56,23.44
294,-0.1,-0.14,1.11,27.82,-32.15,28.1
295,-0.06,-0.15,1.03,26.95,-33.02,27.98
296,0.08,-0.16,0.9,25.28,-27.04,23.62
297,0.11,-0.15,0.81,19.78,-20.05,20.5
298,0.03,-0.13,0.81,9.03,-14.15,16.76
299,0.0,-0.13,0.84,-2.37,-12.17,13.07
300,0.02,-0.13,0.9,-6.58,-12.54,18.36
301,-0.03,-0.16,0.93,-8.64,-15.41,19.27
302,-0.06,-0.17,0.94,-13.3,-23.05,17.6
303,-0.03,-0.19,0.98,-14.92,-27.87,17.55
304,0.05,-0.2,0.98,-14.94,-25.79,17.59
305,0.15,-0.21,0.92,-17.22,-16.42,14.31
306,0.18,-0.19,0.9,-21.08,-7.12,9.34
307,0.15,-0.21,0.95,-24.99,-4.56,2.6
308,0.13,-0.2,1.02,-25.19,-0.88,1.61
309,0.08,-0.2,1.06,-22.21,7.02,4.89
310,0.1,-0.18,1.02,-21.82,13.94,1.78
311,0.16,-0.17,0.96,-24.01,13.9,-6.67
312,0.22,-0.17,0.92,-29.93,11.77,-17.07
313,0.16,-0.15,0.96,-31.34,14.95,-17.15
314,0.01,-0.13,1.02,-31.63,10.92,-15.81
315,-0.06,-0.13,1.07,-31.34,3.31,-14.16
316,-0.02,-0.16,1.05,-30.34,0.04,-9.05
317,0.05,-0.19,1.06,-23.85,-5.31,-3.78
318,0.05,-0.18,1.06,-20.3,4.11,1.4
319,0.06,-0.18,1.05,-19.63,1.69,1.63
320,0.11,-0.2,1.07,-14.7,1.76,1.21
321,0.09,-0.2,1.09,-8.41,4.08,2.79
322,0.07,-0.19,1.06,-2.08,6.29,1.89
323,0.07,-0.19,1.01,-1.51,1.02,-3.79
324,0.07,-0.18,1.03,-1.91,-6.1,-8.23
325,0.04,-0.19,1.05,1.76,-6.05,-9.78
326,0.01,-0.18,1.05,7.83,-5.41,-8.92
327,-0.0,-0.17,0.99,9.22,-3.53,-8.95
328,-0.01,-0.14,0.95,4.84,-10.78,-10.4
329,-0.02,-0.16,0.98,1.77,-11.79,-9.42
330,-0.05,-0.16,1.03,3.76,-8.79,-4.93
331,-0.05,-0.16,1.03,7.38,-5.8,0.56
332,0.04,-0.15,0.94,8.18,-1.08,1.51
333,0.03,-0.12,0.93,3.68,-3.03,-0.77
334,-0.01,-0.11,0.97,1.37,-6.53,-3.05
335,-0.02,-0.09,0.99,4.21,-9.0,-1.54
336,0.04,-0.09,0.94,5.89,-9.45,-1.44
337,0.09,-0.08,0.87,4.22,-6.76,-1.96
338,0.03,-0.07,0.89,-2.63,-9.44,-5.39
339,0.02,-0.08,0.95,-4.81,-13.55,-8.17
340,0.04,-0.09,0.96,-2.88,-18.28,-8.49
341,0.09,-0.1,0.91,-4.4,-11.47,-5.6
342,0.06,-0.1,0.91,-8.02,-7.55,-5.76
343,0.06,-0.11,0.96,-10.17,-12.85,-7.17
344,0.08,-0.13,0.98,-7.16,-12.75,-4.55
345,0.09,-0.14,0.95,-5.44,-8.44,-1.96
346,0.08,-0.14,0.96,-5.27,-3.73,-0.29
347,0.06,-0.14,0.98,-3.6,-2.3,2.07
348,0.07,-0.15,0.98,-2.32,-4.4,2.31
349,0.1,-0.16,0.96,-1.73,-3.37,2.82
350,0.09,-0.18,0.97,-1.08,-2.21,1.98
351,0.07,-0.19,1.0,1.89,-5.38,-0.46
352,0.08,-0.19,1.0,2.63,-3.57,-0.87
353,0.07,-0.19,0.98,2.03,0.14,-0.95
354,0.05,-0.18,0.99,0.92,-2.56,-2.31
355,0.04,-0.19,1.0,0.84,-4.3,-3.09
356,0.04,-0.2,1.0,1.86,-3.02,-2.19
357,0.04,-0.19,1.0,1.62,-0.18,-1.95
358,0.05,-0.18,1.0,2.22,1.24,0.3
359,0.03,-0.18,1.0,2.76,0.17,-0.33
360,0.02,-0.17,1.02,5.27,-2.02,0.38
361,0.03,-0.16,1.0,4.94,0.21,2.38
362,0.03,-0.14,1.01,5.88,-0.79,3.44
363,0.04,-0.14,1.01,7.14,-2.36,4.63
364,0.04,-0.13,0.98,6.88,-2.89,5.69
365,0.05,-0.12,0.98,6.14,-2.93,6.14
366,0.05,-0.12,0.95,4.89,-3.24,6.18
367,0.03,-0.13,0.94,2.41,-6.58,5.52
368,0.06,-0.14,0.94,-1.24,-7.57,2.85
369,0.09,-0.14,0.92,-5.0,-6.83,1.59
370,0.08,-0.15,0.94,-7.37,-5.79,-0.49
371,0.07,-0.17,0.99,-6.91,-5.25,-1.15
372,0.05,-0.16,1.0,-5.13,-4.32,-0.63
373,0.04,-0.16,0.99,-3.92,-4.23,-0.15
374,0.04,-0.15,0.97,-2.85,-4.08,0.27
375,0.04,-0.15,0.96,-2.67,-4.67,0.44
376,0.04,-0.13,0.96,-2.55,-3.53,2.23
377,0.03,-0.13,0.95,-3.44,-3.85,2.26
378,0.03,-0.12,0.93,-4.67,-4.87,1.34
379,0.04,-0.11,0.92,-6.81,-4.56,0.57
380,0.07,-0.1,0.9,-11.36,-4.28,-1.98
381,0.07,-0.11,0.91,-15.57,-6.53,-4.36
382,0.09,-0.12,0.92,-21.47,-5.65,-6.48
383,0.1,-0.14,0.94,-19.33,-3.06,-5.93
384,0.09,-0.15,0.96,-20.24,-3.27,-5.75
385,0.09,-0.16,0.97,-19.03,-2.31,-4.76
386,0.07,-0.17,1.0,-18.72,-0.74,-3.9
387,0.07,-0.18,1.02,-15.67,-0.56,-1.64
388,0.08,-0.19,1.03,-11.56,-0.92,1.2
389,0.1,-0.19,1.01,-9.66,1.53,2.34
390,0.1,-0.19,1.01,-8.01,2.35,3.9
391,0.09,-0.18,1.02,-6.68,1.08,3.23
392,0.1,-0.18,1.0,-5.8,1.09,1.44
393,0.09,-0.18,1.0,-6.07,0.34,0.75
394,0.09,-0.19,1.02,-6.26,-0.48,-1.03
395,0.08,-0.19,1.02,-4.69,-1.05,-0.93
396,0.08,-0.19,1.04,-3.27,-1.23,-1.09
397,0.09,-0.19,1.02,-1.08,-0.87,-1.85
398,0.11,-0.19,1.01,-0.66,-1.12,-1.75
399,0.08,-0.19,1.0,-2.44,-3.21,-2.97
400,0.09,-0.2,1.02,-1.82,-2.51,-3.13
