,accel_x,accel_y,accel_z,gyro_x,gyro_y,gyro_z
0,0.09,-0.31,0.94,-0.73,-3.21,-2.04
1,0.1,-0.32,0.96,0.98,-2.9,0.1
2,0.1,-0.32,0.96,0.86,-1.14,0.47
3,0.09,-0.31,0.93,-0.27,-4.37,-2.34
4,0.1,-0.32,0.85,-10.76,-15.56,-4.6
5,0.11,-0.32,0.94,0.08,-8.38,-6.42
6,0.11,-0.32,0.93,-3.2,-6.08,-4.53
7,0.12,-0.33,0.95,-2.82,-4.03,-4.44
8,0.16,-0.34,0.98,-0.23,-2.47,-1.46
9,0.18,-0.35,0.97,-2.34,-0.44,0.53
10,0.17,-0.33,0.98,5.02,3.02,0.43
11,0.16,-0.31,0.95,5.19,0.68,-2.39
12,0.17,-0.29,0.93,4.8,-2.47,-3.71
13,0.16,-0.3,0.93,3.66,-4.13,-5.7
14,0.15,-0.29,0.94,3.0,-7.12,-6.08
15,0.15,-0.3,0.95,5.3,-5.26,-5.89
16,0.14,-0.29,0.93,3.8,-7.24,-7.86
17,0.13,-0.29,0.93,3.27,-9.82,-8.6
18,0.13,-0.3,0.94,2.85,-10.85,-9.31
19,0.12,-0.3,0.94,2.56,-9.53,-9.24
20,0.14,-0.29,0.92,0.35,-11.47,-9.87
21,0.15,-0.31,0.95,2.13,-8.31,-7.32
22,0.14,-0.31,0.95,1.33,-5.54,-5.46
23,0.13,-0.31,0.96,1.71,-3.6,-3.3
24,0.15,-0.3,0.98,2.73,-4.96,-2.31
25,0.15,-0.31,0.97,5.42,-4.36,-2.91
26,0.14,-0.31,0.96,6.95,-8.73,-3.17
27,0.13,-0.3,0.99,7.05,-13.86,-4.43
28,0.15,-0.3,0.98,8.5,-11.78,-3.27
29,0.15,-0.3,0.95,7.85,-15.27,-5.66
30,0.16,-0.29,0.97,6.46,-17.99,-12.1
31,0.18,-0.3,0.93,6.27,-11.11,-14.11
32,0.14,-0.28,0.94,4.3,-9.47,-12.82
33,0.13,-0.3,0.97,6.97,-11.98,-11.09
34,0.14,-0.29,0.99,7.68,-3.12,-5.77
35,0.15,-0.27,0.96,5.08,4.59,-1.14
36,0.15,-0.27,0.94,7.4,3.63,0.41
37,0.17,-0.26,0.94,6.13,1.52,-4.47
38,0.19,-0.25,0.91,4.09,-1.19,-8.05
39,0.18,-0.27,0.93,2.29,-4.53,-11.34
40,0.16,-0.27,0.97,3.86,-5.26,-10.78
41,0.13,-0.26,0.98,5.94,-5.21,-9.62
42,0.16,-0.25,0.99,6.63,-4.81,-8.08
43,0.23,-0.26,0.98,7.2,-2.23,-2.49
44,0.24,-0.26,0.99,10.18,-2.08,-1.77
45,0.27,-0.3,1.01,-5.26,-15.34,-3.37
46,0.23,-0.27,1.02,15.07,-2.78,-5.7
47,0.24,-0.27,0.95,11.98,-3.77,-10.07
48,0.24,-0.25,0.93,9.47,-6.92,-14.87
49,0.23,-0.27,0.93,6.88,-6.21,-21.09
50,0.2,-0.28,0.97,4.38,-2.19,-21.03
51,0.15,-0.28,1.0,7.24,1.45,-19.02
52,0.14,-0.28,1.01,6.79,4.76,-16.84
53,0.13,-0.27,1.01,7.46,2.64,-16.2
54,0.15,-0.27,1.02,9.11,0.0,-16.79
55,0.17,-0.28,0.97,4.61,-5.48,-15.33
56,0.16,-0.25,1.01,10.95,-4.83,-17.12
57,0.18,-0.24,1.0,10.55,-6.83,-13.93
58,0.15,-0.23,1.01,14.79,-10.66,-12.15
59,0.13,-0.21,0.99,14.24,-13.02,-10.56
60,0.16,-0.19,0.95,13.29,-17.41,-9.53
61,0.15,-0.18,0.95,12.81,-18.49,-9.11
62,0.21,-0.19,0.92,8.74,-21.58,-12.67
63,0.26,-0.19,0.89,6.43,-28.12,-13.53
64,0.23,-0.2,0.91,0.6,-28.31,-18.5
65,0.21,-0.2,0.95,-1.15,-24.65,-16.53
66,0.19,-0.21,0.96,-1.15,-21.25,-14.69
67,0.18,-0.22,0.98,-1.21,-17.74,-15.81
68,0.19,-0.24,0.98,-0.74,-19.73,-16.74
69,0.18,-0.25,1.0,4.35,-19.46,-17.97
70,0.18,-0.25,0.99,6.23,-12.58,-14.76
71,0.17,-0.26,0.97,8.86,-8.69,-14.9
72,0.15,-0.23,0.96,6.25,-17.05,-20.98
73,0.22,-0.23,0.94,7.59,-20.4,-24.53
74,0.24,-0.23,0.93,8.61,-17.34,-23.85
75,0.2,-0.18,0.94,5.11,-14.64,-17.93
76,0.25,-0.18,0.93,14.59,-13.32,-19.4
77,0.21,-0.15,0.89,11.97,-6.47,-18.37
78,0.23,-0.14,0.87,8.59,-6.68,-15.98
79,0.24,-0.14,0.86,6.47,-8.34,-19.07
80,0.24,-0.14,0.86,3.24,-11.07,-19.92
81,0.22,-0.14,0.87,-0.71,-15.07,-20.39
82,0.23,-0.17,0.89,-0.5,-11.5,-18.44
83,0.24,-0.18,0.9,-0.45,-4.05,-16.15
84,0.21,-0.19,0.95,1.69,2.89,-12.93
85,0.17,-0.17,0.99,4.09,3.6,-11.64
86,0.17,-0.15,0.96,6.22,2.21,-10.05
87,0.16,-0.14,0.91,2.69,-3.94,-12.65
88,0.15,-0.15,0.92,-1.0,-14.62,-16.4
89,0.13,-0.17,0.94,-3.15,-20.87,-17.52
90,0.13,-0.19,0.95,-3.82,-22.55,-16.37
91,0.12,-0.21,0.97,-4.39,-22.15,-15.18
92,0.15,-0.22,1.0,-2.14,-18.5,-10.59
93,0.19,-0.22,1.03,1.53,-13.98,-3.82
94,0.24,-0.21,1.01,4.35,-9.94,-1.3
95,0.26,-0.2,0.98,4.56,-6.06,-1.61
96,0.26,-0.19,0.94,2.82,-9.46,-1.66
97,0.26,-0.2,0.94,0.98,-9.13,-2.89
98,0.26,-0.2,0.94,1.27,-7.85,-2.66
99,0.25,-0.2,0.95,0.98,-6.99,-4.59
100,0.23,-0.2,0.96,0.47,-8.91,-5.74
101,0.23,-0.2,0.97,2.32,-7.89,-5.24
102,0.22,-0.19,0.96,4.06,-6.77,-2.89
103,0.22,-0.18,0.95,4.72,-6.24,-2.51
104,0.24,-0.16,0.93,4.22,-3.97,-0.11
105,0.25,-0.16,0.91,2.74,-2.43,-0.89
106,0.26,-0.15,0.88,0.54,-3.92,-2.35
107,0.27,-0.15,0.88,-0.28,-2.03,1.85
108,0.26,-0.14,0.86,-2.8,-4.27,-1.11
109,0.26,-0.15,0.88,-5.66,-8.47,-4.18
110,0.26,-0.16,0.91,-6.9,-9.14,-5.5
111,0.26,-0.18,0.97,-4.46,-6.37,-3.69
112,0.28,-0.18,0.97,-0.25,-3.02,-1.27
113,0.28,-0.17,0.95,0.98,-3.63,-1.9
114,0.27,-0.16,0.92,1.63,-3.56,0.27
115,0.26,-0.15,0.9,-0.1,-4.4,0.37
116,0.26,-0.14,0.89,-2.18,-6.67,-0.36
117,0.26,-0.14,0.89,-4.05,-7.44,-1.18
118,0.25,-0.16,0.91,-5.92,-8.45,-1.92
119,0.27,-0.18,0.94,-5.42,-5.99,-1.48
120,0.28,-0.17,0.94,-2.58,-2.87,0.77
121,0.27,-0.16,0.93,-1.5,-2.79,0.79
122,0.27,-0.16,0.91,-2.59,-3.32,1.62
123,0.26,-0.14,0.9,-4.05,-5.46,0.89
124,0.26,-0.14,0.89,-5.4,-5.23,1.21
125,0.26,-0.15,0.89,-6.4,-3.44,3.58
126,0.25,-0.14,0.89,-8.46,-0.98,3.87
127,0.23,-0.13,0.89,-9.13,-2.66,4.31
128,0.22,-0.13,0.89,-10.69,-3.5,5.44
129,0.22,-0.13,0.88,-12.38,-5.69,5.98
130,0.2,-0.13,0.87,-15.15,-8.66,6.58
131,0.2,-0.14,0.88,-17.56,-9.32,8.35
132,0.2,-0.13,0.88,-19.39,-8.96,10.47
133,0.2,-0.13,0.87,-21.3,-9.33,12.3
134,0.19,-0.13,0.87,-23.82,-12.27,11.6
135,0.18,-0.13,0.92,-25.92,-14.85,12.5
136,0.2,-0.15,0.97,-25.23,-11.74,17.77
137,0.2,-0.15,0.97,-26.54,-8.92,19.53
138,0.21,-0.16,1.01,-27.62,-6.52,20.44
139,0.16,-0.14,1.05,-29.33,-10.29,21.17
140,0.12,-0.13,1.12,-29.26,-12.43,25.19
141,0.05,-0.12,1.15,-30.7,-18.48,28.19
142,-0.02,-0.16,1.22,-30.29,-34.76,31.4
143,-0.05,-0.23,1.25,-35.41,-46.01,33.49
144,-0.09,-0.27,1.46,-28.23,-47.59,49.68
145,-0.07,-0.3,1.6,-15.66,-33.95,67.67
146,-0.09,-0.34,1.66,-10.69,-30.59,86.56
147,-0.12,-0.37,1.76,0.3,-35.73,102.92
148,-0.05,-0.4,1.84,12.05,-31.14,127.22
149,0.01,-0.43,1.89,21.62,-39.15,138.56
150,0.2,-0.52,1.93,29.2,-57.04,151.47
151,0.43,-0.63,1.97,39.98,-70.05,163.95
152,0.72,-0.7,1.88,47.2,-70.8,147.01
153,0.93,-0.81,1.9,51.31,-74.19,134.81
154,1.06,-0.84,1.87,69.93,-81.66,106.16
155,1.05,-0.85,1.82,77.63,-102.96,66.56
156,0.98,-0.83,1.82,93.59,-132.98,29.74
157,0.92,-0.8,1.7,114.24,-143.57,9.47
158,0.91,-0.74,1.53,130.21,-142.98,-5.24
159,0.91,-0.67,1.34,132.44,-135.11,-7.45
160,0.95,-0.61,1.17,144.95,-124.33,-10.36
161,1.01,-0.57,1.02,147.4,-109.69,-5.58
162,0.98,-0.54,0.9,147.82,-88.26,1.47
163,0.97,-0.49,0.79,147.46,-56.63,7.32
164,0.9,-0.44,0.71,137.4,-28.53,11.56
165,0.86,-0.39,0.67,128.6,-18.92,11.4
166,0.91,-0.35,0.64,136.48,-8.81,15.12
167,0.99,-0.33,0.54,116.5,-7.55,6.75
168,1.05,-0.35,0.61,106.54,-23.98,-13.91
169,1.15,-0.4,0.66,102.05,-30.35,-25.66
170,1.12,-0.43,0.69,103.9,-25.25,-43.18
171,1.05,-0.42,0.68,102.73,-25.66,-67.15
172,1.0,-0.4,0.63,101.81,-36.45,-90.34
173,1.0,-0.4,0.57,100.84,-44.46,-112.92
174,0.97,-0.38,0.53,96.57,-55.36,-137.02
175,0.95,-0.38,0.46,93.92,-65.64,-160.46
176,0.88,-0.34,0.44,90.82,-64.56,-177.28
177,0.75,-0.29,0.44,88.93,-55.88,-186.77
178,0.6,-0.23,0.39,90.54,-48.4,-184.41
179,0.48,-0.17,0.3,87.73,-46.32,-181.37
180,0.47,-0.13,0.2,81.76,-35.44,-172.72
181,0.48,-0.1,0.11,72.89,-27.25,-167.79
182,0.52,-0.07,0.06,65.58,-21.54,-159.09
183,0.56,-0.06,0.06,58.96,-8.02,-151.08
184,0.62,-0.07,0.02,46.46,15.85,-147.96
185,0.66,-0.07,0.05,44.98,39.74,-144.4
186,0.62,-0.04,0.02,47.34,50.11,-142.18
187,0.52,0.0,-0.01,45.22,63.01,-138.6
188,0.43,0.06,-0.06,39.41,69.97,-135.51
189,0.36,0.09,-0.13,31.21,69.45,-133.38
190,0.36,0.08,-0.11,25.66,60.92,-132.82
191,0.31,0.14,-0.25,3.13,63.22,-134.9
192,0.27,0.16,-0.18,-17.75,60.8,-142.67
193,0.28,0.18,-0.12,-33.59,64.68,-143.2
194,0.24,0.2,-0.09,-43.25,62.05,-146.82
195,0.2,0.22,-0.07,-50.58,56.18,-149.27
196,0.16,0.24,-0.02,-58.06,47.81,-148.1
197,0.19,0.24,0.0,-63.88,40.5,-147.92
198,0.23,0.23,-0.01,-68.79,41.75,-142.12
199,0.23,0.24,-0.03,-77.55,41.63,-143.04
200,0.23,0.23,-0.02,-85.24,39.65,-144.05
201,0.2,0.2,0.07,-88.98,41.69,-138.42
202,0.18,0.18,0.13,-92.31,48.66,-134.83
203,0.16,0.19,0.16,-91.11,52.22,-130.25
204,0.1,0.19,0.13,-91.08,49.4,-126.51
205,0.06,0.18,0.12,-96.6,43.73,-127.7
206,0.02,0.13,0.11,-99.11,41.15,-130.78
207,-0.05,0.11,0.13,-101.43,33.06,-134.1
208,-0.1,0.06,0.14,-105.6,27.92,-134.38
209,-0.12,0.02,0.09,-110.2,29.27,-140.35
210,-0.25,0.02,0.07,-117.93,24.15,-144.94
211,-0.38,0.04,-0.06,-122.08,20.04,-143.16
212,-0.54,0.05,0.04,-136.08,2.24,-140.8
213,-0.63,-0.01,0.01,-147.78,-2.81,-131.14
214,-0.71,-0.02,0.05,-166.39,2.41,-118.45
215,-0.78,-0.1,0.11,-175.69,0.48,-97.78
216,-0.75,-0.21,0.15,-191.18,4.53,-86.11
217,-0.68,-0.28,0.24,-206.63,18.44,-85.8
218,-0.8,-0.4,0.4,-209.33,21.27,-80.92
219,-1.0,-0.47,0.54,-200.98,9.31,-71.25
220,-1.22,-0.44,0.58,-202.67,5.79,-58.34
221,-1.34,-0.37,0.59,-198.82,2.02,-36.66
222,-1.39,-0.28,0.41,-211.51,-11.95,-36.8
223,-1.32,-0.22,0.34,-239.87,-38.61,-31.27
224,-1.23,-0.29,0.4,-250.14,-59.77,-5.79
225,-1.2,-0.45,0.47,-250.14,-80.75,9.95
226,-1.09,-0.65,0.58,-250.14,-95.52,15.99
227,-1.09,-0.82,0.79,-250.14,-103.4,37.65
228,-1.21,-0.88,1.06,-250.14,-114.01,54.19
229,-1.18,-0.86,1.03,-243.15,-97.96,80.27
230,-1.06,-0.9,0.99,-250.14,-101.41,105.87
231,-0.71,-1.11,0.92,-250.14,-97.31,110.74
232,-0.4,-1.26,0.98,-250.14,-89.74,114.74
233,-0.31,-1.38,1.07,-250.14,-84.36,114.0
234,-0.42,-1.48,1.23,-235.9,-81.92,111.21
235,-0.73,-1.46,1.27,-206.26,-100.82,110.13
236,-1.1,-1.37,1.23,-206.51,-162.87,115.2
237,-0.84,-1.59,1.12,-201.98,-205.73,140.94
238,-0.34,-1.99,1.16,-205.71,-188.25,157.5
239,0.01,-2.0,1.47,-206.21,-151.31,151.21
240,0.2,-2.0,1.79,-180.72,-98.0,162.08
241,0.05,-2.0,1.89,-138.49,-78.11,127.37
242,-0.08,-2.0,1.82,-97.89,-127.53,120.17
243,-0.16,-1.98,1.65,-66.01,-158.09,112.64
244,-0.16,-1.83,1.36,-52.56,-169.91,122.87
245,-0.1,-1.76,1.29,-51.25,-168.52,128.51
246,0.07,-1.75,1.23,-45.3,-157.1,148.62
247,-0.14,-1.66,1.12,-36.82,-169.63,114.1
248,0.1,-1.75,1.23,-31.84,-187.67,152.34
249,0.27,-1.75,1.23,-1.31,-132.41,185.96
250,0.36,-1.66,1.07,27.64,-99.75,171.53
251,0.25,-1.53,0.91,42.11,-130.08,146.53
252,0.14,-1.37,0.78,54.02,-169.42,115.48
253,0.08,-1.25,0.67,62.7,-186.63,116.93
254,0.01,-1.2,0.54,61.55,-213.82,120.94
255,0.15,-1.24,0.59,59.58,-221.9,122.68
256,0.29,-1.26,0.61,60.61,-207.33,128.9
257,0.44,-1.28,0.71,69.15,-205.28,127.21
258,0.52,-1.3,0.74,85.53,-198.75,123.61
259,0.64,-1.29,0.78,102.43,-187.47,116.3
260,0.85,-1.3,0.81,120.95,-167.02,111.56
261,0.89,-1.3,0.76,131.81,-173.65,96.24
262,0.93,-1.27,0.81,140.05,-180.9,80.11
263,0.97,-1.24,0.84,152.46,-178.79,69.38
264,1.01,-1.23,0.82,158.03,-176.27,59.3
265,1.0,-1.21,0.84,169.25,-169.59,51.47
266,1.06,-1.24,0.87,178.95,-152.31,45.75
267,1.18,-1.24,0.9,191.57,-125.39,38.23
268,1.23,-1.17,0.84,194.7,-108.34,24.81
269,1.14,-1.1,0.81,208.27,-119.72,-4.27
270,1.13,-1.02,0.76,215.02,-125.55,-19.69
271,1.06,-0.98,0.69,217.84,-113.59,-33.42
272,1.05,-0.89,0.61,217.11,-96.21,-42.01
273,1.0,-0.86,0.69,215.86,-86.61,-43.14
274,1.07,-0.84,0.55,215.57,-59.11,-46.01
275,1.12,-0.76,0.5,211.66,-37.2,-52.24
276,1.13,-0.69,0.48,210.62,-25.66,-57.82
277,1.12,-0.64,0.46,207.44,-22.91,-64.56
278,1.06,-0.59,0.47,207.69,-29.05,-72.5
279,1.08,-0.57,0.48,211.1,-34.7,-79.34
280,1.13,-0.58,0.46,213.26,-30.63,-92.25
281,1.05,-0.54,0.46,212.66,-30.98,-105.67
282,0.94,-0.5,0.51,217.7,-34.15,-115.38
283,0.83,-0.47,0.47,221.91,-29.6,-117.44
284,0.77,-0.4,0.31,217.47,-21.13,-128.45
285,0.75,-0.31,0.09,197.64,-24.65,-139.08
286,0.71,-0.25,0.02,170.82,-24.12,-150.12
287,0.68,-0.23,0.09,140.85,-9.44,-156.3
288,0.62,-0.24,0.19,125.69,5.98,-154.51
289,0.61,-0.23,0.21,109.12,16.78,-155.65
290,0.62,-0.18,0.21,99.28,26.79,-159.56
291,0.62,-0.15,0.22,85.45,31.66,-157.89
292,0.56,-0.12,0.22,76.94,25.79,-154.24
293,0.52,-0.08,0.24,52.28,16.86,-163.6
294,0.41,-0.11,0.33,58.16,15.18,-164.29
295,0.31,-0.07,0.35,53.99,20.76,-158.2
296,0.24,-0.05,0.33,59.4,15.5,-153.27
297,0.22,-0.01,0.24,56.69,12.04,-143.18
298,0.17,0.04,0.17,43.56,5.83,-144.4
299,0.16,0.08,0.12,22.42,5.59,-145.99
300,0.12,0.12,0.14,6.6,14.16,-142.63
301,0.04,0.16,0.15,-11.66,22.78,-136.98
302,0.01,0.18,0.19,-31.24,29.51,-139.15
303,-0.08,0.21,0.28,-46.65,27.84,-134.49
304,-0.18,0.23,0.41,-57.85,14.9,-122.92
305,-0.17,0.22,0.56,-63.6,8.46,-103.47
306,-0.09,0.11,0.65,-66.43,20.6,-92.05
307,-0.04,0.08,0.76,-55.24,36.69,-87.92
308,-0.12,0.1,0.8,-49.93,54.79,-85.83
309,-0.27,0.15,0.88,-44.95,63.08,-76.63
310,-0.42,0.17,0.93,-50.71,54.46,-71.45
311,-0.44,0.28,0.99,-43.63,50.34,-65.66
312,-0.42,0.32,1.0,-45.62,39.34,-58.53
313,-0.34,0.34,1.03,-47.11,32.18,-62.63
314,-0.29,0.34,1.05,-44.96,28.24,-61.73
315,-0.3,0.34,1.08,-42.47,27.03,-56.75
316,-0.3,0.34,1.09,-39.85,26.85,-50.05
317,-0.29,0.35,1.11,-40.62,25.31,-44.34
318,-0.22,0.37,1.15,-35.7,26.27,-36.53
319,-0.23,0.4,1.14,-32.17,20.95,-35.6
320,-0.23,0.41,1.16,-28.28,15.34,-25.21
321,-0.21,0.37,1.07,-37.48,15.68,-17.67
322,-0.24,0.39,1.17,-23.98,15.42,-12.28
323,-0.23,0.41,1.12,-21.37,15.42,-5.6
324,-0.19,0.43,1.1,-20.89,10.42,-2.45
325,-0.18,0.46,1.05,-21.33,3.27,-1.24
326,-0.12,0.47,0.99,-28.08,-2.98,-1.18
327,-0.05,0.46,0.95,-36.44,-6.69,-2.35
328,-0.02,0.44,0.96,-42.08,-12.95,-0.93
329,-0.01,0.41,0.99,-45.29,-19.76,4.83
330,0.05,0.37,0.98,-48.21,-18.42,11.41
331,0.1,0.3,0.97,-48.79,-17.22,3.08
332,0.13,0.29,1.02,-51.04,-19.32,-2.84
333,0.14,0.22,1.1,-43.07,-19.23,0.25
334,0.1,0.19,1.14,-34.59,-11.17,-2.35
335,0.09,0.18,1.13,-32.32,-6.62,-0.23
336,0.07,0.16,1.08,-25.95,-3.43,-0.78
337,0.08,0.16,1.05,-23.48,-7.22,-0.5
338,0.08,0.17,0.99,-25.82,-13.27,-4.86
339,0.07,0.17,0.98,-29.57,-18.39,-10.59
340,0.06,0.15,1.01,-33.79,-18.41,-8.5
341,0.06,0.13,1.07,-31.85,-16.84,-2.04
342,0.07,0.14,1.08,-27.55,-4.73,13.84
343,0.08,0.14,1.05,-27.19,-2.09,18.43
344,0.12,0.13,1.08,-24.84,-9.66,18.67
345,0.14,0.12,1.07,-16.36,-12.63,18.4
346,0.18,0.14,1.02,-13.67,-11.36,19.26
347,0.23,0.17,0.97,-14.04,-10.45,17.57
348,0.25,0.19,0.92,-13.0,-11.22,11.24
349,0.25,0.22,0.91,-16.38,-18.19,1.25
350,0.23,0.22,0.92,-18.7,-22.4,-3.98
351,0.2,0.22,0.91,-20.21,-19.82,-1.95
352,0.19,0.22,0.93,-19.91,-21.08,1.26
353,0.19,0.22,0.93,-21.43,-21.15,5.12
354,0.2,0.21,0.93,-20.02,-17.37,6.09
355,0.28,0.19,0.91,-21.3,-14.94,-0.42
356,0.27,0.17,0.91,-22.58,-22.42,-11.78
357,0.23,0.15,0.95,-20.53,-20.65,-14.05
358,0.2,0.14,0.98,-19.18,-9.76,-9.06
359,0.18,0.12,0.96,-18.72,-6.95,-9.44
360,0.19,0.11,0.94,-21.27,-7.67,-8.16
361,0.19,0.11,0.98,-19.9,-7.92,-11.28
362,0.19,0.1,0.99,-19.48,-7.88,-9.69
363,0.18,0.09,1.01,-17.08,-8.64,-10.07
364,0.18,0.09,1.0,-16.76,-4.21,-11.09
365,0.18,0.07,1.0,-16.02,0.71,-9.35
366,0.19,0.06,1.02,-14.13,4.94,-10.04
367,0.17,0.07,1.03,-11.47,7.25,-10.31
368,0.17,0.07,1.02,-10.34,4.02,-10.76
369,0.16,0.09,1.04,-9.51,0.57,-10.72
370,0.18,0.1,1.03,-4.48,1.66,-6.73
371,0.18,0.11,1.01,-2.44,4.79,-4.5
372,0.18,0.14,0.98,-1.67,6.56,-4.29
373,0.17,0.15,0.98,-1.51,6.86,-2.68
374,0.19,0.17,0.95,-2.93,8.33,-3.84
375,0.2,0.17,0.92,-3.02,6.34,-5.56
376,0.18,0.19,0.93,-4.4,5.01,-7.63
377,0.19,0.19,0.9,-6.74,4.47,-9.23
378,0.21,0.19,0.89,-10.03,7.76,-8.9
379,0.18,0.21,0.89,-13.5,8.61,-10.29
380,0.17,0.21,0.89,-16.72,6.73,-13.44
381,0.16,0.19,0.92,-17.73,3.63,-12.78
382,0.12,0.19,0.94,-19.15,1.01,-12.54
383,0.12,0.18,0.96,-19.81,-1.0,-12.72
384,0.16,0.15,0.96,-18.47,-2.75,-8.01
385,0.15,0.13,0.96,-17.24,-4.15,-5.96
386,0.14,0.11,0.97,-17.33,-3.66,-5.98
387,0.14,0.1,0.98,-16.95,-2.22,-3.66
388,0.14,0.09,0.98,-15.85,-2.45,-2.5
389,0.12,0.08,0.96,-16.07,-4.5,-3.76
390,0.12,0.08,0.98,-17.13,-5.63,-2.85
391,0.13,0.07,1.0,-16.27,-6.82,-1.4
392,0.13,0.05,1.02,-14.12,-6.09,-0.89
393,0.14,0.04,1.02,-11.53,-2.96,1.72
394,0.16,0.04,1.02,-11.62,1.02,2.91
395,0.18,0.04,1.02,-9.0,-0.44,-0.35
396,0.18,0.05,1.01,-6.88,-3.69,-3.08
397,0.17,0.06,1.01,-4.79,-6.27,-3.4
398,0.16,0.07,0.99,-4.79,-5.35,-0.52
399,0.15,0.09,1.0,-5.09,-4.94,-0.21
400,0.14,0.09,0.98,-5.73,-1.92,2.34
