,accel_x,accel_y,accel_z,gyro_x,gyro_y,gyro_z
0,0.24,-0.07,1.04,-8.91,-3.19,1.5
1,0.25,-0.06,1.01,-4.22,-2.83,1.11
2,0.23,-0.04,0.98,-1.41,-3.28,0.24
3,0.21,-0.03,0.97,-3.03,-5.62,-1.47
4,0.22,-0.02,0.95,-4.69,-7.07,-1.36
5,0.21,-0.03,0.96,-5.83,-6.61,-0.93
6,0.22,-0.03,0.97,-6.58,-7.08,-1.39
7,0.22,-0.04,0.99,-6.24,-6.36,-1.5
8,0.25,-0.06,1.0,-5.15,-3.83,-1.47
9,0.24,-0.05,1.0,-1.62,-1.8,-1.18
10,0.22,-0.05,0.99,-1.08,-1.51,-2.87
11,0.23,-0.04,0.99,-1.49,-1.39,-3.13
12,0.23,-0.03,0.98,-1.66,-0.45,-3.28
13,0.23,-0.02,0.98,-1.98,-0.89,-2.97
14,0.23,-0.02,0.96,-3.09,-1.59,-3.08
15,0.23,-0.02,0.98,-4.39,-1.54,-3.04
16,0.23,-0.03,0.97,-4.95,-0.57,-2.04
17,0.23,-0.03,0.95,-6.54,-3.15,-2.31
18,0.24,-0.04,0.96,-7.06,-5.76,-1.98
19,0.23,-0.05,0.97,-7.92,-3.86,-1.63
20,0.22,-0.05,0.99,-7.53,-5.08,-1.82
21,0.21,-0.05,0.97,-7.32,-6.79,-1.17
22,0.21,-0.06,0.97,-7.69,-6.11,-0.33
23,0.21,-0.05,0.96,-9.7,-3.24,0.64
24,0.2,-0.05,0.97,-13.61,-0.98,2.31
25,0.2,-0.05,0.98,-12.2,-1.31,3.86
26,0.2,-0.05,0.96,-13.8,-0.21,5.44
27,0.18,-0.02,0.93,-17.79,-0.92,6.73
28,0.16,-0.02,0.92,-21.25,-3.08,6.7
29,0.17,-0.04,0.96,-25.36,-5.31,7.03
30,0.22,-0.07,1.02,-24.08,-5.36,8.08
31,0.25,-0.1,1.04,-18.55,-7.14,5.2
32,0.26,-0.11,1.03,-14.78,-7.94,2.4
33,0.26,-0.1,1.01,-11.14,-3.81,1.45
34,0.28,-0.1,1.01,-8.93,0.83,-1.11
35,0.29,-0.09,1.0,-5.37,-1.43,-4.21
36,0.28,-0.09,0.99,-2.15,-5.16,-6.6
37,0.25,-0.06,0.96,-0.33,-5.43,-7.21
38,0.22,-0.06,0.94,-2.76,-2.72,-6.34
39,0.22,-0.05,0.95,-4.48,-0.85,-4.71
40,0.22,-0.06,0.96,-4.48,-1.39,-3.79
41,0.25,-0.05,0.95,-2.94,-0.93,-2.14
42,0.24,-0.05,0.93,-4.48,-1.15,-3.47
43,0.23,-0.06,0.95,-7.66,-1.75,-4.05
44,0.24,-0.07,0.97,-7.48,-1.47,-4.54
45,0.25,-0.06,0.97,-5.33,-2.82,-4.84
46,0.23,-0.07,0.96,-4.83,-2.99,-5.08
47,0.24,-0.07,0.96,-5.26,-2.11,-5.53
48,0.24,-0.06,0.97,-4.17,-1.35,-5.2
49,0.24,-0.05,0.97,-3.26,-1.47,-4.24
50,0.24,-0.05,0.96,-2.48,-0.82,-3.25
51,0.24,-0.04,0.94,-3.44,0.34,-3.67
52,0.24,-0.04,0.92,-3.61,0.39,-3.21
53,0.23,-0.03,0.92,-5.83,0.78,-2.6
54,0.22,-0.03,0.92,-8.31,0.24,-1.96
55,0.23,-0.05,0.93,-9.48,-2.73,-2.66
56,0.23,-0.06,0.95,-10.15,-4.51,-3.26
57,0.22,-0.07,0.96,-10.29,-2.9,-1.76
58,0.22,-0.08,0.97,-11.5,-2.52,-2.11
59,0.22,-0.1,0.99,-10.62,-5.23,-3.36
60,0.23,-0.11,1.0,-8.63,-5.93,-3.73
61,0.23,-0.11,1.01,-6.1,-3.98,-3.02
62,0.23,-0.09,0.99,-5.31,-1.18,-2.44
63,0.21,-0.09,0.98,-5.13,-1.63,-1.98
64,0.21,-0.1,0.98,-6.22,-4.53,-3.33
65,0.22,-0.09,0.98,-7.31,-5.03,-2.71
66,0.23,-0.1,0.99,-5.46,-4.41,-1.69
67,0.24,-0.09,0.98,-4.82,-3.93,-1.48
68,0.25,-0.1,0.97,-5.23,-5.28,-2.02
69,0.25,-0.09,0.99,-5.02,-6.58,-3.11
70,0.26,-0.1,1.0,-3.14,-7.3,-2.89
71,0.25,-0.08,0.99,-3.24,-8.15,-3.56
72,0.27,-0.07,0.96,-4.97,-13.63,-5.11
73,0.25,-0.08,0.95,-5.64,-20.61,-8.94
74,0.25,-0.07,0.96,-4.76,-24.32,-10.31
75,0.26,-0.08,0.95,-7.15,-22.23,-9.88
76,0.28,-0.1,0.97,-6.59,-18.27,-7.79
77,0.27,-0.09,0.94,-7.59,-14.94,-7.36
78,0.28,-0.09,0.98,-7.18,-20.04,-10.4
79,0.28,-0.1,0.98,-7.87,-20.96,-7.27
80,0.28,-0.11,1.0,-7.43,-16.73,-8.41
81,0.26,-0.11,0.98,-6.53,-18.11,-7.59
82,0.26,-0.12,0.99,-5.2,-17.55,-10.26
83,0.27,-0.12,1.0,-4.06,-15.02,-6.92
84,0.27,-0.13,1.0,-3.22,-8.76,-6.49
85,0.28,-0.13,0.99,-1.18,-5.59,-3.82
86,0.28,-0.12,1.0,0.62,-4.6,-3.12
87,0.27,-0.11,1.0,1.68,-5.07,-3.57
88,0.27,-0.1,0.99,3.11,-7.58,-2.72
89,0.27,-0.11,0.99,4.03,-10.4,-1.98
90,0.28,-0.1,0.98,4.3,-11.34,-1.33
91,0.29,-0.1,0.97,4.28,-10.38,-0.93
92,0.31,-0.09,0.96,4.27,-9.09,-1.73
93,0.31,-0.09,0.97,3.74,-8.14,-3.03
94,0.32,-0.09,0.96,3.48,-4.35,-3.18
95,0.3,-0.08,0.96,3.62,-2.75,-3.36
96,0.3,-0.08,0.95,3.37,-1.67,-3.42
97,0.3,-0.07,0.96,2.82,-1.13,-3.11
98,0.29,-0.07,0.95,2.47,-1.87,-3.39
99,0.29,-0.07,0.95,1.83,-2.45,-3.83
100,0.29,-0.07,0.94,1.92,-2.05,-3.15
101,0.29,-0.07,0.95,2.37,0.02,-2.37
102,0.29,-0.06,0.94,2.53,-0.05,-2.41
103,0.29,-0.05,0.93,1.6,-0.57,-2.37
104,0.29,-0.05,0.92,0.27,-0.88,-2.48
105,0.29,-0.05,0.92,-0.66,-2.34,-2.56
106,0.3,-0.06,0.93,-0.5,-3.69,-2.63
107,0.29,-0.05,0.92,-0.79,-3.56,-3.37
108,0.28,-0.05,0.92,-1.08,-2.99,-2.96
109,0.28,-0.05,0.91,-2.02,-2.2,-2.25
110,0.29,-0.05,0.9,-2.79,-3.41,-2.34
111,0.29,-0.05,0.89,-4.08,-3.41,-2.31
112,0.28,-0.05,0.88,-6.28,-4.15,-1.94
113,0.28,-0.07,0.89,-8.05,-5.28,-1.43
114,0.28,-0.08,0.92,-9.59,-4.7,-1.49
115,0.3,-0.1,0.92,-9.44,-2.89,-1.31
116,0.31,-0.12,0.94,-8.18,-1.66,-2.0
117,0.33,-0.12,0.95,-6.89,0.41,-2.98
118,0.32,-0.11,0.95,-5.1,4.1,-3.31
119,0.3,-0.1,0.94,-4.04,4.76,-4.32
120,0.3,-0.09,0.92,-3.68,2.17,-5.13
121,0.31,-0.06,0.92,-4.7,1.24,-5.85
122,0.3,-0.06,0.91,-6.31,1.24,-5.94
123,0.32,-0.06,0.91,-7.18,0.8,-5.85
124,0.34,-0.05,0.92,-6.7,0.52,-5.9
125,0.35,-0.05,0.91,-6.17,2.52,-6.76
126,0.35,-0.04,0.88,-6.02,4.18,-7.68
127,0.37,-0.04,0.86,-6.78,6.46,-9.05
128,0.37,-0.02,0.84,-7.45,8.46,-10.62
129,0.37,0.0,0.8,-9.15,8.86,-12.16
130,0.43,0.02,0.65,-22.95,14.84,-13.63
131,0.42,0.01,0.7,-17.1,16.43,-18.13
132,0.41,0.01,0.65,-20.81,29.99,-20.83
133,0.41,0.03,0.6,-25.03,43.44,-26.74
134,0.48,0.02,0.53,-30.29,61.48,-39.43
135,0.53,0.02,0.44,-33.45,92.61,-54.11
136,0.36,0.05,0.39,-37.53,122.14,-63.77
137,0.13,0.06,0.27,-44.97,143.24,-89.69
138,-0.09,0.17,0.12,-53.47,163.49,-129.73
139,-0.33,0.3,-0.13,-100.08,184.03,-155.25
140,-0.65,0.39,-0.27,-129.39,185.44,-186.45
141,-0.93,0.4,-0.36,-175.91,128.52,-163.21
142,-1.1,0.42,-0.35,-204.84,66.97,-72.21
143,-1.52,0.18,-0.15,-232.51,9.01,-11.67
144,-1.75,-0.2,0.28,-246.92,-21.67,68.11
145,-1.79,-0.57,0.59,-246.01,18.45,166.27
146,-1.78,-0.8,0.81,-250.14,83.64,234.34
147,-1.91,-1.02,1.06,-231.67,109.63,243.73
148,-2.0,-1.19,1.32,-244.76,65.95,250.13
149,-2.0,-1.46,1.9,-205.68,27.62,250.13
150,-2.0,-1.53,2.0,-162.34,25.73,250.13
151,-2.0,-1.44,2.0,-125.49,10.25,250.13
152,-2.0,-1.39,2.0,-112.97,-11.03,250.13
153,-2.0,-1.47,2.0,-129.09,-1.03,250.13
154,-2.0,-1.79,2.0,-159.05,-53.89,250.13
155,-1.73,-2.0,2.0,-163.28,-204.34,250.13
156,-0.27,-2.0,2.0,-137.95,-250.14,250.13
157,1.07,-2.0,2.0,-99.45,-250.14,232.53
158,1.94,-2.0,2.0,-16.35,-250.14,120.51
159,2.0,-2.0,2.0,135.36,-250.14,56.2
160,1.93,-2.0,2.0,243.04,-250.14,30.48
161,1.94,-2.0,2.0,250.13,-225.17,-20.44
162,2.0,-2.0,1.69,250.13,-190.56,-60.01
163,2.0,-2.0,1.49,250.13,-154.49,-82.89
164,1.92,-2.0,1.08,250.13,-118.15,-118.32
165,1.72,-1.89,0.76,250.13,-74.21,-159.09
166,1.47,-1.59,0.46,250.13,-14.39,-176.01
167,1.13,-1.27,0.13,250.13,38.2,-148.76
168,0.75,-1.0,-0.18,250.13,70.9,-103.85
169,0.57,-0.84,-0.27,250.13,76.07,-67.73
170,0.56,-0.73,-0.27,250.13,61.92,-56.82
171,0.66,-0.65,-0.27,250.13,42.12,-54.07
172,0.7,-0.57,-0.31,250.13,1.79,-66.89
173,0.72,-0.61,-0.23,249.32,-33.55,-93.02
174,0.79,-0.67,-0.08,250.13,-43.18,-120.15
175,0.87,-0.7,-0.16,240.28,-55.32,-137.06
176,0.74,-0.63,-0.27,242.39,-62.57,-169.22
177,0.57,-0.52,-0.55,221.11,-54.67,-205.44
178,0.39,-0.43,-0.56,201.03,-40.15,-225.48
179,0.31,-0.32,-0.63,183.06,-33.74,-234.31
180,0.22,-0.21,-0.72,152.77,-27.46,-228.74
181,0.12,-0.17,-0.69,126.37,-14.26,-220.08
182,0.0,-0.14,-0.63,103.75,-5.53,-205.23
183,-0.06,-0.11,-0.6,84.0,-16.28,-189.08
184,-0.1,-0.09,-0.52,71.6,-26.6,-186.25
185,-0.06,-0.08,-0.43,63.37,-46.41,-185.98
186,0.01,-0.05,-0.39,52.86,-63.17,-190.12
187,0.06,0.01,-0.36,47.34,-71.79,-197.21
188,0.09,0.04,-0.42,27.42,-63.6,-206.37
189,0.06,0.09,-0.44,21.77,-48.87,-209.15
190,0.01,0.17,-0.49,-2.48,-37.24,-201.49
191,-0.06,0.21,-0.54,-23.79,-18.37,-198.58
192,-0.13,0.23,-0.57,-48.43,-4.35,-192.45
193,-0.25,0.26,-0.57,-71.66,-5.64,-192.9
194,-0.36,0.22,-0.53,-88.59,-17.95,-191.13
195,-0.37,0.17,-0.54,-112.03,-26.56,-193.02
196,-0.43,0.12,-0.52,-136.57,-24.66,-188.85
197,-0.5,0.05,-0.47,-160.11,-7.56,-181.96
198,-0.55,-0.02,-0.48,-183.05,3.94,-172.02
199,-0.59,-0.1,-0.44,-200.24,9.32,-163.68
200,-0.64,-0.19,-0.39,-217.01,25.69,-158.38
201,-0.77,-0.22,-0.38,-223.66,45.69,-154.29
202,-1.02,-0.29,-0.37,-246.75,43.59,-140.72
203,-1.22,-0.36,-0.29,-250.14,47.38,-123.37
204,-1.41,-0.46,-0.22,-250.14,64.74,-111.02
205,-1.57,-0.56,-0.19,-250.14,75.02,-93.81
206,-1.84,-0.66,-0.02,-250.14,67.69,-74.95
207,-2.0,-0.75,0.18,-250.14,71.89,-54.42
208,-2.0,-0.76,0.31,-250.14,88.47,-38.6
209,-2.0,-0.78,0.44,-250.14,85.32,-27.29
210,-2.0,-0.76,0.64,-250.14,51.95,-39.34
211,-2.0,-0.74,1.1,-250.14,14.27,-23.83
212,-2.0,-0.63,1.38,-250.14,-32.34,17.31
213,-2.0,-0.71,1.49,-250.14,-136.9,112.55
214,-2.0,-0.87,0.8,-250.14,-216.99,175.95
215,-2.0,-1.49,0.9,-250.14,-232.16,250.13
216,-2.0,-2.0,1.14,-250.14,-250.14,250.13
217,-2.0,-2.0,1.66,-250.14,-245.85,250.13
218,-1.95,-2.0,1.96,-250.14,-134.64,250.13
219,-0.89,-2.0,2.0,-250.14,-138.63,250.13
220,0.06,-2.0,2.0,-242.05,-234.15,250.13
221,0.5,-2.0,2.0,-168.64,-250.14,250.13
222,0.69,-2.0,2.0,-88.32,-250.14,199.54
223,1.01,-2.0,2.0,3.71,-250.14,177.72
224,1.43,-2.0,2.0,77.03,-233.6,154.93
225,1.78,-2.0,2.0,123.53,-188.27,133.56
226,1.94,-2.0,2.0,168.66,-178.09,100.22
227,1.97,-2.0,2.0,211.35,-188.21,62.51
228,1.84,-2.0,1.97,250.13,-204.56,9.34
229,1.62,-1.94,1.7,250.13,-192.73,-34.24
230,1.32,-1.72,1.37,250.13,-169.06,-44.01
231,0.98,-1.43,0.94,250.13,-130.3,-39.41
232,0.9,-1.17,0.48,250.13,-89.89,-50.54
233,0.75,-0.9,0.27,250.13,-64.68,-50.61
234,0.65,-0.68,0.16,250.13,-45.11,-57.56
235,0.6,-0.47,-0.03,250.13,-52.71,-70.05
236,0.53,-0.33,-0.14,250.13,-89.23,-89.58
237,0.46,-0.32,-0.09,250.13,-126.63,-117.63
238,0.39,-0.36,-0.09,235.45,-159.71,-141.72
239,0.36,-0.39,0.02,233.02,-175.54,-169.52
240,0.39,-0.38,-0.0,222.06,-166.69,-186.21
241,0.37,-0.34,-0.12,204.48,-160.66,-206.94
242,0.29,-0.26,-0.14,186.29,-148.5,-218.66
243,0.25,-0.23,-0.2,155.13,-132.37,-219.69
244,0.24,-0.21,-0.16,130.11,-116.18,-213.15
245,0.24,-0.17,-0.16,107.59,-100.16,-202.08
246,0.14,-0.13,-0.21,81.5,-88.77,-188.04
247,0.01,-0.12,-0.16,60.99,-82.44,-175.31
248,-0.08,-0.09,-0.15,37.92,-62.48,-158.02
249,-0.22,-0.06,-0.03,28.9,-41.5,-135.98
250,-0.24,-0.05,-0.01,20.17,-35.23,-124.0
251,-0.22,-0.04,0.05,19.82,-43.26,-116.61
252,-0.21,0.04,0.05,12.64,-66.0,-123.44
253,-0.16,0.08,0.0,8.86,-91.76,-140.26
254,-0.17,0.17,-0.1,-11.28,-116.05,-164.31
255,-0.18,0.2,-0.09,-36.68,-120.54,-179.03
256,-0.26,0.24,-0.06,-63.21,-100.8,-182.26
257,-0.36,0.26,0.05,-82.5,-81.82,-170.08
258,-0.46,0.27,0.1,-93.69,-67.09,-153.7
259,-0.55,0.29,0.17,-104.57,-54.12,-134.38
260,-0.6,0.3,0.19,-116.33,-45.34,-120.08
261,-0.54,0.29,0.25,-130.41,-27.04,-107.21
262,-0.45,0.27,0.26,-139.75,-12.69,-101.19
263,-0.49,0.27,0.36,-146.38,-16.4,-98.28
264,-0.68,0.28,0.49,-147.02,-33.94,-98.56
265,-0.82,0.25,0.66,-141.56,-46.62,-89.85
266,-0.88,0.22,0.81,-136.43,-45.25,-68.93
267,-0.74,0.12,0.94,-137.31,-33.27,-50.2
268,-0.7,0.28,0.97,-142.03,-18.03,-20.82
269,-0.56,0.22,1.08,-140.08,11.69,9.01
270,-0.53,0.16,1.23,-136.11,42.11,35.66
271,-0.42,0.05,1.41,-142.19,57.42,46.77
272,-0.31,-0.04,1.57,-133.75,68.29,50.42
273,-0.16,-0.14,1.67,-118.85,61.93,40.67
274,0.0,-0.18,1.73,-98.85,49.05,22.49
275,0.08,-0.2,1.8,-83.35,28.21,7.55
276,0.01,-0.16,1.81,-63.53,7.2,-6.29
277,0.02,-0.1,1.76,-49.73,2.3,-10.53
278,0.02,-0.06,1.7,-41.5,12.7,-2.84
279,-0.01,-0.03,1.65,-36.03,29.05,6.89
280,-0.04,0.01,1.55,-32.89,34.56,4.64
281,-0.1,0.02,1.46,-35.3,34.69,6.02
282,-0.13,0.02,1.45,-31.84,31.36,8.31
283,-0.16,0.02,1.39,-23.71,20.34,14.21
284,-0.13,0.05,1.31,-23.15,9.5,14.49
285,-0.07,0.07,1.25,-25.83,0.18,14.97
286,-0.03,0.09,1.27,-27.66,-5.31,15.06
287,-0.01,0.1,1.27,-25.31,-13.7,16.76
288,0.02,0.1,1.21,-24.87,-19.44,13.61
289,0.07,0.07,1.22,-23.26,-18.85,13.06
290,0.15,0.01,1.24,-21.4,-21.63,10.01
291,0.17,-0.04,1.29,-12.78,-32.95,13.04
292,0.22,-0.07,1.25,-3.71,-33.34,13.6
293,0.2,-0.08,1.18,1.11,-28.63,16.91
294,0.16,-0.07,1.15,2.69,-27.43,19.49
295,0.13,-0.07,1.12,3.66,-32.26,21.85
296,0.13,-0.08,1.11,1.21,-35.6,27.48
297,0.2,-0.11,1.09,-0.98,-30.29,18.5
298,0.28,-0.08,1.07,-2.37,-23.45,14.43
299,0.28,-0.11,1.08,1.1,-23.34,9.31
300,0.22,-0.11,1.05,2.53,-21.91,8.4
301,0.17,-0.1,1.05,3.74,-14.1,11.68
302,0.13,-0.11,1.04,5.63,-8.92,10.56
303,0.11,-0.1,1.05,8.15,-10.1,9.81
304,0.1,-0.08,1.03,8.25,-9.36,13.15
305,0.12,-0.05,0.98,8.95,0.01,10.27
306,0.11,-0.01,0.95,5.63,4.01,10.82
307,0.07,0.02,0.93,4.54,-3.84,10.01
308,0.07,0.04,0.93,3.31,-4.95,9.16
309,0.08,0.05,0.88,-2.64,-10.97,11.58
310,0.09,0.05,0.9,-2.22,-12.9,9.11
311,0.1,0.05,0.91,-5.97,-19.07,6.49
312,0.11,0.04,0.93,-4.62,-21.97,-0.4
313,0.09,0.03,0.93,-4.81,-24.37,-2.15
314,0.07,0.03,0.92,-6.93,-22.18,-4.85
315,0.08,0.05,0.88,-12.0,-22.68,-8.4
316,0.06,0.03,0.93,-11.53,-22.08,-7.37
317,0.07,0.02,0.97,-11.02,-18.21,-1.93
318,0.08,0.01,0.94,-9.53,-10.73,3.35
319,0.1,0.02,0.9,-11.11,-6.86,5.37
320,0.12,0.01,0.91,-11.51,-3.05,6.22
321,0.1,0.02,0.9,-10.07,-4.16,6.39
322,0.1,0.02,0.91,-11.47,-3.89,7.43
323,0.11,0.03,0.91,-13.22,-1.31,9.66
324,0.1,0.01,0.9,-16.02,-3.82,8.82
325,0.11,-0.01,0.97,-16.27,-8.45,5.77
326,0.11,-0.02,0.97,-14.98,1.16,7.27
327,0.1,-0.02,0.95,-15.56,-0.66,6.1
328,0.11,-0.03,0.97,-15.53,-3.47,3.83
329,0.11,-0.03,1.0,-16.55,1.13,3.86
330,0.11,-0.03,1.02,-15.08,-0.56,4.99
331,0.11,-0.05,1.02,-12.24,-4.21,3.79
332,0.13,-0.03,1.02,-14.32,-4.99,-3.21
333,0.16,-0.04,1.02,-12.03,-1.59,-4.59
334,0.15,-0.04,1.04,-10.34,-1.57,-7.21
335,0.13,-0.03,1.02,-9.28,-2.03,-11.21
336,0.13,-0.02,1.02,-9.58,-6.49,-14.3
337,0.12,-0.03,1.03,-8.96,-10.82,-16.32
338,0.09,-0.04,1.05,-7.15,-17.05,-17.66
339,0.07,-0.05,1.05,-5.74,-21.24,-18.78
340,0.09,-0.06,1.06,-2.73,-19.95,-15.85
341,0.1,-0.07,1.07,1.09,-15.05,-10.38
342,0.09,-0.06,1.03,4.15,-11.73,-7.47
343,0.09,-0.06,1.01,4.22,-9.09,-5.27
344,0.1,-0.04,0.99,3.02,-4.88,-2.76
345,0.11,-0.04,0.97,0.56,-3.42,-2.22
346,0.1,-0.04,0.97,-1.31,-3.95,0.37
347,0.09,-0.04,0.98,-2.04,0.43,1.98
348,0.11,-0.03,0.98,-4.52,2.87,2.87
349,0.13,-0.05,0.98,-4.63,-2.4,-0.27
350,0.14,-0.05,0.99,-3.89,-6.06,-3.05
351,0.14,-0.05,0.99,-2.8,-8.08,-4.35
352,0.14,-0.05,0.99,-3.82,-7.6,-4.31
353,0.13,-0.04,0.97,-3.85,-7.24,-3.72
354,0.14,-0.04,0.99,-3.02,-8.3,-1.61
355,0.14,-0.03,0.98,-3.37,-6.06,0.6
356,0.14,-0.04,0.98,-4.27,-5.09,0.71
357,0.15,-0.04,0.99,-4.52,-2.8,1.57
358,0.15,-0.05,0.99,-4.08,2.01,3.57
359,0.15,-0.05,0.99,-3.59,2.73,3.85
360,0.16,-0.04,0.97,-3.89,2.27,1.01
361,0.13,-0.04,0.96,-5.47,-4.66,-2.74
362,0.14,-0.04,0.98,-6.13,-9.26,-5.38
363,0.15,-0.06,1.0,-5.56,-6.19,-6.83
364,0.16,-0.05,0.97,-5.6,-5.95,-5.8
365,0.14,-0.04,0.98,-5.82,-6.34,-6.87
366,0.14,-0.05,0.98,-6.31,-8.41,-8.12
367,0.13,-0.06,0.99,-7.14,-9.09,-8.24
368,0.14,-0.06,1.0,-6.26,-4.2,-7.39
369,0.16,-0.06,0.97,-6.21,-5.88,-5.27
370,0.15,-0.06,0.99,-7.33,-4.15,-4.37
371,0.14,-0.06,0.99,-7.5,-3.05,-3.08
372,0.16,-0.06,1.0,-7.29,-1.77,-3.15
373,0.14,-0.05,0.98,-7.73,-2.53,-3.83
374,0.13,-0.06,0.98,-8.71,-3.44,-4.92
375,0.13,-0.06,0.99,-9.05,-1.37,-3.31
376,0.14,-0.06,1.0,-8.11,0.56,-2.63
377,0.14,-0.06,1.01,-7.67,-2.58,-3.08
378,0.15,-0.07,1.01,-6.92,-3.47,-3.27
379,0.17,-0.07,1.0,-5.47,-4.14,-5.89
380,0.18,-0.06,1.0,-4.97,-7.92,-9.61
381,0.17,-0.06,1.01,-4.74,-7.98,-10.71
382,0.17,-0.06,1.0,-4.5,-5.06,-8.34
383,0.17,-0.06,0.98,-3.98,-4.48,-6.38
384,0.15,-0.06,1.0,-4.41,-5.34,-6.81
385,0.16,-0.05,0.98,-4.98,-4.02,-4.53
386,0.15,-0.05,0.98,-5.3,-3.76,-4.79
387,0.14,-0.06,1.0,-4.69,-2.72,-5.6
388,0.17,-0.06,1.0,-3.66,-5.0,-4.5
389,0.16,-0.08,1.0,-1.34,-3.04,-4.27
390,0.16,-0.07,0.97,-1.44,-2.4,-3.76
391,0.15,-0.06,0.98,-2.04,-3.0,-3.95
392,0.15,-0.05,0.96,-2.32,-4.73,-6.46
393,0.15,-0.04,0.95,-4.21,-5.31,-6.6
394,0.13,-0.05,0.96,-5.36,-5.5,-6.63
395,0.13,-0.05,0.97,-5.77,-7.12,-6.11
396,0.13,-0.05,0.95,-6.26,-7.85,-1.98
397,0.14,-0.06,0.95,-7.83,-7.43,-3.51
398,0.13,-0.05,0.96,-11.55,-6.47,2.17
399,0.14,-0.09,0.98,-12.15,-4.89,2.79
