,accel_x,accel_y,accel_z,gyro_x,gyro_y,gyro_z
0,0.15,-0.13,1.0,-2.63,-0.02,-4.76
1,0.14,-0.13,0.99,-2.63,-0.06,-4.37
2,0.13,-0.13,0.99,-2.93,0.61,-3.83
3,0.13,-0.13,0.98,-2.82,-0.18,-3.89
4,0.13,-0.12,0.99,-2.98,-1.27,-3.8
5,0.13,-0.12,0.98,-3.06,-2.22,-3.69
6,0.13,-0.12,0.98,-3.12,-2.42,-2.87
7,0.14,-0.12,0.98,-3.59,-2.4,-1.71
8,0.14,-0.12,0.98,-4.11,-2.76,-2.04
9,0.13,-0.13,0.99,-4.47,-2.95,-1.57
10,0.13,-0.13,0.99,-4.86,-3.31,-0.73
11,0.15,-0.13,0.99,-5.11,-3.86,-0.77
12,0.18,-0.13,1.0,-4.34,-3.76,-1.37
13,0.19,-0.14,1.02,-3.76,-3.08,-2.61
14,0.18,-0.14,1.01,-2.44,-2.24,-3.31
15,0.18,-0.14,1.01,-1.02,-2.03,-4.36
16,0.17,-0.13,1.0,-0.04,-2.35,-5.27
17,0.17,-0.12,0.99,0.06,-2.0,-6.82
18,0.2,-0.12,0.97,-0.96,-1.24,-8.27
19,0.18,-0.12,0.98,-1.44,-0.47,-8.0
20,0.14,-0.12,0.98,-1.62,-1.64,-6.54
21,0.14,-0.11,0.97,-1.27,-2.2,-5.8
22,0.15,-0.11,0.97,-1.31,-2.97,-4.57
23,0.14,-0.12,0.98,-2.14,-1.85,-3.74
24,0.15,-0.12,0.98,-2.5,-1.58,-1.79
25,0.17,-0.12,0.97,-3.01,-1.99,-2.23
26,0.19,-0.12,0.97,-3.12,-3.23,-4.18
27,0.17,-0.14,0.99,-3.27,-2.5,-4.4
28,0.17,-0.13,0.98,-1.82,-1.42,-3.75
29,0.15,-0.14,0.97,-0.87,-2.05,-3.29
30,0.15,-0.12,0.95,-1.62,-1.94,-1.96
31,0.14,-0.12,0.95,-2.46,-2.05,-1.1
32,0.15,-0.12,0.96,-3.18,-2.71,-1.09
33,0.18,-0.12,0.96,-3.74,-2.18,-1.13
34,0.19,-0.12,0.98,-3.34,-1.85,-2.05
35,0.19,-0.12,0.97,-2.72,-1.64,-3.05
36,0.19,-0.12,0.97,-2.34,-0.85,-3.52
37,0.18,-0.11,0.97,-2.39,-0.79,-4.29
38,0.16,-0.12,0.97,-2.94,-0.31,-4.01
39,0.15,-0.11,0.97,-2.5,-0.52,-3.73
40,0.14,-0.11,0.96,-3.54,-1.05,-3.64
41,0.14,-0.12,0.97,-4.44,-1.24,-3.82
42,0.14,-0.12,0.98,-4.31,-1.6,-3.48
43,0.15,-0.12,0.96,-4.5,-2.13,-3.21
44,0.15,-0.12,0.97,-4.81,-2.49,-3.44
45,0.15,-0.12,0.98,-4.73,-2.89,-3.87
46,0.17,-0.12,0.98,-4.37,-2.2,-2.84
47,0.17,-0.12,0.99,-4.29,-2.36,-3.85
48,0.18,-0.13,0.99,-3.59,-2.6,-3.88
49,0.17,-0.13,0.99,-2.89,-2.01,-3.95
50,0.17,-0.12,0.97,-2.92,-1.05,-3.56
51,0.19,-0.13,0.96,-3.34,0.95,-4.7
52,0.17,-0.13,0.99,-3.44,1.14,-4.87
53,0.17,-0.14,0.99,-2.16,0.08,-3.89
54,0.16,-0.13,0.98,-1.76,0.4,-3.87
55,0.15,-0.13,0.98,-1.67,-0.3,-3.93
56,0.14,-0.12,0.96,-1.27,-0.84,-3.48
57,0.15,-0.12,0.95,-2.47,-0.76,-3.3
58,0.14,-0.12,0.95,-3.04,-0.88,-3.2
59,0.15,-0.11,0.96,-3.5,-0.99,-2.53
60,0.14,-0.13,0.97,-3.39,-1.74,-2.37
61,0.15,-0.13,0.97,-3.36,-1.98,-2.5
62,0.15,-0.12,0.97,-3.73,-2.01,-2.69
63,0.14,-0.12,0.97,-3.68,-2.21,-2.44
64,0.15,-0.12,0.97,-4.2,-2.0,-2.24
65,0.15,-0.12,0.97,-4.25,-1.45,-2.93
66,0.16,-0.13,0.98,-3.82,-1.63,-3.76
67,0.15,-0.12,0.98,-3.3,-1.79,-3.48
68,0.14,-0.13,0.98,-2.68,-2.37,-2.42
69,0.15,-0.13,0.97,-3.09,-2.11,-1.98
70,0.17,-0.12,0.97,-3.89,-1.73,-1.99
71,0.19,-0.12,0.97,-4.39,-2.07,-1.03
72,0.16,-0.12,0.99,-3.29,-0.91,-2.15
73,0.19,-0.13,0.97,-2.86,-1.02,-2.87
74,0.17,-0.12,0.97,-2.97,-1.56,-2.96
75,0.18,-0.11,0.98,-3.18,-2.21,-2.89
76,0.18,-0.12,0.99,-3.23,-0.26,-2.44
77,0.17,-0.12,0.98,-3.11,-0.18,-2.34
78,0.18,-0.11,0.97,-3.82,0.15,-3.15
79,0.16,-0.12,0.97,-3.95,-0.96,-3.24
80,0.16,-0.12,0.98,-3.95,-1.1,-2.95
81,0.17,-0.13,0.98,-4.3,-0.94,-2.84
82,0.17,-0.13,0.98,-4.32,-1.11,-2.53
83,0.17,-0.14,0.99,-3.68,-2.1,-2.84
84,0.16,-0.15,0.99,-2.96,-2.27,-2.6
85,0.17,-0.15,0.99,-2.19,-1.96,-2.53
86,0.17,-0.14,0.98,-1.37,-1.92,-1.65
87,0.18,-0.14,0.98,-1.63,-2.36,-2.83
88,0.18,-0.14,0.99,-0.27,-3.74,-3.66
89,0.2,-0.13,0.98,-0.16,-2.73,-3.23
90,0.18,-0.12,0.98,-0.46,-2.24,-3.65
91,0.19,-0.11,0.96,-0.54,-1.52,-3.48
92,0.2,-0.11,0.96,-1.64,-0.45,-4.0
93,0.19,-0.11,0.95,-2.51,-0.26,-4.48
94,0.18,-0.11,0.96,-2.27,-0.53,-4.6
95,0.17,-0.11,0.94,-2.49,-2.07,-5.88
96,0.18,-0.11,0.94,-2.33,-2.32,-6.15
97,0.16,-0.1,0.94,-3.12,-1.69,-5.45
98,0.15,-0.1,0.94,-4.06,-1.39,-4.77
99,0.16,-0.09,0.93,-5.45,-1.93,-4.91
100,0.16,-0.09,0.93,-6.66,-2.97,-4.96
101,0.16,-0.12,0.94,-7.61,-4.14,-3.67
102,0.15,-0.13,0.98,-7.34,-4.56,-3.37
103,0.17,-0.14,0.98,-6.84,-3.71,-3.21
104,0.18,-0.14,0.98,-6.63,-3.76,-3.4
105,0.19,-0.14,1.0,-6.19,-2.92,-4.07
106,0.19,-0.14,0.99,-5.24,-2.62,-4.49
107,0.2,-0.14,0.98,-4.66,-1.4,-4.83
108,0.18,-0.14,0.99,-4.1,-0.6,-5.05
109,0.17,-0.14,0.98,-4.36,-0.43,-5.57
110,0.16,-0.13,0.97,-3.79,-1.23,-6.23
111,0.15,-0.14,0.97,-3.79,-1.79,-5.95
112,0.13,-0.14,0.98,-4.55,-1.31,-4.55
113,0.14,-0.14,0.98,-4.68,0.23,-2.61
114,0.14,-0.14,0.96,-5.0,0.53,-2.28
115,0.14,-0.13,0.96,-5.15,-0.19,-2.44
116,0.14,-0.14,0.97,-5.05,-1.36,-2.06
117,0.14,-0.13,0.96,-4.61,-1.87,-1.37
118,0.15,-0.12,0.97,-4.89,-1.63,-0.76
119,0.16,-0.12,0.97,-5.56,-1.49,-0.11
120,0.16,-0.13,0.97,-5.79,-1.53,-0.42
121,0.17,-0.12,0.98,-5.64,-2.12,-1.2
122,0.18,-0.12,0.98,-5.44,-2.34,-1.51
123,0.19,-0.14,0.98,-5.21,-2.03,-1.34
124,0.19,-0.15,0.98,-4.18,-1.6,-2.04
125,0.2,-0.14,0.98,-3.63,-0.79,-2.11
126,0.19,-0.15,0.96,-3.51,0.28,-2.11
127,0.18,-0.15,0.96,-3.37,-0.27,-1.78
128,0.18,-0.15,0.95,-3.21,-0.81,-1.57
129,0.19,-0.14,0.96,-3.4,-0.92,-1.68
130,0.21,-0.13,0.94,-3.21,-0.98,-0.79
131,0.22,-0.12,0.94,-3.17,-1.08,-0.76
132,0.23,-0.11,0.92,-3.85,-1.92,-1.36
133,0.25,-0.09,0.9,-4.51,-2.83,-3.19
134,0.26,-0.07,0.89,-5.97,-3.82,-4.89
135,0.27,-0.03,0.88,-8.98,-3.34,-6.7
136,0.26,0.02,0.88,-12.17,-3.08,-8.82
137,0.21,0.04,0.87,-16.73,-3.17,-9.72
138,0.16,0.05,0.88,-21.92,-3.31,-9.4
139,0.1,0.05,0.91,-27.81,-2.6,-9.17
140,0.02,0.04,0.94,-33.29,-2.06,-9.36
141,-0.09,0.01,1.02,-38.89,-3.45,-9.47
142,-0.24,0.03,1.11,-44.82,-7.9,-7.72
143,-0.4,-0.0,1.24,-51.53,-15.02,-1.48
144,-0.44,-0.1,1.41,-59.02,-15.37,1.12
145,-0.47,-0.17,1.66,-75.63,-10.05,12.22
146,-0.61,-0.49,2.0,-57.34,-47.66,20.92
147,-0.35,-0.67,2.0,-31.92,-76.49,37.29
148,0.21,-0.87,2.0,-14.14,-88.37,41.35
149,0.76,-1.04,2.0,19.79,-85.33,25.37
150,1.3,-1.15,2.0,68.24,-56.61,-13.89
151,1.32,-1.22,2.0,98.31,-41.16,-17.13
152,1.39,-1.22,2.0,127.29,-12.96,-14.9
153,1.3,-1.16,2.0,159.79,7.42,-17.99
154,1.22,-1.01,1.82,183.62,28.47,-15.21
155,1.19,-0.84,1.39,188.6,59.05,-15.17
156,1.02,-0.78,1.02,189.23,77.59,-9.44
157,0.94,-0.59,0.66,185.29,94.95,-8.52
158,0.78,-0.49,0.36,182.95,91.21,-18.34
159,0.66,-0.35,0.1,177.05,79.79,-28.79
160,0.59,-0.18,-0.15,167.19,57.2,-47.68
161,0.53,-0.08,-0.29,156.67,32.47,-72.37
162,0.6,-0.02,-0.34,140.22,14.41,-88.15
163,0.62,0.03,-0.36,122.31,15.37,-90.89
164,0.65,0.06,-0.4,102.22,22.96,-93.86
165,0.57,0.11,-0.4,84.14,29.18,-93.94
166,0.49,0.15,-0.37,64.63,25.34,-93.74
167,0.53,0.16,-0.31,47.11,21.35,-99.78
168,0.58,0.18,-0.21,38.28,24.98,-115.76
169,0.58,0.14,-0.08,23.28,27.86,-118.48
170,0.56,0.11,0.05,20.16,33.0,-116.34
171,0.46,0.09,0.13,20.56,37.63,-120.82
172,0.4,0.14,0.15,21.1,44.22,-118.05
173,0.31,0.18,0.13,22.87,49.36,-116.06
174,0.14,0.22,0.08,20.69,52.81,-110.47
175,0.0,0.24,0.06,13.68,52.85,-104.53
176,-0.1,0.25,0.07,3.72,56.67,-96.1
177,-0.21,0.24,0.08,-3.63,55.51,-87.04
178,-0.31,0.23,0.08,-12.11,52.98,-82.13
179,-0.36,0.24,0.08,-23.39,46.72,-79.14
180,-0.42,0.27,0.1,-31.2,37.56,-79.81
181,-0.45,0.28,0.08,-41.77,27.34,-83.47
182,-0.48,0.25,0.1,-54.67,24.11,-83.18
183,-0.53,0.21,0.18,-65.91,25.03,-78.27
184,-0.56,0.17,0.24,-74.2,28.31,-70.4
185,-0.61,0.16,0.26,-83.56,29.83,-63.69
186,-0.67,0.16,0.3,-96.29,26.86,-55.92
187,-0.66,0.17,0.37,-107.63,25.71,-47.85
188,-0.62,0.15,0.41,-119.08,29.34,-42.37
189,-0.58,0.12,0.45,-132.53,37.59,-36.76
190,-0.58,0.05,0.52,-144.37,46.83,-31.79
191,-0.62,-0.0,0.57,-151.27,51.0,-29.03
192,-0.67,-0.04,0.65,-156.53,49.31,-25.73
193,-0.75,-0.1,0.74,-155.61,39.92,-26.89
194,-0.84,-0.12,0.78,-154.41,30.89,-28.08
195,-0.98,-0.15,0.78,-149.06,20.88,-26.29
196,-1.16,-0.19,0.77,-144.66,2.47,-20.76
197,-1.23,-0.17,0.74,-150.04,-13.5,-6.57
198,-1.12,-0.17,0.72,-164.69,-21.2,12.68
199,-1.0,-0.25,0.81,-180.11,-26.44,27.21
200,-0.86,-0.39,0.98,-189.51,-28.09,38.96
201,-0.71,-0.54,1.13,-190.31,-24.11,48.66
202,-0.59,-0.66,1.27,-184.37,-14.53,52.11
203,-0.47,-0.84,1.07,-160.47,17.7,33.46
204,-0.75,-0.78,1.47,-159.37,11.63,39.2
205,-0.93,-0.82,1.51,-130.6,-29.61,43.72
206,-0.92,-0.74,1.43,-111.73,-54.76,49.29
207,-0.86,-0.69,1.34,-109.12,-68.02,55.82
208,-0.8,-0.65,1.36,-113.72,-74.9,69.98
209,-0.65,-0.68,1.43,-115.31,-76.35,85.37
210,-0.47,-0.7,1.46,-116.04,-71.17,96.97
211,-0.3,-0.73,1.51,-111.99,-62.7,101.08
212,-0.18,-0.76,1.56,-100.73,-55.15,100.43
213,-0.19,-0.77,1.58,-86.89,-50.69,96.46
214,-0.21,-0.77,1.58,-74.0,-50.67,90.53
215,-0.26,-0.77,1.56,-58.66,-58.08,87.76
216,-0.27,-0.76,1.51,-46.76,-66.68,87.22
217,-0.24,-0.76,1.47,-43.0,-76.0,87.26
218,-0.15,-0.79,1.47,-40.22,-83.01,90.83
219,-0.06,-0.84,1.51,-37.1,-87.68,92.73
220,0.08,-0.89,1.55,-31.23,-82.95,96.2
221,0.18,-0.92,1.59,-22.76,-75.86,95.14
222,0.24,-0.93,1.6,-11.32,-71.27,87.49
223,0.36,-0.93,1.56,2.41,-66.75,79.48
224,0.36,-0.92,1.57,15.49,-69.38,72.02
225,0.41,-0.93,1.56,28.69,-71.26,57.78
226,0.46,-0.95,1.57,45.89,-65.82,49.57
227,0.48,-0.93,1.5,62.91,-59.7,47.23
228,0.5,-0.88,1.4,73.18,-50.62,42.79
229,0.49,-0.86,1.35,83.58,-42.26,37.82
230,0.49,-0.84,1.31,96.38,-34.65,33.85
231,0.48,-0.81,1.26,108.44,-24.41,28.52
232,0.46,-0.75,1.17,118.47,-13.2,22.98
233,0.39,-0.69,1.07,126.35,-5.7,18.29
234,0.33,-0.62,0.99,131.76,-0.95,13.88
235,0.28,-0.56,0.88,135.75,2.86,11.0
236,0.24,-0.49,0.8,137.76,3.66,8.06
237,0.21,-0.38,0.72,134.92,2.3,4.71
238,0.18,-0.3,0.65,129.33,-0.56,2.11
239,0.13,-0.26,0.53,119.48,-3.93,6.98
240,0.13,-0.15,0.52,111.29,-5.36,0.31
241,0.11,-0.09,0.49,102.92,-8.02,-1.83
242,0.07,-0.03,0.44,93.02,-11.69,-1.78
243,0.05,0.02,0.42,80.64,-16.15,-3.39
244,0.07,0.07,0.39,68.76,-19.6,-7.23
245,0.05,0.11,0.37,54.21,-23.16,-7.62
246,0.05,0.13,0.38,39.95,-25.82,-7.4
247,0.05,0.14,0.41,27.02,-25.11,-4.93
248,0.06,0.14,0.42,14.85,-21.0,-2.06
249,0.04,0.11,0.43,2.81,-19.44,-2.68
250,0.0,0.08,0.48,-7.44,-21.0,-2.63
251,0.02,0.03,0.53,-13.77,-21.57,-2.02
252,0.0,-0.01,0.6,-17.99,-25.11,-3.81
253,0.02,-0.06,0.68,-16.28,-27.61,-5.05
254,0.03,-0.08,0.73,-13.2,-27.72,-6.36
255,0.03,-0.09,0.76,-10.4,-27.72,-7.43
256,0.04,-0.08,0.77,-8.44,-25.95,-7.44
257,0.06,-0.08,0.8,-8.98,-22.65,-9.51
258,0.08,-0.07,0.81,-9.38,-18.22,-9.09
259,0.09,-0.07,0.83,-10.63,-14.67,-8.15
260,0.1,-0.07,0.87,-12.11,-10.02,-8.11
261,0.11,-0.08,0.88,-13.15,-6.27,-8.68
262,0.13,-0.08,0.91,-15.23,-1.72,-10.82
263,0.11,-0.1,0.95,-14.44,1.63,-13.08
264,0.08,-0.12,1.0,-11.14,1.72,-14.01
265,0.07,-0.12,1.0,-8.05,2.44,-13.88
266,0.07,-0.12,1.0,-6.89,4.53,-14.79
267,0.02,-0.11,1.02,-6.95,4.32,-14.56
268,0.0,-0.11,1.01,-6.11,0.99,-13.43
269,0.0,-0.11,1.02,-6.41,-2.02,-13.33
270,0.01,-0.1,1.01,-7.73,-3.4,-12.73
271,0.01,-0.11,1.02,-8.6,-3.56,-11.47
272,0.02,-0.13,1.03,-8.86,-3.63,-10.89
273,0.04,-0.12,1.04,-9.04,-3.02,-10.18
274,0.04,-0.12,1.03,-8.58,-1.4,-9.49
275,0.03,-0.13,1.03,-8.01,0.11,-8.5
276,0.03,-0.12,1.01,-9.12,2.53,-6.25
277,0.02,-0.12,1.01,-9.99,4.73,-5.08
278,0.03,-0.13,1.03,-9.81,4.75,-6.02
279,0.03,-0.15,1.04,-8.69,4.32,-8.11
280,0.02,-0.17,1.05,-6.11,3.3,-8.92
281,0.02,-0.18,1.04,-2.47,0.4,-8.96
282,0.04,-0.16,1.01,-2.77,3.07,-9.43
283,0.03,-0.16,0.99,-4.74,6.09,-10.81
284,-0.03,-0.16,1.01,-3.66,1.95,-10.87
285,-0.02,-0.15,1.0,-2.79,-2.18,-8.6
286,-0.01,-0.15,0.98,-2.95,-3.18,-5.99
287,-0.0,-0.14,0.97,-4.56,-2.82,-4.1
288,0.0,-0.15,0.98,-5.24,-2.03,-0.95
289,0.02,-0.14,0.98,-5.56,-1.87,1.58
290,0.05,-0.13,0.97,-5.48,-3.15,1.0
291,0.07,-0.13,0.98,-5.05,-3.7,-1.19
292,0.09,-0.14,0.98,-4.3,-4.4,-4.51
293,0.09,-0.13,0.98,-3.12,-4.87,-7.11
294,0.08,-0.14,0.98,-1.88,-5.5,-8.84
295,0.07,-0.13,0.98,-1.6,-5.72,-10.19
296,0.08,-0.15,0.97,-0.73,-6.19,-10.79
297,0.06,-0.15,0.98,0.05,-5.69,-11.31
298,0.05,-0.14,0.98,0.15,-3.16,-9.03
299,0.05,-0.13,0.97,0.17,-1.32,-7.33
300,0.06,-0.12,0.95,-3.36,2.42,-5.27
301,0.07,-0.11,0.96,-5.32,6.24,-4.05
302,0.05,-0.12,0.98,-4.49,6.87,-4.47
303,0.05,-0.12,0.97,-4.2,7.92,-5.03
304,0.03,-0.12,0.97,-3.47,5.86,-5.85
305,0.02,-0.1,0.95,-2.9,1.4,-6.74
306,0.03,-0.09,0.95,-3.54,-3.27,-8.68
307,0.03,-0.06,0.94,-4.54,-7.84,-9.47
308,0.06,-0.07,0.95,-5.95,-10.35,-10.4
309,0.09,-0.07,0.97,-6.71,-9.93,-11.11
310,0.09,-0.08,0.97,-8.53,-7.31,-9.54
311,0.1,-0.1,0.99,-9.86,-3.84,-7.6
312,0.1,-0.11,0.99,-10.37,-1.64,-6.47
313,0.11,-0.12,0.99,-10.3,-2.33,-8.0
314,0.1,-0.14,1.01,-10.2,-3.42,-10.03
315,0.1,-0.17,1.02,-8.93,-4.0,-10.5
316,0.09,-0.18,1.01,-6.46,-4.6,-10.98
317,0.08,-0.18,1.01,-6.44,-1.68,-11.79
318,0.05,-0.19,1.01,-5.53,-1.44,-11.34
319,0.02,-0.18,0.99,-3.29,-3.66,-11.34
320,0.02,-0.17,0.98,-3.11,-4.92,-11.28
321,0.0,-0.17,0.98,-4.19,-5.62,-11.34
322,-0.0,-0.16,0.98,-4.13,-7.17,-11.35
323,0.01,-0.16,0.99,-4.56,-6.65,-10.05
324,0.0,-0.16,1.0,-5.26,-4.75,-7.92
325,0.0,-0.16,0.99,-5.31,-4.18,-5.79
326,0.01,-0.16,1.0,-5.51,-4.36,-4.33
327,0.03,-0.16,1.01,-4.61,-3.82,-4.12
328,0.04,-0.15,1.0,-3.52,-3.98,-4.6
329,0.05,-0.14,1.0,-2.99,-4.45,-4.79
330,0.06,-0.15,1.0,-2.27,-4.03,-5.57
331,0.04,-0.14,1.0,-1.53,-4.13,-5.24
332,0.04,-0.13,1.0,-2.34,-3.42,-6.22
333,0.06,-0.13,0.99,-2.75,-4.67,-4.98
334,0.07,-0.13,0.99,-2.38,-5.16,-4.78
335,0.09,-0.14,1.01,-2.45,-3.22,-4.72
336,0.1,-0.14,1.01,-1.94,-1.25,-4.66
337,0.1,-0.13,0.99,-1.47,0.37,-4.15
338,0.08,-0.13,0.99,-1.25,0.91,-5.15
339,0.05,-0.15,1.0,-0.49,0.35,-5.73
340,0.02,-0.15,0.99,-0.36,-0.65,-4.89
341,0.02,-0.15,0.98,-0.15,-0.98,-3.73
342,0.01,-0.15,0.97,-0.53,-1.85,-2.71
343,0.01,-0.15,0.96,-1.53,-3.31,-2.31
344,0.04,-0.14,0.97,-2.33,-3.79,-1.85
345,0.06,-0.16,0.99,-1.92,-3.21,-2.3
346,0.06,-0.16,0.99,-1.23,-3.06,-2.32
347,0.06,-0.15,0.98,-0.46,-2.47,-2.75
348,0.06,-0.14,0.97,-0.24,-3.15,-3.82
349,0.08,-0.14,0.98,-0.02,-3.18,-4.69
350,0.05,-0.13,0.97,-0.15,-3.23,-5.35
351,0.04,-0.12,0.96,-0.53,-4.76,-5.31
352,0.05,-0.11,0.96,-2.47,-5.4,-3.68
353,0.06,-0.12,0.97,-3.85,-4.74,-2.15
354,0.08,-0.13,0.97,-4.32,-3.84,-0.55
355,0.09,-0.14,0.98,-3.54,-3.95,-0.77
356,0.1,-0.15,0.99,-2.68,-3.27,-1.33
357,0.1,-0.14,0.99,-1.88,-2.76,-2.01
358,0.1,-0.14,0.97,-1.6,-2.6,-2.57
359,0.1,-0.14,0.97,-1.43,-1.98,-4.19
360,0.08,-0.14,0.96,-1.1,-1.11,-4.2
361,0.06,-0.13,0.95,-1.43,-1.15,-3.43
362,0.05,-0.13,0.93,-2.36,-1.79,-3.68
363,0.05,-0.12,0.94,-3.25,-2.41,-3.5
364,0.04,-0.12,0.94,-4.32,-2.73,-2.59
365,0.05,-0.11,0.94,-6.18,-3.31,-2.27
366,0.06,-0.12,0.95,-6.96,-3.4,-2.53
367,0.06,-0.12,0.97,-6.72,-3.97,-2.39
368,0.07,-0.13,0.97,-6.75,-4.04,-2.52
369,0.1,-0.14,0.97,-6.0,-3.3,-3.28
370,0.08,-0.15,0.99,-5.44,-3.04,-4.31
371,0.07,-0.14,0.99,-5.29,-3.34,-3.95
372,0.08,-0.15,0.99,-4.85,-3.5,-4.11
373,0.09,-0.14,0.99,-4.89,-3.05,-4.79
374,0.09,-0.14,0.98,-4.95,-2.49,-5.09
375,0.07,-0.14,0.99,-5.3,-2.72,-4.73
376,0.08,-0.15,0.99,-5.01,-3.23,-4.19
377,0.08,-0.15,0.99,-4.67,-3.31,-3.79
378,0.08,-0.16,0.99,-4.43,-3.56,-3.08
379,0.08,-0.16,0.99,-3.05,-3.76,-2.9
380,0.07,-0.16,0.99,-3.13,-4.42,-2.61
381,0.08,-0.16,0.98,-4.29,-3.87,-2.15
382,0.08,-0.16,0.99,-4.69,-3.98,-1.15
383,0.11,-0.16,1.0,-4.91,-2.65,-0.67
384,0.11,-0.17,1.01,-4.38,-1.07,-1.27
385,0.1,-0.16,1.0,-3.25,-1.68,-1.89
386,0.11,-0.16,1.0,-2.42,-1.64,-2.57
387,0.09,-0.15,0.98,-2.35,-1.79,-3.16
388,0.08,-0.15,0.98,-2.7,-1.5,-3.22
389,0.08,-0.14,0.99,-3.56,-2.56,-3.56
390,0.09,-0.14,0.99,-3.5,-3.71,-3.93
391,0.09,-0.14,1.0,-2.87,-3.46,-4.29
392,0.09,-0.14,0.98,-2.77,-3.18,-4.18
393,0.1,-0.14,0.97,-2.65,-3.11,-3.94
394,0.08,-0.15,0.98,-2.63,-3.18,-4.44
395,0.07,-0.15,0.98,-2.49,-2.82,-3.89
396,0.07,-0.15,0.96,-2.56,-3.42,-3.62
397,0.08,-0.15,0.97,-2.83,-4.49,-4.84
398,0.07,-0.15,0.97,-2.48,-5.98,-5.53
399,0.07,-0.15,0.97,-2.76,-5.34,-4.92
400,0.06,-0.14,0.96,-3.19,-4.86,-3.95
