,accel_x,accel_y,accel_z,gyro_x,gyro_y,gyro_z
0,0.16,0.0,0.99,-0.66,-1.67,-5.19
1,0.17,0.01,0.99,-1.2,-0.93,-5.92
2,0.17,0.0,0.99,-1.34,0.79,-4.46
3,0.15,-0.0,0.98,-1.19,1.07,-3.6
4,0.14,0.01,0.97,-1.05,0.27,-3.9
5,0.14,0.02,0.96,-2.34,-0.9,-4.12
6,0.15,0.01,0.96,-2.95,-2.74,-4.87
7,0.16,0.01,0.97,-2.86,-3.04,-4.68
8,0.17,0.02,0.97,-3.46,-2.06,-4.11
9,0.17,0.01,0.97,-3.88,-0.47,-2.87
10,0.15,0.0,0.97,-4.05,-1.54,-3.66
11,0.15,-0.01,0.98,-3.4,-2.98,-4.63
12,0.15,0.01,0.98,-3.51,-3.69,-5.12
13,0.15,-0.0,0.97,-3.93,-3.79,-4.72
14,0.15,-0.01,0.98,-3.93,-4.02,-4.53
15,0.15,-0.02,0.99,-3.53,-5.0,-4.52
16,0.15,-0.02,0.98,-3.15,-5.31,-5.15
17,0.17,-0.01,0.99,-3.38,-3.89,-4.41
18,0.17,-0.01,0.99,-3.71,-2.79,-3.41
19,0.16,-0.02,1.0,-3.25,-3.52,-4.14
20,0.17,-0.01,1.0,-2.44,-4.02,-5.11
21,0.18,-0.0,1.0,-2.38,-2.4,-4.2
22,0.17,-0.01,0.99,-2.42,-1.16,-2.5
23,0.16,-0.02,0.99,-2.08,-1.79,-3.42
24,0.16,-0.01,0.97,-2.03,-1.5,-3.06
25,0.16,-0.0,0.98,-2.48,-1.41,-2.92
26,0.16,0.0,0.97,-2.47,-3.27,-4.4
27,0.18,0.01,0.97,-3.02,-3.74,-5.3
28,0.18,0.01,0.98,-2.66,-2.55,-4.61
29,0.18,0.0,0.98,-2.35,-2.69,-4.08
30,0.19,0.02,0.97,-3.15,-1.95,-4.24
31,0.18,0.0,0.97,-3.33,-1.21,-3.83
32,0.16,0.01,0.98,-3.59,-1.37,-4.52
33,0.16,0.0,0.98,-3.94,-1.62,-5.65
34,0.16,-0.0,0.98,-3.5,-1.63,-5.05
35,0.15,-0.0,0.98,-3.6,-1.12,-3.49
36,0.14,-0.01,0.98,-3.85,-2.13,-3.03
37,0.15,-0.01,0.99,-4.08,-3.69,-4.04
38,0.17,-0.03,0.97,-3.7,-4.24,-4.34
39,0.17,-0.02,0.98,-3.55,-4.29,-3.43
40,0.18,-0.02,0.99,-3.59,-4.03,-2.92
41,0.17,-0.02,1.0,-2.65,-4.24,-4.7
42,0.19,-0.01,1.0,-2.65,-3.21,-4.56
43,0.2,-0.01,1.0,-2.44,-0.53,-2.64
44,0.18,-0.0,1.0,-2.0,0.09,-2.47
45,0.18,-0.0,0.98,-1.63,0.9,-1.69
46,0.15,-0.0,0.98,-1.58,-0.64,-2.92
47,0.16,-0.0,0.98,-1.73,-1.95,-3.99
48,0.17,-0.01,0.98,-1.76,-1.82,-3.69
49,0.17,-0.01,0.98,-2.01,-2.16,-3.74
50,0.18,0.0,0.98,-2.09,-2.6,-4.48
51,0.18,0.0,0.98,-2.24,-0.76,-3.09
52,0.17,-0.0,0.97,-2.13,0.02,-2.91
53,0.17,0.0,0.97,-2.3,-0.39,-3.73
54,0.17,0.02,0.97,-3.21,-0.03,-2.86
55,0.15,0.01,0.98,-3.53,-1.69,-4.05
56,0.17,0.01,0.98,-3.11,-2.69,-5.99
57,0.19,0.0,0.97,-3.44,-0.88,-4.52
58,0.18,0.0,0.97,-3.96,1.23,-2.98
59,0.15,-0.0,0.98,-3.76,0.6,-3.1
60,0.15,-0.01,0.97,-3.2,-0.95,-3.6
61,0.15,-0.01,0.97,-3.26,-2.32,-3.8
62,0.15,-0.02,0.97,-3.46,-2.3,-2.66
63,0.15,-0.02,0.98,-3.62,-2.66,-2.16
64,0.15,-0.02,0.99,-3.99,-3.74,-2.56
65,0.16,-0.01,0.98,-4.11,-3.65,-1.86
66,0.16,-0.02,0.99,-3.27,-3.76,-1.59
67,0.16,-0.03,0.99,-2.97,-4.73,-2.7
68,0.17,-0.01,0.98,-2.95,-5.15,-3.05
69,0.19,-0.01,0.99,-2.95,-4.77,-3.07
70,0.19,-0.02,1.0,-3.06,-4.94,-3.72
71,0.2,0.0,1.0,-2.67,-4.3,-4.23
72,0.21,-0.01,1.0,-2.56,-1.66,-2.76
73,0.21,-0.01,0.99,-2.31,-0.69,-2.86
74,0.21,-0.0,0.98,-1.9,0.8,-1.77
75,0.18,-0.01,0.99,-1.81,0.37,-2.98
76,0.18,-0.01,0.98,-1.61,-1.21,-3.78
77,0.18,-0.01,0.98,-1.28,-1.85,-4.77
78,0.17,0.0,0.98,-1.82,-1.36,-3.78
79,0.17,0.0,0.97,-2.59,-0.69,-2.4
80,0.18,0.01,0.97,-3.08,-0.66,-2.56
81,0.17,0.0,0.98,-3.09,-0.76,-2.47
82,0.18,0.0,0.98,-2.77,-0.98,-3.31
83,0.18,-0.0,0.97,-2.88,0.23,-2.37
84,0.16,-0.01,0.96,-3.02,-0.89,-2.98
85,0.16,0.0,0.97,-3.7,-2.18,-3.82
86,0.15,-0.0,0.98,-3.73,-2.78,-3.26
87,0.16,-0.0,0.97,-4.26,-2.29,-2.3
88,0.17,-0.01,0.97,-4.24,-2.21,-1.98
89,0.18,-0.01,0.98,-4.22,-1.66,-1.51
90,0.18,-0.01,0.98,-4.17,-1.55,-1.48
91,0.18,-0.01,0.97,-3.9,-2.12,-2.28
92,0.17,-0.01,0.98,-3.97,-2.75,-3.17
93,0.17,-0.01,0.98,-3.84,-2.6,-3.08
94,0.16,-0.01,0.98,-3.23,-2.68,-2.5
95,0.16,-0.01,0.97,-3.02,-2.6,-2.03
96,0.16,-0.01,0.97,-3.75,-1.84,-0.87
97,0.15,-0.01,0.97,-3.92,-2.45,-0.43
98,0.14,-0.0,0.97,-4.54,-3.63,-0.59
99,0.15,0.0,0.96,-4.98,-4.08,-0.53
100,0.16,0.0,0.97,-5.27,-4.49,-1.14
101,0.16,-0.0,0.97,-4.85,-5.5,-0.8
102,0.17,-0.01,0.98,-4.89,-6.61,-1.53
103,0.2,0.0,0.98,-5.34,-5.9,-2.02
104,0.21,0.01,0.99,-5.85,-3.58,-0.35
105,0.21,0.0,0.99,-5.56,-2.95,-0.16
106,0.2,0.01,0.98,-5.21,-2.5,-0.87
107,0.2,0.03,0.97,-5.69,-0.03,0.94
108,0.16,0.03,0.95,-6.44,1.37,2.34
109,0.13,0.02,0.94,-6.95,-0.22,1.64
110,0.11,0.04,0.93,-7.85,-1.18,2.75
111,0.1,0.04,0.93,-9.98,-1.27,3.12
112,0.1,0.09,0.93,-13.85,-0.71,2.8
113,0.09,0.12,0.95,-17.74,3.86,7.05
114,0.05,0.13,0.96,-20.69,9.02,11.67
115,-0.01,0.15,0.98,-26.49,13.81,17.37
116,-0.12,0.16,1.02,-32.02,13.3,22.27
117,-0.2,0.13,1.1,-32.79,8.6,37.99
118,-0.39,0.05,1.25,-35.6,-8.91,33.95
119,-0.39,0.04,1.43,-36.92,-41.4,20.1
120,-0.2,0.09,1.7,-29.9,-58.31,19.09
121,0.07,-0.08,1.82,-17.62,-67.76,11.51
122,0.52,-0.03,1.97,-14.2,-59.45,32.44
123,0.7,-0.1,2.0,-1.46,-36.66,55.91
124,0.79,-0.22,2.0,22.51,-22.33,60.5
125,0.99,-0.21,2.0,44.98,-3.92,72.15
126,1.02,-0.22,2.0,55.52,15.26,73.63
127,1.04,-0.28,2.0,62.7,24.04,58.37
128,1.05,-0.33,1.98,79.8,22.29,45.66
129,1.02,-0.4,1.88,98.85,14.9,23.78
130,1.03,-0.4,1.73,116.18,7.69,2.88
131,1.0,-0.41,1.64,133.26,-3.83,-13.88
132,0.92,-0.49,1.5,148.15,-15.3,-52.65
133,0.95,-0.47,1.35,160.38,-23.87,-79.78
134,1.03,-0.44,1.21,168.81,-19.98,-97.39
135,1.13,-0.38,1.09,169.46,-0.6,-105.63
136,1.17,-0.35,0.91,164.47,23.04,-107.47
137,1.18,-0.32,0.78,155.98,51.08,-106.15
138,1.09,-0.34,0.6,152.47,63.25,-108.6
139,1.0,-0.29,0.47,143.05,73.16,-118.11
140,0.86,-0.29,0.4,139.39,77.45,-121.06
141,0.65,-0.31,0.4,141.17,66.05,-128.66
142,0.5,-0.29,0.28,141.58,53.25,-145.35
143,0.46,-0.25,0.18,138.9,44.43,-153.57
144,0.42,-0.18,0.14,126.17,44.54,-153.73
145,0.4,-0.11,0.06,109.73,56.84,-136.18
146,0.32,-0.08,0.02,91.9,72.46,-119.01
147,0.2,-0.07,-0.02,74.52,77.54,-118.6
148,0.19,-0.06,-0.02,64.9,79.72,-106.98
149,0.1,-0.05,-0.04,53.8,82.55,-108.61
150,0.01,-0.09,-0.0,52.82,74.77,-111.24
151,-0.1,-0.11,0.01,58.34,60.6,-123.98
152,-0.14,-0.06,-0.11,58.55,51.32,-126.75
153,-0.22,-0.02,-0.19,51.88,44.5,-126.31
154,-0.26,0.04,-0.29,31.15,38.79,-131.08
155,-0.26,0.16,-0.31,9.15,40.36,-116.49
156,-0.3,0.15,-0.33,-10.11,41.09,-103.82
157,-0.3,0.15,-0.32,-32.02,42.44,-94.55
158,-0.3,0.13,-0.33,-54.47,47.47,-89.4
159,-0.3,0.09,-0.36,-69.83,47.9,-89.76
160,-0.29,0.06,-0.3,-74.92,41.65,-97.03
161,-0.34,0.06,-0.26,-81.82,35.81,-108.17
162,-0.45,-0.01,-0.13,-81.34,28.83,-121.65
163,-0.57,0.04,-0.12,-76.31,16.88,-130.2
164,-0.68,0.14,-0.1,-79.98,2.79,-128.55
165,-0.76,0.14,-0.03,-88.04,-26.95,-143.27
166,-0.64,0.19,0.05,-96.03,-45.21,-141.95
167,-0.6,0.19,0.13,-109.28,-60.93,-143.95
168,-0.52,0.18,0.19,-121.63,-64.27,-140.41
169,-0.47,0.16,0.3,-135.08,-70.09,-132.72
170,-0.43,0.13,0.41,-152.17,-62.18,-131.86
171,-0.36,0.13,0.47,-166.86,-32.25,-107.06
172,-0.49,0.01,0.47,-172.08,-13.05,-82.52
173,-0.71,-0.04,0.55,-179.21,-18.31,-75.17
174,-0.83,-0.16,0.63,-181.5,-23.83,-66.02
175,-1.09,-0.32,0.78,-180.59,-56.33,-79.28
176,-0.96,-0.36,0.79,-183.32,-68.37,-76.24
177,-1.0,-0.47,0.88,-184.02,-68.27,-59.88
178,-1.07,-0.47,1.04,-186.24,-60.66,-29.37
179,-1.16,-0.55,1.03,-195.81,-59.45,-16.69
180,-1.11,-0.58,1.1,-206.46,-56.92,-1.56
181,-1.1,-0.72,1.23,-206.95,-56.05,16.81
182,-1.04,-0.77,1.35,-208.89,-51.08,36.81
183,-1.03,-0.91,1.45,-206.5,-46.24,43.75
184,-1.0,-0.97,1.55,-197.55,-50.05,59.25
185,-0.97,-1.02,1.56,-182.61,-62.24,59.19
186,-0.91,-0.95,1.62,-166.55,-75.54,57.63
187,-0.82,-0.93,1.63,-145.08,-78.63,66.16
188,-0.77,-0.95,1.55,-125.34,-83.35,72.79
189,-0.65,-0.85,1.45,-117.56,-77.11,89.0
190,-0.74,-0.85,1.42,-110.96,-74.25,106.05
191,-0.79,-0.9,1.48,-100.87,-85.87,116.47
192,-0.71,-0.91,1.51,-95.73,-95.56,124.85
193,-0.44,-0.84,1.49,-93.73,-98.44,134.94
194,-0.28,-0.87,1.57,-86.56,-102.31,140.36
195,-0.03,-0.86,1.55,-73.31,-95.96,128.78
196,0.15,-0.78,1.58,-64.14,-80.29,134.12
197,0.19,-0.73,1.57,-56.66,-74.68,135.77
198,0.24,-0.68,1.52,-40.85,-62.24,132.5
199,0.14,-0.63,1.43,-20.89,-53.74,131.37
200,-0.04,-0.58,1.34,-3.34,-55.55,128.81
201,-0.25,-0.58,1.23,9.02,-72.63,113.89
202,-0.3,-0.49,1.14,11.87,-93.42,105.74
203,-0.27,-0.46,1.09,15.56,-111.09,99.73
204,-0.08,-0.44,1.09,12.91,-116.15,102.27
205,0.07,-0.42,1.1,8.35,-103.95,116.13
206,0.15,-0.43,1.14,3.73,-91.26,125.54
207,0.2,-0.43,1.15,6.23,-83.76,127.76
208,0.25,-0.44,1.13,15.78,-85.85,115.44
209,0.32,-0.43,1.1,24.97,-84.78,103.17
210,0.29,-0.43,1.1,35.29,-88.61,89.56
211,0.26,-0.47,1.11,46.69,-101.56,73.84
212,0.31,-0.49,1.11,55.69,-116.25,51.02
213,0.43,-0.46,1.11,57.45,-123.08,36.94
214,0.49,-0.53,1.21,59.58,-121.47,30.18
215,0.6,-0.62,1.31,68.98,-113.36,20.02
216,0.71,-0.6,1.34,76.04,-90.17,23.92
217,0.75,-0.54,1.29,80.98,-59.42,38.05
218,0.66,-0.51,1.26,87.3,-39.83,40.83
219,0.54,-0.49,1.18,95.3,-34.63,35.72
220,0.49,-0.43,1.12,99.65,-39.78,21.56
221,0.51,-0.37,1.05,101.61,-40.81,9.56
222,0.51,-0.31,1.01,105.21,-42.02,-0.1
223,0.5,-0.29,0.97,107.35,-44.68,-12.37
224,0.56,-0.21,0.88,103.65,-39.2,-16.69
225,0.57,-0.15,0.84,95.13,-28.46,-16.93
226,0.53,-0.14,0.8,88.63,-18.15,-14.38
227,0.52,-0.14,0.82,83.9,-5.34,-3.4
228,0.44,-0.17,0.81,78.14,4.98,2.69
229,0.43,-0.18,0.8,76.24,15.08,7.5
230,0.39,-0.19,0.76,73.34,19.05,4.88
231,0.41,-0.17,0.71,69.12,20.53,-3.63
232,0.4,-0.18,0.68,66.45,22.79,-7.41
233,0.3,-0.13,0.69,61.24,17.46,-13.41
234,0.26,-0.16,0.63,64.06,14.72,-25.54
235,0.19,-0.14,0.58,60.41,10.19,-32.94
236,0.15,-0.12,0.56,56.56,4.63,-36.77
237,0.12,-0.11,0.54,49.86,4.85,-31.67
238,0.07,-0.11,0.55,40.31,5.6,-26.34
239,0.06,-0.08,0.55,28.31,6.83,-22.65
240,0.11,-0.03,0.55,13.28,15.4,-11.13
241,0.09,-0.07,0.62,-0.33,27.9,1.04
242,0.08,-0.11,0.67,-7.23,35.08,10.79
243,0.05,-0.11,0.68,-9.49,38.18,17.47
244,-0.01,-0.13,0.7,-9.92,26.31,9.77
245,-0.01,-0.12,0.72,-7.18,8.5,-2.67
246,-0.01,-0.15,0.81,-2.24,-6.73,-16.02
247,0.01,-0.15,0.88,1.78,-14.83,-20.89
248,0.05,-0.12,0.9,5.02,-10.98,-13.3
249,0.03,-0.07,0.91,3.88,-7.82,-8.5
250,0.06,-0.03,0.92,1.08,-2.15,-2.21
251,0.06,-0.01,0.91,0.08,3.11,5.06
252,0.05,0.02,0.9,-2.52,3.86,6.29
253,0.05,0.04,0.88,-4.07,-3.76,1.25
254,0.13,0.07,0.88,-6.45,-4.47,2.75
255,0.16,0.07,0.89,-7.24,-2.82,4.8
256,0.17,0.06,0.9,-9.53,-2.52,3.66
257,0.15,0.05,0.91,-12.6,-8.63,-2.22
258,0.19,0.03,0.92,-14.69,-11.15,-6.29
259,0.19,-0.01,0.99,-15.43,-11.37,-10.42
260,0.22,-0.02,1.04,-15.27,-6.76,-10.86
261,0.2,-0.03,1.04,-12.89,1.21,-6.47
262,0.13,-0.09,1.06,-9.18,1.33,-7.0
263,0.08,-0.12,1.09,-6.95,-3.66,-12.73
264,0.09,-0.14,1.14,-0.98,0.62,-15.04
265,0.12,-0.05,1.01,-2.52,5.14,2.85
266,-0.07,-0.11,1.15,-1.63,-8.46,-4.65
267,-0.0,-0.13,1.13,0.69,-21.73,-19.71
268,0.05,-0.08,1.12,4.23,-17.73,-9.18
269,-0.04,-0.13,1.14,5.46,-24.21,-9.19
270,0.04,-0.11,1.15,8.92,-28.21,-16.37
271,0.12,-0.05,1.11,10.44,-18.55,-7.42
272,0.16,-0.01,1.06,9.78,-9.63,3.79
273,0.16,0.01,1.02,7.81,-3.48,5.05
274,0.19,0.09,0.96,3.68,0.85,5.95
275,0.18,0.08,0.92,0.28,7.22,11.77
276,0.12,0.02,0.97,-1.95,-2.24,-0.37
277,0.16,0.03,0.94,-1.48,-4.79,-7.66
278,0.13,0.01,0.96,-2.56,-4.92,-5.5
279,0.09,-0.02,1.0,-2.67,-10.66,-14.95
280,0.12,-0.0,1.01,-2.76,-7.19,-12.14
281,0.05,-0.03,1.02,-1.73,-4.67,-8.59
282,0.03,-0.04,1.03,0.82,-7.69,-6.21
283,0.02,-0.07,1.05,2.37,-10.44,-6.02
284,0.05,-0.07,1.04,5.5,-9.64,-2.52
285,0.06,-0.04,1.0,6.47,-5.53,5.44
286,0.06,-0.04,0.99,5.41,-4.89,8.01
287,0.09,-0.02,0.98,4.17,-6.49,6.03
288,0.13,-0.01,0.96,4.15,-4.56,8.1
289,0.15,0.02,0.95,0.87,-3.44,6.92
290,0.17,0.01,0.94,0.0,-1.58,3.98
291,0.16,0.01,0.94,-0.41,-3.24,1.25
292,0.16,-0.01,0.94,-2.09,-4.35,-0.49
293,0.15,-0.0,0.94,-3.14,-5.69,0.37
294,0.14,-0.03,0.98,-3.21,-9.2,-3.42
295,0.17,-0.03,0.99,-2.22,-8.53,-3.5
296,0.14,-0.03,1.01,-0.24,-8.17,-2.92
297,0.13,-0.02,1.01,-0.52,-10.92,-2.91
298,0.11,-0.03,1.02,-1.99,-16.67,-3.8
299,0.14,-0.01,1.01,4.46,-16.13,-10.6
300,0.13,-0.01,1.0,4.8,-15.44,-10.7
301,0.13,-0.0,0.97,3.56,-13.09,-7.46
302,0.12,-0.0,0.97,2.84,-13.66,-8.63
303,0.12,-0.01,0.97,2.78,-14.76,-8.29
304,0.12,0.02,0.97,-0.27,-18.34,-6.82
305,0.15,-0.0,0.94,-1.58,-17.27,-10.63
306,0.16,0.02,0.96,-2.66,-12.66,-8.52
307,0.16,0.0,0.98,-4.01,-8.13,-6.66
308,0.15,-0.02,0.98,-3.79,-7.37,-7.11
309,0.16,-0.01,0.97,-3.29,-7.63,-7.34
310,0.18,-0.01,0.97,-4.09,-6.4,-6.82
311,0.17,-0.01,0.98,-3.92,-7.05,-7.69
312,0.18,-0.02,0.99,-3.03,-8.94,-10.91
313,0.22,-0.02,1.0,-1.82,-7.7,-13.04
314,0.26,-0.08,1.03,2.3,1.42,-16.36
315,0.3,0.13,0.86,-4.85,9.47,-8.85
316,0.17,0.11,0.93,-13.13,12.11,2.94
317,0.05,-0.06,1.08,-8.39,-7.8,-21.2
318,0.22,0.02,1.0,-2.78,-4.72,-18.23
319,0.16,0.01,1.04,-6.63,1.56,-5.35
320,0.11,-0.06,1.07,-2.95,-5.96,-15.19
321,0.23,0.01,1.0,2.11,4.34,-5.21
322,0.2,0.04,0.95,-2.03,13.13,4.59
323,0.15,-0.02,0.97,-4.73,10.42,1.61
324,0.15,-0.04,0.97,-2.6,8.31,-0.37
325,0.15,-0.01,0.95,-1.37,7.95,1.07
326,0.13,-0.01,0.95,-3.26,5.74,1.07
327,0.13,-0.01,0.96,-5.31,2.66,-0.77
328,0.14,-0.01,0.97,-5.69,0.98,1.02
329,0.12,-0.03,1.01,-5.5,-1.57,-2.56
330,0.15,-0.01,1.01,-5.27,-2.75,-4.66
331,0.16,-0.01,1.02,-5.61,-1.72,-3.64
332,0.17,-0.02,1.02,-4.07,-1.39,-4.13
333,0.18,-0.01,1.0,-2.54,-0.14,-3.33
334,0.21,0.02,0.97,-2.94,6.45,4.78
335,0.16,-0.01,0.98,-3.49,7.91,4.53
336,0.17,0.0,0.98,-2.81,7.27,5.56
337,0.13,-0.02,0.98,-3.59,6.09,1.17
338,0.15,-0.01,0.98,-3.67,2.85,-4.85
339,0.16,0.01,0.97,-4.4,2.32,-4.64
340,0.13,0.0,0.97,-5.23,0.92,-5.73
341,0.11,-0.01,0.97,-4.83,-3.15,-9.38
342,0.12,0.0,0.97,-6.41,-2.76,-9.37
343,0.12,-0.03,0.97,-3.92,-5.67,-10.31
344,0.11,-0.02,0.98,-3.09,-8.87,-14.62
345,0.14,0.0,0.97,-3.67,-9.76,-15.76
346,0.17,0.01,0.97,-5.4,-7.56,-16.6
347,0.17,-0.0,0.98,-6.36,-6.71,-15.82
348,0.17,-0.01,0.99,-6.55,-6.25,-16.61
349,0.18,-0.01,0.99,-5.67,-4.82,-15.64
350,0.18,-0.02,1.0,-4.95,-3.49,-14.54
351,0.18,-0.02,1.0,-4.09,-3.59,-15.53
352,0.18,-0.02,1.0,-3.51,-3.59,-16.23
353,0.18,-0.02,1.01,-2.5,-4.1,-17.53
354,0.2,-0.01,1.01,-2.0,-1.95,-15.65
355,0.19,-0.01,0.99,-3.88,-0.45,-15.76
356,0.2,0.0,0.99,-5.63,-0.95,-21.4
357,0.21,0.01,0.99,-5.53,-1.79,-23.63
358,0.23,-0.0,0.98,-5.82,5.26,-17.24
359,0.17,-0.02,0.99,-5.15,7.26,-16.36
360,0.16,-0.01,0.98,-4.74,6.57,-15.19
361,0.13,-0.0,0.97,-5.48,7.15,-13.14
362,0.11,-0.02,0.97,-5.34,5.47,-12.11
363,0.1,-0.02,0.98,-5.37,2.75,-12.27
364,0.11,-0.01,0.96,-5.74,1.35,-11.6
365,0.11,-0.01,0.98,-5.36,-0.12,-10.06
366,0.11,-0.01,0.98,-5.05,-2.82,-10.29
367,0.16,-0.0,0.96,-5.55,-1.98,-10.19
368,0.17,0.01,0.97,-6.38,0.57,-7.5
369,0.15,0.0,0.98,-6.99,0.94,-8.92
370,0.15,-0.0,0.98,-7.07,-0.06,-11.21
371,0.15,0.0,0.97,-7.95,-0.4,-12.5
372,0.16,0.0,0.97,-8.98,-1.17,-14.45
373,0.16,0.0,0.97,-9.72,-1.92,-15.16
374,0.15,-0.0,0.96,-10.92,-3.42,-17.87
375,0.17,-0.0,0.96,-12.8,-4.34,-19.16
376,0.17,-0.02,0.97,-13.34,-3.79,-17.51
377,0.16,-0.03,0.98,-13.63,-4.81,-20.44
378,0.19,-0.01,0.99,-14.47,-3.63,-20.26
379,0.16,-0.04,1.0,-13.68,-0.53,-16.08
380,0.13,-0.06,1.01,-12.14,-2.38,-18.76
381,0.14,-0.05,0.99,-11.52,-4.63,-18.02
382,0.16,-0.05,1.0,-11.16,-4.32,-15.88
383,0.17,-0.05,1.01,-8.82,-3.5,-13.41
384,0.19,-0.05,1.01,-8.2,-0.75,-10.4
385,0.19,-0.05,1.0,-8.38,1.27,-8.15
386,0.18,-0.05,1.0,-7.87,2.62,-5.42
387,0.18,-0.05,0.99,-5.47,4.17,-1.38
388,0.16,-0.03,0.99,-6.15,4.91,-0.19
389,0.19,-0.02,0.98,-6.11,6.5,-0.87
390,0.15,-0.03,0.99,-5.91,6.65,-1.04
391,0.16,-0.05,0.98,-2.85,6.63,1.88
392,0.13,-0.04,0.97,-3.41,7.83,2.91
393,0.1,-0.03,0.96,-4.55,5.02,0.39
394,0.1,-0.02,0.96,-6.77,1.11,-3.66
395,0.14,-0.02,0.95,-7.47,0.44,-3.76
396,0.13,-0.03,0.98,-7.07,-1.1,-5.37
397,0.15,-0.03,0.97,-7.77,-1.37,-6.44
398,0.15,-0.03,0.98,-8.13,1.18,-2.66
399,0.14,-0.04,0.98,-6.6,2.95,-0.24
