,accel_x,accel_y,accel_z,gyro_x,gyro_y,gyro_z
0,0.06,-0.06,1.0,-4.08,-1.24,-5.17
1,0.07,-0.07,1.0,-3.62,0.68,-4.54
2,0.06,-0.05,0.99,-2.85,0.42,-4.21
3,0.05,-0.05,0.98,-3.86,0.47,-3.79
4,0.07,-0.05,0.98,-5.21,1.27,-3.91
5,0.06,-0.06,1.0,-5.57,0.76,-3.67
6,0.05,-0.06,1.0,-4.88,1.24,-2.54
7,0.06,-0.06,1.0,-4.08,1.24,-1.51
8,0.06,-0.07,1.0,-4.42,1.04,-1.44
9,0.08,-0.08,1.01,-2.94,1.25,-0.76
10,0.08,-0.07,0.99,-2.05,-0.44,-1.66
11,0.07,-0.05,0.96,-3.41,-1.32,-2.31
12,0.08,-0.07,0.98,-4.66,-1.27,-2.97
13,0.07,-0.08,1.02,-3.2,-0.61,-2.51
14,0.08,-0.08,1.02,-1.79,0.6,-1.05
15,0.1,-0.07,0.99,-2.18,1.24,-2.27
16,0.11,-0.07,0.99,-2.24,0.06,-3.37
17,0.08,-0.07,0.99,-2.63,-1.7,-4.19
18,0.09,-0.06,0.98,-3.43,-1.24,-4.95
19,0.11,-0.06,0.97,-4.48,-0.75,-4.69
20,0.11,-0.07,1.0,-4.49,0.67,-4.79
21,0.1,-0.07,1.01,-3.09,1.37,-4.98
22,0.1,-0.06,1.01,-1.91,1.5,-5.12
23,0.1,-0.07,0.99,-2.24,0.95,-4.76
24,0.08,-0.06,1.01,-1.59,0.59,-4.91
25,0.07,-0.05,1.0,-1.5,0.21,-5.4
26,0.06,-0.05,0.98,-1.64,-0.53,-4.63
27,0.07,-0.05,1.0,-2.83,-0.31,-4.77
28,0.06,-0.05,1.0,-2.73,0.24,-4.07
29,0.06,-0.05,0.99,-1.8,-0.73,-3.72
30,0.06,-0.04,0.99,-2.34,-0.98,-3.5
31,0.06,-0.05,0.98,-2.85,-1.02,-3.38
32,0.06,-0.05,0.98,-3.04,-0.9,-2.47
33,0.05,-0.04,0.97,-3.54,-0.23,-2.45
34,0.06,-0.04,0.98,-4.03,-0.89,-2.26
35,0.06,-0.04,0.97,-5.66,-2.82,-2.7
36,0.06,-0.06,0.99,-5.96,-3.19,-3.15
37,0.07,-0.07,1.01,-5.31,-1.7,-2.93
38,0.06,-0.07,1.01,-3.8,-0.76,-2.42
39,0.06,-0.07,1.01,-2.4,-0.02,-1.64
40,0.05,-0.06,1.01,-0.29,0.68,-1.08
41,0.05,-0.06,0.98,-0.99,-1.39,-1.69
42,0.05,-0.06,0.99,-1.37,-1.75,-2.67
43,0.06,-0.06,0.99,-0.95,-1.29,-1.66
44,0.06,-0.06,0.99,-0.63,-0.37,-1.21
45,0.07,-0.06,0.99,-0.6,0.61,-0.82
46,0.05,-0.05,0.98,-0.85,0.23,-0.63
47,0.05,-0.05,0.98,-1.81,-0.86,-1.35
48,0.07,-0.05,0.98,-2.18,-1.53,-1.22
49,0.06,-0.05,0.98,-2.66,-2.63,-1.98
50,0.08,-0.06,0.99,-2.52,-3.03,-1.97
51,0.08,-0.07,1.0,-1.53,-2.18,-2.05
52,0.08,-0.07,0.99,-1.03,-1.88,-2.25
53,0.08,-0.06,0.99,-0.97,-1.39,-1.92
54,0.1,-0.06,0.98,-0.21,0.15,-1.37
55,0.1,-0.06,0.97,-0.21,0.57,-1.78
56,0.09,-0.05,0.97,-1.58,-0.02,-2.64
57,0.07,-0.05,0.98,-1.88,-0.64,-2.31
58,0.08,-0.05,0.97,-2.47,-1.31,-2.63
59,0.07,-0.06,0.97,-3.38,-1.85,-3.05
60,0.08,-0.06,0.98,-3.83,-1.63,-3.13
61,0.09,-0.06,0.98,-3.53,-2.18,-2.66
62,0.07,-0.06,0.98,-3.05,-1.85,-2.92
63,0.07,-0.06,0.99,-3.31,-1.2,-1.74
64,0.07,-0.06,0.99,-2.92,-0.73,-1.63
65,0.07,-0.06,0.98,-2.46,-1.05,-1.24
66,0.07,-0.05,0.98,-2.85,-1.58,-1.61
67,0.07,-0.05,0.97,-2.91,-1.91,-1.4
68,0.06,-0.05,0.99,-3.5,-1.05,-1.61
69,0.08,-0.06,0.99,-3.4,-0.68,-1.08
70,0.07,-0.05,0.97,-4.16,-2.02,-1.74
71,0.07,-0.07,0.99,-4.41,-2.36,-2.51
72,0.07,-0.07,0.99,-3.51,-1.15,-1.31
73,0.06,-0.08,0.98,-3.19,-1.73,-1.53
74,0.07,-0.08,0.99,-3.58,-1.76,-1.87
75,0.08,-0.08,1.01,-2.39,-1.09,-1.31
76,0.08,-0.07,1.01,-1.81,-0.79,-1.38
77,0.09,-0.07,0.99,-1.71,0.24,-1.53
78,0.09,-0.06,0.98,-1.89,-0.38,-2.06
79,0.07,-0.05,0.98,-1.71,-1.54,-3.11
80,0.08,-0.06,0.98,-1.87,-0.83,-2.8
81,0.07,-0.06,0.98,-3.22,-0.4,-3.16
82,0.07,-0.06,0.99,-2.98,-0.82,-2.47
83,0.07,-0.06,0.99,-2.76,0.36,-2.25
84,0.09,-0.06,0.98,-3.27,0.09,-2.5
85,0.08,-0.06,0.98,-3.43,-0.02,-2.7
86,0.08,-0.06,0.98,-2.96,0.33,-2.69
87,0.07,-0.06,0.98,-3.37,-0.71,-3.15
88,0.08,-0.07,0.98,-4.42,-2.97,-4.49
89,0.08,-0.07,0.99,-4.24,-3.06,-4.53
90,0.09,-0.07,1.0,-3.02,-1.96,-3.98
91,0.08,-0.07,0.99,-3.35,-1.44,-3.89
92,0.09,-0.07,0.99,-3.47,-1.46,-4.23
93,0.08,-0.07,0.98,-2.89,-1.05,-3.49
94,0.08,-0.06,0.98,-3.25,-1.08,-3.75
95,0.08,-0.06,0.98,-4.02,-2.26,-4.71
96,0.09,-0.06,0.98,-4.42,-2.92,-5.18
97,0.09,-0.07,0.97,-4.56,-2.11,-5.53
98,0.09,-0.07,0.98,-4.64,-1.16,-5.35
99,0.09,-0.07,0.99,-3.84,-0.31,-5.53
100,0.09,-0.07,0.99,-3.57,-0.44,-5.63
101,0.08,-0.06,0.98,-4.45,-1.42,-6.27
102,0.08,-0.07,0.98,-5.18,-1.9,-6.18
103,0.09,-0.07,0.98,-4.74,-2.09,-6.52
104,0.1,-0.07,0.98,-4.67,-4.4,-6.99
105,0.09,-0.08,1.0,-4.69,-4.27,-8.1
106,0.08,-0.07,1.0,-1.46,-7.15,-7.07
107,0.09,-0.07,0.99,-2.43,-2.36,-5.97
108,0.09,-0.06,0.97,-3.15,-0.63,-5.26
109,0.09,-0.05,0.98,-4.35,-0.57,-4.95
110,0.08,-0.05,0.98,-4.04,-0.98,-5.16
111,0.09,-0.06,0.98,-4.53,-0.89,-5.88
112,0.1,-0.06,0.98,-4.42,-1.11,-6.54
113,0.09,-0.07,0.99,-5.03,-1.5,-7.4
114,0.1,-0.08,1.0,-3.99,-0.95,-7.28
115,0.09,-0.07,1.0,-2.83,-0.67,-6.85
116,0.09,-0.05,0.98,-3.23,-0.33,-6.72
117,0.09,-0.04,0.97,-3.92,-0.67,-6.62
118,0.09,-0.04,0.96,-4.62,-1.56,-6.57
119,0.09,-0.04,0.97,-5.62,-1.76,-5.99
120,0.08,-0.04,0.96,-6.69,-0.72,-5.46
121,0.08,-0.05,0.97,-7.03,-1.01,-5.55
122,0.08,-0.05,0.97,-7.83,0.64,-5.2
123,0.08,-0.05,0.95,-8.28,1.65,-5.47
124,0.08,-0.05,0.96,-7.27,1.45,-4.15
125,0.07,-0.05,0.94,-7.66,1.44,-4.11
126,0.06,-0.03,0.92,-9.73,1.95,-3.76
127,0.05,-0.03,0.9,-11.92,1.35,-3.27
128,0.04,-0.05,0.92,-32.69,-6.97,-4.08
129,-0.02,-0.03,0.95,-15.77,0.75,-1.22
130,0.02,-0.06,0.93,-19.85,-1.76,-3.65
131,0.03,-0.07,0.93,-18.08,0.11,0.43
132,-0.0,-0.08,0.93,-19.67,-0.92,-0.11
133,-0.0,-0.08,0.93,-20.44,-2.37,2.17
134,-0.02,-0.1,0.95,-19.47,-5.29,1.05
135,-0.02,-0.11,0.96,-19.13,-3.3,2.66
136,-0.01,-0.11,0.96,-17.16,-0.17,6.3
137,-0.03,-0.1,0.93,-17.18,0.51,7.87
138,-0.06,-0.09,0.93,-18.6,0.47,9.52
139,-0.06,-0.08,0.93,-19.86,1.12,12.28
140,-0.09,-0.08,0.94,-20.89,0.77,15.79
141,-0.11,-0.08,0.93,-22.08,2.34,18.69
142,-0.11,-0.09,0.94,-22.1,5.72,24.18
143,-0.14,-0.08,0.93,-23.07,7.61,28.03
144,-0.15,-0.07,0.92,-24.35,7.11,30.98
145,-0.17,-0.06,0.91,-25.9,8.63,35.07
146,-0.2,-0.03,0.89,-28.27,8.47,38.72
147,-0.24,-0.02,0.86,-32.37,8.95,41.6
148,-0.28,-0.0,0.85,-36.83,11.47,43.64
149,-0.33,0.04,0.83,-41.13,19.17,47.36
150,-0.43,0.12,0.77,-47.94,35.98,51.73
151,-0.64,0.21,0.66,-68.09,51.28,58.86
152,-0.96,0.34,0.6,-94.79,54.24,70.56
153,-1.48,0.4,0.58,-127.44,28.62,68.07
154,-1.89,0.4,0.8,-162.91,-6.21,86.84
155,-2.0,0.16,1.03,-188.4,-29.92,124.58
156,-2.0,-0.05,1.47,-197.56,-61.84,192.62
157,-2.0,-0.31,1.67,-175.31,-69.28,250.13
158,-2.0,-0.53,1.96,-149.14,-46.82,250.13
159,-2.0,-0.7,2.0,-112.54,-13.34,250.13
160,-1.69,-0.81,2.0,-80.89,78.1,250.13
161,-1.55,-0.93,2.0,-59.12,16.64,250.13
162,-1.19,-1.28,2.0,-53.21,-144.56,250.13
163,-0.32,-1.85,2.0,-50.91,-250.14,250.13
164,0.51,-2.0,2.0,-30.89,-250.14,250.13
165,1.41,-2.0,2.0,7.4,-250.14,204.02
166,1.71,-2.0,2.0,63.08,-250.14,139.98
167,1.55,-2.0,2.0,121.8,-250.14,93.63
168,1.44,-2.0,1.67,152.19,-250.14,66.6
169,1.65,-2.0,1.0,155.39,-250.14,37.34
170,2.0,-1.85,0.47,157.07,-250.14,-1.85
171,2.0,-1.67,0.22,142.64,-250.14,-53.98
172,2.0,-1.68,0.04,135.53,-250.14,-101.05
173,2.0,-1.54,0.28,134.27,-250.14,-138.65
174,2.0,-1.55,0.21,142.35,-196.79,-162.66
175,2.0,-1.66,-0.02,150.74,-120.52,-184.89
176,2.0,-1.73,-0.25,154.35,-57.51,-208.04
177,1.64,-1.74,-0.42,157.38,-22.76,-218.08
178,1.21,-1.73,-0.56,157.54,26.45,-218.23
179,0.86,-1.7,-0.63,157.38,77.82,-217.08
180,0.64,-1.66,-0.72,154.27,113.05,-226.41
181,0.45,-1.57,-0.8,135.27,111.11,-237.38
182,0.27,-1.45,-0.85,129.73,89.92,-250.14
183,0.27,-1.38,-0.9,106.69,64.5,-250.14
184,0.23,-1.33,-0.86,83.91,32.74,-250.14
185,0.12,-1.28,-0.75,67.6,1.18,-250.14
186,0.03,-1.21,-0.66,61.18,-14.18,-250.14
187,0.01,-1.1,-0.66,52.68,3.92,-250.14
188,-0.1,-0.97,-0.68,48.98,23.04,-250.14
189,-0.2,-0.83,-0.71,42.15,39.06,-250.14
190,-0.3,-0.69,-0.74,31.09,57.15,-250.14
191,-0.43,-0.57,-0.74,19.64,66.84,-250.14
192,-0.54,-0.47,-0.8,5.33,72.01,-245.65
193,-0.68,-0.35,-0.82,-11.99,78.21,-230.13
194,-0.82,-0.2,-0.86,-34.64,79.53,-211.26
195,-0.88,-0.09,-0.99,-63.34,62.37,-196.56
196,-0.91,-0.04,-0.98,-91.66,51.49,-194.15
197,-0.85,0.05,-1.02,-121.96,23.17,-193.38
198,-0.78,0.13,-1.11,-162.99,-2.1,-197.02
199,-0.68,0.03,-1.09,-200.4,-22.04,-196.2
200,-0.61,-0.17,-1.12,-236.66,-20.03,-188.4
201,-0.73,-0.37,-1.11,-250.14,-2.4,-182.24
202,-0.92,-0.54,-1.1,-250.14,22.02,-182.77
203,-1.21,-0.63,-0.8,-250.14,33.93,-190.89
204,-1.69,-0.79,-0.33,-250.14,16.42,-194.82
205,-2.0,-0.84,0.07,-250.14,21.11,-170.85
206,-2.0,-0.84,0.25,-250.14,23.92,-118.27
207,-2.0,-0.88,0.44,-250.14,34.52,-37.37
208,-2.0,-0.98,0.62,-250.14,48.3,34.26
209,-2.0,-1.15,0.96,-250.14,78.52,102.67
210,-2.0,-1.29,1.32,-250.14,66.18,153.4
211,-2.0,-1.44,1.78,-250.14,61.48,189.58
212,-2.0,-1.62,2.0,-250.14,78.51,222.17
213,-2.0,-1.69,2.0,-250.14,103.24,249.28
214,-2.0,-1.62,2.0,-250.14,105.11,250.13
215,-2.0,-1.43,2.0,-250.14,81.6,250.13
216,-2.0,-1.33,2.0,-250.14,13.24,250.13
217,-2.0,-1.3,2.0,-237.5,-87.19,250.13
218,-2.0,-1.39,2.0,-206.94,-169.27,250.13
219,-2.0,-1.67,2.0,-190.89,-242.15,250.13
220,-2.0,-2.0,2.0,-188.63,-250.14,250.13
221,-1.12,-2.0,2.0,-167.86,-250.14,250.13
222,0.54,-2.0,2.0,-142.72,-250.14,250.13
223,1.83,-2.0,2.0,-100.42,-250.14,250.13
224,1.84,-2.0,2.0,-10.93,-250.14,250.13
225,1.18,-2.0,2.0,86.01,-250.14,248.93
226,1.05,-2.0,2.0,135.47,-250.14,221.18
227,1.3,-2.0,2.0,156.68,-250.14,188.71
228,1.49,-2.0,1.67,168.27,-250.14,136.12
229,1.56,-2.0,1.52,187.47,-250.14,83.36
230,1.52,-2.0,1.23,212.46,-250.14,31.39
231,1.52,-2.0,0.85,224.64,-250.14,-21.83
232,1.57,-2.0,0.54,228.51,-250.14,-69.84
233,1.7,-2.0,0.3,224.82,-250.14,-118.79
234,1.76,-1.98,0.2,221.8,-250.14,-158.7
235,1.66,-1.9,0.16,220.21,-250.14,-187.27
236,1.5,-1.84,0.14,218.63,-246.05,-203.02
237,1.3,-1.76,0.14,222.31,-169.65,-211.21
238,1.08,-1.65,0.07,229.97,-91.37,-206.54
239,0.76,-1.5,-0.1,231.15,-34.63,-198.58
240,0.6,-1.36,-0.24,224.73,11.76,-194.15
241,0.47,-1.25,-0.37,214.56,47.73,-194.96
242,0.36,-1.15,-0.45,201.51,74.31,-202.03
243,0.25,-1.04,-0.5,183.67,77.63,-217.31
244,0.08,-0.91,-0.55,165.86,37.83,-240.84
245,-0.06,-0.79,-0.62,140.34,-15.77,-250.14
246,-0.17,-0.65,-0.72,108.78,-58.7,-250.14
247,-0.2,-0.58,-0.79,74.98,-78.17,-250.14
248,-0.22,-0.54,-0.8,45.53,-80.95,-250.14
249,-0.19,-0.53,-0.79,28.04,-78.35,-250.14
250,-0.22,-0.52,-0.78,9.03,-58.97,-241.92
251,-0.28,-0.49,-0.77,-3.45,-30.5,-225.09
252,-0.38,-0.37,-0.77,-15.24,-2.39,-204.13
253,-0.45,-0.23,-0.91,-32.35,5.18,-185.53
254,-0.66,-0.15,-0.97,-32.23,30.82,-176.39
255,-0.6,-0.02,-1.04,-64.14,58.19,-152.59
256,-0.71,0.05,-1.06,-100.88,47.53,-161.4
257,-0.62,-0.01,-0.96,-136.69,-15.32,-182.22
258,-0.27,-0.18,-0.62,-149.05,-44.82,-191.99
259,-0.14,-0.31,-0.32,-129.87,-55.03,-198.93
260,-0.18,-0.3,-0.24,-107.56,-51.34,-206.75
261,-0.24,-0.23,-0.29,-84.66,-33.76,-203.95
262,-0.29,-0.12,-0.48,-75.35,-10.15,-201.51
263,-0.29,-0.01,-0.63,-77.2,4.69,-197.98
264,-0.27,0.06,-0.77,-87.31,16.49,-187.7
265,-0.28,0.05,-0.95,-106.65,23.27,-183.03
266,-0.37,0.06,-0.99,-148.49,10.6,-190.73
267,-0.47,0.03,-0.85,-181.01,-16.08,-201.02
268,-0.44,0.01,-0.72,-206.94,-18.37,-200.53
269,-0.45,0.06,-0.71,-228.01,-6.95,-207.93
270,-0.42,0.17,-0.57,-250.14,18.58,-204.96
271,-0.8,0.19,-0.47,-250.14,50.11,-175.34
272,-1.44,0.14,-0.53,-250.14,78.89,-127.37
273,-2.0,-0.11,-0.42,-250.14,93.7,-62.68
274,-2.0,-0.6,0.07,-250.14,100.85,17.8
275,-2.0,-1.17,0.86,-250.14,109.09,92.61
276,-2.0,-1.79,2.0,-250.14,114.6,158.4
277,-2.0,-2.0,2.0,-250.14,97.37,170.29
278,-2.0,-2.0,2.0,-250.14,54.14,198.5
279,-1.94,-2.0,2.0,-250.14,5.94,177.89
280,-0.99,-1.96,2.0,-250.14,-42.56,160.89
281,-0.45,-1.83,2.0,-240.03,-64.37,165.56
282,0.06,-1.7,2.0,-215.03,-72.15,158.67
283,0.56,-1.72,2.0,-199.17,-40.42,142.18
284,1.11,-1.69,2.0,-143.68,13.49,174.74
285,1.22,-1.56,2.0,-76.63,46.43,174.01
286,1.16,-1.38,2.0,-30.37,39.68,148.73
287,1.07,-1.2,2.0,1.03,19.4,127.78
288,1.0,-1.1,2.0,26.73,-2.18,104.42
289,1.09,-1.05,2.0,41.5,-9.43,78.59
290,1.1,-0.98,2.0,54.92,-12.18,58.02
291,0.93,-0.93,1.94,70.66,-22.2,37.24
292,0.8,-0.88,1.83,86.95,-27.96,25.88
293,0.63,-0.8,1.7,107.08,-30.95,21.1
294,0.5,-0.72,1.46,113.96,-22.7,16.24
295,0.37,-0.64,1.31,118.25,-22.34,12.61
296,0.28,-0.55,1.06,111.99,-23.3,6.79
297,0.25,-0.46,0.96,106.17,-34.38,-3.99
298,0.25,-0.38,0.84,92.95,-35.47,-6.99
299,0.17,-0.33,0.75,86.45,-42.81,-15.31
300,0.09,-0.3,0.75,77.01,-49.44,-28.05
301,0.06,-0.27,0.73,67.94,-50.5,-33.01
302,0.06,-0.26,0.7,60.02,-53.08,-42.19
303,0.03,-0.23,0.69,52.26,-55.57,-47.25
304,-0.01,-0.21,0.69,45.53,-53.59,-49.32
305,-0.03,-0.2,0.68,39.15,-49.73,-53.63
306,-0.04,-0.2,0.67,36.55,-47.69,-54.57
307,-0.03,-0.2,0.67,32.98,-42.01,-52.37
308,-0.03,-0.2,0.65,30.84,-28.77,-47.82
309,-0.06,-0.17,0.62,28.33,-24.05,-44.94
310,-0.04,-0.16,0.6,22.02,-19.05,-42.31
311,-0.08,-0.12,0.56,15.44,-11.69,-43.1
312,-0.14,-0.11,0.58,6.31,-16.39,-44.18
313,-0.16,-0.12,0.65,-0.1,-16.24,-43.34
314,-0.12,-0.1,0.7,-2.17,-10.56,-36.39
315,-0.11,-0.12,0.69,-4.44,-7.68,-31.21
316,-0.11,-0.15,0.75,-9.23,-9.02,-32.6
317,-0.08,-0.19,0.82,-7.79,-5.88,-32.02
318,-0.06,-0.2,0.88,-4.04,3.84,-22.14
319,-0.02,-0.19,0.86,0.53,15.49,-17.11
320,0.0,-0.17,0.81,-2.09,17.84,-17.27
321,-0.02,-0.13,0.82,-8.75,10.65,-21.05
322,-0.05,-0.14,0.87,-11.82,3.4,-22.07
323,-0.05,-0.15,0.9,-14.45,-3.08,-21.81
324,-0.03,-0.16,0.91,-17.73,-5.02,-21.07
325,-0.01,-0.18,0.95,-19.76,-3.01,-20.06
326,0.0,-0.17,0.97,-20.64,-0.37,-18.69
327,-0.01,-0.18,0.98,-21.05,2.4,-15.37
328,-0.03,-0.19,1.02,-19.75,5.87,-12.65
329,0.0,-0.21,1.03,-20.82,5.67,-13.9
330,0.02,-0.24,1.06,-17.74,-0.77,-14.85
331,0.01,-0.25,1.07,-14.76,-3.5,-14.4
332,-0.02,-0.25,1.08,-10.76,-4.14,-12.18
333,-0.02,-0.24,1.06,-8.95,-7.73,-11.02
334,0.02,-0.24,1.04,-8.85,-2.5,-6.22
335,0.02,-0.23,1.02,-7.51,-0.87,-2.63
336,0.01,-0.24,1.03,-9.32,0.4,-2.53
337,0.01,-0.25,1.03,-6.23,-2.05,-3.68
338,0.01,-0.26,1.04,-2.98,-4.6,-5.47
339,0.03,-0.25,1.02,4.47,-4.53,-4.47
340,0.07,-0.24,0.99,-3.22,-7.11,-6.79
341,0.05,-0.24,0.97,-1.63,-7.69,-7.77
342,0.04,-0.23,0.99,-0.31,-8.25,-8.36
343,0.07,-0.27,0.94,-1.54,-6.18,-7.52
344,0.06,-0.24,0.99,4.6,-4.75,-8.3
345,0.08,-0.23,0.98,4.17,-1.51,-8.05
346,0.11,-0.24,0.95,2.35,1.27,-7.49
347,0.1,-0.23,0.96,3.57,0.53,-9.27
348,0.06,-0.22,0.94,4.45,-0.86,-13.22
349,0.06,-0.21,0.94,6.62,-3.31,-13.85
350,0.05,-0.2,0.91,2.02,-5.92,-12.34
351,0.05,-0.2,0.92,-0.87,-6.93,-11.31
352,0.05,-0.21,0.93,-1.39,-4.79,-11.34
353,0.05,-0.21,0.94,-2.03,-5.21,-11.21
354,0.05,-0.22,0.94,-0.8,-3.32,-11.1
355,0.05,-0.22,0.93,-2.15,-3.64,-11.56
356,0.03,-0.23,0.95,-2.6,-5.63,-11.41
357,0.03,-0.25,0.99,-0.53,-5.08,-10.79
358,0.03,-0.26,0.97,0.78,-4.09,-8.84
359,0.04,-0.23,0.99,3.55,-4.55,-6.6
360,0.05,-0.22,0.95,0.94,-5.63,-7.71
361,0.04,-0.22,0.94,-0.15,-9.69,-12.31
362,0.04,-0.21,0.94,-1.92,-10.74,-15.06
363,0.03,-0.21,0.97,-0.73,-8.95,-14.31
364,0.05,-0.21,0.93,-3.47,-7.98,-11.82
365,0.05,-0.21,0.95,-2.81,-8.68,-10.83
366,0.07,-0.22,0.95,-2.63,-10.3,-11.56
367,0.08,-0.23,0.98,-1.68,-10.13,-10.25
368,0.09,-0.25,0.96,-1.35,-7.73,-9.75
369,0.09,-0.25,0.98,-0.34,-3.53,-6.96
370,0.08,-0.24,0.99,0.55,-2.41,-4.59
371,0.08,-0.23,0.98,1.02,-3.72,-3.85
372,0.09,-0.24,0.97,0.19,-4.58,-7.09
373,0.09,-0.25,1.0,-0.35,-9.08,-11.44
374,0.11,-0.26,1.01,1.45,-12.86,-12.95
375,0.09,-0.26,1.01,3.76,-13.68,-13.79
376,0.06,-0.25,1.01,5.33,-13.56,-12.86
377,0.06,-0.24,0.99,5.85,-12.48,-12.38
378,0.07,-0.23,1.01,6.43,-12.34,-12.32
379,0.07,-0.22,1.01,8.73,-10.87,-9.02
380,0.07,-0.21,0.98,9.92,-7.66,-7.34
381,0.07,-0.2,0.94,7.23,-8.36,-9.17
382,0.06,-0.19,0.96,7.73,-9.39,-10.88
383,0.07,-0.19,0.96,3.59,-8.56,-12.27
384,0.08,-0.2,0.99,5.23,-11.04,-13.51
385,0.08,-0.22,1.0,3.68,-11.54,-16.18
386,0.08,-0.23,1.04,6.85,-15.77,-13.47
387,0.09,-0.23,1.03,11.4,-16.24,-11.54
388,0.09,-0.21,0.97,12.4,-14.02,-12.53
389,0.08,-0.2,0.96,10.52,-14.87,-14.65
390,0.1,-0.19,0.98,9.9,-11.09,-13.69
391,0.12,-0.19,0.98,10.68,-3.79,-8.73
392,0.1,-0.18,0.95,9.73,-1.98,-7.34
393,0.12,-0.18,0.95,8.48,-2.9,-9.53
394,0.14,-0.17,0.95,7.16,-4.4,-12.86
395,0.16,-0.18,0.95,5.44,-7.44,-14.91
396,0.17,-0.18,0.95,4.8,-10.5,-14.56
397,0.14,-0.19,0.97,4.34,-8.44,-16.05
398,0.17,-0.19,0.98,6.2,-4.64,-14.83
399,0.15,-0.17,0.96,7.31,-2.09,-13.69
