,accel_x,accel_y,accel_z,gyro_x,gyro_y,gyro_z
0,0.1,-0.04,0.96,-9.92,1.11,-5.15
1,0.1,-0.05,0.98,-10.85,2.18,-5.21
2,0.09,-0.06,0.98,-10.52,2.38,-5.94
3,0.06,-0.06,0.99,-8.62,1.55,-6.4
4,0.06,-0.07,0.97,-7.51,-0.4,-6.77
5,0.06,-0.06,0.97,-6.95,-2.24,-7.07
6,0.07,-0.07,0.97,-7.23,-3.35,-6.87
7,0.08,-0.07,0.97,-7.72,-4.18,-6.32
8,0.1,-0.06,0.97,-8.79,-4.19,-5.91
9,0.11,-0.05,0.99,-9.27,-4.08,-5.75
10,0.13,-0.05,0.98,-9.45,-3.27,-5.56
11,0.13,-0.05,0.99,-9.1,-2.47,-5.24
12,0.14,-0.05,0.99,-9.18,-2.02,-6.49
13,0.14,-0.06,0.99,-8.79,-0.3,-7.45
14,0.14,-0.06,0.99,-8.4,0.74,-8.24
15,0.12,-0.05,0.98,-7.85,1.34,-8.36
16,0.1,-0.05,0.97,-8.25,1.53,-8.79
17,0.1,-0.04,0.97,-9.37,1.87,-9.28
18,0.1,-0.04,0.97,-10.83,1.89,-9.37
19,0.08,-0.05,0.97,-11.54,1.25,-10.21
20,0.08,-0.06,0.98,-11.98,0.64,-10.95
21,0.06,-0.07,1.0,-11.54,0.62,-11.05
22,0.06,-0.08,1.01,-11.49,-0.07,-11.13
23,0.04,-0.09,1.02,-11.42,0.01,-9.98
24,0.04,-0.1,1.03,-11.31,-0.15,-9.06
25,0.04,-0.12,1.03,-10.46,-0.04,-7.63
26,0.04,-0.14,1.05,-8.6,-0.2,-6.63
27,0.06,-0.13,1.04,-6.63,-0.95,-6.09
28,0.07,-0.13,1.05,-5.4,-1.37,-7.13
29,0.07,-0.12,1.05,-3.98,-1.36,-7.51
30,0.07,-0.12,1.03,-2.52,-1.49,-7.92
31,0.06,-0.12,1.04,-0.72,-2.4,-7.72
32,0.08,-0.1,1.02,-0.01,-2.06,-6.98
33,0.07,-0.09,1.01,-0.37,-1.48,-6.03
34,0.08,-0.08,1.0,-1.04,-1.56,-5.39
35,0.08,-0.07,0.99,-1.21,-2.42,-5.58
36,0.09,-0.07,0.99,-1.39,-3.08,-5.54
37,0.09,-0.07,0.98,-0.75,-3.79,-5.65
38,0.09,-0.07,0.97,-0.4,-4.89,-6.6
39,0.1,-0.06,0.96,-0.47,-4.37,-7.05
40,0.09,-0.06,0.95,-1.04,-4.92,-7.34
41,0.1,-0.06,0.96,-1.86,-4.55,-6.08
42,0.1,-0.05,0.96,-3.05,-2.34,-5.1
43,0.09,-0.05,0.94,-4.86,-1.24,-4.12
44,0.08,-0.06,0.94,-6.13,-2.02,-3.86
45,0.08,-0.07,0.95,-6.56,-3.24,-4.37
46,0.1,-0.08,0.95,-6.17,-3.35,-3.97
47,0.11,-0.07,0.94,-6.08,-2.21,-3.85
48,0.12,-0.08,0.93,-6.87,-1.1,-4.64
49,0.12,-0.09,0.94,-5.66,-1.24,-4.02
50,0.11,-0.08,0.93,-4.89,-1.95,-4.1
51,0.09,-0.07,0.92,-5.34,-4.67,-5.88
52,0.11,-0.05,0.93,-6.54,-5.25,-5.73
53,0.1,-0.06,0.93,-8.24,-6.63,-9.85
54,0.1,-0.05,0.94,-11.44,-5.18,-14.14
55,0.12,-0.07,0.95,-11.15,-5.01,-11.65
56,0.1,-0.08,0.97,-12.41,-3.06,-11.1
57,0.11,-0.11,0.97,-15.47,-1.21,-1.25
58,0.13,-0.09,0.96,-9.74,-2.82,-8.32
59,0.1,-0.11,0.95,-10.73,-3.88,-11.87
60,0.08,-0.1,0.96,-11.49,-5.06,-9.9
61,0.07,-0.11,0.96,-11.69,-5.4,-9.65
62,0.07,-0.09,0.97,-10.93,-8.67,-10.68
63,0.08,-0.09,0.98,-11.39,-10.9,-8.87
64,0.1,-0.1,0.99,-11.89,-10.24,-5.82
65,0.1,-0.1,1.0,-11.44,-9.73,-6.03
66,0.12,-0.12,1.01,-9.49,-8.88,-2.9
67,0.11,-0.11,1.01,-10.6,-10.84,-0.06
68,0.12,-0.12,1.02,-11.02,-8.63,4.85
69,0.1,-0.14,1.03,-9.79,-8.14,4.72
70,0.1,-0.15,1.04,-9.18,-9.03,2.78
71,0.13,-0.16,1.06,-7.08,-3.56,5.4
72,0.14,-0.15,1.04,-7.34,-4.66,4.52
73,0.14,-0.17,1.08,-4.91,-2.89,6.33
74,0.12,-0.17,1.09,-3.37,-1.86,7.75
75,0.12,-0.16,1.06,-3.69,-0.01,5.74
76,0.12,-0.14,1.05,-3.27,0.13,3.18
77,0.1,-0.15,1.06,-1.14,-3.31,0.53
78,0.12,-0.13,1.04,-1.12,-2.85,-1.08
79,0.13,-0.12,1.03,-1.35,-1.5,0.08
80,0.13,-0.12,1.02,-0.31,-1.69,1.07
81,0.14,-0.1,1.01,-0.22,-0.92,1.78
82,0.14,-0.11,1.0,1.09,-0.52,4.89
83,0.12,-0.11,1.01,1.36,-1.66,3.92
84,0.14,-0.1,1.0,0.62,-0.79,2.21
85,0.12,-0.09,1.0,-4.57,-4.1,0.21
86,0.15,-0.12,0.96,0.31,-3.13,0.32
87,0.09,-0.12,1.0,2.79,-11.8,-4.3
88,0.12,-0.1,0.96,0.05,-3.88,-4.1
89,0.11,-0.1,0.96,-2.43,0.79,-3.31
90,0.08,-0.12,0.98,-0.93,-2.99,-4.58
91,0.1,-0.11,0.95,-1.07,-3.5,-4.66
92,0.09,-0.11,0.96,-2.94,-2.63,-5.04
93,0.09,-0.12,0.97,-3.07,-2.71,-5.43
94,0.11,-0.11,0.96,-3.76,-2.24,-5.97
95,0.11,-0.11,0.97,-4.78,-1.75,-6.46
96,0.1,-0.11,0.97,-4.19,-2.66,-6.98
97,0.09,-0.13,0.97,-3.31,-3.39,-7.12
98,0.1,-0.12,0.97,-2.88,-3.92,-6.37
99,0.11,-0.12,0.96,-2.82,-3.38,-4.64
100,0.12,-0.12,0.96,-2.94,-3.26,-3.34
101,0.14,-0.11,0.96,-2.37,-2.82,0.18
102,0.13,-0.1,0.95,-3.09,-2.32,0.34
103,0.13,-0.1,0.96,-3.53,-3.19,-0.2
104,0.14,-0.1,0.96,-3.66,-3.42,0.02
105,0.14,-0.1,0.95,-3.95,-3.2,-1.05
106,0.15,-0.1,0.94,-4.42,-2.95,-2.05
107,0.15,-0.07,0.94,-6.26,-2.27,-2.5
108,0.15,-0.08,0.92,-7.62,-2.8,-4.43
109,0.14,-0.09,0.94,-9.27,-4.49,-6.63
110,0.15,-0.09,0.95,-10.31,-4.6,-7.74
111,0.16,-0.11,0.96,-10.75,-3.74,-7.21
112,0.15,-0.11,0.97,-10.5,-2.69,-6.77
113,0.17,-0.12,0.97,-8.91,-3.44,-4.24
114,0.13,-0.12,0.99,-11.21,0.07,-7.12
115,0.13,-0.13,0.98,-9.81,-0.32,-6.87
116,0.12,-0.12,0.97,-9.56,-1.66,-7.34
117,0.12,-0.12,0.97,-9.56,-2.18,-7.73
118,0.12,-0.12,0.98,-9.76,-1.9,-8.03
119,0.11,-0.13,0.97,-10.05,-1.82,-7.88
120,0.12,-0.13,0.97,-9.63,-3.53,-4.81
121,0.11,-0.12,0.97,-11.56,2.36,-3.37
122,0.11,-0.11,0.97,-10.82,-1.56,-5.31
123,0.1,-0.11,0.97,-11.69,-3.2,-6.54
124,0.1,-0.12,0.97,-12.08,-3.44,-6.35
125,0.11,-0.13,0.99,-11.85,-2.23,-5.39
126,0.1,-0.13,0.98,-11.52,-0.8,-4.02
127,0.1,-0.12,0.98,-11.69,0.38,-3.37
128,0.08,-0.1,0.95,-11.42,-1.65,0.37
129,0.05,-0.09,0.98,-14.81,1.91,-3.18
130,0.06,-0.08,0.95,-14.8,0.6,-3.73
131,0.07,-0.06,0.94,-14.96,2.26,2.74
132,0.02,-0.07,0.93,-15.89,2.05,3.31
133,-0.02,-0.03,0.94,-17.2,2.05,4.49
134,-0.07,-0.02,0.94,-19.02,2.74,7.69
135,-0.13,-0.01,0.94,-23.35,3.45,12.63
136,-0.22,0.01,0.97,-28.71,-0.49,19.14
137,-0.32,-0.02,1.01,-45.05,-8.93,18.24
138,-0.34,-0.07,1.08,-47.53,-7.9,31.89
139,-0.33,-0.14,1.24,-54.16,-13.16,39.85
140,-0.41,-0.23,1.44,-54.5,-17.69,57.09
141,-0.48,-0.33,1.63,-52.49,-27.63,73.0
142,-0.4,-0.38,1.93,-53.66,-22.56,87.85
143,-0.17,-0.51,2.0,-48.85,-16.08,99.62
144,0.03,-0.63,2.0,-27.31,-13.93,111.85
145,0.28,-0.79,2.0,15.11,-23.25,100.22
146,0.62,-0.82,2.0,66.06,-32.65,84.51
147,0.85,-0.79,2.0,104.77,-35.79,62.87
148,1.03,-0.73,2.0,134.65,-40.72,30.43
149,1.14,-0.7,2.0,164.89,-42.98,9.04
150,1.17,-0.64,1.89,184.55,-38.18,-12.82
151,1.17,-0.58,1.71,193.74,-27.79,-25.24
152,1.15,-0.53,1.53,199.27,-15.18,-32.44
153,1.13,-0.46,1.34,199.17,-1.8,-37.87
154,1.05,-0.41,1.17,194.96,10.37,-46.93
155,0.96,-0.38,1.02,194.11,15.58,-52.37
156,0.91,-0.33,0.88,189.66,16.66,-59.67
157,0.89,-0.26,0.74,177.52,18.38,-72.34
158,0.88,-0.28,0.65,172.42,21.02,-81.82
159,0.77,-0.22,0.54,167.44,20.97,-89.62
160,0.74,-0.2,0.39,161.84,22.07,-99.56
161,0.71,-0.14,0.29,150.59,27.35,-106.51
162,0.65,-0.09,0.2,137.78,31.38,-114.34
163,0.59,-0.04,0.11,124.88,34.01,-120.4
164,0.53,-0.0,0.04,110.9,31.55,-124.88
165,0.47,0.03,-0.0,95.92,27.95,-133.89
166,0.43,0.04,-0.04,83.13,24.31,-139.97
167,0.39,0.03,-0.07,71.44,22.23,-142.51
168,0.33,0.03,-0.07,60.01,20.82,-144.79
169,0.26,0.06,-0.08,50.5,21.79,-141.16
170,0.16,0.05,-0.08,42.62,17.05,-140.08
171,0.09,0.08,-0.12,32.98,11.57,-140.12
172,0.06,0.09,-0.1,20.83,7.47,-142.05
173,0.05,0.07,-0.09,10.73,6.14,-138.5
174,0.05,0.08,-0.06,2.0,5.85,-135.13
175,-0.01,0.11,-0.08,-9.47,6.56,-135.28
176,-0.07,0.13,-0.08,-22.4,3.69,-137.86
177,-0.08,0.17,-0.09,-33.86,-0.13,-132.17
178,-0.14,0.17,-0.05,-46.36,0.36,-126.78
179,-0.17,0.2,-0.04,-59.44,0.33,-122.56
180,-0.2,0.19,-0.02,-73.44,4.07,-121.98
181,-0.18,0.17,-0.02,-88.6,14.73,-116.87
182,-0.26,0.12,-0.02,-102.31,22.56,-113.62
183,-0.39,0.07,0.02,-111.6,16.37,-116.14
184,-0.44,0.05,0.07,-119.6,9.05,-115.81
185,-0.48,-0.01,0.12,-124.63,0.63,-113.6
186,-0.54,-0.06,0.19,-127.94,-8.78,-109.11
187,-0.58,-0.07,0.27,-134.46,-16.21,-108.37
188,-0.59,-0.12,0.32,-133.63,-21.95,-101.02
189,-0.58,-0.13,0.39,-139.31,-27.32,-96.75
190,-0.51,-0.11,0.43,-148.02,-24.74,-87.92
191,-0.46,-0.1,0.43,-157.98,-15.85,-77.36
192,-0.49,-0.18,0.41,-166.79,-11.15,-64.11
193,-0.67,-0.29,0.49,-173.86,-16.67,-66.36
194,-0.81,-0.39,0.5,-177.47,-29.51,-68.11
195,-0.92,-0.48,0.57,-175.27,-49.33,-65.98
196,-0.93,-0.58,0.58,-179.89,-60.7,-51.66
197,-1.01,-0.74,0.73,-190.13,-73.62,-42.53
198,-1.0,-0.88,0.93,-198.21,-77.02,-21.77
199,-0.94,-0.99,1.06,-202.9,-65.26,2.29
200,-0.86,-1.04,1.21,-202.82,-48.99,29.9
201,-0.8,-1.06,1.3,-196.5,-40.97,46.74
202,-0.72,-1.0,1.34,-187.43,-37.34,61.08
203,-0.7,-1.01,1.41,-177.48,-42.16,61.05
204,-0.61,-1.01,1.47,-161.44,-51.88,65.24
205,-0.55,-1.03,1.51,-143.43,-58.47,62.89
206,-0.56,-1.06,1.57,-122.44,-64.65,60.27
207,-0.53,-1.03,1.59,-103.95,-68.17,64.29
208,-0.48,-1.0,1.59,-91.28,-61.43,73.9
209,-0.48,-0.93,1.58,-80.8,-53.33,86.31
210,-0.49,-0.84,1.51,-73.96,-50.87,94.66
211,-0.45,-0.76,1.44,-71.24,-49.23,108.18
212,-0.44,-0.73,1.4,-66.95,-56.34,111.96
213,-0.38,-0.7,1.35,-60.39,-56.48,117.15
214,-0.45,-0.69,1.38,-61.52,-72.21,110.03
215,-0.41,-0.74,1.37,-49.56,-84.95,115.87
216,-0.4,-0.75,1.38,-37.96,-102.19,116.76
217,-0.18,-0.68,1.33,-32.41,-103.56,123.99
218,-0.08,-0.67,1.38,-33.21,-102.97,135.1
219,0.09,-0.67,1.37,-28.16,-93.36,148.34
220,0.2,-0.66,1.43,-27.38,-87.94,157.59
221,0.3,-0.64,1.44,-25.97,-78.65,159.92
222,0.35,-0.65,1.47,-14.19,-73.6,159.29
223,0.4,-0.63,1.46,-4.53,-70.59,149.97
224,0.37,-0.65,1.45,7.24,-72.91,140.68
225,0.32,-0.68,1.45,25.72,-87.0,126.53
226,0.38,-0.69,1.42,42.02,-99.87,111.97
227,0.43,-0.68,1.39,51.45,-103.49,100.13
228,0.45,-0.72,1.42,59.39,-100.81,94.05
229,0.52,-0.76,1.42,67.65,-94.49,92.08
230,0.57,-0.76,1.43,74.63,-83.02,89.15
231,0.63,-0.73,1.39,78.52,-71.21,82.87
232,0.67,-0.69,1.35,83.21,-56.18,76.18
233,0.66,-0.67,1.29,89.1,-47.45,67.12
234,0.63,-0.69,1.28,96.51,-43.5,52.8
235,0.59,-0.7,1.26,109.11,-42.36,41.04
236,0.56,-0.66,1.2,121.74,-40.53,29.63
237,0.55,-0.61,1.13,131.19,-39.64,20.52
238,0.52,-0.55,1.06,137.6,-35.56,11.8
239,0.51,-0.51,1.02,142.84,-31.02,6.17
240,0.46,-0.48,0.93,147.69,-25.18,6.12
241,0.46,-0.41,0.83,146.69,-18.34,5.03
242,0.45,-0.34,0.74,143.01,-11.56,1.75
243,0.46,-0.23,0.67,136.45,-7.54,-0.48
244,0.47,-0.15,0.59,124.58,0.68,-3.98
245,0.45,-0.1,0.53,114.03,4.25,-8.04
246,0.38,-0.05,0.53,104.5,2.53,-12.11
247,0.32,-0.04,0.53,94.21,5.21,-15.75
248,0.28,-0.03,0.51,85.02,4.37,-17.2
249,0.22,-0.01,0.47,77.44,0.4,-20.85
250,0.18,0.03,0.46,70.92,-1.99,-22.05
251,0.12,0.03,0.46,62.02,-6.98,-26.9
252,0.11,0.04,0.45,52.65,-13.71,-28.77
253,0.08,0.03,0.49,41.29,-17.85,-31.19
254,0.09,-0.01,0.56,32.75,-17.44,-30.3
255,0.09,-0.01,0.6,27.44,-12.63,-21.82
256,0.06,-0.01,0.59,20.98,-7.29,-12.84
257,0.05,-0.0,0.6,11.75,-6.95,-9.31
258,0.07,-0.01,0.63,2.95,-6.29,-6.21
259,0.05,-0.04,0.69,-2.32,-9.34,-5.32
260,0.09,-0.06,0.74,-4.38,-10.93,-3.72
261,0.11,-0.08,0.79,-5.87,-9.81,-3.56
262,0.13,-0.1,0.83,-6.06,-8.65,-3.67
263,0.16,-0.1,0.87,-4.59,-5.33,-2.4
264,0.15,-0.09,0.88,-3.5,-2.56,-1.58
265,0.17,-0.05,0.88,-3.51,0.34,0.28
266,0.16,-0.04,0.86,-6.16,1.82,-2.27
267,0.14,-0.03,0.88,-9.41,2.21,-5.86
268,0.12,-0.03,0.9,-11.25,3.13,-6.46
269,0.11,-0.02,0.92,-11.4,2.85,-7.08
270,0.1,-0.01,0.94,-12.08,2.26,-7.54
271,0.09,-0.02,0.95,-12.63,1.69,-7.52
272,0.08,-0.01,0.97,-12.15,1.5,-7.31
273,0.08,-0.0,0.98,-12.31,1.87,-6.73
274,0.09,0.01,0.98,-12.24,2.24,-6.15
275,0.08,0.0,0.98,-11.69,1.29,-6.29
276,0.08,0.02,0.97,-11.55,-0.03,-5.56
277,0.08,0.01,0.97,-13.0,-1.86,-7.63
278,0.13,0.01,0.99,-13.13,-3.09,-6.75
279,0.14,0.01,0.99,-13.52,-2.18,-6.02
280,0.13,-0.01,1.0,-14.01,-2.33,-6.87
281,0.12,-0.03,1.03,-12.6,-4.55,-7.88
282,0.13,-0.02,1.02,-11.93,-4.53,-8.29
283,0.14,-0.03,1.03,-12.82,-3.95,-8.55
284,0.15,-0.03,1.04,-13.84,-2.75,-9.11
285,0.13,-0.05,1.07,-12.21,-0.93,-8.08
286,0.11,-0.08,1.07,-9.52,-0.49,-6.76
287,0.11,-0.06,1.06,-7.66,-0.2,-6.79
288,0.1,-0.06,1.04,-6.4,0.3,-7.9
289,0.11,-0.05,1.03,-4.91,0.64,-7.78
290,0.08,-0.04,1.02,-5.07,0.28,-12.08
291,0.1,-0.02,1.01,-4.4,-1.92,-10.27
292,0.11,-0.03,1.01,-3.55,-2.37,-8.1
293,0.09,-0.04,1.01,-1.56,-3.89,-8.37
294,0.09,-0.03,0.99,-0.55,-5.73,-7.21
295,0.11,-0.04,0.98,-1.2,-6.76,-7.74
296,0.12,-0.03,0.99,-2.91,-5.26,-7.08
297,0.11,-0.03,0.99,-3.37,-4.44,-6.43
298,0.09,-0.04,0.98,-4.21,-3.53,-6.09
299,0.08,-0.05,0.99,-5.11,-3.44,-5.54
300,0.08,-0.06,1.0,-5.17,-3.97,-4.03
301,0.08,-0.07,0.99,-4.91,-3.8,-4.07
302,0.1,-0.07,0.99,-4.49,-3.34,-3.32
303,0.09,-0.08,0.99,-4.94,-3.95,-2.62
304,0.1,-0.08,1.0,-4.89,-2.92,-0.66
305,0.1,-0.08,1.01,-5.13,-1.82,-0.03
306,0.11,-0.08,1.0,-3.3,-2.4,0.92
307,0.1,-0.08,0.99,-1.32,-3.05,-0.24
308,0.12,-0.07,0.97,0.89,-4.21,-0.18
309,0.14,-0.06,0.97,0.0,-3.99,-2.21
310,0.14,-0.05,0.97,-0.09,-3.52,-2.37
311,0.14,-0.05,0.98,-0.05,-2.89,-3.16
312,0.14,-0.04,0.97,0.58,-1.43,-1.92
313,0.15,-0.03,0.97,0.35,-1.87,-3.29
314,0.16,-0.03,0.97,0.5,-1.59,-3.53
315,0.16,-0.02,0.96,-0.36,-0.43,-2.54
316,0.14,-0.02,0.96,-2.07,0.25,-2.6
317,0.14,-0.02,0.97,-3.51,-0.19,-3.47
318,0.14,-0.03,0.98,-4.03,0.8,-2.39
319,0.13,-0.03,1.0,-3.96,1.79,-0.97
320,0.14,-0.04,0.99,-3.9,3.36,-0.15
321,0.12,-0.04,0.98,-4.02,3.91,0.21
322,0.11,-0.05,1.0,-3.18,2.63,-0.55
323,0.11,-0.05,0.99,-1.69,2.14,-0.79
324,0.13,-0.03,0.97,-1.31,1.29,-1.02
325,0.14,-0.02,0.97,-2.85,1.48,-2.69
326,0.14,-0.02,0.98,-3.5,2.16,-4.16
327,0.14,-0.02,0.98,-2.69,2.21,-4.65
328,0.14,-0.02,0.98,-2.55,2.73,-4.02
329,0.12,-0.02,0.97,-3.1,2.19,-4.27
330,0.11,-0.02,0.97,-4.05,1.16,-4.09
331,0.1,-0.03,0.97,-5.44,0.37,-3.35
332,0.09,-0.04,0.99,-6.16,-0.25,-2.26
333,0.1,-0.05,0.98,-6.43,-0.42,-1.2
334,0.11,-0.05,0.99,-7.58,-1.46,-1.43
335,0.12,-0.06,0.99,-7.47,-2.14,-1.68
336,0.12,-0.06,1.02,-5.98,-2.11,-2.38
337,0.16,-0.06,1.01,-4.8,-1.03,-3.63
338,0.16,-0.05,1.0,-4.26,0.35,-3.85
339,0.12,-0.05,1.0,-3.12,0.2,-2.88
340,0.13,-0.05,1.0,-2.92,-0.18,-2.47
341,0.14,-0.04,0.99,-3.86,0.82,-2.78
342,0.12,-0.05,1.0,-4.22,0.02,-3.5
343,0.11,-0.06,1.01,-2.56,-0.89,-3.55
344,0.11,-0.06,1.0,-1.72,-2.2,-3.56
345,0.11,-0.06,1.0,-2.04,-2.3,-3.38
346,0.11,-0.06,1.0,-1.92,-1.8,-2.13
347,0.13,-0.05,1.0,-2.44,-1.71,-2.05
348,0.15,-0.05,1.01,-2.91,-0.92,-2.25
349,0.15,-0.05,1.02,-2.57,-0.03,-3.01
350,0.16,-0.05,1.02,-0.86,0.69,-1.24
351,0.15,-0.04,1.01,-0.29,2.19,-0.83
352,0.14,-0.03,1.0,-0.97,2.76,-2.05
353,0.12,-0.04,0.99,-0.85,1.89,-2.3
354,0.12,-0.04,1.0,-0.79,1.87,-3.2
355,0.14,-0.05,1.0,-1.0,2.37,-4.59
356,0.14,-0.05,1.0,0.21,3.31,-4.5
357,0.13,-0.05,1.0,1.02,4.15,-4.48
358,0.1,-0.05,0.99,2.49,2.57,-4.52
359,0.11,-0.05,0.97,2.73,1.17,-4.84
360,0.09,-0.03,0.95,1.59,0.1,-5.63
361,0.09,-0.04,0.94,0.66,-0.89,-5.66
362,0.09,-0.03,0.94,-0.9,-0.91,-4.88
363,0.08,-0.03,0.95,-1.9,-1.79,-2.81
364,0.08,-0.03,0.94,-2.39,-2.66,-1.53
365,0.09,-0.02,0.95,-4.07,-2.69,-0.62
366,0.09,-0.03,0.96,-4.46,-3.28,0.62
367,0.1,-0.02,0.97,-4.64,-3.54,1.39
368,0.12,-0.02,0.97,-5.77,-2.27,1.56
369,0.14,-0.03,0.98,-6.02,-1.22,0.36
370,0.12,-0.03,0.99,-4.84,-2.11,-0.59
371,0.13,-0.04,1.0,-4.47,-2.8,-2.95
372,0.14,-0.04,1.02,-3.96,-2.13,-4.42
373,0.14,-0.05,1.01,-2.44,-1.89,-2.59
374,0.13,-0.05,1.02,-1.49,-0.56,-1.33
375,0.12,-0.05,1.01,-1.33,0.15,-1.24
376,0.1,-0.05,1.0,-0.83,0.18,-0.92
377,0.11,-0.04,0.99,-1.12,-0.08,-1.55
378,0.13,-0.03,0.98,-1.96,0.76,-1.25
379,0.12,-0.04,0.97,-1.88,0.5,-0.76
380,0.12,-0.02,0.98,-3.19,-0.13,-3.61
381,0.14,-0.02,0.96,-3.95,0.39,-3.18
382,0.13,-0.02,0.98,-4.44,-0.44,-4.06
383,0.15,-0.03,0.97,-4.18,-0.55,-4.85
384,0.15,-0.04,0.99,-3.38,-0.12,-6.06
385,0.16,-0.04,0.98,-2.72,0.56,-6.9
386,0.16,-0.04,0.98,-3.04,1.36,-7.7
387,0.16,-0.03,0.96,-3.92,2.57,-8.59
388,0.13,-0.03,0.97,-4.06,3.01,-8.94
389,0.11,-0.04,0.98,-4.48,1.76,-9.91
390,0.11,-0.05,0.98,-4.92,2.22,-9.35
391,0.1,-0.05,0.98,-4.6,1.73,-8.45
392,0.08,-0.06,0.99,-5.13,1.65,-7.27
393,0.08,-0.06,0.99,-5.23,0.63,-5.46
394,0.07,-0.06,0.99,-4.4,-0.24,-3.35
395,0.06,-0.05,0.99,-4.14,-2.24,-2.76
396,0.09,-0.05,0.99,-4.22,-3.47,-2.81
397,0.11,-0.03,0.99,-3.89,-3.98,-1.96
398,0.14,-0.04,0.99,-3.59,-3.72,-2.46
399,0.12,-0.04,1.0,-3.27,-5.21,-4.52
