,accel_x,accel_y,accel_z,gyro_x,gyro_y,gyro_z
0,0.3,0.14,0.94,-4.81,-1.88,-4.3
1,0.31,0.15,0.95,-4.8,-1.3,-3.85
2,0.3,0.15,0.95,-4.31,-0.55,-2.98
3,0.3,0.14,0.94,-4.43,-2.2,-3.34
4,0.3,0.13,0.95,-4.14,-3.53,-3.66
5,0.3,0.15,0.95,-4.11,-3.04,-3.83
6,0.29,0.15,0.94,-3.91,-2.69,-3.41
7,0.28,0.15,0.94,-3.9,-3.24,-2.72
8,0.29,0.15,0.93,-4.02,-2.99,-1.82
9,0.28,0.16,0.93,-4.38,-0.46,-1.73
10,0.29,0.17,0.94,-3.89,2.57,1.5
11,0.3,0.16,0.94,-4.53,0.84,2.18
12,0.31,0.15,0.94,-5.24,-2.25,0.79
13,0.32,0.15,0.94,-4.97,-3.34,-0.27
14,0.32,0.15,0.94,-5.79,-5.56,-1.05
15,0.32,0.14,0.97,-5.05,-4.65,-0.6
16,0.33,0.13,0.96,-3.82,-4.56,-0.16
17,0.34,0.15,0.96,-3.67,-4.71,-0.64
18,0.34,0.15,0.94,-3.22,-4.04,-0.66
19,0.35,0.15,0.93,-3.4,-3.75,-1.15
20,0.35,0.15,0.94,-3.88,-2.62,-1.61
21,0.35,0.14,0.95,-3.54,-2.68,-1.84
22,0.37,0.14,0.95,-2.98,-2.94,-2.4
23,0.36,0.14,0.96,-2.89,-2.38,-2.58
24,0.35,0.15,0.94,-2.61,-2.18,-3.35
25,0.35,0.14,0.95,-2.11,-3.11,-3.63
26,0.33,0.14,0.96,3.38,-10.89,-3.95
27,0.33,0.15,0.94,-2.99,-2.89,-4.82
28,0.32,0.15,0.95,-2.65,-1.57,-3.23
29,0.31,0.14,0.95,-2.18,-2.29,-3.63
30,0.32,0.14,0.95,-1.54,-2.69,-3.51
31,0.32,0.14,0.94,1.52,-7.32,-2.98
32,0.3,0.14,0.93,-1.64,-4.62,-3.63
33,0.3,0.13,0.93,-3.07,-4.76,-2.85
34,0.3,0.13,0.94,-2.7,-6.02,-2.78
35,0.31,0.14,0.93,-0.85,-9.25,-2.85
36,0.32,0.13,0.94,-3.24,-6.18,-3.61
37,0.31,0.13,0.95,-2.59,-3.4,-2.13
38,0.31,0.13,0.95,-2.11,-2.61,-1.31
39,0.31,0.14,0.95,-1.15,-1.65,-0.11
40,0.31,0.15,0.93,-1.21,-3.23,-0.31
41,0.3,0.15,0.93,-2.59,-3.92,-0.81
42,0.31,0.15,0.94,-3.66,-7.91,-0.85
43,0.31,0.14,0.96,-3.84,-9.09,-0.79
44,0.33,0.13,0.96,-1.27,-12.77,-0.19
45,0.34,0.14,0.95,-2.61,-9.5,0.89
46,0.35,0.13,0.94,-2.22,-6.61,1.21
47,0.36,0.13,0.94,-1.8,-5.66,1.14
48,0.36,0.13,0.94,-1.77,-5.62,1.17
49,0.35,0.13,0.94,-1.85,-5.79,0.93
50,0.35,0.13,0.93,-2.27,-6.61,0.14
51,0.37,0.12,0.92,-3.63,-8.73,-1.41
52,0.38,0.11,0.94,-3.83,-8.08,-2.01
53,0.38,0.12,0.95,-3.17,-8.28,-2.31
54,0.37,0.12,0.94,-2.7,-7.91,-2.2
55,0.36,0.13,0.93,-1.21,-6.13,-1.57
56,0.36,0.13,0.92,-1.1,-5.44,-0.98
57,0.37,0.13,0.91,-2.08,-6.89,-2.51
58,0.37,0.14,0.92,-2.27,-6.21,-2.73
59,0.37,0.13,0.92,-1.9,-6.02,-2.84
60,0.38,0.14,0.91,-2.23,-5.57,-3.34
61,0.38,0.14,0.89,-2.84,-4.66,-3.56
62,0.38,0.14,0.9,-3.35,-3.29,-4.34
63,0.38,0.13,0.89,-4.38,-3.48,-4.89
64,0.37,0.14,0.9,-4.02,-1.98,-4.74
65,0.37,0.15,0.9,-5.24,-3.33,-5.4
66,0.36,0.13,0.91,-6.21,-4.69,-6.93
67,0.37,0.14,0.92,-5.95,-4.16,-6.85
68,0.37,0.13,0.92,-6.1,-4.5,-7.34
69,0.36,0.13,0.93,-5.81,-3.91,-6.29
70,0.36,0.12,0.95,-5.31,-4.06,-5.79
71,0.35,0.13,0.94,-4.36,-3.94,-5.22
72,0.35,0.14,0.94,-3.74,-3.04,-4.11
73,0.35,0.13,0.93,-4.56,-4.27,-3.79
74,0.36,0.14,0.92,-4.98,-5.61,-4.07
75,0.38,0.13,0.92,-5.85,-6.51,-4.43
76,0.39,0.13,0.91,-6.39,-7.3,-5.22
77,0.41,0.12,0.93,-6.36,-7.4,-5.27
78,0.43,0.12,0.93,-5.73,-7.49,-4.83
79,0.44,0.12,0.91,-6.09,-9.09,-5.1
80,0.45,0.11,0.92,-6.68,-9.98,-4.28
81,0.47,0.1,0.91,-6.31,-10.27,-3.92
82,0.46,0.08,0.91,-5.54,-10.62,-2.14
83,0.48,0.07,0.88,-4.87,-11.37,-1.48
84,0.49,0.05,0.86,-5.53,-13.36,-1.89
85,0.52,0.05,0.81,-6.95,-14.73,-3.33
86,0.55,0.06,0.77,-9.31,-15.31,-6.48
87,0.57,0.08,0.74,-12.15,-14.4,-10.7
88,0.58,0.1,0.7,-14.08,-11.02,-11.61
89,0.55,0.13,0.67,-18.44,-9.43,-13.11
90,0.53,0.12,0.65,-22.2,-7.54,-14.66
91,0.53,0.12,0.65,-25.54,-2.13,-15.16
92,0.51,0.11,0.64,-27.79,2.73,-15.13
93,0.5,0.1,0.64,-27.69,5.85,-13.82
94,0.45,0.09,0.57,-34.47,16.22,-14.71
95,0.43,0.09,0.57,-33.52,19.21,-12.66
96,0.41,0.1,0.52,-45.49,42.74,-14.14
97,0.36,0.1,0.46,-38.99,31.19,-6.69
98,0.33,0.09,0.41,-45.66,35.47,-6.62
99,0.29,0.07,0.36,-50.32,34.15,-6.13
100,0.26,0.05,0.3,-57.73,33.78,-5.97
101,0.26,0.04,0.25,-69.22,37.59,-5.55
102,0.23,0.0,0.19,-74.46,35.6,-5.75
103,0.22,-0.03,0.13,-82.08,34.08,-6.0
104,0.17,-0.05,0.12,-88.79,35.65,-6.47
105,0.07,-0.1,0.07,-94.23,42.85,-9.54
106,-0.05,-0.12,0.02,-100.49,50.37,-16.69
107,-0.17,-0.14,-0.03,-105.44,58.48,-10.48
108,-0.29,-0.16,-0.05,-116.44,71.38,-4.79
109,-0.52,-0.15,-0.09,-135.73,79.53,-13.02
110,-0.79,-0.15,-0.08,-165.15,68.8,-17.11
111,-1.11,-0.21,0.1,-194.69,27.05,-26.99
112,-1.39,-0.26,0.32,-217.03,-31.3,-32.47
113,-1.57,-0.34,0.42,-227.37,-114.59,-26.7
114,-1.75,-0.5,0.67,-227.98,-141.89,-3.31
115,-1.78,-0.62,0.94,-217.45,-145.01,41.81
116,-1.77,-0.74,1.19,-204.56,-96.54,107.56
117,-1.77,-0.81,1.37,-193.18,-64.9,167.09
118,-1.57,-0.97,1.65,-174.32,44.53,222.35
119,-1.55,-1.0,1.89,-149.36,123.42,250.13
120,-1.64,-1.0,2.0,-146.02,134.58,250.13
121,-1.64,-1.06,2.0,-146.42,110.59,250.13
122,-1.79,-1.12,2.0,-135.31,54.7,250.13
123,-1.81,-1.25,2.0,-116.13,-20.18,250.13
124,-1.6,-1.38,2.0,-87.0,-75.15,250.13
125,-1.38,-1.54,2.0,-54.37,-116.49,250.13
126,-1.05,-1.71,2.0,-28.95,-165.75,250.13
127,-0.46,-1.97,2.0,-9.08,-215.43,250.13
128,0.29,-2.0,2.0,16.58,-250.14,250.13
129,1.12,-2.0,2.0,17.92,-250.14,250.13
130,1.61,-2.0,2.0,42.59,-250.14,250.13
131,1.78,-2.0,2.0,67.18,-250.14,243.73
132,1.82,-2.0,2.0,108.15,-250.14,230.82
133,1.82,-2.0,2.0,145.11,-250.14,220.27
134,1.77,-2.0,1.74,155.28,-250.14,189.17
135,1.83,-2.0,1.44,151.56,-250.14,147.05
136,1.81,-2.0,1.25,161.29,-250.14,104.85
137,2.0,-2.0,-0.52,96.3,-47.46,128.03
138,1.89,-1.91,0.18,82.56,18.02,-58.85
139,-0.04,-1.35,2.0,250.13,188.11,84.19
140,-0.21,-1.75,2.0,250.13,-250.14,250.13
141,2.0,-2.0,0.73,175.0,-250.14,-83.07
142,2.0,-1.12,-1.87,153.3,-250.14,-110.06
143,1.41,-1.07,-0.5,40.27,69.18,-146.88
144,0.68,-1.01,0.35,37.04,-117.5,-169.29
145,0.88,-1.09,0.29,80.01,-250.14,-154.76
146,1.1,-1.07,-0.27,39.52,-162.98,-135.12
147,0.79,-0.93,-0.24,13.12,-5.82,-125.47
148,0.53,-0.84,-0.21,9.95,18.83,-112.66
149,0.43,-0.83,-0.2,3.02,14.31,-102.22
150,0.4,-0.76,-0.17,-10.73,12.89,-98.08
151,0.43,-0.76,-0.25,-28.63,6.86,-109.47
152,0.5,-0.86,-0.17,-26.66,-9.89,-128.6
153,0.59,-0.94,-0.1,-26.89,-7.95,-159.12
154,0.6,-1.04,0.09,-7.69,-7.14,-194.56
155,0.63,-1.12,0.28,21.02,-15.75,-226.65
156,0.71,-1.11,0.34,62.02,-4.51,-238.86
157,0.64,-1.08,0.18,95.69,16.27,-241.72
158,0.43,-0.95,0.01,115.5,9.53,-250.14
159,0.25,-0.82,-0.2,122.79,-5.13,-250.14
160,0.09,-0.66,-0.37,113.52,-14.62,-250.14
161,-0.01,-0.55,-0.51,96.73,-15.44,-250.14
162,-0.06,-0.45,-0.53,75.62,-11.95,-250.14
163,-0.15,-0.39,-0.49,61.31,-6.44,-240.82
164,-0.14,-0.35,-0.45,50.35,8.1,-220.65
165,-0.12,-0.34,-0.42,38.01,25.33,-206.18
166,-0.06,-0.31,-0.52,26.73,39.89,-193.1
167,-0.05,-0.29,-0.53,8.64,55.4,-189.64
168,-0.09,-0.26,-0.56,-7.61,62.6,-192.66
169,-0.11,-0.24,-0.55,-29.81,61.47,-197.52
170,-0.13,-0.21,-0.56,-50.53,61.62,-199.18
171,-0.15,-0.18,-0.55,-73.29,62.34,-205.28
172,-0.18,-0.2,-0.5,-87.7,65.16,-208.67
173,-0.2,-0.18,-0.42,-97.78,73.75,-204.18
174,-0.26,-0.22,-0.42,-104.89,84.98,-195.69
175,-0.33,-0.28,-0.47,-112.24,102.48,-191.87
176,-0.48,-0.32,-0.45,-123.95,101.69,-187.08
177,-0.71,-0.35,-0.4,-151.76,83.64,-190.35
178,-1.03,-0.36,-0.28,-177.53,52.85,-191.47
179,-1.27,-0.43,-0.06,-211.87,17.05,-180.85
180,-1.3,-0.51,0.13,-241.1,0.92,-152.2
181,-1.41,-0.65,0.31,-250.14,9.24,-135.3
182,-1.37,-0.79,0.42,-250.14,33.85,-117.87
183,-1.39,-0.91,0.65,-250.14,56.94,-114.3
184,-1.56,-1.04,1.08,-250.14,72.62,-118.25
185,-1.84,-1.1,1.61,-250.14,67.67,-113.92
186,-2.0,-1.06,1.9,-250.14,97.57,-103.22
187,-2.0,-0.95,2.0,-248.56,141.08,-68.2
188,-2.0,-0.71,2.0,-219.3,151.96,-20.24
189,-2.0,-0.42,2.0,-210.56,115.12,14.85
190,-2.0,-0.14,2.0,-196.82,96.29,77.16
191,-2.0,-0.01,1.96,-190.7,67.85,139.65
192,-2.0,-0.12,1.95,-193.53,48.55,182.11
193,-2.0,-0.37,2.0,-196.96,54.98,212.67
194,-1.82,-0.6,2.0,-200.72,65.36,230.13
195,-1.67,-0.76,2.0,-208.6,58.56,236.08
196,-1.66,-0.91,2.0,-192.45,8.38,240.58
197,-1.46,-1.07,2.0,-168.43,-48.0,250.13
198,-1.17,-1.16,2.0,-135.98,-101.98,250.13
199,-0.7,-1.31,2.0,-91.47,-144.48,250.13
200,-0.03,-1.47,2.0,-58.98,-153.85,250.13
201,0.58,-1.68,2.0,-40.11,-168.08,250.13
202,0.98,-1.73,2.0,2.45,-167.18,250.13
203,1.45,-1.84,2.0,39.89,-176.78,246.53
204,1.6,-1.77,2.0,82.22,-185.61,227.78
205,1.72,-1.7,2.0,108.58,-210.44,193.76
206,1.85,-1.62,2.0,127.61,-226.66,157.08
207,1.9,-1.52,1.81,147.58,-230.0,119.63
208,1.88,-1.37,1.51,169.21,-232.05,91.51
209,1.78,-1.2,1.2,182.24,-236.02,59.98
210,1.65,-1.06,0.94,188.89,-236.81,31.09
211,1.51,-0.92,0.78,190.78,-226.93,5.97
212,1.44,-0.78,0.6,190.18,-205.95,-11.83
213,1.36,-0.65,0.39,184.0,-190.82,-27.99
214,1.29,-0.57,0.27,171.87,-174.16,-42.1
215,1.24,-0.49,0.23,154.66,-150.53,-57.35
216,1.13,-0.44,0.2,139.85,-127.72,-68.27
217,0.98,-0.4,0.19,128.72,-117.85,-81.75
218,0.83,-0.38,0.22,114.88,-109.29,-94.4
219,0.74,-0.34,0.33,102.09,-85.98,-97.55
220,0.6,-0.35,0.41,98.35,-64.99,-93.72
221,0.46,-0.36,0.48,94.71,-54.47,-93.05
222,0.39,-0.37,0.54,91.76,-38.38,-89.39
223,0.26,-0.36,0.61,92.02,-25.11,-76.94
224,0.12,-0.34,0.63,94.56,-19.74,-60.34
225,0.11,-0.27,0.57,90.92,-9.79,-42.32
226,0.22,-0.19,0.45,70.98,7.6,-40.85
227,0.32,-0.15,0.4,58.14,-1.79,-55.02
228,0.38,-0.09,0.42,48.37,-14.98,-65.24
229,0.34,-0.05,0.46,42.0,-15.4,-67.53
230,0.31,0.03,0.43,33.84,-1.48,-64.95
231,0.26,0.07,0.42,25.18,7.79,-60.94
232,0.24,0.07,0.47,17.83,10.72,-53.53
233,0.27,0.06,0.53,12.82,12.0,-56.34
234,0.33,0.05,0.59,11.65,6.44,-59.08
235,0.33,0.07,0.62,14.12,-4.85,-62.25
236,0.3,0.1,0.63,16.79,-18.86,-65.21
237,0.3,0.14,0.57,10.85,-17.9,-68.34
238,0.28,0.17,0.54,6.12,-14.02,-70.42
239,0.25,0.19,0.58,1.77,-4.92,-66.05
240,0.2,0.22,0.62,-1.9,1.28,-61.17
241,0.17,0.25,0.61,-5.02,2.22,-54.94
242,0.16,0.27,0.61,-10.95,0.73,-48.86
243,0.13,0.26,0.65,-14.25,-5.47,-39.84
244,0.13,0.26,0.68,-19.17,-3.08,-35.16
245,0.11,0.21,0.78,-17.79,-7.64,-27.92
246,0.18,0.23,0.74,-26.48,2.53,-20.91
247,0.22,0.21,0.79,-26.43,8.55,-17.13
248,0.24,0.19,0.8,-24.52,6.34,-17.78
249,0.27,0.21,1.0,-3.04,5.7,-13.56
250,0.39,0.18,0.79,-15.16,20.92,-15.64
251,0.34,0.17,0.77,-23.02,15.39,-30.95
252,0.33,0.18,0.9,-22.38,11.27,-36.7
253,0.29,0.22,0.93,-14.33,14.22,-33.11
254,0.23,0.27,0.87,-13.81,17.08,-30.56
255,0.19,0.31,0.84,-17.74,15.95,-27.63
256,0.19,0.31,0.84,-21.98,11.82,-25.71
257,0.21,0.29,0.86,-25.83,6.86,-24.62
258,0.22,0.27,0.9,-28.24,4.92,-22.31
259,0.23,0.25,0.93,-27.5,2.34,-19.76
260,0.24,0.23,0.98,-25.24,1.6,-19.13
261,0.3,0.21,1.0,-22.25,5.22,-20.12
262,0.31,0.22,0.95,-20.05,7.52,-18.81
263,0.31,0.21,0.94,-20.02,12.94,-19.26
264,0.28,0.21,0.95,-19.96,14.64,-20.3
265,0.25,0.22,0.96,-19.44,9.87,-20.89
266,0.23,0.22,0.96,-18.46,4.96,-18.79
267,0.25,0.23,0.95,-17.74,1.56,-15.0
268,0.27,0.24,0.92,-17.4,-0.47,-12.41
269,0.28,0.23,0.92,-17.4,-0.93,-10.98
270,0.33,0.25,0.9,-25.39,-2.78,-11.78
271,0.31,0.24,0.91,-18.08,-4.93,-7.05
272,0.34,0.23,0.9,-17.75,-8.38,-4.89
273,0.38,0.21,0.89,-16.69,-15.53,-5.8
274,0.4,0.21,0.87,-13.44,-24.31,-8.32
275,0.42,0.2,0.86,-18.44,-22.17,-12.94
276,0.4,0.18,0.87,-11.61,-31.58,-16.02
277,0.44,0.2,0.85,-18.95,-23.05,-17.66
278,0.41,0.19,0.86,-19.6,-15.94,-17.11
279,0.39,0.2,0.87,-20.72,-13.4,-15.54
280,0.37,0.18,0.89,-22.0,-8.49,-13.79
281,0.38,0.17,0.91,-21.64,-3.58,-12.58
282,0.35,0.14,0.94,-21.03,0.33,-11.66
283,0.36,0.15,0.95,-22.35,7.96,-8.17
284,0.36,0.13,0.96,-21.69,11.31,-8.26
285,0.35,0.13,1.0,-19.0,2.79,-8.32
286,0.35,0.12,1.02,-14.43,-6.79,-8.79
287,0.35,0.13,1.0,-9.66,-18.52,-9.79
288,0.39,0.14,0.94,-14.07,-17.7,-12.69
289,0.35,0.16,1.0,-20.5,-35.98,-9.46
290,0.45,0.12,0.9,-9.03,-27.53,-20.76
291,0.47,0.14,0.85,-18.71,-10.52,-15.39
292,0.46,0.13,0.9,-18.71,0.17,-13.03
293,0.44,0.13,0.91,-18.26,3.31,-13.55
294,0.43,0.13,0.91,-16.85,8.44,-13.6
295,0.43,0.14,0.91,-15.33,11.98,-14.26
296,0.4,0.14,0.92,-14.69,14.63,-14.62
297,0.37,0.15,0.91,-15.07,15.69,-14.41
298,0.35,0.16,0.91,-16.91,15.21,-13.67
299,0.36,0.16,0.92,-18.31,16.56,-12.53
300,0.37,0.14,0.92,-18.44,16.25,-12.44
301,0.39,0.14,0.93,-18.49,14.73,-12.27
302,0.38,0.14,0.94,-18.88,15.47,-12.18
303,0.38,0.14,0.96,-16.76,10.67,-10.99
304,0.37,0.14,0.96,-14.36,1.99,-10.66
305,0.36,0.15,0.95,-13.02,-4.04,-11.63
306,0.38,0.14,0.94,-13.38,-5.96,-13.49
307,0.4,0.11,0.91,-14.93,-7.83,-16.02
308,0.37,0.13,0.95,-10.92,-5.95,-16.48
309,0.36,0.14,0.96,-14.28,-2.4,-15.6
310,0.35,0.13,0.96,-15.44,-0.46,-15.13
311,0.36,0.13,0.96,-14.53,0.09,-12.87
312,0.36,0.12,0.95,-15.74,-2.21,-13.09
313,0.37,0.12,0.94,-15.4,-3.59,-14.99
314,0.37,0.11,0.97,-8.7,0.26,-14.58
315,0.35,0.12,0.96,-10.91,-1.6,-14.41
316,0.35,0.12,0.96,-8.91,-2.51,-12.69
317,0.34,0.14,0.96,-4.06,-1.21,-11.54
318,0.35,0.13,0.93,-6.71,1.29,-9.75
319,0.36,0.13,0.92,-10.44,3.34,-9.16
320,0.36,0.12,0.94,-10.1,-1.16,-10.26
321,0.37,0.12,0.94,-9.63,-1.75,-11.24
322,0.36,0.13,0.96,-7.44,-8.1,-7.97
323,0.32,0.12,1.0,-2.38,-24.29,-7.52
324,0.35,0.1,0.92,-1.71,-40.16,-13.32
325,0.39,0.11,0.92,-9.39,-32.35,-14.29
326,0.4,0.1,0.91,-7.88,-17.93,-9.56
327,0.35,0.12,0.97,-15.53,-21.92,-3.75
328,0.34,0.09,0.91,-6.6,-19.17,-6.11
329,0.39,0.1,0.93,-6.11,-6.11,-9.44
330,0.38,0.12,0.91,-10.82,1.38,-3.92
331,0.35,0.11,0.92,-10.58,0.27,-6.35
332,0.35,0.11,0.93,-9.67,-3.0,-7.92
333,0.36,0.11,0.91,-10.77,2.11,-7.91
334,0.35,0.13,0.91,-10.69,8.66,-6.4
335,0.35,0.14,0.91,-12.68,14.15,-4.8
336,0.35,0.14,0.91,-13.16,19.56,-3.08
337,0.34,0.12,0.92,-12.89,21.54,-2.5
338,0.32,0.12,0.93,-13.76,21.05,-1.98
339,0.33,0.12,0.94,-13.43,16.55,-2.32
340,0.34,0.12,0.95,-13.38,11.88,-1.96
341,0.35,0.09,0.97,-12.21,10.43,-1.83
342,0.37,0.08,0.96,-10.18,10.95,-1.98
343,0.37,0.09,0.96,-10.08,11.74,-1.67
344,0.37,0.1,0.95,-9.11,9.48,-1.09
345,0.39,0.1,0.94,-9.85,9.31,-0.02
346,0.39,0.1,0.93,-9.24,8.88,-0.29
347,0.39,0.08,0.93,-7.4,8.26,-0.39
348,0.38,0.09,0.94,-5.87,10.28,0.81
349,0.38,0.08,0.94,-6.18,13.31,0.82
350,0.36,0.08,0.93,-5.69,10.09,-1.31
351,0.37,0.08,0.93,-4.85,6.11,-2.58
352,0.38,0.09,0.92,-6.0,6.44,-2.96
353,0.38,0.09,0.9,-5.85,3.79,-3.92
354,0.35,0.09,0.91,-6.73,1.28,-4.96
355,0.35,0.08,0.93,-6.15,1.21,-3.24
356,0.35,0.07,0.94,-5.35,2.99,-2.5
357,0.34,0.08,0.93,-6.44,2.41,-3.78
358,0.33,0.08,0.94,-6.76,1.83,-4.92
359,0.32,0.08,0.95,-6.22,1.9,-3.53
360,0.31,0.08,0.95,-5.53,1.37,-2.57
361,0.32,0.08,0.95,-5.39,-1.24,-3.53
362,0.33,0.08,0.95,-5.79,-9.26,-6.25
363,0.32,0.07,0.96,-0.49,-19.66,-7.99
364,0.31,0.1,0.9,-0.58,-22.69,-6.03
365,0.32,0.08,0.95,-0.13,-17.15,-4.21
366,0.34,0.09,0.92,-0.85,-10.97,-1.69
367,0.33,0.1,0.94,-4.64,-8.14,-2.61
368,0.34,0.09,0.95,-6.15,-4.0,-0.12
369,0.33,0.09,0.95,-5.37,-3.64,1.48
370,0.35,0.09,0.96,-4.95,-3.62,1.27
371,0.38,0.09,0.92,-5.02,-3.4,0.29
372,0.38,0.09,0.94,-4.56,-1.32,-0.31
373,0.39,0.09,0.95,-6.08,1.63,0.45
374,0.39,0.08,0.94,-4.72,0.91,-0.2
375,0.4,0.07,0.95,-3.88,1.47,-0.85
376,0.38,0.08,0.95,-3.98,2.47,-1.63
377,0.39,0.07,0.97,-3.05,2.21,-1.26
378,0.4,0.07,0.96,-1.74,2.03,-1.36
379,0.39,0.07,0.95,-1.76,3.32,-2.38
380,0.38,0.08,0.95,-2.0,3.49,-2.62
381,0.37,0.08,0.95,-1.9,1.81,-3.27
382,0.38,0.08,0.94,-3.38,-1.27,-6.31
383,0.38,0.08,0.95,-3.79,0.29,-7.03
384,0.36,0.08,0.95,-2.49,2.51,-6.02
385,0.36,0.08,0.96,-1.73,3.52,-5.69
386,0.36,0.08,0.93,-2.1,3.29,-5.2
387,0.34,0.08,0.94,-2.22,3.55,-5.6
388,0.33,0.08,0.95,-2.09,1.74,-5.25
389,0.34,0.1,0.95,-2.65,0.96,-4.65
390,0.34,0.08,0.94,-2.7,-0.42,-5.44
391,0.33,0.08,0.94,-2.58,-3.17,-5.6
392,0.33,0.08,0.93,-2.95,-4.3,-6.69
393,0.32,0.08,0.93,-3.45,-4.31,-7.0
394,0.32,0.08,0.92,-3.33,-5.03,-6.85
395,0.3,0.07,0.95,-4.02,-4.45,-6.02
396,0.32,0.07,0.95,-3.43,-2.84,-4.15
397,0.34,0.07,0.93,-2.69,-1.83,-3.2
398,0.33,0.08,0.93,-2.89,-1.08,-2.54
399,0.33,0.08,0.93,-3.02,-1.67,-1.94
