,accel_x,accel_y,accel_z,gyro_x,gyro_y,gyro_z
0,0.26,0.04,0.96,-4.59,-4.83,2.41
1,0.25,0.05,0.96,-4.85,-6.43,2.08
2,0.26,0.06,0.92,-7.05,-9.16,-1.89
3,0.23,0.07,0.93,-8.69,-15.83,-4.71
4,0.23,0.09,0.91,-14.38,-17.72,-6.31
5,0.24,0.08,0.9,-14.34,-18.98,-6.59
6,0.24,0.09,0.91,-20.8,-18.31,-4.89
7,0.25,0.08,0.93,-25.47,-24.26,-6.79
8,0.27,0.06,0.93,-21.34,-17.55,-2.37
9,0.28,0.06,0.94,-25.02,-10.33,-2.22
10,0.29,0.04,0.95,-24.21,-12.51,-4.99
11,0.29,0.03,0.96,-22.23,-16.58,-4.18
12,0.29,0.02,0.98,-19.88,-14.22,-4.34
13,0.32,0.01,0.97,-16.3,-11.17,-2.56
14,0.33,0.01,0.96,-15.21,-12.0,-3.68
15,0.33,0.01,0.95,-14.04,-12.39,-4.72
16,0.3,0.02,0.96,-12.23,-11.03,-5.05
17,0.29,0.01,0.95,-10.58,-8.65,-3.9
18,0.27,0.03,0.93,-10.23,-8.27,-4.96
19,0.26,0.02,0.93,-11.28,-10.02,-6.34
20,0.27,0.02,0.94,-11.86,-10.12,-5.58
21,0.28,-0.0,0.94,-10.92,-7.17,-1.85
22,0.3,0.0,0.95,-9.83,-3.64,-1.17
23,0.3,-0.01,0.95,-9.02,-2.38,-3.0
24,0.31,-0.0,0.93,-9.34,-2.53,-5.14
25,0.32,-0.01,0.93,-10.03,-4.41,-8.0
26,0.3,0.0,0.95,-10.44,-5.49,-10.0
27,0.28,0.01,0.96,-10.23,-7.71,-11.15
28,0.29,0.0,0.97,-9.24,-7.21,-9.29
29,0.29,0.0,0.97,-7.26,-3.94,-5.6
30,0.31,0.0,0.96,-6.05,-1.29,-2.79
31,0.3,-0.0,0.97,-5.25,-2.35,-3.37
32,0.28,0.0,0.99,-4.03,-0.9,-1.47
33,0.27,0.0,0.98,-3.61,2.56,0.56
34,0.25,0.0,0.98,-3.92,1.34,0.74
35,0.28,-0.0,0.98,-3.78,0.24,2.54
36,0.31,-0.01,0.96,-4.93,0.22,0.85
37,0.31,-0.02,0.97,-6.82,-2.56,-2.62
38,0.31,-0.03,1.02,-5.61,-6.22,-2.52
39,0.31,-0.03,1.03,-3.82,-3.47,-1.56
40,0.32,-0.05,1.04,-2.02,-0.62,-1.18
41,0.33,-0.05,1.03,-0.47,1.95,-2.89
42,0.34,-0.04,1.01,-0.52,3.15,-5.82
43,0.3,-0.03,1.01,-0.56,-0.05,-6.99
44,0.28,-0.04,1.04,0.63,-2.97,-7.53
45,0.29,-0.04,1.04,3.27,-2.11,-7.31
46,0.28,-0.04,1.04,6.31,-0.73,-6.04
47,0.29,-0.04,1.01,7.63,-0.15,-6.82
48,0.28,-0.0,0.98,12.66,1.33,-9.63
49,0.3,-0.01,0.97,5.14,0.74,-9.11
50,0.29,0.0,0.95,3.89,1.47,-7.52
51,0.27,0.01,0.97,3.27,-0.99,-7.4
52,0.26,0.01,0.99,4.69,-4.63,-6.97
53,0.25,-0.0,0.96,5.73,-7.58,-6.77
54,0.25,0.01,0.97,4.34,-8.59,-7.42
55,0.25,0.01,0.95,3.83,-8.83,-6.69
56,0.25,0.02,0.93,2.82,-11.56,-8.79
57,0.25,0.02,0.94,0.5,-14.6,-9.56
58,0.27,0.02,0.96,-0.06,-16.27,-9.44
59,0.28,0.01,0.97,1.25,-17.15,-7.95
60,0.3,0.0,0.97,0.57,-17.22,-9.56
61,0.33,0.0,0.96,1.05,-16.8,-11.27
62,0.34,0.01,0.95,2.05,-15.73,-10.4
63,0.33,0.03,0.94,1.27,-15.34,-11.26
64,0.32,0.03,0.95,2.5,-17.2,-10.72
65,0.31,0.04,0.95,1.81,-15.87,-9.59
66,0.3,0.04,0.96,0.85,-11.75,-6.93
67,0.32,0.04,0.95,-0.3,-6.34,-4.33
68,0.35,0.03,0.94,-0.61,-5.79,-3.41
69,0.36,0.04,0.93,-1.64,-6.89,-3.17
70,0.36,0.04,0.95,-0.42,-5.45,-0.18
71,0.35,0.03,0.95,-0.93,-5.22,-1.78
72,0.36,0.03,0.94,-1.16,-4.08,-2.91
73,0.35,0.04,0.92,-1.27,-5.5,-3.89
74,0.34,0.05,0.92,-1.98,-8.89,-5.36
75,0.33,0.04,0.93,-2.82,-10.21,-5.31
76,0.34,0.03,0.92,-4.06,-8.05,-4.5
77,0.34,0.02,0.92,-4.08,-8.74,-4.65
78,0.33,0.01,0.94,-4.23,-8.7,-3.9
79,0.32,-0.0,0.94,-4.12,-4.85,-1.4
80,0.33,-0.01,0.93,-3.85,-4.22,-0.61
81,0.32,-0.01,0.94,-2.53,-5.34,-0.27
82,0.31,-0.01,0.94,-2.36,-3.74,0.35
83,0.33,-0.01,0.92,-2.12,-0.74,1.0
84,0.32,-0.01,0.91,-3.17,-0.74,-0.77
85,0.3,-0.0,0.92,-2.81,-3.54,-0.63
86,0.3,-0.0,0.92,-2.29,-2.68,1.24
87,0.3,0.01,0.91,-2.93,-2.23,1.89
88,0.31,0.01,0.91,-4.23,-3.39,1.4
89,0.31,0.02,0.9,-4.96,-2.58,1.24
90,0.33,0.02,0.91,-6.45,-0.65,1.44
91,0.35,0.03,0.9,-7.17,-2.43,0.91
92,0.35,0.03,0.9,-7.82,-4.73,-1.19
93,0.34,0.04,0.91,-8.32,-7.95,-3.46
94,0.36,0.02,0.92,-6.59,-8.31,1.15
95,0.33,0.03,0.92,-5.93,-4.35,2.76
96,0.32,0.03,0.94,-6.67,0.74,5.97
97,0.33,0.03,0.94,-7.0,3.31,6.67
98,0.33,0.03,0.94,-7.64,2.26,6.69
99,0.32,0.03,0.96,-7.98,-0.15,5.68
100,0.33,0.03,0.96,-8.66,-0.25,4.05
101,0.33,0.03,0.97,-8.4,-2.84,2.4
102,0.35,0.03,1.01,-7.19,-3.94,1.63
103,0.36,0.02,0.99,-4.44,-5.78,-1.44
104,0.36,0.03,1.01,-4.93,-2.22,2.56
105,0.34,0.01,1.01,-2.79,-6.11,3.98
106,0.37,0.01,1.02,-1.49,-0.71,6.98
107,0.4,0.01,1.0,0.44,-2.67,5.06
108,0.4,0.0,1.01,0.35,-1.69,3.32
109,0.38,0.01,1.02,0.89,-6.87,0.21
110,0.37,0.0,1.04,2.36,-8.07,-0.86
111,0.35,0.01,1.04,4.14,-7.18,-0.13
112,0.34,0.02,1.02,4.87,-6.78,-0.33
113,0.33,0.03,1.02,5.05,-7.21,0.87
114,0.31,0.03,1.04,6.33,-8.32,2.29
115,0.32,0.03,1.06,7.66,-7.53,3.12
116,0.33,0.02,1.05,9.61,-5.94,3.95
117,0.31,0.04,1.02,9.92,-7.51,3.61
118,0.28,0.04,1.03,9.39,-14.98,1.21
119,0.26,0.04,1.04,9.11,-21.82,0.82
120,0.24,0.03,1.05,9.92,-25.02,1.37
121,0.26,0.03,1.04,10.29,-26.5,3.37
122,0.33,0.03,1.0,9.23,-24.92,5.09
123,0.35,0.03,1.01,7.53,-26.34,4.82
124,0.39,0.02,1.03,7.69,-27.15,6.63
125,0.4,0.01,1.06,7.93,-27.74,6.24
126,0.42,-0.01,1.06,10.18,-31.6,4.02
127,0.41,-0.03,1.11,12.95,-34.42,-0.03
128,0.46,-0.05,1.14,17.47,-30.58,0.63
129,0.49,-0.05,1.13,23.47,-26.79,-0.13
130,0.51,-0.05,1.11,26.11,-26.44,-2.01
131,0.55,-0.04,1.08,28.59,-27.92,-5.64
132,0.58,-0.04,1.08,30.21,-27.54,-7.77
133,0.61,-0.04,1.07,33.4,-28.24,-8.97
134,0.61,-0.05,1.1,37.18,-30.99,-14.7
135,0.66,-0.04,1.09,41.27,-34.32,-19.76
136,0.67,-0.05,1.07,43.69,-36.32,-25.12
137,0.69,-0.06,1.09,46.97,-37.79,-30.47
138,0.7,-0.07,1.07,49.35,-33.01,-33.21
139,0.72,-0.08,1.07,55.7,-32.56,-37.87
140,0.77,-0.07,1.04,57.93,-31.9,-40.8
141,0.84,-0.07,1.01,60.56,-26.23,-42.42
142,0.91,-0.07,0.95,63.82,-22.69,-46.42
143,0.93,-0.05,0.92,66.86,-19.34,-47.16
144,0.96,-0.05,0.88,68.72,-14.33,-51.67
145,1.0,-0.04,0.83,69.21,-4.29,-54.01
146,1.04,-0.03,0.74,73.05,8.71,-59.79
147,1.02,0.0,0.66,71.9,19.53,-63.5
148,0.98,0.03,0.61,75.58,31.04,-62.73
149,0.97,0.06,0.49,79.85,47.63,-64.81
150,0.98,0.12,0.34,73.75,60.49,-67.34
151,0.91,0.17,0.12,75.06,70.27,-74.11
152,0.85,0.24,0.07,64.23,61.7,-87.17
153,0.81,0.26,-0.05,50.59,45.24,-102.09
154,0.77,0.27,-0.17,27.5,41.62,-106.98
155,0.68,0.29,-0.22,21.61,52.5,-114.33
156,0.62,0.28,-0.32,8.54,74.32,-112.07
157,0.49,0.29,-0.42,-9.04,81.76,-111.6
158,0.39,0.29,-0.48,-35.08,93.36,-104.08
159,0.3,0.28,-0.5,-48.51,100.31,-93.18
160,0.18,0.28,-0.6,-67.1,98.12,-96.96
161,0.06,0.26,-0.67,-99.02,97.85,-97.63
162,-0.07,0.23,-0.67,-124.37,129.04,-92.18
163,-0.23,0.23,-0.67,-151.66,152.98,-75.4
164,-0.41,0.2,-0.66,-176.24,159.32,-62.84
165,-0.55,0.17,-0.61,-201.64,160.93,-57.49
166,-0.7,0.15,-0.56,-229.0,155.1,-55.56
167,-0.83,0.09,-0.51,-250.14,134.03,-60.67
168,-1.0,0.03,-0.5,-250.14,101.27,-59.4
169,-1.18,-0.09,-0.49,-250.14,69.5,-53.13
170,-1.48,-0.27,-0.53,-250.14,41.31,-41.85
171,-1.91,-0.46,-0.34,-250.14,-1.93,-29.1
172,-2.0,-0.69,-0.06,-250.14,-45.79,-20.89
173,-2.0,-0.99,0.29,-250.14,-81.3,-10.37
174,-2.0,-1.16,0.9,-250.14,-132.07,7.16
175,-2.0,-1.34,1.23,-250.14,-93.76,68.77
176,-1.69,-1.41,1.36,-250.14,-1.61,109.1
177,-1.63,-1.25,1.31,-250.14,2.66,119.98
178,-1.77,-1.07,1.25,-250.14,-50.65,127.28
179,-1.83,-0.96,1.16,-250.14,-107.11,133.53
180,-1.93,-0.94,1.11,-250.14,-155.82,155.77
181,-2.0,-1.06,1.12,-250.14,-191.97,186.28
182,-1.92,-1.3,1.16,-250.14,-203.47,219.5
183,-1.75,-1.54,1.23,-250.14,-202.01,250.13
184,-1.64,-1.85,1.33,-250.14,-239.15,250.13
185,-1.26,-2.0,1.33,-233.21,-250.14,250.13
186,-0.79,-2.0,1.47,-226.85,-250.14,250.13
187,-0.42,-2.0,1.59,-197.07,-250.14,250.13
188,-0.08,-2.0,1.71,-160.75,-250.14,245.21
189,0.21,-2.0,1.77,-113.56,-250.14,233.92
190,0.54,-2.0,1.71,-64.0,-250.14,199.64
191,0.72,-2.0,1.59,-22.73,-250.14,158.79
192,0.75,-2.0,1.42,22.07,-250.14,127.15
193,0.84,-2.0,1.14,54.87,-250.14,110.8
194,1.03,-2.0,0.91,68.93,-250.14,95.35
195,1.14,-2.0,0.85,85.3,-250.14,87.02
196,1.13,-2.0,0.83,101.48,-250.14,77.34
197,1.17,-2.0,0.81,129.81,-250.14,74.1
198,1.18,-2.0,0.71,153.0,-250.14,55.16
199,1.27,-2.0,0.64,175.18,-250.14,28.3
200,1.32,-2.0,0.54,196.29,-245.6,5.23
201,1.26,-2.0,0.48,198.02,-218.47,-7.09
202,1.13,-1.81,0.53,217.47,-190.82,-12.55
203,1.08,-1.67,0.41,227.48,-164.22,-13.11
204,0.95,-1.54,0.34,236.95,-152.34,-22.85
205,0.86,-1.42,0.34,237.16,-144.24,-32.77
206,0.85,-1.36,0.31,242.59,-130.63,-38.02
207,0.83,-1.29,0.22,245.06,-125.63,-50.12
208,0.83,-1.26,0.17,240.02,-130.06,-62.11
209,0.82,-1.18,0.13,232.45,-126.56,-73.45
210,0.91,-1.2,0.09,222.34,-114.85,-86.35
211,1.0,-1.16,0.08,211.63,-99.31,-108.81
212,1.02,-1.15,0.13,197.02,-83.75,-131.21
213,0.99,-1.18,0.27,190.13,-79.82,-149.53
214,1.0,-1.16,0.38,198.73,-77.71,-168.72
215,1.01,-1.14,0.34,203.58,-83.15,-190.21
216,1.04,-1.1,0.29,204.18,-83.25,-212.79
217,0.99,-1.02,0.21,202.6,-83.46,-230.33
218,0.9,-0.95,0.15,198.51,-91.27,-250.14
219,0.79,-0.86,0.07,189.29,-105.32,-250.14
220,0.71,-0.78,-0.04,176.15,-109.4,-250.14
221,0.57,-0.72,-0.08,156.78,-95.95,-250.14
222,0.51,-0.65,-0.09,145.24,-68.6,-250.14
223,0.35,-0.54,-0.09,141.72,-48.36,-247.07
224,0.3,-0.43,-0.12,129.79,-21.71,-227.96
225,0.28,-0.35,-0.16,113.64,-7.97,-206.21
226,0.31,-0.24,-0.22,98.58,6.21,-186.05
227,0.31,-0.18,-0.31,85.72,16.11,-177.06
228,0.32,-0.19,-0.29,52.19,14.63,-170.84
229,0.33,-0.2,-0.23,31.16,7.21,-172.55
230,0.4,-0.25,-0.15,15.34,3.73,-178.54
231,0.4,-0.26,-0.06,7.33,12.69,-182.2
232,0.33,-0.23,0.06,3.99,19.85,-179.95
233,0.25,-0.19,0.08,-3.87,26.27,-175.07
234,0.18,-0.11,0.09,6.95,42.89,-165.82
235,0.14,-0.05,0.01,4.22,56.2,-152.57
236,0.13,0.04,-0.03,1.66,59.52,-146.26
237,0.15,0.08,-0.1,-13.85,57.62,-140.84
238,0.15,0.13,-0.08,-25.98,62.99,-140.08
239,0.25,0.15,0.01,-38.82,69.7,-137.31
240,0.37,0.16,-0.01,-43.85,53.71,-141.47
241,0.34,0.21,-0.06,-45.85,18.79,-149.39
242,0.28,0.23,-0.07,-54.92,17.96,-153.25
243,0.23,0.22,-0.05,-63.6,45.87,-147.02
244,0.21,0.21,-0.09,-66.89,68.25,-134.34
245,0.17,0.18,-0.07,-69.56,91.68,-131.93
246,0.16,0.13,-0.02,-84.34,111.08,-138.01
247,0.19,0.09,0.12,-88.84,103.05,-138.06
248,0.01,0.14,0.14,-80.76,83.27,-148.18
249,-0.2,0.21,0.12,-84.0,55.02,-166.98
250,-0.17,0.16,0.21,-98.0,48.95,-158.95
251,-0.27,0.12,0.28,-101.24,66.51,-148.46
252,-0.35,0.1,0.32,-95.13,67.32,-136.09
253,-0.37,0.11,0.33,-104.84,85.31,-136.43
254,-0.4,0.13,0.37,-120.15,104.24,-131.39
255,-0.47,0.1,0.47,-126.67,91.67,-127.28
256,-0.51,0.05,0.48,-136.18,45.66,-141.6
257,-0.46,0.02,0.53,-151.12,11.04,-155.62
258,-0.41,-0.04,0.59,-159.7,5.73,-156.66
259,-0.34,-0.09,0.58,-167.59,17.47,-152.12
260,-0.38,-0.16,0.63,-168.49,25.75,-143.09
261,-0.38,-0.16,0.66,-173.93,54.6,-127.89
262,-0.44,-0.14,0.67,-177.77,90.7,-113.76
263,-0.54,-0.14,0.66,-179.32,116.21,-103.63
264,-0.78,-0.12,0.69,-181.47,106.79,-94.47
265,-0.93,-0.13,0.7,-191.87,74.27,-97.54
266,-0.94,-0.22,0.68,-199.89,50.02,-99.77
267,-0.88,-0.22,0.68,-206.67,57.36,-91.82
268,-0.99,-0.28,0.73,-219.47,63.64,-80.79
269,-1.19,-0.35,0.82,-225.24,64.6,-65.39
270,-1.27,-0.39,0.9,-228.48,74.92,-51.34
271,-1.48,-0.43,1.04,-225.6,59.39,-30.53
272,-1.63,-0.52,1.15,-228.98,31.76,-14.1
273,-1.65,-0.56,1.38,-229.53,15.69,-2.25
274,-1.55,-0.62,1.53,-216.13,21.95,24.31
275,-1.48,-0.67,1.4,-207.94,24.84,51.08
276,-1.39,-0.7,1.39,-204.15,10.91,58.73
277,-1.24,-0.72,1.46,-203.24,9.62,54.45
278,-1.13,-0.69,1.44,-204.66,11.78,60.42
279,-1.12,-0.65,1.48,-203.63,-7.8,57.05
280,-1.07,-0.62,1.51,-203.38,-20.95,64.94
281,-1.15,-0.62,1.52,-195.04,-49.98,69.47
282,-1.2,-0.61,1.51,-190.9,-83.84,72.95
283,-1.25,-0.65,1.53,-186.6,-119.0,74.87
284,-1.29,-0.71,1.58,-180.69,-140.02,80.65
285,-1.32,-0.79,1.61,-171.6,-163.05,94.14
286,-1.25,-0.86,1.62,-150.41,-188.6,112.28
287,-1.24,-0.93,1.54,-126.47,-213.78,138.64
288,-1.24,-1.0,1.38,-112.28,-228.29,176.74
289,-1.08,-1.11,1.1,-109.53,-222.32,210.45
290,-0.79,-1.26,0.94,-109.21,-199.24,241.27
291,-0.62,-1.4,0.97,-103.61,-189.7,250.13
292,-0.51,-1.38,0.93,-85.05,-197.08,250.13
293,-0.44,-1.42,0.81,-74.67,-227.47,250.13
294,-0.36,-1.42,0.65,-55.18,-250.14,250.13
295,-0.25,-1.48,0.46,-59.95,-250.14,250.13
296,0.0,-1.59,0.47,-48.3,-250.14,250.13
297,0.33,-1.76,0.55,-42.85,-250.14,250.13
298,0.65,-1.85,0.65,-32.61,-217.92,250.13
299,0.89,-1.9,0.83,-19.63,-199.45,250.13
300,1.27,-1.94,0.98,3.55,-176.35,227.23
301,1.64,-1.9,1.04,31.5,-145.51,173.5
302,1.72,-1.85,1.15,53.22,-132.81,94.51
303,1.69,-1.7,1.2,86.47,-142.81,23.64
304,1.52,-1.56,1.16,118.46,-165.75,-36.71
305,1.31,-1.39,1.03,141.98,-168.85,-78.85
306,1.06,-1.26,0.96,158.59,-153.17,-102.41
307,0.89,-1.11,0.79,166.69,-134.53,-118.82
308,0.77,-0.98,0.67,172.53,-118.65,-124.68
309,0.67,-0.85,0.55,173.08,-95.6,-126.15
310,0.52,-0.7,0.49,167.61,-74.5,-124.16
311,0.39,-0.59,0.49,165.98,-60.45,-115.59
312,0.31,-0.48,0.45,159.42,-54.27,-105.93
313,0.27,-0.4,0.36,148.52,-42.14,-92.29
314,0.25,-0.31,0.32,136.82,-24.6,-76.09
315,0.2,-0.25,0.31,119.74,-6.08,-61.53
316,0.16,-0.22,0.33,106.17,0.34,-50.08
317,0.15,-0.2,0.36,91.7,-0.6,-42.56
318,0.17,-0.2,0.39,76.52,4.67,-39.82
319,0.15,-0.17,0.45,62.31,10.75,-39.45
320,0.18,-0.18,0.48,50.34,9.05,-46.36
321,0.21,-0.2,0.55,37.74,-3.98,-59.7
322,0.2,-0.21,0.63,28.02,-24.27,-77.31
323,0.26,-0.21,0.68,22.49,-39.63,-93.48
324,0.27,-0.22,0.69,16.6,-44.73,-104.5
325,0.22,-0.2,0.69,7.02,-48.76,-111.46
326,0.16,-0.19,0.77,15.04,-58.74,-115.37
327,0.1,-0.17,0.77,14.72,-55.69,-107.11
328,0.04,-0.16,0.75,16.06,-40.34,-90.66
329,0.01,-0.14,0.72,16.15,-27.45,-71.27
330,0.02,-0.12,0.73,13.08,-21.43,-58.24
331,0.02,-0.11,0.74,12.11,-8.27,-41.95
332,0.08,-0.11,0.78,7.9,2.73,-29.72
333,0.18,-0.12,0.79,8.92,6.5,-22.94
334,0.28,-0.15,0.78,5.66,12.12,-23.69
335,0.3,-0.15,0.82,4.53,9.42,-29.82
336,0.32,-0.15,0.87,4.15,1.47,-35.98
337,0.33,-0.15,0.9,7.31,-10.96,-46.14
338,0.33,-0.14,0.9,10.59,-17.33,-53.94
339,0.32,-0.1,0.87,13.71,-13.63,-56.48
340,0.31,-0.05,0.81,12.97,-17.18,-60.37
341,0.3,-0.01,0.76,11.31,-21.63,-61.2
342,0.3,0.02,0.72,4.55,-19.83,-60.13
343,0.25,0.03,0.72,-2.24,-17.59,-58.01
344,0.2,0.03,0.74,-6.03,-8.39,-46.42
345,0.2,0.02,0.77,-8.65,-5.78,-38.37
346,0.21,-0.0,0.81,-10.19,-3.94,-29.33
347,0.21,-0.01,0.85,-9.44,3.83,-17.85
348,0.2,-0.01,0.86,-10.17,9.33,-10.54
349,0.27,-0.04,0.85,-10.52,12.53,-3.91
350,0.3,-0.06,0.87,-10.35,14.76,-2.05
351,0.28,-0.08,0.91,-11.97,15.3,-1.94
352,0.3,-0.1,0.93,-11.89,17.31,-1.63
353,0.3,-0.11,0.93,-9.3,14.25,-1.34
354,0.29,-0.11,0.95,-10.79,9.5,-3.81
355,0.31,-0.11,0.94,-13.29,7.86,-6.69
356,0.33,-0.1,0.94,-16.39,4.24,-11.82
357,0.35,-0.11,0.95,-18.53,2.03,-13.25
358,0.34,-0.1,0.95,-18.4,1.73,-15.31
359,0.32,-0.12,1.0,-19.18,3.03,-11.82
360,0.36,-0.14,1.01,-17.41,8.67,-9.66
361,0.38,-0.15,1.02,-15.81,11.9,-10.55
362,0.36,-0.15,1.04,-13.25,8.86,-11.89
363,0.38,-0.15,1.05,-9.34,7.27,-10.19
364,0.41,-0.15,1.03,-7.63,7.51,-12.95
365,0.4,-0.17,1.02,-5.62,5.19,-15.26
366,0.41,-0.18,1.05,-2.37,4.6,-17.98
367,0.44,-0.17,1.02,-0.57,6.11,-19.1
368,0.45,-0.17,1.0,-2.7,8.66,-21.23
369,0.44,-0.17,1.01,2.34,7.18,-25.41
370,0.46,-0.15,0.97,1.48,6.11,-31.11
371,0.46,-0.15,0.98,1.21,1.46,-38.47
372,0.44,-0.15,1.0,3.81,-0.1,-42.46
373,0.46,-0.14,0.94,6.17,8.83,-41.19
374,0.47,-0.12,0.88,4.37,16.46,-44.98
375,0.41,-0.09,0.87,1.39,17.53,-47.29
376,0.35,-0.09,0.87,-0.01,16.69,-50.11
377,0.32,-0.09,0.88,0.63,14.35,-50.56
378,0.24,-0.08,0.87,2.18,17.05,-47.38
379,0.19,-0.06,0.85,0.35,18.58,-44.35
380,0.14,-0.04,0.83,-1.38,16.39,-39.75
381,0.11,-0.02,0.83,-3.79,15.46,-35.63
382,0.09,-0.02,0.83,-7.45,12.98,-33.11
383,0.09,-0.03,0.85,-9.49,9.37,-26.27
384,0.1,-0.04,0.84,-9.63,13.55,-20.77
385,0.09,-0.04,0.85,-14.77,11.06,-19.88
386,0.06,-0.06,0.89,-16.4,1.02,-21.54
387,0.07,-0.09,0.94,-16.27,-5.36,-19.41
388,0.09,-0.11,0.96,-15.14,-2.44,-14.44
389,0.11,-0.14,0.99,-13.8,-0.94,-11.71
390,0.14,-0.15,1.02,-10.17,-0.02,-9.42
391,0.16,-0.15,1.03,-8.39,3.8,-7.4
392,0.16,-0.14,1.01,-6.07,5.56,-5.66
393,0.18,-0.13,1.01,-5.89,1.72,-4.73
394,0.21,-0.13,1.01,-4.35,-2.11,-4.74
395,0.22,-0.13,1.01,-4.61,-2.22,-5.01
396,0.22,-0.12,1.01,-4.14,-0.29,-3.53
397,0.23,-0.11,0.99,-4.66,0.11,-3.22
398,0.26,-0.11,0.98,-5.85,-1.12,-3.31
399,0.31,-0.11,0.97,-6.95,-0.4,-4.16
