,accel_x,accel_y,accel_z,gyro_x,gyro_y,gyro_z
0,0.11,-0.05,1.01,-3.47,11.4,-45.98
1,0.14,-0.0,1.02,-0.47,6.53,-35.44
2,0.13,0.0,1.0,5.28,-0.11,-27.06
3,0.11,0.02,1.03,14.74,-6.56,-19.6
4,0.12,0.02,0.96,18.89,-4.61,-22.37
5,0.13,-0.01,0.94,27.77,0.18,-34.85
6,0.12,-0.0,0.94,28.86,-3.15,-38.41
7,0.05,0.13,0.92,29.18,-11.03,-16.69
8,0.06,0.28,0.9,19.0,-21.6,6.18
9,0.11,-0.03,0.85,20.08,-20.28,-5.3
10,0.09,0.03,0.89,18.47,-21.17,-17.37
11,0.04,0.07,0.88,13.15,-33.36,-7.78
12,0.06,0.1,0.92,12.95,-36.25,-7.34
13,0.06,0.06,0.96,12.78,-37.31,4.84
14,0.09,0.02,0.92,12.02,-36.99,1.06
15,0.1,0.02,0.9,9.78,-25.32,-8.67
16,0.1,0.05,0.92,7.08,-21.58,-11.26
17,0.07,0.02,0.99,12.47,-18.23,-8.38
18,0.07,0.04,1.01,9.73,-16.0,9.04
19,0.09,0.06,0.99,7.28,-6.52,19.91
20,0.14,0.05,1.04,5.48,-3.43,41.91
21,0.14,0.02,1.02,9.66,1.73,51.75
22,0.12,0.06,1.07,12.15,-6.03,69.51
23,0.14,0.06,1.01,10.59,-22.08,85.28
24,0.15,0.04,1.0,8.11,-33.22,88.87
25,0.14,0.02,1.04,4.63,-44.63,92.69
26,0.16,0.04,1.06,9.9,-50.66,103.79
27,0.15,0.02,1.05,16.02,-45.01,114.4
28,0.2,0.01,0.93,3.23,-33.37,100.75
29,0.23,0.03,0.98,4.53,-18.02,83.14
30,0.22,0.06,1.0,7.77,-29.14,79.92
31,0.21,0.08,0.97,12.27,-30.35,77.64
32,0.24,0.08,0.92,11.19,-33.87,71.46
33,0.28,0.09,0.89,9.64,-35.12,64.29
34,0.27,0.11,0.9,13.3,-26.31,56.48
35,0.25,0.12,0.84,8.08,-14.54,46.78
36,0.26,0.13,0.85,6.16,-5.37,52.87
37,0.24,0.12,0.78,0.21,-4.11,41.63
38,0.26,0.12,0.76,-10.85,-11.65,23.11
39,0.28,0.09,0.77,-18.6,-10.0,15.79
40,0.28,0.07,0.81,-28.15,-4.71,11.38
41,0.29,0.03,0.85,-34.89,-7.38,5.07
42,0.35,-0.02,0.93,-29.89,-5.76,12.96
43,0.32,-0.04,0.96,-22.27,6.13,16.05
44,0.29,-0.05,0.95,-25.39,12.22,7.64
45,0.26,-0.06,1.01,-22.13,13.92,4.15
46,0.23,-0.06,1.02,-16.54,11.54,1.97
47,0.24,-0.04,1.01,-11.16,14.08,3.08
48,0.24,-0.02,0.97,-9.84,22.55,6.95
49,0.23,0.02,0.94,-8.96,27.05,11.76
50,0.2,0.05,0.93,-11.66,22.56,11.92
51,0.17,0.06,0.94,-12.15,15.08,11.07
52,0.18,0.08,0.9,-17.72,15.61,14.82
53,0.18,0.06,0.86,-26.25,16.05,14.88
54,0.18,0.01,0.91,-31.35,14.55,12.33
55,0.17,-0.05,0.99,-27.62,9.92,13.01
56,0.16,-0.06,1.01,-23.3,9.57,16.73
57,0.15,-0.08,1.02,-21.28,10.6,14.36
58,0.16,-0.13,1.09,-17.89,13.77,10.68
59,0.2,-0.06,0.99,-14.26,7.62,2.32
60,0.2,-0.05,0.98,-17.15,-1.26,-1.49
61,0.19,-0.04,0.99,-18.37,-3.11,0.04
62,0.15,-0.06,0.94,-21.24,1.08,-1.85
63,0.09,-0.05,0.97,-27.0,3.47,-5.95
64,0.09,-0.08,1.0,-28.83,3.83,-9.21
65,0.13,-0.08,0.99,-28.84,2.15,-10.47
66,0.17,-0.08,0.98,-28.46,4.82,-9.47
67,0.17,-0.08,0.98,-32.74,4.03,-12.67
68,0.23,-0.05,1.02,-42.27,5.79,-11.56
69,0.19,-0.1,1.01,-34.5,15.63,-11.49
70,0.13,-0.08,1.01,-33.94,10.32,-5.08
71,0.12,-0.09,1.03,-35.85,6.4,-16.79
72,0.15,-0.11,0.99,-38.05,15.12,-21.63
73,0.09,-0.16,0.91,-39.16,20.76,-25.15
74,0.08,-0.11,0.98,-30.6,5.9,-27.61
75,0.12,-0.13,0.97,-30.04,-1.57,-27.38
76,0.14,-0.12,1.01,-28.37,-2.48,-32.98
77,0.13,-0.16,0.99,-29.8,-2.86,-39.52
78,0.09,-0.17,1.04,-19.83,-6.96,-42.46
79,0.12,-0.15,1.08,-14.55,-0.98,-40.98
80,0.15,-0.15,1.0,-11.6,7.95,-36.93
81,0.15,-0.14,1.01,-12.78,22.31,-29.9
82,0.18,-0.13,1.0,-8.33,21.46,-16.73
83,0.17,-0.15,0.94,-8.76,14.92,-21.28
84,0.18,-0.17,0.93,-11.28,7.53,-29.45
85,0.15,-0.11,1.04,5.23,2.15,-22.85
86,0.14,-0.1,0.94,-6.36,12.29,-19.32
87,0.11,-0.1,0.94,-14.71,9.34,-16.24
88,0.07,-0.12,1.02,-16.32,0.11,-24.5
89,0.06,-0.13,1.02,-11.79,-0.58,-34.76
90,0.1,-0.15,0.92,-12.31,2.51,-49.7
91,0.11,-0.11,0.96,-14.41,-0.4,-48.18
92,0.08,-0.1,1.0,-15.46,-13.83,-46.38
93,0.11,-0.1,0.95,-16.05,-20.37,-48.61
94,0.15,-0.09,0.91,-18.28,-17.56,-46.38
95,0.12,-0.08,0.92,-23.07,-11.69,-53.41
96,0.14,-0.11,0.94,-24.97,-16.05,-49.02
97,0.14,-0.12,1.0,-25.62,-19.26,-38.27
98,0.16,-0.17,1.02,-17.87,-25.78,-39.48
99,0.18,-0.19,1.06,-3.65,-33.01,-43.01
100,0.22,-0.17,1.01,6.23,-27.08,-43.92
101,0.21,-0.15,0.98,10.64,-26.4,-47.63
102,0.25,-0.13,0.97,15.18,-23.93,-39.4
103,0.24,-0.12,0.95,11.35,-18.32,-36.44
104,0.25,-0.1,0.92,9.43,-11.84,-36.87
105,0.25,-0.09,0.89,4.08,1.56,-32.32
106,0.24,-0.1,0.93,-1.66,8.06,-23.75
107,0.17,-0.1,0.97,-4.83,13.45,-18.98
108,0.18,-0.12,0.96,-3.0,20.83,-26.15
109,0.21,-0.13,0.96,-2.07,21.6,-30.52
110,0.21,-0.14,0.97,-3.67,21.33,-42.12
111,0.21,-0.11,0.98,-1.46,19.07,-37.34
112,0.2,-0.11,0.97,-2.71,17.82,-28.29
113,0.19,-0.12,0.99,-3.74,8.6,-28.6
114,0.2,-0.12,0.98,-1.53,3.35,-30.39
115,0.18,-0.11,0.97,-3.08,-0.92,-32.85
116,0.2,-0.11,0.97,-1.5,-1.34,-24.18
117,0.17,-0.1,0.97,-1.75,-0.49,-14.84
118,0.16,-0.09,0.96,-4.22,-0.96,-8.49
119,0.17,-0.09,0.97,-6.59,-2.53,0.75
120,0.17,-0.11,0.98,-8.04,-0.24,2.16
121,0.18,-0.11,0.97,-8.73,-1.03,0.32
122,0.2,-0.11,0.96,-8.18,-4.59,-1.11
123,0.22,-0.12,0.95,-7.41,-6.15,1.96
124,0.19,-0.12,0.95,-9.28,-3.47,3.77
125,0.18,-0.11,0.95,-10.5,-5.11,4.9
126,0.19,-0.12,0.93,-11.38,-3.22,2.6
127,0.18,-0.11,0.92,-15.34,-0.2,-3.22
128,0.17,-0.11,0.94,-14.98,-2.02,-2.29
129,0.15,-0.11,0.96,-14.66,-2.59,-0.83
130,0.15,-0.11,0.92,-15.47,-5.29,-2.2
131,0.15,-0.11,0.9,-17.29,-5.22,-2.34
132,0.11,-0.09,0.9,-18.49,-6.52,-1.82
133,0.09,-0.08,0.89,-18.64,-6.27,3.42
134,0.04,-0.06,0.85,-21.5,-8.34,5.54
135,0.01,-0.05,0.82,-24.15,-10.21,7.98
136,-0.09,-0.03,0.8,-28.27,-16.27,10.34
137,-0.17,-0.03,0.78,-33.08,-22.04,19.28
138,-0.32,-0.0,0.81,-39.21,-25.37,34.51
139,-0.41,0.02,0.83,-47.21,-32.08,54.91
140,-0.42,0.03,0.86,-58.43,-38.95,73.44
141,-0.45,0.03,0.88,-73.4,-48.79,87.31
142,-0.47,-0.04,1.06,-67.05,-53.49,121.31
143,-0.43,-0.09,1.4,-68.0,-42.66,161.18
144,-0.41,-0.16,1.42,-73.63,-21.97,183.31
145,-0.31,-0.25,1.63,-67.96,-28.93,198.31
146,-0.13,-0.37,1.81,-55.82,-58.29,200.53
147,0.09,-0.54,1.86,-53.85,-105.87,188.48
148,0.49,-0.85,1.98,-28.36,-154.16,171.79
149,0.88,-1.21,2.0,1.73,-161.0,149.06
150,1.39,-1.42,2.0,45.27,-153.49,119.5
151,1.67,-1.56,2.0,83.91,-122.66,76.03
152,1.61,-1.51,2.0,125.99,-90.1,29.06
153,1.56,-1.35,2.0,158.52,-101.06,-4.46
154,1.58,-1.24,2.0,180.5,-112.59,-28.05
155,1.57,-1.2,1.8,197.59,-109.23,-53.72
156,1.45,-1.14,1.64,214.5,-96.41,-69.27
157,1.36,-1.07,1.4,224.84,-64.37,-75.76
158,1.22,-0.99,1.18,230.88,-32.03,-75.67
159,1.04,-0.9,0.96,233.37,-6.44,-76.77
160,0.87,-0.78,0.78,227.13,18.92,-75.64
161,0.73,-0.77,0.78,218.47,20.6,-83.4
162,0.57,-0.62,0.6,219.52,61.69,-66.18
163,0.55,-0.56,0.5,215.45,83.74,-65.36
164,0.64,-0.48,0.35,213.63,96.41,-66.57
165,0.81,-0.39,0.16,205.24,107.31,-71.06
166,0.91,-0.31,0.01,192.63,118.21,-80.35
167,0.98,-0.25,-0.09,179.02,103.89,-100.79
168,1.01,-0.21,-0.14,169.75,78.54,-117.7
169,0.95,-0.15,-0.3,157.4,64.14,-137.41
170,0.8,-0.11,-0.36,144.5,50.31,-147.66
171,0.69,-0.1,-0.37,128.87,48.27,-154.4
172,0.55,-0.09,-0.38,117.44,71.64,-148.85
173,0.4,-0.03,-0.42,114.63,104.37,-133.7
174,0.2,0.08,-0.56,106.69,124.62,-114.9
175,0.11,0.18,-0.71,86.82,138.2,-99.83
176,0.16,0.27,-0.91,35.74,152.48,-88.37
177,0.18,0.21,-0.76,31.24,129.76,-96.9
178,0.31,0.12,-0.66,17.98,115.18,-111.89
179,0.36,0.06,-0.54,5.05,112.9,-135.05
180,0.28,0.09,-0.52,-1.21,108.94,-153.01
181,0.14,0.17,-0.51,-2.61,101.56,-166.71
182,0.06,0.24,-0.6,-9.54,85.98,-177.6
183,0.09,0.27,-0.63,-30.08,94.07,-179.89
184,0.09,0.29,-0.7,-60.83,84.08,-185.99
185,0.12,0.29,-0.69,-65.13,79.42,-196.71
186,0.19,0.26,-0.71,-82.02,95.4,-203.4
187,0.11,0.24,-0.74,-105.9,93.56,-219.4
188,-0.06,0.22,-0.77,-120.44,64.25,-238.11
189,-0.25,0.2,-0.84,-153.94,28.76,-250.14
190,-0.48,0.12,-0.89,-185.4,-2.3,-250.14
191,-0.75,0.04,-0.93,-223.32,-32.54,-250.14
192,-1.05,-0.1,-0.9,-250.14,-57.21,-240.0
193,-1.34,-0.31,-0.78,-250.14,-67.84,-213.41
194,-1.59,-0.62,-0.62,-250.14,-49.11,-182.11
195,-1.74,-0.91,-0.34,-250.14,-3.47,-155.73
196,-1.8,-1.13,-0.0,-250.14,64.47,-123.33
197,-1.87,-1.28,0.26,-250.14,96.47,-92.7
198,-2.0,-1.33,0.43,-250.14,67.82,-72.48
199,-2.0,-1.3,0.39,-250.14,20.22,-61.14
200,-2.0,-1.21,0.28,-250.14,-14.21,-49.33
201,-2.0,-1.1,0.28,-250.14,-51.34,-8.12
202,-2.0,-1.16,0.2,-250.14,-96.79,10.48
203,-2.0,-1.31,0.43,-250.14,-142.11,31.27
204,-2.0,-1.54,0.64,-250.14,-158.88,52.15
205,-2.0,-1.75,0.74,-250.14,-196.13,76.52
206,-2.0,-2.0,0.98,-250.14,-250.14,83.02
207,-2.0,-2.0,1.0,-250.14,-250.14,120.69
208,-1.61,-2.0,1.07,-250.14,-250.14,108.65
209,-1.01,-2.0,1.52,-250.14,-250.14,80.22
210,-0.96,-2.0,1.84,-249.99,-250.14,79.5
211,-1.43,-2.0,2.0,-167.96,-250.14,67.69
212,-1.15,-2.0,2.0,-68.6,-250.14,91.75
213,-0.41,-2.0,1.8,-31.99,-250.14,135.99
214,0.63,-2.0,1.76,-12.15,-250.14,174.58
215,1.14,-2.0,1.89,27.05,-185.68,156.17
216,1.17,-2.0,2.0,82.18,-161.02,113.89
217,0.94,-2.0,1.86,141.89,-222.11,80.56
218,0.68,-2.0,1.48,195.53,-250.14,71.36
219,0.49,-2.0,1.07,214.88,-250.14,100.31
220,0.43,-1.94,0.72,229.06,-250.14,138.04
221,0.53,-1.77,0.5,242.07,-250.14,179.52
222,1.28,-1.77,0.21,240.63,-250.14,174.58
223,2.0,-1.81,-0.07,248.89,-250.14,113.2
224,2.0,-1.86,0.39,232.18,-168.85,76.02
225,2.0,-1.72,0.97,249.43,-135.16,37.07
226,2.0,-1.66,1.1,250.13,-144.24,8.21
227,2.0,-1.67,0.96,250.13,-157.02,-12.73
228,2.0,-1.56,0.55,250.13,-170.28,-70.69
229,2.0,-1.42,0.27,250.13,-183.12,-120.83
230,1.81,-1.26,0.1,250.13,-156.79,-155.23
231,1.49,-1.13,-0.06,250.13,-116.07,-177.47
232,1.39,-1.03,-0.25,250.13,-86.02,-200.99
233,1.31,-1.0,-0.41,250.13,-81.86,-224.18
234,1.07,-0.93,-0.48,250.13,-82.25,-245.28
235,0.82,-0.87,-0.5,250.13,-69.21,-250.14
236,0.62,-0.81,-0.56,250.13,-34.23,-250.14
237,0.53,-0.73,-0.71,250.13,8.23,-250.14
238,0.42,-0.62,-0.88,228.41,34.21,-250.14
239,0.31,-0.54,-0.99,197.66,61.38,-250.14
240,0.2,-0.41,-1.12,158.9,92.5,-250.14
241,0.11,-0.27,-1.22,112.68,118.05,-250.14
242,0.02,-0.18,-1.23,66.6,117.33,-250.14
243,0.03,-0.13,-1.25,24.36,110.11,-250.14
244,-0.02,-0.18,-1.15,-28.43,98.84,-250.14
245,-0.14,-0.26,-0.89,-58.04,78.27,-250.14
246,-0.16,-0.33,-0.49,-73.55,55.69,-247.83
247,-0.12,-0.37,-0.21,-71.85,53.84,-250.14
248,-0.13,-0.31,-0.05,-66.23,66.13,-250.14
249,-0.22,-0.17,-0.09,-60.77,58.36,-250.14
250,-0.46,-0.05,-0.17,-69.24,43.12,-250.14
251,-0.83,-0.01,-0.16,-91.05,41.82,-250.14
252,-1.24,0.05,-0.09,-125.57,45.48,-231.66
253,-1.63,0.16,-0.0,-171.35,35.9,-198.37
254,-1.87,0.06,0.12,-214.4,3.02,-146.7
255,-2.0,-0.06,0.37,-234.13,-17.44,-108.04
256,-2.0,-0.31,0.86,-250.14,-27.56,-78.71
257,-1.95,-0.62,1.75,-232.29,-12.43,-24.11
258,-1.47,-0.79,2.0,-191.5,41.96,11.66
259,-1.06,-0.65,2.0,-148.23,68.35,16.58
260,-0.81,-0.5,2.0,-97.0,31.56,12.93
261,-0.63,-0.27,1.73,-56.27,-21.24,-3.53
262,-0.55,-0.07,1.45,-44.15,-40.91,-5.15
263,-0.54,0.05,1.29,-52.19,-37.98,-2.53
264,-0.46,0.08,1.28,-56.1,-30.04,7.18
265,-0.34,0.06,1.3,-56.53,-20.1,20.07
266,-0.26,0.06,1.36,-61.26,-13.47,25.47
267,-0.2,0.01,1.44,-55.29,-16.89,29.21
268,-0.22,0.01,1.36,-42.29,-20.98,23.57
269,-0.18,-0.08,1.52,-28.57,-21.56,28.31
270,-0.22,-0.07,1.48,-16.63,-21.41,28.08
271,-0.19,-0.06,1.41,-9.52,-25.16,22.91
272,-0.12,-0.04,1.32,-2.49,-28.67,19.83
273,-0.14,-0.01,1.25,-1.4,-34.5,15.97
274,-0.12,0.0,1.21,-1.99,-35.08,15.47
275,-0.06,0.01,1.16,-2.56,-34.9,18.59
276,-0.02,0.01,1.11,-3.88,-33.08,19.37
277,-0.01,0.01,1.07,-5.33,-29.32,22.7
278,-0.0,-0.02,1.11,-5.09,-26.47,32.43
279,-0.02,-0.04,1.11,-5.11,-26.34,31.0
280,-0.01,-0.06,1.1,-3.79,-28.43,25.24
281,0.01,-0.06,1.08,-5.06,-28.79,17.99
282,0.05,-0.07,1.04,-10.27,-24.4,9.74
283,0.09,-0.08,1.04,-9.51,-20.21,5.21
284,0.09,-0.06,1.08,-5.0,-25.13,2.38
285,0.07,-0.05,1.05,-0.87,-26.51,1.4
286,0.07,-0.04,1.0,0.67,-21.44,8.37
287,0.05,-0.02,0.97,-1.09,-18.01,7.34
288,0.08,-0.03,0.97,0.22,-19.37,9.27
289,0.05,-0.02,0.97,0.42,-17.69,10.78
290,0.04,-0.02,0.96,-1.67,-13.37,12.53
291,0.07,-0.02,0.95,-4.57,-12.78,10.69
292,0.07,-0.01,0.93,-6.02,-17.22,8.18
293,0.05,-0.03,0.96,-9.63,-18.15,4.67
294,0.09,-0.05,0.98,-12.21,-16.46,3.6
295,0.16,-0.08,1.01,-10.23,-14.18,5.51
296,0.13,-0.08,1.05,-6.2,-16.28,3.74
297,0.12,-0.07,1.04,-4.4,-13.65,0.42
298,0.1,-0.06,1.01,-3.25,-9.73,-2.59
299,0.11,-0.04,0.99,-2.37,-7.65,-0.64
300,0.09,-0.03,1.0,-0.22,-8.22,2.13
301,0.06,-0.02,0.99,-1.4,-7.66,0.93
302,0.07,-0.02,0.97,-3.41,-7.37,0.25
303,0.1,-0.04,0.95,-5.63,-10.4,-1.5
304,0.08,-0.04,0.97,-6.18,-12.91,-4.56
305,0.06,-0.04,0.99,-7.48,-12.82,-5.8
306,0.07,-0.05,1.01,-6.18,-12.41,-3.54
307,0.08,-0.05,1.01,-4.11,-11.0,2.49
308,0.06,-0.05,1.02,-5.92,-9.73,3.27
309,0.02,-0.05,1.04,-6.95,-8.56,9.7
310,0.01,-0.06,1.06,-12.36,-11.45,6.99
311,0.03,-0.07,1.04,-7.62,-13.4,7.87
312,0.04,-0.09,1.08,-6.46,-12.34,6.41
313,0.06,-0.1,1.07,-1.72,-8.51,9.43
314,0.05,-0.07,1.05,2.1,-3.82,12.76
315,0.04,-0.05,1.04,4.58,-5.64,14.87
316,0.07,-0.05,1.0,5.68,-5.47,14.02
317,0.1,-0.01,0.97,4.69,-2.15,14.22
318,0.14,-0.0,0.95,3.66,4.27,14.89
319,0.14,0.01,0.94,3.17,4.92,12.55
320,0.14,0.02,0.95,4.73,1.96,10.53
321,0.16,0.03,0.93,5.87,4.77,10.73
322,0.19,0.05,0.91,8.12,10.79,13.14
323,0.18,0.06,0.85,7.34,14.83,13.66
324,0.18,0.08,0.82,-0.15,14.8,7.49
325,0.12,0.09,0.82,-1.27,8.19,3.55
326,0.08,0.07,0.83,-3.68,2.05,6.27
327,0.06,0.04,0.87,-7.76,3.83,8.18
328,0.05,-0.02,0.89,-12.96,6.37,6.27
329,0.11,-0.07,0.94,-17.56,7.76,1.41
330,0.09,-0.12,0.97,-19.38,5.31,-3.48
331,0.03,-0.15,1.06,-20.02,1.76,-8.53
332,-0.05,-0.18,1.13,-15.54,-1.69,-13.08
333,-0.06,-0.19,1.15,-8.6,-4.76,-12.11
334,-0.04,-0.18,1.14,-1.91,-3.08,-7.7
335,-0.04,-0.16,1.12,1.77,4.96,-5.95
336,-0.04,-0.12,1.09,4.08,10.16,-1.24
337,-0.04,-0.09,1.05,6.22,7.27,0.94
338,-0.03,-0.07,1.03,6.94,2.67,-0.95
339,-0.02,-0.04,1.02,6.31,0.25,-2.32
340,-0.02,-0.02,1.0,6.54,1.49,-1.35
341,-0.01,-0.01,0.99,6.13,1.15,-0.65
342,-0.01,0.01,0.98,4.73,0.91,-0.53
343,0.01,0.02,0.97,2.57,2.78,1.34
344,0.02,0.02,0.96,-0.27,1.63,0.69
345,0.05,0.02,0.97,-1.79,-4.28,-2.83
346,0.06,-0.0,0.99,-2.44,-12.36,-6.44
347,0.07,-0.01,1.0,-2.31,-16.53,-9.1
348,0.08,-0.02,1.0,-1.21,-14.46,-6.37
349,0.07,-0.03,1.0,-0.63,-9.12,-5.32
350,0.08,-0.02,0.98,-1.64,-7.77,-5.77
351,0.06,-0.02,0.99,-2.07,-9.86,-4.74
352,0.07,-0.02,0.99,-3.1,-9.6,-4.66
353,0.07,-0.03,1.01,-3.48,-5.85,-2.82
354,0.08,-0.04,1.01,-3.21,-2.43,-2.42
355,0.09,-0.04,0.99,-2.77,-0.5,-2.4
356,0.11,-0.04,1.01,-2.07,1.85,-5.24
357,0.11,-0.04,0.99,-1.4,3.58,-7.37
358,0.09,-0.03,0.98,-0.85,3.19,-8.95
359,0.09,-0.02,0.96,-1.66,-0.28,-11.77
360,0.07,-0.03,0.97,-1.51,-6.79,-14.81
361,0.05,-0.02,0.97,-1.93,-8.21,-16.3
362,0.05,-0.03,0.94,-2.56,-5.12,-13.43
363,0.02,-0.02,0.95,-3.7,-3.95,-9.7
364,-0.0,-0.03,0.97,-5.47,-1.93,-9.77
365,-0.02,-0.03,0.97,-5.49,1.49,-7.92
366,-0.03,-0.03,0.97,-5.27,2.79,-6.74
367,-0.03,-0.02,0.96,-5.95,1.36,-6.64
368,-0.04,-0.03,0.96,-6.11,0.5,-5.97
369,-0.07,-0.03,0.97,-6.84,1.14,-5.4
370,-0.06,-0.03,0.99,-6.24,1.92,-4.06
371,-0.05,-0.03,0.99,-4.52,-0.83,-2.44
372,-0.09,-0.03,0.99,-5.34,-3.4,-2.63
373,-0.09,-0.02,0.99,-5.37,-2.1,1.27
374,-0.07,-0.02,0.99,-5.79,-2.6,2.95
375,-0.03,-0.02,0.96,-6.21,-6.91,4.6
376,-0.01,-0.01,0.97,-5.82,-13.24,6.45
377,-0.03,-0.02,0.97,-7.59,-12.8,5.44
378,-0.01,-0.02,0.98,-9.27,-10.85,6.2
379,0.03,-0.02,0.99,-10.46,-12.1,6.12
380,0.09,-0.03,0.98,-10.15,-17.33,2.67
381,0.09,-0.04,1.01,-10.04,-18.23,1.18
382,0.09,-0.05,1.01,-10.56,-12.33,1.99
383,0.11,-0.06,1.02,-8.48,-8.73,2.84
384,0.13,-0.07,1.0,-7.22,-10.26,1.83
385,0.13,-0.07,1.01,-6.5,-12.69,0.75
386,0.12,-0.08,1.02,-6.79,-9.26,-1.38
387,0.11,-0.08,1.02,-6.1,-2.15,-0.3
388,0.1,-0.08,1.04,-5.31,-1.73,-1.48
389,0.12,-0.08,1.05,0.37,-4.24,1.0
390,0.12,-0.07,1.03,3.73,-6.77,3.89
391,0.1,-0.06,1.0,4.35,-4.11,2.8
392,0.11,-0.05,0.97,2.41,1.02,1.72
393,0.09,-0.03,0.98,0.83,-1.72,0.84
394,0.1,-0.04,0.97,1.27,-5.37,1.04
395,0.1,-0.04,0.97,-0.13,-6.52,-1.56
396,0.08,-0.03,0.97,-0.89,-4.31,-0.98
397,0.08,-0.04,0.99,-0.94,-3.44,-0.86
398,0.1,-0.03,0.98,-0.79,-3.76,-0.88
399,0.11,-0.03,0.97,-0.52,-3.99,2.01
