,accel_x,accel_y,accel_z,gyro_x,gyro_y,gyro_z
0,0.11,-0.21,1.02,1.03,2.11,0.74
1,0.11,-0.2,1.0,1.78,2.6,-0.33
2,0.13,-0.19,0.99,2.21,3.32,-0.47
3,0.11,-0.18,0.98,2.82,3.69,-1.09
4,0.11,-0.17,0.97,3.11,3.51,-2.07
5,0.12,-0.16,0.97,3.37,4.45,-2.68
6,0.09,-0.15,0.97,3.11,4.39,-4.87
7,0.08,-0.15,0.97,2.67,4.6,-5.06
8,0.06,-0.15,0.96,2.05,5.51,-3.5
9,0.05,-0.15,0.95,0.86,5.47,-3.65
10,0.03,-0.15,0.96,0.74,4.4,-2.94
11,0.04,-0.15,0.94,0.56,3.47,-2.08
12,0.04,-0.15,0.94,-0.94,4.55,-0.76
13,0.03,-0.15,0.95,-2.78,4.49,-0.79
14,0.02,-0.17,0.95,-2.31,3.24,-0.3
15,0.03,-0.16,0.94,-2.92,1.56,-0.62
16,0.05,-0.15,0.93,-4.15,0.49,-1.12
17,0.05,-0.14,0.96,-6.18,1.27,-1.3
18,0.03,-0.15,0.97,-6.21,-0.67,-0.38
19,0.05,-0.14,0.97,-6.23,-1.89,-2.44
20,0.06,-0.14,0.98,-6.58,-2.82,-2.56
21,0.06,-0.15,0.98,-5.79,-2.36,-1.79
22,0.06,-0.15,1.0,-4.95,-2.93,-2.02
23,0.07,-0.15,1.0,-4.05,-2.0,-0.44
24,0.08,-0.15,0.99,-3.65,-2.15,-2.72
25,0.08,-0.14,1.0,-2.3,-3.34,-4.98
26,0.08,-0.14,1.0,-2.24,-3.43,-5.21
27,0.08,-0.14,0.99,-1.92,-3.26,-3.5
28,0.07,-0.15,0.98,-2.05,-3.17,-4.63
29,0.07,-0.14,0.96,-2.6,-2.92,-2.17
30,0.06,-0.16,0.97,-3.48,-3.07,-1.79
31,0.06,-0.16,0.98,-4.49,-2.73,-1.65
32,0.08,-0.17,0.98,-5.03,-1.48,-0.98
33,0.07,-0.17,0.99,-4.91,-0.56,-0.89
34,0.07,-0.18,0.99,-3.66,-0.92,-1.84
35,0.07,-0.17,0.97,-3.9,-0.64,-1.48
36,0.06,-0.17,0.97,-3.53,-0.97,-3.32
37,0.05,-0.17,0.98,-2.73,-0.5,-1.92
38,0.05,-0.17,0.96,-3.12,-0.52,-1.05
39,0.06,-0.15,0.95,-4.21,-0.89,-1.48
40,0.05,-0.16,0.96,-5.16,-1.27,-1.47
41,0.06,-0.17,0.95,-5.1,-1.4,-0.94
42,0.07,-0.16,0.96,-5.4,-1.86,-1.77
43,0.06,-0.17,0.95,-5.92,-3.44,-3.69
44,0.05,-0.18,0.98,-6.89,-3.27,-2.43
45,0.06,-0.19,0.99,-6.72,-3.14,-1.52
46,0.08,-0.21,1.0,-5.4,-2.33,-1.02
47,0.1,-0.2,0.99,-4.44,-3.89,-3.21
48,0.11,-0.21,1.01,-3.6,-1.43,-2.71
49,0.11,-0.22,1.02,-0.93,-1.37,-1.88
50,0.11,-0.21,1.0,-0.05,0.99,-0.28
51,0.12,-0.2,1.0,0.45,2.53,0.24
52,0.13,-0.19,0.99,0.34,3.98,-1.39
53,0.11,-0.18,0.99,-0.57,5.05,-2.79
54,0.08,-0.19,1.0,-0.5,4.53,-4.07
55,0.08,-0.18,0.98,-0.86,4.82,-4.23
56,0.07,-0.18,1.0,-0.82,6.53,-2.85
57,0.07,-0.17,0.98,-0.48,7.57,0.69
58,0.07,-0.19,0.97,-0.78,8.4,-0.4
59,0.08,-0.19,0.97,-1.45,8.6,-0.69
60,0.04,-0.19,0.97,-1.28,7.14,-2.85
61,0.01,-0.18,0.96,-0.04,3.25,-4.25
62,0.01,-0.18,0.95,1.61,-1.17,-8.02
63,0.02,-0.17,0.95,2.54,-4.74,-10.25
64,0.02,-0.16,0.94,2.74,-8.92,-8.88
65,0.03,-0.14,0.91,-0.33,-7.7,-7.74
66,0.05,-0.14,0.91,-3.3,-3.93,-4.03
67,0.05,-0.14,0.92,-5.05,-2.74,-2.28
68,0.06,-0.14,0.91,-7.18,-2.32,-0.56
69,0.06,-0.14,0.91,-7.92,-3.41,-0.02
70,0.08,-0.13,0.91,-9.37,-4.95,-0.4
71,0.09,-0.14,0.91,-11.31,-7.85,-2.45
72,0.09,-0.13,0.91,-14.29,-9.1,-2.41
73,0.11,-0.13,0.91,-15.98,-9.74,-0.78
74,0.12,-0.15,0.92,-18.03,-7.51,1.37
75,0.17,-0.13,0.9,-20.94,-1.82,6.39
76,0.13,-0.15,0.93,-22.15,-1.67,3.24
77,0.14,-0.16,0.97,-22.29,0.31,2.46
78,0.14,-0.17,0.98,-20.01,2.61,11.2
79,0.05,-0.2,0.98,-18.98,3.07,-1.63
80,0.06,-0.21,1.02,-16.74,-1.98,0.92
81,0.13,-0.23,1.03,-9.81,-4.08,-5.15
82,0.15,-0.21,0.99,-7.63,1.89,-7.28
83,0.14,-0.21,0.99,-6.48,6.05,-4.9
84,0.1,-0.2,0.97,-6.33,6.51,-7.02
85,0.06,-0.18,0.95,-8.3,2.23,-11.15
86,0.06,-0.18,0.96,-9.91,-3.02,-14.46
87,0.1,-0.18,0.94,-12.75,-3.19,-12.83
88,0.09,-0.19,0.95,-15.16,-2.06,-11.38
89,0.08,-0.2,0.95,-17.05,-0.55,-9.08
90,0.07,-0.22,0.97,-18.52,-1.19,-6.65
91,0.1,-0.22,0.98,-19.23,0.56,-5.69
92,0.07,-0.24,0.98,-18.07,0.89,-5.43
93,0.1,-0.23,0.97,-18.95,3.06,-0.49
94,0.08,-0.22,0.95,-20.03,2.63,-3.21
95,0.09,-0.21,0.95,-20.7,-2.27,-7.0
96,0.09,-0.21,0.97,-21.72,-4.73,-8.77
97,0.05,-0.24,1.01,-19.73,-7.68,-11.47
98,0.04,-0.25,1.01,-16.14,-9.95,-9.93
99,0.02,-0.25,1.01,-14.3,-9.22,-9.66
100,0.02,-0.24,0.97,-14.71,-10.06,-5.92
101,0.03,-0.22,0.94,-16.53,-11.06,-3.37
102,0.04,-0.2,0.93,-19.6,-11.53,-7.63
103,0.02,-0.22,0.97,-21.1,-13.42,-10.32
104,0.05,-0.28,1.04,-17.6,-10.08,-10.55
105,0.05,-0.3,1.08,-11.37,-4.23,-5.88
106,0.05,-0.29,1.06,-5.2,2.35,-1.02
107,0.03,-0.27,1.01,-1.56,5.4,-0.41
108,-0.03,-0.25,0.98,-0.36,2.52,-4.32
109,-0.03,-0.26,1.0,1.6,-0.02,-7.34
110,-0.02,-0.25,1.0,3.46,-0.63,-7.81
111,0.01,-0.24,0.98,3.92,2.9,-5.5
112,0.01,-0.25,1.0,5.59,6.18,-1.71
113,0.01,-0.23,0.99,7.15,7.12,0.06
114,0.03,-0.22,0.96,7.3,7.93,0.85
115,0.01,-0.21,0.94,6.92,5.17,-0.38
116,0.02,-0.21,0.94,6.38,2.45,-0.71
117,0.06,-0.2,0.93,5.77,2.27,-1.37
118,0.02,-0.21,0.92,4.05,1.48,-2.22
119,0.01,-0.22,0.93,3.44,0.66,0.66
120,0.02,-0.21,0.92,2.56,0.57,1.26
121,0.03,-0.21,0.9,0.33,0.66,1.82
122,0.01,-0.2,0.91,-2.14,1.01,4.13
123,0.01,-0.21,0.91,-3.28,-0.9,5.56
124,0.05,-0.21,0.91,-4.08,-2.31,5.02
125,0.07,-0.21,0.91,-4.56,-2.68,4.42
126,0.08,-0.2,0.91,-4.79,-4.33,3.76
127,0.08,-0.18,0.9,-5.7,-4.31,1.79
128,0.07,-0.17,0.9,-7.52,-4.01,2.05
129,0.08,-0.18,0.9,-9.29,-3.38,2.76
130,0.07,-0.16,0.89,-11.61,-4.29,2.55
131,0.06,-0.18,0.89,-14.28,-4.95,2.24
132,0.05,-0.18,0.91,-15.66,-5.99,2.44
133,0.08,-0.18,0.9,-17.11,-6.64,1.11
134,0.07,-0.19,0.93,-17.99,-7.5,0.25
135,0.07,-0.19,0.93,-17.87,-6.84,1.52
136,0.07,-0.2,0.93,-19.01,-7.21,1.79
137,0.08,-0.22,0.95,-21.12,-6.15,2.17
138,0.07,-0.23,0.98,-21.3,-6.65,1.13
139,0.09,-0.25,1.0,-20.92,-5.26,2.34
140,0.08,-0.28,1.03,-18.63,-2.97,2.16
141,0.02,-0.29,1.06,-18.11,-6.26,3.17
142,0.02,-0.28,1.06,-16.52,-8.24,1.13
143,0.0,-0.3,1.1,-18.51,-9.14,1.26
144,-0.03,-0.34,1.2,-17.27,-13.79,1.47
145,0.0,-0.36,1.26,-12.37,-18.27,4.69
146,0.08,-0.41,1.35,-9.4,-18.14,7.08
147,0.15,-0.46,1.46,-3.28,-17.17,7.7
148,0.26,-0.52,1.55,7.27,-12.36,9.84
149,0.32,-0.56,1.63,15.28,-11.0,7.43
150,0.43,-0.65,1.69,27.9,-6.71,2.56
151,0.47,-0.7,1.74,46.99,-0.02,0.63
152,0.48,-0.71,1.7,63.16,1.82,-2.78
153,0.46,-0.71,1.66,78.0,1.06,-14.97
154,0.46,-0.7,1.59,93.01,0.98,-17.02
155,0.49,-0.65,1.47,104.73,8.55,-7.38
156,0.39,-0.59,1.38,106.59,3.75,-19.01
157,0.44,-0.53,1.25,107.96,8.79,-16.5
158,0.45,-0.47,1.15,104.25,12.21,-18.66
159,0.44,-0.41,1.05,96.6,15.21,-17.31
160,0.48,-0.39,1.03,89.79,21.49,-15.08
161,0.47,-0.39,1.01,86.41,26.63,-14.39
162,0.51,-0.39,0.96,84.31,31.38,-11.6
163,0.54,-0.37,0.89,83.54,40.79,-9.31
164,0.52,-0.33,0.81,80.66,50.58,-7.58
165,0.5,-0.28,0.76,79.85,56.41,-9.64
166,0.52,-0.24,0.7,79.56,58.13,-13.65
167,0.51,-0.19,0.64,78.44,55.7,-27.84
168,0.52,-0.16,0.59,78.31,52.44,-41.07
169,0.49,-0.13,0.54,79.22,46.31,-56.5
170,0.44,-0.12,0.48,81.5,39.67,-70.76
171,0.41,-0.05,0.39,77.13,43.85,-76.63
172,0.32,0.0,0.34,73.32,45.66,-84.97
173,0.22,0.07,0.3,68.3,44.84,-90.57
174,0.11,0.12,0.27,60.06,43.12,-94.05
175,0.04,0.18,0.22,52.51,36.78,-89.47
176,0.05,0.23,0.14,40.5,38.92,-91.5
177,0.05,0.3,0.09,21.34,46.01,-87.63
178,0.03,0.31,0.11,4.5,49.46,-89.91
179,-0.01,0.29,0.16,-10.58,54.92,-85.01
180,-0.08,0.28,0.22,-20.48,57.05,-81.78
181,-0.11,0.24,0.25,-25.18,54.34,-84.63
182,-0.13,0.17,0.31,-26.31,49.65,-88.0
183,-0.16,0.13,0.34,-23.43,40.67,-97.44
184,-0.21,0.13,0.34,-21.27,30.18,-105.86
185,-0.19,0.2,0.27,-26.25,25.37,-107.82
186,-0.22,0.23,0.24,-35.7,25.59,-108.83
187,-0.31,0.2,0.25,-47.37,23.54,-110.15
188,-0.42,0.17,0.29,-56.67,22.76,-104.53
189,-0.46,0.11,0.32,-65.08,20.73,-95.66
190,-0.44,0.04,0.37,-73.81,24.62,-86.36
191,-0.44,-0.04,0.43,-78.6,29.85,-78.08
192,-0.51,-0.08,0.5,-81.25,27.24,-73.4
193,-0.52,-0.1,0.56,-83.04,24.87,-67.27
194,-0.5,-0.12,0.62,-86.17,24.02,-63.4
195,-0.5,-0.15,0.66,-89.1,24.56,-62.48
196,-0.52,-0.19,0.7,-90.89,26.28,-60.08
197,-0.62,-0.24,0.74,-92.17,22.51,-59.15
198,-0.64,-0.26,0.79,-90.21,11.75,-58.95
199,-0.62,-0.24,0.72,-94.09,-2.07,-68.36
200,-0.62,-0.31,0.76,-100.43,-15.09,-74.4
201,-0.61,-0.38,0.85,-104.08,-10.13,-64.95
202,-0.68,-0.44,0.97,-103.6,-3.54,-46.92
203,-0.7,-0.46,0.99,-100.89,9.91,-28.45
204,-0.8,-0.45,0.96,-97.1,14.87,-13.73
205,-0.84,-0.42,0.92,-94.42,10.93,-3.84
206,-0.88,-0.41,0.87,-93.88,3.24,-1.59
207,-0.92,-0.41,0.87,-93.27,-12.6,-1.86
208,-0.86,-0.37,0.86,-96.89,-27.26,0.24
209,-0.78,-0.39,0.92,-101.54,-36.76,3.24
210,-0.68,-0.41,0.98,-102.85,-41.34,10.26
211,-0.62,-0.44,1.01,-103.45,-38.72,17.06
212,-0.61,-0.45,1.02,-102.56,-41.39,23.46
213,-0.57,-0.48,1.04,-101.77,-41.23,28.91
214,-0.56,-0.51,1.06,-100.03,-45.67,32.02
215,-0.48,-0.55,1.09,-97.17,-47.16,35.79
216,-0.46,-0.57,1.11,-94.19,-51.4,37.44
217,-0.42,-0.6,1.15,-91.29,-53.54,43.11
218,-0.35,-0.61,1.18,-90.32,-51.52,49.61
219,-0.36,-0.64,1.22,-86.68,-48.59,54.32
220,-0.41,-0.65,1.18,-81.44,-43.54,63.89
221,-0.47,-0.65,1.14,-76.56,-40.82,70.63
222,-0.58,-0.65,1.09,-70.03,-45.53,74.57
223,-0.65,-0.62,1.06,-67.14,-63.4,75.92
224,-0.62,-0.61,1.08,-68.79,-86.57,75.5
225,-0.34,-0.62,1.08,-72.85,-94.21,78.76
226,-0.17,-0.68,1.12,-74.84,-92.24,80.36
227,-0.09,-0.74,1.21,-72.34,-82.53,86.46
228,-0.12,-0.81,1.24,-54.65,-74.86,85.35
229,-0.06,-0.82,1.26,-50.66,-75.6,90.72
230,-0.03,-0.82,1.21,-45.39,-72.08,93.87
231,-0.07,-0.84,1.22,-35.71,-75.11,89.73
232,-0.08,-0.83,1.2,-26.92,-78.36,91.49
233,0.03,-0.81,1.19,-19.98,-78.33,88.75
234,0.07,-0.81,1.18,-14.3,-79.61,84.73
235,0.14,-0.8,1.16,-9.99,-75.6,84.73
236,0.18,-0.79,1.17,-5.57,-69.47,83.82
237,0.21,-0.79,1.17,-1.34,-62.88,83.0
238,0.2,-0.78,1.18,5.46,-56.27,82.06
239,0.18,-0.77,1.15,10.72,-50.89,81.21
240,0.19,-0.75,1.14,16.27,-46.73,79.67
241,0.19,-0.74,1.13,21.89,-47.5,71.6
242,0.19,-0.72,1.12,29.34,-50.06,61.76
243,0.16,-0.7,1.09,35.5,-51.83,55.52
244,0.16,-0.68,1.05,40.39,-50.7,53.47
245,0.15,-0.66,1.02,43.73,-48.11,49.83
246,0.15,-0.64,0.98,46.06,-47.74,45.93
247,0.2,-0.6,0.96,45.63,-45.21,41.5
248,0.22,-0.58,0.94,44.59,-41.47,37.16
249,0.18,-0.57,1.01,44.81,-41.31,31.01
250,0.22,-0.57,1.03,48.9,-36.21,31.28
251,0.23,-0.57,1.02,53.74,-34.24,28.14
252,0.23,-0.56,1.01,56.9,-33.2,22.44
253,0.23,-0.57,1.02,60.08,-31.12,16.51
254,0.25,-0.55,0.99,63.47,-33.4,8.37
255,0.26,-0.56,1.0,66.02,-33.38,-0.18
256,0.29,-0.55,1.0,69.81,-31.4,-4.61
257,0.28,-0.54,0.99,72.11,-24.5,-6.83
258,0.22,-0.51,0.98,75.73,-20.92,-7.49
259,0.17,-0.48,0.95,77.87,-18.96,-8.85
260,0.16,-0.42,0.88,75.67,-17.46,-9.41
261,0.15,-0.37,0.85,72.31,-16.01,-10.69
262,0.14,-0.33,0.82,68.37,-14.23,-10.92
263,0.13,-0.3,0.81,64.18,-13.64,-10.27
264,0.13,-0.31,0.81,58.24,-12.6,-10.66
265,0.11,-0.31,0.83,53.95,-13.68,-12.82
266,0.11,-0.32,0.87,52.76,-15.19,-13.78
267,0.16,-0.31,0.84,52.47,-15.17,-16.69
268,0.17,-0.29,0.83,52.67,-15.56,-23.76
269,0.17,-0.27,0.83,51.6,-16.9,-27.6
270,0.22,-0.25,0.81,50.69,-16.69,-32.44
271,0.26,-0.23,0.83,49.22,-16.31,-40.6
272,0.27,-0.24,0.84,47.81,-13.33,-46.94
273,0.22,-0.26,0.87,49.72,-12.72,-51.59
274,0.19,-0.27,0.87,52.44,-13.0,-54.4
275,0.16,-0.28,0.84,51.6,-8.47,-53.95
276,0.1,-0.27,0.84,52.34,-3.74,-48.12
277,0.07,-0.25,0.79,50.92,1.13,-42.41
278,0.07,-0.24,0.78,45.73,8.34,-35.73
279,0.02,-0.25,0.82,44.58,11.42,-28.67
280,0.03,-0.23,0.82,42.2,12.08,-24.18
281,0.09,-0.21,0.79,37.63,17.17,-21.98
282,0.08,-0.19,0.81,33.49,18.94,-22.97
283,0.06,-0.21,0.8,32.27,17.54,-24.82
284,0.03,-0.21,0.83,31.84,13.32,-26.98
285,0.04,-0.2,0.81,33.55,10.18,-27.72
286,0.02,-0.17,0.78,32.37,11.22,-28.06
287,-0.02,-0.15,0.77,28.95,11.76,-24.25
288,-0.07,-0.13,0.77,26.56,10.68,-21.27
289,-0.06,-0.11,0.74,22.45,12.27,-16.53
290,-0.05,-0.1,0.74,15.91,12.56,-13.06
291,-0.06,-0.1,0.76,11.93,10.39,-12.96
292,-0.06,-0.09,0.79,10.24,5.6,-13.98
293,-0.05,-0.08,0.78,8.02,2.92,-15.93
294,-0.02,-0.07,0.78,3.91,4.5,-15.98
295,-0.05,-0.08,0.8,2.07,3.98,-17.92
296,-0.08,-0.1,0.85,1.46,2.85,-14.96
297,-0.08,-0.11,0.86,3.56,1.05,-10.6
298,-0.07,-0.07,0.84,3.79,-0.34,-7.25
299,-0.06,-0.05,0.83,1.2,0.1,-5.54
300,-0.08,-0.04,0.83,-2.31,-1.61,-2.88
301,-0.06,-0.03,0.84,-5.73,-3.04,-2.24
302,-0.02,-0.03,0.86,-8.91,-2.14,-2.6
303,0.01,-0.04,0.88,-10.73,-2.5,-4.0
304,0.03,-0.06,0.92,-10.99,-1.66,-4.73
305,-0.0,-0.07,0.94,-9.95,-1.03,-3.91
306,-0.0,-0.06,0.95,-8.53,-3.12,-3.97
307,0.02,-0.08,0.94,-8.84,-5.66,-7.63
308,0.02,-0.09,0.96,-9.15,-5.76,-7.08
309,0.01,-0.1,0.98,-9.47,-5.33,-6.03
310,0.01,-0.11,0.97,-9.13,-3.05,-3.55
311,0.01,-0.12,0.99,-9.84,-1.17,-2.06
312,-0.0,-0.11,1.0,-9.34,-0.95,-1.4
313,-0.01,-0.12,1.01,-9.02,-3.72,-3.09
314,0.01,-0.13,1.01,-8.11,-4.53,-4.02
315,0.02,-0.13,1.01,-7.8,-4.55,-3.21
316,0.03,-0.12,1.02,-7.78,-3.17,-1.86
317,0.03,-0.13,1.03,-7.18,-3.48,-2.31
318,0.05,-0.13,1.04,-6.57,-3.92,-2.24
319,0.05,-0.13,1.05,-5.14,-4.06,-2.03
320,0.06,-0.13,1.05,-3.24,-3.69,-2.47
321,0.07,-0.12,1.04,-1.92,-1.0,-1.15
322,0.08,-0.12,1.02,-1.11,0.38,-2.3
323,0.06,-0.12,1.02,-1.49,0.09,-4.95
324,0.03,-0.14,1.03,0.08,-0.44,-4.41
325,0.04,-0.13,1.01,1.24,1.68,-1.76
326,0.06,-0.1,0.97,0.41,3.5,-1.53
327,0.01,-0.1,0.98,-0.3,1.16,-4.27
328,-0.0,-0.1,0.97,-0.43,-0.4,-3.4
329,-0.0,-0.08,0.97,-0.82,0.65,-0.04
330,0.0,-0.07,0.94,-3.09,-0.79,1.14
331,0.0,-0.07,0.94,-5.02,-2.23,-1.09
332,0.0,-0.08,0.95,-6.7,-4.68,-1.7
333,-0.01,-0.07,0.95,-7.55,-4.09,-0.71
334,0.03,-0.1,0.96,-7.01,-4.87,1.62
335,0.07,-0.11,0.95,-7.58,-3.89,1.07
336,0.05,-0.11,0.98,-6.98,-4.56,-3.34
337,0.03,-0.1,0.98,-5.65,-3.1,-2.75
338,0.04,-0.1,0.98,-4.77,-4.11,-3.99
339,0.08,-0.09,0.96,-6.82,-2.43,-3.5
340,0.07,-0.11,0.98,-7.63,-1.21,-6.42
341,0.05,-0.11,0.98,-6.79,-2.05,-6.85
342,0.08,-0.09,0.97,-8.61,-1.73,-7.94
343,0.08,-0.11,0.97,-9.71,0.95,-11.79
344,0.05,-0.11,0.99,-10.43,1.08,-6.74
345,-0.0,-0.13,1.01,-8.12,1.08,-7.3
346,-0.0,-0.14,0.99,-6.68,0.32,-2.1
347,0.02,-0.13,0.98,-7.26,0.38,-0.25
348,0.02,-0.14,0.98,-8.31,-0.33,-1.66
349,0.02,-0.14,0.98,-8.5,-1.82,-3.15
350,0.04,-0.15,1.0,-7.89,-2.82,-5.73
351,0.04,-0.16,1.0,-6.75,-2.44,-5.89
352,0.02,-0.16,1.01,-5.68,-2.16,-5.6
353,0.03,-0.15,1.0,-3.84,-1.74,-2.98
354,0.02,-0.15,0.98,-3.35,-1.84,-2.9
355,0.03,-0.15,0.97,-3.27,-1.16,-0.61
356,0.03,-0.14,0.97,-3.32,-2.18,-2.42
357,0.05,-0.13,0.97,-4.15,-1.86,-2.93
358,0.05,-0.12,0.98,-4.6,-1.6,-2.73
359,0.05,-0.13,0.98,-4.36,-2.58,-2.76
360,0.05,-0.12,0.98,-4.62,-2.8,-3.15
361,0.03,-0.13,0.97,-4.23,-3.76,-4.34
362,0.05,-0.12,0.97,-4.86,-3.17,-2.31
363,0.07,-0.12,0.96,-5.76,-1.96,-2.3
364,0.07,-0.13,0.97,-6.38,-2.31,-3.79
365,0.07,-0.14,0.99,-6.13,-0.66,-3.53
366,0.07,-0.14,0.99,-5.41,0.18,-3.63
367,0.06,-0.14,0.99,-5.7,1.55,-3.5
368,0.05,-0.14,0.98,-5.52,2.63,-3.27
369,0.04,-0.15,0.98,-5.11,2.83,-3.14
370,0.01,-0.14,0.98,-5.69,1.85,-4.12
371,0.01,-0.14,0.98,-5.85,0.66,-3.52
372,-0.0,-0.15,0.98,-5.82,-0.29,-4.0
373,-0.0,-0.15,0.99,-5.57,-0.34,-2.94
374,-0.01,-0.15,0.98,-5.74,0.48,-1.96
375,-0.01,-0.14,0.98,-5.95,-0.4,-1.63
376,-0.01,-0.15,0.98,-5.59,-1.95,-2.56
377,-0.0,-0.14,0.98,-6.24,-2.25,-2.66
378,-0.01,-0.14,0.98,-6.56,-3.42,-2.67
379,-0.01,-0.14,0.97,-6.15,-4.99,-0.82
380,0.0,-0.14,0.97,-6.58,-4.77,0.37
381,0.01,-0.16,0.99,-6.72,-4.66,0.73
382,0.02,-0.15,0.98,-6.34,-5.53,1.21
383,0.02,-0.15,1.0,-6.75,-7.53,0.63
384,0.05,-0.15,0.99,-7.47,-7.99,0.76
385,0.05,-0.17,1.0,-7.24,-8.24,0.31
386,0.07,-0.17,1.02,-5.85,-8.68,-0.02
387,0.09,-0.16,1.01,-5.18,-7.5,-0.53
388,0.08,-0.16,1.01,-4.69,-7.21,-0.6
389,0.1,-0.16,1.01,-4.11,-5.14,0.76
390,0.09,-0.14,1.0,-4.94,-3.21,1.58
391,0.09,-0.14,1.0,-4.89,-3.86,0.65
392,0.1,-0.14,1.01,-4.66,-3.18,-0.51
393,0.1,-0.14,1.01,-4.15,-4.33,-2.43
394,0.1,-0.14,1.01,-3.14,-4.31,-3.16
395,0.11,-0.13,1.01,-2.98,-3.76,-5.1
396,0.11,-0.13,1.0,-1.81,-2.28,-5.95
397,0.09,-0.13,1.0,-0.42,-1.71,-5.84
398,0.09,-0.13,0.98,0.53,-0.63,-5.19
399,0.07,-0.12,0.95,0.27,-1.24,-5.69
400,0.06,-0.12,0.94,-1.1,-2.31,-7.67
