,accel_x,accel_y,accel_z,gyro_x,gyro_y,gyro_z
0,0.13,-0.16,0.97,-3.9,-1.04,-3.63
1,0.12,-0.16,0.97,-3.66,-1.81,-4.23
2,0.12,-0.16,0.98,-3.02,-1.65,-3.02
3,0.12,-0.16,0.97,-2.64,-1.24,-1.39
4,0.12,-0.16,0.97,-3.56,-0.52,-1.1
5,0.12,-0.16,0.96,-4.11,-0.23,-0.92
6,0.1,-0.17,0.97,-5.1,-0.25,-0.99
7,0.11,-0.17,0.97,-5.02,-0.79,-1.56
8,0.12,-0.18,0.97,-5.15,-1.01,-3.05
9,0.11,-0.18,0.98,-4.35,-0.74,-2.95
10,0.1,-0.18,0.98,-4.12,-2.03,-3.66
11,0.13,-0.18,0.97,-5.31,-2.43,-4.74
12,0.14,-0.17,0.97,-5.63,-2.67,-5.45
13,0.13,-0.17,0.98,-5.73,-3.01,-6.53
14,0.13,-0.19,0.99,-4.98,-2.72,-5.72
15,0.12,-0.19,0.99,-3.97,-1.76,-4.72
16,0.12,-0.19,0.98,-3.82,-0.92,-3.64
17,0.11,-0.2,0.99,-3.01,-0.68,-2.47
18,0.11,-0.2,0.99,-2.85,-0.73,-3.12
19,0.12,-0.19,0.98,-2.58,-0.65,-3.58
20,0.13,-0.19,0.97,-2.06,-0.36,-4.25
21,0.12,-0.17,0.97,-2.01,-0.44,-3.13
22,0.1,-0.17,0.97,-2.31,-1.75,-4.7
23,0.1,-0.17,0.98,-2.03,-1.29,-3.82
24,0.11,-0.17,0.96,-2.14,-0.79,-3.63
25,0.13,-0.17,0.95,-2.93,0.43,-3.47
26,0.12,-0.17,0.95,-3.36,-0.58,-4.94
27,0.12,-0.16,0.97,-3.24,-0.3,-5.34
28,0.12,-0.16,0.96,-3.63,0.81,-3.78
29,0.11,-0.17,0.96,-4.15,0.68,-2.21
30,0.09,-0.17,0.96,-4.28,0.24,-2.78
31,0.09,-0.17,0.95,-4.37,-0.23,-1.93
32,0.09,-0.16,0.95,-4.73,-1.2,-3.31
33,0.13,-0.15,0.93,-5.49,-0.85,-3.71
34,0.09,-0.16,0.96,-6.11,-2.95,-6.15
35,0.09,-0.16,0.97,-5.55,-3.47,-5.37
36,0.09,-0.16,0.96,-5.98,-3.41,-4.63
37,0.12,-0.16,0.97,-7.34,-2.89,-4.44
38,0.11,-0.17,0.98,-7.43,-3.54,-4.8
39,0.12,-0.18,0.99,-6.92,-3.76,-5.24
40,0.12,-0.19,1.0,-6.53,-1.92,-4.71
41,0.13,-0.2,1.0,-5.55,-1.18,-4.98
42,0.13,-0.2,1.01,-4.27,-0.49,-4.38
43,0.13,-0.2,1.0,-3.27,-0.27,-5.04
44,0.1,-0.2,1.01,-1.92,-1.43,-6.21
45,0.11,-0.2,0.99,-1.39,-1.12,-5.8
46,0.11,-0.18,0.98,-1.36,0.19,-3.83
47,0.09,-0.19,0.98,-1.24,0.02,-2.2
48,0.09,-0.19,0.98,-0.85,-1.1,-2.34
49,0.1,-0.18,0.98,-1.37,-0.39,-1.22
50,0.11,-0.18,0.97,-1.09,-0.07,-1.41
51,0.11,-0.17,0.97,-1.95,0.89,-0.94
52,0.09,-0.17,0.97,-2.18,-0.01,-0.5
53,0.11,-0.17,0.97,-2.27,-0.16,-2.12
54,0.09,-0.18,0.98,-2.02,-1.66,-3.8
55,0.1,-0.18,0.98,-1.28,-2.49,-3.3
56,0.11,-0.17,0.97,-0.99,-1.85,-2.74
57,0.13,-0.17,0.97,-1.28,-0.76,-2.11
58,0.13,-0.16,0.96,-1.69,-0.02,-1.88
59,0.12,-0.16,0.96,-2.14,-0.63,-2.69
60,0.12,-0.16,0.96,-2.34,0.39,-1.43
61,0.12,-0.17,0.96,-2.6,1.32,-0.84
62,0.11,-0.16,0.96,-3.15,1.69,-1.63
63,0.11,-0.17,0.95,-4.0,1.0,-2.91
64,0.11,-0.17,0.96,-3.69,0.76,-2.85
65,0.12,-0.18,0.96,-3.4,2.23,-2.48
66,0.1,-0.17,0.96,-2.67,1.2,-3.44
67,0.09,-0.16,0.96,-2.66,-0.05,-3.2
68,0.09,-0.17,0.96,-2.61,-0.84,-3.69
69,0.11,-0.16,0.96,-2.8,-1.01,-3.81
70,0.12,-0.16,0.95,-4.18,-1.15,-4.73
71,0.1,-0.17,0.96,-4.27,-1.85,-4.63
72,0.1,-0.17,0.97,-3.6,-1.6,-3.73
73,0.14,-0.16,0.95,-3.97,-0.34,-3.18
74,0.14,-0.16,0.96,-4.95,0.37,-6.05
75,0.11,-0.18,0.97,-5.19,0.71,-5.23
76,0.11,-0.19,0.98,-4.18,-0.15,-5.18
77,0.12,-0.19,0.97,-3.9,0.73,-4.76
78,0.1,-0.19,0.98,-3.59,0.45,-4.85
79,0.1,-0.19,0.97,-3.11,-0.53,-5.26
80,0.09,-0.18,0.96,-4.02,-1.47,-6.24
81,0.09,-0.17,0.95,-4.98,-2.59,-6.07
82,0.1,-0.16,0.97,-5.63,-1.72,-3.13
83,0.11,-0.16,0.96,-6.58,0.26,-1.96
84,0.1,-0.17,0.97,-7.06,-0.83,-2.89
85,0.11,-0.17,0.98,-7.34,-2.76,-4.71
86,0.12,-0.18,1.0,-5.84,-5.89,-7.02
87,0.14,-0.18,1.0,-5.63,-5.2,-7.39
88,0.15,-0.18,1.0,-4.95,-4.6,-7.89
89,0.16,-0.18,1.01,-4.18,-3.36,-8.63
90,0.15,-0.19,1.01,-3.18,-1.02,-6.63
91,0.14,-0.19,1.01,-2.21,-0.89,-6.37
92,0.12,-0.2,1.0,-1.05,-0.53,-6.1
93,0.11,-0.2,0.99,-0.65,-1.62,-6.12
94,0.11,-0.19,0.99,-0.24,-1.85,-5.98
95,0.1,-0.19,0.97,-0.72,-1.76,-6.49
96,0.1,-0.19,0.97,-1.02,-1.64,-6.02
97,0.11,-0.19,0.96,-1.56,-0.44,-4.88
98,0.1,-0.19,0.97,-2.01,-0.24,-4.62
99,0.12,-0.18,0.96,-1.45,-0.41,-5.66
100,0.11,-0.19,0.95,-1.19,0.17,-4.72
101,0.11,-0.18,0.95,-0.99,-0.39,-5.42
102,0.1,-0.18,0.95,-1.5,-1.6,-6.81
103,0.09,-0.17,0.95,-1.96,-2.6,-7.08
104,0.11,-0.17,0.95,-2.79,-2.3,-6.88
105,0.09,-0.17,0.95,-3.03,-2.16,-6.8
106,0.1,-0.17,0.96,-2.53,-4.36,-7.78
107,0.11,-0.16,0.95,-3.89,-3.67,-8.53
108,0.11,-0.15,0.94,-5.58,-3.0,-8.53
109,0.1,-0.16,0.98,-6.78,-3.05,-6.76
110,0.1,-0.17,0.98,-7.1,-1.73,-4.09
111,0.12,-0.18,0.99,-6.95,-1.41,-3.82
112,0.11,-0.2,1.01,-6.18,-1.33,-3.56
113,0.11,-0.2,1.01,-3.94,-1.21,-1.94
114,0.12,-0.2,1.01,-2.82,-0.59,-1.79
115,0.13,-0.2,1.0,-1.98,-1.59,-2.42
116,0.14,-0.19,0.98,-1.81,-1.18,-3.71
117,0.13,-0.18,0.99,-1.33,-1.25,-4.52
118,0.12,-0.18,0.98,-0.53,-1.5,-4.95
119,0.11,-0.18,0.98,0.3,-1.73,-4.42
120,0.12,-0.18,0.96,-0.17,-1.99,-4.53
121,0.11,-0.17,0.97,-0.85,-1.59,-4.65
122,0.1,-0.18,0.95,-1.6,-1.6,-3.25
123,0.1,-0.17,0.96,-2.53,-1.82,-3.9
124,0.1,-0.16,0.95,-3.4,-2.34,-3.23
125,0.11,-0.17,0.96,-4.15,-1.82,-2.24
126,0.12,-0.18,0.96,-4.42,-0.71,-2.53
127,0.11,-0.18,0.96,-3.69,-0.41,-1.7
128,0.1,-0.19,0.97,-2.8,-1.36,-1.57
129,0.11,-0.18,0.97,-2.35,-3.05,-1.96
130,0.12,-0.18,0.96,-2.86,-2.32,-2.71
131,0.11,-0.18,0.97,-2.84,-2.16,-1.69
132,0.11,-0.16,0.94,-3.05,-1.76,0.98
133,0.12,-0.15,0.95,-6.74,1.17,0.1
134,0.06,-0.17,0.98,-6.15,-1.42,-0.54
135,0.08,-0.17,0.97,-5.03,-2.19,1.85
136,0.11,-0.16,0.95,-6.24,-1.33,2.64
137,0.11,-0.15,0.95,-8.22,-0.5,3.1
138,0.11,-0.15,0.96,-9.48,1.13,3.4
139,0.07,-0.16,0.98,-7.96,-2.46,1.92
140,0.06,-0.15,0.97,-7.19,-5.15,3.18
141,0.02,-0.13,0.98,-7.91,-4.69,4.63
142,-0.03,-0.1,0.98,-10.21,-7.78,6.69
143,-0.06,-0.07,1.01,-15.16,-9.39,8.6
144,-0.11,-0.04,1.07,-22.25,-12.87,11.96
145,-0.11,-0.04,1.2,-28.4,-16.47,12.91
146,-0.06,-0.08,1.31,-36.85,-16.77,18.62
147,-0.02,-0.19,1.51,-41.14,-18.54,26.15
148,0.13,-0.33,1.7,-33.95,-22.63,28.63
149,0.3,-0.43,1.87,-17.87,-15.41,39.83
150,0.37,-0.53,1.97,-1.93,-21.3,25.29
151,0.47,-0.6,2.0,18.76,-24.12,24.24
152,0.54,-0.64,2.0,39.82,-26.45,16.45
153,0.66,-0.68,1.96,58.29,-25.19,12.02
154,0.84,-0.68,1.89,68.65,-7.65,14.92
155,0.91,-0.69,1.78,76.63,5.23,15.21
156,0.97,-0.67,1.67,83.05,17.62,11.31
157,1.04,-0.65,1.55,86.4,32.9,8.75
158,1.09,-0.65,1.43,90.5,51.22,7.27
159,1.1,-0.66,1.3,95.38,74.69,7.82
160,1.01,-0.66,1.15,99.88,91.52,8.32
161,0.88,-0.66,1.0,106.55,93.03,-4.81
162,0.8,-0.66,0.88,117.09,87.79,-22.27
163,0.64,-0.62,0.78,126.08,65.32,-52.13
164,0.5,-0.55,0.63,137.01,38.19,-80.18
165,0.35,-0.47,0.54,148.44,13.44,-100.49
166,0.29,-0.37,0.41,149.95,-2.66,-115.12
167,0.33,-0.22,0.26,143.18,-4.68,-118.66
168,0.37,-0.1,0.13,124.41,4.86,-118.41
169,0.42,-0.01,0.07,102.96,20.77,-112.72
170,0.38,0.03,0.08,82.81,36.12,-108.98
171,0.3,0.06,0.16,69.77,42.21,-102.39
172,0.26,0.07,0.15,63.34,43.24,-103.13
173,0.19,0.09,0.14,52.89,44.24,-108.33
174,0.08,0.08,0.17,45.01,39.8,-113.24
175,0.01,0.09,0.18,38.95,36.05,-117.92
176,-0.05,0.09,0.2,31.89,36.66,-110.9
177,-0.07,0.09,0.18,25.76,38.69,-101.76
178,-0.1,0.14,0.15,14.97,46.69,-91.69
179,-0.21,0.16,0.15,6.05,47.81,-82.67
180,-0.27,0.2,0.13,-7.47,44.82,-76.87
181,-0.28,0.21,0.17,-19.72,37.31,-74.22
182,-0.18,0.19,0.18,-33.13,38.24,-79.24
183,-0.15,0.14,0.29,-41.63,39.34,-78.04
184,-0.18,0.1,0.36,-44.53,33.56,-83.16
185,-0.17,0.08,0.4,-46.21,28.76,-88.54
186,-0.12,0.01,0.45,-45.53,36.93,-87.49
187,-0.21,-0.03,0.44,-41.77,56.47,-78.33
188,-0.39,-0.01,0.39,-40.41,66.5,-68.08
189,-0.63,0.03,0.32,-42.63,58.29,-68.82
190,-0.76,0.06,0.29,-48.41,32.59,-74.73
191,-0.77,0.07,0.3,-58.03,12.44,-85.27
192,-0.71,0.06,0.31,-66.51,0.4,-78.27
193,-0.64,0.06,0.35,-77.21,-0.73,-66.81
194,-0.55,0.01,0.43,-84.75,5.44,-57.58
195,-0.47,0.05,0.5,-98.28,22.99,-42.48
196,-0.5,-0.02,0.62,-98.47,18.61,-44.01
197,-0.41,-0.1,0.7,-93.51,14.56,-47.24
198,-0.43,-0.12,0.73,-86.56,12.5,-51.31
199,-0.5,-0.12,0.71,-82.46,5.6,-55.62
200,-0.55,-0.08,0.69,-83.35,0.41,-56.81
201,-0.59,-0.08,0.69,-86.37,-4.28,-55.33
202,-0.57,-0.09,0.72,-92.46,-4.42,-51.26
203,-0.49,-0.11,0.75,-98.06,3.44,-42.24
204,-0.52,-0.14,0.77,-102.91,9.02,-37.2
205,-0.54,-0.17,0.78,-106.62,14.05,-32.96
206,-0.61,-0.25,0.84,-103.15,16.88,-26.18
207,-0.76,-0.29,0.82,-99.04,9.5,-28.85
208,-0.85,-0.29,0.8,-94.83,-4.81,-28.44
209,-0.9,-0.25,0.79,-95.56,-23.37,-29.89
210,-0.84,-0.23,0.8,-100.44,-33.85,-24.91
211,-0.74,-0.23,0.82,-113.24,-28.89,-11.58
212,-0.67,-0.3,0.92,-122.45,-22.86,2.01
213,-0.59,-0.35,0.99,-128.56,-15.36,17.18
214,-0.48,-0.44,1.08,-129.27,-10.63,23.51
215,-0.36,-0.5,1.18,-120.24,-5.86,28.96
216,-0.36,-0.56,1.21,-113.51,-7.03,26.78
217,-0.42,-0.6,1.23,-100.62,-12.35,20.99
218,-0.5,-0.56,1.2,-95.91,-20.01,19.86
219,-0.56,-0.58,1.22,-84.16,-36.71,16.82
220,-0.49,-0.54,1.16,-81.24,-44.4,15.18
221,-0.44,-0.53,1.14,-83.09,-43.12,19.89
222,-0.4,-0.54,1.14,-85.18,-33.79,32.19
223,-0.41,-0.57,1.14,-88.15,-27.71,42.91
224,-0.39,-0.62,1.19,-88.88,-25.15,50.67
225,-0.41,-0.69,1.24,-81.27,-28.56,52.34
226,-0.41,-0.71,1.25,-70.71,-32.81,53.6
227,-0.46,-0.7,1.19,-62.31,-36.48,53.45
228,-0.54,-0.68,1.16,-56.11,-47.11,50.15
229,-0.54,-0.69,1.17,-50.89,-56.95,51.86
230,-0.5,-0.72,1.21,-44.93,-61.97,53.0
231,-0.4,-0.67,1.21,-40.9,-63.78,64.37
232,-0.33,-0.73,1.2,-33.55,-63.2,61.84
233,-0.27,-0.7,1.18,-34.65,-63.37,66.76
234,-0.22,-0.73,1.18,-34.31,-54.21,77.91
235,-0.23,-0.76,1.22,-29.7,-45.66,88.23
236,-0.25,-0.73,1.19,-22.84,-43.47,94.44
237,-0.32,-0.75,1.18,-9.07,-62.31,83.6
238,-0.27,-0.7,1.1,-2.31,-76.33,69.24
239,-0.24,-0.64,1.08,-0.56,-88.43,61.28
240,-0.14,-0.6,1.06,-3.51,-86.82,65.89
241,-0.04,-0.59,1.07,-4.52,-82.61,68.85
242,0.04,-0.58,1.07,-3.82,-70.89,75.17
243,0.02,-0.59,1.07,-3.9,-65.6,81.22
244,0.02,-0.6,1.05,-1.34,-59.41,85.27
245,0.02,-0.58,1.06,1.27,-57.87,82.47
246,0.06,-0.58,1.05,4.43,-60.24,77.67
247,0.08,-0.59,1.07,9.84,-64.4,69.22
248,0.1,-0.6,1.08,17.52,-69.26,60.89
249,0.14,-0.57,1.05,21.84,-70.21,60.11
250,0.16,-0.56,1.03,23.76,-68.61,55.4
251,0.17,-0.56,1.01,25.47,-69.77,50.44
252,0.22,-0.58,1.0,27.01,-68.63,44.02
253,0.23,-0.59,1.03,30.76,-63.3,39.82
254,0.2,-0.61,1.05,34.2,-64.3,35.78
255,0.22,-0.59,1.02,35.79,-60.58,35.63
256,0.21,-0.59,1.0,36.02,-54.85,32.76
257,0.19,-0.59,1.0,38.72,-52.04,29.94
258,0.18,-0.59,0.99,40.64,-51.19,28.86
259,0.19,-0.58,0.96,41.34,-48.12,28.69
260,0.2,-0.55,0.93,41.38,-45.12,30.5
261,0.2,-0.51,0.92,40.44,-41.98,30.82
262,0.22,-0.47,0.91,39.44,-41.88,29.1
263,0.22,-0.45,0.89,38.94,-46.19,19.6
264,0.22,-0.45,0.89,38.15,-51.19,10.25
265,0.21,-0.48,0.93,38.24,-52.98,3.5
266,0.25,-0.49,0.96,40.72,-51.5,2.79
267,0.27,-0.51,0.95,43.99,-45.96,2.77
268,0.3,-0.49,0.93,44.85,-39.98,1.76
269,0.28,-0.49,0.94,44.73,-37.72,-2.99
270,0.28,-0.49,0.95,46.82,-34.72,-3.29
271,0.25,-0.48,0.95,48.89,-32.47,-6.02
272,0.26,-0.45,0.93,48.75,-31.19,-10.38
273,0.25,-0.44,0.92,47.85,-29.1,-13.95
274,0.16,-0.41,0.88,47.59,-28.08,-20.12
275,0.13,-0.38,0.89,44.03,-28.91,-15.79
276,0.24,-0.42,0.95,43.18,-25.76,-9.97
277,0.23,-0.4,0.89,46.1,-18.99,-9.52
278,0.22,-0.35,0.89,40.03,-13.84,-7.51
279,0.18,-0.39,0.93,42.3,-16.69,-14.62
280,0.2,-0.34,0.88,42.2,-12.19,-13.65
281,0.17,-0.34,0.91,41.3,-9.48,-10.56
282,0.17,-0.33,0.91,43.64,-10.36,-10.35
283,0.2,-0.3,0.88,41.24,-7.46,-12.35
284,0.17,-0.29,0.88,42.36,-5.02,-10.86
285,0.12,-0.28,0.9,43.85,-6.73,-12.31
286,0.17,-0.27,0.89,46.45,-13.03,-13.71
287,0.25,-0.23,0.86,47.05,-6.51,-16.66
288,0.15,-0.23,0.89,46.92,-3.58,-13.95
289,0.15,-0.21,0.86,48.37,-5.25,-13.01
290,0.17,-0.18,0.81,47.63,-4.41,-12.95
291,0.12,-0.15,0.8,44.35,-9.4,-17.33
292,0.12,-0.13,0.78,41.51,-10.45,-17.69
293,0.12,-0.09,0.76,36.27,-10.62,-17.53
294,0.13,-0.09,0.74,30.83,-7.09,-15.65
295,0.11,-0.09,0.74,26.24,-6.37,-11.31
296,0.13,-0.07,0.74,21.9,-3.95,-8.89
297,0.14,-0.06,0.73,13.36,-0.28,-7.88
298,0.12,-0.08,0.77,9.54,-2.98,-9.38
299,0.13,-0.09,0.8,7.37,-5.05,-11.06
300,0.11,-0.11,0.81,6.83,-7.15,-13.79
301,0.11,-0.09,0.82,5.5,-6.89,-16.23
302,0.08,-0.15,0.85,11.23,-10.45,-9.19
303,0.1,-0.08,0.79,6.98,-8.5,-6.39
304,0.11,-0.12,0.81,2.53,-5.66,-6.95
305,0.14,-0.13,0.83,1.59,0.55,-3.82
306,0.13,-0.11,0.84,-1.35,5.31,-2.09
307,0.12,-0.12,0.84,-1.19,5.31,-3.11
308,0.08,-0.11,0.86,-1.53,2.99,-7.08
309,0.1,-0.11,0.87,-0.93,2.48,-7.75
310,0.09,-0.11,0.87,-0.34,2.14,-8.83
311,0.08,-0.1,0.87,-0.07,2.99,-8.76
312,0.05,-0.09,0.87,-1.14,2.75,-7.57
313,0.06,-0.09,0.87,-3.73,3.79,-4.49
314,0.05,-0.09,0.89,-6.86,2.5,-6.53
315,0.08,-0.1,0.91,-7.91,2.16,-5.44
316,0.1,-0.12,0.94,-7.03,2.64,-6.84
317,0.11,-0.11,0.95,-6.22,2.16,-6.98
318,0.11,-0.12,0.96,-4.18,2.56,-6.42
319,0.11,-0.12,0.97,-4.19,0.68,-6.53
320,0.1,-0.11,0.96,-4.5,0.75,-6.16
321,0.11,-0.1,0.97,-5.02,0.25,-5.93
322,0.13,-0.11,0.98,-5.21,2.22,-4.47
323,0.12,-0.1,1.0,-5.66,3.53,-4.22
324,0.11,-0.11,1.0,-5.4,2.73,-4.07
325,0.13,-0.11,1.01,-4.37,2.51,-4.28
326,0.12,-0.11,1.0,-4.79,1.94,-5.24
327,0.1,-0.13,1.01,-4.22,1.18,-5.77
328,0.11,-0.12,1.0,-3.73,-0.36,-5.27
329,0.11,-0.11,0.99,-4.32,-1.27,-6.47
330,0.12,-0.12,1.0,-5.01,-2.79,-7.91
331,0.13,-0.13,1.0,-5.39,-1.12,-6.15
332,0.13,-0.13,0.99,-5.65,-0.08,-4.34
333,0.13,-0.14,1.0,-5.66,0.63,-4.08
334,0.15,-0.14,0.99,-5.41,0.99,-4.02
335,0.16,-0.15,0.99,-5.19,2.73,-4.45
336,0.14,-0.16,0.99,-4.5,4.18,-3.42
337,0.14,-0.16,0.98,-3.49,4.91,-1.81
338,0.14,-0.16,0.96,-2.84,5.53,-0.53
339,0.13,-0.15,0.96,-3.02,6.21,-1.2
340,0.1,-0.14,0.94,-2.63,5.68,-1.52
341,0.1,-0.13,0.94,-2.85,6.76,2.48
342,0.1,-0.13,0.92,-3.85,9.96,4.24
343,0.09,-0.12,0.92,-6.61,9.77,4.38
344,0.08,-0.12,0.92,-8.92,10.63,2.01
345,0.1,-0.13,0.95,-11.76,15.91,8.0
346,0.1,-0.15,0.99,-7.65,13.62,8.09
347,0.12,-0.12,0.97,-8.31,15.31,7.91
348,0.15,-0.13,0.99,-7.71,14.88,5.55
349,0.16,-0.14,1.03,-5.18,11.75,-0.56
350,0.21,-0.13,0.99,-4.76,15.48,-3.92
351,0.12,-0.15,1.04,0.13,9.41,-6.44
352,0.13,-0.11,0.99,1.79,9.07,-6.22
353,0.13,-0.08,0.95,-1.44,11.4,-6.46
354,0.11,-0.07,0.94,-3.48,12.98,-4.74
355,0.06,-0.08,0.95,-6.49,10.31,-5.46
356,0.08,-0.09,0.96,-9.11,10.3,-4.69
357,0.11,-0.11,0.95,-11.83,12.69,-5.72
358,0.08,-0.12,0.99,-12.15,10.12,-1.62
359,0.09,-0.13,0.97,-10.45,6.1,-4.77
360,0.11,-0.14,0.96,-11.76,5.63,-4.79
361,0.11,-0.15,0.98,-11.44,3.15,-9.17
362,0.12,-0.16,0.97,-10.32,4.41,-9.73
363,0.08,-0.17,0.99,-10.9,3.53,-12.07
364,0.08,-0.17,0.99,-10.02,3.66,-12.36
365,0.03,-0.2,1.0,-6.15,-2.67,-14.08
366,0.05,-0.18,0.99,-5.42,-3.53,-12.13
367,0.06,-0.17,0.97,-6.01,-3.4,-10.11
368,0.08,-0.16,0.97,-6.41,-4.47,-11.52
369,0.08,-0.15,0.98,-7.06,-3.92,-11.37
370,0.08,-0.14,0.98,-6.47,-3.64,-9.66
371,0.07,-0.14,0.98,-6.56,-4.16,-10.36
372,0.07,-0.13,0.96,-7.31,-5.06,-10.81
373,0.06,-0.14,0.97,-7.48,-5.83,-11.34
374,0.09,-0.13,0.98,-8.14,-5.61,-10.18
375,0.11,-0.15,0.98,-8.76,-1.93,-7.24
376,0.09,-0.16,1.01,-7.02,-0.95,-6.73
377,0.08,-0.15,1.0,-5.69,0.31,-5.38
378,0.06,-0.15,0.98,-5.4,0.64,-5.15
379,0.05,-0.14,0.98,-5.24,0.07,-4.85
380,0.06,-0.14,0.98,-6.06,0.47,-4.26
381,0.05,-0.14,0.98,-7.69,2.23,-2.95
382,0.04,-0.14,0.99,-8.28,2.34,-2.18
383,0.04,-0.16,1.0,-8.73,1.85,-2.85
384,0.04,-0.15,1.0,-8.93,1.92,-6.34
385,0.04,-0.15,1.0,-12.09,3.6,-0.82
386,0.01,-0.19,1.02,-7.11,-3.09,-4.16
387,0.06,-0.16,0.98,-8.92,-0.18,-1.18
388,0.06,-0.18,0.99,-9.41,0.31,-1.4
389,0.05,-0.19,1.0,-8.37,-0.67,-1.98
390,0.05,-0.19,1.0,-7.66,-1.12,-0.35
391,0.05,-0.2,1.01,-6.72,-2.63,-0.92
392,0.08,-0.2,1.0,-5.59,-2.81,-1.07
393,0.09,-0.19,1.0,-5.29,-3.05,-1.84
394,0.09,-0.19,1.0,-4.69,-4.02,-2.66
395,0.09,-0.19,1.0,-3.84,-3.1,-2.12
396,0.1,-0.19,1.0,-4.85,-1.37,-0.54
397,0.08,-0.21,1.0,-3.69,-0.48,1.11
398,0.09,-0.22,1.01,-2.81,0.2,1.79
399,0.1,-0.22,1.02,-1.32,1.4,-0.73
