,accel_x,accel_y,accel_z,gyro_x,gyro_y,gyro_z
0,0.04,-0.05,1.02,-17.95,-22.27,-26.83
1,0.08,-0.1,1.02,-15.82,-19.85,-24.78
2,0.11,-0.08,1.03,-18.21,-12.73,-20.35
3,0.12,-0.11,1.02,-17.98,-9.0,-19.17
4,0.13,-0.1,1.03,-15.91,-1.73,-9.31
5,0.1,-0.11,1.03,-12.85,0.59,-6.17
6,0.12,-0.13,0.97,-4.72,1.09,1.85
7,0.05,-0.13,1.05,-6.45,2.23,1.63
8,0.08,-0.14,1.01,-3.47,-3.03,-5.41
9,0.1,-0.11,1.01,-3.5,-1.82,-4.46
10,0.07,-0.1,1.02,-2.68,-7.79,-10.55
11,0.12,-0.07,1.02,-2.87,-4.4,-5.6
12,0.11,-0.07,1.01,-2.61,0.37,-1.89
13,0.1,-0.06,1.0,-1.63,0.05,-0.91
14,0.12,-0.06,0.99,-1.37,0.95,2.97
15,0.11,-0.06,1.0,-1.15,-0.18,3.26
16,0.11,-0.07,1.0,0.34,-2.68,2.14
17,0.13,-0.06,1.01,1.56,-1.23,5.56
18,0.13,-0.06,0.99,1.66,0.99,5.88
19,0.12,-0.04,0.98,1.05,2.77,5.92
20,0.1,-0.03,0.96,0.25,3.76,6.53
21,0.08,-0.03,0.96,-1.53,5.06,6.08
22,0.08,-0.04,0.96,-2.1,8.86,6.77
23,0.07,-0.02,0.92,-5.37,8.79,7.47
24,0.04,-0.03,0.96,-6.47,5.0,6.57
25,0.06,-0.02,0.92,-8.95,2.51,10.58
26,0.02,-0.06,0.99,-8.44,-3.22,7.39
27,0.03,-0.08,1.02,-5.94,-12.4,-0.39
28,0.11,-0.07,1.05,-3.24,-12.13,1.71
29,0.14,-0.08,1.07,-2.46,-5.02,6.15
30,0.12,-0.09,1.06,-0.24,-5.09,1.22
31,0.15,-0.08,1.05,2.03,-2.64,-1.0
32,0.14,-0.08,1.04,3.5,2.98,1.75
33,0.12,-0.08,1.02,3.67,6.16,3.66
34,0.1,-0.06,0.99,2.5,6.56,3.81
35,0.1,-0.05,0.97,1.88,4.87,5.05
36,0.11,-0.04,0.97,0.69,4.85,9.0
37,0.09,-0.04,0.97,-1.21,5.12,7.76
38,0.09,-0.04,0.97,-1.82,2.27,4.8
39,0.09,-0.03,0.96,-2.98,1.06,3.56
40,0.09,-0.03,0.97,-3.26,-0.13,1.64
41,0.08,-0.05,0.98,-3.34,-1.77,-0.64
42,0.08,-0.04,0.97,-3.37,-3.08,-2.32
43,0.08,-0.04,0.98,-3.33,-4.39,-3.88
44,0.08,-0.04,0.98,-3.56,-5.79,-6.02
45,0.09,-0.04,0.99,-3.95,-5.53,-6.11
46,0.1,-0.04,0.98,-4.33,-2.95,-2.63
47,0.09,-0.05,0.99,-3.65,-3.17,-4.58
48,0.09,-0.06,0.98,-3.83,-2.22,-4.79
49,0.08,-0.04,0.97,-4.73,-3.15,-5.89
50,0.08,-0.05,0.99,-5.8,-7.34,-8.58
51,0.12,-0.05,0.98,-4.73,-9.47,-8.06
52,0.11,-0.06,1.0,-5.02,-11.31,-12.59
53,0.13,-0.06,1.0,-4.91,-11.34,-15.24
54,0.11,-0.07,1.02,-4.5,-12.54,-21.39
55,0.16,-0.04,0.98,-3.15,-11.57,-16.12
56,0.12,-0.05,1.0,-4.6,-6.64,-12.72
57,0.12,-0.04,0.98,-4.48,-7.05,-15.38
58,0.1,-0.04,0.98,-3.83,-8.53,-16.59
59,0.1,-0.04,0.97,-4.98,-9.51,-18.83
60,0.09,-0.05,0.97,-5.69,-10.93,-18.45
61,0.1,-0.06,0.99,-4.87,-14.38,-21.06
62,0.14,-0.05,0.99,-3.64,-11.79,-17.93
63,0.14,-0.04,0.98,-3.44,-6.4,-10.81
64,0.13,-0.04,0.98,-4.37,-2.5,-3.79
65,0.09,-0.06,0.98,-4.44,-3.89,-4.48
66,0.1,-0.07,0.98,-4.09,-5.89,-6.63
67,0.12,-0.06,0.99,-3.42,-5.71,-4.85
68,0.14,-0.04,0.98,-3.37,-3.88,-0.89
69,0.13,-0.04,0.98,-4.25,-1.87,1.69
70,0.1,-0.05,0.98,-4.4,-3.33,-0.21
71,0.13,-0.04,0.99,-4.04,-3.03,-0.44
72,0.14,-0.05,0.97,-4.14,-0.87,-0.16
73,0.14,-0.03,0.96,-5.24,-0.14,0.03
74,0.13,-0.05,0.96,-5.81,-2.1,-1.98
75,0.12,-0.05,0.98,-5.0,-5.15,-2.89
76,0.13,-0.06,0.99,-4.15,-5.76,-2.38
77,0.14,-0.05,0.98,-4.73,-4.31,-0.85
78,0.14,-0.05,0.99,-5.21,-3.53,-1.31
79,0.14,-0.06,0.99,-5.98,-2.73,-2.08
80,0.14,-0.06,1.0,-6.24,-1.21,-1.95
81,0.15,-0.07,1.0,-5.83,-0.73,-2.69
82,0.14,-0.07,0.99,-5.16,-0.34,-3.79
83,0.13,-0.06,0.99,-5.63,-0.11,-4.6
84,0.13,-0.06,0.98,-5.48,0.14,-3.85
85,0.11,-0.06,1.0,-4.73,-1.1,-4.89
86,0.12,-0.07,0.98,-4.48,-2.03,-7.76
87,0.11,-0.07,0.98,-4.01,-2.22,-7.26
88,0.15,-0.05,0.95,-3.37,0.08,0.14
89,0.07,-0.06,0.97,-5.95,-0.53,-2.95
90,0.08,-0.05,0.96,-6.6,-4.5,-7.06
91,0.09,-0.05,0.97,-6.74,-5.15,-4.8
92,0.08,-0.05,0.98,-7.82,-4.37,-4.08
93,0.08,-0.05,0.99,-8.27,-7.75,-10.06
94,0.15,-0.02,0.95,-8.03,-4.22,-0.95
95,0.14,-0.03,0.97,-9.48,3.63,9.38
96,0.11,-0.05,0.97,-9.43,4.75,8.94
97,0.1,-0.05,0.95,-8.49,4.5,7.87
98,0.09,-0.03,0.92,-11.08,4.65,7.91
99,0.08,-0.04,0.94,-14.08,1.81,5.44
100,0.07,-0.07,0.95,-13.58,-3.34,0.08
101,0.13,-0.05,0.96,-14.53,-3.06,0.79
102,0.16,-0.03,0.95,-14.61,3.69,9.83
103,0.14,-0.06,0.94,-12.4,10.36,12.98
104,0.12,-0.04,0.93,-12.54,13.6,20.43
105,0.04,-0.03,0.91,-15.42,16.22,21.5
106,0.08,-0.02,0.87,-16.57,13.18,24.63
107,0.01,-0.06,0.93,-23.95,2.05,12.01
108,0.14,-0.02,0.93,-29.92,2.17,13.4
109,0.1,-0.03,0.98,-31.48,5.0,16.18
110,0.06,-0.04,1.04,-33.39,9.66,20.86
111,0.02,-0.05,1.06,-34.82,17.26,32.29
112,-0.1,-0.08,1.09,-37.94,16.3,35.21
113,-0.17,-0.06,1.12,-42.9,15.26,39.19
114,-0.26,-0.09,1.18,-45.95,5.73,37.2
115,-0.32,-0.13,1.26,-50.87,-5.1,35.66
116,-0.29,-0.17,1.35,-49.31,-9.6,46.86
117,-0.35,-0.25,1.45,-49.79,-8.06,70.27
118,-0.54,-0.38,1.55,-55.99,-19.47,64.15
119,-0.57,-0.43,1.79,-62.03,-38.51,80.89
120,-0.57,-0.65,1.94,-29.74,-65.41,76.85
121,-0.37,-0.69,2.0,-6.32,-96.71,64.21
122,0.05,-0.7,2.0,18.77,-116.6,54.64
123,0.46,-0.57,2.0,40.27,-117.63,57.18
124,0.89,-0.68,2.0,58.2,-91.02,36.29
125,1.03,-0.64,2.0,86.44,-82.49,17.66
126,1.15,-0.66,2.0,118.64,-56.76,14.05
127,1.01,-0.68,2.0,145.22,-37.21,8.53
128,0.9,-0.7,1.91,171.53,-24.52,6.05
129,0.74,-0.68,1.74,190.82,-27.13,-10.84
130,0.72,-0.63,1.54,206.44,-33.21,-18.03
131,0.82,-0.52,1.31,209.56,-30.39,-22.5
132,0.96,-0.4,1.1,201.04,-18.24,-33.46
133,1.07,-0.37,0.91,195.67,-2.07,-45.32
134,1.1,-0.29,0.84,188.58,13.39,-47.25
135,1.15,-0.27,0.72,183.71,30.14,-56.21
136,1.14,-0.24,0.61,180.85,46.27,-66.53
137,1.14,-0.18,0.45,172.58,60.27,-76.85
138,1.09,-0.16,0.34,167.9,71.43,-82.09
139,0.95,-0.09,0.24,151.62,69.39,-92.0
140,0.93,-0.13,0.04,150.92,81.82,-102.88
141,0.81,-0.06,-0.07,140.82,81.66,-111.06
142,0.69,-0.04,-0.16,126.33,70.29,-127.89
143,0.64,-0.03,-0.21,114.5,55.12,-148.98
144,0.62,0.01,-0.23,99.44,42.04,-164.07
145,0.66,0.05,-0.25,82.55,36.76,-177.79
146,0.69,0.07,-0.28,66.4,44.02,-181.52
147,0.56,0.05,-0.25,56.7,43.92,-182.63
148,0.51,0.07,-0.26,45.4,48.85,-187.73
149,0.47,0.09,-0.3,34.4,62.1,-182.18
150,0.27,0.07,-0.33,26.85,65.06,-174.22
151,0.12,0.07,-0.34,21.27,60.25,-166.09
152,-0.06,0.07,-0.36,16.93,50.25,-158.37
153,-0.24,0.11,-0.4,8.34,25.99,-166.27
154,-0.21,-0.06,-0.39,-7.5,2.6,-214.34
155,-0.16,0.2,-0.47,-13.81,-10.52,-176.76
156,-0.14,0.29,-0.43,-32.49,-13.27,-170.11
157,-0.15,0.32,-0.43,-58.21,-5.33,-171.01
158,-0.21,0.24,-0.37,-80.05,9.47,-160.11
159,-0.35,0.15,-0.3,-97.6,20.87,-145.44
160,-0.52,0.02,-0.25,-109.55,26.07,-134.21
161,-0.73,-0.1,-0.17,-114.85,19.95,-120.08
162,-0.92,-0.17,-0.14,-114.65,5.01,-100.38
163,-1.11,-0.23,-0.11,-117.47,-29.51,-96.59
164,-1.16,-0.21,-0.08,-130.6,-66.35,-114.42
165,-1.05,-0.18,0.02,-149.03,-88.63,-121.28
166,-0.88,-0.2,0.12,-169.21,-86.79,-105.16
167,-0.83,-0.31,0.28,-192.48,-65.65,-80.34
168,-0.81,-0.43,0.5,-213.48,-48.26,-60.65
169,-0.86,-0.57,0.67,-224.53,-31.68,-47.08
170,-0.95,-0.72,0.79,-221.5,-25.9,-41.76
171,-1.11,-0.83,0.96,-219.82,-33.05,-37.24
172,-1.27,-0.94,1.12,-209.59,-35.78,-29.25
173,-1.44,-1.05,1.33,-205.12,-35.85,-14.1
174,-1.58,-1.12,1.53,-195.12,-34.63,10.15
175,-1.57,-1.09,1.62,-185.27,-35.16,40.31
176,-1.46,-1.0,1.6,-176.25,-38.05,59.08
177,-1.17,-0.88,1.58,-171.81,-48.89,73.56
178,-0.76,-0.78,1.44,-173.82,-22.82,106.15
179,-1.07,-0.89,1.65,-172.56,-34.14,102.33
180,-0.88,-0.84,1.71,-157.54,-63.55,97.86
181,-0.72,-0.82,1.69,-136.29,-59.97,96.06
182,-0.73,-0.77,1.65,-116.72,-68.2,98.89
183,-0.73,-0.69,1.63,-107.9,-77.6,111.38
184,-0.68,-0.64,1.61,-107.82,-83.47,116.5
185,-0.54,-0.63,1.63,-105.48,-88.06,132.02
186,-0.34,-0.6,1.61,-103.85,-84.56,146.84
187,-0.19,-0.61,1.66,-102.98,-75.59,167.18
188,-0.11,-0.66,1.69,-98.42,-67.21,180.49
189,-0.05,-0.68,1.65,-89.49,-58.08,181.63
190,-0.11,-0.69,1.64,-74.4,-56.36,185.35
191,-0.18,-0.68,1.59,-54.69,-67.66,181.0
192,-0.16,-0.63,1.51,-40.96,-96.01,154.96
193,0.07,-0.53,1.49,-32.31,-119.74,129.67
194,0.42,-0.45,1.46,-26.35,-120.56,116.62
195,0.6,-0.42,1.44,-19.47,-101.39,109.93
196,0.64,-0.39,1.49,-13.98,-77.37,115.62
197,0.67,-0.43,1.51,-12.31,-64.88,112.52
198,0.63,-0.54,1.53,3.43,-56.1,102.96
199,0.64,-0.6,1.57,28.03,-61.78,88.66
200,0.7,-0.61,1.53,53.07,-65.98,67.72
201,0.65,-0.65,1.53,75.85,-72.42,44.4
202,0.65,-0.64,1.46,90.85,-69.71,30.95
203,0.64,-0.61,1.39,100.47,-61.02,18.82
204,0.65,-0.55,1.28,106.1,-48.3,13.02
205,0.61,-0.52,1.24,108.39,-33.39,14.09
206,0.52,-0.51,1.16,109.37,-18.74,14.19
207,0.45,-0.48,1.1,111.44,-6.15,14.52
208,0.42,-0.43,0.99,112.56,-2.61,11.87
209,0.37,-0.4,0.92,112.35,4.51,16.2
210,0.28,-0.42,0.85,114.59,8.06,15.98
211,0.2,-0.38,0.8,116.42,8.36,20.95
212,0.18,-0.31,0.71,112.95,11.73,20.24
213,0.19,-0.23,0.62,100.36,14.96,18.57
214,0.16,-0.16,0.54,87.4,9.93,7.57
215,0.15,-0.13,0.47,78.47,6.4,5.21
216,0.07,-0.13,0.49,70.54,-7.3,-4.12
217,0.07,-0.13,0.51,64.31,-16.14,-8.67
218,0.14,-0.14,0.54,57.77,-20.74,-15.34
219,0.17,-0.09,0.57,50.6,-15.73,-12.64
220,0.09,-0.12,0.59,47.4,-20.75,-25.52
221,0.17,-0.05,0.55,43.5,-18.32,-23.46
222,0.11,-0.05,0.59,37.5,-16.92,-22.18
223,0.11,-0.03,0.61,32.41,-13.93,-25.83
224,0.13,-0.0,0.61,25.79,-4.15,-19.5
225,0.06,-0.03,0.64,19.96,4.49,-11.79
226,-0.01,-0.07,0.66,14.56,5.25,-10.52
227,-0.02,-0.08,0.69,10.98,6.83,-6.25
228,-0.04,-0.08,0.72,6.19,5.0,-5.63
229,-0.0,-0.05,0.75,0.6,3.8,-8.81
230,0.02,-0.05,0.79,-2.09,5.35,-8.85
231,0.01,-0.07,0.82,-3.36,5.76,-8.14
232,-0.02,-0.09,0.87,-3.37,4.99,-9.34
233,-0.01,-0.06,0.87,-2.6,2.15,-11.19
234,-0.02,-0.06,0.89,0.08,-0.99,-12.95
235,-0.06,-0.09,0.91,4.27,-7.13,-19.74
236,-0.05,-0.08,0.94,8.24,-13.25,-21.84
237,-0.01,-0.06,0.94,11.99,-14.87,-15.29
238,-0.02,-0.07,0.97,13.92,-16.92,-9.98
239,-0.03,-0.09,1.0,16.39,-18.44,-8.75
240,-0.01,-0.07,1.0,20.35,-19.11,-6.09
241,0.01,-0.06,1.01,21.79,-18.96,-2.11
242,0.03,-0.03,1.02,21.27,-17.33,-0.5
243,0.1,0.02,0.98,19.41,-10.26,5.6
244,0.11,0.07,0.95,12.69,-8.18,0.24
245,0.17,0.12,0.9,4.4,-5.13,-9.6
246,0.11,0.07,0.96,-0.32,-3.66,-17.18
247,0.13,0.07,0.94,-0.56,-0.69,-12.47
248,0.04,0.03,0.95,-0.85,2.09,-5.86
249,-0.03,-0.01,0.97,1.29,-6.7,-12.36
250,-0.01,-0.01,0.98,1.58,-16.21,-17.27
251,-0.0,-0.02,1.02,1.31,-16.2,-11.67
252,-0.01,-0.08,1.08,7.82,-14.85,-9.92
253,-0.02,-0.07,1.1,11.02,-13.76,-5.63
254,0.05,-0.05,1.08,13.94,-7.24,8.0
255,0.06,-0.01,1.04,10.85,-2.3,11.48
256,0.12,0.04,1.0,4.36,3.63,10.24
257,0.16,0.07,0.95,-2.57,8.98,10.61
258,0.16,0.12,0.96,-12.28,13.62,5.62
259,0.11,0.08,0.96,-16.32,15.44,-1.15
260,0.08,0.06,0.95,-11.25,14.61,-0.29
261,-0.0,0.03,0.97,-7.94,12.28,-5.45
262,-0.01,0.06,0.93,-7.27,9.56,-8.44
263,-0.03,0.06,0.92,-7.7,7.9,-2.56
264,-0.15,0.02,0.95,-9.37,-3.33,-8.06
265,-0.14,0.01,0.94,-5.96,-13.53,-12.06
266,-0.12,0.0,0.94,-3.85,-14.74,-7.06
267,-0.13,-0.02,0.96,-6.22,-22.0,-9.89
268,-0.08,-0.04,1.01,-7.27,-28.7,-12.4
269,-0.05,-0.06,1.05,-4.85,-32.85,-16.71
270,0.01,-0.04,1.08,-6.0,-34.16,-18.27
271,0.1,-0.02,1.1,-6.92,-27.42,-18.13
272,0.14,-0.01,1.11,-7.46,-20.51,-14.6
273,0.2,-0.0,1.1,-5.89,-6.17,-0.78
274,0.14,-0.04,1.11,-2.56,3.89,3.19
275,0.13,-0.04,1.08,-2.34,8.93,0.22
276,0.12,-0.03,1.04,-1.92,12.86,1.45
277,0.08,-0.03,1.0,-1.22,13.11,-1.24
278,0.07,-0.01,0.96,-1.48,9.82,-4.47
279,0.06,0.01,0.93,-2.67,5.45,-8.99
280,0.08,0.04,0.91,-2.93,2.3,-15.33
281,0.06,0.08,0.92,-5.91,1.31,-14.63
282,0.04,0.07,0.93,-11.19,-3.7,-24.18
283,0.09,0.08,0.95,-14.4,3.67,-17.61
284,-0.01,0.05,0.98,-17.29,-1.97,-19.82
285,-0.0,0.02,0.95,-17.03,-3.34,-22.88
286,-0.04,0.02,0.95,-17.76,-5.47,-21.58
287,-0.04,0.02,0.94,-21.11,-1.52,-19.44
288,-0.05,-0.0,0.92,-22.49,4.67,-12.03
289,-0.1,-0.03,0.94,-22.3,3.37,-8.09
290,-0.1,-0.03,0.94,-22.52,-1.4,-7.92
291,-0.06,-0.03,0.93,-23.47,-7.05,-7.56
292,0.03,-0.06,0.94,-23.35,-6.59,-8.21
293,0.07,0.01,0.88,-30.1,-6.36,-1.44
294,-0.03,-0.09,1.07,-29.47,-11.18,-5.83
295,0.02,-0.13,1.05,-24.11,-21.52,-18.26
296,0.14,-0.05,1.04,-22.95,-10.29,-7.64
297,0.07,-0.09,1.11,-21.31,-6.34,-7.87
298,0.08,-0.1,1.1,-16.72,-5.31,-12.53
299,0.09,-0.06,1.06,-15.08,3.53,-5.1
300,0.02,-0.07,1.03,-14.97,5.21,-2.71
301,-0.02,-0.09,1.03,-13.75,-1.02,-7.89
302,-0.01,-0.1,1.03,-12.02,-4.33,-6.42
303,0.0,-0.12,1.02,-9.92,-6.31,-5.02
304,0.01,-0.11,1.02,-7.76,-8.66,-5.47
305,0.03,-0.1,1.01,-7.08,-12.1,-7.89
306,0.09,-0.07,1.0,-7.5,-10.4,-5.91
307,0.11,-0.07,1.0,-7.92,-6.08,-2.5
308,0.08,-0.07,1.01,-8.26,-4.53,-3.41
309,0.08,-0.07,1.01,-7.25,-5.54,-5.82
310,0.11,-0.06,0.99,-6.2,-0.86,-1.41
311,0.08,-0.07,1.0,-7.19,1.19,-1.47
312,0.09,-0.08,0.99,-7.5,-0.69,-6.65
313,0.09,-0.07,0.98,-6.72,1.16,-4.03
314,0.05,-0.08,1.0,-6.44,-0.47,-5.44
315,0.07,-0.08,1.01,-5.79,-3.39,-7.54
316,0.06,-0.08,0.99,-5.38,-5.48,-6.27
317,0.08,-0.08,0.99,-5.43,-4.41,-6.27
318,0.07,-0.07,1.0,-6.32,-4.39,-4.92
319,0.06,-0.09,1.01,-8.37,-8.66,-8.56
320,0.1,-0.07,0.98,-5.92,-2.61,-5.92
321,0.07,-0.09,0.99,-4.86,-1.16,-5.03
322,0.05,-0.09,0.99,-4.98,-1.18,-5.84
323,0.05,-0.09,0.99,-4.73,-0.99,-5.63
324,0.04,-0.1,0.98,-4.29,-1.43,-3.92
325,0.03,-0.08,0.99,-4.21,-2.75,-2.65
326,0.02,-0.09,0.99,-6.78,-6.85,-4.11
327,0.06,-0.07,0.97,-5.32,-3.96,-3.91
328,0.06,-0.09,0.99,-5.03,-2.76,-2.15
329,0.06,-0.09,0.99,-3.5,-2.58,-4.15
330,0.08,-0.07,0.98,-3.11,-0.5,-3.91
331,0.08,-0.07,0.98,-3.6,0.8,-2.08
332,0.06,-0.08,1.0,-3.13,-0.85,-4.41
333,0.07,-0.08,0.98,-1.63,-2.23,-5.17
334,0.08,-0.07,0.98,-1.07,-1.12,-3.66
335,0.08,-0.07,0.97,-2.4,-0.12,-3.28
336,0.05,-0.08,0.99,-2.34,-1.56,-4.34
337,0.07,-0.07,0.98,-2.27,-1.64,-3.44
338,0.09,-0.07,0.98,-3.34,0.37,-1.81
339,0.07,-0.07,0.98,-3.43,0.66,-1.29
340,0.08,-0.13,0.96,-3.62,0.5,-14.69
341,0.06,-0.02,1.01,-2.81,-6.2,-8.38
342,0.1,-0.06,0.97,-2.76,2.43,-0.9
343,0.06,-0.07,1.0,-3.63,-0.88,-0.71
344,0.08,-0.09,1.0,-2.55,0.04,-1.55
345,0.07,-0.09,0.99,-1.69,0.21,-2.88
346,0.07,-0.1,0.98,-1.76,2.86,2.48
347,0.03,-0.11,1.01,-1.64,-0.13,-1.02
348,0.04,-0.1,1.01,-0.87,-1.82,-2.27
349,0.07,-0.09,1.0,-0.53,-0.11,1.04
350,0.06,-0.09,1.0,-1.36,1.53,1.78
351,0.07,-0.09,1.0,-1.34,0.55,-0.21
352,0.08,-0.07,0.99,-0.37,1.59,2.53
353,0.06,-0.08,0.98,0.2,3.02,4.25
354,0.04,-0.07,0.98,-0.1,0.56,1.56
355,0.06,-0.06,0.96,-0.39,-1.6,-1.47
356,0.06,-0.06,0.96,-1.56,-1.66,-1.37
357,0.05,-0.06,0.96,-2.31,-2.24,-1.64
358,0.05,-0.07,0.98,-2.66,-3.89,-4.05
359,0.08,-0.06,0.99,-1.75,-3.34,-4.25
360,0.08,-0.06,0.97,-2.26,-1.69,-2.23
361,0.06,-0.06,0.98,-2.88,-2.11,-2.08
362,0.06,-0.06,0.98,-1.81,-2.08,0.31
363,0.06,-0.06,0.97,-2.84,-0.05,3.95
364,0.05,-0.07,0.96,-4.5,0.08,3.63
365,0.04,-0.09,0.98,-5.37,-2.49,0.93
366,0.08,-0.08,0.97,-5.82,-2.53,1.27
367,0.06,-0.09,0.99,-5.73,-2.48,1.32
368,0.05,-0.08,0.99,-4.93,-3.26,0.6
369,0.07,-0.08,0.99,-4.46,-2.25,1.3
370,0.07,-0.08,0.99,-4.14,-2.09,2.23
371,0.06,-0.08,0.98,-4.06,-3.26,0.84
372,0.07,-0.08,0.99,-2.97,-2.53,3.3
373,0.05,-0.08,0.99,-2.47,-2.99,1.77
374,0.07,-0.09,0.98,-2.95,-1.85,3.44
375,0.06,-0.09,0.99,-3.16,-2.11,2.31
376,0.05,-0.09,1.0,-2.0,-4.18,-0.19
377,0.07,-0.08,0.98,-1.98,-4.69,-1.81
378,0.08,-0.08,0.98,-2.34,-4.08,-1.46
379,0.08,-0.08,0.99,-2.19,-3.39,1.16
380,0.07,-0.09,0.99,-1.36,-4.14,1.41
381,0.09,-0.09,0.99,-0.4,-5.24,1.44
382,0.08,-0.09,0.99,0.05,-4.05,3.24
383,0.09,-0.09,0.99,0.72,-2.81,4.57
384,0.06,-0.1,1.01,0.48,-5.48,-0.99
385,0.08,-0.1,1.01,1.43,-7.56,-4.16
386,0.09,-0.08,1.0,1.93,-6.85,-3.38
387,0.12,-0.07,1.0,2.02,-1.96,3.56
388,0.09,-0.08,1.0,1.37,1.57,5.6
389,0.08,-0.07,0.99,1.13,3.22,5.79
390,0.08,-0.07,0.98,0.73,4.17,7.47
391,0.06,-0.07,0.97,-0.01,6.23,10.99
392,0.03,-0.08,0.99,-0.6,-0.3,3.08
393,0.09,-0.06,0.96,-0.22,2.34,10.27
394,0.04,-0.08,0.97,-1.63,2.62,11.6
395,0.04,-0.07,0.98,-1.84,-0.34,8.97
396,0.07,-0.08,0.98,-1.67,1.77,12.27
397,0.03,-0.09,1.02,-1.58,-4.27,1.99
398,0.08,-0.08,0.99,-0.8,-4.0,2.29
399,0.08,-0.07,0.99,-1.08,-2.47,4.06
400,0.07,-0.08,1.0,-1.57,-2.86,1.51
