,accel_x,accel_y,accel_z,gyro_x,gyro_y,gyro_z
0,0.09,-0.1,0.96,-9.61,0.89,-0.11
1,0.11,-0.11,0.97,-10.57,1.52,-2.27
2,0.11,-0.1,0.97,-10.08,0.14,-3.31
3,0.1,-0.1,0.97,-9.94,1.78,-1.87
4,0.1,-0.1,0.96,-12.53,5.92,-0.27
5,0.11,-0.1,0.95,-13.97,6.48,-1.9
6,0.12,-0.1,0.98,-11.67,2.75,-2.26
7,0.1,-0.1,0.98,-7.87,-0.76,-3.21
8,0.09,-0.09,0.97,-7.37,-1.7,-4.65
9,0.11,-0.09,0.96,-9.42,-1.86,-6.47
10,0.11,-0.09,0.96,-11.76,-2.63,-10.85
11,0.12,-0.11,0.98,-10.32,-4.56,-9.32
12,0.1,-0.12,0.98,-10.27,-3.83,-9.17
13,0.11,-0.13,0.97,-11.79,-2.05,-8.7
14,0.12,-0.14,0.98,-12.5,-1.71,-15.71
15,0.12,-0.16,1.02,-9.9,-6.82,-14.12
16,0.12,-0.15,1.01,-7.44,-5.44,1.15
17,0.1,-0.16,0.99,-6.68,-4.76,-0.21
18,0.11,-0.15,1.01,-7.53,-4.6,2.47
19,0.11,-0.15,0.99,-6.72,-3.89,3.21
20,0.12,-0.16,0.99,-6.63,-4.61,1.41
21,0.11,-0.15,0.98,-6.85,-3.34,0.89
22,0.12,-0.15,1.0,-6.32,-3.77,3.06
23,0.12,-0.16,0.99,-5.65,-3.24,0.56
24,0.13,-0.15,1.0,-4.93,-3.52,-0.76
25,0.14,-0.14,0.99,-4.89,-2.1,-1.02
26,0.14,-0.14,0.99,-4.17,-1.89,-1.42
27,0.14,-0.13,0.97,-3.58,-2.07,-2.37
28,0.14,-0.13,0.98,-3.17,-2.07,-2.09
29,0.12,-0.13,0.98,-2.78,-2.11,-1.89
30,0.11,-0.13,0.97,-2.65,-2.61,1.64
31,0.11,-0.12,0.97,-3.53,-1.58,1.72
32,0.11,-0.12,0.96,-4.31,-1.84,2.34
33,0.1,-0.12,0.96,-4.93,-1.81,3.1
34,0.09,-0.13,0.96,-5.5,-2.71,2.29
35,0.11,-0.12,0.97,-6.37,-2.72,1.73
36,0.12,-0.12,0.98,-7.11,-2.25,3.13
37,0.12,-0.12,0.98,-6.77,-2.41,0.63
38,0.12,-0.12,0.97,-6.31,-2.5,-0.79
39,0.12,-0.12,0.98,-6.0,-2.92,-1.66
40,0.13,-0.13,0.99,-4.79,-3.8,-2.57
41,0.13,-0.14,0.99,-4.31,-3.7,-2.26
42,0.13,-0.13,0.99,-4.5,-2.37,-2.38
43,0.13,-0.15,1.0,-5.62,0.07,-2.34
44,0.13,-0.15,0.99,-5.46,0.31,-3.26
45,0.12,-0.15,1.0,-4.74,-0.5,-4.0
46,0.12,-0.16,1.0,-4.0,-0.19,-4.34
47,0.12,-0.16,0.98,-4.01,-0.35,-5.66
48,0.11,-0.15,0.99,-4.03,-0.61,-6.98
49,0.11,-0.16,0.98,-4.53,0.13,-5.93
50,0.11,-0.15,0.98,-5.47,0.66,-3.81
51,0.1,-0.16,0.99,-4.28,-0.73,-5.36
52,0.1,-0.16,0.99,-3.92,-0.45,-3.54
53,0.11,-0.16,0.98,-3.44,-0.21,-1.96
54,0.11,-0.15,0.99,-3.2,0.31,-3.2
55,0.11,-0.15,0.99,-2.15,-0.01,-3.66
56,0.12,-0.15,0.98,-1.85,0.4,-2.24
57,0.1,-0.15,0.97,-1.47,-1.02,-2.6
58,0.1,-0.15,0.97,-1.77,-1.99,-2.37
59,0.1,-0.14,0.97,-2.92,-1.44,-2.05
60,0.11,-0.14,0.96,-3.88,-2.0,-3.45
61,0.12,-0.14,0.96,-5.07,-1.89,-4.05
62,0.12,-0.14,0.98,-5.21,-1.46,-5.14
63,0.13,-0.14,0.97,-5.14,-1.24,-7.03
64,0.14,-0.14,0.99,-5.58,-0.39,-5.82
65,0.14,-0.14,0.99,-3.98,-0.05,-4.13
66,0.14,-0.14,0.98,-3.79,0.75,-4.14
67,0.15,-0.14,0.98,-3.23,0.64,-4.76
68,0.14,-0.13,0.98,-2.97,1.34,-5.76
69,0.12,-0.14,0.98,-3.53,1.5,-6.73
70,0.11,-0.13,0.96,-3.73,0.79,-6.96
71,0.11,-0.14,0.97,-3.97,0.31,-6.73
72,0.11,-0.14,0.96,-4.51,-0.02,-6.72
73,0.12,-0.14,0.96,-5.36,-1.5,-8.02
74,0.11,-0.15,0.98,-5.18,-1.73,-7.11
75,0.09,-0.16,0.98,-4.89,-2.38,-7.13
76,0.1,-0.16,0.97,-5.25,-2.66,-5.07
77,0.11,-0.15,0.97,-5.45,-1.71,-5.06
78,0.11,-0.16,0.98,-4.57,-3.21,-6.98
79,0.13,-0.16,0.98,-5.73,-1.94,-7.99
80,0.12,-0.15,0.97,-5.58,-2.27,-13.43
81,0.14,-0.14,1.0,-5.87,-1.59,-7.32
82,0.13,-0.15,0.98,-4.73,-2.85,-6.37
83,0.13,-0.15,0.98,-4.84,-0.64,-6.33
84,0.12,-0.15,0.97,-4.72,-0.45,-6.63
85,0.14,-0.14,0.98,-5.6,0.25,-6.53
86,0.13,-0.15,0.98,-5.71,0.86,-7.9
87,0.11,-0.15,0.99,-5.04,-0.31,-8.14
88,0.12,-0.15,0.99,-4.09,-0.3,-6.76
89,0.11,-0.16,0.98,-3.66,0.24,-5.84
90,0.1,-0.16,0.98,-2.51,-0.48,-5.5
91,0.09,-0.16,0.98,-1.83,-0.81,-4.75
92,0.1,-0.16,0.97,-1.87,-1.11,-3.97
93,0.12,-0.15,0.96,-3.84,0.25,-3.8
94,0.12,-0.15,0.97,-5.13,-0.01,-6.66
95,0.11,-0.15,0.97,-4.05,-1.56,-7.11
96,0.1,-0.16,0.98,-3.69,-1.79,-7.9
97,0.1,-0.16,0.98,-3.69,-2.31,-6.72
98,0.12,-0.16,0.98,-4.11,-0.92,-5.84
99,0.11,-0.16,0.98,-4.47,-0.62,-7.4
100,0.12,-0.16,0.98,-4.32,-1.02,-4.75
101,0.13,-0.15,0.98,-3.39,-1.68,-2.3
102,0.12,-0.15,0.98,-4.36,-1.4,-3.31
103,0.13,-0.16,0.98,-4.43,-1.67,-3.7
104,0.13,-0.16,0.99,-4.02,-1.3,-5.85
105,0.14,-0.17,0.99,-3.04,-0.63,-5.95
106,0.16,-0.16,1.01,-3.89,-0.11,-8.77
107,0.12,-0.15,1.0,-2.98,0.37,-4.17
108,0.13,-0.15,0.99,-3.43,0.85,-9.21
109,0.12,-0.14,0.98,-2.37,-0.38,-6.89
110,0.13,-0.14,0.98,-4.11,0.03,-7.74
111,0.12,-0.15,0.99,-5.06,1.24,-8.21
112,0.12,-0.15,1.0,-5.19,1.31,-7.02
113,0.12,-0.15,1.0,-4.88,1.15,-7.48
114,0.11,-0.15,1.02,-3.96,0.63,-8.65
115,0.09,-0.16,1.02,-3.24,0.07,-8.73
116,0.12,-0.15,1.02,-3.99,0.57,-7.85
117,0.15,-0.13,1.02,-5.91,2.34,-6.54
118,0.15,-0.13,1.05,-6.23,3.77,-7.52
119,0.16,-0.12,1.06,-6.89,4.81,-5.88
120,0.18,-0.09,1.07,-8.1,5.75,-4.46
121,0.19,-0.08,1.08,-8.92,6.53,-5.34
122,0.19,-0.1,1.13,-8.69,7.4,-7.71
123,0.18,-0.1,1.18,-6.43,6.75,-12.08
124,0.17,-0.08,1.21,-6.25,7.69,-13.36
125,0.16,-0.07,1.25,-6.95,9.31,-14.07
126,0.1,-0.06,1.33,-6.93,11.96,-20.66
127,0.05,-0.03,1.42,-10.38,13.0,-18.76
128,-0.01,0.0,1.5,-18.55,13.38,-16.88
129,0.0,0.03,1.64,-22.76,14.21,-15.73
130,-0.03,-0.0,1.78,-25.76,17.05,-20.68
131,-0.08,-0.08,1.93,-28.5,28.31,-21.85
132,-0.07,-0.3,2.0,-15.92,45.68,-21.02
133,-0.12,-0.43,2.0,-1.85,65.24,-17.86
134,-0.42,-0.6,2.0,19.61,51.34,-22.98
135,-0.39,-0.82,2.0,61.9,63.4,-11.41
136,-0.47,-0.96,2.0,109.79,58.53,-1.05
137,-0.55,-1.02,1.86,140.77,51.81,11.8
138,-0.54,-1.03,1.6,155.23,54.09,26.94
139,-0.56,-1.03,1.36,157.08,61.68,45.85
140,-0.62,-0.99,1.12,155.15,59.47,66.34
141,-0.72,-1.0,0.86,166.05,32.21,90.55
142,-0.68,-1.02,0.62,172.05,2.47,99.26
143,-0.52,-1.03,0.47,175.58,-12.21,98.22
144,-0.48,-1.05,0.31,179.94,-20.4,95.74
145,-0.37,-0.98,0.2,182.35,-6.73,102.95
146,-0.32,-0.85,0.01,173.89,11.56,118.4
147,-0.37,-0.63,-0.22,161.01,32.79,142.92
148,-0.39,-0.49,-0.44,137.71,45.92,166.61
149,-0.39,-0.33,-0.67,115.96,53.53,192.16
150,-0.43,-0.22,-0.78,83.57,41.88,198.66
151,-0.38,-0.14,-0.82,60.14,29.95,192.92
152,-0.34,-0.14,-0.87,40.11,11.11,186.75
153,-0.39,-0.14,-0.76,22.42,-7.53,179.43
154,-0.35,-0.16,-0.65,8.56,-29.09,179.6
155,-0.25,-0.12,-0.55,-5.61,-41.82,199.64
156,-0.07,-0.07,-0.51,-22.79,-54.83,216.79
157,0.18,0.01,-0.51,-44.08,-61.85,225.98
158,0.42,0.05,-0.42,-71.42,-62.45,227.53
159,0.52,0.06,-0.23,-100.37,-61.42,219.95
160,0.66,0.05,-0.05,-123.51,-61.56,220.21
161,0.87,0.04,0.14,-136.43,-61.62,214.07
162,1.09,0.05,0.32,-140.23,-69.11,193.44
163,1.25,0.1,0.48,-152.61,-78.45,159.47
164,1.35,0.06,0.62,-155.33,-88.41,131.98
165,1.39,0.07,0.81,-156.11,-87.59,109.5
166,1.4,0.05,0.93,-156.13,-71.81,102.3
167,1.37,-0.02,1.1,-155.41,-55.27,95.18
168,1.31,-0.07,1.18,-151.86,-36.48,95.3
169,1.25,-0.11,1.24,-147.32,-22.03,89.13
170,1.14,-0.14,1.21,-135.27,-19.42,75.81
171,1.1,-0.17,1.16,-124.29,-21.15,62.24
172,1.06,-0.19,1.14,-117.59,-26.11,45.18
173,1.06,-0.22,1.13,-115.03,-29.33,32.88
174,1.09,-0.25,1.13,-116.63,-22.2,25.25
175,1.09,-0.34,1.19,-113.85,-17.19,19.3
176,1.07,-0.36,1.22,-118.14,-0.73,12.53
177,0.93,-0.41,1.21,-119.36,1.4,4.18
178,0.81,-0.47,1.22,-113.62,5.27,-3.05
179,0.73,-0.51,1.21,-102.21,5.27,-5.64
180,0.69,-0.54,1.21,-88.78,1.21,-10.61
181,0.7,-0.5,1.18,-78.55,1.82,-14.72
182,0.75,-0.46,1.1,-71.82,4.96,-13.53
183,0.73,-0.4,1.03,-74.12,11.79,-19.91
184,0.71,-0.32,0.98,-80.55,13.08,-24.07
185,0.7,-0.31,0.97,-87.82,15.04,-32.61
186,0.7,-0.32,1.01,-91.25,18.64,-38.67
187,0.7,-0.37,1.06,-90.05,24.66,-46.17
188,0.7,-0.42,1.1,-85.99,33.57,-53.9
189,0.66,-0.5,1.07,-76.62,39.53,-59.09
190,0.59,-0.56,1.08,-65.82,42.44,-66.21
191,0.51,-0.52,1.04,-57.98,41.98,-65.42
192,0.42,-0.49,0.93,-52.66,35.85,-72.33
193,0.37,-0.36,0.88,-60.05,31.2,-73.03
194,0.38,-0.33,0.85,-69.99,36.17,-70.83
195,0.34,-0.38,0.89,-79.28,41.55,-71.12
196,0.35,-0.47,0.99,-83.15,40.61,-67.05
197,0.45,-0.52,1.03,-82.5,47.53,-61.5
198,0.54,-0.55,1.07,-78.15,56.4,-60.5
199,0.53,-0.54,1.1,-75.73,65.13,-62.4
200,0.46,-0.51,1.06,-69.53,66.72,-63.91
201,0.37,-0.47,1.02,-63.09,63.7,-72.46
202,0.3,-0.45,0.98,-58.53,58.79,-79.08
203,0.26,-0.47,0.99,-55.66,55.5,-85.47
204,0.24,-0.5,1.02,-53.68,54.39,-83.22
205,0.2,-0.54,0.99,-56.25,58.31,-83.16
206,0.25,-0.58,1.03,-49.89,62.51,-79.21
207,0.22,-0.56,1.03,-49.13,62.89,-82.32
208,0.18,-0.56,0.98,-43.8,61.09,-84.28
209,0.17,-0.55,0.97,-38.08,57.28,-86.27
210,0.15,-0.57,0.99,-34.16,55.7,-88.88
211,0.13,-0.59,1.01,-33.02,56.68,-86.34
212,0.13,-0.61,1.01,-32.52,61.42,-81.56
213,0.1,-0.63,1.01,-31.94,62.85,-80.31
214,0.11,-0.64,1.03,-31.23,63.47,-76.78
215,0.08,-0.64,1.02,-28.63,63.6,-78.95
216,0.07,-0.66,1.05,-23.44,60.15,-80.4
217,0.05,-0.69,1.09,-16.05,56.78,-79.76
218,0.03,-0.72,1.1,-7.92,52.46,-81.13
219,0.05,-0.7,1.07,1.82,46.56,-81.01
220,0.05,-0.71,1.06,10.94,40.52,-81.37
221,0.06,-0.67,1.03,13.55,42.52,-78.26
222,0.07,-0.64,1.03,15.18,46.76,-75.42
223,0.05,-0.61,0.98,15.17,44.94,-80.35
224,0.05,-0.61,0.94,18.17,39.05,-76.61
225,0.03,-0.58,0.9,18.11,35.43,-75.19
226,0.03,-0.56,0.91,14.92,34.92,-71.61
227,0.04,-0.57,0.91,12.93,31.65,-70.75
228,-0.0,-0.6,0.9,12.97,27.89,-80.7
229,0.02,-0.62,0.93,17.61,24.48,-67.98
230,0.03,-0.62,0.94,11.04,25.41,-63.52
231,0.07,-0.62,0.94,17.42,34.6,-53.95
232,0.03,-0.64,0.95,22.4,36.78,-48.5
233,0.02,-0.62,0.94,22.86,39.27,-40.31
234,0.01,-0.6,0.93,25.86,37.49,-37.21
235,0.02,-0.59,0.9,30.25,32.42,-36.21
236,0.02,-0.59,0.91,34.8,28.18,-37.21
237,0.02,-0.59,0.92,41.26,21.4,-38.44
238,-0.0,-0.59,0.92,49.15,13.51,-39.27
239,0.01,-0.59,0.94,54.92,6.98,-38.2
240,-0.01,-0.6,0.97,63.36,-0.11,-29.04
241,-0.02,-0.58,0.94,71.69,-2.28,-19.95
242,0.09,-0.54,0.96,67.08,2.48,-12.8
243,0.18,-0.5,0.96,60.47,11.87,-3.29
244,0.24,-0.49,0.95,52.51,16.47,-9.73
245,0.24,-0.48,0.96,44.69,26.78,-13.73
246,0.17,-0.5,1.0,49.28,23.57,-15.17
247,0.18,-0.5,1.01,54.17,19.0,-18.44
248,0.17,-0.48,1.0,58.85,16.82,-22.85
249,0.14,-0.48,1.01,64.89,14.48,-21.87
250,0.12,-0.48,1.02,71.67,13.34,-15.52
251,0.11,-0.46,0.99,75.38,14.53,-11.5
252,0.12,-0.42,0.97,75.69,18.3,-5.29
253,0.11,-0.4,0.94,74.58,21.08,1.22
254,0.08,-0.37,0.93,73.95,22.92,6.82
255,0.08,-0.35,0.89,72.63,24.15,10.69
256,0.11,-0.3,0.86,69.11,24.69,11.92
257,0.13,-0.25,0.81,65.19,24.08,7.84
258,0.14,-0.21,0.76,58.85,23.83,4.44
259,0.14,-0.18,0.74,50.96,22.7,0.4
260,0.08,-0.17,0.73,48.88,16.11,-3.4
261,0.02,-0.16,0.72,47.45,11.15,-3.58
262,0.01,-0.15,0.72,43.85,6.28,-2.1
263,0.04,-0.12,0.72,36.83,-0.12,-2.98
264,0.04,-0.09,0.7,32.65,0.03,0.24
265,0.07,-0.08,0.71,26.98,-0.68,2.09
266,0.1,-0.07,0.71,19.33,0.49,3.73
267,0.11,-0.06,0.73,14.33,0.16,3.21
268,0.1,-0.04,0.74,10.29,-2.04,4.13
269,0.11,-0.05,0.78,8.18,-3.95,4.57
270,0.13,-0.04,0.8,6.01,-4.56,4.76
271,0.15,-0.03,0.8,3.21,-3.85,7.11
272,0.19,-0.02,0.81,-0.85,-2.68,5.89
273,0.21,-0.02,0.81,-4.79,-2.31,2.82
274,0.21,-0.04,0.85,-6.64,-1.22,1.98
275,0.19,-0.06,0.85,-7.07,-1.67,0.63
276,0.17,-0.08,0.89,-5.57,-5.59,-1.84
277,0.17,-0.1,0.9,-4.32,-6.18,-3.56
278,0.18,-0.11,0.91,-5.0,-4.4,-2.77
279,0.2,-0.11,0.93,-6.06,-2.98,-0.48
280,0.18,-0.12,0.93,-8.27,-1.67,-2.31
281,0.18,-0.13,0.96,-9.25,-0.42,-1.82
282,0.2,-0.13,0.97,-10.12,1.51,0.75
283,0.21,-0.13,0.97,-10.68,3.03,0.65
284,0.19,-0.14,0.96,-9.48,3.73,-2.81
285,0.16,-0.16,0.97,-8.66,2.16,-3.59
286,0.18,-0.15,0.97,-8.19,3.7,-3.26
287,0.17,-0.15,0.98,-7.02,3.24,-4.55
288,0.16,-0.15,0.97,-4.63,1.58,-8.16
289,0.12,-0.16,0.96,-4.03,1.87,-8.53
290,0.08,-0.17,0.96,-4.69,0.65,-6.86
291,0.08,-0.17,0.96,-5.09,-0.46,-4.04
292,0.1,-0.16,0.97,-5.57,-1.88,1.04
293,0.12,-0.16,0.96,-6.76,-0.66,3.79
294,0.11,-0.16,0.97,-7.88,0.0,4.94
295,0.11,-0.15,0.97,-8.93,-1.11,5.9
296,0.14,-0.14,0.97,-9.97,-1.05,2.84
297,0.15,-0.14,0.98,-8.65,-3.48,-1.72
298,0.14,-0.15,0.99,-6.24,-4.71,-2.0
299,0.14,-0.14,0.99,-7.07,-4.14,-1.0
300,0.15,-0.14,0.99,-8.97,-2.65,-0.58
301,0.18,-0.13,0.98,-10.91,-1.13,-1.72
302,0.19,-0.13,0.98,-12.33,-0.11,-3.96
303,0.18,-0.15,0.98,-10.79,-1.53,-7.01
304,0.16,-0.16,1.0,-9.11,-2.27,-8.96
305,0.15,-0.17,0.99,-8.59,-2.29,-9.7
306,0.14,-0.18,0.99,-8.28,-2.73,-12.21
307,0.15,-0.18,0.99,-6.7,-5.68,-11.13
308,0.15,-0.17,0.98,-3.37,-3.93,-4.24
309,0.13,-0.18,0.97,-3.72,-4.95,-6.44
310,0.13,-0.16,0.96,-5.66,-5.11,-4.69
311,0.16,-0.16,0.96,-8.05,-3.3,-4.07
312,0.18,-0.17,0.98,-6.25,-3.6,-0.65
313,0.15,-0.18,0.98,-3.27,-3.56,-1.99
314,0.14,-0.19,0.98,-2.39,-3.75,-1.73
315,0.16,-0.17,0.98,-3.23,-2.68,-0.8
316,0.19,-0.15,0.98,-5.1,-2.02,-0.98
317,0.18,-0.16,0.97,-3.94,-2.47,-2.29
318,0.18,-0.17,0.99,-2.97,-1.54,-1.9
319,0.17,-0.17,0.98,-3.26,-0.26,-1.9
320,0.17,-0.17,0.98,-2.6,-0.08,-0.33
321,0.16,-0.17,0.98,-1.25,0.63,1.65
322,0.15,-0.18,0.98,0.93,-0.15,0.31
323,0.13,-0.18,0.96,2.5,-0.27,0.53
324,0.11,-0.18,0.96,1.65,-0.1,1.52
325,0.11,-0.17,0.95,-0.37,-0.74,1.95
326,0.14,-0.15,0.93,-3.17,-1.18,3.82
327,0.15,-0.14,0.93,-4.39,-2.43,1.39
328,0.14,-0.14,0.95,-3.59,-3.62,-1.18
329,0.14,-0.15,0.96,-4.55,-2.87,-0.33
330,0.14,-0.14,0.94,-5.61,-2.86,-0.3
331,0.16,-0.14,0.96,-6.44,-2.44,1.05
332,0.15,-0.15,0.97,-5.54,-4.34,0.95
333,0.16,-0.15,0.97,-5.58,-4.77,-1.4
334,0.15,-0.16,0.97,-5.94,-4.4,-0.99
335,0.15,-0.16,0.97,-6.02,-3.23,0.36
336,0.18,-0.16,0.98,-6.58,-1.09,1.37
337,0.17,-0.17,0.98,-6.61,-1.6,0.13
338,0.17,-0.17,0.98,-5.16,-1.32,-2.76
339,0.16,-0.18,0.98,-4.99,-0.06,-4.49
340,0.15,-0.19,0.98,-3.12,-1.35,-3.42
341,0.14,-0.19,0.98,-2.44,-1.31,-3.14
342,0.15,-0.18,0.96,-2.44,-1.11,-2.12
343,0.16,-0.17,0.97,-3.27,0.6,-2.15
344,0.15,-0.18,0.97,-3.37,0.65,-3.2
345,0.14,-0.18,0.96,-3.07,-0.21,-2.29
346,0.15,-0.16,0.96,-3.68,-0.13,-0.61
347,0.15,-0.17,0.94,-4.36,-0.05,0.09
348,0.15,-0.16,0.95,-4.71,-1.24,-1.47
349,0.15,-0.16,0.96,-4.45,-1.74,-0.69
350,0.14,-0.16,0.95,-4.48,-1.41,-1.82
351,0.16,-0.17,0.95,-4.77,-1.81,-2.5
352,0.16,-0.16,0.95,-4.71,-1.75,-3.2
353,0.16,-0.15,0.94,-5.51,-2.36,-2.8
354,0.18,-0.15,0.94,-6.85,-0.85,-2.31
355,0.18,-0.15,0.94,-7.89,-0.79,-4.04
356,0.17,-0.15,0.96,-8.12,-1.08,-3.84
357,0.17,-0.16,0.96,-8.27,-0.76,-3.54
358,0.19,-0.15,0.96,-9.05,0.47,-4.66
359,0.2,-0.16,0.96,-9.24,1.7,-4.9
360,0.19,-0.17,0.96,-9.95,3.18,-6.33
361,0.18,-0.18,0.96,-10.44,2.75,-7.27
362,0.15,-0.17,0.95,-11.01,1.82,-7.29
363,0.15,-0.18,0.96,-12.33,3.56,-9.11
364,0.15,-0.19,0.97,-14.21,3.23,-11.78
365,0.14,-0.19,0.97,-15.86,3.46,-9.96
366,0.14,-0.21,0.97,-14.81,2.39,-10.2
367,0.12,-0.22,0.99,-12.95,0.41,-10.43
368,0.11,-0.22,0.99,-11.07,-0.45,-6.05
369,0.13,-0.22,0.99,-9.87,-0.4,-2.6
370,0.13,-0.2,1.04,-8.6,2.66,-1.54
371,0.13,-0.22,1.0,-6.99,-1.63,-0.23
372,0.13,-0.22,0.99,-6.7,-1.37,-1.26
373,0.14,-0.21,0.99,-5.29,-1.85,-1.79
374,0.16,-0.21,0.99,-4.7,-3.05,-2.35
375,0.15,-0.21,0.99,-3.76,-2.65,-2.66
376,0.15,-0.22,0.99,-2.98,-2.02,-2.76
377,0.15,-0.2,1.0,-3.43,-1.76,-2.69
378,0.17,-0.2,0.99,-4.49,-0.84,-2.52
379,0.17,-0.2,1.0,-3.34,-0.08,-4.26
380,0.15,-0.21,0.99,-1.92,0.02,-4.89
381,0.14,-0.21,0.98,-0.73,-1.9,-3.75
382,0.16,-0.2,0.98,-0.46,-1.96,-0.11
383,0.15,-0.2,0.99,-0.66,-0.47,0.25
384,0.13,-0.2,0.98,-0.43,0.25,1.25
385,0.13,-0.2,0.96,0.08,0.06,1.15
386,0.18,-0.18,0.96,-2.0,-0.29,2.79
387,0.16,-0.2,0.96,-2.34,-1.18,-0.82
388,0.14,-0.21,0.97,0.06,-2.31,-3.05
389,0.14,-0.2,0.98,0.72,-1.89,-1.02
390,0.17,-0.18,0.95,-1.37,-0.77,-1.92
391,0.19,-0.17,0.95,-2.78,0.88,-2.41
392,0.17,-0.17,0.95,-1.71,0.7,-3.45
393,0.16,-0.18,0.96,-1.39,-0.35,-3.21
394,0.15,-0.18,0.94,-2.13,0.21,-4.05
395,0.17,-0.17,0.94,-3.54,0.17,-6.21
396,0.17,-0.17,0.96,-3.27,-1.51,-6.16
397,0.15,-0.19,0.96,-2.1,-0.66,-6.32
398,0.14,-0.19,0.95,-2.78,-0.46,-5.0
399,0.14,-0.19,0.96,-3.62,-0.53,-4.83
