,accel_x,accel_y,accel_z,gyro_x,gyro_y,gyro_z
0,0.17,0.05,0.99,-3.1,4.08,-3.21
1,0.17,0.06,0.98,-3.09,3.07,-2.37
2,0.17,0.06,0.98,-3.29,3.21,-2.36
3,0.16,0.06,0.98,-2.78,2.21,-2.27
4,0.15,0.05,0.97,-2.5,0.58,-1.31
5,0.15,0.07,0.98,-2.56,0.56,-1.37
6,0.14,0.07,0.97,-2.93,0.1,-1.38
7,0.16,0.07,0.98,-2.84,-0.05,-0.54
8,0.19,0.08,0.97,-4.26,1.98,1.29
9,0.19,0.09,0.97,-5.22,3.17,2.24
10,0.19,0.08,0.98,-5.54,3.6,3.53
11,0.19,0.07,0.98,-4.88,2.48,6.0
12,0.17,0.06,0.98,-4.31,2.12,7.56
13,0.17,0.06,0.99,-4.19,2.4,9.51
14,0.18,0.06,0.98,-4.76,4.37,12.32
15,0.17,0.06,0.98,-5.57,7.21,13.96
16,0.16,0.05,0.97,-6.33,8.62,15.52
17,0.15,0.05,0.98,-6.97,8.21,16.98
18,0.15,0.05,0.97,-7.03,6.54,15.38
19,0.18,0.05,0.98,-6.53,6.54,15.83
20,0.2,0.05,0.98,-5.36,3.26,9.84
21,0.23,0.06,0.99,-2.63,-0.24,3.88
22,0.23,0.06,1.0,-0.44,-0.78,0.38
23,0.21,0.07,0.99,1.36,-2.08,-2.74
24,0.21,0.08,0.97,0.38,-0.63,-3.87
25,0.21,0.09,0.98,0.06,0.37,-4.65
26,0.2,0.09,0.97,-1.39,1.65,-4.8
27,0.18,0.1,0.96,-2.44,0.82,-4.26
28,0.18,0.09,0.96,-2.89,0.14,-4.65
29,0.18,0.08,0.97,-3.57,-0.85,-4.82
30,0.18,0.08,0.97,-4.02,-1.41,-5.82
31,0.17,0.07,0.97,-3.6,-2.36,-6.27
32,0.19,0.07,0.97,-4.23,-3.02,-7.4
33,0.16,0.06,0.97,-4.4,-2.79,-8.8
34,0.15,0.04,0.98,-3.58,-4.4,-7.43
35,0.15,0.04,0.98,-3.64,-5.53,-7.08
36,0.16,0.04,0.98,-3.47,-5.27,-7.05
37,0.16,0.04,0.99,-3.54,-3.89,-6.79
38,0.18,0.03,0.99,-3.78,-2.4,-6.75
39,0.19,0.04,0.99,-2.26,-1.53,-5.4
40,0.17,0.04,0.99,-1.63,-1.57,-6.13
41,0.17,0.05,0.98,-1.43,-2.04,-6.5
42,0.17,0.05,0.97,-1.48,-2.56,-6.35
43,0.18,0.05,0.98,-1.64,-1.16,-6.09
44,0.18,0.06,0.98,-1.65,-0.25,-2.73
45,0.17,0.07,0.97,-2.45,0.59,-1.48
46,0.19,0.07,0.95,-3.84,1.21,-2.19
47,0.18,0.08,0.95,-4.44,0.3,-4.47
48,0.17,0.07,0.96,-3.82,-0.59,-4.84
49,0.16,0.06,0.97,-3.51,-1.04,-5.18
50,0.17,0.07,0.97,-4.4,-0.04,-4.53
51,0.18,0.07,0.97,-5.89,1.73,-4.18
52,0.19,0.08,0.97,-5.69,2.56,-3.42
53,0.18,0.08,0.96,-6.26,3.34,-3.15
54,0.18,0.08,0.96,-6.83,2.24,-3.55
55,0.18,0.08,0.96,-6.73,1.44,-4.98
56,0.19,0.08,0.98,-6.92,0.47,-5.71
57,0.18,0.07,0.97,-7.85,1.4,-5.86
58,0.19,0.07,0.97,-9.08,2.79,-4.95
59,0.18,0.06,0.97,-9.97,3.88,-4.56
60,0.2,0.06,0.97,-10.13,3.05,-4.12
61,0.22,0.06,0.97,-10.77,4.23,-4.05
62,0.2,0.05,1.0,-10.14,4.85,-5.44
63,0.2,0.03,0.99,-8.47,4.29,-5.84
64,0.21,0.05,1.0,-8.15,5.07,-5.93
65,0.18,0.04,0.99,-7.83,6.09,-6.59
66,0.18,0.05,0.98,-7.65,6.47,-6.12
67,0.19,0.05,0.98,-8.63,8.02,-6.85
68,0.17,0.05,0.99,-8.68,7.52,-6.61
69,0.15,0.05,0.99,-9.37,7.82,-5.92
70,0.16,0.04,0.99,-8.47,9.62,-4.76
71,0.15,0.03,0.98,-7.38,8.39,-4.56
72,0.14,0.04,0.98,-7.72,8.03,-4.45
73,0.13,0.04,0.98,-8.14,7.85,-4.02
74,0.15,0.05,0.97,-8.6,7.91,-3.41
75,0.15,0.05,0.98,-7.79,6.47,-2.05
76,0.18,0.06,0.99,-10.68,8.24,-4.68
77,0.16,0.06,0.99,-11.5,8.62,-7.32
78,0.15,0.04,1.0,-9.4,7.6,-6.1
79,0.14,0.04,0.98,-8.85,5.82,-8.83
80,0.13,0.01,0.98,-7.2,2.14,-10.03
81,0.13,0.02,1.0,-8.28,3.16,-7.95
82,0.11,0.03,1.0,-9.78,4.57,-7.63
83,0.1,0.03,0.99,-9.88,2.64,-6.57
84,0.13,0.03,1.01,-8.72,1.31,-6.4
85,0.12,0.01,1.02,-9.08,2.06,-8.49
86,0.12,0.0,1.05,-6.84,-0.49,-6.3
87,0.14,0.02,1.03,-6.34,2.32,-5.47
88,0.15,0.0,1.03,-3.77,3.57,-5.98
89,0.15,0.01,1.01,-3.63,2.57,-6.15
90,0.13,0.02,1.03,-2.3,3.05,-9.07
91,0.12,0.02,0.99,-3.66,0.02,-7.31
92,0.16,0.04,0.99,-4.33,3.03,-3.27
93,0.15,0.05,0.98,-4.24,1.66,-3.47
94,0.15,0.06,0.97,-4.99,4.96,-3.5
95,0.13,0.06,0.98,-5.91,1.16,-5.09
96,0.15,0.06,0.98,-4.97,2.08,-1.45
97,0.18,0.08,0.98,-5.55,2.95,-2.27
98,0.18,0.1,0.96,-6.92,4.71,-1.27
99,0.2,0.1,0.94,-7.08,5.48,-1.84
100,0.2,0.11,0.92,-8.08,4.82,-5.77
101,0.21,0.11,0.91,-8.05,0.37,-10.02
102,0.2,0.08,0.9,-8.34,-4.24,-15.11
103,0.21,0.07,0.92,-12.15,-5.51,-19.98
104,0.17,0.02,0.95,-14.03,-5.44,-22.74
105,0.16,-0.02,0.96,-15.77,-3.3,-19.95
106,0.18,-0.05,0.99,-16.08,2.82,-18.86
107,0.15,-0.07,1.01,-16.05,6.04,-18.68
108,0.11,-0.1,1.02,-13.31,7.65,-18.55
109,0.07,-0.11,1.03,-10.03,6.93,-17.85
110,0.05,-0.1,1.01,-7.08,6.05,-15.52
111,0.03,-0.09,1.02,-4.88,3.08,-12.98
112,0.04,-0.06,0.98,-5.11,5.34,-10.21
113,0.05,-0.04,0.96,-6.4,5.46,-8.47
114,0.05,-0.03,0.97,-7.15,5.73,-7.0
115,0.04,-0.02,0.97,-8.21,5.27,-5.82
116,0.05,0.0,0.98,-9.14,4.65,-3.55
117,0.06,0.01,0.98,-10.9,5.56,-1.76
118,0.1,0.01,0.99,-12.17,6.85,-1.23
119,0.09,0.0,1.01,-11.71,7.6,-2.39
120,0.08,0.01,1.03,-10.69,7.45,-4.69
121,0.12,0.0,1.02,-8.92,6.75,-4.87
122,0.12,0.02,1.02,-7.66,5.95,-7.61
123,0.11,0.02,1.02,-7.02,4.49,-9.69
124,0.08,0.01,1.03,-5.48,3.2,-11.1
125,0.05,0.02,1.02,-4.84,1.48,-11.42
126,0.03,0.05,1.05,-5.14,-1.19,-9.73
127,0.07,0.1,1.06,-8.11,0.49,-5.2
128,0.2,0.18,1.07,-14.54,8.11,-0.78
129,0.26,0.28,1.11,-26.54,18.99,-4.19
130,0.31,0.32,1.19,-34.01,24.9,-5.77
131,0.32,0.3,1.31,-36.76,26.21,-14.64
132,0.33,0.23,1.43,-40.33,33.11,-32.0
133,0.17,0.11,1.63,-37.76,22.44,-44.01
134,0.11,-0.07,1.74,-20.69,16.01,-55.05
135,-0.07,-0.2,1.85,-6.76,11.23,-57.89
136,-0.16,-0.29,1.92,4.4,15.69,-48.11
137,-0.16,-0.39,1.86,11.76,29.63,-31.98
138,-0.27,-0.45,1.95,19.5,43.21,-22.22
139,-0.41,-0.54,1.93,29.02,47.35,-8.64
140,-0.45,-0.64,1.92,45.48,48.6,3.24
141,-0.48,-0.71,1.83,63.56,49.16,7.85
142,-0.56,-0.77,1.73,81.27,47.14,16.21
143,-0.6,-0.81,1.63,101.97,47.35,29.85
144,-0.56,-0.81,1.45,119.16,48.51,41.36
145,-0.53,-0.78,1.27,137.01,46.89,50.78
146,-0.49,-0.73,1.06,151.44,44.5,62.95
147,-0.48,-0.69,0.87,165.89,42.0,74.35
148,-0.47,-0.61,0.66,173.75,40.23,87.35
149,-0.51,-0.51,0.47,178.63,26.91,101.89
150,-0.49,-0.47,0.29,182.15,18.51,118.01
151,-0.36,-0.29,0.08,172.98,8.36,129.95
152,-0.19,-0.1,-0.1,160.04,9.92,138.16
153,-0.24,0.05,-0.23,137.04,6.64,137.21
154,-0.28,0.15,-0.28,115.89,4.66,144.15
155,-0.26,0.22,-0.31,95.82,-0.54,156.66
156,-0.2,0.28,-0.35,71.92,-8.23,166.2
157,-0.05,0.31,-0.37,51.99,-15.01,171.45
158,0.01,0.27,-0.31,34.27,-29.05,165.4
159,0.05,0.21,-0.3,20.03,-37.94,155.98
160,0.01,0.14,-0.27,8.89,-49.03,150.9
161,-0.03,0.1,-0.23,-2.94,-55.89,154.94
162,-0.05,0.07,-0.19,-14.77,-57.69,170.71
163,-0.0,0.03,-0.18,-24.18,-61.37,187.12
164,0.04,0.01,-0.15,-33.05,-71.5,201.76
165,0.08,-0.07,-0.2,-41.04,-81.51,211.05
166,0.19,-0.14,-0.23,-53.15,-80.75,216.84
167,0.25,-0.16,-0.17,-72.81,-79.87,225.79
168,0.36,-0.17,-0.15,-89.66,-69.27,232.78
169,0.53,-0.13,-0.13,-110.31,-66.18,236.17
170,0.69,-0.15,-0.09,-127.96,-60.79,232.44
171,0.89,-0.16,0.06,-148.79,-57.5,227.95
172,1.14,-0.15,0.15,-166.62,-53.53,221.17
173,1.28,-0.14,0.2,-191.03,-46.07,197.95
174,1.39,-0.16,0.29,-220.65,-37.91,172.12
175,1.33,-0.25,0.45,-235.82,-35.61,158.25
176,1.24,-0.34,0.58,-245.63,-53.5,138.56
177,1.44,-0.47,0.78,-233.92,-56.47,113.54
178,1.65,-0.54,0.97,-210.18,-50.66,88.4
179,1.71,-0.53,1.03,-192.55,-34.26,72.28
180,1.71,-0.56,1.08,-177.61,-7.89,52.98
181,1.59,-0.62,1.16,-162.29,23.73,46.5
182,1.45,-0.67,1.21,-156.61,51.75,44.8
183,1.39,-0.69,1.27,-154.69,80.81,43.14
184,1.24,-0.72,1.28,-148.46,93.52,32.03
185,1.14,-0.66,1.28,-144.06,107.63,18.14
186,0.96,-0.66,1.24,-131.79,110.41,-1.82
187,0.76,-0.66,1.21,-117.53,98.31,-20.92
188,0.6,-0.63,1.16,-109.5,81.98,-36.12
189,0.61,-0.66,1.1,-104.7,69.69,-46.02
190,0.59,-0.64,1.15,-109.88,77.02,-49.83
191,0.6,-0.78,1.22,-116.27,89.92,-49.66
192,0.63,-0.87,1.33,-117.89,110.46,-45.81
193,0.63,-0.87,1.39,-109.59,134.87,-42.57
194,0.6,-0.86,1.35,-100.82,155.65,-46.57
195,0.53,-0.79,1.28,-94.98,164.36,-60.74
196,0.47,-0.75,1.25,-83.02,154.79,-77.44
197,0.32,-0.63,1.19,-75.62,133.34,-100.33
198,0.3,-0.6,1.2,-67.5,112.64,-119.55
199,0.28,-0.55,1.24,-60.08,91.56,-129.02
200,0.43,-0.62,1.17,-55.7,95.12,-134.18
201,0.46,-0.67,1.21,-58.61,104.59,-136.64
202,0.41,-0.72,1.28,-59.52,117.08,-135.62
203,0.28,-0.74,1.34,-52.66,122.23,-134.28
204,0.16,-0.7,1.31,-42.79,119.63,-135.46
205,0.14,-0.57,1.23,-37.06,111.69,-141.23
206,0.11,-0.47,1.26,-34.4,96.4,-146.15
207,0.08,-0.44,1.27,-29.63,84.85,-152.99
208,0.18,-0.43,1.31,-27.53,81.26,-157.52
209,0.23,-0.43,1.36,-22.84,82.07,-158.14
210,0.24,-0.47,1.37,-14.82,84.06,-163.05
211,0.2,-0.5,1.38,0.18,83.61,-168.45
212,0.11,-0.56,1.34,17.15,77.6,-173.61
213,-0.01,-0.64,1.33,28.35,70.42,-178.59
214,-0.04,-0.71,1.27,38.9,65.23,-179.69
215,-0.07,-0.78,1.2,42.66,60.06,-181.2
216,-0.18,-0.88,1.21,48.7,59.98,-179.89
217,-0.24,-0.93,1.19,51.05,60.9,-169.22
218,-0.33,-1.01,1.26,55.0,61.6,-155.69
219,-0.42,-1.06,1.33,61.34,64.13,-136.72
220,-0.44,-1.04,1.32,68.99,69.64,-119.14
221,-0.45,-1.01,1.34,79.64,67.5,-103.91
222,-0.5,-0.98,1.31,91.77,61.4,-92.88
223,-0.52,-0.94,1.22,102.47,55.68,-82.62
224,-0.49,-0.89,1.16,110.7,45.99,-68.57
225,-0.44,-0.88,1.04,108.6,42.74,-55.98
226,-0.37,-0.8,1.04,110.89,44.69,-47.81
227,-0.36,-0.77,1.05,109.86,45.48,-39.2
228,-0.39,-0.73,1.06,110.82,44.29,-31.03
229,-0.38,-0.69,1.07,114.75,42.22,-25.63
230,-0.38,-0.67,1.04,124.6,34.95,-19.68
231,-0.36,-0.6,1.03,130.73,28.81,-11.72
232,-0.25,-0.54,0.89,133.76,25.68,-8.85
233,-0.24,-0.49,0.83,129.37,25.62,-7.2
234,-0.25,-0.46,0.82,126.83,19.83,-1.37
235,-0.23,-0.43,0.81,122.02,18.67,3.11
236,-0.22,-0.39,0.77,117.08,15.76,11.69
237,-0.18,-0.34,0.77,109.63,14.31,20.01
238,-0.14,-0.31,0.75,104.09,19.43,23.35
239,-0.13,-0.31,0.77,101.73,15.51,27.37
240,-0.16,-0.29,0.77,99.57,10.11,30.34
241,-0.15,-0.3,0.75,99.85,5.56,31.11
242,-0.15,-0.26,0.75,99.55,-0.15,33.06
243,-0.14,-0.23,0.73,99.57,-3.08,35.12
244,-0.13,-0.2,0.7,96.73,-4.94,36.47
245,-0.16,-0.17,0.69,93.39,-5.99,40.56
246,-0.2,-0.17,0.66,91.95,-7.79,47.78
247,-0.19,-0.12,0.63,87.69,-13.02,56.98
248,-0.11,-0.09,0.61,81.51,-13.02,65.13
249,-0.03,-0.06,0.58,73.65,-12.27,70.1
250,0.05,-0.02,0.57,63.79,-9.89,69.21
251,0.08,-0.01,0.59,55.68,-10.98,65.56
252,0.08,-0.02,0.65,53.63,-9.97,62.47
253,0.05,-0.01,0.67,54.49,-13.33,59.8
254,0.02,-0.01,0.67,56.65,-18.71,60.21
255,0.03,-0.01,0.66,58.47,-22.41,62.18
256,0.04,0.02,0.67,54.28,-27.96,64.33
257,0.1,0.04,0.65,56.73,-25.9,67.61
258,0.14,0.06,0.64,57.31,-23.87,72.12
259,0.2,0.13,0.6,49.79,-20.71,77.82
260,0.25,0.19,0.57,41.61,-14.74,75.23
261,0.25,0.21,0.57,36.7,-14.95,71.7
262,0.23,0.17,0.52,31.82,-17.23,68.66
263,0.22,0.2,0.55,26.33,-19.21,64.25
264,0.22,0.2,0.55,23.2,-20.54,64.82
265,0.22,0.2,0.53,18.09,-20.07,63.0
266,0.2,0.21,0.52,13.18,-20.45,61.01
267,0.15,0.22,0.52,9.1,-22.58,62.1
268,0.16,0.22,0.53,4.74,-23.88,66.96
269,0.23,0.25,0.52,-2.44,-25.01,70.73
270,0.31,0.31,0.52,-13.5,-24.51,69.94
271,0.37,0.32,0.57,-22.98,-23.68,70.69
272,0.41,0.31,0.64,-28.98,-25.54,67.24
273,0.47,0.3,0.69,-31.0,-27.44,64.51
274,0.48,0.3,0.73,-34.6,-28.63,56.57
275,0.44,0.27,0.77,-34.2,-29.96,51.79
276,0.43,0.26,0.81,-34.53,-34.66,50.01
277,0.47,0.25,0.82,-36.94,-34.89,47.69
278,0.5,0.21,0.85,-38.83,-32.66,44.93
279,0.45,0.17,0.88,-37.11,-34.98,47.77
280,0.41,0.17,0.91,-39.82,-39.47,45.31
281,0.61,0.23,0.89,-44.68,-34.12,43.5
282,0.75,0.25,0.94,-49.04,-26.15,29.24
283,0.84,0.25,1.01,-55.65,-18.59,18.05
284,0.76,0.19,1.1,-52.47,-15.25,11.9
285,0.68,0.12,1.16,-47.73,-15.73,7.2
286,0.68,0.1,1.21,-39.68,-13.5,6.92
287,0.65,0.09,1.23,-30.03,-7.44,13.81
288,0.63,0.09,1.21,-22.41,-5.39,13.23
289,0.63,0.11,1.18,-20.24,-0.88,9.84
290,0.61,0.1,1.18,-16.56,2.0,5.63
291,0.58,0.09,1.18,-13.1,3.14,0.76
292,0.55,0.09,1.15,-11.9,4.07,-3.2
293,0.55,0.09,1.13,-11.55,6.0,-7.02
294,0.5,0.07,1.12,-10.93,5.92,-12.73
295,0.46,0.05,1.12,-8.77,3.46,-17.4
296,0.4,0.02,1.12,-6.45,2.1,-18.67
297,0.36,0.01,1.13,-4.23,1.01,-17.82
298,0.36,0.01,1.1,-1.91,2.26,-15.2
299,0.35,0.01,1.09,-0.37,3.87,-14.4
300,0.32,-0.0,1.08,0.26,4.56,-13.43
301,0.33,-0.01,1.06,1.69,5.52,-12.34
302,0.33,-0.01,1.03,2.41,6.92,-15.11
303,0.3,-0.01,1.03,4.47,6.22,-16.4
304,0.28,-0.01,1.01,7.08,5.7,-16.79
305,0.25,0.0,1.0,7.44,3.17,-16.8
306,0.22,0.02,0.97,8.31,2.76,-16.55
307,0.2,0.02,0.95,7.74,4.62,-14.1
308,0.19,0.03,0.94,9.24,5.57,-11.47
309,0.17,0.06,0.93,8.35,7.49,-8.9
310,0.18,0.08,0.91,5.86,8.22,-4.79
311,0.2,0.11,0.9,2.63,10.09,-2.01
312,0.21,0.13,0.9,-0.14,10.69,-1.92
313,0.2,0.14,0.9,-0.67,7.82,-4.86
314,0.21,0.15,0.91,-1.05,5.02,-6.66
315,0.23,0.15,0.93,-0.39,3.99,-6.66
316,0.25,0.15,0.93,-0.5,3.72,-9.03
317,0.25,0.15,0.93,-1.11,5.11,-10.76
318,0.24,0.12,0.94,-1.44,5.24,-9.94
319,0.23,0.11,0.96,-1.82,3.9,-9.26
320,0.21,0.09,0.96,-1.49,2.7,-9.61
321,0.2,0.08,0.97,-0.25,2.18,-7.68
322,0.21,0.08,0.96,-0.16,2.2,-2.01
323,0.22,0.09,0.96,-1.62,3.82,-0.69
324,0.22,0.08,0.98,-0.37,3.55,-1.76
325,0.21,0.09,0.96,-0.18,3.6,-1.07
326,0.23,0.11,0.96,-1.27,4.34,2.63
327,0.27,0.11,0.95,-1.88,6.44,1.84
328,0.26,0.11,0.97,-2.05,6.55,-1.51
329,0.23,0.11,0.97,-1.59,6.94,-2.11
330,0.2,0.12,0.96,-0.37,5.13,0.49
331,0.21,0.13,0.94,-0.57,2.6,0.63
332,0.24,0.12,0.94,-2.37,1.89,-3.92
333,0.22,0.12,0.96,-1.62,-0.18,-5.94
334,0.2,0.13,0.95,-0.86,-0.91,-1.93
335,0.21,0.13,0.95,-2.17,-0.85,-0.03
336,0.23,0.13,0.94,-4.39,-1.62,-2.59
337,0.23,0.12,0.95,-4.64,-2.06,-4.42
338,0.23,0.11,0.95,-4.11,-1.79,-1.49
339,0.22,0.11,0.95,-5.33,-1.97,0.79
340,0.27,0.11,0.96,-6.11,-1.13,-1.7
341,0.3,0.12,0.97,-6.21,0.75,-3.66
342,0.28,0.1,0.97,-5.63,2.97,-4.41
343,0.25,0.1,0.96,-4.74,3.37,-2.8
344,0.25,0.1,0.95,-4.73,2.4,-2.24
345,0.26,0.11,0.94,-5.82,2.37,-3.4
346,0.24,0.11,0.95,-6.42,2.17,-3.11
347,0.22,0.11,0.93,-6.15,-0.06,-1.19
348,0.26,0.09,0.95,-8.34,-1.58,-3.21
349,0.28,0.07,0.97,-8.91,-1.7,-7.21
350,0.26,0.07,0.99,-8.17,-1.5,-8.38
351,0.26,0.05,1.0,-6.38,0.22,-6.53
352,0.23,0.05,1.0,-5.16,-0.16,-5.33
353,0.25,0.06,1.0,-3.36,-0.32,-6.02
354,0.24,0.07,0.99,-2.23,-0.47,-4.86
355,0.24,0.07,0.97,-1.85,-0.22,-2.98
356,0.26,0.08,0.97,-2.53,0.69,-2.54
357,0.26,0.08,0.96,-2.53,1.3,-3.08
358,0.25,0.09,0.97,-1.33,0.23,-1.76
359,0.25,0.09,0.96,-1.36,1.24,-1.45
360,0.25,0.1,0.95,-1.88,-0.89,-2.8
361,0.23,0.09,0.96,-2.73,-2.7,-3.24
362,0.24,0.1,0.96,-3.15,-2.75,-2.95
363,0.27,0.11,0.96,-4.03,-2.54,-3.63
364,0.28,0.1,0.96,-4.42,-0.95,-4.82
365,0.27,0.1,0.96,-5.08,1.16,-5.13
366,0.26,0.1,0.97,-4.95,1.26,-5.29
367,0.27,0.09,0.98,-5.59,1.05,-5.77
368,0.27,0.09,0.99,-5.3,0.73,-6.14
369,0.26,0.08,1.0,-4.06,1.41,-4.64
370,0.28,0.08,1.0,-3.05,1.05,-4.65
371,0.29,0.07,0.99,-3.64,1.44,-6.94
372,0.29,0.08,1.0,-3.27,2.29,-7.82
373,0.27,0.08,1.01,-2.55,3.79,-7.5
374,0.24,0.07,1.0,-0.73,4.72,-7.6
375,0.25,0.09,0.99,-0.9,6.24,-8.35
376,0.24,0.09,0.98,-0.05,5.82,-8.95
377,0.21,0.1,0.97,0.24,4.96,-8.52
378,0.2,0.11,0.95,0.14,3.7,-5.37
379,0.21,0.11,0.94,-1.09,1.83,-4.21
380,0.23,0.11,0.94,-0.98,-0.4,-6.82
381,0.21,0.11,0.95,-1.89,-0.35,-8.3
382,0.17,0.1,0.96,-2.31,-0.31,-6.19
383,0.17,0.11,0.95,-2.47,-1.67,-2.53
384,0.2,0.11,0.95,-3.63,-2.31,0.17
385,0.24,0.13,0.94,-5.4,-2.66,-0.69
386,0.24,0.12,0.94,-6.05,-3.65,-4.23
387,0.24,0.11,0.94,-7.76,-4.25,-5.18
388,0.23,0.1,0.96,-9.18,-3.06,-4.4
389,0.23,0.11,0.97,-8.63,-3.23,-3.85
390,0.24,0.1,0.97,-7.95,-3.29,-3.59
391,0.28,0.11,0.97,-7.14,-3.53,-3.42
392,0.3,0.1,0.95,-7.66,-3.1,-5.33
393,0.29,0.09,0.96,-10.02,-1.93,-7.23
394,0.29,0.06,0.99,-10.44,-0.44,-8.08
395,0.28,0.05,1.0,-8.61,1.19,-8.76
396,0.27,0.04,1.01,-5.3,1.04,-7.92
397,0.27,0.04,1.0,-3.22,3.56,-6.38
398,0.23,0.05,0.99,-1.76,4.18,-5.19
399,0.23,0.05,0.97,0.01,3.73,-3.66
