,accel_x,accel_y,accel_z,gyro_x,gyro_y,gyro_z
0,0.1,-0.22,0.93,-1.3,3.4,-2.73
1,0.1,-0.21,0.92,-3.1,2.82,-3.86
2,0.08,-0.21,0.93,-4.27,1.3,-5.51
3,0.08,-0.22,0.93,-4.24,0.38,-5.36
4,0.09,-0.23,0.94,-4.27,-0.54,-6.4
5,0.08,-0.25,0.96,-5.27,-0.59,-7.44
6,0.08,-0.27,0.96,-4.8,-0.18,-7.26
7,0.07,-0.28,0.96,-3.5,-0.5,-6.13
8,0.08,-0.28,0.95,-2.47,-1.79,-5.53
9,0.09,-0.28,0.94,-2.82,-2.38,-6.34
10,0.09,-0.29,0.94,-2.85,-3.63,-7.7
11,0.08,-0.3,0.94,-2.58,-4.69,-7.47
12,0.08,-0.31,0.95,-2.79,-5.39,-6.56
13,0.09,-0.32,0.96,-2.61,-5.06,-5.03
14,0.09,-0.32,0.96,-2.47,-4.28,-3.06
15,0.09,-0.32,0.97,-2.05,-3.31,-0.01
16,0.1,-0.31,0.95,-1.99,-2.33,1.79
17,0.11,-0.29,0.96,-2.72,-2.05,2.51
18,0.13,-0.28,0.95,-2.89,-1.47,2.43
19,0.13,-0.28,0.96,-2.96,-1.69,0.99
20,0.12,-0.28,0.96,-2.31,-3.19,-0.24
21,0.12,-0.29,0.97,-1.63,-3.9,-0.94
22,0.13,-0.28,0.97,-0.86,-3.92,-1.12
23,0.14,-0.29,0.95,-1.1,-4.19,-1.93
24,0.13,-0.28,0.96,-1.43,-4.72,-2.93
25,0.13,-0.29,0.96,-0.39,-5.02,-3.24
26,0.14,-0.29,0.97,1.49,-5.25,-3.8
27,0.14,-0.28,0.94,2.05,-5.87,-4.47
28,0.13,-0.27,0.93,1.72,-6.29,-5.34
29,0.12,-0.27,0.93,1.31,-7.11,-5.89
30,0.12,-0.27,0.93,0.69,-7.89,-5.49
31,0.14,-0.26,0.93,-1.42,-7.92,-4.25
32,0.14,-0.26,0.95,-2.89,-5.7,-3.33
33,0.13,-0.28,0.96,-3.08,-4.17,-2.0
34,0.14,-0.29,0.96,-3.08,-3.4,-0.99
35,0.15,-0.28,0.95,-2.76,-1.59,-0.94
36,0.14,-0.28,0.95,-2.13,-1.04,-1.05
37,0.12,-0.28,0.96,-0.47,-1.64,-1.52
38,0.12,-0.26,0.95,0.15,-1.92,-1.54
39,0.12,-0.25,0.93,-0.49,-1.94,-0.94
40,0.1,-0.26,0.92,-1.11,-1.97,-1.22
41,0.09,-0.25,0.91,-1.27,-3.4,-0.18
42,0.1,-0.24,0.92,-2.37,-4.1,0.27
43,0.12,-0.23,0.91,-4.24,-4.04,0.21
44,0.13,-0.23,0.92,-5.82,-3.9,-0.32
45,0.12,-0.25,0.93,-6.12,-4.4,-0.77
46,0.13,-0.27,0.94,-5.97,-5.31,-1.43
47,0.14,-0.28,0.94,-6.11,-5.19,-1.62
48,0.14,-0.29,0.95,-5.08,-4.6,-1.15
49,0.14,-0.29,0.95,-4.82,-4.44,-1.43
50,0.15,-0.3,0.96,-5.36,-3.84,-2.5
51,0.13,-0.3,0.96,-5.02,-3.18,-1.56
52,0.14,-0.31,0.97,-4.27,-2.8,-0.5
53,0.15,-0.3,0.96,-4.6,-1.71,-0.49
54,0.15,-0.3,0.98,-4.2,-0.38,-0.07
55,0.14,-0.31,0.99,-2.34,0.32,0.63
56,0.15,-0.3,0.98,-0.93,0.47,0.98
57,0.15,-0.28,0.96,-0.4,0.5,0.64
58,0.16,-0.27,0.95,-1.01,0.27,0.43
59,0.16,-0.27,0.96,-1.06,-0.12,-0.24
60,0.15,-0.25,0.96,-1.37,-0.14,0.34
61,0.16,-0.25,0.96,-1.21,0.74,0.21
62,0.15,-0.25,0.96,-1.12,0.73,-0.13
63,0.16,-0.24,0.95,-1.39,0.42,-1.21
64,0.16,-0.23,0.95,-1.6,0.27,-2.26
65,0.15,-0.24,0.94,-1.68,-0.34,-3.49
66,0.15,-0.25,0.95,-2.66,-0.92,-4.65
67,0.13,-0.25,0.95,-3.37,-0.76,-5.58
68,0.12,-0.26,0.96,-2.94,-1.03,-4.98
69,0.1,-0.27,0.96,-2.35,-1.34,-4.81
70,0.1,-0.27,0.95,-2.37,-2.23,-4.26
71,0.1,-0.28,0.95,-2.43,-2.12,-3.67
72,0.09,-0.3,0.95,-2.15,-2.58,-3.02
73,0.09,-0.31,0.95,-2.06,-3.18,-2.05
74,0.1,-0.31,0.94,-2.57,-3.12,-1.69
75,0.11,-0.31,0.96,-2.84,-2.63,-1.11
76,0.11,-0.32,0.96,-1.9,-1.82,-0.32
77,0.11,-0.31,0.96,-0.59,-1.33,0.27
78,0.12,-0.29,0.95,-0.56,-1.18,0.43
79,0.12,-0.28,0.94,-0.88,-0.31,1.19
80,0.13,-0.27,0.94,-1.29,-0.1,1.09
81,0.12,-0.27,0.94,-1.88,-1.05,0.76
82,0.12,-0.26,0.94,-2.43,-1.64,0.79
83,0.13,-0.26,0.95,-2.78,-1.36,1.02
84,0.14,-0.25,0.95,-2.5,-1.2,0.95
85,0.14,-0.25,0.95,-2.4,-1.29,0.53
86,0.14,-0.25,0.95,-1.63,-2.17,0.61
87,0.15,-0.25,0.96,-1.82,-2.19,0.37
88,0.16,-0.25,0.95,-2.12,-1.32,-0.63
89,0.15,-0.24,0.95,-2.16,-1.68,-0.92
90,0.15,-0.25,0.94,-2.46,-1.4,-1.46
91,0.14,-0.26,0.95,-2.27,-2.86,-1.94
92,0.15,-0.27,0.95,-2.77,-3.66,-2.39
93,0.15,-0.28,0.95,-2.85,-3.44,-2.78
94,0.15,-0.29,0.95,-2.01,-2.79,-2.81
95,0.15,-0.29,0.95,-1.08,-2.95,-1.98
96,0.14,-0.29,0.95,-1.59,-2.43,-1.71
97,0.15,-0.27,0.95,-1.67,-2.08,-1.67
98,0.14,-0.27,0.96,-1.4,-1.68,-1.46
99,0.14,-0.27,0.96,-1.79,-1.67,-1.36
100,0.13,-0.27,0.95,-1.58,-1.0,-1.45
101,0.13,-0.27,0.95,-1.05,-1.69,-2.27
102,0.12,-0.27,0.95,-0.76,-2.4,-2.34
103,0.13,-0.25,0.95,-1.65,-1.91,-2.92
104,0.11,-0.26,0.96,-2.42,-1.75,-2.56
105,0.11,-0.26,0.97,-2.87,-2.09,-1.38
106,0.11,-0.28,0.96,-2.78,-2.37,-0.56
107,0.11,-0.29,0.98,-1.72,-3.11,-0.33
108,0.11,-0.3,0.97,0.05,-4.17,-0.15
109,0.11,-0.3,0.97,1.24,-5.11,-0.59
110,0.12,-0.3,0.97,0.92,-6.0,-0.8
111,0.14,-0.29,0.98,0.78,-5.51,-0.4
112,0.15,-0.29,0.98,0.86,-4.15,0.24
113,0.15,-0.29,0.98,1.79,-3.47,0.44
114,0.14,-0.29,0.97,3.53,-4.41,0.51
115,0.14,-0.28,0.96,4.56,-5.63,0.33
116,0.16,-0.26,0.96,4.22,-4.69,-0.4
117,0.16,-0.25,0.96,3.88,-3.03,-0.19
118,0.16,-0.24,0.95,4.04,-1.63,0.12
119,0.15,-0.22,0.93,3.46,-1.22,0.21
120,0.14,-0.21,0.93,2.24,-0.77,-0.29
121,0.13,-0.21,0.93,1.23,-0.67,-1.82
122,0.11,-0.23,0.93,0.93,-1.99,-2.29
123,0.11,-0.23,0.93,0.54,-3.46,-2.09
124,0.12,-0.24,0.94,-0.27,-2.56,-1.19
125,0.13,-0.25,0.94,-1.0,-1.2,-0.8
126,0.11,-0.25,0.93,-0.73,-0.99,0.31
127,0.12,-0.24,0.92,-1.37,-0.8,1.2
128,0.13,-0.25,0.92,-1.92,0.06,1.63
129,0.12,-0.25,0.91,-1.93,0.62,2.22
130,0.12,-0.25,0.89,-1.5,-0.06,3.09
131,0.1,-0.24,0.87,-1.29,-0.64,4.4
132,0.11,-0.23,0.85,-1.84,-1.75,5.62
133,0.11,-0.22,0.82,-2.73,-2.42,7.38
134,0.11,-0.22,0.78,-4.32,-3.47,10.29
135,0.12,-0.23,0.75,-5.71,-4.63,14.32
136,0.16,-0.25,0.7,-5.4,-5.12,19.81
137,0.18,-0.27,0.61,-7.73,-6.46,24.95
138,0.21,-0.32,0.53,-10.19,-7.69,32.62
139,0.27,-0.39,0.43,-10.51,-11.44,36.59
140,0.25,-0.45,0.35,-14.96,-24.61,30.4
141,0.33,-0.48,0.23,-21.35,-17.11,29.86
142,0.29,-0.52,0.23,-24.73,-25.21,30.25
143,0.33,-0.46,0.14,-22.09,-37.22,30.92
144,0.4,-0.5,0.18,-24.7,-47.6,35.81
145,0.55,-0.49,0.2,-31.81,-45.0,43.75
146,0.81,-0.48,0.26,-52.85,-20.66,59.12
147,1.11,-0.5,0.38,-74.87,20.84,74.76
148,1.33,-0.51,0.5,-92.77,64.64,82.03
149,1.47,-0.47,0.56,-112.4,95.97,73.06
150,1.61,-0.44,0.7,-133.21,120.88,44.83
151,1.63,-0.49,0.88,-144.53,141.33,3.1
152,1.61,-0.52,1.07,-136.41,144.83,-41.79
153,1.53,-0.49,1.19,-117.09,140.76,-86.26
154,1.49,-0.51,1.27,-97.89,138.66,-129.57
155,1.45,-0.51,1.33,-86.42,140.28,-165.08
156,1.34,-0.49,1.4,-87.0,154.35,-195.74
157,1.14,-0.56,1.49,-91.47,181.16,-217.12
158,0.89,-0.74,1.57,-86.85,204.99,-223.76
159,0.64,-1.02,1.61,-76.82,224.08,-228.96
160,0.39,-1.24,1.5,-58.69,241.36,-226.42
161,0.1,-1.41,1.66,-35.14,250.13,-209.63
162,-0.15,-1.46,1.55,-8.01,250.13,-193.92
163,-0.46,-1.44,1.46,15.79,250.13,-175.28
164,-0.81,-1.37,1.4,25.75,250.13,-163.57
165,-1.01,-1.29,1.39,34.95,237.33,-158.89
166,-1.05,-1.18,1.44,44.61,217.96,-158.63
167,-1.01,-1.04,1.47,65.37,192.08,-156.08
168,-0.92,-0.88,1.49,87.36,167.4,-159.24
169,-0.88,-0.68,1.36,104.58,151.18,-172.5
170,-0.91,-0.55,1.26,111.94,135.09,-182.37
171,-0.96,-0.55,1.17,124.73,115.34,-184.69
172,-1.09,-0.88,1.15,134.56,108.02,-182.12
173,-1.17,-1.26,1.17,142.65,112.05,-185.93
174,-1.33,-1.54,1.36,141.22,116.34,-161.36
175,-1.41,-1.7,1.37,149.81,132.54,-113.32
176,-1.49,-1.69,1.22,167.29,143.82,-61.44
177,-1.53,-1.47,1.02,179.71,148.91,-22.71
178,-1.57,-1.26,0.79,185.68,145.57,5.83
179,-1.64,-1.04,0.59,181.6,134.94,29.69
180,-1.67,-0.88,0.44,168.58,118.36,50.43
181,-1.61,-0.82,0.39,154.44,91.14,70.4
182,-1.43,-0.83,0.37,141.99,59.48,67.07
183,-1.18,-0.77,0.43,130.67,34.77,59.02
184,-0.99,-0.7,0.47,126.4,8.05,47.25
185,-0.79,-0.73,0.57,125.1,14.87,51.98
186,-0.72,-0.73,0.59,118.11,40.57,55.22
187,-0.78,-0.74,0.53,120.24,53.25,74.7
188,-0.86,-0.7,0.42,123.55,60.65,90.26
189,-0.85,-0.65,0.34,125.76,54.53,101.56
190,-0.81,-0.59,0.25,125.52,59.24,110.08
191,-0.89,-0.5,0.15,119.57,56.57,120.57
192,-0.96,-0.45,0.06,109.67,49.4,129.91
193,-0.92,-0.38,-0.04,92.48,36.31,136.45
194,-0.88,-0.34,-0.03,71.53,21.0,139.6
195,-0.77,-0.35,-0.02,57.44,4.84,140.37
196,-0.68,-0.37,-0.03,47.72,-8.24,140.99
197,-0.6,-0.39,0.02,37.35,-12.95,142.32
198,-0.58,-0.41,0.04,30.81,-20.44,138.79
199,-0.59,-0.41,0.1,30.4,-31.05,141.98
200,-0.57,-0.38,0.11,33.69,-41.14,146.61
201,-0.48,-0.34,0.09,34.91,-46.72,154.3
202,-0.44,-0.26,0.08,29.63,-51.51,160.21
203,-0.38,-0.21,0.08,20.79,-57.1,166.63
204,-0.3,-0.18,0.11,13.27,-62.76,170.33
205,-0.17,-0.16,0.14,7.89,-68.46,173.85
206,-0.03,-0.11,0.15,-0.51,-70.44,172.94
207,0.08,-0.06,0.17,-11.53,-67.43,165.39
208,0.12,-0.07,0.23,-17.41,-62.42,158.91
209,0.08,-0.08,0.27,-19.65,-61.17,155.36
210,0.09,-0.06,0.27,-21.6,-65.33,152.6
211,0.15,-0.01,0.26,-26.27,-66.3,144.89
212,0.2,0.01,0.24,-32.47,-67.92,138.89
213,0.17,0.01,0.28,-35.53,-68.62,132.73
214,0.18,0.02,0.27,-38.28,-68.98,132.91
215,0.2,0.04,0.27,-43.59,-68.21,134.35
216,0.25,0.03,0.28,-50.57,-67.27,135.34
217,0.35,0.04,0.29,-56.97,-64.5,132.83
218,0.39,0.06,0.28,-62.5,-59.74,127.63
219,0.36,0.09,0.28,-72.95,-55.39,121.38
220,0.29,0.05,0.29,-77.97,-57.95,119.9
221,0.25,0.01,0.29,-84.73,-61.31,119.63
222,0.24,-0.01,0.29,-93.07,-69.24,119.21
223,0.27,-0.0,0.32,-106.01,-73.36,118.93
224,0.36,-0.03,0.35,-115.95,-73.85,118.24
225,0.36,-0.07,0.4,-124.56,-79.34,116.81
226,0.38,-0.1,0.44,-136.57,-77.19,118.93
227,0.41,-0.16,0.51,-146.33,-73.47,123.07
228,0.47,-0.19,0.57,-156.06,-70.48,126.09
229,0.59,-0.22,0.62,-163.23,-66.72,125.76
230,0.71,-0.29,0.67,-166.44,-64.42,117.05
231,0.76,-0.31,0.76,-166.04,-68.99,98.67
232,0.81,-0.33,0.83,-162.29,-74.0,81.37
233,0.85,-0.35,0.88,-157.91,-72.15,62.62
234,0.81,-0.37,0.96,-150.19,-63.08,46.63
235,0.69,-0.39,1.01,-142.69,-58.62,38.37
236,0.64,-0.45,1.03,-132.6,-52.73,35.22
237,0.61,-0.43,1.06,-126.19,-52.08,31.88
238,0.61,-0.35,1.09,-126.87,-48.17,26.85
239,0.62,-0.35,1.11,-126.08,-45.53,20.22
240,0.64,-0.35,1.18,-121.59,-39.96,16.15
241,0.66,-0.33,1.21,-118.69,-29.21,12.54
242,0.62,-0.32,1.2,-118.95,-19.4,10.73
243,0.62,-0.34,1.22,-118.95,-7.88,7.51
244,0.59,-0.37,1.27,-119.6,3.37,2.54
245,0.56,-0.4,1.28,-120.78,6.14,-4.16
246,0.5,-0.46,1.34,-120.54,4.34,-16.59
247,0.44,-0.57,1.46,-109.94,-2.11,-29.85
248,0.44,-0.63,1.51,-91.7,-9.48,-37.55
249,0.45,-0.61,1.49,-75.74,-10.84,-41.47
250,0.48,-0.61,1.48,-67.23,-4.18,-43.44
251,0.48,-0.6,1.46,-64.81,9.53,-40.32
252,0.44,-0.62,1.45,-63.52,23.33,-35.89
253,0.38,-0.63,1.47,-61.6,35.45,-29.48
254,0.28,-0.64,1.48,-55.82,44.27,-24.73
255,0.23,-0.66,1.45,-42.59,44.96,-18.21
256,0.23,-0.61,1.37,-31.48,39.75,-16.8
257,0.26,-0.54,1.31,-26.39,35.98,-20.79
258,0.27,-0.5,1.26,-22.63,29.95,-26.32
259,0.3,-0.48,1.24,-18.61,22.27,-32.76
260,0.34,-0.45,1.23,-18.14,18.83,-40.38
261,0.37,-0.47,1.23,-18.68,20.02,-44.32
262,0.35,-0.51,1.29,-16.42,26.79,-45.48
263,0.31,-0.53,1.32,-8.1,33.73,-43.56
264,0.26,-0.53,1.3,3.52,40.86,-40.41
265,0.18,-0.49,1.22,13.64,43.15,-37.89
266,0.11,-0.45,1.13,18.91,40.27,-38.05
267,0.02,-0.4,1.04,20.21,33.53,-39.37
268,-0.05,-0.37,1.01,18.97,24.12,-38.49
269,-0.06,-0.36,0.99,16.98,15.66,-34.18
270,-0.05,-0.35,0.99,10.25,12.24,-29.09
271,-0.04,-0.37,1.03,9.31,9.6,-23.19
272,-0.06,-0.4,1.05,12.15,11.31,-14.93
273,-0.03,-0.41,1.04,14.71,9.89,-6.35
274,-0.01,-0.39,1.03,14.82,9.92,0.28
275,0.03,-0.39,1.04,16.66,11.08,4.66
276,0.05,-0.36,1.02,20.65,9.59,6.1
277,0.08,-0.35,0.99,23.43,6.17,4.11
278,0.1,-0.33,0.97,22.92,5.47,0.16
279,0.13,-0.32,0.96,22.44,6.57,-3.85
280,0.13,-0.33,0.95,23.66,8.89,-7.8
281,0.12,-0.32,0.92,23.89,10.25,-9.77
282,0.11,-0.31,0.89,22.15,11.44,-13.44
283,0.06,-0.32,0.89,21.01,10.96,-18.2
284,0.02,-0.33,0.9,21.32,8.18,-19.03
285,0.0,-0.33,0.89,21.64,6.11,-17.51
286,0.01,-0.31,0.87,19.44,5.71,-15.81
287,0.0,-0.31,0.86,15.24,7.2,-13.35
288,-0.01,-0.3,0.87,12.69,8.32,-8.79
289,-0.01,-0.31,0.86,10.07,9.57,-4.4
290,-0.0,-0.3,0.87,6.67,10.13,-0.45
291,0.02,-0.29,0.86,5.11,10.73,3.91
292,0.07,-0.26,0.87,1.98,8.93,8.18
293,0.04,-0.24,0.86,0.67,7.72,4.95
294,0.06,-0.28,0.88,1.68,7.75,-1.4
295,0.04,-0.29,0.88,3.76,3.22,-5.15
296,0.04,-0.3,0.88,4.17,-0.96,-7.66
297,0.05,-0.31,0.89,4.05,-4.21,-10.92
298,0.06,-0.31,0.9,5.05,-7.24,-11.68
299,0.06,-0.31,0.9,4.42,-7.62,-12.1
300,0.06,-0.31,0.89,2.45,-6.63,-10.99
301,0.05,-0.31,0.9,0.66,-6.41,-8.81
302,0.06,-0.32,0.91,-1.5,-5.33,-5.7
303,0.07,-0.32,0.91,-2.65,-3.66,-1.05
304,0.09,-0.31,0.9,-3.82,-2.89,1.19
305,0.1,-0.3,0.9,-4.63,-2.69,1.53
306,0.11,-0.3,0.9,-4.77,-2.23,1.27
307,0.12,-0.29,0.91,-6.47,-2.14,-0.75
308,0.13,-0.29,0.92,-6.46,-2.36,-1.21
309,0.13,-0.29,0.92,-4.93,-3.19,-1.76
310,0.14,-0.28,0.91,-4.85,-3.28,-3.56
311,0.15,-0.29,0.92,-5.92,-4.8,-7.89
312,0.15,-0.31,0.95,-5.84,-5.37,-10.21
313,0.14,-0.32,0.95,-4.0,-6.07,-11.54
314,0.12,-0.32,0.95,-2.84,-7.3,-11.02
315,0.11,-0.32,0.95,-2.76,-6.76,-9.18
316,0.11,-0.32,0.96,-2.22,-6.34,-6.79
317,0.1,-0.31,0.95,-1.8,-5.89,-4.1
318,0.12,-0.3,0.95,-2.6,-4.79,-2.18
319,0.13,-0.3,0.96,-3.12,-3.11,-1.33
320,0.13,-0.3,0.95,-2.98,-3.26,-0.69
321,0.13,-0.3,0.94,-3.8,-4.04,-0.95
322,0.16,-0.29,0.94,-4.78,-3.08,-1.13
323,0.16,-0.29,0.94,-4.76,-2.75,-2.42
324,0.16,-0.3,0.95,-4.12,-2.56,-3.76
325,0.16,-0.31,0.93,-3.43,-3.27,-4.75
326,0.16,-0.32,0.93,-4.33,-4.03,-6.86
327,0.15,-0.32,0.94,-5.11,-3.27,-7.89
328,0.15,-0.33,0.94,-3.91,-3.5,-8.41
329,0.14,-0.33,0.95,-3.34,-4.1,-9.4
330,0.13,-0.34,0.95,-3.22,-3.44,-9.53
331,0.12,-0.34,0.94,-2.92,-2.85,-8.63
332,0.11,-0.34,0.95,-3.25,-2.7,-8.11
333,0.12,-0.35,0.96,-2.85,-1.76,-5.44
334,0.13,-0.34,0.94,-1.98,-0.83,-3.7
335,0.14,-0.33,0.95,-2.73,1.06,-2.67
336,0.13,-0.32,0.95,-2.84,1.6,-2.31
337,0.14,-0.32,0.94,-2.38,1.04,-2.96
338,0.14,-0.32,0.94,-2.37,0.24,-4.45
339,0.14,-0.31,0.95,-1.6,-0.37,-5.91
340,0.12,-0.32,0.94,-0.86,-1.63,-6.78
341,0.12,-0.31,0.94,-0.75,-1.82,-6.79
342,0.11,-0.32,0.94,-1.34,-1.81,-6.4
343,0.11,-0.32,0.92,-1.92,-1.89,-5.89
344,0.12,-0.32,0.93,-2.31,-1.35,-5.74
345,0.11,-0.32,0.93,-2.0,-1.63,-4.99
346,0.11,-0.32,0.93,-2.52,-1.15,-3.42
347,0.13,-0.31,0.93,-2.76,-1.31,-1.72
348,0.14,-0.31,0.94,-3.52,0.38,-1.75
349,0.12,-0.31,0.93,-3.61,0.88,-0.3
350,0.13,-0.3,0.92,-3.4,1.07,0.47
351,0.13,-0.3,0.93,-3.24,2.08,-0.88
352,0.11,-0.3,0.92,-3.02,0.87,-2.14
353,0.13,-0.29,0.91,-4.05,-0.81,-3.26
354,0.14,-0.29,0.92,-5.32,-0.04,-4.33
355,0.14,-0.29,0.93,-5.79,1.21,-4.79
356,0.13,-0.3,0.93,-5.97,1.4,-4.69
357,0.12,-0.31,0.93,-6.92,1.53,-4.9
358,0.13,-0.31,0.94,-6.92,1.08,-5.21
359,0.12,-0.32,0.95,-4.76,-0.85,-5.21
360,0.11,-0.32,0.94,-3.79,-1.21,-5.53
361,0.11,-0.32,0.91,-4.95,-0.54,-5.64
362,0.11,-0.33,0.94,-4.89,-1.82,-4.64
363,0.11,-0.33,0.94,-4.29,-1.88,-4.08
364,0.1,-0.33,0.94,-3.79,-1.7,-2.78
365,0.1,-0.34,0.93,-4.25,-2.54,-2.06
366,0.12,-0.34,0.95,-4.63,-2.37,-1.6
367,0.11,-0.34,0.94,-4.07,-2.32,-1.28
368,0.12,-0.34,0.94,-3.39,-2.8,-1.16
369,0.12,-0.33,0.94,-3.8,-2.68,-1.37
370,0.13,-0.33,0.94,-3.6,-1.72,-0.95
371,0.13,-0.33,0.94,-2.47,-1.82,-0.44
372,0.15,-0.31,0.93,-3.37,-1.18,-0.82
373,0.15,-0.31,0.93,-4.62,0.33,-1.6
374,0.14,-0.31,0.93,-3.76,0.76,-2.3
375,0.13,-0.31,0.94,-1.95,-1.15,-2.32
376,0.13,-0.31,0.94,-2.04,-1.02,-2.39
377,0.13,-0.31,0.93,-3.27,-1.66,-1.89
378,0.07,-0.36,0.91,-0.43,-3.3,0.53
379,0.14,-0.33,0.96,-2.86,0.76,-0.39
380,0.11,-0.32,0.93,-2.11,0.59,-0.62
381,0.12,-0.32,0.93,-1.53,-0.65,-0.32
382,0.13,-0.32,0.95,-2.52,0.02,-1.98
383,0.14,-0.32,0.94,-1.97,-0.17,-2.17
384,0.14,-0.32,0.95,-2.25,-0.69,-2.24
385,0.15,-0.32,0.94,-3.74,0.76,-3.29
386,0.15,-0.33,0.95,-2.85,1.08,-3.78
387,0.13,-0.33,0.95,-1.89,1.34,-4.38
388,0.12,-0.33,0.95,-1.44,1.11,-4.4
389,0.12,-0.33,0.94,-1.05,-0.37,-4.37
390,0.14,-0.33,0.95,-0.65,-0.19,-4.02
391,0.13,-0.33,0.95,-0.49,0.73,-3.96
392,0.12,-0.32,0.94,-0.73,1.44,-3.31
393,0.12,-0.32,0.94,-0.6,2.29,-2.89
394,0.11,-0.32,0.94,-0.42,2.8,-2.71
395,0.1,-0.32,0.94,-0.24,1.54,-2.28
396,0.11,-0.31,0.93,-0.57,0.03,-2.9
397,0.12,-0.32,0.92,-1.02,0.08,-3.75
398,0.12,-0.32,0.93,-0.91,0.12,-4.53
399,0.11,-0.32,0.92,-1.21,0.04,-4.65
