,accel_x,accel_y,accel_z,gyro_x,gyro_y,gyro_z
0,0.31,-0.25,0.86,-6.27,-1.34,-2.09
1,0.33,-0.25,0.89,-7.49,-0.35,-1.8
2,0.32,-0.25,0.89,-7.68,0.06,0.06
3,0.32,-0.25,0.88,-7.89,-0.53,2.01
4,0.31,-0.25,0.87,-10.34,-3.37,-1.65
5,0.33,-0.27,0.9,-10.5,-3.91,-1.53
6,0.33,-0.26,0.91,-9.92,-2.15,-0.56
7,0.32,-0.28,0.92,-8.21,-2.95,-0.86
8,0.32,-0.29,0.92,-7.07,-6.21,-4.0
9,0.34,-0.29,0.92,-6.57,-4.51,-3.63
10,0.34,-0.28,0.92,-5.39,-2.68,-0.92
11,0.32,-0.29,0.92,-3.95,-2.55,1.17
12,0.33,-0.29,0.9,-5.11,-4.26,-0.51
13,0.35,-0.28,0.91,-6.31,-2.6,-0.5
14,0.36,-0.29,0.93,-5.63,-2.05,-0.1
15,0.35,-0.3,0.92,-4.44,-1.6,0.04
16,0.36,-0.29,0.91,-4.57,-2.21,-1.4
17,0.36,-0.29,0.92,-5.06,-1.87,-2.31
18,0.37,-0.29,0.93,-4.12,-0.34,-1.16
19,0.35,-0.29,0.92,-3.49,1.23,-1.21
20,0.35,-0.29,0.92,-2.32,0.94,-1.0
21,0.35,-0.29,0.9,-2.76,0.2,-2.72
22,0.34,-0.29,0.9,-3.36,0.27,-3.36
23,0.34,-0.29,0.9,-3.07,0.63,-3.19
24,0.33,-0.29,0.9,-2.47,0.17,-2.2
25,0.35,-0.27,0.9,-3.56,1.75,-2.26
26,0.36,-0.27,0.87,-3.95,5.99,-1.83
27,0.36,-0.26,0.9,-3.56,6.64,0.51
28,0.33,-0.26,0.88,-4.63,5.15,-1.95
29,0.32,-0.26,0.87,-6.14,3.09,-4.82
30,0.33,-0.26,0.89,-7.23,3.27,-4.39
31,0.32,-0.28,0.89,-7.91,3.5,-3.62
32,0.32,-0.28,0.89,-8.76,1.73,-4.2
33,0.34,-0.28,0.91,-9.23,1.87,-4.27
34,0.33,-0.3,0.93,-6.98,2.24,-4.85
35,0.34,-0.31,0.93,-5.15,-2.95,-4.63
36,0.35,-0.31,0.91,-5.01,-2.42,-6.02
37,0.33,-0.31,0.93,-3.97,-2.1,-5.21
38,0.32,-0.32,0.93,-2.59,-2.83,-5.69
39,0.32,-0.32,0.93,-2.11,-3.15,-4.7
40,0.33,-0.31,0.93,-2.13,-0.81,-3.21
41,0.32,-0.31,0.94,-1.77,0.73,-1.68
42,0.33,-0.31,0.93,-0.72,0.63,0.03
43,0.33,-0.3,0.93,-0.41,1.53,0.79
44,0.32,-0.29,0.92,-0.73,2.15,0.18
45,0.32,-0.29,0.9,-0.47,1.55,0.22
46,0.32,-0.28,0.89,-0.85,1.08,0.56
47,0.31,-0.28,0.88,-2.31,-0.95,-1.23
48,0.33,-0.28,0.9,-3.56,-0.17,-0.89
49,0.34,-0.29,0.89,-3.5,0.48,0.41
50,0.33,-0.29,0.9,-3.22,-1.43,-1.57
51,0.35,-0.28,0.91,-2.77,-1.18,-1.83
52,0.35,-0.29,0.92,-2.01,0.54,-1.26
53,0.34,-0.29,0.91,-0.75,0.47,-1.18
54,0.33,-0.28,0.91,-0.92,-0.43,-1.64
55,0.34,-0.29,0.89,-1.63,-0.58,-2.5
56,0.33,-0.28,0.92,-1.96,-0.48,-2.54
57,0.32,-0.29,0.91,-1.18,-1.69,-1.73
58,0.32,-0.29,0.89,-2.06,-0.7,-1.82
59,0.33,-0.29,0.9,-2.78,-0.11,-0.19
60,0.34,-0.29,0.9,-2.79,0.82,-0.95
61,0.33,-0.29,0.91,-2.5,1.92,0.69
62,0.32,-0.29,0.9,-2.64,-0.1,-0.9
63,0.32,-0.29,0.88,-3.13,-1.07,-3.15
64,0.34,-0.29,0.91,-3.08,-0.3,-0.63
65,0.32,-0.29,0.91,-2.54,-0.75,-1.44
66,0.31,-0.29,0.91,-1.89,-1.89,-1.9
67,0.34,-0.29,0.9,-2.69,0.44,-0.5
68,0.34,-0.28,0.91,-2.44,2.89,2.39
69,0.32,-0.28,0.89,-2.31,1.9,0.81
70,0.31,-0.28,0.89,-2.75,-0.01,-0.6
71,0.33,-0.29,0.89,-3.37,-1.23,-2.03
72,0.34,-0.28,0.9,-4.14,-0.37,-1.4
73,0.33,-0.29,0.9,-4.01,1.26,0.72
74,0.33,-0.29,0.89,-4.24,1.4,1.21
75,0.33,-0.28,0.9,-4.74,0.09,-0.63
76,0.33,-0.29,0.91,-4.42,-0.08,-1.69
77,0.34,-0.29,0.91,-3.61,0.27,-1.37
78,0.33,-0.29,0.91,-3.36,-0.12,-2.21
79,0.32,-0.29,0.91,-3.15,-0.34,-2.6
80,0.32,-0.29,0.92,-2.56,-0.18,-2.32
81,0.32,-0.29,0.91,-2.8,-0.26,-2.73
82,0.32,-0.29,0.91,-2.98,-0.24,-2.76
83,0.33,-0.29,0.91,-2.91,0.56,-0.91
84,0.34,-0.29,0.91,-3.18,0.05,-1.43
85,0.35,-0.29,0.93,-2.6,0.57,-2.05
86,0.35,-0.29,0.92,-2.08,0.76,-3.24
87,0.34,-0.29,0.92,-1.31,0.44,-4.44
88,0.34,-0.28,0.91,-0.86,1.14,-4.23
89,0.33,-0.28,0.9,-1.15,2.13,-2.44
90,0.31,-0.27,0.88,-2.37,1.56,-2.24
91,0.32,-0.28,0.89,-3.55,1.34,-2.57
92,0.32,-0.29,0.89,-4.34,1.67,-1.96
93,0.32,-0.28,0.9,-4.43,1.34,-2.1
94,0.34,-0.28,0.91,-5.06,3.27,-2.54
95,0.34,-0.28,0.9,-5.11,4.73,-1.84
96,0.32,-0.28,0.9,-4.93,3.08,-4.29
97,0.31,-0.29,0.9,-3.6,0.29,-5.19
98,0.32,-0.29,0.91,-2.88,1.11,-4.11
99,0.32,-0.28,0.9,-2.95,2.65,-2.67
100,0.31,-0.28,0.91,-3.57,3.0,-2.47
101,0.31,-0.28,0.9,-3.69,3.89,-1.54
102,0.31,-0.27,0.89,-4.34,4.03,-1.56
103,0.3,-0.28,0.89,-4.11,3.19,-0.92
104,0.28,-0.28,0.89,-4.25,2.22,-0.96
105,0.28,-0.28,0.88,-5.03,1.45,-1.26
106,0.28,-0.28,0.88,-5.73,1.53,0.12
107,0.27,-0.27,0.88,-6.66,1.56,1.24
108,0.28,-0.28,0.87,-7.78,2.04,2.21
109,0.27,-0.27,0.88,-8.35,2.59,4.21
110,0.25,-0.27,0.89,-8.85,3.36,5.25
111,0.27,-0.27,0.88,-8.37,3.95,8.53
112,0.26,-0.26,0.87,-8.65,5.02,10.61
113,0.24,-0.25,0.86,-9.27,6.03,13.27
114,0.23,-0.25,0.86,-9.86,6.58,15.09
115,0.2,-0.25,0.82,-8.42,1.56,14.91
116,0.25,-0.23,0.84,-11.82,8.95,21.11
117,0.27,-0.22,0.85,-12.91,12.37,26.22
118,0.27,-0.21,0.84,-14.95,13.69,27.26
119,0.28,-0.22,0.83,-16.45,15.38,29.31
120,0.3,-0.22,0.81,-18.4,17.08,29.53
121,0.3,-0.23,0.79,-21.11,14.82,25.15
122,0.3,-0.26,0.81,-23.3,6.68,16.28
123,0.29,-0.3,0.82,-24.99,-1.84,6.73
124,0.28,-0.35,0.86,-25.66,-10.82,-2.68
125,0.28,-0.39,0.9,-24.56,-17.67,-8.95
126,0.27,-0.43,0.94,-23.06,-20.95,-11.73
127,0.27,-0.45,0.98,-21.08,-19.34,-9.41
128,0.28,-0.46,1.01,-19.09,-15.26,-4.67
129,0.29,-0.45,1.02,-16.95,-8.97,2.03
130,0.3,-0.43,1.01,-14.63,-2.53,9.3
131,0.31,-0.42,0.99,-13.23,2.68,14.46
132,0.32,-0.4,0.97,-12.48,7.8,18.63
133,0.32,-0.38,0.95,-12.09,12.3,22.8
134,0.33,-0.36,0.92,-11.97,17.15,26.66
135,0.32,-0.34,0.9,-12.14,20.25,28.93
136,0.31,-0.31,0.88,-12.14,22.61,31.89
137,0.3,-0.28,0.84,-13.15,25.81,34.57
138,0.28,-0.25,0.81,-15.03,27.76,38.12
139,0.3,-0.23,0.78,-18.38,31.76,43.63
140,0.28,-0.21,0.75,-23.63,35.43,47.67
141,0.27,-0.19,0.72,-31.02,37.52,52.65
142,0.26,-0.19,0.73,-43.02,42.86,60.94
143,0.26,-0.18,0.75,-57.11,57.7,76.18
144,0.27,-0.22,0.78,-76.18,79.16,97.48
145,0.26,-0.31,0.89,-97.21,101.15,112.91
146,0.25,-0.43,1.04,-115.48,121.52,126.42
147,0.23,-0.54,1.22,-128.75,138.61,135.86
148,0.2,-0.65,1.42,-132.65,149.16,139.44
149,0.18,-0.81,1.67,-120.05,143.63,143.42
150,0.29,-0.87,1.73,-99.87,160.23,157.15
151,0.22,-0.98,1.77,-74.72,156.05,144.31
152,0.13,-1.08,1.79,-41.9,128.5,105.46
153,0.07,-1.15,1.78,-7.71,100.91,63.41
154,0.02,-1.19,1.72,25.89,81.18,26.88
155,-0.09,-1.22,1.63,51.3,60.24,-9.45
156,-0.25,-1.25,1.59,69.89,35.87,-41.24
157,-0.41,-1.29,1.6,83.65,15.27,-68.05
158,-0.51,-1.32,1.62,97.24,5.65,-77.97
159,-0.59,-1.34,1.64,107.86,3.08,-79.21
160,-0.65,-1.31,1.65,116.82,5.95,-72.44
161,-0.71,-1.26,1.73,125.31,10.19,-61.02
162,-0.77,-1.28,1.7,139.99,13.93,-41.81
163,-0.75,-1.27,1.64,153.83,33.42,-14.98
164,-0.81,-1.22,1.57,163.15,46.68,2.79
165,-0.8,-1.16,1.51,171.17,55.77,17.08
166,-0.81,-1.14,1.43,179.28,70.31,29.79
167,-0.83,-1.13,1.34,189.34,81.31,39.97
168,-0.92,-1.12,1.21,201.47,85.42,43.38
169,-1.06,-1.12,1.07,211.41,78.49,41.23
170,-1.17,-1.1,0.89,217.74,71.93,42.24
171,-1.28,-1.1,0.75,221.04,69.84,53.56
172,-1.37,-1.11,0.52,221.24,65.31,78.34
173,-1.5,-1.05,0.32,214.66,67.04,103.81
174,-1.5,-1.0,0.17,201.76,73.05,138.11
175,-1.52,-0.98,0.02,188.47,92.08,181.76
176,-1.55,-0.91,-0.05,183.6,99.11,226.53
177,-1.59,-0.85,-0.22,183.91,91.44,250.13
178,-1.54,-0.74,-0.39,184.4,74.3,250.13
179,-1.45,-0.58,-0.62,180.04,51.81,250.13
180,-1.33,-0.44,-0.86,169.74,21.85,250.13
181,-1.14,-0.32,-1.0,150.13,-11.63,250.13
182,-0.92,-0.25,-1.14,130.7,-50.47,250.13
183,-0.63,-0.17,-1.22,105.69,-79.86,250.13
184,-0.38,-0.11,-1.25,83.03,-100.72,250.13
185,-0.21,-0.07,-1.29,59.46,-113.63,250.13
186,-0.06,-0.04,-1.27,35.91,-129.05,250.13
187,0.06,-0.04,-1.3,12.47,-143.97,250.13
188,0.17,-0.03,-1.31,-11.42,-150.34,250.13
189,0.23,-0.03,-1.32,-38.12,-158.53,250.13
190,0.26,-0.08,-1.31,-65.11,-167.27,250.13
191,0.31,-0.16,-1.25,-88.69,-177.15,250.13
192,0.39,-0.25,-1.21,-113.66,-193.34,250.13
193,0.57,-0.38,-1.22,-133.99,-191.76,250.13
194,0.66,-0.45,-1.14,-156.81,-176.77,250.13
195,0.79,-0.5,-1.09,-182.32,-180.16,250.13
196,1.03,-0.53,-1.07,-208.5,-180.13,250.13
197,1.28,-0.56,-0.98,-238.54,-166.99,250.13
198,1.4,-0.63,-0.81,-250.14,-145.4,250.13
199,1.43,-0.71,-0.65,-250.14,-124.75,246.81
200,1.4,-0.82,-0.56,-250.14,-124.46,228.74
201,1.46,-0.93,-0.46,-250.14,-128.28,208.64
202,1.59,-1.02,-0.35,-250.14,-130.83,185.33
203,1.69,-1.09,-0.31,-250.14,-125.52,162.69
204,1.72,-1.19,-0.29,-250.14,-132.41,128.6
205,1.74,-1.36,-0.3,-250.14,-141.07,97.82
206,1.74,-1.54,-0.28,-250.14,-158.85,72.8
207,1.85,-1.71,-0.13,-250.14,-180.47,44.52
208,1.97,-1.83,0.01,-250.14,-196.52,25.1
209,2.0,-1.9,0.21,-250.14,-183.98,21.27
210,2.0,-1.92,0.4,-250.14,-150.96,28.15
211,2.0,-1.91,0.56,-240.77,-112.92,44.74
212,2.0,-1.82,0.62,-218.57,-73.39,52.44
213,1.99,-1.77,0.59,-195.79,-31.63,59.18
214,1.85,-1.67,0.58,-175.2,-8.66,54.21
215,1.74,-1.57,0.45,-160.33,8.11,47.63
216,1.63,-1.49,0.37,-153.4,24.1,44.66
217,1.52,-1.47,0.31,-148.34,25.82,39.19
218,1.51,-1.42,0.34,-147.35,27.4,25.95
219,1.52,-1.39,0.42,-144.92,39.93,15.86
220,1.48,-1.4,0.51,-134.03,45.17,2.11
221,1.4,-1.46,0.58,-119.73,43.11,-20.02
222,1.31,-1.51,0.64,-102.4,37.34,-45.27
223,1.21,-1.56,0.67,-83.03,31.94,-67.94
224,1.12,-1.61,0.75,-62.85,38.94,-73.11
225,0.96,-1.53,0.77,-36.51,21.13,-87.18
226,1.06,-1.46,0.64,-27.93,19.89,-97.31
227,1.0,-1.41,0.64,-29.07,52.05,-101.23
228,0.83,-1.39,0.73,-18.99,75.02,-85.42
229,0.75,-1.29,0.77,-1.47,76.84,-84.39
230,0.84,-1.16,0.62,0.63,91.54,-84.75
231,0.79,-1.03,0.56,-2.73,111.41,-84.86
232,0.65,-0.92,0.51,-5.48,120.34,-78.66
233,0.49,-0.83,0.44,-5.41,114.53,-73.77
234,0.45,-0.73,0.38,-10.73,98.81,-74.37
235,0.54,-0.64,0.3,-20.13,87.47,-72.78
236,0.63,-0.61,0.23,-36.84,92.19,-63.31
237,0.59,-0.53,0.36,-47.05,92.51,-67.4
238,0.65,-0.45,0.41,-55.74,65.5,-83.45
239,0.82,-0.39,0.42,-66.49,84.15,-81.52
240,0.82,-0.36,0.47,-71.92,89.28,-80.05
241,0.81,-0.41,0.48,-76.36,95.3,-80.16
242,0.77,-0.46,0.5,-77.92,97.18,-84.82
243,0.7,-0.53,0.52,-78.06,88.94,-91.59
244,0.68,-0.61,0.6,-77.02,76.61,-104.08
245,0.69,-0.65,0.63,-74.17,70.88,-111.43
246,0.71,-0.68,0.68,-73.54,83.74,-104.84
247,0.7,-0.71,0.7,-70.42,96.37,-97.16
248,0.72,-0.7,0.69,-68.07,108.71,-88.39
249,0.73,-0.66,0.67,-66.62,124.11,-83.56
250,0.69,-0.62,0.64,-65.22,134.73,-83.3
251,0.6,-0.58,0.61,-66.83,137.38,-87.15
252,0.52,-0.57,0.62,-68.92,133.63,-88.28
253,0.43,-0.57,0.62,-72.02,128.69,-84.26
254,0.4,-0.6,0.62,-75.73,122.52,-83.58
255,0.4,-0.63,0.68,-76.05,116.4,-83.58
256,0.46,-0.66,0.74,-73.11,111.05,-81.21
257,0.45,-0.65,0.8,-68.85,108.89,-81.9
258,0.43,-0.68,0.82,-60.41,103.69,-83.8
259,0.41,-0.66,0.8,-53.27,100.02,-85.48
260,0.38,-0.63,0.76,-49.21,97.98,-85.45
261,0.31,-0.6,0.73,-48.73,90.0,-89.51
262,0.26,-0.58,0.74,-50.66,80.3,-92.37
263,0.22,-0.59,0.77,-53.53,72.97,-90.37
264,0.19,-0.63,0.82,-54.15,65.71,-84.4
265,0.18,-0.7,0.88,-53.59,59.13,-76.47
266,0.19,-0.77,0.94,-49.07,52.85,-65.29
267,0.27,-0.83,0.97,-42.21,51.33,-52.46
268,0.35,-0.88,0.97,-34.7,53.45,-44.4
269,0.42,-0.89,0.98,-25.79,58.05,-38.47
270,0.46,-0.88,0.95,-16.71,63.89,-34.71
271,0.48,-0.84,0.91,-8.1,69.08,-31.17
272,0.51,-0.79,0.87,-1.15,74.63,-30.02
273,0.51,-0.74,0.82,4.02,78.72,-30.4
274,0.49,-0.69,0.78,8.1,80.05,-31.34
275,0.44,-0.65,0.72,10.0,77.17,-33.27
276,0.39,-0.61,0.68,9.62,70.36,-36.92
277,0.37,-0.58,0.66,9.29,65.17,-35.58
278,0.34,-0.56,0.66,8.44,59.58,-34.69
279,0.31,-0.56,0.67,7.07,55.63,-32.41
280,0.3,-0.57,0.69,7.44,51.15,-28.61
281,0.32,-0.56,0.7,8.18,51.74,-23.54
282,0.33,-0.55,0.7,9.19,52.44,-18.05
283,0.3,-0.53,0.7,9.51,50.82,-16.16
284,0.3,-0.51,0.7,11.88,46.18,-13.92
285,0.31,-0.49,0.69,12.05,43.99,-12.13
286,0.32,-0.46,0.68,11.73,42.92,-10.01
287,0.29,-0.44,0.66,11.18,38.61,-9.08
288,0.3,-0.42,0.67,10.21,31.66,-8.89
289,0.33,-0.43,0.65,10.82,29.18,-6.13
290,0.35,-0.41,0.69,6.03,25.63,-5.07
291,0.34,-0.4,0.73,3.56,23.34,-4.95
292,0.37,-0.41,0.75,2.19,22.36,-2.59
293,0.4,-0.41,0.76,1.35,21.12,-2.27
294,0.37,-0.42,0.78,1.43,19.21,-4.52
295,0.41,-0.42,0.78,2.13,14.44,-3.36
296,0.43,-0.44,0.79,2.52,13.63,-1.85
297,0.48,-0.44,0.81,1.82,13.73,-1.93
298,0.53,-0.44,0.82,0.18,15.67,-2.66
299,0.52,-0.46,0.84,0.88,19.2,-2.16
300,0.49,-0.46,0.84,2.89,18.23,-4.1
301,0.46,-0.46,0.85,5.77,18.26,-7.44
302,0.52,-0.45,0.85,7.46,18.79,-7.6
303,0.46,-0.47,0.84,9.82,22.65,-6.18
304,0.43,-0.47,0.82,12.05,21.82,-5.56
305,0.4,-0.47,0.81,12.41,17.69,-7.21
306,0.43,-0.44,0.79,11.97,15.37,-8.28
307,0.43,-0.44,0.78,10.34,18.48,-6.32
308,0.4,-0.44,0.8,9.69,18.14,-5.71
309,0.4,-0.44,0.81,9.7,13.92,-9.63
310,0.42,-0.43,0.82,11.21,12.52,-9.97
311,0.39,-0.44,0.82,12.49,12.47,-10.03
312,0.37,-0.43,0.82,13.74,9.61,-9.42
313,0.38,-0.43,0.81,13.79,6.94,-10.21
314,0.42,-0.41,0.82,13.46,7.72,-8.16
315,0.43,-0.42,0.83,13.36,8.48,-8.71
316,0.45,-0.4,0.83,13.6,9.79,-8.44
317,0.46,-0.4,0.84,13.55,11.77,-9.69
318,0.45,-0.4,0.86,14.88,11.75,-11.01
319,0.43,-0.41,0.84,15.48,10.25,-13.22
320,0.44,-0.41,0.86,16.0,11.15,-13.16
321,0.43,-0.4,0.85,17.44,12.2,-10.39
322,0.41,-0.4,0.84,17.72,13.05,-9.17
323,0.41,-0.39,0.83,17.75,13.73,-8.89
324,0.38,-0.39,0.83,18.31,11.61,-10.32
325,0.36,-0.39,0.84,19.53,9.35,-10.59
326,0.34,-0.39,0.84,20.69,8.38,-8.8
327,0.31,-0.38,0.83,21.42,6.65,-7.69
328,0.3,-0.37,0.82,21.57,4.11,-5.66
329,0.3,-0.35,0.84,21.27,2.75,-2.79
330,0.33,-0.34,0.82,20.88,6.72,0.48
331,0.32,-0.33,0.81,19.92,6.89,3.89
332,0.33,-0.31,0.81,17.64,4.5,1.65
333,0.36,-0.29,0.8,15.47,3.4,2.44
334,0.37,-0.29,0.81,13.98,1.13,0.85
335,0.41,-0.26,0.79,12.02,1.31,-0.66
336,0.4,-0.26,0.81,10.18,1.98,-2.74
337,0.39,-0.26,0.78,8.58,-0.63,-5.24
338,0.38,-0.26,0.79,6.53,-1.79,-6.47
339,0.37,-0.26,0.79,4.39,-3.79,-6.88
340,0.38,-0.25,0.79,1.4,-4.01,-6.14
341,0.39,-0.28,0.8,-0.27,-3.85,-4.38
342,0.4,-0.29,0.83,-1.01,-5.37,-2.88
343,0.44,-0.29,0.83,-1.84,-3.85,-1.53
344,0.47,-0.29,0.86,-3.24,-1.27,-2.6
345,0.48,-0.31,0.86,-2.34,1.34,-2.82
346,0.47,-0.33,0.82,-0.17,4.61,-3.95
347,0.49,-0.3,0.87,-0.25,1.2,-6.69
348,0.46,-0.31,0.85,-1.03,0.29,-10.69
349,0.45,-0.31,0.84,-1.15,1.7,-10.36
350,0.42,-0.31,0.84,-2.74,0.34,-11.47
351,0.4,-0.33,0.83,-4.01,-0.79,-12.04
352,0.39,-0.33,0.85,-5.24,-1.07,-9.03
353,0.39,-0.35,0.86,-6.54,-0.04,-7.19
354,0.41,-0.34,0.86,-6.82,2.21,-3.0
355,0.41,-0.34,0.87,-7.36,3.91,1.25
356,0.41,-0.35,0.87,-7.11,4.39,3.81
357,0.43,-0.34,0.87,-7.47,4.45,4.02
358,0.44,-0.34,0.88,-7.15,6.39,5.57
359,0.43,-0.34,0.88,-6.37,7.63,5.23
360,0.42,-0.34,0.88,-5.56,8.36,5.31
361,0.4,-0.34,0.87,-4.85,9.81,6.86
362,0.39,-0.33,0.85,-5.18,11.35,9.2
363,0.36,-0.33,0.85,-6.45,12.15,11.49
364,0.33,-0.33,0.84,-7.09,11.6,12.98
365,0.28,-0.32,0.86,-7.66,12.27,14.94
366,0.34,-0.33,0.83,-9.0,7.84,17.07
367,0.34,-0.32,0.83,-11.03,6.6,15.29
368,0.36,-0.32,0.83,-11.95,6.36,14.5
369,0.34,-0.32,0.87,-12.05,5.57,8.07
370,0.36,-0.34,0.88,-9.34,-0.43,2.14
371,0.35,-0.35,0.9,-5.26,-3.27,-0.11
372,0.36,-0.34,0.89,-3.0,-0.98,-0.06
373,0.36,-0.34,0.89,-1.21,1.6,0.67
374,0.34,-0.34,0.89,-0.37,1.13,0.56
375,0.33,-0.34,0.88,-0.14,0.82,0.23
376,0.33,-0.34,0.85,-0.94,-0.24,0.39
377,0.34,-0.34,0.85,-1.99,-1.0,1.04
378,0.35,-0.34,0.84,-3.35,-1.98,1.49
379,0.34,-0.35,0.84,-4.74,-3.14,1.05
380,0.36,-0.36,0.82,-4.38,-3.64,0.63
381,0.38,-0.36,0.87,-5.17,-4.97,-0.62
382,0.35,-0.38,0.87,-5.21,-8.05,-2.21
383,0.36,-0.38,0.88,-4.56,-7.87,-1.45
384,0.4,-0.38,0.88,-4.82,-4.72,0.56
385,0.39,-0.38,0.89,-3.72,-2.41,2.77
386,0.37,-0.37,0.88,-2.74,-1.43,1.61
387,0.41,-0.37,0.87,-1.72,-2.63,2.92
388,0.4,-0.37,0.87,-2.29,-3.1,2.42
389,0.4,-0.36,0.87,-2.23,-0.96,4.64
390,0.39,-0.36,0.87,-2.56,-1.34,3.94
391,0.43,-0.36,0.86,-3.07,-2.79,1.52
392,0.45,-0.36,0.89,-3.01,-5.0,0.32
393,0.44,-0.36,0.88,-2.06,-1.88,-1.04
394,0.44,-0.36,0.88,-1.5,-1.34,-0.13
395,0.43,-0.35,0.87,-1.4,-2.51,-3.65
396,0.44,-0.35,0.88,-0.38,-0.89,-2.96
397,0.42,-0.35,0.87,0.2,1.05,-2.23
398,0.41,-0.34,0.87,0.74,1.58,-2.4
399,0.41,-0.33,0.84,0.65,1.95,-2.76
