,accel_x,accel_y,accel_z,gyro_x,gyro_y,gyro_z
0,0.25,-0.11,0.94,-6.81,2.03,9.4
1,0.26,-0.11,0.94,-7.37,3.33,9.28
2,0.26,-0.11,0.95,-8.44,2.15,9.05
3,0.27,-0.11,0.95,-8.82,2.78,8.92
4,0.26,-0.12,0.93,-8.89,3.0,8.55
5,0.26,-0.11,0.94,-9.05,1.34,7.24
6,0.25,-0.13,0.96,-8.69,0.98,7.5
7,0.24,-0.14,0.96,-9.51,-1.06,6.39
8,0.25,-0.14,0.96,-9.24,-1.62,6.19
9,0.24,-0.15,0.97,-9.0,-1.8,6.17
10,0.24,-0.14,0.96,-9.04,-4.11,5.24
11,0.27,-0.15,0.97,-9.63,-3.64,5.22
12,0.26,-0.15,0.98,-9.75,-2.38,4.9
13,0.27,-0.15,0.97,-8.46,-3.26,3.89
14,0.26,-0.16,0.98,-7.68,-2.79,3.37
15,0.28,-0.16,0.98,-7.02,-3.82,1.6
16,0.3,-0.15,0.98,-6.14,-2.25,0.2
17,0.28,-0.15,0.98,-5.37,-2.51,-0.66
18,0.27,-0.16,0.97,-4.58,-3.18,-1.52
19,0.27,-0.15,0.96,-4.52,-2.47,-1.67
20,0.28,-0.15,0.97,-5.24,-1.28,-1.19
21,0.28,-0.15,0.96,-5.53,-0.53,-1.02
22,0.28,-0.15,0.97,-5.17,0.35,-1.6
23,0.28,-0.15,0.96,-4.44,0.2,-1.89
24,0.26,-0.14,0.95,-4.37,-0.37,-1.87
25,0.26,-0.14,0.95,-5.24,-1.56,-2.44
26,0.27,-0.14,0.96,-5.11,-1.37,-2.31
27,0.26,-0.15,0.95,-4.92,-1.47,-1.85
28,0.24,-0.14,0.95,-4.92,-1.58,-1.28
29,0.24,-0.15,0.95,-4.99,-0.6,-0.17
30,0.25,-0.14,0.94,-4.95,-0.55,0.35
31,0.25,-0.15,0.94,-4.72,-0.35,-0.18
32,0.24,-0.15,0.94,-4.76,-0.91,-0.64
33,0.25,-0.15,0.95,-4.59,-0.63,-1.09
34,0.25,-0.14,0.94,-4.52,-0.4,-1.5
35,0.25,-0.15,0.93,-4.97,0.0,-1.31
36,0.24,-0.14,0.93,-5.81,0.09,-1.08
37,0.22,-0.15,0.93,-6.5,-0.46,-1.52
38,0.23,-0.16,0.94,-6.56,-2.13,-1.64
39,0.23,-0.15,0.95,-6.67,-2.6,-1.18
40,0.23,-0.15,0.96,-6.64,-1.9,-0.32
41,0.23,-0.16,0.96,-6.6,-1.33,-0.21
42,0.26,-0.17,0.97,-6.61,0.23,0.22
43,0.25,-0.16,0.97,-6.27,1.14,0.37
44,0.25,-0.17,0.97,-5.96,-0.69,-0.72
45,0.25,-0.17,0.97,-5.24,-1.85,-1.35
46,0.26,-0.17,0.98,-4.64,-2.18,-1.85
47,0.27,-0.18,0.99,-3.82,-1.42,-1.18
48,0.26,-0.17,0.99,-3.41,-0.53,-1.21
49,0.27,-0.18,0.97,-2.9,-0.37,-0.56
50,0.28,-0.17,0.97,-2.6,0.66,-0.95
51,0.28,-0.17,0.97,-2.82,1.42,-1.52
52,0.29,-0.16,0.96,-2.42,2.27,-2.63
53,0.28,-0.16,0.97,-2.27,1.66,-4.08
54,0.28,-0.16,0.96,-1.93,0.98,-5.11
55,0.27,-0.16,0.94,-2.12,0.46,-6.04
56,0.25,-0.16,0.95,-2.42,0.32,-6.28
57,0.26,-0.16,0.94,-2.82,1.37,-4.92
58,0.25,-0.15,0.95,-2.98,2.8,-4.14
59,0.25,-0.16,0.95,-3.22,2.63,-4.15
60,0.23,-0.16,0.94,-3.5,1.74,-4.89
61,0.23,-0.15,0.95,-3.62,1.37,-4.6
62,0.23,-0.14,0.93,-4.03,1.48,-4.38
63,0.24,-0.15,0.94,-4.35,2.01,-3.35
64,0.23,-0.15,0.94,-4.14,3.86,-2.8
65,0.22,-0.14,0.93,-4.66,4.04,-2.82
66,0.22,-0.15,0.92,-5.08,4.06,-2.78
67,0.22,-0.15,0.92,-6.17,2.49,-2.49
68,0.21,-0.16,0.93,-6.54,1.35,-1.5
69,0.23,-0.16,0.95,-5.48,0.93,4.05
70,0.23,-0.16,0.95,-5.47,2.23,7.31
71,0.23,-0.17,0.96,-6.47,-0.02,9.2
72,0.23,-0.18,0.97,-6.11,2.6,9.75
73,0.22,-0.19,0.97,-5.8,2.0,9.11
74,0.22,-0.19,0.99,-4.65,2.55,9.03
75,0.22,-0.19,0.99,-3.43,0.8,11.33
76,0.23,-0.19,0.99,-3.11,3.39,9.5
77,0.23,-0.2,0.99,-2.33,3.81,8.76
78,0.24,-0.19,0.98,-2.02,5.63,7.25
79,0.25,-0.2,0.99,-1.9,5.44,6.6
80,0.25,-0.19,0.98,-1.24,0.98,3.35
81,0.24,-0.19,0.98,-1.15,1.95,0.01
82,0.25,-0.17,0.98,-1.44,1.36,-1.37
83,0.25,-0.17,0.97,-1.11,1.55,-2.63
84,0.25,-0.17,0.96,-1.31,1.41,-3.87
85,0.25,-0.16,0.95,-1.13,1.8,-3.32
86,0.25,-0.16,0.94,-1.44,2.49,-3.49
87,0.26,-0.15,0.93,-1.96,1.63,-3.38
88,0.24,-0.15,0.93,-2.0,1.23,-3.89
89,0.24,-0.14,0.92,-3.13,1.7,-3.31
90,0.23,-0.14,0.92,-3.63,0.52,-3.75
91,0.23,-0.15,0.92,-4.4,0.95,-3.61
92,0.22,-0.14,0.93,-5.05,1.15,-3.64
93,0.23,-0.14,0.92,-5.85,1.02,-4.14
94,0.22,-0.15,0.93,-6.73,-0.21,-4.5
95,0.23,-0.15,0.94,-6.83,-0.77,-4.27
96,0.23,-0.15,0.95,-6.66,-0.21,-3.37
97,0.23,-0.16,0.94,-6.24,-0.22,-3.38
98,0.22,-0.16,0.94,-6.73,-0.18,-3.39
99,0.22,-0.16,0.93,-7.34,-1.13,-3.24
100,0.21,-0.16,0.93,-8.34,-2.15,-3.08
101,0.22,-0.16,0.94,-9.05,-1.5,-2.62
102,0.23,-0.18,0.95,-9.6,-1.32,-2.96
103,0.24,-0.18,0.96,-9.55,-0.91,-3.4
104,0.25,-0.18,0.96,-8.95,-1.26,-2.31
105,0.24,-0.19,0.96,-8.34,-1.22,-2.98
106,0.23,-0.18,0.96,-7.64,-1.84,-2.95
107,0.24,-0.19,0.97,-7.36,-1.65,-2.92
108,0.23,-0.19,0.96,-7.46,-1.37,-2.96
109,0.23,-0.19,0.96,-7.95,-0.85,-3.08
110,0.22,-0.19,0.97,-7.89,-0.75,-2.95
111,0.24,-0.19,0.96,-7.4,0.02,-1.24
112,0.23,-0.19,0.96,-6.91,1.93,-0.68
113,0.23,-0.18,0.95,-6.66,2.79,-0.66
114,0.24,-0.17,0.96,-6.71,3.44,-0.4
115,0.24,-0.17,0.93,-7.21,3.37,-0.55
116,0.24,-0.17,0.92,-8.1,3.41,-0.66
117,0.24,-0.18,0.93,-9.5,1.96,-1.44
118,0.23,-0.18,0.94,-10.36,0.76,-2.17
119,0.23,-0.19,0.95,-10.56,-0.51,-3.37
120,0.23,-0.2,0.96,-9.87,-1.04,-4.11
121,0.23,-0.2,0.97,-9.43,-1.24,-4.48
122,0.23,-0.21,0.97,-8.77,-1.72,-5.69
123,0.23,-0.21,0.97,-8.24,-1.44,-5.42
124,0.22,-0.21,0.97,-8.11,-0.64,-5.47
125,0.21,-0.21,0.97,-7.57,-0.08,-4.61
126,0.22,-0.21,0.97,-7.56,-0.23,-4.01
127,0.21,-0.22,0.97,-7.16,-0.08,-3.53
128,0.23,-0.22,0.98,-6.5,0.41,-2.26
129,0.22,-0.22,0.98,-5.57,0.44,-2.46
130,0.22,-0.22,0.98,-4.7,1.09,-1.84
131,0.22,-0.22,0.98,-3.95,0.77,-2.1
132,0.22,-0.22,0.97,-3.32,0.07,-1.98
133,0.22,-0.22,0.96,-3.51,0.68,-2.26
134,0.22,-0.21,0.96,-3.15,0.8,-1.81
135,0.22,-0.2,0.96,-3.18,0.44,-2.14
136,0.22,-0.2,0.95,-3.38,0.75,-2.24
137,0.22,-0.19,0.93,-3.39,1.15,-2.19
138,0.22,-0.19,0.94,-3.84,1.09,-2.29
139,0.23,-0.17,0.92,-4.34,1.51,-1.63
140,0.22,-0.17,0.91,-5.5,2.21,-0.47
141,0.22,-0.17,0.92,-6.79,1.79,-1.35
142,0.24,-0.17,0.9,-7.4,3.91,0.05
143,0.24,-0.16,0.89,-8.41,5.44,1.05
144,0.24,-0.14,0.87,-10.08,5.35,1.02
145,0.25,-0.14,0.86,-11.35,6.55,2.09
146,0.25,-0.13,0.86,-13.13,7.56,2.71
147,0.25,-0.11,0.83,-15.21,10.94,4.26
148,0.27,-0.1,0.82,-18.0,14.68,7.04
149,0.28,-0.08,0.79,-21.59,21.33,10.05
150,0.27,-0.07,0.76,-26.93,28.77,13.24
151,0.29,-0.06,0.73,-33.51,36.92,17.85
152,0.31,-0.06,0.71,-42.78,44.73,22.69
153,0.35,-0.1,0.68,-53.47,47.53,20.55
154,0.37,-0.12,0.74,-64.11,44.66,17.43
155,0.43,-0.16,0.8,-71.39,41.56,12.21
156,0.53,-0.22,0.92,-75.35,40.89,6.44
157,0.57,-0.26,1.01,-75.07,36.76,-1.34
158,0.68,-0.3,1.1,-73.71,39.92,-7.82
159,0.77,-0.33,1.15,-72.53,44.69,-17.34
160,0.87,-0.36,1.22,-71.6,48.72,-29.24
161,0.93,-0.39,1.29,-69.89,52.32,-44.87
162,0.99,-0.42,1.39,-63.92,54.67,-62.05
163,0.97,-0.49,1.42,-55.32,62.79,-79.29
164,0.85,-0.55,1.52,-50.08,73.92,-95.66
165,0.65,-0.62,1.58,-42.89,86.85,-104.63
166,0.47,-0.72,1.67,-33.89,110.4,-103.88
167,0.23,-0.82,1.74,-25.21,134.18,-95.6
168,-0.02,-0.93,1.82,-15.27,157.77,-87.93
169,-0.24,-1.07,1.97,5.45,187.29,-75.37
170,-0.62,-1.22,2.0,37.62,189.64,-60.86
171,-0.88,-1.3,2.0,67.11,182.75,-50.01
172,-1.07,-1.36,2.0,103.23,177.6,-34.47
173,-1.24,-1.36,2.0,131.56,168.41,-21.31
174,-1.36,-1.31,1.92,148.56,162.79,-7.94
175,-1.48,-1.28,1.77,161.71,152.48,7.07
176,-1.54,-1.23,1.66,169.97,142.51,23.39
177,-1.57,-1.17,1.55,177.6,127.57,36.98
178,-1.56,-1.11,1.45,188.27,109.42,50.61
179,-1.54,-1.06,1.31,199.42,90.48,62.28
180,-1.51,-1.01,1.17,207.88,80.92,75.85
181,-1.48,-1.0,0.99,216.26,81.05,93.44
182,-1.47,-0.97,0.79,218.79,87.04,115.92
183,-1.49,-0.95,0.59,219.22,88.44,138.78
184,-1.47,-0.93,0.4,219.71,82.72,162.23
185,-1.41,-0.92,0.22,215.22,75.47,181.49
186,-1.34,-0.89,0.05,210.1,61.31,197.63
187,-1.25,-0.85,-0.1,199.98,41.97,207.14
188,-1.23,-0.79,-0.21,191.79,21.63,213.86
189,-1.18,-0.75,-0.32,183.47,-7.67,219.5
190,-1.14,-0.72,-0.42,174.56,-37.66,225.39
191,-1.05,-0.67,-0.53,164.18,-64.54,233.27
192,-0.97,-0.65,-0.61,152.31,-84.21,243.95
193,-0.87,-0.61,-0.68,139.38,-100.9,250.13
194,-0.74,-0.61,-0.73,125.67,-109.98,250.13
195,-0.62,-0.6,-0.76,110.44,-118.24,250.13
196,-0.45,-0.59,-0.76,96.76,-121.97,250.13
197,-0.3,-0.6,-0.74,83.35,-123.42,250.13
198,-0.13,-0.62,-0.72,72.28,-125.66,250.13
199,0.09,-0.6,-0.74,57.9,-121.24,250.13
200,0.36,-0.6,-0.82,37.02,-105.26,250.13
201,0.58,-0.55,-0.83,12.4,-85.4,250.13
202,0.77,-0.5,-0.79,-12.54,-66.56,250.13
203,0.92,-0.44,-0.77,-41.4,-51.77,250.13
204,1.04,-0.42,-0.74,-70.86,-47.23,250.13
205,1.13,-0.43,-0.69,-98.66,-56.37,250.13
206,1.21,-0.42,-0.56,-122.89,-75.73,250.13
207,1.28,-0.45,-0.42,-135.96,-100.37,250.13
208,1.26,-0.52,-0.28,-138.61,-124.19,250.13
209,1.26,-0.57,-0.15,-139.41,-152.79,240.19
210,1.42,-0.6,-0.07,-138.89,-163.4,228.47
211,1.62,-0.61,0.02,-138.44,-157.85,214.02
212,1.76,-0.6,0.05,-139.18,-134.28,204.19
213,1.82,-0.63,0.12,-142.73,-97.34,194.75
214,1.76,-0.61,0.17,-148.73,-73.85,191.46
215,1.81,-0.66,0.22,-154.5,-55.63,181.76
216,1.81,-0.67,0.28,-160.36,-48.76,168.61
217,1.82,-0.73,0.35,-162.85,-49.63,153.08
218,1.84,-0.76,0.43,-166.3,-50.86,138.44
219,1.85,-0.8,0.52,-164.06,-47.79,122.14
220,1.82,-0.84,0.6,-159.21,-44.93,108.47
221,1.81,-0.8,0.66,-154.12,-42.73,94.08
222,1.8,-0.8,0.72,-144.6,-34.15,78.08
223,1.73,-0.79,0.72,-135.32,-26.44,64.23
224,1.69,-0.72,0.72,-127.62,-37.56,44.11
225,1.66,-0.72,0.64,-123.46,-31.47,23.33
226,1.48,-0.71,0.66,-118.4,-33.1,9.81
227,1.36,-0.73,0.62,-110.95,-29.46,3.89
228,1.27,-0.75,0.54,-109.77,-22.6,5.14
229,1.28,-0.71,0.51,-114.08,-7.68,6.79
230,1.3,-0.66,0.5,-119.79,9.05,4.66
231,1.27,-0.62,0.5,-121.26,19.17,-2.68
232,1.19,-0.59,0.5,-129.24,17.47,-16.04
233,1.16,-0.57,0.55,-135.44,10.36,-29.11
234,1.08,-0.61,0.55,-141.18,-1.54,-43.57
235,1.0,-0.73,0.65,-139.36,-10.59,-51.18
236,1.02,-0.88,0.88,-117.36,-9.17,-47.98
237,1.05,-0.87,0.83,-109.87,-5.26,-53.47
238,1.07,-0.86,0.74,-106.06,12.22,-57.25
239,1.06,-0.83,0.69,-102.75,33.52,-61.24
240,1.07,-0.79,0.64,-103.21,53.36,-66.43
241,1.03,-0.75,0.65,-103.73,65.68,-76.23
242,0.95,-0.7,0.71,-99.53,64.34,-87.98
243,0.85,-0.68,0.75,-94.64,54.01,-100.34
244,0.8,-0.67,0.74,-88.08,44.66,-107.82
245,0.73,-0.66,0.73,-84.24,33.13,-113.24
246,0.67,-0.68,0.73,-80.82,26.05,-113.66
247,0.64,-0.69,0.71,-77.97,28.52,-108.09
248,0.6,-0.68,0.69,-76.44,36.89,-97.4
249,0.66,-0.63,0.66,-78.13,46.91,-87.6
250,0.71,-0.53,0.65,-82.01,67.96,-78.27
251,0.7,-0.46,0.65,-85.2,82.7,-72.29
252,0.72,-0.39,0.65,-90.71,88.91,-71.55
253,0.73,-0.37,0.67,-93.29,85.64,-75.79
254,0.77,-0.38,0.69,-95.08,79.69,-83.39
255,0.74,-0.42,0.72,-97.55,71.27,-92.58
256,0.69,-0.47,0.75,-98.58,64.65,-98.31
257,0.66,-0.52,0.82,-96.49,61.05,-100.46
258,0.67,-0.54,0.85,-93.27,63.91,-99.18
259,0.64,-0.53,0.89,-88.48,73.47,-94.95
260,0.62,-0.52,0.91,-83.08,83.24,-89.59
261,0.61,-0.49,0.89,-77.08,92.02,-85.15
262,0.58,-0.45,0.87,-73.02,96.39,-83.57
263,0.58,-0.43,0.84,-70.07,98.27,-82.98
264,0.58,-0.42,0.83,-70.76,97.23,-84.09
265,0.56,-0.43,0.82,-71.3,93.16,-86.41
266,0.52,-0.45,0.84,-69.47,89.66,-88.82
267,0.48,-0.48,0.86,-66.44,82.96,-89.03
268,0.44,-0.51,0.89,-64.4,78.19,-86.37
269,0.39,-0.52,0.9,-61.32,76.47,-80.8
270,0.4,-0.51,0.92,-56.92,76.14,-74.48
271,0.43,-0.5,0.91,-51.34,76.05,-69.88
272,0.45,-0.49,0.9,-46.8,77.19,-66.91
273,0.47,-0.48,0.86,-43.89,77.33,-66.33
274,0.43,-0.47,0.86,-42.5,76.97,-66.66
275,0.39,-0.45,0.84,-41.65,72.71,-66.79
276,0.37,-0.44,0.86,-41.92,69.59,-65.68
277,0.36,-0.44,0.88,-41.35,65.5,-62.33
278,0.37,-0.42,0.89,-41.47,63.2,-60.3
279,0.37,-0.43,0.91,-40.79,58.76,-59.64
280,0.34,-0.42,0.95,-38.27,52.14,-58.79
281,0.37,-0.42,0.96,-35.9,47.16,-55.52
282,0.43,-0.42,0.97,-32.89,46.18,-52.48
283,0.47,-0.42,0.97,-30.0,47.06,-49.8
284,0.5,-0.41,0.97,-27.02,47.11,-48.97
285,0.52,-0.41,0.96,-24.11,46.34,-50.38
286,0.54,-0.41,0.95,-20.66,45.98,-51.57
287,0.53,-0.41,0.93,-18.37,44.03,-53.02
288,0.51,-0.43,0.92,-16.87,42.98,-54.1
289,0.49,-0.44,0.91,-14.91,42.02,-54.27
290,0.48,-0.45,0.92,-13.81,41.37,-53.15
291,0.45,-0.44,0.92,-13.11,42.43,-50.92
292,0.45,-0.44,0.94,-11.01,44.06,-48.02
293,0.45,-0.44,0.93,-8.68,46.37,-45.11
294,0.45,-0.43,0.93,-6.81,48.03,-43.35
295,0.44,-0.42,0.91,-4.53,47.63,-42.34
296,0.42,-0.41,0.91,-3.79,43.41,-44.53
297,0.42,-0.41,0.9,-2.1,42.15,-43.95
298,0.39,-0.42,0.91,-0.01,39.0,-43.76
299,0.37,-0.42,0.91,1.53,37.24,-41.6
300,0.37,-0.42,0.92,3.34,39.24,-38.18
301,0.39,-0.42,0.93,5.82,38.58,-35.9
302,0.4,-0.41,0.93,8.82,41.66,-33.58
303,0.38,-0.39,0.91,11.58,42.55,-31.85
304,0.39,-0.38,0.91,13.23,43.95,-30.04
305,0.4,-0.36,0.88,15.34,46.69,-26.6
306,0.37,-0.34,0.86,16.07,46.33,-25.17
307,0.38,-0.33,0.84,15.54,45.47,-24.32
308,0.38,-0.31,0.85,15.4,47.52,-22.72
309,0.39,-0.31,0.86,15.35,47.99,-21.63
310,0.36,-0.31,0.85,15.31,47.52,-22.8
311,0.36,-0.29,0.85,15.94,46.26,-23.27
312,0.34,-0.29,0.84,16.71,45.44,-24.7
313,0.3,-0.28,0.84,17.97,40.84,-24.89
314,0.29,-0.27,0.82,17.81,36.54,-24.56
315,0.3,-0.26,0.82,16.4,36.89,-23.39
316,0.29,-0.25,0.82,15.82,38.42,-20.82
317,0.29,-0.24,0.82,15.62,37.3,-18.08
318,0.29,-0.23,0.81,14.79,35.93,-15.02
319,0.29,-0.22,0.81,14.14,33.55,-13.95
320,0.28,-0.23,0.81,13.21,30.6,-13.99
321,0.27,-0.23,0.8,11.92,28.84,-14.73
322,0.3,-0.24,0.81,10.98,25.6,-12.89
323,0.3,-0.23,0.81,10.24,24.53,-12.08
324,0.31,-0.23,0.82,9.84,23.44,-10.6
325,0.29,-0.24,0.81,9.89,21.01,-10.31
326,0.26,-0.23,0.81,9.56,15.57,-10.92
327,0.24,-0.24,0.8,9.72,8.97,-10.44
328,0.24,-0.24,0.78,8.75,5.52,-8.21
329,0.22,-0.23,0.8,7.98,1.44,-6.79
330,0.23,-0.22,0.8,6.02,-3.59,-4.31
331,0.29,-0.2,0.81,2.65,-3.04,-0.7
332,0.33,-0.2,0.82,0.48,-2.91,0.38
333,0.35,-0.19,0.84,-0.72,-4.54,1.25
334,0.38,-0.18,0.85,-1.95,-4.27,2.37
335,0.41,-0.17,0.87,-2.85,-2.43,3.76
336,0.44,-0.16,0.88,-3.53,-1.22,3.1
337,0.46,-0.16,0.91,-4.36,0.84,3.33
338,0.48,-0.17,0.91,-3.74,3.0,2.73
339,0.47,-0.17,0.92,-3.22,3.63,1.12
340,0.48,-0.18,0.91,-2.57,4.72,-0.95
341,0.47,-0.19,0.91,-2.44,5.2,-2.59
342,0.45,-0.2,0.92,-2.73,6.62,-3.15
343,0.43,-0.22,0.92,-2.34,7.85,-2.28
344,0.43,-0.23,0.92,-2.08,11.47,-0.67
345,0.41,-0.22,0.91,-2.08,14.23,-1.06
346,0.4,-0.22,0.91,-1.85,15.4,-1.0
347,0.38,-0.21,0.91,-2.27,16.08,-1.99
348,0.35,-0.2,0.91,-2.5,16.36,-2.02
349,0.32,-0.19,0.92,-2.37,15.15,-3.7
350,0.29,-0.2,0.92,-2.08,9.82,-5.37
351,0.28,-0.19,0.9,-1.78,6.21,-5.48
352,0.27,-0.2,0.91,-2.53,3.49,-4.11
353,0.28,-0.21,0.92,-3.82,4.08,-1.89
354,0.31,-0.21,0.92,-4.28,5.63,1.53
355,0.34,-0.22,0.93,-5.0,8.66,3.72
356,0.35,-0.22,0.92,-5.95,10.13,3.91
357,0.39,-0.22,0.93,-5.69,10.86,4.89
358,0.42,-0.22,0.94,-4.45,13.76,3.33
359,0.39,-0.22,0.94,-3.95,10.89,-1.08
360,0.36,-0.22,0.94,-3.24,8.15,-4.44
361,0.33,-0.21,0.94,-2.21,5.84,-5.69
362,0.31,-0.22,0.95,-1.57,5.87,-5.11
363,0.29,-0.22,0.94,-1.02,6.0,-2.8
364,0.29,-0.22,0.93,-1.27,6.31,-0.38
365,0.3,-0.22,0.93,-1.31,6.89,0.99
366,0.3,-0.23,0.93,-0.53,6.15,1.02
367,0.32,-0.22,0.93,-0.01,5.48,1.37
368,0.34,-0.21,0.93,-0.46,6.78,0.65
369,0.37,-0.21,0.91,-0.64,8.37,-0.92
370,0.34,-0.21,0.92,-1.14,8.56,-2.42
371,0.33,-0.21,0.91,-1.6,7.45,-4.37
372,0.32,-0.2,0.91,-1.14,6.05,-5.5
373,0.31,-0.21,0.92,0.18,4.53,-6.25
374,0.28,-0.2,0.92,-0.66,3.52,-6.61
375,0.29,-0.2,0.91,-1.25,3.69,-5.41
376,0.3,-0.19,0.91,-2.02,3.78,-4.38
377,0.3,-0.2,0.92,-2.69,3.59,-3.33
378,0.29,-0.2,0.91,-2.88,2.74,-2.61
379,0.3,-0.2,0.92,-2.94,2.36,-2.8
380,0.28,-0.21,0.91,-3.25,1.81,-2.41
381,0.29,-0.21,0.93,-2.73,0.07,-2.85
382,0.28,-0.21,0.92,-2.19,-1.38,-4.0
383,0.28,-0.22,0.92,-1.72,-2.64,-5.15
384,0.27,-0.22,0.92,-1.8,-4.37,-5.07
385,0.28,-0.22,0.93,-2.08,-5.05,-5.02
386,0.3,-0.22,0.94,-1.57,-4.86,-3.98
387,0.3,-0.21,0.93,-2.15,-4.98,-3.98
388,0.3,-0.21,0.93,-1.95,-5.04,-3.58
389,0.3,-0.21,0.94,-1.61,-5.89,-4.01
390,0.29,-0.21,0.93,-1.02,-6.01,-3.5
391,0.3,-0.21,0.94,-1.15,-6.07,-2.46
392,0.32,-0.21,0.94,-1.11,-4.66,-0.05
393,0.34,-0.21,0.93,-1.53,-2.12,0.5
394,0.35,-0.2,0.93,-2.34,-0.57,0.02
395,0.35,-0.2,0.94,-2.63,0.24,1.11
396,0.35,-0.2,0.94,-3.15,-1.1,-0.85
397,0.35,-0.2,0.95,-2.2,-1.05,-0.69
398,0.34,-0.22,0.95,-1.11,-1.56,-1.11
399,0.33,-0.22,0.93,-0.79,-1.02,-0.82
400,0.33,-0.21,0.93,-1.31,-0.07,-0.48
