,accel_x,accel_y,accel_z,gyro_x,gyro_y,gyro_z
0,0.42,-0.25,0.88,-2.1,17.89,-5.63
1,0.43,-0.26,0.88,-1.31,17.39,-4.6
2,0.4,-0.26,0.88,-0.33,15.65,-5.19
3,0.39,-0.25,0.88,1.01,14.18,-4.21
4,0.4,-0.25,0.87,1.6,14.42,-3.83
5,0.39,-0.24,0.86,2.13,13.73,-3.33
6,0.4,-0.24,0.86,1.82,13.11,-3.69
7,0.39,-0.23,0.87,1.45,12.38,-4.31
8,0.38,-0.23,0.86,1.45,10.67,-5.21
9,0.38,-0.22,0.86,1.37,9.6,-5.46
10,0.38,-0.21,0.86,-0.01,10.05,-4.91
11,0.37,-0.21,0.86,-0.72,9.64,-4.53
12,0.36,-0.21,0.86,-0.55,9.33,-3.63
13,0.36,-0.21,0.85,-0.86,9.55,-2.11
14,0.35,-0.21,0.85,-2.25,7.19,-2.56
15,0.36,-0.2,0.86,-3.6,4.92,-3.5
16,0.39,-0.2,0.86,-4.29,6.66,0.44
17,0.37,-0.21,0.86,-5.64,5.54,0.11
18,0.36,-0.22,0.87,-6.19,2.35,-1.92
19,0.36,-0.22,0.88,-5.91,1.36,-2.56
20,0.35,-0.23,0.89,-5.85,1.32,-2.11
21,0.35,-0.23,0.9,-5.7,0.59,-0.79
22,0.38,-0.23,0.9,-6.48,3.21,1.16
23,0.39,-0.23,0.9,-6.77,6.44,3.07
24,0.38,-0.23,0.89,-6.79,6.17,3.19
25,0.39,-0.24,0.9,-6.89,4.66,3.63
26,0.39,-0.25,0.91,-6.77,4.27,3.64
27,0.39,-0.26,0.92,-6.73,2.88,2.9
28,0.39,-0.26,0.92,-5.98,3.03,2.19
29,0.4,-0.25,0.92,-5.59,2.48,0.69
30,0.39,-0.26,0.92,-3.78,0.67,-0.44
31,0.39,-0.26,0.93,-3.04,-1.5,-2.57
32,0.42,-0.25,0.91,-1.94,1.22,-2.44
33,0.41,-0.27,0.92,-1.44,-0.03,-4.24
34,0.39,-0.25,0.9,-0.35,-0.42,-5.44
35,0.41,-0.25,0.91,-0.24,-2.04,-5.82
36,0.41,-0.25,0.91,0.89,-1.38,-6.0
37,0.39,-0.24,0.9,0.47,-0.33,-4.77
38,0.37,-0.24,0.9,-0.3,2.66,-3.29
39,0.38,-0.24,0.91,-0.34,1.67,-1.98
40,0.38,-0.24,0.88,-1.44,3.36,-1.79
41,0.39,-0.24,0.88,-1.28,1.15,-2.51
42,0.4,-0.23,0.9,-2.33,0.73,-4.2
43,0.4,-0.24,0.9,-2.2,1.03,-3.25
44,0.38,-0.24,0.9,-1.69,0.34,-3.82
45,0.37,-0.25,0.91,-1.34,-0.66,-3.79
46,0.38,-0.25,0.9,-0.84,0.42,-3.15
47,0.38,-0.25,0.91,-0.24,0.91,-2.5
48,0.37,-0.25,0.91,-0.35,1.35,-1.46
49,0.38,-0.24,0.9,-0.89,3.05,-0.1
50,0.37,-0.24,0.9,-0.89,3.51,-0.27
51,0.37,-0.24,0.89,-1.15,2.02,-0.32
52,0.38,-0.23,0.89,-2.04,1.62,-1.25
53,0.38,-0.24,0.9,-2.03,0.53,-2.33
54,0.38,-0.23,0.89,-1.69,-0.11,-2.99
55,0.38,-0.24,0.9,-1.94,-1.03,-3.6
56,0.38,-0.24,0.9,-2.0,-1.66,-4.27
57,0.37,-0.24,0.9,-2.07,-1.7,-3.73
58,0.37,-0.24,0.91,-2.38,-0.92,-2.47
59,0.39,-0.24,0.9,-2.76,1.29,-0.56
60,0.39,-0.24,0.9,-3.13,1.28,-0.73
61,0.4,-0.24,0.9,-2.62,0.74,-1.58
62,0.41,-0.23,0.89,-2.04,0.78,-2.44
63,0.4,-0.23,0.9,-2.18,-0.37,-3.88
64,0.38,-0.24,0.9,-2.37,-0.71,-4.37
65,0.38,-0.24,0.89,-3.31,-0.33,-4.58
66,0.37,-0.23,0.89,-3.84,0.34,-4.21
67,0.37,-0.23,0.9,-4.38,0.92,-3.15
68,0.37,-0.24,0.89,-4.97,1.71,-2.92
69,0.37,-0.25,0.89,-5.05,2.44,-1.69
70,0.36,-0.25,0.91,-5.66,4.43,-0.53
71,0.36,-0.25,0.91,-5.95,4.95,0.6
72,0.36,-0.25,0.91,-5.27,4.22,0.37
73,0.38,-0.25,0.92,-4.13,3.44,1.71
74,0.37,-0.25,0.92,-3.09,2.61,0.8
75,0.37,-0.25,0.92,-2.31,1.84,0.08
76,0.36,-0.25,0.92,-1.91,1.19,-0.87
77,0.37,-0.25,0.91,-0.92,0.05,-1.5
78,0.37,-0.25,0.91,-0.91,-0.85,-2.44
79,0.36,-0.25,0.9,-1.18,-1.84,-3.19
80,0.35,-0.25,0.9,-1.4,-2.0,-3.01
81,0.36,-0.25,0.89,-1.52,-1.24,-2.29
82,0.36,-0.24,0.89,-1.85,-1.27,-1.82
83,0.37,-0.24,0.89,-2.18,-1.08,-1.55
84,0.37,-0.23,0.89,-2.44,-1.19,-1.73
85,0.38,-0.23,0.89,-2.35,-1.73,-1.56
86,0.37,-0.23,0.89,-2.52,-2.11,-1.95
87,0.38,-0.23,0.88,-2.76,-2.18,-1.99
88,0.39,-0.22,0.88,-3.13,-2.76,-2.71
89,0.38,-0.22,0.88,-3.44,-2.95,-3.01
90,0.37,-0.23,0.88,-3.34,-2.77,-3.18
91,0.39,-0.22,0.89,-4.71,-1.86,-1.47
92,0.39,-0.22,0.88,-4.89,-4.9,-4.88
93,0.39,-0.23,0.86,-6.79,-0.42,-3.51
94,0.37,-0.23,0.9,-5.38,-3.45,-4.02
95,0.38,-0.23,0.89,-5.79,-3.05,-4.1
96,0.4,-0.24,0.89,-6.68,-1.61,-3.3
97,0.39,-0.25,0.91,-6.25,-0.51,-3.05
98,0.39,-0.25,0.9,-6.07,-0.56,-3.04
99,0.38,-0.25,0.9,-5.8,-0.72,-2.63
100,0.39,-0.25,0.9,-5.82,-1.05,-2.97
101,0.39,-0.25,0.91,-5.63,0.13,-2.76
102,0.38,-0.26,0.91,-4.76,-0.26,-3.33
103,0.36,-0.25,0.91,-4.98,-0.76,-3.0
104,0.38,-0.26,0.91,-4.94,-0.61,-3.93
105,0.37,-0.26,0.91,-4.63,0.05,-3.14
106,0.36,-0.26,0.92,-3.78,-0.05,-3.25
107,0.37,-0.25,0.91,-3.75,0.05,-2.73
108,0.38,-0.25,0.9,-3.68,0.58,-1.68
109,0.37,-0.25,0.9,-3.77,0.67,-2.33
110,0.36,-0.25,0.89,-3.57,-0.23,-2.53
111,0.36,-0.25,0.9,-3.27,-1.18,-2.73
112,0.36,-0.25,0.9,-3.61,-1.07,-2.37
113,0.36,-0.25,0.9,-3.83,-0.99,-2.6
114,0.36,-0.25,0.9,-3.85,-0.59,-2.27
115,0.37,-0.25,0.9,-4.21,-0.76,-2.13
116,0.36,-0.25,0.89,-4.49,-1.69,-2.73
117,0.36,-0.24,0.91,-4.53,-3.81,-3.99
118,0.38,-0.25,0.9,-4.4,-0.77,-1.04
119,0.37,-0.25,0.9,-4.4,-0.91,-1.56
120,0.37,-0.26,0.9,-4.06,-1.43,-1.48
121,0.36,-0.25,0.91,-4.29,-3.76,-2.76
122,0.39,-0.25,0.9,-3.84,-1.72,-2.16
123,0.38,-0.25,0.9,-3.5,-1.16,-2.09
124,0.38,-0.25,0.9,-3.69,-1.73,-2.34
125,0.38,-0.25,0.9,-3.46,-2.53,-2.8
126,0.38,-0.25,0.91,-3.34,-1.85,-1.47
127,0.38,-0.26,0.9,-3.79,-1.65,-1.19
128,0.39,-0.26,0.91,-3.47,-1.89,-1.69
129,0.39,-0.26,0.92,-2.97,-1.12,-1.34
130,0.39,-0.25,0.91,-2.69,-0.76,-1.4
131,0.4,-0.26,0.92,-2.01,-0.68,-1.79
132,0.4,-0.25,0.91,-1.36,-0.95,-2.85
133,0.4,-0.25,0.91,-0.68,-1.2,-3.34
134,0.38,-0.25,0.9,-0.73,-0.99,-3.44
135,0.39,-0.25,0.89,-1.19,-1.05,-4.16
136,0.38,-0.25,0.89,-1.35,-1.5,-4.5
137,0.38,-0.25,0.9,-1.95,-1.41,-3.96
138,0.38,-0.24,0.88,-2.25,-0.37,-2.82
139,0.4,-0.25,0.89,-2.88,0.05,-2.66
140,0.38,-0.25,0.89,-2.7,0.44,-3.04
141,0.38,-0.25,0.89,-2.58,-0.15,-3.35
142,0.37,-0.25,0.89,-2.68,-1.28,-3.72
143,0.38,-0.24,0.89,-3.08,-0.73,-3.43
144,0.38,-0.25,0.9,-2.98,-0.13,-2.91
145,0.37,-0.25,0.9,-2.77,-0.34,-3.27
146,0.38,-0.24,0.89,-3.02,-0.65,-3.25
147,0.39,-0.24,0.9,-3.05,-0.34,-3.61
148,0.38,-0.25,0.88,-2.93,-1.11,-4.27
149,0.37,-0.25,0.89,-3.06,-1.4,-3.98
150,0.37,-0.25,0.88,-3.74,-0.89,-3.57
151,0.37,-0.25,0.89,-3.87,-0.24,-2.87
152,0.37,-0.25,0.9,-3.86,-0.03,-2.89
153,0.37,-0.26,0.9,-3.71,-0.37,-2.34
154,0.37,-0.25,0.89,-3.6,-0.47,-1.89
155,0.38,-0.25,0.9,-3.93,-0.25,-2.03
156,0.37,-0.25,0.9,-3.9,-0.51,-2.71
157,0.36,-0.25,0.89,-3.8,-1.69,-3.23
158,0.36,-0.26,0.89,-3.85,-1.35,-2.8
159,0.38,-0.25,0.9,-4.56,-0.78,-2.5
160,0.38,-0.25,0.89,-4.24,0.11,-1.54
161,0.38,-0.25,0.9,-3.83,-1.21,-2.42
162,0.38,-0.25,0.89,-3.82,-1.48,-2.47
163,0.38,-0.25,0.9,-4.11,-1.33,-2.33
164,0.38,-0.25,0.9,-4.01,-1.25,-1.76
165,0.39,-0.25,0.89,-4.05,-0.84,-1.67
166,0.39,-0.25,0.9,-4.04,-0.21,-2.24
167,0.39,-0.25,0.89,-4.46,-0.56,-1.97
168,0.39,-0.26,0.89,-4.73,-1.1,-2.73
169,0.39,-0.25,0.89,-5.17,-1.25,-3.08
170,0.39,-0.25,0.9,-4.66,-1.09,-2.84
171,0.39,-0.26,0.92,-4.28,-0.85,-2.55
172,0.39,-0.26,0.9,-4.27,-0.33,-2.6
173,0.39,-0.25,0.91,-3.6,-0.01,-2.52
174,0.39,-0.25,0.9,-3.14,-0.29,-2.83
175,0.38,-0.25,0.9,-2.84,-0.05,-3.0
176,0.38,-0.26,0.89,-2.99,-0.59,-3.71
177,0.38,-0.25,0.91,-2.7,-0.91,-4.05
178,0.39,-0.25,0.91,-2.33,-0.89,-3.74
179,0.38,-0.25,0.9,-2.11,-0.64,-3.82
180,0.38,-0.25,0.89,-2.47,-0.77,-3.82
181,0.37,-0.25,0.88,-2.88,-0.7,-3.69
182,0.37,-0.25,0.88,-3.4,-0.69,-3.29
183,0.37,-0.25,0.88,-4.02,-0.46,-2.73
184,0.37,-0.26,0.89,-3.93,-0.11,-1.9
185,0.36,-0.26,0.89,-4.18,-0.31,-1.5
186,0.38,-0.25,0.89,-4.15,0.35,-0.93
187,0.38,-0.25,0.9,-4.12,0.39,-1.52
188,0.39,-0.25,0.9,-4.13,-0.4,-1.79
189,0.38,-0.26,0.89,-4.15,-0.31,-1.88
190,0.39,-0.25,0.89,-4.22,-0.14,-2.67
191,0.39,-0.25,0.89,-4.21,-0.46,-2.83
192,0.38,-0.26,0.89,-4.48,-0.62,-2.98
193,0.38,-0.26,0.91,-4.24,-0.66,-2.95
194,0.38,-0.26,0.9,-3.65,-0.43,-2.63
195,0.39,-0.25,0.9,-3.45,-0.24,-2.09
196,0.37,-0.26,0.89,-3.42,0.05,-2.15
197,0.37,-0.26,0.89,-3.57,0.21,-1.8
198,0.38,-0.25,0.89,-4.2,0.61,-1.64
199,0.38,-0.25,0.89,-4.44,0.92,-1.6
200,0.38,-0.26,0.89,-4.7,0.77,-1.5
201,0.38,-0.26,0.9,-4.6,0.23,-1.58
202,0.37,-0.26,0.9,-3.97,-0.12,-2.44
203,0.38,-0.27,0.9,-3.17,0.15,-1.92
204,0.37,-0.26,0.9,-2.86,0.21,-2.26
205,0.37,-0.26,0.89,-3.17,0.1,-2.23
206,0.37,-0.27,0.9,-3.31,0.29,-1.66
207,0.37,-0.26,0.9,-3.87,0.1,-1.95
208,0.37,-0.27,0.9,-3.92,-0.25,-2.02
209,0.36,-0.27,0.92,-3.5,-0.23,-2.44
210,0.37,-0.27,0.91,-2.66,-0.33,-2.19
211,0.37,-0.27,0.92,-1.74,-0.02,-1.88
212,0.37,-0.27,0.9,-1.65,0.09,-1.5
213,0.37,-0.25,0.9,-1.67,0.56,-1.15
214,0.37,-0.25,0.89,-1.98,0.66,-0.61
215,0.36,-0.26,0.89,-2.4,0.44,0.01
216,0.36,-0.26,0.88,-3.14,0.63,0.49
217,0.37,-0.26,0.89,-3.02,1.03,1.41
218,0.37,-0.26,0.88,-3.12,1.41,1.04
219,0.37,-0.25,0.88,-3.56,1.95,1.34
220,0.38,-0.25,0.88,-3.91,2.02,1.34
221,0.38,-0.24,0.88,-4.2,1.85,1.8
222,0.39,-0.26,0.87,-4.96,1.92,1.23
223,0.39,-0.25,0.87,-5.18,1.69,0.74
224,0.39,-0.26,0.89,-5.44,0.79,0.08
225,0.39,-0.26,0.89,-5.56,0.61,0.12
226,0.38,-0.26,0.9,-5.5,0.67,-0.36
227,0.38,-0.27,0.9,-5.41,0.11,-1.03
228,0.38,-0.26,0.91,-5.2,0.5,-1.11
229,0.37,-0.27,0.91,-4.75,1.09,-0.6
230,0.37,-0.27,0.9,-4.58,1.89,-0.2
231,0.37,-0.26,0.9,-4.61,2.45,0.44
232,0.38,-0.26,0.89,-4.73,2.53,0.62
233,0.38,-0.26,0.89,-4.67,2.69,0.62
234,0.37,-0.26,0.88,-4.37,2.29,0.21
235,0.37,-0.26,0.88,-4.27,2.58,0.1
236,0.35,-0.26,0.88,-4.42,3.26,0.9
237,0.34,-0.26,0.87,-4.97,3.54,1.62
238,0.33,-0.26,0.87,-5.64,3.98,2.66
239,0.33,-0.25,0.86,-6.47,4.73,4.22
240,0.33,-0.25,0.86,-7.02,5.35,5.34
241,0.33,-0.25,0.86,-7.7,7.31,7.0
242,0.32,-0.24,0.85,-8.76,8.82,8.52
243,0.31,-0.24,0.85,-9.33,9.69,10.46
244,0.3,-0.24,0.84,-10.29,11.37,13.08
245,0.31,-0.23,0.83,-11.82,13.8,16.85
246,0.33,-0.22,0.82,-13.92,18.85,20.44
247,0.35,-0.2,0.8,-16.11,24.33,24.95
248,0.36,-0.19,0.79,-19.15,29.73,27.56
249,0.38,-0.18,0.76,-22.49,35.28,30.95
250,0.39,-0.16,0.72,-26.95,41.82,34.66
251,0.44,-0.14,0.71,-32.05,49.52,38.97
252,0.48,-0.12,0.7,-38.21,57.58,38.89
253,0.53,-0.12,0.65,-43.96,59.72,34.08
254,0.56,-0.13,0.6,-52.05,51.56,20.98
255,0.57,-0.16,0.63,-59.66,30.92,1.23
256,0.56,-0.21,0.7,-67.19,12.27,-15.53
257,0.6,-0.3,0.83,-72.76,0.73,-28.34
258,0.67,-0.32,0.97,-82.26,0.11,-33.93
259,0.72,-0.41,1.14,-87.46,4.01,-40.31
260,0.86,-0.5,1.28,-81.3,18.27,-44.31
261,0.94,-0.52,1.44,-84.17,38.46,-42.73
262,1.01,-0.57,1.47,-84.63,57.1,-56.32
263,1.03,-0.61,1.63,-80.61,74.59,-61.66
264,0.94,-0.73,1.77,-60.66,78.04,-70.07
265,0.9,-0.86,1.85,-37.23,70.96,-88.19
266,0.81,-1.01,1.93,-16.44,80.09,-95.3
267,0.63,-1.13,1.96,2.04,95.44,-102.72
268,0.46,-1.24,1.98,16.69,116.26,-97.93
269,0.31,-1.34,2.0,32.92,142.92,-82.85
270,0.21,-1.44,2.0,46.93,177.53,-65.22
271,0.18,-1.47,2.0,62.92,219.17,-55.53
272,0.02,-1.46,2.0,86.02,245.98,-52.42
273,-0.22,-1.47,1.93,121.47,250.13,-61.61
274,-0.6,-1.47,1.81,158.52,242.07,-68.63
275,-0.95,-1.47,1.62,191.56,220.69,-75.35
276,-1.24,-1.45,1.39,215.29,209.59,-64.62
277,-1.58,-1.43,1.1,234.47,185.67,-42.1
278,-1.82,-1.36,0.84,240.42,145.37,-19.62
279,-1.92,-1.27,0.66,241.58,101.76,8.31
280,-1.85,-1.19,0.57,237.27,72.53,39.56
281,-1.67,-1.14,0.52,233.83,59.73,70.4
282,-1.5,-1.1,0.48,229.73,61.13,103.18
283,-1.37,-1.08,0.39,228.43,67.14,135.21
284,-1.28,-1.05,0.29,226.44,69.97,163.85
285,-1.17,-1.0,0.2,223.05,66.82,187.85
286,-1.13,-0.94,0.1,223.21,59.64,206.79
287,-1.03,-0.91,-0.04,227.64,46.4,227.34
288,-0.94,-0.88,-0.16,227.34,29.53,246.25
289,-0.88,-0.82,-0.3,225.46,10.71,250.13
290,-0.78,-0.78,-0.43,221.45,-6.15,250.13
291,-0.68,-0.75,-0.58,213.59,-25.93,250.13
292,-0.57,-0.73,-0.7,202.92,-43.94,250.13
293,-0.44,-0.7,-0.8,183.24,-56.02,250.13
294,-0.3,-0.68,-0.93,157.4,-71.27,250.13
295,-0.13,-0.62,-1.02,126.54,-91.99,250.13
296,0.02,-0.62,-1.11,93.92,-110.8,250.13
297,0.24,-0.61,-1.12,60.24,-128.36,250.13
298,0.51,-0.64,-1.09,34.78,-150.73,250.13
299,0.8,-0.67,-1.05,16.3,-161.34,250.13
300,1.04,-0.67,-0.94,0.07,-166.66,250.13
301,1.24,-0.62,-0.99,-20.37,-164.99,250.13
302,1.41,-0.53,-1.0,-50.4,-157.63,250.13
303,1.52,-0.48,-0.96,-83.66,-132.69,250.13
304,1.44,-0.5,-0.87,-113.49,-116.5,250.13
305,1.36,-0.56,-0.79,-137.24,-124.06,250.13
306,1.4,-0.61,-0.69,-155.68,-135.54,250.13
307,1.48,-0.69,-0.53,-170.5,-148.98,250.13
308,1.7,-0.72,-0.46,-179.75,-159.13,250.13
309,1.82,-0.79,-0.37,-187.84,-169.69,250.13
310,1.92,-0.85,-0.25,-194.83,-182.47,236.1
311,1.97,-0.92,-0.13,-196.72,-181.32,228.18
312,2.0,-0.93,-0.06,-202.5,-180.12,218.82
313,2.0,-0.91,-0.0,-210.25,-160.83,191.63
314,2.0,-0.96,0.12,-215.15,-115.5,146.28
315,2.0,-0.86,0.34,-212.35,-95.27,111.47
316,2.0,-0.91,0.44,-205.24,-67.11,82.32
317,2.0,-0.87,0.52,-195.05,-54.66,51.38
318,2.0,-0.89,0.55,-181.63,-43.79,29.05
319,2.0,-0.93,0.56,-172.76,-38.5,11.57
320,1.98,-0.96,0.59,-167.38,-24.29,0.38
321,1.89,-0.93,0.6,-163.46,-2.04,-8.11
322,1.78,-0.84,0.59,-162.19,21.52,-17.66
323,1.71,-0.78,0.58,-159.79,45.02,-26.78
324,1.57,-0.74,0.56,-157.35,53.8,-38.72
325,1.45,-0.74,0.58,-154.22,52.02,-54.32
326,1.39,-0.77,0.59,-150.82,47.73,-69.47
327,1.25,-0.77,0.62,-149.58,38.3,-90.09
328,1.17,-0.77,0.67,-148.55,37.52,-101.21
329,1.1,-0.75,0.73,-145.76,45.95,-105.04
330,1.02,-0.7,0.78,-142.83,58.82,-105.11
331,0.92,-0.67,0.84,-137.83,72.05,-97.9
332,0.87,-0.66,0.85,-129.32,78.25,-90.79
333,0.88,-0.64,0.87,-119.44,83.71,-87.06
334,0.94,-0.6,0.86,-113.74,94.09,-87.9
335,0.95,-0.57,0.86,-107.69,102.57,-92.11
336,0.92,-0.52,0.82,-101.11,106.31,-99.76
337,0.86,-0.48,0.8,-95.68,105.19,-107.25
338,0.83,-0.4,0.78,-91.63,105.74,-110.13
339,0.75,-0.38,0.77,-87.88,106.66,-109.23
340,0.68,-0.39,0.77,-86.46,103.31,-106.85
341,0.64,-0.41,0.76,-86.96,101.59,-104.45
342,0.64,-0.45,0.79,-85.46,100.54,-102.76
343,0.64,-0.48,0.86,-88.47,100.31,-101.75
344,0.63,-0.49,0.92,-85.32,102.98,-101.98
345,0.57,-0.49,0.97,-77.79,103.64,-101.24
346,0.55,-0.47,0.98,-67.21,105.31,-96.25
347,0.55,-0.41,0.99,-59.46,108.85,-90.82
348,0.57,-0.35,0.94,-53.24,117.61,-85.17
349,0.55,-0.31,0.9,-47.75,120.81,-83.45
350,0.51,-0.29,0.84,-44.19,117.76,-81.85
351,0.45,-0.28,0.81,-43.04,106.92,-83.15
352,0.39,-0.29,0.8,-42.85,92.64,-83.76
353,0.34,-0.32,0.78,-41.91,77.84,-82.83
354,0.3,-0.34,0.82,-42.53,64.25,-80.53
355,0.33,-0.35,0.86,-44.75,58.54,-70.3
356,0.38,-0.36,0.88,-44.15,64.09,-60.21
357,0.39,-0.38,0.9,-40.19,67.85,-53.07
358,0.41,-0.36,0.9,-37.66,65.92,-49.02
359,0.4,-0.37,0.9,-34.03,65.83,-44.24
360,0.4,-0.39,0.88,-31.94,59.44,-42.05
361,0.43,-0.4,0.89,-28.39,55.37,-38.64
362,0.42,-0.41,0.9,-24.93,51.39,-34.41
363,0.47,-0.4,0.87,-21.9,49.82,-29.35
364,0.5,-0.39,0.87,-20.01,50.56,-27.58
365,0.52,-0.38,0.84,-17.57,48.38,-27.32
366,0.52,-0.35,0.85,-15.89,46.73,-27.18
367,0.52,-0.35,0.81,-14.32,44.31,-27.33
368,0.53,-0.33,0.79,-14.51,40.88,-29.38
369,0.51,-0.33,0.78,-14.04,36.46,-29.02
370,0.5,-0.32,0.78,-13.92,33.11,-27.4
371,0.51,-0.33,0.8,-15.28,31.51,-25.24
372,0.52,-0.33,0.81,-15.03,28.69,-25.18
373,0.52,-0.35,0.8,-14.0,27.34,-23.3
374,0.51,-0.35,0.83,-12.35,27.04,-22.11
375,0.49,-0.35,0.83,-10.26,26.21,-20.4
376,0.48,-0.35,0.83,-8.21,25.23,-20.15
377,0.48,-0.34,0.84,-5.95,22.27,-18.46
378,0.46,-0.32,0.82,-4.49,23.6,-14.83
379,0.49,-0.31,0.82,-3.73,24.5,-10.98
380,0.52,-0.29,0.81,-3.31,26.58,-10.35
381,0.54,-0.27,0.8,-3.09,26.74,-10.88
382,0.54,-0.26,0.81,-3.29,26.29,-12.3
383,0.52,-0.27,0.79,-0.23,24.4,-14.82
384,0.53,-0.26,0.8,-2.69,22.45,-15.64
385,0.49,-0.26,0.81,-3.02,22.16,-15.3
386,0.51,-0.26,0.82,-4.05,22.38,-14.99
387,0.52,-0.26,0.82,-3.91,24.56,-15.5
388,0.5,-0.25,0.85,-3.97,24.56,-15.56
389,0.49,-0.26,0.86,-2.98,24.72,-15.17
390,0.49,-0.26,0.85,-2.66,26.04,-14.6
391,0.46,-0.26,0.84,-1.69,25.4,-13.5
392,0.45,-0.28,0.84,-1.04,24.4,-11.85
393,0.44,-0.28,0.84,-0.08,22.59,-10.08
394,0.45,-0.28,0.84,-0.05,22.61,-8.37
395,0.44,-0.29,0.81,-0.18,21.92,-5.92
396,0.43,-0.31,0.83,-0.35,16.34,-6.67
397,0.45,-0.31,0.82,-0.96,17.77,-3.98
398,0.47,-0.3,0.84,-1.03,20.82,1.14
399,0.47,-0.29,0.83,-0.51,22.24,3.72
