,accel_x,accel_y,accel_z,gyro_x,gyro_y,gyro_z
0,0.17,-0.47,0.88,-1.44,-3.31,-5.22
1,0.18,-0.46,0.87,-0.69,-3.98,-5.28
2,0.19,-0.45,0.87,-1.72,-3.68,-4.36
3,0.2,-0.44,0.87,-1.66,-2.88,-4.37
4,0.21,-0.44,0.87,-1.63,-1.77,-4.4
5,0.2,-0.46,0.87,-0.6,-2.6,-5.48
6,0.19,-0.45,0.87,0.01,-3.97,-8.05
7,0.22,-0.43,0.88,-0.16,-1.58,-5.22
8,0.2,-0.44,0.87,-0.7,-0.78,-4.53
9,0.2,-0.44,0.88,-0.79,-1.66,-5.67
10,0.21,-0.43,0.87,-0.89,-1.54,-5.92
11,0.21,-0.43,0.86,-1.27,-0.76,-5.21
12,0.21,-0.42,0.87,-2.5,-0.21,-4.79
13,0.2,-0.43,0.87,-1.34,-0.88,-4.79
14,0.21,-0.44,0.87,-1.27,-0.94,-5.81
15,0.2,-0.44,0.87,-0.79,-0.76,-5.44
16,0.2,-0.42,0.87,-2.16,-0.22,-4.86
17,0.21,-0.43,0.87,-2.34,0.56,-4.54
18,0.19,-0.44,0.86,-2.44,0.35,-4.27
19,0.18,-0.45,0.87,-2.23,-1.62,-4.89
20,0.19,-0.45,0.87,-1.44,-2.82,-6.5
21,0.21,-0.44,0.87,-1.4,-1.65,-5.26
22,0.19,-0.45,0.87,-1.48,-0.52,-3.74
23,0.19,-0.45,0.87,-2.05,-1.19,-4.27
24,0.18,-0.46,0.87,-1.82,-2.12,-5.21
25,0.2,-0.45,0.87,-1.56,-2.77,-5.6
26,0.21,-0.43,0.87,-2.16,-2.44,-3.7
27,0.22,-0.43,0.86,-3.01,-0.82,-2.47
28,0.21,-0.44,0.87,-2.84,-1.19,-3.81
29,0.22,-0.43,0.88,-3.35,-2.5,-5.25
30,0.22,-0.42,0.87,-2.41,-2.31,-4.5
31,0.22,-0.43,0.86,-2.4,-2.14,-6.24
32,0.21,-0.43,0.87,-2.64,-0.36,-6.37
33,0.21,-0.44,0.87,-2.7,0.65,-5.85
34,0.19,-0.44,0.87,-2.3,0.84,-3.32
35,0.17,-0.45,0.87,-2.13,-0.63,-4.14
36,0.16,-0.46,0.86,-1.85,-3.13,-5.35
37,0.18,-0.46,0.86,-1.93,-4.63,-5.38
38,0.19,-0.45,0.87,-2.15,-5.15,-5.01
39,0.2,-0.45,0.88,-2.85,-5.4,-4.51
40,0.22,-0.45,0.89,-2.76,-5.37,-4.04
41,0.25,-0.43,0.88,-3.02,-2.18,-4.53
42,0.25,-0.43,0.87,-2.98,2.72,-4.13
43,0.19,-0.42,0.87,-2.24,1.65,-1.75
44,0.2,-0.44,0.87,-2.03,-2.95,-7.15
45,0.21,-0.42,0.86,-1.26,-4.01,-4.58
46,0.24,-0.42,0.87,-3.53,-3.25,-4.84
47,0.24,-0.42,0.87,-2.85,-1.79,-5.95
48,0.24,-0.41,0.87,-3.84,-0.63,-5.6
49,0.23,-0.43,0.87,-4.01,0.56,-6.23
50,0.21,-0.43,0.87,-3.08,-0.76,-7.34
51,0.22,-0.42,0.87,-3.19,-1.18,-8.46
52,0.22,-0.43,0.86,-3.03,0.13,-7.35
53,0.19,-0.44,0.86,-3.66,-1.2,-7.84
54,0.2,-0.44,0.88,-3.64,-2.64,-8.47
55,0.21,-0.45,0.86,-3.46,-2.26,-7.06
56,0.2,-0.44,0.87,-4.9,-3.09,-5.94
57,0.21,-0.45,0.88,-4.95,-4.68,-6.65
58,0.24,-0.45,0.89,-5.02,-3.29,-5.02
59,0.23,-0.46,0.89,-5.32,-1.83,-3.59
60,0.22,-0.47,0.89,-4.15,-1.83,-3.84
61,0.22,-0.48,0.9,-2.56,-2.16,-4.11
62,0.22,-0.46,0.89,-2.23,-2.8,-4.63
63,0.23,-0.46,0.9,-2.43,-1.66,-4.06
64,0.23,-0.46,0.9,-1.99,0.08,-3.61
65,0.22,-0.46,0.89,-1.09,0.13,-3.53
66,0.22,-0.45,0.89,-1.04,0.38,-3.13
67,0.21,-0.45,0.87,-1.5,1.46,-2.16
68,0.2,-0.45,0.87,-0.77,0.01,-3.36
69,0.2,-0.45,0.88,-0.41,-1.28,-4.01
70,0.21,-0.43,0.87,-0.13,-1.67,-4.24
71,0.22,-0.41,0.86,-1.48,-1.12,-2.93
72,0.2,-0.43,0.87,-2.66,-1.98,-2.95
73,0.22,-0.43,0.86,-2.21,-1.45,-2.6
74,0.23,-0.43,0.86,-1.84,-1.01,-2.37
75,0.21,-0.44,0.88,-1.56,-2.08,-4.31
76,0.22,-0.44,0.87,-1.35,-3.29,-6.56
77,0.23,-0.43,0.87,-1.4,-2.63,-6.15
78,0.24,-0.43,0.87,-1.93,-0.37,-3.6
79,0.22,-0.45,0.88,-0.93,-1.03,-4.16
80,0.22,-0.44,0.87,-1.3,-0.37,-4.34
81,0.21,-0.44,0.86,-2.44,-0.88,-3.94
82,0.21,-0.44,0.86,-2.18,-1.16,-3.89
83,0.21,-0.44,0.87,-1.65,-2.54,-5.19
84,0.22,-0.43,0.87,-1.85,-3.09,-5.08
85,0.23,-0.44,0.87,-2.21,-1.56,-3.57
86,0.22,-0.45,0.87,-1.56,-1.92,-4.48
87,0.23,-0.44,0.86,-0.35,-2.18,-4.92
88,0.23,-0.44,0.87,0.08,-1.95,-5.14
89,0.23,-0.43,0.88,0.23,-4.19,-8.37
90,0.25,-0.42,0.86,-0.58,-2.71,-6.66
91,0.24,-0.43,0.87,-0.4,-0.08,-3.24
92,0.21,-0.44,0.86,0.25,-1.59,-5.01
93,0.22,-0.42,0.86,0.34,-4.09,-7.71
94,0.25,-0.4,0.85,-0.07,-3.54,-5.23
95,0.26,-0.4,0.86,-0.52,-1.49,-1.28
96,0.25,-0.41,0.87,-0.89,-0.45,0.13
97,0.24,-0.41,0.88,-0.98,-0.28,-0.56
98,0.26,-0.41,0.87,-1.4,-0.16,-0.94
99,0.25,-0.4,0.87,-2.13,0.55,-1.66
100,0.25,-0.41,0.87,-2.43,0.66,-2.56
101,0.25,-0.4,0.87,-1.97,-0.02,-3.21
102,0.26,-0.4,0.86,-2.3,1.69,-1.42
103,0.27,-0.39,0.86,-3.11,2.55,-0.05
104,0.27,-0.4,0.86,-2.9,2.77,0.95
105,0.27,-0.41,0.87,-2.89,2.99,-0.72
106,0.28,-0.39,0.87,-3.47,0.63,-4.15
107,0.33,-0.37,0.87,-4.6,3.21,-0.08
108,0.33,-0.38,0.9,-1.75,3.89,4.23
109,0.35,-0.34,0.91,-0.38,8.47,14.12
110,0.33,-0.35,0.95,-0.62,9.77,17.69
111,0.35,-0.31,0.97,-1.27,8.76,17.6
112,0.34,-0.29,1.03,-3.17,7.63,11.43
113,0.4,-0.21,1.1,-11.22,4.29,11.01
114,0.44,-0.21,1.17,-17.56,5.06,12.01
115,0.47,-0.15,1.26,-27.62,-4.62,6.15
116,0.64,-0.22,1.43,-32.73,-1.08,4.59
117,0.79,-0.22,1.48,-35.33,16.41,5.9
118,0.91,-0.33,1.71,-36.46,36.98,-0.9
119,0.97,-0.43,1.79,-34.44,63.0,3.44
120,0.86,-0.58,1.83,-18.29,91.85,5.74
121,0.72,-0.66,1.73,3.21,117.63,10.85
122,0.56,-0.69,1.82,14.97,130.98,26.44
123,0.42,-0.75,1.73,29.18,159.6,57.05
124,0.07,-0.85,1.69,45.64,163.4,57.09
125,-0.09,-0.87,1.58,56.51,168.53,63.81
126,-0.36,-0.89,1.57,52.2,155.19,61.7
127,-0.53,-0.92,1.44,66.14,157.69,84.25
128,-0.82,-0.98,1.36,70.23,148.18,121.22
129,-1.16,-0.99,1.31,86.6,126.3,144.42
130,-1.26,-1.17,1.27,120.54,71.98,102.18
131,-1.12,-1.16,1.19,139.47,45.71,94.23
132,-1.02,-1.26,1.16,152.95,31.46,82.08
133,-0.88,-1.26,1.19,160.75,18.47,69.6
134,-0.72,-1.29,1.22,173.3,27.62,95.79
135,-0.74,-1.31,1.21,185.73,36.16,116.92
136,-0.71,-1.22,1.11,195.44,36.33,143.82
137,-0.74,-1.16,0.96,205.29,47.53,157.06
138,-0.86,-1.09,0.81,215.27,38.69,158.88
139,-0.84,-0.92,0.59,221.82,15.32,173.37
140,-0.82,-0.79,0.42,223.72,22.58,190.38
141,-0.78,-0.61,0.33,217.25,17.22,199.21
142,-0.68,-0.48,0.21,205.32,26.53,215.49
143,-0.58,-0.37,0.15,195.23,29.79,222.23
144,-0.49,-0.26,0.06,176.73,40.6,221.85
145,-0.49,-0.2,0.06,165.51,33.04,214.9
146,-0.46,-0.16,-0.07,163.46,19.24,201.39
147,-0.47,-0.11,-0.14,161.11,-2.04,192.2
148,-0.4,-0.09,-0.3,162.11,-20.78,179.89
149,-0.39,-0.04,-0.31,155.37,-33.95,164.94
150,-0.41,-0.02,-0.36,147.83,-49.06,152.5
151,-0.44,0.05,-0.45,130.57,-52.5,152.04
152,-0.42,0.04,-0.47,116.34,-63.42,150.31
153,-0.31,0.07,-0.53,102.33,-60.76,165.73
154,-0.36,0.07,-0.49,79.86,-75.82,167.05
155,-0.27,0.13,-0.54,59.44,-73.21,173.54
156,-0.19,0.18,-0.58,31.41,-79.66,170.18
157,-0.08,0.12,-0.53,7.03,-72.79,172.66
158,0.02,0.15,-0.48,-14.82,-77.55,170.88
159,0.18,0.15,-0.45,-35.93,-73.85,177.21
160,0.31,0.11,-0.32,-49.18,-74.13,179.86
161,0.56,0.18,-0.31,-61.62,-73.18,181.15
162,0.75,0.2,-0.22,-81.95,-75.98,168.82
163,0.96,0.18,-0.22,-97.8,-66.0,159.19
164,0.9,0.09,-0.01,-111.92,-61.97,142.53
165,0.85,-0.04,0.08,-118.72,-51.52,134.08
166,0.74,-0.12,0.15,-114.44,-55.1,129.0
167,0.72,-0.1,0.17,-117.6,-60.7,125.63
168,0.83,-0.1,0.21,-120.98,-61.89,124.66
169,1.0,-0.09,0.24,-135.84,-57.33,115.82
170,1.12,-0.13,0.38,-151.85,-47.24,105.59
171,1.11,-0.25,0.55,-161.1,-28.48,98.16
172,1.03,-0.37,0.65,-166.34,-8.38,88.68
173,0.83,-0.42,0.71,-162.68,3.1,88.59
174,0.71,-0.38,0.78,-154.71,-9.27,83.8
175,0.74,-0.42,0.79,-147.3,-18.87,79.57
176,0.89,-0.36,0.8,-147.4,-24.04,73.98
177,1.06,-0.33,0.83,-150.13,-16.76,72.48
178,1.14,-0.35,0.84,-157.43,-3.94,71.27
179,1.06,-0.4,0.9,-171.63,18.18,60.76
180,0.89,-0.44,0.91,-181.85,37.37,58.52
181,0.73,-0.51,1.11,-172.69,32.9,45.89
182,0.76,-0.59,1.17,-161.18,23.76,41.83
183,0.93,-0.58,1.19,-155.82,25.01,34.98
184,1.01,-0.58,1.19,-155.66,32.79,24.14
185,1.04,-0.65,1.22,-154.85,41.04,9.34
186,1.0,-0.68,1.3,-151.1,53.94,-1.93
187,0.92,-0.7,1.25,-147.5,59.6,-10.97
188,0.85,-0.72,1.22,-143.56,66.69,-20.6
189,0.71,-0.73,1.2,-139.82,68.43,-32.21
190,0.61,-0.75,1.22,-132.47,61.0,-41.35
191,0.59,-0.68,1.2,-126.92,50.85,-45.39
192,0.68,-0.59,1.18,-127.4,47.86,-50.72
193,0.72,-0.57,1.17,-132.56,54.71,-57.72
194,0.76,-0.56,1.21,-137.19,66.79,-63.05
195,0.76,-0.59,1.22,-140.32,74.15,-69.82
196,0.76,-0.72,1.29,-135.52,78.73,-82.56
197,0.76,-0.74,1.32,-123.47,79.08,-87.11
198,0.77,-0.72,1.36,-109.59,75.53,-98.17
199,0.8,-0.65,1.31,-101.98,79.22,-110.71
200,0.77,-0.55,1.28,-99.42,88.21,-118.66
201,0.67,-0.58,1.29,-101.36,91.81,-131.56
202,0.62,-0.64,1.28,-103.94,101.95,-136.43
203,0.51,-0.78,1.34,-97.69,116.79,-139.69
204,0.39,-0.83,1.34,-88.92,118.21,-140.47
205,0.25,-0.84,1.36,-75.67,111.95,-151.28
206,0.07,-0.78,1.4,-58.4,83.34,-153.79
207,0.07,-0.76,1.36,-51.85,106.51,-155.92
208,-0.02,-0.75,1.43,-42.53,111.66,-153.01
209,-0.09,-0.78,1.43,-30.87,120.92,-147.2
210,-0.2,-0.82,1.45,-15.03,124.96,-140.08
211,-0.31,-0.87,1.42,2.0,126.5,-133.07
212,-0.49,-0.88,1.35,16.37,116.28,-128.47
213,-0.64,-0.91,1.31,32.39,98.44,-124.25
214,-0.79,-0.92,1.26,47.12,76.23,-117.77
215,-0.95,-0.93,1.21,61.31,50.27,-104.76
216,-0.94,-0.87,1.19,72.25,28.02,-88.31
217,-0.85,-0.8,1.14,76.85,24.47,-70.24
218,-0.76,-0.73,1.1,76.9,27.93,-49.1
219,-0.68,-0.67,1.07,77.01,36.59,-28.69
220,-0.68,-0.62,1.06,77.33,34.23,-10.58
221,-0.59,-0.57,0.97,81.18,42.4,2.63
222,-0.6,-0.52,0.91,83.89,31.03,5.42
223,-0.47,-0.49,0.78,85.7,27.25,13.18
224,-0.44,-0.41,0.79,89.4,16.89,11.43
225,-0.34,-0.39,0.71,89.42,6.47,8.57
226,-0.27,-0.32,0.65,82.63,11.28,16.51
227,-0.29,-0.32,0.65,76.89,5.11,15.17
228,-0.21,-0.3,0.6,73.27,-2.1,14.08
229,-0.1,-0.28,0.58,67.92,-6.6,12.2
230,-0.02,-0.24,0.6,59.04,-6.69,10.08
231,0.07,-0.21,0.59,50.15,1.54,11.13
232,0.09,-0.2,0.62,39.48,8.45,10.35
233,0.12,-0.21,0.62,28.53,17.56,9.25
234,0.07,-0.23,0.67,21.6,23.0,8.84
235,0.06,-0.26,0.71,19.21,23.43,8.62
236,0.08,-0.24,0.72,16.39,24.74,9.38
237,0.08,-0.24,0.74,11.62,25.22,7.37
238,0.1,-0.24,0.75,6.82,26.86,7.24
239,0.09,-0.23,0.8,4.0,27.66,5.94
240,0.09,-0.22,0.81,1.66,27.31,6.25
241,0.09,-0.22,0.82,-0.72,27.03,2.91
242,0.1,-0.23,0.85,-1.75,25.73,-0.12
243,0.09,-0.22,0.86,-2.28,23.53,-3.63
244,0.09,-0.22,0.86,-4.31,22.03,-7.34
245,0.1,-0.21,0.9,-8.37,21.36,-8.89
246,0.1,-0.24,0.9,-8.78,20.36,-9.56
247,0.1,-0.24,0.92,-10.34,19.22,-11.32
248,0.09,-0.25,0.94,-12.05,18.06,-14.25
249,0.06,-0.28,0.94,-12.39,18.15,-15.28
250,0.01,-0.27,0.96,-11.51,14.19,-18.18
251,-0.02,-0.29,0.94,-10.6,8.55,-19.6
252,-0.02,-0.28,0.94,-10.08,5.28,-20.98
253,-0.05,-0.28,0.93,-9.95,2.05,-22.47
254,-0.06,-0.28,0.93,-10.87,-0.54,-25.73
255,-0.04,-0.29,0.94,-11.51,-4.12,-25.53
256,-0.03,-0.28,0.92,-11.43,-3.15,-20.05
257,0.02,-0.27,0.93,-11.89,-1.01,-14.92
258,0.05,-0.28,0.92,-11.31,-1.74,-3.96
259,0.05,-0.28,0.94,-12.87,-0.84,-2.62
260,0.05,-0.28,0.95,-15.12,0.75,-7.37
261,0.04,-0.3,0.95,-15.51,-0.11,-14.84
262,0.06,-0.29,0.96,-16.46,3.02,-22.3
263,0.07,-0.31,0.96,-16.56,4.2,-30.77
264,0.11,-0.34,0.95,-15.01,13.49,-26.68
265,0.03,-0.31,0.96,-13.54,4.85,-28.04
266,0.01,-0.32,0.93,-11.42,1.79,-26.0
267,0.01,-0.3,0.88,-10.3,-8.88,-21.99
268,-0.01,-0.29,0.89,-12.42,-5.35,-20.21
269,-0.03,-0.31,0.93,-14.21,-4.12,-24.18
270,-0.04,-0.34,0.96,-13.73,-4.85,-20.82
271,-0.04,-0.38,0.97,-6.05,-12.44,-29.16
272,0.02,-0.34,0.96,-2.3,-9.31,-25.15
273,0.05,-0.3,0.94,-1.18,-2.64,-3.31
274,0.01,-0.32,0.96,-4.0,-0.72,-9.63
275,0.04,-0.3,0.95,-4.03,1.89,-4.08
276,0.05,-0.29,0.94,-7.11,8.24,2.14
277,0.0,-0.31,0.95,-7.82,7.38,-3.34
278,0.02,-0.32,0.94,-7.96,8.51,-5.9
279,-0.0,-0.32,0.96,-9.32,8.69,-15.18
280,-0.0,-0.31,0.96,-11.76,7.49,-25.46
281,-0.04,-0.33,0.97,-15.97,6.84,-43.76
282,-0.03,-0.32,0.97,-18.17,2.95,-49.46
283,-0.02,-0.31,0.95,-20.78,-0.75,-55.6
284,0.02,-0.28,0.94,-20.75,-9.87,-36.91
285,0.03,-0.33,0.9,-13.25,-10.79,-23.96
286,0.07,-0.31,0.91,2.1,-15.02,-7.81
287,0.05,-0.32,0.91,5.42,-9.14,1.24
288,0.01,-0.32,0.94,3.47,-8.11,-7.67
289,0.02,-0.33,0.95,0.82,-7.92,-13.78
290,0.01,-0.34,0.97,-0.6,-9.06,-17.9
291,0.05,-0.33,0.97,-0.47,-4.59,-15.54
292,0.04,-0.34,0.99,-4.27,-0.6,-12.59
293,-0.03,-0.34,1.06,-9.56,-4.05,-17.4
294,0.02,-0.35,0.97,-7.47,-1.11,-23.57
295,-0.01,-0.34,0.98,-14.99,-4.87,-37.52
296,-0.04,-0.34,0.95,-25.65,-10.89,-57.94
297,-0.09,-0.34,0.97,-29.56,-21.45,-71.82
298,-0.02,-0.34,0.91,-30.75,-22.2,-77.04
299,-0.02,-0.36,0.85,-15.36,-33.14,-71.13
300,0.12,-0.36,0.92,1.91,-15.98,-30.09
301,-0.0,-0.4,0.96,5.08,-24.44,-34.03
302,0.18,-0.28,0.94,12.82,-19.11,2.36
303,0.1,-0.34,0.99,12.15,-2.4,31.92
304,0.03,-0.39,0.96,9.08,-11.69,7.54
305,0.11,-0.34,0.94,9.14,-8.99,-0.49
306,0.09,-0.33,0.94,7.16,-5.47,4.47
307,0.06,-0.35,0.94,6.75,-9.37,-4.59
308,0.07,-0.34,0.94,4.4,-13.11,-19.82
309,0.07,-0.32,0.92,1.26,-16.98,-30.82
310,0.08,-0.31,0.94,-4.97,-20.5,-40.73
311,0.1,-0.34,0.9,-4.24,-20.98,-53.4
312,0.11,-0.28,0.94,-7.99,-29.31,-44.6
313,0.13,-0.39,0.86,4.05,-28.77,-56.98
314,0.22,-0.25,1.1,-8.06,-13.27,-49.82
315,0.07,-0.32,0.98,-19.73,-28.28,-61.25
316,0.16,-0.38,0.96,-21.48,-24.52,-75.02
317,0.19,-0.37,0.95,-17.89,-19.92,-67.34
318,0.14,-0.42,0.99,-8.3,-24.94,-59.73
319,0.18,-0.35,0.89,-5.46,-14.52,-62.69
320,0.17,-0.34,0.9,-4.32,-17.47,-61.3
321,0.14,-0.32,0.9,-8.76,-18.68,-54.93
322,0.25,-0.25,0.89,4.81,-19.33,-38.82
323,0.34,-0.25,0.85,12.63,9.14,13.78
324,0.22,-0.36,0.9,15.55,9.6,23.18
325,0.16,-0.35,0.93,23.6,7.71,28.76
326,0.25,-0.33,0.87,40.32,17.15,52.9
327,0.13,-0.33,0.95,42.17,13.5,48.62
328,0.16,-0.33,0.91,40.34,12.3,35.69
329,0.13,-0.32,0.95,40.27,8.24,45.89
330,0.11,-0.33,0.97,43.54,11.39,49.52
331,0.13,-0.33,0.93,40.23,4.73,27.59
332,0.11,-0.28,0.91,40.66,5.43,26.04
333,0.13,-0.28,1.01,28.14,2.25,18.1
334,0.1,-0.25,0.98,26.44,1.82,22.29
335,0.14,-0.32,1.05,26.18,0.6,8.62
336,0.12,-0.27,1.0,20.49,-9.69,-13.32
337,0.13,-0.25,0.98,17.79,-15.31,-25.86
338,0.17,-0.23,0.98,17.0,-13.73,-25.35
339,0.19,-0.22,0.95,16.89,-10.09,-12.11
340,0.21,-0.2,0.93,17.87,-5.03,5.14
341,0.2,-0.2,0.94,16.74,3.16,20.23
342,0.17,-0.21,0.95,15.21,7.22,24.46
343,0.17,-0.21,0.96,19.46,5.11,33.63
344,0.18,-0.14,0.99,12.61,15.02,30.46
345,0.11,-0.21,0.95,9.37,7.2,15.95
346,0.12,-0.2,0.92,7.95,4.98,10.72
347,0.08,-0.21,0.93,7.98,-0.47,5.44
348,0.09,-0.22,0.93,7.24,-6.25,-4.58
349,0.14,-0.2,0.93,9.51,-5.85,3.6
350,0.16,-0.21,0.94,6.31,-0.53,5.13
351,0.14,-0.19,1.0,9.7,-0.31,6.68
352,0.12,-0.22,0.96,3.86,-2.52,-3.0
353,0.14,-0.22,0.95,5.21,-0.69,-0.06
354,0.11,-0.21,0.95,1.43,-2.85,-11.25
355,0.11,-0.22,0.94,-0.43,-6.21,-22.56
356,0.11,-0.22,0.95,-1.9,-8.99,-31.18
357,0.11,-0.21,0.95,-3.18,-10.69,-35.53
358,0.12,-0.2,0.94,-4.66,-12.72,-40.46
359,0.12,-0.15,0.99,-10.6,-15.19,-34.44
360,0.13,-0.14,1.02,-5.85,-9.75,-18.27
361,0.16,-0.19,0.94,-8.27,-8.55,-14.28
362,0.12,-0.22,0.96,-6.38,-9.63,-16.5
363,0.16,-0.22,0.95,-5.3,-11.65,-15.12
364,0.19,-0.19,0.99,-4.37,-2.34,10.91
365,0.15,-0.24,0.98,-5.53,-3.66,3.18
366,0.18,-0.23,0.96,-2.47,-2.84,5.72
367,0.16,-0.25,0.99,-2.99,0.21,9.66
368,0.15,-0.25,1.0,-3.35,-0.98,4.41
369,0.16,-0.24,0.98,-3.0,-1.97,-1.79
370,0.15,-0.23,0.98,-2.77,-3.08,-8.26
371,0.17,-0.22,0.97,-3.18,-3.34,-9.62
372,0.17,-0.21,0.96,-3.74,-1.04,-3.14
373,0.14,-0.22,0.97,-4.66,-2.35,-6.8
374,0.18,-0.21,0.97,-4.7,-1.1,-6.39
375,0.2,-0.2,0.96,-4.7,2.16,0.36
376,0.16,-0.22,0.98,-5.15,1.21,-3.92
377,0.15,-0.23,0.98,-4.37,-1.73,-11.04
378,0.17,-0.23,0.97,-4.3,-1.98,-14.45
379,0.18,-0.22,0.96,-4.45,-2.79,-15.11
380,0.17,-0.22,0.97,-3.53,-3.25,-13.56
381,0.2,-0.21,0.96,-2.84,0.44,-4.21
382,0.21,-0.19,0.95,-2.95,5.86,13.18
383,0.17,-0.22,0.96,-2.92,8.1,17.08
384,0.12,-0.24,0.98,-3.12,4.63,8.56
385,0.15,-0.22,0.96,-2.72,2.49,9.01
386,0.15,-0.22,0.96,-2.2,5.41,11.65
387,0.12,-0.23,0.96,-2.69,4.64,9.62
388,0.15,-0.22,0.97,-1.93,3.13,9.19
389,0.15,-0.23,0.97,-2.31,6.6,12.0
390,0.13,-0.23,0.96,-3.24,4.55,9.66
391,0.12,-0.24,0.96,-2.5,4.34,4.02
392,0.11,-0.24,0.96,-2.43,0.69,-1.07
393,0.12,-0.23,0.96,-2.73,-0.24,-4.47
394,0.14,-0.24,0.96,-2.33,-2.48,-9.28
395,0.16,-0.22,0.96,-1.44,-0.53,-3.19
396,0.14,-0.23,0.96,-0.88,0.95,-3.37
397,0.15,-0.22,0.95,-1.15,0.41,-4.31
398,0.13,-0.23,0.96,-2.08,0.34,-4.51
399,0.17,-0.2,0.95,-1.27,2.34,5.63
