,accel_x,accel_y,accel_z,gyro_x,gyro_y,gyro_z
0,0.23,-0.35,0.92,-3.56,1.08,-3.5
1,0.23,-0.35,0.93,-2.32,-0.77,-4.62
2,0.22,-0.35,0.92,-1.34,-0.75,-4.92
3,0.22,-0.35,0.92,-1.02,0.27,-3.97
4,0.19,-0.34,0.9,-0.72,-0.25,-3.16
5,0.19,-0.34,0.89,-0.74,-1.5,-2.57
6,0.21,-0.33,0.88,-2.05,-1.82,-1.56
7,0.22,-0.33,0.89,-3.53,-0.95,-0.66
8,0.21,-0.33,0.88,-3.79,-2.07,-1.05
9,0.22,-0.34,0.87,-3.94,-2.84,-1.41
10,0.22,-0.33,0.89,-5.02,-4.92,-2.92
11,0.22,-0.34,0.89,-5.35,-5.4,-3.19
12,0.22,-0.34,0.9,-5.18,-4.73,-2.74
13,0.21,-0.35,0.91,-4.49,-4.62,-1.35
14,0.24,-0.35,0.9,-6.02,-4.87,-1.48
15,0.26,-0.34,0.91,-6.53,-7.91,-4.6
16,0.29,-0.34,0.93,-6.81,-3.51,-4.01
17,0.28,-0.36,0.94,-5.21,-2.58,-4.44
18,0.27,-0.36,0.94,-3.17,-2.94,-4.65
19,0.26,-0.36,0.93,-2.69,-2.31,-5.4
20,0.26,-0.36,0.92,-2.68,-0.96,-5.34
21,0.24,-0.36,0.92,-2.2,-0.53,-4.34
22,0.22,-0.35,0.92,-1.8,-0.73,-4.25
23,0.21,-0.36,0.9,-1.6,-1.83,-3.7
24,0.22,-0.35,0.88,-3.21,-2.46,-3.4
25,0.24,-0.35,0.89,-5.4,-1.58,-4.13
26,0.24,-0.36,0.92,-4.73,-1.6,-3.08
27,0.22,-0.36,0.93,-3.7,-2.02,-3.33
28,0.22,-0.36,0.92,-1.95,-1.46,-2.49
29,0.22,-0.36,0.9,-1.33,-2.41,-2.43
30,0.23,-0.35,0.89,-2.82,-1.99,-3.33
31,0.23,-0.35,0.89,-2.84,-1.56,-3.75
32,0.22,-0.34,0.9,-2.34,-2.83,-4.35
33,0.21,-0.35,0.9,-2.38,-3.96,-4.01
34,0.23,-0.34,0.88,-3.35,-4.3,-3.43
35,0.25,-0.33,0.88,-5.29,-3.35,-3.31
36,0.24,-0.34,0.9,-4.88,-4.15,-3.71
37,0.25,-0.34,0.9,-5.18,-3.8,-3.02
38,0.25,-0.35,0.91,-5.11,-2.64,-2.71
39,0.25,-0.34,0.9,-5.35,-3.49,-3.42
40,0.25,-0.34,0.9,-5.28,-2.7,-3.69
41,0.26,-0.34,0.91,-5.29,-2.05,-3.0
42,0.24,-0.34,0.9,-4.66,-2.56,-2.74
43,0.24,-0.34,0.88,-5.48,-3.09,-2.45
44,0.25,-0.35,0.88,-6.69,-3.08,-3.22
45,0.26,-0.35,0.88,-7.39,-2.6,-1.9
46,0.25,-0.35,0.9,-7.48,-3.37,-2.5
47,0.25,-0.35,0.9,-7.72,-3.17,-1.96
48,0.28,-0.35,0.9,-7.77,-2.61,-3.26
49,0.28,-0.35,0.92,-7.53,-1.72,-3.27
50,0.26,-0.36,0.91,-7.11,-2.89,-4.73
51,0.24,-0.37,0.9,-4.93,-5.29,-6.27
52,0.26,-0.37,0.92,-5.62,-4.98,-7.11
53,0.25,-0.38,0.93,-5.28,-2.47,-4.4
54,0.25,-0.37,0.91,-5.37,-0.85,-3.52
55,0.25,-0.37,0.92,-5.27,0.33,-2.86
56,0.27,-0.37,0.91,-5.44,0.18,-3.56
57,0.26,-0.37,0.9,-5.22,0.03,-4.57
58,0.26,-0.37,0.93,-4.38,0.23,-4.62
59,0.26,-0.37,0.92,-4.15,0.6,-4.54
60,0.26,-0.37,0.92,-3.48,0.46,-5.45
61,0.25,-0.37,0.91,-3.27,2.5,-3.58
62,0.23,-0.37,0.91,-2.58,2.24,-3.4
63,0.24,-0.36,0.9,-2.41,1.84,-3.28
64,0.24,-0.36,0.89,-2.85,2.49,-2.58
65,0.24,-0.36,0.89,-3.12,2.56,-2.36
66,0.24,-0.35,0.89,-3.14,2.21,-2.65
67,0.24,-0.36,0.89,-3.24,2.59,-1.77
68,0.23,-0.35,0.89,-3.44,2.92,-1.17
69,0.23,-0.36,0.88,-3.87,2.65,-0.77
70,0.22,-0.35,0.87,-4.34,1.79,-1.08
71,0.21,-0.36,0.89,-4.54,0.79,-1.34
72,0.21,-0.35,0.89,-4.64,0.36,-1.52
73,0.21,-0.36,0.87,-4.74,0.97,-1.56
74,0.22,-0.36,0.89,-5.21,1.35,-1.71
75,0.22,-0.36,0.89,-5.27,0.21,-2.21
76,0.22,-0.36,0.88,-5.85,-0.91,-4.15
77,0.22,-0.37,0.89,-5.76,-3.48,-5.82
78,0.23,-0.37,0.9,-6.44,-3.95,-6.62
79,0.24,-0.38,0.91,-5.37,-3.99,-7.14
80,0.22,-0.39,0.92,-4.46,-5.14,-7.05
81,0.22,-0.39,0.93,-3.89,-4.3,-5.16
82,0.22,-0.39,0.93,-3.74,-2.98,-3.31
83,0.24,-0.39,0.92,-3.59,-2.15,-2.35
84,0.24,-0.39,0.92,-3.06,-1.28,-1.24
85,0.25,-0.38,0.91,-2.68,-1.47,0.29
86,0.27,-0.38,0.92,-2.62,-0.81,1.53
87,0.27,-0.38,0.93,-2.12,0.77,2.55
88,0.28,-0.37,0.91,-1.29,0.52,1.83
89,0.27,-0.37,0.91,-0.43,-0.15,1.08
90,0.27,-0.37,0.91,0.41,0.19,1.1
91,0.27,-0.37,0.9,0.5,0.53,0.5
92,0.26,-0.36,0.9,0.29,0.63,-1.08
93,0.26,-0.36,0.9,-0.01,1.69,-1.27
94,0.25,-0.36,0.89,0.26,1.23,-0.6
95,0.24,-0.36,0.89,-0.05,0.53,-0.77
96,0.24,-0.35,0.9,-0.44,1.16,-0.21
97,0.24,-0.35,0.89,-0.66,0.8,0.23
98,0.24,-0.35,0.89,-0.94,0.36,0.71
99,0.23,-0.35,0.89,-0.86,-1.04,1.15
100,0.23,-0.34,0.87,-1.46,-1.15,2.36
101,0.24,-0.35,0.89,-2.24,-0.11,2.82
102,0.23,-0.34,0.9,-3.78,2.21,4.54
103,0.22,-0.35,0.88,-3.02,2.14,5.21
104,0.23,-0.34,0.88,-3.57,3.52,6.87
105,0.23,-0.34,0.88,-4.09,0.89,6.39
106,0.23,-0.35,0.87,-4.13,0.26,6.31
107,0.23,-0.34,0.87,-4.85,-0.15,6.15
108,0.25,-0.35,0.87,-4.95,-0.95,4.65
109,0.24,-0.34,0.86,-6.03,-0.34,2.92
110,0.24,-0.35,0.87,-6.24,-0.27,1.52
111,0.23,-0.34,0.87,-7.41,-0.86,-1.94
112,0.23,-0.34,0.86,-8.82,-4.0,-3.37
113,0.25,-0.34,0.88,-8.88,-1.62,-0.39
114,0.25,-0.34,0.88,-9.98,1.16,0.26
115,0.25,-0.33,0.88,-11.13,2.44,1.12
116,0.28,-0.33,0.87,-12.5,4.34,1.56
117,0.28,-0.33,0.87,-13.65,7.73,3.12
118,0.28,-0.32,0.86,-14.95,9.77,3.6
119,0.28,-0.33,0.84,-16.42,11.45,4.03
120,0.3,-0.34,0.84,-18.18,9.96,0.98
121,0.29,-0.36,0.87,-18.3,6.41,-2.88
122,0.31,-0.36,0.91,-16.46,5.39,-5.02
123,0.31,-0.37,0.93,-14.02,7.51,-4.96
124,0.32,-0.38,0.93,-11.56,9.81,-4.59
125,0.32,-0.37,0.91,-11.18,11.15,-5.68
126,0.34,-0.37,0.91,-12.04,13.16,-6.02
127,0.36,-0.36,0.91,-13.23,16.3,-6.05
128,0.38,-0.36,0.9,-14.55,19.67,-6.27
129,0.41,-0.36,0.9,-15.6,23.48,-6.89
130,0.42,-0.37,0.91,-17.63,23.94,-9.88
131,0.45,-0.38,0.92,-18.55,26.24,-12.93
132,0.47,-0.39,0.93,-18.37,28.56,-16.07
133,0.5,-0.39,0.93,-18.69,30.76,-21.23
134,0.51,-0.41,0.94,-17.02,32.67,-25.47
135,0.51,-0.42,0.93,-16.21,34.47,-30.73
136,0.52,-0.44,0.95,-16.23,37.53,-34.56
137,0.5,-0.44,0.96,-17.08,40.69,-39.8
138,0.49,-0.44,0.98,-17.26,46.08,-42.06
139,0.48,-0.44,0.99,-18.18,51.95,-43.31
140,0.46,-0.46,0.99,-17.92,56.73,-45.64
141,0.42,-0.48,1.02,-19.37,57.59,-49.95
142,0.47,-0.5,1.05,-21.49,65.86,-49.48
143,0.49,-0.51,1.05,-26.11,79.39,-50.05
144,0.48,-0.53,1.08,-32.11,88.02,-51.98
145,0.52,-0.55,1.14,-37.49,96.19,-54.73
146,0.57,-0.61,1.22,-39.04,110.16,-55.85
147,0.54,-0.67,1.34,-33.91,123.11,-60.43
148,0.55,-0.75,1.37,-26.47,123.47,-64.73
149,0.5,-0.88,1.49,-6.87,133.5,-68.37
150,0.43,-0.98,1.53,16.32,141.99,-68.43
151,0.35,-1.01,1.54,29.64,160.11,-71.81
152,0.21,-1.02,1.55,47.73,175.7,-70.52
153,-0.01,-1.02,1.53,63.76,182.21,-64.54
154,-0.17,-0.99,1.51,74.6,187.01,-60.7
155,-0.36,-0.97,1.5,85.0,190.63,-55.63
156,-0.57,-1.0,1.49,96.92,185.21,-46.92
157,-0.78,-1.05,1.5,103.86,177.59,-33.79
158,-0.92,-1.09,1.44,108.77,170.68,-23.57
159,-1.0,-1.09,1.44,112.09,170.9,-5.37
160,-1.02,-1.09,1.42,113.6,173.08,11.11
161,-1.06,-1.08,1.38,117.5,167.27,25.31
162,-1.08,-1.06,1.37,125.0,162.42,40.56
163,-1.06,-1.06,1.35,134.79,165.79,54.56
164,-1.11,-1.11,1.35,154.36,167.52,69.56
165,-1.19,-1.17,1.27,176.18,171.83,86.66
166,-1.25,-1.17,1.11,194.34,175.68,101.1
167,-1.34,-1.17,0.87,205.98,181.29,117.14
168,-1.44,-1.16,0.61,213.82,179.74,132.67
169,-1.51,-1.14,0.39,213.52,175.79,148.54
170,-1.61,-1.1,0.17,209.37,163.69,161.59
171,-1.67,-1.07,-0.02,204.33,144.78,177.95
172,-1.68,-1.01,-0.23,198.07,120.92,192.81
173,-1.62,-0.94,-0.4,189.23,105.85,216.02
174,-1.58,-0.82,-0.58,175.19,87.6,234.18
175,-1.48,-0.7,-0.71,159.64,73.05,250.13
176,-1.37,-0.59,-0.83,142.64,54.89,250.13
177,-1.24,-0.53,-0.94,126.53,38.47,250.13
178,-1.13,-0.45,-1.01,109.56,15.76,250.13
179,-1.01,-0.42,-1.1,89.37,-10.12,250.13
180,-0.94,-0.41,-1.12,67.01,-34.07,250.13
181,-0.84,-0.43,-1.09,42.19,-63.61,250.13
182,-0.64,-0.49,-1.03,23.89,-85.76,250.13
183,-0.43,-0.55,-0.93,11.18,-100.95,250.13
184,-0.19,-0.61,-0.84,4.47,-117.57,250.13
185,0.12,-0.64,-0.79,-1.95,-123.16,250.13
186,0.34,-0.59,-0.81,-17.92,-119.24,250.13
187,0.53,-0.59,-0.86,-38.42,-116.84,250.13
188,0.79,-0.56,-0.83,-65.04,-113.08,250.13
189,0.95,-0.54,-0.81,-91.68,-118.47,250.13
190,1.05,-0.55,-0.71,-116.53,-135.67,250.13
191,1.12,-0.58,-0.5,-131.07,-148.39,250.13
192,1.2,-0.58,-0.33,-141.09,-161.35,250.13
193,1.39,-0.55,-0.18,-148.22,-164.37,250.13
194,1.61,-0.49,-0.07,-155.31,-147.32,250.13
195,1.73,-0.41,0.01,-166.68,-129.05,241.05
196,1.7,-0.39,0.16,-169.5,-108.82,224.76
197,1.61,-0.36,0.25,-172.29,-103.16,211.73
198,1.61,-0.35,0.37,-174.66,-99.34,193.75
199,1.61,-0.32,0.5,-169.3,-98.82,178.94
200,1.7,-0.26,0.59,-166.27,-98.34,161.37
201,1.74,-0.26,0.63,-154.98,-86.75,147.54
202,1.69,-0.25,0.68,-148.76,-78.36,132.39
203,1.64,-0.26,0.7,-144.91,-63.99,121.63
204,1.54,-0.28,0.71,-141.71,-59.75,111.08
205,1.58,-0.26,0.7,-146.75,-56.49,99.15
206,1.64,-0.22,0.75,-153.4,-36.18,84.85
207,1.54,-0.23,0.8,-152.72,-16.66,74.76
208,1.34,-0.23,0.84,-151.56,-12.17,64.65
209,1.23,-0.26,0.86,-146.15,-13.74,58.04
210,1.18,-0.27,0.86,-144.37,-23.84,50.6
211,1.24,-0.29,0.88,-144.22,-18.92,43.96
212,1.22,-0.31,0.91,-143.05,-13.48,37.21
213,1.2,-0.34,0.91,-140.47,-13.38,27.21
214,1.13,-0.36,0.97,-136.79,-18.02,15.24
215,1.1,-0.4,1.06,-121.12,-18.27,10.73
216,1.01,-0.34,0.91,-115.24,-30.51,-1.84
217,0.97,-0.38,0.89,-118.71,-40.27,-16.02
218,0.86,-0.41,0.9,-115.2,-46.78,-17.83
219,0.79,-0.47,0.94,-117.94,-54.07,-19.92
220,0.82,-0.54,0.98,-117.08,-54.52,-16.03
221,0.85,-0.59,1.03,-115.02,-47.54,-11.15
222,0.88,-0.61,1.09,-114.33,-38.21,-9.77
223,0.88,-0.62,1.12,-107.34,-32.63,-9.7
224,0.9,-0.62,1.11,-99.35,-29.4,-10.52
225,0.91,-0.57,1.1,-94.01,-24.86,-12.83
226,0.89,-0.55,1.08,-87.27,-22.2,-15.56
227,0.85,-0.52,1.07,-82.02,-19.82,-17.72
228,0.85,-0.51,1.03,-77.15,-17.64,-18.58
229,0.85,-0.5,1.0,-74.59,-16.07,-21.24
230,0.89,-0.49,0.98,-72.1,-10.85,-23.57
231,0.88,-0.49,0.98,-68.0,-2.15,-25.72
232,0.85,-0.49,0.98,-62.2,0.46,-24.59
233,0.86,-0.46,0.93,-57.99,7.75,-26.48
234,0.84,-0.41,0.87,-59.73,8.31,-33.79
235,0.83,-0.41,0.88,-56.55,6.55,-39.3
236,0.75,-0.42,0.86,-54.35,10.58,-41.63
237,0.68,-0.43,0.86,-54.04,7.69,-42.85
238,0.68,-0.46,0.85,-53.34,10.21,-39.74
239,0.7,-0.48,0.86,-52.85,16.15,-35.97
240,0.73,-0.49,0.87,-52.41,22.12,-35.89
241,0.75,-0.46,0.84,-54.57,23.38,-40.14
242,0.79,-0.45,0.9,-51.18,27.09,-44.27
243,0.75,-0.46,1.01,-33.95,41.69,-40.02
244,0.67,-0.42,0.88,-33.53,42.7,-43.69
245,0.6,-0.41,0.8,-33.86,30.3,-49.15
246,0.49,-0.43,0.84,-31.37,20.37,-48.47
247,0.62,-0.44,0.81,-30.1,3.47,-51.64
248,0.73,-0.44,0.81,-37.17,11.33,-52.49
249,0.69,-0.48,0.89,-36.52,27.52,-47.46
250,0.68,-0.43,0.88,-37.18,38.26,-44.63
251,0.66,-0.38,0.88,-36.4,46.48,-41.77
252,0.61,-0.37,0.85,-34.85,41.62,-43.85
253,0.62,-0.36,0.85,-34.69,34.61,-47.72
254,0.63,-0.38,0.86,-34.42,27.76,-53.2
255,0.6,-0.42,0.9,-31.7,24.06,-56.27
256,0.58,-0.45,0.91,-27.7,22.91,-57.79
257,0.55,-0.48,0.92,-23.37,25.02,-53.27
258,0.56,-0.49,0.9,-20.54,26.82,-49.76
259,0.58,-0.47,0.87,-18.5,31.71,-45.25
260,0.6,-0.43,0.84,-18.51,36.56,-43.1
261,0.61,-0.37,0.82,-19.02,43.92,-40.76
262,0.6,-0.32,0.77,-19.03,47.63,-39.97
263,0.57,-0.3,0.76,-20.92,44.61,-42.15
264,0.57,-0.29,0.75,-21.91,38.3,-44.89
265,0.57,-0.31,0.77,-23.22,32.52,-47.34
266,0.57,-0.34,0.78,-24.47,28.79,-47.6
267,0.63,-0.34,0.8,-27.01,31.39,-45.08
268,0.62,-0.37,0.83,-22.84,44.7,-41.64
269,0.59,-0.38,0.89,-16.95,53.26,-34.44
270,0.59,-0.37,0.83,-13.43,57.75,-32.79
271,0.59,-0.32,0.79,-11.8,57.98,-36.11
272,0.59,-0.28,0.74,-10.5,57.24,-39.44
273,0.54,-0.26,0.71,-12.92,48.93,-46.61
274,0.48,-0.26,0.71,-16.98,36.77,-53.37
275,0.48,-0.27,0.75,-21.3,31.31,-54.32
276,0.49,-0.3,0.8,-23.4,31.24,-52.92
277,0.49,-0.34,0.85,-24.84,34.15,-49.63
278,0.49,-0.37,0.89,-23.83,39.53,-47.15
279,0.49,-0.39,0.92,-19.38,41.23,-45.09
280,0.49,-0.4,0.93,-15.0,41.52,-45.77
281,0.47,-0.39,0.93,-9.23,39.52,-45.78
282,0.5,-0.37,0.91,-4.83,39.62,-46.63
283,0.49,-0.35,0.87,-2.62,41.15,-48.13
284,0.47,-0.32,0.85,-1.76,40.45,-48.54
285,0.46,-0.28,0.83,-3.5,40.76,-47.16
286,0.45,-0.26,0.83,-4.67,40.29,-45.79
287,0.44,-0.26,0.84,-7.29,40.79,-43.84
288,0.41,-0.27,0.87,-9.53,41.37,-42.34
289,0.42,-0.29,0.89,-9.82,41.76,-40.21
290,0.4,-0.3,0.92,-7.96,43.78,-36.96
291,0.39,-0.31,0.94,-4.96,45.4,-33.67
292,0.36,-0.32,0.97,0.15,45.24,-29.79
293,0.38,-0.32,0.96,4.38,44.81,-28.31
294,0.44,-0.31,0.92,7.4,43.86,-31.29
295,0.47,-0.27,0.89,10.02,43.66,-35.57
296,0.45,-0.24,0.85,9.63,42.69,-41.92
297,0.41,-0.22,0.85,8.84,40.38,-46.26
298,0.37,-0.21,0.83,7.11,38.22,-47.0
299,0.33,-0.21,0.84,4.78,32.48,-48.72
300,0.32,-0.22,0.85,2.21,29.53,-48.4
301,0.33,-0.22,0.86,-0.1,30.49,-45.27
302,0.32,-0.23,0.89,-2.18,31.5,-41.57
303,0.32,-0.23,0.9,-4.1,32.63,-38.3
304,0.36,-0.22,0.91,-6.33,35.63,-35.96
305,0.35,-0.21,0.92,-7.07,37.02,-35.65
306,0.34,-0.21,0.94,-6.07,34.3,-35.54
307,0.32,-0.22,0.94,-5.0,31.95,-35.89
308,0.32,-0.22,0.95,-4.4,28.51,-36.56
309,0.29,-0.23,0.95,-3.08,27.45,-35.45
310,0.28,-0.24,0.96,-2.3,25.44,-33.62
311,0.29,-0.23,0.97,-2.41,24.75,-31.98
312,0.31,-0.23,0.96,-2.03,24.37,-30.53
313,0.32,-0.23,0.96,-1.4,23.05,-30.5
314,0.32,-0.22,0.97,-0.6,22.51,-30.76
315,0.33,-0.22,0.95,0.04,22.79,-29.98
316,0.34,-0.21,0.95,0.22,24.54,-29.29
317,0.35,-0.21,0.95,0.17,26.48,-27.21
318,0.34,-0.21,0.94,0.36,27.49,-27.08
319,0.34,-0.21,0.93,0.7,27.87,-27.11
320,0.33,-0.21,0.94,0.96,27.02,-28.34
321,0.33,-0.21,0.93,1.35,28.35,-26.91
322,0.3,-0.21,0.92,1.78,28.88,-26.32
323,0.29,-0.21,0.91,1.61,28.03,-26.37
324,0.28,-0.21,0.93,1.73,28.11,-24.89
325,0.27,-0.21,0.92,1.84,29.27,-23.6
326,0.26,-0.21,0.92,2.38,27.65,-22.62
327,0.27,-0.2,0.91,2.02,26.48,-21.35
328,0.27,-0.2,0.9,1.76,27.04,-20.75
329,0.26,-0.2,0.91,1.12,24.71,-21.19
330,0.24,-0.2,0.92,1.67,23.35,-20.44
331,0.25,-0.2,0.92,1.17,21.88,-20.76
332,0.25,-0.19,0.93,1.61,20.28,-19.51
333,0.27,-0.19,0.93,0.98,20.66,-18.35
334,0.29,-0.18,0.93,0.34,21.82,-17.53
335,0.31,-0.17,0.94,-0.6,22.56,-17.44
336,0.33,-0.17,0.94,-0.35,24.64,-16.05
337,0.32,-0.17,0.96,0.61,25.01,-16.6
338,0.31,-0.17,0.96,2.34,24.62,-17.21
339,0.28,-0.17,0.95,3.75,22.19,-18.76
340,0.25,-0.17,0.94,4.99,19.56,-20.27
341,0.24,-0.16,0.93,5.13,18.56,-19.97
342,0.22,-0.17,0.92,3.92,18.51,-18.33
343,0.22,-0.17,0.92,2.72,17.95,-16.56
344,0.23,-0.16,0.91,1.19,17.26,-14.34
345,0.27,-0.15,0.91,-0.2,19.65,-12.33
346,0.26,-0.16,0.93,-0.98,19.47,-12.97
347,0.26,-0.16,0.93,-0.09,19.5,-13.37
348,0.22,-0.16,0.93,0.78,19.05,-13.34
349,0.2,-0.16,0.94,1.57,17.18,-13.24
350,0.2,-0.16,0.93,2.02,15.98,-12.24
351,0.21,-0.15,0.91,1.15,13.89,-11.98
352,0.22,-0.14,0.91,0.34,13.45,-12.63
353,0.18,-0.15,0.92,-0.44,10.98,-12.42
354,0.21,-0.16,0.92,-1.08,10.02,-11.44
355,0.22,-0.16,0.94,-0.69,11.45,-9.51
356,0.2,-0.15,0.95,0.51,10.7,-8.05
357,0.18,-0.15,0.95,1.9,8.63,-6.11
358,0.19,-0.15,0.95,3.27,7.61,-4.23
359,0.17,-0.16,0.95,5.21,7.27,-1.82
360,0.12,-0.16,0.96,6.12,3.27,1.63
361,0.14,-0.17,0.96,7.53,-1.3,5.15
362,0.19,-0.15,0.97,9.79,-4.31,7.27
363,0.22,-0.16,0.99,12.56,-4.44,9.97
364,0.18,-0.19,1.01,19.02,-8.31,12.73
365,0.18,-0.18,1.05,26.49,-9.73,18.63
366,0.27,-0.14,1.0,27.97,-7.57,15.96
367,0.36,-0.1,0.95,26.71,1.74,10.47
368,0.3,-0.11,0.96,26.56,1.58,5.79
369,0.27,-0.11,0.97,26.47,0.94,1.35
370,0.25,-0.11,1.0,28.11,3.35,0.64
371,0.24,-0.13,1.01,30.84,4.13,2.27
372,0.22,-0.13,0.99,37.1,10.85,2.95
373,0.21,-0.13,1.02,36.32,11.47,7.7
374,0.19,-0.12,1.01,38.06,15.07,13.09
375,0.2,-0.09,0.97,36.47,15.76,13.81
376,0.26,-0.05,0.92,31.01,18.37,9.27
377,0.27,-0.04,0.93,26.19,17.48,3.46
378,0.21,-0.07,0.97,24.18,12.11,-1.11
379,0.21,-0.09,1.0,24.28,9.81,-3.21
380,0.2,-0.09,1.02,26.31,10.53,-2.91
381,0.18,-0.09,1.03,28.89,10.64,-2.68
382,0.17,-0.09,1.05,33.06,11.27,-1.31
383,0.15,-0.09,1.07,38.03,14.07,3.72
384,0.15,-0.09,1.06,43.3,16.39,9.38
385,0.19,-0.06,1.01,45.2,20.02,11.31
386,0.24,-0.02,0.99,42.44,19.21,7.72
387,0.23,0.02,0.97,41.04,20.14,1.43
388,0.24,0.0,0.96,38.84,17.48,-2.6
389,0.24,0.0,0.98,37.39,17.27,-4.94
390,0.21,0.01,0.99,37.25,13.72,-6.09
391,0.18,-0.01,1.03,40.19,12.4,-5.97
392,0.18,-0.01,1.03,42.24,14.7,-3.64
393,0.18,0.02,1.0,43.65,19.0,-1.52
394,0.18,0.03,0.97,41.91,20.85,-0.68
395,0.18,0.05,0.95,39.87,21.29,0.54
396,0.16,0.05,0.95,38.3,17.89,-0.92
397,0.19,0.07,0.97,36.45,14.92,-3.49
398,0.22,0.07,0.97,37.52,14.57,-6.8
399,0.21,0.08,0.98,38.08,12.44,-11.09
