,accel_x,accel_y,accel_z,gyro_x,gyro_y,gyro_z
0,0.13,-0.13,0.97,-0.66,1.05,0.26
1,0.11,-0.13,0.97,-2.05,2.45,-1.08
2,0.1,-0.14,0.98,-1.09,2.06,-3.31
3,0.09,-0.14,0.98,-1.15,2.57,-3.92
4,0.07,-0.14,0.97,-1.94,1.6,-6.93
5,0.09,-0.12,0.97,-3.11,0.84,-6.56
6,0.1,-0.13,0.96,-4.15,1.24,-4.09
7,0.08,-0.15,0.98,-4.27,0.37,-6.97
8,0.09,-0.16,0.98,-2.68,-0.05,-4.81
9,0.09,-0.15,0.98,-2.44,0.03,-2.69
10,0.1,-0.14,0.98,-2.56,2.5,3.27
11,0.07,-0.15,0.98,-3.28,2.47,0.98
12,0.08,-0.14,0.98,-2.98,0.57,-3.14
13,0.1,-0.12,0.99,-2.82,0.71,-1.34
14,0.09,-0.12,1.0,-4.3,1.68,-2.65
15,0.09,-0.12,0.99,-4.65,1.29,-5.47
16,0.11,-0.12,0.99,-4.15,1.96,-5.34
17,0.08,-0.14,1.0,-4.15,1.91,-7.44
18,0.08,-0.14,1.0,-2.85,0.73,-8.56
19,0.1,-0.14,0.99,-3.37,2.08,-7.73
20,0.09,-0.14,0.99,-5.15,3.15,-7.63
21,0.1,-0.14,1.0,-2.52,1.87,-3.66
22,0.08,-0.15,0.99,-1.09,1.27,-1.65
23,0.07,-0.16,0.99,0.14,0.63,-1.15
24,0.08,-0.14,0.98,0.02,0.11,-2.3
25,0.08,-0.14,0.98,-0.9,0.95,-3.63
26,0.08,-0.14,0.98,-1.19,0.72,-4.15
27,0.09,-0.13,0.98,0.21,-0.6,-2.52
28,0.09,-0.13,0.97,-0.39,-1.31,-1.46
29,0.1,-0.12,0.96,-1.67,-0.45,-1.71
30,0.09,-0.13,0.98,-2.48,-0.5,-3.99
31,0.09,-0.14,0.97,-0.11,-2.66,-3.27
32,0.12,-0.12,0.97,0.34,-1.72,0.18
33,0.13,-0.11,0.96,-2.36,0.92,-0.55
34,0.11,-0.12,0.96,-2.96,1.18,-2.5
35,0.11,-0.12,0.96,-2.24,0.95,-3.58
36,0.12,-0.1,0.95,-2.33,0.11,-2.98
37,0.1,-0.1,0.94,-3.56,1.82,-2.43
38,0.1,-0.11,0.95,-4.32,0.65,-7.05
39,0.11,-0.12,0.96,-3.86,1.18,-4.19
40,0.12,-0.12,0.95,-3.63,2.05,0.18
41,0.1,-0.11,0.95,-6.08,2.86,-3.15
42,0.09,-0.13,0.95,-6.52,2.59,-5.56
43,0.07,-0.14,0.95,-6.19,1.82,-8.02
44,0.07,-0.13,0.94,-7.66,0.88,-10.15
45,0.09,-0.12,0.94,-7.47,1.12,-4.6
46,0.06,-0.14,0.95,-8.68,0.85,-5.42
47,0.06,-0.14,0.96,-9.18,-0.43,-5.74
48,0.08,-0.11,0.96,-9.24,-2.08,-3.11
49,0.1,-0.11,0.96,-11.89,0.73,-0.79
50,0.1,-0.12,0.98,-13.34,0.63,-3.92
51,0.11,-0.13,1.01,-13.52,2.31,-4.6
52,0.11,-0.14,0.99,-13.41,3.85,-7.5
53,0.09,-0.14,1.0,-12.37,3.74,-7.16
54,0.07,-0.16,0.99,-9.06,3.55,-4.02
55,0.04,-0.17,0.99,-8.12,1.93,-7.28
56,0.06,-0.17,0.99,-6.17,0.29,-6.93
57,0.06,-0.16,0.99,-7.33,0.27,-7.98
58,0.08,-0.15,1.0,-8.14,1.35,-4.73
59,0.07,-0.16,1.0,-9.11,2.25,-3.63
60,0.07,-0.17,1.01,-6.17,1.59,2.28
61,0.05,-0.19,1.0,-6.16,4.76,1.22
62,0.03,-0.2,1.01,-7.72,0.89,-10.49
63,0.08,-0.17,1.01,-5.2,2.5,-2.85
64,0.03,-0.2,1.0,-5.46,2.68,-2.83
65,0.03,-0.21,1.01,-4.67,-0.56,-4.94
66,0.06,-0.2,1.02,-4.39,-0.18,-6.19
67,0.07,-0.2,1.03,-4.46,1.19,-4.57
68,0.08,-0.2,1.01,-3.24,2.18,0.43
69,0.07,-0.2,1.01,-2.81,3.36,-0.68
70,0.05,-0.19,1.0,-1.4,1.82,-3.14
71,0.06,-0.19,0.99,-1.03,1.86,-2.15
72,0.04,-0.19,0.97,-1.37,0.0,-5.02
73,0.06,-0.18,0.98,-1.34,0.44,-5.75
74,0.07,-0.17,0.97,-0.11,-0.92,-4.34
75,0.07,-0.16,0.98,-0.98,-0.34,-3.81
76,0.1,-0.14,0.97,-1.44,-0.36,-3.93
77,0.12,-0.13,0.98,-1.4,2.15,1.16
78,0.09,-0.13,0.97,-2.12,2.57,-1.88
79,0.09,-0.14,0.97,-1.47,0.98,-4.52
80,0.1,-0.13,0.97,-0.99,2.47,-2.03
81,0.08,-0.14,0.97,-2.72,3.14,-3.05
82,0.08,-0.15,0.96,-0.93,3.2,0.34
83,0.05,-0.15,0.95,-2.53,3.24,-2.27
84,0.05,-0.16,0.94,-4.47,2.43,-4.85
85,0.05,-0.17,0.93,-3.15,0.05,-2.89
86,0.04,-0.17,0.95,-4.78,-0.07,-6.04
87,0.05,-0.15,0.94,-5.86,-1.43,-6.02
88,0.08,-0.13,0.94,-6.47,-0.63,-1.44
89,0.06,-0.14,0.95,-8.43,1.47,-2.98
90,0.05,-0.1,0.93,-14.75,2.0,-13.0
91,0.06,-0.15,0.94,-10.19,-0.87,-7.4
92,0.08,-0.13,0.97,-9.45,-2.28,-3.9
93,0.11,-0.11,0.98,-11.66,-0.7,-3.7
94,0.14,-0.09,0.98,-15.47,2.31,-6.21
95,0.15,-0.11,1.0,-20.23,7.47,-7.82
96,0.11,-0.14,0.98,-17.82,5.33,-10.12
97,0.11,-0.13,0.98,-10.39,4.17,-6.76
98,0.12,-0.11,0.99,-10.72,4.49,-7.28
99,0.11,-0.12,0.97,-10.88,6.31,-4.96
100,0.1,-0.14,1.0,-12.39,8.41,-6.14
101,0.07,-0.17,0.99,-10.43,7.52,-4.42
102,0.07,-0.18,0.99,-5.35,5.11,2.77
103,0.05,-0.18,0.98,-5.24,7.61,1.79
104,0.04,-0.2,0.98,-7.59,4.35,-7.82
105,0.04,-0.22,0.97,-5.35,5.49,-5.83
106,-0.0,-0.24,0.97,-4.13,2.08,-13.6
107,0.0,-0.23,0.96,-1.92,-0.89,-14.28
108,0.01,-0.23,0.96,-2.92,-1.11,-14.27
109,0.02,-0.22,0.95,-2.15,-1.26,-7.55
110,0.01,-0.23,0.96,-4.63,-0.56,-6.27
111,0.02,-0.23,0.98,-5.91,-1.73,-3.86
112,0.03,-0.25,0.97,-2.13,-1.19,0.48
113,0.04,-0.24,0.96,-0.91,-2.44,-0.15
114,0.04,-0.22,0.97,-1.66,-2.58,-1.94
115,0.04,-0.21,0.96,-0.93,-2.6,-0.86
116,0.06,-0.2,0.97,-0.1,-3.97,-0.85
117,0.07,-0.18,0.99,-1.6,-1.69,1.16
118,0.09,-0.17,0.99,-3.81,-0.22,1.24
119,0.1,-0.16,1.0,-3.29,2.04,5.35
120,0.07,-0.17,1.0,-2.79,3.87,4.79
121,0.07,-0.16,1.0,-1.75,2.96,0.55
122,0.09,-0.14,0.99,-0.9,3.27,1.28
123,0.08,-0.14,0.99,-1.76,4.99,1.6
124,0.06,-0.14,1.0,-3.09,4.44,-1.62
125,0.07,-0.13,1.02,-3.95,4.76,-0.9
126,0.07,-0.12,1.02,-4.44,6.19,1.15
127,0.06,-0.12,1.04,-6.05,6.93,1.05
128,0.04,-0.11,1.07,-6.78,8.11,2.56
129,-0.01,-0.1,1.11,-7.7,6.56,-0.33
130,-0.04,-0.08,1.15,-10.15,5.82,-0.82
131,-0.06,-0.04,1.23,-15.79,4.21,-3.24
132,-0.05,-0.01,1.33,-20.68,6.73,4.19
133,-0.07,-0.05,1.47,-32.74,10.92,1.05
134,-0.08,-0.14,1.6,-33.15,21.35,8.34
135,-0.1,-0.25,1.7,-23.23,29.12,10.11
136,-0.1,-0.32,1.73,-13.4,45.88,15.77
137,-0.18,-0.41,1.67,-0.41,63.34,18.94
138,-0.31,-0.52,1.6,16.11,75.21,18.03
139,-0.47,-0.68,1.48,37.39,81.26,29.76
140,-0.75,-0.87,1.38,55.4,69.16,29.94
141,-0.91,-1.0,1.15,89.39,64.4,43.8
142,-1.08,-1.04,0.93,99.82,48.96,63.6
143,-1.14,-1.07,0.71,104.13,44.35,86.37
144,-1.19,-1.06,0.54,98.56,37.16,127.09
145,-1.18,-1.02,0.39,80.75,33.59,167.34
146,-1.12,-0.97,0.25,58.69,31.93,208.86
147,-1.08,-0.98,0.17,44.1,17.3,223.66
148,-0.95,-0.97,0.06,31.69,-11.37,224.33
149,-0.8,-0.85,0.02,36.89,-20.8,242.61
150,-0.7,-0.8,-0.08,40.5,-52.82,233.59
151,-0.43,-0.66,-0.19,51.24,-64.98,243.15
152,-0.24,-0.55,-0.27,56.71,-81.02,240.99
153,-0.11,-0.49,-0.38,53.68,-92.7,239.4
154,-0.01,-0.44,-0.54,52.92,-102.44,232.89
155,0.1,-0.42,-0.66,52.76,-113.4,227.41
156,0.26,-0.31,-0.8,39.82,-132.58,211.39
157,0.46,-0.17,-0.94,13.11,-153.1,193.14
158,0.62,-0.01,-1.02,-25.22,-161.53,182.47
159,0.87,0.04,-1.02,-70.55,-168.76,169.66
160,1.04,0.0,-0.89,-111.86,-173.25,159.14
161,1.21,-0.08,-0.76,-141.82,-170.74,149.18
162,1.37,-0.22,-0.6,-159.47,-163.27,138.1
163,1.48,-0.31,-0.41,-172.55,-157.86,120.61
164,1.69,-0.33,-0.23,-182.85,-153.2,112.06
165,1.93,-0.35,0.03,-182.58,-128.19,106.7
166,1.89,-0.4,0.22,-189.34,-119.02,83.59
167,1.91,-0.44,0.38,-187.35,-101.26,74.28
168,1.92,-0.46,0.5,-187.15,-87.0,59.19
169,1.81,-0.58,0.65,-187.19,-73.46,38.36
170,1.64,-0.71,0.72,-192.82,-59.34,27.36
171,1.47,-0.73,0.9,-188.89,-49.82,29.05
172,1.4,-0.71,1.16,-194.91,-55.84,14.27
173,1.63,-0.75,1.31,-201.85,-37.04,-0.92
174,1.85,-0.74,1.54,-212.98,3.98,-5.1
175,1.93,-0.85,1.83,-238.82,33.74,-16.11
176,1.82,-0.95,1.91,-236.34,57.02,-28.09
177,1.67,-0.98,1.93,-224.64,62.92,-49.5
178,1.58,-1.03,1.86,-197.46,74.85,-60.68
179,1.42,-1.07,1.8,-169.97,68.33,-92.82
180,1.45,-1.0,1.66,-141.09,65.71,-86.77
181,1.32,-1.0,1.53,-124.45,66.48,-114.31
182,1.3,-0.99,1.43,-116.63,69.55,-137.62
183,1.16,-1.03,1.35,-116.97,88.08,-125.58
184,0.95,-1.12,1.29,-109.55,114.53,-118.11
185,0.64,-1.01,1.31,-111.59,113.95,-120.59
186,0.38,-0.93,1.27,-123.06,133.47,-100.49
187,0.04,-0.98,1.27,-132.43,137.27,-92.65
188,-0.04,-1.09,1.36,-133.62,133.92,-84.05
189,-0.01,-1.22,1.45,-124.22,128.49,-85.46
190,0.11,-1.29,1.57,-101.52,124.1,-90.61
191,0.2,-1.31,1.59,-65.31,123.15,-96.91
192,0.28,-1.26,1.53,-29.66,124.23,-109.41
193,0.31,-1.14,1.4,-2.44,126.67,-120.73
194,0.32,-0.98,1.26,14.83,131.82,-123.02
195,0.26,-0.85,1.11,24.34,133.03,-128.13
196,0.26,-0.74,1.02,25.02,134.37,-141.1
197,0.3,-0.6,0.95,21.55,141.85,-128.08
198,0.23,-0.56,0.91,18.11,145.77,-121.63
199,0.17,-0.53,0.92,13.3,147.85,-118.72
200,0.14,-0.53,0.96,8.02,153.02,-111.72
201,0.09,-0.61,1.0,8.4,154.75,-109.58
202,0.03,-0.71,1.06,18.91,151.35,-113.82
203,-0.03,-0.79,1.07,35.84,145.51,-113.91
204,-0.12,-0.83,1.09,50.47,138.76,-123.11
205,-0.18,-0.83,1.11,60.36,134.42,-122.88
206,-0.22,-0.81,1.09,70.98,132.69,-115.76
207,-0.23,-0.75,1.04,74.56,135.01,-106.35
208,-0.24,-0.68,0.95,72.76,141.49,-87.5
209,-0.29,-0.65,0.84,66.0,144.1,-71.11
210,-0.38,-0.69,0.8,59.37,130.27,-62.71
211,-0.58,-0.82,0.71,61.56,105.6,-75.48
212,-0.58,-0.9,0.74,69.25,68.21,-107.64
213,-0.49,-1.03,0.8,89.02,47.31,-112.02
214,-0.36,-1.15,0.97,90.82,55.89,-113.84
215,-0.24,-1.28,1.13,92.34,81.05,-78.03
216,-0.25,-1.36,1.14,103.56,113.61,-23.45
217,-0.33,-1.36,0.98,118.61,121.62,5.87
218,-0.41,-1.31,0.85,127.37,124.78,24.02
219,-0.53,-1.27,0.76,126.98,115.47,25.87
220,-0.56,-1.18,0.72,123.34,97.36,25.12
221,-0.47,-1.05,0.69,114.83,88.84,26.93
222,-0.37,-0.91,0.69,101.73,89.75,33.56
223,-0.33,-0.8,0.7,90.57,84.6,43.01
224,-0.28,-0.72,0.67,85.05,87.99,61.14
225,-0.28,-0.67,0.68,80.76,83.8,66.37
226,-0.25,-0.61,0.63,86.65,75.89,75.0
227,-0.27,-0.59,0.62,91.77,67.56,67.79
228,-0.22,-0.55,0.58,97.06,59.25,60.97
229,-0.21,-0.53,0.55,102.56,55.26,63.39
230,-0.25,-0.5,0.54,102.7,50.03,60.14
231,-0.26,-0.45,0.5,100.79,45.76,63.05
232,-0.27,-0.41,0.44,93.56,42.37,66.82
233,-0.29,-0.36,0.4,83.63,40.56,74.78
234,-0.32,-0.34,0.36,74.5,39.21,86.05
235,-0.34,-0.3,0.32,62.63,33.38,87.76
236,-0.33,-0.25,0.3,52.89,23.97,88.32
237,-0.27,-0.2,0.32,46.01,13.54,98.73
238,-0.25,-0.17,0.28,40.21,8.48,106.03
239,-0.25,-0.13,0.33,33.28,-1.89,108.52
240,-0.19,-0.1,0.32,27.8,-6.73,109.76
241,-0.19,-0.07,0.33,25.09,-10.43,118.24
242,-0.22,-0.07,0.34,21.6,-20.65,112.8
243,-0.19,-0.03,0.36,20.66,-30.33,109.77
244,-0.17,0.01,0.33,14.39,-39.62,106.58
245,-0.13,0.06,0.29,5.58,-46.91,101.29
246,-0.13,0.11,0.29,-8.2,-55.53,92.47
247,-0.15,0.13,0.3,-18.38,-69.02,85.38
248,-0.14,0.14,0.34,-21.64,-91.66,79.66
249,-0.03,0.18,0.42,-26.74,-112.33,74.21
250,0.14,0.27,0.47,-43.12,-123.96,69.14
251,0.26,0.21,0.5,-53.91,-131.5,54.5
252,0.44,0.22,0.6,-71.17,-128.56,52.97
253,0.56,0.17,0.74,-84.91,-118.09,60.24
254,0.68,0.09,0.88,-86.88,-103.93,69.34
255,0.76,0.08,1.07,-87.6,-93.71,54.07
256,0.83,0.04,1.18,-78.75,-85.29,40.02
257,0.86,0.0,1.25,-58.15,-71.57,30.92
258,0.83,-0.06,1.34,-39.61,-56.31,17.08
259,0.83,-0.08,1.34,-21.59,-40.35,14.94
260,0.75,-0.09,1.3,-5.15,-24.71,14.76
261,0.64,-0.08,1.21,9.37,-18.48,9.08
262,0.53,-0.04,1.14,12.08,-15.05,-5.23
263,0.45,-0.01,1.09,9.57,-13.33,-18.27
264,0.35,-0.01,1.06,6.14,-12.65,-24.28
265,0.3,-0.0,1.06,-0.74,-13.18,-30.5
266,0.29,0.0,1.06,-8.45,-12.38,-27.33
267,0.31,0.01,1.08,-17.54,-8.18,-20.31
268,0.32,0.0,1.09,-26.96,-1.39,-12.23
269,0.3,-0.02,1.09,-33.68,4.53,-3.8
270,0.29,-0.06,1.1,-37.47,7.84,2.99
271,0.26,-0.12,1.14,-34.79,11.08,8.72
272,0.21,-0.17,1.15,-30.64,10.09,2.2
273,0.21,-0.16,1.14,-23.98,10.6,5.59
274,0.17,-0.19,1.16,-22.41,8.65,-9.56
275,0.19,-0.18,1.15,-15.91,8.05,-9.55
276,0.14,-0.21,1.13,-11.5,5.9,-13.18
277,0.13,-0.19,1.11,-6.48,4.7,-17.35
278,0.16,-0.17,1.08,-1.5,3.69,-11.23
279,0.15,-0.16,1.06,-0.57,7.15,-5.96
280,0.09,-0.18,1.05,-2.51,5.03,-15.08
281,0.1,-0.16,1.03,-0.18,7.4,-11.29
282,0.06,-0.16,1.0,-3.32,8.88,-10.15
283,0.03,-0.15,0.98,-6.43,7.84,-9.95
284,0.01,-0.17,0.98,-8.49,5.5,-13.45
285,-0.0,-0.16,0.96,-10.0,3.6,-15.08
286,0.02,-0.13,0.96,-14.81,5.04,-12.4
287,0.05,-0.13,1.0,-15.16,3.77,-8.23
288,0.08,-0.13,1.01,-15.12,6.82,-1.73
289,0.08,-0.14,1.03,-10.99,7.24,1.83
290,0.11,-0.13,1.01,-7.91,8.22,2.5
291,0.13,-0.1,0.99,-7.88,10.11,-2.79
292,0.1,-0.13,0.98,-5.58,9.35,-9.16
293,0.05,-0.15,0.99,-4.09,7.91,-12.98
294,0.04,-0.17,0.99,-1.21,5.04,-16.19
295,0.05,-0.17,0.98,0.85,5.63,-14.25
296,0.05,-0.18,0.97,0.05,7.59,-11.02
297,0.04,-0.19,0.98,-0.85,8.15,-10.44
298,0.01,-0.18,0.97,-1.53,5.36,-11.13
299,0.05,-0.15,0.95,-2.76,6.69,-6.53
300,0.06,-0.14,0.95,-6.3,7.64,-3.6
301,0.06,-0.14,0.96,-10.17,8.01,-4.58
302,0.09,-0.15,0.96,-11.15,7.74,-0.96
303,0.09,-0.16,0.98,-11.83,9.09,2.12
304,0.09,-0.16,0.98,-13.72,9.49,2.81
305,0.1,-0.16,1.0,-16.05,10.45,0.28
306,0.12,-0.15,0.98,-16.14,15.94,8.39
307,0.09,-0.17,1.0,-18.74,19.63,5.27
308,0.08,-0.17,1.0,-15.07,18.5,5.27
309,0.09,-0.18,0.98,-9.16,27.68,11.37
310,0.05,-0.18,1.01,-8.23,32.02,9.2
311,0.02,-0.17,0.96,-6.47,26.25,6.64
312,0.01,-0.16,0.95,-5.22,26.16,6.66
313,-0.01,-0.15,0.93,-5.68,23.15,-1.49
314,-0.03,-0.14,0.93,-6.14,19.77,-6.2
315,-0.02,-0.15,0.93,-5.58,17.44,-8.19
316,-0.01,-0.15,0.94,-3.08,16.92,-7.89
317,-0.02,-0.13,0.96,-1.28,17.05,-5.13
318,0.02,-0.11,0.96,0.44,18.23,6.04
319,-0.09,-0.14,0.98,-2.27,14.27,-10.73
320,-0.05,-0.14,0.96,1.03,13.34,-11.77
321,-0.08,-0.14,0.97,2.98,11.8,-5.58
322,-0.12,-0.16,0.97,5.0,7.4,-6.85
323,-0.13,-0.15,0.94,8.73,5.64,2.85
324,-0.15,-0.15,0.95,5.14,-0.51,-6.06
325,-0.14,-0.13,0.93,5.36,-4.95,-2.84
326,-0.15,-0.12,0.94,5.59,-10.74,-0.31
327,-0.15,-0.12,0.93,6.0,-14.93,2.11
328,-0.13,-0.13,0.96,5.21,-18.77,2.08
329,-0.1,-0.13,0.96,2.82,-20.8,5.36
330,-0.03,-0.11,0.98,-0.8,-19.03,9.73
331,0.02,-0.12,0.99,-5.63,-14.02,14.01
332,0.04,-0.13,1.01,-8.09,-8.09,18.55
333,0.03,-0.17,1.03,-8.14,-4.76,20.69
334,0.01,-0.19,1.04,-7.01,-3.5,19.39
335,-0.0,-0.2,1.04,-3.5,-6.67,12.19
336,0.01,-0.2,1.04,0.45,-8.83,6.6
337,0.02,-0.19,1.02,4.19,-10.22,5.82
338,0.01,-0.19,1.02,5.71,-11.31,3.44
339,-0.01,-0.18,1.01,6.69,-14.6,-1.52
340,0.01,-0.16,1.02,6.38,-16.04,-3.91
341,0.03,-0.16,1.01,4.15,-12.25,-6.69
342,0.03,-0.15,1.01,0.82,-9.41,-8.83
343,0.01,-0.19,1.02,1.53,-9.21,-10.59
344,0.04,-0.17,1.02,2.85,-12.13,-13.33
345,0.1,-0.15,1.02,3.3,-6.21,-4.92
346,0.05,-0.17,1.02,4.33,-3.73,-3.43
347,0.03,-0.16,1.01,6.21,-5.05,-6.37
348,0.03,-0.16,1.0,6.68,-4.4,-5.82
349,0.01,-0.15,0.98,6.49,-4.74,-7.56
350,-0.02,-0.16,0.98,6.4,-7.33,-10.18
351,-0.01,-0.15,0.98,6.56,-6.61,-5.31
352,0.0,-0.14,0.99,5.35,-5.25,-0.24
353,0.01,-0.13,0.98,4.08,-3.46,5.81
354,0.01,-0.11,0.97,1.47,-1.36,10.31
355,0.02,-0.11,0.96,-1.38,0.03,7.72
356,0.04,-0.1,0.97,-3.19,-0.23,4.9
357,0.04,-0.09,0.97,-3.62,-0.34,2.84
358,0.07,-0.09,0.97,-3.43,0.24,-2.1
359,0.07,-0.09,0.98,-2.08,0.44,-2.22
360,0.08,-0.1,0.99,-2.05,1.65,-2.63
361,0.07,-0.11,0.99,-1.9,1.96,-5.49
362,0.06,-0.13,1.0,-1.1,3.23,-6.82
363,0.04,-0.14,0.99,0.05,4.35,-7.66
364,0.02,-0.13,0.99,0.03,4.63,-8.82
365,0.01,-0.12,0.97,-1.22,4.13,-9.92
366,0.02,-0.12,0.95,-3.02,4.93,-10.15
367,-0.01,-0.12,0.96,-3.14,3.42,-9.87
368,-0.01,-0.12,0.95,-2.92,0.81,-8.42
369,0.01,-0.11,0.96,-1.68,0.05,-1.79
370,-0.01,-0.12,0.96,-3.3,0.09,-5.6
371,-0.01,-0.12,0.96,-3.54,-0.45,-8.24
372,0.04,-0.11,0.96,-3.24,0.08,-5.82
373,0.01,-0.11,0.98,-2.93,2.59,-2.56
374,-0.01,-0.13,0.97,-2.88,0.96,-5.05
375,-0.01,-0.12,0.97,-2.86,0.92,-4.77
376,0.01,-0.1,0.95,-3.25,-1.15,-4.81
377,0.05,-0.1,0.95,-4.68,2.89,2.37
378,0.01,-0.12,0.95,-5.46,2.36,-2.66
379,-0.0,-0.11,0.96,-4.87,-0.1,-4.6
380,-0.0,-0.11,0.95,-5.81,-1.87,-7.99
381,0.04,-0.1,0.95,-6.47,-3.33,-9.85
382,0.05,-0.11,0.96,-7.26,0.03,-3.78
383,0.03,-0.13,0.97,-8.45,-0.05,-7.69
384,0.04,-0.13,0.99,-8.92,0.56,-10.36
385,0.05,-0.13,1.0,-10.63,3.22,-13.07
386,0.08,-0.12,0.97,-9.66,5.91,-5.21
387,0.01,-0.15,0.99,-8.06,5.27,-5.6
388,0.0,-0.16,0.98,-5.72,1.88,-9.81
389,0.01,-0.15,0.98,-6.89,0.51,-12.65
390,0.03,-0.16,0.99,-8.26,1.38,-16.51
391,0.04,-0.15,0.99,-6.95,2.55,-12.63
392,0.02,-0.18,1.0,-5.76,3.73,-11.43
393,-0.01,-0.18,0.99,-4.69,3.31,-13.42
394,-0.02,-0.17,0.99,-4.34,1.58,-15.85
395,0.01,-0.14,0.97,-2.55,-0.06,-9.07
396,-0.0,-0.15,0.97,-2.39,2.71,2.35
397,-0.05,-0.17,0.96,-3.73,0.18,-2.71
398,-0.05,-0.17,0.97,-3.39,-2.15,-2.68
399,-0.04,-0.16,0.98,-4.45,-3.14,-4.62
