,accel_x,accel_y,accel_z,gyro_x,gyro_y,gyro_z
0,0.07,-0.25,0.97,-5.27,-1.94,-7.44
1,0.08,-0.24,0.96,-5.05,-2.39,-9.31
2,0.08,-0.22,0.96,-6.47,-1.5,-9.78
3,0.09,-0.23,0.95,-6.4,-1.96,-8.78
4,0.08,-0.22,0.97,-5.73,-1.76,-7.88
5,0.09,-0.22,0.96,-5.61,-2.03,-9.26
6,0.1,-0.22,0.97,-5.66,-2.39,-8.39
7,0.11,-0.21,0.96,-5.87,-1.11,-3.76
8,0.1,-0.23,0.97,-5.79,1.05,-1.0
9,0.09,-0.24,0.97,-4.92,-0.15,-4.74
10,0.09,-0.24,0.98,-3.5,0.81,-3.14
11,0.09,-0.25,0.97,-2.43,1.21,-1.63
12,0.07,-0.25,0.97,-2.25,0.97,-2.94
13,0.08,-0.24,0.96,-1.69,-0.63,-2.09
14,0.09,-0.24,0.95,-1.59,1.46,1.68
15,0.08,-0.24,0.95,-2.69,0.32,-1.16
16,0.09,-0.24,0.95,-2.99,1.14,-0.76
17,0.07,-0.25,0.97,-2.33,0.29,-1.52
18,0.08,-0.24,0.96,-1.75,0.18,-1.7
19,0.08,-0.24,0.96,-1.9,1.01,-0.76
20,0.08,-0.24,0.96,-2.34,0.91,-0.85
21,0.06,-0.24,0.95,-2.03,0.37,-1.62
22,0.06,-0.24,0.95,-1.53,-0.9,-2.5
23,0.06,-0.24,0.94,-2.09,-1.36,-2.66
24,0.07,-0.24,0.95,-2.9,-1.43,-3.32
25,0.06,-0.25,0.95,-2.41,-1.85,-3.58
26,0.07,-0.24,0.94,-2.27,-1.78,-1.85
27,0.06,-0.24,0.95,-3.13,-2.73,-2.93
28,0.08,-0.24,0.95,-3.5,-1.43,-0.24
29,0.06,-0.24,0.96,-3.65,-1.82,-1.33
30,0.08,-0.23,0.96,-3.89,-3.1,-3.55
31,0.09,-0.22,0.94,-4.54,-1.33,-1.34
32,0.07,-0.22,0.95,-4.49,-1.1,-1.5
33,0.07,-0.22,0.95,-4.31,-2.68,-3.32
34,0.08,-0.22,0.95,-5.08,-3.05,-3.6
35,0.08,-0.23,0.95,-6.02,-2.66,-3.67
36,0.06,-0.23,0.96,-5.98,-4.05,-6.08
37,0.08,-0.24,0.96,-5.6,-4.98,-7.21
38,0.09,-0.24,0.96,-4.66,-3.82,-4.01
39,0.07,-0.25,0.96,-4.97,-4.97,-5.81
40,0.08,-0.25,0.97,-5.21,-5.84,-7.5
41,0.11,-0.25,0.97,-4.48,-5.35,-4.66
42,0.09,-0.26,0.97,-4.09,-3.56,-1.67
43,0.08,-0.27,0.98,-3.89,-5.06,-3.81
44,0.09,-0.26,0.97,-4.57,-5.15,-4.27
45,0.11,-0.26,0.98,-5.07,-4.56,-4.9
46,0.12,-0.26,0.98,-4.21,-2.98,-2.23
47,0.11,-0.26,0.98,-4.02,-1.21,-1.21
48,0.1,-0.27,0.98,-3.46,-2.35,-3.67
49,0.1,-0.25,0.98,-2.6,-1.57,-4.13
50,0.11,-0.24,0.96,-2.39,-0.07,-0.27
51,0.09,-0.25,0.96,-2.28,0.76,0.61
52,0.07,-0.25,0.96,-2.15,-1.4,-2.85
53,0.1,-0.23,0.95,-2.66,-0.61,-2.69
54,0.09,-0.23,0.94,-3.35,-0.43,-1.89
55,0.09,-0.23,0.94,-4.11,-0.55,-1.71
56,0.09,-0.23,0.96,-4.95,-0.84,-3.58
57,0.09,-0.23,0.95,-4.41,-1.85,-4.55
58,0.09,-0.24,0.95,-3.56,-1.3,-2.16
59,0.09,-0.24,0.95,-4.08,-1.74,-4.22
60,0.09,-0.25,0.96,-3.73,-2.04,-5.16
61,0.08,-0.25,0.96,-3.28,-2.3,-4.83
62,0.08,-0.25,0.96,-3.5,-3.2,-6.24
63,0.08,-0.25,0.96,-3.53,-3.47,-5.76
64,0.09,-0.25,0.95,-3.96,-1.55,-2.33
65,0.08,-0.26,0.97,-3.79,-3.67,-4.78
66,0.1,-0.25,0.97,-3.86,-4.14,-4.92
67,0.13,-0.25,0.97,-4.62,-2.76,-4.33
68,0.11,-0.26,0.97,-3.82,-1.92,-4.15
69,0.11,-0.26,0.97,-3.56,-0.16,-3.05
70,0.1,-0.26,0.98,-3.32,-1.11,-4.98
71,0.11,-0.25,0.97,-3.41,0.31,-4.5
72,0.11,-0.26,0.96,-3.56,1.73,-3.5
73,0.1,-0.26,0.96,-3.62,1.85,-2.82
74,0.1,-0.26,0.94,-3.29,3.53,-0.3
75,0.07,-0.25,0.95,-2.96,2.28,-1.83
76,0.08,-0.25,0.94,-3.39,0.89,-3.01
77,0.08,-0.24,0.94,-4.07,0.25,-2.88
78,0.08,-0.25,0.93,-4.4,-0.34,-3.32
79,0.09,-0.24,0.93,-4.98,-1.24,-3.95
80,0.09,-0.23,0.93,-5.21,-1.47,-3.21
81,0.09,-0.24,0.93,-5.45,-2.07,-3.76
82,0.08,-0.24,0.94,-5.47,-2.35,-2.53
83,0.1,-0.24,0.94,-5.12,-2.54,-1.33
84,0.1,-0.24,0.95,-5.9,-1.81,-1.69
85,0.11,-0.25,0.94,-6.01,-1.9,-2.67
86,0.11,-0.24,0.95,-6.41,-0.21,-0.94
87,0.09,-0.25,0.95,-6.88,0.34,-1.56
88,0.1,-0.26,0.94,-6.31,0.7,-1.6
89,0.09,-0.25,0.95,-7.03,1.22,-1.73
90,0.09,-0.25,0.94,-7.73,0.22,-3.2
91,0.09,-0.25,0.94,-8.2,0.08,-2.37
92,0.1,-0.25,0.93,-8.34,-0.43,-3.34
93,0.12,-0.24,0.94,-8.99,-0.46,-2.49
94,0.11,-0.23,0.93,-9.77,1.7,-0.02
95,0.09,-0.23,0.93,-10.86,1.37,-2.13
96,0.1,-0.24,0.92,-12.56,1.46,-4.45
97,0.09,-0.24,0.93,-14.95,2.83,-5.97
98,0.08,-0.26,0.95,-15.96,2.09,-10.15
99,0.14,-0.51,0.93,3.36,9.57,-30.93
100,0.12,-0.16,0.82,-5.47,10.7,-43.55
101,0.1,-0.21,0.93,-9.66,-0.64,-18.15
102,0.08,-0.24,0.95,-12.56,7.37,-5.47
103,0.05,-0.29,0.95,-11.29,2.15,-6.56
104,0.09,-0.3,0.94,-9.71,0.35,-12.36
105,0.09,-0.26,0.95,-8.95,-0.41,-6.36
106,0.1,-0.27,0.95,-8.57,-0.12,0.91
107,0.09,-0.28,0.95,-9.02,-1.64,-0.25
108,0.12,-0.27,0.94,-9.56,-0.27,3.33
109,0.11,-0.27,0.95,-9.91,2.19,6.15
110,0.1,-0.28,0.95,-10.0,1.95,5.29
111,0.1,-0.28,0.96,-9.93,1.73,4.61
112,0.12,-0.28,0.96,-9.31,2.46,4.03
113,0.11,-0.28,0.97,-9.1,2.32,2.14
114,0.12,-0.27,0.96,-8.15,1.76,1.44
115,0.12,-0.27,0.96,-7.91,3.52,3.48
116,0.11,-0.27,0.96,-8.34,4.2,2.08
117,0.09,-0.27,0.95,-8.33,3.44,2.76
118,0.09,-0.26,0.95,-8.02,3.37,2.35
119,0.08,-0.27,0.96,-8.54,2.07,-1.19
120,0.09,-0.27,0.96,-9.45,2.86,-0.07
121,0.08,-0.27,0.95,-9.08,1.56,-1.23
122,0.11,-0.26,0.96,-10.37,3.11,0.62
123,0.1,-0.27,0.96,-11.59,5.57,2.4
124,0.08,-0.27,0.96,-11.26,5.92,3.33
125,0.07,-0.28,0.97,-10.55,4.96,1.05
126,0.06,-0.27,0.96,-11.08,4.69,0.08
127,0.06,-0.26,0.97,-11.24,3.64,-2.28
128,0.07,-0.24,0.96,-12.25,4.08,-2.26
129,0.07,-0.21,0.98,-13.63,5.82,1.48
130,0.05,-0.19,0.99,-15.99,7.05,4.69
131,0.04,-0.14,1.03,-19.6,4.87,0.85
132,0.05,-0.08,1.08,-25.21,4.24,1.92
133,0.07,-0.03,1.15,-33.45,2.48,0.44
134,0.14,0.03,1.21,-43.52,-1.08,-2.83
135,0.26,0.07,1.32,-58.09,-2.02,-3.99
136,0.37,0.03,1.47,-68.36,2.5,-4.6
137,0.44,-0.03,1.65,-71.34,11.64,-3.37
138,0.5,-0.16,1.8,-73.32,36.99,-10.87
139,0.4,-0.15,2.0,-74.13,51.08,3.48
140,0.32,-0.45,2.0,-37.71,77.64,-5.97
141,0.17,-0.6,2.0,-8.7,83.55,0.03
142,0.0,-0.6,1.96,5.34,92.08,-10.79
143,-0.11,-0.65,1.91,10.38,106.24,0.08
144,-0.37,-0.79,1.84,12.18,119.92,9.12
145,-0.56,-0.91,1.87,9.18,120.27,21.95
146,-0.69,-1.03,1.79,9.15,132.6,48.74
147,-0.89,-1.11,1.71,11.63,149.75,78.44
148,-1.05,-1.26,1.61,32.85,162.07,97.18
149,-1.12,-1.34,1.45,50.6,157.53,106.27
150,-1.13,-1.56,1.4,84.53,154.11,104.63
151,-1.13,-1.65,1.27,119.79,143.85,100.01
152,-1.13,-1.72,1.11,162.4,137.2,94.61
153,-1.15,-1.71,0.92,197.96,131.35,89.14
154,-1.12,-1.61,0.65,214.31,132.5,94.47
155,-1.1,-1.44,0.4,218.6,139.24,124.72
156,-1.14,-1.32,0.15,210.36,134.19,153.0
157,-1.15,-1.19,-0.01,199.44,112.81,160.4
158,-0.93,-1.03,-0.23,189.32,103.76,186.13
159,-0.89,-0.94,-0.3,169.21,81.68,202.31
160,-0.58,-0.87,-0.41,151.13,72.82,218.0
161,-0.5,-0.8,-0.39,131.25,57.53,244.21
162,-0.26,-0.76,-0.38,110.72,42.74,238.94
163,-0.12,-0.65,-0.4,101.86,29.28,250.13
164,0.09,-0.56,-0.46,88.07,20.66,247.85
165,0.21,-0.42,-0.42,78.97,8.52,247.91
166,0.27,-0.31,-0.51,70.21,10.74,240.5
167,0.26,-0.19,-0.6,58.18,10.43,239.36
168,0.1,-0.08,-0.64,46.87,-6.08,225.11
169,-0.06,0.0,-0.65,33.95,-35.11,211.74
170,-0.1,0.11,-0.65,17.25,-72.22,197.29
171,0.02,0.22,-0.68,-2.24,-100.47,182.64
172,0.16,0.29,-0.63,-29.65,-123.13,175.05
173,0.37,0.34,-0.58,-63.21,-132.33,173.52
174,0.48,0.35,-0.51,-98.38,-133.61,174.4
175,0.54,0.31,-0.41,-132.77,-140.95,169.88
176,0.66,0.24,-0.27,-157.93,-150.84,165.79
177,0.86,0.08,-0.11,-173.99,-149.42,131.17
178,1.08,0.04,0.13,-179.15,-156.98,104.73
179,1.26,0.06,0.33,-186.29,-151.91,79.59
180,1.39,0.07,0.32,-178.76,-123.35,121.57
181,1.21,0.06,0.37,-184.66,-109.97,121.79
182,1.12,-0.04,0.36,-190.27,-89.61,118.2
183,0.85,-0.14,0.41,-193.15,-99.44,110.17
184,0.77,-0.23,0.4,-186.12,-112.31,103.01
185,0.79,-0.28,0.44,-182.78,-129.61,94.77
186,0.84,-0.35,0.56,-186.93,-145.52,71.49
187,1.05,-0.4,0.61,-195.8,-147.07,54.17
188,1.21,-0.48,0.75,-196.64,-136.46,43.86
189,1.32,-0.58,0.93,-191.52,-112.4,50.34
190,1.34,-0.62,0.96,-183.04,-84.13,52.97
191,1.24,-0.64,1.0,-180.34,-57.9,61.82
192,1.06,-0.66,0.96,-176.09,-45.28,58.95
193,1.0,-0.68,0.96,-167.15,-46.5,44.06
194,1.01,-0.68,0.99,-158.27,-50.58,27.69
195,1.05,-0.72,1.03,-146.24,-53.35,11.6
196,1.1,-0.76,1.07,-135.6,-50.56,-1.11
197,1.08,-0.77,1.08,-124.18,-52.14,-18.73
198,1.11,-0.65,1.15,-124.97,-42.22,-15.7
199,1.03,-0.58,1.15,-127.31,-31.71,-28.92
200,0.98,-0.66,1.09,-128.84,-18.08,-20.42
201,0.87,-0.61,1.17,-131.05,-20.73,-30.6
202,0.89,-0.52,1.23,-138.55,-20.6,-37.93
203,0.97,-0.47,1.21,-147.11,-11.43,-40.53
204,0.99,-0.44,1.22,-160.39,3.97,-44.74
205,0.97,-0.48,1.31,-177.81,13.31,-48.18
206,1.06,-0.58,1.35,-198.98,22.08,-62.32
207,1.11,-0.71,1.37,-199.65,30.0,-73.63
208,1.19,-0.7,1.41,-204.41,52.25,-59.37
209,1.12,-0.77,1.42,-210.69,65.5,-65.07
210,1.11,-0.86,1.44,-205.66,80.9,-66.98
211,1.1,-0.93,1.45,-194.31,93.6,-59.71
212,1.12,-1.0,1.36,-181.64,105.54,-55.4
213,1.05,-1.1,1.28,-157.16,119.78,-77.53
214,0.99,-1.1,1.24,-139.19,131.4,-96.32
215,0.87,-1.13,1.24,-133.85,147.37,-104.5
216,0.69,-1.28,1.34,-119.89,166.54,-109.08
217,0.52,-1.37,1.45,-98.11,180.22,-109.5
218,0.28,-1.32,1.21,-78.27,190.11,-121.24
219,0.08,-1.45,1.28,-42.79,196.18,-123.52
220,-0.1,-1.41,1.24,-20.78,193.06,-128.05
221,-0.27,-1.35,1.15,-6.15,190.82,-118.4
222,-0.38,-1.31,1.11,4.47,189.36,-114.34
223,-0.44,-1.22,1.08,11.68,187.52,-105.27
224,-0.55,-1.17,1.07,19.83,178.98,-100.29
225,-0.58,-1.12,1.04,31.76,167.56,-92.77
226,-0.6,-1.12,1.01,49.93,153.63,-92.71
227,-0.68,-1.14,0.99,70.71,131.72,-111.26
228,-0.65,-1.14,0.96,94.24,107.91,-132.66
229,-0.65,-1.19,0.98,123.86,89.95,-141.69
230,-0.67,-1.23,0.96,146.76,63.17,-166.24
231,-0.58,-1.18,0.91,163.12,56.82,-172.9
232,-0.61,-1.17,0.9,173.38,54.89,-178.5
233,-0.64,-1.14,0.81,179.49,60.54,-169.47
234,-0.56,-1.07,0.76,189.1,59.68,-130.37
235,-0.63,-1.09,0.64,180.02,70.53,-125.31
236,-0.69,-0.86,0.6,174.57,68.32,-77.64
237,-0.7,-0.76,0.55,167.63,78.17,-33.16
238,-0.72,-0.64,0.58,158.91,70.59,3.24
239,-0.68,-0.6,0.46,147.39,59.72,13.84
240,-0.63,-0.47,0.46,128.34,40.68,22.84
241,-0.34,-0.28,0.46,120.75,54.5,2.5
242,-0.33,-0.29,0.5,104.28,44.69,18.29
243,-0.16,-0.17,0.49,98.63,45.66,17.17
244,-0.07,-0.1,0.44,81.93,42.5,18.47
245,-0.05,-0.16,0.61,73.39,34.4,26.34
246,0.06,-0.07,0.42,61.15,38.31,33.33
247,-0.01,-0.08,0.59,52.35,33.05,26.11
248,0.05,-0.07,0.6,47.04,29.32,12.43
249,0.09,-0.07,0.64,49.81,30.05,18.35
250,0.06,-0.07,0.65,48.4,28.11,20.05
251,0.01,-0.06,0.65,44.63,24.42,21.3
252,0.0,-0.06,0.64,37.33,21.97,16.47
253,-0.01,-0.06,0.65,30.7,13.75,10.59
254,0.0,-0.06,0.67,24.25,7.7,7.52
255,0.02,-0.06,0.7,17.0,2.7,4.56
256,0.04,-0.07,0.74,10.79,1.34,4.19
257,0.05,-0.09,0.79,5.54,0.15,6.79
258,0.07,-0.12,0.82,3.24,0.34,8.71
259,0.08,-0.13,0.85,2.47,-1.63,9.08
260,0.09,-0.14,0.86,1.33,-2.83,7.54
261,0.11,-0.14,0.87,-1.61,-3.47,1.3
262,0.11,-0.13,0.89,-3.64,-3.82,-0.85
263,0.09,-0.14,0.91,-4.63,-4.56,-3.81
264,0.09,-0.15,0.91,-4.05,-6.29,-1.83
265,0.06,-0.16,0.93,-4.24,-5.82,0.63
266,0.13,-0.17,0.78,-1.79,7.88,7.76
267,-0.02,-0.17,0.97,-6.04,-8.0,3.66
268,0.02,-0.14,0.95,-5.3,-5.38,6.12
269,0.01,-0.14,0.94,-4.29,-11.29,4.55
270,0.01,-0.12,0.93,-6.07,-13.19,4.22
271,0.02,-0.11,0.92,-8.64,-13.85,3.11
272,0.04,-0.11,0.94,-11.05,-13.82,2.85
273,0.06,-0.12,0.95,-14.35,-12.85,0.02
274,0.09,-0.13,0.97,-15.8,-10.9,2.7
275,0.1,-0.16,0.99,-15.24,-9.21,2.29
276,0.1,-0.18,1.0,-13.02,-9.26,-0.81
277,0.09,-0.18,1.01,-10.52,-9.75,-4.94
278,0.08,-0.19,1.02,-8.58,-10.55,-7.11
279,0.06,-0.2,1.01,-5.95,-12.26,-10.17
280,0.07,-0.19,1.01,-4.9,-13.49,-9.11
281,0.08,-0.2,1.01,-4.25,-13.05,-9.75
282,0.07,-0.19,1.02,-5.27,-11.13,-7.49
283,0.08,-0.2,1.02,-7.08,-7.95,-7.9
284,0.08,-0.2,1.02,-7.73,-4.79,-5.4
285,0.08,-0.18,1.01,-9.89,-0.51,-0.32
286,0.05,-0.19,1.0,-10.95,0.0,-2.44
287,0.04,-0.2,1.01,-10.09,-0.37,-2.04
288,0.03,-0.21,1.01,-8.75,-1.24,-1.5
289,0.02,-0.2,0.99,-7.65,-2.14,-2.5
290,-0.01,-0.2,0.99,-6.53,-4.18,-3.27
291,-0.01,-0.2,0.99,-6.17,-6.53,-5.83
292,-0.02,-0.2,0.99,-4.94,-7.59,-4.05
293,-0.0,-0.19,0.98,-4.81,-6.42,-1.0
294,0.02,-0.17,0.98,-6.49,-5.18,-3.31
295,0.03,-0.17,0.98,-7.02,-1.69,0.0
296,0.02,-0.18,0.97,-7.88,-0.81,-1.01
297,-0.02,-0.17,0.96,-12.79,-2.75,-4.21
298,0.02,-0.2,0.96,-9.08,0.16,-1.03
299,0.01,-0.2,0.98,-7.6,-1.73,-4.66
300,0.01,-0.2,0.98,-6.74,-3.12,-5.08
301,0.01,-0.2,0.97,-6.28,-3.83,-5.48
302,0.02,-0.19,0.96,-5.53,-5.64,-7.09
303,0.03,-0.18,0.97,-4.41,-5.35,-3.87
304,0.06,-0.17,0.96,-4.53,-3.73,-0.3
305,0.06,-0.15,0.94,-6.35,-3.16,-3.4
306,0.06,-0.15,0.94,-7.86,-2.61,-4.24
307,0.06,-0.16,0.94,-8.4,-2.76,-6.34
308,0.05,-0.17,0.94,-9.47,-3.33,-11.17
309,0.06,-0.18,0.94,-10.08,-1.69,-12.85
310,0.06,-0.18,0.94,-12.05,-1.15,-15.32
311,0.09,-0.16,0.96,-12.2,-0.34,-12.85
312,0.06,-0.17,0.96,-14.9,0.99,-13.31
313,0.06,-0.2,0.98,-15.08,1.55,-9.94
314,0.05,-0.21,0.99,-14.28,3.02,-4.63
315,0.04,-0.24,0.99,-13.13,4.1,-6.33
316,0.03,-0.26,0.99,-10.37,3.08,-5.6
317,0.02,-0.27,1.0,-8.27,1.92,-5.5
318,0.02,-0.25,0.98,-7.53,1.33,-5.13
319,0.03,-0.24,0.98,-6.05,1.24,-1.53
320,0.03,-0.23,0.97,-5.63,0.44,-1.93
321,0.04,-0.22,0.97,-6.08,0.67,-1.12
322,0.04,-0.22,0.97,-6.36,-0.3,-0.6
323,0.05,-0.23,0.97,-5.63,-2.31,-2.56
324,0.06,-0.23,0.96,-4.6,-2.53,-2.03
325,0.06,-0.23,0.98,-3.89,-3.94,-4.63
326,0.08,-0.22,0.97,-4.31,-3.59,-5.19
327,0.08,-0.22,0.97,-4.81,-2.19,-3.52
328,0.07,-0.23,0.98,-5.16,-0.97,-4.18
329,0.06,-0.24,0.99,-4.04,-0.27,-3.8
330,0.05,-0.25,0.99,-3.98,1.08,-3.29
331,0.03,-0.25,0.97,-3.1,0.86,-3.15
332,0.03,-0.24,0.97,-1.4,0.59,0.86
333,0.02,-0.24,0.97,-1.25,-0.69,-0.7
334,0.05,-0.22,0.96,-1.37,-0.18,1.75
335,0.04,-0.21,0.95,-2.37,0.69,4.08
336,0.04,-0.21,0.95,-4.1,-0.24,1.13
337,0.07,-0.2,0.96,-4.59,0.25,-0.89
338,0.07,-0.19,0.95,-3.93,1.53,2.76
339,0.04,-0.21,0.96,-4.8,0.08,-0.77
340,0.05,-0.2,0.95,-4.65,-1.25,-2.5
341,0.04,-0.22,0.96,-4.33,-1.85,-4.93
342,0.04,-0.22,0.97,-4.96,-2.41,-7.35
343,0.06,-0.22,0.97,-5.06,-0.68,-5.57
344,0.05,-0.23,0.98,-5.34,0.35,-6.35
345,0.04,-0.23,0.97,-5.02,0.5,-4.51
346,0.02,-0.22,0.96,-4.68,0.44,-3.15
347,0.03,-0.22,0.97,-5.37,0.57,-3.08
348,0.02,-0.22,0.97,-5.99,-0.01,-3.4
349,0.01,-0.23,0.98,-6.11,-2.04,-4.78
350,0.03,-0.23,0.97,-6.45,-2.34,-5.47
351,0.03,-0.23,0.97,-6.73,-1.87,-5.54
352,0.03,-0.23,0.98,-7.09,-2.27,-7.24
353,0.03,-0.24,0.98,-7.12,-2.25,-8.29
354,0.03,-0.25,0.98,-7.01,-2.2,-8.39
355,0.03,-0.24,0.97,-5.68,-2.73,-6.92
356,0.04,-0.26,0.99,-4.56,-2.34,-3.45
357,0.05,-0.25,0.98,-4.62,-2.94,-5.1
358,0.07,-0.24,0.97,-3.84,0.64,-4.39
359,0.04,-0.26,0.96,-5.31,-0.41,-6.29
360,0.06,-0.25,0.98,-4.76,-0.4,-6.38
361,0.05,-0.24,0.97,-2.89,0.16,-3.24
362,0.04,-0.23,0.97,-3.09,0.89,-3.99
363,0.04,-0.23,0.96,-3.48,1.56,-3.24
364,0.03,-0.22,0.95,-3.62,0.93,-4.95
365,0.05,-0.21,0.95,-4.08,1.02,-2.84
366,0.03,-0.21,0.94,-5.15,0.91,-4.12
367,0.03,-0.2,0.95,-7.05,-0.4,-6.54
368,0.04,-0.21,0.95,-9.18,-0.24,-7.34
369,0.03,-0.22,0.95,-9.53,-0.11,-10.15
370,0.05,-0.22,0.95,-9.98,-0.68,-10.63
371,0.04,-0.24,0.98,-8.74,-0.34,-9.38
372,0.04,-0.25,0.97,-7.53,-1.69,-11.05
373,0.05,-0.26,0.97,-7.47,-1.13,-12.45
374,0.06,-0.25,0.97,-7.29,-0.95,-13.26
375,0.08,-0.23,0.96,-6.82,2.16,-6.4
376,0.03,-0.25,0.97,-7.77,2.29,-8.77
377,0.03,-0.24,0.95,-8.42,2.2,-9.27
378,0.04,-0.24,0.96,-8.89,2.56,-11.03
379,0.04,-0.25,0.96,-8.87,2.22,-11.09
380,0.04,-0.26,0.97,-7.15,2.58,-7.23
381,0.03,-0.27,0.98,-5.86,0.27,-10.63
382,0.05,-0.27,0.98,-5.31,1.0,-11.21
383,0.04,-0.27,0.98,-4.8,1.98,-9.76
384,0.02,-0.28,0.98,-2.72,0.89,-8.4
385,0.01,-0.28,0.97,-1.63,-0.61,-10.07
386,0.05,-0.24,0.95,-0.26,0.1,-2.41
387,0.03,-0.25,0.95,-0.58,1.39,-0.29
388,0.02,-0.25,0.96,-1.82,-0.53,-3.74
389,0.05,-0.23,0.95,-3.18,0.08,-4.02
390,0.05,-0.24,0.96,-3.94,1.66,-3.77
391,0.04,-0.25,0.95,-4.01,1.84,-2.92
392,0.04,-0.26,0.97,-3.69,0.85,-4.9
393,0.06,-0.24,0.96,-2.26,1.67,-0.78
394,0.04,-0.25,0.97,-1.47,1.74,-0.63
395,0.03,-0.25,0.96,-1.16,1.67,-1.16
396,0.02,-0.25,0.95,-1.95,0.37,-2.9
397,0.03,-0.25,0.95,-2.09,-0.76,-4.56
398,0.04,-0.25,0.96,-2.46,-0.59,-2.96
399,0.03,-0.24,0.94,-2.98,-0.8,-3.17
