,accel_x,accel_y,accel_z,gyro_x,gyro_y,gyro_z
0,0.44,-0.29,0.87,1.97,-3.76,-0.51
1,0.44,-0.3,0.86,1.71,-3.38,-0.95
2,0.47,-0.29,0.85,1.4,-2.42,-0.27
3,0.46,-0.29,0.85,1.01,-2.13,0.08
4,0.46,-0.29,0.84,0.52,-3.21,-0.3
5,0.47,-0.28,0.84,-0.47,-2.94,-0.79
6,0.46,-0.29,0.84,-0.38,-2.04,-0.28
7,0.44,-0.3,0.86,0.23,-2.52,-0.79
8,0.49,-0.27,0.86,-1.21,-2.66,-0.62
9,0.48,-0.28,0.86,-0.97,0.18,0.44
10,0.47,-0.28,0.85,-0.31,-0.56,-0.49
11,0.45,-0.28,0.85,-1.18,-1.53,-2.45
12,0.47,-0.28,0.85,-2.09,-2.67,-3.19
13,0.46,-0.28,0.86,-2.35,-1.73,-2.73
14,0.45,-0.28,0.86,-2.15,-1.0,-2.82
15,0.43,-0.3,0.85,-1.68,-1.92,-3.6
16,0.42,-0.29,0.86,-1.62,-3.5,-4.11
17,0.42,-0.29,0.86,-1.66,-2.75,-3.08
18,0.41,-0.3,0.86,-1.52,-2.1,-2.1
19,0.39,-0.3,0.86,-1.15,-4.34,-1.56
20,0.4,-0.29,0.86,-0.8,-5.74,-1.19
21,0.42,-0.29,0.87,-1.94,-2.97,0.54
22,0.41,-0.29,0.87,-1.66,-3.37,1.6
23,0.39,-0.3,0.87,-0.92,-3.66,1.76
24,0.41,-0.29,0.86,-1.15,-5.35,2.17
25,0.44,-0.29,0.84,-1.14,-4.6,2.48
26,0.45,-0.28,0.86,-1.66,-4.1,3.15
27,0.45,-0.27,0.86,-1.22,-4.84,2.28
28,0.43,-0.28,0.86,-0.51,-6.2,1.96
29,0.45,-0.28,0.85,-1.07,-6.44,2.01
30,0.46,-0.27,0.85,-1.67,-4.08,3.25
31,0.43,-0.27,0.85,-2.17,-3.03,3.39
32,0.45,-0.27,0.83,-2.15,-3.97,3.85
33,0.44,-0.27,0.83,-3.4,-5.06,2.92
34,0.47,-0.27,0.84,-4.41,-4.67,2.85
35,0.48,-0.27,0.84,-5.3,-3.76,3.12
36,0.48,-0.27,0.84,-5.52,-3.98,3.18
37,0.5,-0.28,0.83,-4.35,-3.31,1.96
38,0.52,-0.27,0.85,-5.87,-5.47,0.82
39,0.51,-0.27,0.87,-6.18,-3.56,-0.17
40,0.51,-0.28,0.85,-3.49,-10.44,-4.55
41,0.53,-0.28,0.87,-3.27,-5.66,-4.88
42,0.51,-0.29,0.86,-4.24,-0.92,-3.11
43,0.5,-0.29,0.83,-4.7,-1.43,-4.48
44,0.51,-0.28,0.83,-5.96,-0.59,-5.25
45,0.52,-0.29,0.86,-6.36,0.64,-5.64
46,0.51,-0.29,0.86,-5.99,0.87,-6.63
47,0.52,-0.3,0.86,-6.02,1.22,-7.38
48,0.51,-0.3,0.87,-5.91,2.03,-7.99
49,0.51,-0.3,0.87,-5.96,3.16,-8.18
50,0.5,-0.3,0.88,-5.17,4.53,-8.49
51,0.51,-0.3,0.87,-4.4,5.81,-8.95
52,0.5,-0.29,0.87,-3.95,7.05,-10.44
53,0.48,-0.3,0.87,-3.14,6.76,-11.95
54,0.47,-0.3,0.86,-2.92,7.02,-12.58
55,0.45,-0.3,0.85,-2.68,7.4,-11.61
56,0.44,-0.3,0.84,-3.06,7.33,-10.76
57,0.42,-0.29,0.84,-3.63,7.72,-9.71
58,0.41,-0.3,0.84,-4.24,7.39,-8.74
59,0.4,-0.3,0.84,-4.98,6.37,-7.81
60,0.41,-0.29,0.85,-5.52,4.54,-8.21
61,0.42,-0.29,0.85,-5.64,4.52,-8.46
62,0.42,-0.29,0.86,-5.17,3.61,-8.72
63,0.42,-0.3,0.87,-4.77,2.56,-9.54
64,0.43,-0.29,0.85,-4.6,4.11,-10.15
65,0.43,-0.29,0.87,-3.41,3.79,-7.79
66,0.42,-0.29,0.86,-3.65,3.28,-7.68
67,0.43,-0.28,0.85,-4.11,4.53,-6.46
68,0.43,-0.3,0.84,-4.13,5.28,-5.66
69,0.43,-0.29,0.85,-4.23,3.07,-5.38
70,0.44,-0.28,0.85,-4.79,2.03,-5.97
71,0.45,-0.28,0.85,-4.5,2.74,-6.18
72,0.45,-0.28,0.85,-4.48,2.79,-6.51
73,0.44,-0.29,0.86,-4.55,2.95,-6.67
74,0.45,-0.28,0.85,-4.77,2.5,-7.2
75,0.45,-0.28,0.85,-5.05,3.79,-7.13
76,0.46,-0.28,0.85,-4.8,4.18,-7.19
77,0.47,-0.28,0.86,-4.16,3.84,-6.26
78,0.48,-0.28,0.86,-5.37,4.85,-6.77
79,0.5,-0.27,0.86,-5.19,6.47,-5.5
80,0.48,-0.28,0.86,-5.45,8.27,-6.0
81,0.47,-0.28,0.86,-5.4,6.21,-7.76
82,0.46,-0.29,0.86,-4.56,5.89,-9.13
83,0.43,-0.29,0.85,-4.02,1.56,-11.17
84,0.44,-0.3,0.89,-3.66,0.41,-12.32
85,0.41,-0.31,0.87,-3.47,4.72,-9.57
86,0.39,-0.31,0.86,-3.66,4.23,-9.65
87,0.37,-0.31,0.88,-3.39,3.46,-9.21
88,0.35,-0.31,0.88,-2.87,2.83,-8.05
89,0.36,-0.3,0.87,-3.56,3.23,-6.35
90,0.38,-0.3,0.87,-4.54,3.92,-4.9
91,0.38,-0.29,0.88,-3.67,3.39,-4.52
92,0.37,-0.3,0.88,-3.75,3.21,-4.21
93,0.35,-0.31,0.86,-3.95,1.62,-2.95
94,0.36,-0.29,0.87,-2.47,-2.66,-3.56
95,0.39,-0.29,0.87,-1.82,-3.01,-2.21
96,0.4,-0.3,0.88,-2.59,1.0,0.72
97,0.41,-0.3,0.88,-3.07,4.81,4.32
98,0.42,-0.28,0.86,-2.98,3.56,4.46
99,0.44,-0.29,0.85,-2.27,0.08,1.37
100,0.45,-0.27,0.85,-1.87,-2.62,-1.75
101,0.46,-0.28,0.86,-2.05,-2.67,-3.95
102,0.48,-0.29,0.85,0.14,2.88,-2.39
103,0.44,-0.29,0.89,-5.08,11.24,3.98
104,0.38,-0.3,0.86,-3.23,4.15,4.81
105,0.45,-0.26,0.8,-6.89,1.24,3.1
106,0.45,-0.26,0.81,-8.69,-1.63,-0.54
107,0.46,-0.27,0.85,-7.94,-7.73,-3.85
108,0.51,-0.27,0.89,-7.1,-3.48,-3.94
109,0.5,-0.3,0.92,-5.45,5.26,-1.05
110,0.44,-0.32,0.93,-3.27,10.11,2.21
111,0.42,-0.3,0.88,-2.63,9.62,2.47
112,0.42,-0.3,0.85,-2.51,7.1,0.43
113,0.43,-0.3,0.84,-3.53,5.17,-2.03
114,0.42,-0.3,0.87,-3.93,4.73,-2.42
115,0.42,-0.31,0.88,-4.03,5.1,-2.27
116,0.41,-0.32,0.9,-3.44,5.56,-0.94
117,0.42,-0.32,0.89,-2.82,6.48,0.07
118,0.41,-0.31,0.89,-2.6,6.81,0.3
119,0.41,-0.31,0.87,-2.47,6.55,0.66
120,0.4,-0.3,0.88,-2.5,6.15,0.07
121,0.39,-0.3,0.88,-1.85,6.22,0.34
122,0.39,-0.3,0.88,-0.91,5.8,0.02
123,0.4,-0.3,0.88,-0.35,4.64,-0.37
124,0.41,-0.29,0.87,-0.08,4.6,-1.37
125,0.39,-0.29,0.89,0.28,5.73,-2.41
126,0.41,-0.28,0.87,0.47,3.71,-3.32
127,0.4,-0.29,0.88,1.19,3.17,-3.53
128,0.4,-0.29,0.87,0.81,4.44,-3.17
129,0.42,-0.31,0.87,1.45,0.72,-4.17
130,0.41,-0.28,0.87,-0.84,4.24,-2.55
131,0.41,-0.28,0.87,-0.81,5.24,-0.82
132,0.41,-0.29,0.86,-2.93,7.07,-1.66
133,0.41,-0.28,0.89,-1.21,7.99,0.43
134,0.44,-0.28,0.87,-0.95,9.18,1.09
135,0.42,-0.28,0.88,-0.61,9.95,1.6
136,0.43,-0.27,0.88,0.51,10.37,3.11
137,0.42,-0.28,0.87,0.2,11.82,3.44
138,0.41,-0.29,0.87,0.4,9.92,1.9
139,0.39,-0.27,0.87,0.08,11.99,2.11
140,0.4,-0.28,0.86,0.36,14.05,3.85
141,0.39,-0.27,0.87,0.34,14.6,4.48
142,0.38,-0.27,0.86,0.24,14.76,4.95
143,0.39,-0.27,0.87,-0.07,14.89,8.66
144,0.37,-0.27,0.86,0.63,15.29,12.26
145,0.36,-0.28,0.87,1.11,14.25,13.96
146,0.36,-0.28,0.88,1.51,16.31,15.47
147,0.38,-0.27,0.89,2.37,17.32,17.58
148,0.37,-0.26,0.89,4.08,18.47,19.63
149,0.36,-0.25,0.89,4.84,21.24,20.43
150,0.36,-0.25,0.88,6.12,21.99,18.57
151,0.36,-0.26,0.95,4.92,23.85,21.03
152,0.34,-0.22,0.89,8.65,26.11,17.74
153,0.35,-0.21,0.85,11.07,31.21,20.58
154,0.36,-0.2,0.86,9.98,37.79,23.53
155,0.36,-0.18,0.82,10.47,43.69,28.5
156,0.4,-0.16,0.81,9.13,54.18,40.97
157,0.36,-0.15,0.78,8.11,64.58,47.33
158,0.39,-0.13,0.76,5.92,73.63,52.88
159,0.42,-0.1,0.71,0.89,84.18,56.87
160,0.45,-0.08,0.68,-4.83,96.04,61.66
161,0.5,-0.05,0.63,-14.44,106.92,62.4
162,0.54,-0.03,0.58,-25.75,119.23,62.02
163,0.56,-0.03,0.56,-37.22,122.45,54.98
164,0.61,-0.05,0.55,-50.79,119.15,43.34
165,0.62,-0.1,0.6,-64.92,101.95,20.89
166,0.66,-0.18,0.69,-75.67,83.53,-1.08
167,0.63,-0.28,0.82,-80.81,60.5,-25.95
168,0.62,-0.39,0.97,-79.23,32.98,-49.1
169,0.62,-0.52,1.15,-71.46,12.17,-69.86
170,0.61,-0.62,1.37,-67.1,4.58,-82.39
171,0.67,-0.77,1.58,-58.6,21.01,-79.35
172,0.67,-0.87,1.76,-48.11,50.76,-73.01
173,0.64,-0.97,1.89,-33.05,84.88,-63.91
174,0.61,-1.06,1.98,-15.89,121.91,-53.95
175,0.56,-1.14,2.0,0.02,158.24,-43.29
176,0.43,-1.2,2.0,18.12,181.24,-39.11
177,0.28,-1.23,2.0,38.34,188.37,-45.69
178,0.18,-1.24,2.0,64.37,198.48,-47.76
179,0.05,-1.21,2.0,87.0,206.92,-53.53
180,-0.1,-1.2,2.0,108.81,219.94,-60.14
181,-0.27,-1.26,2.0,134.5,237.11,-59.12
182,-0.59,-1.29,1.95,157.47,250.13,-56.22
183,-0.87,-1.25,1.75,171.52,250.13,-39.1
184,-1.14,-1.21,1.46,178.28,250.13,1.15
185,-1.5,-1.12,1.12,164.02,250.13,46.26
186,-1.88,-1.0,0.82,156.66,250.13,93.14
187,-2.0,-0.95,0.63,148.28,226.02,116.54
188,-2.0,-0.89,0.61,145.6,149.39,105.03
189,-2.0,-0.87,0.73,152.34,99.73,95.46
190,-1.77,-0.87,0.83,163.63,97.79,108.25
191,-1.68,-0.83,0.75,180.65,119.91,137.96
192,-1.69,-0.79,0.6,192.0,128.66,168.92
193,-1.68,-0.76,0.35,202.92,124.77,197.27
194,-1.56,-0.72,0.09,202.66,114.71,216.68
195,-1.36,-0.64,-0.04,192.61,107.25,233.4
196,-1.17,-0.58,-0.14,178.89,107.26,250.13
197,-1.02,-0.54,-0.26,166.71,108.96,250.13
198,-0.9,-0.47,-0.29,151.39,103.85,250.13
199,-0.81,-0.42,-0.33,140.3,101.1,250.13
200,-0.76,-0.4,-0.41,127.44,89.89,250.13
201,-0.75,-0.37,-0.47,115.85,75.76,250.13
202,-0.7,-0.34,-0.57,102.88,55.26,250.13
203,-0.66,-0.31,-0.61,87.18,40.13,250.13
204,-0.6,-0.3,-0.63,69.44,22.27,250.13
205,-0.5,-0.29,-0.65,49.64,11.87,250.13
206,-0.35,-0.25,-0.62,27.34,8.4,250.13
207,-0.17,-0.22,-0.6,4.96,19.91,250.13
208,-0.0,-0.18,-0.55,-20.31,27.4,250.13
209,0.16,-0.13,-0.52,-44.26,44.73,250.13
210,0.27,-0.11,-0.48,-68.05,65.03,250.13
211,0.26,-0.07,-0.44,-88.66,63.85,250.13
212,0.34,-0.05,-0.41,-103.68,51.11,250.13
213,0.4,-0.06,-0.39,-116.49,28.95,250.13
214,0.44,-0.08,-0.35,-125.05,-4.96,250.13
215,0.53,-0.16,-0.31,-129.37,-43.44,233.92
216,0.59,-0.23,-0.2,-131.87,-73.56,207.82
217,0.63,-0.28,-0.16,-134.47,-87.24,194.11
218,0.63,-0.29,-0.11,-144.36,-95.77,181.17
219,0.69,-0.26,-0.04,-157.5,-98.66,171.95
220,0.74,-0.25,0.06,-170.06,-94.31,164.82
221,0.78,-0.25,0.17,-178.88,-84.11,161.31
222,0.75,-0.31,0.27,-185.31,-63.82,163.84
223,0.7,-0.33,0.3,-194.06,-60.38,169.5
224,0.89,-0.34,0.37,-203.67,-58.12,159.67
225,0.99,-0.32,0.49,-208.7,-57.69,149.56
226,1.07,-0.33,0.57,-209.11,-61.28,136.76
227,1.12,-0.34,0.67,-207.63,-66.72,123.34
228,1.16,-0.39,0.76,-203.66,-69.09,106.92
229,1.14,-0.42,0.85,-194.58,-64.61,99.86
230,1.1,-0.46,0.88,-188.67,-59.14,90.42
231,1.09,-0.44,0.92,-182.5,-54.89,80.69
232,1.1,-0.39,0.93,-176.44,-51.04,71.01
233,1.05,-0.39,0.92,-169.41,-51.73,62.95
234,1.02,-0.39,0.89,-167.16,-65.46,49.55
235,1.03,-0.42,0.89,-166.4,-74.73,39.53
236,1.05,-0.47,0.9,-167.4,-81.23,31.92
237,1.09,-0.51,0.95,-167.87,-83.12,26.31
238,1.14,-0.51,1.03,-167.92,-80.17,19.4
239,1.16,-0.48,1.01,-168.15,-68.2,12.37
240,1.11,-0.51,1.02,-170.5,-63.11,6.22
241,1.06,-0.54,1.03,-174.8,-63.37,-2.21
242,1.08,-0.6,1.11,-174.63,-63.43,-9.34
243,1.08,-0.69,1.23,-165.9,-57.79,-12.52
244,1.1,-0.76,1.28,-153.75,-53.72,-16.4
245,1.1,-0.8,1.27,-143.37,-51.55,-23.94
246,1.07,-0.84,1.33,-124.71,-61.05,-35.33
247,1.1,-0.79,1.26,-113.91,-66.1,-47.91
248,1.11,-0.73,1.21,-108.02,-69.09,-62.45
249,1.11,-0.63,1.23,-103.11,-54.72,-67.97
250,1.03,-0.58,1.24,-96.47,-31.94,-64.52
251,0.95,-0.54,1.15,-96.46,-17.19,-67.29
252,0.88,-0.51,1.14,-96.14,-5.29,-67.48
253,0.87,-0.51,1.04,-99.79,8.71,-63.06
254,0.76,-0.6,1.01,-105.33,19.43,-57.99
255,0.71,-0.63,1.17,-94.63,9.7,-59.18
256,0.85,-0.57,1.09,-90.27,10.65,-65.44
257,0.86,-0.54,1.14,-82.29,9.99,-84.99
258,0.75,-0.4,1.1,-79.9,3.1,-84.27
259,0.7,-0.44,1.11,-67.82,-0.95,-93.98
260,0.72,-0.37,0.99,-67.32,-4.57,-103.5
261,0.6,-0.46,1.05,-69.51,-7.94,-108.21
262,0.54,-0.51,1.05,-66.95,-6.14,-106.31
263,0.49,-0.56,1.06,-63.35,-0.5,-98.92
264,0.5,-0.57,1.09,-63.73,-1.86,-98.88
265,0.53,-0.53,1.06,-63.44,10.75,-94.32
266,0.48,-0.55,1.12,-60.15,24.87,-85.5
267,0.46,-0.53,1.11,-55.89,30.6,-80.81
268,0.48,-0.49,1.07,-52.6,37.69,-76.64
269,0.48,-0.47,1.0,-52.08,42.95,-71.72
270,0.49,-0.43,0.98,-45.58,47.07,-69.68
271,0.51,-0.38,0.97,-45.48,54.01,-67.07
272,0.5,-0.36,0.94,-45.05,55.2,-66.63
273,0.53,-0.3,0.9,-41.5,50.37,-70.72
274,0.55,-0.26,0.9,-42.87,49.9,-77.12
275,0.55,-0.25,0.9,-41.27,52.4,-78.78
276,0.52,-0.28,0.91,-42.69,54.6,-80.57
277,0.46,-0.31,0.96,-41.89,53.56,-82.95
278,0.39,-0.33,0.95,-40.3,53.13,-80.48
279,0.37,-0.37,0.97,-37.23,48.4,-79.62
280,0.4,-0.37,0.98,-32.41,45.73,-75.95
281,0.44,-0.35,0.96,-28.63,45.65,-74.31
282,0.48,-0.31,0.91,-28.66,42.3,-78.5
283,0.49,-0.26,0.91,-27.46,39.13,-82.86
284,0.48,-0.21,0.91,-26.86,39.43,-86.49
285,0.48,-0.16,0.87,-28.26,43.73,-89.45
286,0.43,-0.14,0.88,-29.35,45.9,-85.08
287,0.36,-0.15,0.87,-32.95,43.99,-84.63
288,0.3,-0.16,0.91,-33.79,36.33,-82.7
289,0.3,-0.16,0.91,-35.18,31.45,-80.1
290,0.31,-0.19,0.94,-36.23,26.09,-77.57
291,0.32,-0.22,0.97,-36.63,23.09,-72.18
292,0.34,-0.26,0.99,-37.85,24.9,-66.44
293,0.36,-0.3,1.02,-36.8,29.59,-60.11
294,0.38,-0.33,1.04,-34.33,32.37,-56.46
295,0.4,-0.35,1.05,-30.45,34.05,-55.19
296,0.38,-0.36,1.03,-24.64,34.02,-54.84
297,0.37,-0.36,1.0,-20.3,29.68,-57.16
298,0.38,-0.35,0.98,-16.35,28.79,-57.82
299,0.38,-0.33,0.97,-13.92,32.65,-55.56
300,0.28,-0.31,0.98,-16.11,28.46,-59.17
301,0.42,-0.32,0.91,-16.51,34.85,-59.11
302,0.35,-0.34,0.97,-18.98,53.3,-46.16
303,0.3,-0.34,0.96,-18.17,54.44,-42.92
304,0.31,-0.32,0.95,-16.5,56.9,-39.46
305,0.33,-0.29,0.92,-14.68,51.94,-40.77
306,0.34,-0.27,0.91,-12.3,47.72,-42.8
307,0.3,-0.26,0.91,-11.11,41.84,-45.5
308,0.3,-0.27,0.92,-6.83,29.39,-49.5
309,0.32,-0.25,0.89,-6.11,28.42,-49.25
310,0.3,-0.25,0.9,-6.35,26.46,-47.24
311,0.32,-0.25,0.91,-8.13,27.69,-44.66
312,0.28,-0.24,0.91,-10.24,28.02,-41.18
313,0.33,-0.25,0.9,-11.4,27.56,-40.78
314,0.33,-0.27,0.94,-12.76,28.83,-38.93
315,0.35,-0.27,0.95,-11.73,29.05,-37.44
316,0.36,-0.29,0.95,-10.28,32.24,-35.98
317,0.37,-0.29,0.95,-8.63,33.06,-36.44
318,0.39,-0.28,0.94,-6.85,36.23,-35.42
319,0.38,-0.28,0.92,-6.14,37.47,-35.44
320,0.37,-0.27,0.92,-5.11,37.38,-36.55
321,0.35,-0.27,0.94,-4.45,38.68,-37.16
322,0.33,-0.26,0.92,-2.85,37.98,-35.34
323,0.28,-0.26,0.89,-2.19,36.76,-34.56
324,0.28,-0.25,0.87,-3.73,33.95,-34.34
325,0.28,-0.24,0.87,-4.29,32.9,-33.08
326,0.28,-0.25,0.88,-4.68,30.79,-32.39
327,0.29,-0.24,0.9,-5.6,29.06,-32.45
328,0.3,-0.24,0.91,-6.12,26.05,-33.53
329,0.31,-0.24,0.91,-5.42,23.95,-34.05
330,0.33,-0.24,0.93,-4.73,23.48,-34.8
331,0.33,-0.24,0.94,-4.18,24.89,-34.02
332,0.34,-0.25,0.94,-3.69,28.89,-32.72
333,0.3,-0.25,0.93,-2.44,27.95,-32.58
334,0.26,-0.26,0.91,-0.64,26.24,-32.1
335,0.27,-0.24,0.92,-1.15,22.84,-31.5
336,0.27,-0.23,0.92,-1.34,21.55,-30.76
337,0.27,-0.22,0.91,-1.54,17.92,-30.76
338,0.29,-0.21,0.9,-2.94,18.47,-28.87
339,0.28,-0.21,0.93,-4.08,19.02,-27.95
340,0.3,-0.2,0.92,-4.54,18.76,-27.91
341,0.3,-0.2,0.92,-4.66,17.14,-28.08
342,0.31,-0.2,0.92,-4.78,15.72,-29.7
343,0.3,-0.2,0.93,-4.27,13.76,-30.62
344,0.29,-0.21,0.92,-3.47,13.82,-32.67
345,0.3,-0.21,0.94,-2.61,13.37,-31.54
346,0.28,-0.22,0.95,-2.05,13.89,-31.18
347,0.28,-0.21,0.95,-1.07,14.12,-30.02
348,0.29,-0.21,0.94,0.08,15.29,-29.16
349,0.3,-0.19,0.94,0.8,14.92,-28.21
350,0.3,-0.19,0.94,0.71,14.7,-27.52
351,0.29,-0.18,0.94,-0.07,14.46,-27.39
352,0.29,-0.17,0.9,-1.18,11.31,-31.69
353,0.34,-0.19,0.93,-1.29,16.11,-30.63
354,0.31,-0.2,0.95,-0.25,17.58,-31.06
355,0.27,-0.2,0.95,1.39,16.82,-34.05
356,0.24,-0.22,0.93,2.8,17.44,-33.33
357,0.2,-0.21,0.92,1.98,18.39,-31.24
358,0.19,-0.21,0.92,1.17,18.63,-28.6
359,0.17,-0.21,0.92,-0.34,18.52,-25.18
360,0.16,-0.2,0.93,-1.72,17.66,-23.08
361,0.17,-0.21,0.95,-0.47,17.74,-18.9
362,0.16,-0.22,0.96,-0.18,15.94,-16.52
363,0.16,-0.2,0.96,0.12,14.76,-15.69
364,0.18,-0.2,0.96,0.97,13.95,-16.12
365,0.18,-0.2,0.95,2.01,12.56,-17.41
366,0.2,-0.18,0.95,2.4,11.2,-19.34
367,0.21,-0.17,0.96,2.82,10.85,-19.4
368,0.23,-0.17,0.96,3.12,11.59,-20.02
369,0.23,-0.16,0.97,3.37,11.34,-20.39
370,0.23,-0.16,0.97,3.73,11.1,-19.97
371,0.23,-0.17,0.97,4.26,10.65,-20.24
372,0.24,-0.17,0.97,4.62,10.5,-20.08
373,0.24,-0.16,0.97,4.69,12.04,-19.81
374,0.24,-0.17,0.97,5.03,13.6,-19.6
375,0.22,-0.18,0.96,6.01,13.6,-19.85
376,0.2,-0.18,0.95,6.47,12.7,-19.59
377,0.18,-0.18,0.94,6.18,11.69,-19.46
378,0.15,-0.17,0.93,5.42,10.26,-16.96
379,0.17,-0.16,0.92,3.97,9.71,-16.8
380,0.21,-0.15,0.95,1.97,8.79,-16.24
381,0.22,-0.15,0.97,1.81,7.92,-17.16
382,0.22,-0.15,0.97,3.12,9.86,-16.56
383,0.21,-0.15,0.98,4.19,10.34,-16.65
384,0.21,-0.14,0.96,4.86,10.78,-16.88
385,0.18,-0.14,0.95,5.24,10.95,-15.29
386,0.17,-0.13,0.94,4.27,10.44,-14.89
387,0.18,-0.13,0.94,3.06,10.27,-14.17
388,0.16,-0.14,0.94,3.26,8.95,-13.4
389,0.17,-0.12,0.92,2.56,6.98,-14.35
390,0.18,-0.12,0.95,1.93,7.92,-13.52
391,0.2,-0.11,0.95,1.57,5.92,-14.33
392,0.23,-0.1,0.97,0.3,5.92,-15.18
393,0.25,-0.1,0.97,1.02,7.33,-14.95
394,0.25,-0.11,0.96,1.42,7.42,-15.89
395,0.24,-0.11,0.95,1.48,7.59,-16.36
396,0.23,-0.11,0.95,1.57,7.69,-16.45
397,0.23,-0.1,0.93,-0.03,5.77,-17.18
398,0.23,-0.1,0.94,-0.53,5.85,-16.92
399,0.24,-0.1,0.95,-1.88,6.19,-17.11
