,accel_x,accel_y,accel_z,gyro_x,gyro_y,gyro_z
0,0.32,-0.19,0.91,17.41,-0.45,-7.19
1,0.33,-0.18,0.89,16.67,-0.99,-6.51
2,0.35,-0.18,0.9,15.41,0.02,-4.83
3,0.35,-0.18,0.9,13.93,0.76,-4.15
4,0.35,-0.16,0.89,13.08,0.73,-5.57
5,0.34,-0.17,0.9,12.61,0.3,-6.18
6,0.34,-0.17,0.9,12.44,-0.51,-6.63
7,0.34,-0.16,0.9,11.66,-0.57,-7.48
8,0.33,-0.16,0.9,11.33,-0.91,-6.79
9,0.35,-0.15,0.9,9.92,-0.87,-5.86
10,0.35,-0.14,0.89,7.94,0.22,-4.98
11,0.35,-0.15,0.9,6.57,1.6,-3.61
12,0.34,-0.16,0.91,6.05,1.6,-2.73
13,0.34,-0.16,0.91,5.76,1.57,-2.06
14,0.34,-0.17,0.9,5.72,2.79,-1.33
15,0.33,-0.16,0.9,4.9,2.32,-1.98
16,0.33,-0.16,0.91,4.15,1.35,-2.27
17,0.34,-0.15,0.91,3.4,1.21,-1.4
18,0.35,-0.16,0.91,2.04,1.35,-1.67
19,0.36,-0.16,0.93,1.27,1.58,-1.57
20,0.37,-0.15,0.93,1.39,2.19,-1.62
21,0.37,-0.16,0.93,1.69,2.97,-0.48
22,0.34,-0.16,0.91,1.09,2.56,-1.53
23,0.34,-0.16,0.92,0.26,1.57,-1.74
24,0.33,-0.16,0.93,-0.02,1.74,-1.0
25,0.34,-0.17,0.92,-0.05,1.29,-0.41
26,0.35,-0.16,0.94,-0.27,2.25,0.66
27,0.34,-0.15,0.92,-0.68,3.11,1.43
28,0.35,-0.15,0.92,-1.32,4.16,1.01
29,0.35,-0.13,0.93,-3.05,7.01,0.25
30,0.34,-0.13,0.9,-5.24,4.57,-2.3
31,0.32,-0.14,0.9,-5.33,3.58,-1.6
32,0.33,-0.13,0.9,-6.24,2.73,-0.01
33,0.34,-0.14,0.92,-8.24,4.27,0.4
34,0.33,-0.14,0.92,-9.3,3.2,0.37
35,0.32,-0.16,0.92,-9.1,4.71,1.86
36,0.34,-0.16,0.91,-9.49,3.54,1.98
37,0.34,-0.17,0.93,-9.28,4.74,3.31
38,0.32,-0.17,0.92,-8.98,5.53,4.18
39,0.31,-0.19,0.92,-9.42,3.18,1.98
40,0.28,-0.19,0.94,-9.67,2.57,0.15
41,0.31,-0.19,0.94,-9.34,1.05,2.13
42,0.29,-0.2,0.93,-9.89,2.33,2.52
43,0.3,-0.2,0.94,-10.21,0.24,1.96
44,0.31,-0.2,0.95,-9.06,-1.18,1.34
45,0.3,-0.21,0.97,-7.11,-0.98,2.49
46,0.3,-0.21,0.96,-5.92,-1.53,2.1
47,0.31,-0.2,0.96,-5.44,-0.64,2.26
48,0.3,-0.21,0.95,-4.64,-0.11,2.94
49,0.29,-0.21,0.94,-3.66,-0.89,3.05
50,0.3,-0.2,0.94,-3.97,-3.27,1.12
51,0.31,-0.21,0.95,-3.8,-4.95,-1.73
52,0.33,-0.2,0.96,-2.6,-5.01,-2.32
53,0.34,-0.2,0.95,-1.24,-3.34,-1.38
54,0.33,-0.2,0.95,-0.63,-3.31,-0.08
55,0.34,-0.18,0.93,-0.36,-2.54,0.13
56,0.34,-0.17,0.93,-0.15,-1.66,0.44
57,0.33,-0.17,0.92,-0.27,-1.76,0.56
58,0.32,-0.17,0.91,-1.02,-2.56,-0.3
59,0.33,-0.16,0.9,-1.27,-3.36,-1.02
60,0.34,-0.17,0.91,-1.87,-2.28,-0.47
61,0.34,-0.18,0.91,-1.92,-1.57,0.51
62,0.33,-0.17,0.91,-3.13,-2.32,-0.08
63,0.33,-0.17,0.91,-4.28,-2.85,-1.47
64,0.34,-0.18,0.92,-4.93,-2.44,-1.05
65,0.33,-0.18,0.92,-5.11,-2.91,-0.98
66,0.34,-0.19,0.93,-5.27,-4.08,-2.44
67,0.34,-0.19,0.94,-4.76,-3.43,-2.36
68,0.33,-0.2,0.95,-4.37,-3.22,-2.47
69,0.32,-0.19,0.94,-3.98,-4.62,-3.02
70,0.33,-0.19,0.94,-3.85,-3.64,-3.06
71,0.32,-0.2,0.94,-3.56,-3.27,-3.08
72,0.32,-0.2,0.94,-2.79,-4.42,-2.79
73,0.34,-0.19,0.93,-3.47,-4.23,-3.39
74,0.34,-0.19,0.94,-3.89,-3.37,-3.55
75,0.35,-0.19,0.94,-3.44,-3.18,-3.55
76,0.35,-0.19,0.94,-3.19,-3.29,-3.65
77,0.34,-0.19,0.93,-3.52,-3.56,-3.9
78,0.36,-0.19,0.94,-3.32,-2.73,-3.02
79,0.35,-0.2,0.94,-3.49,-1.51,-2.79
80,0.35,-0.2,0.94,-3.47,-0.76,-2.06
81,0.35,-0.2,0.94,-3.28,-0.56,-2.2
82,0.34,-0.2,0.93,-3.11,0.12,-1.82
83,0.33,-0.18,0.93,-3.17,-0.12,-1.65
84,0.34,-0.19,0.93,-3.08,-0.25,-0.82
85,0.33,-0.19,0.92,-3.37,0.74,-0.87
86,0.34,-0.19,0.92,-3.6,0.57,-0.64
87,0.34,-0.19,0.92,-3.69,0.63,-0.08
88,0.34,-0.19,0.91,-3.6,0.48,-0.84
89,0.33,-0.2,0.93,-3.65,-0.7,-2.72
90,0.34,-0.2,0.94,-3.03,-1.69,-3.73
91,0.34,-0.2,0.94,-2.12,-0.99,-3.15
92,0.34,-0.19,0.94,-2.21,0.6,-2.31
93,0.33,-0.19,0.92,-1.94,1.17,-0.97
94,0.32,-0.18,0.92,-2.27,0.82,-1.44
95,0.32,-0.18,0.92,-3.12,-0.14,-1.63
96,0.32,-0.18,0.93,-3.7,-0.07,-1.81
97,0.32,-0.19,0.92,-3.29,-0.34,-1.92
98,0.32,-0.19,0.92,-3.42,-0.5,-2.07
99,0.32,-0.19,0.91,-3.52,-1.08,-1.96
100,0.31,-0.19,0.91,-3.36,-1.37,-2.1
101,0.31,-0.18,0.92,-3.79,-0.6,-1.08
102,0.31,-0.2,0.91,-3.81,-0.5,0.12
103,0.31,-0.21,0.85,-3.76,2.51,0.64
104,0.34,-0.18,0.91,-4.38,-1.09,2.56
105,0.33,-0.19,0.92,-6.36,-2.0,-0.51
106,0.33,-0.19,0.93,-5.21,-2.17,0.41
107,0.34,-0.19,0.93,-5.11,-3.01,0.35
108,0.33,-0.2,0.93,-4.88,-3.08,-0.72
109,0.34,-0.2,0.95,-4.92,-3.34,-1.64
110,0.35,-0.2,0.94,-4.47,-2.05,-1.24
111,0.35,-0.21,0.95,-4.08,-1.07,-0.81
112,0.34,-0.2,0.95,-3.08,-1.35,-1.16
113,0.34,-0.2,0.93,-2.92,-1.1,-0.92
114,0.33,-0.2,0.93,-2.91,-1.7,-1.12
115,0.34,-0.19,0.92,-2.98,-1.02,-0.71
116,0.34,-0.19,0.92,-3.39,-0.97,-0.37
117,0.35,-0.18,0.91,-3.89,-0.3,-0.44
118,0.35,-0.17,0.92,-4.34,-0.21,-0.59
119,0.35,-0.19,0.91,-4.4,-0.27,-0.63
120,0.34,-0.18,0.92,-4.51,-1.23,-1.62
121,0.35,-0.17,0.91,-4.85,-0.89,-1.37
122,0.35,-0.18,0.91,-5.22,-0.82,-2.12
123,0.34,-0.18,0.91,-5.76,-2.05,-2.73
124,0.34,-0.19,0.91,-6.0,-2.22,-3.68
125,0.34,-0.19,0.93,-5.88,-1.5,-3.1
126,0.33,-0.2,0.92,-6.15,-1.1,-2.95
127,0.34,-0.19,0.92,-6.19,-0.47,-2.22
128,0.34,-0.19,0.92,-6.47,0.45,-1.95
129,0.33,-0.18,0.91,-6.74,0.86,-2.15
130,0.33,-0.18,0.91,-7.11,-0.11,-3.24
131,0.33,-0.17,0.9,-7.22,-0.13,-2.75
132,0.33,-0.17,0.9,-7.82,-0.17,-2.5
133,0.33,-0.17,0.89,-8.33,0.08,-1.76
134,0.33,-0.16,0.89,-9.4,-0.06,-0.97
135,0.33,-0.15,0.87,-11.69,0.56,-0.62
136,0.34,-0.16,0.87,-13.36,0.47,0.01
137,0.34,-0.17,0.87,-15.59,-0.95,-2.18
138,0.35,-0.18,0.89,-16.6,-3.08,-3.6
139,0.36,-0.19,0.91,-16.39,-3.34,-4.21
140,0.37,-0.19,0.9,-16.4,-2.75,-4.0
141,0.38,-0.19,0.91,-17.13,-1.42,-2.11
142,0.38,-0.18,0.91,-18.11,-0.32,-1.75
143,0.39,-0.17,0.9,-19.81,1.0,-1.11
144,0.4,-0.15,0.89,-22.97,2.86,-0.6
145,0.41,-0.12,0.89,-27.66,5.53,1.12
146,0.44,-0.1,0.89,-32.5,9.49,5.32
147,0.45,-0.1,0.88,-38.64,13.76,9.71
148,0.48,-0.11,0.83,-45.17,18.18,13.93
149,0.49,-0.12,0.77,-54.57,20.07,15.27
150,0.48,-0.19,0.69,-63.71,17.47,15.63
151,0.47,-0.22,0.76,-75.45,9.9,8.67
152,0.41,-0.36,0.86,-81.64,-11.77,-16.12
153,0.41,-0.47,1.05,-72.37,-41.92,-34.43
154,0.51,-0.47,1.19,-63.66,-53.15,-43.5
155,0.68,-0.47,1.24,-50.6,-32.56,-29.06
156,0.71,-0.48,1.28,-39.9,-17.46,-23.15
157,0.76,-0.45,1.3,-31.8,-2.4,-18.88
158,0.8,-0.41,1.27,-25.48,17.25,-14.53
159,0.82,-0.39,1.27,-22.0,32.38,-10.23
160,0.8,-0.38,1.25,-21.67,44.02,-5.42
161,0.77,-0.36,1.24,-25.97,52.31,-5.96
162,0.75,-0.34,1.28,-34.92,56.16,-11.17
163,0.76,-0.39,1.4,-42.8,60.4,-20.06
164,0.77,-0.48,1.56,-41.11,70.54,-25.02
165,0.79,-0.58,1.7,-36.38,76.52,-32.29
166,0.81,-0.7,1.79,-21.18,92.57,-30.44
167,0.7,-0.8,1.87,-11.29,104.2,-36.62
168,0.65,-0.95,1.91,10.32,118.25,-37.75
169,0.53,-1.02,1.9,32.67,128.21,-44.7
170,0.41,-1.12,1.9,52.31,138.21,-51.13
171,0.27,-1.2,1.88,69.44,153.58,-56.04
172,0.13,-1.3,1.82,88.74,175.88,-47.14
173,-0.06,-1.37,1.71,107.73,196.39,-29.78
174,-0.28,-1.37,1.56,119.02,204.88,-15.0
175,-0.44,-1.32,1.46,124.72,211.42,8.63
176,-0.57,-1.27,1.35,125.65,220.28,36.17
177,-0.65,-1.22,1.3,129.01,221.65,57.85
178,-0.73,-1.11,1.21,130.46,211.31,65.11
179,-0.72,-1.03,1.17,136.05,195.08,71.18
180,-0.83,-1.03,1.08,150.37,163.87,60.42
181,-0.82,-1.01,1.06,159.57,135.5,47.43
182,-0.85,-1.09,1.07,173.47,123.4,44.02
183,-0.9,-1.13,1.08,187.89,122.67,49.6
184,-0.92,-1.15,1.01,202.82,137.33,75.0
185,-1.02,-1.14,0.85,216.14,149.16,107.27
186,-1.1,-1.1,0.68,225.57,155.22,136.46
187,-1.15,-1.05,0.51,235.09,152.06,167.14
188,-1.12,-0.98,0.33,243.6,140.93,192.54
189,-1.05,-0.83,0.14,244.66,126.73,207.18
190,-0.96,-0.64,-0.09,234.58,124.67,231.63
191,-0.88,-0.5,-0.25,223.12,119.44,250.13
192,-0.79,-0.39,-0.43,211.58,108.79,250.13
193,-0.7,-0.28,-0.58,200.5,91.76,250.13
194,-0.57,-0.18,-0.74,183.22,65.56,250.13
195,-0.36,-0.03,-0.92,166.15,42.83,250.13
196,-0.22,0.04,-1.07,144.15,30.02,250.13
197,-0.15,0.12,-1.18,115.59,18.22,250.13
198,-0.08,0.16,-1.16,88.4,3.76,239.63
199,-0.12,0.15,-1.16,65.39,-13.46,228.85
200,-0.12,0.12,-1.13,44.47,-32.37,218.89
201,-0.12,0.07,-1.05,29.79,-48.45,216.89
202,-0.16,0.04,-1.03,16.08,-71.05,217.75
203,-0.12,0.0,-0.98,0.08,-93.26,217.02
204,0.06,-0.04,-0.89,-13.89,-98.51,228.88
205,0.19,-0.06,-0.82,-27.57,-92.89,245.89
206,0.3,-0.05,-0.79,-43.27,-84.27,250.13
207,0.41,-0.03,-0.75,-62.05,-72.15,250.13
208,0.48,-0.05,-0.71,-80.21,-60.29,250.13
209,0.56,-0.01,-0.69,-101.05,-55.93,250.13
210,0.7,0.02,-0.62,-122.16,-47.1,250.13
211,0.8,0.05,-0.55,-142.05,-54.16,250.13
212,0.9,0.03,-0.52,-161.89,-48.31,250.13
213,0.84,-0.03,-0.41,-184.4,-42.52,250.13
214,0.79,-0.11,-0.33,-198.77,-60.47,241.84
215,0.86,-0.14,-0.2,-211.85,-88.75,219.27
216,1.0,-0.31,-0.09,-220.74,-115.34,193.42
217,1.21,-0.43,0.11,-222.76,-121.77,176.07
218,1.32,-0.51,0.27,-217.34,-111.15,167.96
219,1.34,-0.55,0.4,-210.56,-99.28,158.02
220,1.24,-0.62,0.46,-202.33,-77.6,169.35
221,1.08,-0.7,0.39,-197.44,-79.88,169.44
222,1.18,-0.71,0.32,-197.44,-98.16,156.27
223,1.28,-0.71,0.32,-201.98,-99.7,137.85
224,1.38,-0.74,0.41,-207.69,-105.41,125.26
225,1.43,-0.82,0.45,-210.86,-103.63,117.86
226,1.41,-0.94,0.57,-209.76,-123.18,107.82
227,1.6,-1.04,0.65,-206.47,-136.23,95.31
228,1.81,-1.07,0.77,-197.69,-124.91,93.4
229,1.9,-1.04,0.82,-187.26,-110.6,85.61
230,2.0,-0.94,0.82,-179.61,-98.15,67.34
231,2.0,-0.78,0.82,-176.93,-69.01,57.95
232,2.0,-0.77,0.8,-171.0,-49.57,48.5
233,1.87,-0.8,0.77,-165.82,-49.73,25.47
234,1.81,-0.81,0.79,-161.55,-44.93,6.48
235,1.67,-0.9,0.81,-150.67,-39.78,-1.98
236,1.57,-0.97,0.79,-142.85,-46.95,-11.44
237,1.6,-0.95,0.79,-142.0,-41.03,-21.73
238,1.61,-0.9,0.82,-142.3,-26.47,-23.0
239,1.52,-0.91,0.83,-141.7,-12.54,-25.59
240,1.39,-0.96,0.96,-148.86,-4.25,-29.68
241,1.26,-1.06,1.03,-131.79,-14.87,-43.69
242,1.38,-1.09,1.04,-122.18,-19.95,-58.82
243,1.42,-1.09,1.08,-117.66,-7.77,-72.18
244,1.37,-1.14,1.1,-107.23,20.64,-69.28
245,1.17,-1.08,1.15,-91.31,25.81,-78.83
246,1.12,-0.98,1.06,-78.53,32.1,-78.6
247,0.99,-0.9,0.95,-76.22,45.59,-75.47
248,0.86,-0.84,0.91,-72.05,38.68,-79.73
249,0.84,-0.76,0.87,-70.93,32.68,-85.87
250,0.74,-0.76,0.83,-67.11,28.33,-87.88
251,0.65,-0.71,0.84,-63.93,6.18,-90.61
252,0.78,-0.69,0.71,-61.24,9.36,-89.35
253,0.79,-0.67,0.78,-64.37,36.24,-68.11
254,0.74,-0.64,0.77,-63.85,41.5,-62.08
255,0.76,-0.5,0.7,-68.31,60.79,-51.27
256,0.67,-0.44,0.67,-71.88,63.45,-45.49
257,0.6,-0.39,0.63,-76.66,53.05,-49.57
258,0.63,-0.4,0.69,-79.98,41.52,-54.69
259,0.68,-0.44,0.74,-80.09,27.4,-62.18
260,0.76,-0.48,0.8,-79.19,17.05,-69.97
261,0.85,-0.53,0.85,-75.82,18.76,-72.43
262,0.92,-0.55,0.89,-70.13,27.25,-71.69
263,0.95,-0.55,0.9,-63.45,40.49,-71.06
264,0.96,-0.53,0.89,-54.95,56.24,-66.4
265,0.92,-0.48,0.82,-46.56,69.85,-64.17
266,0.85,-0.41,0.73,-40.09,73.9,-65.0
267,0.8,-0.31,0.63,-37.9,71.4,-70.05
268,0.79,-0.25,0.55,-41.83,69.37,-74.7
269,0.75,-0.22,0.5,-49.34,66.75,-77.25
270,0.73,-0.23,0.49,-59.47,60.05,-83.38
271,0.76,-0.26,0.54,-69.34,58.15,-87.43
272,0.77,-0.29,0.61,-73.83,59.71,-87.66
273,0.79,-0.36,0.65,-74.42,59.5,-90.38
274,0.77,-0.4,0.68,-73.11,60.18,-95.11
275,0.76,-0.41,0.7,-70.31,62.7,-92.89
276,0.7,-0.43,0.69,-69.75,63.41,-93.94
277,0.65,-0.43,0.7,-69.67,60.47,-95.82
278,0.65,-0.43,0.7,-70.32,60.21,-93.66
279,0.64,-0.42,0.71,-71.41,62.07,-91.12
280,0.64,-0.42,0.74,-72.29,62.8,-89.26
281,0.63,-0.43,0.77,-71.73,61.46,-87.88
282,0.61,-0.45,0.79,-69.91,59.94,-86.96
283,0.63,-0.46,0.83,-68.56,62.11,-84.38
284,0.61,-0.48,0.83,-66.57,66.05,-81.21
285,0.59,-0.5,0.83,-64.22,68.56,-80.33
286,0.59,-0.49,0.88,-60.5,63.66,-81.68
287,0.59,-0.51,0.91,-57.53,63.7,-83.18
288,0.56,-0.51,0.94,-50.57,63.35,-81.41
289,0.54,-0.51,0.93,-45.67,61.11,-82.99
290,0.53,-0.51,0.94,-40.05,60.21,-80.69
291,0.51,-0.51,0.94,-35.73,59.34,-78.27
292,0.49,-0.52,0.94,-31.49,57.71,-76.66
293,0.47,-0.51,0.94,-27.4,56.55,-74.22
294,0.46,-0.51,0.95,-22.46,54.79,-71.53
295,0.46,-0.48,0.93,-17.38,52.37,-68.86
296,0.48,-0.46,0.91,-14.37,52.96,-67.4
297,0.47,-0.45,0.9,-11.38,51.39,-66.85
298,0.46,-0.44,0.9,-8.13,50.15,-64.66
299,0.46,-0.42,0.88,-7.33,48.94,-63.47
300,0.48,-0.41,0.88,-6.56,50.83,-60.89
301,0.47,-0.41,0.87,-4.41,52.64,-58.79
302,0.45,-0.43,0.87,-1.3,53.63,-55.5
303,0.43,-0.41,0.86,1.06,52.21,-55.24
304,0.44,-0.4,0.85,3.43,51.68,-54.18
305,0.43,-0.38,0.85,6.76,49.36,-52.65
306,0.43,-0.39,0.85,10.12,48.51,-48.77
307,0.4,-0.38,0.84,12.52,44.89,-48.09
308,0.42,-0.37,0.83,14.74,42.5,-44.39
309,0.42,-0.35,0.83,15.69,42.56,-40.76
310,0.42,-0.34,0.83,17.15,40.47,-38.94
311,0.42,-0.33,0.83,18.63,38.17,-38.42
312,0.44,-0.31,0.85,20.52,35.45,-36.43
313,0.46,-0.28,0.83,21.15,34.75,-34.14
314,0.48,-0.27,0.84,21.2,34.85,-31.05
315,0.47,-0.25,0.84,22.4,33.45,-30.02
316,0.49,-0.24,0.83,23.18,34.15,-28.25
317,0.48,-0.22,0.83,23.56,32.65,-27.34
318,0.48,-0.21,0.84,22.52,31.08,-28.0
319,0.47,-0.2,0.85,22.7,29.69,-26.72
320,0.48,-0.2,0.85,23.02,28.93,-24.65
321,0.48,-0.19,0.85,23.59,29.06,-22.73
322,0.5,-0.17,0.85,23.26,29.08,-22.55
323,0.51,-0.16,0.86,22.69,30.79,-21.47
324,0.49,-0.16,0.87,24.02,31.73,-21.25
325,0.46,-0.15,0.86,26.16,32.17,-19.91
326,0.44,-0.14,0.83,28.52,31.69,-18.62
327,0.4,-0.13,0.82,29.06,30.4,-17.96
328,0.39,-0.11,0.79,28.97,29.42,-16.5
329,0.36,-0.09,0.77,27.6,27.86,-14.85
330,0.35,-0.06,0.75,25.24,25.93,-14.15
331,0.32,-0.07,0.75,23.71,22.26,-11.86
332,0.32,-0.04,0.74,22.45,19.02,-8.84
333,0.33,-0.03,0.72,18.96,17.09,-6.32
334,0.34,-0.03,0.71,15.5,13.56,-4.45
335,0.36,-0.02,0.73,12.05,9.55,-4.44
336,0.41,-0.02,0.73,7.93,7.34,-3.42
337,0.43,-0.03,0.76,5.44,6.8,-2.73
338,0.43,-0.04,0.78,4.19,4.05,-2.85
339,0.44,-0.04,0.8,2.8,2.76,-3.48
340,0.46,-0.05,0.82,2.48,2.73,-3.24
341,0.47,-0.06,0.84,2.62,3.6,-3.32
342,0.47,-0.07,0.85,2.53,5.84,-2.79
343,0.45,-0.07,0.84,3.24,6.51,-3.95
344,0.46,-0.04,0.86,3.5,5.28,-1.27
345,0.45,-0.04,0.86,3.44,6.14,-0.28
346,0.44,-0.04,0.86,2.05,4.47,-0.47
347,0.46,-0.03,0.87,0.46,3.49,-1.89
348,0.48,-0.02,0.89,-0.13,3.6,-2.31
349,0.48,-0.02,0.91,0.15,3.24,-3.51
350,0.49,-0.01,0.92,1.2,3.21,-3.45
351,0.48,-0.02,0.91,1.96,2.18,-1.76
352,0.47,-0.03,0.92,2.07,1.5,-2.23
353,0.47,-0.03,0.9,1.55,0.79,-3.4
354,0.48,-0.04,0.91,0.75,1.53,-3.81
355,0.46,-0.04,0.9,-0.44,-2.53,-7.73
356,0.45,-0.06,0.92,2.21,1.23,-4.9
357,0.5,-0.04,0.93,3.17,4.3,-2.06
358,0.5,-0.03,0.92,3.15,5.32,-2.58
359,0.49,-0.03,0.92,2.85,6.87,-2.57
360,0.48,-0.04,0.89,3.18,7.5,-3.76
361,0.46,-0.04,0.9,3.08,7.94,-4.27
362,0.44,-0.03,0.88,2.54,6.06,-4.95
363,0.42,-0.04,0.87,1.46,4.81,-5.6
364,0.42,-0.05,0.87,0.6,3.89,-4.69
365,0.44,-0.05,0.88,-0.63,2.92,-4.63
366,0.44,-0.06,0.88,-1.49,3.06,-3.31
367,0.45,-0.05,0.89,-1.68,2.87,-2.37
368,0.46,-0.05,0.9,-1.27,3.27,-2.87
369,0.46,-0.05,0.9,0.27,3.89,-1.96
370,0.46,-0.04,0.89,0.65,4.49,-2.67
371,0.46,-0.04,0.89,0.31,4.38,-2.92
372,0.45,-0.03,0.89,-0.18,4.29,-2.68
373,0.46,-0.03,0.89,-0.98,4.7,-2.31
374,0.48,-0.02,0.88,-1.6,6.5,-1.49
375,0.45,-0.02,0.88,-2.24,6.41,-0.79
376,0.47,-0.02,0.88,-3.69,5.42,-1.4
377,0.47,-0.03,0.91,-4.63,8.78,0.22
378,0.49,-0.03,0.9,-6.35,8.21,0.43
379,0.44,-0.05,0.92,-5.53,9.33,1.25
380,0.44,-0.05,0.91,-4.6,9.35,2.27
381,0.44,-0.06,0.92,-5.02,11.54,3.2
382,0.42,-0.06,0.9,-5.67,12.56,4.93
383,0.42,-0.05,0.89,-7.08,13.55,6.9
384,0.41,-0.07,0.88,-8.04,15.72,9.17
385,0.38,-0.08,0.88,-8.97,16.2,9.47
386,0.38,-0.07,0.89,-8.49,14.73,11.63
387,0.35,-0.08,0.9,-8.29,13.1,12.56
388,0.33,-0.08,0.87,-7.73,10.55,12.47
389,0.35,-0.08,0.88,-7.81,8.5,12.95
390,0.35,-0.09,0.88,-7.76,8.1,14.5
391,0.35,-0.08,0.86,-8.24,8.01,16.05
392,0.37,-0.08,0.86,-9.39,7.54,16.23
393,0.37,-0.09,0.86,-9.44,8.58,18.18
394,0.38,-0.09,0.86,-9.72,8.98,19.89
395,0.37,-0.09,0.85,-10.56,8.69,20.73
396,0.37,-0.09,0.84,-11.65,8.95,22.63
397,0.37,-0.09,0.84,-12.03,12.22,26.0
398,0.34,-0.09,0.85,-15.18,14.31,27.52
399,0.32,-0.1,0.84,-16.94,14.4,31.66
