,accel_x,accel_y,accel_z,gyro_x,gyro_y,gyro_z
0,0.12,-0.31,0.93,-0.73,-7.05,-3.44
1,0.13,-0.33,0.93,-1.62,-5.18,-2.89
2,0.12,-0.33,0.94,-2.4,-4.45,-2.15
3,0.13,-0.34,0.94,-2.67,-3.45,-1.35
4,0.13,-0.34,0.94,-1.98,-2.73,-1.48
5,0.13,-0.35,0.94,-1.51,-2.9,-1.48
6,0.14,-0.34,0.93,-0.8,-2.59,-2.38
7,0.13,-0.35,0.94,-0.11,-2.53,-2.85
8,0.13,-0.34,0.93,0.47,-2.71,-2.25
9,0.13,-0.34,0.93,0.06,-2.44,-1.05
10,0.13,-0.33,0.92,-0.82,-1.66,-0.53
11,0.14,-0.32,0.93,-1.54,-0.45,-0.02
12,0.14,-0.32,0.94,-1.64,-0.41,-0.13
13,0.16,-0.32,0.93,-1.76,-0.57,-1.45
14,0.16,-0.31,0.93,-1.8,-0.18,-3.48
15,0.14,-0.31,0.93,-2.23,-0.18,-4.67
16,0.12,-0.32,0.93,-2.18,-0.89,-4.42
17,0.14,-0.32,0.94,-2.61,-0.15,-3.55
18,0.15,-0.31,0.94,-3.4,2.2,-3.6
19,0.12,-0.32,0.93,-3.18,2.23,-3.66
20,0.1,-0.33,0.92,-2.51,0.11,-3.87
21,0.12,-0.32,0.93,-1.42,-2.61,-2.85
22,0.13,-0.31,0.94,-1.12,-1.92,-3.08
23,0.13,-0.31,0.93,-2.26,-0.94,-2.81
24,0.13,-0.32,0.93,-2.82,-0.92,-3.4
25,0.14,-0.32,0.95,-2.95,-0.75,-4.05
26,0.13,-0.32,0.94,-2.85,0.54,-4.47
27,0.11,-0.32,0.94,-2.08,0.08,-4.51
28,0.11,-0.32,0.94,-2.2,-0.77,-4.37
29,0.11,-0.32,0.94,-1.85,-0.69,-4.53
30,0.11,-0.31,0.94,-2.05,-0.53,-4.39
31,0.11,-0.32,0.94,-2.36,-0.62,-3.7
32,0.11,-0.33,0.93,-2.22,-1.32,-3.5
33,0.11,-0.33,0.94,-1.74,-2.72,-3.14
34,0.11,-0.33,0.94,-1.7,-2.44,-3.02
35,0.11,-0.33,0.94,-1.99,-2.07,-2.82
36,0.11,-0.34,0.94,-1.67,-2.08,-1.98
37,0.12,-0.33,0.94,-1.62,-1.45,-1.57
38,0.11,-0.33,0.94,-1.34,-1.2,-1.47
39,0.11,-0.34,0.94,-1.4,-2.15,-1.71
40,0.12,-0.33,0.94,-1.3,-2.3,-0.98
41,0.12,-0.33,0.95,-0.66,-1.41,-0.95
42,0.13,-0.33,0.95,-0.14,-1.38,-0.31
43,0.13,-0.32,0.93,0.33,-1.24,-0.03
44,0.13,-0.32,0.94,-0.14,-1.66,-0.91
45,0.13,-0.32,0.94,0.24,-1.89,-1.03
46,0.13,-0.31,0.94,0.69,-2.25,-1.02
47,0.15,-0.3,0.94,0.26,-1.32,-0.8
48,0.16,-0.29,0.94,-0.11,0.31,-0.92
49,0.15,-0.29,0.94,-0.14,1.21,-2.1
50,0.16,-0.3,0.94,0.12,1.11,-3.54
51,0.13,-0.3,0.92,0.5,-0.04,-5.27
52,0.13,-0.31,0.93,1.53,-0.61,-6.08
53,0.12,-0.31,0.93,1.47,-1.08,-5.98
54,0.12,-0.3,0.92,0.25,-0.9,-5.42
55,0.11,-0.31,0.91,-0.98,-0.75,-4.25
56,0.1,-0.31,0.91,-1.43,-0.76,-3.31
57,0.09,-0.32,0.91,-1.85,-1.49,-1.62
58,0.1,-0.32,0.92,-2.25,-1.87,-1.67
59,0.1,-0.33,0.93,-1.9,-2.34,-0.73
60,0.12,-0.31,0.93,-1.98,-1.54,-0.44
61,0.13,-0.31,0.92,-2.61,-1.3,-0.73
62,0.13,-0.3,0.92,-2.86,-0.91,-2.05
63,0.13,-0.31,0.93,-2.78,-0.91,-3.49
64,0.13,-0.31,0.94,-2.13,-0.85,-3.27
65,0.12,-0.31,0.94,-1.96,-1.32,-3.37
66,0.12,-0.31,0.93,-2.4,-1.49,-3.79
67,0.11,-0.32,0.93,-2.55,-1.79,-3.31
68,0.11,-0.32,0.94,-2.48,-2.49,-3.02
69,0.12,-0.32,0.94,-3.5,-1.87,-1.7
70,0.13,-0.31,0.94,-3.93,-1.24,-1.47
71,0.13,-0.33,0.95,-3.23,-1.11,-1.62
72,0.12,-0.32,0.96,-2.25,-1.5,-1.02
73,0.13,-0.32,0.95,-1.52,-1.95,-0.57
74,0.12,-0.31,0.94,-1.56,-1.54,-0.91
75,0.12,-0.31,0.95,-1.11,-2.3,-0.49
76,0.12,-0.31,0.94,-0.88,-2.73,-0.82
77,0.12,-0.3,0.95,-0.96,-2.55,-0.65
78,0.13,-0.3,0.94,-1.24,-2.47,-0.27
79,0.14,-0.29,0.94,-2.12,-2.24,-0.33
80,0.14,-0.3,0.95,-2.73,-1.42,-1.55
81,0.14,-0.31,0.96,-1.92,-1.85,-2.26
82,0.15,-0.32,0.96,-0.92,-1.59,-2.17
83,0.15,-0.32,0.96,-0.55,-0.84,-2.64
84,0.15,-0.33,0.96,0.21,0.55,-1.91
85,0.15,-0.31,0.96,0.56,1.79,-1.92
86,0.14,-0.31,0.95,0.08,1.38,-1.97
87,0.13,-0.31,0.94,0.06,0.86,-2.02
88,0.12,-0.31,0.95,0.4,0.95,-2.43
89,0.11,-0.3,0.94,0.82,0.76,-2.58
90,0.11,-0.3,0.93,0.44,0.15,-2.52
91,0.11,-0.31,0.92,-0.31,-0.61,-2.49
92,0.1,-0.31,0.93,-0.81,-1.43,-2.7
93,0.11,-0.32,0.94,-0.66,-2.08,-2.29
94,0.11,-0.32,0.96,0.08,-1.94,-1.63
95,0.13,-0.31,0.95,0.53,-1.3,-0.4
96,0.13,-0.31,0.95,0.63,-0.77,-0.11
97,0.13,-0.31,0.94,0.76,-0.73,-0.5
98,0.12,-0.31,0.95,1.11,-0.69,-0.28
99,0.13,-0.3,0.94,1.24,-1.33,-0.13
100,0.13,-0.3,0.93,0.83,-1.05,-0.44
101,0.13,-0.3,0.93,0.41,-0.92,-0.66
102,0.13,-0.29,0.94,0.24,-0.76,-0.31
103,0.14,-0.29,0.94,0.0,-0.22,0.22
104,0.14,-0.29,0.94,0.16,0.14,0.44
105,0.13,-0.29,0.94,0.69,-0.18,0.48
106,0.13,-0.3,0.94,1.53,0.03,0.46
107,0.12,-0.3,0.92,2.27,-0.11,0.84
108,0.12,-0.29,0.9,3.3,-0.36,2.66
109,0.1,-0.28,0.87,3.25,-1.35,3.97
110,0.1,-0.26,0.85,2.0,-1.74,5.24
111,0.09,-0.26,0.83,0.41,-2.76,5.23
112,0.1,-0.26,0.81,-0.4,-4.31,5.58
113,0.11,-0.26,0.77,-1.05,-6.31,6.65
114,0.12,-0.28,0.73,-2.46,-9.33,7.17
115,0.12,-0.29,0.68,-3.02,-9.52,9.45
116,0.12,-0.31,0.62,-5.11,-14.37,8.3
117,0.15,-0.34,0.57,-7.22,-18.01,7.77
118,0.15,-0.38,0.51,-7.52,-23.59,6.44
119,0.16,-0.43,0.48,-5.79,-31.08,7.59
120,0.28,-0.44,0.43,-6.56,-40.66,18.34
121,0.31,-0.38,0.42,-9.56,-43.05,21.2
122,0.45,-0.37,0.37,-13.29,-35.66,27.98
123,0.57,-0.31,0.34,-23.77,-30.25,37.74
124,0.71,-0.26,0.32,-37.13,-21.67,46.89
125,0.83,-0.25,0.3,-49.89,-13.93,44.01
126,0.93,-0.18,0.26,-71.02,-4.5,29.92
127,1.07,-0.2,0.32,-88.5,4.32,12.38
128,1.16,-0.25,0.43,-98.3,9.56,-13.29
129,1.31,-0.28,0.49,-106.68,24.49,-35.23
130,1.43,-0.3,0.65,-108.11,30.32,-59.01
131,1.51,-0.34,0.75,-108.64,43.88,-75.37
132,1.43,-0.34,0.87,-110.71,54.27,-97.47
133,1.37,-0.33,1.05,-116.05,63.64,-117.47
134,1.33,-0.31,1.26,-128.51,87.82,-131.27
135,1.36,-0.24,1.39,-146.47,128.65,-132.73
136,1.24,-0.33,1.57,-157.22,167.19,-133.89
137,1.02,-0.53,1.7,-153.83,193.79,-142.56
138,0.84,-0.76,1.86,-132.04,221.08,-145.28
139,0.58,-0.95,1.9,-97.92,224.08,-142.44
140,0.32,-1.09,1.87,-58.99,207.78,-157.64
141,0.08,-1.19,1.85,-36.95,178.84,-201.37
142,-0.03,-1.27,1.96,-21.05,168.95,-222.07
143,-0.24,-1.36,2.0,-4.95,175.4,-208.63
144,-0.41,-1.4,2.0,19.22,177.83,-182.72
145,-0.52,-1.34,1.89,33.05,182.27,-162.85
146,-0.67,-1.28,1.7,36.31,196.13,-139.05
147,-0.86,-1.31,1.54,42.34,186.11,-126.1
148,-0.94,-1.38,1.3,38.26,171.16,-126.24
149,-1.08,-1.48,1.38,44.35,156.88,-122.47
150,-1.28,-1.8,1.33,67.73,153.42,-123.29
151,-1.3,-1.89,1.49,80.13,141.31,-109.71
152,-1.4,-2.0,1.53,114.69,132.36,-74.02
153,-1.27,-2.0,1.45,148.52,136.58,-26.76
154,-1.17,-1.88,1.25,173.64,154.02,16.4
155,-1.12,-1.7,1.0,191.27,173.63,54.53
156,-1.18,-1.51,0.85,203.47,170.18,87.94
157,-1.26,-1.31,0.51,210.82,172.34,101.64
158,-1.3,-1.18,0.3,214.05,155.85,114.05
159,-1.25,-1.01,0.18,215.42,140.69,117.42
160,-1.23,-0.88,0.07,213.14,126.02,126.25
161,-1.16,-0.75,-0.04,200.83,112.53,131.15
162,-1.04,-0.65,-0.09,184.31,101.6,136.03
163,-0.98,-0.59,-0.1,168.56,93.84,141.79
164,-0.94,-0.57,-0.14,154.84,89.79,145.18
165,-0.9,-0.57,-0.14,147.84,82.09,152.72
166,-0.9,-0.57,-0.19,142.17,69.91,158.37
167,-0.87,-0.57,-0.25,138.64,52.6,163.55
168,-0.85,-0.58,-0.34,135.38,36.94,168.27
169,-0.85,-0.54,-0.39,129.31,14.11,175.72
170,-0.84,-0.54,-0.47,123.02,-7.53,180.08
171,-0.83,-0.5,-0.52,111.69,-32.05,191.72
172,-0.71,-0.47,-0.48,90.53,-49.17,204.03
173,-0.69,-0.44,-0.5,80.13,-74.56,219.28
174,-0.57,-0.42,-0.55,68.82,-95.73,226.86
175,-0.45,-0.35,-0.56,52.12,-113.75,239.18
176,-0.28,-0.33,-0.51,34.66,-131.4,250.13
177,-0.05,-0.32,-0.48,12.74,-140.4,250.13
178,0.19,-0.27,-0.48,-9.02,-142.97,250.13
179,0.44,-0.21,-0.46,-30.11,-142.83,250.13
180,0.62,-0.19,-0.44,-55.66,-135.2,249.98
181,0.73,-0.25,-0.36,-78.82,-121.46,236.46
182,0.7,-0.3,-0.25,-98.18,-110.05,223.62
183,0.75,-0.35,-0.21,-109.15,-102.05,216.14
184,0.75,-0.34,-0.22,-119.04,-97.32,209.73
185,0.75,-0.33,-0.23,-130.43,-106.88,201.37
186,0.86,-0.32,-0.25,-142.27,-127.5,188.15
187,0.94,-0.34,-0.24,-157.69,-149.55,169.05
188,1.05,-0.39,-0.21,-178.4,-168.17,149.17
189,1.13,-0.43,-0.13,-208.56,-165.01,134.03
190,1.15,-0.52,0.06,-229.72,-151.56,118.84
191,1.22,-0.57,0.35,-239.95,-150.47,104.1
192,1.41,-0.56,0.53,-246.5,-129.89,94.03
193,1.57,-0.54,0.78,-250.14,-106.85,91.57
194,1.67,-0.48,0.96,-250.14,-86.72,86.53
195,1.61,-0.4,1.08,-250.14,-65.05,79.69
196,1.48,-0.35,1.15,-250.14,-47.71,63.76
197,1.39,-0.31,1.28,-250.14,-41.01,45.44
198,1.38,-0.37,1.39,-238.38,-34.95,23.96
199,1.35,-0.44,1.57,-222.13,-26.44,3.96
200,1.37,-0.48,1.67,-202.1,-16.98,-9.73
201,1.34,-0.51,1.69,-179.4,-5.04,-21.08
202,1.28,-0.53,1.67,-164.08,9.66,-37.16
203,1.16,-0.6,1.7,-151.79,18.5,-52.45
204,1.08,-0.7,1.72,-142.24,31.7,-66.8
205,0.96,-0.84,1.77,-128.7,46.15,-78.58
206,0.73,-0.97,1.82,-105.54,51.56,-84.97
207,0.56,-1.05,1.83,-84.85,62.52,-82.61
208,0.4,-1.06,1.67,-63.46,68.53,-71.31
209,0.44,-1.03,1.66,-51.79,84.45,-56.08
210,0.49,-0.95,1.6,-42.06,103.15,-40.1
211,0.49,-0.85,1.47,-33.34,122.28,-35.3
212,0.42,-0.75,1.37,-25.74,128.97,-40.41
213,0.31,-0.71,1.31,-13.76,123.07,-50.85
214,0.18,-0.67,1.25,1.14,109.53,-64.11
215,0.06,-0.64,1.19,12.73,95.02,-80.91
216,-0.01,-0.6,1.1,23.02,78.28,-88.47
217,-0.16,-0.59,1.09,30.61,63.22,-91.4
218,-0.25,-0.56,1.03,32.66,50.79,-88.4
219,-0.29,-0.52,1.0,30.27,39.23,-77.6
220,-0.28,-0.52,0.98,26.89,33.54,-60.57
221,-0.26,-0.52,0.97,22.03,32.38,-40.24
222,-0.2,-0.5,0.98,16.18,34.77,-17.95
223,-0.13,-0.5,0.99,12.58,40.47,0.24
224,-0.06,-0.49,0.98,11.76,43.5,11.14
225,-0.0,-0.46,0.96,13.66,45.31,12.99
226,0.01,-0.42,0.94,15.61,45.67,7.11
227,-0.01,-0.39,0.92,20.67,42.74,0.31
228,-0.06,-0.38,0.86,27.48,29.51,0.83
229,-0.11,-0.32,0.84,27.63,24.98,-8.05
230,-0.13,-0.29,0.78,27.06,19.31,-11.22
231,-0.17,-0.26,0.76,25.41,10.59,-8.1
232,-0.16,-0.24,0.75,20.56,5.81,-4.11
233,-0.14,-0.22,0.76,7.98,5.73,1.18
234,-0.09,-0.23,0.74,10.34,0.69,11.92
235,-0.1,-0.25,0.8,5.43,-3.37,11.9
236,-0.03,-0.23,0.83,2.14,-6.73,12.51
237,0.04,-0.23,0.84,-2.78,-7.84,11.3
238,0.11,-0.24,0.86,-9.47,-4.77,5.18
239,0.12,-0.26,0.92,-12.08,-7.44,-7.16
240,0.11,-0.31,0.95,-7.82,-14.94,-24.08
241,0.18,-0.31,0.94,-3.52,-15.29,-14.92
242,0.2,-0.34,0.94,-3.91,-13.07,-14.55
243,0.22,-0.39,0.95,-3.99,-11.19,-18.26
244,0.2,-0.43,0.98,-4.03,-8.85,-20.65
245,0.17,-0.47,1.0,-3.22,-5.03,-19.66
246,0.16,-0.5,1.01,-0.95,-0.06,-13.94
247,0.15,-0.48,1.0,2.24,4.74,-6.11
248,0.14,-0.45,0.98,3.39,10.35,0.2
249,0.1,-0.43,0.95,4.91,14.08,5.64
250,0.07,-0.41,0.94,6.95,11.42,8.84
251,0.08,-0.36,0.91,7.16,8.65,9.6
252,0.1,-0.33,0.88,4.35,8.97,8.58
253,0.07,-0.31,0.89,2.21,8.1,5.75
254,0.04,-0.32,0.88,3.28,3.21,4.44
255,0.05,-0.32,0.88,2.37,-1.33,1.02
256,0.07,-0.32,0.9,1.24,-1.65,-0.96
257,0.05,-0.34,0.91,2.27,-2.59,-1.6
258,0.05,-0.35,0.9,3.47,-2.95,0.93
259,0.05,-0.35,0.89,4.18,-3.53,3.66
260,0.07,-0.35,0.89,3.13,-5.53,2.22
261,0.12,-0.35,0.89,1.56,-4.95,1.72
262,0.13,-0.35,0.89,0.05,-4.91,1.08
263,0.12,-0.37,0.9,-0.98,-3.09,1.1
264,0.16,-0.37,0.91,-2.85,-1.71,-1.18
265,0.18,-0.36,0.92,-3.82,2.31,-1.5
266,0.15,-0.36,0.92,-3.34,5.21,-0.58
267,0.11,-0.37,0.92,-1.5,2.98,-0.55
268,0.12,-0.37,0.92,-0.6,1.11,-2.73
269,0.12,-0.35,0.92,-0.48,1.61,-2.79
270,0.09,-0.35,0.92,-0.33,0.34,-3.17
271,0.08,-0.36,0.93,-0.85,-2.37,-4.17
272,0.09,-0.35,0.94,-0.83,-1.63,-4.48
273,0.08,-0.36,0.93,0.27,-2.16,-3.62
274,0.09,-0.35,0.92,0.77,-4.56,0.11
275,0.15,-0.33,0.96,-4.71,-4.66,0.25
276,0.13,-0.32,0.94,-3.35,-4.38,0.36
277,0.13,-0.36,0.9,-4.5,0.73,-2.34
278,0.11,-0.34,0.94,-4.27,-2.73,-0.5
279,0.12,-0.35,0.94,-3.34,-2.43,-1.54
280,0.13,-0.36,0.96,-1.67,-1.05,-2.55
281,0.11,-0.37,0.95,-0.44,-0.51,-2.64
282,0.09,-0.36,0.94,0.92,-1.44,-2.08
283,0.09,-0.36,0.93,1.24,-2.21,-1.82
284,0.12,-0.34,0.93,0.72,-0.72,-3.35
285,0.12,-0.33,0.92,0.26,1.0,-4.18
286,0.1,-0.32,0.91,-0.41,1.79,-3.19
287,0.09,-0.3,0.88,-1.59,1.35,-3.2
288,0.08,-0.29,0.89,-4.81,0.11,-2.56
289,0.09,-0.31,0.89,-7.96,1.36,-4.4
290,0.09,-0.32,0.91,-8.11,0.37,-5.28
291,0.06,-0.35,0.92,-6.2,-2.76,-5.33
292,0.11,-0.36,0.91,-5.34,-6.62,0.09
293,0.1,-0.35,0.93,-3.86,-6.56,-0.95
294,0.11,-0.37,0.92,-3.4,-4.74,-3.82
295,0.1,-0.37,0.94,-3.92,-4.85,-2.61
296,0.1,-0.38,0.95,-4.17,-3.65,-3.33
297,0.13,-0.39,0.96,-3.13,-1.47,-3.64
298,0.14,-0.38,0.97,-1.84,0.76,-4.24
299,0.12,-0.38,0.96,-1.58,2.63,-5.63
300,0.08,-0.39,0.96,-0.31,1.89,-5.19
301,0.06,-0.39,0.95,1.44,0.95,-3.91
302,0.06,-0.38,0.94,1.69,0.4,-2.24
303,0.07,-0.37,0.93,1.26,0.4,-0.39
304,0.08,-0.37,0.93,0.5,0.7,0.58
305,0.09,-0.35,0.93,0.14,0.15,0.43
306,0.1,-0.35,0.93,0.75,-0.89,0.08
307,0.1,-0.34,0.92,1.27,-1.73,-0.05
308,0.1,-0.34,0.92,1.04,-2.66,-0.7
309,0.1,-0.34,0.92,0.78,-3.72,-1.9
310,0.1,-0.35,0.92,1.52,-4.03,-2.1
311,0.11,-0.35,0.92,2.12,-4.82,-2.81
312,0.11,-0.35,0.93,1.57,-5.53,-4.08
313,0.12,-0.35,0.93,1.45,-4.77,-4.56
314,0.1,-0.35,0.93,1.72,-4.76,-4.6
315,0.12,-0.35,0.93,1.76,-5.01,-4.23
316,0.12,-0.35,0.93,1.73,-3.34,-3.63
317,0.12,-0.35,0.92,2.02,-2.24,-2.85
318,0.11,-0.34,0.92,2.9,-3.02,-3.12
319,0.12,-0.34,0.92,3.53,-3.31,-3.53
320,0.12,-0.33,0.91,3.98,-3.67,-4.37
321,0.11,-0.32,0.89,3.69,-4.5,-4.83
322,0.12,-0.31,0.88,0.79,-5.54,-6.06
323,0.14,-0.31,0.91,-1.34,-4.67,-6.81
324,0.13,-0.31,0.91,-1.6,-3.18,-6.02
325,0.13,-0.31,0.92,-2.47,-2.43,-5.66
326,0.13,-0.31,0.92,-4.25,-2.09,-6.52
327,0.13,-0.32,0.94,-3.53,-1.34,-6.96
328,0.11,-0.33,0.93,-1.79,-2.0,-7.4
329,0.11,-0.32,0.92,-1.54,-3.49,-7.6
330,0.11,-0.33,0.93,-1.91,-4.6,-7.38
331,0.1,-0.34,0.94,-1.47,-4.24,-7.01
332,0.1,-0.34,0.93,-1.07,-4.35,-6.31
333,0.09,-0.34,0.93,-1.37,-5.08,-5.58
334,0.1,-0.34,0.93,-2.19,-5.03,-4.84
335,0.12,-0.34,0.94,-2.15,-4.43,-4.65
336,0.12,-0.34,0.93,-1.79,-3.68,-2.85
337,0.13,-0.34,0.92,-2.37,-2.94,-2.33
338,0.13,-0.34,0.93,-3.23,-2.91,-2.98
339,0.14,-0.35,0.95,-1.89,-2.3,-3.26
340,0.14,-0.35,0.95,-0.14,-1.18,-3.37
341,0.12,-0.34,0.93,-0.66,-1.11,-3.37
342,0.13,-0.33,0.93,-1.76,-1.1,-4.15
343,0.14,-0.33,0.93,-1.69,-0.28,-3.55
344,0.12,-0.33,0.93,-1.63,0.46,-3.41
345,0.12,-0.34,0.93,-1.75,0.92,-3.03
346,0.11,-0.34,0.93,-1.69,0.15,-3.32
347,0.11,-0.34,0.93,-0.89,-0.22,-3.03
348,0.11,-0.34,0.93,-0.65,-0.71,-2.52
349,0.1,-0.34,0.93,-1.15,-1.44,-2.0
350,0.11,-0.35,0.94,-0.69,-1.21,-1.58
351,0.11,-0.34,0.94,0.43,-1.21,-0.6
352,0.13,-0.33,0.93,0.3,-1.32,0.77
353,0.13,-0.32,0.92,-0.76,-0.17,0.79
354,0.12,-0.32,0.93,-0.79,-0.12,0.14
355,0.12,-0.32,0.92,-0.91,-0.6,-1.05
356,0.12,-0.32,0.93,-0.8,-1.25,-2.39
357,0.11,-0.33,0.95,-2.16,-4.52,-0.42
358,0.12,-0.3,0.94,-0.14,-3.82,-1.37
359,0.12,-0.36,0.93,-0.05,-1.24,-3.03
360,0.1,-0.34,0.92,0.67,-2.4,-2.35
361,0.1,-0.35,0.92,0.37,-2.6,-2.28
362,0.1,-0.34,0.92,-0.08,-1.92,-2.87
363,0.11,-0.33,0.92,-0.11,-2.84,-2.69
364,0.12,-0.32,0.92,-1.15,-2.54,-2.78
365,0.13,-0.34,0.94,-1.02,-1.98,-3.57
366,0.14,-0.34,0.94,0.13,-1.53,-3.43
367,0.13,-0.34,0.95,0.76,-1.22,-3.52
368,0.13,-0.33,0.94,1.05,-0.66,-3.33
369,0.13,-0.31,0.94,0.92,-0.89,-2.96
370,0.12,-0.31,0.94,0.69,-1.12,-4.12
371,0.11,-0.32,0.95,1.66,-2.57,-4.38
372,0.13,-0.32,0.94,2.41,-4.06,-5.05
373,0.14,-0.33,0.93,2.47,-4.49,-5.93
374,0.13,-0.32,0.93,2.51,-5.2,-6.49
375,0.14,-0.33,0.94,3.08,-5.97,-5.74
376,0.13,-0.32,0.94,3.22,-5.49,-5.18
377,0.14,-0.33,0.93,2.95,-4.64,-3.93
378,0.15,-0.32,0.94,3.28,-3.76,-3.77
379,0.15,-0.33,0.94,4.0,-2.11,-3.79
380,0.16,-0.32,0.95,4.24,-0.56,-4.26
381,0.15,-0.32,0.94,4.39,0.05,-4.86
382,0.15,-0.31,0.92,4.73,-1.23,-5.5
383,0.15,-0.3,0.92,3.4,-2.05,-6.69
384,0.14,-0.29,0.93,1.85,-2.14,-7.82
385,0.15,-0.29,0.93,1.19,-2.5,-8.81
386,0.14,-0.3,0.92,0.52,-2.88,-9.66
387,0.12,-0.3,0.93,0.51,-4.92,-9.91
388,0.13,-0.32,0.94,0.7,-5.16,-10.11
389,0.13,-0.31,0.95,0.86,-5.44,-9.98
390,0.14,-0.32,0.95,0.7,-4.66,-9.27
391,0.13,-0.32,0.95,1.56,-3.59,-8.72
392,0.12,-0.33,0.95,2.27,-3.59,-7.44
393,0.13,-0.32,0.93,2.55,-3.17,-6.44
394,0.13,-0.32,0.95,2.71,-2.76,-5.92
395,0.13,-0.32,0.93,3.08,-2.83,-6.32
396,0.13,-0.31,0.94,2.93,-3.05,-5.67
397,0.14,-0.31,0.94,2.55,-2.35,-5.64
398,0.14,-0.3,0.94,2.88,-1.6,-4.85
399,0.14,-0.3,0.94,2.94,-0.16,-3.69
400,0.15,-0.3,0.94,2.14,1.13,-2.63
