,accel_x,accel_y,accel_z,gyro_x,gyro_y,gyro_z
0,0.21,0.32,0.97,1.67,3.4,-1.43
1,0.19,0.33,0.95,3.21,4.56,-1.46
2,0.18,0.33,0.93,3.06,3.87,-2.58
3,0.16,0.32,0.93,3.71,1.17,-3.74
4,0.14,0.33,0.92,3.84,-2.17,-4.89
5,0.15,0.33,0.92,3.46,-4.53,-5.33
6,0.15,0.32,0.91,3.14,-6.72,-5.18
7,0.17,0.3,0.91,2.08,-5.62,-4.47
8,0.17,0.3,0.93,2.9,-5.46,-1.56
9,0.15,0.28,0.93,3.9,-4.92,1.43
10,0.16,0.3,0.93,5.16,-4.15,4.95
11,0.15,0.31,0.91,5.03,-5.59,5.85
12,0.18,0.31,0.92,5.85,-6.66,5.85
13,0.2,0.31,0.92,6.96,-6.95,4.57
14,0.22,0.32,0.91,7.49,-5.97,2.49
15,0.2,0.33,0.9,8.7,-6.15,1.92
16,0.21,0.34,0.88,8.93,-6.8,0.21
17,0.21,0.35,0.87,8.63,-6.47,-0.28
18,0.2,0.36,0.87,8.34,-7.6,-0.47
19,0.21,0.38,0.86,7.37,-7.15,-1.53
20,0.23,0.37,0.84,5.69,-4.27,-2.23
21,0.22,0.38,0.85,3.11,-3.2,-3.3
22,0.22,0.38,0.86,1.08,-1.04,-0.89
23,0.21,0.39,0.86,-1.18,1.14,0.69
24,0.21,0.37,0.87,-2.17,3.34,2.3
25,0.19,0.37,0.88,-2.78,3.5,2.65
26,0.18,0.36,0.87,-2.9,2.73,3.52
27,0.17,0.36,0.88,-3.4,0.92,2.68
28,0.16,0.36,0.89,-3.32,-2.17,1.29
29,0.17,0.36,0.9,-2.75,-5.92,0.51
30,0.18,0.37,0.89,-0.22,-5.27,2.04
31,0.22,0.36,0.92,-2.4,-6.18,1.09
32,0.21,0.36,0.91,-1.21,-7.51,0.6
33,0.23,0.36,0.92,-2.19,-5.45,1.36
34,0.25,0.35,0.92,-3.44,-2.92,1.53
35,0.23,0.35,0.93,-3.02,-1.7,1.12
36,0.22,0.35,0.92,-1.78,-2.34,1.34
37,0.22,0.36,0.92,-1.25,-3.46,1.98
38,0.23,0.35,0.93,-1.99,-2.9,-0.51
39,0.22,0.34,0.94,-1.71,-3.67,-1.73
40,0.23,0.33,0.95,-0.62,-3.66,-1.82
41,0.22,0.33,0.94,0.65,-6.78,-3.34
42,0.23,0.33,0.95,2.79,-5.96,-3.32
43,0.23,0.33,0.96,3.98,-5.8,-3.61
44,0.24,0.35,0.95,5.34,-4.47,-3.17
45,0.25,0.36,0.94,6.08,-4.11,-3.57
46,0.25,0.37,0.93,5.86,-3.75,-3.2
47,0.25,0.39,0.92,5.43,-2.12,-2.7
48,0.25,0.4,0.92,3.69,1.37,-2.62
49,0.24,0.39,0.92,3.23,3.56,-1.35
50,0.24,0.39,0.92,2.66,5.59,-0.09
51,0.23,0.39,0.92,2.95,5.5,-0.29
52,0.23,0.4,0.9,2.15,6.08,-0.37
53,0.22,0.38,0.89,1.44,5.24,-1.73
54,0.2,0.38,0.9,2.15,1.78,-3.06
55,0.2,0.38,0.89,2.35,-0.27,-4.34
56,0.22,0.38,0.89,3.18,-2.72,-3.24
57,0.24,0.4,0.88,0.98,-0.59,-3.25
58,0.23,0.39,0.86,-1.31,2.05,-2.93
59,0.22,0.38,0.87,-1.65,2.79,-0.29
60,0.22,0.37,0.88,-1.57,4.31,0.34
61,0.21,0.36,0.89,-1.53,6.55,0.69
62,0.22,0.36,0.89,0.13,6.39,0.44
63,0.21,0.34,0.9,1.01,7.24,0.62
64,0.23,0.33,0.91,2.6,6.15,-1.13
65,0.24,0.34,0.9,3.58,6.11,-3.24
66,0.24,0.35,0.9,5.48,6.24,-4.69
67,0.22,0.36,0.91,5.95,7.49,-4.9
68,0.2,0.38,0.91,5.63,7.48,-4.92
69,0.19,0.39,0.89,5.13,8.28,-5.1
70,0.19,0.38,0.91,4.91,8.14,-6.11
71,0.18,0.39,0.91,4.52,7.93,-6.01
72,0.17,0.39,0.91,3.83,7.45,-4.89
73,0.17,0.39,0.92,2.94,7.21,-3.88
74,0.13,0.39,0.9,3.0,5.87,-2.98
75,0.12,0.4,0.9,3.32,0.88,-3.18
76,0.13,0.41,0.89,2.18,-2.99,-3.73
77,0.15,0.41,0.9,0.77,-5.37,-5.69
78,0.17,0.39,0.91,-0.66,-5.79,-7.65
79,0.18,0.38,0.92,-1.13,-4.7,-6.53
80,0.19,0.38,0.92,-1.98,-3.31,-5.29
81,0.18,0.37,0.93,-1.34,-2.26,-2.77
82,0.18,0.38,0.92,-0.67,0.44,-1.73
83,0.17,0.38,0.92,0.41,-1.06,-2.09
84,0.2,0.36,0.88,1.31,1.47,-3.76
85,0.15,0.38,0.92,1.93,-2.73,-2.73
86,0.14,0.4,0.9,2.85,-7.98,-1.3
87,0.16,0.41,0.89,1.6,-9.6,-2.61
88,0.17,0.41,0.88,0.14,-9.9,-3.21
89,0.19,0.41,0.9,0.07,-11.86,-2.8
90,0.2,0.4,0.9,0.0,-13.03,-3.84
91,0.23,0.41,0.89,-0.08,-11.26,-3.91
92,0.24,0.4,0.89,0.13,-9.53,-4.33
93,0.24,0.39,0.89,0.2,-7.41,-4.02
94,0.22,0.39,0.89,-0.87,-6.47,-3.55
95,0.22,0.41,0.89,-3.0,-8.17,-4.83
96,0.22,0.41,0.88,-6.34,-10.13,-5.83
97,0.26,0.37,0.9,-9.63,-9.18,-8.22
98,0.26,0.35,0.91,-11.14,-10.46,-8.58
99,0.26,0.32,0.91,-12.9,-10.04,-8.34
100,0.24,0.3,0.92,-14.04,-9.37,-8.05
101,0.22,0.31,0.94,-12.51,-11.51,-5.73
102,0.24,0.28,0.97,-10.68,-11.12,-4.59
103,0.24,0.27,0.98,-7.23,-10.65,-3.34
104,0.26,0.28,0.95,-6.54,-5.53,-6.23
105,0.28,0.22,1.01,1.31,2.5,-4.05
106,0.23,0.23,1.01,9.53,-0.33,-4.28
107,0.23,0.25,0.99,17.77,-1.52,-2.37
108,0.22,0.3,0.97,23.36,-1.21,-2.07
109,0.21,0.35,0.93,26.85,-3.44,-2.01
110,0.21,0.39,0.9,28.15,-5.66,-2.05
111,0.23,0.43,0.87,27.4,-5.19,-2.19
112,0.23,0.45,0.86,26.24,-5.15,-4.2
113,0.22,0.47,0.83,25.5,-6.37,-4.65
114,0.21,0.48,0.82,23.88,-8.82,-5.18
115,0.22,0.51,0.79,22.29,-12.29,-7.67
116,0.25,0.53,0.74,18.95,-12.69,-10.62
117,0.27,0.52,0.7,14.88,-11.27,-11.31
118,0.28,0.54,0.65,8.64,-8.49,-10.8
119,0.34,0.53,0.6,5.73,-4.65,-9.08
120,0.34,0.54,0.51,-3.74,-1.93,-15.51
121,0.31,0.49,0.43,-11.34,1.67,-14.84
122,0.31,0.42,0.33,-14.97,3.66,-10.85
123,0.33,0.35,0.2,-16.88,3.63,-4.63
124,0.39,0.32,0.01,-19.1,6.23,0.56
125,0.5,0.3,-0.26,-26.35,13.11,0.08
126,0.56,0.26,-0.51,-34.71,30.22,5.25
127,0.5,0.19,-0.72,-44.26,39.62,-5.24
128,0.32,0.13,-0.93,-53.14,44.08,-13.44
129,0.17,0.1,-1.16,-61.52,34.12,-18.32
130,0.09,0.08,-1.39,-69.73,13.82,-27.47
131,0.09,0.05,-1.64,-70.11,-14.22,-26.98
132,0.26,0.16,-1.92,-93.26,-25.07,-26.37
133,0.32,0.23,-2.0,-135.27,-17.63,-22.39
134,0.32,0.21,-2.0,-192.37,-7.34,-21.02
135,0.17,0.31,-2.0,-250.14,-22.61,-9.61
136,0.31,0.47,-2.0,-250.14,-45.73,-16.07
137,0.72,0.8,-2.0,-250.14,-44.47,-46.13
138,1.04,0.86,-2.0,-250.14,-6.09,-88.66
139,1.01,-0.19,-2.0,-250.14,37.55,-93.55
140,0.64,-2.0,-0.9,-250.14,229.5,-62.38
141,-0.64,-2.0,1.9,-250.14,250.13,-56.36
142,-2.0,-2.0,2.0,-250.14,94.5,-10.66
143,-2.0,-2.0,2.0,-115.46,-157.27,45.89
144,-0.72,-2.0,2.0,-41.02,-126.56,-4.59
145,0.01,-2.0,2.0,-8.89,-33.08,21.05
146,0.16,-1.98,2.0,10.5,34.48,55.34
147,0.29,-1.24,2.0,-3.2,131.4,68.41
148,-0.0,-0.65,2.0,7.93,165.76,65.69
149,-0.38,-0.17,2.0,23.91,140.85,44.21
150,-0.32,0.08,1.76,38.07,52.31,0.97
151,0.04,0.22,1.42,32.31,15.47,-18.74
152,0.29,0.17,1.28,14.75,30.8,-18.02
153,0.19,0.08,1.15,-7.18,42.06,-9.89
154,0.14,-0.09,1.31,-11.02,63.47,-1.33
155,0.01,-0.09,1.16,-18.93,55.47,-0.22
156,-0.08,-0.11,1.04,-23.89,37.7,-2.04
157,-0.13,-0.15,1.03,-17.04,16.2,-3.83
158,-0.09,-0.28,1.02,-7.05,-12.94,-3.66
159,-0.03,-0.42,1.05,0.74,-25.18,-4.68
160,0.04,-0.55,1.08,7.26,-27.66,-8.79
161,0.02,-0.58,1.03,10.8,-35.73,-13.02
162,0.04,-0.59,0.98,14.15,-41.89,-14.06
163,0.06,-0.6,0.95,13.13,-39.54,-12.78
164,0.11,-0.62,0.96,11.44,-27.98,-8.64
165,0.15,-0.63,0.97,8.95,-13.8,-6.71
166,0.14,-0.62,0.96,10.67,1.08,-3.11
167,0.09,-0.59,0.94,14.43,14.05,-1.15
168,0.02,-0.54,0.88,16.53,18.88,-3.16
169,-0.05,-0.49,0.82,18.38,15.07,-6.34
170,-0.11,-0.43,0.78,19.63,7.84,-11.42
171,-0.14,-0.4,0.77,18.88,-3.15,-13.82
172,-0.13,-0.39,0.77,18.25,-12.6,-11.88
173,-0.11,-0.39,0.78,16.16,-15.42,-10.15
174,-0.11,-0.38,0.78,13.07,-17.38,-5.52
175,-0.07,-0.37,0.8,10.32,-18.89,-0.18
176,0.01,-0.38,0.83,6.63,-15.92,2.98
177,0.04,-0.42,0.87,3.71,-13.08,2.44
178,0.06,-0.47,0.91,5.69,-12.5,1.97
179,0.08,-0.48,0.94,9.08,-10.94,1.72
180,0.11,-0.47,0.95,11.92,-8.67,1.68
181,0.12,-0.44,0.97,12.7,-3.47,3.32
182,0.12,-0.42,1.0,12.54,3.15,5.73
183,0.11,-0.39,1.01,11.49,10.81,7.23
184,0.07,-0.36,1.01,9.28,18.06,7.94
185,0.03,-0.37,1.01,8.45,20.53,6.72
186,-0.02,-0.37,1.01,9.7,17.78,4.14
187,-0.06,-0.36,0.99,8.75,13.4,1.06
188,-0.09,-0.37,0.97,8.24,9.37,0.42
189,-0.09,-0.36,0.96,6.03,5.89,0.85
190,-0.13,-0.4,0.99,4.46,5.55,-0.5
191,-0.13,-0.42,0.97,4.8,0.94,3.79
192,-0.09,-0.46,0.98,6.02,-2.24,6.5
193,-0.07,-0.47,0.98,7.89,-5.07,7.54
194,-0.06,-0.46,0.98,9.79,-6.05,8.39
195,-0.02,-0.48,0.97,12.73,-9.11,6.02
196,-0.01,-0.46,0.95,16.59,-9.89,6.82
197,0.01,-0.43,0.95,19.53,-11.37,8.84
198,0.07,-0.4,0.93,19.45,-6.87,9.77
199,0.08,-0.37,0.92,14.89,-2.22,9.66
200,0.07,-0.38,0.95,13.29,3.89,12.0
201,0.05,-0.38,0.95,11.99,8.36,13.55
202,0.05,-0.37,0.94,13.74,8.15,14.8
203,0.06,-0.36,0.93,11.63,10.73,14.63
204,0.02,-0.35,0.93,9.61,9.84,12.85
205,-0.0,-0.35,0.93,8.67,6.18,12.41
206,-0.01,-0.35,0.95,9.05,2.45,10.44
207,-0.02,-0.33,0.92,10.69,-7.76,11.17
208,0.0,-0.33,0.92,14.81,-13.8,11.73
209,0.01,-0.32,0.92,15.17,-17.95,8.04
210,0.02,-0.31,0.91,13.73,-20.05,8.49
211,0.03,-0.32,0.91,12.11,-17.68,8.1
212,0.04,-0.34,0.93,12.18,-12.7,6.34
213,0.05,-0.35,0.95,13.77,-9.97,6.82
214,0.07,-0.36,0.96,14.8,-7.04,5.82
215,0.08,-0.36,0.98,16.47,-5.93,7.4
216,0.04,-0.36,0.99,16.54,-0.5,7.99
217,0.0,-0.36,0.99,17.53,0.94,7.96
218,-0.02,-0.34,0.98,18.8,-0.92,7.38
219,-0.05,-0.33,0.98,19.79,-4.76,7.51
220,-0.04,-0.33,1.0,21.51,-9.26,7.04
221,-0.01,-0.33,1.02,22.63,-11.53,5.4
222,0.01,-0.32,1.02,23.21,-12.31,4.22
223,0.0,-0.3,1.01,23.52,-11.8,3.59
224,0.0,-0.29,1.0,23.64,-11.8,3.63
225,0.01,-0.3,1.0,23.98,-13.95,2.92
226,0.01,-0.29,1.01,24.05,-16.25,3.11
227,0.03,-0.28,1.0,23.51,-15.23,3.5
228,0.04,-0.3,1.01,23.41,-15.02,3.5
229,0.05,-0.3,1.0,23.63,-13.48,2.57
230,0.05,-0.29,1.01,23.96,-12.6,2.61
231,0.04,-0.3,1.0,25.28,-12.5,2.44
232,0.06,-0.3,1.02,27.15,-13.31,1.74
233,0.05,-0.31,1.02,27.3,-12.85,1.2
234,0.06,-0.31,1.02,29.63,-11.94,2.38
235,0.05,-0.31,1.02,32.54,-13.06,4.79
236,0.05,-0.28,1.02,33.98,-14.24,5.24
237,0.05,-0.25,0.99,33.98,-12.78,5.18
238,0.06,-0.25,0.99,33.41,-11.56,3.92
239,0.05,-0.24,1.0,33.55,-12.12,2.81
240,0.04,-0.24,1.0,34.12,-13.47,2.41
241,0.05,-0.23,0.99,34.6,-14.02,2.21
242,0.05,-0.24,1.0,35.08,-14.51,2.61
243,0.05,-0.23,1.0,35.9,-13.61,4.06
244,0.03,-0.23,0.99,35.47,-14.15,5.0
245,0.03,-0.21,0.98,34.95,-15.45,4.49
246,0.06,-0.21,0.98,34.19,-15.39,3.39
247,0.08,-0.22,0.98,34.11,-15.63,3.05
248,0.07,-0.21,0.99,35.11,-16.05,2.26
249,0.09,-0.21,0.98,35.19,-15.24,1.95
250,0.1,-0.2,0.98,35.47,-12.86,1.6
251,0.08,-0.21,0.97,35.09,-10.5,1.57
252,0.06,-0.19,0.97,34.85,-10.54,2.85
253,0.06,-0.2,0.97,36.26,-11.37,3.21
254,0.05,-0.2,0.98,37.42,-13.18,3.66
255,0.05,-0.18,0.99,38.48,-13.21,4.44
256,0.07,-0.17,0.97,39.99,-15.08,5.31
257,0.09,-0.16,0.97,38.0,-13.79,2.73
258,0.1,-0.16,0.97,38.01,-11.25,1.62
259,0.1,-0.17,0.97,38.15,-13.22,0.37
260,0.11,-0.16,0.97,39.14,-13.08,-0.15
261,0.11,-0.14,0.97,39.42,-10.36,0.32
262,0.11,-0.12,0.96,38.9,-6.34,1.83
263,0.08,-0.12,0.97,38.11,-5.57,2.94
264,0.09,-0.11,0.97,37.16,-7.98,3.41
265,0.1,-0.11,0.97,36.88,-8.46,2.79
266,0.08,-0.12,0.99,37.51,-9.25,0.76
267,0.07,-0.11,0.98,40.02,-12.76,-0.4
268,0.1,-0.09,0.97,40.23,-13.7,-0.65
269,0.12,-0.08,0.96,38.95,-9.95,-0.09
270,0.11,-0.09,0.97,38.27,-5.06,0.95
271,0.09,-0.1,0.97,39.73,-4.36,2.82
272,0.09,-0.08,0.96,41.1,-3.75,5.3
273,0.09,-0.05,0.96,41.72,-2.8,6.08
274,0.08,-0.03,0.95,42.02,-3.73,6.44
275,0.09,-0.01,0.92,39.21,-5.03,5.04
276,0.1,-0.01,0.94,38.98,-3.66,3.56
277,0.08,-0.01,0.94,38.5,-7.32,2.29
278,0.08,0.02,0.93,38.13,-8.72,3.14
279,0.11,0.03,0.94,37.59,-8.89,3.96
280,0.11,0.06,0.94,35.97,-9.14,2.82
281,0.1,0.07,0.93,33.44,-6.47,3.21
282,0.1,0.06,0.94,32.31,-6.59,4.73
283,0.1,0.07,0.95,31.78,-8.51,5.39
284,0.13,0.08,0.94,30.23,-6.56,4.93
285,0.13,0.08,0.94,29.79,-4.04,4.53
286,0.12,0.08,0.93,29.69,-4.85,3.7
287,0.11,0.08,0.93,29.54,-5.53,4.22
288,0.1,0.09,0.93,28.85,-6.75,4.21
289,0.1,0.11,0.92,27.44,-7.09,3.64
290,0.09,0.11,0.93,26.38,-7.28,4.66
291,0.09,0.11,0.93,25.01,-9.34,5.34
292,0.1,0.11,0.93,23.28,-9.37,3.98
293,0.1,0.09,0.94,22.0,-10.26,3.0
294,0.15,0.06,0.97,25.67,-6.95,4.47
295,0.13,0.06,0.95,26.24,-10.41,2.29
296,0.14,0.08,0.93,26.43,-10.53,3.21
297,0.15,0.08,0.94,26.27,-10.39,4.05
298,0.16,0.08,0.93,26.63,-8.91,5.07
299,0.15,0.11,0.92,26.37,-7.18,5.79
300,0.14,0.12,0.92,24.64,-5.34,6.27
301,0.12,0.13,0.92,22.98,-5.33,6.9
302,0.11,0.12,0.92,22.18,-5.93,7.25
303,0.11,0.13,0.94,21.23,-5.65,8.08
304,0.1,0.12,0.93,20.84,-6.84,8.47
305,0.1,0.12,0.94,22.43,-11.12,8.27
306,0.15,0.13,0.94,23.55,-13.58,6.49
307,0.16,0.14,0.92,23.4,-10.63,5.77
308,0.17,0.14,0.94,23.97,-8.11,6.23
309,0.16,0.14,0.97,25.44,-5.94,7.94
310,0.16,0.16,0.95,27.48,-5.45,9.17
311,0.18,0.2,0.94,26.79,-5.03,9.87
312,0.18,0.23,0.92,24.72,-3.77,9.35
313,0.18,0.23,0.92,23.07,-3.73,9.06
314,0.16,0.22,0.94,21.99,-2.97,9.29
315,0.16,0.23,0.93,21.47,-3.76,9.87
316,0.19,0.24,0.93,20.94,-6.34,8.7
317,0.19,0.24,0.93,19.11,-5.87,7.02
318,0.19,0.26,0.93,17.18,-6.79,5.01
319,0.2,0.25,0.95,16.24,-4.42,6.06
320,0.18,0.22,0.97,15.99,-4.56,6.17
321,0.18,0.21,0.97,16.95,-5.22,6.98
322,0.19,0.21,0.98,18.15,-4.58,7.67
323,0.17,0.21,0.97,19.75,-3.44,7.29
324,0.18,0.24,0.98,20.32,-3.72,8.08
325,0.2,0.23,0.98,18.76,-3.03,5.56
326,0.15,0.23,0.99,19.8,-9.44,2.08
327,0.14,0.23,0.99,21.8,-13.6,2.01
328,0.16,0.25,0.98,22.99,-17.32,2.13
329,0.2,0.26,0.98,24.37,-17.47,1.36
330,0.24,0.27,0.98,23.71,-17.22,0.56
331,0.26,0.27,0.97,23.37,-14.4,0.6
332,0.26,0.26,0.97,23.14,-11.16,0.47
333,0.23,0.26,0.97,23.44,-9.44,1.36
334,0.22,0.28,0.95,23.64,-10.49,0.98
335,0.22,0.3,0.94,23.66,-10.32,0.14
336,0.22,0.3,0.94,22.06,-11.42,-1.84
337,0.21,0.29,0.94,21.95,-9.36,-1.39
338,0.19,0.29,0.93,22.15,-6.3,-1.05
339,0.22,0.28,0.91,22.03,-2.63,0.61
340,0.18,0.27,0.92,22.79,-3.97,-0.82
341,0.16,0.29,0.91,23.02,-7.08,-2.03
342,0.15,0.31,0.9,22.4,-8.69,-1.1
343,0.15,0.31,0.91,21.66,-11.24,-1.79
344,0.14,0.31,0.89,20.98,-12.46,-1.34
345,0.14,0.3,0.89,20.76,-13.61,-1.02
346,0.16,0.29,0.89,21.15,-14.26,-0.93
347,0.18,0.29,0.89,19.89,-15.64,-1.18
348,0.2,0.29,0.89,21.86,-11.02,0.56
349,0.19,0.3,0.88,23.2,-13.67,-0.87
350,0.22,0.32,0.86,24.27,-9.69,0.86
351,0.21,0.34,0.82,21.8,-10.27,1.3
352,0.21,0.35,0.82,18.38,-8.11,0.86
353,0.19,0.34,0.82,16.16,-7.4,1.35
354,0.17,0.34,0.83,14.76,-8.36,1.56
355,0.17,0.33,0.83,13.05,-9.95,0.53
356,0.19,0.32,0.84,13.2,-12.11,-1.89
357,0.19,0.32,0.85,14.45,-12.9,-2.55
358,0.18,0.31,0.85,15.92,-14.97,-1.56
359,0.21,0.31,0.85,18.56,-15.98,0.24
360,0.24,0.34,0.84,19.06,-15.36,1.74
361,0.27,0.37,0.82,17.68,-12.56,2.28
362,0.28,0.39,0.81,15.14,-8.21,1.89
363,0.25,0.42,0.8,12.34,-3.68,2.38
364,0.21,0.44,0.81,8.04,-4.2,2.77
365,0.19,0.44,0.81,4.51,-6.82,2.47
366,0.19,0.43,0.82,1.35,-10.78,1.63
367,0.25,0.39,0.86,-0.57,-11.97,-1.67
368,0.26,0.36,0.86,-0.81,-13.14,-3.92
369,0.29,0.35,0.88,1.11,-11.79,-2.72
370,0.31,0.35,0.89,2.11,-6.49,-1.08
371,0.3,0.35,0.88,3.31,-2.33,0.04
372,0.29,0.36,0.88,5.5,-2.27,0.73
373,0.28,0.37,0.86,5.63,-2.78,-0.61
374,0.27,0.38,0.85,5.27,-3.63,-1.94
375,0.26,0.39,0.85,4.3,-3.1,-1.45
376,0.27,0.41,0.84,1.69,-0.78,-0.58
377,0.25,0.41,0.84,-1.13,0.47,0.85
378,0.24,0.41,0.83,-3.76,1.14,1.81
379,0.23,0.4,0.85,-5.53,-0.96,-0.55
380,0.23,0.38,0.85,-5.12,-5.44,-2.55
381,0.24,0.36,0.87,-4.74,-7.19,-4.44
382,0.26,0.34,0.88,-3.66,-6.85,-4.21
383,0.26,0.33,0.88,-1.44,-4.81,-1.76
384,0.26,0.33,0.87,0.7,-4.61,0.56
385,0.26,0.34,0.88,2.79,-6.07,2.03
386,0.29,0.38,0.86,3.39,-5.14,1.98
387,0.29,0.41,0.85,2.39,-4.83,1.15
388,0.3,0.42,0.86,1.66,-2.16,1.28
389,0.28,0.42,0.85,-0.56,-3.59,1.42
390,0.3,0.44,0.84,-3.18,-0.43,3.11
391,0.27,0.43,0.85,-6.18,0.8,2.63
392,0.25,0.41,0.86,-7.57,-1.98,1.43
393,0.26,0.41,0.88,-7.65,-5.77,-0.62
394,0.28,0.41,0.88,-7.21,-8.51,-2.61
395,0.31,0.4,0.89,-8.64,-6.18,-5.07
396,0.3,0.38,0.9,-8.4,-2.53,-4.4
397,0.29,0.37,0.91,-7.22,-0.18,-2.46
398,0.29,0.36,0.9,-7.28,3.34,-1.31
399,0.27,0.37,0.89,-7.88,5.87,-1.92
