,accel_x,accel_y,accel_z,gyro_x,gyro_y,gyro_z
0,-0.08,0.14,1.0,-2.73,-1.57,-5.85
1,-0.1,0.14,0.99,-1.07,-0.61,-4.32
2,-0.12,0.14,0.98,-0.08,-1.52,-2.42
3,-0.13,0.15,0.96,0.47,-2.63,-4.67
4,-0.09,0.18,0.96,-0.16,-2.8,-4.13
5,-0.09,0.17,0.96,-2.5,-1.8,-3.45
6,-0.1,0.16,0.97,-3.6,-1.87,-3.4
7,-0.08,0.16,0.99,-3.74,-0.7,-1.9
8,-0.06,0.16,0.99,-2.1,-0.45,-1.27
9,-0.07,0.17,0.98,-0.29,-0.19,-0.4
10,-0.1,0.17,0.97,-0.27,-0.13,-1.11
11,-0.1,0.18,0.96,1.21,-3.34,0.34
12,-0.08,0.19,0.97,-0.05,-3.11,-0.05
13,-0.07,0.19,0.98,-0.96,-1.04,-1.7
14,-0.08,0.17,0.99,-0.32,0.06,-1.67
15,-0.09,0.18,0.97,0.59,0.76,-1.11
16,-0.09,0.19,0.97,0.06,0.7,-0.94
17,-0.08,0.2,0.96,-0.74,0.16,-0.01
18,-0.09,0.2,0.96,-2.23,0.36,-0.92
19,-0.09,0.19,0.95,-3.77,1.82,-2.04
20,-0.09,0.19,0.96,-4.08,1.07,-0.74
21,-0.09,0.17,0.96,-3.24,0.26,-0.15
22,-0.11,0.17,0.96,-2.13,-0.44,-0.99
23,-0.11,0.17,0.96,-0.32,-2.57,0.15
24,-0.1,0.17,0.96,-0.13,-3.76,0.69
25,-0.1,0.17,0.96,-1.47,-3.67,-1.07
26,-0.09,0.17,0.96,-2.55,-3.22,-0.84
27,-0.09,0.16,0.96,-2.96,-2.95,-1.27
28,-0.09,0.15,0.98,-1.76,-3.81,-2.07
29,-0.08,0.15,0.98,1.74,-5.56,-0.87
30,-0.08,0.17,0.98,3.67,-6.68,-0.69
31,-0.08,0.18,0.98,4.08,-6.65,-2.33
32,-0.07,0.18,0.97,4.37,-6.43,-3.95
33,-0.04,0.19,0.97,4.85,-0.73,-2.73
34,-0.07,0.18,0.97,2.93,-1.05,-3.37
35,-0.08,0.18,0.97,3.24,-3.29,-2.05
36,-0.06,0.19,0.98,4.81,-2.82,0.98
37,-0.07,0.2,0.96,2.18,0.85,1.05
38,-0.08,0.2,0.94,0.09,0.28,0.4
39,-0.07,0.2,0.95,0.21,0.18,0.76
40,-0.09,0.2,0.96,0.27,0.29,-0.98
41,-0.09,0.2,0.95,0.5,-1.01,-2.18
42,-0.08,0.21,0.95,-0.39,-0.31,-1.7
43,-0.08,0.21,0.94,-1.67,0.95,-1.63
44,-0.09,0.21,0.93,-2.18,0.33,-0.01
45,-0.13,0.2,0.94,-2.94,-0.31,-0.35
46,-0.12,0.19,0.95,-2.37,-2.58,-1.81
47,-0.1,0.2,0.95,-2.06,-3.54,-0.83
48,-0.1,0.19,0.94,-2.62,-3.6,-0.64
49,-0.1,0.19,0.95,-2.73,-3.96,-1.75
50,-0.1,0.2,0.95,-3.17,-5.15,-3.52
51,-0.09,0.2,0.94,-3.97,-5.89,-4.31
52,-0.08,0.19,0.96,-4.79,-5.82,-2.96
53,-0.08,0.18,0.97,-5.27,-5.64,-4.5
54,-0.06,0.17,0.98,-4.07,-5.4,-5.35
55,-0.06,0.17,0.98,-3.05,-5.31,-3.98
56,-0.04,0.17,0.98,-1.85,-5.44,-1.96
57,-0.05,0.17,0.99,-1.61,-4.4,-2.07
58,-0.05,0.18,0.99,-0.82,-3.45,-1.6
59,-0.05,0.19,0.99,-0.88,-2.18,-0.92
60,-0.04,0.19,0.97,-0.9,-1.94,0.95
61,-0.06,0.19,0.97,-2.79,0.06,0.95
62,-0.08,0.19,0.98,-3.19,0.07,-0.59
63,-0.06,0.19,0.97,-2.02,-0.79,0.49
64,-0.06,0.2,0.98,-1.73,-0.06,-0.93
65,-0.06,0.2,0.98,-1.43,0.29,-2.32
66,-0.06,0.2,0.97,-0.35,-1.06,-1.87
67,-0.07,0.21,0.97,-1.43,-0.86,-1.53
68,-0.07,0.21,0.97,-2.39,-0.48,-2.35
69,-0.06,0.21,0.98,-2.54,-0.31,-2.68
70,-0.05,0.19,0.98,-2.89,0.71,-2.5
71,-0.05,0.18,0.98,-2.79,2.05,-4.66
72,-0.06,0.17,0.98,-1.86,2.29,-4.58
73,-0.07,0.18,0.96,-0.05,1.18,-1.51
74,-0.08,0.19,0.96,-0.24,1.65,-1.76
75,-0.07,0.19,0.96,-0.89,2.84,-3.85
76,-0.08,0.18,0.95,-0.76,1.37,-1.89
77,-0.09,0.18,0.95,-0.75,1.6,0.33
78,-0.1,0.18,0.94,-1.31,1.33,-1.13
79,-0.11,0.18,0.94,-0.78,-0.5,-2.71
80,-0.1,0.19,0.94,-0.8,-1.82,-2.47
81,-0.1,0.2,0.94,-1.45,-2.15,-0.79
82,-0.1,0.21,0.94,-2.44,-2.87,-2.66
83,-0.07,0.21,0.95,-2.79,-3.63,-2.82
84,-0.08,0.2,0.95,-3.38,-3.29,-1.85
85,-0.08,0.19,0.96,-2.72,-3.66,-2.75
86,-0.07,0.2,0.95,-2.45,-4.8,-3.79
87,-0.06,0.2,0.95,-2.58,-4.04,-1.56
88,-0.07,0.2,0.96,-3.15,-2.71,-2.03
89,-0.05,0.2,0.96,-1.94,-4.44,-1.24
90,-0.05,0.2,0.96,-2.83,-2.58,-1.91
91,-0.07,0.2,0.95,-3.39,-2.04,-2.77
92,-0.06,0.19,0.97,-2.38,-2.73,-2.53
93,-0.06,0.2,0.96,-2.16,-1.8,-1.6
94,-0.06,0.2,0.95,-3.31,-0.17,-3.08
95,-0.07,0.2,0.96,-3.19,-1.22,-3.72
96,-0.06,0.22,0.95,-3.55,-2.05,-2.92
97,-0.04,0.23,0.95,-5.73,0.85,-3.67
98,-0.07,0.21,0.96,-6.53,0.73,-3.5
99,-0.09,0.18,0.96,-6.44,0.31,-2.8
100,-0.08,0.19,0.97,-4.57,-2.44,1.61
101,-0.08,0.19,0.96,-4.92,-0.62,-0.17
102,-0.09,0.19,0.96,-4.65,-1.15,-2.58
103,-0.1,0.19,0.96,-4.32,-3.32,-2.95
104,-0.08,0.19,0.97,-4.14,-3.63,-5.08
105,-0.06,0.19,0.98,-3.56,-3.72,-6.26
106,-0.07,0.18,0.97,-3.1,-2.21,-5.98
107,-0.07,0.18,0.98,-3.53,-1.11,-4.41
108,-0.07,0.18,0.97,-4.78,0.38,-2.27
109,-0.11,0.15,0.97,-5.01,0.92,-1.05
110,-0.13,0.15,0.97,-4.21,-0.41,-0.98
111,-0.12,0.16,0.96,-3.08,-2.63,-0.78
112,-0.1,0.17,0.97,-2.83,-4.15,-2.46
113,-0.09,0.17,0.98,-2.03,-4.47,-4.4
114,-0.08,0.16,0.98,-1.94,-4.8,-4.17
115,-0.06,0.17,0.98,-0.49,-5.8,-1.58
116,-0.04,0.17,1.0,-0.24,-4.07,-0.24
117,-0.05,0.18,0.99,0.27,-2.81,-0.52
118,-0.06,0.19,0.98,0.6,-1.97,0.18
119,-0.05,0.2,0.96,0.28,-2.41,0.29
120,-0.06,0.2,0.97,-0.69,-2.25,-0.41
121,-0.06,0.21,0.98,-0.79,-2.44,-1.04
122,-0.05,0.21,0.97,0.12,-2.55,-0.63
123,-0.05,0.21,0.97,-0.99,-0.11,-2.09
124,-0.06,0.19,0.96,-0.26,-0.34,-2.02
125,-0.06,0.2,0.95,0.26,-0.98,-0.37
126,-0.05,0.21,0.95,-1.71,1.73,-0.83
127,-0.06,0.2,0.94,-1.71,1.82,-1.95
128,-0.08,0.19,0.93,-1.17,1.12,-2.37
129,-0.08,0.2,0.9,-1.6,1.09,-2.04
130,-0.08,0.2,0.89,-1.92,0.79,-2.17
131,-0.09,0.2,0.86,-1.92,-1.16,-2.62
132,-0.08,0.2,0.83,-1.92,-2.94,-1.04
133,-0.08,0.21,0.79,-1.95,-5.04,1.11
134,-0.08,0.21,0.75,-3.02,-6.39,1.51
135,-0.07,0.19,0.7,-2.56,-9.58,4.82
136,-0.03,0.17,0.62,-2.77,-8.36,5.45
137,0.03,0.17,0.51,-9.86,-10.46,7.55
138,0.11,0.18,0.36,-10.32,-1.8,15.0
139,0.18,0.13,0.19,-14.1,7.43,29.71
140,0.27,0.14,0.04,-16.77,23.95,41.82
141,0.38,0.15,-0.15,-21.49,38.95,57.4
142,0.38,0.12,-0.32,-21.48,47.17,59.79
143,0.4,0.08,-0.52,-19.27,65.57,71.46
144,0.46,0.16,-0.69,-11.61,56.53,71.52
145,0.57,0.46,-0.83,-42.72,64.57,79.31
146,0.47,0.71,-1.09,-51.5,64.43,86.89
147,0.4,1.02,-1.35,-85.41,62.21,50.98
148,0.31,1.25,-1.54,-143.76,54.13,9.42
149,0.13,1.32,-1.7,-190.68,19.8,-24.83
150,0.12,1.42,-1.74,-250.14,-26.97,-50.95
151,0.18,1.49,-1.71,-250.14,-79.77,-83.51
152,0.3,1.46,-1.54,-250.14,-134.87,-119.44
153,0.6,1.46,-1.31,-250.14,-179.22,-139.34
154,0.61,0.7,-1.53,-250.14,-194.21,-209.26
155,1.21,-0.51,-1.31,-250.14,-217.16,-250.14
156,1.43,-2.0,-0.67,-250.14,-250.14,-250.14
157,1.52,-2.0,1.29,-250.14,-250.14,-176.15
158,0.99,-2.0,2.0,-159.85,-250.14,9.95
159,0.32,-2.0,2.0,-186.79,-250.14,-9.54
160,0.3,-2.0,2.0,-132.05,-192.28,-42.35
161,1.14,-2.0,2.0,-183.85,-55.38,33.45
162,0.77,-2.0,2.0,-227.85,142.03,126.11
163,0.26,-2.0,2.0,-191.21,195.04,154.8
164,0.08,-2.0,2.0,-107.31,116.51,212.0
165,0.03,-2.0,2.0,-10.94,193.81,167.74
166,0.37,-1.04,2.0,2.13,184.99,60.92
167,0.27,-0.85,1.8,10.25,124.79,-32.83
168,0.68,-0.56,1.86,15.56,138.3,12.6
169,0.48,-0.62,1.65,1.35,157.73,28.22
170,0.26,-0.61,1.51,-7.27,162.47,33.35
171,-0.06,-0.54,1.22,5.79,137.97,7.83
172,-0.06,-0.44,1.16,0.4,119.62,-7.27
173,-0.2,-0.44,0.94,-17.77,86.73,-17.4
174,-0.21,-0.55,0.8,-22.27,70.76,-33.22
175,-0.3,-0.7,0.83,-6.87,49.5,-43.56
176,-0.4,-0.82,0.77,-8.39,29.34,-59.2
177,-0.44,-0.89,0.82,-7.81,6.12,-63.53
178,-0.28,-0.92,0.8,9.92,-12.54,-47.34
179,-0.18,-0.9,0.81,17.07,-21.96,-36.56
180,-0.06,-0.85,0.74,22.98,-16.27,-23.77
181,0.01,-0.76,0.71,20.51,-6.38,-10.19
182,0.02,-0.72,0.67,15.82,8.75,-3.27
183,-0.03,-0.7,0.62,16.18,12.21,4.16
184,-0.05,-0.63,0.59,18.51,7.66,4.74
185,-0.03,-0.57,0.56,15.69,5.05,0.8
186,-0.04,-0.56,0.57,13.27,3.18,-2.73
187,-0.06,-0.57,0.59,14.96,-3.34,-5.87
188,-0.05,-0.58,0.62,17.11,-11.1,-10.69
189,0.0,-0.61,0.67,12.32,-11.81,-18.26
190,0.02,-0.68,0.76,10.1,-11.62,-23.07
191,0.04,-0.77,0.85,12.02,-8.16,-23.48
192,0.04,-0.82,0.87,17.81,-1.46,-22.27
193,0.02,-0.83,0.9,22.55,2.76,-17.95
194,0.0,-0.8,0.9,25.71,5.02,-16.27
195,0.02,-0.76,0.9,27.24,17.04,-7.06
196,0.02,-0.73,0.82,26.73,24.27,-4.4
197,-0.05,-0.68,0.81,24.01,22.73,-2.95
198,-0.08,-0.65,0.77,24.38,25.06,0.66
199,-0.1,-0.62,0.78,19.42,21.25,0.96
200,-0.1,-0.59,0.75,18.34,16.75,3.09
201,-0.08,-0.55,0.76,18.32,8.47,3.55
202,-0.05,-0.53,0.77,19.46,4.69,0.52
203,-0.03,-0.51,0.76,22.46,-0.38,-5.05
204,-0.02,-0.5,0.78,25.24,-2.61,-10.4
205,0.02,-0.49,0.78,25.82,-2.19,-12.46
206,0.02,-0.46,0.77,22.05,-0.67,-14.76
207,0.02,-0.45,0.78,17.09,5.34,-13.15
208,-0.03,-0.49,0.76,12.89,8.75,-10.63
209,-0.04,-0.52,0.77,11.56,8.2,-5.07
210,-0.06,-0.54,0.77,11.78,5.93,-1.31
211,-0.07,-0.56,0.77,12.57,3.45,-3.02
212,-0.07,-0.57,0.77,14.56,-0.74,-6.66
213,-0.06,-0.57,0.79,16.61,-3.79,-8.98
214,-0.06,-0.58,0.78,19.53,-6.05,-9.68
215,-0.03,-0.57,0.8,19.97,-7.69,-8.77
216,-0.01,-0.55,0.8,19.61,-7.02,-8.7
217,-0.02,-0.56,0.82,20.09,-6.25,-8.89
218,-0.03,-0.57,0.81,18.59,-3.03,-9.08
219,-0.04,-0.56,0.8,16.48,-1.69,-5.63
220,-0.05,-0.56,0.8,15.95,-5.37,-2.5
221,-0.05,-0.56,0.82,16.11,-5.95,-2.29
222,-0.05,-0.57,0.83,16.88,-8.15,-1.83
223,-0.02,-0.57,0.83,18.45,-9.13,0.61
224,-0.02,-0.56,0.85,19.05,-7.48,2.84
225,-0.02,-0.56,0.85,19.73,-6.48,4.23
226,-0.01,-0.55,0.85,20.79,-7.32,4.28
227,0.0,-0.55,0.86,22.44,-7.76,2.25
228,-0.0,-0.57,0.89,24.69,-7.51,0.73
229,-0.02,-0.59,0.89,28.19,-8.21,1.99
230,-0.02,-0.59,0.89,32.73,-9.82,2.33
231,-0.01,-0.56,0.89,33.79,-9.86,3.39
232,-0.02,-0.55,0.9,32.71,-8.19,3.76
233,-0.01,-0.52,0.87,33.21,-5.25,3.7
234,-0.03,-0.5,0.85,31.96,-4.21,4.48
235,-0.05,-0.5,0.85,31.73,-5.91,4.21
236,-0.04,-0.49,0.86,30.71,-7.49,4.93
237,-0.04,-0.48,0.86,29.66,-6.55,3.85
238,-0.04,-0.48,0.87,27.82,-7.61,1.69
239,-0.02,-0.48,0.9,27.91,-10.02,0.77
240,0.0,-0.47,0.9,28.18,-10.44,0.52
241,0.03,-0.46,0.92,28.06,-10.25,3.23
242,0.03,-0.45,0.92,31.13,-8.27,6.34
243,0.01,-0.45,0.92,26.74,-8.65,1.88
244,0.05,-0.43,0.9,30.25,-5.44,4.02
245,0.01,-0.42,0.9,26.15,-4.79,2.06
246,0.01,-0.42,0.89,25.39,-5.41,1.73
247,0.03,-0.4,0.9,23.47,-4.6,2.95
248,0.02,-0.4,0.91,22.02,-5.27,2.31
249,0.02,-0.41,0.9,22.05,-6.04,0.59
250,0.0,-0.41,0.9,20.69,-5.52,0.02
251,0.0,-0.41,0.91,20.4,-6.15,0.94
252,0.01,-0.42,0.9,19.46,-5.27,1.83
253,0.01,-0.42,0.9,18.15,-4.26,3.25
254,0.02,-0.42,0.92,18.54,-4.81,3.29
255,0.02,-0.4,0.92,18.76,-4.1,2.74
256,0.03,-0.39,0.93,19.11,-5.08,2.5
257,0.04,-0.4,0.94,19.68,-6.5,1.61
258,0.06,-0.37,0.95,19.91,-5.38,1.3
259,0.06,-0.38,0.93,19.61,-4.68,0.15
260,0.06,-0.38,0.94,19.92,-2.85,-0.31
261,0.06,-0.38,0.94,21.33,-1.52,0.18
262,0.05,-0.36,0.93,19.57,1.16,0.6
263,0.04,-0.35,0.92,18.44,2.8,-0.05
264,0.02,-0.36,0.92,17.04,3.92,0.16
265,0.01,-0.36,0.92,17.04,4.5,2.98
266,-0.01,-0.35,0.9,16.8,2.56,1.07
267,0.01,-0.35,0.93,16.88,-0.44,-0.48
268,0.0,-0.35,0.93,17.92,-2.79,-2.31
269,0.03,-0.34,0.94,18.39,-4.75,-1.08
270,0.04,-0.35,0.95,18.76,-4.34,-1.95
271,0.03,-0.34,0.96,19.45,-3.69,-4.21
272,0.03,-0.35,0.94,19.04,-3.25,-3.47
273,0.04,-0.35,0.96,18.98,-0.73,-2.21
274,0.03,-0.35,0.96,19.4,-0.33,-3.47
275,0.03,-0.34,0.96,19.99,0.39,-0.82
276,0.03,-0.33,0.96,20.77,1.56,0.02
277,0.02,-0.31,0.95,21.14,1.99,1.61
278,-0.0,-0.31,0.94,21.53,1.64,0.41
279,-0.01,-0.31,0.94,21.08,-0.95,2.11
280,-0.01,-0.31,0.96,20.88,-2.18,1.08
281,-0.01,-0.31,0.96,21.24,-3.84,0.24
282,-0.02,-0.3,0.96,21.37,-4.92,-1.62
283,-0.0,-0.3,0.97,21.74,-6.24,-2.04
284,0.01,-0.29,0.99,23.42,-8.26,0.25
285,0.05,-0.27,1.0,21.84,-5.21,0.46
286,0.04,-0.28,1.0,23.02,-4.99,0.73
287,0.03,-0.27,1.02,24.94,-3.66,0.96
288,0.02,-0.26,1.01,25.89,-3.24,1.94
289,0.01,-0.24,1.01,26.31,-3.71,1.87
290,-0.01,-0.25,1.03,27.5,-6.41,-0.05
291,-0.01,-0.25,1.03,30.23,-9.74,0.65
292,0.01,-0.25,1.04,30.26,-9.15,1.81
293,0.02,-0.24,1.03,30.5,-9.4,0.73
294,0.03,-0.22,1.05,28.37,-6.79,1.53
295,0.02,-0.23,1.04,29.08,-7.86,3.27
296,0.01,-0.22,1.05,30.18,-7.47,3.51
297,0.02,-0.22,1.05,31.55,-4.88,4.36
298,-0.02,-0.22,1.02,33.58,-5.68,1.04
299,-0.0,-0.22,1.02,34.34,-6.4,1.8
300,-0.02,-0.22,1.01,34.69,-7.79,1.63
301,0.01,-0.22,1.0,35.64,-9.55,4.37
302,0.01,-0.2,1.01,34.63,-8.24,4.79
303,0.02,-0.19,1.01,32.21,-6.4,4.48
304,0.02,-0.18,1.0,32.95,-8.47,3.6
305,0.01,-0.16,1.0,31.82,-8.44,7.43
306,0.0,-0.17,1.01,30.45,-8.24,9.94
307,-0.0,-0.17,1.0,31.53,-9.92,10.64
308,-0.01,-0.16,1.0,32.24,-12.15,8.27
309,0.01,-0.15,1.01,33.27,-14.84,4.79
310,0.02,-0.14,1.01,33.93,-15.37,0.89
311,0.04,-0.13,1.02,33.45,-15.08,-1.88
312,0.04,-0.13,1.01,32.67,-13.79,-3.56
313,0.06,-0.14,1.03,32.8,-13.17,-2.24
314,0.08,-0.14,1.01,34.52,-12.91,-0.21
315,0.08,-0.12,1.01,35.33,-10.82,1.38
316,0.09,-0.1,1.0,31.17,-5.88,5.07
317,0.07,-0.11,1.0,28.55,-2.76,8.24
318,0.06,-0.1,0.98,25.19,3.17,10.37
319,0.06,-0.08,0.96,21.99,6.87,12.68
320,0.07,-0.07,0.97,16.76,9.51,15.3
321,0.07,-0.07,0.95,13.34,12.79,16.87
322,0.07,-0.07,0.96,9.84,15.83,17.67
323,0.06,-0.08,0.95,8.38,16.94,17.05
324,0.03,-0.1,0.94,9.01,15.56,12.95
325,0.02,-0.13,0.96,10.89,12.71,9.25
326,0.01,-0.14,0.96,14.31,10.32,5.75
327,0.01,-0.15,0.96,17.57,7.85,2.31
328,-0.0,-0.15,0.98,21.68,4.03,-1.48
329,-0.0,-0.15,0.97,25.82,0.52,-3.06
330,-0.0,-0.14,0.97,28.76,-1.63,-3.31
331,0.02,-0.11,0.97,29.94,-3.12,-2.98
332,0.03,-0.1,0.98,28.91,-0.64,-3.82
333,0.04,-0.08,0.97,27.99,1.87,-2.15
334,0.05,-0.07,0.98,24.91,6.72,0.61
335,0.04,-0.06,0.98,21.89,10.91,3.38
336,0.03,-0.06,0.98,20.56,13.36,5.52
337,0.03,-0.06,0.98,19.96,15.28,10.24
338,0.03,-0.06,0.98,18.94,17.15,9.31
339,0.03,-0.05,0.97,18.98,17.37,6.37
340,0.03,-0.05,0.97,19.34,18.2,5.65
341,0.01,-0.06,0.98,19.7,19.55,3.78
342,-0.01,-0.06,0.98,21.66,18.92,1.99
343,-0.0,-0.03,0.97,22.86,17.95,1.73
344,0.01,-0.03,0.98,22.92,19.02,2.24
345,0.02,-0.0,0.99,21.47,20.97,4.38
346,0.02,0.0,0.96,20.04,24.75,6.34
347,0.01,0.01,0.95,18.31,30.31,7.76
348,-0.0,-0.0,0.93,17.27,31.42,13.27
349,-0.02,-0.01,0.91,16.47,31.24,11.15
350,-0.02,-0.01,0.91,17.91,28.4,9.22
351,-0.01,-0.01,0.9,19.79,25.79,6.36
352,-0.01,0.01,0.91,20.93,23.65,4.58
353,-0.0,0.03,0.91,20.86,22.94,3.33
354,-0.01,0.03,0.92,20.71,24.02,2.53
355,-0.02,0.03,0.94,20.42,25.67,2.08
356,-0.03,0.05,0.93,20.02,27.92,3.85
357,-0.03,0.06,0.93,19.46,28.7,6.11
358,-0.04,0.08,0.93,17.63,31.66,6.64
359,-0.08,0.07,0.91,16.73,32.05,10.95
360,-0.09,0.08,0.9,14.54,30.79,14.05
361,-0.1,0.1,0.9,10.8,30.98,15.6
362,-0.11,0.1,0.89,8.96,30.69,13.58
363,-0.12,0.09,0.9,6.23,31.68,14.05
364,-0.15,0.09,0.9,5.03,30.31,15.04
365,-0.16,0.07,0.89,4.46,29.52,14.03
366,-0.17,0.08,0.9,4.76,27.13,11.59
367,-0.17,0.08,0.89,6.18,20.67,10.53
368,-0.17,0.09,0.89,8.58,15.73,7.8
369,-0.16,0.1,0.9,9.95,10.47,6.41
370,-0.15,0.11,0.9,10.08,7.22,3.95
371,-0.13,0.11,0.9,10.25,7.18,1.37
372,-0.14,0.11,0.91,10.74,5.01,1.68
373,-0.13,0.1,0.91,10.6,4.57,3.12
374,-0.13,0.1,0.9,10.47,4.59,3.02
375,-0.12,0.1,0.9,10.1,3.56,5.44
376,-0.13,0.1,0.89,7.63,4.66,5.54
377,-0.15,0.11,0.89,5.96,4.82,5.61
378,-0.17,0.09,0.9,6.69,0.74,1.43
379,-0.17,0.08,0.9,6.73,-1.74,3.46
380,-0.14,0.08,0.92,5.75,-1.85,5.0
381,-0.12,0.08,0.92,6.3,-0.46,5.78
382,-0.13,0.08,0.93,7.31,0.05,5.5
383,-0.12,0.09,0.92,7.23,1.21,5.03
384,-0.12,0.11,0.91,7.32,0.31,5.02
385,-0.04,0.12,0.81,20.66,1.69,13.28
386,-0.08,0.12,0.92,8.21,-2.66,1.83
387,-0.11,0.12,0.93,9.89,-0.66,3.99
388,-0.12,0.13,0.92,11.11,-2.69,5.89
389,-0.11,0.15,0.92,8.87,-2.64,7.94
390,-0.11,0.14,0.92,9.03,-1.59,4.85
391,-0.1,0.16,0.93,7.71,-1.36,5.08
392,-0.1,0.15,0.93,8.57,-1.57,3.45
393,-0.09,0.14,0.94,9.05,-1.05,1.82
394,-0.09,0.15,0.94,8.43,0.37,1.56
395,-0.11,0.15,0.94,7.47,-0.69,3.39
396,-0.09,0.17,0.92,6.61,0.09,2.69
397,-0.12,0.16,0.92,5.49,-0.6,1.32
398,-0.11,0.16,0.92,4.5,-0.69,-1.0
399,-0.12,0.16,0.93,4.05,-0.19,0.79
400,-0.11,0.16,0.93,4.26,-0.71,2.56
