,accel_x,accel_y,accel_z,gyro_x,gyro_y,gyro_z
0,0.0,0.09,0.97,-3.46,-7.21,-0.83
1,-0.02,0.08,0.98,-2.92,-6.94,-1.52
2,-0.02,0.08,0.98,0.17,-9.18,-1.34
3,-0.01,0.09,0.97,1.65,-10.02,-1.71
4,0.0,0.11,0.96,1.33,-8.27,-1.62
5,-0.01,0.12,0.97,0.85,-7.65,-0.97
6,0.0,0.13,0.95,-0.4,-6.9,-0.73
7,0.0,0.14,0.96,-2.17,-6.05,-1.11
8,0.01,0.13,0.98,-1.8,-6.31,-0.95
9,0.02,0.13,0.98,-1.72,-5.66,-0.6
10,0.02,0.13,0.97,-1.37,-5.04,0.14
11,0.02,0.13,0.97,-1.89,-3.89,0.74
12,0.03,0.13,0.97,-2.05,-3.14,1.53
13,0.03,0.13,0.97,-2.06,-2.31,1.6
14,0.01,0.13,0.98,-1.25,-1.88,1.17
15,-0.01,0.13,0.97,0.37,-3.06,0.98
16,-0.01,0.15,0.96,-0.04,-4.63,1.5
17,0.0,0.15,0.94,-1.1,-4.44,1.6
18,-0.01,0.14,0.96,-1.96,-5.08,1.69
19,-0.01,0.15,0.97,-1.49,-7.5,2.18
20,0.01,0.13,0.96,-1.94,-6.63,-0.19
21,0.01,0.13,0.97,-0.6,-5.06,-2.1
22,0.01,0.14,0.96,-0.01,-5.44,-2.57
23,-0.0,0.14,0.96,-0.81,-6.13,-3.79
24,-0.01,0.15,0.95,-1.75,-6.75,-3.58
25,0.02,0.15,0.96,-3.53,-6.27,-2.26
26,0.04,0.14,0.96,-5.6,-3.4,-2.05
27,0.02,0.13,0.98,-6.66,-1.08,-1.4
28,-0.02,0.14,0.98,-5.5,-1.8,0.17
29,-0.0,0.14,0.97,-5.39,-1.98,1.08
30,0.0,0.14,0.97,-5.92,-2.23,1.54
31,0.03,0.12,0.97,-5.67,-2.26,-0.08
32,0.04,0.12,0.98,-4.4,-1.57,-2.74
33,0.02,0.12,0.98,-3.63,-1.14,-3.79
34,0.01,0.12,0.98,-4.08,-1.21,-2.95
35,0.02,0.12,0.98,-3.53,-1.39,-1.32
36,0.03,0.12,0.99,-3.44,-0.52,-1.93
37,0.01,0.12,0.98,-3.32,-0.56,-3.08
38,-0.0,0.11,0.98,-3.42,-2.27,-2.34
39,0.02,0.11,0.98,-3.54,-2.08,-1.71
40,0.02,0.11,0.98,-4.15,-1.31,-2.07
41,0.02,0.11,0.99,-3.56,-1.15,-2.2
42,0.04,0.1,0.99,-2.49,-0.71,-1.49
43,0.02,0.11,1.01,-1.15,0.54,-3.15
44,0.0,0.12,0.99,0.26,-0.94,-3.29
45,0.01,0.13,0.98,-0.18,-1.4,-3.22
46,0.02,0.12,0.98,-1.22,-2.08,-4.79
47,0.03,0.12,1.0,-1.22,-0.81,-6.82
48,-0.0,0.12,1.01,-0.26,-1.66,-6.82
49,0.02,0.13,1.01,-0.14,-2.64,-5.2
50,0.05,0.13,1.01,-0.66,-1.09,-5.06
51,0.06,0.12,1.0,-0.98,1.66,-4.56
52,0.03,0.13,1.01,0.03,1.86,-3.55
53,0.04,0.13,1.0,-0.6,1.93,-2.4
54,0.04,0.14,1.0,-1.33,2.38,-3.74
55,0.03,0.13,1.0,-0.73,1.11,-6.12
56,0.03,0.13,1.0,0.02,0.94,-6.75
57,0.01,0.12,1.01,0.24,0.79,-6.24
58,0.0,0.12,1.01,0.17,0.34,-5.29
59,0.03,0.12,1.0,-0.03,1.5,-5.17
60,0.02,0.12,1.0,0.63,2.88,-5.08
61,-0.01,0.11,0.99,1.44,3.2,-4.6
62,-0.02,0.12,0.99,1.6,2.15,-3.75
63,-0.01,0.12,0.98,1.12,1.31,-3.57
64,0.0,0.13,0.97,0.5,0.87,-3.5
65,-0.01,0.13,0.98,-0.33,-0.61,-4.61
66,-0.03,0.12,1.0,-0.23,-2.53,-4.54
67,-0.02,0.12,0.98,0.55,-4.31,-3.53
68,-0.01,0.12,0.98,-0.03,-3.56,-3.13
69,-0.0,0.12,0.99,-0.42,-3.13,-2.86
70,-0.01,0.11,0.98,0.18,-4.09,-2.32
71,0.01,0.11,0.98,0.37,-3.8,-1.6
72,0.01,0.12,0.98,-0.21,-2.86,-0.88
73,0.01,0.13,1.0,-1.04,-1.59,-0.23
74,0.01,0.12,0.99,-0.22,-2.05,-0.99
75,0.02,0.13,0.99,0.6,-1.77,-1.84
76,0.01,0.13,0.99,1.94,-2.3,-2.91
77,0.01,0.13,0.99,2.71,-3.14,-3.79
78,0.01,0.15,0.97,2.82,-3.49,-3.66
79,0.03,0.15,0.98,2.31,-2.54,-3.5
80,0.01,0.14,0.98,1.56,-1.8,-2.82
81,0.01,0.14,0.98,1.35,-1.61,-1.91
82,0.01,0.15,0.97,1.91,-1.4,-1.48
83,0.01,0.15,0.98,1.91,-1.37,-1.14
84,-0.0,0.16,0.97,1.73,-1.72,-1.27
85,-0.0,0.17,0.96,0.88,-2.15,-1.47
86,0.02,0.17,0.95,-0.56,-1.81,-1.82
87,0.01,0.17,0.97,-2.03,-1.87,-2.64
88,0.02,0.16,0.99,-2.06,-2.4,-2.63
89,0.05,0.15,1.0,-0.68,-1.43,-1.99
90,0.03,0.15,0.99,0.24,0.9,-2.83
91,0.0,0.16,0.99,0.36,0.5,-2.47
92,0.01,0.15,0.98,1.22,-0.88,-1.91
93,0.02,0.17,0.96,-0.22,-1.54,-2.73
94,0.03,0.16,0.97,-2.15,-1.28,-5.01
95,0.03,0.14,0.99,-1.45,-0.7,-6.24
96,0.01,0.12,0.99,0.31,-1.18,-6.51
97,0.01,0.13,0.98,1.48,-1.84,-6.31
98,0.01,0.13,0.98,1.68,-1.74,-5.7
99,0.03,0.15,0.97,1.18,-1.35,-4.21
100,0.04,0.15,0.97,0.48,0.61,-4.16
101,0.02,0.14,0.97,-0.26,0.42,-4.53
102,0.02,0.15,0.98,-0.56,-0.3,-3.95
103,0.02,0.15,0.99,-0.58,0.52,-4.27
104,0.02,0.14,0.99,-0.39,-0.11,-4.12
105,0.04,0.15,0.97,-0.72,0.66,-3.06
106,0.04,0.15,0.99,-1.05,3.47,-2.98
107,0.02,0.14,0.97,-0.24,4.54,-3.79
108,-0.01,0.14,0.96,1.02,3.44,-3.48
109,-0.02,0.15,0.94,1.4,1.83,-2.73
110,-0.0,0.18,0.93,0.06,0.03,-2.95
111,0.01,0.19,0.92,-0.64,-1.67,-4.24
112,0.02,0.17,0.93,-1.05,-3.66,-5.99
113,0.04,0.18,0.92,-2.33,-3.46,-6.56
114,0.03,0.17,0.92,-3.3,-2.66,-7.66
115,0.02,0.18,0.92,-3.24,-3.07,-7.81
116,0.02,0.19,0.91,-3.5,-3.45,-6.47
117,0.03,0.19,0.89,-5.04,-2.68,-5.99
118,0.04,0.21,0.86,-6.82,-1.29,-5.48
119,0.04,0.2,0.84,-9.78,-1.25,-4.89
120,0.03,0.2,0.84,-11.54,-2.94,-4.92
121,0.05,0.18,0.82,-11.15,-5.61,-4.22
122,0.07,0.18,0.82,-13.14,-7.8,-4.27
123,0.1,0.13,0.75,-12.37,-7.31,-4.98
124,0.12,0.06,0.69,-8.69,-5.33,-2.26
125,0.18,-0.07,0.57,2.37,-0.24,2.12
126,0.25,-0.25,0.39,16.56,10.52,6.86
127,0.3,-0.46,0.14,38.8,24.4,12.47
128,0.35,-0.72,-0.14,73.43,40.37,20.79
129,0.49,-0.83,-0.42,107.5,62.47,29.43
130,0.4,-0.9,-0.77,133.98,68.51,19.15
131,0.29,-0.69,-1.24,130.08,52.56,8.69
132,0.09,-0.34,-1.58,79.44,30.38,-19.78
133,-0.12,-0.07,-1.71,6.83,-3.93,-18.71
134,-0.19,0.09,-1.72,-59.71,-35.64,-12.63
135,-0.2,0.15,-1.66,-112.09,-63.63,-13.73
136,0.02,0.05,-1.58,-144.18,-75.89,-16.25
137,0.31,0.14,-1.28,-171.49,-66.24,-22.19
138,0.43,0.62,-1.16,-225.74,-40.4,-24.85
139,0.29,1.19,-0.96,-250.14,-32.55,-29.15
140,0.44,1.48,-0.62,-250.14,-7.69,-14.43
141,0.62,1.21,-0.13,-250.14,29.92,-9.16
142,0.63,0.3,0.52,-250.14,80.68,-41.33
143,0.36,-1.01,1.43,-250.14,102.11,-56.31
144,-0.11,-2.0,2.0,-250.14,51.56,-94.62
145,-0.55,-2.0,2.0,-250.14,-44.89,-153.02
146,-1.01,-2.0,2.0,-192.71,-99.19,-164.31
147,-0.54,-2.0,2.0,-70.21,-135.47,-136.34
148,-0.2,-2.0,2.0,-54.18,-77.26,-55.13
149,0.2,-2.0,2.0,-92.74,1.52,-14.53
150,0.09,-1.53,2.0,-100.46,108.58,49.32
151,-0.46,-1.2,2.0,-54.85,151.41,119.72
152,-0.76,-0.79,2.0,1.94,121.29,106.78
153,-0.76,-0.25,2.0,-0.89,74.95,80.85
154,-0.73,-0.07,1.94,-8.84,22.81,25.66
155,-0.71,-0.17,1.89,-1.74,-38.76,-0.4
156,-0.34,-0.26,1.78,13.51,-53.19,-11.24
157,-0.08,-0.28,1.54,4.33,-46.75,-4.63
158,0.12,-0.36,1.37,-14.71,-20.14,0.87
159,0.04,-0.55,1.37,-21.4,-2.16,-6.34
160,-0.05,-0.72,1.35,-6.23,-7.44,-7.97
161,-0.1,-0.78,1.3,15.81,-20.5,-10.17
162,-0.1,-0.75,1.2,40.68,-28.34,-14.93
163,-0.05,-0.68,1.07,44.92,-23.92,-8.14
164,0.56,-0.69,0.59,14.21,60.91,-109.19
165,-0.24,-0.37,1.23,-13.93,54.27,-43.28
166,-0.02,-0.59,1.17,19.21,17.1,-90.77
167,0.26,-0.68,0.85,47.05,-0.73,-43.72
168,0.2,-0.48,0.94,49.11,8.02,-22.53
169,-0.03,-0.65,0.99,88.26,-5.25,17.12
170,-1.57,-0.51,1.67,228.18,-245.66,122.01
171,1.54,-0.15,0.31,97.42,3.44,15.48
172,0.23,0.0,0.54,6.84,49.06,-33.93
173,-0.06,-0.51,0.98,18.28,4.76,-40.02
174,0.11,-0.67,1.09,62.6,-28.08,-53.4
175,0.26,-0.58,1.07,63.34,-17.4,-73.95
176,0.23,-0.62,1.06,64.8,-2.05,-70.53
177,0.14,-0.59,1.07,71.18,16.47,-50.73
178,0.06,-0.52,1.02,69.78,37.34,-26.07
179,-0.06,-0.44,0.93,62.08,52.21,-3.84
180,-0.1,-0.36,0.91,54.61,57.89,16.52
181,-0.16,-0.28,0.87,45.63,55.76,26.52
182,-0.18,-0.26,0.86,40.85,48.36,31.59
183,-0.21,-0.23,0.86,39.17,37.15,36.1
184,-0.17,-0.18,0.89,38.72,24.8,36.02
185,-0.15,-0.13,0.9,38.13,15.35,32.78
186,-0.1,-0.1,0.89,35.63,9.15,29.92
187,-0.07,-0.07,0.88,31.12,5.85,27.1
188,-0.07,-0.07,0.92,26.67,3.95,24.27
189,-0.06,-0.09,0.94,24.87,1.66,23.5
190,-0.04,-0.1,0.96,24.53,0.54,20.89
191,-0.04,-0.13,0.98,27.2,-1.87,19.16
192,-0.03,-0.13,0.99,31.78,-2.56,18.06
193,-0.01,-0.12,0.98,35.11,-2.31,16.96
194,0.02,-0.12,0.97,37.02,-0.65,14.77
195,-0.02,-0.11,0.95,37.96,-0.59,12.28
196,-0.05,-0.13,0.93,38.91,-4.64,9.92
197,-0.04,-0.11,0.94,37.79,-10.73,10.17
198,-0.01,-0.11,0.95,36.71,-13.95,8.98
199,0.02,-0.11,0.96,35.76,-13.21,7.08
200,0.02,-0.11,0.97,35.42,-11.27,5.58
201,0.03,-0.11,0.96,34.21,-10.18,6.1
202,0.02,-0.11,0.95,32.0,-8.11,5.34
203,0.01,-0.12,0.95,30.45,-7.31,3.44
204,0.01,-0.11,0.94,30.15,-6.84,2.26
205,0.02,-0.11,0.93,28.05,-5.49,1.0
206,-0.01,-0.1,0.95,26.45,-5.12,-0.14
207,-0.03,-0.09,0.94,26.21,-7.21,-0.88
208,-0.05,-0.08,0.96,25.21,-10.02,0.2
209,-0.03,-0.08,0.95,22.66,-11.95,-0.69
210,0.0,-0.08,0.97,21.18,-12.16,-0.85
211,0.02,-0.08,0.97,20.19,-12.39,-0.96
212,0.03,-0.06,0.97,17.31,-9.17,-1.57
213,0.03,-0.05,0.98,13.63,-6.58,-0.78
214,0.02,-0.05,0.99,11.9,-2.73,0.94
215,-0.01,-0.07,1.0,11.39,1.42,2.12
216,-0.04,-0.08,1.0,11.72,4.01,5.63
217,-0.06,-0.1,0.99,11.21,4.61,7.84
218,-0.06,-0.1,0.99,12.05,1.6,6.87
219,-0.06,-0.1,0.99,13.7,-1.13,4.79
220,-0.07,-0.1,0.99,15.88,-6.66,0.69
221,-0.07,-0.11,1.0,17.57,-13.66,-2.92
222,-0.07,-0.11,1.02,18.73,-16.96,-3.43
223,-0.05,-0.1,1.03,20.4,-18.82,-2.59
224,0.01,-0.08,1.02,20.73,-18.0,-3.58
225,0.05,-0.08,1.02,20.5,-14.01,-5.15
226,0.03,-0.08,1.03,21.26,-8.93,-1.06
227,0.05,-0.06,1.02,22.28,-4.24,1.11
228,0.04,-0.06,1.02,22.68,-0.92,2.89
229,0.04,-0.06,1.01,25.51,1.51,4.26
230,0.01,-0.03,0.99,27.6,0.69,2.34
231,0.02,-0.01,0.96,27.14,-0.27,0.56
232,0.01,0.0,0.94,24.4,-1.31,-1.19
233,-0.02,0.02,0.94,21.03,-3.3,-1.06
234,-0.02,0.01,0.93,17.76,-2.8,0.05
235,-0.02,0.02,0.94,14.03,-2.57,2.07
236,-0.01,0.02,0.93,9.32,-0.32,3.05
237,-0.04,0.01,0.94,5.18,0.73,4.89
238,-0.05,-0.01,0.96,4.34,0.76,6.82
239,-0.04,-0.01,0.95,5.4,-0.32,8.47
240,-0.02,0.0,0.96,5.4,-0.66,9.02
241,-0.0,0.02,0.95,4.4,-0.38,6.17
242,-0.02,-0.01,0.96,7.13,-2.74,2.4
243,-0.03,0.0,0.96,10.31,-7.72,0.12
244,-0.0,0.03,0.94,9.57,-9.4,-0.21
245,0.01,0.05,0.93,5.66,-7.53,-0.11
246,0.0,0.03,0.95,1.72,-4.56,1.53
247,-0.0,0.03,0.93,-1.31,-2.78,3.82
248,0.0,0.02,0.93,-6.66,-1.31,4.76
249,0.01,0.01,0.94,-11.68,-1.48,4.02
250,0.01,-0.01,0.95,-14.75,-1.75,3.06
251,0.02,-0.05,0.98,-16.38,-3.96,0.06
252,0.02,-0.07,1.0,-14.08,-6.33,-2.97
253,0.02,-0.09,1.02,-7.62,-6.91,-5.59
254,0.0,-0.1,1.04,-2.76,-4.89,-5.6
255,0.01,-0.11,1.04,3.82,-2.98,-0.62
256,0.02,-0.08,1.03,6.93,3.39,5.06
257,0.03,-0.04,0.99,6.85,9.27,8.46
258,0.02,-0.03,0.97,3.92,12.22,10.1
259,0.01,-0.02,0.97,0.44,11.74,9.59
260,0.01,-0.02,0.98,0.3,7.73,4.34
261,-0.01,-0.04,1.02,3.84,1.91,-0.18
262,-0.01,-0.04,1.01,9.58,-2.99,-2.8
263,0.01,-0.03,1.01,12.14,-4.44,-3.68
264,0.05,0.0,1.0,13.18,-3.54,-4.02
265,0.05,0.01,0.99,13.6,1.21,-3.05
266,0.04,0.03,0.98,13.54,6.24,-1.85
267,0.01,0.04,0.96,11.71,10.78,1.55
268,-0.0,0.06,0.95,9.82,14.65,7.0
269,-0.03,0.09,0.92,5.82,19.56,12.02
270,-0.04,0.1,0.91,1.56,23.04,22.42
271,0.01,0.11,0.89,-4.68,27.5,28.08
272,0.04,0.1,0.89,-8.96,26.84,21.38
273,0.01,0.09,0.92,-7.44,19.27,9.15
274,-0.0,0.05,0.94,-1.64,8.38,-5.31
275,-0.03,0.05,0.96,6.11,-3.96,-16.18
276,-0.03,0.04,0.97,12.51,-13.06,-20.76
277,-0.0,0.06,0.97,14.63,-15.11,-19.47
278,0.02,0.06,0.96,13.38,-8.92,-14.48
279,0.01,0.06,0.98,9.83,-2.07,-9.05
280,-0.01,0.05,0.98,7.62,2.79,-3.46
281,-0.01,0.04,0.98,7.92,3.35,0.38
282,0.01,0.05,0.98,8.5,1.85,-1.44
283,0.0,0.06,0.98,8.68,0.1,-6.18
284,-0.02,0.06,0.98,10.24,-2.82,-8.02
285,-0.03,0.06,0.98,10.3,-3.51,-8.73
286,-0.03,0.07,0.98,9.61,-3.39,-7.31
287,-0.04,0.07,0.97,9.85,-2.74,-4.13
288,-0.02,0.07,0.96,8.18,-1.38,-2.88
289,-0.02,0.07,0.97,6.17,-0.83,-3.7
290,-0.04,0.06,0.96,6.31,-2.68,-2.96
291,-0.02,0.06,0.95,5.73,-2.21,-1.04
292,-0.04,0.05,0.95,4.74,-0.41,1.21
293,-0.03,0.03,0.95,5.53,0.08,2.58
294,-0.04,0.02,0.93,6.53,-0.51,4.14
295,-0.04,0.01,0.94,8.44,-3.65,3.91
296,-0.0,0.01,0.94,10.16,-6.32,3.11
297,0.05,0.01,0.94,9.58,-6.67,0.6
298,0.09,0.02,0.92,6.14,-3.66,-2.18
299,0.09,0.03,0.93,1.43,4.48,-6.73
300,0.03,-0.01,0.98,-1.66,10.42,-9.85
301,-0.09,-0.06,1.02,3.59,9.79,-9.34
302,-0.15,-0.06,1.02,11.67,3.93,-6.88
303,-0.13,-0.02,0.99,14.7,0.85,-2.79
304,-0.13,0.01,0.96,15.47,-0.7,1.4
305,-0.14,0.02,0.96,16.19,-3.24,5.76
306,-0.15,0.03,0.96,15.57,-7.16,10.37
307,-0.11,0.04,0.96,16.2,-10.03,14.47
308,-0.09,0.06,0.95,16.93,-15.21,14.75
309,-0.03,0.09,0.94,16.5,-18.47,11.71
310,0.03,0.11,0.95,12.67,-18.18,6.08
311,0.03,0.11,0.97,12.56,-14.86,-0.86
312,0.02,0.11,0.99,11.47,-13.47,-3.35
313,0.02,0.11,0.99,12.1,-13.08,-3.28
314,0.05,0.1,1.0,12.72,-12.0,-2.74
315,0.07,0.11,1.01,12.59,-7.44,-1.03
316,0.06,0.11,1.0,12.76,-3.89,-0.25
317,0.04,0.11,0.99,12.85,-1.15,0.28
318,0.0,0.13,0.97,13.81,-2.83,-0.32
319,-0.0,0.14,0.96,14.18,-6.45,-2.0
320,0.02,0.16,0.97,12.6,-8.24,-5.26
321,0.03,0.15,0.99,11.35,-7.37,-7.67
322,0.04,0.15,0.98,11.73,-5.71,-9.19
323,0.03,0.14,0.98,11.3,-3.59,-8.24
324,0.02,0.15,0.99,10.95,-2.2,-7.65
325,0.03,0.16,0.97,9.53,-0.16,-7.99
326,0.02,0.17,0.98,8.89,0.92,-9.63
327,-0.0,0.17,0.97,8.63,1.3,-9.86
328,0.0,0.17,0.97,8.56,0.38,-10.11
329,-0.01,0.17,0.96,7.73,-0.15,-10.96
330,-0.04,0.19,0.95,6.05,-2.7,-9.88
331,-0.05,0.21,0.94,3.46,-6.25,-8.68
332,-0.03,0.21,0.94,0.56,-8.34,-8.3
333,-0.02,0.21,0.96,-1.8,-9.59,-7.73
334,0.02,0.2,0.96,-2.69,-11.07,-8.08
335,0.04,0.19,0.97,-5.11,-9.51,-9.91
336,0.04,0.17,0.98,-6.29,-7.71,-10.47
337,0.01,0.14,0.99,-5.31,-7.88,-9.63
338,0.01,0.13,0.99,-2.04,-7.98,-8.09
339,0.02,0.13,0.99,0.79,-8.02,-5.24
340,0.04,0.14,0.97,2.2,-7.19,-3.66
341,0.06,0.14,0.96,2.14,-4.76,-4.02
342,0.05,0.16,0.95,1.51,-2.89,-3.62
343,0.01,0.16,0.96,0.76,-3.79,-3.7
344,0.03,0.17,0.95,0.7,-5.11,-4.81
345,0.03,0.17,0.93,0.14,-5.68,-6.53
346,0.03,0.16,0.93,-0.4,-5.35,-8.06
347,0.01,0.15,0.92,-0.24,-6.53,-7.31
348,0.03,0.15,0.92,-0.29,-7.06,-6.24
349,0.05,0.15,0.94,-1.51,-4.7,-6.74
350,0.03,0.14,0.95,-0.89,-3.72,-7.1
351,0.03,0.13,0.96,2.05,-2.08,-5.84
352,0.02,0.15,0.95,3.19,-0.15,-4.29
353,-0.01,0.14,0.93,3.68,0.96,-3.61
354,-0.05,0.16,0.92,3.15,-0.37,-1.9
355,-0.05,0.17,0.91,1.34,-2.85,-1.62
356,-0.03,0.16,0.92,-0.05,-4.6,-1.41
357,-0.02,0.16,0.92,-0.97,-6.12,-0.56
358,-0.0,0.16,0.93,-3.29,-6.99,0.88
359,0.04,0.14,0.94,-6.06,-3.69,2.05
360,0.07,0.13,0.98,-6.02,0.3,3.5
361,0.07,0.11,0.99,-3.73,3.0,3.68
362,0.05,0.12,0.99,-0.5,2.97,1.52
363,0.05,0.14,0.96,1.83,3.56,-0.88
364,0.01,0.14,0.95,3.63,2.38,-2.53
365,-0.01,0.15,0.94,3.68,-0.3,-2.11
366,-0.01,0.17,0.93,1.79,-0.92,0.47
367,0.02,0.17,0.92,-1.68,1.44,2.76
368,-0.0,0.17,0.93,-4.19,2.93,3.95
369,-0.02,0.16,0.95,-4.18,1.47,5.05
370,-0.02,0.15,0.94,-3.69,-1.26,6.47
371,0.01,0.16,0.94,-3.73,-3.11,6.67
372,0.05,0.16,0.95,-3.14,-4.44,3.89
373,0.05,0.16,0.98,-1.72,-5.45,0.11
374,0.05,0.16,0.98,-0.16,-6.56,-2.56
375,0.06,0.16,0.99,1.2,-4.47,-3.13
376,0.06,0.16,0.98,2.41,-2.92,-2.03
377,0.05,0.17,0.98,1.94,-1.17,-0.19
378,0.08,0.19,0.96,0.37,1.96,-0.21
379,0.06,0.18,0.97,-1.09,4.05,-0.21
380,0.01,0.19,0.97,-1.19,3.5,-0.65
381,-0.0,0.19,0.96,-0.74,1.36,0.16
382,-0.0,0.2,0.94,-1.63,-0.1,0.08
383,-0.01,0.19,0.95,-3.29,-2.09,-0.7
384,0.0,0.19,0.96,-4.05,-3.71,-0.33
385,0.04,0.17,0.96,-4.24,-4.26,-1.56
386,0.04,0.16,0.99,-4.41,-3.86,-3.25
387,0.04,0.15,1.0,-1.75,-3.56,-4.06
388,0.02,0.15,0.98,-0.14,-3.58,-3.47
389,0.02,0.16,0.98,-0.85,-3.76,-2.06
390,0.04,0.17,0.98,-2.4,-2.98,-1.56
391,0.03,0.16,0.99,-2.21,-3.05,-1.89
392,0.04,0.16,0.99,-1.39,-3.89,-1.4
393,0.06,0.15,0.99,-1.05,-3.9,-2.04
394,0.04,0.14,1.0,1.14,-1.49,-1.91
395,0.0,0.14,0.99,4.18,-3.76,-1.09
396,0.03,0.17,0.96,3.97,-3.25,0.7
397,0.04,0.19,0.95,0.82,-1.17,-0.94
398,0.01,0.19,0.96,-0.64,-1.37,-2.78
399,-0.0,0.19,0.97,0.35,-3.31,-2.33
