,accel_x,accel_y,accel_z,gyro_x,gyro_y,gyro_z
0,0.02,0.09,1.04,-3.66,-1.92,-9.83
1,0.01,0.09,1.03,-3.26,0.29,-8.92
2,0.01,0.08,1.03,-3.84,3.11,-8.92
3,-0.01,0.07,1.03,-3.3,3.01,-8.2
4,-0.01,0.05,1.02,-2.93,3.12,-9.16
5,-0.02,0.05,1.02,-3.47,3.07,-10.59
6,-0.02,0.04,1.03,-2.12,1.44,-9.21
7,-0.04,0.02,1.03,-0.92,2.08,-8.05
8,-0.06,-0.0,1.03,-1.16,3.44,-7.89
9,-0.06,-0.01,1.03,0.21,3.36,-6.2
10,-0.06,0.0,1.02,1.57,3.15,-4.49
11,-0.07,-0.0,1.01,1.41,3.95,-3.74
12,-0.08,-0.0,1.01,2.63,3.34,-3.05
13,-0.08,0.01,0.98,3.63,3.5,-3.85
14,-0.09,0.02,0.98,3.72,4.5,-3.39
15,-0.11,0.02,0.94,4.73,1.02,-1.36
16,-0.11,0.04,0.95,4.51,-0.52,1.08
17,-0.12,0.05,0.94,3.01,-1.89,-0.74
18,-0.11,0.06,0.95,2.14,-3.61,-0.74
19,-0.1,0.06,0.95,1.48,-4.08,-0.34
20,-0.09,0.05,0.94,1.51,-4.84,-1.39
21,-0.08,0.06,0.95,1.85,-5.13,-1.93
22,-0.07,0.07,0.94,1.15,-4.81,-2.44
23,-0.06,0.09,0.94,0.21,-4.31,-3.49
24,-0.07,0.1,0.94,-0.11,-5.36,-2.73
25,-0.06,0.1,0.93,-0.45,-7.63,-1.56
26,-0.04,0.11,0.96,-0.49,-7.75,0.61
27,-0.04,0.11,0.94,-2.02,-6.09,-0.62
28,-0.04,0.1,0.95,-3.12,-6.6,-1.85
29,-0.04,0.1,0.96,-3.73,-6.84,-3.04
30,-0.04,0.09,0.97,-3.68,-6.83,-4.73
31,-0.03,0.09,0.99,-3.66,-6.03,-6.13
32,-0.03,0.07,0.98,-3.85,-5.92,-5.5
33,-0.02,0.08,0.99,-4.05,-5.13,-3.85
34,-0.02,0.07,1.01,-4.34,-3.82,-4.85
35,-0.02,0.06,1.01,-3.82,-3.37,-5.89
36,-0.01,0.05,1.02,-2.82,-3.0,-4.69
37,-0.01,0.05,1.03,-1.8,-0.61,-3.16
38,-0.04,0.04,1.03,-1.31,1.4,-2.59
39,-0.04,0.05,1.01,0.04,1.41,-2.57
40,-0.04,0.05,1.02,0.47,2.47,-2.69
41,-0.05,0.07,1.02,0.25,3.27,-3.07
42,-0.05,0.07,1.0,0.6,3.66,-4.69
43,-0.04,0.08,1.0,0.05,4.15,-6.83
44,-0.05,0.07,1.0,0.36,3.99,-7.7
45,-0.03,0.08,1.0,0.66,4.08,-5.01
46,-0.06,0.08,0.98,-0.53,5.09,-4.92
47,-0.06,0.09,0.97,-0.13,4.08,-4.69
48,-0.07,0.08,0.98,-0.98,4.49,-3.53
49,-0.09,0.06,0.97,-1.09,3.92,-0.92
50,-0.11,0.05,0.96,-0.47,3.01,-0.76
51,-0.09,0.05,0.96,0.21,1.43,-0.56
52,-0.08,0.06,0.96,-0.13,1.02,-1.95
53,-0.07,0.07,0.96,1.28,-1.28,-3.36
54,-0.07,0.08,0.95,0.6,-1.72,-3.47
55,-0.06,0.09,0.96,-0.85,-1.62,-4.03
56,-0.05,0.1,0.97,-1.45,-1.76,-4.04
57,-0.05,0.09,0.98,-1.79,-1.02,-4.97
58,-0.06,0.08,0.98,-0.95,-1.4,-5.02
59,-0.07,0.07,0.98,-0.56,-1.32,-4.25
60,-0.08,0.06,0.97,-1.56,-0.78,-3.53
61,-0.08,0.08,0.97,-2.27,0.15,-3.71
62,-0.08,0.07,0.98,-3.27,-0.48,-3.05
63,-0.08,0.06,0.98,-2.58,-1.47,-3.17
64,-0.07,0.06,0.98,-2.42,-1.8,-3.14
65,-0.07,0.06,0.98,-1.98,-3.01,-2.65
66,-0.06,0.05,1.0,-1.72,-3.13,-3.24
67,-0.05,0.05,0.99,-0.79,-2.5,-2.3
68,-0.05,0.07,0.99,-1.15,-1.18,-1.07
69,-0.05,0.08,0.99,-1.08,-1.34,-1.67
70,-0.06,0.08,0.99,-1.3,-0.85,-3.92
71,-0.06,0.07,0.98,0.12,-1.67,-4.44
72,-0.06,0.08,0.99,0.18,-1.47,-5.18
73,-0.05,0.08,0.99,0.49,-1.53,-4.92
74,-0.04,0.08,0.99,1.3,-1.84,-3.98
75,-0.05,0.08,0.98,2.26,-0.99,-2.53
76,-0.06,0.09,0.97,2.33,-1.27,-3.62
77,-0.07,0.09,0.97,0.96,-0.69,-4.86
78,-0.08,0.08,0.98,-0.12,-0.79,-3.76
79,-0.08,0.07,0.99,-0.61,-0.02,-3.43
80,-0.09,0.07,0.99,-0.89,-0.07,-3.03
81,-0.08,0.06,0.99,-0.76,-0.5,-1.75
82,-0.08,0.05,0.99,-0.18,-0.54,0.61
83,-0.09,0.06,0.99,0.48,-1.21,0.5
84,-0.09,0.07,0.97,0.83,-2.93,0.27
85,-0.08,0.07,0.97,0.62,-3.99,-0.26
86,-0.08,0.08,0.99,0.38,-3.98,-0.98
87,-0.07,0.09,0.98,0.02,-4.02,-1.93
88,-0.05,0.08,1.0,0.73,-4.59,-1.53
89,-0.03,0.08,1.01,0.53,-1.95,-1.31
90,-0.04,0.07,1.0,1.73,-0.95,-2.21
91,-0.03,0.07,1.0,2.33,-0.63,-2.39
92,-0.02,0.07,0.99,3.02,0.65,-0.44
93,-0.04,0.06,0.99,4.08,0.31,1.01
94,-0.06,0.07,0.99,3.47,1.34,1.32
95,-0.07,0.08,0.97,3.7,0.46,1.63
96,-0.07,0.08,0.99,3.65,0.08,0.86
97,-0.09,0.07,0.99,4.5,-0.67,0.2
98,-0.05,0.07,0.99,3.69,-1.18,1.71
99,-0.05,0.07,1.0,4.05,0.06,4.09
100,-0.06,0.07,1.0,4.97,0.31,1.66
101,-0.06,0.08,0.99,5.54,0.5,0.79
102,-0.06,0.09,0.99,6.31,-0.6,0.69
103,-0.06,0.1,0.99,6.15,-0.47,-0.7
104,-0.07,0.1,1.0,6.97,-1.43,-1.2
105,-0.05,0.1,1.01,7.89,-1.94,-3.11
106,-0.05,0.11,1.01,7.6,-0.92,-3.88
107,-0.04,0.1,1.01,7.88,-0.02,-3.57
108,-0.02,0.11,1.01,9.16,0.21,-0.42
109,-0.03,0.12,1.01,8.54,2.25,-1.28
110,-0.05,0.13,1.01,9.0,3.08,-2.02
111,-0.06,0.13,1.0,8.93,3.53,-1.6
112,-0.06,0.13,1.0,8.6,3.78,-0.46
113,-0.07,0.14,0.99,9.24,2.0,-1.22
114,-0.05,0.14,0.99,9.55,1.69,-0.79
115,-0.05,0.14,0.99,9.34,2.47,-2.34
116,-0.04,0.14,0.99,9.18,3.6,-3.17
117,-0.06,0.14,0.98,9.47,5.18,-3.66
118,-0.08,0.14,0.97,8.81,4.82,-2.98
119,-0.09,0.15,0.96,8.31,3.69,-3.23
120,-0.08,0.16,0.96,7.7,1.83,-2.74
121,-0.09,0.16,0.95,6.7,0.62,-3.87
122,-0.08,0.16,0.97,6.76,-1.46,-6.34
123,-0.07,0.15,0.97,6.66,-0.97,-5.08
124,-0.08,0.14,0.97,5.56,0.18,-4.44
125,-0.08,0.14,0.97,5.46,-0.89,-5.55
126,-0.08,0.13,0.98,6.94,-2.35,-4.34
127,-0.08,0.13,0.98,7.14,-1.85,-2.94
128,-0.08,0.13,0.98,7.4,0.05,-3.61
129,-0.08,0.13,0.97,7.26,0.39,-4.44
130,-0.07,0.14,0.97,6.73,0.08,-4.26
131,-0.06,0.15,0.97,6.39,0.51,-3.82
132,-0.05,0.15,0.96,5.51,0.77,-5.64
133,-0.04,0.17,0.95,6.11,0.46,-5.54
134,-0.05,0.17,0.95,6.15,1.82,-5.39
135,-0.07,0.17,0.93,5.78,1.6,-7.66
136,-0.07,0.18,0.92,4.85,1.05,-8.84
137,-0.05,0.19,0.9,4.4,0.47,-8.85
138,-0.05,0.2,0.87,2.75,-0.45,-10.6
139,-0.04,0.2,0.86,3.0,-3.28,-11.82
140,-0.03,0.2,0.84,4.51,-5.24,-14.64
141,0.03,0.22,0.82,2.98,-6.59,-14.95
142,0.06,0.21,0.77,0.57,-6.34,-12.44
143,0.09,0.18,0.7,-1.31,-2.92,-11.73
144,0.14,0.16,0.6,-4.05,-0.69,-11.44
145,0.21,0.13,0.48,-4.79,1.7,-6.12
146,0.23,0.1,0.33,-8.15,3.26,-5.44
147,0.29,0.08,0.17,-11.6,3.64,-2.34
148,0.34,0.07,0.01,-18.48,6.12,-3.64
149,0.38,0.07,-0.12,-27.11,11.29,-2.92
150,0.35,0.1,-0.21,-42.58,20.65,1.11
151,0.27,0.11,-0.37,-50.92,28.89,5.55
152,0.16,0.14,-0.47,-38.59,22.9,12.24
153,0.11,0.28,-0.66,-70.5,23.35,12.85
154,0.05,0.38,-0.73,-77.59,23.96,12.61
155,0.01,0.49,-0.8,-93.02,21.01,12.98
156,-0.03,0.68,-0.87,-106.43,5.95,21.85
157,0.02,0.85,-0.97,-133.47,-4.82,33.95
158,-0.0,1.07,-0.94,-168.47,-33.6,31.51
159,0.05,1.31,-0.77,-212.02,-69.8,18.81
160,0.27,1.56,-0.72,-250.14,-112.32,-23.02
161,0.58,1.68,-0.67,-250.14,-138.5,-98.34
162,0.76,1.62,-0.81,-250.14,-139.79,-193.6
163,0.95,1.1,-1.12,-250.14,-150.37,-250.14
164,0.9,-0.8,-1.2,-250.14,-206.82,-250.14
165,0.11,-2.0,0.03,-250.14,-250.14,-250.14
166,0.71,-2.0,2.0,-213.54,-250.14,-168.69
167,0.68,-2.0,2.0,95.19,-250.14,-46.44
168,2.0,-2.0,2.0,3.18,-163.95,72.75
169,2.0,-2.0,2.0,24.09,-26.78,132.56
170,1.98,-1.54,2.0,-191.42,250.13,127.03
171,0.57,-1.95,2.0,-225.26,250.13,216.02
172,0.17,-1.77,2.0,-164.2,250.13,250.13
173,0.16,-1.41,2.0,-81.91,250.13,202.62
174,-0.07,-0.95,1.62,-18.82,201.31,89.96
175,-0.03,-0.62,1.01,103.8,132.5,-2.79
176,0.18,-0.05,1.1,101.6,70.4,-67.69
177,0.38,0.04,1.01,57.47,98.16,-45.59
178,0.3,-0.15,1.07,21.01,132.09,-8.28
179,0.03,-0.36,1.08,9.31,145.63,2.02
180,-0.15,-0.47,0.99,12.92,131.52,3.86
181,-0.24,-0.41,0.89,16.06,106.91,4.71
182,-0.3,-0.36,0.78,18.17,79.78,-2.21
183,-0.34,-0.39,0.77,11.66,59.69,-12.9
184,-0.38,-0.54,0.8,10.37,39.85,-12.96
185,-0.38,-0.69,0.83,20.05,18.82,-3.85
186,-0.33,-0.72,0.85,25.47,3.54,4.5
187,-0.2,-0.64,0.82,29.9,-3.54,10.2
188,-0.16,-0.58,0.8,25.18,-4.73,5.56
189,-0.14,-0.56,0.75,22.6,-3.02,2.31
190,-0.16,-0.54,0.73,22.59,-4.27,2.53
191,-0.19,-0.53,0.71,22.98,-10.6,1.89
192,-0.17,-0.5,0.7,22.29,-14.01,3.57
193,-0.13,-0.45,0.71,17.37,-14.2,3.61
194,-0.12,-0.43,0.7,11.7,-14.21,1.93
195,-0.13,-0.43,0.73,6.39,-15.44,-0.74
196,-0.14,-0.46,0.75,3.05,-18.51,-4.26
197,-0.11,-0.49,0.78,0.62,-21.67,-3.4
198,-0.12,-0.53,0.83,-2.07,-21.5,-4.19
199,-0.11,-0.57,0.85,-0.65,-23.57,-2.31
200,-0.09,-0.59,0.89,2.86,-26.38,-2.24
201,-0.02,-0.57,0.92,6.53,-28.45,-1.05
202,0.02,-0.55,0.95,5.59,-22.6,-3.0
203,0.03,-0.57,0.96,6.5,-16.17,-2.96
204,0.02,-0.57,0.96,9.57,-12.62,-1.53
205,0.04,-0.56,0.96,10.31,-9.89,5.24
206,0.01,-0.55,0.97,9.24,-2.85,5.79
207,0.01,-0.54,0.94,9.64,-0.04,5.39
208,0.01,-0.52,0.94,10.05,2.34,5.4
209,0.0,-0.52,0.93,9.98,4.53,5.99
210,-0.01,-0.5,0.92,9.31,6.54,2.42
211,-0.03,-0.52,0.92,9.98,7.02,-1.3
212,-0.03,-0.51,0.92,10.2,6.03,-2.69
213,-0.03,-0.53,0.93,12.13,3.08,0.72
214,-0.06,-0.55,0.95,13.16,5.06,-2.09
215,-0.07,-0.56,0.94,16.31,4.18,-2.36
216,-0.07,-0.55,0.93,15.79,5.73,-1.65
217,-0.04,-0.54,0.94,16.89,4.35,5.92
218,-0.09,-0.53,0.94,16.65,4.6,3.44
219,-0.09,-0.53,0.94,20.02,3.15,2.53
220,-0.07,-0.49,0.93,20.95,0.99,6.34
221,-0.09,-0.48,0.92,21.25,0.78,9.71
222,-0.09,-0.47,0.92,21.37,0.39,8.53
223,-0.08,-0.46,0.92,20.05,0.2,8.5
224,-0.04,-0.44,0.92,19.05,0.11,7.15
225,-0.04,-0.44,0.92,18.68,0.52,6.17
226,-0.05,-0.44,0.93,20.37,0.41,4.23
227,-0.05,-0.43,0.92,21.01,0.31,2.6
228,-0.05,-0.42,0.92,20.77,1.47,2.12
229,-0.05,-0.41,0.91,20.4,-0.5,4.55
230,-0.06,-0.42,0.9,22.71,-2.15,2.4
231,-0.04,-0.4,0.9,25.24,-3.82,-0.24
232,-0.02,-0.38,0.91,25.72,-3.85,0.24
233,-0.02,-0.38,0.89,22.69,-3.53,4.44
234,-0.04,-0.39,0.9,20.88,-0.89,6.34
235,-0.04,-0.38,0.9,20.87,0.34,8.33
236,-0.04,-0.37,0.89,18.24,2.3,9.18
237,-0.07,-0.37,0.89,16.11,0.59,8.33
238,-0.07,-0.4,0.9,17.29,-2.16,4.89
239,-0.08,-0.41,0.92,20.98,-5.0,2.23
240,-0.08,-0.41,0.93,20.9,-5.67,1.92
241,-0.06,-0.43,0.96,20.77,-7.37,5.34
242,-0.05,-0.42,0.98,21.02,-4.48,6.94
243,-0.06,-0.42,0.97,21.84,-2.17,5.5
244,-0.07,-0.42,0.98,23.8,-2.79,4.05
245,-0.07,-0.41,0.99,25.08,-3.53,5.21
246,-0.07,-0.4,0.99,25.53,-4.79,6.56
247,-0.07,-0.4,1.0,26.41,-5.56,6.21
248,-0.06,-0.4,1.01,28.21,-6.33,5.69
249,-0.05,-0.38,1.02,29.49,-7.16,4.05
250,-0.04,-0.36,1.02,31.73,-8.82,5.03
251,-0.01,-0.34,1.04,33.12,-9.22,5.75
252,0.0,-0.35,1.05,32.65,-4.08,3.85
253,-0.01,-0.36,1.07,31.81,0.05,4.61
254,-0.03,-0.36,1.05,34.83,1.15,6.51
255,-0.05,-0.34,1.04,36.45,2.77,6.13
256,-0.06,-0.34,1.02,38.27,1.81,4.73
257,-0.08,-0.33,1.01,41.24,-0.98,4.08
258,-0.06,-0.32,1.01,41.6,-2.2,6.45
259,-0.05,-0.31,1.0,40.66,-0.21,8.18
260,-0.05,-0.32,1.0,39.46,0.9,8.85
261,-0.06,-0.32,0.99,39.44,0.94,8.63
262,-0.05,-0.32,0.99,39.34,0.71,7.41
263,-0.05,-0.31,0.98,39.71,2.07,7.44
264,-0.06,-0.3,0.98,40.31,2.74,7.47
265,-0.07,-0.28,0.98,39.53,2.75,6.71
266,-0.05,-0.28,0.97,38.53,4.56,8.26
267,-0.05,-0.26,0.96,37.96,6.49,10.97
268,-0.06,-0.24,0.97,37.46,6.64,11.53
269,-0.05,-0.22,0.94,37.65,6.18,9.92
270,-0.04,-0.2,0.94,36.98,5.9,10.0
271,-0.04,-0.21,0.95,35.98,6.42,12.34
272,-0.05,-0.2,0.93,34.97,7.74,11.9
273,-0.04,-0.19,0.92,33.82,8.47,12.03
274,-0.06,-0.19,0.91,33.62,7.88,11.43
275,-0.07,-0.17,0.9,33.15,7.34,11.11
276,-0.08,-0.15,0.89,31.7,5.02,11.52
277,-0.1,-0.13,0.89,28.4,2.4,12.54
278,-0.1,-0.12,0.88,27.75,1.02,12.79
279,-0.1,-0.13,0.89,25.69,-3.63,9.31
280,-0.07,-0.12,0.9,24.41,-6.75,7.63
281,-0.05,-0.12,0.91,22.95,-6.94,5.53
282,-0.03,-0.12,0.94,21.34,-6.21,0.72
283,-0.02,-0.13,0.96,21.58,-5.35,0.24
284,-0.03,-0.14,0.98,22.69,-2.33,3.79
285,-0.01,-0.14,1.0,22.6,2.16,8.34
286,0.0,-0.12,1.01,23.11,7.93,11.55
287,0.0,-0.11,1.0,23.89,14.11,14.32
288,-0.02,-0.1,0.98,25.46,18.27,19.98
289,-0.03,-0.07,0.96,25.56,23.03,22.79
290,-0.05,-0.05,0.93,26.18,24.95,22.14
291,-0.1,-0.04,0.89,28.87,21.17,18.47
292,-0.11,-0.01,0.86,30.62,15.81,13.57
293,-0.12,0.0,0.85,30.95,10.71,7.79
294,-0.15,0.01,0.84,28.43,4.86,-0.22
295,-0.16,0.0,0.85,26.95,-2.91,-4.08
296,-0.14,-0.01,0.86,24.26,-6.37,-5.41
297,-0.13,-0.03,0.88,22.08,-8.44,-5.47
298,-0.11,-0.06,0.9,24.09,-9.52,-3.89
299,-0.1,-0.08,0.92,25.17,-8.14,-1.73
300,-0.08,-0.08,0.92,25.73,-5.04,0.93
301,-0.09,-0.08,0.91,26.46,-2.7,3.07
302,-0.09,-0.06,0.89,27.76,-1.84,3.65
303,-0.08,-0.02,0.88,27.18,-2.75,2.89
304,-0.07,0.02,0.87,24.66,-3.91,2.5
305,-0.07,0.02,0.86,22.1,-5.93,2.38
306,-0.07,0.04,0.85,18.66,-7.54,1.5
307,-0.04,0.06,0.86,14.24,-8.11,0.58
308,-0.04,0.05,0.86,9.99,-7.83,-0.89
309,-0.05,0.03,0.87,7.51,-8.49,-2.48
310,-0.03,0.01,0.89,5.4,-7.94,-5.0
311,-0.04,-0.0,0.9,4.01,-6.11,-7.08
312,-0.05,-0.02,0.9,3.73,-5.01,-7.9
313,-0.05,-0.05,0.92,4.95,-5.24,-5.24
314,-0.05,-0.06,0.92,6.68,-5.19,-0.78
315,-0.03,-0.05,0.92,9.32,-4.81,2.23
316,-0.02,-0.01,0.91,9.82,-2.48,1.92
317,-0.03,0.01,0.91,8.98,-0.36,1.65
318,-0.04,0.03,0.89,7.89,0.98,1.16
319,-0.04,0.04,0.87,6.82,1.05,1.18
320,-0.07,0.04,0.86,3.76,1.85,-0.38
321,-0.08,0.04,0.87,2.24,-1.07,-2.05
322,-0.07,0.04,0.88,1.31,-3.23,-3.17
323,-0.05,0.05,0.88,-0.39,-4.0,-2.89
324,-0.06,0.04,0.89,-2.51,-2.48,-2.47
325,-0.08,0.01,0.92,-1.66,-3.34,-0.66
326,-0.09,0.01,0.92,-1.37,-5.62,2.73
327,-0.04,0.05,0.92,-4.39,-2.7,5.89
328,-0.03,0.06,0.91,-7.61,1.59,6.27
329,-0.03,0.06,0.93,-8.04,1.12,2.47
330,-0.04,0.04,0.94,-6.85,0.25,-0.27
331,-0.08,0.01,0.95,-4.58,-1.13,-2.06
332,-0.08,0.01,0.96,-2.54,-4.77,-4.08
333,-0.07,0.02,0.97,-0.72,-7.12,-5.61
334,-0.05,0.03,0.97,0.03,-7.95,-5.05
335,-0.04,0.05,0.99,-2.73,-5.26,-5.93
336,-0.04,0.04,1.0,-5.33,-2.75,-3.89
337,-0.07,0.03,1.01,-6.6,-0.96,-2.1
338,-0.07,0.02,1.0,-6.85,-0.71,-1.09
339,-0.07,0.02,1.0,-6.12,-0.75,-1.08
340,-0.07,0.02,1.0,-5.79,-0.6,-2.22
341,-0.07,0.0,1.01,-3.21,-1.31,-2.98
342,-0.08,0.0,1.02,-1.76,-1.28,-3.25
343,-0.08,0.01,1.01,-1.4,-1.02,-2.61
344,-0.07,0.01,1.01,-0.82,-1.33,-1.66
345,-0.09,0.01,1.01,-1.68,-1.82,-1.88
346,-0.1,0.01,1.01,-2.0,-1.4,-2.82
347,-0.08,0.0,1.01,-1.47,-1.39,-4.24
348,-0.07,-0.0,1.02,-1.05,-1.22,-4.74
349,-0.07,-0.01,1.02,0.27,-1.31,-3.46
350,-0.08,-0.0,1.03,1.6,-0.39,-1.89
351,-0.09,-0.01,1.03,2.65,-1.0,-2.77
352,-0.07,0.0,1.02,3.05,-0.02,-2.22
353,-0.08,0.01,1.02,2.3,1.66,-1.27
354,-0.09,0.01,1.02,2.06,1.81,-0.87
355,-0.09,-0.01,1.02,3.68,-0.04,1.42
356,-0.09,-0.0,1.02,2.98,0.69,1.34
357,-0.1,-0.0,1.03,2.98,1.83,-0.37
358,-0.11,-0.02,1.03,4.97,0.89,-0.89
359,-0.1,-0.0,1.03,5.49,0.65,-0.02
360,-0.1,0.01,1.03,5.01,2.58,-0.1
361,-0.11,0.0,1.02,6.27,2.44,-0.66
362,-0.12,0.01,1.01,7.4,1.29,-1.21
363,-0.11,0.02,1.01,8.78,-0.73,-1.21
364,-0.1,0.03,1.0,7.15,-0.58,-1.15
365,-0.1,0.02,1.01,8.15,-2.37,-0.7
366,-0.11,0.03,1.01,8.62,-3.41,0.73
367,-0.09,0.03,1.01,7.73,-2.41,1.15
368,-0.08,0.03,1.02,8.65,-1.8,1.72
369,-0.07,0.06,1.02,8.97,-0.51,1.92
370,-0.08,0.06,1.01,7.75,-0.14,1.48
371,-0.08,0.05,1.01,7.67,0.49,2.99
372,-0.09,0.04,1.02,7.21,0.45,2.49
373,-0.07,0.03,1.01,7.9,0.78,2.37
374,-0.07,0.03,1.01,8.39,2.04,2.52
375,-0.08,0.03,1.0,8.58,3.32,1.43
376,-0.09,0.03,1.01,10.2,1.31,1.09
377,-0.1,0.03,1.0,12.21,-0.24,2.41
378,-0.09,0.04,1.0,12.7,-0.05,1.82
379,-0.08,0.06,0.99,13.13,1.58,0.81
380,-0.1,0.06,0.99,12.05,1.24,0.44
381,-0.1,0.08,0.98,10.2,1.53,1.33
382,-0.08,0.09,0.98,8.13,2.82,0.65
383,-0.06,0.1,0.98,7.92,2.17,-0.98
384,-0.05,0.1,0.99,5.89,3.8,-1.38
385,-0.06,0.09,0.99,2.79,7.15,-0.94
386,-0.07,0.07,1.0,2.44,8.68,-0.73
387,-0.07,0.07,0.99,3.14,9.38,0.45
388,-0.08,0.08,0.98,2.27,11.69,1.11
389,-0.09,0.08,0.97,3.03,12.55,-0.11
390,-0.1,0.07,0.96,4.03,12.41,-0.89
391,-0.12,0.06,0.96,5.01,10.58,-0.76
392,-0.11,0.06,0.95,5.15,9.69,-0.97
393,-0.12,0.06,0.95,5.21,8.35,-0.62
394,-0.13,0.06,0.93,6.76,6.32,-0.03
395,-0.13,0.07,0.93,7.32,5.47,-0.87
396,-0.12,0.09,0.91,6.6,3.64,-2.83
397,-0.11,0.11,0.92,6.31,1.11,-3.11
398,-0.1,0.12,0.92,4.47,1.18,-3.26
399,-0.11,0.12,0.93,1.82,1.29,-4.5
