,accel_x,accel_y,accel_z,gyro_x,gyro_y,gyro_z
0,-0.0,0.06,1.01,-3.48,-0.94,-8.23
1,0.01,0.06,1.0,-2.83,-1.45,-8.11
2,-0.0,0.06,1.0,-2.13,-2.6,-8.53
3,0.01,0.06,0.99,-0.92,-2.95,-6.53
4,0.0,0.05,0.99,-0.7,-3.15,-4.66
5,0.0,0.07,0.98,-1.45,-2.92,-4.43
6,-0.01,0.06,0.99,-1.68,-3.09,-3.09
7,0.02,0.06,0.99,-0.52,-2.42,1.44
8,0.02,0.07,0.99,-0.63,-0.28,2.68
9,0.02,0.07,1.0,-0.69,-0.27,1.49
10,0.03,0.07,0.99,0.01,-0.8,-0.08
11,0.02,0.07,0.99,0.11,-1.96,-2.27
12,0.03,0.08,0.98,-0.12,-3.53,-4.5
13,0.03,0.09,0.97,-0.5,-4.46,-6.02
14,0.04,0.09,0.97,-0.98,-4.8,-5.36
15,0.04,0.08,0.97,-0.99,-3.91,-2.85
16,0.04,0.09,0.97,-0.56,-2.56,-0.59
17,0.04,0.08,0.97,-0.41,-0.38,2.44
18,0.03,0.09,0.97,-0.69,1.3,2.57
19,0.02,0.09,0.97,-1.11,0.09,1.23
20,0.02,0.09,0.96,-2.06,-0.31,-0.05
21,0.02,0.09,0.96,-2.47,-0.6,0.72
22,0.04,0.08,0.96,-1.85,-0.72,3.07
23,0.06,0.08,0.97,-1.66,1.48,5.58
24,0.05,0.07,0.98,-2.02,4.24,5.06
25,0.06,0.08,0.98,-1.93,4.17,3.69
26,0.05,0.08,0.97,-1.77,3.71,1.98
27,0.02,0.09,0.97,-2.31,-0.26,-3.18
28,0.03,0.09,0.97,-1.43,-2.76,-3.85
29,0.02,0.08,0.98,-2.02,-3.34,-5.28
30,0.04,0.08,0.98,-0.93,-1.76,-2.97
31,0.03,0.08,0.98,-1.32,0.79,-1.84
32,0.02,0.09,0.97,-1.81,0.86,-1.84
33,0.01,0.09,0.97,-2.38,0.92,-2.24
34,0.02,0.09,0.96,-3.51,-0.5,-3.46
35,0.03,0.09,0.96,-4.42,-1.5,-3.4
36,0.03,0.09,0.97,-4.85,-0.66,-1.35
37,0.03,0.09,0.97,-5.06,-1.21,-1.98
38,0.02,0.09,0.99,-5.27,-1.98,-2.66
39,0.03,0.08,0.99,-4.63,-3.18,-2.07
40,0.04,0.08,1.01,-4.86,-1.72,-2.6
41,0.03,0.08,1.0,-5.66,-1.7,-4.25
42,0.05,0.08,1.01,-4.79,-1.16,-2.9
43,0.04,0.07,1.0,-5.4,-0.8,-4.66
44,0.05,0.06,1.02,-4.27,-0.58,-3.82
45,0.05,0.06,1.02,-3.37,-0.5,-3.6
46,0.03,0.06,1.02,-2.54,-0.9,-3.92
47,0.03,0.06,1.02,-1.69,-1.47,-4.76
48,0.01,0.06,1.02,-1.15,-1.52,-4.6
49,0.01,0.06,1.02,-0.54,-0.27,-2.82
50,-0.0,0.06,1.01,-0.89,-0.21,-3.48
51,-0.0,0.06,1.0,-0.99,-0.58,-3.12
52,0.02,0.06,1.0,-0.49,-0.33,-2.64
53,0.01,0.07,1.0,-0.49,-0.1,-3.09
54,0.02,0.07,0.99,-0.69,-1.09,-4.11
55,0.01,0.08,0.99,-0.62,-1.44,-4.84
56,0.03,0.07,1.0,0.53,-1.43,-1.8
57,0.02,0.08,0.98,0.95,-0.35,-1.03
58,0.02,0.08,0.98,1.04,0.12,0.26
59,0.02,0.08,0.99,0.99,-0.04,0.38
60,0.01,0.08,0.98,0.27,-0.34,-1.11
61,0.03,0.08,0.97,-0.08,-0.17,-1.24
62,0.03,0.08,0.96,-0.44,-0.03,-1.98
63,0.02,0.09,0.97,-1.68,-0.95,-3.73
64,0.03,0.08,0.96,-1.28,-1.22,-2.12
65,0.03,0.09,0.98,-1.59,-0.88,-1.6
66,0.03,0.08,0.98,-1.56,0.19,-1.6
67,0.03,0.08,0.99,-1.15,0.48,-0.73
68,0.04,0.08,0.98,-0.02,0.69,0.37
69,0.03,0.08,0.98,0.47,-0.6,-0.44
70,0.07,0.08,0.99,1.6,-0.29,0.28
71,0.06,0.09,0.98,2.18,2.1,1.08
72,0.03,0.09,0.97,2.23,1.02,-1.38
73,0.03,0.1,0.97,1.75,0.23,-2.5
74,0.03,0.1,0.96,0.82,-0.55,-3.97
75,0.02,0.1,0.96,0.15,-1.08,-4.5
76,0.01,0.1,0.96,0.28,-2.88,-5.85
77,0.04,0.1,0.97,-0.76,-3.31,-7.05
78,0.05,0.1,0.97,-0.53,0.79,-1.48
79,0.0,0.11,0.96,-1.44,1.58,-1.68
80,-0.0,0.1,0.96,-1.72,-0.47,-1.84
81,-0.01,0.1,0.97,-2.24,-2.36,-2.08
82,0.02,0.09,0.97,-1.43,-2.82,-0.79
83,0.02,0.09,0.98,-2.11,-2.25,-1.18
84,0.03,0.09,0.98,-1.34,-1.6,1.34
85,0.02,0.08,0.98,-1.5,-1.48,0.75
86,0.03,0.1,0.97,-1.87,-2.36,-0.98
87,0.03,0.09,0.97,-2.19,-2.92,-0.79
88,0.03,0.09,0.98,-2.78,-2.15,-1.04
89,0.03,0.09,0.97,-3.44,-1.69,-2.42
90,0.03,0.09,0.97,-4.11,-2.05,-3.71
91,0.01,0.09,0.98,-4.32,-2.42,-3.89
92,0.01,0.09,0.97,-3.91,-3.15,-2.28
93,0.01,0.1,0.97,-3.35,-2.92,-0.76
94,-0.01,0.09,0.97,-3.89,-3.76,-1.31
95,0.01,0.1,0.96,-4.47,-4.55,-0.61
96,0.04,0.1,0.95,-4.74,-3.99,0.95
97,0.06,0.11,0.95,-5.36,-2.53,0.95
98,0.07,0.11,0.95,-5.17,-0.31,0.37
99,0.06,0.11,0.97,-3.62,1.19,1.99
100,0.03,0.12,0.95,-4.61,0.78,-0.33
101,0.04,0.11,0.94,-5.61,0.12,-1.24
102,0.02,0.11,0.95,-6.79,-0.03,-1.92
103,0.03,0.11,0.96,-7.43,-0.17,-2.76
104,0.03,0.1,0.96,-8.41,0.8,-2.48
105,0.02,0.08,0.98,-8.44,1.45,-1.27
106,0.03,0.08,0.98,-8.02,1.97,-0.24
107,0.04,0.07,0.97,-7.63,2.58,-0.56
108,0.04,0.07,0.97,-7.12,3.02,-1.34
109,0.05,0.08,0.95,-6.85,1.43,-2.32
110,0.06,0.09,0.95,-6.79,1.69,-2.97
111,0.06,0.1,0.94,-7.15,1.05,-4.24
112,0.06,0.1,0.94,-6.98,1.88,-4.61
113,0.03,0.1,0.94,-6.94,1.73,-4.34
114,0.02,0.1,0.92,-7.63,1.53,-4.47
115,0.02,0.1,0.91,-8.57,1.62,-3.85
116,0.01,0.1,0.91,-8.7,1.89,-2.02
117,0.01,0.1,0.91,-9.56,1.3,-2.08
118,0.01,0.08,0.89,-9.63,1.52,-1.66
119,0.01,0.08,0.89,-9.58,1.45,-0.72
120,0.01,0.07,0.87,-8.43,1.24,0.75
121,0.0,0.06,0.84,-7.24,0.85,2.73
122,0.02,0.06,0.82,-5.86,2.01,5.14
123,0.02,0.06,0.79,-4.37,3.26,6.5
124,0.01,0.07,0.75,-3.49,3.13,6.71
125,0.04,0.08,0.72,-2.77,3.32,7.55
126,0.06,0.1,0.68,-2.74,4.62,10.34
127,0.06,0.12,0.63,-4.5,5.26,8.5
128,0.08,0.12,0.6,-6.02,5.82,8.98
129,0.1,0.11,0.58,-4.97,10.01,11.85
130,0.09,0.09,0.57,-2.99,11.48,10.66
131,0.09,0.09,0.51,0.07,11.6,10.18
132,0.07,0.1,0.46,1.21,12.76,12.45
133,0.08,0.13,0.4,-2.53,13.45,10.82
134,0.1,0.18,0.37,-8.44,15.16,9.03
135,0.12,0.21,0.33,-14.24,19.56,13.15
136,0.19,0.19,0.45,-22.31,22.86,19.27
137,0.15,0.31,0.31,-46.54,19.4,6.39
138,0.22,0.32,0.28,-66.09,21.15,-0.02
139,0.24,0.29,0.33,-86.68,19.95,-8.55
140,0.25,0.23,0.4,-104.12,17.54,-16.87
141,0.26,0.14,0.49,-115.73,19.22,-24.51
142,0.25,0.02,0.68,-115.08,20.76,-29.82
143,0.18,-0.05,0.72,-128.88,23.05,-39.53
144,0.12,-0.14,0.81,-111.24,23.61,-42.05
145,0.09,-0.17,0.83,-116.11,32.51,-50.37
146,-0.08,-0.24,0.89,-111.64,38.16,-46.01
147,-0.14,-0.26,0.89,-107.29,36.24,-44.33
148,-0.19,-0.32,0.93,-102.86,32.4,-40.34
149,-0.21,-0.34,0.93,-99.92,25.68,-35.85
150,-0.19,-0.35,0.93,-104.03,16.81,-34.63
151,-0.17,-0.38,1.0,-107.05,8.4,-35.07
152,-0.15,-0.43,1.05,-109.83,3.05,-38.79
153,-0.13,-0.5,1.17,-110.15,-1.53,-43.7
154,-0.14,-0.57,1.16,-103.81,1.35,-47.12
155,-0.19,-0.59,1.28,-111.27,1.97,-48.8
156,-0.3,-0.68,1.29,-110.48,2.04,-43.5
157,-0.31,-0.72,1.41,-100.53,-2.06,-34.31
158,-0.25,-0.78,1.49,-93.44,3.11,-22.73
159,-0.31,-0.79,1.46,-89.18,2.76,-16.94
160,-0.33,-0.76,1.46,-82.85,-5.6,-15.33
161,-0.27,-0.74,1.45,-69.0,-12.42,-10.99
162,-0.22,-0.71,1.45,-60.67,-19.52,-9.03
163,-0.14,-0.69,1.49,-49.82,-13.07,-6.23
164,0.22,-1.49,2.0,-2.23,108.34,-11.81
165,-0.27,-1.52,2.0,49.31,61.42,-9.6
166,-0.31,-1.29,2.0,125.5,9.26,7.46
167,-0.09,-0.67,1.68,140.24,19.61,9.0
168,-0.06,-0.31,1.21,115.29,33.23,12.6
169,-0.23,-0.07,0.94,76.8,17.6,-0.6
170,-0.32,0.07,0.77,38.72,-1.28,-1.18
171,-0.35,0.11,0.79,7.23,-30.85,-0.21
172,-0.25,0.05,0.84,-14.62,-56.24,-13.08
173,-0.18,0.02,0.84,-34.03,-60.36,-12.21
174,-0.1,-0.11,0.99,-42.57,-59.44,-13.51
175,-0.11,-0.2,1.1,-46.77,-60.38,-15.51
176,-0.07,-0.3,1.18,-41.5,-62.99,-14.78
177,0.02,-0.34,1.22,-34.57,-55.69,-9.5
178,0.06,-0.36,1.28,-27.91,-38.52,-0.04
179,0.07,-0.38,1.21,-18.22,-27.12,4.95
180,0.11,-0.4,1.21,-10.55,-9.08,10.83
181,0.07,-0.46,1.28,-4.66,2.46,12.75
182,0.06,-0.46,1.24,3.92,3.27,10.05
183,0.07,-0.45,1.19,9.43,9.44,8.98
184,0.02,-0.46,1.19,14.78,8.46,4.7
185,-0.0,-0.45,1.17,18.9,6.73,0.89
186,-0.04,-0.45,1.14,22.93,3.31,-1.59
187,-0.06,-0.42,1.12,25.02,0.28,-2.77
188,-0.06,-0.4,1.1,27.28,0.49,2.55
189,-0.06,-0.38,1.09,28.57,1.09,6.19
190,-0.04,-0.37,1.06,27.13,2.3,5.56
191,-0.02,-0.35,1.05,27.21,0.34,3.28
192,-0.02,-0.34,1.03,27.23,3.77,3.15
193,-0.03,-0.35,1.02,27.17,2.16,0.36
194,-0.04,-0.36,1.03,31.38,-2.92,-1.15
195,-0.01,-0.34,1.03,34.16,-6.21,-3.6
196,-0.0,-0.32,1.0,36.7,-7.16,-3.84
197,0.0,-0.31,0.99,38.37,-7.47,-6.1
198,0.01,-0.28,0.97,38.31,-5.32,-6.29
199,0.01,-0.28,0.95,36.47,-2.21,-5.69
200,0.01,-0.26,0.94,34.6,2.31,-2.23
201,-0.02,-0.26,0.93,32.47,4.55,-1.4
202,-0.05,-0.26,0.93,31.39,4.88,1.26
203,-0.04,-0.27,0.95,33.28,4.61,6.87
204,-0.04,-0.27,0.96,35.82,4.27,6.43
205,-0.02,-0.26,0.94,37.83,2.16,4.98
206,-0.03,-0.25,0.93,40.31,0.76,4.37
207,-0.02,-0.23,0.91,40.79,-0.21,3.76
208,-0.01,-0.2,0.9,40.14,0.7,4.27
209,-0.02,-0.18,0.87,37.69,-0.06,1.2
210,-0.01,-0.15,0.86,33.63,0.25,0.13
211,-0.01,-0.14,0.83,31.16,-1.37,0.56
212,-0.02,-0.13,0.82,26.44,-2.69,-1.83
213,-0.01,-0.11,0.82,21.86,-5.15,-3.76
214,-0.01,-0.1,0.81,16.82,-8.37,-7.33
215,-0.03,-0.12,0.85,14.32,-7.47,-7.37
216,-0.03,-0.14,0.9,13.61,-6.55,-4.88
217,-0.02,-0.15,0.95,16.89,-4.53,-0.5
218,0.01,-0.15,0.95,20.82,0.35,4.34
219,0.01,-0.14,0.94,22.47,3.63,6.43
220,0.01,-0.13,0.92,25.01,5.65,7.62
221,-0.0,-0.1,0.9,24.73,4.53,7.4
222,0.01,-0.08,0.89,24.18,2.24,6.58
223,0.01,-0.08,0.9,22.05,0.34,4.24
224,0.01,-0.06,0.88,20.06,-4.51,-2.53
225,-0.0,-0.05,0.87,15.63,-3.74,-4.53
226,-0.01,-0.06,0.89,11.98,-5.0,-6.14
227,-0.02,-0.06,0.91,6.53,-7.11,-8.53
228,-0.02,-0.07,0.91,5.91,-3.76,-4.99
229,-0.02,-0.09,0.92,3.93,-3.97,-2.82
230,-0.01,-0.1,0.93,4.52,-1.68,0.67
231,0.01,-0.1,0.95,3.98,-0.02,2.21
232,0.02,-0.11,0.96,4.03,1.79,2.35
233,0.02,-0.1,0.95,5.38,-0.34,0.95
234,0.0,-0.1,0.94,5.97,-2.4,-1.53
235,-0.0,-0.09,0.93,5.22,-4.87,-4.33
236,-0.01,-0.1,0.92,4.6,-6.45,-6.85
237,-0.03,-0.09,0.92,2.43,-7.31,-8.32
238,-0.04,-0.08,0.9,-0.65,-8.14,-8.15
239,-0.05,-0.08,0.89,-3.95,-9.03,-6.46
240,-0.06,-0.08,0.89,-7.18,-10.13,-4.64
241,-0.05,-0.1,0.9,-9.82,-12.78,-4.13
242,-0.06,-0.13,0.94,-8.86,-14.69,-2.03
243,-0.04,-0.16,0.98,-5.03,-16.85,1.09
244,-0.0,-0.17,1.02,-0.92,-15.73,3.27
245,0.04,-0.16,1.02,4.11,-11.23,6.63
246,0.03,-0.14,1.0,7.34,-7.37,7.85
247,0.05,-0.13,0.99,7.98,-5.98,5.16
248,0.06,-0.12,0.98,8.31,-5.39,1.43
249,0.04,-0.11,0.97,7.9,-6.91,-1.29
250,0.05,-0.11,0.98,10.52,-4.43,-1.37
251,0.04,-0.1,0.96,10.82,-3.27,-3.27
252,0.02,-0.1,0.96,11.52,-2.13,-5.52
253,0.0,-0.1,0.96,11.76,-2.98,-6.25
254,-0.02,-0.1,0.96,11.99,-3.36,-5.7
255,-0.03,-0.11,0.96,13.15,-4.27,-2.65
256,0.01,-0.09,0.97,16.05,-0.1,7.81
257,-0.02,-0.08,0.94,14.37,1.66,7.16
258,0.0,-0.08,0.95,12.54,0.81,4.98
259,-0.02,-0.06,0.93,10.34,-2.4,3.49
260,0.01,-0.07,0.93,11.58,-3.04,1.27
261,-0.01,-0.07,0.95,11.46,-5.24,0.59
262,0.0,-0.07,0.96,12.03,-6.49,-0.37
263,-0.01,-0.05,0.95,11.79,-6.01,-0.63
264,-0.0,-0.05,0.96,11.13,-6.08,1.7
265,0.02,-0.04,0.95,10.74,-4.66,4.58
266,0.01,-0.04,0.96,9.88,-4.27,6.39
267,0.03,-0.04,0.95,9.54,-3.06,10.69
268,0.02,-0.03,0.94,7.69,-0.76,12.05
269,0.03,-0.03,0.94,5.22,-0.27,13.21
270,0.04,-0.02,0.95,5.06,1.4,14.39
271,0.03,-0.01,0.94,3.91,-0.48,11.68
272,0.03,-0.01,0.93,2.36,-2.08,8.63
273,0.04,-0.02,0.93,2.17,-2.73,6.69
274,0.06,-0.03,0.94,4.21,-2.96,7.17
275,0.02,0.0,0.96,2.66,-3.02,3.03
276,0.03,-0.04,0.98,6.95,-0.72,6.35
277,0.04,-0.04,0.99,9.4,0.44,5.1
278,0.04,-0.03,0.97,12.63,3.39,6.46
279,-0.01,-0.02,0.97,14.71,3.79,5.21
280,-0.01,-0.01,0.94,15.44,0.37,1.89
281,-0.03,0.01,0.92,14.02,-1.9,-0.24
282,-0.0,0.04,0.89,10.89,-3.4,-0.97
283,0.02,0.04,0.89,9.32,-1.31,4.27
284,0.02,0.05,0.9,6.12,-0.58,4.85
285,0.03,0.04,0.91,3.98,-1.44,4.47
286,0.03,0.04,0.91,3.01,-1.89,4.37
287,0.04,0.03,0.93,1.97,-3.06,2.27
288,0.05,0.03,0.96,2.42,-2.3,3.05
289,0.05,0.02,0.97,2.99,-1.76,3.53
290,0.05,0.02,0.96,2.22,-2.51,-0.24
291,0.05,0.0,0.96,3.11,-3.03,-1.5
292,0.03,0.01,0.97,2.76,-3.47,-3.5
293,0.06,0.01,0.97,3.28,-3.5,-2.61
294,0.04,0.01,0.96,2.84,-1.38,-1.84
295,0.03,0.02,0.95,1.45,-1.35,-2.37
296,0.04,0.02,0.96,0.31,-0.07,-0.73
297,0.03,0.02,0.97,0.43,-0.28,-0.65
298,0.04,0.01,0.97,0.54,-1.5,-1.94
299,0.05,0.01,0.97,1.82,-0.4,0.11
300,0.06,0.01,0.97,2.05,1.24,-0.43
301,0.07,0.01,0.96,2.79,3.15,0.23
302,0.03,0.02,0.96,2.67,4.6,1.19
303,0.01,0.02,0.95,1.94,2.82,-0.63
304,-0.01,0.01,0.97,0.92,0.33,-3.12
305,-0.01,0.01,0.95,0.49,-1.4,-3.93
306,-0.01,0.0,0.96,-0.47,-2.23,-4.35
307,-0.01,-0.0,0.97,-0.92,-1.92,-3.95
308,0.0,-0.01,0.97,-1.73,-2.1,-3.75
309,0.02,-0.01,0.97,-2.47,-0.83,-2.92
310,0.03,-0.01,0.99,-1.24,-0.91,-1.74
311,0.04,-0.01,0.99,0.02,0.66,0.45
312,0.01,-0.01,1.0,0.93,-0.34,-1.44
313,0.01,-0.01,0.98,2.58,-2.56,-1.08
314,0.01,0.01,0.98,1.8,-2.49,-1.98
315,0.01,-0.0,0.97,1.5,-2.72,-2.69
316,0.01,0.0,0.97,1.26,-3.33,-3.04
317,0.01,-0.0,0.97,1.07,-3.35,-2.69
318,0.02,0.01,0.96,1.76,-2.49,0.42
319,0.01,0.02,0.97,1.22,-1.33,1.53
320,0.0,0.03,0.97,-0.22,-2.98,-1.05
321,0.04,0.01,0.98,-0.15,-3.14,-1.38
322,0.03,0.02,1.0,0.39,-1.2,-0.26
323,0.03,0.01,0.99,0.8,-1.54,-1.69
324,0.04,0.01,0.99,1.41,-1.2,-2.02
325,0.03,0.03,0.97,2.19,-0.98,-0.16
326,0.02,0.03,0.96,0.55,-1.51,-1.66
327,0.03,0.03,0.97,-1.17,-2.11,-3.36
328,0.06,0.02,0.98,-0.08,-2.09,-3.87
329,0.04,0.01,0.99,0.11,-0.15,-4.58
330,0.02,0.01,0.99,0.74,-0.83,-4.81
331,0.02,0.0,0.98,0.52,-2.58,-6.46
332,0.03,0.01,0.97,0.29,-3.2,-7.64
333,0.03,0.02,0.97,0.57,-2.54,-6.66
334,0.02,0.02,0.97,0.22,-2.15,-4.88
335,0.04,0.01,0.98,-0.21,-0.84,-5.66
336,0.03,0.01,0.99,-0.98,0.65,-6.31
337,0.02,0.01,0.99,0.16,1.99,-4.45
338,0.01,0.0,0.99,2.62,2.24,-1.44
339,-0.01,0.01,0.98,3.55,1.28,-0.94
340,-0.01,0.03,0.96,2.97,-0.15,-1.64
341,-0.01,0.05,0.95,1.1,-1.35,-2.33
342,0.01,0.05,0.95,-0.99,-2.62,-1.02
343,-0.01,0.04,0.96,-3.05,-3.4,-1.95
344,-0.0,0.04,0.98,-4.22,-5.62,-2.63
345,0.04,0.04,1.0,-4.08,-5.96,-3.81
346,0.08,0.03,1.01,-1.79,-2.15,1.95
347,0.03,0.03,1.02,-1.15,1.13,2.4
348,0.02,0.03,1.01,-0.58,-0.89,1.12
349,0.02,0.03,1.0,-0.64,-1.19,-0.65
350,0.05,0.03,1.0,-0.24,-1.85,-1.47
351,0.03,0.03,1.0,-1.11,-1.1,-2.59
352,0.02,0.02,1.0,-0.91,-1.46,-3.59
353,0.02,0.02,1.01,-0.7,-2.56,-4.83
354,0.03,0.01,1.01,0.08,-2.42,-6.12
355,0.04,0.02,1.0,1.4,-1.73,-4.51
356,0.02,0.02,0.99,1.01,-0.73,-4.6
357,0.02,0.02,0.99,0.82,-0.35,-3.34
358,0.02,0.03,0.98,0.12,0.8,-2.87
359,0.04,0.02,0.97,0.91,1.22,-0.79
360,0.02,0.03,0.96,1.42,1.21,-0.84
361,0.0,0.03,0.97,1.66,-0.06,-1.63
362,-0.0,0.03,0.97,2.18,-0.97,-1.8
363,0.03,0.03,0.97,3.62,0.27,2.28
364,0.02,0.04,0.96,2.6,2.06,1.84
365,0.0,0.05,0.96,1.18,0.95,-0.1
366,0.01,0.04,0.95,0.55,-0.65,-0.53
367,0.01,0.05,0.96,-0.63,-1.08,-0.4
368,0.02,0.05,0.95,-2.12,-2.12,-2.11
369,0.03,0.05,0.97,-4.06,-2.37,-3.66
370,0.03,0.05,0.97,-4.43,-1.93,-4.73
371,0.03,0.05,0.97,-4.5,-2.35,-4.96
372,0.03,0.05,0.98,-4.29,-3.66,-6.05
373,0.06,0.04,0.99,-3.42,-3.13,-3.23
374,0.04,0.04,0.98,-3.35,-0.14,-1.37
375,0.03,0.03,0.99,-3.67,-1.31,-1.9
376,0.05,0.03,0.99,-1.83,-0.61,-0.82
377,0.04,0.03,1.0,-2.18,0.49,-1.78
378,0.03,0.03,1.0,-1.82,0.18,-3.45
379,0.02,0.03,0.99,-1.75,0.4,-3.59
380,0.01,0.02,0.99,-1.24,-0.5,-3.98
381,0.03,0.02,0.99,-0.18,0.6,-1.07
382,0.01,0.03,0.98,0.18,0.72,-0.78
383,0.02,0.03,0.99,-0.18,1.76,-0.05
384,0.01,0.03,0.97,-0.82,0.74,-0.31
385,0.02,0.03,0.98,-0.2,-0.86,0.76
386,0.02,0.03,0.98,-0.11,0.23,2.13
387,0.02,0.03,0.98,-0.47,0.22,1.41
388,0.01,0.04,0.98,-0.98,-0.7,-0.32
389,0.01,0.03,0.99,-1.36,-1.83,-1.85
390,0.01,0.04,0.98,-2.16,-2.15,-3.02
391,0.03,0.03,0.99,-1.52,-1.83,-0.39
392,0.02,0.04,0.99,-2.31,-0.5,-0.26
393,0.02,0.04,0.99,-3.41,-1.06,-2.12
394,0.03,0.03,0.98,-3.08,-0.95,-0.41
395,0.04,0.04,0.99,-2.98,-0.39,-0.79
396,0.03,0.03,0.99,-1.97,-0.37,-0.71
397,0.03,0.02,1.0,-0.49,0.56,0.1
398,0.02,0.02,1.0,-0.74,0.02,-1.76
399,0.02,0.03,1.0,-0.41,-0.15,-2.14
