,accel_x,accel_y,accel_z,gyro_x,gyro_y,gyro_z
0,-0.01,0.07,1.0,-1.93,-0.28,-1.89
1,-0.03,0.07,0.99,-0.66,-0.82,-3.12
2,-0.06,0.07,0.98,0.91,-3.48,-3.93
3,-0.07,0.08,0.96,0.74,-5.26,-3.72
4,-0.06,0.09,0.94,-1.77,-4.88,-1.47
5,-0.05,0.1,0.95,-4.39,-3.73,0.71
6,-0.03,0.11,0.96,-6.55,-3.11,1.37
7,-0.03,0.1,0.98,-7.56,-3.4,1.99
8,-0.01,0.1,0.99,-7.22,-4.84,1.4
9,-0.01,0.1,1.0,-6.55,-5.87,0.35
10,-0.0,0.09,1.0,-6.89,-6.66,-0.7
11,0.02,0.08,1.01,-6.23,-6.33,-0.55
12,0.04,0.08,1.01,-5.92,-4.44,0.76
13,0.04,0.07,1.01,-5.77,-1.96,1.39
14,0.05,0.06,1.02,-5.02,-1.55,0.88
15,0.06,0.07,1.02,-3.85,-1.25,-0.58
16,0.04,0.07,1.02,-3.08,-0.87,-2.82
17,0.05,0.05,1.02,-1.11,-0.27,-2.36
18,0.03,0.06,1.01,0.29,0.34,-3.39
19,0.03,0.06,1.01,1.08,0.89,-2.23
20,0.03,0.07,0.99,1.4,2.08,-1.28
21,0.02,0.08,0.98,1.03,1.93,-2.38
22,0.01,0.09,0.96,0.17,1.37,-3.64
23,0.02,0.09,0.96,-0.15,0.73,-3.82
24,0.01,0.1,0.96,-1.85,-0.12,-5.1
25,0.01,0.1,0.97,-2.96,0.08,-5.15
26,0.01,0.1,0.97,-3.79,0.85,-4.66
27,0.0,0.09,0.98,-3.6,0.53,-3.71
28,0.01,0.09,0.98,-3.74,2.56,-2.26
29,-0.01,0.09,0.98,-3.95,2.11,-2.67
30,-0.0,0.09,0.98,-2.84,1.01,-2.9
31,-0.0,0.08,0.97,-2.91,0.37,-3.89
32,0.0,0.07,0.99,-3.32,-0.34,-5.31
33,-0.01,0.08,0.97,-3.53,-1.16,-5.99
34,-0.01,0.07,0.97,-3.67,-1.73,-5.45
35,0.01,0.06,0.99,-3.89,-0.86,-5.09
36,-0.02,0.07,0.99,-4.65,-0.76,-5.37
37,-0.02,0.06,0.99,-4.06,-1.02,-3.87
38,0.01,0.07,1.0,-2.79,-0.27,-2.67
39,-0.01,0.06,1.0,-2.47,0.73,-3.21
40,-0.01,0.07,1.0,-2.05,1.14,-2.85
41,-0.01,0.07,1.0,-1.6,-0.32,-2.74
42,0.01,0.08,0.99,-1.73,0.77,-2.95
43,-0.0,0.08,1.0,-1.2,0.57,-2.51
44,-0.01,0.08,0.99,-1.05,0.49,-2.92
45,0.01,0.09,0.99,-1.42,-0.31,-4.18
46,0.0,0.09,0.98,-1.35,-0.23,-4.69
47,-0.01,0.1,0.98,-1.37,-0.77,-5.41
48,-0.01,0.09,0.98,-1.24,-1.5,-4.88
49,-0.0,0.09,0.98,-1.3,-0.45,-4.19
50,-0.01,0.09,0.97,-2.63,0.16,-4.3
51,-0.02,0.08,0.98,-3.27,1.24,-3.88
52,-0.03,0.08,0.97,-3.76,-0.65,-4.93
53,-0.04,0.08,0.98,-4.0,-2.24,-5.72
54,-0.02,0.08,0.99,-3.23,-2.92,-4.34
55,-0.03,0.07,1.0,-3.75,-0.7,-3.1
56,-0.02,0.07,1.01,-3.02,1.45,-1.17
57,-0.02,0.06,1.0,-2.11,1.47,-1.48
58,-0.03,0.06,1.01,-1.71,0.83,-0.98
59,-0.02,0.07,0.99,-1.03,-0.37,-0.84
60,-0.03,0.07,0.99,-1.63,-0.65,-1.47
61,-0.01,0.08,0.98,-2.17,-0.92,-0.73
62,-0.01,0.08,0.98,-2.6,-0.54,-0.85
63,-0.01,0.08,0.99,-2.56,-0.62,-0.69
64,-0.01,0.08,0.99,-1.38,-0.78,-0.38
65,0.0,0.08,0.98,-1.08,-1.53,-1.84
66,0.01,0.09,0.99,-0.12,-1.15,-1.21
67,0.0,0.09,0.99,-0.26,-0.02,-0.6
68,-0.0,0.09,0.98,-0.78,-0.02,-0.94
69,-0.0,0.09,0.98,-1.36,-0.32,-1.04
70,0.0,0.09,0.98,-2.43,-0.56,-1.59
71,0.02,0.09,0.99,-1.63,-0.11,-1.28
72,-0.0,0.1,0.99,-1.61,-0.32,-1.02
73,0.01,0.09,0.99,-1.43,-0.26,-1.46
74,0.01,0.09,0.98,-1.35,0.12,-2.11
75,0.01,0.1,0.99,-2.13,0.17,-2.62
76,0.0,0.09,0.98,-1.76,-0.99,-4.31
77,-0.0,0.08,0.99,-1.33,-1.24,-4.85
78,-0.02,0.07,1.0,-1.69,-1.83,-5.52
79,-0.01,0.07,1.0,-1.47,-1.43,-5.34
80,-0.0,0.06,1.01,-0.92,-0.33,-3.85
81,-0.01,0.06,1.0,-0.68,1.2,-2.92
82,-0.02,0.06,1.0,-0.64,0.35,-2.53
83,-0.02,0.06,0.99,-0.13,0.49,-2.72
84,-0.01,0.06,1.01,0.65,-0.26,-3.26
85,0.0,0.07,1.0,1.92,0.05,-2.72
86,-0.0,0.08,0.98,3.19,0.55,-2.65
87,0.01,0.09,0.97,2.93,0.29,-2.64
88,-0.01,0.09,0.96,2.51,0.76,-2.11
89,0.0,0.1,0.95,1.07,0.58,-2.25
90,-0.01,0.11,0.97,-0.4,0.34,-3.2
91,0.0,0.11,0.97,-0.77,-0.31,-3.72
92,-0.0,0.11,0.97,-1.22,-0.98,-4.96
93,0.0,0.11,0.97,-0.96,-1.23,-5.46
94,-0.01,0.11,0.97,-0.54,-1.3,-4.89
95,0.01,0.11,0.96,-0.19,-1.28,-4.95
96,-0.01,0.1,0.96,-0.33,-0.31,-5.1
97,-0.01,0.11,0.96,-0.74,-0.95,-5.11
98,-0.0,0.11,0.96,-0.75,-0.57,-4.52
99,0.0,0.1,0.96,-1.89,-0.11,-4.62
100,0.0,0.1,0.96,-1.91,1.24,-3.71
101,-0.01,0.1,0.95,-2.5,1.71,-4.0
102,-0.02,0.1,0.97,-3.15,1.85,-4.51
103,-0.03,0.1,0.97,-3.09,0.7,-4.3
104,-0.02,0.1,0.96,-3.66,0.73,-3.88
105,-0.01,0.11,0.96,-5.24,2.02,-3.76
106,-0.01,0.11,0.96,-5.47,2.52,-3.35
107,-0.01,0.11,0.96,-5.0,2.82,-2.39
108,-0.02,0.11,0.97,-5.05,1.74,-3.94
109,-0.04,0.11,0.97,-5.4,0.08,-4.79
110,-0.03,0.1,0.97,-5.31,-0.49,-4.74
111,-0.02,0.1,0.96,-5.55,0.14,-3.71
112,-0.03,0.09,0.96,-6.68,0.77,-3.21
113,-0.03,0.08,0.96,-7.71,0.05,-3.3
114,-0.01,0.08,0.96,-7.63,-1.05,-3.05
115,0.02,0.08,0.98,-7.15,0.82,-2.23
116,0.0,0.08,0.99,-6.28,1.5,-2.66
117,-0.01,0.07,0.99,-5.85,0.29,-4.02
118,-0.01,0.07,0.98,-5.18,-0.63,-5.1
119,-0.03,0.07,0.97,-5.2,-0.53,-5.34
120,-0.04,0.08,0.97,-5.31,-1.62,-4.53
121,-0.03,0.08,0.97,-6.44,-1.35,-3.97
122,-0.02,0.07,0.97,-6.4,-0.59,-2.76
123,-0.04,0.07,0.99,-6.6,-2.39,-3.6
124,-0.04,0.07,0.98,-6.07,-4.31,-4.23
125,-0.01,0.07,0.98,-4.5,-4.64,-3.54
126,-0.02,0.08,0.97,-3.64,-5.41,-2.89
127,-0.02,0.09,0.97,-3.56,-4.47,-2.13
128,-0.04,0.1,0.96,-4.79,-5.59,-1.88
129,-0.02,0.1,0.97,-6.17,-7.11,-1.37
130,-0.01,0.1,0.97,-7.63,-6.31,-1.83
131,-0.0,0.08,0.98,-7.85,-6.65,-3.05
132,-0.0,0.07,0.99,-7.5,-7.61,-3.4
133,0.03,0.07,1.01,-5.73,-4.25,-1.47
134,0.01,0.06,1.02,-5.6,-2.79,-1.89
135,0.01,0.06,1.02,-5.48,-1.59,-2.1
136,0.02,0.05,1.01,-4.76,-0.05,-1.32
137,0.0,0.05,1.01,-4.01,1.05,-1.08
138,0.0,0.05,1.0,-3.34,2.15,-0.84
139,-0.02,0.05,1.01,-2.89,2.14,-0.85
140,-0.03,0.04,1.02,-2.28,1.74,-1.09
141,-0.02,0.04,1.03,-1.14,2.21,-0.15
142,-0.03,0.04,1.02,-0.17,2.34,-0.39
143,-0.04,0.05,1.03,0.89,2.51,-0.15
144,-0.05,0.06,1.02,1.84,1.1,-0.9
145,-0.04,0.05,1.02,3.13,0.35,-0.87
146,-0.04,0.06,1.01,3.63,1.14,0.86
147,-0.04,0.06,1.0,3.43,0.69,1.64
148,-0.01,0.07,0.99,3.66,1.23,1.84
149,-0.02,0.08,0.98,2.7,1.46,2.31
150,-0.0,0.09,0.98,2.05,0.63,1.39
151,0.01,0.08,0.98,1.32,0.95,0.53
152,0.02,0.09,0.98,0.95,2.14,-0.37
153,0.01,0.08,0.98,1.83,2.15,-0.57
154,-0.0,0.08,0.98,2.08,1.67,-0.95
155,0.0,0.08,0.96,2.15,1.76,-1.72
156,-0.0,0.08,0.96,2.5,1.99,-1.68
157,-0.01,0.09,0.95,1.92,0.94,-1.67
158,-0.0,0.09,0.93,2.13,-0.77,-1.09
159,-0.01,0.11,0.93,1.16,0.63,0.08
160,-0.02,0.11,0.93,-1.34,-0.78,-1.24
161,-0.01,0.1,0.93,-2.18,-1.84,-1.13
162,-0.0,0.1,0.93,-3.56,-3.09,-2.55
163,0.0,0.1,0.95,-3.64,-2.24,-3.03
164,0.0,0.1,0.96,-4.02,-2.18,-3.11
165,0.02,0.1,0.94,-4.05,-1.89,-3.57
166,0.04,0.1,0.95,-2.81,0.24,-2.63
167,0.01,0.11,0.94,-2.88,1.1,-3.25
168,0.02,0.11,0.94,-1.86,2.02,-3.08
169,0.02,0.12,0.93,-3.5,1.34,-4.94
170,0.02,0.12,0.93,-3.63,3.32,-3.95
171,0.0,0.13,0.93,-4.93,3.18,-5.88
172,0.01,0.13,0.93,-5.89,2.62,-6.61
173,0.01,0.14,0.91,-6.36,3.61,-6.53
174,-0.0,0.14,0.91,-7.84,3.02,-7.64
175,-0.03,0.15,0.91,-9.15,2.13,-7.02
176,-0.03,0.15,0.91,-11.15,0.41,-7.06
177,-0.01,0.12,0.92,-12.74,0.12,-5.73
178,-0.03,0.12,0.93,-13.82,0.65,-5.66
179,-0.0,0.1,0.94,-14.01,1.8,-3.46
180,-0.0,0.09,0.93,-13.21,2.23,-3.63
181,0.02,0.09,0.93,-12.34,2.43,-3.09
182,0.01,0.09,0.92,-10.99,3.18,-3.16
183,0.01,0.07,0.91,-10.3,3.21,-4.03
184,0.02,0.07,0.89,-9.21,4.47,-3.9
185,0.02,0.07,0.88,-7.91,6.49,-3.21
186,0.01,0.06,0.84,-7.23,8.02,-2.49
187,0.02,0.06,0.81,-6.5,9.92,-0.86
188,0.03,0.07,0.78,-5.24,12.92,2.42
189,0.01,0.08,0.74,-3.41,16.19,6.66
190,-0.01,0.1,0.71,-3.06,16.96,9.41
191,-0.01,0.11,0.7,-2.75,18.48,12.65
192,-0.01,0.11,0.67,-1.79,20.86,16.01
193,0.03,0.13,0.61,-1.47,19.86,15.37
194,-0.01,0.19,0.6,-2.41,17.35,13.34
195,-0.0,0.22,0.56,-4.78,15.65,8.82
196,0.01,0.23,0.53,-6.35,13.36,6.2
197,-0.03,0.25,0.5,-9.6,10.34,3.19
198,-0.02,0.28,0.44,-16.93,10.43,-0.6
199,-0.04,0.25,0.43,-25.12,12.24,-1.18
200,-0.08,0.26,0.41,-32.84,8.69,1.19
201,-0.06,0.25,0.4,-47.15,7.34,0.44
202,-0.02,0.2,0.42,-56.89,8.42,4.1
203,0.01,0.16,0.45,-65.4,9.92,5.41
204,-0.0,0.12,0.47,-73.49,10.54,3.08
205,0.01,0.09,0.49,-79.61,9.37,-0.24
206,0.02,0.05,0.5,-82.2,8.05,-2.72
207,0.0,0.02,0.53,-79.39,3.81,-7.76
208,-0.03,0.09,0.46,-109.54,-9.37,-27.96
209,-0.1,-0.03,0.49,-106.05,-22.08,-28.54
210,-0.08,0.02,0.5,-114.85,-40.4,-33.27
211,-0.08,-0.06,0.58,-125.05,-51.01,-41.27
212,-0.01,-0.13,0.7,-129.26,-59.53,-34.63
213,0.03,-0.23,0.69,-135.43,-58.79,-34.6
214,0.12,-0.3,0.88,-138.42,-46.82,-25.79
215,0.15,-0.37,0.93,-143.99,-35.89,-26.46
216,0.19,-0.5,1.03,-140.5,-24.97,-27.3
217,0.09,-0.59,1.05,-134.46,-27.04,-36.46
218,0.09,-0.7,1.18,-129.92,-26.98,-45.05
219,-0.05,-0.78,1.24,-121.94,-36.53,-48.51
220,-0.1,-0.68,1.29,-133.44,-63.12,-63.44
221,-0.04,-0.84,1.25,-108.59,-52.49,-47.47
222,-0.03,-0.86,1.22,-113.0,-34.97,-37.99
223,-0.11,-0.83,1.27,-95.78,-23.02,-14.95
224,-0.02,-0.85,1.31,-97.21,-6.14,-7.6
225,-0.13,-0.86,1.34,-95.94,0.15,2.21
226,-0.1,-0.83,1.28,-87.81,-1.4,6.12
227,0.0,-0.75,1.19,-82.12,1.16,1.6
228,0.02,-0.76,1.27,-66.53,-12.81,-5.3
229,0.19,-0.73,1.27,-60.44,-13.59,-16.6
230,0.22,-0.91,1.48,-62.22,27.77,-21.98
231,-0.17,-1.55,2.0,10.62,95.47,-39.69
232,-0.24,-1.77,2.0,76.62,-2.54,-8.97
233,0.06,-1.26,2.0,151.87,-16.64,-9.6
234,0.21,-0.82,1.65,145.68,34.5,-2.57
235,0.19,-0.51,1.38,120.16,78.47,12.24
236,0.05,-0.34,1.13,91.9,100.06,22.91
237,-0.04,-0.1,0.94,60.0,85.8,12.86
238,-0.18,0.04,0.81,34.89,56.69,9.24
239,-0.23,0.13,0.67,9.77,30.2,-1.19
240,-0.33,0.13,0.69,-14.08,-5.74,-10.98
241,-0.29,0.11,0.76,-34.54,-37.8,-20.64
242,-0.2,-0.01,0.89,-47.56,-56.47,-25.44
243,-0.16,-0.17,1.03,-56.07,-68.42,-24.59
244,-0.12,-0.31,1.19,-53.1,-78.14,-22.24
245,0.02,-0.39,1.29,-43.72,-77.74,-14.84
246,0.15,-0.42,1.33,-33.89,-74.85,-5.79
247,0.27,-0.41,1.27,-31.65,-38.55,4.59
248,0.3,-0.45,1.29,-27.52,-3.37,22.58
249,0.27,-0.46,1.27,-32.44,24.12,21.21
250,0.19,-0.51,1.3,-28.47,48.87,30.76
251,0.05,-0.54,1.27,-15.01,55.89,33.1
252,-0.0,-0.53,1.21,-10.28,51.31,28.79
253,-0.06,-0.53,1.19,0.05,41.76,23.55
254,-0.12,-0.52,1.16,8.52,20.32,11.27
255,-0.11,-0.5,1.16,18.6,1.12,4.82
256,-0.08,-0.5,1.13,24.86,-10.17,-0.63
257,-0.07,-0.47,1.1,28.08,-15.48,-2.4
258,-0.05,-0.46,1.1,28.9,-15.08,-2.86
259,-0.02,-0.45,1.09,29.69,-10.82,-0.09
260,-0.03,-0.44,1.08,28.85,-4.71,2.76
261,-0.03,-0.42,1.06,28.44,1.08,8.16
262,-0.01,-0.41,1.06,26.22,9.6,14.76
263,-0.02,-0.4,1.03,24.51,13.27,21.17
264,-0.03,-0.4,1.01,25.6,11.28,23.92
265,-0.03,-0.39,0.99,26.79,3.44,19.75
266,-0.02,-0.39,1.03,29.07,-9.5,15.07
267,0.01,-0.39,1.03,34.63,-12.56,8.13
268,0.04,-0.41,1.07,40.44,-14.68,6.19
269,0.04,-0.4,1.06,43.34,-14.57,3.64
270,0.04,-0.38,1.04,44.98,-5.85,6.81
271,0.04,-0.36,1.02,44.69,3.9,10.03
272,-0.0,-0.35,1.02,44.0,8.67,13.65
273,-0.03,-0.35,0.99,45.91,11.94,16.73
274,-0.04,-0.33,0.98,46.75,10.36,16.85
275,-0.05,-0.31,0.96,45.6,5.8,14.53
276,-0.02,-0.29,0.94,44.73,0.19,10.64
277,0.02,-0.28,0.93,44.33,-0.66,6.68
278,0.04,-0.26,0.92,45.48,-1.38,3.8
279,0.02,-0.25,0.92,46.41,-5.08,-0.82
280,0.0,-0.25,0.92,47.11,-7.73,-5.61
281,-0.01,-0.25,0.93,48.55,-11.47,-9.01
282,-0.04,-0.26,0.94,49.07,-12.36,-10.21
283,-0.05,-0.28,0.93,48.81,-11.93,-9.89
284,-0.06,-0.28,0.94,50.25,-8.54,-6.7
285,-0.06,-0.29,0.94,51.65,-2.66,-0.82
286,-0.07,-0.27,0.93,52.44,0.85,5.66
287,-0.06,-0.25,0.9,50.07,4.48,8.08
288,-0.05,-0.23,0.91,50.12,6.46,13.65
289,-0.04,-0.2,0.87,49.0,9.36,15.5
290,-0.04,-0.19,0.87,46.63,6.21,13.24
291,-0.02,-0.17,0.87,46.84,2.66,10.95
292,-0.01,-0.15,0.88,43.99,-4.81,5.25
293,0.02,-0.14,0.91,46.09,-5.07,3.15
294,0.01,-0.14,0.91,46.25,-4.93,1.95
295,0.02,-0.13,0.91,46.69,-4.21,2.4
296,0.03,-0.13,0.92,45.96,0.06,3.2
297,0.02,-0.13,0.92,45.34,3.73,3.82
298,0.0,-0.13,0.92,45.25,5.02,4.94
299,-0.01,-0.12,0.94,44.15,6.18,7.92
300,0.01,-0.11,0.93,44.98,6.68,7.79
301,0.01,-0.11,0.93,45.11,8.93,9.21
302,0.02,-0.07,0.92,47.19,7.38,7.63
303,0.0,-0.05,0.91,45.96,3.73,3.73
304,0.01,-0.03,0.89,45.12,4.37,1.74
305,-0.01,-0.02,0.9,42.79,4.49,0.17
306,-0.0,-0.01,0.88,40.76,6.19,0.53
307,-0.01,0.0,0.88,38.47,11.49,1.06
308,-0.02,0.01,0.88,36.09,14.28,4.35
309,-0.03,0.02,0.88,36.37,15.1,7.74
310,-0.06,0.02,0.85,35.95,12.98,5.75
311,-0.08,0.04,0.81,33.02,9.43,3.16
312,-0.09,0.05,0.82,33.67,5.38,4.02
313,-0.09,0.07,0.81,30.36,1.69,2.1
314,-0.05,0.06,0.82,28.71,2.09,4.19
315,-0.03,0.07,0.84,28.46,5.85,7.09
316,-0.03,0.07,0.85,29.41,8.3,7.38
317,-0.05,0.07,0.86,30.93,6.69,6.89
318,-0.04,0.08,0.86,36.16,8.98,11.17
319,-0.05,0.11,0.83,32.31,5.92,8.67
320,-0.01,0.15,0.81,29.02,6.98,9.23
321,-0.0,0.16,0.81,25.08,8.53,10.17
322,-0.01,0.17,0.81,21.2,5.29,9.11
323,-0.01,0.18,0.83,16.5,3.14,7.04
324,0.01,0.16,0.84,13.19,2.53,5.08
325,-0.01,0.15,0.85,10.29,3.24,4.13
326,-0.03,0.15,0.86,8.05,1.7,0.43
327,-0.06,0.12,0.91,9.13,0.85,-1.87
328,-0.06,0.12,0.9,10.46,-0.03,-4.15
329,-0.08,0.11,0.89,13.14,-0.98,-4.44
330,-0.07,0.1,0.88,15.23,-2.84,-2.23
331,-0.07,0.1,0.85,14.08,-2.26,-0.8
332,-0.05,0.11,0.85,11.09,-0.62,-0.79
333,-0.07,0.1,0.82,11.71,1.07,2.15
334,-0.06,0.12,0.82,7.19,-0.79,1.44
335,-0.07,0.13,0.8,4.57,-1.96,-0.61
336,-0.1,0.13,0.79,6.15,-3.83,0.04
337,-0.07,0.13,0.81,0.41,-7.18,-1.1
338,-0.07,0.13,0.83,-2.61,-6.47,-0.47
339,-0.08,0.15,0.84,-5.34,-6.16,0.02
340,-0.05,0.15,0.85,-8.87,-9.13,-2.67
341,-0.04,0.15,0.9,-8.11,-6.21,1.63
342,-0.04,0.15,0.92,-9.43,-4.21,3.31
343,-0.03,0.16,0.93,-10.04,-2.79,4.51
344,-0.02,0.15,0.93,-7.6,-1.45,5.47
345,-0.04,0.13,0.93,-6.37,-1.62,4.03
346,-0.02,0.11,0.94,-2.6,-0.52,3.79
347,-0.02,0.11,0.94,0.68,1.85,4.11
348,0.0,0.11,0.92,3.62,4.71,4.9
349,0.02,0.13,0.9,6.13,7.75,5.13
350,0.03,0.16,0.87,6.36,9.53,2.2
351,0.01,0.21,0.83,3.35,6.83,-2.42
352,-0.02,0.23,0.82,-0.82,-0.89,-8.42
353,-0.07,0.23,0.84,-3.47,-9.17,-13.11
354,-0.08,0.22,0.86,-6.69,-15.05,-15.4
355,-0.08,0.19,0.87,-9.5,-17.33,-14.15
356,-0.11,0.18,0.89,-14.44,-17.27,-11.99
357,-0.1,0.13,0.93,-17.64,-17.74,-7.96
358,-0.06,0.1,0.98,-20.26,-13.39,-1.57
359,-0.02,0.08,1.0,-20.24,-6.81,7.34
360,0.03,0.08,1.01,-20.29,0.54,12.85
361,0.07,0.07,1.01,-19.89,5.69,16.43
362,0.08,0.07,1.02,-17.73,11.28,16.95
363,0.07,0.06,1.03,-14.88,11.17,12.61
364,0.06,0.05,1.04,-9.79,8.63,6.75
365,0.03,0.06,1.03,-5.12,7.41,0.58
366,-0.02,0.07,1.02,-1.49,3.12,-6.02
367,-0.09,0.09,1.01,1.99,-3.03,-10.05
368,-0.12,0.09,0.99,3.27,-9.4,-11.18
369,-0.13,0.1,1.0,1.84,-12.8,-10.19
370,-0.07,0.1,0.98,-0.83,-10.67,-7.5
371,-0.07,0.09,1.0,-2.68,-6.11,-1.66
372,-0.06,0.08,1.03,-4.08,-2.47,3.37
373,-0.05,0.1,1.03,-5.85,-0.76,4.69
374,-0.04,0.1,1.03,-5.95,1.58,6.08
375,-0.05,0.11,1.03,-5.53,0.15,6.33
376,-0.05,0.13,1.04,-5.1,-2.62,4.28
377,-0.01,0.12,1.05,-3.41,-3.45,4.05
378,-0.02,0.11,1.07,-1.87,-2.4,2.73
379,-0.0,0.11,1.07,0.5,-3.11,0.95
380,0.0,0.11,1.06,3.45,-1.22,2.62
381,-0.0,0.11,1.04,4.69,0.58,2.18
382,-0.01,0.12,1.03,4.99,0.78,0.68
383,-0.01,0.13,1.01,4.85,1.46,0.75
384,-0.01,0.13,0.99,5.34,0.05,1.27
385,-0.01,0.13,0.98,5.6,-0.47,0.62
386,-0.01,0.13,0.96,4.15,-1.36,-1.84
387,-0.02,0.13,0.96,2.92,-1.69,-3.76
388,-0.03,0.12,0.96,3.17,-3.37,-4.34
389,-0.06,0.11,0.97,3.57,-4.24,-5.08
390,-0.08,0.11,0.95,1.97,-6.23,-4.37
391,-0.06,0.11,0.96,-0.11,-6.26,-2.47
392,-0.03,0.1,0.96,-1.4,-5.13,-0.7
393,-0.01,0.1,0.97,-1.76,0.2,3.76
394,-0.05,0.1,0.98,-2.83,0.89,4.24
395,-0.05,0.1,0.99,-2.29,-1.77,3.2
396,-0.02,0.1,1.0,-0.37,-3.5,3.54
397,-0.02,0.1,1.0,0.94,-2.53,3.93
398,-0.02,0.1,1.0,0.92,-2.75,2.84
399,-0.03,0.11,0.99,1.26,-4.29,1.66
