,accel_x,accel_y,accel_z,gyro_x,gyro_y,gyro_z
0,0.12,0.38,0.87,7.05,2.27,2.98
1,0.13,0.39,0.87,7.44,3.96,5.56
2,0.13,0.39,0.87,7.88,5.09,6.79
3,0.14,0.4,0.86,8.86,3.83,6.95
4,0.17,0.41,0.87,9.81,4.07,7.17
5,0.19,0.43,0.88,9.96,7.56,8.22
6,0.18,0.42,0.87,10.33,12.37,10.79
7,0.15,0.43,0.87,11.02,15.66,14.6
8,0.15,0.43,0.87,11.42,17.09,17.29
9,0.16,0.45,0.86,10.56,19.5,19.77
10,0.18,0.46,0.84,8.32,22.03,19.21
11,0.17,0.46,0.85,5.82,22.76,17.7
12,0.14,0.44,0.87,6.23,20.44,16.74
13,0.14,0.43,0.88,7.11,16.95,15.57
14,0.13,0.44,0.88,8.4,14.16,12.34
15,0.12,0.45,0.89,10.61,11.15,8.43
16,0.12,0.46,0.88,13.13,7.21,4.81
17,0.14,0.47,0.88,14.06,4.18,1.44
18,0.14,0.48,0.89,15.01,2.53,-1.73
19,0.15,0.49,0.88,15.78,1.22,-1.89
20,0.16,0.5,0.88,15.46,2.15,-0.98
21,0.16,0.51,0.87,13.54,5.01,0.59
22,0.15,0.52,0.86,11.85,6.73,2.76
23,0.14,0.53,0.84,9.45,6.78,3.17
24,0.15,0.53,0.84,6.45,6.67,2.76
25,0.13,0.54,0.86,4.2,5.84,0.66
26,0.12,0.53,0.86,2.75,2.47,-2.92
27,0.12,0.49,0.85,3.41,-1.36,-7.42
28,0.13,0.46,0.88,5.49,-5.9,-10.76
29,0.15,0.46,0.89,8.47,-8.61,-10.82
30,0.16,0.48,0.88,9.13,-6.79,-9.76
31,0.18,0.49,0.87,8.85,-2.57,-9.42
32,0.16,0.48,0.88,8.62,1.61,-8.58
33,0.14,0.48,0.87,8.82,2.51,-6.36
34,0.13,0.48,0.85,8.07,4.02,-5.49
35,0.11,0.49,0.85,7.2,3.84,-3.99
36,0.1,0.47,0.85,7.09,2.24,-2.6
37,0.11,0.48,0.84,6.13,0.25,-2.06
38,0.12,0.48,0.84,5.4,0.84,-0.48
39,0.13,0.47,0.85,5.3,2.1,0.79
40,0.15,0.46,0.84,5.23,4.69,1.12
41,0.13,0.45,0.84,6.68,5.15,0.95
42,0.12,0.46,0.84,8.05,4.61,0.47
43,0.12,0.46,0.83,9.16,2.55,-1.11
44,0.12,0.47,0.83,9.34,-0.02,-2.61
45,0.11,0.48,0.81,9.36,-3.37,-4.63
46,0.12,0.49,0.82,9.28,-5.18,-6.27
47,0.14,0.48,0.81,9.14,-4.95,-6.82
48,0.13,0.49,0.82,9.07,-4.37,-5.63
49,0.14,0.49,0.8,8.11,-3.37,-4.51
50,0.15,0.51,0.8,6.79,-2.61,-4.12
51,0.13,0.5,0.8,6.17,-2.5,-4.89
52,0.12,0.51,0.78,5.73,-5.27,-5.6
53,0.13,0.51,0.79,4.79,-5.3,-5.5
54,0.14,0.51,0.79,3.54,-4.77,-5.79
55,0.12,0.5,0.79,2.3,-5.88,-5.66
56,0.14,0.51,0.8,1.36,-7.61,-4.21
57,0.14,0.5,0.82,0.66,-7.92,-5.05
58,0.14,0.5,0.82,0.65,-8.93,-5.61
59,0.15,0.51,0.83,1.24,-10.14,-5.68
60,0.18,0.51,0.82,2.18,-10.65,-6.92
61,0.2,0.52,0.81,2.27,-9.18,-8.82
62,0.2,0.54,0.81,1.12,-7.68,-9.83
63,0.18,0.53,0.81,-0.35,-6.14,-9.43
64,0.2,0.52,0.82,-0.54,-4.16,-8.07
65,0.2,0.53,0.83,-0.82,-2.95,-6.38
66,0.19,0.55,0.84,-0.6,0.81,-5.66
67,0.15,0.56,0.82,-2.2,3.04,-5.26
68,0.13,0.56,0.81,-3.21,2.02,-5.46
69,0.14,0.54,0.81,-3.95,1.6,-6.89
70,0.16,0.52,0.81,-3.99,-0.28,-9.27
71,0.14,0.51,0.81,-3.0,-1.14,-12.05
72,0.13,0.51,0.81,-1.94,-2.93,-12.34
73,0.14,0.52,0.82,-0.97,-2.37,-11.59
74,0.15,0.53,0.82,-1.03,1.27,-11.08
75,0.12,0.54,0.8,-1.95,4.79,-9.26
76,0.12,0.53,0.79,-3.09,6.74,-8.18
77,0.08,0.53,0.77,-3.91,5.65,-7.89
78,0.06,0.52,0.75,-4.44,3.79,-7.9
79,0.06,0.5,0.75,-5.21,-0.15,-8.56
80,0.08,0.5,0.74,-5.44,-3.65,-8.09
81,0.11,0.5,0.73,-5.98,-3.49,-7.66
82,0.11,0.49,0.72,-7.6,-2.66,-7.05
83,0.13,0.49,0.73,-8.32,-2.57,-7.4
84,0.14,0.5,0.72,-8.84,-3.11,-9.51
85,0.13,0.5,0.69,-9.8,-3.57,-10.05
86,0.13,0.49,0.67,-11.06,-3.73,-9.8
87,0.14,0.48,0.64,-12.68,-3.89,-8.68
88,0.16,0.46,0.61,-14.68,-3.38,-7.99
89,0.18,0.44,0.59,-17.06,-2.32,-8.06
90,0.17,0.42,0.55,-20.25,-1.02,-8.5
91,0.16,0.41,0.48,-24.34,-1.98,-9.1
92,0.14,0.38,0.47,-28.71,-7.62,-10.11
93,0.18,0.37,0.45,-28.93,-11.22,-9.55
94,0.23,0.34,0.41,-31.34,-12.56,-11.73
95,0.28,0.3,0.36,-33.61,-11.95,-15.75
96,0.34,0.25,0.3,-34.96,-9.07,-18.21
97,0.38,0.16,0.14,-37.04,-1.66,-18.79
98,0.4,0.02,-0.04,-34.81,5.37,-13.89
99,0.46,-0.13,-0.26,-28.01,13.69,-3.99
100,0.51,-0.22,-0.52,-23.87,27.28,1.09
101,0.41,-0.21,-0.78,-21.05,47.63,4.77
102,0.22,-0.14,-1.03,-23.76,51.63,6.64
103,0.18,-0.03,-1.24,-34.63,44.89,3.59
104,0.11,0.15,-1.45,-54.8,23.69,-8.92
105,0.18,0.38,-1.57,-81.7,2.23,-31.96
106,0.16,0.59,-1.73,-125.59,-15.7,-54.91
107,0.02,0.76,-1.82,-167.31,-48.57,-66.02
108,0.22,0.99,-1.86,-220.69,-90.73,-63.7
109,0.63,1.3,-1.84,-250.14,-107.24,-65.16
110,1.15,1.86,-1.78,-250.14,-113.07,-78.45
111,1.79,2.0,-1.84,-250.14,-25.44,-102.52
112,2.0,2.0,-2.0,-250.14,145.44,-149.22
113,1.44,0.08,-2.0,-250.14,250.13,-178.67
114,0.26,-2.0,-1.35,-250.14,250.13,-146.84
115,-2.0,-2.0,2.0,-250.14,-1.63,-152.92
116,-2.0,-2.0,2.0,-238.6,-250.14,45.57
117,0.15,-2.0,2.0,21.65,-250.14,81.58
118,1.74,-2.0,2.0,25.08,-134.92,31.04
119,1.52,-2.0,2.0,-11.81,153.66,64.18
120,0.4,-1.1,2.0,-31.55,250.13,115.72
121,-0.75,-0.43,2.0,-32.31,250.13,123.25
122,-1.5,-0.24,2.0,-7.51,250.13,76.63
123,-1.64,-0.11,2.0,22.95,85.83,17.37
124,-0.91,-0.02,1.8,29.08,-11.83,-22.98
125,-0.39,-0.04,1.72,14.26,-19.22,-22.4
126,-0.2,-0.26,1.72,0.27,14.3,-7.06
127,-0.18,-0.49,1.71,-0.46,36.18,-4.1
128,-0.19,-0.61,1.65,5.85,34.95,-1.34
129,-0.31,-0.6,1.52,33.72,-13.93,-14.02
130,-0.1,-0.49,1.39,54.55,-46.31,-13.91
131,0.17,-0.38,1.27,62.69,-61.79,-19.14
132,0.26,-0.3,1.19,67.53,-56.31,-18.26
133,0.27,-0.26,1.12,65.17,-39.13,-16.89
134,0.2,-0.22,1.01,56.64,-9.47,-10.23
135,0.04,-0.25,0.97,55.71,-7.5,-6.85
136,-0.05,-0.23,0.89,49.98,-10.05,-3.01
137,-0.01,-0.2,0.82,41.18,-17.85,-5.62
138,0.02,-0.18,0.81,34.86,-23.11,-6.82
139,0.06,-0.21,0.81,28.68,-24.95,-8.73
140,0.09,-0.26,0.84,26.66,-21.8,-9.8
141,0.09,-0.27,0.86,23.11,-11.6,-8.2
142,0.04,-0.32,0.86,23.56,-5.79,-6.43
143,-0.04,-0.32,0.84,22.01,-1.4,-5.2
144,-0.11,-0.31,0.81,20.79,-2.84,-5.9
145,-0.15,-0.31,0.83,19.43,-10.61,-9.21
146,-0.17,-0.32,0.84,19.77,-19.17,-11.31
147,-0.13,-0.32,0.83,20.14,-26.82,-10.71
148,-0.04,-0.31,0.86,18.31,-26.4,-8.35
149,0.01,-0.28,0.89,14.54,-19.33,-3.62
150,0.02,-0.28,0.89,11.61,-12.42,1.13
151,0.04,-0.28,0.92,8.0,-6.83,4.11
152,0.05,-0.31,0.94,7.0,-2.91,5.5
153,0.05,-0.31,0.94,7.63,-0.53,6.57
154,0.06,-0.31,0.95,7.91,2.2,7.09
155,0.04,-0.31,0.96,8.92,4.16,6.65
156,0.01,-0.31,0.96,9.69,3.82,6.98
157,-0.0,-0.3,0.97,11.07,0.12,6.04
158,0.02,-0.29,0.96,10.61,-1.5,4.45
159,0.02,-0.29,0.97,11.02,-0.37,2.44
160,0.02,-0.3,0.99,12.89,-2.95,1.63
161,0.03,-0.32,1.0,14.12,-4.02,0.51
162,0.02,-0.32,1.0,16.05,-6.76,-1.23
163,0.01,-0.32,1.0,17.87,-9.27,-2.39
164,0.03,-0.3,1.0,18.4,-10.31,-3.18
165,0.03,-0.29,0.99,18.71,-9.68,-1.82
166,0.03,-0.28,0.99,17.92,-9.1,-1.56
167,0.03,-0.26,0.98,17.34,-8.03,-0.47
168,0.05,-0.24,0.97,15.07,-3.16,0.6
169,0.03,-0.23,0.97,12.97,-0.08,1.12
170,0.01,-0.23,0.97,11.35,-1.73,1.44
171,0.0,-0.23,0.97,10.05,-3.05,0.39
172,0.02,-0.24,0.97,8.31,-5.48,-1.56
173,0.03,-0.25,0.98,7.84,-6.5,-2.52
174,0.05,-0.29,1.01,8.37,-5.46,-3.95
175,0.03,-0.32,1.03,10.24,-2.71,-3.73
176,0.01,-0.35,1.05,14.63,-3.04,-3.39
177,-0.02,-0.35,1.05,19.15,-4.45,-2.79
178,-0.04,-0.33,1.03,22.47,-6.63,-2.5
179,-0.05,-0.3,1.03,25.45,-10.0,-1.03
180,-0.03,-0.28,1.03,27.82,-12.48,0.37
181,-0.0,-0.25,1.02,28.24,-12.63,1.43
182,0.03,-0.24,1.01,28.18,-11.47,1.52
183,0.04,-0.23,1.0,28.17,-10.13,1.31
184,0.05,-0.21,1.01,27.98,-7.66,1.03
185,0.05,-0.2,0.99,27.21,-5.77,0.8
186,0.08,-0.18,0.98,22.5,3.49,3.34
187,0.04,-0.2,0.99,24.08,-4.09,-1.24
188,0.06,-0.21,1.01,23.22,-2.76,-2.19
189,0.02,-0.21,1.01,25.14,-1.3,-1.5
190,0.01,-0.22,1.0,26.5,1.27,0.35
191,-0.02,-0.22,1.0,27.87,1.29,1.38
192,-0.04,-0.23,0.99,29.22,-0.97,0.78
193,-0.04,-0.22,0.98,31.64,-5.5,-0.87
194,-0.04,-0.2,0.98,34.92,-11.54,-2.3
195,-0.0,-0.17,0.96,36.19,-13.18,-2.6
196,0.01,-0.14,0.95,35.51,-11.29,-1.33
197,0.01,-0.12,0.94,34.05,-8.59,1.53
198,0.01,-0.1,0.93,31.48,-5.59,3.52
199,0.01,-0.09,0.93,28.84,-5.52,4.57
200,0.01,-0.09,0.94,27.18,-6.42,3.89
201,0.03,-0.1,0.96,25.92,-7.23,2.26
202,0.05,-0.1,0.95,25.73,-8.22,1.12
203,0.07,-0.1,0.97,25.66,-6.55,0.03
204,0.1,-0.11,0.98,24.83,0.53,0.81
205,0.05,-0.1,0.96,26.44,-2.5,1.72
206,0.04,-0.1,0.95,26.92,-3.21,3.7
207,0.03,-0.08,0.94,27.67,-5.02,4.64
208,0.03,-0.07,0.95,28.42,-7.11,3.55
209,0.04,-0.07,0.94,28.56,-9.51,1.25
210,0.06,-0.07,0.94,28.41,-10.49,0.11
211,0.09,-0.05,0.93,27.83,-9.5,0.05
212,0.09,-0.06,0.94,26.31,-6.73,-0.18
213,0.09,-0.04,0.93,25.28,-3.63,-0.15
214,0.07,-0.03,0.93,24.23,-3.63,0.29
215,0.09,-0.01,0.92,22.25,-2.5,0.21
216,0.09,-0.01,0.91,19.92,-0.34,-1.28
217,0.09,-0.02,0.92,16.85,1.39,-3.1
218,0.08,-0.03,0.94,16.34,2.6,-3.04
219,0.07,-0.05,0.95,16.53,3.39,-2.49
220,0.07,-0.06,0.94,16.43,5.11,-1.89
221,0.05,-0.05,0.95,17.06,5.45,-1.5
222,0.05,-0.02,0.95,17.4,2.55,-3.05
223,0.05,-0.01,0.95,17.02,0.6,-4.07
224,0.06,0.0,0.94,16.12,0.63,-4.21
225,0.07,0.0,0.94,14.07,2.23,-4.36
226,0.06,-0.02,0.96,12.89,5.48,-2.92
227,0.03,-0.0,0.96,13.08,6.24,-1.63
228,0.03,-0.0,0.96,13.25,6.54,-0.76
229,0.02,0.01,0.95,13.08,5.27,-0.48
230,0.02,0.02,0.96,11.37,4.11,-1.02
231,0.01,0.02,0.98,10.21,2.8,-1.69
232,0.02,0.0,1.0,9.97,1.15,-2.6
233,0.03,-0.03,1.02,10.05,1.22,-3.38
234,0.03,-0.04,1.03,12.11,0.79,-3.08
235,0.04,-0.04,1.03,13.88,1.21,-2.27
236,0.04,-0.02,1.04,15.5,2.33,-2.38
237,0.03,-0.01,1.02,16.43,3.95,-1.79
238,-0.0,0.01,1.02,16.44,3.93,-0.47
239,-0.01,0.01,1.02,16.71,2.53,0.39
240,-0.01,0.02,1.01,17.13,0.88,0.82
241,-0.02,0.03,1.01,17.74,-3.03,1.1
242,0.02,0.04,1.01,17.9,-4.18,1.38
243,0.04,0.05,1.01,17.76,-3.54,1.82
244,0.06,0.05,1.01,17.54,-1.23,2.5
245,0.06,0.06,0.99,16.48,-0.02,3.05
246,0.04,0.06,1.01,16.03,-0.08,3.96
247,0.03,0.07,1.01,16.54,-1.48,4.1
248,0.01,0.09,1.0,15.93,-2.04,4.08
249,0.01,0.1,1.0,15.0,-3.29,3.84
250,0.0,0.09,1.0,14.56,-4.81,3.93
251,-0.01,0.08,1.0,14.1,-6.6,3.61
252,-0.0,0.08,1.01,13.98,-9.64,2.9
253,0.01,0.06,1.01,14.83,-11.99,2.25
254,0.02,0.06,1.02,16.15,-12.75,1.4
255,0.03,0.06,1.03,17.65,-12.71,2.7
256,0.04,0.07,1.02,19.23,-11.83,3.98
257,0.05,0.08,1.02,19.82,-10.13,4.21
258,0.04,0.09,1.01,19.57,-9.34,3.61
259,0.02,0.09,1.01,20.21,-11.83,3.53
260,0.04,0.11,1.0,19.92,-12.69,3.98
261,0.05,0.1,1.01,18.98,-11.78,3.78
262,0.05,0.09,1.01,19.03,-10.05,4.61
263,0.06,0.1,1.02,19.68,-10.27,5.53
264,0.06,0.1,1.02,20.23,-11.27,5.29
265,0.06,0.11,1.01,20.79,-12.3,3.91
266,0.05,0.12,1.01,21.18,-13.61,3.34
267,0.06,0.12,1.0,22.37,-15.05,3.69
268,0.08,0.13,1.01,22.92,-15.58,4.02
269,0.09,0.14,1.01,23.34,-17.03,2.56
270,0.12,0.14,1.0,24.26,-16.66,1.85
271,0.14,0.15,0.99,24.3,-13.97,1.79
272,0.13,0.15,0.99,24.27,-12.49,1.13
273,0.15,0.16,0.99,25.49,-10.27,0.92
274,0.15,0.18,0.97,24.23,-9.87,-0.76
275,0.15,0.18,0.96,22.59,-6.5,-0.61
276,0.12,0.16,0.98,22.29,-3.31,0.07
277,0.1,0.16,0.97,22.47,-1.0,1.52
278,0.06,0.17,0.96,22.08,-1.21,1.99
279,0.06,0.18,0.96,21.73,-1.23,2.7
280,0.05,0.18,0.96,22.05,-3.43,2.2
281,0.05,0.19,0.95,21.71,-5.14,2.05
282,0.06,0.21,0.94,20.95,-5.69,2.19
283,0.06,0.21,0.95,18.24,-5.4,0.95
284,0.05,0.21,0.94,16.92,-6.03,0.46
285,0.05,0.21,0.95,15.91,-7.42,0.45
286,0.07,0.2,0.97,15.76,-6.11,0.73
287,0.07,0.2,0.96,14.6,-7.04,0.34
288,0.06,0.19,0.96,14.23,-8.19,0.0
289,0.06,0.19,0.97,13.85,-8.98,0.5
290,0.06,0.18,0.98,13.24,-8.75,0.54
291,0.05,0.18,0.97,13.47,-10.05,0.66
292,0.06,0.2,0.98,13.7,-11.05,1.54
293,0.09,0.21,0.97,13.01,-11.56,1.79
294,0.1,0.21,0.96,11.18,-10.11,0.83
295,0.1,0.21,0.96,10.22,-9.89,0.74
296,0.11,0.21,0.94,8.29,-8.31,-0.15
297,0.08,0.22,0.95,6.37,-9.28,0.63
298,0.08,0.22,0.96,5.76,-11.86,0.21
299,0.08,0.22,0.95,5.26,-13.6,0.3
300,0.09,0.23,0.94,5.11,-14.59,-0.34
301,0.1,0.2,0.96,6.39,-14.9,1.28
302,0.1,0.19,0.96,9.34,-15.01,2.94
303,0.12,0.2,0.96,12.0,-16.74,3.65
304,0.12,0.22,0.95,13.79,-16.98,4.15
305,0.12,0.24,0.94,15.38,-18.82,4.78
306,0.16,0.25,0.94,15.37,-17.98,5.11
307,0.17,0.27,0.93,13.97,-14.39,4.92
308,0.18,0.26,0.93,12.74,-12.95,3.21
309,0.17,0.26,0.93,11.45,-12.08,1.85
310,0.14,0.24,0.93,9.89,-12.0,0.76
311,0.14,0.23,0.94,10.65,-14.37,0.53
312,0.15,0.23,0.95,11.44,-14.89,-0.25
313,0.16,0.23,0.96,12.23,-13.24,-0.59
314,0.18,0.23,0.95,11.04,-9.56,-0.69
315,0.14,0.22,0.95,11.48,-8.13,0.44
316,0.15,0.21,0.95,12.23,-7.71,2.02
317,0.16,0.2,0.98,14.09,-7.6,3.66
318,0.18,0.21,0.96,15.63,-5.12,4.15
319,0.18,0.23,0.96,16.62,-1.44,5.95
320,0.16,0.24,0.96,17.14,0.68,7.75
321,0.14,0.27,0.95,17.65,-0.89,7.72
322,0.15,0.29,0.94,17.28,-3.32,5.21
323,0.16,0.3,0.93,15.69,-4.56,1.92
324,0.15,0.3,0.91,15.24,-5.1,0.34
325,0.16,0.31,0.92,14.12,-5.37,0.0
326,0.17,0.3,0.92,12.73,-3.41,-0.24
327,0.16,0.3,0.93,11.52,-2.44,-0.74
328,0.16,0.3,0.94,10.69,-1.23,-0.78
329,0.14,0.3,0.95,10.67,-1.76,0.16
330,0.15,0.31,0.96,11.82,-1.13,1.6
331,0.16,0.3,0.95,12.47,-0.34,2.19
332,0.15,0.31,0.96,13.65,-0.22,3.33
333,0.17,0.31,0.94,14.36,0.66,5.15
334,0.18,0.32,0.94,14.45,2.24,5.73
335,0.19,0.33,0.94,14.31,1.37,5.17
336,0.19,0.34,0.93,13.25,2.97,5.4
337,0.18,0.34,0.94,12.66,4.89,4.27
338,0.17,0.33,0.93,13.15,2.79,1.35
339,0.15,0.32,0.94,14.07,-0.67,-0.85
340,0.17,0.32,0.94,14.51,-3.21,-3.52
341,0.18,0.3,0.94,15.53,-5.56,-4.43
342,0.23,0.3,0.95,16.05,-2.47,-3.53
343,0.22,0.3,0.95,15.66,4.18,-1.92
344,0.21,0.29,0.95,16.77,7.79,1.3
345,0.2,0.3,0.93,17.03,9.35,2.5
346,0.17,0.3,0.92,18.08,9.85,2.63
347,0.17,0.31,0.95,18.61,8.92,2.81
348,0.16,0.31,0.92,18.34,9.9,0.91
349,0.13,0.34,0.89,20.3,5.97,-1.98
350,0.13,0.35,0.9,21.24,1.59,-3.47
351,0.16,0.36,0.89,21.63,-1.37,-5.64
352,0.16,0.37,0.87,20.27,-0.85,-5.76
353,0.17,0.37,0.87,19.11,1.91,-4.51
354,0.15,0.37,0.88,18.97,3.26,-2.9
355,0.14,0.39,0.86,17.89,4.27,-2.35
356,0.13,0.39,0.85,17.46,3.05,-1.51
357,0.14,0.4,0.87,16.28,3.6,-1.83
358,0.14,0.4,0.87,15.1,3.39,-1.73
359,0.16,0.4,0.86,13.51,4.44,-2.2
360,0.14,0.39,0.86,12.18,4.98,-4.22
361,0.11,0.38,0.86,11.56,2.57,-6.59
362,0.1,0.38,0.86,11.29,-0.58,-8.4
363,0.09,0.38,0.86,10.48,-2.66,-8.02
364,0.11,0.38,0.87,10.21,-2.38,-6.16
365,0.13,0.37,0.88,9.41,-0.45,-3.99
366,0.15,0.38,0.89,9.17,0.69,-1.88
367,0.16,0.36,0.88,8.98,3.2,-1.7
368,0.14,0.37,0.88,10.41,2.57,0.19
369,0.15,0.37,0.88,11.71,4.02,1.48
370,0.14,0.38,0.88,12.3,4.9,1.41
371,0.12,0.4,0.87,13.0,4.56,1.04
372,0.11,0.42,0.86,12.94,2.25,0.14
373,0.11,0.44,0.84,11.26,0.49,-0.31
374,0.11,0.44,0.86,9.49,-0.82,-0.4
375,0.12,0.43,0.85,6.92,-1.49,-1.82
376,0.14,0.42,0.86,5.67,-1.34,-1.92
377,0.15,0.41,0.87,4.79,-0.59,-3.05
378,0.14,0.39,0.89,5.38,-0.61,-4.37
379,0.13,0.37,0.9,7.28,-2.11,-5.15
380,0.13,0.37,0.9,10.28,-3.11,-4.5
381,0.15,0.37,0.9,12.76,-3.95,-4.76
382,0.15,0.38,0.89,14.96,-3.95,-3.68
383,0.17,0.4,0.89,16.33,-3.06,-2.78
384,0.18,0.41,0.88,16.2,0.28,-2.4
385,0.17,0.43,0.88,16.19,2.95,-2.02
386,0.15,0.43,0.88,16.55,3.6,-1.85
387,0.14,0.45,0.88,16.49,3.05,-1.95
388,0.14,0.47,0.88,15.93,2.41,-1.85
389,0.13,0.48,0.87,14.89,1.21,-1.95
390,0.14,0.47,0.87,13.98,2.3,-1.87
391,0.12,0.47,0.87,13.66,0.42,-2.13
392,0.14,0.46,0.88,14.63,-1.06,-2.4
393,0.16,0.46,0.86,14.77,0.17,-3.63
394,0.16,0.45,0.86,16.61,1.14,-3.08
395,0.16,0.45,0.86,17.71,2.91,-1.39
396,0.15,0.47,0.86,18.89,4.66,-0.15
397,0.14,0.49,0.84,18.58,6.24,0.93
398,0.13,0.49,0.83,18.48,7.12,1.14
399,0.13,0.5,0.82,17.14,8.93,1.82
