,accel_x,accel_y,accel_z,gyro_x,gyro_y,gyro_z
0,0.11,0.1,0.98,-0.27,-0.82,-4.2
1,0.13,0.09,0.98,-0.18,-1.32,-3.43
2,0.12,0.1,0.98,-0.09,-0.67,-3.4
3,0.11,0.1,0.98,0.14,-1.86,-3.85
4,0.12,0.1,0.97,0.82,-1.89,-4.1
5,0.12,0.1,0.97,1.15,-1.02,-3.44
6,0.12,0.12,0.96,-0.09,-0.76,-4.07
7,0.12,0.12,0.95,-0.15,-4.02,-6.18
8,0.13,0.11,0.97,0.48,-6.15,-7.59
9,0.15,0.1,1.0,0.76,-4.12,-5.61
10,0.14,0.11,0.99,0.93,-0.11,-3.01
11,0.14,0.12,0.98,0.19,0.18,-1.6
12,0.15,0.11,0.96,-1.46,0.56,-2.64
13,0.14,0.11,0.97,-1.5,0.26,-3.69
14,0.13,0.1,0.98,-0.21,-1.24,-4.01
15,0.13,0.1,0.97,0.56,-1.63,-3.12
16,0.11,0.1,0.97,0.21,-0.31,-2.31
17,0.11,0.1,0.95,-1.15,0.53,-2.47
18,0.13,0.09,0.96,0.5,-1.46,-2.16
19,0.11,0.09,0.97,0.62,-2.39,-3.04
20,0.12,0.09,0.97,1.66,-1.84,-2.03
21,0.11,0.1,0.97,1.47,-1.76,-2.8
22,0.13,0.1,0.96,1.49,-0.99,-2.69
23,0.15,0.12,0.95,1.02,0.36,-2.89
24,0.13,0.13,0.95,0.12,1.44,-4.11
25,0.12,0.13,0.95,-0.05,-1.15,-5.26
26,0.13,0.13,0.95,-0.44,-2.59,-4.07
27,0.13,0.13,0.96,-0.86,-0.18,-0.98
28,0.1,0.13,0.96,-1.69,-0.42,-0.76
29,0.11,0.13,0.95,-2.66,-1.37,-0.57
30,0.14,0.13,0.94,-3.38,-1.82,-1.08
31,0.13,0.13,0.96,-4.05,-0.45,-1.5
32,0.11,0.13,0.96,-4.26,-2.39,-2.1
33,0.14,0.12,0.96,-4.78,-4.04,-3.57
34,0.15,0.12,0.97,-5.47,-1.47,-2.98
35,0.13,0.11,0.99,-4.34,0.12,-2.56
36,0.12,0.12,0.97,-5.35,-1.86,-2.74
37,0.17,0.11,0.98,-4.05,-3.46,-3.85
38,0.14,0.11,0.99,-3.45,-2.43,-5.37
39,0.11,0.11,1.0,-2.72,-2.15,-3.51
40,0.14,0.11,0.98,-2.18,-2.83,-3.86
41,0.15,0.12,1.0,-0.95,-3.42,-4.39
42,0.14,0.11,0.98,-0.37,-1.71,-2.95
43,0.13,0.13,0.97,-0.81,-0.98,-2.52
44,0.13,0.13,0.97,-1.76,-0.75,-3.55
45,0.13,0.12,0.97,-2.56,-1.05,-3.01
46,0.14,0.12,0.97,-1.92,-1.76,-1.85
47,0.13,0.12,0.97,-2.71,-1.24,-2.95
48,0.13,0.12,0.98,-3.11,-0.6,-3.61
49,0.12,0.12,0.96,-3.73,-1.82,-5.35
50,0.13,0.12,0.97,-3.19,-2.89,-4.23
51,0.13,0.12,0.97,-3.73,-2.35,-4.74
52,0.12,0.12,0.97,-4.34,-0.72,-4.05
53,0.14,0.12,0.97,-4.81,1.15,-3.16
54,0.14,0.12,0.96,-4.92,2.5,-2.79
55,0.14,0.13,0.96,-5.07,1.37,-4.13
56,0.14,0.11,0.97,-4.37,0.37,-4.11
57,0.14,0.11,0.98,-3.37,0.5,-2.31
58,0.15,0.11,0.97,-3.76,1.82,-1.55
59,0.13,0.12,0.96,-4.75,1.29,-2.11
60,0.15,0.11,0.96,-4.99,-0.69,-2.34
61,0.14,0.1,0.97,-5.64,0.72,-3.1
62,0.14,0.1,0.98,-4.55,0.31,-3.26
63,0.13,0.1,0.98,-4.45,1.26,-3.24
64,0.12,0.11,0.97,-4.83,0.68,-3.21
65,0.13,0.1,0.97,-5.25,0.69,-3.75
66,0.12,0.11,0.97,-7.26,2.77,-5.49
67,0.12,0.13,0.96,-11.02,4.38,-14.05
68,0.28,-0.1,0.91,-9.15,-3.99,-7.95
69,0.15,0.09,0.98,-4.18,1.63,-1.23
70,0.1,0.11,0.98,-7.51,3.71,-5.41
71,0.13,0.09,1.0,-5.19,4.04,-1.69
72,0.11,0.12,0.97,-4.66,2.66,-4.06
73,0.1,0.1,0.97,-5.03,2.96,-3.76
74,0.09,0.11,0.97,-4.32,1.46,-2.99
75,0.09,0.11,0.96,-4.73,-0.73,-3.04
76,0.11,0.12,0.95,-6.02,-0.48,-0.93
77,0.11,0.12,0.96,-6.5,-1.98,0.18
78,0.11,0.12,0.96,-8.01,-2.83,0.56
79,0.14,0.12,0.98,-8.67,-2.11,0.63
80,0.15,0.1,1.01,-7.79,-1.73,0.51
81,0.14,0.09,1.03,-5.48,-1.36,-0.53
82,0.15,0.09,1.03,-4.24,-0.35,-1.62
83,0.14,0.09,1.02,-2.98,0.19,-2.98
84,0.13,0.09,1.0,-2.36,-0.04,-3.96
85,0.12,0.1,0.99,-3.89,-1.14,-4.86
86,0.12,0.1,0.98,-3.86,-0.84,-4.51
87,0.12,0.1,0.98,-3.45,-0.99,-2.47
88,0.11,0.09,0.98,-3.09,-0.38,-0.77
89,0.11,0.08,0.98,-2.92,-0.84,-1.78
90,0.14,0.08,0.98,-1.61,-1.91,0.22
91,0.15,0.08,0.96,-1.82,1.53,0.39
92,0.14,0.08,0.98,-0.48,3.1,3.08
93,0.13,0.08,0.97,0.4,3.89,2.73
94,0.13,0.09,0.94,0.64,4.98,2.96
95,0.12,0.08,0.92,1.54,5.56,4.69
96,0.13,0.1,0.89,0.34,5.11,3.42
97,0.13,0.11,0.86,-1.14,5.4,0.61
98,0.12,0.12,0.85,-1.79,2.04,-1.56
99,0.16,0.13,0.82,-4.35,1.02,-4.47
100,0.16,0.14,0.81,-5.24,1.98,-4.24
101,0.14,0.14,0.8,-7.42,1.0,-4.63
102,0.14,0.14,0.78,-6.86,3.31,0.34
103,0.1,0.15,0.78,-9.17,6.53,1.85
104,0.09,0.14,0.75,-9.38,6.73,3.32
105,0.07,0.14,0.72,-8.97,6.18,4.42
106,0.1,0.15,0.65,-8.95,4.05,8.83
107,0.08,0.17,0.6,-10.18,6.47,10.53
108,0.15,0.18,0.52,-15.1,2.32,7.23
109,0.1,0.22,0.5,-20.38,6.43,4.53
110,0.1,0.28,0.47,-27.54,5.47,2.02
111,0.21,0.32,0.44,-40.71,10.5,2.04
112,0.35,0.35,0.43,-49.82,26.73,5.16
113,0.37,0.35,0.4,-56.38,39.0,3.27
114,0.31,0.35,0.36,-59.37,39.94,-6.28
115,0.19,0.26,0.38,-53.86,33.68,-10.02
116,0.11,0.19,0.38,-46.91,25.89,-9.22
117,0.05,0.17,0.35,-52.78,17.01,-12.95
118,0.08,0.13,0.27,-64.5,6.27,-18.24
119,0.04,0.06,0.35,-71.79,7.39,-20.15
120,-0.07,-0.01,0.38,-86.16,-0.12,-24.86
121,-0.1,-0.13,0.54,-99.76,-12.32,-18.3
122,0.02,-0.21,0.66,-117.86,-8.27,-10.77
123,0.09,-0.33,0.82,-130.45,15.25,-3.31
124,0.08,-0.47,0.97,-136.33,44.25,6.95
125,-0.05,-0.58,1.09,-133.47,64.03,12.31
126,-0.24,-0.68,1.22,-116.31,64.61,17.26
127,-0.41,-0.69,1.27,-91.69,49.17,21.37
128,-0.48,-0.63,1.23,-71.94,19.2,31.05
129,-0.38,-0.47,1.12,-64.49,-10.46,38.25
130,-0.13,-0.4,1.08,-70.31,-24.59,38.4
131,0.01,-0.41,1.11,-78.11,-23.73,31.35
132,0.1,-0.42,1.14,-88.58,-16.89,21.85
133,0.07,-0.38,1.14,-83.32,-1.61,11.51
134,0.04,-0.47,1.24,-90.34,12.39,11.89
135,-0.09,-0.45,1.24,-81.61,-8.1,8.37
136,-0.08,-0.42,1.26,-82.73,-13.83,8.13
137,-0.02,-0.44,1.32,-75.58,-13.57,11.99
138,0.05,-0.45,1.34,-72.93,-15.88,12.61
139,0.14,-0.43,1.38,-68.44,-14.18,11.32
140,0.24,-0.4,1.35,-65.79,-13.29,1.31
141,0.24,-0.39,1.33,-64.09,-3.84,-6.94
142,0.1,-0.41,1.36,-64.24,5.44,-5.03
143,0.0,-0.42,1.34,-61.98,0.69,-5.15
144,0.1,-0.54,1.51,-55.38,13.43,-4.51
145,0.08,-0.73,1.88,-28.08,5.79,-11.57
146,0.12,-0.87,1.95,5.18,13.93,-19.29
147,-0.13,-0.9,2.0,51.55,5.16,-31.69
148,-0.19,-0.66,1.7,93.02,-43.47,-25.12
149,-0.04,-0.32,1.29,93.79,-55.56,-21.33
150,0.1,-0.14,1.09,68.21,-39.73,-11.41
151,0.13,-0.02,0.89,40.93,-17.27,-3.96
152,0.15,-0.01,0.79,11.52,-1.79,-4.85
153,0.14,-0.08,0.86,-7.28,17.3,0.09
154,0.05,-0.17,0.91,-14.21,21.21,4.04
155,0.01,-0.23,0.94,-13.66,12.59,2.25
156,0.01,-0.26,0.96,-10.37,3.39,0.14
157,0.02,-0.29,0.97,-5.11,-7.74,-2.85
158,0.03,-0.3,0.97,-0.67,-10.78,-2.14
159,0.03,-0.29,0.96,1.44,-8.86,2.69
160,0.05,-0.27,0.94,1.94,-7.83,6.73
161,0.1,-0.24,0.87,-1.61,-6.83,5.31
162,0.07,-0.25,0.89,-6.97,-9.73,0.3
163,0.08,-0.28,0.92,-9.99,-9.79,0.06
164,0.09,-0.29,0.94,-11.76,-7.71,-1.45
165,0.09,-0.31,0.97,-13.21,-4.14,-2.14
166,0.08,-0.35,1.0,-13.61,-1.34,-1.89
167,0.04,-0.37,1.03,-10.35,0.84,-0.8
168,0.08,-0.38,1.03,-7.48,0.31,-1.34
169,0.06,-0.37,1.04,-4.75,5.44,-0.62
170,0.03,-0.38,1.05,-1.72,2.13,-0.18
171,0.08,-0.37,1.04,1.47,3.22,1.18
172,0.06,-0.36,1.03,4.05,5.25,2.26
173,0.04,-0.34,1.01,5.6,0.92,0.69
174,0.07,-0.32,0.99,4.25,-0.77,-0.95
175,0.08,-0.32,0.98,3.85,-0.98,-3.44
176,0.08,-0.32,0.98,3.61,-1.38,-3.18
177,0.07,-0.31,0.99,4.27,0.55,-1.79
178,0.06,-0.32,1.01,6.09,1.39,0.06
179,0.06,-0.33,1.01,7.28,1.35,0.34
180,0.07,-0.33,1.02,10.28,2.27,4.76
181,0.07,-0.32,1.01,12.01,-0.44,3.33
182,0.08,-0.3,1.0,12.22,-2.69,0.17
183,0.07,-0.31,1.02,12.15,-3.23,-1.09
184,0.08,-0.31,1.03,12.21,-1.45,-2.92
185,0.05,-0.32,1.05,13.55,0.12,-2.21
186,0.05,-0.31,1.04,14.97,-0.81,-2.4
187,0.06,-0.3,1.03,16.32,-1.29,-3.62
188,0.05,-0.29,1.02,17.4,-1.73,-4.07
189,0.06,-0.28,1.01,18.01,-3.4,-3.3
190,0.06,-0.27,0.98,17.98,-3.75,-2.36
191,0.06,-0.25,0.97,16.64,-2.67,-3.45
192,0.03,-0.26,0.98,16.44,-4.04,-2.75
193,0.03,-0.26,0.98,15.31,-5.79,-2.78
194,0.06,-0.26,0.99,14.56,-7.06,-2.16
195,0.07,-0.25,0.98,13.38,-5.94,-1.84
196,0.06,-0.24,0.98,11.79,-5.13,-3.22
197,0.04,-0.23,0.98,9.5,-6.23,-4.56
198,0.06,-0.24,0.97,8.51,-5.59,-2.84
199,0.07,-0.24,0.97,8.74,-3.86,-1.65
200,0.08,-0.25,0.97,8.28,-4.02,-1.09
201,0.09,-0.24,0.97,8.25,-4.69,0.45
202,0.11,-0.24,1.0,9.6,-0.23,0.44
203,0.09,-0.26,1.02,11.44,0.47,0.14
204,0.06,-0.27,1.0,16.26,2.1,1.96
205,0.04,-0.26,0.99,18.9,1.95,1.61
206,0.05,-0.24,0.96,20.47,-2.69,3.14
207,0.07,-0.22,0.93,20.98,-4.27,0.8
208,0.04,-0.21,0.93,20.11,-7.96,-1.4
209,0.07,-0.19,0.92,17.24,-9.6,-2.45
210,0.09,-0.19,0.91,14.7,-5.95,-3.92
211,0.04,-0.19,0.91,10.58,-5.6,-4.91
212,0.07,-0.2,0.91,8.0,-4.86,-3.24
213,0.05,-0.2,0.94,6.97,0.44,-1.65
214,0.06,-0.23,0.98,8.17,1.41,2.31
215,0.07,-0.22,0.96,10.66,3.16,5.79
216,0.08,-0.2,0.95,12.88,2.94,6.47
217,0.09,-0.21,0.96,15.79,-0.53,2.06
218,0.07,-0.2,0.95,17.11,-3.4,-2.76
219,0.05,-0.2,0.96,17.97,-6.9,-6.27
220,0.07,-0.19,0.95,19.07,-11.31,-7.2
221,0.06,-0.17,0.95,18.74,-10.27,-6.07
222,0.08,-0.17,0.94,17.73,-10.1,-4.25
223,0.1,-0.15,0.94,15.91,-8.21,-1.76
224,0.1,-0.15,0.94,12.73,-5.81,-2.34
225,0.1,-0.15,0.95,11.11,-3.65,-1.07
226,0.12,-0.16,0.97,11.34,0.28,2.24
227,0.1,-0.16,0.96,10.22,1.8,-0.21
228,0.09,-0.17,0.97,10.24,2.34,-0.14
229,0.1,-0.17,0.96,10.43,1.67,-3.02
230,0.1,-0.18,0.97,11.18,-1.31,-4.79
231,0.07,-0.17,0.98,11.34,-3.81,-7.06
232,0.09,-0.18,0.97,13.17,-4.97,-6.18
233,0.08,-0.17,0.97,14.64,-6.22,-5.09
234,0.07,-0.17,0.96,14.05,-6.63,-7.78
235,0.06,-0.15,0.95,14.63,-5.4,-6.81
236,0.07,-0.15,0.96,15.29,-3.95,-2.81
237,0.07,-0.15,0.95,15.63,-2.79,-1.69
238,0.1,-0.15,0.96,14.26,0.21,-0.82
239,0.08,-0.13,0.95,14.65,1.18,0.62
240,0.06,-0.13,0.94,13.51,-0.66,-1.06
241,0.05,-0.13,0.94,12.37,-3.63,-1.85
242,0.05,-0.1,0.91,11.85,-5.13,-2.6
243,0.07,-0.11,0.93,10.02,-7.38,-3.29
244,0.09,-0.11,0.94,8.74,-6.65,-5.38
245,0.08,-0.1,0.93,7.86,-5.48,-6.52
246,0.06,-0.11,0.95,7.9,-8.34,-4.4
247,0.1,-0.13,0.98,8.53,-8.92,-3.72
248,0.12,-0.11,0.96,8.0,-4.3,-2.08
249,0.1,-0.11,0.96,6.41,-1.15,-2.08
250,0.07,-0.1,0.96,5.7,-3.97,-3.72
251,0.09,-0.1,0.95,5.9,-7.0,-4.02
252,0.09,-0.1,0.97,5.41,-7.47,-5.55
253,0.09,-0.1,0.95,5.43,-9.07,-7.6
254,0.09,-0.1,0.95,5.66,-11.6,-8.81
255,0.11,-0.11,1.02,5.89,-11.5,-8.08
256,0.1,-0.09,1.0,5.56,-11.05,-7.58
257,0.12,-0.11,0.99,5.83,-11.41,-8.13
258,0.14,-0.11,1.02,7.25,-10.85,-6.76
259,0.14,-0.11,1.01,8.56,-7.11,-5.54
260,0.13,-0.11,1.0,8.18,-5.03,-4.15
261,0.13,-0.1,1.0,8.31,-4.76,-4.42
262,0.14,-0.11,1.0,8.04,-3.87,-4.36
263,0.11,-0.1,1.0,8.87,-2.95,-5.31
264,0.09,-0.09,0.99,9.63,-5.5,-6.82
265,0.13,-0.1,1.0,11.47,-7.14,-7.37
266,0.13,-0.08,0.98,11.01,-6.85,-9.82
267,0.13,-0.07,0.97,9.76,-6.81,-12.47
268,0.11,-0.07,0.98,8.6,-6.59,-13.59
269,0.12,-0.08,0.99,8.97,-6.65,-14.15
270,0.12,-0.08,0.98,8.85,-5.66,-13.67
271,0.13,-0.07,0.97,9.8,-5.89,-12.53
272,0.1,-0.06,0.97,9.97,-7.77,-12.34
273,0.09,-0.06,0.95,9.03,-8.44,-12.93
274,0.07,-0.07,0.94,8.53,-10.93,-11.63
275,0.1,-0.07,0.98,8.16,-10.34,-9.69
276,0.15,-0.09,0.99,7.93,-7.64,-8.66
277,0.15,-0.08,0.98,7.78,-3.79,-7.98
278,0.11,-0.08,0.98,7.39,-2.65,-7.78
279,0.11,-0.07,0.98,8.02,-6.0,-7.82
280,0.13,-0.07,0.98,7.44,-5.04,-5.73
281,0.14,-0.06,0.98,6.05,-2.1,-5.31
282,0.14,-0.04,0.97,5.77,-6.13,-8.47
283,0.16,-0.06,1.0,5.02,-0.52,-8.66
284,0.12,-0.07,1.02,6.38,-0.06,-9.73
285,0.13,-0.08,1.02,8.98,0.31,-7.36
286,0.13,-0.07,1.01,11.16,1.21,-6.56
287,0.15,-0.06,0.99,11.6,3.45,-7.08
288,0.11,-0.05,0.98,12.83,4.02,-7.73
289,0.11,-0.05,0.97,14.16,-1.85,-7.14
290,0.1,-0.04,0.97,14.31,-2.45,-6.31
291,0.08,-0.02,0.95,14.73,-7.4,-6.89
292,0.11,-0.02,0.94,13.15,-9.06,-8.56
293,0.13,-0.0,0.93,11.08,-7.13,-9.06
294,0.13,0.0,0.95,8.89,-7.51,-10.15
295,0.14,-0.0,0.95,7.58,-5.58,-8.06
296,0.14,-0.01,0.97,6.21,-1.91,-6.47
297,0.13,-0.0,0.97,3.78,0.36,-5.44
298,0.15,-0.04,0.98,5.66,4.41,-2.01
299,0.11,-0.02,0.98,6.27,1.45,-3.48
300,0.12,-0.03,0.97,9.65,-0.54,-3.66
301,0.12,-0.02,0.96,10.76,-2.87,-3.34
302,0.12,-0.02,0.96,11.21,-4.51,-4.23
303,0.12,-0.01,0.95,10.54,-7.14,-8.14
304,0.12,-0.02,0.96,9.53,-6.63,-8.6
305,0.11,-0.02,0.97,8.44,-6.03,-8.12
306,0.12,-0.02,0.96,7.69,-2.54,-5.52
307,0.12,-0.02,0.96,7.63,-0.84,-3.5
308,0.12,-0.01,0.96,7.77,-0.31,-2.44
309,0.12,-0.0,0.95,7.76,3.46,1.34
310,0.12,0.0,0.94,7.12,5.38,2.83
311,0.08,0.01,0.93,6.05,3.22,0.68
312,0.12,-0.0,0.94,6.41,0.2,-0.95
313,0.11,0.02,0.91,6.41,-2.49,-3.89
314,0.1,0.02,0.91,5.7,-4.9,-4.55
315,0.12,0.02,0.93,4.38,-4.31,-2.72
316,0.16,0.02,0.95,3.23,-0.92,-1.92
317,0.17,0.02,0.96,2.4,1.78,-2.22
318,0.16,0.01,0.96,2.54,2.42,-2.28
319,0.16,0.01,0.97,4.88,2.73,-0.58
320,0.16,0.01,0.97,6.38,0.62,-2.58
321,0.17,0.02,0.97,8.04,-2.05,-4.06
322,0.17,0.03,0.97,8.39,-0.9,-5.5
323,0.18,0.02,0.97,8.97,0.45,-6.62
324,0.14,0.02,0.95,7.96,0.44,-8.82
325,0.12,0.04,0.94,7.12,-0.6,-9.65
326,0.13,0.04,0.93,4.57,1.44,-9.74
327,0.12,0.04,0.92,2.18,3.69,-11.43
328,0.11,0.05,0.9,1.14,4.29,-10.05
329,0.08,0.05,0.9,-0.29,2.59,-8.93
330,0.11,0.04,0.9,-2.49,1.64,-6.31
331,0.13,0.05,0.91,-3.9,2.51,-4.82
332,0.13,0.05,0.94,-5.76,4.79,-2.45
333,0.12,0.03,0.98,-6.04,3.98,-1.48
334,0.14,0.03,0.98,-5.5,3.05,-3.2
335,0.15,0.02,0.99,-3.73,3.24,-3.36
336,0.15,0.02,1.02,-3.62,4.09,-4.22
337,0.15,0.03,1.01,-3.15,6.64,-5.53
338,0.17,0.02,1.01,-2.82,9.4,-5.52
339,0.16,0.01,1.01,-2.44,11.36,-4.64
340,0.15,0.02,1.04,-0.75,11.63,-3.6
341,0.12,0.01,1.04,3.27,5.99,-1.9
342,0.13,0.01,1.03,5.2,6.18,-3.28
343,0.11,0.02,1.01,6.25,6.95,-4.86
344,0.11,0.02,1.0,7.48,4.19,-7.15
345,0.08,0.03,0.98,6.68,4.5,-9.14
346,0.08,0.04,0.96,5.46,3.35,-8.63
347,0.09,0.04,0.96,4.6,3.37,-6.45
348,0.09,0.05,0.96,2.94,5.66,-6.77
349,0.1,0.04,0.97,3.26,5.21,-3.76
350,0.09,0.04,0.97,3.81,5.99,-1.31
351,0.07,0.05,0.97,2.98,6.26,-2.53
352,0.07,0.03,0.98,3.44,4.52,-2.04
353,0.09,0.04,0.98,3.37,3.96,-2.66
354,0.07,0.04,0.97,3.18,4.39,-2.32
355,0.07,0.04,0.97,3.36,1.92,-3.07
356,0.08,0.04,0.96,3.85,-2.47,-3.7
357,0.1,0.06,0.97,2.86,-1.5,-4.18
358,0.1,0.05,0.97,2.08,-1.22,-2.42
359,0.11,0.05,0.97,2.05,1.12,-1.13
360,0.1,0.06,0.96,1.83,1.71,0.01
361,0.1,0.06,0.97,1.67,0.18,-1.93
362,0.11,0.07,0.98,0.95,0.26,-2.47
363,0.12,0.06,0.98,0.42,0.97,-1.59
364,0.12,0.05,0.98,1.82,0.8,-1.0
365,0.1,0.05,0.98,0.92,1.13,-1.83
366,0.11,0.05,0.98,0.17,2.69,-3.47
367,0.11,0.04,0.99,0.13,2.71,-4.89
368,0.11,0.05,0.99,0.15,1.23,-6.28
369,0.12,0.03,1.0,1.92,2.85,-4.66
370,0.09,0.04,0.99,3.82,2.6,-3.26
371,0.09,0.05,0.98,4.11,2.04,-2.55
372,0.1,0.05,0.96,3.72,0.82,-3.62
373,0.08,0.05,0.97,3.44,-0.18,-5.17
374,0.1,0.05,0.97,4.37,-1.61,-3.19
375,0.1,0.07,0.95,4.27,0.11,-2.69
376,0.08,0.07,0.95,2.35,0.44,-4.25
377,0.08,0.07,0.95,1.63,-1.52,-3.73
378,0.09,0.08,0.95,0.84,-1.82,-4.6
379,0.1,0.07,0.96,0.03,-2.51,-5.7
380,0.09,0.08,0.97,-0.34,-2.18,-5.97
381,0.12,0.07,0.98,0.56,-3.34,-4.92
382,0.11,0.07,0.99,0.17,-1.6,-4.4
383,0.11,0.06,0.99,1.37,-0.36,-2.44
384,0.09,0.08,0.98,0.69,-1.15,-4.36
385,0.1,0.08,0.97,-0.56,-2.98,-5.85
386,0.1,0.07,0.99,-0.97,-2.57,-5.9
387,0.1,0.06,1.0,-0.36,-3.2,-5.32
388,0.12,0.06,1.0,0.63,-2.54,-4.32
389,0.11,0.05,1.01,1.38,0.05,-2.0
390,0.08,0.06,1.01,1.52,0.15,-3.58
391,0.09,0.06,1.0,0.98,-1.08,-4.57
392,0.13,0.06,0.99,1.21,-1.71,-5.28
393,0.11,0.06,0.99,1.05,0.15,-4.8
394,0.09,0.06,1.0,1.13,1.31,-3.82
395,0.09,0.06,1.01,0.95,1.64,-4.58
396,0.13,0.06,0.98,2.32,0.53,-2.55
397,0.07,0.08,0.97,1.32,0.92,-4.31
398,0.07,0.07,0.97,1.11,-0.26,-3.96
399,0.09,0.07,0.98,1.41,-0.6,-2.65
400,0.11,0.08,0.96,0.63,0.52,-2.08
