,accel_x,accel_y,accel_z,gyro_x,gyro_y,gyro_z
0,0.17,0.22,0.98,-2.72,1.34,-3.35
1,0.15,0.21,0.98,-2.19,3.47,-2.69
2,0.14,0.21,0.98,-1.39,4.88,-3.14
3,0.13,0.2,0.97,-1.57,6.15,-2.91
4,0.13,0.19,0.97,-1.54,8.35,-3.76
5,0.12,0.18,0.97,-0.82,9.59,-2.77
6,0.11,0.18,0.98,-0.81,8.67,-2.96
7,0.11,0.19,0.97,-0.17,6.9,-2.79
8,0.11,0.19,0.96,-0.76,7.07,-3.4
9,0.11,0.2,0.97,-0.95,5.34,-3.53
10,0.12,0.21,0.96,-0.1,3.15,-1.79
11,0.11,0.22,0.98,-0.05,3.16,-2.45
12,0.1,0.21,0.98,-0.03,2.4,-2.05
13,0.1,0.21,0.97,0.01,1.6,-1.53
14,0.1,0.22,0.96,-0.63,1.24,-1.6
15,0.09,0.22,0.96,-0.03,1.82,-2.06
16,0.08,0.22,0.97,-0.23,0.15,-2.25
17,0.11,0.23,0.95,0.5,-1.77,-0.76
18,0.11,0.24,0.94,-0.79,-2.6,-0.43
19,0.11,0.24,0.94,-2.76,-4.6,-2.46
20,0.13,0.22,0.98,-2.72,-5.96,-2.56
21,0.16,0.22,0.99,-2.07,-5.15,-2.22
22,0.16,0.21,1.0,-1.15,-2.08,-1.99
23,0.15,0.21,0.99,-0.4,-2.43,-3.06
24,0.17,0.21,0.99,1.36,-2.13,-2.53
25,0.16,0.22,0.97,1.69,-1.16,-3.98
26,0.14,0.22,0.96,1.2,-1.45,-5.26
27,0.14,0.22,0.95,1.07,-2.17,-6.6
28,0.15,0.22,0.96,1.53,-2.99,-5.48
29,0.16,0.22,0.95,1.88,-0.52,-4.79
30,0.13,0.24,0.94,0.5,2.53,-4.59
31,0.1,0.25,0.92,-0.83,1.89,-3.79
32,0.1,0.24,0.92,-2.44,0.16,-4.02
33,0.14,0.24,0.93,-2.85,1.03,-2.17
34,0.12,0.24,0.93,-3.59,1.72,-2.86
35,0.11,0.24,0.94,-4.62,0.11,-4.67
36,0.13,0.23,0.95,-5.24,-0.28,-8.03
37,0.14,0.21,0.98,-2.44,0.18,-8.15
38,0.11,0.21,0.98,-0.5,0.65,-7.21
39,0.08,0.22,0.97,0.09,1.2,-6.33
40,0.08,0.21,0.97,0.31,1.72,-3.52
41,0.07,0.22,0.96,0.34,2.62,-1.46
42,0.07,0.21,0.95,-0.99,0.9,-0.79
43,0.07,0.22,0.94,-2.3,1.49,-0.73
44,0.09,0.21,0.96,-2.35,0.51,-0.34
45,0.1,0.21,0.96,-1.68,-0.58,1.55
46,0.13,0.23,0.96,-1.06,0.53,1.93
47,0.15,0.24,0.96,-1.15,1.34,0.24
48,0.13,0.24,0.97,-0.59,0.56,-2.09
49,0.14,0.24,0.98,0.51,0.88,-3.66
50,0.15,0.23,0.98,2.24,2.4,-2.03
51,0.14,0.24,0.97,2.4,4.12,-1.44
52,0.11,0.24,0.94,2.67,4.05,-2.23
53,0.09,0.26,0.94,0.88,1.74,-2.66
54,0.11,0.26,0.93,-1.13,0.13,-2.91
55,0.13,0.26,0.94,-1.85,1.49,-0.79
56,0.11,0.26,0.94,-3.01,0.55,-2.41
57,0.09,0.25,0.95,-2.69,-3.04,-1.98
58,0.1,0.24,0.96,-2.51,-5.69,-2.33
59,0.11,0.23,0.96,-3.25,-4.39,-2.66
60,0.12,0.22,0.97,-3.15,-3.94,-2.74
61,0.13,0.22,0.97,-2.51,-2.69,-2.67
62,0.12,0.22,0.97,-1.98,-1.05,-2.19
63,0.12,0.22,0.97,-1.89,-1.74,-1.91
64,0.12,0.22,0.96,-1.47,-2.36,-2.96
65,0.1,0.22,0.96,-1.91,-2.93,-3.11
66,0.13,0.22,0.97,-1.39,-4.55,-2.15
67,0.14,0.22,0.97,-0.77,-2.6,-1.27
68,0.12,0.22,0.99,-0.22,-0.71,-1.26
69,0.13,0.21,0.97,0.21,-0.37,-2.63
70,0.14,0.22,0.97,1.04,-0.81,-1.53
71,0.11,0.23,0.94,1.04,-1.3,-2.55
72,0.1,0.24,0.95,0.39,-2.53,-2.68
73,0.11,0.24,0.94,-0.76,-2.93,-3.87
74,0.11,0.25,0.93,-0.92,-4.68,-5.4
75,0.14,0.24,0.95,-1.07,-3.27,-3.82
76,0.12,0.24,0.94,-1.49,-2.11,-3.99
77,0.11,0.25,0.94,-2.73,-2.83,-4.48
78,0.11,0.25,0.93,-3.89,-2.89,-4.94
79,0.11,0.25,0.94,-3.39,-3.03,-4.34
80,0.11,0.24,0.96,-2.05,-3.63,-0.08
81,0.12,0.25,0.95,-1.24,-4.82,1.85
82,0.13,0.24,0.96,-1.99,-3.34,0.99
83,0.15,0.23,0.97,-1.75,-3.05,0.47
84,0.16,0.23,0.98,-1.13,-1.61,-0.34
85,0.16,0.23,0.97,0.21,-0.7,-1.18
86,0.16,0.24,0.96,0.69,-0.08,-2.9
87,0.14,0.24,0.94,0.27,-1.02,-3.89
88,0.15,0.25,0.94,-0.26,-0.11,-4.56
89,0.14,0.25,0.93,-0.85,-0.55,-3.92
90,0.14,0.25,0.93,-1.98,-0.24,-3.73
91,0.13,0.25,0.94,-2.47,0.8,-3.76
92,0.11,0.25,0.94,-2.4,-0.4,-3.31
93,0.12,0.25,0.94,-2.63,-0.55,-3.23
94,0.12,0.25,0.94,-2.64,-0.21,-1.96
95,0.1,0.25,0.93,-3.72,0.42,-1.65
96,0.1,0.24,0.93,-4.21,-1.96,-0.73
97,0.12,0.24,0.94,-5.34,-1.75,-1.39
98,0.11,0.23,0.95,-5.09,-2.38,-1.69
99,0.12,0.22,0.95,-5.75,-3.79,-3.18
100,0.13,0.23,0.94,-5.41,-4.31,-3.87
101,0.12,0.22,0.95,-4.8,-5.25,-3.46
102,0.15,0.23,0.96,-4.96,-4.16,-3.82
103,0.15,0.23,0.96,-4.87,-2.66,-2.81
104,0.15,0.23,0.97,-4.08,-1.33,-2.26
105,0.14,0.23,0.97,-3.08,0.34,-1.36
106,0.13,0.23,0.98,-2.68,1.5,-1.6
107,0.11,0.23,0.98,-1.65,0.39,-1.44
108,0.11,0.22,0.96,-1.44,-0.34,-3.4
109,0.11,0.22,0.95,-1.69,-0.84,-3.29
110,0.12,0.23,0.93,-1.53,-1.54,-2.66
111,0.09,0.23,0.95,0.95,-4.95,-3.15
112,0.15,0.23,0.91,0.49,-4.02,-2.21
113,0.13,0.25,0.89,-1.51,1.26,-3.59
114,0.1,0.24,0.9,-2.35,-0.72,-1.95
115,0.1,0.26,0.89,-3.69,-0.27,-2.24
116,0.11,0.26,0.88,-4.86,0.97,-1.5
117,0.13,0.26,0.87,-5.07,1.25,0.32
118,0.15,0.27,0.85,-7.69,0.88,-1.21
119,0.17,0.27,0.86,-7.62,0.27,-1.12
120,0.14,0.28,0.87,-10.05,-1.6,-3.27
121,0.16,0.27,0.89,-11.92,-1.64,-3.6
122,0.14,0.25,0.91,-11.6,-0.37,-3.63
123,0.11,0.24,0.94,-11.57,1.34,-4.01
124,0.11,0.22,0.94,-9.7,2.88,-2.47
125,0.1,0.21,0.92,-8.57,4.52,-1.39
126,0.1,0.18,0.89,-5.38,9.1,3.27
127,0.11,0.14,0.87,0.95,15.02,7.08
128,0.12,0.15,0.75,6.91,18.4,9.66
129,0.13,0.15,0.6,9.74,20.49,7.76
130,0.1,0.18,0.48,10.53,13.85,2.82
131,0.01,0.24,0.32,4.51,-2.01,-4.32
132,0.02,0.29,0.24,-5.31,-17.53,-5.57
133,0.03,0.3,0.2,-15.56,-29.34,-5.92
134,0.11,0.29,0.21,-26.89,-28.02,-1.79
135,0.18,0.28,0.2,-34.92,-19.32,5.52
136,0.21,0.28,0.21,-39.89,-9.31,10.27
137,0.18,0.28,0.19,-42.56,-3.92,14.05
138,0.12,0.26,0.19,-44.9,-1.09,17.6
139,0.15,0.24,0.2,-48.05,-9.79,16.64
140,0.28,0.28,0.15,-55.6,-11.34,10.45
141,0.36,0.29,0.13,-70.24,-12.31,4.9
142,0.4,0.31,0.16,-88.6,-6.27,1.4
143,0.45,0.3,0.24,-105.04,5.9,0.0
144,0.38,0.22,0.38,-120.06,20.78,-1.73
145,0.26,0.09,0.59,-125.4,34.6,0.61
146,0.19,-0.03,0.73,-127.01,50.84,2.82
147,0.07,-0.14,0.88,-122.4,62.05,8.44
148,0.06,-0.29,1.07,-105.72,58.7,13.26
149,-0.05,-0.28,1.02,-114.89,76.76,16.37
150,-0.09,-0.33,1.19,-91.66,63.92,21.18
151,-0.08,-0.3,1.15,-93.35,48.93,19.44
152,0.06,-0.29,1.13,-88.02,30.21,6.48
153,0.12,-0.27,1.09,-87.99,26.02,-6.83
154,0.01,-0.31,1.14,-90.34,28.77,-14.18
155,-0.08,-0.35,1.17,-91.86,35.24,-12.2
156,-0.16,-0.33,1.25,-95.87,46.05,-5.08
157,-0.16,-0.36,1.33,-94.63,52.59,7.15
158,-0.16,-0.4,1.41,-90.46,52.89,11.67
159,-0.17,-0.45,1.45,-79.43,44.52,12.09
160,-0.14,-0.44,1.69,-76.95,40.53,11.05
161,-0.19,-0.44,1.53,-71.11,41.24,12.05
162,-0.11,-0.47,1.59,-64.69,44.45,12.5
163,-0.07,-0.41,1.52,-49.02,40.63,3.63
164,-0.1,-0.34,1.43,-44.18,26.18,-12.25
165,-0.18,-0.27,1.38,-46.61,20.42,-16.31
166,-0.21,-0.22,1.35,-50.32,17.25,-15.01
167,-0.16,-0.23,1.36,-54.71,23.83,-8.47
168,-0.12,-0.25,1.38,-53.38,30.29,-1.15
169,-0.13,-0.28,1.38,-53.98,31.88,-1.4
170,-0.04,-0.42,1.63,-41.93,56.27,-0.24
171,-0.14,-0.83,2.0,-18.89,122.1,-18.56
172,-0.42,-0.99,2.0,39.69,73.21,0.74
173,-0.39,-0.7,2.0,89.89,-27.5,-2.69
174,-0.14,-0.16,1.55,92.47,-59.98,-8.5
175,-0.09,0.13,1.1,54.73,-41.67,-10.29
176,-0.16,0.16,1.02,21.23,-30.79,-4.08
177,-0.11,0.06,1.09,1.86,-31.05,1.56
178,-0.02,-0.01,1.13,-13.48,-15.94,2.46
179,-0.05,-0.03,1.1,-24.29,-3.37,0.63
180,-0.13,-0.12,1.14,-30.71,3.34,2.11
181,-0.1,-0.17,1.21,-24.17,-2.11,0.89
182,-0.03,-0.23,1.25,-14.03,-6.6,-5.63
183,-0.08,-0.26,1.28,-0.3,-17.37,-10.36
184,-0.04,-0.26,1.24,10.79,-26.73,-9.56
185,0.01,-0.24,1.17,14.3,-24.12,-10.44
186,0.02,-0.24,1.13,17.92,-22.17,-9.4
187,0.01,-0.24,1.09,19.02,-20.3,-11.51
188,-0.02,-0.24,1.06,19.12,-20.32,-14.14
189,-0.05,-0.24,1.03,19.52,-20.06,-14.21
190,-0.04,-0.23,1.0,19.5,-17.89,-9.87
191,-0.06,-0.22,0.96,17.85,-14.44,-7.24
192,-0.08,-0.21,0.96,17.24,-5.69,-4.5
193,-0.09,-0.2,0.94,17.92,-4.23,-0.78
194,-0.07,-0.19,0.94,18.18,-3.56,1.49
195,-0.07,-0.18,0.91,19.56,-2.77,1.79
196,-0.06,-0.16,0.89,19.08,-8.31,2.65
197,-0.05,-0.15,0.9,19.71,-9.39,1.11
198,-0.03,-0.14,0.88,16.77,-11.53,-0.72
199,-0.01,-0.12,0.86,14.63,-10.71,-3.83
200,-0.01,-0.13,0.88,13.74,-8.47,-3.91
201,-0.01,-0.12,0.89,11.2,-6.49,-3.24
202,-0.0,-0.11,0.88,8.79,-4.47,-1.37
203,-0.0,-0.13,0.89,7.05,-3.31,-1.35
204,0.02,-0.12,0.89,7.97,-5.2,-0.13
205,0.03,-0.12,0.89,8.59,-4.76,-1.76
206,-0.01,-0.12,0.89,7.98,-7.39,-4.31
207,0.01,-0.13,0.92,8.85,-8.46,-3.96
208,0.01,-0.11,0.91,9.76,-9.89,-2.6
209,0.01,-0.1,0.91,9.6,-6.58,-3.95
210,-0.01,-0.09,0.93,9.21,-6.73,-3.85
211,0.02,-0.09,0.93,7.91,-5.65,-4.04
212,0.02,-0.08,0.92,8.66,-4.03,-5.44
213,-0.01,-0.07,0.92,8.23,-5.42,-4.95
214,0.0,-0.07,0.93,7.72,-6.25,-4.07
215,0.02,-0.06,0.92,6.71,-7.16,-4.11
216,0.02,-0.05,0.92,3.6,-8.2,-6.99
217,0.04,-0.06,0.93,2.14,-8.07,-8.74
218,0.04,-0.09,0.95,2.02,-6.93,-7.48
219,0.03,-0.1,0.97,3.19,-3.11,-4.8
220,0.01,-0.1,0.97,3.02,-0.96,-3.24
221,-0.01,-0.11,0.98,3.56,1.27,-0.66
222,-0.03,-0.12,0.99,4.21,-1.59,1.84
223,-0.01,-0.11,0.98,4.27,-5.98,0.17
224,0.02,-0.11,0.98,4.24,-7.71,-1.65
225,0.02,-0.11,0.99,3.48,-10.49,-4.73
226,0.03,-0.1,0.98,1.95,-13.45,-7.29
227,0.05,-0.11,0.97,1.91,-12.11,-9.3
228,0.05,-0.13,1.02,3.32,-7.69,-9.11
229,0.04,-0.13,1.02,6.69,-6.31,-5.99
230,0.02,-0.12,1.01,8.63,-5.88,-4.81
231,-0.01,-0.12,0.99,10.22,-6.64,-4.85
232,-0.03,-0.11,0.98,9.72,-9.99,-3.4
233,-0.02,-0.09,0.96,7.48,-9.76,-2.31
234,0.02,-0.08,0.95,3.97,-8.55,-2.69
235,0.02,-0.08,0.95,0.78,-6.59,-4.02
236,0.03,-0.1,0.98,0.53,-6.18,-4.37
237,0.03,-0.11,0.99,0.63,-5.92,-3.85
238,0.02,-0.1,0.99,1.37,-5.57,-3.85
239,0.04,-0.09,0.99,1.53,-6.12,-3.63
240,0.05,-0.09,1.0,3.32,-6.13,-3.42
241,0.04,-0.09,1.0,3.39,-6.35,-3.54
242,0.03,-0.1,1.0,5.07,-8.37,-4.4
243,0.05,-0.1,1.01,6.51,-10.76,-5.5
244,0.05,-0.11,1.03,7.8,-9.54,-5.28
245,0.05,-0.11,1.02,9.69,-9.47,-4.67
246,0.08,-0.1,1.03,10.42,-9.89,-4.82
247,0.08,-0.09,0.99,11.46,-9.87,-4.44
248,0.06,-0.1,1.01,11.28,-7.37,-4.05
249,0.05,-0.08,0.98,12.11,-8.07,-1.95
250,0.03,-0.08,0.99,10.3,-11.12,-4.8
251,0.02,-0.09,0.99,10.63,-6.66,-3.83
252,0.05,-0.08,0.98,9.46,-6.89,-5.77
253,0.04,-0.08,0.98,9.83,-7.04,-7.33
254,0.04,-0.08,0.98,10.17,-8.52,-7.69
255,0.04,-0.09,1.0,12.21,-8.47,-5.75
256,0.04,-0.08,0.99,13.88,-8.6,-5.17
257,0.04,-0.07,0.97,14.11,-7.2,-4.82
258,0.02,-0.06,0.97,14.28,-7.34,-3.53
259,0.02,-0.06,0.95,12.82,-6.15,-2.95
260,0.04,-0.04,0.96,12.57,-4.94,-1.52
261,0.02,-0.04,0.96,12.11,-4.15,-0.79
262,0.03,-0.04,0.95,10.6,-4.85,-0.08
263,0.07,-0.03,0.93,8.38,-5.07,-0.22
264,0.05,-0.04,0.96,6.65,-0.76,-0.64
265,0.05,-0.04,0.97,6.4,-3.67,-2.82
266,0.03,-0.06,0.99,7.71,-3.9,-2.87
267,0.01,-0.06,1.02,9.82,-6.36,-1.51
268,0.04,-0.07,1.02,12.86,-11.23,-1.34
269,0.06,-0.04,0.99,13.08,-9.5,-1.73
270,0.1,-0.04,1.0,13.99,-6.99,0.05
271,0.1,-0.04,1.01,15.05,-3.65,0.76
272,0.11,-0.04,1.02,15.96,-3.31,1.66
273,0.1,-0.03,1.01,16.43,-1.53,0.19
274,0.08,-0.03,1.01,17.37,-1.63,-1.95
275,0.07,-0.02,1.0,17.65,-3.59,-3.1
276,0.06,-0.01,0.99,17.15,-3.4,-3.64
277,0.05,-0.02,1.0,17.59,-3.84,-4.79
278,0.02,0.01,0.96,17.91,-4.98,-3.43
279,0.07,0.01,1.01,18.15,-3.59,-1.11
280,0.07,0.01,0.96,17.78,-4.89,-2.63
281,0.08,0.01,0.96,17.24,-4.14,-1.85
282,0.08,0.01,0.96,16.69,-5.28,-2.44
283,0.08,0.03,0.96,15.88,-4.31,-2.9
284,0.07,0.03,0.97,16.18,-4.79,-0.92
285,0.07,0.04,0.98,15.31,-5.22,-0.57
286,0.09,0.05,0.96,13.4,-4.07,-2.45
287,0.09,0.04,0.96,13.15,-4.02,-0.92
288,0.09,0.04,0.96,13.41,-5.6,-1.39
289,0.06,0.04,0.96,11.76,-7.16,-4.79
290,0.05,0.04,0.96,11.85,-6.48,-3.03
291,0.04,0.05,0.97,11.61,-7.44,-2.84
292,0.05,0.06,0.96,9.99,-7.5,-2.99
293,0.07,0.06,0.96,8.37,-6.1,-1.9
294,0.07,0.06,0.98,6.74,-7.01,-2.06
295,0.1,0.05,0.98,6.7,-6.5,-2.32
296,0.1,0.05,0.99,8.11,-4.42,-1.25
297,0.1,0.03,1.01,9.0,-0.26,0.8
298,0.1,0.04,1.03,12.37,-0.46,0.3
299,0.11,0.05,1.01,13.69,-0.18,0.76
300,0.1,0.07,0.98,15.22,-2.01,-1.6
301,0.08,0.06,0.99,16.11,-7.34,-4.05
302,0.08,0.07,0.98,17.03,-10.24,-3.32
303,0.07,0.07,0.97,16.37,-8.28,-2.17
304,0.08,0.07,0.98,16.28,-8.6,0.98
305,0.08,0.08,0.96,15.34,-6.4,1.13
306,0.09,0.09,0.97,14.1,-5.26,0.12
307,0.09,0.09,0.98,13.05,-3.81,-1.96
308,0.12,0.09,0.98,12.58,-2.14,-3.63
309,0.1,0.09,0.99,12.73,-1.17,-3.56
310,0.09,0.08,0.98,13.59,-0.37,-2.96
311,0.08,0.09,0.98,14.85,-1.66,-2.34
312,0.06,0.1,0.96,15.22,-4.18,-2.31
313,0.06,0.1,0.96,15.52,-5.08,-0.5
314,0.09,0.11,0.95,14.6,-5.23,-0.59
315,0.09,0.11,0.95,13.15,-4.38,-0.77
316,0.12,0.11,0.96,11.39,-2.22,-1.91
317,0.1,0.11,0.96,10.45,-1.31,-3.35
318,0.09,0.11,0.97,10.34,-0.5,-2.79
319,0.07,0.1,0.98,11.41,-1.89,-1.92
320,0.09,0.1,0.98,12.56,-2.11,-2.53
321,0.11,0.11,0.98,12.89,-0.76,-2.14
322,0.11,0.12,0.96,11.89,1.95,-2.47
323,0.09,0.13,0.96,11.05,3.57,-2.83
324,0.07,0.12,0.97,11.88,1.82,-1.16
325,0.09,0.12,0.97,12.38,-0.83,-0.27
326,0.1,0.13,0.96,11.69,-1.04,-0.94
327,0.1,0.13,0.98,12.55,-0.71,-1.05
328,0.08,0.13,0.96,12.89,-2.66,-0.97
329,0.09,0.14,0.95,12.92,-1.95,-1.12
330,0.07,0.14,0.96,12.18,-0.75,-1.23
331,0.07,0.14,0.95,11.78,-1.85,-1.17
332,0.08,0.15,0.94,10.43,-1.49,-1.01
333,0.09,0.17,0.93,8.24,-0.35,-2.0
334,0.09,0.16,0.94,6.6,1.08,-1.6
335,0.09,0.16,0.95,5.37,2.04,-1.56
336,0.12,0.15,0.95,5.32,1.52,-0.22
337,0.12,0.15,0.95,6.24,1.33,1.02
338,0.08,0.15,0.94,6.53,-1.94,0.02
339,0.1,0.16,0.94,6.51,-4.69,-1.57
340,0.12,0.16,0.94,6.42,-4.42,-4.23
341,0.12,0.16,0.95,7.26,-0.82,-2.92
342,0.1,0.15,0.94,7.08,0.92,-1.68
343,0.09,0.16,0.94,6.48,1.21,-2.55
344,0.08,0.16,0.94,5.73,0.92,-2.95
345,0.09,0.16,0.94,6.95,-1.24,-2.69
346,0.1,0.16,0.95,7.31,-1.37,-2.76
347,0.11,0.17,0.94,7.14,-0.91,-2.31
348,0.1,0.18,0.93,6.02,-2.17,-2.38
349,0.12,0.19,0.93,5.49,-2.43,-0.86
350,0.13,0.19,0.95,3.93,-1.35,-0.87
351,0.15,0.2,0.94,2.21,0.4,-1.45
352,0.14,0.2,0.95,1.03,2.47,-2.69
353,0.11,0.18,0.96,1.82,2.05,-1.21
354,0.09,0.18,0.98,2.89,1.17,-2.44
355,0.12,0.17,0.99,5.53,0.91,-2.73
356,0.09,0.17,0.98,6.44,1.92,-3.05
357,0.09,0.17,0.95,6.85,1.21,-3.39
358,0.09,0.17,0.95,6.11,0.5,-3.67
359,0.08,0.19,0.94,5.35,1.7,-2.48
360,0.08,0.19,0.95,3.84,1.62,-0.88
361,0.08,0.17,0.96,3.24,0.78,-0.73
362,0.07,0.18,0.96,3.34,-0.25,-1.95
363,0.06,0.18,0.96,3.1,-1.76,-2.72
364,0.07,0.18,0.97,4.68,-2.68,-2.15
365,0.06,0.18,0.97,5.25,-3.06,-2.48
366,0.07,0.18,0.94,6.11,-2.59,-1.19
367,0.07,0.18,0.95,6.47,-2.68,-0.73
368,0.08,0.19,0.95,6.08,-1.49,-1.52
369,0.09,0.19,0.95,6.12,0.73,-0.76
370,0.08,0.2,0.95,5.65,2.36,0.32
371,0.07,0.2,0.94,5.15,2.16,0.57
372,0.06,0.22,0.92,3.82,0.08,-0.18
373,0.07,0.21,0.94,2.37,-1.94,-1.08
374,0.09,0.21,0.92,0.76,-2.43,-1.32
375,0.09,0.22,0.93,-1.51,-0.73,-2.5
376,0.1,0.22,0.93,-2.22,-1.26,-1.13
377,0.1,0.22,0.93,-2.59,-4.74,-2.2
378,0.13,0.23,0.94,-2.52,-2.89,-2.5
379,0.12,0.22,0.96,-1.94,-1.02,-1.75
380,0.11,0.21,0.96,-2.02,0.95,-0.51
381,0.13,0.22,0.95,-2.06,1.69,-0.76
382,0.13,0.21,0.96,-1.63,2.29,-0.44
383,0.13,0.21,0.95,-1.2,2.37,-3.09
384,0.1,0.21,0.95,-0.98,2.11,-3.97
385,0.07,0.21,0.94,0.81,-1.29,-2.69
386,0.06,0.21,0.92,0.45,-3.92,-3.27
387,0.08,0.22,0.92,-0.01,-4.03,-3.04
388,0.09,0.22,0.92,-1.47,-3.1,-3.42
389,0.1,0.22,0.92,-3.6,-1.4,-4.27
390,0.11,0.22,0.93,-4.33,-1.18,-3.01
391,0.1,0.21,0.94,-4.69,0.95,-2.72
392,0.08,0.21,0.93,-5.21,1.61,-1.43
393,0.09,0.21,0.94,-5.89,5.37,1.09
394,0.08,0.21,0.93,-6.89,6.13,2.05
395,0.1,0.19,0.95,-5.36,8.23,4.38
396,0.07,0.19,0.96,-3.78,7.75,3.11
397,0.07,0.18,0.96,-1.56,4.66,1.22
398,0.08,0.2,0.94,-1.5,2.78,-0.34
399,0.12,0.2,0.94,-2.73,3.28,-2.18
