,accel_x,accel_y,accel_z,gyro_x,gyro_y,gyro_z
0,-0.06,0.11,0.99,-12.23,-9.6,-18.07
1,-0.07,0.11,0.99,-12.97,-6.34,-16.42
2,-0.06,0.08,1.0,-13.27,-3.2,-15.25
3,-0.07,0.06,1.01,-13.44,-0.9,-13.42
4,-0.09,0.04,1.02,-11.72,-0.5,-8.18
5,-0.1,0.04,1.02,-10.03,-0.03,-5.1
6,-0.1,0.03,1.02,-6.44,-1.32,-0.71
7,-0.11,0.05,1.01,-3.14,-1.92,3.42
8,-0.11,0.08,1.01,-2.83,-0.5,5.99
9,-0.1,0.1,1.0,-3.77,0.31,5.95
10,-0.1,0.11,0.99,-2.66,-1.29,8.11
11,-0.09,0.12,1.02,-3.01,-2.01,8.92
12,-0.1,0.13,0.99,-2.74,-1.24,4.03
13,-0.07,0.14,0.98,1.24,-3.89,4.22
14,-0.08,0.15,0.98,2.03,-3.4,2.53
15,-0.07,0.18,0.97,2.34,-4.27,3.72
16,-0.06,0.18,0.97,1.28,-4.15,2.56
17,-0.07,0.18,0.97,1.56,-5.85,3.68
18,-0.05,0.18,0.98,2.2,-5.53,2.72
19,-0.04,0.18,0.98,1.81,-6.21,1.87
20,-0.04,0.17,0.99,1.5,-4.4,0.63
21,-0.03,0.17,0.99,0.27,-1.67,0.82
22,-0.03,0.18,0.98,-1.37,-0.4,1.27
23,-0.06,0.17,0.98,-2.08,-1.16,4.12
24,-0.07,0.16,0.97,-0.69,-3.24,4.96
25,-0.06,0.15,0.98,0.98,-3.77,3.47
26,-0.06,0.15,0.98,1.61,-2.92,0.8
27,-0.07,0.15,0.97,2.21,-2.61,0.09
28,-0.07,0.14,0.98,2.01,-2.26,-0.44
29,-0.07,0.15,0.98,1.38,-2.05,-1.05
30,-0.07,0.16,0.96,1.16,-2.31,-2.17
31,-0.04,0.17,0.98,0.95,-3.17,-1.82
32,-0.07,0.17,0.97,-0.04,-2.8,-1.48
33,-0.07,0.17,0.97,-0.69,-2.22,-1.67
34,-0.05,0.17,0.98,-0.97,-1.5,-1.72
35,-0.04,0.16,0.98,1.17,-2.37,1.38
36,-0.07,0.17,0.96,1.62,-1.03,1.37
37,-0.09,0.17,0.95,1.78,-1.44,1.59
38,-0.1,0.17,0.95,2.15,-2.4,1.1
39,-0.08,0.2,0.94,1.86,-4.79,1.91
40,-0.08,0.19,0.94,1.37,-5.66,1.84
41,-0.09,0.2,0.94,0.36,-6.75,0.5
42,-0.07,0.2,0.95,-2.3,-6.49,-0.73
43,-0.05,0.19,0.95,-3.37,-7.98,-0.76
44,-0.05,0.2,0.97,-2.75,-7.51,0.07
45,-0.06,0.18,0.96,-2.97,-7.2,-2.08
46,-0.05,0.18,0.98,-2.67,-8.23,-4.76
47,-0.01,0.19,0.99,-0.04,-9.69,-4.08
48,-0.02,0.19,0.99,-1.0,-6.92,-4.24
49,-0.02,0.17,1.01,-3.15,-4.18,-5.79
50,-0.02,0.14,1.03,-2.31,-3.05,-6.47
51,-0.02,0.14,1.03,-0.88,-0.53,-7.34
52,-0.01,0.14,1.01,0.89,-1.52,-2.02
53,-0.03,0.14,1.02,0.6,0.65,-0.65
54,-0.03,0.13,1.01,1.34,2.08,-0.45
55,-0.04,0.14,1.0,3.1,3.08,-0.98
56,-0.04,0.16,0.99,4.17,3.22,0.97
57,-0.06,0.16,0.99,3.74,3.44,0.27
58,-0.06,0.16,0.98,3.39,3.79,-1.57
59,-0.07,0.16,0.96,3.57,3.73,-1.21
60,-0.07,0.16,0.96,3.91,3.82,-1.34
61,-0.07,0.16,0.94,3.57,2.84,-2.91
62,-0.07,0.16,0.96,3.58,0.61,-1.17
63,-0.07,0.16,0.95,3.37,0.23,-1.14
64,-0.06,0.17,0.95,2.47,0.18,-1.24
65,-0.05,0.18,0.94,1.79,-0.33,-0.37
66,-0.04,0.16,0.96,1.48,0.83,0.32
67,-0.04,0.17,0.97,2.11,0.66,0.44
68,-0.04,0.18,0.95,2.59,0.39,0.66
69,-0.03,0.2,0.94,1.26,1.48,1.05
70,-0.04,0.2,0.94,1.02,1.82,0.4
71,-0.06,0.19,0.93,2.15,1.02,-0.79
72,-0.05,0.21,0.94,1.21,0.71,-1.71
73,-0.04,0.21,0.92,-0.14,0.1,-0.47
74,-0.05,0.2,0.93,-1.47,0.54,-0.37
75,-0.05,0.19,0.93,-2.37,0.4,-0.24
76,-0.05,0.19,0.93,-1.41,-1.37,1.23
77,-0.05,0.2,0.92,-2.51,-1.08,0.5
78,-0.05,0.2,0.93,-3.35,-0.81,-1.47
79,-0.04,0.2,0.94,-4.03,-0.43,-2.6
80,-0.04,0.2,0.95,-4.36,0.69,-2.55
81,-0.04,0.21,0.95,-4.13,0.32,-3.59
82,-0.04,0.22,0.96,-3.36,-0.66,-4.48
83,-0.03,0.22,0.95,-4.1,-0.31,-5.08
84,-0.05,0.21,0.96,-5.2,0.76,-6.31
85,-0.06,0.2,0.96,-5.47,-0.05,-6.51
86,-0.06,0.2,0.97,-5.83,-0.24,-5.29
87,-0.07,0.2,0.96,-6.21,0.55,-3.81
88,-0.07,0.19,0.96,-6.63,-0.47,-3.44
89,-0.07,0.2,0.96,-7.46,-0.33,-4.57
90,-0.07,0.19,0.97,-8.08,-0.77,-5.43
91,-0.06,0.17,0.99,-7.89,-1.18,-6.08
92,-0.06,0.15,1.0,-6.24,-1.57,-5.47
93,-0.05,0.15,0.99,-2.73,-3.28,-1.93
94,-0.05,0.16,1.0,-3.95,-0.46,-3.26
95,-0.06,0.16,1.01,-3.9,0.56,-3.75
96,-0.06,0.15,1.01,-2.69,0.83,-3.3
97,-0.07,0.15,1.0,-2.36,1.65,-2.65
98,-0.07,0.16,0.99,-1.39,2.67,-2.95
99,-0.08,0.16,0.98,-0.63,2.47,-3.23
100,-0.07,0.16,0.97,-0.19,1.68,-1.57
101,-0.09,0.17,0.96,-0.18,1.54,-1.27
102,-0.08,0.18,0.95,1.02,0.83,-0.56
103,-0.07,0.19,0.95,0.95,-0.31,0.33
104,-0.1,0.19,0.95,0.71,-0.29,-0.95
105,-0.09,0.19,0.93,0.53,-1.39,-2.03
106,-0.08,0.2,0.93,-0.24,-1.24,-1.66
107,-0.07,0.2,0.92,-0.87,-1.53,0.92
108,-0.06,0.2,0.92,-0.97,-0.82,1.04
109,-0.05,0.22,0.91,-1.4,-0.37,0.69
110,-0.04,0.24,0.89,-2.5,-1.31,0.69
111,-0.05,0.24,0.9,-4.24,-0.25,-0.15
112,-0.06,0.24,0.89,-4.99,-1.39,-1.29
113,-0.04,0.24,0.88,-5.66,-1.92,-1.76
114,-0.04,0.24,0.87,-5.15,-2.85,-2.9
115,-0.04,0.25,0.86,-4.94,-3.33,-4.51
116,-0.03,0.25,0.82,-5.13,-4.19,-3.66
117,-0.04,0.26,0.81,-7.05,-4.52,-4.95
118,-0.03,0.26,0.79,-8.89,-4.6,-7.24
119,-0.03,0.26,0.77,-10.73,-4.98,-7.62
120,-0.02,0.26,0.75,-13.08,-3.93,-6.71
121,-0.0,0.26,0.71,-15.11,-3.49,-5.66
122,-0.0,0.26,0.68,-17.19,-2.02,-5.7
123,0.01,0.26,0.64,-19.85,-0.86,-4.92
124,0.01,0.27,0.61,-22.56,1.68,-5.97
125,0.02,0.25,0.5,-24.7,5.17,-0.35
126,-0.01,0.26,0.45,-27.59,5.82,-1.04
127,-0.03,0.26,0.4,-31.53,7.63,0.05
128,-0.04,0.25,0.29,-33.91,10.68,-1.05
129,-0.02,0.24,0.2,-36.85,11.47,1.44
130,0.04,0.24,0.1,-37.37,13.0,13.18
131,0.15,0.27,-0.01,-36.47,12.05,30.37
132,0.33,0.33,-0.03,-36.41,17.61,48.63
133,0.39,0.42,-0.17,-43.69,26.62,69.75
134,0.46,0.41,-0.44,-28.35,33.15,103.84
135,0.42,0.56,-0.61,-32.0,35.51,137.81
136,0.34,0.83,-0.85,-48.05,24.4,156.08
137,0.35,1.19,-1.09,-83.15,-1.68,163.74
138,0.37,1.46,-1.4,-161.67,-1.21,144.36
139,0.42,1.66,-1.41,-250.14,-57.2,55.34
140,0.41,1.51,-1.41,-250.14,-69.01,-92.22
141,0.21,0.82,-1.36,-250.14,-116.29,-250.14
142,0.47,-0.53,-0.96,-250.14,-175.18,-250.14
143,0.52,-2.0,0.19,-250.14,-250.14,-250.14
144,-0.07,-2.0,2.0,-250.14,-250.14,-223.77
145,0.66,-2.0,2.0,-142.01,-250.14,-1.88
146,1.43,-2.0,2.0,204.46,-250.14,189.04
147,1.91,-1.67,2.0,-246.21,78.63,99.99
148,0.36,-2.0,2.0,-115.49,9.79,14.18
149,0.59,-1.4,2.0,-90.85,33.02,51.18
150,0.39,-1.13,2.0,-102.85,81.76,60.73
151,0.29,-0.71,2.0,-52.92,82.92,77.5
152,0.09,-0.5,1.83,-38.79,75.44,-6.65
153,0.14,-0.37,1.74,-19.42,81.82,-37.99
154,0.25,-0.36,1.68,-20.35,84.13,-39.35
155,0.19,-0.43,1.64,-37.08,100.44,-35.61
156,0.09,-0.48,1.56,-19.78,106.09,-30.42
157,-0.03,-0.45,1.44,-8.84,96.53,-31.94
158,-0.11,-0.43,1.29,-7.02,94.74,-22.47
159,-0.34,-0.45,1.26,2.1,68.13,-31.63
160,-0.43,-0.45,1.26,16.98,27.69,-43.33
161,-0.35,-0.42,1.26,21.38,10.32,-44.51
162,-0.28,-0.47,1.29,23.47,-0.66,-28.7
163,-0.21,-0.45,1.27,23.95,-14.62,-14.83
164,-0.05,-0.42,1.18,37.8,-22.65,0.0
165,-0.02,-0.46,1.2,33.73,-21.22,-9.64
166,0.07,-0.42,1.2,32.76,-19.55,-0.79
167,0.09,-0.38,1.14,35.46,-21.02,-0.76
168,0.16,-0.34,1.09,31.08,-17.18,-5.52
169,0.18,-0.33,1.05,22.98,-6.53,-0.82
170,0.14,-0.31,1.01,16.23,-0.18,3.84
171,0.11,-0.31,0.97,10.51,2.2,3.1
172,0.09,-0.33,0.94,3.28,2.99,1.92
173,0.08,-0.36,0.92,0.92,5.18,0.56
174,0.05,-0.38,0.94,-0.39,-1.68,-0.02
175,0.03,-0.39,0.92,-1.47,-3.56,-3.63
176,0.03,-0.46,0.95,2.82,-12.31,-4.82
177,0.04,-0.52,0.99,9.44,-18.58,-4.72
178,0.07,-0.52,1.01,15.28,-23.65,1.15
179,0.1,-0.45,0.99,15.34,-20.44,3.79
180,0.14,-0.42,1.0,11.58,-15.17,5.77
181,0.13,-0.43,1.01,13.06,-13.51,5.86
182,0.14,-0.43,1.02,15.76,-12.22,3.37
183,0.18,-0.41,1.01,15.53,-6.63,1.95
184,0.18,-0.4,1.02,16.95,-5.04,3.47
185,0.17,-0.39,1.01,17.71,-1.09,0.8
186,0.16,-0.38,1.01,17.53,1.29,1.12
187,0.14,-0.39,0.99,18.76,2.76,-0.53
188,0.11,-0.38,0.98,19.27,2.7,-3.39
189,0.1,-0.38,0.98,19.15,1.89,-3.22
190,0.09,-0.37,0.98,17.21,1.9,-2.08
191,0.08,-0.38,0.99,15.52,1.63,-2.59
192,0.08,-0.38,1.0,15.57,0.83,-2.97
193,0.09,-0.36,1.01,15.91,1.04,-2.24
194,0.09,-0.34,0.99,14.98,0.69,1.01
195,0.08,-0.33,0.99,12.57,-2.96,4.79
196,0.09,-0.32,1.0,12.27,-5.92,6.96
197,0.1,-0.34,1.0,14.45,-5.05,7.39
198,0.09,-0.38,1.02,21.12,-5.16,6.7
199,0.1,-0.37,1.04,22.76,-7.84,3.31
200,0.11,-0.36,1.05,27.04,-11.54,6.0
201,0.12,-0.36,1.05,29.97,-15.31,4.14
202,0.15,-0.33,1.05,31.0,-14.87,1.32
203,0.17,-0.3,1.05,29.31,-10.93,3.65
204,0.13,-0.3,1.03,25.95,-6.53,5.5
205,0.16,-0.3,0.99,24.36,-7.96,8.52
206,0.16,-0.27,1.01,20.82,-2.81,8.5
207,0.14,-0.29,1.02,20.56,0.53,6.76
208,0.14,-0.3,1.02,22.79,2.41,4.13
209,0.14,-0.3,1.02,24.6,6.17,4.79
210,0.11,-0.3,1.01,26.44,5.58,4.87
211,0.1,-0.29,0.98,28.78,2.24,4.99
212,0.09,-0.27,0.97,30.02,-0.82,3.05
213,0.09,-0.26,0.97,32.11,-6.95,2.44
214,0.11,-0.23,0.95,31.58,-4.98,0.34
215,0.12,-0.21,0.94,27.91,-1.92,1.37
216,0.09,-0.21,0.94,24.73,-1.31,-0.21
217,0.11,-0.23,0.94,22.16,-3.08,-2.76
218,0.09,-0.27,0.96,23.31,-5.02,-3.21
219,0.12,-0.27,0.99,25.82,-6.47,-5.1
220,0.13,-0.24,0.98,28.63,-5.03,-5.85
221,0.13,-0.2,0.98,30.04,-6.38,-3.54
222,0.13,-0.2,0.97,30.37,-7.12,-0.66
223,0.13,-0.21,0.99,28.63,-4.1,0.18
224,0.14,-0.23,1.0,31.87,-4.92,0.14
225,0.16,-0.24,1.04,35.88,-3.94,-0.48
226,0.19,-0.21,1.03,40.11,-2.69,3.49
227,0.17,-0.19,1.03,40.96,2.5,2.21
228,0.18,-0.15,1.0,41.87,8.84,3.84
229,0.16,-0.13,0.98,39.86,13.57,4.79
230,0.13,-0.1,0.97,37.52,14.95,6.89
231,0.11,-0.09,0.95,33.79,17.38,6.58
232,0.08,-0.09,0.96,31.47,16.02,6.95
233,0.05,-0.09,0.95,31.11,12.37,4.37
234,0.05,-0.1,0.96,29.73,9.77,4.26
235,0.06,-0.12,0.97,28.38,7.0,6.38
236,0.06,-0.13,0.98,28.5,7.41,6.97
237,0.06,-0.14,0.99,28.71,7.88,7.69
238,0.07,-0.15,0.98,28.77,7.72,9.18
239,0.07,-0.14,0.99,27.32,6.31,8.66
240,0.12,-0.13,1.01,28.28,7.68,10.49
241,0.13,-0.11,1.0,28.89,9.34,10.99
242,0.14,-0.11,1.01,28.86,14.22,11.75
243,0.14,-0.09,1.0,29.74,21.1,11.63
244,0.11,-0.12,0.97,29.34,30.02,14.21
245,0.13,-0.05,0.97,29.84,33.68,14.55
246,0.08,-0.02,0.94,37.13,33.74,5.48
247,0.1,-0.06,0.92,32.23,28.98,6.47
248,0.07,-0.05,0.94,26.43,28.98,12.14
249,0.02,-0.08,0.92,34.02,20.11,10.69
250,0.04,-0.06,0.94,35.27,15.12,3.6
251,0.01,-0.07,0.95,38.18,10.77,2.57
252,-0.0,-0.08,0.93,41.03,7.47,-1.33
253,0.03,-0.07,0.97,35.7,7.18,-0.51
254,0.03,-0.08,0.97,36.08,9.74,2.8
255,0.03,-0.08,0.97,36.72,10.25,2.88
256,0.05,-0.07,0.97,37.4,14.63,3.63
257,0.01,-0.06,0.92,36.23,14.78,6.53
258,0.0,-0.04,0.9,38.45,11.75,14.04
259,0.01,-0.01,0.9,40.92,7.11,15.56
260,0.03,0.03,0.91,39.73,7.73,14.92
261,0.04,0.06,0.89,36.75,6.64,12.1
262,0.04,0.09,0.88,34.12,3.43,11.19
263,0.05,0.1,0.88,33.0,0.84,11.26
264,0.08,0.11,0.89,30.28,-0.12,11.6
265,0.09,0.13,0.95,18.37,1.79,5.23
266,0.06,0.1,0.87,23.34,4.79,6.15
267,0.06,0.08,0.88,17.18,9.58,2.54
268,0.03,0.05,0.91,19.67,5.28,1.28
269,0.02,0.04,0.91,21.81,1.86,3.82
270,0.01,0.05,0.92,20.6,3.38,6.15
271,0.03,0.05,0.92,22.56,1.26,6.68
272,0.05,0.08,0.93,24.38,-1.64,8.6
273,0.04,0.1,0.93,22.26,1.87,5.41
274,0.03,0.1,0.92,23.12,1.88,0.87
275,0.03,0.1,0.93,23.37,-0.34,1.24
276,0.03,0.11,0.94,22.52,2.0,2.74
277,0.04,0.13,0.93,22.4,3.3,4.9
278,0.02,0.15,0.93,22.3,3.76,7.85
279,0.0,0.15,0.92,21.89,2.78,6.79
280,0.02,0.17,0.92,22.03,0.37,7.14
281,0.0,0.17,0.92,21.38,-0.07,6.71
282,-0.0,0.18,0.91,21.66,-1.94,4.66
283,0.01,0.19,0.9,20.98,-3.7,2.19
284,0.0,0.19,0.91,20.37,-5.9,-2.24
285,0.04,0.21,0.91,18.12,-7.1,-4.59
286,0.06,0.23,0.92,14.63,-6.75,-4.34
287,0.07,0.24,0.92,14.18,-5.52,-4.66
288,0.1,0.25,0.94,9.15,-5.44,-5.22
289,0.1,0.24,0.94,6.37,-5.58,1.43
290,0.09,0.24,0.94,4.89,-2.6,-0.1
291,0.08,0.23,0.93,5.27,-5.5,3.67
292,0.1,0.22,0.95,6.83,-9.44,13.22
293,0.08,0.22,0.96,6.71,-8.74,16.12
294,0.08,0.23,0.95,5.18,-6.14,14.46
295,0.05,0.23,0.94,5.18,-4.85,10.55
296,0.05,0.21,0.96,6.65,-6.27,8.49
297,0.05,0.21,0.96,8.09,-7.21,7.58
298,0.05,0.2,0.97,10.08,-7.02,5.49
299,0.06,0.18,0.96,10.28,-5.16,0.62
300,0.07,0.18,0.97,9.9,-1.94,-0.55
301,0.05,0.17,0.97,11.55,-1.41,1.02
302,0.05,0.16,0.95,12.69,-1.13,1.64
303,0.03,0.16,0.94,12.82,-0.72,1.04
304,0.04,0.15,0.97,13.73,-6.1,2.97
305,0.04,0.13,0.94,16.41,-7.05,4.32
306,0.07,0.15,0.96,15.71,-5.94,1.71
307,0.08,0.17,0.97,15.47,-5.38,5.09
308,0.08,0.16,0.97,16.66,-4.12,6.73
309,0.08,0.16,0.97,16.26,0.71,4.27
310,0.08,0.16,0.96,15.91,3.24,3.11
311,0.08,0.17,0.94,16.34,4.44,2.99
312,0.08,0.17,0.96,16.03,5.95,-0.04
313,0.09,0.19,0.96,16.56,6.18,3.92
314,0.07,0.2,0.94,16.18,9.53,3.07
315,0.06,0.22,0.93,12.16,11.19,-0.29
316,0.06,0.22,0.92,8.39,14.23,-0.38
317,0.02,0.2,0.92,6.4,14.52,-1.65
318,0.01,0.19,0.92,6.24,13.95,-2.15
319,-0.0,0.18,0.92,8.69,11.85,-4.16
320,0.0,0.2,0.91,11.43,7.73,-2.45
321,-0.01,0.23,0.91,11.82,5.9,-2.12
322,0.02,0.24,0.92,12.56,2.98,-1.6
323,0.03,0.25,0.91,11.24,4.66,0.31
324,0.02,0.25,0.92,10.23,4.63,-0.44
325,0.04,0.25,0.93,9.01,6.34,-0.05
326,0.04,0.24,0.94,8.95,8.31,0.1
327,0.02,0.25,0.94,8.69,8.98,-0.97
328,0.03,0.27,0.94,8.04,9.05,-0.24
329,0.03,0.28,0.93,6.92,10.89,-0.18
330,0.01,0.29,0.93,6.63,9.74,-0.81
331,0.02,0.3,0.93,6.09,7.74,1.84
332,0.02,0.29,0.92,6.25,4.03,3.93
333,0.01,0.29,0.92,6.31,1.11,1.39
334,0.02,0.28,1.0,10.07,-6.46,-1.73
335,0.0,0.29,0.94,3.47,-5.6,-0.12
336,0.04,0.3,0.94,4.2,-1.78,-0.59
337,0.04,0.29,0.96,2.32,0.86,-1.12
338,0.03,0.28,0.96,1.46,1.98,-0.22
339,0.03,0.27,0.96,2.09,3.23,0.56
340,0.02,0.29,0.97,3.14,1.79,3.15
341,0.01,0.29,0.95,4.49,0.47,4.05
342,0.01,0.31,0.95,3.38,-0.41,3.27
343,0.02,0.32,0.94,1.79,-0.73,2.48
344,0.02,0.33,0.93,1.09,-2.91,1.5
345,0.02,0.33,0.93,-0.7,-1.4,2.02
346,0.02,0.32,0.93,-3.84,-0.88,1.18
347,0.01,0.32,0.92,-4.62,-1.68,1.9
348,0.01,0.31,0.93,-4.18,-3.38,2.11
349,0.0,0.31,0.92,-5.0,-4.6,1.42
350,0.0,0.3,0.91,-5.49,-4.16,-0.66
351,-0.0,0.28,0.9,-6.68,-4.47,-2.97
352,0.01,0.26,0.91,-6.99,-3.56,-4.02
353,0.01,0.24,0.94,-5.33,-5.65,-1.98
354,0.0,0.24,0.93,-4.36,-4.95,-1.49
355,0.01,0.24,0.92,-3.55,-5.08,-2.05
356,0.02,0.24,0.92,-2.37,-6.33,-0.93
357,0.01,0.24,0.93,-1.83,-6.19,-2.4
358,0.02,0.25,0.93,-2.6,-6.27,-2.87
359,0.02,0.25,0.93,-2.68,-6.64,-2.25
360,0.04,0.26,0.93,-3.18,-6.49,-1.43
361,0.05,0.25,0.94,-3.28,-2.94,-1.66
362,0.04,0.26,0.94,-3.73,-0.51,-1.91
363,0.05,0.26,0.94,-4.65,-1.18,3.24
364,0.02,0.25,0.93,-4.35,-2.45,4.26
365,0.04,0.26,0.94,-3.29,-2.81,3.02
366,0.03,0.28,0.92,-3.5,-3.52,0.06
367,0.05,0.27,0.93,-4.63,-3.6,-1.38
368,0.04,0.27,0.94,-5.36,-2.63,-0.73
369,0.04,0.27,0.95,-6.4,-0.79,-0.48
370,0.04,0.27,0.94,-7.52,1.13,-1.79
371,0.04,0.26,0.94,-7.45,1.58,-2.11
372,0.04,0.27,0.95,-6.82,-0.81,-0.22
373,0.02,0.26,0.94,-6.41,0.62,-1.41
374,0.02,0.26,0.95,-6.69,-0.21,-5.11
375,0.02,0.25,0.95,-6.6,-1.79,-2.38
376,0.02,0.23,0.96,-6.72,-0.32,-2.7
377,0.02,0.24,0.95,-7.34,-0.56,-0.96
378,0.02,0.24,0.96,-7.47,0.68,0.77
379,0.01,0.24,0.96,-6.83,0.99,0.68
380,0.02,0.25,0.96,-7.7,2.02,0.97
381,0.01,0.24,0.97,-6.89,1.16,1.05
382,0.03,0.26,0.97,-4.85,-3.37,3.69
383,0.04,0.27,0.97,-4.43,-3.56,3.6
384,0.04,0.27,0.97,-3.94,-2.88,1.36
385,0.04,0.28,0.97,-3.24,-1.67,0.85
386,0.05,0.28,0.97,-3.53,-1.94,0.65
387,0.05,0.28,0.97,-3.95,-0.43,0.82
388,0.05,0.28,0.97,-5.1,0.76,0.6
389,0.04,0.26,0.99,-5.54,0.86,1.07
390,0.04,0.26,0.97,-5.79,0.98,0.99
391,0.03,0.25,0.98,-5.85,-0.57,1.02
392,0.04,0.25,0.99,-5.21,-0.63,1.11
393,0.02,0.25,0.98,-5.69,0.06,0.39
394,0.03,0.26,0.99,-6.53,1.34,0.07
395,0.04,0.26,0.99,-7.65,0.82,-0.1
396,0.04,0.25,0.99,-5.53,0.39,0.42
397,0.04,0.25,1.0,-4.0,-0.98,-0.48
398,0.06,0.25,1.01,-2.75,-0.74,0.78
399,0.06,0.26,1.0,-3.13,0.95,0.42
400,0.05,0.27,0.99,-2.98,2.04,1.35
