,accel_x,accel_y,accel_z,gyro_x,gyro_y,gyro_z
0,-0.04,0.03,0.95,1.02,0.08,-2.06
1,-0.03,0.02,0.95,0.12,0.18,-1.17
2,-0.05,0.01,0.96,0.24,0.74,-0.6
3,-0.05,0.01,0.97,1.86,-0.21,1.61
4,-0.04,0.01,0.96,0.73,-0.31,1.0
5,-0.02,0.02,0.96,0.55,0.98,2.46
6,-0.01,0.03,0.97,0.53,2.48,4.09
7,0.01,0.03,0.98,0.41,2.55,2.34
8,-0.0,0.03,0.98,1.62,2.77,1.79
9,-0.02,0.04,0.99,2.39,2.28,0.47
10,-0.05,0.05,0.98,2.34,-0.13,-1.8
11,-0.05,0.05,0.97,1.89,-3.08,-2.97
12,-0.02,0.05,0.97,1.31,-3.36,-2.7
13,-0.02,0.06,0.98,0.34,-3.41,-2.7
14,-0.02,0.06,0.98,-0.47,-3.37,-2.61
15,-0.02,0.06,0.97,-1.5,-4.57,-3.76
16,-0.01,0.07,0.97,-2.15,-5.11,-4.3
17,0.0,0.07,0.97,-3.73,-4.65,-3.89
18,-0.01,0.06,0.97,-4.85,-3.29,-2.41
19,0.02,0.05,0.98,-5.27,-0.11,-1.44
20,-0.02,0.05,0.98,-5.66,-0.88,-2.27
21,-0.02,0.04,0.99,-6.01,-1.57,-3.51
22,-0.02,0.03,1.0,-4.89,-1.32,-3.6
23,-0.04,0.03,1.0,-4.4,-1.6,-3.11
24,-0.01,0.03,1.0,-3.34,0.64,-0.69
25,-0.04,0.03,0.98,-4.21,0.24,-1.4
26,-0.03,0.03,0.97,-4.56,-1.44,-1.76
27,-0.03,0.04,0.97,-5.36,-3.18,-2.07
28,-0.01,0.04,0.97,-6.79,-2.89,-2.42
29,0.03,0.04,0.98,-6.44,0.27,-0.77
30,-0.01,0.03,0.99,-5.36,0.52,-0.81
31,-0.01,0.02,0.98,-5.21,-1.18,-2.18
32,-0.01,0.02,1.0,-4.34,-0.82,-2.28
33,-0.02,0.02,0.99,-3.97,-0.53,-2.58
34,-0.01,0.02,1.0,-2.6,-0.22,-2.31
35,-0.03,0.02,1.0,-2.39,-1.32,-2.85
36,-0.01,0.02,1.0,-2.28,-0.67,-2.18
37,0.01,0.03,0.99,-3.05,0.98,-1.5
38,0.01,0.03,0.99,-3.22,2.98,0.09
39,-0.01,0.02,1.0,-3.37,1.14,-0.95
40,-0.01,0.02,0.99,-3.19,-0.05,-2.46
41,-0.01,0.02,0.99,-2.99,-1.38,-2.79
42,-0.0,0.02,1.0,-3.76,-1.46,-4.69
43,-0.02,0.03,0.99,-4.35,-1.84,-5.57
44,-0.02,0.02,1.0,-4.69,-2.77,-6.51
45,-0.01,0.02,0.99,-4.36,-1.67,-5.27
46,-0.01,0.01,1.01,-3.05,-0.51,-3.15
47,-0.02,0.01,1.02,-2.37,1.66,-2.19
48,0.0,0.0,1.02,-1.11,4.33,-1.47
49,-0.04,0.01,1.02,0.07,4.56,-1.64
50,-0.06,0.02,0.99,1.1,1.28,-2.98
51,-0.04,0.02,0.99,0.66,0.41,-3.18
52,-0.0,0.03,0.98,0.1,3.19,-1.89
53,-0.0,0.03,0.98,0.15,4.4,-0.56
54,-0.01,0.03,0.98,-0.09,4.16,-0.76
55,-0.03,0.04,0.98,-0.32,3.02,-2.72
56,-0.03,0.04,0.97,-0.57,0.73,-3.78
57,-0.06,0.05,0.98,-1.4,-1.82,-5.2
58,-0.05,0.03,0.97,-2.47,-4.31,-6.82
59,-0.05,0.04,0.97,-3.4,-4.61,-6.42
60,-0.05,0.04,0.98,-4.6,-4.77,-5.71
61,-0.02,0.03,0.99,-5.04,-3.45,-3.98
62,-0.01,0.03,0.99,-4.98,-1.94,-4.1
63,-0.02,0.03,0.98,-4.54,-1.29,-4.44
64,-0.04,0.03,0.98,-3.04,-3.66,-5.11
65,0.01,0.03,0.97,-1.35,-3.07,-3.75
66,-0.03,0.03,0.98,-1.49,-1.57,-3.66
67,-0.03,0.03,0.97,-2.66,-2.29,-3.47
68,-0.01,0.01,0.98,-2.34,-1.89,-1.87
69,-0.01,0.02,0.98,-1.43,0.03,-1.15
70,-0.02,0.02,0.98,-2.44,-0.28,-3.1
71,-0.03,0.03,0.98,-2.63,0.34,-3.03
72,-0.03,0.04,0.96,-2.35,-0.84,-2.24
73,-0.01,0.03,0.97,-2.52,0.61,-1.39
74,-0.03,0.03,0.97,-2.18,3.37,0.79
75,-0.05,0.03,0.96,-3.05,1.44,0.26
76,-0.05,0.05,0.96,-4.24,-1.0,-0.95
77,-0.01,0.04,0.97,-5.13,-0.63,-1.26
78,-0.01,0.04,0.99,-5.73,-0.98,-3.11
79,-0.02,0.03,0.99,-4.76,-1.05,-2.8
80,-0.02,0.03,0.99,-3.88,-1.5,-2.31
81,-0.01,0.04,0.98,-4.42,-2.61,-3.82
82,0.0,0.03,0.99,-3.24,-1.24,-3.05
83,-0.02,0.03,0.99,-2.85,-0.44,-3.02
84,-0.02,0.02,1.0,-3.39,0.21,-2.56
85,-0.01,0.02,1.0,-3.44,-0.04,-2.3
86,-0.0,0.01,1.0,-3.83,0.14,-2.33
87,-0.03,0.02,1.0,-3.47,0.7,-2.58
88,-0.03,0.01,1.01,-3.18,-0.83,-3.36
89,-0.03,0.01,1.0,-2.78,-0.78,-3.52
90,-0.03,0.01,0.99,-3.34,-0.93,-4.01
91,-0.01,0.01,1.01,-2.4,-0.27,-3.12
92,-0.02,0.02,0.99,-2.19,1.41,-2.3
93,-0.01,0.01,0.99,-2.05,2.39,-2.3
94,-0.02,0.03,0.98,-2.96,2.76,-1.97
95,-0.03,0.03,0.96,-3.05,1.46,-1.26
96,-0.02,0.04,0.96,-4.22,0.53,-3.49
97,-0.02,0.04,0.97,-5.07,-0.68,-4.04
98,-0.01,0.04,0.98,-5.7,-0.94,-3.32
99,0.01,0.03,0.98,-5.06,1.31,-1.18
100,-0.02,0.03,0.98,-5.31,3.52,0.2
101,-0.03,0.03,0.98,-5.6,1.81,-1.27
102,-0.05,0.04,0.98,-6.3,0.95,-2.54
103,-0.04,0.04,0.99,-5.83,-0.87,-3.82
104,-0.05,0.03,0.98,-7.31,-2.47,-6.04
105,-0.04,0.02,0.99,-6.53,-2.39,-4.98
106,-0.04,0.01,1.0,-5.87,-3.12,-5.06
107,-0.03,0.01,1.0,-6.12,-4.17,-5.33
108,-0.01,-0.01,1.01,-3.81,-3.45,-3.66
109,-0.01,-0.01,1.02,-1.55,-1.51,-1.69
110,-0.02,-0.01,1.01,-0.34,-1.27,-2.12
111,-0.01,-0.01,1.0,0.72,-0.31,-0.85
112,-0.03,-0.0,0.99,0.78,-0.57,-2.02
113,-0.04,-0.0,0.99,0.64,-1.41,-3.66
114,-0.05,0.0,0.98,0.15,-1.61,-3.64
115,-0.05,0.01,0.99,-0.06,-2.69,-3.21
116,-0.03,0.02,0.99,-0.21,-2.09,-2.12
117,-0.04,0.02,0.98,0.1,-1.63,-1.85
118,-0.04,0.03,0.98,0.61,-3.19,-2.24
119,-0.0,0.04,0.98,0.81,-2.73,-1.38
120,-0.01,0.04,0.98,0.13,-2.14,-2.49
121,-0.01,0.05,0.97,-0.41,-3.18,-3.24
122,-0.0,0.04,0.98,-1.16,-2.64,-3.91
123,-0.01,0.05,0.98,-2.24,-3.37,-5.6
124,-0.0,0.04,0.99,-1.24,-2.77,-4.87
125,-0.02,0.04,1.0,-2.09,-2.89,-5.44
126,0.01,0.02,1.0,-1.54,-2.75,-3.82
127,0.01,0.03,0.99,-1.12,0.43,-2.61
128,-0.01,0.02,0.99,-1.56,-0.11,-3.49
129,-0.0,0.01,1.0,-0.56,-0.42,-3.32
130,-0.01,0.01,1.0,0.54,-0.24,-2.38
131,-0.02,0.01,0.99,0.82,-0.32,-3.03
132,-0.02,0.01,0.99,0.2,-0.56,-4.08
133,-0.02,0.01,0.99,-0.41,-0.25,-4.4
134,-0.03,0.01,1.0,-1.56,-0.23,-5.02
135,-0.02,0.01,1.0,-1.52,1.05,-4.98
136,-0.01,0.01,1.0,-0.23,1.7,-3.98
137,-0.05,0.02,1.0,0.34,1.23,-3.24
138,-0.04,0.02,1.0,0.37,-0.15,-4.1
139,-0.05,0.02,0.99,0.69,-0.07,-3.79
140,-0.04,0.02,0.98,1.47,-0.26,-2.51
141,-0.03,0.03,0.98,0.95,-0.02,-1.47
142,-0.03,0.03,0.97,0.6,0.11,-1.89
143,-0.02,0.03,0.96,1.07,-0.43,-1.89
144,-0.03,0.04,0.97,1.17,-1.23,-2.02
145,-0.02,0.04,0.97,1.12,-2.93,-3.4
146,-0.02,0.04,0.97,1.75,-2.47,-2.72
147,-0.01,0.04,0.96,1.66,-1.17,-2.55
148,-0.01,0.04,0.96,1.5,-0.18,-2.3
149,-0.02,0.04,0.95,1.38,-0.52,-2.9
150,-0.0,0.04,0.94,1.66,-0.12,-2.13
151,0.0,0.04,0.94,1.52,0.14,-1.68
152,0.01,0.05,0.92,2.25,1.98,-0.11
153,-0.02,0.06,0.91,1.83,0.18,-2.05
154,-0.01,0.07,0.9,1.62,-1.42,-3.28
155,-0.0,0.07,0.88,1.3,-2.14,-3.78
156,0.01,0.07,0.86,4.12,0.27,-1.94
157,0.01,0.08,0.84,0.82,-0.47,-2.98
158,0.02,0.1,0.81,-0.02,-0.27,-3.19
159,0.02,0.09,0.78,0.3,-0.49,-2.66
160,-0.0,0.12,0.72,-2.48,0.36,-3.31
161,0.05,0.13,0.69,-5.01,-3.71,-3.93
162,0.04,0.16,0.67,-9.5,-4.0,-4.67
163,0.03,0.21,0.63,-16.28,-6.27,-5.92
164,0.05,0.23,0.62,-26.8,-5.82,-7.18
165,0.07,0.21,0.67,-35.48,-2.08,-10.0
166,0.05,0.19,0.69,-36.39,4.1,-6.57
167,0.03,0.18,0.69,-40.51,2.27,-6.61
168,0.01,0.14,0.72,-41.38,3.89,-3.69
169,0.0,0.12,0.72,-41.58,4.34,-4.66
170,-0.05,0.1,0.74,-40.1,1.19,-4.03
171,-0.06,0.09,0.74,-39.73,-1.58,-1.85
172,-0.04,0.05,0.76,-38.38,-1.43,1.06
173,-0.04,0.03,0.74,-36.19,1.36,5.6
174,-0.04,-0.0,0.71,-34.43,5.77,8.22
175,-0.06,-0.01,0.66,-31.24,8.41,11.52
176,-0.09,-0.0,0.58,-29.67,8.05,10.41
177,-0.16,0.02,0.47,-30.51,3.23,5.99
178,-0.22,0.05,0.37,-34.69,-6.4,3.37
179,-0.27,0.06,0.3,-43.12,-16.79,3.35
180,-0.27,0.06,0.26,-55.45,-26.89,7.44
181,-0.25,0.08,0.2,-72.21,-34.05,16.24
182,-0.14,0.08,0.22,-94.0,-35.5,26.56
183,-0.01,0.07,0.28,-119.29,-35.82,30.29
184,0.11,0.02,0.33,-134.29,-27.66,34.78
185,0.21,-0.03,0.42,-147.31,-24.31,32.96
186,0.3,-0.07,0.52,-151.98,-21.4,20.03
187,0.27,-0.15,0.59,-149.27,-10.89,5.6
188,0.22,-0.25,0.63,-137.17,-15.11,-9.69
189,0.15,-0.27,0.54,-143.62,-28.11,-31.21
190,0.07,-0.36,0.69,-136.85,-32.39,-23.14
191,0.07,-0.38,0.65,-150.07,-32.62,-23.99
192,0.1,-0.43,0.66,-174.34,-26.05,-18.1
193,0.16,-0.51,0.71,-184.11,-14.93,-7.02
194,0.11,-0.69,0.87,-187.36,-10.56,-9.61
195,0.07,-0.86,1.03,-181.15,-14.25,-9.23
196,0.07,-1.04,1.23,-169.82,-16.86,-11.47
197,0.07,-1.14,1.32,-154.0,-17.62,-16.62
198,0.12,-1.29,1.35,-127.44,-25.7,-24.12
199,0.07,-1.24,1.34,-133.24,-16.71,-26.02
200,0.03,-1.28,1.44,-120.47,-7.64,-21.05
201,0.02,-1.28,1.53,-108.97,6.34,-7.79
202,0.07,-1.32,1.55,-87.47,30.43,4.97
203,-0.07,-1.22,1.48,-71.62,40.92,14.27
204,-0.14,-1.1,1.34,-64.15,31.09,9.46
205,-0.1,-0.94,1.24,-59.44,24.95,5.62
206,-0.07,-0.84,1.18,-52.91,23.69,5.19
207,-0.01,-1.23,1.66,-39.29,66.5,-10.2
208,-0.26,-1.49,2.0,28.58,21.78,-0.85
209,0.09,-1.41,2.0,70.64,-14.22,-16.22
210,0.14,-1.09,1.69,90.09,6.44,-3.94
211,0.09,-0.84,1.38,79.72,36.5,11.11
212,0.02,-0.76,1.25,70.32,45.62,18.41
213,0.0,-0.58,1.07,58.9,43.23,18.18
214,0.01,-0.41,0.89,33.72,44.95,19.76
215,-0.05,-0.32,0.83,13.2,34.35,14.08
216,-0.07,-0.27,0.81,-0.66,11.1,4.57
217,-0.06,-0.24,0.75,-13.02,-6.27,-3.95
218,-0.06,-0.25,0.71,-22.26,-18.45,-12.39
219,-0.06,-0.29,0.73,-31.9,-30.18,-22.08
220,-0.06,-0.38,0.81,-31.11,-37.11,-23.65
221,-0.05,-0.46,0.9,-26.28,-41.11,-22.61
222,-0.01,-0.51,0.97,-21.63,-41.29,-18.28
223,0.04,-0.53,1.0,-17.11,-35.99,-13.3
224,0.15,-0.55,1.0,-15.08,-26.05,-7.11
225,0.17,-0.55,1.0,-13.92,-13.64,-1.57
226,0.16,-0.57,0.99,-11.49,-4.74,1.82
227,0.16,-0.58,0.96,-10.29,0.56,-0.62
228,0.14,-0.6,0.97,-8.97,4.32,-3.88
229,0.11,-0.63,0.98,-6.03,1.96,-10.72
230,0.1,-0.66,1.01,-0.61,1.11,-16.63
231,0.03,-0.68,1.01,4.96,1.22,-17.73
232,0.03,-0.68,1.0,9.31,1.24,-17.05
233,-0.0,-0.67,0.98,11.56,4.29,-14.64
234,-0.03,-0.67,0.98,13.62,7.61,-10.4
235,-0.04,-0.67,0.96,16.22,11.48,-2.85
236,-0.06,-0.65,0.94,15.95,12.41,-0.19
237,-0.06,-0.64,0.93,15.24,13.2,2.48
238,-0.04,-0.62,0.92,15.4,14.34,6.36
239,-0.04,-0.62,0.93,15.38,11.3,5.39
240,-0.01,-0.6,0.93,18.86,8.36,2.85
241,0.01,-0.6,0.94,21.89,4.43,-0.87
242,0.02,-0.58,0.94,25.63,-1.11,-6.24
243,0.04,-0.56,0.93,29.42,-4.6,-6.68
244,0.03,-0.56,0.94,32.17,-3.44,-4.2
245,-0.0,-0.55,0.92,32.55,-2.12,-3.94
246,0.01,-0.55,0.91,31.34,-0.99,-3.24
247,-0.01,-0.55,0.91,29.52,-0.05,-4.5
248,-0.0,-0.56,0.89,28.95,1.14,-4.54
249,-0.02,-0.56,0.9,28.64,0.76,-5.63
250,0.01,-0.56,0.92,29.27,0.48,-5.18
251,0.01,-0.55,0.91,31.73,3.91,-2.02
252,-0.02,-0.53,0.9,31.22,5.53,-0.74
253,-0.02,-0.51,0.89,31.34,6.18,1.84
254,-0.02,-0.5,0.89,32.3,6.87,6.74
255,-0.06,-0.49,0.89,30.92,4.81,8.51
256,-0.03,-0.48,0.89,29.9,6.09,12.56
257,-0.0,-0.48,0.91,30.97,8.02,16.43
258,0.01,-0.47,0.92,32.41,9.28,17.99
259,0.0,-0.46,0.91,33.14,8.72,16.23
260,-0.02,-0.46,0.91,34.75,3.7,11.98
261,-0.02,-0.45,0.92,38.56,-0.88,9.56
262,-0.02,-0.44,0.91,41.08,-5.39,5.53
263,-0.0,-0.43,0.9,42.25,-9.68,3.53
264,0.0,-0.4,0.9,42.19,-11.15,1.56
265,0.01,-0.4,0.91,42.61,-8.7,2.01
266,0.01,-0.39,0.91,41.98,-6.8,2.73
267,0.04,-0.4,0.91,42.21,-4.31,4.11
268,0.01,-0.38,0.91,40.56,-3.85,3.04
269,0.01,-0.38,0.89,38.85,-2.44,2.56
270,-0.01,-0.37,0.89,38.75,-4.52,2.24
271,-0.01,-0.36,0.89,40.92,-6.21,2.92
272,-0.01,-0.36,0.88,40.08,-6.68,1.2
273,0.0,-0.36,0.88,40.72,-6.98,0.43
274,0.02,-0.33,0.88,40.47,-8.14,-0.98
275,0.02,-0.33,0.88,39.59,-8.62,-1.98
276,0.02,-0.31,0.87,39.02,-6.96,-0.11
277,0.02,-0.3,0.88,37.29,-6.95,-0.41
278,0.04,-0.29,0.87,37.74,-5.41,1.47
279,0.01,-0.29,0.89,35.99,-4.31,1.75
280,0.02,-0.28,0.86,33.16,-3.93,1.26
281,0.01,-0.28,0.86,30.3,-4.03,1.05
282,0.02,-0.29,0.88,28.84,-5.44,1.4
283,0.01,-0.29,0.9,33.5,-2.17,5.79
284,0.04,-0.28,0.9,27.66,-0.86,3.78
285,0.03,-0.29,0.91,28.99,4.57,8.05
286,0.03,-0.28,0.9,30.38,8.1,11.35
287,-0.0,-0.27,0.89,29.73,6.01,8.07
288,0.01,-0.26,0.88,29.7,4.01,6.55
289,-0.0,-0.25,0.88,29.65,0.24,3.14
290,0.0,-0.24,0.89,28.78,-2.13,0.39
291,0.02,-0.24,0.9,29.33,-3.02,-1.02
292,-0.01,-0.23,0.9,29.93,-3.56,-1.33
293,-0.01,-0.21,0.9,28.74,-3.18,-0.63
294,-0.0,-0.2,0.9,26.81,-1.91,1.92
295,0.0,-0.19,0.89,23.87,-1.69,3.19
296,0.0,-0.17,0.9,19.76,-0.64,3.79
297,0.03,-0.17,0.91,17.44,2.64,7.76
298,0.04,-0.17,0.91,14.83,5.84,9.23
299,0.02,-0.17,0.92,13.55,6.79,9.91
300,0.01,-0.17,0.93,13.69,8.38,11.07
301,0.0,-0.18,0.95,14.99,5.15,6.79
302,-0.0,-0.18,0.96,17.83,0.05,1.16
303,-0.01,-0.19,0.97,20.92,-5.95,-4.54
304,-0.01,-0.2,0.98,25.97,-9.1,-6.63
305,0.0,-0.2,0.98,28.33,-7.7,-5.15
306,-0.0,-0.18,0.96,27.76,-5.14,-2.4
307,-0.01,-0.17,0.95,26.24,-1.48,1.63
308,0.01,-0.16,0.96,24.04,-0.97,3.18
309,0.03,-0.14,0.97,21.76,0.54,3.73
310,0.02,-0.14,0.96,20.24,0.14,3.87
311,0.04,-0.15,0.98,19.47,0.05,3.24
312,0.04,-0.16,0.99,20.01,1.61,1.72
313,0.03,-0.16,1.01,22.0,1.79,0.4
314,0.04,-0.17,1.02,24.48,0.31,-1.79
315,0.01,-0.17,1.02,27.28,-2.07,-4.48
316,0.02,-0.17,1.03,30.26,-2.97,-5.04
317,0.0,-0.17,1.02,30.98,-1.98,-4.87
318,-0.01,-0.16,1.01,30.85,-0.81,-3.02
319,-0.02,-0.15,1.0,30.72,-0.66,-1.76
320,-0.03,-0.13,0.99,29.15,-1.18,-1.62
321,-0.01,-0.12,0.99,28.06,0.02,-0.77
322,-0.03,-0.11,0.98,27.31,-1.18,-1.31
323,-0.01,-0.11,0.98,27.16,-2.56,-0.69
324,-0.0,-0.1,0.99,27.43,-0.58,1.48
325,-0.02,-0.09,0.97,28.14,-1.1,1.11
326,0.02,-0.09,0.98,30.37,-0.22,1.66
327,-0.0,-0.08,0.97,30.39,-1.22,-0.47
328,-0.0,-0.07,0.95,29.79,-2.61,-2.72
329,-0.0,-0.07,0.94,28.64,-2.02,-3.4
330,-0.0,-0.05,0.94,27.63,0.09,-1.2
331,0.01,-0.04,0.93,26.02,2.21,-0.05
332,-0.01,-0.03,0.91,25.11,4.42,1.34
333,-0.03,-0.02,0.9,23.65,2.69,2.18
334,-0.04,-0.01,0.89,21.59,-0.8,0.94
335,-0.01,-0.0,0.89,18.4,-3.76,-0.74
336,0.01,0.01,0.89,15.23,-4.25,-1.71
337,0.02,0.0,0.91,13.2,-4.5,-1.84
338,0.02,0.01,0.93,12.46,-3.95,-2.35
339,0.03,0.0,0.94,12.83,-3.59,-2.1
340,0.05,0.0,0.95,10.6,-3.53,-2.87
341,0.07,-0.01,1.01,10.95,-1.04,-1.93
342,0.12,-0.01,1.0,12.06,3.69,0.9
343,0.09,-0.01,1.01,13.75,9.18,5.69
344,0.08,-0.0,1.01,13.83,11.18,4.37
345,0.07,0.01,1.01,15.76,12.02,3.09
346,0.04,-0.0,1.03,18.74,10.49,0.72
347,0.04,0.0,1.02,20.38,7.18,-3.88
348,0.02,0.0,1.03,22.75,7.43,-5.76
349,-0.02,0.03,0.99,22.85,3.72,-7.95
350,0.01,0.02,0.99,23.23,4.59,-6.23
351,-0.02,0.04,0.97,22.75,7.08,-4.24
352,-0.04,0.08,0.94,19.02,5.17,-5.6
353,-0.04,0.07,0.95,20.3,8.15,-2.11
354,-0.05,0.09,0.93,16.7,5.39,-3.45
355,-0.07,0.1,0.93,13.83,4.75,-3.47
356,-0.07,0.12,0.9,10.79,1.23,-5.02
357,-0.07,0.12,0.9,6.69,-1.97,-6.73
358,-0.09,0.13,0.92,4.31,-6.47,-7.41
359,-0.08,0.12,0.93,1.07,-8.23,-7.2
360,-0.05,0.1,0.96,-0.71,-8.53,-5.73
361,-0.03,0.08,0.97,-0.16,-6.0,-2.68
362,-0.01,0.07,0.98,0.67,-3.41,-1.76
363,0.0,0.07,0.98,2.86,-0.83,-0.29
364,-0.02,0.07,0.95,4.98,0.02,-0.4
365,-0.01,0.08,0.93,6.21,-0.24,-0.69
366,-0.0,0.08,0.9,5.2,-0.53,-2.17
367,0.0,0.08,0.88,4.24,-1.24,-3.21
368,0.03,0.08,0.86,2.64,2.43,-1.53
369,-0.02,0.06,0.83,0.74,3.03,-1.37
370,-0.03,0.05,0.8,-0.53,1.09,-1.51
371,-0.04,0.04,0.79,-3.95,-1.08,-2.76
372,-0.04,0.04,0.77,-6.6,-3.9,-4.51
373,-0.04,0.04,0.77,-9.44,-7.06,-5.31
374,-0.02,0.02,0.78,-11.41,-6.96,-4.97
375,-0.01,0.0,0.81,-12.82,-6.73,-4.11
376,0.0,-0.01,0.83,-13.11,-5.5,-2.69
377,-0.03,-0.02,0.86,-13.16,-5.6,-3.14
378,-0.02,-0.04,0.89,-10.34,-6.87,-1.55
379,-0.02,-0.04,0.91,-7.79,-7.36,0.31
380,0.01,-0.03,0.9,-7.98,-5.89,1.24
381,0.01,-0.02,0.91,-7.66,-4.09,2.01
382,0.02,-0.02,0.91,-7.7,-2.67,2.27
383,0.02,0.02,0.91,-8.35,-3.37,1.67
384,0.02,0.02,0.92,-7.7,-3.24,1.83
385,0.02,0.03,0.93,-7.13,-2.95,1.69
386,0.0,0.04,0.94,-7.36,-2.63,2.16
387,0.02,0.05,0.95,-8.32,-1.4,3.74
388,0.04,0.07,0.94,-9.44,0.65,3.54
389,-0.0,0.08,0.92,-11.47,-0.64,0.29
390,-0.02,0.1,0.99,-13.3,-4.05,0.05
391,-0.03,0.04,0.98,-15.25,-6.15,-1.24
392,-0.01,0.06,1.01,-15.07,-3.21,4.27
393,-0.04,0.05,1.04,-10.33,5.8,7.15
394,0.0,0.04,0.97,-14.15,4.34,6.47
395,-0.04,0.02,1.01,-10.92,2.85,3.88
396,-0.02,0.02,0.98,-11.44,-0.59,1.02
397,-0.02,0.01,1.01,-8.11,-5.37,-1.2
398,-0.01,0.01,0.98,-7.82,-7.75,-2.63
399,0.0,0.02,0.99,-6.63,-7.65,-2.63
400,0.02,0.02,0.97,-8.71,-7.84,-3.22
