,accel_x,accel_y,accel_z,gyro_x,gyro_y,gyro_z
0,0.16,0.34,0.93,4.45,2.31,-2.3
1,0.15,0.34,0.93,3.11,2.11,-2.78
2,0.14,0.34,0.93,1.42,1.59,-4.13
3,0.14,0.34,0.95,0.67,0.17,-4.41
4,0.15,0.32,0.95,0.34,0.22,-4.82
5,0.14,0.32,0.96,0.58,-0.06,-5.68
6,0.14,0.31,0.97,2.14,-2.91,-6.79
7,0.14,0.29,0.98,4.17,-3.7,-7.81
8,0.13,0.28,0.97,6.56,-5.79,-7.76
9,0.14,0.29,0.96,8.93,-8.02,-6.69
10,0.16,0.3,0.97,10.18,-8.07,-6.96
11,0.16,0.31,0.94,9.52,-6.42,-6.9
12,0.16,0.32,0.92,9.42,-5.31,-5.47
13,0.17,0.33,0.92,8.55,-4.21,-4.44
14,0.18,0.33,0.91,8.2,-2.79,-5.69
15,0.17,0.33,0.92,8.25,-2.1,-6.95
16,0.16,0.33,0.91,7.8,-1.18,-6.38
17,0.15,0.34,0.91,7.18,-0.95,-4.44
18,0.15,0.34,0.91,6.02,-0.82,-4.95
19,0.16,0.33,0.9,5.37,-0.14,-4.21
20,0.16,0.31,0.91,5.99,-0.77,-5.11
21,0.16,0.3,0.91,7.69,-0.99,-6.81
22,0.15,0.3,0.92,9.74,-1.34,-6.08
23,0.15,0.3,0.91,11.27,-1.78,-4.49
24,0.14,0.32,0.9,11.37,-3.02,-3.17
25,0.15,0.33,0.89,11.49,-5.28,-3.6
26,0.16,0.33,0.9,11.15,-5.76,-4.36
27,0.16,0.34,0.9,10.88,-7.85,-5.57
28,0.17,0.33,0.9,11.09,-8.0,-6.12
29,0.18,0.33,0.9,10.8,-7.45,-7.6
30,0.19,0.34,0.88,10.3,-5.48,-7.4
31,0.17,0.34,0.87,9.2,-3.51,-6.85
32,0.17,0.36,0.86,8.17,-2.63,-6.78
33,0.17,0.38,0.85,6.94,-2.67,-5.79
34,0.14,0.39,0.85,5.64,-5.79,-4.39
35,0.14,0.38,0.85,3.81,-9.19,-4.82
36,0.17,0.36,0.87,2.85,-10.27,-4.89
37,0.2,0.34,0.88,1.5,-5.95,-3.43
38,0.2,0.33,0.89,1.66,-2.25,-0.78
39,0.18,0.33,0.89,2.21,-0.53,0.5
40,0.17,0.34,0.88,2.21,-0.99,-0.41
41,0.17,0.36,0.87,2.53,-2.24,-0.29
42,0.16,0.36,0.87,2.5,-4.47,-0.85
43,0.17,0.36,0.87,2.29,-8.4,-2.43
44,0.21,0.35,0.87,1.6,-8.48,-4.85
45,0.2,0.36,0.88,1.66,-8.01,-5.95
46,0.21,0.36,0.88,2.56,-9.8,-6.43
47,0.22,0.37,0.88,2.49,-10.65,-8.4
48,0.22,0.39,0.86,2.02,-9.45,-8.61
49,0.23,0.39,0.87,1.22,-7.63,-9.09
50,0.22,0.39,0.87,-0.49,-5.65,-9.34
51,0.23,0.39,0.87,-2.25,-2.38,-8.52
52,0.21,0.39,0.88,-3.53,0.8,-5.09
53,0.21,0.4,0.88,-5.45,2.14,-3.31
54,0.2,0.4,0.88,-6.68,2.66,-3.34
55,0.19,0.39,0.89,-7.42,2.94,-3.21
56,0.21,0.37,0.9,-7.52,1.72,-5.46
57,0.22,0.37,0.9,-7.05,3.3,-6.03
58,0.17,0.38,0.92,-6.64,1.08,-6.88
59,0.18,0.39,0.92,-5.27,-2.92,-7.32
60,0.21,0.39,0.94,-5.67,-4.45,-9.94
61,0.21,0.38,0.95,-5.21,-3.19,-11.71
62,0.21,0.38,0.97,-4.79,-0.8,-11.49
63,0.2,0.37,0.98,-3.15,2.31,-9.63
64,0.18,0.37,0.97,-2.47,5.18,-8.03
65,0.16,0.37,0.97,-1.48,3.68,-6.92
66,0.15,0.38,0.95,0.04,0.15,-8.47
67,0.16,0.37,0.95,1.02,-0.23,-9.3
68,0.14,0.37,0.95,1.47,-1.61,-10.09
69,0.14,0.36,0.95,1.95,-2.93,-9.39
70,0.16,0.36,0.94,2.56,-2.82,-8.32
71,0.16,0.36,0.94,2.57,-1.62,-9.15
72,0.14,0.35,0.91,2.5,-2.04,-7.51
73,0.14,0.34,0.92,2.79,-3.57,-7.26
74,0.16,0.34,0.9,3.85,-4.18,-6.4
75,0.18,0.34,0.9,4.79,-2.66,-5.48
76,0.16,0.35,0.87,4.67,-1.38,-4.27
77,0.16,0.35,0.86,4.49,-1.36,-2.69
78,0.17,0.37,0.84,3.47,-1.62,-2.21
79,0.17,0.38,0.82,2.15,-0.89,-2.9
80,0.17,0.36,0.81,1.84,-1.18,-3.03
81,0.16,0.37,0.8,1.31,-0.73,-2.66
82,0.15,0.38,0.79,0.29,-1.79,-3.2
83,0.16,0.39,0.77,-0.15,-2.94,-3.42
84,0.18,0.39,0.76,-1.18,-5.01,-4.89
85,0.19,0.41,0.75,-2.53,-6.48,-7.18
86,0.2,0.41,0.75,-3.56,-9.5,-10.37
87,0.21,0.43,0.74,-5.09,-11.41,-14.94
88,0.25,0.43,0.73,-6.89,-12.69,-15.96
89,0.28,0.41,0.73,-9.92,-8.37,-16.95
90,0.3,0.41,0.72,-12.02,-3.08,-15.72
91,0.3,0.41,0.7,-16.9,3.79,-15.57
92,0.3,0.41,0.69,-20.93,10.95,-13.63
93,0.24,0.41,0.69,-23.97,13.15,-11.98
94,0.23,0.41,0.69,-25.99,10.65,-11.96
95,0.25,0.39,0.68,-28.4,10.63,-13.95
96,0.24,0.35,0.67,-29.69,9.38,-20.25
97,0.15,0.3,0.63,-24.19,-4.77,-30.92
98,0.08,0.27,0.56,-17.9,-25.54,-44.78
99,0.03,0.27,0.49,-15.22,-51.92,-55.59
100,0.05,0.26,0.34,-14.92,-70.19,-65.01
101,0.12,0.24,0.25,-16.8,-77.73,-64.57
102,0.21,0.19,0.09,-25.6,-68.66,-55.97
103,0.31,0.13,-0.13,-32.5,-49.1,-37.96
104,0.38,0.18,-0.29,-46.07,-15.43,-14.03
105,0.45,0.12,-0.52,-65.48,15.44,-8.24
106,0.33,0.15,-0.7,-74.27,31.24,-9.77
107,-0.11,0.24,-0.97,-85.37,24.44,-12.24
108,-0.42,0.28,-1.24,-92.34,4.31,-8.25
109,-0.57,0.25,-1.46,-95.7,-15.69,8.48
110,-0.62,0.23,-1.61,-95.32,-43.98,36.72
111,-0.48,0.41,-1.8,-110.12,-83.29,69.67
112,0.05,0.6,-2.0,-144.37,-98.68,75.48
113,0.81,0.88,-2.0,-216.81,-80.61,39.66
114,1.22,0.68,-1.81,-250.14,-36.71,-16.34
115,1.65,-0.05,-1.12,-250.14,99.15,-57.61
116,1.49,-1.47,-0.02,-250.14,250.13,-63.99
117,0.16,-2.0,1.69,-250.14,250.13,-78.44
118,-2.0,-2.0,2.0,-250.14,250.13,-57.21
119,-2.0,-2.0,2.0,-250.14,-68.17,16.15
120,-1.4,-2.0,2.0,-101.72,-245.86,12.24
121,-0.49,-1.96,2.0,-38.05,-211.53,20.85
122,0.7,-1.04,2.0,-30.56,-103.63,63.32
123,0.92,-0.95,2.0,-44.95,49.79,58.55
124,0.45,-0.72,2.0,-16.12,114.68,129.98
125,-0.15,-0.69,2.0,41.35,-16.08,82.61
126,0.58,-0.22,2.0,94.73,-70.74,60.02
127,1.08,0.12,1.71,99.31,-28.94,31.46
128,1.02,0.27,1.21,75.02,31.4,3.73
129,0.7,0.39,0.86,52.5,73.03,-5.61
130,0.21,0.48,0.67,26.47,78.12,-16.71
131,-0.11,0.52,0.67,2.23,52.66,-23.84
132,-0.15,0.54,0.69,-26.98,16.4,-26.73
133,-0.02,0.41,0.73,-53.76,1.35,-26.63
134,0.1,0.09,0.97,-65.11,4.92,-32.21
135,0.11,-0.24,1.31,-52.29,16.09,-38.84
136,-0.02,-0.44,1.5,-35.44,8.11,-23.54
137,-0.05,-0.47,1.6,-14.95,-11.54,0.59
138,0.06,-0.37,1.49,-2.0,-20.0,6.34
139,0.18,-0.19,1.32,1.49,-18.35,5.86
140,0.26,-0.14,1.24,-2.18,-8.56,0.18
141,0.21,-0.17,1.24,-2.5,-1.66,-3.8
142,0.19,-0.16,1.19,-1.85,-1.89,-6.66
143,0.21,-0.16,1.12,-3.97,4.04,-9.89
144,0.21,-0.14,1.06,-10.31,16.27,-12.89
145,0.18,-0.18,1.02,-14.73,20.54,-5.95
146,0.1,-0.23,1.01,-14.79,26.63,-7.56
147,0.05,-0.27,1.04,-12.56,27.03,-4.03
148,0.01,-0.23,1.03,-9.85,21.53,-1.87
149,0.02,-0.19,0.95,-7.04,12.27,-3.5
150,0.04,-0.21,0.96,-5.59,6.5,-6.94
151,0.05,-0.24,1.0,-2.29,3.46,-7.27
152,0.07,-0.23,1.01,0.45,1.63,-7.16
153,0.1,-0.21,0.98,0.71,3.02,-7.48
154,0.12,-0.2,0.97,-0.47,6.37,-9.39
155,0.08,-0.17,0.96,-3.56,4.87,-12.35
156,0.03,-0.17,0.97,-4.33,-2.33,-14.11
157,0.07,-0.24,1.02,-2.21,-5.09,-14.13
158,0.09,-0.27,1.05,0.15,-2.67,-13.42
159,0.1,-0.27,1.07,3.19,0.6,-10.4
160,0.1,-0.24,1.05,5.89,2.21,-6.14
161,0.1,-0.2,1.03,5.17,2.57,-4.31
162,0.12,-0.2,1.02,5.93,3.21,-6.41
163,0.12,-0.19,1.0,5.89,5.34,-8.5
164,0.11,-0.19,0.99,3.62,11.11,-9.5
165,0.07,-0.21,1.02,3.48,13.69,-8.82
166,0.03,-0.2,1.02,3.78,10.22,-8.29
167,0.03,-0.19,0.99,2.43,9.7,-8.25
168,0.03,-0.21,1.0,3.04,10.5,-6.1
169,-0.01,-0.2,1.0,3.08,6.25,-1.27
170,-0.02,-0.19,1.0,2.55,2.58,2.74
171,-0.0,-0.22,1.01,1.52,-5.51,1.27
172,0.06,-0.24,1.06,3.31,-8.53,-1.84
173,0.09,-0.24,1.05,5.75,-7.43,-1.78
174,0.1,-0.23,1.06,6.56,-5.08,-1.33
175,0.12,-0.22,1.06,8.17,2.39,0.53
176,0.11,-0.22,1.05,9.84,3.56,-0.31
177,0.09,-0.21,1.04,10.6,5.07,-0.65
178,0.09,-0.21,1.03,11.71,5.88,-0.62
179,0.09,-0.19,1.03,13.22,4.18,-0.53
180,0.1,-0.19,1.04,13.14,4.06,-2.01
181,0.09,-0.19,1.05,13.4,4.6,-1.89
182,0.09,-0.17,1.02,12.01,3.88,-1.72
183,0.09,-0.16,1.01,12.34,4.04,1.28
184,0.1,-0.15,1.0,11.0,-0.53,-0.18
185,0.13,-0.11,0.97,7.4,0.6,-0.28
186,0.15,-0.09,0.93,3.41,7.78,3.31
187,0.14,-0.07,0.91,-5.21,15.05,4.77
188,0.14,-0.05,0.89,-14.5,24.7,6.56
189,0.11,-0.07,0.88,-23.66,30.89,7.02
190,0.1,-0.12,0.9,-29.04,35.21,5.76
191,0.06,-0.18,0.92,-29.86,36.56,3.4
192,0.01,-0.25,0.97,-25.44,32.78,-0.52
193,-0.03,-0.32,1.03,-15.69,22.23,-6.82
194,-0.08,-0.33,1.04,-4.2,13.64,-7.97
195,-0.08,-0.32,1.05,6.89,4.84,-3.07
196,-0.04,-0.28,1.04,13.22,1.08,0.4
197,-0.01,-0.22,1.0,13.57,0.05,-0.99
198,0.02,-0.18,0.98,14.33,1.77,-1.07
199,0.03,-0.16,0.97,13.62,4.94,-0.34
200,0.02,-0.17,0.96,12.83,7.96,1.3
201,0.02,-0.21,1.01,9.91,9.01,0.5
202,0.02,-0.26,1.05,10.11,6.82,-4.66
203,0.02,-0.25,1.02,18.32,8.69,-1.7
204,-0.02,-0.22,0.99,18.88,8.01,-5.5
205,-0.01,-0.2,1.01,20.59,3.56,-8.55
206,-0.04,-0.2,1.0,21.47,-1.0,-7.95
207,-0.05,-0.19,0.99,22.87,-1.49,-7.89
208,-0.03,-0.19,1.0,24.01,-3.65,-8.47
209,-0.01,-0.19,1.01,25.44,-4.25,-8.83
210,-0.02,-0.19,1.0,27.88,-5.9,-6.15
211,0.0,-0.17,0.99,29.4,-4.78,-2.1
212,0.01,-0.15,1.0,29.73,-1.8,0.65
213,0.01,-0.14,0.98,30.84,-2.08,1.56
214,0.01,-0.11,0.97,30.68,-4.5,0.47
215,0.02,-0.1,0.97,28.56,-6.66,-4.28
216,0.04,-0.1,0.98,27.5,-7.56,-8.36
217,0.02,-0.1,0.99,28.44,-6.34,-6.12
218,0.01,-0.08,0.97,32.84,-13.16,-6.98
219,0.01,-0.04,0.95,29.78,-11.52,-5.49
220,0.04,-0.07,0.97,28.68,-8.3,-1.55
221,0.02,-0.08,0.99,27.7,-6.92,0.93
222,0.02,-0.08,1.0,29.41,-6.39,3.51
223,0.04,-0.07,0.99,31.46,-8.18,4.35
224,0.08,-0.06,0.99,31.76,-7.02,2.24
225,0.07,-0.04,0.97,32.14,-5.03,1.74
226,0.06,-0.03,0.98,32.49,-5.26,3.01
227,0.09,-0.01,0.97,32.55,-3.95,4.15
228,0.07,0.01,0.95,30.87,-2.92,4.05
229,0.06,0.03,0.94,29.01,-4.17,3.62
230,0.04,0.04,0.93,26.27,-7.07,2.73
231,0.03,0.04,0.93,26.11,-9.82,1.79
232,0.03,0.05,0.93,25.89,-15.31,-0.03
233,0.03,0.06,0.93,26.41,-23.08,-1.31
234,0.06,0.07,0.9,27.37,-24.53,-2.11
235,0.06,0.08,0.9,26.17,-24.31,-2.2
236,0.05,0.07,0.91,25.3,-25.04,-0.28
237,0.09,0.07,0.93,23.47,-23.14,2.26
238,0.11,0.08,0.93,20.09,-19.17,2.98
239,0.12,0.07,0.94,18.28,-15.57,2.06
240,0.13,0.04,0.96,17.62,-11.42,0.77
241,0.09,0.02,0.98,19.02,-8.79,1.32
242,0.06,0.02,0.99,21.18,-7.27,3.45
243,0.06,0.03,0.98,22.95,-6.9,4.75
244,0.06,0.04,0.98,22.86,-7.05,4.84
245,0.05,0.05,0.98,21.98,-6.35,5.64
246,0.04,0.06,0.97,20.89,-8.75,5.01
247,0.06,0.06,1.0,18.54,-10.59,3.21
248,0.05,0.03,1.01,19.46,-13.13,1.84
249,0.04,0.02,1.02,22.45,-17.69,2.2
250,0.07,0.01,1.03,24.69,-18.63,2.4
251,0.1,0.01,1.04,27.23,-19.14,2.76
252,0.15,0.03,1.03,29.68,-15.89,2.99
253,0.17,0.06,1.01,29.76,-9.43,4.01
254,0.18,0.07,0.99,28.48,-1.94,5.03
255,0.16,0.08,0.99,26.86,4.6,5.71
256,0.12,0.1,0.98,26.89,8.76,8.73
257,0.1,0.12,0.96,26.15,8.86,9.63
258,0.07,0.15,0.94,24.32,5.86,9.22
259,0.07,0.14,0.93,22.71,2.16,8.41
260,0.08,0.14,0.95,21.57,-2.04,7.29
261,0.09,0.13,0.94,22.22,-3.82,5.73
262,0.09,0.12,0.95,23.91,-6.03,4.67
263,0.1,0.13,0.93,27.24,-7.77,5.46
264,0.1,0.16,0.91,29.34,-10.18,4.52
265,0.09,0.19,0.87,29.69,-13.24,4.45
266,0.13,0.21,0.86,27.82,-14.77,4.31
267,0.15,0.22,0.87,24.05,-12.52,2.81
268,0.15,0.21,0.86,20.89,-9.95,2.37
269,0.15,0.18,0.89,18.73,-7.37,3.1
270,0.12,0.16,0.9,16.93,-5.99,3.02
271,0.1,0.16,0.9,15.61,-7.04,2.99
272,0.1,0.16,0.92,13.61,-8.05,3.73
273,0.1,0.13,0.94,12.62,-5.9,3.08
274,0.09,0.14,0.94,12.21,-5.04,6.14
275,0.12,0.13,0.97,11.37,-1.44,8.24
276,0.13,0.13,0.97,10.89,1.88,7.9
277,0.11,0.11,0.99,14.0,-0.15,6.95
278,0.13,0.11,0.99,16.51,-3.32,5.47
279,0.13,0.12,0.98,19.22,-3.52,4.38
280,0.15,0.13,0.98,20.36,-3.74,4.55
281,0.15,0.15,0.97,20.28,-0.31,5.56
282,0.14,0.16,0.95,18.95,3.41,6.88
283,0.13,0.15,0.96,17.38,6.97,8.23
284,0.09,0.16,0.94,16.11,6.74,8.73
285,0.09,0.18,0.94,14.96,5.43,8.0
286,0.1,0.17,0.95,14.54,3.18,5.53
287,0.11,0.18,0.94,15.44,1.1,4.66
288,0.13,0.18,0.94,14.93,0.4,4.14
289,0.15,0.17,0.94,13.22,4.9,3.02
290,0.13,0.17,0.94,12.18,7.85,4.08
291,0.11,0.17,0.94,13.63,9.53,4.82
292,0.11,0.19,0.92,14.44,9.46,5.47
293,0.11,0.21,0.91,13.05,9.53,4.27
294,0.09,0.21,0.91,10.83,8.66,4.12
295,0.08,0.22,0.92,7.33,6.96,2.99
296,0.07,0.21,0.92,6.69,6.9,3.89
297,0.07,0.2,0.92,6.94,6.37,6.93
298,0.09,0.21,0.92,5.69,7.37,7.22
299,0.11,0.2,0.93,5.7,8.77,7.56
300,0.1,0.21,0.92,6.48,6.54,7.53
301,0.09,0.22,0.92,7.24,5.66,6.69
302,0.08,0.23,0.91,6.31,5.53,5.71
303,0.08,0.22,0.91,5.73,5.12,5.66
304,0.07,0.23,0.92,5.65,2.65,5.34
305,0.08,0.23,0.94,5.76,-0.96,3.93
306,0.09,0.23,0.93,6.16,-4.61,1.11
307,0.1,0.23,0.93,5.89,-9.15,-2.56
308,0.12,0.21,0.95,7.68,-10.25,-3.67
309,0.13,0.22,0.94,10.71,-10.11,-3.17
310,0.13,0.24,0.93,11.79,-9.66,-0.83
311,0.12,0.26,0.91,10.83,-6.79,0.7
312,0.11,0.28,0.91,9.85,-6.95,1.11
313,0.11,0.28,0.9,9.08,-8.42,1.97
314,0.14,0.29,0.91,7.85,-8.37,0.78
315,0.17,0.29,0.93,7.03,-7.57,0.28
316,0.15,0.3,0.91,6.24,-7.57,-0.05
317,0.16,0.3,0.91,6.41,-7.68,-0.62
318,0.16,0.31,0.91,5.89,-8.67,-1.34
319,0.16,0.32,0.9,4.46,-8.45,-1.27
320,0.17,0.31,0.9,3.48,-8.37,-2.35
321,0.17,0.32,0.91,2.28,-7.48,-2.95
322,0.17,0.31,0.9,0.65,-4.5,-2.15
323,0.16,0.29,0.9,0.79,-2.4,-0.57
324,0.15,0.29,0.9,1.27,-2.32,0.54
325,0.17,0.29,0.91,0.4,-1.07,0.47
326,0.15,0.29,0.91,0.22,0.73,0.91
327,0.12,0.29,0.91,0.77,-2.41,0.59
328,0.13,0.3,0.91,1.9,-6.75,-0.05
329,0.15,0.31,0.91,1.01,-6.47,-0.98
330,0.16,0.31,0.91,-1.19,-5.1,-1.96
331,0.15,0.29,0.91,-2.36,-5.64,-3.87
332,0.15,0.29,0.93,-3.11,-4.63,-4.02
333,0.15,0.28,0.93,-3.64,0.03,-2.96
334,0.12,0.27,0.94,-3.93,-1.02,-2.96
335,0.13,0.26,0.96,-1.89,-2.25,-2.3
336,0.13,0.26,0.95,-0.56,-2.31,-2.34
337,0.12,0.25,0.95,0.48,-1.59,-2.07
338,0.13,0.26,0.96,2.68,-1.66,-0.69
339,0.13,0.27,0.94,3.65,-1.98,-0.71
340,0.14,0.29,0.93,3.13,-0.13,-1.39
341,0.13,0.3,0.93,2.3,-0.18,-1.67
342,0.13,0.3,0.93,2.55,-2.21,-2.15
343,0.14,0.29,0.93,1.82,-3.46,-3.12
344,0.14,0.3,0.92,0.9,-1.95,-3.31
345,0.13,0.29,0.92,0.12,-1.77,-4.2
346,0.13,0.29,0.94,-0.6,-1.31,-4.54
347,0.13,0.28,0.93,-0.99,-0.26,-4.58
348,0.13,0.28,0.93,-1.37,1.05,-3.48
349,0.12,0.29,0.93,-2.02,2.17,-2.98
350,0.11,0.27,0.92,-2.05,2.52,-2.5
351,0.1,0.27,0.92,-1.03,1.63,-3.16
352,0.09,0.27,0.91,0.04,-0.13,-3.18
353,0.09,0.28,0.89,1.27,-2.05,-2.76
354,0.09,0.3,0.89,0.92,-5.97,-3.15
355,0.11,0.32,0.88,-1.34,-7.77,-3.36
356,0.13,0.31,0.89,-4.18,-6.0,-2.89
357,0.13,0.28,0.91,-5.77,-4.06,-3.05
358,0.12,0.28,0.92,-5.59,-4.75,-3.14
359,0.12,0.28,0.92,-4.93,-4.92,-2.66
360,0.13,0.29,0.93,-4.39,-5.37,-2.92
361,0.14,0.28,0.94,-4.62,-6.15,-4.71
362,0.13,0.29,0.94,-4.2,-6.46,-4.79
363,0.15,0.28,0.95,-2.69,-7.01,-3.48
364,0.17,0.28,0.96,-1.44,-5.76,-2.19
365,0.16,0.29,0.95,-0.58,-4.57,-2.08
366,0.17,0.3,0.94,0.2,-4.12,-2.37
367,0.18,0.31,0.94,-0.06,-3.85,-3.43
368,0.17,0.32,0.94,-0.74,-3.27,-4.21
369,0.16,0.32,0.94,-2.05,-3.6,-4.36
370,0.17,0.31,0.93,-3.39,-3.05,-4.69
371,0.18,0.3,0.94,-3.91,-0.34,-4.31
372,0.16,0.29,0.94,-3.6,1.65,-3.31
373,0.14,0.3,0.93,-3.53,1.16,-3.09
374,0.14,0.29,0.93,-3.37,1.06,-4.37
375,0.12,0.29,0.92,-3.37,-0.47,-4.58
376,0.11,0.3,0.92,-2.68,-2.73,-4.96
377,0.11,0.29,0.92,-2.05,-4.46,-4.0
378,0.13,0.29,0.91,-3.48,-4.5,-4.02
379,0.13,0.29,0.91,-4.06,-3.91,-3.8
380,0.13,0.29,0.92,-3.5,-5.03,-3.69
381,0.14,0.29,0.92,-4.03,-4.31,-3.65
382,0.15,0.28,0.91,-5.03,-2.83,-3.16
383,0.15,0.26,0.92,-5.32,0.13,-2.54
384,0.13,0.25,0.92,-4.91,1.95,-0.96
385,0.1,0.26,0.9,-4.29,1.34,0.3
386,0.11,0.27,0.88,-4.25,-0.15,-0.13
387,0.12,0.26,0.89,-4.6,-1.66,-0.71
388,0.11,0.28,0.87,-5.34,-2.9,-1.16
389,0.13,0.28,0.88,-7.71,-4.46,-2.14
390,0.14,0.28,0.9,-8.78,-5.63,-2.22
391,0.15,0.28,0.92,-10.35,-4.11,-2.07
392,0.16,0.26,0.95,-10.37,-2.73,-1.27
393,0.17,0.26,0.97,-9.02,-2.03,-0.82
394,0.19,0.27,0.97,-6.8,0.81,-0.21
395,0.17,0.28,0.99,-7.21,-0.11,-1.54
396,0.17,0.28,0.99,-6.28,-0.47,-1.94
397,0.19,0.28,0.99,-4.79,-1.19,-2.36
398,0.18,0.29,1.0,-3.86,-0.15,-2.5
399,0.18,0.3,0.98,-4.16,0.48,-2.95
