,accel_x,accel_y,accel_z,gyro_x,gyro_y,gyro_z
0,-0.03,0.14,0.99,-3.26,0.0,-3.77
1,-0.02,0.14,0.99,-3.55,-0.85,-4.82
2,-0.01,0.13,0.99,-3.52,-0.73,-4.96
3,-0.01,0.14,0.99,-3.76,0.27,-4.44
4,-0.04,0.13,1.0,-4.24,-0.8,-4.59
5,-0.03,0.12,0.98,-4.05,-1.76,-5.32
6,-0.01,0.13,0.99,-2.88,0.38,-3.19
7,-0.04,0.12,0.98,-3.15,0.7,-3.71
8,-0.04,0.12,0.98,-3.14,-0.13,-3.34
9,-0.04,0.12,0.99,-2.4,0.39,-2.95
10,-0.05,0.12,0.99,-2.59,-0.08,-3.92
11,-0.06,0.1,0.99,-1.79,-0.83,-3.95
12,-0.06,0.11,0.98,-1.38,-2.96,-3.63
13,-0.05,0.12,0.98,-1.5,-2.27,-3.09
14,-0.05,0.11,0.98,-2.21,-1.33,-2.41
15,-0.05,0.11,0.99,-2.24,-1.69,-1.18
16,-0.05,0.11,0.98,-2.12,-2.34,0.14
17,-0.02,0.11,0.99,-1.45,0.03,1.66
18,-0.02,0.12,0.98,-1.28,1.05,0.95
19,-0.05,0.12,0.98,-0.78,0.01,0.37
20,-0.03,0.13,0.98,-0.99,-1.6,-1.18
21,0.01,0.12,0.98,0.27,-1.29,-0.57
22,-0.01,0.12,0.98,1.02,-0.04,-1.48
23,-0.04,0.13,0.97,0.07,-0.65,-2.5
24,-0.05,0.13,0.96,-0.98,-1.3,-2.47
25,-0.02,0.13,0.97,-1.08,-2.21,-1.98
26,-0.01,0.13,0.99,-0.85,1.2,0.13
27,-0.04,0.13,0.96,-1.5,0.98,-0.83
28,-0.04,0.13,0.96,-1.74,-0.55,-1.12
29,-0.04,0.13,0.95,-2.69,-3.44,-3.06
30,0.01,0.13,0.96,-1.79,-2.54,-1.77
31,-0.03,0.13,0.96,-2.34,-2.53,-2.89
32,-0.03,0.13,0.97,-2.5,-4.78,-4.53
33,-0.03,0.14,0.96,-3.43,-5.88,-4.79
34,0.01,0.13,0.96,-2.94,-4.71,-2.94
35,0.01,0.13,0.98,-0.92,-1.44,-1.56
36,-0.03,0.14,0.96,-4.73,-5.01,-4.79
37,-0.02,0.14,0.96,-5.31,-5.42,-4.44
38,-0.0,0.14,0.99,-5.55,-5.22,-5.19
39,0.01,0.14,0.98,-5.68,-4.2,-4.76
40,0.03,0.12,1.0,-2.0,0.76,-1.01
41,-0.02,0.13,0.98,-2.28,0.47,-1.47
42,-0.01,0.13,0.97,-2.54,-1.47,-3.42
43,-0.01,0.13,0.98,-1.77,-0.76,-3.18
44,0.01,0.13,1.01,-2.33,-0.69,-0.87
45,0.01,0.12,0.99,4.03,3.11,2.11
46,-0.03,0.14,0.96,-0.77,4.49,1.33
47,-0.03,0.14,0.97,-2.62,2.42,-1.08
48,-0.03,0.13,0.98,-3.38,1.31,-1.57
49,-0.03,0.14,0.98,-3.58,0.92,-2.34
50,-0.01,0.13,1.0,-1.5,0.96,-1.88
51,-0.0,0.13,1.01,-0.99,2.25,-0.15
52,-0.03,0.14,0.98,-1.36,4.51,0.6
53,-0.04,0.13,0.99,-1.6,2.66,-0.88
54,-0.04,0.13,0.99,-1.56,1.25,-2.69
55,-0.04,0.13,0.99,-1.19,1.89,-2.92
56,-0.04,0.11,0.98,-1.18,0.04,-3.98
57,-0.02,0.12,0.99,0.21,0.35,-1.65
58,-0.03,0.13,0.99,0.56,2.13,0.8
59,-0.06,0.12,0.98,-0.4,1.39,0.34
60,-0.05,0.12,0.98,-0.63,0.2,-0.37
61,-0.05,0.13,0.98,-0.98,-0.76,-0.24
62,-0.03,0.13,0.97,-0.83,-0.46,0.49
63,-0.04,0.12,0.98,-0.84,-0.53,0.24
64,-0.04,0.12,0.99,-0.79,-1.54,-1.33
65,-0.04,0.13,0.99,-1.0,-1.38,-2.66
66,-0.02,0.13,0.98,-1.18,0.42,-2.27
67,-0.04,0.13,0.97,-2.15,1.81,-1.66
68,-0.03,0.13,0.97,-1.32,0.3,-1.98
69,-0.02,0.14,0.97,-1.47,-0.08,-3.0
70,-0.02,0.13,0.97,-1.46,-0.64,-3.81
71,0.0,0.14,0.97,-0.72,1.18,-1.63
72,-0.03,0.14,0.97,-1.48,0.84,-1.5
73,-0.03,0.13,0.98,-1.76,-0.31,-2.43
74,-0.03,0.14,0.97,-2.13,-0.99,-2.84
75,-0.03,0.14,0.97,-2.14,-1.98,-2.94
76,-0.03,0.14,0.96,-2.7,-3.88,-4.03
77,-0.02,0.14,0.98,-4.07,-4.27,-5.76
78,-0.02,0.14,0.97,-4.12,-4.75,-7.44
79,-0.02,0.14,0.97,-5.45,-5.5,-8.78
80,-0.03,0.14,0.99,-4.9,-6.19,-11.8
81,-0.06,0.26,1.0,-2.97,-12.55,-18.17
82,0.04,0.14,0.96,-0.48,1.61,-3.69
83,0.01,0.16,0.97,-1.32,5.66,-0.56
84,0.01,0.15,0.97,0.41,4.43,-1.54
85,-0.03,0.17,0.97,0.86,7.63,-1.34
86,0.02,0.16,0.95,1.27,5.14,-1.02
87,-0.03,0.16,0.95,-0.01,4.62,-2.98
88,-0.05,0.15,0.94,-1.34,2.61,-3.1
89,-0.05,0.15,0.94,-3.17,2.31,-3.32
90,-0.06,0.15,0.94,-5.15,-0.47,-5.05
91,-0.04,0.15,0.93,-5.99,-2.56,-5.85
92,-0.04,0.13,0.96,-6.07,-3.44,-5.06
93,-0.05,0.13,0.96,-6.34,-2.43,-3.92
94,-0.04,0.12,0.98,-6.24,-1.97,-2.45
95,-0.05,0.12,0.99,-6.75,-1.95,-1.98
96,-0.03,0.11,0.98,-6.79,-2.11,-2.85
97,-0.03,0.11,0.98,-5.6,-1.34,-1.98
98,-0.02,0.11,0.98,-5.26,-1.91,-2.8
99,-0.02,0.12,0.99,-4.54,-2.45,-2.32
100,-0.02,0.12,0.99,-3.27,-0.48,0.3
101,-0.04,0.12,0.99,-3.68,-0.53,-0.52
102,-0.03,0.13,0.98,-3.67,-1.11,-1.31
103,-0.03,0.12,0.99,-4.46,-1.3,-1.43
104,-0.04,0.13,0.98,-5.21,-2.98,-3.69
105,-0.03,0.13,0.99,-4.95,-3.4,-4.44
106,-0.0,0.13,0.99,-4.35,-2.66,-3.03
107,-0.02,0.13,0.99,-4.42,-1.5,-3.6
108,-0.02,0.12,0.99,-3.28,-1.89,-4.69
109,0.0,0.13,0.98,-1.51,0.68,-1.22
110,-0.02,0.13,0.99,-1.75,2.2,-0.32
111,-0.05,0.13,0.98,-2.18,-0.13,-2.77
112,-0.05,0.12,0.98,-2.98,-1.47,-3.97
113,-0.04,0.12,0.98,-3.12,-2.0,-4.18
114,-0.04,0.11,0.98,-3.42,-2.05,-3.8
115,-0.04,0.12,0.98,-3.13,-2.55,-4.43
116,-0.02,0.12,0.99,-2.21,-2.4,-2.69
117,-0.04,0.12,0.97,-2.67,-1.31,-2.27
118,-0.03,0.12,0.98,-3.21,-1.98,-3.11
119,-0.02,0.12,0.98,-2.92,-1.81,-2.78
120,-0.03,0.13,0.98,-3.26,-2.38,-2.89
121,-0.01,0.13,0.98,-2.95,-1.84,-1.77
122,-0.03,0.12,0.98,-2.74,-1.11,-2.53
123,-0.02,0.11,0.99,-1.61,-1.8,-2.5
124,-0.02,0.12,0.99,-0.62,-1.62,-3.24
125,-0.02,0.12,0.99,-0.76,-1.77,-4.24
126,-0.03,0.13,0.97,-0.6,-2.01,-4.53
127,-0.01,0.11,0.97,-0.3,-1.86,-3.33
128,-0.02,0.14,0.96,-0.66,1.14,-0.21
129,-0.02,0.13,0.96,-1.52,0.15,-0.87
130,-0.03,0.14,0.94,-2.24,-2.07,-1.99
131,-0.02,0.14,0.96,-2.9,-2.8,-3.08
132,-0.01,0.13,0.94,-2.58,-2.7,-2.76
133,0.01,0.14,0.94,-2.1,-0.62,-1.3
134,0.02,0.14,0.93,-2.27,-1.51,-2.12
135,0.04,0.15,0.9,-2.21,-1.02,-2.35
136,0.03,0.16,0.89,-3.38,-1.76,-3.15
137,0.05,0.17,0.88,-3.22,-0.85,-1.8
138,0.04,0.17,0.85,-3.25,-1.28,-1.51
139,0.06,0.17,0.85,-2.4,-3.0,-1.56
140,0.11,0.19,0.78,0.9,-1.21,-0.27
141,0.12,0.22,0.72,0.08,0.75,0.36
142,0.19,0.25,0.64,-0.37,7.44,1.63
143,0.18,0.24,0.63,-2.73,8.06,-2.48
144,0.05,0.28,0.6,-2.08,3.98,-1.5
145,0.08,0.27,0.49,0.41,-1.6,-4.67
146,0.03,0.24,0.38,6.42,-5.4,-4.48
147,0.13,0.27,0.32,1.92,-7.2,-1.06
148,0.3,0.28,0.26,-7.11,15.02,4.61
149,0.27,0.34,0.23,-16.13,42.98,6.97
150,0.11,0.36,0.1,-17.79,47.47,3.97
151,0.01,0.39,0.08,-28.63,39.39,-5.09
152,0.06,0.44,0.05,-45.63,32.72,-10.17
153,0.14,0.51,0.02,-58.82,31.21,-15.18
154,0.1,0.48,-0.01,-76.58,22.25,-26.12
155,0.08,0.46,0.03,-99.11,15.73,-39.24
156,-0.0,0.4,0.07,-125.47,6.73,-50.1
157,-0.07,0.32,0.13,-151.59,-4.77,-59.4
158,-0.12,0.17,0.24,-174.19,-18.74,-63.68
159,-0.16,-0.04,0.45,-193.85,-43.15,-67.05
160,-0.09,-0.17,0.62,-224.22,-37.4,-65.56
161,-0.01,-0.37,0.82,-214.18,-39.08,-57.69
162,-0.01,-0.47,0.88,-210.69,-47.41,-57.74
163,0.14,-0.68,1.17,-186.71,-37.85,-43.08
164,0.13,-0.75,1.19,-179.3,-26.18,-39.05
165,0.07,-0.81,1.23,-171.96,-13.85,-34.21
166,-0.01,-0.85,1.24,-163.2,-0.34,-28.34
167,-0.11,-0.9,1.24,-152.08,-0.04,-24.92
168,-0.18,-0.93,1.25,-142.7,-7.45,-21.05
169,-0.16,-0.94,1.29,-136.92,-8.44,-13.91
170,-0.12,-1.09,1.06,-128.6,-6.44,-12.86
171,-0.05,-0.99,1.28,-138.38,-2.65,-7.12
172,-0.06,-0.99,1.4,-127.15,8.46,-2.24
173,-0.13,-1.0,1.47,-104.03,18.04,11.69
174,-0.13,-0.97,1.42,-91.02,18.92,3.22
175,-0.25,-0.86,1.27,-78.85,18.2,-0.73
176,-0.26,-0.8,1.15,-69.68,6.99,-9.29
177,-0.26,-0.74,1.05,-63.28,-1.89,-10.29
178,-0.25,-0.73,1.02,-62.91,-10.2,-6.61
179,-0.2,-0.71,1.05,-69.13,-13.79,-1.56
180,-0.1,-0.72,1.09,-73.53,-8.83,2.79
181,0.08,-1.11,1.64,-53.77,54.41,5.21
182,-0.4,-1.44,2.0,21.64,71.89,-15.3
183,-0.23,-1.53,2.0,81.11,-16.09,-16.48
184,-0.01,-1.16,1.94,124.92,-37.15,-7.76
185,0.04,-0.81,1.4,131.47,-4.11,6.05
186,0.02,-0.57,1.21,108.08,30.85,14.94
187,-0.04,-0.39,1.02,78.33,48.25,16.3
188,-0.09,-0.2,0.86,45.66,45.04,12.54
189,-0.21,-0.13,0.77,15.96,32.69,15.06
190,-0.18,-0.07,0.77,-10.28,16.84,8.8
191,-0.17,-0.1,0.77,-31.0,0.52,2.41
192,-0.08,-0.18,0.87,-44.68,-7.27,-0.77
193,-0.11,-0.26,0.95,-48.98,-21.07,-10.21
194,-0.07,-0.36,1.08,-45.94,-27.72,-13.96
195,-0.07,-0.44,1.17,-37.05,-30.93,-12.66
196,-0.04,-0.49,1.18,-28.59,-31.22,-10.35
197,0.03,-0.49,1.16,-23.45,-25.47,-5.82
198,-0.0,-0.49,1.1,-21.21,-21.08,-1.41
199,-0.01,-0.54,1.14,-21.12,-13.05,-1.08
200,-0.02,-0.56,1.12,-14.23,-11.47,0.56
201,0.03,-0.6,1.19,-4.66,-10.24,-4.59
202,0.02,-0.63,1.24,6.36,-6.98,-5.05
203,-0.01,-0.65,1.27,14.58,1.99,-0.79
204,-0.01,-0.65,1.24,21.93,8.53,2.37
205,0.0,-0.62,1.22,29.15,19.44,8.41
206,-0.06,-0.62,1.18,33.05,28.84,14.48
207,-0.13,-0.58,1.15,35.1,29.75,16.38
208,-0.16,-0.56,1.1,37.0,28.19,18.19
209,-0.17,-0.54,1.08,37.82,23.75,18.64
210,-0.18,-0.51,1.07,39.07,19.08,19.76
211,-0.18,-0.5,1.06,38.61,11.84,19.53
212,-0.14,-0.49,1.05,39.41,10.31,20.28
213,-0.12,-0.48,1.03,40.96,8.21,20.82
214,-0.11,-0.46,1.02,41.02,7.65,19.5
215,-0.08,-0.46,1.02,42.98,8.45,18.07
216,-0.09,-0.47,1.03,45.95,9.19,17.12
217,-0.1,-0.46,1.02,50.74,8.07,15.73
218,-0.12,-0.45,1.0,53.8,6.18,11.95
219,-0.13,-0.43,0.98,56.89,3.01,10.03
220,-0.14,-0.41,0.96,57.86,-1.82,7.92
221,-0.11,-0.39,0.94,60.79,-3.91,9.32
222,-0.13,-0.36,0.9,60.28,-3.08,10.12
223,-0.15,-0.35,0.87,59.6,-2.7,10.57
224,-0.15,-0.33,0.85,56.34,-4.15,12.9
225,-0.15,-0.3,0.84,53.59,-6.12,13.61
226,-0.16,-0.29,0.82,49.69,-7.35,14.16
227,-0.14,-0.28,0.83,48.76,-5.82,16.02
228,-0.1,-0.28,0.84,48.83,-4.8,18.45
229,-0.08,-0.24,0.83,49.8,0.34,23.92
230,-0.09,-0.22,0.82,48.69,4.35,25.3
231,-0.07,-0.2,0.8,47.4,4.3,25.17
232,-0.06,-0.18,0.79,47.13,6.97,26.29
233,-0.08,-0.17,0.79,44.59,1.65,21.04
234,-0.07,-0.17,0.79,43.44,-5.92,13.62
235,-0.06,-0.15,0.8,41.81,-8.7,7.93
236,-0.08,-0.15,0.81,41.42,-14.42,2.85
237,-0.07,-0.15,0.83,40.53,-17.18,-0.3
238,-0.07,-0.14,0.83,37.91,-16.98,-1.73
239,-0.04,-0.16,0.85,37.63,-16.21,1.15
240,-0.05,-0.15,0.87,35.53,-12.52,3.55
241,-0.04,-0.16,0.87,34.87,-9.89,4.21
242,-0.03,-0.16,0.9,33.86,-5.98,3.08
243,-0.05,-0.15,0.9,36.48,-2.0,7.25
244,-0.06,-0.14,0.89,35.82,-3.18,5.48
245,-0.08,-0.13,0.87,35.05,-4.83,4.54
246,-0.07,-0.14,0.87,33.74,-6.89,3.14
247,-0.06,-0.13,0.87,32.83,-7.5,2.92
248,-0.07,-0.13,0.87,31.34,-7.81,3.02
249,-0.07,-0.13,0.88,29.43,-7.86,2.71
250,-0.07,-0.13,0.88,28.47,-9.19,2.45
251,-0.07,-0.11,0.89,27.65,-9.89,2.11
252,-0.06,-0.12,0.89,26.34,-10.27,2.44
253,-0.06,-0.12,0.91,25.25,-8.25,3.13
254,-0.06,-0.11,0.92,23.73,-6.87,4.09
255,-0.06,-0.11,0.92,24.31,-4.79,5.24
256,-0.06,-0.09,0.93,23.59,-4.03,5.37
257,-0.06,-0.09,0.92,22.33,-3.32,5.45
258,-0.08,-0.11,0.93,23.31,-4.76,4.53
259,-0.07,-0.09,0.92,24.85,-3.47,6.66
260,-0.04,-0.08,0.93,25.58,-5.25,7.64
261,-0.04,-0.07,0.91,25.26,-6.42,6.45
262,-0.04,-0.06,0.92,24.74,-8.47,6.72
263,-0.04,-0.04,0.9,22.88,-9.52,4.27
264,-0.03,-0.04,0.91,20.65,-9.24,4.55
265,-0.04,-0.03,0.92,18.85,-9.82,4.63
266,-0.03,-0.02,0.94,16.58,-9.37,5.18
267,-0.02,-0.02,0.93,12.98,-9.44,5.26
268,0.01,-0.02,0.96,13.92,-7.5,6.83
269,0.0,-0.02,0.97,14.11,-6.32,5.88
270,-0.01,-0.02,0.98,15.56,-7.08,4.94
271,0.0,-0.02,0.98,17.7,-7.5,3.63
272,-0.0,-0.01,0.97,18.93,-7.14,2.45
273,-0.01,0.0,0.96,19.18,-7.55,2.81
274,0.0,0.01,0.95,19.32,-7.29,2.4
275,-0.02,0.02,0.95,19.49,-6.35,1.3
276,-0.02,0.01,0.96,19.97,-7.4,0.47
277,-0.03,0.03,0.96,20.05,-7.14,-0.25
278,-0.03,0.04,0.95,20.44,-6.87,-1.46
279,-0.03,0.05,0.95,21.55,-5.09,-0.76
280,-0.03,0.06,0.95,21.73,-4.55,0.53
281,-0.01,0.07,0.99,22.26,-0.74,5.1
282,0.01,0.1,0.92,19.46,-1.72,4.23
283,0.04,0.12,0.9,20.34,3.55,5.92
284,0.04,0.13,0.9,17.31,7.22,0.94
285,0.01,0.12,0.9,15.93,5.5,-3.47
286,-0.01,0.12,0.89,15.55,4.21,-6.69
287,-0.03,0.12,0.9,14.05,1.05,-10.85
288,-0.03,0.12,0.91,11.63,-0.8,-14.0
289,0.02,0.1,0.93,12.01,3.01,-14.82
290,0.01,0.07,0.96,15.08,9.77,-12.55
291,-0.05,0.06,0.96,19.28,11.37,-12.99
292,-0.07,0.04,0.93,23.97,11.84,-13.01
293,-0.11,0.05,0.91,26.52,8.94,-14.8
294,-0.13,0.08,0.85,26.88,3.44,-17.39
295,-0.15,0.09,0.84,24.36,-1.43,-18.56
296,-0.14,0.09,0.85,21.63,-4.73,-18.52
297,-0.14,0.09,0.85,18.4,-6.97,-17.44
298,-0.15,0.09,0.87,15.76,-6.03,-14.1
299,-0.11,0.08,0.89,15.15,-5.51,-7.88
300,-0.1,0.08,0.89,13.95,-2.43,-0.6
301,-0.07,0.1,0.89,10.9,2.24,6.05
302,-0.04,0.11,0.89,6.33,7.34,11.24
303,-0.04,0.11,0.9,2.51,10.72,13.28
304,-0.05,0.11,0.91,2.05,9.67,13.08
305,-0.04,0.1,0.94,2.97,7.24,11.56
306,-0.04,0.11,0.94,5.16,4.26,8.36
307,-0.05,0.11,0.95,8.05,0.6,5.33
308,-0.07,0.12,0.94,9.41,-1.95,3.07
309,-0.07,0.14,0.94,8.41,-5.31,-0.11
310,-0.06,0.14,0.95,6.07,-5.72,-0.78
311,-0.07,0.14,0.95,3.76,-5.25,-0.08
312,-0.05,0.14,0.96,2.21,-3.66,2.44
313,-0.01,0.14,0.97,1.54,-1.63,4.2
314,0.02,0.14,0.98,2.13,1.54,5.34
315,0.01,0.13,0.99,3.34,2.36,5.0
316,0.0,0.13,0.99,4.46,1.59,2.56
317,0.02,0.13,0.99,5.01,1.55,-0.76
318,-0.01,0.14,0.98,5.18,0.73,-4.02
319,-0.02,0.14,0.97,5.99,-1.44,-5.88
320,-0.02,0.14,0.98,6.02,-4.0,-8.31
321,-0.05,0.14,0.97,6.39,-4.05,-9.1
322,-0.06,0.14,0.96,7.32,-5.28,-9.68
323,-0.07,0.13,0.97,8.01,-6.46,-9.95
324,-0.05,0.14,0.96,9.66,-4.69,-7.1
325,-0.07,0.15,0.94,9.31,-2.63,-5.82
326,-0.07,0.16,0.94,9.58,-2.53,-3.92
327,-0.08,0.18,0.92,7.64,-2.0,-3.77
328,-0.07,0.19,0.91,5.48,-1.35,-2.78
329,-0.06,0.19,0.91,3.46,-2.19,-1.96
330,-0.05,0.2,0.91,0.53,-1.44,-1.46
331,-0.05,0.2,0.91,-2.89,-1.37,-2.36
332,-0.05,0.2,0.92,-5.37,-1.02,-1.47
333,-0.02,0.19,0.93,-7.26,-1.2,-0.05
334,-0.01,0.19,0.94,-8.95,1.33,1.0
335,-0.01,0.17,0.95,-10.24,2.08,0.08
336,-0.02,0.16,0.96,-10.25,2.6,-0.24
337,0.01,0.16,0.96,-9.32,3.82,0.61
338,0.0,0.15,0.96,-9.11,5.9,-0.53
339,0.01,0.14,0.96,-7.98,5.98,-2.67
340,0.03,0.14,0.96,-7.27,6.6,-5.07
341,0.03,0.14,0.94,-7.0,7.75,-6.0
342,-0.01,0.15,0.95,-7.99,6.64,-8.89
343,-0.04,0.15,0.95,-8.76,4.08,-12.19
344,-0.06,0.14,0.96,-9.95,0.59,-14.69
345,-0.04,0.11,0.98,-8.59,1.88,-12.28
346,-0.07,0.11,0.99,-9.05,3.98,-10.49
347,-0.08,0.11,1.01,-8.85,5.24,-9.17
348,-0.07,0.12,1.0,-8.24,5.88,-8.44
349,-0.06,0.14,0.98,-7.99,7.66,-6.71
350,-0.1,0.14,0.98,-7.59,6.49,-7.48
351,-0.1,0.14,0.97,-7.63,2.6,-9.87
352,-0.09,0.14,0.96,-7.56,-0.06,-10.81
353,-0.08,0.14,0.95,-8.08,-0.5,-11.57
354,-0.12,0.14,0.95,-9.23,-0.85,-11.92
355,-0.1,0.13,0.98,-6.95,-0.05,-8.98
356,-0.13,0.14,0.95,-9.9,-4.92,-12.19
357,-0.1,0.13,0.96,-9.66,-5.86,-11.63
358,-0.12,0.11,0.99,-9.66,-5.67,-11.34
359,-0.12,0.11,1.01,-9.76,-5.85,-10.28
360,-0.13,0.09,1.0,-9.39,-5.79,-9.09
361,-0.11,0.1,1.01,-7.43,-4.95,-5.1
362,-0.09,0.1,1.01,-7.63,-0.26,-1.14
363,-0.11,0.1,1.0,-9.27,0.37,-0.44
364,-0.11,0.1,1.01,-8.59,-1.03,-0.95
365,-0.09,0.1,1.01,-6.98,-3.27,-0.57
366,-0.06,0.1,1.02,-5.15,-2.18,-0.46
367,-0.08,0.1,1.03,-4.41,-2.76,-2.95
368,-0.08,0.09,1.04,-3.01,-3.53,-3.67
369,-0.1,0.09,1.03,-1.71,-4.91,-5.19
370,-0.06,0.09,1.02,-0.95,-4.4,-3.46
371,-0.08,0.09,1.01,-0.33,-0.86,-1.81
372,-0.09,0.08,1.0,-0.4,-1.18,-2.75
373,-0.1,0.09,1.0,-0.15,-2.52,-2.46
374,-0.08,0.09,0.99,-0.04,-2.53,-1.95
375,-0.07,0.09,0.98,0.87,-1.24,-1.03
376,-0.09,0.09,0.97,0.27,-1.79,-0.58
377,-0.08,0.09,0.97,-1.01,-1.96,-0.33
378,-0.08,0.1,0.95,-1.96,-2.69,-1.15
379,-0.05,0.1,0.96,-2.03,-3.01,-1.28
380,-0.07,0.09,0.96,-2.4,-3.15,-1.34
381,-0.05,0.08,0.98,-0.91,-2.2,0.72
382,-0.05,0.09,0.99,0.08,-1.25,0.18
383,-0.04,0.1,1.0,1.54,-0.41,-0.45
384,-0.08,0.1,0.98,2.4,-0.85,-1.37
385,-0.07,0.12,0.97,2.4,-2.48,-2.24
386,-0.05,0.13,0.96,1.46,-1.69,-1.87
387,-0.07,0.12,0.96,0.83,-1.42,-1.98
388,-0.07,0.12,0.97,0.15,-2.31,-1.4
389,-0.05,0.12,0.97,0.92,-2.56,-1.04
390,-0.04,0.12,0.97,-0.09,-1.8,-2.17
391,-0.04,0.12,0.97,0.2,-1.92,-1.43
392,-0.05,0.13,0.98,-0.11,-1.05,-0.92
393,-0.05,0.12,0.97,-1.95,-1.76,-3.05
394,-0.05,0.11,0.98,-1.53,-1.39,-3.26
395,-0.05,0.11,0.98,-0.87,-1.56,-3.41
396,-0.06,0.12,0.98,-0.73,-1.76,-3.31
397,-0.06,0.13,0.97,-2.28,-2.91,-3.79
398,-0.06,0.11,0.99,-2.91,-3.69,-4.23
399,-0.05,0.1,1.0,-2.0,-2.9,-3.05
