,accel_x,accel_y,accel_z,gyro_x,gyro_y,gyro_z
0,0.18,0.29,0.91,0.29,-3.53,0.02
1,0.19,0.32,0.91,-1.24,-2.62,-1.59
2,0.19,0.31,0.9,-2.32,-1.18,-2.76
3,0.17,0.3,0.91,-2.87,-0.7,-3.53
4,0.17,0.31,0.9,-3.73,0.24,-3.27
5,0.17,0.3,0.9,-5.44,2.06,-2.47
6,0.17,0.28,0.91,-6.58,2.37,-2.81
7,0.16,0.27,0.91,-6.89,2.59,-3.52
8,0.14,0.28,0.91,-8.17,2.29,-3.15
9,0.16,0.28,0.93,-9.78,1.04,-3.63
10,0.16,0.28,0.94,-11.27,2.95,-2.98
11,0.14,0.27,0.94,-12.66,5.31,-3.4
12,0.11,0.25,0.95,-12.52,4.63,-3.88
13,0.1,0.25,0.96,-10.94,1.56,-4.63
14,0.09,0.26,0.95,-8.49,-0.3,-6.2
15,0.12,0.29,0.93,-8.94,-1.48,-8.45
16,0.13,0.3,0.92,-10.81,-0.31,-9.33
17,0.14,0.28,0.93,-13.15,2.2,-8.21
18,0.09,0.26,0.95,-14.61,2.54,-8.44
19,0.06,0.24,0.96,-14.89,2.21,-7.15
20,0.04,0.24,0.97,-13.26,-1.31,-7.06
21,0.06,0.23,0.97,-11.09,-3.14,-6.31
22,0.08,0.21,0.97,-10.72,-3.12,-6.77
23,0.09,0.22,0.97,-10.65,-1.66,-5.72
24,0.09,0.22,0.97,-10.83,1.81,-2.23
25,0.07,0.23,0.99,-10.24,3.44,1.23
26,0.08,0.23,0.99,-9.64,2.53,2.51
27,0.1,0.24,1.0,-8.27,1.08,2.19
28,0.12,0.24,1.0,-7.54,0.5,0.52
29,0.09,0.24,1.0,-5.65,1.21,0.61
30,0.13,0.25,1.0,-5.4,-1.67,1.2
31,0.15,0.23,1.0,-6.19,-2.78,1.15
32,0.15,0.23,1.02,-5.7,-3.61,0.55
33,0.16,0.23,1.0,-5.75,-2.79,0.66
34,0.15,0.21,1.0,-5.85,-2.43,1.15
35,0.13,0.21,1.01,-4.86,-4.27,0.5
36,0.14,0.2,1.01,-3.91,-5.15,-0.05
37,0.14,0.18,1.03,-0.88,-4.75,-0.68
38,0.11,0.2,1.03,1.38,-11.5,-3.18
39,0.15,0.22,1.02,3.22,-11.36,-3.12
40,0.15,0.22,1.01,4.11,-11.5,-3.4
41,0.15,0.22,0.99,5.47,-12.21,-3.5
42,0.14,0.23,0.98,6.15,-12.56,-3.08
43,0.14,0.24,0.99,6.68,-13.55,-3.45
44,0.16,0.24,0.99,8.08,-15.18,-3.71
45,0.17,0.25,0.97,8.38,-15.6,-4.26
46,0.17,0.25,0.98,8.11,-15.98,-5.08
47,0.2,0.25,0.98,8.48,-15.38,-5.78
48,0.21,0.25,0.98,10.07,-12.89,-5.4
49,0.19,0.27,0.97,10.44,-9.7,-4.69
50,0.18,0.28,0.96,9.5,-8.82,-4.43
51,0.18,0.28,0.96,9.5,-10.13,-4.83
52,0.18,0.29,0.95,9.82,-9.93,-5.47
53,0.18,0.29,0.96,8.5,-9.73,-6.36
54,0.2,0.29,0.97,8.02,-9.7,-8.39
55,0.2,0.28,0.97,9.66,-10.58,-10.44
56,0.21,0.28,0.98,11.35,-11.04,-11.71
57,0.2,0.29,0.98,10.82,-9.6,-12.31
58,0.18,0.29,0.98,10.55,-8.67,-12.26
59,0.18,0.29,0.98,11.3,-7.73,-12.15
60,0.17,0.29,0.98,11.77,-8.52,-12.1
61,0.17,0.29,0.99,13.19,-10.06,-12.52
62,0.19,0.31,0.99,13.79,-9.89,-12.83
63,0.19,0.3,0.98,14.11,-7.31,-12.61
64,0.18,0.3,0.97,15.54,-7.98,-12.37
65,0.19,0.32,0.96,15.22,-6.46,-12.62
66,0.19,0.33,0.94,15.2,-5.47,-13.18
67,0.17,0.33,0.94,14.28,-5.22,-14.28
68,0.14,0.33,0.93,13.46,-5.91,-14.26
69,0.14,0.33,0.93,11.9,-6.93,-14.89
70,0.14,0.32,0.92,11.66,-6.8,-14.81
71,0.14,0.32,0.92,11.1,-6.96,-13.9
72,0.13,0.31,0.92,10.02,-6.81,-12.51
73,0.13,0.31,0.92,10.24,-7.98,-11.37
74,0.13,0.3,0.91,9.91,-8.24,-10.93
75,0.13,0.3,0.9,8.69,-8.05,-10.59
76,0.12,0.3,0.9,6.14,-8.96,-11.27
77,0.12,0.28,0.91,5.76,-11.04,-12.02
78,0.15,0.27,0.92,6.06,-13.13,-12.37
79,0.16,0.26,0.92,5.57,-13.97,-12.95
80,0.19,0.26,0.92,5.59,-11.7,-12.84
81,0.19,0.25,0.93,6.5,-8.08,-11.76
82,0.18,0.24,0.94,13.03,2.3,-10.93
83,0.12,0.25,0.92,11.25,-7.82,-6.23
84,0.15,0.27,0.9,13.37,-4.93,-3.63
85,0.14,0.28,0.89,13.88,-7.46,-3.77
86,0.14,0.31,0.88,15.76,-8.98,-3.85
87,0.17,0.32,0.88,15.89,-11.34,-6.0
88,0.19,0.33,0.89,15.47,-10.15,-7.25
89,0.19,0.34,0.88,15.34,-12.54,-8.92
90,0.19,0.34,0.89,15.08,-12.13,-9.13
91,0.2,0.34,0.9,14.6,-11.44,-9.24
92,0.2,0.34,0.9,15.47,-10.61,-8.63
93,0.2,0.34,0.91,16.18,-9.08,-7.85
94,0.19,0.34,0.92,16.53,-10.65,-8.43
95,0.21,0.36,0.9,17.62,-11.6,-8.56
96,0.26,0.37,0.92,20.4,-2.66,-5.3
97,0.23,0.42,0.89,17.12,-8.85,-8.94
98,0.22,0.42,0.89,13.78,-6.74,-8.06
99,0.2,0.42,0.91,12.01,-8.14,-8.92
100,0.21,0.43,0.89,12.99,-10.15,-9.22
101,0.25,0.44,0.88,13.1,-9.5,-9.66
102,0.24,0.43,0.89,13.59,-6.92,-12.42
103,0.23,0.44,0.87,11.92,-10.92,-14.97
104,0.23,0.45,0.88,11.06,-10.48,-15.37
105,0.21,0.45,0.88,9.37,-11.07,-16.33
106,0.19,0.45,0.87,8.15,-12.4,-15.85
107,0.21,0.44,0.88,6.98,-12.71,-15.71
108,0.21,0.43,0.88,6.69,-14.53,-17.27
109,0.22,0.43,0.87,6.2,-14.3,-17.98
110,0.23,0.43,0.87,6.67,-14.12,-17.21
111,0.21,0.44,0.87,6.26,-14.87,-17.92
112,0.2,0.45,0.85,4.82,-15.15,-18.4
113,0.18,0.44,0.86,4.11,-17.28,-18.84
114,0.19,0.44,0.86,3.25,-19.7,-18.96
115,0.23,0.43,0.86,3.31,-20.25,-19.45
116,0.24,0.44,0.85,2.55,-20.76,-20.79
117,0.25,0.43,0.85,2.51,-19.33,-22.25
118,0.27,0.43,0.86,1.51,-18.29,-24.34
119,0.26,0.41,0.86,1.41,-16.88,-24.22
120,0.23,0.41,0.86,0.98,-15.37,-23.37
121,0.23,0.41,0.86,0.62,-14.31,-21.51
122,0.23,0.4,0.87,0.44,-11.6,-20.15
123,0.22,0.4,0.86,-0.38,-8.44,-19.02
124,0.2,0.39,0.85,0.28,-8.37,-18.22
125,0.18,0.4,0.85,1.43,-8.93,-18.01
126,0.16,0.4,0.84,3.65,-11.98,-18.11
127,0.18,0.41,0.83,5.68,-15.53,-18.64
128,0.21,0.42,0.8,6.55,-16.38,-19.07
129,0.23,0.43,0.79,5.92,-14.32,-19.13
130,0.23,0.45,0.78,3.87,-11.79,-18.31
131,0.24,0.45,0.76,0.21,-11.56,-18.82
132,0.23,0.45,0.74,-0.25,-7.82,-15.39
133,0.24,0.43,0.73,-2.64,-5.14,-16.39
134,0.23,0.44,0.71,-2.03,-3.71,-14.28
135,0.22,0.44,0.68,-6.0,-3.82,-14.91
136,0.22,0.42,0.63,-6.58,-4.88,-17.68
137,0.25,0.4,0.58,-8.46,-3.93,-17.5
138,0.28,0.35,0.49,-11.87,-2.42,-17.73
139,0.31,0.28,0.38,-12.53,0.32,-17.78
140,0.37,0.21,0.24,-12.31,1.4,-15.12
141,0.41,0.09,0.04,-7.66,6.31,-4.95
142,0.52,-0.03,-0.15,0.55,11.4,4.04
143,0.64,-0.07,-0.42,8.6,26.43,8.0
144,0.66,0.01,-0.76,5.89,43.31,7.02
145,0.59,0.16,-1.09,-12.8,61.29,-0.11
146,0.35,0.33,-1.33,-46.22,78.56,-5.03
147,0.15,0.5,-1.51,-89.15,94.4,-11.96
148,-0.13,0.66,-1.68,-125.63,91.11,-12.06
149,-0.21,0.78,-1.94,-164.12,75.67,-17.71
150,-0.3,0.91,-2.0,-211.98,36.7,-22.67
151,-0.21,1.03,-2.0,-250.14,-7.22,-32.02
152,0.01,1.23,-2.0,-250.14,-66.91,-58.2
153,0.49,1.35,-2.0,-250.14,-79.18,-93.76
154,1.07,1.05,-1.97,-250.14,-46.37,-114.77
155,1.24,0.46,-1.72,-250.14,37.84,-134.5
156,1.05,-1.0,-1.24,-250.14,130.12,-125.31
157,0.39,-2.0,-0.22,-250.14,166.63,-144.83
158,-1.37,-2.0,2.0,-250.14,84.79,-97.51
159,-2.0,-2.0,2.0,-250.14,-91.79,1.02
160,-1.25,-2.0,2.0,-154.75,-158.46,53.21
161,-0.48,-2.0,2.0,-64.52,-134.4,30.37
162,-0.22,-2.0,2.0,-18.65,-116.31,47.43
163,0.2,-2.0,2.0,6.88,-91.56,80.11
164,0.55,-1.36,2.0,-13.51,5.17,106.4
165,0.42,-1.04,2.0,5.44,51.22,113.92
166,0.19,-0.62,2.0,-5.23,85.1,93.04
167,0.09,-0.33,2.0,14.92,52.15,73.26
168,0.17,0.04,1.84,7.71,31.68,48.0
169,0.21,0.27,1.77,-7.28,29.38,27.81
170,0.07,0.29,1.83,-21.15,37.97,3.72
171,-0.52,0.25,1.85,-47.27,31.84,-0.25
172,-0.64,0.04,1.67,-64.06,5.05,8.27
173,-0.39,-0.36,1.57,-64.0,-31.54,19.89
174,-0.05,-0.73,1.35,-46.2,-49.23,19.25
175,0.33,-1.13,1.37,-6.12,-58.8,20.05
176,0.55,-1.27,1.32,34.69,-69.69,27.18
177,0.65,-1.13,1.19,70.52,-67.93,30.49
178,0.72,-0.88,0.95,86.45,-45.19,22.2
179,0.6,-0.66,0.79,86.14,-25.87,12.01
180,0.44,-0.51,0.68,79.08,-13.56,7.39
181,0.29,-0.44,0.62,74.72,-20.63,4.37
182,0.23,-0.39,0.55,69.18,-21.48,5.6
183,0.21,-0.32,0.52,59.47,-20.79,7.24
184,0.25,-0.32,0.55,50.69,-16.46,10.01
185,0.29,-0.33,0.58,43.27,-5.43,12.09
186,0.31,-0.33,0.65,41.07,3.1,14.07
187,0.32,-0.34,0.68,38.05,14.3,16.1
188,0.27,-0.33,0.71,32.69,25.89,15.68
189,0.19,-0.33,0.74,27.77,30.37,10.83
190,0.1,-0.31,0.77,24.18,26.11,4.06
191,0.06,-0.34,0.83,21.32,25.85,0.55
192,0.01,-0.34,0.89,18.6,27.12,-0.14
193,-0.13,-0.31,0.93,15.79,24.93,5.24
194,-0.24,-0.29,0.95,14.52,18.32,12.8
195,-0.31,-0.26,0.96,14.19,4.27,21.09
196,-0.28,-0.24,0.97,12.82,-6.97,27.69
197,-0.19,-0.26,0.99,10.8,-14.87,31.06
198,-0.11,-0.31,1.0,11.96,-24.76,32.93
199,0.01,-0.36,1.01,17.72,-36.89,31.58
200,0.21,-0.38,0.98,21.72,-37.36,26.55
201,0.32,-0.39,0.95,27.18,-31.16,22.17
202,0.36,-0.37,0.94,28.73,-19.06,18.87
203,0.35,-0.35,0.91,26.95,-7.67,16.53
204,0.3,-0.31,0.85,21.77,5.25,14.01
205,0.21,-0.31,0.84,13.91,17.89,10.24
206,0.1,-0.33,0.86,10.4,19.73,10.81
207,0.02,-0.34,0.85,8.83,12.62,11.63
208,0.03,-0.35,0.88,12.27,5.32,15.06
209,0.06,-0.33,0.87,13.88,0.64,15.21
210,0.09,-0.3,0.86,12.48,2.23,16.37
211,0.08,-0.28,0.88,10.77,4.44,14.49
212,0.08,-0.29,0.88,7.03,9.96,16.23
213,0.06,-0.29,0.91,7.37,11.53,19.8
214,0.07,-0.28,0.91,6.78,12.47,20.45
215,0.09,-0.28,0.91,6.45,13.05,20.73
216,0.11,-0.27,0.91,2.93,17.65,17.69
217,0.09,-0.29,0.92,-0.95,19.47,12.05
218,0.05,-0.32,0.94,-2.38,18.43,8.98
219,0.02,-0.35,0.94,-1.15,14.66,7.2
220,0.03,-0.36,0.96,-0.08,11.58,6.14
221,0.02,-0.39,0.95,1.08,8.72,3.21
222,0.03,-0.41,0.96,3.91,3.27,-0.22
223,0.02,-0.43,1.0,7.01,-4.49,-2.38
224,0.08,-0.44,1.0,11.32,-9.52,-2.35
225,0.18,-0.42,1.0,12.76,-6.11,-1.36
226,0.17,-0.41,1.0,13.34,1.92,0.98
227,0.17,-0.4,1.0,13.94,9.74,1.75
228,0.14,-0.38,0.98,14.85,17.92,3.27
229,0.09,-0.33,0.96,15.45,20.89,4.86
230,0.06,-0.27,0.94,14.81,19.85,3.34
231,0.03,-0.22,0.93,12.44,13.04,-0.21
232,-0.01,-0.19,0.92,10.21,6.15,-2.0
233,-0.01,-0.18,0.94,8.09,1.46,-2.76
234,0.01,-0.2,0.95,6.5,-2.03,-4.14
235,0.04,-0.22,0.99,5.5,-2.61,-6.02
236,0.06,-0.24,1.02,6.4,-2.56,-6.05
237,0.07,-0.22,1.04,7.92,-4.83,-3.93
238,0.07,-0.2,1.03,7.56,-4.98,-3.47
239,0.04,-0.18,1.03,6.91,-5.89,-2.2
240,0.05,-0.18,1.04,5.56,-8.28,-3.56
241,0.04,-0.18,1.04,3.89,-10.98,-5.6
242,0.04,-0.19,1.06,2.66,-15.36,-9.31
243,0.04,-0.21,1.08,2.53,-20.82,-12.99
244,0.07,-0.21,1.11,3.19,-25.31,-16.11
245,0.12,-0.22,1.11,2.88,-24.78,-17.74
246,0.13,-0.24,1.13,1.46,-21.73,-18.56
247,0.13,-0.26,1.14,1.98,-17.64,-16.24
248,0.14,-0.28,1.16,4.15,-13.2,-14.34
249,0.1,-0.28,1.15,0.89,-14.22,-14.76
250,0.07,-0.28,1.14,6.05,-9.9,-11.96
251,0.06,-0.28,1.15,7.45,-10.85,-11.82
252,0.04,-0.27,1.16,8.98,-10.47,-10.21
253,0.06,-0.26,1.13,7.85,-10.79,-11.4
254,0.07,-0.24,1.1,6.93,-12.19,-11.34
255,0.1,-0.26,1.12,7.99,-10.0,-14.12
256,0.06,-0.26,1.13,12.43,-15.84,-15.94
257,0.08,-0.27,1.13,17.5,-21.5,-16.93
258,0.13,-0.3,1.14,23.24,-20.86,-15.66
259,0.14,-0.29,1.14,29.85,-17.56,-12.93
260,0.16,-0.26,1.13,34.14,-11.83,-8.98
261,0.13,-0.23,1.09,37.15,-6.67,-5.66
262,0.07,-0.2,1.07,37.39,-4.23,-3.95
263,0.03,-0.2,1.07,36.7,-5.25,-3.67
264,0.02,-0.2,1.05,37.49,-9.48,-4.44
265,0.02,-0.21,1.05,38.05,-13.85,-6.0
266,0.01,-0.2,1.03,38.52,-20.51,-7.41
267,0.04,-0.2,1.01,39.07,-24.8,-7.7
268,0.1,-0.19,0.99,38.66,-23.48,-7.47
269,0.11,-0.17,0.99,34.75,-21.11,-8.28
270,0.13,-0.19,1.0,34.37,-15.77,-6.72
271,0.12,-0.21,1.0,34.19,-12.18,-7.18
272,0.11,-0.22,1.0,35.93,-8.58,-4.75
273,0.1,-0.23,0.99,38.64,-4.71,-1.02
274,0.09,-0.21,0.98,40.55,-3.21,1.07
275,0.08,-0.18,0.95,41.53,-3.27,2.89
276,0.08,-0.15,0.93,41.28,-4.0,2.49
277,0.08,-0.13,0.92,40.18,-2.36,3.53
278,0.07,-0.11,0.89,35.98,0.08,3.85
279,0.06,-0.1,0.89,32.34,1.4,5.0
280,0.06,-0.12,0.89,30.44,0.4,2.86
281,0.05,-0.13,0.9,31.43,-2.67,1.97
282,0.05,-0.16,0.94,34.86,-5.26,3.5
283,0.04,-0.18,0.95,39.57,-8.08,5.61
284,0.06,-0.15,0.92,41.97,-10.05,5.77
285,0.08,-0.13,0.93,45.42,-12.63,4.35
286,0.1,-0.1,0.9,47.24,-15.11,2.28
287,0.1,-0.05,0.87,46.56,-17.32,-0.37
288,0.08,-0.03,0.86,43.5,-18.84,-1.43
289,0.12,-0.04,0.89,41.57,-18.34,-0.17
290,0.16,-0.05,0.89,39.9,-16.74,1.43
291,0.18,-0.05,0.91,37.81,-11.42,4.17
292,0.18,-0.05,0.92,36.56,-6.8,5.76
293,0.17,-0.04,0.93,36.18,-4.74,6.92
294,0.14,-0.02,0.92,34.76,-3.28,7.17
295,0.12,-0.03,0.93,34.8,-6.68,6.62
296,0.16,-0.03,0.94,35.8,-6.73,5.17
297,0.16,-0.03,0.94,37.54,-10.93,2.85
298,0.17,-0.01,0.94,37.55,-8.64,0.8
299,0.12,-0.01,0.94,39.43,-9.95,1.46
300,0.13,0.0,0.93,40.19,-11.79,1.69
301,0.12,0.01,0.94,39.85,-10.69,3.39
302,0.12,0.03,0.94,41.34,-14.31,4.06
303,0.15,0.06,0.92,41.25,-12.17,5.26
304,0.14,0.09,0.91,39.22,-10.05,6.76
305,0.16,0.1,0.91,37.0,-9.63,5.82
306,0.16,0.12,0.91,34.35,-8.11,5.41
307,0.15,0.12,0.89,31.36,-8.44,5.08
308,0.16,0.13,0.9,29.91,-8.03,4.89
309,0.17,0.13,0.9,27.93,-9.76,3.02
310,0.17,0.14,0.9,26.37,-9.21,1.67
311,0.15,0.13,0.91,25.36,-11.88,-0.49
312,0.15,0.12,0.91,23.82,-14.47,-2.33
313,0.16,0.11,0.91,21.18,-14.5,-4.48
314,0.15,0.1,0.93,22.26,-17.76,-5.07
315,0.18,0.07,0.94,23.85,-16.63,-3.95
316,0.19,0.08,0.94,26.21,-14.7,-0.87
317,0.19,0.09,0.94,27.12,-14.72,0.58
318,0.21,0.1,0.93,27.26,-13.29,0.51
319,0.2,0.1,0.92,27.09,-13.47,0.22
320,0.18,0.12,0.92,28.07,-14.17,1.06
321,0.23,0.14,0.92,27.66,-13.76,0.88
322,0.2,0.15,0.9,25.93,-11.17,1.6
323,0.21,0.14,0.91,25.58,-9.31,3.05
324,0.21,0.15,0.91,26.08,-10.05,3.95
325,0.23,0.16,0.91,26.15,-8.23,3.98
326,0.25,0.17,0.9,25.48,-7.9,1.67
327,0.24,0.19,0.89,24.37,-8.98,-0.84
328,0.25,0.19,0.9,25.11,-8.8,-1.02
329,0.23,0.19,0.9,24.22,-8.96,-1.56
330,0.24,0.21,0.89,23.86,-7.34,-0.29
331,0.23,0.23,0.88,22.76,-4.53,0.51
332,0.23,0.25,0.88,20.4,-4.69,-0.15
333,0.25,0.24,0.89,18.58,-4.28,-1.89
334,0.28,0.24,0.89,16.69,-3.08,-5.21
335,0.29,0.23,0.89,13.95,0.72,-7.53
336,0.26,0.22,0.9,11.62,3.95,-8.86
337,0.23,0.21,0.91,10.46,5.28,-9.3
338,0.2,0.21,0.92,10.43,4.21,-9.14
339,0.2,0.22,0.92,10.27,2.69,-8.92
340,0.2,0.21,0.93,11.08,1.85,-8.78
341,0.22,0.2,0.92,12.01,1.81,-9.4
342,0.22,0.2,0.92,13.4,3.88,-7.85
343,0.22,0.21,0.91,13.66,5.98,-5.88
344,0.21,0.22,0.9,13.81,6.5,-4.22
345,0.2,0.24,0.9,14.05,5.03,-3.84
346,0.21,0.25,0.89,13.82,5.15,-3.63
347,0.19,0.27,0.88,11.73,3.79,-3.84
348,0.19,0.27,0.9,11.34,2.29,-3.53
349,0.18,0.26,0.9,10.83,0.16,-3.11
350,0.18,0.26,0.9,11.49,-1.21,-2.4
351,0.2,0.26,0.89,11.43,-2.04,-1.6
352,0.2,0.27,0.9,11.11,-2.28,-2.07
353,0.2,0.28,0.91,11.3,-2.86,-2.17
354,0.18,0.27,0.89,11.95,-3.27,-2.42
355,0.18,0.29,0.89,12.19,-5.78,-1.98
356,0.2,0.3,0.88,11.42,-7.97,-2.47
357,0.23,0.3,0.88,9.04,-7.88,-4.16
358,0.24,0.3,0.88,6.35,-5.69,-4.25
359,0.23,0.28,0.89,5.14,-4.47,-3.87
360,0.22,0.28,0.9,4.72,-5.45,-3.66
361,0.21,0.27,0.91,5.17,-5.68,-2.96
362,0.21,0.27,0.91,5.56,-6.41,-2.39
363,0.2,0.27,0.91,6.79,-7.66,-2.11
364,0.22,0.27,0.91,7.31,-8.56,-1.57
365,0.22,0.29,0.91,7.87,-8.98,-0.91
366,0.23,0.3,0.9,7.78,-10.02,-0.64
367,0.24,0.32,0.9,7.69,-10.39,-1.6
368,0.26,0.32,0.9,7.2,-9.95,-2.0
369,0.29,0.34,0.89,5.4,-8.07,-2.24
370,0.29,0.34,0.89,3.09,-3.98,-2.37
371,0.26,0.32,0.89,1.56,-1.05,-1.73
372,0.24,0.32,0.89,1.44,-0.86,-1.27
373,0.24,0.32,0.9,0.8,-1.79,-0.98
374,0.24,0.32,0.9,-0.01,-3.63,-2.43
375,0.25,0.31,0.9,-1.11,-5.32,-5.36
376,0.27,0.29,0.92,-1.92,-6.07,-6.85
377,0.27,0.27,0.94,-1.3,-3.4,-6.95
378,0.24,0.26,0.96,0.14,-2.34,-4.53
379,0.23,0.26,0.95,2.5,-3.76,-3.27
380,0.25,0.27,0.94,4.25,-3.74,-3.53
381,0.24,0.28,0.93,5.06,-3.15,-4.16
382,0.23,0.3,0.93,4.87,-3.46,-5.22
383,0.24,0.3,0.92,3.5,-2.3,-5.82
384,0.23,0.29,0.92,2.71,-1.27,-5.67
385,0.2,0.29,0.93,2.5,-3.23,-5.69
386,0.21,0.28,0.94,2.48,-4.56,-4.79
387,0.24,0.27,0.96,4.39,-6.34,-5.87
388,0.25,0.27,0.96,5.82,-4.93,-7.55
389,0.21,0.28,0.96,7.17,-5.91,-6.27
390,0.22,0.28,0.95,8.46,-6.52,-4.72
391,0.25,0.29,0.95,8.68,-4.44,-4.26
392,0.25,0.3,0.94,9.64,-2.4,-2.62
393,0.23,0.3,0.94,10.76,-2.86,-1.95
394,0.24,0.32,0.91,11.59,-4.67,-2.98
395,0.25,0.34,0.93,11.49,-5.8,-5.21
396,0.26,0.35,0.91,12.27,-7.09,-6.54
397,0.25,0.37,0.89,11.03,-6.02,-6.2
398,0.25,0.35,0.89,8.9,-4.34,-5.45
399,0.25,0.37,0.87,5.79,-3.78,-6.42
