,accel_x,accel_y,accel_z,gyro_x,gyro_y,gyro_z
0,0.13,0.28,0.94,-1.1,-2.88,-1.96
1,0.15,0.28,0.94,-1.51,-4.06,-2.25
2,0.16,0.28,0.95,-1.38,-3.85,-2.69
3,0.16,0.27,0.96,-1.35,-2.63,-2.54
4,0.16,0.26,0.95,-1.07,-1.25,-1.95
5,0.15,0.26,0.95,-0.92,0.3,-1.25
6,0.14,0.26,0.93,-1.2,1.34,-0.46
7,0.13,0.27,0.94,-1.3,-0.15,-0.82
8,0.12,0.26,0.94,0.61,-3.34,-0.98
9,0.12,0.27,0.93,1.94,-6.09,-1.16
10,0.13,0.27,0.94,1.71,-6.97,-0.27
11,0.15,0.27,0.94,1.86,-7.5,-0.35
12,0.16,0.28,0.93,1.87,-6.76,0.4
13,0.16,0.29,0.95,1.16,-6.95,0.52
14,0.17,0.28,0.95,1.98,-8.49,-0.72
15,0.19,0.28,0.95,2.02,-6.79,-1.7
16,0.18,0.27,0.95,2.37,-5.56,-1.19
17,0.18,0.29,0.96,2.44,-6.65,-1.44
18,0.19,0.3,0.96,2.71,-6.27,-1.43
19,0.2,0.29,0.94,2.72,-4.72,-1.4
20,0.16,0.27,0.96,3.08,-3.99,-4.38
21,0.21,0.28,0.94,3.15,0.44,-2.47
22,0.2,0.29,0.95,2.98,1.03,-2.16
23,0.18,0.29,0.94,3.13,1.29,-3.23
24,0.16,0.29,0.92,3.07,0.97,-3.22
25,0.15,0.29,0.93,2.62,0.0,-2.9
26,0.15,0.29,0.92,2.09,0.31,-2.15
27,0.14,0.3,0.92,1.19,-0.7,-2.05
28,0.14,0.29,0.92,0.95,-2.3,-1.77
29,0.15,0.29,0.92,1.11,-3.45,-2.13
30,0.16,0.3,0.91,0.79,-1.59,-2.62
31,0.14,0.29,0.92,-0.37,0.32,-1.34
32,0.13,0.28,0.93,0.05,-0.92,-0.29
33,0.13,0.29,0.91,0.16,-3.21,-0.21
34,0.14,0.31,0.91,-0.84,-4.37,0.04
35,0.14,0.31,0.92,-1.02,-5.72,-0.08
36,0.15,0.31,0.92,-1.44,-6.1,-0.57
37,0.16,0.3,0.93,-1.92,-5.69,-0.52
38,0.17,0.29,0.93,-1.08,-6.72,-0.63
39,0.17,0.3,0.94,-0.77,-6.48,-0.66
40,0.18,0.3,0.93,-0.8,-6.05,-0.85
41,0.19,0.31,0.93,-0.85,-4.63,-1.02
42,0.19,0.3,0.94,-1.86,-4.4,-2.19
43,0.19,0.3,0.94,-2.06,-4.51,-2.95
44,0.2,0.3,0.94,-1.91,-3.37,-2.79
45,0.2,0.3,0.95,-1.79,-1.4,-2.08
46,0.19,0.29,0.95,-1.14,-1.8,-2.3
47,0.19,0.29,0.94,-0.27,-1.5,-2.12
48,0.19,0.29,0.95,-0.19,-1.16,-2.3
49,0.17,0.3,0.94,-0.05,-1.64,-2.93
50,0.17,0.31,0.93,-0.15,-2.63,-3.08
51,0.18,0.29,0.94,0.26,-4.01,-4.27
52,0.2,0.28,0.95,0.67,-3.08,-5.13
53,0.2,0.28,0.95,0.94,-0.14,-3.83
54,0.19,0.29,0.94,1.18,2.3,-3.39
55,0.17,0.3,0.94,2.02,2.41,-2.85
56,0.15,0.3,0.94,2.4,-0.64,-3.66
57,0.16,0.3,0.93,3.94,-3.48,-4.44
58,0.2,0.3,0.94,4.05,-4.64,-5.7
59,0.21,0.3,0.96,3.27,-1.71,-5.53
60,0.21,0.3,0.95,3.2,0.06,-4.91
61,0.19,0.3,0.94,3.56,2.46,-3.69
62,0.17,0.31,0.92,2.69,4.47,-3.13
63,0.14,0.3,0.92,2.82,3.9,-3.11
64,0.13,0.32,0.91,2.92,0.61,-3.42
65,0.15,0.32,0.92,3.25,-1.44,-4.15
66,0.16,0.32,0.9,2.92,-2.11,-4.58
67,0.12,0.33,0.9,2.96,-2.32,-4.37
68,0.14,0.34,0.89,1.64,-3.11,-4.25
69,0.12,0.34,0.89,0.69,-5.53,-2.73
70,0.14,0.34,0.89,-1.39,-8.68,-3.94
71,0.17,0.33,0.9,-2.11,-8.09,-4.29
72,0.18,0.31,0.91,-2.02,-6.19,-3.42
73,0.18,0.32,0.91,-2.86,-4.43,-2.83
74,0.18,0.32,0.89,-3.31,-2.96,-1.98
75,0.16,0.33,0.9,-3.89,-3.6,-2.08
76,0.16,0.33,0.89,-5.28,-2.95,-2.31
77,0.15,0.32,0.9,-6.38,-3.53,-2.41
78,0.15,0.31,0.9,-5.85,-6.02,-1.81
79,0.18,0.31,0.91,-5.55,-5.47,-1.44
80,0.19,0.3,0.92,-5.73,-4.03,-1.85
81,0.19,0.28,0.93,-4.31,-4.93,-2.52
82,0.2,0.28,0.94,-0.99,-3.28,-2.75
83,0.19,0.3,0.93,-1.3,-5.11,-4.47
84,0.2,0.3,0.93,-0.9,-4.56,-4.66
85,0.2,0.3,0.92,-0.34,-5.05,-5.75
86,0.19,0.32,0.91,-0.47,-5.29,-5.82
87,0.21,0.33,0.9,-1.6,-3.1,-4.39
88,0.21,0.32,0.9,-3.28,-0.99,-3.69
89,0.19,0.32,0.9,-4.08,-1.1,-2.89
90,0.2,0.33,0.9,-4.54,-2.11,-3.23
91,0.21,0.33,0.9,-5.34,-3.14,-4.63
92,0.22,0.32,0.92,-4.52,-3.35,-5.69
93,0.24,0.32,0.92,-2.89,-0.25,-3.99
94,0.23,0.32,0.91,-3.75,-0.49,-5.6
95,0.22,0.32,0.93,-3.14,0.76,-4.82
96,0.23,0.32,0.93,-3.3,0.92,-5.56
97,0.23,0.33,0.91,-3.25,2.79,-6.27
98,0.22,0.34,0.9,-4.38,3.63,-6.76
99,0.2,0.35,0.9,-4.89,2.2,-6.88
100,0.23,0.35,0.87,-6.41,3.12,-7.15
101,0.22,0.35,0.87,-8.2,5.3,-6.71
102,0.19,0.33,0.87,-9.95,4.53,-7.56
103,0.2,0.32,0.87,-10.69,4.19,-8.12
104,0.2,0.32,0.85,-11.1,5.58,-8.46
105,0.19,0.3,0.85,-11.27,6.52,-8.15
106,0.17,0.3,0.83,-11.4,6.17,-7.82
107,0.19,0.29,0.8,-12.47,8.12,-6.63
108,0.18,0.27,0.76,-13.4,11.21,-5.88
109,0.19,0.25,0.72,-13.6,13.96,-4.15
110,0.2,0.23,0.66,-13.59,17.13,-1.61
111,0.19,0.23,0.6,-14.14,21.44,-1.1
112,0.2,0.21,0.53,-15.48,24.24,2.15
113,0.21,0.23,0.44,-14.68,25.79,2.29
114,0.24,0.27,0.34,-21.33,37.15,3.91
115,0.21,0.28,0.21,-27.06,40.08,3.87
116,0.19,0.31,0.08,-34.94,37.5,0.82
117,0.16,0.33,-0.08,-45.53,38.32,-6.54
118,0.1,0.28,-0.22,-57.19,45.32,-10.92
119,0.04,0.21,-0.3,-64.98,39.95,-16.22
120,0.11,0.17,-0.38,-61.11,30.79,-13.15
121,0.05,0.11,-0.53,-73.66,14.66,-23.08
122,0.22,0.07,-0.62,-74.92,21.49,-22.66
123,0.33,-0.01,-0.73,-79.26,31.49,-16.73
124,0.45,-0.06,-0.82,-72.85,46.69,-10.83
125,0.38,-0.02,-1.01,-77.07,55.27,-5.96
126,0.24,0.09,-1.18,-79.39,51.24,-8.24
127,0.05,0.25,-1.34,-90.79,25.65,-3.64
128,-0.02,0.34,-1.5,-120.99,-17.85,-14.18
129,0.07,0.51,-1.54,-165.26,-45.55,-34.19
130,0.15,0.6,-1.37,-236.02,-60.27,-37.83
131,0.42,0.55,-1.02,-250.14,-36.02,-16.45
132,0.86,0.0,-0.59,-250.14,20.31,-61.06
133,1.08,-1.66,0.4,-250.14,141.45,-133.31
134,0.24,-2.0,1.97,-250.14,250.13,-131.62
135,-1.26,-2.0,2.0,-250.14,250.13,-135.74
136,-2.0,-2.0,2.0,-250.14,33.66,-70.34
137,-2.0,-2.0,2.0,-45.31,-250.14,19.98
138,-0.75,-1.87,2.0,-38.89,-250.14,102.92
139,0.61,-0.92,2.0,-100.84,-68.83,96.02
140,0.5,-0.93,2.0,-109.56,72.0,66.16
141,0.05,-0.94,2.0,-54.17,76.15,58.06
142,0.16,-0.65,2.0,8.06,12.33,78.84
143,0.38,-0.31,2.0,54.37,-45.33,79.66
144,0.47,0.02,1.43,43.37,-22.87,45.73
145,0.35,0.33,1.21,27.48,22.6,16.34
146,-0.04,0.27,1.28,2.49,4.93,12.84
147,-0.12,0.24,1.31,-13.65,-18.84,7.21
148,-0.06,0.1,1.45,-21.21,-49.73,5.98
149,0.29,-0.13,1.48,-28.74,-59.04,-10.32
150,0.44,-0.41,1.32,-25.42,-31.4,-19.07
151,0.33,-0.63,1.33,-23.57,3.82,-9.0
152,0.13,-0.85,1.37,3.0,8.46,-10.69
153,0.05,-0.74,1.23,26.83,-26.62,-5.58
154,0.14,-0.58,1.01,35.89,-34.63,-9.99
155,0.12,-0.44,0.83,26.11,-18.95,-3.43
156,0.08,-0.36,0.73,16.8,-3.74,0.48
157,0.02,-0.34,0.7,7.01,6.47,-5.08
158,0.05,-0.38,0.78,-5.04,12.88,-6.67
159,0.05,-0.43,0.83,-8.77,18.47,-6.44
160,-0.06,-0.45,0.84,-9.44,19.02,-8.49
161,-0.15,-0.45,0.84,-8.09,9.63,-9.98
162,-0.15,-0.45,0.83,-6.48,3.76,-10.55
163,-0.13,-0.43,0.81,-2.14,-2.5,-10.02
164,-0.06,-0.4,0.84,1.53,-3.87,-8.73
165,0.04,-0.33,0.85,2.24,-4.56,-7.83
166,0.15,-0.28,0.86,1.38,-5.31,-10.17
167,0.24,-0.26,0.88,-2.39,3.08,-17.46
168,0.28,-0.31,0.94,-3.03,13.67,-19.89
169,0.27,-0.38,1.0,-1.07,25.56,-21.31
170,0.17,-0.35,1.02,-0.48,32.77,-25.76
171,0.1,-0.37,1.03,5.69,36.39,-25.89
172,0.04,-0.35,1.0,6.11,35.81,-25.46
173,-0.02,-0.34,1.0,8.56,33.16,-23.36
174,-0.05,-0.32,0.97,8.05,28.27,-24.48
175,-0.11,-0.33,0.98,7.52,24.27,-23.79
176,-0.17,-0.37,1.01,10.11,12.72,-20.78
177,-0.14,-0.38,1.02,11.9,4.98,-18.68
178,-0.11,-0.37,1.0,11.1,4.84,-13.02
179,-0.1,-0.38,1.0,11.21,2.63,-12.06
180,-0.11,-0.38,0.98,12.83,-3.33,-9.95
181,-0.1,-0.36,0.96,13.24,-6.3,-6.71
182,-0.12,-0.34,0.93,12.17,-10.93,-4.03
183,-0.09,-0.33,0.93,9.51,-13.28,-1.58
184,-0.03,-0.31,0.92,7.55,-15.6,-0.39
185,0.02,-0.3,0.93,6.05,-18.1,-2.89
186,0.05,-0.34,0.96,5.08,-18.63,-6.62
187,0.06,-0.37,0.99,8.31,-19.5,-6.89
188,0.08,-0.35,1.0,9.83,-19.12,-7.15
189,0.09,-0.33,0.97,8.7,-13.17,-6.35
190,0.07,-0.34,0.98,7.72,-9.66,-7.56
191,0.05,-0.35,0.99,9.2,-10.54,-7.95
192,0.02,-0.34,1.0,10.47,-11.79,-8.2
193,0.01,-0.32,1.01,11.53,-16.49,-7.46
194,0.02,-0.32,1.0,13.37,-20.83,-6.34
195,0.02,-0.34,1.0,16.46,-25.75,-5.43
196,0.06,-0.34,1.0,19.37,-27.95,-5.6
197,0.11,-0.34,1.0,22.18,-23.72,-5.77
198,0.12,-0.33,0.99,23.9,-15.94,-6.19
199,0.12,-0.31,0.98,24.56,-10.74,-6.13
200,0.11,-0.28,0.95,24.75,-8.15,-7.98
201,0.08,-0.27,0.93,23.27,-4.6,-8.65
202,0.04,-0.27,0.94,21.79,-5.09,-7.86
203,-0.01,-0.28,0.93,21.95,-11.3,-6.06
204,0.01,-0.26,0.91,22.23,-16.61,-4.89
205,0.04,-0.25,0.92,21.24,-19.66,-3.6
206,0.1,-0.26,0.93,19.84,-17.34,-2.98
207,0.12,-0.29,0.96,20.2,-13.56,-2.47
208,0.13,-0.29,0.95,21.89,-10.15,-3.08
209,0.13,-0.28,0.94,22.65,-3.79,-0.9
210,0.1,-0.26,0.94,23.11,-1.92,-1.49
211,0.06,-0.25,0.92,21.82,-3.64,-2.92
212,0.03,-0.26,0.92,22.53,-8.17,-2.82
213,0.02,-0.25,0.92,24.58,-13.84,-1.68
214,0.05,-0.24,0.92,24.9,-13.08,-0.21
215,0.05,-0.22,0.92,21.64,-14.79,-1.56
216,0.03,-0.22,0.93,21.8,-19.25,-2.3
217,0.07,-0.21,0.93,20.81,-22.64,-2.6
218,0.1,-0.2,0.96,17.21,-19.44,-1.16
219,0.11,-0.24,1.0,19.9,-23.63,-1.37
220,0.18,-0.22,1.02,22.24,-25.59,-3.32
221,0.24,-0.21,1.0,19.51,-10.93,-1.48
222,0.2,-0.22,1.02,18.79,-2.34,-0.85
223,0.18,-0.22,1.02,18.85,1.4,-0.77
224,0.16,-0.21,1.01,17.98,3.27,-2.21
225,0.14,-0.23,1.02,20.6,2.3,-2.6
226,0.11,-0.22,1.02,21.94,-4.48,-4.38
227,0.2,-0.24,1.06,31.18,6.85,0.72
228,0.11,-0.27,1.03,34.35,-9.26,-1.27
229,0.29,-0.15,1.01,24.94,13.91,1.34
230,0.16,-0.19,1.03,22.89,21.64,1.35
231,0.02,-0.19,1.01,22.84,11.69,-1.54
232,0.0,-0.19,1.02,24.46,-0.96,-4.45
233,0.06,-0.17,1.01,27.37,-9.92,-2.73
234,0.11,-0.14,0.99,23.21,-6.84,-0.55
235,0.13,-0.16,1.01,23.78,-6.26,6.11
236,0.1,-0.14,0.99,24.32,-8.06,1.99
237,0.14,-0.13,1.0,21.55,-6.5,2.89
238,0.11,-0.14,1.0,22.34,-9.73,1.87
239,0.12,-0.13,1.0,23.73,-11.05,0.61
240,0.16,-0.13,1.01,23.54,-9.74,3.36
241,0.15,-0.11,1.0,23.5,-8.47,3.95
242,0.15,-0.11,0.99,23.3,-8.95,3.6
243,0.16,-0.12,1.01,22.98,-5.58,4.51
244,0.15,-0.13,1.02,23.98,-7.69,2.37
245,0.16,-0.13,1.02,23.98,-8.53,-0.06
246,0.16,-0.13,1.02,24.93,-7.47,-2.09
247,0.16,-0.12,1.02,26.23,-6.26,-2.54
248,0.15,-0.1,1.01,26.18,-2.85,-0.6
249,0.14,-0.08,1.0,24.37,-0.34,1.39
250,0.14,-0.06,0.98,24.04,0.58,0.27
251,0.14,-0.06,1.0,24.58,1.02,1.64
252,0.14,-0.07,1.0,23.27,1.61,1.43
253,0.14,-0.07,1.0,23.44,1.57,1.61
254,0.16,-0.07,1.01,24.26,2.36,3.46
255,0.15,-0.08,1.0,24.33,0.8,-1.81
256,0.14,-0.07,1.01,24.47,2.51,-2.44
257,0.13,-0.08,1.01,25.11,3.34,-1.76
258,0.13,-0.07,1.03,25.48,4.72,0.05
259,0.13,-0.08,1.02,26.98,4.16,-0.31
260,0.13,-0.08,1.04,28.24,4.43,-0.04
261,0.12,-0.08,1.04,30.16,5.03,1.23
262,0.13,-0.07,1.04,32.05,4.93,3.34
263,0.12,-0.06,1.0,33.92,5.61,2.13
264,0.12,-0.03,1.0,32.63,9.5,3.76
265,0.08,-0.02,1.0,31.78,9.01,5.57
266,0.06,-0.02,1.02,31.38,3.52,4.42
267,0.08,-0.03,1.02,32.06,0.85,3.99
268,0.08,-0.03,1.01,34.44,-1.15,4.06
269,0.09,-0.02,1.03,37.18,-4.63,4.26
270,0.1,0.0,1.02,37.84,-6.26,3.49
271,0.11,0.02,1.02,37.02,-5.19,4.11
272,0.13,0.03,1.03,35.17,-4.03,5.92
273,0.12,0.04,1.01,33.08,-1.08,4.05
274,0.11,0.05,1.01,30.34,3.15,5.1
275,0.11,0.04,1.03,30.47,6.5,7.68
276,0.1,0.05,1.01,29.4,6.94,12.0
277,0.08,0.06,1.0,29.69,6.27,15.47
278,0.07,0.08,0.99,28.01,5.85,20.31
279,0.06,0.08,0.99,28.98,1.67,23.36
280,0.08,0.08,0.99,32.12,-4.08,25.05
281,0.15,0.1,0.98,10.18,-6.39,33.83
282,0.19,0.06,1.03,29.07,-2.5,17.53
283,0.19,0.05,1.04,27.92,-2.17,-0.1
284,0.15,0.07,1.02,31.17,-1.2,1.92
285,0.14,0.07,1.02,33.69,-1.17,1.73
286,0.14,0.08,1.02,36.07,-2.41,0.63
287,0.14,0.1,0.99,37.86,0.09,0.09
288,0.11,0.11,0.98,38.91,2.24,1.92
289,0.1,0.12,0.95,39.6,0.67,2.69
290,0.09,0.16,0.93,38.86,-2.11,2.51
291,0.1,0.18,0.91,36.79,-4.82,2.79
292,0.11,0.2,0.9,34.16,-6.6,0.4
293,0.13,0.2,0.9,31.56,-10.89,-4.0
294,0.14,0.2,0.9,29.6,-11.08,-6.44
295,0.14,0.2,0.92,26.52,-9.4,-3.6
296,0.12,0.17,0.93,26.05,-7.53,-3.16
297,0.15,0.14,0.96,27.24,-4.94,-0.7
298,0.17,0.15,0.95,26.81,2.56,0.2
299,0.16,0.17,0.93,25.3,12.68,3.79
300,0.12,0.17,0.93,24.08,18.13,5.95
301,0.1,0.19,0.92,24.17,18.3,7.01
302,0.12,0.21,0.91,23.32,17.29,6.93
303,0.11,0.21,0.9,22.61,17.24,4.32
304,0.09,0.22,0.91,22.15,14.56,4.8
305,0.09,0.22,0.91,21.6,11.2,7.74
306,0.08,0.22,0.89,23.08,9.62,6.98
307,0.08,0.22,0.9,23.79,7.49,9.48
308,0.09,0.22,0.91,23.41,7.98,12.88
309,0.12,0.23,0.89,21.88,12.66,11.52
310,0.13,0.24,0.9,21.05,16.89,12.86
311,0.11,0.23,0.89,19.77,19.08,11.84
312,0.1,0.25,0.89,18.73,18.29,12.42
313,0.08,0.25,0.87,18.1,18.08,8.28
314,0.07,0.26,0.87,14.79,18.15,4.94
315,0.04,0.24,0.86,13.15,15.36,3.86
316,0.04,0.25,0.87,11.98,13.06,1.82
317,0.06,0.25,0.88,10.16,10.95,0.73
318,0.06,0.25,0.9,8.63,9.14,-2.14
319,0.09,0.25,0.92,6.6,7.43,-2.02
320,0.06,0.21,0.89,8.87,4.92,-5.02
321,0.06,0.21,0.91,12.74,5.38,-2.05
322,0.09,0.21,0.92,13.29,8.81,2.66
323,0.08,0.22,0.91,15.35,11.63,4.51
324,0.08,0.24,0.91,15.3,15.9,7.59
325,0.06,0.26,0.89,14.07,19.32,10.4
326,0.03,0.27,0.88,13.18,17.47,11.07
327,0.01,0.28,0.87,12.37,15.73,10.06
328,0.02,0.28,0.88,11.8,12.62,8.15
329,0.03,0.3,0.88,10.5,11.67,8.47
330,0.02,0.29,0.87,9.15,10.37,8.47
331,0.02,0.3,0.88,6.4,8.37,7.79
332,0.03,0.29,0.87,3.68,8.05,6.81
333,0.06,0.31,0.91,-0.31,7.82,4.47
334,0.09,0.28,0.89,-0.3,10.98,1.98
335,0.08,0.26,0.9,1.45,15.68,0.76
336,0.08,0.26,0.92,2.45,18.98,3.47
337,0.04,0.28,0.92,1.37,20.17,4.26
338,-0.0,0.3,0.9,-0.31,19.48,3.22
339,-0.02,0.29,0.9,-0.32,13.47,2.98
340,-0.04,0.28,0.89,3.73,3.18,6.27
341,0.0,0.29,0.89,6.79,-4.6,7.8
342,0.05,0.29,0.91,5.79,-6.46,4.65
343,0.08,0.28,0.92,4.96,-4.18,1.72
344,0.06,0.28,0.92,4.66,-3.56,-0.33
345,0.04,0.29,0.91,7.84,-3.55,4.36
346,0.06,0.28,0.91,6.83,-5.99,2.47
347,0.07,0.3,0.89,7.92,-4.1,3.34
348,0.08,0.3,0.9,7.32,-3.95,1.31
349,0.07,0.33,0.9,5.21,-3.5,-0.95
350,0.06,0.32,0.88,3.22,-2.41,-2.6
351,0.05,0.33,0.88,4.76,-3.61,0.82
352,0.07,0.32,0.9,5.82,-5.73,0.53
353,0.07,0.3,0.89,-2.11,0.4,-3.71
354,0.1,0.31,0.88,3.7,-3.34,-0.21
355,0.05,0.31,0.89,6.22,-7.07,3.59
356,0.07,0.31,0.89,7.21,-8.75,0.6
357,0.07,0.31,0.9,6.85,-8.67,0.97
358,0.06,0.3,0.91,7.6,-9.37,0.48
359,0.07,0.3,0.91,9.42,-10.13,1.56
360,0.07,0.31,0.9,11.18,-10.78,4.09
361,0.07,0.33,0.88,10.21,-11.66,3.6
362,0.06,0.34,0.89,8.35,-11.96,1.63
363,0.07,0.34,0.89,8.17,-14.11,1.15
364,0.1,0.33,0.9,9.02,-15.79,1.6
365,0.11,0.33,0.9,8.53,-13.09,2.59
366,0.1,0.33,0.9,8.47,-12.75,4.46
367,0.08,0.33,0.89,8.74,-15.33,4.89
368,0.11,0.34,0.89,8.01,-16.47,3.69
369,0.12,0.35,0.91,6.36,-12.44,3.19
370,0.11,0.34,0.91,6.56,-11.48,2.82
371,0.12,0.34,0.92,6.34,-11.45,0.63
372,0.12,0.35,0.9,5.54,-8.19,-0.6
373,0.09,0.36,0.89,3.97,-6.08,-1.06
374,0.08,0.35,0.9,2.93,-7.42,-2.66
375,0.09,0.33,0.89,3.02,-8.97,-2.32
376,0.11,0.33,0.9,3.29,-8.02,-0.4
377,0.12,0.34,0.91,4.12,-7.82,-2.18
378,0.13,0.36,0.89,4.53,-6.84,-3.11
379,0.11,0.38,0.88,2.78,-3.91,-2.45
380,0.09,0.39,0.89,0.73,-3.55,-2.27
381,0.08,0.4,0.88,-1.16,-3.79,-1.6
382,0.09,0.4,0.88,-3.32,-3.06,-1.04
383,0.08,0.4,0.88,-3.98,-5.63,-0.85
384,0.1,0.4,0.89,-4.08,-7.24,-1.05
385,0.1,0.39,0.89,-4.87,-7.14,-2.74
386,0.1,0.4,0.88,-6.55,-7.82,-3.61
387,0.1,0.39,0.9,-8.15,-7.99,-3.17
388,0.1,0.39,0.91,-8.4,-9.87,-1.83
389,0.12,0.38,0.92,-9.04,-9.18,-2.63
390,0.12,0.36,0.93,-8.77,-8.76,-4.35
391,0.14,0.36,0.94,-7.29,-10.68,-5.72
392,0.14,0.34,0.94,-6.19,-10.68,-7.11
393,0.14,0.34,0.95,-6.0,-8.89,-8.0
394,0.15,0.34,0.94,-6.27,-5.28,-6.69
395,0.14,0.33,0.95,-6.66,-1.56,-4.73
396,0.13,0.32,0.94,-5.56,-0.14,-2.53
397,0.12,0.33,0.95,-5.22,-0.55,-3.69
398,0.12,0.33,0.94,-4.73,-0.3,-5.35
399,0.11,0.31,0.95,-3.63,-0.79,-5.74
400,0.12,0.31,0.95,-2.55,-0.43,-5.15
