,accel_x,accel_y,accel_z,gyro_x,gyro_y,gyro_z
0,-0.0,0.1,0.97,2.67,-4.19,-8.39
1,0.0,0.11,0.99,2.97,-2.33,-7.05
2,0.05,0.1,1.05,5.03,9.81,0.96
3,-0.05,0.1,0.97,5.01,0.73,-2.5
4,-0.03,0.11,0.96,2.92,2.76,-2.41
5,-0.05,0.1,0.97,2.21,1.41,-2.64
6,-0.04,0.1,0.97,1.27,0.05,-1.94
7,-0.03,0.1,0.98,1.5,1.05,-1.63
8,-0.02,0.1,0.98,0.55,1.68,-1.95
9,-0.03,0.09,0.98,0.84,2.85,-1.36
10,-0.04,0.09,0.98,-0.55,5.07,-1.37
11,-0.06,0.1,0.97,0.7,2.06,-0.65
12,-0.05,0.12,1.0,0.18,4.2,-0.29
13,-0.06,0.12,0.94,2.83,3.37,1.67
14,-0.07,0.12,0.95,0.37,2.9,-1.0
15,-0.07,0.11,0.96,1.34,-0.33,-4.53
16,-0.07,0.12,0.96,-0.15,-1.06,-4.52
17,-0.05,0.12,0.97,-2.48,0.83,-2.04
18,-0.07,0.1,0.97,-3.35,0.15,-1.69
19,-0.07,0.1,0.97,-3.77,-1.87,-0.6
20,-0.05,0.11,0.96,-4.19,-1.62,0.86
21,-0.05,0.09,0.97,-4.07,-1.76,-0.6
22,-0.04,0.1,0.98,-2.4,-2.8,-4.99
23,-0.03,0.11,0.97,-1.96,-2.34,-6.37
24,-0.04,0.11,0.97,-2.31,-2.03,-5.69
25,-0.05,0.1,0.99,-1.63,1.82,-6.47
26,-0.07,0.11,0.98,-1.87,-1.63,-6.47
27,-0.03,0.12,0.98,-3.4,0.77,-4.91
28,-0.04,0.12,1.0,-3.85,2.92,-3.98
29,-0.03,0.11,1.0,-3.62,6.08,-1.93
30,-0.06,0.11,0.97,-4.78,3.12,-2.69
31,-0.07,0.11,0.98,-6.21,0.93,-3.77
32,-0.07,0.11,0.99,-6.55,-1.44,-6.87
33,-0.06,0.1,1.0,-5.96,-2.56,-10.42
34,-0.04,0.1,1.0,-7.46,-3.78,-13.34
35,-0.02,0.09,0.99,-6.46,-2.27,-11.73
36,-0.05,0.08,1.0,-5.01,-2.02,-11.37
37,-0.06,0.09,1.02,-6.12,-0.24,-10.5
38,-0.07,0.08,1.0,-3.04,0.84,-5.68
39,-0.07,0.08,0.99,-4.97,1.64,-8.95
40,-0.07,0.09,0.98,-4.74,1.02,-10.94
41,-0.06,0.1,0.99,-4.81,0.43,-8.09
42,-0.07,0.08,1.0,-6.66,-0.01,-7.33
43,-0.07,0.08,0.98,-7.04,0.63,-6.89
44,-0.06,0.09,0.99,-5.92,-0.55,-6.15
45,-0.05,0.11,0.98,-6.36,-0.78,-7.17
46,-0.06,0.09,0.99,-7.17,-0.46,-6.81
47,-0.07,0.09,0.98,-7.85,-1.44,-8.82
48,-0.06,0.09,1.0,-8.28,-1.27,-8.92
49,-0.06,0.09,1.0,-8.79,-0.92,-8.85
50,-0.04,0.09,0.98,-6.82,-0.14,-4.49
51,-0.06,0.06,0.99,-4.95,0.23,-3.47
52,-0.07,0.06,1.01,-0.9,-0.95,-2.51
53,-0.08,0.07,0.99,2.18,-1.57,-1.2
54,-0.09,0.08,0.99,3.92,-1.93,-1.91
55,-0.08,0.07,0.99,4.82,-3.03,-0.44
56,-0.07,0.08,1.0,4.42,-3.39,1.8
57,-0.07,0.08,1.0,4.8,-4.51,3.8
58,-0.07,0.08,1.01,6.07,-5.47,3.68
59,-0.07,0.07,1.01,6.95,-6.95,1.27
60,-0.06,0.08,1.02,7.4,-7.75,-1.79
61,-0.05,0.08,1.01,9.41,-9.15,-2.46
62,-0.03,0.1,1.02,10.75,-8.21,-3.4
63,-0.02,0.1,1.01,12.79,-7.83,-3.21
64,-0.01,0.11,1.01,13.06,-9.47,-3.79
65,-0.01,0.13,0.99,10.61,-3.17,-3.45
66,-0.01,0.14,0.98,8.72,1.87,0.0
67,-0.05,0.13,0.99,8.23,0.51,-0.79
68,-0.03,0.14,0.97,8.05,0.83,-3.02
69,-0.07,0.14,0.98,6.38,0.38,-3.6
70,-0.07,0.14,0.97,4.69,1.56,-0.82
71,-0.07,0.13,0.97,4.5,0.6,-0.05
72,-0.08,0.13,0.97,5.0,-1.58,-1.35
73,-0.07,0.13,0.97,5.54,-3.67,-0.22
74,-0.07,0.12,0.97,6.79,-5.2,-3.49
75,-0.05,0.12,0.97,7.52,-6.52,-5.44
76,-0.03,0.13,0.97,7.79,-6.18,-5.96
77,-0.04,0.13,0.97,7.08,-4.58,-6.8
78,-0.05,0.12,0.98,6.52,-5.05,-8.39
79,-0.04,0.12,0.98,5.79,-3.65,-6.63
80,-0.04,0.13,0.98,4.85,-1.61,-3.41
81,-0.04,0.12,0.98,5.06,-0.45,-2.18
82,-0.05,0.12,0.96,4.82,-0.53,-3.93
83,-0.04,0.14,0.95,4.11,-0.6,-2.56
84,-0.03,0.14,0.94,2.69,0.09,-0.37
85,-0.05,0.14,0.96,1.79,-0.24,-1.43
86,-0.03,0.15,0.95,1.77,0.25,-1.17
87,-0.03,0.15,0.94,0.65,0.82,-1.05
88,-0.02,0.16,0.92,0.06,0.45,1.18
89,-0.03,0.15,0.92,0.01,0.59,0.63
90,-0.04,0.16,0.91,-0.38,-0.44,0.12
91,-0.05,0.17,0.89,-1.21,-1.41,-0.92
92,-0.05,0.17,0.88,-1.44,-2.76,-0.83
93,-0.05,0.18,0.88,-3.85,-4.67,-1.77
94,-0.02,0.17,0.87,-5.56,-4.39,1.21
95,-0.01,0.16,0.87,-6.86,-4.75,0.47
96,-0.0,0.16,0.86,-8.47,-4.18,-1.16
97,-0.0,0.16,0.87,-10.2,-4.27,-1.36
98,0.0,0.15,0.84,-10.01,-4.0,0.55
99,-0.01,0.15,0.89,-13.31,-4.6,-4.42
100,-0.01,0.14,0.82,-13.31,-1.15,-3.81
101,0.01,0.15,0.81,-13.45,-1.98,-5.34
102,0.03,0.15,0.77,-14.56,0.86,-0.54
103,0.03,0.15,0.74,-17.24,3.11,-1.4
104,0.03,0.14,0.7,-20.06,3.02,0.49
105,0.04,0.11,0.64,-22.84,4.42,0.08
106,0.04,0.1,0.57,-25.35,4.77,1.22
107,0.09,0.09,0.5,-30.21,4.69,5.11
108,0.09,0.07,0.4,-34.53,11.73,2.33
109,0.12,0.01,0.28,-36.89,16.55,2.85
110,0.18,-0.05,0.12,-38.3,27.31,3.23
111,0.27,-0.07,-0.08,-41.71,38.04,14.6
112,0.26,-0.05,-0.3,-51.23,48.53,29.07
113,0.21,0.0,-0.46,-66.56,50.92,31.67
114,0.17,0.09,-0.59,-78.13,45.37,23.53
115,0.09,0.19,-0.76,-99.59,35.03,14.82
116,0.13,0.3,-0.83,-123.61,18.32,4.31
117,0.12,0.37,-0.84,-148.48,13.21,0.63
118,0.04,0.5,-0.82,-167.04,1.23,2.06
119,0.1,0.65,-0.8,-189.61,-13.6,1.3
120,0.17,0.93,-0.74,-230.16,-30.92,-8.98
121,0.25,1.2,-0.56,-250.14,-53.58,-37.53
122,0.25,1.36,-0.49,-250.14,-78.93,-90.47
123,0.41,1.22,-0.43,-250.14,-105.92,-161.73
124,0.57,0.29,-0.35,-250.14,-132.66,-250.14
125,0.53,-1.48,0.24,-250.14,-192.66,-250.14
126,0.42,-2.0,1.7,-250.14,-203.93,-228.1
127,-0.06,-2.0,2.0,-220.15,-250.14,-107.81
128,0.08,-2.0,2.0,42.03,-250.14,-57.4
129,1.29,-2.0,2.0,-47.03,-180.39,-21.21
130,1.26,-2.0,2.0,-74.92,-28.18,30.14
131,1.2,-2.0,2.0,-110.72,117.3,113.56
132,0.39,-2.0,2.0,-145.27,237.66,173.4
133,-0.25,-1.87,2.0,-79.71,217.15,198.04
134,0.07,-1.08,2.0,-32.48,184.41,140.08
135,-0.22,-0.62,2.0,20.92,95.34,67.41
136,0.09,-0.15,1.81,42.85,86.55,13.0
137,-0.13,-0.29,1.6,38.34,83.8,-26.56
138,-0.23,-0.54,1.46,54.92,64.9,-42.68
139,-0.25,-0.63,1.29,43.5,57.18,-33.96
140,-0.2,-0.57,1.13,29.05,59.38,-4.34
141,-0.26,-0.5,0.97,18.61,56.98,14.47
142,-0.31,-0.34,0.81,9.07,37.68,18.23
143,-0.24,-0.3,0.71,-3.66,19.25,11.21
144,-0.16,-0.33,0.62,-3.87,-6.67,-5.1
145,-0.05,-0.34,0.65,0.47,-29.23,-20.54
146,0.05,-0.39,0.62,-4.89,-39.6,-34.27
147,0.15,-0.45,0.64,-6.84,-45.32,-38.54
148,0.19,-0.57,0.66,-2.37,-39.1,-41.91
149,0.18,-0.64,0.7,-7.86,-34.95,-37.29
150,0.18,-0.69,0.76,3.82,-23.57,-28.21
151,0.07,-0.68,0.76,-0.82,-13.77,-16.22
152,0.02,-0.63,0.71,4.59,-9.24,-9.44
153,-0.06,-0.54,0.69,7.22,-12.84,-8.83
154,-0.09,-0.5,0.7,7.38,-18.2,-7.85
155,-0.03,-0.46,0.73,6.28,-24.23,-6.83
156,0.05,-0.47,0.82,4.21,-20.68,-13.47
157,0.1,-0.54,0.89,6.41,-14.04,-15.26
158,0.13,-0.61,0.95,9.71,-4.28,-10.41
159,0.11,-0.64,0.96,8.51,6.02,-5.07
160,0.09,-0.67,0.97,12.11,12.95,-3.46
161,0.08,-0.68,0.97,16.84,16.24,-2.67
162,0.06,-0.65,0.96,17.72,19.7,-1.53
163,0.06,-0.63,0.95,15.62,22.37,-1.79
164,0.06,-0.62,0.95,15.69,21.82,-0.56
165,0.04,-0.6,0.94,14.71,20.8,-0.26
166,0.02,-0.59,0.93,13.93,19.91,-3.43
167,-0.02,-0.6,0.94,14.92,16.66,-6.66
168,-0.05,-0.6,0.93,14.14,12.15,-6.94
169,-0.06,-0.59,0.92,14.56,6.86,-1.57
170,-0.06,-0.56,0.94,12.82,5.62,2.93
171,-0.05,-0.56,0.94,10.26,3.78,2.43
172,-0.02,-0.57,0.96,10.5,0.96,4.1
173,-0.01,-0.59,0.97,14.66,-1.02,7.16
174,0.01,-0.59,0.98,20.53,-0.8,6.76
175,0.01,-0.58,0.96,25.22,-2.27,4.95
176,0.01,-0.56,0.95,28.41,-1.3,1.56
177,0.02,-0.54,0.94,31.2,-1.09,-0.69
178,0.03,-0.52,0.92,32.66,-0.85,-2.79
179,0.03,-0.52,0.92,32.79,-0.5,-1.5
180,-0.0,-0.54,0.92,31.32,1.4,-0.68
181,-0.02,-0.55,0.92,31.08,2.44,0.34
182,-0.03,-0.55,0.93,31.36,5.31,4.5
183,-0.02,-0.55,0.92,32.03,8.47,8.18
184,-0.02,-0.54,0.92,31.86,11.79,10.92
185,-0.04,-0.55,0.93,33.06,12.64,13.64
186,-0.05,-0.54,0.91,35.11,10.92,14.73
187,-0.07,-0.53,0.91,35.06,9.06,14.21
188,-0.07,-0.53,0.92,37.26,4.18,11.61
189,-0.06,-0.51,0.91,39.66,0.07,11.73
190,-0.05,-0.5,0.93,39.68,-0.4,10.66
191,-0.03,-0.48,0.93,39.08,0.18,9.79
192,-0.03,-0.47,0.96,39.1,1.3,11.0
193,-0.03,-0.45,0.95,38.81,4.07,12.72
194,-0.02,-0.43,0.95,40.63,2.44,16.95
195,-0.04,-0.42,0.94,41.34,2.9,18.02
196,-0.06,-0.42,0.94,42.94,1.47,12.47
197,-0.07,-0.42,0.94,45.06,-1.88,8.03
198,-0.07,-0.41,0.94,48.49,-7.76,8.33
199,-0.04,-0.38,0.94,49.66,-9.36,8.1
200,-0.01,-0.36,0.93,48.25,-7.95,5.75
201,-0.0,-0.35,0.93,46.67,-6.06,5.82
202,-0.0,-0.36,0.94,46.52,-4.1,9.11
203,-0.02,-0.35,0.94,45.98,-1.87,12.24
204,-0.02,-0.34,0.93,45.49,-0.33,14.45
205,-0.03,-0.32,0.92,44.06,0.44,14.66
206,-0.04,-0.32,0.93,43.22,0.73,12.89
207,-0.06,-0.32,0.94,43.15,0.24,12.56
208,-0.05,-0.29,0.94,43.72,-1.89,14.53
209,-0.04,-0.27,0.94,42.18,-2.06,14.73
210,-0.04,-0.27,0.94,41.36,-2.86,12.57
211,-0.03,-0.28,0.95,38.51,-5.15,11.47
212,-0.01,-0.26,0.94,41.6,-6.08,12.58
213,0.02,-0.24,0.96,41.41,-3.42,12.05
214,0.0,-0.24,0.96,41.43,-1.87,11.75
215,-0.02,-0.25,0.96,41.78,-0.89,11.66
216,-0.04,-0.25,0.97,43.68,-2.17,12.81
217,-0.04,-0.23,0.96,44.65,-1.97,13.06
218,-0.03,-0.2,0.94,41.59,-2.11,14.73
219,-0.05,-0.2,0.95,38.27,0.27,15.73
220,-0.07,-0.19,0.93,36.02,0.19,16.11
221,-0.08,-0.19,0.93,33.37,-0.98,16.04
222,-0.09,-0.2,0.94,33.41,-5.27,16.63
223,-0.09,-0.21,0.95,34.47,-8.97,16.63
224,-0.08,-0.2,0.96,35.79,-10.88,16.04
225,-0.05,-0.2,0.97,37.02,-13.03,15.47
226,-0.03,-0.19,0.97,37.67,-13.78,15.02
227,-0.01,-0.18,0.98,37.61,-13.25,12.47
228,0.0,-0.17,0.99,37.75,-12.82,10.34
229,0.04,-0.17,1.0,37.15,-10.94,11.77
230,0.05,-0.16,1.01,37.02,-7.15,13.91
231,0.04,-0.16,1.01,37.69,-4.01,15.56
232,0.03,-0.16,1.0,36.79,-0.21,16.02
233,0.03,-0.16,1.0,37.32,3.02,17.69
234,0.03,-0.14,0.98,38.18,5.37,22.33
235,0.02,-0.12,0.99,35.91,8.5,23.64
236,0.03,-0.09,0.98,33.53,10.85,23.77
237,0.02,-0.09,0.96,32.55,12.18,21.59
238,-0.01,-0.09,0.96,34.34,10.93,19.18
239,-0.02,-0.09,0.95,36.06,8.67,16.02
240,-0.03,-0.08,0.95,36.18,7.55,12.64
241,-0.04,-0.07,0.95,36.63,6.2,10.68
242,-0.05,-0.07,0.94,37.5,5.06,9.15
243,-0.04,-0.06,0.95,37.34,2.74,11.13
244,-0.05,-0.07,0.95,35.66,3.34,10.23
245,-0.07,-0.08,0.96,37.87,0.58,7.79
246,-0.04,-0.06,0.96,40.37,-3.18,6.19
247,-0.02,-0.05,0.96,41.25,-4.2,4.53
248,0.01,-0.03,0.95,40.57,-2.13,2.59
249,0.02,-0.02,0.97,39.81,0.32,2.6
250,0.04,-0.01,0.95,39.92,3.69,3.1
251,0.06,0.03,0.95,38.86,7.56,4.56
252,0.06,0.04,0.94,37.13,12.05,5.73
253,0.04,0.06,0.94,34.43,17.8,6.06
254,0.02,0.06,0.91,31.18,21.64,6.33
255,-0.01,0.06,0.91,28.71,21.85,7.22
256,-0.04,0.05,0.91,27.71,20.35,7.46
257,-0.07,0.04,0.89,27.08,17.24,10.31
258,-0.11,0.02,0.9,27.79,11.95,11.32
259,-0.11,0.01,0.91,30.92,5.74,10.1
260,-0.06,0.05,0.91,32.41,2.86,8.83
261,-0.03,0.07,0.9,30.99,3.11,9.46
262,-0.03,0.1,0.89,28.37,4.88,11.32
263,-0.05,0.09,0.89,24.96,7.11,10.85
264,-0.06,0.09,0.87,23.66,6.89,11.18
265,-0.04,0.11,0.87,20.77,8.59,7.4
266,-0.04,0.12,0.88,19.1,7.68,5.21
267,-0.05,0.13,0.87,16.33,9.23,4.95
268,-0.09,0.14,0.86,13.6,8.9,4.52
269,-0.09,0.14,0.85,11.15,5.92,6.63
270,-0.08,0.16,0.86,10.13,2.25,7.8
271,-0.06,0.17,0.87,7.34,0.78,6.4
272,-0.06,0.15,0.86,5.77,-1.03,3.76
273,-0.06,0.15,0.87,3.94,-1.46,1.14
274,-0.07,0.14,0.87,2.79,-2.95,1.59
275,-0.07,0.15,0.86,1.26,-3.47,-0.78
276,-0.07,0.14,0.87,0.57,-5.47,-3.36
277,-0.06,0.13,0.89,1.46,-6.53,-5.59
278,-0.07,0.13,0.9,1.87,-8.19,-6.12
279,-0.05,0.13,0.9,1.47,-10.31,-3.85
280,-0.04,0.13,0.91,1.73,-11.14,-1.37
281,-0.02,0.14,0.91,1.23,-9.68,-2.04
282,-0.02,0.13,0.91,0.0,-6.82,-1.87
283,-0.04,0.11,0.91,-0.84,-5.79,-0.55
284,-0.03,0.11,0.9,-0.54,-4.95,0.11
285,-0.04,0.11,0.91,-0.55,-5.69,-1.53
286,-0.04,0.12,0.91,-0.3,-7.95,-2.95
287,-0.02,0.12,0.9,-2.32,-8.47,-4.26
288,-0.02,0.11,0.93,-4.38,-7.31,-4.92
289,-0.02,0.11,0.95,-4.58,-6.21,-5.92
290,-0.01,0.1,0.95,-4.31,-5.82,-6.08
291,-0.02,0.09,0.96,-3.81,-7.02,-3.47
292,-0.01,0.08,0.97,-4.15,-4.08,-3.08
293,-0.0,0.08,0.97,-3.66,-2.46,-3.46
294,0.01,0.09,0.97,-2.27,-1.37,-2.5
295,-0.01,0.1,0.96,-1.47,-1.1,-1.79
296,-0.02,0.12,0.96,-2.68,0.93,-1.7
297,-0.02,0.13,0.95,-3.04,1.19,-2.35
298,-0.01,0.14,0.94,-3.21,0.19,-4.4
299,-0.01,0.14,0.95,-4.25,1.7,-6.76
300,-0.01,0.15,0.94,-5.08,2.15,-7.42
301,-0.03,0.15,0.94,-4.84,1.79,-5.62
302,-0.03,0.14,0.94,-5.27,2.05,-6.93
303,-0.03,0.14,0.95,-5.46,2.27,-7.67
304,-0.05,0.13,0.94,-5.05,1.27,-5.47
305,-0.06,0.13,0.94,-6.54,1.05,-4.23
306,-0.07,0.13,0.92,-8.17,0.73,-5.35
307,-0.05,0.14,0.95,-8.6,-1.02,-5.58
308,-0.05,0.12,0.96,-7.96,-2.66,-6.16
309,-0.04,0.13,0.97,-8.61,-3.13,-9.05
310,-0.04,0.12,0.99,-8.48,-3.21,-11.12
311,-0.03,0.1,1.0,-7.98,-2.39,-12.18
312,-0.03,0.1,1.02,-7.29,-1.53,-9.73
313,-0.02,0.1,1.02,-7.19,0.95,-6.95
314,-0.02,0.09,1.02,-6.4,3.9,-7.51
315,-0.05,0.09,1.02,-6.32,5.38,-7.6
316,-0.05,0.09,1.0,-5.82,5.66,-6.09
317,-0.07,0.1,1.0,-7.62,6.88,-6.5
318,-0.07,0.09,1.0,-7.81,7.78,-7.84
319,-0.08,0.09,1.0,-8.05,8.41,-7.39
320,-0.11,0.08,0.99,-6.88,8.11,-5.61
321,-0.11,0.07,0.99,-5.85,6.42,-4.97
322,-0.1,0.08,0.98,-3.52,2.27,-3.92
323,-0.1,0.08,0.98,-2.0,0.48,-2.31
324,-0.09,0.08,0.99,-3.23,1.43,-3.95
325,-0.08,0.09,0.98,-3.47,2.14,-5.85
326,-0.09,0.09,0.99,-4.05,3.27,-7.87
327,-0.1,0.08,0.97,-4.16,4.37,-8.57
328,-0.11,0.07,0.96,-3.4,2.27,-6.12
329,-0.09,0.08,0.96,-4.08,2.11,-3.19
330,-0.07,0.08,0.96,-3.14,0.79,-2.34
331,-0.06,0.08,0.95,-3.05,1.3,-3.38
332,-0.06,0.09,0.93,-4.37,2.87,-5.31
333,-0.07,0.09,0.94,-4.74,2.88,-4.38
334,-0.07,0.09,0.94,-5.25,3.67,-3.52
335,-0.07,0.1,0.94,-7.15,5.4,-1.29
336,-0.08,0.09,0.92,-8.71,6.66,0.32
337,-0.1,0.08,0.93,-9.13,5.98,0.98
338,-0.09,0.08,0.92,-8.07,3.5,0.37
339,-0.09,0.08,0.92,-7.44,1.05,-2.72
340,-0.09,0.07,0.91,-7.64,-0.42,-4.9
341,-0.05,0.09,0.92,-9.56,-0.1,-2.95
342,-0.05,0.08,0.94,-11.63,3.58,-1.53
343,-0.06,0.08,0.95,-12.22,6.19,-1.48
344,-0.07,0.07,0.96,-12.24,7.74,0.27
345,-0.1,0.06,0.95,-11.4,8.76,1.0
346,-0.1,0.07,0.95,-10.35,8.27,-0.01
347,-0.12,0.09,0.95,-10.53,6.57,-1.52
348,-0.11,0.1,0.96,-10.02,4.85,-2.24
349,-0.12,0.09,0.96,-9.99,4.06,-2.36
350,-0.13,0.09,0.96,-8.24,0.29,-2.1
351,-0.12,0.1,0.96,-6.92,-2.79,-1.7
352,-0.1,0.11,0.98,-6.88,-4.56,-0.06
353,-0.1,0.12,0.98,-7.95,-5.68,-1.57
354,-0.07,0.13,0.99,-8.9,-5.47,-2.15
355,-0.06,0.13,1.0,-9.91,-3.43,-3.63
356,-0.08,0.12,1.0,-9.24,-3.52,-5.82
357,-0.05,0.11,1.01,-9.31,-2.41,-6.37
358,-0.06,0.11,1.01,-9.53,-1.98,-4.61
359,-0.07,0.11,1.01,-9.21,-2.06,-5.16
360,-0.08,0.12,1.01,-8.3,-2.97,-4.82
361,-0.08,0.11,1.0,-9.38,-3.44,-3.89
362,-0.1,0.11,1.01,-10.56,-3.28,-3.0
363,-0.11,0.09,1.01,-10.55,-3.72,-4.29
364,-0.11,0.08,1.01,-10.87,-4.18,-4.93
365,-0.13,0.06,1.01,-10.53,-6.41,-5.35
366,-0.12,0.06,1.02,-9.59,-8.47,-4.77
367,-0.11,0.05,1.02,-9.34,-9.05,-3.98
368,-0.1,0.04,1.02,-10.15,-7.96,-3.79
369,-0.11,0.02,1.01,-9.44,-8.34,-2.28
370,-0.1,0.0,1.03,-8.35,-7.98,0.37
371,-0.09,-0.0,1.03,-6.75,-7.09,1.22
372,-0.09,0.0,1.03,-5.34,-7.08,0.73
373,-0.08,-0.0,1.03,-3.82,-5.85,-0.82
374,-0.08,0.0,1.02,-2.73,-5.56,-1.73
375,-0.08,0.01,1.0,-2.36,-4.5,-1.98
376,-0.09,0.01,1.01,-1.55,-4.82,-0.55
377,-0.08,0.02,1.0,-1.19,-4.36,1.25
378,-0.09,0.02,1.0,-1.47,-3.1,2.87
379,-0.11,0.03,0.98,-2.11,-3.38,4.19
380,-0.11,0.03,0.98,-1.27,-5.08,4.43
381,-0.1,0.05,0.98,-1.65,-5.5,4.92
382,-0.1,0.06,0.97,-1.53,-6.83,3.87
383,-0.08,0.07,0.96,-1.47,-8.23,2.27
384,-0.06,0.08,0.96,-1.33,-9.24,1.28
385,-0.03,0.08,0.98,-2.93,-8.14,0.11
386,-0.02,0.07,0.98,-2.64,-6.62,-0.02
387,-0.02,0.07,0.99,-1.9,-4.94,1.41
388,-0.03,0.06,0.99,-1.93,-2.66,1.02
389,-0.04,0.06,0.98,-2.09,-2.19,1.46
390,-0.07,0.07,0.96,-3.09,-1.56,1.8
391,-0.08,0.07,0.96,-3.23,-2.76,2.07
392,-0.06,0.07,0.97,-3.16,-2.59,1.09
393,-0.06,0.08,0.97,-3.2,-3.24,-1.24
394,-0.07,0.07,0.96,-4.01,-2.86,-2.18
395,-0.06,0.08,0.98,-3.57,-4.99,0.11
396,-0.05,0.08,0.99,-3.64,-5.83,-0.37
397,-0.02,0.1,0.99,-4.7,-5.73,-2.53
398,0.0,0.1,1.0,-3.85,-6.08,-5.07
399,0.01,0.1,1.02,-3.75,-4.84,-8.32
