,accel_x,accel_y,accel_z,gyro_x,gyro_y,gyro_z
0,0.06,0.33,0.96,4.47,-15.34,2.65
1,0.11,0.3,0.98,14.4,-8.22,7.46
2,0.11,0.34,0.96,7.05,-9.72,5.36
3,0.14,0.29,0.97,9.27,-0.98,8.23
4,0.11,0.33,0.95,5.59,0.98,0.44
5,0.1,0.32,0.95,5.33,0.33,0.58
6,0.07,0.3,0.99,7.51,-2.73,1.29
7,0.04,0.31,0.94,8.95,-9.48,-0.44
8,0.03,0.32,0.92,10.25,-14.27,0.62
9,0.08,0.35,0.93,10.49,-16.49,-1.26
10,0.06,0.34,0.9,7.52,-13.21,-2.51
11,0.04,0.35,0.9,3.73,-19.1,1.79
12,0.08,0.34,0.89,2.6,-19.53,2.52
13,0.1,0.33,0.88,4.56,-15.18,3.17
14,0.1,0.34,0.86,-0.84,-13.98,0.82
15,0.13,0.35,0.86,-5.28,-9.24,-0.4
16,0.12,0.34,0.87,-8.24,-5.16,-2.84
17,0.08,0.31,0.91,-7.53,-3.07,-3.41
18,0.07,0.3,0.96,-3.79,-5.95,-0.69
19,0.09,0.31,0.93,-0.94,-6.4,-0.33
20,0.1,0.32,0.92,1.1,-5.61,3.25
21,0.08,0.34,0.9,0.53,-4.53,2.63
22,0.07,0.34,0.9,-1.2,-7.29,3.01
23,0.1,0.33,0.89,-3.3,-7.69,1.61
24,0.13,0.32,0.89,-4.73,-7.89,-1.93
25,0.13,0.31,0.89,-5.09,-7.98,-3.36
26,0.11,0.33,0.91,-5.59,-8.86,-4.73
27,0.11,0.35,0.88,-5.49,-8.45,-4.33
28,0.11,0.34,0.9,-7.49,-6.07,-4.13
29,0.12,0.34,0.9,-8.82,-4.55,-3.82
30,0.11,0.33,0.91,-9.79,-2.22,-4.45
31,0.12,0.33,0.92,-9.59,-3.19,-3.03
32,0.14,0.32,0.94,-8.76,-1.92,-1.92
33,0.16,0.33,0.94,-8.14,-0.27,-2.93
34,0.18,0.31,0.93,-7.29,1.91,-3.54
35,0.17,0.33,0.92,-7.78,5.29,-6.33
36,0.15,0.36,0.89,-9.17,7.5,-8.13
37,0.14,0.32,0.93,-8.79,12.36,-9.21
38,0.11,0.31,0.94,-9.69,12.63,-10.37
39,0.1,0.32,0.95,-8.3,13.73,-9.95
40,0.09,0.3,0.97,-4.72,11.91,-6.52
41,0.08,0.31,0.96,-2.61,7.91,-4.74
42,0.09,0.32,0.93,-2.55,6.7,-4.76
43,0.09,0.31,0.92,-4.15,6.86,-6.1
44,0.09,0.31,0.92,-5.05,6.2,-6.33
45,0.09,0.31,0.95,-5.0,4.61,-6.93
46,0.09,0.3,0.96,-3.45,0.07,-6.33
47,0.1,0.3,0.97,-2.46,0.92,-7.82
48,0.08,0.3,0.97,-0.54,-2.41,-7.37
49,0.09,0.29,0.97,1.63,-6.26,-7.89
50,0.09,0.3,0.95,2.62,-5.74,-9.24
51,0.08,0.31,0.95,2.78,-7.02,-9.66
52,0.08,0.31,0.92,2.53,-5.92,-10.91
53,0.06,0.32,0.92,1.03,-5.02,-11.5
54,0.05,0.32,0.91,0.5,-6.16,-10.89
55,0.07,0.32,0.91,-1.66,-5.86,-9.92
56,0.09,0.31,0.91,-3.36,-4.15,-8.44
57,0.08,0.32,0.92,-3.95,-0.99,-7.37
58,0.07,0.32,0.92,-5.04,1.25,-6.92
59,0.06,0.32,0.93,-4.18,0.16,-4.22
60,0.06,0.31,0.92,-3.73,-1.21,-2.64
61,0.07,0.31,0.92,-4.59,-1.56,-2.03
62,0.09,0.31,0.93,-4.85,-0.64,-2.02
63,0.09,0.3,0.93,-5.56,0.73,-2.63
64,0.1,0.31,0.9,-5.92,0.49,-6.94
65,0.09,0.32,0.93,-8.24,-0.21,-6.23
66,0.1,0.3,0.95,-8.12,0.8,-6.9
67,0.09,0.31,0.96,-6.96,-2.08,-5.75
68,0.12,0.31,0.97,-5.92,-0.47,-3.26
69,0.1,0.32,0.96,-4.94,-1.65,-1.8
70,0.1,0.31,0.96,-3.87,-3.48,-1.31
71,0.12,0.31,0.95,-2.98,-2.56,-1.46
72,0.11,0.31,0.94,-3.33,-2.52,-2.25
73,0.11,0.31,0.94,-4.0,-2.78,-3.44
74,0.09,0.32,0.94,-3.96,-2.67,-5.08
75,0.11,0.31,0.94,-3.21,-4.47,-4.53
76,0.11,0.31,0.95,-3.16,-1.98,-5.66
77,0.1,0.31,0.94,-4.11,0.49,-5.12
78,0.09,0.3,0.94,-3.57,0.11,-4.69
79,0.09,0.31,0.93,-4.0,-1.72,-5.55
80,0.1,0.31,0.93,-4.86,-1.21,-6.73
81,0.09,0.32,0.94,-4.82,-1.57,-7.12
82,0.07,0.31,0.96,-4.08,-1.39,-7.15
83,0.06,0.32,0.97,-1.99,-6.84,-2.95
84,0.06,0.32,0.97,-2.73,-5.45,-1.31
85,0.08,0.32,0.96,-2.84,-3.15,0.46
86,0.08,0.31,0.97,-2.93,-2.95,-0.26
87,0.08,0.31,0.98,-2.92,-2.77,-1.21
88,0.08,0.31,0.98,-2.15,-5.64,-1.56
89,0.1,0.29,0.98,-0.38,-4.86,-2.39
90,0.1,0.3,0.97,-0.55,-3.21,-4.77
91,0.09,0.29,0.97,0.15,-2.61,-5.5
92,0.09,0.3,0.98,1.48,-4.02,-4.82
93,0.1,0.3,0.96,1.77,-1.29,-5.14
94,0.08,0.3,0.96,1.81,-0.63,-4.31
95,0.09,0.29,0.96,1.41,0.74,-4.61
96,0.08,0.29,0.95,2.99,0.8,-3.32
97,0.08,0.31,0.93,2.83,-0.39,-3.5
98,0.07,0.32,0.92,2.47,-2.28,-2.44
99,0.07,0.33,0.91,2.66,-4.53,-2.64
100,0.1,0.31,0.92,1.21,-2.51,-2.75
101,0.11,0.31,0.92,0.76,-2.98,-2.68
102,0.09,0.32,0.92,2.83,-1.09,-2.18
103,0.09,0.33,0.91,1.3,-2.25,-2.86
104,0.08,0.33,0.9,1.55,-1.86,-3.08
105,0.07,0.34,0.91,0.73,-2.69,-2.97
106,0.07,0.33,0.91,0.03,-2.82,-3.18
107,0.08,0.34,0.9,-1.53,-3.21,-2.82
108,0.08,0.34,0.9,-3.49,-2.6,-3.86
109,0.11,0.34,0.91,-4.44,-2.41,-2.92
110,0.1,0.33,0.92,-4.71,-3.5,-2.46
111,0.12,0.31,0.93,-3.34,-4.83,-2.35
112,0.11,0.31,0.95,-2.52,-4.55,-2.73
113,0.1,0.31,0.95,-0.85,-4.95,-2.33
114,0.1,0.3,0.94,-0.3,-3.02,-2.72
115,0.1,0.31,0.92,-0.03,-1.82,-2.35
116,0.1,0.32,0.91,-1.4,-0.6,-3.26
117,0.1,0.31,0.9,-2.58,-2.05,-4.81
118,0.11,0.32,0.91,-1.11,-0.94,-4.18
119,0.1,0.33,0.91,-1.62,-2.55,-4.78
120,0.11,0.32,0.9,-1.85,-2.48,-5.39
121,0.12,0.32,0.9,-2.06,-1.86,-4.95
122,0.11,0.32,0.9,-2.22,-0.83,-6.55
123,0.08,0.33,0.9,-2.82,-2.28,-6.18
124,0.08,0.33,0.9,-2.95,-1.66,-4.74
125,0.08,0.33,0.9,-3.57,-2.34,-3.37
126,0.1,0.34,0.88,-4.98,-2.76,-2.18
127,0.1,0.33,0.89,-5.78,-1.92,-2.36
128,0.07,0.31,0.92,-3.66,-10.33,-0.85
129,0.12,0.32,0.86,-4.18,-7.58,-0.25
130,0.11,0.31,0.87,-5.14,-7.27,0.3
131,0.12,0.3,0.87,-4.76,-12.24,-0.42
132,0.15,0.29,0.85,-4.15,-8.9,-0.84
133,0.16,0.28,0.82,-6.21,-9.18,-2.06
134,0.16,0.26,0.82,-6.4,-5.31,-4.67
135,0.14,0.24,0.8,-6.37,-5.79,-7.24
136,0.14,0.22,0.75,-4.37,-6.31,-9.72
137,0.13,0.2,0.73,-3.95,-7.63,-10.74
138,0.14,0.22,0.65,-5.53,-7.89,-11.82
139,0.16,0.22,0.62,-8.47,-5.21,-9.47
140,0.14,0.22,0.59,-10.71,-3.56,-9.66
141,0.18,0.24,0.55,-15.34,-2.17,-9.34
142,0.15,0.23,0.53,-18.53,0.17,-8.47
143,0.15,0.2,0.54,-19.11,0.04,-4.38
144,0.2,0.17,0.52,-18.04,4.84,-2.53
145,0.18,0.17,0.5,-16.48,6.23,-1.76
146,0.17,0.16,0.49,-11.71,5.4,-0.21
147,0.13,0.2,0.42,-16.27,-5.95,-5.37
148,0.18,0.18,0.35,-16.7,-9.97,-1.53
149,0.22,0.16,0.38,-17.27,-0.67,2.24
150,0.25,0.16,0.37,-19.95,7.88,4.39
151,0.36,0.18,0.28,-30.3,16.67,-3.75
152,0.33,0.18,0.19,-36.26,26.61,-15.68
153,0.23,0.19,0.23,-41.76,33.05,-23.13
154,0.09,0.23,0.21,-46.68,24.81,-27.21
155,0.01,0.28,0.16,-53.29,18.51,-28.84
156,-0.01,0.3,0.16,-62.17,17.21,-25.77
157,-0.05,0.32,0.17,-71.19,22.58,-14.11
158,-0.02,0.3,0.3,-76.27,35.62,3.08
159,0.03,0.25,0.49,-73.67,56.6,27.11
160,0.08,0.27,0.43,-89.05,99.35,48.92
161,0.2,0.17,0.64,-92.68,124.26,52.45
162,0.14,0.12,0.74,-92.94,123.45,41.09
163,0.12,0.12,0.82,-112.09,98.89,15.18
164,0.1,-0.01,1.02,-113.63,65.0,-17.24
165,-0.15,-0.15,1.4,-102.51,19.85,-43.84
166,-0.3,-0.31,1.72,-77.77,-37.92,-48.11
167,-0.27,-0.32,1.8,-64.38,-56.06,-47.66
168,-0.17,-0.3,1.82,-55.89,-37.31,-39.93
169,-0.05,-0.08,2.0,-62.1,-6.31,-23.85
170,-0.04,-0.25,1.93,-59.83,36.25,-9.49
171,-0.22,-0.16,1.78,-58.63,76.19,-2.39
172,-0.3,-0.13,1.79,-64.66,77.78,-2.01
173,-0.22,-0.12,1.73,-68.75,75.23,-10.46
174,-0.34,-0.15,1.73,-57.02,44.83,-27.44
175,-0.43,-0.14,1.91,-38.76,-5.97,-31.88
176,-0.33,-0.04,1.62,-18.53,-32.2,-35.07
177,-0.24,0.0,1.51,-11.18,-32.97,-31.22
178,-0.28,0.09,1.39,-13.47,-27.17,-26.48
179,-0.28,0.15,1.29,-12.63,-19.15,-20.83
180,-0.26,0.18,1.16,-16.66,-18.29,-11.33
181,-0.24,0.18,1.06,-26.92,-24.47,-8.14
182,-0.18,0.15,1.06,-33.44,-30.11,-4.01
183,-0.08,0.11,1.08,-40.88,-27.36,-6.95
184,-0.0,0.03,1.18,-35.24,-21.63,-10.42
185,0.08,-0.14,1.46,-22.5,12.3,-8.08
186,0.12,-0.31,1.96,0.96,37.06,-16.13
187,-0.01,-0.26,2.0,24.53,13.51,-19.91
188,-0.08,-0.05,1.62,41.3,-13.33,-23.53
189,0.03,0.13,1.35,38.79,-3.18,-13.54
190,0.03,0.16,1.26,28.46,11.56,-6.68
191,0.02,0.18,1.19,17.08,4.87,-7.11
192,-0.01,0.22,1.09,7.15,4.7,-12.61
193,-0.1,0.23,1.07,-0.54,-1.29,-9.83
194,-0.16,0.24,1.01,-11.29,-9.35,-8.69
195,-0.12,0.18,1.01,-16.13,-18.66,-6.24
196,-0.11,0.15,1.03,-21.36,-22.41,-3.24
197,-0.09,0.11,1.04,-25.67,-22.34,1.92
198,-0.04,0.04,1.11,-21.4,-19.5,1.98
199,-0.06,0.01,1.13,-19.65,-19.79,2.95
200,-0.02,-0.02,1.17,-15.98,-16.81,2.02
201,-0.04,-0.04,1.22,-11.02,-6.31,4.49
202,-0.05,-0.06,1.24,-9.01,-9.46,5.14
203,-0.02,-0.05,1.21,-6.27,-9.05,6.39
204,-0.05,-0.05,1.23,-3.11,-11.09,9.25
205,-0.08,-0.04,1.22,-2.94,-13.03,9.45
206,-0.07,-0.04,1.22,-0.79,-15.56,12.09
207,-0.05,-0.03,1.23,1.18,-16.47,13.59
208,-0.01,-0.02,1.22,3.72,-17.5,12.89
209,0.02,-0.03,1.2,5.48,-13.42,12.14
210,0.02,-0.03,1.21,9.11,-8.73,12.37
211,0.03,-0.05,1.21,13.25,-10.02,11.34
212,0.04,-0.06,1.21,20.93,-12.44,7.49
213,0.05,-0.05,1.16,25.98,-13.47,4.52
214,0.03,-0.03,1.12,26.93,-12.14,4.54
215,-0.01,-0.01,1.08,29.39,-12.98,4.89
216,-0.02,-0.01,1.07,30.37,-17.89,3.86
217,-0.02,0.0,1.03,29.0,-19.42,3.29
218,-0.01,-0.0,1.03,28.35,-18.05,6.11
219,-0.0,0.0,1.01,27.07,-17.53,6.5
220,0.04,0.0,1.0,28.93,-16.24,6.94
221,0.03,0.02,0.98,27.68,-12.94,7.04
222,0.05,0.02,1.0,28.98,-10.22,7.88
223,0.06,0.02,1.0,32.24,-7.63,9.42
224,0.05,0.04,0.99,31.89,-4.67,10.71
225,0.05,0.04,0.97,30.21,-0.18,10.5
226,0.03,0.06,0.96,31.08,-2.1,9.66
227,0.01,0.07,0.94,28.79,-7.98,8.12
228,0.02,0.08,0.93,26.0,-13.75,5.73
229,0.02,0.09,0.94,24.46,-18.65,3.25
230,0.02,0.11,0.94,21.91,-22.7,1.03
231,0.06,0.1,0.95,21.76,-23.34,2.99
232,0.1,0.09,0.97,20.56,-18.5,4.63
233,0.12,0.07,1.01,25.05,-8.75,7.44
234,0.1,0.07,0.99,26.8,-1.15,7.5
235,0.09,0.07,0.99,29.76,-1.65,4.83
236,0.08,0.09,0.98,33.56,-5.99,1.31
237,0.06,0.11,0.95,33.35,-13.83,-2.52
238,0.07,0.13,0.93,31.6,-22.21,-6.23
239,0.11,0.12,0.93,33.72,-23.51,-6.21
240,0.1,0.14,0.91,32.06,-20.31,-4.94
241,0.09,0.16,0.95,27.14,-12.85,-3.18
242,0.11,0.16,0.93,24.63,-9.32,-3.2
243,0.1,0.17,0.92,22.95,-8.45,-5.07
244,0.09,0.15,0.94,20.7,-8.21,-5.81
245,0.08,0.14,0.96,21.02,-6.78,-7.89
246,0.1,0.12,0.98,22.4,-9.91,-10.53
247,0.09,0.13,0.98,25.88,-8.18,-6.99
248,0.08,0.14,0.95,27.25,-7.81,-6.24
249,0.05,0.15,0.98,28.95,-10.05,-4.68
250,0.06,0.14,0.97,30.55,-12.09,-4.11
251,0.07,0.14,0.96,33.4,-14.55,-1.6
252,0.07,0.15,0.94,34.58,-15.43,-0.69
253,0.06,0.17,0.92,33.7,-17.3,0.34
254,0.1,0.19,0.89,31.26,-16.47,-1.31
255,0.11,0.2,0.87,28.47,-15.3,-4.86
256,0.11,0.19,0.89,27.52,-13.11,-6.48
257,0.07,0.2,0.91,26.79,-12.04,-4.67
258,0.09,0.21,0.89,26.24,-9.81,-1.79
259,0.09,0.21,0.9,25.97,-6.72,-0.63
260,0.07,0.23,0.9,25.63,-6.56,0.88
261,0.09,0.23,0.86,25.8,-11.82,1.97
262,0.09,0.24,0.88,23.57,-11.55,0.68
263,0.09,0.25,0.88,22.15,-13.03,-0.7
264,0.09,0.27,0.86,19.39,-15.43,-0.5
265,0.12,0.28,0.85,16.16,-15.94,-1.21
266,0.15,0.27,0.86,13.28,-15.16,-1.95
267,0.16,0.25,0.89,10.73,-11.63,-1.76
268,0.14,0.25,0.91,9.25,-8.74,-2.27
269,0.13,0.23,0.93,9.05,-8.17,-1.24
270,0.12,0.22,0.96,11.6,-7.82,-1.32
271,0.1,0.22,0.94,11.75,-8.67,-0.39
272,0.13,0.23,0.89,10.5,-9.07,0.2
273,0.13,0.25,0.91,6.44,-3.91,1.4
274,0.1,0.26,0.88,5.08,-0.46,1.93
275,0.12,0.29,0.86,-1.05,-0.68,3.96
276,0.13,0.27,0.89,-0.68,-1.97,5.81
277,0.14,0.26,0.9,-1.87,-1.73,5.48
278,0.13,0.24,0.94,-0.55,-1.97,3.23
279,0.14,0.18,0.99,4.2,-5.16,3.53
280,0.13,0.24,0.97,6.51,-10.73,0.8
281,0.14,0.23,0.96,10.43,-10.85,-1.6
282,0.13,0.26,0.96,11.0,-12.17,-2.4
283,0.16,0.25,0.93,15.5,-11.93,-0.06
284,0.16,0.27,0.9,15.8,-8.21,-0.21
285,0.15,0.29,0.89,14.98,-8.05,0.95
286,0.16,0.28,0.88,13.83,-7.3,0.66
287,0.13,0.28,0.89,13.75,-8.63,0.31
288,0.13,0.29,0.89,12.47,-9.72,0.15
289,0.14,0.28,0.88,12.03,-10.48,-0.9
290,0.13,0.29,0.87,10.77,-10.75,-0.59
291,0.13,0.3,0.85,7.61,-11.82,0.56
292,0.15,0.3,0.84,4.28,-9.93,1.15
293,0.17,0.29,0.85,3.03,-8.77,2.0
294,0.16,0.28,0.87,3.44,-7.61,1.69
295,0.14,0.27,0.88,5.04,-8.78,1.81
296,0.14,0.27,0.9,4.69,-9.32,1.6
297,0.16,0.28,0.88,3.99,-9.42,0.33
298,0.17,0.28,0.87,4.09,-9.36,-1.65
299,0.16,0.29,0.87,4.22,-10.31,-2.69
300,0.16,0.29,0.88,3.67,-10.97,-2.94
301,0.16,0.29,0.87,4.84,-11.81,-0.07
302,0.16,0.31,0.86,4.3,-11.72,1.94
303,0.19,0.31,0.85,2.29,-10.16,0.92
304,0.2,0.32,0.85,0.63,-7.66,0.04
305,0.18,0.32,0.86,0.02,-6.79,-0.55
306,0.21,0.3,0.88,0.68,-8.87,-1.68
307,0.21,0.3,0.88,0.59,-7.61,-0.87
308,0.21,0.3,0.87,1.8,-7.4,-1.02
309,0.23,0.31,0.89,2.45,-4.93,-0.65
310,0.22,0.31,0.87,1.73,-2.3,-0.62
311,0.2,0.33,0.86,-0.07,-2.08,-1.76
312,0.2,0.32,0.87,-1.08,-2.4,-2.28
313,0.2,0.32,0.87,-2.18,-2.85,-3.0
314,0.21,0.3,0.89,-3.4,-3.84,-4.13
315,0.21,0.33,0.86,-4.83,-5.1,-3.46
316,0.2,0.32,0.87,-5.37,-4.88,-3.27
317,0.19,0.32,0.88,-6.19,-6.66,-3.4
318,0.2,0.31,0.87,-5.12,-5.44,-2.66
319,0.19,0.31,0.88,-4.72,-3.74,-1.22
320,0.2,0.31,0.87,-4.94,-2.26,0.63
321,0.19,0.33,0.87,-5.04,-1.69,1.22
322,0.18,0.33,0.86,-6.0,-3.21,0.06
323,0.21,0.32,0.87,-5.58,-4.73,-0.74
324,0.23,0.31,0.87,-5.0,-2.83,-2.47
325,0.2,0.31,0.9,-3.15,-1.68,-3.17
326,0.17,0.31,0.89,-2.13,-2.24,-2.62
327,0.16,0.33,0.87,-2.26,-3.88,-1.19
328,0.17,0.33,0.87,-2.53,-2.44,-0.18
329,0.18,0.33,0.86,-3.93,-2.02,-1.09
330,0.18,0.33,0.86,-4.95,-2.16,-1.17
331,0.19,0.34,0.85,-8.79,-4.18,-3.77
332,0.22,0.31,0.9,-5.63,-3.59,-0.67
333,0.23,0.31,0.91,-4.58,-3.53,-0.47
334,0.23,0.31,0.91,-3.87,-4.9,-2.05
335,0.23,0.3,0.9,-4.39,-3.6,-4.78
336,0.21,0.31,0.92,-4.41,-3.44,-5.79
337,0.2,0.32,0.92,-5.88,-2.24,-6.25
338,0.2,0.3,0.92,-5.79,-1.75,-4.99
339,0.19,0.3,0.92,-5.53,-2.29,-4.08
340,0.21,0.3,0.93,-6.2,-2.52,-4.22
341,0.22,0.3,0.92,-6.75,-0.81,-4.83
342,0.22,0.29,0.94,-6.73,0.53,-5.85
343,0.21,0.29,0.95,-6.25,0.02,-6.31
344,0.21,0.29,0.95,-4.73,-0.48,-6.63
345,0.19,0.28,0.95,-3.37,-1.56,-7.53
346,0.19,0.29,0.95,-1.71,-3.88,-6.58
347,0.21,0.29,0.94,0.3,-6.45,-6.77
348,0.2,0.28,0.94,0.96,-7.18,-8.15
349,0.2,0.31,0.93,1.24,-6.01,-6.96
350,0.19,0.3,0.93,1.03,-5.69,-7.34
351,0.22,0.29,0.92,0.98,-5.61,-5.35
352,0.22,0.31,0.91,-0.23,-1.31,-4.31
353,0.22,0.3,0.92,-0.76,0.99,-4.41
354,0.2,0.31,0.91,-1.55,1.36,-4.82
355,0.18,0.32,0.91,-1.95,1.11,-4.81
356,0.17,0.31,0.93,-1.3,-0.97,-4.37
357,0.17,0.31,0.92,-0.44,-1.69,-2.63
358,0.19,0.31,0.92,0.19,-0.83,-1.5
359,0.21,0.32,0.9,-1.43,1.23,-2.17
360,0.22,0.33,0.9,-2.53,0.28,-3.69
361,0.19,0.33,0.9,-3.47,-1.32,-5.27
362,0.18,0.32,0.92,-3.39,-3.15,-5.88
363,0.2,0.32,0.93,-2.48,-2.09,-4.87
364,0.19,0.32,0.93,-2.38,0.3,-3.7
365,0.2,0.32,0.92,-2.54,2.47,-2.19
366,0.21,0.31,0.93,-2.95,3.44,-3.4
367,0.21,0.31,0.92,-2.54,3.38,-4.16
368,0.19,0.32,0.94,-1.24,3.05,-5.19
369,0.18,0.31,0.92,-1.13,2.63,-5.74
370,0.19,0.32,0.91,-1.75,3.21,-5.66
371,0.18,0.33,0.9,-2.89,3.82,-5.98
372,0.19,0.31,0.88,-4.03,5.01,-6.63
373,0.18,0.34,0.9,-5.6,0.49,-5.93
374,0.21,0.34,0.91,-3.57,1.11,-5.69
375,0.19,0.33,0.91,-5.59,-0.56,-5.75
376,0.18,0.32,0.92,-4.88,-1.21,-5.82
377,0.16,0.34,0.93,-3.8,-0.4,-3.63
378,0.18,0.32,0.92,-2.53,-1.47,-2.52
379,0.19,0.32,0.93,-2.69,-0.26,-1.8
380,0.2,0.3,0.93,-1.27,-0.37,-0.1
381,0.19,0.31,0.94,-0.5,2.11,-0.93
382,0.17,0.31,0.94,-0.37,1.08,-2.23
383,0.17,0.32,0.91,-6.53,1.05,-3.13
384,0.17,0.32,0.94,-0.98,3.71,-3.37
385,0.2,0.33,0.91,-3.74,1.46,-4.23
386,0.19,0.32,0.92,-4.73,1.17,-4.84
387,0.21,0.32,0.92,-5.33,-0.82,-5.03
388,0.2,0.31,0.93,-5.67,-1.39,-5.15
389,0.21,0.3,0.95,-3.34,-2.15,-4.18
390,0.18,0.31,0.94,-2.54,-0.97,-4.4
391,0.2,0.3,0.93,-2.06,-2.56,-4.24
392,0.21,0.31,0.93,-1.31,-1.17,-4.99
393,0.18,0.3,0.93,-1.59,-0.76,-5.61
394,0.18,0.31,0.93,-2.05,-0.08,-5.56
395,0.18,0.32,0.92,-2.37,0.31,-6.45
396,0.17,0.32,0.92,-2.82,-0.02,-6.34
397,0.17,0.33,0.91,-3.26,-0.68,-6.36
398,0.16,0.33,0.91,-4.0,-0.43,-6.56
399,0.17,0.32,0.91,-3.47,-2.31,-5.28
