,accel_x,accel_y,accel_z,gyro_x,gyro_y,gyro_z
0,0.12,0.2,0.95,-5.03,-3.33,-0.98
1,0.13,0.2,0.95,-5.33,-2.92,-1.38
2,0.12,0.19,0.97,-5.33,-1.18,-3.02
3,0.12,0.19,0.98,-4.91,-1.21,-2.47
4,0.12,0.18,0.98,-4.06,-1.54,-2.08
5,0.13,0.18,0.96,-3.6,-1.91,-2.56
6,0.12,0.18,0.97,-2.92,-3.12,-4.49
7,0.1,0.19,0.97,-2.85,-2.93,-3.71
8,0.12,0.19,0.97,-4.0,-3.0,-2.76
9,0.15,0.18,0.96,-4.66,0.18,-1.56
10,0.11,0.19,0.98,-4.69,1.08,-0.9
11,0.11,0.19,0.98,-4.32,-1.4,-0.88
12,0.16,0.19,0.97,-3.88,-0.53,-2.2
13,0.14,0.18,0.97,-3.58,0.26,-4.44
14,0.11,0.19,0.98,-3.05,-1.21,-5.8
15,0.12,0.2,0.97,-2.79,-1.83,-3.82
16,0.14,0.2,0.96,-2.34,-1.4,-1.7
17,0.14,0.19,0.97,-2.46,-1.31,-2.48
18,0.13,0.18,0.98,-1.7,-3.23,-2.46
19,0.13,0.19,0.96,-2.46,-2.27,-2.89
20,0.14,0.2,0.96,-3.31,-0.94,-2.62
21,0.14,0.19,0.97,-3.96,-1.1,-3.77
22,0.12,0.19,0.97,-3.63,-0.91,-3.08
23,0.12,0.19,0.96,-4.35,-0.75,-3.66
24,0.14,0.18,0.97,-4.08,-1.72,-3.24
25,0.13,0.19,0.96,-4.06,-0.43,-3.98
26,0.13,0.19,0.97,-3.82,-0.24,-4.66
27,0.11,0.19,0.97,-3.46,-0.56,-5.98
28,0.14,0.17,0.97,-1.84,-1.71,-4.21
29,0.12,0.18,0.97,-1.69,0.44,-4.01
30,0.1,0.18,0.97,-2.08,-0.35,-3.94
31,0.1,0.19,0.97,-3.07,-1.5,-4.7
32,0.14,0.19,0.96,-3.01,-3.89,-4.79
33,0.14,0.19,0.97,-2.89,-1.65,-4.47
34,0.12,0.18,0.98,-2.67,-1.99,-4.59
35,0.13,0.2,0.97,-3.35,-1.5,-5.24
36,0.13,0.18,0.97,-3.1,-0.79,-5.2
37,0.12,0.19,0.98,-2.29,-1.08,-4.89
38,0.12,0.19,0.96,-2.33,-0.35,-3.4
39,0.11,0.2,0.96,-3.28,-0.72,-3.64
40,0.13,0.19,0.96,-2.9,-1.95,-2.13
41,0.1,0.19,0.96,-3.24,-0.63,-2.3
42,0.1,0.19,0.96,-3.97,-2.95,-2.18
43,0.11,0.19,0.97,-4.22,-1.8,-2.52
44,0.12,0.19,0.97,-3.95,-2.92,-2.77
45,0.12,0.19,0.98,-4.01,-2.1,-3.76
46,0.13,0.18,0.98,-4.03,-2.14,-4.02
47,0.12,0.18,0.98,-3.66,-1.5,-2.34
48,0.14,0.18,0.98,-3.56,-0.69,-1.47
49,0.14,0.18,0.99,-3.15,2.0,-0.32
50,0.13,0.18,0.99,-2.5,1.78,-2.08
51,0.12,0.18,1.0,-1.39,1.27,-2.92
52,0.12,0.18,1.0,0.17,-0.63,-3.56
53,0.13,0.17,0.97,0.15,0.34,-3.98
54,0.14,0.18,0.97,-0.15,1.7,-2.98
55,0.14,0.19,0.95,0.44,0.01,-1.44
56,0.13,0.2,0.94,-0.48,0.0,-2.29
57,0.13,0.2,0.95,-0.66,-0.66,-2.73
58,0.12,0.2,0.96,-1.4,-0.47,-2.82
59,0.11,0.19,0.95,-1.93,1.52,-2.82
60,0.11,0.18,0.96,-2.33,1.9,-3.58
61,0.11,0.19,0.97,-2.01,2.15,-3.96
62,0.11,0.19,0.96,-1.04,0.95,-4.34
63,0.11,0.19,0.96,-0.41,0.99,-2.24
64,0.12,0.19,0.96,0.06,0.52,-3.36
65,0.11,0.2,0.94,-0.75,-0.63,-3.87
66,0.1,0.19,0.93,-2.53,-2.41,-3.65
67,0.11,0.2,0.93,-3.53,-3.6,-3.31
68,0.12,0.2,0.94,-4.5,-1.95,-1.6
69,0.13,0.18,0.95,-4.4,0.02,-0.25
70,0.12,0.19,0.96,-3.93,-0.12,-0.01
71,0.12,0.18,0.96,-3.31,-0.57,-0.82
72,0.12,0.17,0.97,-2.22,-1.27,-1.21
73,0.14,0.18,0.97,-1.28,-0.6,-1.33
74,0.14,0.19,0.96,-0.64,0.97,-0.94
75,0.11,0.2,0.95,-1.26,0.34,-2.28
76,0.12,0.21,0.95,-2.06,-1.58,-2.23
77,0.12,0.21,0.96,-2.99,-1.41,-3.37
78,0.13,0.2,0.96,-3.0,-2.37,-1.92
79,0.14,0.2,0.96,-3.28,-1.98,-1.49
80,0.14,0.2,0.95,-4.65,-1.37,-2.55
81,0.15,0.19,0.97,-4.08,0.07,-0.73
82,0.14,0.2,0.96,-4.0,0.38,-1.55
83,0.13,0.21,0.95,-4.28,-0.35,-3.66
84,0.12,0.19,0.97,-4.11,-0.05,-4.82
85,0.12,0.19,0.96,-3.19,0.08,-4.79
86,0.11,0.19,0.95,-2.85,1.69,-3.11
87,0.09,0.19,0.95,-3.69,0.94,-3.67
88,0.11,0.19,0.94,-4.33,1.38,-3.6
89,0.12,0.19,0.93,-4.4,-0.87,-3.66
90,0.12,0.19,0.93,-5.27,-0.45,-3.44
91,0.12,0.19,0.94,-5.18,-0.86,-2.73
92,0.12,0.18,0.94,-5.12,-2.13,-2.13
93,0.15,0.18,0.94,-5.82,-0.38,-1.84
94,0.14,0.18,0.95,-5.23,1.92,-1.85
95,0.14,0.17,0.96,-4.17,1.59,-1.64
96,0.13,0.18,0.95,-4.2,3.9,-2.0
97,0.12,0.18,0.94,-4.22,3.19,-2.87
98,0.11,0.19,0.93,-5.38,2.37,-4.25
99,0.1,0.2,0.93,-6.82,2.41,-3.61
100,0.09,0.2,0.95,-7.53,0.05,-2.85
101,0.1,0.2,0.96,-7.47,-1.79,-3.52
102,0.12,0.2,0.96,-8.38,-0.81,-2.76
103,0.12,0.2,0.97,-9.34,-0.7,-3.14
104,0.14,0.2,0.97,-10.18,-2.14,-3.8
105,0.14,0.2,0.99,-10.25,-0.76,-4.78
106,0.13,0.19,1.0,-10.18,-2.08,-5.75
107,0.14,0.17,1.02,-8.42,-2.84,-4.5
108,0.14,0.16,1.03,-6.75,-2.25,-3.27
109,0.13,0.16,1.03,-6.55,-0.78,-4.41
110,0.12,0.16,1.02,-5.37,-0.37,-3.87
111,0.11,0.15,1.02,-3.96,0.32,-3.57
112,0.11,0.14,1.01,-2.88,-0.29,-4.17
113,0.11,0.15,0.99,-2.66,-0.92,-4.47
114,0.09,0.16,1.0,-2.78,-1.8,-4.38
115,0.07,0.16,1.0,-2.77,-1.56,-4.43
116,0.08,0.16,0.99,-1.98,-1.31,-2.07
117,0.09,0.16,0.97,-2.21,-0.28,-1.79
118,0.07,0.16,0.96,-2.02,-1.01,-1.48
119,0.09,0.15,0.96,-1.11,-2.0,-0.66
120,0.11,0.16,0.93,-1.27,0.28,-0.21
121,0.12,0.16,0.93,-0.59,2.65,1.02
122,0.13,0.18,0.9,-0.69,2.34,-0.56
123,0.15,0.18,0.89,-0.98,1.82,-2.49
124,0.13,0.18,0.89,0.34,0.63,-1.77
125,0.12,0.17,0.86,0.79,1.65,-2.22
126,0.1,0.16,0.85,2.95,1.94,-0.6
127,0.08,0.13,0.81,5.78,2.82,-0.12
128,0.06,0.09,0.76,10.42,5.05,1.8
129,0.04,0.04,0.68,17.84,8.37,7.06
130,0.05,0.05,0.53,24.15,12.05,11.6
131,0.02,0.04,0.41,28.08,15.59,18.68
132,-0.06,0.07,0.28,32.58,12.26,24.02
133,-0.13,0.1,0.14,34.27,9.05,30.04
134,-0.25,0.17,0.0,32.79,-5.65,32.29
135,-0.28,0.22,-0.09,25.85,-24.76,31.5
136,-0.15,0.41,-0.21,3.53,-44.18,27.5
137,0.16,0.53,-0.34,-26.98,-40.63,33.08
138,0.42,0.5,-0.26,-57.95,-8.49,31.62
139,0.53,0.48,-0.16,-84.18,10.85,30.6
140,0.54,0.42,-0.05,-103.06,24.35,25.32
141,0.47,0.33,0.15,-112.73,36.34,19.98
142,0.35,0.23,0.27,-114.83,34.79,12.41
143,0.21,0.17,0.35,-113.02,29.67,4.59
144,0.09,0.14,0.4,-111.39,29.5,2.59
145,-0.04,0.12,0.42,-111.72,19.7,6.3
146,-0.03,0.11,0.54,-113.0,18.92,30.66
147,-0.0,0.1,0.64,-128.65,16.63,44.76
148,0.28,0.02,0.58,-138.56,44.77,53.3
149,0.47,-0.03,0.81,-156.35,45.5,31.16
150,0.53,-0.19,0.85,-159.29,47.7,-1.1
151,0.39,-0.34,1.08,-156.69,47.88,-33.15
152,0.13,-0.49,1.33,-143.54,34.66,-47.44
153,-0.03,-0.61,1.56,-132.24,37.13,-43.72
154,-0.14,-0.68,1.66,-117.53,46.34,-26.72
155,-0.19,-0.69,1.7,-111.32,61.15,-12.47
156,-0.27,-0.69,1.7,-107.66,66.68,-0.5
157,-0.3,-0.66,1.82,-98.27,76.31,3.48
158,-0.37,-0.74,1.82,-85.12,68.31,5.75
159,-0.3,-0.74,1.91,-76.23,48.81,8.77
160,-0.19,-0.69,1.9,-58.27,39.34,2.31
161,-0.09,-0.64,1.89,-39.04,25.55,-6.97
162,-0.13,-0.57,1.81,-22.59,15.26,-10.8
163,-0.22,-0.47,1.63,-14.73,3.59,-12.87
164,-0.24,-0.4,1.53,-12.86,-9.54,-12.51
165,-0.16,-0.34,1.5,-9.34,-0.81,-2.16
166,-0.12,-0.39,1.57,2.47,33.54,10.84
167,-0.25,-0.51,1.6,15.05,62.27,3.47
168,-0.27,-0.55,1.94,37.26,29.58,4.47
169,-0.22,-0.48,1.83,53.36,4.33,-5.68
170,-0.15,-0.39,1.72,61.55,-11.96,-5.66
171,-0.04,-0.27,1.52,60.25,-15.69,-5.18
172,-0.01,-0.13,1.3,46.56,-18.77,-7.71
173,0.02,-0.03,1.12,24.8,-13.53,-5.6
174,-0.03,-0.0,1.02,4.39,1.3,-1.19
175,-0.05,-0.01,0.99,-7.89,11.98,2.28
176,-0.14,-0.02,1.0,-21.38,1.57,0.85
177,-0.15,-0.04,0.99,-26.06,-14.52,0.11
178,-0.08,-0.07,1.0,-28.38,-26.06,-3.08
179,-0.03,-0.12,1.04,-29.14,-30.41,-5.62
180,0.02,-0.15,1.1,-29.11,-28.11,-5.55
181,0.08,-0.19,1.13,-25.69,-20.27,-3.55
182,0.09,-0.24,1.16,-19.08,-13.71,-1.76
183,0.08,-0.27,1.18,-13.03,-14.62,-3.39
184,0.04,-0.28,1.16,-10.85,-15.07,-7.12
185,0.04,-0.29,1.14,-5.63,-10.76,-7.99
186,-0.0,-0.27,1.12,-6.0,-10.18,-10.66
187,0.02,-0.28,1.1,-6.47,-9.22,-13.15
188,-0.02,-0.29,1.11,-6.31,-4.17,-14.05
189,-0.03,-0.31,1.14,-3.31,-1.96,-10.96
190,-0.05,-0.31,1.11,-0.85,5.63,-6.4
191,-0.05,-0.3,1.1,2.38,9.02,-0.31
192,-0.1,-0.3,1.07,4.98,6.25,0.27
193,-0.09,-0.29,1.08,7.03,2.85,-2.05
194,-0.07,-0.27,1.07,9.5,-4.47,-5.17
195,-0.08,-0.26,1.05,12.57,-12.93,-6.8
196,-0.07,-0.25,1.04,15.69,-18.38,-5.63
197,-0.04,-0.24,1.02,17.2,-19.34,-5.92
198,-0.03,-0.22,1.02,14.2,-16.54,-4.69
199,-0.01,-0.22,0.99,15.62,-10.03,-2.12
200,-0.01,-0.22,1.0,14.22,-4.24,0.85
201,-0.01,-0.22,0.99,12.63,-1.73,3.23
202,0.0,-0.22,1.0,11.76,-0.19,4.4
203,0.02,-0.21,0.99,14.07,2.73,6.83
204,-0.0,-0.19,0.99,13.15,3.11,5.37
205,0.02,-0.19,0.98,11.73,-0.89,3.35
206,0.06,-0.18,0.97,12.53,-2.11,0.48
207,0.04,-0.18,0.98,11.98,-2.21,-0.02
208,0.04,-0.17,1.0,11.24,-1.74,-3.04
209,0.03,-0.18,1.02,13.89,-0.69,-3.92
210,0.0,-0.17,1.02,15.22,-0.84,-3.95
211,-0.0,-0.17,1.01,18.16,-2.61,-4.56
212,-0.01,-0.17,1.01,21.15,-4.73,-4.9
213,-0.03,-0.16,0.97,22.94,-7.91,-7.48
214,-0.02,-0.15,0.98,24.43,-8.26,-7.08
215,-0.04,-0.15,0.98,26.3,-10.76,-5.98
216,-0.02,-0.14,0.94,26.5,-10.38,-1.79
217,-0.01,-0.12,0.94,25.24,-7.21,0.53
218,-0.01,-0.1,0.92,22.34,-8.41,1.14
219,0.02,-0.09,0.91,19.27,-6.71,1.9
220,0.03,-0.09,0.93,16.93,-5.66,2.34
221,0.04,-0.11,0.96,16.28,-4.57,1.76
222,0.05,-0.11,0.96,15.47,-6.34,-1.47
223,0.06,-0.12,0.97,17.59,-4.52,-1.6
224,0.05,-0.11,0.99,21.78,-5.94,-2.08
225,0.04,-0.1,0.94,21.41,-13.34,-7.21
226,0.06,-0.09,0.93,21.89,-13.83,-9.04
227,0.05,-0.08,0.92,20.8,-13.66,-8.34
228,0.04,-0.07,0.93,18.4,-11.92,-7.95
229,0.03,-0.06,0.9,16.12,-8.61,-7.11
230,0.05,-0.07,0.91,13.35,-7.65,-8.01
231,0.08,-0.08,0.92,12.23,-7.1,-9.29
232,0.06,-0.09,0.94,12.02,-4.59,-10.18
233,0.03,-0.1,0.96,14.48,-4.37,-8.47
234,0.03,-0.11,0.98,17.92,-6.5,-7.42
235,0.04,-0.12,1.0,21.19,-7.65,-7.64
236,0.05,-0.1,0.97,22.96,-7.7,-7.07
237,0.07,-0.09,0.93,22.54,-6.13,-9.16
238,0.05,-0.08,0.92,20.45,-5.84,-11.02
239,0.04,-0.07,0.91,17.92,-6.08,-12.56
240,-0.01,-0.06,0.92,18.41,-8.42,-10.4
241,-0.04,-0.06,0.9,16.25,-11.11,-9.1
242,-0.03,-0.05,0.9,13.17,-14.89,-8.06
243,0.02,-0.04,0.9,9.18,-16.79,-8.29
244,0.05,-0.04,0.9,6.73,-15.01,-7.18
245,0.04,-0.06,0.95,5.28,-11.0,-5.03
246,0.05,-0.07,1.0,5.78,-11.36,-3.49
247,0.05,-0.06,0.98,5.7,-9.13,-2.76
248,0.07,-0.08,1.01,11.4,-6.51,-2.08
249,0.06,-0.08,1.02,15.54,-8.5,-4.89
250,0.06,-0.07,1.01,19.34,-10.18,-7.94
251,0.04,-0.05,0.99,23.17,-10.88,-7.76
252,0.03,-0.04,0.98,23.23,-10.97,-6.03
253,0.03,-0.02,0.94,22.6,-11.14,-4.61
254,0.06,-0.01,0.92,18.99,-9.47,-4.4
255,0.06,-0.0,0.93,16.05,-7.35,-2.58
256,0.05,-0.02,0.92,14.6,-7.66,-1.81
257,0.07,-0.02,0.94,14.26,-8.35,-2.56
258,0.06,-0.01,0.97,15.45,-8.41,-2.83
259,0.07,-0.01,0.98,17.5,-10.06,-2.06
260,0.07,-0.0,0.96,18.3,-12.03,-2.07
261,0.09,0.02,0.94,17.27,-9.89,-1.9
262,0.09,0.03,0.93,14.96,-6.37,-2.04
263,0.08,0.04,0.93,12.38,-5.75,-1.18
264,0.1,0.04,0.93,11.85,-5.66,-0.37
265,0.1,0.04,0.95,9.6,-3.13,-3.72
266,0.1,0.02,0.97,9.92,-2.18,-3.72
267,0.09,0.03,0.99,9.6,-1.78,-3.29
268,0.1,0.05,0.96,8.61,-1.27,-3.53
269,0.09,0.03,0.95,9.06,-1.99,-5.71
270,0.07,0.03,0.96,9.33,-5.16,-7.6
271,0.08,0.03,0.96,12.02,-6.34,-7.11
272,0.05,0.03,0.96,12.79,-7.58,-6.43
273,0.07,0.03,0.96,13.4,-8.49,-4.66
274,0.07,0.04,0.95,13.89,-6.08,-1.99
275,0.06,0.05,0.94,12.53,-6.5,-1.44
276,0.07,0.06,0.94,10.63,-7.01,-2.27
277,0.09,0.05,0.94,9.58,-7.95,-3.48
278,0.1,0.06,0.93,7.51,-7.11,-5.94
279,0.1,0.05,0.98,7.71,-5.15,-5.54
280,0.13,0.05,0.97,7.99,-5.81,-5.76
281,0.13,0.06,0.96,8.73,-2.12,-5.11
282,0.14,0.04,0.99,10.31,-2.05,-5.69
283,0.14,0.04,0.99,12.97,-2.83,-8.8
284,0.1,0.05,0.99,15.65,-3.25,-8.58
285,0.08,0.06,0.97,16.63,-7.21,-9.24
286,0.08,0.08,0.94,14.75,-8.82,-9.4
287,0.07,0.09,0.9,13.0,-5.95,-8.94
288,0.11,0.08,0.94,11.92,-4.03,-6.67
289,0.1,0.08,0.95,11.34,-2.37,-5.65
290,0.08,0.09,0.95,10.06,-4.81,-4.92
291,0.12,0.09,0.96,9.69,-1.08,-3.34
292,0.14,0.07,0.99,8.92,1.05,-0.94
293,0.17,0.07,0.99,11.69,1.21,0.06
294,0.16,0.06,1.01,13.19,5.05,-2.45
295,0.12,0.08,0.99,13.58,1.31,-6.91
296,0.1,0.08,0.99,15.62,-1.76,-9.08
297,0.11,0.08,0.99,17.09,-1.04,-9.98
298,0.1,0.08,0.99,17.89,-0.23,-9.92
299,0.08,0.08,0.96,18.9,1.89,-9.23
300,0.05,0.08,0.95,17.98,2.53,-8.27
301,0.04,0.08,0.94,17.5,0.92,-7.26
302,0.03,0.09,0.92,17.35,2.25,-3.87
303,0.02,0.11,0.92,15.83,1.0,-3.27
304,0.05,0.11,0.91,14.92,1.37,-2.09
305,0.03,0.12,0.9,14.28,0.13,-0.53
306,0.04,0.14,0.9,12.3,-2.05,-0.21
307,0.04,0.14,0.9,10.18,-3.51,-0.35
308,0.06,0.16,0.91,7.48,-5.71,0.53
309,0.1,0.16,0.91,4.75,-3.89,-0.33
310,0.11,0.15,0.93,3.89,-1.66,1.27
311,0.12,0.14,0.95,3.33,-0.05,-0.57
312,0.12,0.14,0.96,3.6,0.92,-0.4
313,0.09,0.14,0.97,4.53,-0.78,-0.2
314,0.11,0.13,0.98,5.12,-0.95,-0.98
315,0.11,0.12,0.99,6.94,-0.31,-1.76
316,0.11,0.12,0.99,9.85,-1.91,-1.12
317,0.12,0.12,0.97,13.81,-4.31,0.23
318,0.1,0.15,0.94,12.4,-4.39,-0.85
319,0.09,0.15,0.93,10.32,-3.46,-1.37
320,0.09,0.17,0.93,8.11,-4.25,-1.8
321,0.12,0.17,0.94,5.45,-3.88,-1.42
322,0.14,0.16,0.96,4.53,-2.34,-2.47
323,0.14,0.16,0.96,4.87,-1.24,-1.58
324,0.14,0.15,0.98,6.4,-0.27,-1.31
325,0.11,0.15,0.98,6.69,1.38,-2.19
326,0.11,0.15,0.96,7.64,2.21,0.41
327,0.09,0.16,0.95,8.56,2.63,-0.13
328,0.1,0.17,0.95,7.49,3.16,-2.55
329,0.08,0.18,0.94,7.28,1.39,-3.07
330,0.09,0.18,0.93,6.41,-0.36,-3.52
331,0.11,0.17,0.92,4.75,0.6,-3.49
332,0.09,0.18,0.92,3.23,2.31,-3.05
333,0.09,0.17,0.94,2.6,-0.6,-2.67
334,0.09,0.17,0.93,2.8,0.7,-1.52
335,0.08,0.17,0.93,2.07,-2.89,-2.75
336,0.08,0.17,0.91,1.0,-3.21,-3.52
337,0.11,0.18,0.92,-0.42,-2.49,-1.53
338,0.12,0.15,0.93,-3.12,-2.26,-5.47
339,0.1,0.15,0.97,1.76,-1.49,-0.08
340,0.12,0.17,0.94,1.81,-2.08,0.34
341,0.09,0.17,0.95,1.44,-1.37,0.89
342,0.1,0.17,0.95,3.44,-1.34,1.21
343,0.12,0.18,0.93,1.6,-3.31,0.05
344,0.12,0.18,0.93,1.31,-3.21,0.25
345,0.13,0.18,0.94,0.3,-3.53,-0.79
346,0.14,0.18,0.95,-1.2,-3.34,-3.85
347,0.14,0.18,0.95,-0.89,-1.37,-3.54
348,0.12,0.19,0.95,-0.68,-1.48,-4.09
349,0.12,0.18,0.96,0.24,-0.65,-4.15
350,0.11,0.19,0.95,0.54,-0.45,-3.02
351,0.1,0.18,0.94,0.37,-2.15,-3.23
352,0.11,0.19,0.94,-0.13,-3.38,-3.2
353,0.11,0.18,0.96,-1.29,-2.53,-4.01
354,0.11,0.17,0.97,-0.87,-2.08,-3.38
355,0.11,0.17,0.97,-1.54,-1.26,-4.21
356,0.1,0.17,0.98,-1.98,-0.18,-5.41
357,0.1,0.16,0.98,0.31,-2.24,-2.53
358,0.1,0.17,0.98,0.42,-3.15,-2.67
359,0.11,0.18,0.98,-0.66,-0.08,-3.24
360,0.1,0.17,0.99,-0.31,-0.23,-4.0
361,0.1,0.17,0.99,0.12,-1.24,-4.76
362,0.11,0.16,0.99,0.86,0.37,-3.77
363,0.1,0.17,0.98,0.68,1.4,-4.68
364,0.07,0.18,0.97,0.75,0.2,-4.76
365,0.07,0.18,0.95,-0.07,0.84,-4.2
366,0.07,0.2,0.94,-1.44,1.59,-3.87
367,0.08,0.19,0.95,-1.62,3.02,-1.07
368,0.09,0.18,0.94,-1.02,0.32,1.54
369,0.1,0.2,0.93,-0.19,-1.78,3.01
370,0.09,0.2,0.94,-1.52,-2.55,1.11
371,0.08,0.19,0.94,-1.5,-4.44,1.05
372,0.1,0.2,0.95,-2.52,-4.67,-0.65
373,0.14,0.19,0.96,-2.09,-3.46,-0.73
374,0.12,0.19,0.97,-2.28,-1.18,-2.82
375,0.12,0.19,0.97,-1.85,-2.18,-3.1
376,0.12,0.2,0.96,-1.95,-1.62,-3.6
377,0.13,0.2,0.97,-1.17,-1.23,-1.56
378,0.12,0.19,0.95,-1.79,-0.21,-2.74
379,0.09,0.19,0.95,-2.47,-0.06,-2.01
380,0.11,0.18,0.97,-1.48,-2.02,0.21
381,0.12,0.18,0.96,-1.7,-0.74,-1.03
382,0.1,0.17,0.96,-1.79,-1.0,-1.76
383,0.09,0.17,0.98,-2.0,-1.92,-2.82
384,0.09,0.18,0.96,-2.69,-0.85,-3.26
385,0.11,0.17,0.97,-2.37,0.46,-2.37
386,0.1,0.17,0.97,-1.61,0.62,-1.38
387,0.09,0.19,0.95,-1.1,-1.68,-0.76
388,0.09,0.2,0.96,-2.19,-1.83,-0.92
389,0.12,0.2,0.96,-2.57,-1.53,-0.38
390,0.11,0.2,0.95,-3.73,0.53,-1.46
391,0.11,0.2,0.96,-4.17,0.47,-2.16
392,0.13,0.2,0.96,-2.56,-0.46,-0.66
393,0.12,0.19,0.95,-1.84,-1.44,-1.27
394,0.11,0.2,0.95,-2.83,0.44,-2.01
395,0.09,0.2,0.95,-3.51,0.61,-3.08
396,0.08,0.18,0.96,-3.48,-4.53,-6.48
397,0.09,0.18,0.96,-3.61,-9.43,-10.67
398,0.12,0.17,0.98,-3.27,-6.69,-9.89
399,0.1,0.18,0.97,-3.34,-2.38,-5.82
