,accel_x,accel_y,accel_z,gyro_x,gyro_y,gyro_z
0,0.13,0.39,0.92,-1.31,-0.04,-4.01
1,0.11,0.38,0.93,-0.63,-1.98,-4.64
2,0.12,0.37,0.93,0.13,-3.05,-5.5
3,0.12,0.36,0.93,1.24,-3.49,-5.84
4,0.14,0.36,0.93,1.95,-2.6,-4.31
5,0.12,0.36,0.91,2.16,-0.64,-2.82
6,0.12,0.36,0.92,2.69,1.08,-1.47
7,0.11,0.37,0.91,2.97,1.13,-1.44
8,0.1,0.37,0.9,3.06,0.55,-1.02
9,0.13,0.38,0.91,3.41,0.04,-1.25
10,0.13,0.38,0.9,2.3,1.02,-2.14
11,0.09,0.37,0.91,3.47,-0.24,-1.95
12,0.1,0.38,0.92,5.09,-2.95,-1.39
13,0.11,0.39,0.92,5.6,-3.52,-1.13
14,0.13,0.39,0.91,5.55,-2.0,-0.76
15,0.12,0.4,0.9,5.47,-1.88,-0.35
16,0.12,0.4,0.89,5.69,-2.65,0.91
17,0.13,0.41,0.89,5.2,-2.88,0.18
18,0.13,0.42,0.88,4.98,-3.38,-0.71
19,0.12,0.41,0.89,4.4,-4.8,-1.82
20,0.15,0.42,0.87,3.76,-5.62,-4.56
21,0.16,0.42,0.87,2.34,-3.06,-4.47
22,0.14,0.41,0.88,1.92,-3.37,-3.27
23,0.16,0.41,0.87,0.52,-1.95,-2.92
24,0.14,0.41,0.86,-0.86,-1.4,-2.35
25,0.14,0.4,0.88,-2.69,-0.66,-1.92
26,0.13,0.4,0.87,-2.9,-0.82,-1.77
27,0.13,0.39,0.89,-3.03,-1.28,-2.54
28,0.12,0.39,0.88,-2.5,-2.3,-2.08
29,0.14,0.38,0.89,-2.37,-3.26,-0.92
30,0.13,0.39,0.88,-1.96,-2.27,-0.5
31,0.13,0.39,0.87,-2.54,-0.6,0.27
32,0.12,0.39,0.85,-3.98,0.67,0.95
33,0.11,0.4,0.87,-3.5,0.25,2.55
34,0.1,0.42,0.85,-3.69,0.4,3.53
35,0.1,0.42,0.85,-5.27,-0.28,4.83
36,0.11,0.43,0.85,-8.45,-2.0,4.53
37,0.11,0.43,0.86,-9.15,-0.09,4.76
38,0.1,0.42,0.88,-9.37,-0.1,5.25
39,0.12,0.42,0.88,-9.79,-0.44,6.77
40,0.13,0.42,0.87,-10.76,1.31,9.24
41,0.13,0.42,0.88,-12.28,3.98,11.22
42,0.14,0.43,0.88,-13.42,6.89,14.35
43,0.17,0.43,0.9,-14.85,10.3,17.11
44,0.16,0.41,0.91,-16.0,14.24,20.18
45,0.17,0.42,0.92,-16.86,17.03,23.07
46,0.18,0.41,0.93,-17.23,18.66,22.11
47,0.15,0.4,0.93,-16.04,16.25,17.32
48,0.13,0.39,0.92,-13.5,10.08,10.37
49,0.11,0.38,0.95,-11.16,0.96,2.16
50,0.12,0.36,0.96,-7.21,-5.85,-6.62
51,0.12,0.35,0.96,-2.43,-11.97,-12.89
52,0.15,0.35,0.96,-0.37,-13.93,-14.17
53,0.16,0.36,0.98,0.67,-11.31,-12.6
54,0.16,0.37,0.96,1.81,-7.27,-10.37
55,0.15,0.38,0.96,1.72,-4.01,-5.95
56,0.15,0.39,0.94,1.23,-0.92,-2.25
57,0.17,0.39,0.94,0.46,2.92,-1.59
58,0.15,0.39,0.94,-0.18,3.34,-1.44
59,0.13,0.39,0.93,-0.92,2.06,-2.94
60,0.13,0.39,0.93,-0.33,-1.1,-6.33
61,0.12,0.38,0.94,0.21,-4.06,-10.18
62,0.12,0.37,0.94,1.46,-6.86,-12.12
63,0.14,0.35,0.94,2.76,-7.88,-13.03
64,0.17,0.36,0.94,3.99,-8.02,-13.98
65,0.15,0.36,0.94,4.98,-6.7,-13.66
66,0.14,0.37,0.92,6.28,-5.83,-10.28
67,0.15,0.38,0.9,5.7,-4.56,-8.11
68,0.14,0.41,0.87,5.16,-2.98,-4.52
69,0.14,0.41,0.85,3.62,-0.87,-3.09
70,0.13,0.42,0.85,1.69,-0.54,-3.8
71,0.15,0.42,0.83,0.15,-3.47,-6.11
72,0.19,0.42,0.84,-1.76,-6.13,-9.34
73,0.22,0.41,0.82,-3.75,-5.34,-13.2
74,0.22,0.39,0.82,-5.28,-3.25,-15.62
75,0.2,0.36,0.82,-6.34,-2.28,-15.69
76,0.18,0.35,0.8,-6.95,-1.16,-14.67
77,0.11,0.4,0.67,-13.01,-2.66,-18.24
78,0.14,0.31,0.72,-9.74,-0.73,-13.78
79,0.16,0.3,0.66,-9.24,-1.48,-16.06
80,0.16,0.29,0.56,-11.69,-2.34,-16.32
81,0.2,0.24,0.47,-13.79,1.5,-14.99
82,0.22,0.19,0.35,-15.15,0.77,-14.92
83,0.21,0.18,0.19,-19.4,-0.02,-13.31
84,0.23,0.16,0.03,-26.79,5.47,-12.17
85,0.21,0.12,-0.12,-32.76,7.05,-10.23
86,0.22,0.11,-0.28,-43.87,14.0,-9.53
87,0.15,0.11,-0.42,-57.91,25.33,-6.63
88,0.06,0.09,-0.53,-74.31,30.2,-0.52
89,0.03,0.09,-0.63,-89.25,30.0,6.66
90,0.04,0.1,-0.74,-105.47,33.56,12.42
91,0.11,0.04,-0.85,-113.79,36.35,20.66
92,0.18,0.05,-0.9,-122.79,38.07,22.58
93,0.23,0.09,-1.01,-128.95,45.57,28.03
94,0.26,0.23,-1.14,-138.3,51.22,30.77
95,0.29,0.42,-1.24,-157.75,43.18,32.56
96,0.18,0.82,-1.4,-198.36,5.34,28.17
97,0.44,1.12,-1.52,-250.14,-37.72,10.8
98,0.98,1.59,-1.48,-250.14,-67.57,-45.81
99,1.53,2.0,-1.62,-250.14,-39.44,-126.02
100,1.72,1.69,-1.96,-250.14,47.77,-190.09
101,1.69,-0.31,-1.79,-250.14,165.41,-250.14
102,0.21,-2.0,-0.29,-250.14,250.13,-185.17
103,-2.0,-2.0,2.0,-250.14,77.7,-114.4
104,-2.0,-2.0,2.0,-207.13,-52.89,44.91
105,-0.72,-2.0,2.0,-46.87,-71.57,18.37
106,-0.46,-2.0,2.0,-16.13,-38.91,-9.52
107,-0.36,-2.0,2.0,-25.29,33.51,38.11
108,-0.41,-1.3,2.0,-27.23,118.53,81.16
109,-0.76,-0.86,2.0,4.66,146.22,99.46
110,-0.79,-0.36,1.91,32.44,108.31,90.53
111,-0.6,0.07,1.4,39.68,51.54,57.95
112,-0.4,0.32,1.14,28.34,4.26,19.44
113,-0.09,0.34,1.05,4.9,-1.1,-1.89
114,-0.08,0.17,1.1,-22.56,2.45,-6.94
115,-0.22,-0.03,1.11,-40.84,-5.56,-2.43
116,-0.19,-0.28,1.21,-37.97,-5.79,1.24
117,-0.15,-0.5,1.29,-29.14,-31.79,-2.45
118,-0.04,-0.63,1.29,-11.3,-50.14,-6.8
119,0.1,-0.66,1.23,3.56,-59.15,-11.69
120,0.18,-0.69,1.17,9.05,-54.6,-14.61
121,0.24,-0.77,1.11,9.42,-43.97,-11.76
122,0.2,-0.81,1.12,15.64,-34.75,-9.84
123,0.15,-0.77,1.08,24.12,-26.29,-8.18
124,0.1,-0.64,0.98,26.93,-16.59,-4.79
125,0.08,-0.52,0.9,24.35,-6.13,-3.22
126,0.04,-0.43,0.86,19.11,-0.49,-6.47
127,-0.0,-0.39,0.83,12.68,-1.34,-10.52
128,-0.04,-0.39,0.8,9.12,-6.37,-18.82
129,-0.05,-0.38,0.78,7.59,-6.59,-21.26
130,-0.06,-0.36,0.72,0.58,-10.15,-24.3
131,-0.04,-0.38,0.72,-5.67,-4.38,-24.63
132,-0.07,-0.44,0.74,-7.25,0.89,-21.54
133,-0.13,-0.47,0.75,-8.61,2.31,-17.79
134,-0.14,-0.48,0.76,-9.62,3.32,-10.72
135,-0.15,-0.49,0.77,-10.21,3.85,-3.34
136,-0.13,-0.54,0.82,-11.1,3.15,1.5
137,-0.09,-0.55,0.85,-9.85,0.69,4.0
138,-0.07,-0.56,0.88,-7.68,-3.1,1.16
139,-0.06,-0.57,0.92,-3.38,-11.09,-2.27
140,-0.03,-0.56,0.93,2.16,-15.18,-3.08
141,0.01,-0.55,0.93,4.05,-16.94,-5.66
142,0.03,-0.54,0.93,5.17,-16.18,-7.95
143,0.04,-0.52,0.94,7.43,-13.02,-9.27
144,0.03,-0.5,0.92,7.78,-11.63,-8.79
145,0.02,-0.49,0.9,6.89,-8.66,-7.35
146,0.01,-0.48,0.9,4.36,-7.24,-5.69
147,-0.0,-0.47,0.88,2.46,-5.6,-3.16
148,0.02,-0.48,0.88,0.96,-2.32,-0.99
149,0.02,-0.49,0.9,-0.5,-2.87,-0.32
150,0.04,-0.51,0.9,-0.33,-0.99,-0.38
151,0.02,-0.54,0.91,2.08,-0.64,0.5
152,0.04,-0.55,0.92,5.31,-2.34,-0.8
153,0.06,-0.52,0.89,9.37,-2.52,-1.48
154,0.04,-0.49,0.88,8.9,-0.95,-3.07
155,0.01,-0.47,0.86,9.96,-0.24,-2.74
156,0.02,-0.47,0.87,8.95,-1.53,-3.55
157,0.02,-0.45,0.87,7.02,-2.46,-5.0
158,0.03,-0.46,0.89,5.02,-3.13,-5.5
159,0.05,-0.48,0.89,3.89,-3.27,-6.37
160,0.07,-0.49,0.91,2.85,-1.05,-6.89
161,0.07,-0.52,0.92,2.8,1.66,-7.77
162,0.03,-0.57,0.95,6.24,0.5,-7.21
163,0.02,-0.6,0.96,11.11,-0.95,-6.81
164,0.01,-0.58,0.96,15.24,-1.79,-6.66
165,-0.0,-0.55,0.94,17.65,-1.62,-6.47
166,-0.01,-0.53,0.93,18.18,-1.02,-4.83
167,-0.01,-0.51,0.93,17.9,0.31,-2.89
168,-0.02,-0.5,0.93,18.75,0.54,-0.84
169,-0.03,-0.49,0.94,19.06,0.05,0.92
170,-0.02,-0.46,0.92,18.89,-0.22,1.61
171,-0.0,-0.46,0.92,17.52,-0.19,0.25
172,-0.01,-0.48,0.94,17.41,-1.25,-1.02
173,-0.02,-0.49,0.96,19.34,-3.64,-1.42
174,0.0,-0.51,0.98,21.34,-3.37,-1.01
175,0.0,-0.5,0.98,23.26,-1.79,-0.01
176,-0.02,-0.5,0.99,25.31,0.01,1.33
177,-0.05,-0.48,0.99,27.56,-0.36,3.25
178,-0.04,-0.48,0.99,29.27,-2.1,4.19
179,-0.01,-0.48,1.0,30.59,-3.01,3.66
180,-0.02,-0.48,1.0,33.37,-4.11,3.49
181,-0.03,-0.46,0.99,34.99,-4.89,3.2
182,-0.03,-0.46,1.01,36.06,-6.15,2.58
183,-0.03,-0.46,1.0,38.35,-8.0,2.82
184,-0.01,-0.45,1.01,39.9,-6.99,3.85
185,0.01,-0.44,1.01,41.76,-3.94,5.84
186,0.0,-0.42,1.0,42.95,-2.24,6.31
187,-0.01,-0.41,0.99,44.28,-0.57,6.36
188,-0.01,-0.4,1.0,45.96,1.8,7.75
189,-0.05,-0.39,0.98,46.05,-0.4,8.14
190,-0.04,-0.38,0.97,48.66,-0.87,8.91
191,-0.05,-0.38,0.98,50.31,-6.11,6.03
192,-0.06,-0.37,0.98,54.44,-14.66,2.82
193,-0.03,-0.35,0.97,56.55,-18.63,1.02
194,-0.0,-0.33,0.96,55.41,-18.65,-0.25
195,0.02,-0.31,0.96,55.37,-17.79,0.84
196,0.03,-0.28,0.94,54.18,-10.67,5.65
197,0.03,-0.26,0.93,51.31,-5.18,7.7
198,0.03,-0.28,0.97,50.49,-1.3,11.69
199,-0.01,-0.24,0.93,48.9,-5.66,10.21
200,0.01,-0.26,0.95,47.8,-7.01,9.01
201,0.01,-0.26,0.95,47.47,-7.44,6.26
202,-0.0,-0.26,0.95,48.42,-10.05,4.92
203,0.0,-0.25,0.95,50.3,-12.58,3.99
204,0.01,-0.23,0.95,50.44,-13.75,3.2
205,0.02,-0.22,0.96,50.15,-14.08,2.99
206,0.03,-0.2,0.97,48.76,-12.37,4.14
207,0.04,-0.2,0.98,47.05,-8.47,5.82
208,0.03,-0.21,0.98,46.08,-5.1,8.34
209,0.01,-0.22,1.0,46.32,-2.59,10.15
210,-0.01,-0.22,1.0,48.68,-3.63,10.99
211,-0.02,-0.21,1.0,51.52,-7.09,10.56
212,-0.02,-0.19,1.0,53.78,-10.14,10.11
213,-0.01,-0.15,0.98,55.08,-13.72,9.52
214,0.02,-0.12,0.97,53.9,-14.89,8.33
215,0.03,-0.12,0.98,53.07,-14.21,8.37
216,0.04,-0.11,0.99,53.03,-14.36,8.63
217,0.06,-0.07,0.98,53.03,-14.27,8.13
218,0.07,-0.04,0.96,50.88,-14.99,6.73
219,0.07,-0.05,0.97,49.84,-13.88,5.82
220,0.07,-0.04,0.97,48.36,-14.97,6.71
221,0.08,-0.02,0.97,46.54,-13.34,7.06
222,0.06,-0.01,0.97,43.11,-11.63,6.68
223,0.05,-0.0,0.98,40.27,-10.61,5.94
224,0.04,-0.01,0.98,37.9,-11.53,5.01
225,0.04,-0.03,1.0,36.69,-12.67,4.16
226,0.03,-0.08,1.02,38.05,-15.0,3.99
227,0.04,-0.1,1.04,42.02,-17.66,4.89
228,0.08,-0.09,1.04,46.83,-16.89,5.56
229,0.1,-0.06,1.02,49.82,-15.62,5.68
230,0.11,-0.02,1.0,51.45,-15.34,6.72
231,0.1,0.02,0.99,50.95,-13.76,8.33
232,0.1,0.05,0.97,48.6,-11.18,9.1
233,0.11,0.06,0.96,45.71,-10.63,10.02
234,0.13,0.07,0.95,42.79,-8.56,9.22
235,0.12,0.05,0.95,40.3,-6.82,6.66
236,0.11,0.04,0.97,39.95,-7.34,4.67
237,0.11,0.05,0.96,39.73,-6.54,4.04
238,0.12,0.04,0.96,40.1,-3.67,3.5
239,0.11,0.03,0.95,40.27,0.15,3.78
240,0.08,0.05,0.95,40.72,1.44,4.37
241,0.04,0.07,0.94,38.83,2.09,6.0
242,0.03,0.06,0.94,38.95,-0.34,5.25
243,0.02,0.05,0.95,40.81,-4.71,5.26
244,0.05,0.07,0.94,40.44,-7.22,3.08
245,0.06,0.09,0.94,41.07,-10.02,2.12
246,0.08,0.1,0.94,40.21,-9.43,1.46
247,0.07,0.12,0.97,39.28,-8.63,3.23
248,0.1,0.14,0.95,37.05,-6.23,4.95
249,0.11,0.14,0.95,32.98,-1.22,5.87
250,0.14,0.11,0.98,30.97,5.27,8.13
251,0.12,0.1,0.96,30.67,4.91,6.36
252,0.12,0.11,0.97,31.05,4.31,5.66
253,0.13,0.1,0.97,32.07,6.63,4.85
254,0.13,0.11,0.97,33.76,8.92,5.97
255,0.12,0.13,0.95,33.38,12.2,4.89
256,0.1,0.14,0.94,32.49,11.38,1.76
257,0.08,0.15,0.94,31.66,7.89,-3.43
258,0.07,0.17,0.93,29.94,4.31,-7.59
259,0.09,0.19,0.92,27.42,6.15,-9.79
260,0.11,0.19,0.92,24.21,8.94,-9.24
261,0.14,0.2,0.91,21.57,14.22,-7.37
262,0.14,0.2,0.92,19.81,22.12,-4.53
263,0.13,0.21,0.91,18.66,28.14,-2.43
264,0.11,0.21,0.91,17.27,35.53,2.77
265,0.08,0.21,0.92,15.95,37.27,8.44
266,0.09,0.23,0.91,13.43,43.54,15.17
267,0.07,0.23,0.92,11.69,47.5,20.08
268,0.03,0.24,0.92,10.34,46.65,21.34
269,-0.01,0.24,0.92,9.36,40.5,17.47
270,-0.04,0.23,0.94,10.74,28.55,7.74
271,-0.05,0.19,0.96,13.42,13.2,-4.28
272,-0.06,0.2,0.96,16.73,0.11,-12.73
273,-0.0,0.2,0.97,20.85,-4.89,-14.41
274,0.01,0.18,0.96,24.11,-7.51,-14.71
275,0.02,0.22,0.96,25.12,-5.85,-10.63
276,0.01,0.24,0.96,25.11,-4.24,-3.3
277,0.02,0.24,0.95,24.2,5.34,0.13
278,0.02,0.23,0.96,23.31,9.96,5.53
279,-0.01,0.25,0.94,23.54,10.93,8.46
280,0.02,0.24,0.94,23.15,16.85,11.04
281,-0.01,0.24,0.92,20.85,12.32,8.31
282,-0.06,0.24,0.91,21.56,3.95,0.72
283,-0.03,0.24,0.92,22.18,-4.22,-6.4
284,-0.02,0.23,0.93,22.75,-9.21,-10.17
285,-0.01,0.23,0.94,23.92,-11.69,-11.17
286,0.02,0.22,0.94,25.34,-9.98,-9.48
287,0.01,0.22,0.92,27.65,-9.65,-6.37
288,0.01,0.25,0.89,28.86,-7.2,-3.03
289,-0.0,0.27,0.88,29.4,-5.67,0.44
290,-0.01,0.29,0.86,29.33,-2.39,3.46
291,-0.02,0.31,0.84,28.55,-2.05,5.67
292,-0.02,0.31,0.84,27.75,-2.6,6.85
293,-0.02,0.32,0.82,26.95,-4.46,7.66
294,-0.02,0.34,0.8,25.18,-6.89,7.77
295,-0.0,0.35,0.79,23.44,-10.6,5.74
296,0.01,0.35,0.8,22.47,-13.89,1.6
297,0.02,0.36,0.81,21.05,-18.93,-2.45
298,0.06,0.34,0.83,19.83,-16.02,-2.82
299,0.03,0.34,0.82,20.02,-16.75,-2.05
300,0.04,0.35,0.82,19.05,-14.77,-0.05
301,0.03,0.35,0.83,20.08,-14.48,1.65
302,0.04,0.37,0.82,19.37,-13.89,1.24
303,0.04,0.39,0.82,17.67,-14.49,1.44
304,0.05,0.39,0.79,15.28,-17.03,1.05
305,0.06,0.4,0.79,11.87,-17.38,0.53
306,0.08,0.41,0.8,9.22,-17.66,0.4
307,0.1,0.41,0.81,4.96,-16.27,-0.56
308,0.11,0.38,0.83,3.48,-14.64,-0.24
309,0.09,0.37,0.84,2.53,-12.93,0.63
310,0.1,0.36,0.84,2.47,-10.96,1.76
311,0.1,0.35,0.86,2.69,-9.41,1.68
312,0.1,0.35,0.86,3.45,-5.09,2.58
313,0.1,0.37,0.86,3.61,-1.7,4.47
314,0.08,0.38,0.85,2.67,-1.82,4.9
315,0.08,0.39,0.85,1.96,-1.59,5.51
316,0.08,0.39,0.85,0.99,-1.72,4.08
317,0.08,0.39,0.86,0.31,-1.65,2.56
318,0.08,0.39,0.88,0.22,-2.15,2.02
319,0.06,0.39,0.88,0.81,-2.95,2.5
320,0.07,0.39,0.88,1.85,-3.32,3.28
321,0.1,0.39,0.88,1.5,-1.63,3.07
322,0.09,0.38,0.88,1.94,-2.1,2.64
323,0.09,0.39,0.88,2.62,-2.58,2.2
324,0.1,0.4,0.89,3.24,-3.48,1.49
325,0.11,0.4,0.89,4.04,-3.52,0.97
326,0.1,0.42,0.9,3.86,-2.76,0.63
327,0.08,0.43,0.9,3.85,-2.73,0.8
328,0.1,0.44,0.9,2.92,-3.15,-0.76
329,0.11,0.44,0.89,1.41,-2.7,-2.53
330,0.08,0.43,0.91,0.24,-2.61,-3.24
331,0.08,0.42,0.91,-1.17,-1.74,-3.16
332,0.1,0.38,0.92,-1.53,-0.05,-4.11
333,0.06,0.37,0.94,0.78,-1.53,-5.02
334,0.04,0.38,0.94,3.21,-4.2,-4.91
335,0.04,0.39,0.94,4.7,-6.65,-4.93
336,0.06,0.39,0.93,5.81,-6.06,-4.56
337,0.09,0.4,0.92,6.54,-5.74,-6.34
338,0.08,0.4,0.91,5.4,-2.95,-4.25
339,0.07,0.4,0.92,4.79,-2.12,-2.29
340,0.08,0.41,0.91,4.27,0.42,-0.92
341,0.06,0.4,0.93,5.38,3.88,-0.11
342,-0.0,0.39,0.92,6.8,2.06,-0.08
343,0.04,0.42,0.9,7.48,4.9,5.0
344,0.05,0.43,0.89,7.08,-0.63,3.05
345,0.06,0.43,0.89,6.02,-1.01,2.5
346,0.07,0.42,0.88,6.05,-1.18,2.63
347,0.1,0.43,0.9,6.89,-0.73,1.78
348,0.09,0.44,0.89,6.65,-0.08,1.32
349,0.08,0.45,0.87,6.79,-2.34,0.51
350,0.09,0.45,0.88,6.0,-2.65,0.11
351,0.09,0.45,0.88,6.0,-4.49,-0.07
352,0.11,0.47,0.86,4.28,-1.66,-0.31
353,0.1,0.47,0.86,2.35,-0.99,-1.5
354,0.1,0.47,0.86,0.53,-0.27,-2.7
355,0.1,0.46,0.85,-0.43,1.93,-3.65
356,0.07,0.46,0.86,-1.39,2.16,-2.85
357,0.06,0.45,0.86,-1.98,0.55,-1.23
358,0.08,0.44,0.86,-2.98,1.76,-0.4
359,0.08,0.44,0.87,-2.9,3.73,-0.6
360,0.08,0.45,0.86,-3.0,1.94,-1.75
361,0.08,0.45,0.88,-3.66,0.74,-3.42
362,0.07,0.44,0.88,-3.72,-3.62,-6.8
363,0.09,0.44,0.87,-4.43,-5.8,-9.66
364,0.1,0.42,0.89,-4.35,-7.85,-11.98
365,0.1,0.41,0.9,-4.27,-6.92,-12.87
366,0.07,0.41,0.9,-3.76,-5.88,-11.35
367,0.08,0.41,0.9,-3.21,-5.44,-9.85
368,0.1,0.4,0.89,-3.72,-2.71,-9.46
369,0.09,0.4,0.9,-3.55,0.19,-6.9
370,0.07,0.4,0.89,-3.53,1.21,-4.44
371,0.07,0.41,0.88,-3.59,3.19,-1.89
372,0.05,0.42,0.89,-4.54,3.95,-0.51
373,0.03,0.43,0.89,-5.34,2.88,0.59
374,0.02,0.44,0.88,-6.64,1.15,0.29
375,0.03,0.42,0.89,-7.53,-1.4,-1.09
376,0.05,0.4,0.91,-6.6,-4.02,-3.13
377,0.07,0.38,0.92,-4.14,-5.91,-4.16
378,0.07,0.39,0.92,-1.93,-6.28,-3.89
379,0.1,0.4,0.91,-0.37,-6.3,-2.77
380,0.12,0.42,0.91,0.5,-3.71,-2.88
381,0.12,0.42,0.91,0.52,-1.82,-2.3
382,0.12,0.44,0.91,0.47,0.21,-1.78
383,0.11,0.44,0.89,-0.18,2.25,-1.43
384,0.1,0.44,0.89,-0.79,3.32,-2.09
385,0.07,0.44,0.9,-0.68,3.27,-1.89
386,0.06,0.45,0.88,-1.6,3.6,-1.96
387,0.04,0.45,0.88,-2.15,1.03,-2.49
388,0.04,0.45,0.87,-2.25,-1.15,-3.15
389,0.03,0.44,0.88,-2.72,-2.86,-3.07
390,0.04,0.43,0.87,-1.82,-5.49,-3.08
391,0.06,0.42,0.87,-1.1,-6.71,-2.95
392,0.07,0.44,0.86,-1.65,-8.14,-3.21
393,0.09,0.44,0.85,-3.71,-6.37,-3.2
394,0.09,0.44,0.86,-5.42,-4.61,-2.98
395,0.1,0.42,0.87,-6.38,-3.48,-3.34
396,0.1,0.41,0.88,-6.4,-1.98,-3.33
397,0.11,0.4,0.87,-5.73,-0.16,-2.78
398,0.09,0.41,0.89,-5.4,-1.24,-3.7
399,0.07,0.41,0.88,-4.27,-3.41,-3.66
400,0.08,0.42,0.87,-4.4,-3.65,-4.48
