,accel_x,accel_y,accel_z,gyro_x,gyro_y,gyro_z
0,0.02,-0.14,1.01,-2.7,2.08,-4.04
1,0.03,-0.15,1.0,-1.77,-0.05,-4.49
2,0.03,-0.14,0.98,-0.63,0.42,-3.64
3,0.01,-0.15,0.97,-2.53,-0.49,-4.15
4,0.0,-0.15,0.99,-3.5,-2.08,-3.17
5,0.02,-0.15,0.97,-3.13,-0.78,-1.02
6,0.02,-0.15,0.98,-3.55,-0.02,-0.6
7,0.02,-0.15,0.98,-3.13,-1.09,-0.43
8,0.02,-0.15,0.96,-3.18,-2.59,-0.82
9,0.04,-0.15,0.97,-3.62,-3.18,-0.98
10,0.05,-0.16,0.98,-3.47,-2.02,-1.17
11,0.04,-0.17,0.98,-3.04,-2.81,-1.08
12,0.04,-0.16,0.98,-2.07,-3.7,-1.62
13,0.06,-0.16,0.98,-1.25,-2.89,-1.66
14,0.05,-0.14,0.96,-1.39,-1.51,-1.64
15,0.04,-0.13,0.95,-2.32,-1.08,-0.92
16,0.02,-0.13,0.96,-4.66,-2.14,-2.21
17,0.04,-0.14,0.96,-4.71,-1.44,-1.67
18,0.06,-0.14,0.95,-4.56,1.77,0.05
19,0.03,-0.14,0.95,-6.06,0.63,-1.36
20,0.04,-0.16,0.96,-5.8,-0.77,-2.46
21,0.04,-0.16,0.96,-5.35,0.18,-1.77
22,0.02,-0.16,0.95,-6.88,-0.29,-2.98
23,0.02,-0.17,0.98,-7.39,-1.63,-3.47
24,0.03,-0.18,0.98,-5.72,-1.21,-2.98
25,0.04,-0.16,0.97,-5.18,0.85,-2.08
26,0.03,-0.16,0.96,-5.69,2.94,-1.42
27,0.02,-0.16,0.96,-5.85,3.15,-1.58
28,0.03,-0.16,0.96,-5.84,3.17,-1.17
29,0.03,-0.14,0.95,-5.82,3.34,-0.49
30,0.01,-0.15,0.93,-7.42,1.93,-1.6
31,0.01,-0.15,0.96,-8.92,-0.61,-3.76
32,0.06,-0.21,0.95,-7.16,4.1,-11.52
33,0.08,-0.14,0.93,-7.94,3.6,2.01
34,-0.02,-0.16,0.93,-11.49,0.06,-7.07
35,0.01,-0.17,0.98,-11.27,-3.17,-7.67
36,0.03,-0.18,0.98,-8.74,-2.02,-2.6
37,0.02,-0.19,0.99,-9.1,-2.29,-4.51
38,0.03,-0.19,1.0,-7.99,-0.6,-3.47
39,0.04,-0.19,1.0,-5.77,1.69,-1.66
40,0.02,-0.18,0.98,-5.88,2.71,-0.98
41,0.02,-0.17,0.97,-6.61,1.71,-0.85
42,0.02,-0.18,0.97,-6.97,1.3,-0.51
43,0.02,-0.18,0.98,-7.34,0.99,-0.88
44,0.03,-0.18,0.97,-6.82,0.6,0.26
45,0.02,-0.18,0.98,-6.3,0.08,-0.3
46,0.04,-0.18,0.98,-6.08,0.17,-0.75
47,0.04,-0.17,0.97,-5.71,0.6,-0.02
48,0.02,-0.17,0.98,-6.82,-0.86,-1.49
49,0.03,-0.18,0.98,-6.92,-0.55,-1.92
50,0.04,-0.19,1.0,-6.53,0.51,-1.64
51,0.03,-0.18,1.0,-5.94,0.81,-1.14
52,0.03,-0.18,0.98,-5.36,1.03,-0.55
53,0.04,-0.19,0.99,-6.44,-0.03,-2.27
54,0.05,-0.2,1.01,-5.19,1.26,-0.96
55,0.04,-0.18,1.0,-3.27,2.34,0.34
56,0.03,-0.19,0.97,-4.05,0.82,-2.27
57,0.03,-0.19,1.0,-3.82,-0.09,-3.83
58,0.04,-0.2,1.01,-1.56,1.25,-2.75
59,0.01,-0.19,0.99,-0.91,1.85,-1.65
60,0.0,-0.2,0.98,-2.2,0.73,-2.96
61,0.01,-0.19,0.99,-1.82,0.34,-3.19
62,0.03,-0.19,0.99,-0.66,1.08,-1.48
63,0.02,-0.19,0.97,-1.81,0.7,-1.79
64,0.01,-0.18,0.97,-2.24,-0.08,-1.97
65,0.02,-0.19,0.97,-1.58,-0.26,-1.61
66,0.02,-0.18,0.96,-1.43,0.16,-0.47
67,0.02,-0.18,0.95,-2.22,0.24,-1.12
68,0.03,-0.17,0.96,-2.47,0.79,-0.76
69,0.03,-0.17,0.95,-1.65,1.21,0.26
70,0.03,-0.15,0.94,-2.08,0.93,-0.21
71,0.03,-0.16,0.93,-3.19,1.07,-1.01
72,0.03,-0.15,0.94,-3.47,1.63,-0.62
73,0.03,-0.14,0.92,-4.08,2.73,0.4
74,0.02,-0.14,0.91,-5.8,3.01,0.56
75,0.01,-0.14,0.92,-7.32,2.86,0.43
76,0.01,-0.14,0.91,-8.83,1.53,-0.24
77,0.01,-0.16,0.93,-10.73,-0.58,-2.12
78,-0.0,-0.18,0.94,-11.81,-2.53,-3.13
79,-0.02,-0.22,0.97,-11.4,-5.66,-9.24
80,0.01,-0.21,1.0,-10.2,-6.52,-5.79
81,0.01,-0.23,1.0,-8.05,-2.97,-2.19
82,-0.0,-0.24,1.01,-8.34,-3.73,-3.47
83,0.0,-0.24,1.01,-7.34,-3.57,-2.27
84,-0.01,-0.24,1.01,-7.15,-2.6,-0.83
85,-0.01,-0.24,1.02,-7.04,-2.45,-0.25
86,0.01,-0.23,1.02,-5.57,-1.41,0.92
87,0.02,-0.23,1.0,-4.32,0.44,2.61
88,0.02,-0.22,1.0,-4.18,0.4,1.88
89,0.02,-0.22,1.01,-3.55,0.09,1.02
90,0.03,-0.21,1.0,-3.01,-0.27,0.66
91,0.02,-0.22,1.0,-2.67,0.11,0.15
92,0.03,-0.21,0.99,-1.5,0.24,0.83
93,0.03,-0.21,0.99,0.11,1.03,2.45
94,0.03,-0.2,0.98,-0.52,1.2,1.26
95,0.03,-0.2,0.98,-0.6,1.4,1.4
96,0.02,-0.2,0.98,-1.08,0.3,-0.01
97,0.03,-0.21,0.98,-0.91,-0.3,-0.79
98,0.03,-0.22,1.0,0.36,-0.29,-1.01
99,0.03,-0.23,1.0,2.48,-0.19,-5.63
100,0.05,-0.2,0.99,2.18,0.66,-0.56
101,0.04,-0.19,0.96,2.4,2.72,-0.12
102,0.02,-0.19,0.95,1.06,1.79,-0.85
103,0.01,-0.19,0.96,0.12,0.11,-1.85
104,0.02,-0.19,0.96,0.04,-0.87,-2.23
105,0.02,-0.2,0.96,-0.34,-0.72,-2.17
106,0.02,-0.19,0.96,-0.43,0.05,-2.33
107,0.02,-0.2,0.96,-0.5,-0.01,-2.53
108,0.02,-0.2,0.97,-0.56,-0.42,-3.02
109,0.01,-0.2,0.97,-0.83,-1.45,-3.49
110,0.02,-0.2,0.97,-1.41,-1.98,-4.51
111,0.02,-0.21,0.98,-0.95,-1.23,-3.69
112,0.02,-0.21,0.99,-0.44,-0.47,-3.31
113,0.03,-0.2,0.98,0.28,0.81,-1.93
114,0.02,-0.19,0.98,-0.11,0.24,-2.47
115,0.02,-0.19,0.96,-0.43,0.11,-2.8
116,0.02,-0.2,0.97,-0.96,0.22,-3.79
117,0.02,-0.2,0.98,-0.95,-0.4,-3.73
118,0.02,-0.19,0.97,0.26,0.72,-2.44
119,0.02,-0.18,0.95,-0.56,1.58,-3.02
120,0.01,-0.19,0.96,-1.28,1.51,-3.09
121,0.02,-0.18,0.96,-0.95,0.91,-3.2
122,0.01,-0.18,0.97,-0.77,0.36,-3.27
123,0.02,-0.18,0.95,-0.85,0.38,-3.56
124,0.01,-0.18,0.95,-1.68,-0.43,-4.04
125,-0.0,-0.18,0.96,-1.83,-1.61,-4.53
126,0.01,-0.19,0.95,-2.3,-1.63,-5.22
127,0.03,-0.19,0.96,-2.5,0.09,-3.99
128,0.02,-0.19,0.96,-2.26,0.68,-4.32
129,0.0,-0.19,0.96,-2.81,-0.3,-5.39
130,-0.0,-0.19,0.96,-2.44,-0.74,-5.32
131,-0.0,-0.19,0.95,-2.63,-0.55,-5.31
132,-0.0,-0.19,0.95,-3.24,-0.26,-5.31
133,0.0,-0.2,0.97,-3.25,0.63,-3.78
134,0.0,-0.19,0.97,-3.65,1.28,-3.55
135,-0.01,-0.2,0.98,-3.88,1.6,-3.02
136,-0.0,-0.19,0.97,-3.15,1.71,-2.25
137,-0.0,-0.19,0.97,-3.48,1.16,-2.64
138,-0.01,-0.18,0.97,-3.04,0.56,-2.47
139,-0.01,-0.17,0.96,-3.27,0.04,-2.5
140,-0.01,-0.18,0.97,-4.31,-0.33,-2.46
141,-0.02,-0.18,0.96,-4.73,0.34,-2.38
142,-0.03,-0.18,0.99,-5.27,0.26,-2.03
143,-0.03,-0.19,1.0,-4.95,0.4,-1.07
144,-0.03,-0.18,1.02,-3.57,2.92,1.37
145,-0.05,-0.16,1.01,-2.94,4.23,2.87
146,-0.06,-0.13,1.01,-2.92,4.28,3.63
147,-0.07,-0.11,1.01,-3.38,6.13,5.6
148,-0.09,-0.08,1.03,-5.43,8.1,6.84
149,-0.11,-0.05,1.04,-6.4,9.63,9.04
150,-0.14,-0.03,1.06,-6.49,11.35,11.97
151,-0.15,0.02,1.08,-7.56,13.19,15.3
152,-0.19,0.08,1.09,-8.23,14.49,19.69
153,-0.24,0.15,1.13,-9.84,14.45,23.83
154,-0.25,0.19,1.17,-12.08,15.92,31.13
155,-0.26,0.27,1.25,-12.99,21.12,39.45
156,-0.29,0.32,1.31,-12.53,21.9,49.1
157,-0.26,0.41,1.35,-10.8,24.73,60.07
158,-0.27,0.46,1.36,-9.53,31.64,68.05
159,-0.35,0.56,1.45,-12.18,36.68,76.42
160,-0.45,0.67,1.52,-10.98,37.21,85.63
161,-0.36,0.96,1.47,-10.32,43.37,90.54
162,-0.33,1.33,1.54,-14.88,70.97,104.76
163,-0.37,1.67,1.6,-15.23,96.17,135.1
164,-0.5,1.91,1.42,-6.18,94.78,169.49
165,-0.5,2.0,1.15,-36.52,65.06,165.95
166,-0.29,2.0,0.84,-64.43,58.38,152.69
167,-0.14,2.0,0.69,-98.0,59.6,137.87
168,-0.26,2.0,0.94,-176.21,-7.6,101.73
169,-0.31,2.0,0.71,-163.12,-14.97,51.82
170,-0.21,1.95,0.69,-133.66,-89.47,13.49
171,0.2,1.51,0.68,-111.91,-94.19,3.1
172,0.48,1.01,0.46,-56.15,-86.09,29.98
173,1.25,0.4,-0.44,9.07,-60.05,60.7
174,2.0,-0.3,-1.87,36.09,-43.84,93.87
175,1.9,-1.42,-2.0,-44.79,-43.83,133.6
176,1.46,-2.0,-2.0,-196.01,-72.36,140.53
177,2.0,-2.0,-2.0,-250.14,-100.89,-0.09
178,2.0,-2.0,-2.0,-250.14,-10.37,-250.14
179,2.0,-2.0,2.0,-250.14,250.13,-250.14
180,-2.0,-2.0,2.0,-250.14,250.13,-250.14
181,-2.0,-2.0,2.0,-250.14,250.13,-250.14
182,-2.0,-2.0,2.0,250.13,-140.87,250.13
183,-2.0,-1.7,-2.0,250.13,-250.14,250.13
184,2.0,0.68,-2.0,250.13,-250.14,58.85
185,2.0,1.57,-2.0,-92.91,-250.14,-137.57
186,2.0,0.16,-1.0,-124.75,-33.27,-53.4
187,2.0,-0.54,0.33,-96.66,250.13,6.44
188,2.0,-0.45,-0.08,-144.1,250.13,-62.8
189,1.22,-0.93,0.5,-168.63,250.13,-123.82
190,-1.72,-1.1,0.8,-61.79,250.13,-129.42
191,-2.0,-0.72,0.36,19.49,0.34,-103.21
192,-2.0,-0.69,0.49,56.5,-180.63,-65.69
193,-0.97,-0.66,0.66,39.26,-197.86,-33.46
194,-0.14,-0.79,1.05,33.74,-136.07,12.72
195,0.63,-0.66,0.92,33.28,-66.37,31.47
196,0.97,-0.43,0.66,9.02,-1.66,18.38
197,0.76,-0.38,0.57,-5.55,22.34,-9.65
198,0.36,-0.46,0.67,-6.47,7.19,-26.82
199,0.08,-0.49,0.73,0.05,-8.34,-34.24
200,-0.05,-0.61,0.76,6.36,-28.45,-29.96
201,-0.01,-0.7,0.86,10.05,-25.23,-26.31
202,0.08,-0.71,0.9,14.74,-13.78,-19.84
203,0.09,-0.67,0.88,17.1,-2.61,-11.31
204,0.04,-0.69,0.73,29.95,2.89,7.93
205,0.03,-0.6,0.74,25.7,-2.33,7.11
206,0.07,-0.53,0.69,20.11,-6.0,3.36
207,0.07,-0.53,0.72,12.5,-7.09,0.32
208,0.16,-0.52,0.74,10.5,-5.43,3.21
209,0.16,-0.47,0.73,6.24,-2.26,1.49
210,0.13,-0.43,0.72,3.71,-6.31,3.31
211,0.06,-0.42,0.72,-3.06,-11.08,6.44
212,-0.04,-0.41,0.73,-8.4,-33.19,4.09
213,0.06,-0.46,0.76,-10.4,-41.11,1.68
214,0.14,-0.51,0.77,-11.85,-55.29,-5.56
215,0.28,-0.56,0.85,-19.66,-56.05,-15.48
216,0.45,-0.62,0.93,-17.34,-32.95,-11.31
217,0.48,-0.64,0.97,-12.11,-0.11,-0.76
218,0.45,-0.63,1.0,-0.25,27.44,15.01
219,0.36,-0.62,0.97,10.85,36.44,25.63
220,0.25,-0.56,0.9,20.02,36.78,25.17
221,0.19,-0.54,0.84,23.7,29.08,23.69
222,0.14,-0.5,0.79,24.0,19.03,16.85
223,0.17,-0.47,0.76,25.39,14.4,14.4
224,0.16,-0.47,0.76,24.56,15.98,16.95
225,0.15,-0.48,0.74,19.79,24.31,20.24
226,0.14,-0.5,0.81,14.27,31.89,21.32
227,0.1,-0.52,0.82,12.22,31.47,18.76
228,0.07,-0.54,0.85,13.25,20.33,12.5
229,0.09,-0.56,0.86,15.02,9.46,5.81
230,0.11,-0.57,0.88,19.21,3.63,0.06
231,0.11,-0.52,0.87,17.99,-1.63,-4.66
232,0.07,-0.5,0.84,21.23,-11.52,-7.18
233,0.08,-0.47,0.81,21.13,-17.98,-9.98
234,0.05,-0.47,0.8,19.27,-20.82,-12.26
235,0.09,-0.44,0.79,14.15,-17.44,-2.38
236,0.19,-0.44,0.78,7.98,3.44,13.17
237,0.21,-0.47,0.79,-1.07,21.89,22.18
238,0.23,-0.48,0.83,-6.27,30.31,19.31
239,0.24,-0.48,0.87,-5.65,31.29,12.92
240,0.19,-0.45,0.89,1.57,20.8,7.44
241,0.12,-0.45,0.9,11.44,5.92,1.54
242,0.08,-0.45,0.89,16.86,-9.83,-3.55
243,0.1,-0.48,0.88,18.86,-17.35,-5.47
244,0.13,-0.48,0.94,13.43,-13.95,-3.35
245,0.25,-0.48,0.88,10.84,4.02,1.85
246,0.25,-0.48,0.89,12.05,18.05,5.88
247,0.13,-0.5,0.89,17.26,19.0,5.89
248,0.03,-0.51,0.87,21.74,8.15,0.47
249,-0.08,-0.51,0.87,25.95,-13.42,-11.7
250,-0.05,-0.46,0.85,27.31,-33.77,-18.23
251,0.05,-0.46,0.85,24.46,-34.82,-14.67
252,0.17,-0.48,0.88,19.41,-22.82,-8.53
253,0.24,-0.51,0.9,18.63,-6.73,-5.24
254,0.26,-0.49,0.92,17.6,9.5,-0.31
255,0.16,-0.49,0.94,22.24,12.86,1.18
256,0.08,-0.46,0.92,30.82,2.56,-0.08
257,0.02,-0.42,0.89,36.21,-14.07,-3.64
258,0.01,-0.39,0.88,36.15,-28.19,-5.55
259,0.09,-0.41,0.9,31.28,-34.04,-8.25
260,0.23,-0.41,0.93,25.61,-25.92,-6.95
261,0.36,-0.39,0.94,24.21,-3.91,5.18
262,0.3,-0.4,0.95,26.25,14.34,15.11
263,0.17,-0.4,0.93,26.1,19.37,17.12
264,0.13,-0.39,0.9,23.83,19.23,16.05
265,0.08,-0.38,0.89,20.64,13.08,14.75
266,0.1,-0.37,0.9,17.37,4.43,8.92
267,0.15,-0.37,0.93,17.78,1.08,6.11
268,0.18,-0.36,0.93,19.22,1.97,7.92
269,0.15,-0.36,0.92,20.02,2.49,7.39
270,0.16,-0.35,0.92,22.7,4.8,12.95
271,0.13,-0.35,0.9,21.63,4.78,14.24
272,0.12,-0.35,0.89,19.78,0.53,13.58
273,0.17,-0.34,0.87,19.17,-2.59,11.66
274,0.19,-0.35,0.89,20.22,0.34,15.58
275,0.16,-0.37,0.91,19.34,4.26,16.1
276,0.12,-0.36,0.94,20.31,8.15,18.3
277,0.1,-0.35,0.93,23.18,9.31,21.98
278,0.05,-0.34,0.91,21.42,4.4,20.05
279,0.06,-0.33,0.89,18.56,-2.29,15.98
280,0.1,-0.33,0.91,17.49,-9.2,13.02
281,0.14,-0.34,0.91,14.62,-14.65,8.46
282,0.19,-0.33,0.92,12.59,-14.9,4.86
283,0.23,-0.33,0.94,10.66,-12.27,0.6
284,0.29,-0.31,0.95,9.72,-5.88,-2.48
285,0.3,-0.32,0.96,8.56,2.5,-3.79
286,0.27,-0.33,0.97,9.4,10.98,-3.79
287,0.2,-0.34,0.97,12.0,13.4,-5.62
288,0.14,-0.31,0.96,15.61,11.82,-5.63
289,0.08,-0.29,0.92,16.57,6.09,-5.98
290,0.02,-0.27,0.9,13.6,-3.83,-9.03
291,0.07,-0.26,0.9,9.58,-6.87,-8.54
292,0.11,-0.28,0.91,6.15,-5.44,-6.82
293,0.15,-0.3,0.91,3.54,-1.82,-5.09
294,0.18,-0.33,0.93,2.06,4.38,-3.94
295,0.2,-0.33,0.92,1.85,11.66,-1.08
296,0.17,-0.35,0.93,4.03,18.84,2.67
297,0.13,-0.33,0.91,5.56,22.04,3.32
298,0.09,-0.31,0.89,6.76,23.74,3.27
299,0.04,-0.31,0.9,5.59,23.99,3.05
300,-0.01,-0.31,0.93,6.24,21.21,4.82
301,-0.05,-0.3,0.93,8.66,13.28,4.54
302,-0.01,-0.28,0.94,8.11,3.63,2.5
303,0.06,-0.26,0.95,9.92,-3.47,0.15
304,0.13,-0.27,0.95,11.14,-7.16,-3.28
305,0.18,-0.27,0.96,10.95,-7.44,-6.33
306,0.22,-0.27,0.96,10.4,-2.05,-8.01
307,0.2,-0.26,0.98,10.12,3.47,-7.92
308,0.17,-0.26,0.98,9.79,7.47,-9.29
309,0.13,-0.24,0.99,9.42,10.09,-11.05
310,0.1,-0.25,0.99,11.54,12.84,-8.26
311,0.04,-0.24,0.96,11.8,12.47,-6.46
312,0.03,-0.24,0.94,10.5,11.38,-4.95
313,0.03,-0.25,0.95,8.81,9.56,-3.17
314,0.04,-0.27,0.94,7.14,8.28,-1.36
315,0.07,-0.28,0.97,6.63,8.94,-0.62
316,0.1,-0.28,0.95,8.33,9.73,0.98
317,0.11,-0.25,0.94,9.05,10.01,-1.02
318,0.11,-0.22,0.92,8.23,6.77,-5.77
319,0.12,-0.2,0.9,7.08,3.73,-10.23
320,0.1,-0.2,0.91,5.29,1.55,-13.4
321,0.09,-0.23,0.92,5.24,3.87,-12.83
322,0.09,-0.27,0.93,3.44,4.62,-11.37
323,0.07,-0.27,0.94,2.4,8.4,-8.7
324,0.04,-0.28,0.94,3.2,12.63,-4.31
325,0.02,-0.27,0.95,2.23,13.89,-1.51
326,0.02,-0.24,0.92,1.62,14.92,0.96
327,0.03,-0.22,0.89,-0.75,12.29,-0.87
328,0.06,-0.2,0.89,-3.66,11.34,-4.11
329,0.05,-0.21,0.93,-3.81,9.92,-4.53
330,0.03,-0.22,0.94,-2.63,4.06,-7.99
331,0.03,-0.23,0.94,-0.85,-1.48,-10.76
332,0.04,-0.26,0.95,1.14,-5.51,-13.37
333,0.1,-0.24,0.97,2.4,-4.16,-11.72
334,0.11,-0.24,0.98,1.11,-0.16,-11.73
335,0.13,-0.23,1.0,1.36,9.23,-6.83
336,0.11,-0.24,0.99,2.18,17.59,-2.34
337,0.06,-0.23,0.99,0.73,18.58,-2.38
338,0.07,-0.23,0.99,2.04,18.58,-1.49
339,0.05,-0.22,0.97,4.23,15.34,-1.31
340,0.01,-0.2,0.94,0.27,9.0,-6.97
341,0.05,-0.21,0.91,-0.42,6.08,-10.53
342,0.06,-0.2,0.94,-4.58,3.89,-14.13
343,0.05,-0.21,0.98,-7.16,4.72,-14.45
344,0.09,-0.21,0.99,-6.08,8.18,-11.08
345,0.09,-0.22,1.0,-4.98,10.91,-11.16
346,0.06,-0.22,1.03,-3.31,11.62,-11.66
347,0.06,-0.22,1.01,2.21,10.15,-13.67
348,0.04,-0.2,1.01,3.83,5.39,-18.06
349,0.05,-0.2,1.0,6.45,7.6,-16.39
350,0.02,-0.2,1.0,5.03,7.1,-17.28
351,0.03,-0.18,1.01,2.82,8.46,-15.55
352,0.03,-0.21,0.98,0.95,12.02,-11.02
353,0.02,-0.23,1.0,-0.87,12.95,-9.52
354,0.04,-0.23,1.02,-0.09,13.45,-8.1
355,0.03,-0.23,1.02,1.53,12.51,-8.13
356,0.02,-0.23,1.02,2.83,10.19,-10.24
357,0.01,-0.23,1.0,5.18,9.25,-10.27
358,-0.01,-0.24,1.01,5.62,7.33,-10.47
359,0.01,-0.23,1.0,5.36,5.76,-11.11
360,0.02,-0.22,0.98,4.85,4.34,-10.77
361,0.03,-0.22,0.99,4.12,3.38,-10.98
362,0.04,-0.22,0.99,2.77,3.78,-10.35
363,0.06,-0.22,1.0,4.14,5.22,-8.37
364,0.07,-0.23,0.97,5.09,8.31,-6.4
365,0.04,-0.23,0.98,3.73,8.11,-7.98
366,0.02,-0.24,0.98,4.53,7.02,-7.75
367,0.01,-0.24,0.98,7.23,6.68,-6.99
368,0.02,-0.22,0.94,7.28,7.33,-5.35
369,-0.01,-0.21,0.92,4.27,7.52,-5.73
370,-0.02,-0.2,0.94,2.47,7.93,-4.15
371,-0.02,-0.21,0.92,2.47,10.08,0.78
372,-0.04,-0.2,0.95,0.62,11.52,4.87
373,-0.03,-0.21,0.91,2.25,15.88,10.12
374,-0.01,-0.21,0.93,-0.39,12.63,7.5
375,-0.0,-0.22,0.94,-2.42,8.01,3.53
376,-0.0,-0.23,0.96,-1.41,5.21,1.88
377,-0.0,-0.24,0.97,1.72,3.66,0.89
378,0.04,-0.2,0.97,2.11,5.04,-0.04
379,0.06,-0.2,0.95,3.15,8.24,0.09
380,0.01,-0.17,0.92,1.59,4.93,-4.54
381,0.01,-0.18,0.94,-0.29,1.19,-8.78
382,0.02,-0.18,0.95,-0.67,2.31,-7.51
383,0.0,-0.2,0.95,-0.14,2.15,-8.39
384,0.0,-0.2,0.97,0.4,2.31,-7.86
385,0.0,-0.21,0.96,1.67,6.75,-4.99
386,-0.02,-0.21,0.95,3.6,9.91,-3.5
387,-0.03,-0.21,0.96,2.45,8.37,-3.11
388,-0.03,-0.2,0.96,3.92,8.95,-2.09
389,-0.02,-0.2,0.94,3.95,9.33,-1.44
390,-0.0,-0.18,0.94,3.46,9.71,-2.36
391,0.0,-0.17,0.92,2.5,10.37,-3.76
392,-0.04,-0.16,0.94,2.92,9.04,-5.08
393,-0.04,-0.16,0.9,2.98,7.45,-4.76
394,-0.07,-0.16,0.89,0.75,4.44,-6.27
395,-0.08,-0.17,0.91,-2.66,0.7,-7.85
396,-0.05,-0.17,0.92,-3.55,0.85,-5.98
397,-0.02,-0.18,0.92,-3.04,6.43,-3.3
398,-0.02,-0.17,0.93,-6.65,5.82,-2.94
399,-0.01,-0.17,0.94,-7.98,5.61,-4.69
400,0.01,-0.16,0.97,-8.02,7.78,-3.57
