,accel_x,accel_y,accel_z,gyro_x,gyro_y,gyro_z
0,0.09,-0.07,0.99,15.11,7.32,29.64
1,0.09,-0.09,1.0,19.53,7.43,25.56
2,0.08,-0.07,1.0,15.24,4.79,23.2
3,0.09,-0.07,0.99,12.34,7.36,20.31
4,0.07,-0.07,0.97,10.11,4.52,17.16
5,0.04,-0.07,0.98,7.61,-1.96,10.54
6,0.04,-0.07,0.98,8.11,-6.76,5.55
7,0.02,-0.07,0.97,5.17,-7.4,-0.68
8,0.0,-0.09,1.0,1.85,-7.6,-8.84
9,0.02,-0.09,1.0,1.28,-7.21,-10.47
10,0.03,-0.09,0.97,-0.17,-4.47,-6.86
11,0.02,-0.08,0.97,-3.86,-1.2,-6.79
12,0.02,-0.08,0.97,-5.37,1.72,-5.03
13,0.02,-0.07,0.96,-4.99,2.46,-1.83
14,0.03,-0.08,0.96,-5.21,0.47,-2.18
15,0.04,-0.08,0.95,-4.14,-1.76,-2.93
16,0.06,-0.07,0.96,-2.4,-2.37,-2.41
17,0.05,-0.08,0.95,-3.34,-4.98,-6.2
18,0.03,-0.1,0.97,-6.32,-8.2,-11.53
19,0.05,-0.09,0.98,-6.09,-6.24,-9.72
20,0.03,-0.09,0.96,-4.79,-3.93,-6.39
21,0.02,-0.1,0.95,-6.27,-4.25,-6.5
22,0.02,-0.1,0.96,-8.28,-5.72,-6.35
23,0.02,-0.1,0.97,-7.73,-6.45,-5.3
24,0.03,-0.11,0.96,-7.52,-8.41,-4.4
25,0.03,-0.11,0.97,-9.94,-11.11,-7.58
26,0.04,-0.12,1.0,-10.16,-11.49,-7.27
27,0.05,-0.11,0.99,-8.38,-9.74,-4.95
28,0.07,-0.11,0.98,-7.37,-6.92,-1.31
29,0.07,-0.12,1.02,-7.92,-4.93,-2.34
30,0.08,-0.12,1.03,-5.98,-2.71,-1.09
31,0.08,-0.11,1.01,-2.44,-0.21,1.52
32,0.08,-0.09,0.97,-1.02,1.79,5.46
33,0.07,-0.08,0.92,-5.07,-0.36,2.54
34,0.05,-0.05,0.97,-13.73,-4.31,-4.47
35,0.08,-0.11,0.98,-9.24,-3.21,-3.31
36,0.08,-0.09,0.99,-7.85,-4.13,-1.47
37,0.07,-0.1,0.97,-8.16,-2.98,0.79
38,0.08,-0.12,0.97,-10.92,-4.89,-2.89
39,0.11,-0.12,1.01,-11.5,-6.52,-5.61
40,0.12,-0.13,1.01,-10.91,-4.18,-7.27
41,0.11,-0.11,1.0,-9.24,-1.38,-3.7
42,0.08,-0.12,0.96,-9.08,-3.94,-4.24
43,0.08,-0.13,0.98,-10.69,-6.48,-5.89
44,0.11,-0.14,1.02,-9.12,-4.96,-6.76
45,0.13,-0.14,1.04,-6.73,-1.4,-5.74
46,0.1,-0.14,1.02,-5.69,1.79,-5.31
47,0.1,-0.14,1.0,-3.93,2.42,-3.11
48,0.11,-0.13,1.0,-2.76,2.3,-2.01
49,0.11,-0.13,0.98,-3.58,2.55,-4.07
50,0.08,-0.13,0.98,-5.25,0.59,-8.56
51,0.08,-0.14,1.0,-5.65,-0.54,-8.11
52,0.08,-0.13,0.99,-3.13,-0.63,-6.88
53,0.08,-0.14,1.0,-2.08,-0.25,-6.05
54,0.09,-0.13,0.99,-3.6,2.21,-5.53
55,0.08,-0.12,0.97,-2.95,3.18,-3.31
56,0.07,-0.12,0.97,-2.25,0.66,-3.51
57,0.09,-0.12,0.96,-2.42,-0.03,-4.32
58,0.08,-0.12,0.97,-3.47,-0.11,-6.5
59,0.07,-0.13,0.97,-3.11,-2.0,-8.53
60,0.08,-0.14,0.99,-2.51,-2.36,-8.26
61,0.1,-0.14,1.0,-2.36,-0.31,-6.63
62,0.09,-0.14,0.98,-1.84,2.07,-4.4
63,0.08,-0.13,0.97,-0.93,1.0,-3.72
64,0.09,-0.12,0.98,-1.26,-0.37,-4.61
65,0.09,-0.13,0.98,-2.68,0.21,-5.84
66,0.08,-0.13,0.98,-2.61,0.37,-6.03
67,0.06,-0.13,0.99,-3.0,-1.42,-8.15
68,0.08,-0.14,1.01,-2.11,-0.47,-7.02
69,0.08,-0.13,0.99,-2.07,1.76,-5.69
70,0.07,-0.13,0.98,-1.58,2.89,-4.74
71,0.06,-0.13,0.97,-1.02,1.24,-4.4
72,0.06,-0.12,0.97,-2.08,0.3,-5.64
73,0.06,-0.12,0.97,-2.34,0.24,-5.32
74,0.07,-0.12,0.97,-1.54,-0.31,-5.07
75,0.08,-0.1,0.97,-1.68,1.83,-3.04
76,0.06,-0.11,0.97,-3.08,2.26,-3.04
77,0.04,-0.11,0.97,-3.37,0.24,-4.16
78,0.05,-0.11,0.98,-3.15,-0.65,-4.34
79,0.06,-0.11,0.98,-3.73,0.52,-3.96
80,0.05,-0.11,0.98,-3.52,0.35,-4.81
81,0.03,-0.1,0.99,-1.98,-0.73,-3.59
82,0.07,-0.1,0.99,-1.6,0.4,-2.46
83,0.07,-0.09,0.97,-3.53,2.08,-1.47
84,0.05,-0.1,0.97,-4.53,1.61,-2.03
85,0.05,-0.1,0.98,-5.4,-0.46,-2.65
86,0.06,-0.1,0.98,-5.63,-0.18,-2.89
87,0.05,-0.1,1.01,-6.9,0.6,-3.09
88,0.05,-0.11,1.02,-5.09,1.18,-1.32
89,0.05,-0.11,1.03,-3.67,4.15,2.54
90,0.03,-0.11,1.02,-3.44,7.47,5.74
91,0.01,-0.12,1.03,-1.71,8.16,10.02
92,0.0,-0.1,1.03,-0.27,7.85,12.21
93,0.01,-0.09,1.03,-0.27,8.69,13.25
94,0.01,-0.07,1.02,-0.43,10.44,14.15
95,0.0,-0.07,1.02,0.33,13.21,17.62
96,-0.01,-0.05,1.02,1.4,13.56,18.74
97,-0.01,-0.03,1.01,2.44,16.07,20.79
98,-0.02,0.0,0.99,0.95,17.21,20.02
99,-0.04,0.02,0.98,-0.29,19.89,21.17
100,-0.07,0.02,0.97,-0.15,19.44,22.05
101,-0.04,0.07,0.99,-3.44,27.58,24.66
102,-0.05,0.11,1.0,-3.83,32.47,29.28
103,-0.0,0.14,1.01,4.09,43.24,43.98
104,-0.0,0.22,1.01,-0.8,45.03,43.79
105,0.0,0.28,1.03,-2.35,45.04,42.56
106,0.01,0.35,1.07,-5.77,38.12,37.06
107,0.03,0.41,1.13,-9.76,30.06,28.37
108,0.03,0.48,1.22,-18.7,32.75,20.5
109,0.04,0.53,1.36,-19.18,39.47,21.68
110,0.05,0.63,1.5,-18.1,48.23,24.15
111,0.0,0.73,1.54,-16.64,63.18,30.03
112,-0.09,0.78,1.56,-8.4,74.63,40.8
113,-0.17,0.85,1.53,-4.43,72.98,44.23
114,-0.2,0.98,1.51,-4.11,58.2,39.41
115,-0.23,1.04,1.39,-1.32,25.2,24.72
116,-0.21,1.14,1.28,-6.79,4.0,7.33
117,-0.23,1.24,1.22,-11.68,-15.58,-6.05
118,-0.3,1.3,1.19,-20.69,-26.28,-14.63
119,-0.42,1.33,1.16,-29.91,-40.65,-19.18
120,-0.45,1.33,1.08,-35.79,-58.5,-28.14
121,-0.43,1.39,0.95,-32.48,-84.25,-29.01
122,-0.32,1.35,0.67,-39.19,-120.92,-41.84
123,-0.08,1.35,0.37,-63.42,-127.65,-46.87
124,0.11,1.12,-0.03,-74.02,-132.58,-51.61
125,0.3,0.78,-0.26,-92.23,-153.92,-45.15
126,0.41,0.32,-0.47,-100.83,-148.56,-23.69
127,0.57,-0.37,-0.84,-108.6,-126.85,17.5
128,0.81,-1.14,-1.22,-123.47,-62.53,65.64
129,1.1,-1.89,-1.61,-161.37,34.53,103.18
130,1.07,-2.0,-2.0,-229.53,100.52,126.12
131,0.73,-2.0,-2.0,-250.14,98.16,130.64
132,0.97,-2.0,-1.68,-250.14,28.38,42.97
133,2.0,-2.0,-0.37,-250.14,-29.98,-175.98
134,2.0,-2.0,1.99,-250.14,-9.97,-250.14
135,-0.31,-2.0,2.0,-250.14,-8.24,-250.14
136,-2.0,-2.0,2.0,-141.73,-15.46,-250.14
137,-2.0,-2.0,2.0,112.02,105.38,-129.63
138,-2.0,-2.0,2.0,250.13,-55.65,203.34
139,-2.0,-0.8,-2.0,250.13,-250.14,201.5
140,0.03,0.24,-2.0,250.13,-250.14,77.71
141,1.69,0.62,-2.0,105.5,-250.14,2.47
142,2.0,0.23,-1.45,22.39,-250.14,-17.39
143,2.0,-0.19,-0.34,-5.08,-63.88,-6.92
144,1.95,-0.39,0.13,-33.0,86.62,-0.08
145,1.29,-0.57,0.31,-53.2,172.36,-11.79
146,0.52,-0.63,0.56,-45.44,194.43,-16.97
147,-0.23,-0.51,0.59,-28.66,140.68,-11.05
148,-0.56,-0.49,0.54,-6.46,52.08,-0.85
149,-0.37,-0.53,0.58,5.24,-17.63,8.4
150,0.03,-0.57,0.71,2.85,-36.08,9.7
151,0.3,-0.6,0.87,-8.48,-8.82,12.6
152,0.38,-0.59,0.97,-12.47,33.3,20.84
153,0.42,-0.61,0.98,-12.04,63.23,30.61
154,0.38,-0.58,0.91,-8.09,73.02,32.95
155,0.31,-0.56,0.85,-5.1,68.15,29.58
156,0.27,-0.58,0.82,-2.59,44.63,19.79
157,0.22,-0.58,0.81,5.98,15.27,17.08
158,0.05,-0.58,0.88,15.14,-15.02,8.89
159,0.19,-0.67,0.89,32.83,-31.35,12.98
160,0.27,-0.68,0.94,35.63,-24.32,17.6
161,0.36,-0.7,0.95,39.18,-0.69,30.89
162,0.42,-0.68,0.95,36.59,27.89,31.18
163,0.45,-0.62,0.94,35.98,59.66,31.47
164,0.25,-0.57,0.91,40.85,63.76,31.72
165,0.05,-0.54,0.87,53.02,27.26,25.47
166,0.02,-0.53,0.82,58.57,-16.37,13.03
167,0.07,-0.48,0.79,58.98,-45.64,6.96
168,0.14,-0.47,0.81,59.89,-65.43,4.79
169,0.27,-0.45,0.79,58.33,-70.27,0.37
170,0.38,-0.38,0.78,48.32,-54.8,-0.49
171,0.41,-0.33,0.79,37.31,-31.18,0.15
172,0.41,-0.3,0.81,27.41,-9.44,1.28
173,0.38,-0.26,0.81,18.84,1.71,1.38
174,0.33,-0.25,0.8,17.76,-6.07,-1.7
175,0.29,-0.26,0.81,17.76,-21.53,-8.46
176,0.31,-0.28,0.86,21.54,-33.81,-7.24
177,0.4,-0.31,0.86,19.48,-29.97,-3.92
178,0.44,-0.32,0.9,11.62,-7.11,-0.9
179,0.45,-0.34,0.96,8.98,20.49,8.69
180,0.35,-0.34,1.0,13.89,39.54,16.15
181,0.26,-0.34,0.94,17.27,40.4,16.47
182,0.16,-0.34,0.93,20.83,28.48,10.56
183,0.13,-0.32,0.88,22.07,10.78,3.4
184,0.2,-0.31,0.87,17.56,-0.66,-2.95
185,0.29,-0.3,0.89,13.75,-1.22,-7.49
186,0.33,-0.3,0.92,11.95,5.71,-9.02
187,0.32,-0.29,0.96,12.61,15.73,-9.7
188,0.29,-0.26,0.96,13.82,22.96,-9.63
189,0.22,-0.25,0.93,13.9,20.9,-11.39
190,0.17,-0.23,0.91,14.24,9.27,-17.37
191,0.14,-0.2,0.9,13.97,-6.63,-20.33
192,0.15,-0.22,0.91,13.47,-21.01,-23.18
193,0.2,-0.23,0.93,9.76,-27.51,-26.3
194,0.27,-0.24,0.96,7.42,-24.24,-24.18
195,0.29,-0.26,0.99,6.52,-15.69,-20.73
196,0.3,-0.27,1.0,4.99,-7.76,-17.79
197,0.32,-0.28,0.98,3.89,-0.82,-12.16
198,0.32,-0.28,0.95,3.95,1.5,-11.06
199,0.3,-0.3,0.95,1.08,0.66,-14.64
200,0.28,-0.33,0.99,-1.08,-0.24,-18.14
201,0.27,-0.33,1.01,1.28,-0.02,-19.05
202,0.28,-0.34,1.01,3.12,0.68,-19.18
203,0.27,-0.33,1.01,4.28,2.47,-18.4
204,0.28,-0.33,1.0,4.92,6.06,-17.18
205,0.25,-0.33,0.98,7.73,8.98,-14.6
206,0.21,-0.34,0.95,8.51,9.63,-13.61
207,0.21,-0.34,0.93,6.43,11.03,-12.21
208,0.2,-0.37,0.95,5.89,14.11,-10.96
209,0.2,-0.37,0.96,6.56,14.85,-10.85
210,0.2,-0.35,0.96,8.33,15.89,-10.51
211,0.15,-0.33,0.94,10.72,13.5,-9.77
212,0.12,-0.31,0.92,11.37,7.84,-10.04
213,0.12,-0.28,0.91,10.9,2.81,-8.76
214,0.12,-0.28,0.9,10.58,-1.67,-7.89
215,0.14,-0.28,0.91,8.24,-6.72,-9.04
216,0.19,-0.25,0.89,7.08,-8.66,-11.69
217,0.24,-0.25,0.93,8.63,-7.56,-11.79
218,0.24,-0.27,0.97,12.4,-6.66,-11.58
219,0.22,-0.25,0.97,14.34,-5.11,-11.21
220,0.23,-0.22,0.96,15.89,-2.08,-8.82
221,0.24,-0.2,0.95,16.44,-2.36,-6.69
222,0.25,-0.19,0.94,16.53,-3.06,-6.55
223,0.3,-0.17,0.92,14.89,-0.89,-6.32
224,0.32,-0.15,0.91,11.24,3.67,-7.24
225,0.39,-0.11,0.9,7.05,12.63,-8.46
226,0.37,-0.08,0.92,5.49,24.73,-5.74
227,0.27,-0.09,0.94,5.61,29.06,-4.34
228,0.25,-0.08,0.93,6.16,27.85,-4.02
229,0.25,-0.07,0.91,6.11,26.56,-4.42
230,0.21,-0.08,0.9,6.37,20.59,-8.47
231,0.2,-0.08,0.93,6.78,15.26,-11.37
232,0.21,-0.07,0.92,8.24,17.2,-7.95
233,0.17,-0.07,0.9,8.06,20.23,-4.34
234,0.11,-0.09,0.88,4.01,18.49,-3.87
235,0.11,-0.07,0.87,-0.77,13.79,-3.74
236,0.12,-0.08,0.85,-3.14,8.03,-2.91
237,0.13,-0.07,0.89,-2.32,-2.15,-3.77
238,0.17,-0.07,0.9,-4.65,-9.88,-8.08
239,0.22,-0.09,0.93,-4.66,-12.47,-9.3
240,0.26,-0.09,0.95,-3.05,-9.17,-7.52
241,0.25,-0.08,0.95,-3.47,-5.0,-5.44
242,0.25,-0.07,0.94,-5.19,-0.27,-2.72
243,0.22,-0.06,0.92,-7.21,3.4,0.95
244,0.2,-0.05,0.91,-10.92,4.17,2.29
245,0.22,-0.07,0.94,-12.95,3.21,4.45
246,0.26,-0.08,0.95,-14.42,3.21,5.5
247,0.3,-0.1,0.96,-14.21,4.23,4.95
248,0.29,-0.14,0.98,-12.66,5.92,4.52
249,0.27,-0.18,0.95,-10.79,3.68,2.62
250,0.27,-0.19,0.98,-9.89,0.98,-1.64
251,0.25,-0.2,0.98,-7.45,0.7,-1.95
252,0.2,-0.22,0.98,-6.17,-2.06,-2.21
253,0.18,-0.22,0.98,-5.31,-5.21,-2.72
254,0.18,-0.22,0.97,-5.11,-6.15,-1.66
255,0.18,-0.22,0.99,-6.31,-4.59,0.53
256,0.19,-0.23,0.99,-5.84,-2.1,3.99
257,0.21,-0.23,0.98,-3.84,-0.43,8.6
258,0.21,-0.22,0.97,-2.47,-0.18,8.73
259,0.25,-0.2,0.96,0.09,0.78,9.56
260,0.24,-0.19,0.94,3.23,0.25,8.65
261,0.22,-0.18,0.92,3.78,-1.44,5.93
262,0.23,-0.17,0.92,3.81,0.99,6.79
263,0.21,-0.16,0.91,2.26,3.1,7.79
264,0.2,-0.15,0.9,0.34,3.6,6.59
265,0.22,-0.14,0.93,-0.4,6.92,8.39
266,0.21,-0.13,0.92,-0.42,10.41,8.64
267,0.19,-0.15,0.93,0.21,13.1,8.75
268,0.15,-0.16,0.91,0.09,10.85,8.72
269,0.13,-0.17,0.91,0.44,3.37,8.41
270,0.14,-0.17,0.91,-0.05,-7.43,5.88
271,0.13,-0.18,0.9,-1.52,-18.74,1.36
272,0.15,-0.19,0.92,-3.02,-24.35,0.48
273,0.17,-0.2,0.93,-3.53,-23.66,2.16
274,0.16,-0.21,0.93,-5.81,-21.4,2.76
275,0.16,-0.22,0.95,-6.13,-17.14,7.56
276,0.15,-0.24,0.94,-6.06,-17.23,11.21
277,0.16,-0.26,0.93,-8.15,-19.52,12.61
278,0.21,-0.25,0.94,-10.64,-18.02,16.28
279,0.25,-0.26,0.95,-14.48,-13.4,14.95
280,0.29,-0.24,0.96,-17.31,-6.28,12.95
281,0.28,-0.25,0.96,-16.74,0.84,13.58
282,0.25,-0.25,0.97,-17.53,5.31,13.64
283,0.21,-0.26,0.98,-17.36,6.78,13.57
284,0.15,-0.26,1.0,-16.44,3.85,13.46
285,0.13,-0.26,0.99,-14.48,-0.18,15.6
286,0.12,-0.28,1.0,-12.49,-10.3,10.7
287,0.16,-0.28,1.01,-10.1,-14.6,8.33
288,0.15,-0.3,1.01,-8.21,-16.51,8.36
289,0.18,-0.31,0.97,-6.68,-21.13,7.21
290,0.23,-0.31,0.96,-6.48,-23.4,1.69
291,0.29,-0.31,0.96,-6.34,-19.43,-0.24
292,0.31,-0.34,0.97,-6.58,-11.09,-2.16
293,0.32,-0.36,0.96,-7.61,-0.07,-2.86
294,0.31,-0.35,0.96,-9.13,18.08,0.18
295,0.25,-0.34,0.97,-9.78,34.92,3.68
296,0.15,-0.33,0.97,-8.86,41.3,3.68
297,0.11,-0.31,0.97,-7.39,43.42,4.56
298,0.05,-0.32,1.01,-7.34,42.03,8.2
299,-0.0,-0.32,1.01,-5.45,32.19,7.56
300,0.08,-0.34,1.04,-4.49,23.06,6.95
301,0.16,-0.34,1.07,0.1,21.24,7.81
302,0.21,-0.33,1.07,6.31,23.5,8.6
303,0.21,-0.3,1.03,11.24,24.8,9.0
304,0.19,-0.29,0.99,13.98,22.64,9.55
305,0.18,-0.3,0.97,14.96,17.18,8.39
306,0.2,-0.31,0.96,13.28,11.42,5.54
307,0.26,-0.32,0.95,12.96,10.07,4.11
308,0.31,-0.31,0.95,12.34,10.44,0.39
309,0.24,-0.29,0.95,11.49,10.32,-4.19
310,0.16,-0.27,0.93,10.32,6.95,-4.38
311,0.08,-0.25,0.89,4.48,0.5,-7.01
312,0.07,-0.24,0.89,-2.57,-1.76,-5.67
313,0.12,-0.24,0.9,-7.35,0.02,-3.0
314,0.16,-0.26,0.91,-13.0,-0.69,-5.02
315,0.24,-0.28,0.93,-16.35,3.86,-9.38
316,0.29,-0.28,0.97,-14.63,13.18,-11.74
317,0.27,-0.28,0.99,-11.72,24.31,-14.0
318,0.2,-0.3,1.03,-3.55,27.79,-17.87
319,0.12,-0.32,1.05,7.5,24.56,-17.83
320,0.1,-0.34,1.0,14.5,23.44,-14.79
321,0.1,-0.34,0.96,15.25,20.41,-14.7
322,0.14,-0.32,0.94,13.27,20.19,-16.34
323,0.19,-0.27,0.95,13.34,27.02,-18.02
324,0.16,-0.21,0.94,13.79,38.03,-16.68
325,0.07,-0.17,0.94,13.34,43.24,-12.09
326,-0.01,-0.16,0.89,12.58,38.68,-9.76
327,-0.05,-0.18,0.86,10.42,23.75,-9.79
328,0.01,-0.15,0.87,4.93,8.75,-15.14
329,0.08,-0.1,0.95,1.58,4.22,-19.79
330,0.12,-0.08,1.01,5.45,4.75,-23.3
331,0.1,-0.07,1.05,11.68,5.0,-25.34
332,0.03,-0.07,1.02,18.05,2.55,-24.02
333,-0.02,-0.07,0.95,20.17,-1.56,-19.4
334,-0.05,-0.09,0.92,17.5,-9.19,-17.11
335,-0.03,-0.1,0.92,10.99,-17.05,-19.22
336,0.04,-0.08,0.96,6.47,-17.34,-18.95
337,0.04,-0.08,1.0,6.36,-14.17,-14.17
338,0.0,-0.09,1.0,5.53,-13.21,-10.7
339,0.03,-0.1,0.96,3.5,-10.81,-5.74
340,0.06,-0.11,0.95,1.3,-8.41,-1.92
341,0.13,-0.12,0.92,-0.33,-5.59,0.83
342,0.18,-0.14,0.91,-3.64,-4.12,0.93
343,0.22,-0.13,0.9,-5.79,-4.72,-1.47
344,0.23,-0.13,0.9,-6.02,-3.29,-3.46
345,0.22,-0.13,0.9,-5.08,-2.18,-4.96
346,0.19,-0.12,0.87,-6.89,-1.13,-4.92
347,0.16,-0.13,0.86,-10.6,-0.56,-4.23
348,0.11,-0.16,0.87,-14.58,-3.16,-4.48
349,0.09,-0.2,0.89,-17.63,-7.93,-4.57
350,0.11,-0.25,0.93,-17.79,-13.82,-5.57
351,0.15,-0.31,0.94,-18.21,-18.53,-6.8
352,0.17,-0.36,0.99,-18.83,-21.25,-9.69
353,0.17,-0.4,1.03,-16.21,-18.47,-9.5
354,0.17,-0.42,1.05,-12.21,-14.08,-9.34
355,0.16,-0.42,1.07,-6.24,-8.73,-7.69
356,0.15,-0.39,1.04,-2.43,-4.59,-5.11
357,0.13,-0.36,0.99,0.23,-5.15,-4.78
358,0.12,-0.34,0.97,0.77,-7.33,-5.07
359,0.13,-0.31,0.95,-0.22,-9.09,-4.72
360,0.12,-0.29,0.95,0.26,-10.51,-2.85
361,0.13,-0.27,0.93,-0.82,-11.83,-3.57
362,0.18,-0.23,0.93,-1.92,-11.82,-2.7
363,0.21,-0.21,0.93,-2.14,-7.39,-1.32
364,0.19,-0.2,0.92,-3.47,-4.15,-1.56
365,0.19,-0.21,0.93,-3.73,-4.57,-4.69
366,0.23,-0.21,0.96,-1.47,-3.11,-4.93
367,0.22,-0.22,0.95,0.21,-1.82,-5.94
368,0.19,-0.23,0.94,-0.61,-1.58,-8.79
369,0.17,-0.21,0.95,-0.14,-0.92,-8.43
370,0.14,-0.2,0.96,0.61,-1.89,-7.07
371,0.13,-0.2,0.94,0.18,-3.16,-5.99
372,0.13,-0.2,0.92,-2.24,-2.82,-3.99
373,0.14,-0.2,0.91,-5.32,-3.56,-3.79
374,0.17,-0.2,0.92,-8.18,-3.66,-3.99
375,0.18,-0.21,0.95,-8.92,-3.15,-3.58
376,0.16,-0.21,0.96,-8.56,-3.01,-4.41
377,0.14,-0.21,0.97,-8.05,-3.56,-5.46
378,0.12,-0.22,0.98,-6.42,-3.68,-4.3
379,0.11,-0.22,0.98,-6.16,-4.84,-4.74
380,0.14,-0.23,0.97,-5.79,-6.21,-5.91
381,0.15,-0.24,0.99,-4.74,-7.54,-6.28
382,0.17,-0.22,1.0,-3.15,-8.55,-8.19
383,0.18,-0.21,0.98,-1.73,-8.38,-9.02
384,0.18,-0.2,0.98,-0.97,-6.35,-9.66
385,0.17,-0.2,0.97,-0.49,-2.5,-8.15
386,0.17,-0.2,0.97,-1.07,2.07,-5.21
387,0.14,-0.2,0.96,-2.11,4.78,-3.59
388,0.12,-0.19,0.94,-3.47,4.64,-2.59
389,0.12,-0.19,0.94,-2.75,3.88,-1.03
390,0.1,-0.21,0.95,-2.79,0.66,-1.82
391,0.13,-0.22,0.99,-2.6,-1.24,-1.9
392,0.13,-0.23,0.99,-0.83,0.87,0.53
393,0.15,-0.23,0.99,-0.24,1.78,0.94
394,0.14,-0.22,0.97,-0.79,1.89,0.62
395,0.14,-0.25,0.96,-1.37,-0.73,-0.56
396,0.16,-0.27,0.97,-2.5,-5.53,-5.09
397,0.18,-0.29,1.02,-1.18,-6.61,-6.3
398,0.18,-0.3,1.05,1.91,-4.99,-6.11
399,0.19,-0.29,1.03,5.52,-1.66,-4.69
