,accel_x,accel_y,accel_z,gyro_x,gyro_y,gyro_z
0,-0.02,0.15,1.0,-5.34,-1.21,-1.18
1,-0.02,0.14,1.01,-4.5,-1.85,-2.55
2,-0.02,0.15,1.01,-3.09,-2.34,-3.39
3,-0.02,0.15,0.99,-2.38,-0.03,-1.58
4,-0.02,0.15,0.98,-2.92,2.85,-1.56
5,-0.03,0.15,1.01,-2.24,0.92,-2.73
6,-0.03,0.15,1.02,0.06,-1.39,-4.29
7,-0.05,0.15,0.99,0.17,-2.02,-5.7
8,-0.05,0.14,0.99,-0.18,-1.13,-4.79
9,-0.05,0.14,1.0,1.34,1.48,-4.12
10,-0.07,0.15,0.99,2.44,-0.73,-4.86
11,-0.09,0.15,0.97,2.44,-4.56,-5.25
12,-0.06,0.15,0.96,1.5,-7.08,-6.22
13,-0.04,0.15,0.99,1.04,-6.24,-5.26
14,-0.07,0.14,0.99,1.38,-2.5,-4.42
15,-0.07,0.15,0.98,1.86,-0.34,-2.21
16,-0.07,0.15,0.97,2.13,1.2,-0.86
17,-0.09,0.15,0.97,3.02,1.87,0.66
18,-0.09,0.15,0.96,3.37,1.14,0.83
19,-0.08,0.17,0.95,3.63,0.31,1.47
20,-0.05,0.18,0.92,2.05,-1.31,-0.45
21,-0.06,0.17,0.93,0.35,-3.15,-1.0
22,-0.07,0.18,0.94,-0.53,-2.06,-0.48
23,-0.06,0.17,0.95,-0.93,-3.01,-1.01
24,-0.06,0.17,0.96,-0.7,-4.11,-1.27
25,-0.06,0.17,0.97,0.92,-5.82,-2.05
26,-0.05,0.18,0.94,1.11,-5.36,-0.77
27,-0.05,0.18,0.95,1.39,-2.95,-0.11
28,-0.04,0.18,0.95,1.15,-2.59,-0.27
29,-0.05,0.19,0.93,0.33,-1.02,0.69
30,-0.04,0.19,0.92,-1.13,0.38,0.93
31,-0.06,0.18,0.92,-2.62,-0.4,0.81
32,-0.05,0.18,0.93,-4.76,-2.64,-0.76
33,-0.05,0.18,0.92,-6.53,-3.65,-1.41
34,-0.05,0.18,0.94,-8.51,-2.47,-0.79
35,-0.06,0.18,0.95,-9.53,-3.55,-0.67
36,-0.05,0.17,0.98,-7.04,-2.47,1.35
37,-0.05,0.17,0.97,-6.97,-2.46,1.96
38,-0.04,0.16,0.97,-5.74,-4.76,0.18
39,-0.03,0.16,0.98,-2.63,-4.76,0.21
40,-0.05,0.16,0.97,0.08,-7.32,0.82
41,-0.04,0.17,0.97,1.41,-11.79,-0.69
42,-0.02,0.18,0.94,0.91,-12.29,-0.76
43,-0.03,0.17,0.95,-1.78,-10.73,-0.73
44,-0.03,0.17,0.97,-4.52,-10.73,-0.44
45,-0.02,0.15,0.98,-3.98,-6.73,2.32
46,0.01,0.16,1.0,-3.68,-4.34,2.94
47,0.01,0.15,0.99,-4.91,-3.24,0.95
48,0.0,0.14,1.0,-5.34,-0.82,1.22
49,-0.0,0.15,1.0,-4.63,0.0,0.93
50,-0.01,0.15,0.99,-3.85,-1.55,-0.4
51,-0.02,0.15,0.98,-2.92,-3.87,-1.08
52,-0.02,0.15,0.99,-1.9,-6.42,-1.4
53,0.01,0.15,0.99,-0.95,-8.16,-1.55
54,-0.0,0.16,0.97,-0.72,-5.84,-0.55
55,-0.0,0.16,0.95,-2.47,-4.83,-0.38
56,-0.01,0.17,0.95,-3.84,-3.11,0.0
57,0.02,0.17,0.97,-4.21,-0.58,0.53
58,0.02,0.18,0.97,-4.85,0.56,-0.71
59,-0.01,0.17,0.97,-5.34,0.26,-1.04
60,-0.01,0.18,0.96,-7.16,-1.88,-2.96
61,-0.01,0.17,0.98,-8.22,-3.01,-4.5
62,-0.0,0.17,0.99,-7.95,-2.34,-5.21
63,0.02,0.16,0.97,-7.17,-2.56,-6.84
64,0.03,0.17,0.97,-6.41,-4.22,-8.82
65,0.01,0.16,0.96,-7.09,-3.56,-10.67
66,0.0,0.16,0.97,-7.29,-1.04,-9.67
67,-0.01,0.15,0.99,-6.39,2.69,-6.82
68,-0.02,0.14,1.0,-5.21,4.41,-6.27
69,-0.03,0.14,1.0,-3.92,3.0,-6.06
70,-0.04,0.14,0.99,-3.18,0.52,-6.0
71,-0.04,0.14,0.99,-1.76,0.39,-3.69
72,-0.04,0.14,0.98,-0.98,-0.24,-2.39
73,-0.04,0.15,1.0,-0.46,-1.23,-1.91
74,-0.04,0.14,0.98,-0.05,0.7,-0.31
75,-0.05,0.15,0.98,0.51,1.94,1.78
76,-0.05,0.16,0.96,0.61,0.86,1.76
77,-0.06,0.16,0.96,-0.21,-2.79,-0.24
78,-0.03,0.16,0.96,-0.57,-3.67,-0.19
79,-0.03,0.16,0.96,-1.8,-2.62,-0.91
80,-0.03,0.16,0.96,-2.37,-1.78,-1.51
81,-0.03,0.16,0.97,-2.92,0.55,0.24
82,-0.04,0.15,0.97,-3.85,0.85,0.2
83,-0.05,0.15,0.97,-3.6,-0.9,-0.11
84,-0.04,0.15,0.98,-2.97,-2.56,-1.09
85,-0.05,0.15,0.97,-2.82,-4.32,-1.15
86,-0.03,0.16,0.98,-3.61,-4.24,-2.37
87,-0.02,0.14,1.01,-3.37,-4.81,-2.68
88,-0.03,0.14,1.0,-2.18,-3.57,-1.82
89,-0.01,0.14,1.0,-1.2,-3.46,-2.86
90,-0.01,0.15,1.01,0.23,-3.82,-2.08
91,-0.02,0.15,0.99,0.94,-1.69,-0.75
92,-0.03,0.14,0.99,0.2,-4.51,-2.66
93,-0.03,0.13,1.01,1.23,-5.98,-2.84
94,-0.02,0.13,1.0,3.28,-2.37,0.89
95,-0.02,0.15,0.98,2.99,-2.53,-0.2
96,-0.02,0.16,0.98,2.6,-3.79,-1.15
97,-0.03,0.17,0.97,1.66,-3.98,-0.62
98,-0.02,0.17,0.97,0.56,-4.11,-1.06
99,-0.01,0.17,0.97,0.04,-5.19,-2.27
100,-0.01,0.17,0.97,-0.24,-5.65,-2.57
101,-0.01,0.17,0.97,-0.89,-4.78,-1.54
102,-0.01,0.17,0.96,-1.55,-4.35,-2.6
103,-0.01,0.16,0.98,-1.72,-4.81,-3.73
104,-0.02,0.15,0.99,-0.93,-5.97,-3.72
105,-0.02,0.15,0.99,1.08,-5.25,-1.33
106,-0.01,0.15,0.98,2.84,-2.76,-0.12
107,-0.01,0.16,0.97,3.21,-4.41,-1.13
108,-0.02,0.17,0.96,2.69,-5.61,-1.69
109,0.01,0.16,0.96,2.48,-4.76,-1.43
110,-0.01,0.17,0.96,2.88,-3.56,-0.58
111,-0.0,0.17,0.96,2.93,-3.43,0.64
112,0.0,0.18,0.95,2.6,-2.38,1.0
113,0.01,0.19,0.94,0.8,-2.56,0.23
114,-0.0,0.19,0.95,-0.63,-2.57,-0.21
115,-0.0,0.19,0.95,-1.04,-0.94,0.95
116,0.01,0.18,0.94,-2.17,-0.93,0.18
117,0.01,0.18,0.94,-3.39,-3.03,-1.65
118,0.0,0.18,0.95,-4.6,-3.43,-2.21
119,0.0,0.18,0.95,-6.02,-2.95,-2.88
120,-0.0,0.17,0.95,-7.29,-3.01,-3.7
121,-0.01,0.17,0.96,-7.21,-3.95,-3.97
122,-0.0,0.16,0.98,-6.87,-1.65,-1.1
123,-0.01,0.15,0.98,-6.11,0.86,-0.36
124,-0.0,0.15,0.98,-5.21,-0.24,-0.85
125,0.0,0.16,0.98,-4.46,-1.95,-2.53
126,-0.0,0.16,0.98,-3.98,-3.4,-2.4
127,-0.01,0.17,0.97,-2.44,-1.47,0.0
128,-0.01,0.17,0.96,-2.18,-1.1,0.66
129,0.01,0.18,0.97,-2.47,-1.5,0.34
130,0.02,0.19,0.96,-2.0,-0.01,0.93
131,0.03,0.2,0.94,-2.65,1.38,0.72
132,0.02,0.21,0.95,-3.51,0.35,-1.56
133,0.04,0.22,0.95,-3.87,0.62,-2.6
134,0.05,0.23,0.93,-4.38,1.98,-3.2
135,0.03,0.23,0.93,-4.86,1.74,-4.68
136,0.02,0.23,0.91,-5.95,1.14,-5.8
137,0.01,0.23,0.92,-7.86,1.18,-7.63
138,0.01,0.23,0.92,-9.45,0.73,-8.36
139,0.01,0.24,0.93,-9.96,2.32,-7.89
140,0.01,0.24,0.94,-10.12,4.25,-6.55
141,-0.01,0.23,0.97,-11.34,6.08,-5.17
142,-0.03,0.22,0.98,-11.0,9.8,-3.13
143,-0.04,0.23,0.99,-10.64,10.62,-3.41
144,-0.06,0.25,0.99,-9.37,9.11,-2.8
145,-0.07,0.25,1.01,-6.53,11.14,-0.8
146,-0.06,0.29,1.06,-1.56,16.78,5.64
147,-0.05,0.34,0.98,2.24,21.0,7.76
148,0.03,0.4,0.97,4.85,23.34,7.56
149,0.03,0.47,0.95,4.34,21.64,5.4
150,0.03,0.52,0.87,5.38,22.79,4.05
151,0.06,0.6,0.88,5.63,14.8,-2.37
152,0.05,0.65,0.85,2.13,7.11,-6.94
153,0.06,0.73,0.83,-9.98,4.57,-7.63
154,0.11,0.76,0.78,-13.23,14.6,-9.2
155,0.15,0.8,0.75,-26.02,11.63,-19.44
156,0.15,0.8,0.76,-47.94,12.34,-30.36
157,0.11,0.73,0.86,-60.08,20.44,-41.08
158,-0.02,0.58,1.0,-78.07,24.32,-43.1
159,-0.22,0.44,1.22,-79.27,14.86,-41.45
160,-0.35,0.31,1.47,-65.95,16.91,-30.09
161,-0.34,0.26,1.54,-42.12,36.83,-12.49
162,-0.33,0.27,1.5,-15.98,51.5,1.88
163,-0.31,0.33,1.4,4.84,51.59,9.55
164,-0.31,0.41,1.3,19.35,55.34,14.12
165,-0.27,0.47,1.2,26.4,58.47,21.44
166,-0.23,0.55,1.09,27.73,44.89,15.85
167,-0.22,0.6,1.03,27.88,26.02,7.15
168,-0.22,0.63,0.95,26.69,17.81,2.45
169,-0.17,0.68,0.87,18.27,11.87,-1.17
170,-0.09,0.71,0.78,3.5,9.85,-8.99
171,-0.07,0.74,0.71,-14.47,8.59,-17.63
172,-0.09,0.7,0.67,-36.08,15.68,-23.32
173,-0.12,0.65,0.68,-59.26,23.2,-26.11
174,-0.14,0.53,0.72,-75.98,26.68,-29.56
175,-0.22,0.34,0.88,-89.31,30.6,-30.45
176,-0.3,0.18,1.05,-84.32,44.92,-17.19
177,-0.34,0.05,1.14,-71.59,57.34,-4.16
178,-0.38,-0.04,1.16,-57.14,50.03,-0.26
179,-0.44,-0.1,1.15,-32.42,12.47,-7.23
180,-0.42,-0.08,1.05,-21.25,-43.54,-23.5
181,-0.32,-0.17,1.02,-10.5,-73.54,-26.83
182,-0.2,-0.2,0.98,-6.65,-74.41,-24.51
183,-0.1,-0.27,0.86,-20.53,-44.91,-14.55
184,0.08,-0.33,0.85,-31.85,-25.9,-14.31
185,0.16,-0.36,0.89,-40.2,-9.42,-19.69
186,0.18,-0.43,0.89,-42.62,6.63,-27.89
187,0.13,-0.51,0.89,-42.61,7.56,-38.11
188,0.05,-0.59,0.94,-35.56,3.69,-45.98
189,-0.02,-0.64,0.91,-27.55,7.56,-42.11
190,-0.07,-0.65,0.81,-22.68,12.46,-35.73
191,-0.05,-0.61,0.78,-27.37,7.02,-35.03
192,-0.04,-0.61,0.78,-25.85,-0.09,-34.52
193,-0.05,-0.58,0.79,-27.66,-16.11,-35.03
194,-0.07,-0.62,0.85,-26.85,-31.9,-36.05
195,-0.02,-0.64,0.93,-21.53,-37.91,-31.46
196,0.12,-0.62,0.92,-17.48,-32.4,-33.27
197,0.21,-0.57,0.93,-14.5,-33.38,-43.66
198,0.19,-0.54,0.91,-2.51,-32.15,-50.21
199,0.13,-0.48,0.87,-8.21,-34.31,-56.93
200,0.1,-0.46,0.83,-12.7,-26.22,-62.09
201,0.08,-0.44,0.9,-19.03,-11.24,-59.93
202,0.05,-0.48,0.91,-11.18,18.11,-56.25
203,-0.07,-0.47,0.91,-22.66,44.26,-45.25
204,-0.15,-0.44,0.92,-7.29,57.56,-36.19
205,-0.18,-0.43,0.9,-6.79,43.05,-36.86
206,-0.28,-0.41,0.91,-4.88,17.63,-33.59
207,-0.31,-0.35,0.83,-10.24,-2.85,-30.95
208,-0.29,-0.33,0.83,-9.15,-12.6,-23.89
209,-0.22,-0.31,0.86,-12.15,-12.76,-14.73
210,-0.12,-0.29,0.89,-5.95,-5.72,-8.3
211,-0.06,-0.29,0.91,-5.31,4.61,-0.34
212,-0.07,-0.24,0.87,-3.15,7.24,2.82
213,-0.04,-0.22,0.87,-3.16,0.56,-0.98
214,-0.05,-0.21,0.91,-2.53,-1.11,-0.31
215,-0.05,-0.21,0.91,-0.52,-1.44,2.58
216,-0.05,-0.19,0.89,-1.17,-2.54,5.04
217,-0.06,-0.14,0.89,0.32,-3.89,7.36
218,-0.02,-0.16,0.89,-1.56,-8.89,5.47
219,-0.03,-0.16,0.89,-2.56,-12.56,4.24
220,-0.04,-0.15,0.9,-4.21,-12.0,4.54
221,-0.06,-0.13,0.91,-5.99,-14.88,4.39
222,-0.08,-0.11,0.93,-7.36,-21.65,2.51
223,-0.06,-0.11,0.97,-9.47,-28.34,2.51
224,-0.03,-0.15,1.02,-11.27,-29.07,2.1
225,-0.0,-0.21,1.08,-8.18,-26.89,2.47
226,0.03,-0.28,1.14,-4.76,-15.44,4.92
227,0.03,-0.3,1.15,1.89,2.38,8.85
228,-0.01,-0.28,1.1,9.8,16.92,12.66
229,-0.07,-0.26,0.99,14.5,24.63,16.47
230,-0.09,-0.24,0.87,11.35,23.34,16.37
231,-0.11,-0.21,0.82,3.64,18.44,14.46
232,-0.11,-0.16,0.83,-3.86,13.56,12.43
233,-0.08,-0.14,0.84,-13.03,9.4,8.92
234,-0.03,-0.14,0.83,-24.1,6.27,2.15
235,-0.02,-0.16,0.86,-34.94,-6.13,-5.86
236,-0.06,-0.22,0.91,-40.82,-4.41,-10.0
237,-0.17,-0.26,0.92,-41.67,-0.48,-7.05
238,-0.26,-0.31,0.97,-40.16,-4.76,-5.55
239,-0.41,-0.35,1.09,-28.87,-15.92,6.1
240,-0.41,-0.4,1.15,-8.74,-38.5,19.4
241,-0.25,-0.42,1.15,7.24,-57.31,22.76
242,-0.1,-0.42,1.14,20.63,-67.88,21.73
243,0.03,-0.4,1.11,29.52,-64.41,19.88
244,0.11,-0.38,1.07,34.31,-42.54,21.33
245,0.09,-0.32,1.04,39.05,-12.24,26.45
246,-0.04,-0.22,0.96,43.12,7.09,31.6
247,-0.19,-0.12,0.85,46.13,9.35,40.73
248,-0.24,-0.05,0.7,41.38,-11.14,40.46
249,-0.18,-0.04,0.66,25.15,-41.47,31.29
250,-0.06,-0.08,0.73,14.27,-56.91,22.26
251,0.08,-0.12,0.85,3.56,-53.97,17.5
252,0.17,-0.14,1.02,0.22,-32.69,16.57
253,0.14,-0.13,1.1,6.31,-7.24,20.85
254,0.06,-0.14,1.09,14.48,7.33,23.78
255,0.01,-0.15,1.03,21.95,3.71,25.77
256,0.02,-0.1,1.03,25.84,13.5,26.77
257,0.01,-0.07,0.97,27.48,18.15,29.45
258,-0.02,-0.06,0.95,26.34,18.53,28.1
259,-0.05,-0.04,0.94,27.17,19.51,28.47
260,-0.08,-0.01,0.91,27.15,18.89,28.92
261,-0.14,0.05,0.86,25.07,10.82,29.99
262,-0.18,0.08,0.83,19.67,-3.5,26.7
263,-0.12,0.07,0.87,15.46,-14.63,23.99
264,-0.02,0.05,0.89,10.01,-25.55,17.09
265,0.07,0.02,0.97,8.39,-15.89,18.74
266,0.1,0.02,1.01,5.89,-1.29,21.53
267,0.1,0.02,1.06,6.28,9.34,20.79
268,0.07,0.02,1.06,9.54,19.29,22.55
269,0.0,0.04,1.04,13.63,23.9,23.79
270,-0.07,0.09,1.04,20.78,21.45,24.31
271,-0.13,0.12,0.99,22.22,6.61,22.66
272,-0.06,0.1,0.97,23.9,-9.18,16.62
273,-0.03,0.09,0.96,19.3,-19.66,11.7
274,0.02,0.07,0.99,15.99,-13.08,11.93
275,0.05,0.05,1.02,11.15,-1.73,14.16
276,0.07,0.05,1.05,10.37,11.56,16.4
277,0.06,0.05,1.05,11.39,21.74,17.38
278,0.01,0.07,1.02,15.25,25.78,15.72
279,-0.03,0.08,0.97,16.01,18.63,9.94
280,-0.09,0.08,0.95,18.12,9.59,5.38
281,-0.12,0.09,0.92,19.69,1.15,4.27
282,-0.12,0.09,0.9,15.76,-0.82,6.94
283,-0.1,0.09,0.92,11.95,-1.31,8.44
284,-0.06,0.11,0.94,7.79,-0.27,7.98
285,-0.05,0.12,0.99,6.09,0.44,8.37
286,-0.07,0.13,1.01,5.5,3.56,7.66
287,-0.05,0.13,0.98,6.76,4.11,7.44
288,-0.06,0.13,0.99,7.76,1.71,6.1
289,-0.06,0.13,1.02,8.92,1.87,6.41
290,-0.04,0.13,1.02,10.82,0.42,4.86
291,-0.04,0.14,1.04,11.34,-6.56,1.21
292,-0.01,0.13,1.07,14.26,-13.09,-2.78
293,0.02,0.15,1.07,17.15,-12.47,-4.08
294,0.0,0.16,1.05,18.35,-5.65,-2.89
295,-0.05,0.18,1.03,18.67,0.56,-0.41
296,-0.08,0.2,0.97,16.23,5.61,1.17
297,-0.09,0.22,0.96,13.73,5.61,0.06
298,-0.1,0.22,0.95,11.16,0.21,-1.58
299,-0.1,0.21,0.97,9.56,-2.47,-3.04
300,-0.08,0.21,0.97,8.4,-2.95,-3.48
301,-0.07,0.21,0.95,6.06,-1.6,-4.31
302,-0.09,0.22,0.97,6.37,-4.84,-5.88
303,-0.1,0.2,0.95,4.48,-8.81,-9.44
304,-0.08,0.18,0.96,3.9,-9.41,-10.05
305,-0.06,0.18,0.97,2.54,-9.8,-11.1
306,-0.08,0.17,0.98,1.82,-12.59,-13.12
307,-0.06,0.17,1.01,3.19,-9.64,-9.93
308,-0.07,0.17,0.98,3.69,-5.93,-9.15
309,-0.07,0.16,0.98,0.44,-5.69,-9.89
310,-0.09,0.15,1.01,0.34,-3.59,-8.15
311,-0.1,0.14,1.02,2.63,-2.55,-6.37
312,-0.1,0.16,1.0,4.41,-4.83,-5.75
313,-0.08,0.16,0.95,3.39,-9.73,-8.92
314,-0.07,0.16,0.96,1.85,-12.33,-12.17
315,-0.07,0.17,0.96,0.09,-15.56,-11.72
316,-0.06,0.16,0.97,-2.51,-14.55,-11.79
317,-0.03,0.16,0.99,-3.86,-9.95,-10.34
318,-0.02,0.15,1.0,-4.36,-5.98,-9.28
319,-0.02,0.15,1.0,-3.85,-1.8,-7.69
320,-0.03,0.15,1.01,-2.78,1.55,-5.63
321,-0.04,0.14,0.99,-1.68,1.99,-6.18
322,-0.05,0.14,0.99,-1.14,-1.91,-8.96
323,-0.06,0.14,1.0,0.42,-10.64,-13.24
324,-0.05,0.13,1.0,2.99,-15.74,-14.62
325,-0.05,0.12,0.99,5.76,-12.63,-14.42
326,-0.02,0.13,0.99,6.22,-14.06,-16.81
327,-0.01,0.13,0.98,6.63,-14.68,-17.6
328,-0.05,0.13,0.96,5.35,-10.18,-16.72
329,-0.07,0.14,0.94,2.82,0.45,-12.22
330,-0.08,0.15,0.92,-0.55,8.54,-7.79
331,-0.11,0.15,0.93,-3.37,9.5,-8.79
332,-0.1,0.14,0.96,-3.42,5.86,-9.74
333,-0.1,0.15,0.98,-0.79,8.6,-8.11
334,-0.12,0.16,0.98,2.76,7.66,-7.53
335,-0.1,0.18,0.96,5.6,7.31,-7.4
336,-0.11,0.2,0.92,7.04,0.24,-10.3
337,-0.1,0.22,0.91,3.98,-11.47,-16.02
338,-0.06,0.22,0.92,1.03,-13.5,-17.67
339,-0.04,0.21,0.95,-1.69,-10.4,-17.28
340,-0.06,0.19,1.0,-3.79,-7.92,-15.58
341,-0.05,0.18,1.02,-3.2,2.75,-9.16
342,-0.05,0.18,1.03,-1.96,11.73,-3.51
343,-0.03,0.2,1.02,-0.11,11.25,-3.57
344,-0.02,0.2,1.01,1.82,8.81,-4.17
345,-0.04,0.2,0.98,2.26,1.21,-9.28
346,-0.02,0.19,1.01,2.03,-2.91,-12.4
347,-0.02,0.18,1.0,3.63,1.98,-11.95
348,-0.05,0.18,0.97,3.21,-0.4,-13.81
349,-0.07,0.18,0.99,3.27,-4.47,-15.76
350,-0.09,0.18,0.96,3.72,-4.92,-15.6
351,-0.1,0.19,0.95,2.4,-5.5,-15.76
352,-0.1,0.18,0.94,1.67,-4.32,-14.69
353,-0.12,0.18,0.94,0.66,0.34,-11.71
354,-0.14,0.18,0.95,0.87,4.56,-6.82
355,-0.13,0.19,0.95,0.47,6.93,-3.79
356,-0.12,0.19,0.95,0.99,6.56,-3.05
357,-0.11,0.21,0.95,0.98,2.11,-4.11
358,-0.1,0.23,0.96,1.56,-2.44,-6.5
359,-0.1,0.22,0.98,1.14,-7.09,-7.72
360,-0.08,0.23,0.99,2.14,-6.59,-6.83
361,-0.05,0.25,0.99,3.47,-3.73,-6.0
362,-0.05,0.25,0.98,4.02,-3.31,-5.7
363,-0.04,0.25,0.97,4.53,-1.44,-5.24
364,-0.03,0.26,0.95,5.1,0.46,-3.59
365,-0.03,0.26,0.94,4.12,2.64,-4.09
366,-0.04,0.25,0.95,3.19,1.53,-6.15
367,-0.01,0.24,0.98,2.95,3.95,-6.08
368,-0.03,0.22,0.97,3.81,9.51,-5.1
369,-0.04,0.2,0.94,3.79,11.14,-5.69
370,-0.06,0.2,0.95,3.89,8.75,-6.56
371,-0.04,0.19,0.92,3.75,5.31,-7.02
372,-0.06,0.18,0.9,1.13,2.3,-9.44
373,-0.06,0.16,0.91,-1.37,1.02,-10.92
374,-0.09,0.15,0.92,-3.26,2.05,-9.66
375,-0.11,0.13,0.94,-4.31,2.61,-6.53
376,-0.08,0.12,0.94,-4.85,5.36,-3.97
377,-0.1,0.12,0.95,-5.18,4.02,-4.13
378,-0.1,0.11,0.97,-5.7,0.87,-4.39
379,-0.1,0.09,0.96,-4.51,1.09,-3.17
380,-0.1,0.1,0.96,-3.99,1.14,-1.65
381,-0.11,0.1,0.98,-3.73,-2.89,-1.64
382,-0.09,0.11,0.99,-2.29,-5.25,-0.71
383,-0.09,0.1,0.99,-1.24,-4.65,0.97
384,-0.08,0.11,0.98,-1.63,-3.89,0.78
385,-0.07,0.12,0.99,-1.1,-2.35,0.79
386,-0.1,0.13,0.97,-0.89,-2.5,1.55
387,-0.1,0.14,0.96,-1.38,-2.14,2.57
388,-0.08,0.15,0.96,-1.52,0.08,3.53
389,-0.07,0.16,0.96,-0.85,1.86,6.41
390,-0.08,0.18,0.94,-3.15,-1.2,3.95
391,-0.06,0.18,0.95,-4.95,-1.3,3.28
392,-0.05,0.17,0.95,-6.59,-0.86,1.57
393,-0.05,0.18,0.97,-6.97,-1.5,1.31
394,-0.06,0.17,0.96,-6.47,-1.16,1.13
395,-0.07,0.17,0.96,-6.51,-4.3,-0.36
396,-0.05,0.17,0.95,-8.02,-10.29,-3.57
397,-0.05,0.16,0.98,-9.29,-12.7,-4.85
398,-0.05,0.15,0.99,-11.15,-10.27,-3.9
399,-0.02,0.13,1.02,-11.22,-3.49,0.18
