,accel_x,accel_y,accel_z,gyro_x,gyro_y,gyro_z
0,0.11,-0.19,1.02,-5.94,4.38,-0.69
1,0.12,-0.18,1.01,-5.58,7.36,0.29
2,0.1,-0.18,1.04,-5.3,10.73,4.9
3,0.07,-0.18,1.02,-4.66,13.61,8.86
4,0.05,-0.18,1.0,-5.27,15.52,11.02
5,0.07,-0.18,1.01,-6.93,19.85,16.18
6,0.04,-0.18,0.99,-8.17,22.77,20.64
7,0.03,-0.18,0.99,-9.7,20.76,21.53
8,0.05,-0.19,1.01,-10.71,21.86,21.69
9,0.06,-0.19,1.01,-9.82,24.36,25.5
10,0.05,-0.18,0.99,-8.37,25.08,26.63
11,0.04,-0.18,1.0,-7.25,25.61,28.05
12,0.04,-0.17,0.99,-7.25,27.46,30.45
13,0.04,-0.16,0.96,-6.98,28.29,32.11
14,0.03,-0.16,0.97,-7.61,27.11,32.0
15,0.04,-0.16,0.97,-7.24,25.01,30.13
16,0.06,-0.16,0.96,-6.34,21.73,26.47
17,0.08,-0.15,0.94,-4.86,15.22,19.19
18,0.1,-0.15,0.93,-1.66,4.69,6.37
19,0.11,-0.15,0.94,2.18,-5.66,-6.53
20,0.08,-0.16,0.96,5.95,-12.8,-14.9
21,0.07,-0.18,0.95,8.69,-14.15,-15.53
22,0.04,-0.18,0.93,8.47,-12.76,-14.42
23,0.03,-0.18,0.93,6.41,-8.6,-9.47
24,0.04,-0.16,0.92,3.89,-4.28,-5.85
25,0.06,-0.14,0.92,1.36,1.92,-1.34
26,0.06,-0.14,0.92,-0.57,5.22,0.86
27,0.06,-0.13,0.92,-1.83,6.15,0.98
28,0.07,-0.12,0.93,-3.04,6.26,0.98
29,0.05,-0.11,0.92,-3.5,5.31,0.11
30,0.04,-0.12,0.92,-3.63,3.82,-1.06
31,0.05,-0.1,0.92,-4.57,5.31,-0.76
32,0.04,-0.11,0.92,-5.34,8.17,1.92
33,0.0,-0.13,0.92,-7.62,7.66,-0.28
34,0.0,-0.11,0.93,-10.62,6.61,2.56
35,0.01,-0.13,0.92,-14.15,8.84,4.31
36,-0.01,-0.15,0.94,-17.14,7.36,3.66
37,-0.0,-0.16,0.97,-18.47,7.31,4.86
38,-0.01,-0.19,0.99,-17.59,6.47,6.66
39,-0.01,-0.2,0.99,-16.52,3.85,6.45
40,-0.0,-0.21,1.01,-14.96,0.82,5.0
41,0.0,-0.22,1.02,-12.29,-2.12,4.63
42,0.01,-0.24,1.03,-9.63,-4.0,2.92
43,0.03,-0.22,1.04,-7.46,-4.98,1.63
44,0.05,-0.23,1.03,-4.53,-5.93,0.18
45,0.03,-0.22,1.03,-2.42,-8.02,-3.62
46,0.03,-0.23,1.03,-0.23,-10.34,-6.95
47,0.04,-0.21,1.02,-3.9,-12.35,-12.84
48,0.06,-0.19,1.04,-4.61,-6.85,-17.64
49,0.05,-0.21,1.02,-0.81,-9.23,-14.84
50,0.05,-0.21,1.01,0.21,-10.73,-19.26
51,0.05,-0.21,1.02,1.4,-10.76,-18.81
52,0.04,-0.2,1.03,3.09,-9.98,-19.09
53,0.06,-0.21,1.03,5.05,-6.71,-15.33
54,0.04,-0.2,1.01,5.62,-5.06,-13.53
55,0.04,-0.19,0.99,5.63,-3.56,-11.22
56,0.05,-0.17,0.97,5.07,-2.31,-10.0
57,0.04,-0.18,0.97,4.56,-3.09,-10.31
58,0.05,-0.17,0.98,5.17,-4.08,-10.56
59,0.04,-0.17,0.96,5.11,-6.43,-12.13
60,0.06,-0.16,0.96,5.76,-9.27,-13.79
61,0.08,-0.15,0.96,6.38,-10.26,-15.66
62,0.09,-0.15,0.95,6.57,-11.24,-18.11
63,0.07,-0.14,0.95,6.1,-12.56,-19.95
64,0.06,-0.15,0.95,4.84,-12.11,-19.26
65,0.06,-0.13,0.94,2.86,-10.08,-17.25
66,0.05,-0.14,0.94,0.94,-7.58,-13.83
67,0.03,-0.14,0.95,-1.93,-5.95,-11.44
68,0.04,-0.15,0.95,-4.66,-4.76,-8.61
69,0.05,-0.16,0.96,-6.77,-2.05,-6.17
70,0.06,-0.18,0.98,-7.5,1.41,-2.79
71,0.06,-0.18,0.99,-6.99,4.49,-1.02
72,0.05,-0.19,0.98,-5.84,4.3,-2.6
73,0.05,-0.17,0.99,-3.82,2.27,-3.96
74,0.06,-0.17,0.98,-2.11,2.02,-2.64
75,0.02,-0.16,0.95,-1.57,0.55,-2.94
76,0.01,-0.17,0.95,-2.82,-3.07,-4.79
77,0.05,-0.18,0.97,-4.89,-3.29,-7.05
78,0.03,-0.18,0.99,-4.69,-4.24,-6.4
79,0.04,-0.17,0.98,-3.97,-4.4,-4.55
80,0.04,-0.18,0.97,-4.66,-5.28,-3.94
81,0.06,-0.19,0.98,-5.49,-7.08,-5.92
82,0.11,-0.18,1.0,-4.84,-2.72,-5.37
83,0.09,-0.18,1.0,-3.74,1.5,-3.18
84,0.06,-0.18,0.98,-2.46,1.18,-2.02
85,0.04,-0.16,0.97,-3.02,0.18,-0.86
86,0.05,-0.16,0.95,-3.85,-2.28,-3.35
87,0.07,-0.16,0.96,-4.4,-5.52,-7.11
88,0.1,-0.17,0.98,-4.88,-2.63,-6.08
89,0.06,-0.18,0.98,-4.69,-2.03,-4.76
90,0.05,-0.19,0.98,-3.75,-2.22,-2.38
91,0.05,-0.18,0.98,-5.45,-4.21,-4.6
92,0.06,-0.18,0.99,-6.62,-4.0,-7.46
93,0.06,-0.19,1.0,-6.44,-3.3,-7.55
94,0.07,-0.18,0.98,-3.58,-1.56,-4.49
95,0.07,-0.17,0.97,-4.01,-3.56,-4.81
96,0.07,-0.15,0.96,-3.75,-5.92,-5.42
97,0.09,-0.15,0.95,-2.88,-6.73,-5.16
98,0.08,-0.14,0.95,-4.69,-3.92,-4.62
99,0.06,-0.16,0.94,-6.47,-2.91,-3.76
100,0.07,-0.17,0.96,-6.23,-2.14,-1.1
101,0.06,-0.17,0.96,-6.02,-2.36,0.08
102,0.07,-0.17,0.97,-6.72,-2.87,-0.46
103,0.07,-0.18,0.98,-6.72,-3.28,-0.61
104,0.07,-0.19,0.98,-6.31,-4.21,-1.92
105,0.09,-0.19,0.98,-5.74,-3.42,-2.26
106,0.09,-0.21,1.0,-5.37,-1.12,-1.92
107,0.09,-0.22,0.99,-5.06,-0.44,-2.99
108,0.07,-0.22,1.01,-3.85,-1.76,-4.22
109,0.08,-0.21,1.01,-2.24,-1.15,-3.2
110,0.07,-0.21,1.0,-1.32,-1.21,-3.55
111,0.08,-0.2,1.0,-0.31,0.66,-2.74
112,0.08,-0.19,1.0,-0.5,3.17,-1.02
113,0.07,-0.19,0.98,-1.15,3.63,-1.02
114,0.07,-0.19,0.99,-1.62,3.5,-0.56
115,0.07,-0.19,0.99,-1.08,3.16,0.44
116,0.07,-0.17,0.98,-0.57,1.26,-1.15
117,0.09,-0.17,0.99,0.59,-0.08,-2.63
118,0.1,-0.17,0.97,1.44,0.47,-3.2
119,0.09,-0.16,0.97,1.02,1.29,-3.61
120,0.08,-0.16,0.96,1.45,1.81,-3.26
121,0.07,-0.15,0.97,1.09,1.85,-3.4
122,0.08,-0.15,0.95,-0.05,3.69,-3.18
123,0.06,-0.16,0.95,-0.91,2.81,-3.75
124,0.05,-0.17,0.96,-1.12,0.75,-4.98
125,0.05,-0.18,0.96,-1.4,-0.04,-5.53
126,0.06,-0.18,0.97,-1.64,0.56,-5.26
127,0.04,-0.18,0.96,-1.38,-0.31,-5.18
128,0.03,-0.18,0.97,-1.07,-2.21,-5.4
129,0.05,-0.18,0.96,-1.63,-2.28,-5.33
130,0.06,-0.18,0.97,-2.53,1.92,-3.4
131,0.03,-0.19,0.97,-3.25,1.64,-3.08
132,0.03,-0.19,0.97,-3.89,0.57,-2.36
133,0.04,-0.18,0.97,-3.85,-0.33,-1.73
134,0.05,-0.19,0.97,-4.69,-0.63,-3.45
135,0.06,-0.19,0.99,-4.6,0.54,-2.11
136,0.05,-0.2,1.0,-3.26,0.63,-1.54
137,0.06,-0.18,0.99,-2.28,1.14,-0.95
138,0.08,-0.18,0.98,-1.83,2.89,0.5
139,0.07,-0.16,0.98,-0.71,4.3,2.14
140,0.06,-0.15,0.96,-0.92,1.95,0.84
141,0.04,-0.15,0.97,-2.1,-1.08,-1.06
142,0.06,-0.14,0.96,-2.27,-1.01,-0.47
143,0.07,-0.14,0.97,-3.82,-0.93,-1.11
144,0.07,-0.14,0.99,-3.97,1.73,-1.0
145,0.06,-0.13,1.0,-5.89,3.95,-0.17
146,0.07,-0.12,1.01,-5.21,6.87,1.81
147,0.07,-0.09,1.0,-4.02,10.82,3.65
148,0.05,-0.05,1.02,-3.52,14.48,5.16
149,0.04,0.01,1.03,-3.66,17.24,6.21
150,0.02,0.08,1.01,-3.83,18.1,7.3
151,-0.0,0.16,1.04,-6.51,17.67,5.82
152,-0.0,0.24,1.06,-9.0,14.95,3.47
153,-0.02,0.34,1.09,-8.21,8.3,3.39
154,-0.03,0.46,1.22,-20.52,14.04,-2.79
155,-0.02,0.61,1.35,-24.78,23.73,-0.82
156,-0.12,0.79,1.56,-27.86,30.89,-2.48
157,-0.18,1.0,1.66,-14.77,43.96,17.37
158,-0.29,1.27,1.79,-19.55,64.15,35.18
159,-0.36,1.62,1.76,-17.09,85.57,67.89
160,-0.44,1.83,1.63,-29.04,93.39,86.23
161,-0.58,2.0,1.43,-50.08,101.59,94.41
162,-0.69,2.0,1.32,-76.18,103.11,97.31
163,-0.94,2.0,1.29,-83.58,45.23,99.38
164,-1.02,2.0,1.04,-87.15,-59.1,57.34
165,-0.55,1.93,0.88,-79.47,-149.43,9.89
166,-0.06,1.47,0.89,-66.82,-187.02,-23.21
167,0.27,1.0,1.12,-44.89,-149.3,-11.89
168,0.42,0.47,0.85,-2.64,-77.47,25.57
169,0.55,-0.03,0.2,31.07,-8.71,61.43
170,0.91,-0.55,-0.61,27.81,72.73,106.96
171,1.2,-1.23,-1.13,6.45,149.69,141.85
172,0.84,-2.0,-1.69,-57.85,120.21,104.16
173,0.4,-2.0,-1.6,-129.58,-12.5,17.97
174,0.39,-2.0,-1.13,-198.98,-174.19,-100.18
175,0.68,-2.0,0.26,-250.14,-250.14,-218.43
176,1.28,-2.0,1.91,-250.14,-162.8,-250.14
177,0.89,-2.0,2.0,-250.14,111.62,-250.14
178,-0.76,-2.0,2.0,-175.59,250.13,-179.5
179,-2.0,-2.0,2.0,-46.66,250.13,-48.51
180,-2.0,-1.96,2.0,105.64,114.11,55.64
181,-2.0,-0.92,0.31,200.26,-180.59,96.27
182,-1.23,-0.32,-0.87,205.43,-250.14,73.85
183,0.41,-0.2,-0.94,173.97,-250.14,51.29
184,1.8,-0.14,-0.66,118.09,-250.14,30.09
185,2.0,-0.13,-0.28,57.97,-108.89,11.58
186,2.0,-0.31,0.1,9.07,30.56,-14.6
187,1.23,-0.34,0.44,-15.22,95.43,-40.79
188,0.46,-0.37,0.6,-19.83,94.65,-48.37
189,-0.11,-0.41,0.61,-6.43,43.49,-45.81
190,-0.33,-0.41,0.6,1.42,-10.27,-39.37
191,-0.3,-0.41,0.64,-3.5,-42.05,-29.55
192,-0.1,-0.46,0.76,-12.09,-41.13,-15.24
193,0.13,-0.52,0.85,-18.95,-30.45,-8.07
194,0.27,-0.5,0.91,-22.75,-17.38,-1.84
195,0.39,-0.57,0.8,-23.82,-9.42,-5.03
196,0.41,-0.49,0.83,-19.18,4.81,-5.71
197,0.3,-0.45,0.76,-19.13,11.79,-10.0
198,0.17,-0.48,0.78,-13.16,3.79,-15.4
199,0.13,-0.53,0.84,-5.81,-5.73,-12.3
200,0.15,-0.55,0.91,-2.88,-8.76,0.79
201,0.1,-0.57,0.88,-1.32,-8.98,7.91
202,0.13,-0.59,0.86,0.52,-13.61,15.93
203,0.16,-0.57,0.86,2.84,-17.15,19.73
204,0.19,-0.54,0.88,5.77,-29.13,18.93
205,0.3,-0.5,0.86,9.4,-29.89,17.53
206,0.31,-0.45,0.87,7.96,-24.95,15.83
207,0.3,-0.48,0.92,9.45,-28.23,10.17
208,0.31,-0.52,0.96,16.51,-32.82,11.48
209,0.34,-0.56,1.02,23.54,-23.24,16.38
210,0.38,-0.59,1.03,22.34,-3.22,26.63
211,0.39,-0.58,0.97,17.44,34.4,39.56
212,0.33,-0.57,0.9,10.56,64.89,50.32
213,0.24,-0.53,0.85,5.7,76.56,49.31
214,0.1,-0.49,0.83,1.92,74.37,47.0
215,-0.06,-0.52,0.84,5.58,47.66,36.14
216,-0.06,-0.53,0.88,12.82,3.28,21.15
217,0.04,-0.53,0.92,22.81,-28.66,11.84
218,0.19,-0.54,0.94,36.02,-42.37,6.85
219,0.36,-0.49,0.92,38.63,-37.48,-1.6
220,0.43,-0.43,0.91,35.46,-13.99,-3.47
221,0.32,-0.4,0.92,32.95,13.96,-2.59
222,0.15,-0.38,0.9,31.86,27.44,4.0
223,-0.01,-0.34,0.85,30.09,20.9,8.06
224,-0.09,-0.33,0.84,34.79,3.61,9.85
225,-0.14,-0.32,0.84,32.53,-17.37,6.37
226,-0.01,-0.31,0.84,28.78,-30.93,5.27
227,0.13,-0.32,0.88,22.85,-33.03,4.95
228,0.24,-0.31,0.92,16.91,-25.61,3.03
229,0.32,-0.3,0.95,16.02,-10.44,-0.38
230,0.3,-0.31,0.98,19.6,2.56,-3.2
231,0.2,-0.31,0.99,25.02,4.92,-6.23
232,0.13,-0.29,0.99,31.14,-0.77,-7.6
233,0.08,-0.27,0.96,37.22,-7.53,-8.12
234,0.04,-0.24,0.92,41.09,-18.02,-8.66
235,0.09,-0.2,0.86,39.44,-23.14,-10.12
236,0.13,-0.16,0.83,32.61,-22.08,-8.33
237,0.16,-0.08,0.86,19.28,-15.91,-8.24
238,0.2,-0.06,0.9,9.27,-6.82,-6.66
239,0.26,-0.07,0.94,5.73,0.33,-8.3
240,0.27,-0.08,0.99,6.92,6.02,-9.18
241,0.25,-0.09,1.03,10.18,5.05,-15.12
242,0.22,-0.11,1.02,18.07,2.5,-20.79
243,0.18,-0.12,1.04,22.66,-2.47,-22.64
244,0.17,-0.12,1.01,24.0,-4.35,-21.98
245,0.18,-0.08,0.98,20.96,-0.52,-20.6
246,0.19,-0.04,1.0,14.44,10.01,-16.15
247,0.21,-0.03,1.01,7.53,27.84,-8.31
248,0.16,0.0,0.98,5.13,36.98,-4.53
249,0.14,0.02,0.95,4.15,37.5,-3.44
250,0.07,0.02,0.9,7.58,26.13,-5.56
251,0.05,-0.01,0.87,10.91,6.95,-12.79
252,0.07,-0.04,0.88,7.92,-7.42,-18.84
253,0.11,-0.06,0.91,2.22,-11.27,-18.72
254,0.13,-0.1,0.94,1.51,-5.24,-14.63
255,0.14,-0.12,0.98,-3.33,1.21,-12.34
256,0.16,-0.12,1.0,-5.53,11.47,-6.87
257,0.12,-0.14,1.02,-4.47,16.4,-5.45
258,0.09,-0.12,1.03,-2.74,12.09,-5.85
259,0.08,-0.14,1.0,3.61,1.91,-10.31
260,0.09,-0.13,0.97,5.43,-7.69,-14.93
261,0.09,-0.13,0.97,3.53,-13.87,-16.68
262,0.11,-0.13,0.96,0.2,-17.22,-16.24
263,0.19,-0.12,0.97,-5.1,-9.63,-13.8
264,0.24,-0.14,1.0,-10.05,5.11,-6.62
265,0.22,-0.16,1.02,-12.24,16.2,-2.63
266,0.23,-0.15,1.02,-11.52,23.28,-0.64
267,0.21,-0.16,1.0,-9.79,28.07,0.37
268,0.15,-0.15,0.97,-7.88,25.19,-0.81
269,0.09,-0.17,0.95,-5.76,11.25,-6.27
270,0.1,-0.17,0.94,-3.56,-3.24,-12.37
271,0.13,-0.19,0.92,-3.39,-11.82,-16.57
272,0.16,-0.21,0.96,-1.63,-14.31,-16.47
273,0.22,-0.22,0.99,-1.5,-8.6,-11.08
274,0.22,-0.28,0.92,-0.95,6.11,-5.21
275,0.26,-0.28,0.98,-5.03,14.38,-0.98
276,0.28,-0.25,1.0,-5.59,28.45,4.5
277,0.25,-0.23,0.99,-2.79,42.69,6.99
278,0.2,-0.2,0.95,-1.27,50.0,8.44
279,0.13,-0.16,0.94,-0.95,46.88,1.59
280,0.07,-0.12,0.94,1.46,38.35,-5.64
281,0.0,-0.13,0.91,4.69,23.4,-11.27
282,-0.02,-0.13,0.91,4.18,7.46,-18.12
283,-0.01,-0.13,0.93,2.44,-0.29,-17.56
284,0.04,-0.16,0.97,-2.11,-1.4,-14.84
285,0.12,-0.16,1.03,-5.15,3.28,-11.56
286,0.19,-0.16,1.09,-3.6,14.03,-5.93
287,0.19,-0.16,1.11,1.82,20.57,-6.07
288,0.16,-0.15,1.11,7.76,21.4,-9.04
289,0.13,-0.13,1.07,14.8,19.15,-12.7
290,0.09,-0.11,1.03,17.93,14.38,-16.98
291,0.05,-0.1,1.0,20.08,10.08,-18.98
292,0.03,-0.09,0.97,19.08,8.56,-19.01
293,-0.01,-0.09,0.97,17.15,6.44,-16.6
294,-0.0,-0.08,0.95,14.76,6.2,-11.82
295,0.01,-0.07,0.94,10.16,7.15,-6.04
296,0.05,-0.07,0.93,3.88,5.37,-6.31
297,0.09,-0.08,0.94,-0.69,4.93,-7.56
298,0.1,-0.1,0.96,-2.7,1.89,-7.49
299,0.11,-0.12,0.95,-3.65,-2.35,-12.99
300,0.16,-0.13,0.99,-2.07,-2.38,-17.12
301,0.15,-0.17,1.01,3.56,-0.26,-18.35
302,0.12,-0.18,1.02,9.02,1.38,-19.95
303,0.08,-0.16,0.99,13.69,5.24,-17.91
304,0.03,-0.14,0.93,14.14,5.66,-17.34
305,-0.01,-0.12,0.9,10.55,3.77,-18.06
306,-0.02,-0.1,0.89,7.47,0.02,-17.68
307,-0.02,-0.1,0.88,5.78,-6.68,-17.03
308,-0.01,-0.09,0.88,1.58,-14.07,-17.58
309,0.03,-0.1,0.92,-0.69,-15.75,-15.22
310,0.07,-0.1,0.95,-2.86,-13.86,-12.49
311,0.11,-0.11,0.97,-3.31,-6.12,-7.18
312,0.13,-0.11,0.97,-5.89,2.05,-3.31
313,0.13,-0.14,0.97,-7.76,7.98,-1.11
314,0.13,-0.14,0.97,-8.29,8.34,-1.76
315,0.15,-0.14,0.97,-7.57,7.48,-3.84
316,0.16,-0.13,0.99,-6.73,6.36,-7.78
317,0.17,-0.13,1.01,-3.73,8.06,-8.54
318,0.17,-0.11,1.0,-2.13,12.47,-9.79
319,0.15,-0.08,0.97,-2.17,14.4,-11.18
320,0.13,-0.08,0.97,-2.52,13.66,-15.45
321,0.1,-0.09,0.95,-2.68,12.47,-17.01
322,0.05,-0.09,0.94,-4.87,9.92,-19.49
323,0.03,-0.1,0.94,-7.37,7.71,-19.5
324,0.02,-0.11,0.97,-9.09,6.6,-19.26
325,-0.0,-0.14,1.0,-8.95,3.92,-17.31
326,0.01,-0.14,1.0,-8.84,0.87,-15.84
327,0.04,-0.15,1.01,-8.46,-0.44,-13.47
328,0.05,-0.16,1.0,-8.47,-2.11,-13.44
329,0.06,-0.16,1.03,-9.49,-3.6,-14.27
330,0.07,-0.15,1.06,-7.6,-3.13,-12.37
331,0.06,-0.15,1.07,-3.63,-1.72,-10.08
332,0.05,-0.14,1.06,-0.31,-1.08,-7.95
333,0.07,-0.12,1.03,1.03,0.18,-6.24
334,0.05,-0.12,0.99,0.33,-0.31,-4.96
335,0.06,-0.12,0.99,-2.25,-3.25,-7.22
336,0.06,-0.13,1.0,-3.23,-6.17,-8.12
337,0.07,-0.13,1.02,-4.45,-6.95,-9.81
338,0.08,-0.13,1.04,-3.56,-4.94,-8.61
339,0.07,-0.13,1.04,-1.96,-1.91,-7.49
340,0.05,-0.13,1.05,-0.32,-0.3,-5.76
341,0.06,-0.12,1.03,2.13,2.66,-3.44
342,0.05,-0.1,0.99,3.21,1.89,-3.46
343,0.05,-0.09,0.95,1.71,-1.54,-7.05
344,0.06,-0.08,0.96,0.66,-4.89,-9.25
345,0.06,-0.08,0.96,0.2,-8.05,-12.57
346,0.07,-0.08,0.98,-1.45,-7.6,-10.37
347,0.05,-0.08,0.97,-2.39,-6.05,-11.69
348,0.06,-0.09,0.96,-4.2,-5.22,-11.56
349,0.06,-0.11,0.97,-4.83,-7.09,-10.98
350,0.06,-0.12,0.96,-5.27,-11.16,-13.09
351,0.08,-0.14,0.97,-7.6,-13.39,-14.96
352,0.08,-0.15,1.01,-8.91,-13.84,-15.46
353,0.1,-0.16,1.04,-6.08,-9.49,-12.58
354,0.09,-0.17,1.04,-3.49,-6.7,-11.92
355,0.08,-0.16,1.04,-1.06,-2.84,-8.75
356,0.07,-0.15,1.03,3.55,0.66,-4.61
357,0.06,-0.12,0.99,5.13,0.82,-2.98
358,0.06,-0.1,0.96,3.44,-0.43,-2.88
359,0.07,-0.08,0.93,2.02,-0.69,-2.4
360,0.05,-0.09,0.9,-0.09,-3.81,-3.27
361,0.05,-0.11,0.91,-4.02,-7.96,-6.05
362,0.07,-0.13,0.94,-6.41,-9.27,-5.95
363,0.07,-0.14,0.96,-6.64,-9.37,-4.5
364,0.08,-0.14,0.95,-7.87,-10.85,-5.01
365,0.1,-0.15,0.99,-8.25,-10.71,-4.79
366,0.1,-0.15,0.99,-7.0,-9.28,-2.91
367,0.09,-0.16,0.98,-5.45,-9.73,-2.73
368,0.15,-0.16,0.98,-5.01,-9.25,-4.62
369,0.17,-0.14,0.99,-4.34,-3.6,-4.37
370,0.15,-0.14,0.98,-2.11,-0.58,-2.55
371,0.12,-0.15,0.96,-1.55,-3.32,-4.63
372,0.15,-0.13,0.95,-4.17,-5.56,-9.64
373,0.16,-0.12,0.99,-3.87,-3.73,-10.08
374,0.14,-0.12,0.97,-0.96,-3.42,-9.09
375,0.13,-0.12,0.95,-1.53,-3.1,-9.01
376,0.15,-0.1,0.94,-4.17,0.35,-7.84
377,0.14,-0.1,0.93,-5.62,3.82,-6.1
378,0.08,-0.13,0.92,-7.5,0.66,-7.06
379,0.08,-0.15,0.94,-9.89,-4.66,-8.16
380,0.09,-0.16,0.98,-10.02,-6.27,-7.7
381,0.12,-0.17,0.97,-9.41,-2.63,-7.53
382,0.11,-0.18,1.0,-9.43,0.5,-4.57
383,0.1,-0.19,1.01,-7.79,1.94,-2.66
384,0.1,-0.17,1.0,-5.37,2.89,-0.8
385,0.11,-0.15,0.97,-5.66,2.4,-1.82
386,0.11,-0.14,0.96,-7.32,2.69,-3.87
387,0.08,-0.15,0.98,-6.84,1.98,-2.66
388,0.08,-0.13,0.97,-5.3,0.94,-0.31
389,0.08,-0.13,0.94,-6.36,-1.27,-0.87
390,0.1,-0.14,0.96,-7.17,-5.02,-2.32
391,0.13,-0.14,0.95,-7.5,-3.13,-2.12
392,0.09,-0.16,0.96,-8.26,-4.63,-2.96
393,0.09,-0.18,0.96,-9.65,-8.31,-4.56
394,0.12,-0.19,0.99,-10.69,-6.6,-4.56
395,0.1,-0.2,1.01,-10.03,-3.23,-2.31
396,0.09,-0.21,1.0,-8.21,-2.79,0.0
397,0.12,-0.2,0.99,-7.67,-3.15,-0.33
398,0.14,-0.19,1.0,-6.53,-2.31,-1.89
399,0.14,-0.18,1.01,-3.47,-1.54,-2.44
