,accel_x,accel_y,accel_z,gyro_x,gyro_y,gyro_z
0,-0.02,-0.22,0.96,1.77,0.52,-12.02
1,-0.01,-0.2,0.97,1.89,-0.59,-12.19
2,0.0,-0.19,0.95,1.59,0.66,-10.75
3,-0.0,-0.18,0.93,-0.92,-0.98,-11.86
4,0.02,-0.17,0.94,-3.47,-2.62,-13.23
5,0.04,-0.16,0.93,-3.16,-1.61,-12.31
6,0.02,-0.17,0.97,-4.9,-1.6,-12.41
7,0.02,-0.16,0.95,-6.31,1.1,-11.13
8,0.02,-0.17,0.95,-6.98,2.82,-9.5
9,0.01,-0.16,0.97,-7.09,2.82,-8.8
10,0.01,-0.17,0.96,-7.16,2.27,-10.98
11,0.02,-0.19,0.99,-7.18,1.62,-12.24
12,0.02,-0.19,0.99,-5.8,1.34,-10.59
13,0.02,-0.2,1.0,-3.59,3.15,-9.54
14,0.0,-0.19,0.98,-2.92,3.2,-9.08
15,0.0,-0.18,0.97,-3.51,2.2,-9.31
16,0.0,-0.19,0.97,-4.79,2.52,-9.34
17,-0.01,-0.19,0.99,-4.78,1.72,-8.27
18,-0.0,-0.19,0.99,-2.7,1.26,-6.87
19,-0.0,-0.18,0.99,-1.41,1.22,-6.5
20,0.01,-0.16,0.96,-2.24,3.25,-5.27
21,0.0,-0.17,0.95,-3.17,3.21,-5.24
22,-0.01,-0.16,0.95,-3.73,1.08,-6.15
23,-0.0,-0.18,0.97,-4.78,-0.23,-5.93
24,-0.02,-0.18,0.98,-5.95,-3.64,-5.73
25,0.01,-0.2,0.99,-3.79,-3.1,-5.59
26,-0.0,-0.19,0.98,-4.04,-5.02,-5.93
27,0.01,-0.19,0.99,-3.07,-5.84,-6.46
28,0.03,-0.2,0.98,-2.15,-4.3,-5.46
29,0.01,-0.21,0.97,-1.85,-4.64,-6.58
30,0.02,-0.22,1.0,-3.5,-6.01,-8.0
31,0.03,-0.22,1.01,-2.5,-3.24,-4.66
32,0.03,-0.23,0.99,-0.47,-2.24,0.5
33,0.02,-0.22,0.99,-0.18,-0.72,1.69
34,0.02,-0.21,0.99,-0.73,-0.69,2.08
35,0.01,-0.2,0.97,-0.56,-1.02,2.6
36,0.01,-0.21,0.97,-1.32,-2.66,0.98
37,0.01,-0.2,0.98,-1.53,-4.76,0.12
38,0.03,-0.2,0.97,-1.24,-2.85,0.45
39,0.04,-0.2,0.97,-0.86,-1.03,2.33
40,0.03,-0.21,0.96,-1.26,-2.35,0.33
41,0.05,-0.21,0.97,-1.48,-2.27,-0.05
42,0.06,-0.19,0.95,-1.07,-0.98,0.26
43,0.05,-0.19,0.95,-1.25,-0.92,-0.85
44,0.06,-0.19,0.95,-2.33,-1.74,-1.21
45,0.06,-0.2,0.96,-1.66,-0.21,-0.31
46,0.07,-0.2,0.96,-1.85,0.81,-0.24
47,0.05,-0.2,0.94,-2.31,-0.14,-1.73
48,0.03,-0.21,0.95,-3.15,-3.5,-4.7
49,0.05,-0.22,0.97,-1.86,-3.05,-2.85
50,0.04,-0.23,0.97,-1.83,-1.21,-3.06
51,0.02,-0.24,0.97,-2.24,-2.14,-3.88
52,0.02,-0.24,0.98,-2.25,-2.09,-3.82
53,0.05,-0.22,0.97,-0.99,1.03,-2.03
54,0.04,-0.23,0.95,-0.94,2.02,-2.19
55,0.02,-0.22,0.95,-2.58,0.7,-3.27
56,0.02,-0.22,0.95,-1.24,0.03,-3.82
57,0.05,-0.2,0.93,-1.8,0.56,-3.85
58,0.06,-0.19,0.91,-2.4,2.55,-2.64
59,0.03,-0.19,0.93,-4.3,2.41,-3.96
60,0.02,-0.19,0.94,-4.43,1.27,-4.21
61,0.03,-0.2,0.94,-6.04,0.77,-5.78
62,0.03,-0.2,0.95,-6.33,1.08,-5.25
63,0.03,-0.2,0.94,-6.55,1.34,-5.53
64,0.02,-0.2,0.95,-7.73,0.33,-6.61
65,0.03,-0.2,0.96,-7.07,1.0,-6.21
66,0.03,-0.21,0.95,-7.78,2.99,-5.09
67,0.02,-0.22,0.94,-8.66,2.95,-4.95
68,0.02,-0.22,0.95,-7.95,3.61,-3.41
69,0.02,-0.21,0.96,-8.24,2.53,-4.54
70,0.04,-0.21,0.95,-8.58,2.38,-5.38
71,0.03,-0.21,0.96,-8.63,3.67,-4.05
72,0.02,-0.22,0.96,-8.28,2.5,-5.63
73,0.03,-0.21,0.98,-7.95,2.53,-5.38
74,0.03,-0.22,0.98,-8.1,3.53,-4.19
75,0.03,-0.22,0.99,-7.25,4.04,-2.24
76,0.01,-0.22,0.99,-6.92,3.64,-2.48
77,0.02,-0.23,0.99,-7.46,4.39,-2.35
78,0.0,-0.23,0.99,-7.99,4.05,-1.73
79,-0.01,-0.25,1.01,-7.46,3.07,-2.45
80,0.01,-0.23,1.01,-7.08,3.28,-2.32
81,0.01,-0.24,1.0,-5.83,6.93,0.36
82,0.0,-0.24,1.02,-5.99,8.69,0.75
83,-0.02,-0.23,1.03,-5.15,9.87,2.6
84,-0.02,-0.25,1.02,-4.11,10.18,4.98
85,-0.03,-0.25,1.03,-2.36,10.26,7.78
86,-0.04,-0.24,1.03,-1.03,8.96,8.22
87,-0.04,-0.24,1.02,-1.17,6.92,6.89
88,-0.05,-0.24,1.02,-2.22,5.77,5.92
89,-0.04,-0.27,1.04,1.59,7.8,11.32
90,-0.08,-0.25,1.08,-1.61,5.02,7.27
91,-0.08,-0.24,1.08,-1.37,11.47,16.05
92,-0.09,-0.23,1.1,0.24,16.87,23.79
93,-0.11,-0.2,1.1,1.58,19.06,27.73
94,-0.11,-0.19,1.08,2.82,19.62,31.35
95,-0.13,-0.18,1.08,2.64,19.4,32.94
96,-0.14,-0.16,1.08,2.75,16.91,33.54
97,-0.13,-0.12,1.11,1.5,15.43,32.92
98,-0.11,-0.09,1.12,2.92,18.91,39.4
99,-0.11,-0.06,1.13,6.2,19.96,45.21
100,-0.13,-0.02,1.12,7.28,17.71,46.63
101,-0.13,0.02,1.13,6.58,16.51,49.72
102,-0.12,0.04,1.13,6.0,14.56,53.37
103,-0.09,0.08,1.14,6.04,15.91,58.82
104,-0.05,0.13,1.13,5.4,23.79,67.9
105,-0.06,0.19,1.13,5.16,27.05,73.23
106,-0.04,0.27,1.14,0.82,36.68,82.06
107,-0.12,0.33,1.14,-1.55,44.6,86.82
108,-0.12,0.36,1.11,-3.4,43.56,89.35
109,-0.18,0.47,1.17,-6.24,43.88,92.59
110,-0.26,0.52,1.17,-6.38,39.87,96.73
111,-0.34,0.6,1.15,-6.26,25.5,100.21
112,-0.35,0.73,1.14,-13.57,2.99,96.66
113,-0.29,0.87,1.16,-28.21,-22.97,77.73
114,-0.13,1.04,1.28,-41.21,-36.35,60.08
115,-0.05,1.28,1.43,-56.61,-32.79,51.89
116,-0.01,1.48,1.6,-73.43,-8.82,62.57
117,-0.08,1.64,1.75,-80.18,13.56,72.74
118,-0.08,1.79,1.85,-66.29,31.89,88.63
119,-0.12,1.89,1.77,-44.68,34.43,93.08
120,-0.14,1.99,1.57,-23.18,11.89,65.67
121,0.15,2.0,1.14,1.42,-45.37,23.56
122,0.65,2.0,0.44,-4.91,-77.15,-28.19
123,1.03,2.0,-0.43,-17.95,-131.05,-73.48
124,1.12,2.0,-1.56,-42.15,-200.09,-111.31
125,1.02,1.92,-2.0,-91.08,-250.14,-101.23
126,1.14,0.77,-2.0,-174.2,-184.79,3.76
127,1.4,-1.51,-2.0,-241.31,-2.51,183.58
128,1.67,-2.0,-2.0,-227.9,241.96,250.13
129,1.86,-2.0,-1.61,-175.32,250.13,153.76
130,1.9,-2.0,-1.29,-250.14,19.73,-217.71
131,2.0,-2.0,0.65,-250.14,-192.53,-250.14
132,-1.54,-2.0,2.0,-250.14,-67.85,-250.14
133,-2.0,-2.0,2.0,-98.47,250.13,-250.14
134,-2.0,-2.0,2.0,250.13,250.13,250.13
135,-2.0,-0.33,-2.0,250.13,-150.21,250.13
136,-1.29,1.6,-2.0,226.27,-250.14,250.13
137,2.0,0.54,-2.0,-38.73,-250.14,61.7
138,2.0,-0.36,-1.69,-14.99,-250.14,-23.12
139,2.0,-0.2,-0.75,-25.32,-83.44,-57.47
140,2.0,-0.13,-0.23,-92.21,213.65,-108.69
141,2.0,-0.38,0.25,-119.33,250.13,-130.98
142,0.29,-0.75,0.69,-84.67,250.13,-105.77
143,-1.41,-0.81,0.74,-41.21,206.5,-92.59
144,-2.0,-0.57,0.61,-18.95,56.72,-76.07
145,-2.0,-0.56,0.77,-19.63,-100.08,-50.19
146,-1.12,-0.75,1.12,-5.26,-152.51,-18.74
147,-0.25,-0.82,1.31,14.91,-150.57,12.83
148,0.52,-0.67,1.08,34.5,-108.51,23.24
149,0.85,-0.44,0.72,26.82,-57.69,11.05
150,0.69,-0.32,0.56,-0.27,-19.36,-9.89
151,0.38,-0.37,0.65,-12.83,-6.06,-20.07
152,0.16,-0.42,0.78,-14.31,-5.5,-20.31
153,0.06,-0.57,0.77,-9.12,-11.93,-13.76
154,0.08,-0.62,0.88,-14.6,-11.77,-16.68
155,0.0,-0.66,0.91,-10.62,-3.47,-12.68
156,-0.02,-0.66,0.93,-10.62,-3.17,-6.28
157,0.05,-0.63,0.86,-13.39,0.3,-1.84
158,0.05,-0.62,0.87,-13.61,1.26,4.08
159,0.17,-0.59,0.92,-15.74,12.73,13.86
160,0.25,-0.58,0.94,-15.95,26.8,18.32
161,0.22,-0.57,0.93,-14.3,24.88,16.18
162,0.23,-0.57,0.94,-9.59,20.85,15.54
163,0.29,-0.57,0.93,-7.05,26.72,17.71
164,0.26,-0.54,0.86,-6.91,31.54,18.44
165,0.17,-0.53,0.86,-6.98,22.26,12.99
166,0.13,-0.54,0.87,-8.9,11.96,10.64
167,0.13,-0.56,0.83,-13.11,7.52,9.41
168,0.12,-0.59,0.81,-16.85,2.83,12.11
169,0.1,-0.61,0.84,-19.85,-0.95,10.37
170,0.11,-0.63,0.85,-22.31,-1.01,10.95
171,0.06,-0.65,0.85,-21.37,-1.17,14.83
172,0.02,-0.73,0.9,-18.4,1.05,12.65
173,0.02,-0.79,0.96,-9.0,1.98,12.42
174,0.04,-0.81,1.04,3.05,7.28,18.34
175,0.09,-0.78,1.0,14.18,19.53,27.21
176,0.1,-0.74,0.93,20.06,34.09,32.15
177,0.15,-0.7,0.82,25.35,42.63,34.16
178,0.12,-0.6,0.81,23.37,37.86,32.29
179,0.11,-0.54,0.75,26.61,29.37,25.6
180,0.1,-0.49,0.7,22.76,13.89,12.2
181,0.12,-0.45,0.7,20.54,-1.96,-1.2
182,0.11,-0.43,0.74,22.06,-13.21,-2.69
183,0.04,-0.44,0.78,25.15,-23.12,-1.68
184,0.08,-0.44,0.8,26.92,-23.09,6.31
185,0.16,-0.44,0.83,23.27,-7.58,14.87
186,0.17,-0.48,0.85,19.66,11.78,20.33
187,0.18,-0.49,0.86,18.63,22.57,22.76
188,0.15,-0.48,0.88,18.4,29.24,21.35
189,0.07,-0.49,0.88,24.43,18.7,13.19
190,0.04,-0.47,0.87,27.91,2.63,3.62
191,0.07,-0.44,0.83,32.21,-11.63,-5.18
192,0.03,-0.4,0.81,33.66,-21.37,-13.81
193,-0.01,-0.39,0.81,31.89,-27.99,-16.75
194,-0.0,-0.37,0.79,27.34,-27.96,-15.16
195,0.03,-0.37,0.81,22.06,-24.74,-10.42
196,0.07,-0.36,0.83,18.11,-19.07,-2.93
197,0.08,-0.4,0.88,16.2,-15.11,-1.12
198,0.09,-0.45,0.95,18.58,-14.73,-1.66
199,0.13,-0.47,0.97,23.2,-13.37,-1.26
200,0.15,-0.44,0.96,28.18,-12.6,-2.56
201,0.15,-0.41,0.92,30.24,-15.1,-6.71
202,0.13,-0.36,0.89,30.45,-19.69,-9.37
203,0.13,-0.35,0.85,26.22,-20.87,-10.91
204,0.14,-0.34,0.86,23.21,-14.11,-8.26
205,0.12,-0.35,0.86,19.26,-8.22,-3.49
206,0.12,-0.38,0.87,15.86,-7.86,-4.7
207,0.18,-0.42,0.88,15.42,-3.27,-2.52
208,0.17,-0.42,0.94,12.62,2.68,-1.31
209,0.16,-0.45,0.95,14.7,4.16,-3.91
210,0.12,-0.46,0.99,19.95,3.09,-4.97
211,0.07,-0.47,0.97,25.66,-1.63,-6.93
212,0.02,-0.45,0.95,28.43,-9.0,-7.27
213,-0.01,-0.44,0.91,29.15,-13.7,-4.3
214,-0.02,-0.43,0.91,27.64,-18.76,-2.82
215,0.04,-0.42,0.9,25.47,-21.67,-1.84
216,0.06,-0.41,0.9,23.1,-21.29,0.2
217,0.12,-0.39,0.9,19.17,-18.71,-1.33
218,0.16,-0.37,0.9,16.11,-14.33,-1.76
219,0.16,-0.37,0.91,14.38,-14.32,-5.22
220,0.18,-0.37,0.92,13.6,-14.44,-9.14
221,0.19,-0.36,0.94,15.34,-15.36,-12.19
222,0.16,-0.37,0.95,17.13,-19.14,-16.08
223,0.15,-0.37,0.96,23.34,-18.9,-11.53
224,0.14,-0.36,0.94,25.12,-19.27,-7.79
225,0.18,-0.35,0.9,23.31,-15.36,-5.34
226,0.17,-0.31,0.88,20.88,-6.78,-1.58
227,0.13,-0.29,0.87,19.89,-5.44,-1.37
228,0.14,-0.27,0.87,18.79,-11.82,-5.21
229,0.16,-0.27,0.85,19.29,-18.27,-7.89
230,0.15,-0.28,0.85,18.03,-26.93,-12.84
231,0.19,-0.29,0.85,14.71,-29.89,-18.02
232,0.22,-0.31,0.87,12.43,-25.48,-19.76
233,0.21,-0.33,0.91,12.14,-17.27,-17.99
234,0.19,-0.33,0.94,11.82,-7.89,-12.08
235,0.18,-0.31,0.93,11.85,3.57,-3.98
236,0.13,-0.3,0.93,10.8,7.61,0.03
237,0.12,-0.3,0.91,10.49,6.31,2.38
238,0.15,-0.3,0.89,10.23,2.8,4.62
239,0.18,-0.3,0.89,7.44,4.04,4.44
240,0.19,-0.32,0.91,6.18,5.22,2.76
241,0.2,-0.31,0.91,5.75,4.21,-2.74
242,0.22,-0.29,0.93,6.84,2.8,-6.18
243,0.18,-0.29,0.94,7.05,0.9,-8.92
244,0.16,-0.31,0.97,8.99,1.56,-9.89
245,0.18,-0.3,0.95,11.79,2.69,-6.8
246,0.19,-0.28,0.93,13.99,6.0,-0.9
247,0.14,-0.27,0.93,11.61,6.36,-2.04
248,0.16,-0.26,0.92,9.44,4.95,-2.18
249,0.15,-0.26,0.94,7.48,3.75,-3.22
250,0.18,-0.27,0.96,6.28,2.29,-5.17
251,0.19,-0.28,0.98,6.11,3.06,-4.76
252,0.23,-0.28,0.98,6.0,4.48,-6.71
253,0.23,-0.28,0.98,7.63,8.66,-8.31
254,0.21,-0.27,0.97,8.8,11.95,-9.34
255,0.18,-0.25,0.96,9.58,12.65,-12.41
256,0.11,-0.24,0.93,10.11,8.96,-15.88
257,0.04,-0.24,0.9,8.31,-0.58,-19.61
258,0.06,-0.25,0.86,7.13,-8.64,-15.95
259,0.1,-0.26,0.87,5.09,-12.02,-13.04
260,0.15,-0.28,0.89,2.59,-10.22,-9.91
261,0.23,-0.28,0.9,3.97,-1.57,-1.85
262,0.22,-0.28,0.93,6.03,6.46,2.4
263,0.23,-0.26,0.94,5.47,6.02,-1.92
264,0.28,-0.25,0.94,7.91,11.98,2.56
265,0.21,-0.25,0.96,8.36,15.64,2.38
266,0.16,-0.26,0.94,8.02,11.67,-2.11
267,0.14,-0.25,0.94,6.34,7.3,-5.14
268,0.12,-0.27,0.95,5.43,2.08,-9.02
269,0.12,-0.29,0.96,7.6,-2.5,-9.79
270,0.16,-0.28,0.97,5.68,-4.34,-9.39
271,0.19,-0.26,0.96,6.41,5.18,-4.12
272,0.19,-0.25,0.96,5.68,14.18,0.65
273,0.17,-0.24,0.93,4.63,19.61,0.12
274,0.15,-0.23,0.95,5.48,18.06,-2.25
275,0.12,-0.21,0.94,6.31,13.28,-5.05
276,0.12,-0.2,0.91,6.15,8.42,-8.66
277,0.1,-0.21,0.92,6.4,3.06,-11.37
278,0.07,-0.22,0.94,7.12,-3.77,-13.15
279,0.11,-0.21,0.92,4.57,-5.85,-13.82
280,0.17,-0.21,0.92,2.22,-1.58,-9.01
281,0.15,-0.23,0.95,-0.24,2.52,-7.69
282,0.18,-0.23,0.96,-2.71,6.45,-6.36
283,0.22,-0.22,0.98,-3.3,14.56,-2.55
284,0.18,-0.22,0.95,-2.89,20.53,-0.38
285,0.11,-0.21,0.96,-2.56,18.16,-2.89
286,0.1,-0.22,0.94,0.09,11.76,-2.34
287,0.08,-0.22,0.92,-0.98,6.37,-4.44
288,0.05,-0.24,0.88,-2.29,-2.4,-8.15
289,0.06,-0.28,0.9,-3.95,-12.66,-11.59
290,0.1,-0.3,0.94,-2.4,-16.19,-12.66
291,0.19,-0.31,0.95,-1.95,-10.7,-10.18
292,0.26,-0.28,0.94,-1.44,2.61,-4.88
293,0.26,-0.22,0.96,-6.46,9.2,-5.78
294,0.25,-0.19,0.94,-5.92,18.05,-6.24
295,0.19,-0.18,0.97,-7.16,19.24,-7.19
296,0.16,-0.19,0.95,-6.02,21.58,-8.63
297,0.08,-0.21,0.96,-5.54,16.63,-12.96
298,0.03,-0.21,1.0,-2.6,10.11,-16.28
299,0.02,-0.22,1.0,0.34,5.12,-15.94
300,0.06,-0.21,0.98,0.49,2.53,-16.73
301,0.08,-0.21,1.0,2.11,2.77,-14.27
302,0.07,-0.2,0.99,4.68,1.63,-11.78
303,0.12,-0.17,0.96,1.63,0.94,-15.1
304,0.17,-0.16,0.98,-0.03,2.03,-15.3
305,0.18,-0.16,0.97,-0.65,0.91,-18.37
306,0.17,-0.17,0.97,-3.04,2.26,-20.05
307,0.19,-0.16,0.99,-1.95,7.89,-18.4
308,0.16,-0.16,0.97,-0.27,14.8,-14.6
309,0.13,-0.15,0.95,0.04,16.16,-14.32
310,0.12,-0.16,0.92,0.71,17.16,-11.85
311,0.06,-0.17,0.9,-1.85,14.06,-14.13
312,0.03,-0.22,0.93,-3.54,8.73,-16.15
313,0.03,-0.22,0.97,-4.02,6.18,-16.15
314,0.07,-0.21,0.97,-4.04,10.21,-13.05
315,0.08,-0.2,0.98,-4.13,16.43,-9.4
316,0.06,-0.19,0.99,-3.7,19.31,-7.06
317,0.05,-0.17,0.98,-3.41,18.79,-7.1
318,0.04,-0.17,0.97,-3.69,15.35,-10.69
319,0.02,-0.19,0.97,-3.1,8.45,-14.05
320,0.02,-0.21,0.99,-2.91,1.97,-16.95
321,0.06,-0.22,1.0,-2.73,-2.56,-20.94
322,0.1,-0.24,1.02,-0.4,-3.11,-18.92
323,0.12,-0.26,1.04,-0.56,-1.1,-19.2
324,0.15,-0.25,1.05,0.29,3.39,-17.67
325,0.16,-0.24,1.06,2.94,7.33,-15.28
326,0.17,-0.24,1.03,5.6,12.51,-12.63
327,0.14,-0.23,1.0,4.11,14.6,-13.85
328,0.12,-0.22,1.01,3.38,14.05,-15.08
329,0.13,-0.21,1.01,5.54,16.69,-14.95
330,0.09,-0.2,0.97,5.32,19.5,-13.29
331,0.06,-0.2,0.94,3.87,19.02,-14.27
332,0.02,-0.2,0.96,3.17,17.2,-15.02
333,-0.0,-0.21,0.96,2.6,13.85,-14.28
334,0.02,-0.21,0.95,3.8,13.17,-10.18
335,0.01,-0.19,0.95,3.91,11.68,-9.4
336,0.04,-0.18,0.96,3.56,10.47,-10.59
337,0.06,-0.16,0.94,4.98,11.28,-9.11
338,0.07,-0.14,0.91,3.69,12.73,-8.26
339,0.05,-0.15,0.9,0.05,11.07,-9.83
340,0.02,-0.16,0.92,-3.7,5.55,-13.66
341,0.03,-0.17,0.94,-4.73,2.45,-15.62
342,0.02,-0.2,0.98,-5.05,-0.1,-18.3
343,0.01,-0.2,1.0,-4.44,-0.68,-17.6
344,0.02,-0.19,0.97,-3.44,0.04,-15.92
345,-0.01,-0.2,0.98,-4.18,-0.33,-15.76
346,-0.02,-0.21,0.98,-2.94,1.42,-13.28
347,0.02,-0.2,0.98,-3.53,4.51,-6.37
348,0.03,-0.19,0.96,-4.81,6.69,-2.68
349,0.04,-0.19,0.96,-7.7,6.91,-1.26
350,0.07,-0.18,0.97,-6.08,8.4,0.38
351,0.08,-0.16,0.96,-6.48,8.79,0.03
352,0.08,-0.15,0.96,-7.47,9.36,-0.85
353,0.08,-0.15,0.94,-7.47,6.99,-2.17
354,0.08,-0.15,0.94,-7.83,1.87,-5.47
355,0.07,-0.16,0.96,-9.78,2.5,-4.91
356,0.05,-0.18,0.96,-11.37,0.81,-6.17
357,0.06,-0.2,0.99,-11.71,-1.07,-6.65
358,0.08,-0.23,1.0,-10.4,-0.89,-5.47
359,0.09,-0.22,1.03,-9.09,1.56,-4.02
360,0.1,-0.23,1.01,-7.66,2.33,-3.84
361,0.09,-0.23,1.01,-6.56,2.52,-6.08
362,0.1,-0.23,1.01,-6.15,2.99,-7.04
363,0.1,-0.21,0.99,-4.08,3.85,-4.68
364,0.08,-0.21,0.98,-3.62,4.37,-4.39
365,0.07,-0.2,0.96,-3.5,4.29,-6.33
366,0.07,-0.2,0.97,-2.56,5.68,-6.95
367,0.06,-0.21,0.97,-3.37,6.37,-6.18
368,0.02,-0.22,0.95,-4.74,8.8,-5.2
369,-0.01,-0.22,0.95,-7.95,6.85,-4.63
370,-0.01,-0.24,0.96,-8.14,4.37,-4.41
371,-0.01,-0.24,0.97,-6.97,2.0,-5.18
372,0.01,-0.24,1.0,-6.32,2.2,-2.75
373,0.02,-0.23,0.98,-4.9,3.72,-1.57
374,0.01,-0.21,0.96,-2.89,4.76,-0.34
375,0.02,-0.19,0.95,-1.31,4.21,0.09
376,0.01,-0.18,0.92,-1.34,2.71,-0.14
377,0.01,-0.17,0.91,-4.59,3.53,-2.58
378,0.05,-0.15,0.89,-2.43,4.3,-0.54
379,0.01,-0.16,0.86,-4.17,7.38,0.0
380,-0.03,-0.17,0.86,-8.41,6.02,-1.15
381,-0.04,-0.19,0.88,-7.63,5.5,1.03
382,-0.04,-0.19,0.87,-8.88,1.06,0.89
383,-0.03,-0.2,0.89,-12.51,-6.12,-2.59
384,0.0,-0.22,0.9,-14.27,-10.57,-3.8
385,0.03,-0.24,0.94,-16.24,-12.4,-4.67
386,0.07,-0.25,0.96,-16.68,-9.66,-2.38
387,0.06,-0.25,0.97,-15.9,-6.27,-1.34
388,0.06,-0.25,0.99,-14.85,-4.97,-2.46
389,0.08,-0.25,1.0,-13.26,-1.45,-2.79
390,0.07,-0.25,1.0,-11.4,1.94,-3.2
391,0.06,-0.24,1.0,-8.92,2.05,-5.04
392,0.04,-0.23,0.99,-7.66,2.92,-6.66
393,0.01,-0.23,0.99,-7.6,2.66,-8.29
394,0.01,-0.23,0.99,-7.73,1.46,-8.69
395,-0.01,-0.23,1.0,-4.83,2.28,-8.39
396,-0.03,-0.21,0.99,-4.45,1.2,-7.34
397,-0.05,-0.21,0.98,-5.5,-0.28,-7.47
398,-0.05,-0.19,0.95,-8.64,-1.16,-7.62
399,-0.06,-0.2,0.96,-3.65,-3.93,-8.02
400,-0.05,-0.2,0.97,-3.4,-7.48,-8.54
