,accel_x,accel_y,accel_z,gyro_x,gyro_y,gyro_z
0,-0.01,0.01,0.96,-1.17,2.47,-5.45
1,-0.03,-0.0,0.96,-1.51,0.79,-6.53
2,-0.03,-0.01,0.98,-1.48,0.23,-6.47
3,-0.05,-0.02,0.98,-1.44,1.15,-4.91
4,-0.03,-0.02,0.98,-1.48,1.27,-5.4
5,-0.05,-0.02,0.97,-0.86,1.13,-3.51
6,-0.06,-0.02,0.98,-0.99,0.63,-1.75
7,-0.06,-0.02,0.96,-2.74,-0.45,-0.55
8,-0.04,-0.03,0.97,-3.12,-0.92,0.02
9,-0.04,-0.04,0.99,-2.58,-1.96,0.31
10,-0.03,-0.05,0.99,-1.42,-1.47,1.49
11,-0.01,-0.04,0.99,-2.06,1.3,3.27
12,-0.03,-0.04,0.98,-2.12,2.29,4.66
13,-0.03,-0.04,0.98,-1.72,0.87,4.65
14,-0.01,-0.03,0.98,-1.85,1.06,4.88
15,-0.0,-0.01,0.97,-2.21,0.75,5.92
16,0.0,-0.02,0.96,-2.54,-1.21,4.32
17,0.02,-0.01,0.96,-3.66,-1.65,3.93
18,0.03,-0.01,0.96,-4.6,-1.24,2.89
19,0.03,-0.02,0.97,-4.62,-0.81,3.14
20,0.03,-0.01,0.97,-5.46,0.61,3.6
21,0.04,-0.01,0.96,-5.86,2.47,4.06
22,0.03,-0.01,0.97,-6.06,0.76,3.24
23,0.03,-0.01,0.96,-6.56,-0.64,2.24
24,0.03,-0.01,0.96,-7.29,-2.05,1.17
25,0.05,-0.01,0.97,-7.53,-2.21,-0.08
26,0.04,-0.03,0.97,-8.04,-4.3,-1.62
27,0.04,-0.04,0.99,-7.55,-5.92,-3.34
28,0.05,-0.04,1.0,-7.08,-4.36,-3.42
29,0.04,-0.05,1.0,-8.02,-2.8,-4.52
30,0.03,-0.06,1.0,-7.69,-2.86,-4.79
31,0.03,-0.06,1.01,-7.27,-1.09,-2.82
32,0.02,-0.06,1.03,-6.75,-0.89,-2.75
33,0.02,-0.05,1.01,-6.61,-0.98,-5.12
34,0.03,-0.05,1.0,-5.06,-1.25,-6.01
35,0.02,-0.04,1.01,-5.03,-1.02,-6.43
36,0.02,-0.04,1.0,-5.11,1.97,-5.5
37,0.0,-0.05,0.99,-5.1,1.96,-5.89
38,0.0,-0.05,1.0,-5.73,-0.6,-6.14
39,0.01,-0.05,1.01,-4.47,0.64,-4.59
40,-0.01,-0.04,0.99,-4.37,-0.53,-5.05
41,0.01,-0.04,0.99,-5.02,-2.29,-6.59
42,0.02,-0.03,1.01,-4.32,-1.06,-5.69
43,0.01,-0.04,0.99,-4.07,0.34,-4.75
44,-0.01,-0.04,0.98,-4.77,-0.49,-5.48
45,-0.0,-0.04,0.99,-4.99,-1.21,-5.83
46,-0.01,-0.05,1.0,-4.27,-1.32,-5.2
47,-0.0,-0.04,1.0,-2.62,-0.53,-4.4
48,-0.0,-0.03,0.98,-3.15,0.11,-3.66
49,0.03,-0.02,0.98,-2.83,1.48,-2.25
50,0.01,-0.01,0.97,-2.21,1.76,-2.66
51,0.0,-0.01,0.96,-2.11,0.89,-3.23
52,-0.0,-0.01,0.95,-4.18,-0.1,-4.11
53,-0.01,-0.02,0.96,-5.56,-2.92,-5.69
54,-0.0,-0.02,0.96,-5.63,-4.17,-6.33
55,0.0,-0.03,0.97,-6.38,-4.52,-6.57
56,-0.01,-0.05,0.98,-7.71,-4.95,-7.43
57,-0.0,-0.04,1.02,-7.4,-3.07,-7.33
58,0.01,-0.06,1.02,-6.06,0.16,-4.73
59,-0.01,-0.07,1.02,-4.61,0.35,-5.05
60,-0.01,-0.07,1.02,-3.6,-0.05,-5.43
61,-0.01,-0.06,1.01,-2.93,0.23,-5.21
62,-0.01,-0.06,1.01,-2.22,0.15,-4.76
63,-0.01,-0.06,1.01,-1.5,1.53,-3.01
64,-0.01,-0.05,1.01,-1.82,2.07,-2.56
65,-0.02,-0.04,1.0,-0.94,2.63,-1.73
66,-0.02,-0.04,0.97,-1.48,1.78,-2.24
67,0.0,-0.04,0.97,-2.08,0.58,-2.76
68,-0.01,-0.05,1.0,-2.06,-0.37,-2.66
69,-0.01,-0.04,1.0,-1.25,-1.92,-3.23
70,-0.01,-0.04,0.99,-1.15,-1.86,-2.89
71,0.0,-0.04,1.0,-1.79,-2.61,-4.76
72,0.01,-0.05,1.0,-0.98,-1.42,-4.11
73,-0.02,-0.06,1.0,-1.6,-1.65,-4.02
74,-0.02,-0.05,0.99,-2.53,-2.94,-4.68
75,-0.01,-0.05,1.01,-2.56,-2.38,-4.2
76,0.01,-0.05,1.01,-0.75,-1.21,-2.74
77,0.0,-0.04,1.01,-0.15,0.19,-2.28
78,-0.0,-0.04,0.98,-0.66,0.08,-2.51
79,-0.0,-0.04,0.99,-0.87,-0.56,-3.46
80,-0.01,-0.03,0.99,-0.48,-0.92,-2.95
81,0.01,-0.03,0.99,0.21,0.18,-1.6
82,0.01,-0.02,0.98,1.05,1.1,-1.18
83,0.01,-0.02,0.97,0.45,1.18,-2.29
84,0.0,-0.01,0.98,0.17,0.24,-3.0
85,0.0,-0.0,0.97,0.4,-1.15,-3.85
86,0.01,-0.0,0.95,0.71,-1.74,-4.29
87,0.01,-0.0,0.95,0.12,-1.12,-4.75
88,-0.01,0.01,0.94,-1.33,-1.2,-4.59
89,-0.0,-0.01,0.95,-1.85,-1.39,-4.03
90,-0.03,-0.01,0.96,-2.8,-2.33,-3.35
91,-0.02,-0.02,0.96,-3.97,-2.37,-2.74
92,-0.0,-0.03,0.98,-4.77,-2.05,-2.82
93,-0.0,-0.04,0.99,-4.11,-1.82,-2.63
94,-0.0,-0.04,0.99,-3.95,-2.31,-3.14
95,-0.01,-0.05,0.97,-4.01,-4.27,-3.18
96,-0.02,-0.06,0.98,-5.45,-5.81,-4.78
97,0.0,-0.06,1.0,-4.95,-5.15,-4.39
98,0.01,-0.06,1.01,-3.71,-3.37,-3.11
99,0.0,-0.06,1.0,-3.78,-2.91,-2.95
100,0.0,-0.05,0.99,-4.05,-1.74,-2.19
101,-0.01,-0.05,1.0,-4.82,-2.09,-3.07
102,-0.01,-0.05,0.99,-4.16,-2.89,-1.82
103,0.01,-0.05,0.98,-4.15,-3.59,-2.55
104,0.02,-0.05,0.99,-3.59,-3.72,-2.11
105,0.02,-0.05,0.99,-3.47,-2.85,-2.26
106,0.03,-0.04,0.99,-2.55,-0.51,-1.81
107,0.02,-0.04,0.99,-2.11,0.63,-1.15
108,0.01,-0.04,0.98,-2.78,0.62,-1.92
109,-0.0,-0.03,0.96,-3.29,-0.53,-2.35
110,-0.01,-0.03,0.98,-3.57,-1.61,-2.4
111,-0.02,-0.04,0.98,-3.62,-2.95,-2.27
112,0.0,-0.05,1.0,-3.61,-3.56,-2.31
113,0.0,-0.04,1.0,-4.2,-4.2,-2.05
114,0.0,-0.05,1.0,-4.44,-5.0,-2.8
115,0.0,-0.05,1.02,-4.18,-5.92,-3.08
116,0.01,-0.05,1.02,-2.56,-5.36,-1.39
117,0.01,-0.04,1.03,-2.44,-4.53,-1.47
118,0.02,-0.04,1.03,-1.69,-2.98,-0.54
119,0.02,-0.04,1.02,-1.09,-3.01,-0.21
120,0.01,-0.03,1.02,-0.55,-4.12,-0.54
121,0.02,-0.03,1.01,-0.58,-4.35,-0.04
122,0.03,-0.04,1.01,-0.95,-4.8,-0.21
123,0.03,-0.04,1.02,-0.98,-5.07,-0.47
124,0.04,-0.03,1.02,-0.56,-3.44,-1.21
125,0.04,-0.03,1.02,-0.02,-0.71,-0.85
126,0.03,-0.03,1.01,0.49,-1.63,-1.77
127,0.03,-0.03,1.01,0.78,-2.34,-2.32
128,0.02,-0.03,1.0,1.12,-2.19,-1.93
129,0.04,-0.02,1.0,1.11,-1.47,-0.91
130,0.02,-0.02,1.0,1.66,-1.59,-1.97
131,0.01,-0.02,0.99,2.06,-1.82,-2.28
132,0.01,-0.02,0.99,1.02,-2.75,-2.6
133,-0.0,-0.02,1.01,1.63,-2.59,-2.04
134,0.0,-0.03,1.0,2.05,-2.56,-1.6
135,0.0,-0.04,1.0,1.99,-1.15,-0.76
136,-0.0,-0.04,0.98,2.84,-0.02,-0.95
137,-0.01,-0.04,1.01,1.63,-0.24,-0.33
138,-0.02,-0.03,1.01,2.6,-0.95,-0.37
139,-0.02,-0.03,1.0,3.57,0.26,2.47
140,-0.04,-0.03,0.99,3.79,-0.24,3.66
141,-0.03,-0.02,0.99,3.26,1.16,5.63
142,-0.01,-0.01,0.99,3.37,4.79,7.24
143,-0.01,0.02,0.99,4.58,6.64,7.98
144,0.0,0.06,0.98,6.26,11.0,9.33
145,0.01,0.13,0.97,7.58,17.74,10.69
146,-0.0,0.2,0.93,6.19,24.69,10.79
147,-0.03,0.27,0.92,5.51,29.3,12.92
148,-0.09,0.37,0.92,0.2,28.79,11.53
149,-0.12,0.46,0.95,-7.88,28.38,9.83
150,-0.13,0.56,1.0,-13.92,27.64,11.02
151,-0.17,0.66,1.07,-19.25,24.88,11.77
152,-0.19,0.81,1.15,-24.5,20.6,15.11
153,-0.26,0.91,1.25,-30.34,11.96,18.97
154,-0.23,1.02,1.35,-37.71,4.41,26.73
155,-0.2,1.12,1.45,-45.68,6.96,34.92
156,-0.14,1.18,1.43,-48.47,19.31,35.82
157,-0.27,1.28,1.55,-56.54,29.79,47.47
158,-0.51,1.31,1.61,-50.63,35.26,56.4
159,-0.82,1.41,1.72,-43.65,35.15,71.21
160,-0.97,1.66,1.74,-41.21,32.6,72.46
161,-0.89,1.9,1.57,-28.53,51.27,96.93
162,-0.7,2.0,1.4,-24.0,9.2,95.02
163,-0.32,2.0,0.99,-8.34,-19.93,89.13
164,0.09,2.0,0.48,8.56,-69.85,74.17
165,0.52,1.85,-0.05,-2.07,-113.79,37.15
166,0.92,1.4,-0.58,-34.35,-128.45,17.76
167,1.12,0.66,-1.02,-63.34,-122.82,12.1
168,1.39,-0.42,-1.41,-111.48,-45.66,23.37
169,1.61,-1.52,-1.63,-170.81,82.44,42.6
170,1.55,-2.0,-1.69,-235.16,204.0,64.31
171,1.43,-2.0,-1.61,-250.14,247.56,32.03
172,1.09,-2.0,-0.9,-250.14,143.11,-95.63
173,0.97,-2.0,1.14,-250.14,-23.39,-250.14
174,0.45,-2.0,2.0,-250.14,-130.05,-250.14
175,-0.78,-2.0,2.0,-250.14,-5.16,-250.14
176,-2.0,-2.0,2.0,-55.42,250.13,-250.14
177,-2.0,-2.0,2.0,193.47,250.13,157.0
178,-2.0,-1.67,0.39,250.13,149.03,250.13
179,-2.0,-1.03,-2.0,250.13,-245.78,250.13
180,0.65,-0.1,-2.0,211.24,-250.14,128.62
181,2.0,0.25,-2.0,138.24,-250.14,32.6
182,2.0,0.04,-1.0,91.08,-250.14,33.92
183,2.0,-0.07,-0.25,34.93,-140.39,28.42
184,2.0,-0.25,0.2,-4.89,90.61,4.96
185,2.0,-0.48,0.67,-7.71,208.12,-23.53
186,1.03,-0.61,0.83,12.87,235.92,-37.69
187,0.07,-0.52,0.6,45.8,200.12,-24.82
188,-0.61,-0.44,0.31,56.49,116.18,-13.71
189,-0.87,-0.27,0.21,44.24,14.31,-9.44
190,-0.72,-0.21,0.33,27.88,-66.65,-4.12
191,-0.37,-0.24,0.51,6.08,-96.21,3.19
192,-0.06,-0.28,0.7,-14.6,-96.95,4.09
193,0.26,-0.34,0.93,-25.34,-74.69,5.31
194,0.49,-0.44,1.16,-20.65,-36.98,10.07
195,0.55,-0.45,1.29,-3.46,-1.92,10.04
196,0.5,-0.46,1.31,21.7,20.59,10.27
197,0.35,-0.47,1.24,42.58,33.59,14.09
198,0.22,-0.47,1.07,56.83,38.47,16.51
199,-0.05,-0.4,0.91,63.24,29.79,13.35
200,-0.25,-0.36,0.8,58.49,9.56,11.73
201,-0.32,-0.33,0.73,54.26,-12.8,16.4
202,-0.29,-0.26,0.7,39.19,-26.99,23.87
203,-0.26,-0.24,0.72,10.89,-43.27,33.05
204,-0.1,-0.18,0.82,9.47,-34.98,45.63
205,0.07,-0.17,0.91,1.94,-28.04,46.18
206,0.13,-0.18,1.01,3.92,-23.4,46.91
207,0.16,-0.18,0.99,7.89,-23.5,41.13
208,0.15,-0.14,0.98,16.5,-31.65,31.5
209,0.08,-0.15,0.99,21.5,-46.8,24.84
210,-0.06,-0.13,0.97,19.92,-60.25,18.58
211,0.0,-0.09,0.97,14.34,-72.22,13.5
212,0.14,-0.08,1.01,6.31,-59.97,18.89
213,0.26,-0.08,1.07,-0.82,-39.45,22.6
214,0.35,-0.07,1.13,-3.5,-13.02,22.76
215,0.38,-0.07,1.15,-0.68,10.92,22.3
216,0.31,-0.06,1.11,1.53,21.91,15.29
217,0.19,-0.06,1.05,8.36,8.11,7.04
218,0.1,-0.08,1.01,16.44,-17.05,-4.59
219,0.07,-0.08,0.98,19.21,-30.22,-5.85
220,0.06,-0.1,0.99,11.35,-29.37,-3.92
221,0.1,-0.1,1.04,3.03,-20.5,-1.11
222,0.13,-0.13,1.07,1.63,-6.29,8.43
223,0.2,-0.15,1.09,0.37,10.65,12.32
224,0.18,-0.16,1.12,4.34,17.6,10.08
225,0.16,-0.18,1.11,13.8,14.04,3.42
226,0.15,-0.16,1.07,21.52,8.85,-4.81
227,0.12,-0.13,1.04,28.92,5.89,-8.49
228,0.03,-0.11,1.0,32.86,-3.79,-11.53
229,-0.01,-0.05,0.98,31.29,-13.6,-13.37
230,0.03,-0.04,0.96,28.78,-20.45,-12.13
231,0.09,-0.03,0.94,26.19,-19.92,-7.78
232,0.14,-0.02,0.95,21.85,-16.21,-4.43
233,0.17,-0.01,0.94,15.82,-7.43,-2.31
234,0.17,-0.01,0.95,12.53,-2.37,-2.36
235,0.17,-0.02,0.98,13.29,0.69,-1.58
236,0.16,-0.0,0.99,13.76,0.46,-2.86
237,0.14,0.01,0.98,15.56,-2.02,-7.81
238,0.13,0.03,0.98,18.85,-5.99,-7.37
239,0.11,0.02,0.96,20.18,-13.49,-9.08
240,0.14,0.04,0.95,17.26,-17.34,-11.26
241,0.14,0.03,0.97,15.86,-17.36,-10.24
242,0.15,0.02,0.94,16.31,-15.27,-10.19
243,0.18,0.02,0.98,12.97,-13.82,-9.22
244,0.18,0.04,0.99,12.63,-9.86,-10.25
245,0.13,0.05,1.01,13.04,-10.72,-11.68
246,0.15,0.06,0.98,13.66,-12.25,-14.09
247,0.14,0.08,0.98,14.12,-11.9,-13.01
248,0.1,0.05,0.99,14.19,-14.55,-14.65
249,0.13,0.05,1.03,13.57,-15.09,-16.13
250,0.19,0.06,1.05,14.04,-7.27,-13.6
251,0.22,0.06,1.04,15.23,-1.41,-12.17
252,0.24,0.07,1.01,15.87,1.67,-12.79
253,0.26,0.08,1.0,16.9,2.8,-13.85
254,0.25,0.08,0.97,15.9,3.8,-17.5
255,0.22,0.09,0.96,14.44,7.54,-18.02
256,0.18,0.11,0.95,12.48,11.39,-16.74
257,0.13,0.1,0.94,11.24,12.14,-15.24
258,0.08,0.1,0.94,11.05,10.92,-12.86
259,0.06,0.11,0.95,9.42,8.05,-10.31
260,0.09,0.11,0.94,6.65,8.43,-5.98
261,0.11,0.08,0.92,2.08,8.28,-3.99
262,0.13,0.09,0.94,-2.96,7.56,-5.69
263,0.12,0.08,0.98,-4.05,5.02,-4.87
264,0.12,0.05,0.98,-3.63,-0.82,-6.74
265,0.13,0.04,0.99,-3.4,-3.9,-7.9
266,0.16,0.02,1.0,-3.2,-4.62,-8.26
267,0.16,0.01,1.01,-3.37,-3.42,-7.79
268,0.16,0.0,1.01,-4.15,-1.4,-7.44
269,0.18,-0.01,1.02,-4.51,1.47,-7.17
270,0.17,-0.0,1.04,-3.19,6.33,-5.05
271,0.14,-0.02,1.03,-1.47,8.38,-4.27
272,0.09,-0.01,1.04,-0.45,5.83,-5.36
273,0.07,-0.0,1.03,1.57,2.37,-5.69
274,0.07,0.0,1.01,3.08,0.2,-5.05
275,0.08,0.01,0.98,2.83,-2.38,-5.2
276,0.09,0.02,0.98,2.54,-3.5,-4.63
277,0.07,0.02,0.97,2.98,-5.68,-3.52
278,0.1,0.02,0.98,1.35,-7.15,-1.63
279,0.12,0.02,0.97,-1.81,-0.85,1.11
280,0.13,0.01,0.95,-4.95,0.42,1.67
281,0.13,0.01,1.0,-6.47,-0.31,2.42
282,0.15,-0.0,1.01,-6.86,0.59,3.27
283,0.16,-0.03,1.01,-7.76,-0.17,0.63
284,0.18,-0.03,1.03,-5.14,-0.66,0.37
285,0.17,-0.04,1.02,-1.46,0.48,1.74
286,0.14,-0.04,1.0,-0.95,-0.4,1.47
287,0.16,-0.02,0.98,-2.25,-0.44,-1.12
288,0.16,-0.01,0.98,-2.59,-0.3,-2.21
289,0.13,-0.01,0.96,-2.07,-1.63,-2.85
290,0.12,-0.01,0.95,-4.28,-3.63,-3.84
291,0.14,-0.01,0.96,-6.49,-1.33,-2.89
292,0.12,-0.02,0.95,-7.41,1.05,-0.08
293,0.12,-0.02,0.96,-9.85,0.26,-1.79
294,0.15,0.0,0.99,-9.47,2.97,-0.71
295,0.16,-0.0,1.0,-6.16,5.76,2.15
296,0.15,0.0,0.99,-4.48,6.04,2.41
297,0.16,0.01,0.99,-3.48,6.4,0.77
298,0.16,0.02,0.98,-1.22,4.86,-1.07
299,0.16,0.02,0.96,-0.69,2.21,-3.25
300,0.17,0.02,0.97,-1.27,2.15,-5.23
301,0.15,0.02,0.96,-0.68,3.21,-5.25
302,0.13,0.02,0.95,-1.08,3.02,-6.15
303,0.11,0.03,0.94,-1.81,3.66,-5.21
304,0.11,0.04,0.95,-3.33,6.03,-3.62
305,0.1,0.03,0.94,-5.14,7.76,-2.1
306,0.11,0.03,0.94,-6.02,7.56,-0.62
307,0.12,0.02,0.93,-7.65,7.64,0.44
308,0.14,0.03,0.92,-10.12,10.11,-0.15
309,0.15,0.03,0.94,-11.54,12.94,-0.6
310,0.15,0.03,0.95,-11.79,13.42,-1.62
311,0.13,0.03,0.96,-13.08,15.46,-1.34
312,0.14,0.02,0.97,-14.08,18.15,-0.34
313,0.13,0.02,0.98,-15.3,19.5,-0.65
314,0.14,0.02,0.97,-15.38,18.68,-2.03
315,0.16,0.02,0.99,-15.34,24.71,-3.45
316,0.14,0.01,0.99,-9.64,23.08,-4.12
317,0.11,-0.0,0.96,-6.71,20.37,-6.82
318,0.1,-0.01,0.96,-7.18,16.46,-10.06
319,0.08,-0.01,0.96,-7.5,14.31,-11.74
320,0.06,-0.03,0.97,-8.2,13.36,-12.02
321,0.06,-0.03,0.98,-8.89,16.25,-11.05
322,0.07,-0.02,1.01,-11.27,17.42,-11.18
323,0.07,-0.03,1.03,-9.37,19.11,-7.86
324,0.06,-0.02,1.03,-8.63,23.53,-5.24
325,0.09,-0.0,1.04,-7.11,25.95,-4.35
326,0.1,-0.0,1.0,-6.32,25.56,-5.27
327,0.11,-0.0,0.99,-6.95,22.28,-9.35
328,0.13,0.01,0.99,-7.57,22.03,-14.37
329,0.12,0.02,1.0,-5.85,23.05,-16.79
330,0.09,0.02,0.99,-5.19,22.27,-20.73
331,0.08,0.02,0.97,-4.37,21.07,-22.74
332,0.03,0.02,0.96,-3.21,17.72,-23.96
333,0.01,0.01,0.95,-2.98,13.08,-25.35
334,-0.03,0.01,0.95,-3.5,9.44,-24.79
335,-0.05,-0.01,0.95,-5.21,5.36,-23.47
336,-0.05,-0.03,0.96,-6.26,5.12,-20.39
337,-0.05,-0.01,0.98,-8.56,4.27,-16.63
338,-0.02,-0.01,0.97,-10.05,7.7,-12.1
339,0.02,0.01,0.98,-11.6,14.51,-7.71
340,0.02,0.01,0.97,-13.39,19.62,-4.59
341,-0.01,0.01,0.98,-14.55,18.98,-3.06
342,-0.01,-0.01,0.97,-16.02,14.08,-5.5
343,0.02,-0.01,0.99,-16.04,10.31,-7.95
344,0.0,-0.01,1.0,-14.73,5.64,-11.63
345,0.01,-0.03,1.02,-12.15,-0.54,-16.31
346,0.01,-0.02,1.02,-9.5,-2.65,-16.77
347,-0.01,-0.01,1.01,-7.9,-4.24,-17.69
348,-0.01,-0.0,1.0,-7.24,-6.44,-16.8
349,-0.02,-0.0,1.01,-7.21,-8.15,-16.48
350,0.0,-0.0,1.0,-8.07,-9.26,-16.09
351,0.01,0.01,1.01,-8.41,-9.26,-15.01
352,0.02,0.02,1.02,-7.65,-8.18,-13.55
353,0.02,0.03,1.0,-6.68,-5.51,-10.9
354,0.02,0.04,1.0,-7.08,-4.39,-8.85
355,0.03,0.04,0.99,-7.82,-2.4,-7.51
356,0.04,0.04,0.98,-9.18,-1.37,-6.94
357,0.05,0.03,0.98,-10.08,-1.34,-7.43
358,0.07,0.02,0.97,-10.03,-1.08,-7.54
359,0.04,0.0,0.98,-10.5,-2.49,-9.82
360,0.05,-0.01,1.0,-9.92,-2.93,-10.85
361,0.06,-0.0,1.0,-8.95,-2.98,-11.45
362,0.04,-0.01,0.98,-7.47,-0.05,-10.55
363,0.0,-0.04,0.98,-8.75,-2.73,-10.89
364,-0.01,-0.06,0.98,-10.6,-6.05,-11.62
365,-0.0,-0.07,1.0,-11.34,-6.67,-9.8
366,0.0,-0.09,1.0,-12.55,-5.66,-7.72
367,0.0,-0.11,1.02,-14.34,-5.6,-7.69
368,0.02,-0.12,1.05,-13.07,-4.31,-7.02
369,0.02,-0.12,1.07,-9.98,-2.03,-6.15
370,0.04,-0.1,1.04,-4.18,3.56,-5.6
371,0.04,-0.09,1.02,-4.66,2.94,-5.44
372,0.03,-0.09,1.0,-3.83,3.02,-5.98
373,0.0,-0.09,1.0,-3.05,1.45,-6.82
374,0.01,-0.09,1.0,-2.82,0.1,-7.91
375,0.03,-0.07,0.99,-2.09,-1.05,-9.34
376,0.01,-0.07,1.01,-0.4,-1.11,-9.11
377,0.02,-0.07,0.98,0.98,-0.22,-7.92
378,-0.0,-0.07,0.98,0.35,-0.73,-8.32
379,-0.0,-0.06,0.97,0.4,-0.11,-6.8
380,-0.0,-0.05,0.96,-0.75,-0.05,-5.48
381,0.01,-0.04,0.95,-1.68,0.06,-4.84
382,0.02,-0.04,0.94,-2.7,0.79,-3.92
383,0.01,-0.05,0.94,-3.73,0.63,-2.66
384,-0.0,-0.06,0.95,-5.22,-1.91,-3.8
385,0.02,-0.06,0.95,-5.5,-1.08,-3.04
386,0.01,-0.08,0.96,-6.79,-1.33,-2.6
387,0.01,-0.09,0.97,-7.64,-3.08,-2.79
388,0.02,-0.09,1.0,-7.02,-2.93,-2.53
389,0.04,-0.09,0.99,-6.47,-1.13,-1.43
390,0.03,-0.08,1.0,-6.14,0.07,-1.67
391,0.03,-0.09,0.99,-6.37,-1.78,-2.6
392,0.03,-0.09,0.99,-6.59,-3.53,-4.19
393,0.03,-0.09,1.01,-6.31,-2.66,-4.66
394,0.02,-0.1,1.01,-5.24,-2.15,-3.47
395,0.0,-0.1,1.01,-5.4,-2.6,-3.26
396,0.0,-0.09,1.0,-5.24,-1.55,-3.4
397,0.02,-0.1,1.02,-4.62,-0.64,-1.47
398,0.01,-0.1,1.02,-3.95,-1.28,-1.14
399,0.01,-0.1,1.01,-3.98,-2.79,-1.63
