,accel_x,accel_y,accel_z,gyro_x,gyro_y,gyro_z
0,-0.05,0.02,0.99,-8.35,-3.5,-4.85
1,-0.07,0.02,1.02,-5.92,-0.73,-3.15
2,-0.09,0.02,1.01,-4.63,-1.05,-3.16
3,-0.09,0.02,1.01,-2.66,1.13,0.89
4,-0.09,0.01,1.01,-2.59,3.31,1.15
5,-0.07,0.02,0.99,-1.85,3.54,0.92
6,-0.08,0.01,0.98,-1.55,2.65,0.78
7,-0.1,0.01,0.97,-1.56,2.88,2.4
8,-0.11,0.01,0.97,-2.41,2.9,2.19
9,-0.1,0.0,0.97,-3.15,1.4,-0.26
10,-0.12,0.01,0.97,-3.69,1.11,-1.03
11,-0.12,0.02,0.98,-3.81,0.9,-0.08
12,-0.11,0.01,0.96,-4.02,1.21,2.05
13,-0.1,0.01,0.97,-4.37,2.92,3.1
14,-0.11,0.02,0.95,-5.33,2.17,2.65
15,-0.09,0.02,0.96,-4.88,1.27,1.54
16,-0.07,0.01,0.96,-5.98,-1.04,-1.34
17,-0.07,0.02,0.97,-6.04,-3.98,-3.42
18,-0.08,0.01,0.97,-5.44,-4.07,-3.2
19,-0.09,0.01,0.97,-6.26,-3.34,-2.11
20,-0.09,0.01,0.98,-7.17,-2.21,-1.6
21,-0.11,0.0,0.97,-8.34,-0.93,-1.23
22,-0.1,-0.01,0.98,-8.86,-0.76,-0.79
23,-0.08,-0.02,1.0,-9.12,-0.16,-0.79
24,-0.08,-0.01,1.02,-8.39,0.68,-1.69
25,-0.1,-0.01,1.03,-6.73,-1.34,-2.26
26,-0.09,0.0,1.03,-4.74,-2.11,-0.73
27,-0.06,-0.0,1.03,-3.22,0.36,-0.29
28,-0.08,0.0,1.02,-1.31,0.98,-1.25
29,-0.08,0.01,1.02,0.66,0.56,-0.95
30,-0.07,0.03,1.0,1.53,-0.04,-0.41
31,-0.04,0.01,0.99,1.48,2.55,-0.92
32,-0.04,0.02,0.98,1.13,1.98,-4.14
33,-0.07,0.02,0.96,1.13,-1.75,-6.14
34,-0.1,0.02,0.94,-0.32,-4.28,-7.08
35,-0.1,0.01,0.97,-1.89,-4.39,-7.18
36,-0.09,0.01,0.99,-2.21,-1.54,-4.81
37,-0.12,-0.0,0.97,-2.31,1.05,-4.02
38,-0.13,-0.01,0.96,-2.6,0.02,-2.84
39,-0.11,-0.03,0.95,-4.33,-2.13,-3.63
40,-0.09,-0.03,0.99,-4.26,-2.34,-3.35
41,-0.11,-0.03,1.0,-4.0,-2.49,-4.18
42,-0.12,-0.02,1.01,-2.73,-3.25,-2.89
43,-0.11,-0.01,1.01,-2.16,-3.11,-3.14
44,-0.1,-0.0,1.01,-1.18,-1.78,-2.96
45,-0.1,-0.0,1.01,-0.85,-1.59,-2.4
46,-0.1,0.0,0.99,-0.91,-1.02,-2.61
47,-0.09,0.01,1.0,-0.76,-1.15,-3.45
48,-0.07,0.02,1.01,-0.19,-1.31,-1.89
49,-0.08,0.03,0.99,1.08,-0.32,-0.92
50,-0.09,0.04,0.98,1.38,-0.89,-0.86
51,-0.09,0.03,0.98,1.6,-0.8,-1.16
52,-0.08,0.03,0.99,2.04,0.76,-0.45
53,-0.08,0.03,0.97,2.4,1.05,-0.86
54,-0.08,0.04,0.97,2.36,0.21,-1.62
55,-0.08,0.03,0.95,1.55,-0.44,-1.82
56,-0.08,0.03,0.94,0.05,-0.59,-2.37
57,-0.08,0.02,0.94,-1.89,-1.31,-3.37
58,-0.08,0.01,0.95,-3.93,-1.15,-3.44
59,-0.08,0.01,0.96,-5.56,-1.31,-4.66
60,-0.09,0.0,0.98,-6.59,-2.5,-5.34
61,-0.09,0.0,1.0,-6.4,-1.53,-4.65
62,-0.1,0.01,1.02,-5.05,-1.17,-4.4
63,-0.09,0.0,1.02,-3.27,-1.06,-4.26
64,-0.08,0.01,1.02,-2.28,-1.09,-5.24
65,-0.08,0.01,1.02,-0.69,-1.24,-4.95
66,-0.07,0.02,1.01,0.02,-0.73,-5.26
67,-0.07,0.02,1.0,1.6,0.66,-3.85
68,-0.07,0.01,0.98,1.93,0.01,-4.99
69,-0.09,0.02,0.97,2.13,-2.33,-5.52
70,-0.09,0.02,0.96,1.71,-2.97,-5.94
71,-0.09,0.01,0.95,0.9,-3.11,-5.75
72,-0.12,0.02,0.94,-0.57,-3.18,-5.38
73,-0.12,0.01,0.95,-2.34,-2.84,-4.59
74,-0.12,0.01,0.95,-4.16,-1.01,-3.05
75,-0.1,0.0,0.95,-5.89,-0.34,-3.17
76,-0.09,0.01,0.96,-6.05,-0.6,-3.67
77,-0.09,0.0,0.95,-6.31,-2.21,-4.85
78,-0.1,0.01,0.97,-6.18,-3.89,-3.82
79,-0.1,0.01,0.97,-6.43,-3.78,-3.56
80,-0.1,0.0,0.99,-5.9,-2.62,-3.11
81,-0.09,0.01,1.0,-6.07,-2.06,-3.69
82,-0.09,0.01,1.02,-4.72,-2.77,-4.28
83,-0.09,0.01,1.01,-3.12,-2.17,-3.37
84,-0.08,0.02,1.01,-2.48,-1.72,-3.12
85,-0.07,0.02,1.01,-1.11,-1.58,-2.27
86,-0.07,0.02,0.99,-0.29,-0.31,-2.54
87,-0.08,0.02,0.98,-0.18,0.1,-2.37
88,-0.09,0.02,0.97,-0.24,0.2,-2.0
89,-0.08,0.01,0.98,-0.59,0.22,-1.5
90,-0.09,0.01,0.95,-1.72,-0.76,-2.24
91,-0.08,0.01,0.96,-2.41,-0.63,-2.08
92,-0.08,0.01,0.96,-3.04,-0.3,-2.17
93,-0.08,0.02,0.96,-3.62,-0.73,-2.67
94,-0.08,0.01,0.95,-4.07,-2.29,-4.54
95,-0.09,0.01,0.97,-5.08,-4.07,-4.79
96,-0.09,0.0,0.98,-5.4,-3.53,-4.34
97,-0.1,0.0,0.98,-5.99,-1.96,-4.21
98,-0.09,0.0,0.99,-6.27,-1.9,-3.78
99,-0.09,0.0,0.99,-5.58,-0.1,-2.95
100,-0.1,0.01,0.99,-5.45,-0.23,-3.1
101,-0.11,-0.0,1.0,-4.44,-1.43,-1.97
102,-0.11,0.0,0.99,-4.21,-0.6,-0.69
103,-0.09,0.01,0.99,-3.68,0.84,-0.09
104,-0.1,0.01,0.98,-3.25,0.85,0.44
105,-0.09,0.01,0.99,-2.82,0.62,-0.05
106,-0.08,0.01,1.0,-2.34,1.18,0.09
107,-0.07,0.01,0.97,-1.66,-0.4,-0.85
108,-0.08,0.02,0.96,-1.28,-1.48,-2.05
109,-0.07,0.03,0.97,-1.15,-1.36,-1.37
110,-0.07,0.04,0.95,-0.82,0.23,-1.47
111,-0.06,0.05,0.94,-1.66,0.61,-2.19
112,-0.06,0.04,0.93,-1.92,-0.4,-1.95
113,-0.07,0.05,0.92,-3.34,-1.75,-2.1
114,-0.08,0.05,0.92,-5.43,-3.05,-3.69
115,-0.08,0.05,0.92,-7.21,-1.75,-3.11
116,-0.08,0.05,0.94,-8.37,2.16,-2.29
117,-0.09,0.06,0.93,-8.8,2.82,-2.3
118,-0.08,0.06,0.96,-8.02,1.18,-1.62
119,-0.06,0.07,0.98,-7.63,-0.64,-2.36
120,-0.02,0.08,0.98,-7.52,-1.9,-2.89
121,-0.02,0.12,0.99,-8.18,-1.21,-3.63
122,0.0,0.14,1.01,-7.63,1.44,-2.95
123,0.03,0.16,1.03,-5.68,4.43,-2.21
124,0.04,0.19,1.03,-3.31,6.0,0.25
125,0.0,0.24,1.01,-2.97,4.98,-3.18
126,-0.05,0.31,1.02,-2.75,2.49,-2.43
127,-0.14,0.39,1.0,-6.93,-2.31,-1.86
128,-0.14,0.45,1.04,-10.69,-4.93,-1.42
129,-0.11,0.49,1.14,-10.97,-4.08,-0.05
130,-0.13,0.52,1.22,-9.95,-4.68,-0.79
131,-0.21,0.57,1.26,-6.88,-11.76,-0.53
132,-0.28,0.63,1.3,0.08,-21.2,2.25
133,-0.3,0.69,1.33,10.21,-28.91,9.6
134,-0.26,0.72,1.34,18.89,-33.78,17.26
135,-0.09,0.69,1.34,26.6,-35.56,34.79
136,-0.07,0.73,1.35,39.72,-25.3,28.75
137,-0.01,0.72,1.25,46.62,-22.99,28.42
138,0.03,0.7,1.17,59.43,-32.16,32.01
139,0.08,0.77,1.05,56.47,-41.13,19.52
140,0.05,0.76,0.95,56.96,-45.1,13.19
141,-0.0,0.75,0.86,51.65,-48.08,7.07
142,-0.02,0.76,0.78,40.13,-45.79,2.79
143,0.0,0.75,0.69,21.58,-40.68,-2.98
144,0.06,0.71,0.63,-1.16,-28.21,-10.91
145,0.07,0.64,0.64,-23.92,-7.67,-25.39
146,-0.05,0.56,0.72,-45.66,15.69,-39.85
147,-0.17,0.49,0.93,-61.48,33.27,-46.89
148,-0.2,0.4,1.19,-60.99,39.46,-46.98
149,-0.2,0.31,1.39,-42.25,36.1,-44.01
150,-0.2,0.19,1.48,-15.35,22.37,-42.71
151,-0.22,0.05,1.51,11.67,15.14,-41.62
152,-0.35,-0.05,1.44,36.97,19.69,-29.18
153,-0.43,-0.11,1.28,51.57,14.18,-14.35
154,-0.42,-0.15,1.1,59.09,2.31,0.95
155,-0.33,-0.2,0.99,64.95,2.17,19.59
156,-0.27,-0.26,0.81,58.79,-1.89,19.9
157,-0.18,-0.32,0.67,47.02,-5.08,23.3
158,-0.11,-0.36,0.56,28.67,-0.86,19.26
159,-0.05,-0.44,0.58,11.81,6.21,8.82
160,0.09,-0.56,0.68,7.54,9.31,1.99
161,0.26,-0.65,0.67,4.88,2.27,-15.4
162,0.28,-0.64,0.62,-2.38,-8.04,-35.79
163,0.2,-0.68,0.53,-11.05,-7.6,-59.44
164,0.0,-0.69,0.54,-22.35,-3.19,-72.16
165,-0.16,-0.73,0.57,-33.21,-13.85,-68.86
166,-0.22,-0.76,0.64,-45.6,-35.58,-58.89
167,-0.2,-0.73,0.78,-56.01,-50.6,-47.66
168,-0.17,-0.72,0.89,-59.69,-58.69,-37.06
169,-0.12,-0.65,1.02,-58.93,-59.15,-23.1
170,-0.03,-0.57,1.11,-54.67,-58.93,-9.35
171,0.16,-0.51,1.2,-46.36,-62.24,-8.22
172,0.38,-0.46,1.23,-34.76,-60.89,-17.74
173,0.42,-0.4,1.21,-23.03,-47.93,-31.14
174,0.34,-0.36,1.14,-15.02,-26.77,-41.2
175,0.21,-0.34,1.07,-12.27,-14.48,-43.81
176,0.1,-0.36,1.03,-9.91,-2.4,-40.09
177,0.01,-0.33,0.95,-14.69,7.14,-31.14
178,0.01,-0.31,0.92,-22.15,11.17,-24.18
179,0.03,-0.28,0.96,-26.56,17.88,-19.89
180,0.06,-0.29,1.02,-24.54,21.56,-13.89
181,0.09,-0.29,1.04,-20.41,20.13,-8.48
182,0.14,-0.29,1.07,-15.05,16.66,-8.21
183,0.15,-0.29,1.07,-7.1,11.23,-7.2
184,0.1,-0.27,1.05,-0.11,6.15,-4.51
185,0.08,-0.24,1.03,5.5,-1.08,-0.63
186,0.07,-0.23,1.0,7.69,-9.78,1.98
187,0.08,-0.21,0.98,9.75,-19.08,4.96
188,0.09,-0.19,0.97,8.64,-25.7,5.23
189,0.06,-0.17,0.96,7.34,-25.68,4.61
190,0.04,-0.15,0.98,3.92,-21.03,8.15
191,0.06,-0.15,1.02,1.33,-16.34,12.65
192,0.14,-0.15,1.05,2.14,-16.89,16.67
193,0.2,-0.16,1.08,3.21,-21.02,16.11
194,0.22,-0.16,1.08,5.36,-28.4,13.47
195,0.24,-0.14,1.09,7.82,-36.01,11.75
196,0.27,-0.13,1.05,8.57,-34.18,9.39
197,0.28,-0.12,1.04,9.31,-26.95,6.09
198,0.27,-0.15,1.0,9.64,-18.88,3.52
199,0.27,-0.16,0.93,6.92,-11.17,0.94
200,0.22,-0.12,0.88,1.64,-3.82,-4.08
201,0.11,-0.12,0.81,-1.76,-4.15,-4.13
202,0.07,-0.15,0.78,-6.58,-13.47,-0.48
203,0.06,-0.16,0.76,-16.29,-21.51,-0.56
204,0.07,-0.18,0.8,-25.49,-18.51,-0.31
205,0.09,-0.21,0.85,-34.04,-7.37,0.04
206,0.07,-0.22,0.96,-40.27,10.28,-1.21
207,0.04,-0.23,1.07,-37.56,21.54,3.08
208,0.01,-0.23,1.14,-26.14,18.82,7.4
209,-0.03,-0.22,1.18,-9.51,6.49,11.2
210,-0.07,-0.22,1.18,12.3,-16.21,18.66
211,-0.11,-0.22,1.12,33.88,-45.16,29.29
212,-0.07,-0.2,1.04,45.38,-66.69,39.26
213,0.0,-0.18,0.95,46.85,-66.73,46.49
214,0.1,-0.16,0.9,40.52,-50.02,48.6
215,0.2,-0.1,0.85,29.31,-21.37,44.05
216,0.25,-0.07,0.83,17.56,7.4,34.42
217,0.23,-0.06,0.84,10.77,21.64,26.24
218,0.16,-0.03,0.83,8.05,22.35,20.98
219,0.1,-0.02,0.81,6.51,13.21,20.66
220,0.04,0.01,0.83,7.6,4.44,21.46
221,0.01,0.02,0.87,8.53,-5.58,24.53
222,0.06,0.02,0.89,10.76,-12.67,27.01
223,0.13,0.04,0.88,10.72,-9.46,27.34
224,0.15,0.07,0.88,8.28,-0.02,26.98
225,0.19,0.08,0.85,3.68,8.32,24.16
226,0.18,0.09,0.84,0.84,15.02,18.4
227,0.14,0.09,0.84,0.7,13.6,17.25
228,0.08,0.12,0.81,0.56,5.0,18.28
229,0.08,0.13,0.77,-2.33,-6.24,16.11
230,0.12,0.13,0.81,-6.79,-11.52,13.11
231,0.17,0.11,0.89,-12.3,-5.55,10.68
232,0.21,0.1,0.95,-15.02,4.39,7.18
233,0.21,0.1,0.97,-14.32,15.8,3.85
234,0.15,0.16,0.95,-16.25,21.76,-4.61
235,-0.01,0.13,0.91,-4.33,8.55,3.5
236,-0.06,0.11,0.87,-1.28,-8.47,6.35
237,-0.04,0.14,0.83,-5.89,-19.45,9.49
238,0.02,0.14,0.83,-14.69,-22.41,8.18
239,0.13,0.15,0.9,-24.11,-15.65,8.66
240,0.18,0.14,0.99,-31.19,-2.69,6.17
241,0.2,0.13,1.05,-32.79,6.04,3.35
242,0.17,0.12,1.09,-31.96,10.67,0.15
243,0.14,0.1,1.1,-28.53,5.77,-5.86
244,0.08,0.08,1.13,-21.75,0.39,-5.83
245,0.02,0.07,1.12,-14.24,-1.69,-5.27
246,-0.05,0.05,1.1,-8.9,-6.12,-3.57
247,-0.08,0.02,1.1,-3.48,-8.5,1.02
248,-0.06,-0.01,1.09,-0.61,-9.98,5.02
249,-0.01,-0.01,1.08,-3.95,-7.31,5.65
250,0.03,-0.01,1.1,-4.1,-4.08,4.9
251,0.07,0.0,1.12,-4.93,0.99,4.37
252,0.1,0.0,1.14,-2.47,7.13,3.56
253,0.09,0.02,1.13,0.34,11.09,3.73
254,0.06,0.04,1.11,7.24,9.62,5.89
255,0.05,0.07,1.07,12.85,0.69,7.07
256,0.07,0.08,1.02,15.67,-6.87,5.28
257,0.09,0.09,1.03,15.46,-4.32,6.55
258,0.1,0.09,1.0,11.55,-3.46,6.1
259,0.16,0.1,1.02,7.13,3.16,8.3
260,0.21,0.11,1.06,5.67,15.63,7.27
261,0.22,0.12,1.06,6.04,23.02,4.95
262,0.21,0.13,1.04,5.92,23.06,0.49
263,0.16,0.1,1.0,9.4,19.44,-1.47
264,0.07,0.11,0.96,8.21,10.81,-3.25
265,0.04,0.11,0.93,6.76,5.27,-2.52
266,0.07,0.13,0.93,2.31,7.23,-2.87
267,0.1,0.13,0.96,-2.67,10.44,-5.29
268,0.12,0.13,1.0,-5.44,11.48,-7.21
269,0.13,0.14,1.05,-5.73,11.57,-8.87
270,0.14,0.14,1.07,-3.35,12.27,-7.42
271,0.12,0.13,1.07,-1.26,12.11,-7.22
272,0.09,0.14,1.07,1.38,11.85,-4.89
273,0.07,0.14,1.05,4.37,13.06,-4.49
274,0.06,0.14,1.03,7.25,10.49,-4.79
275,0.08,0.14,1.0,9.5,5.49,-4.4
276,0.07,0.15,0.97,6.37,-2.29,-9.04
277,0.05,0.14,0.97,4.91,-7.6,-9.69
278,0.07,0.12,0.99,5.62,-9.94,-10.26
279,0.07,0.13,1.03,3.95,-9.09,-10.69
280,0.04,0.12,1.02,5.1,-7.93,-8.07
281,0.03,0.12,1.02,3.88,-7.69,-6.37
282,0.05,0.11,1.01,5.53,-8.0,-4.42
283,0.08,0.1,1.01,5.9,-7.16,-3.05
284,0.12,0.1,0.99,4.82,-3.95,-1.56
285,0.12,0.1,0.96,2.02,-0.76,-6.31
286,0.09,0.1,0.97,-0.89,0.97,-7.42
287,0.07,0.09,0.97,-4.55,0.13,-8.17
288,0.06,0.1,1.01,-4.88,-0.41,-8.4
289,0.06,0.1,1.02,-3.47,0.69,-6.41
290,0.03,0.11,1.0,-2.8,2.22,-5.27
291,0.05,0.11,0.97,-3.35,4.5,-5.03
292,0.04,0.11,0.96,-3.37,6.41,-5.39
293,0.05,0.1,0.93,-4.11,1.73,-8.15
294,0.06,0.11,0.92,-6.16,-1.92,-10.12
295,0.08,0.11,0.92,-9.92,-1.78,-11.22
296,0.08,0.11,0.93,-13.8,2.0,-12.63
297,0.04,0.12,0.95,-16.73,3.69,-13.2
298,0.03,0.12,0.99,-19.81,4.73,-10.98
299,0.06,0.12,1.02,-20.96,9.47,-10.49
300,0.09,0.11,1.04,-20.24,16.79,-10.09
301,0.08,0.1,1.06,-18.08,20.08,-10.25
302,0.07,0.08,1.08,-14.11,20.89,-9.72
303,0.06,0.07,1.08,-9.27,23.62,-5.86
304,0.06,0.06,1.07,-6.05,23.88,-7.21
305,0.03,0.05,1.04,-2.02,22.07,-8.61
306,-0.03,0.05,1.0,-0.63,16.23,-10.03
307,-0.03,0.05,0.98,0.8,11.6,-11.37
308,-0.01,0.05,0.98,0.63,12.92,-11.62
309,-0.0,0.04,0.97,1.58,14.95,-10.52
310,-0.03,0.04,0.93,0.82,11.82,-10.15
311,-0.02,0.03,0.91,-2.0,9.28,-9.93
312,-0.03,0.04,0.9,-5.93,10.22,-9.15
313,-0.05,0.06,0.92,-10.75,9.56,-10.27
314,-0.05,0.07,0.95,-12.09,10.1,-7.85
315,-0.04,0.08,0.97,-10.94,11.71,-3.58
316,-0.01,0.09,0.99,-9.9,11.44,-0.98
317,0.02,0.1,0.97,-8.18,12.83,1.35
318,0.04,0.1,0.94,-7.45,11.79,1.85
319,0.04,0.08,0.94,-8.92,9.45,1.09
320,0.04,0.09,0.94,-12.8,7.37,-0.76
321,0.04,0.07,0.93,-16.05,7.0,-2.68
322,0.03,0.07,0.97,-18.89,6.96,-3.45
323,0.02,0.05,0.98,-20.37,8.47,-2.95
324,-0.01,0.04,0.99,-22.39,11.46,-1.59
325,-0.02,0.01,0.99,-23.78,13.89,0.08
326,-0.03,-0.01,1.0,-24.86,13.15,0.42
327,-0.06,-0.01,1.01,-23.57,9.55,1.12
328,-0.05,-0.02,1.04,-20.41,5.52,2.33
329,-0.07,-0.02,1.04,-16.01,1.26,3.51
330,-0.1,-0.01,1.02,-12.66,-3.15,4.98
331,-0.09,-0.01,1.0,-10.57,-7.01,7.66
332,-0.07,-0.0,0.98,-9.87,-7.43,9.31
333,-0.01,0.01,0.97,-10.89,-6.02,9.44
334,0.05,0.01,0.95,-11.4,-6.98,7.32
335,0.1,0.02,0.94,-14.67,-10.9,4.36
336,0.13,0.01,0.95,-18.0,-9.8,-0.76
337,0.11,-0.0,0.99,-22.21,-5.64,-5.02
338,0.07,-0.01,1.05,-23.64,-1.88,-7.24
339,0.04,-0.03,1.09,-23.53,1.93,-11.98
340,0.01,-0.04,1.13,-19.71,6.38,-11.76
341,-0.01,-0.04,1.14,-13.45,7.68,-10.1
342,-0.02,-0.05,1.14,-6.05,8.23,-8.33
343,-0.02,-0.05,1.1,0.04,10.2,-7.47
344,-0.04,-0.05,1.06,3.7,11.76,-7.18
345,-0.05,-0.05,1.01,5.9,10.81,-6.51
346,-0.06,-0.04,0.97,6.05,9.71,-5.81
347,-0.06,-0.03,0.93,4.66,8.39,-5.3
348,-0.05,-0.02,0.91,2.78,7.54,-6.61
349,-0.05,-0.0,0.93,1.54,7.66,-6.23
350,-0.05,0.01,0.96,0.09,4.11,-5.79
351,-0.03,0.02,0.95,-0.33,2.34,-5.73
352,-0.02,0.03,0.95,-1.6,4.02,-5.18
353,-0.02,0.03,0.97,-2.08,4.11,-4.44
354,0.01,0.04,0.98,-1.36,3.92,-3.1
355,0.02,0.04,0.97,-1.06,3.05,-4.27
356,0.03,0.04,0.97,-0.29,0.74,-4.6
357,0.04,0.05,0.94,-0.6,-1.35,-6.04
358,0.05,0.04,0.95,-0.82,-1.91,-7.89
359,0.04,0.04,0.96,-0.72,-2.61,-10.24
360,0.04,0.04,0.96,0.02,-3.27,-8.97
361,0.02,0.03,0.93,0.06,-1.56,-7.52
362,-0.01,-0.0,0.9,-2.48,-0.5,-7.36
363,-0.05,-0.02,0.89,-7.5,1.05,-8.34
364,-0.07,-0.04,0.9,-10.69,2.76,-4.87
365,-0.1,-0.05,0.9,-14.76,3.04,-3.63
366,-0.12,-0.05,0.94,-18.22,2.27,-1.95
367,-0.12,-0.04,0.97,-19.12,1.64,0.19
368,-0.1,-0.04,1.01,-18.68,2.3,1.69
369,-0.06,-0.03,1.03,-16.85,0.76,1.04
370,-0.04,-0.02,1.05,-13.62,-1.5,-0.89
371,-0.0,-0.02,1.05,-10.53,-5.04,-2.98
372,0.01,-0.02,1.06,-8.64,-7.98,-7.4
373,0.03,-0.02,1.06,-6.53,-8.65,-9.4
374,0.03,-0.02,1.08,-4.91,-7.27,-11.53
375,0.02,-0.03,1.09,-1.83,-5.69,-10.18
376,0.01,-0.03,1.08,1.08,-4.47,-9.82
377,0.01,-0.05,1.06,2.88,-4.08,-9.57
378,0.0,-0.06,1.06,3.63,-2.47,-8.42
379,-0.01,-0.06,1.04,4.42,-1.24,-8.38
380,-0.02,-0.06,1.03,4.59,-1.33,-8.21
381,-0.02,-0.06,1.01,3.66,-1.93,-8.39
382,-0.03,-0.06,1.0,4.04,-1.26,-8.21
383,-0.04,-0.06,0.99,3.8,-1.14,-6.95
384,-0.03,-0.07,0.97,2.79,-0.88,-7.08
385,-0.03,-0.06,0.97,2.13,-0.34,-5.84
386,-0.05,-0.05,0.95,1.35,0.48,-4.89
387,-0.07,-0.05,0.95,-0.01,-0.62,-3.4
388,-0.03,-0.05,0.95,-1.67,-1.02,-2.23
389,-0.01,-0.04,0.95,-2.5,0.46,-2.77
390,-0.04,-0.04,0.95,-2.27,-1.02,-3.77
391,-0.05,-0.04,0.95,-3.11,-3.1,-3.98
392,-0.01,-0.03,0.99,-4.3,-2.41,-5.76
393,-0.02,-0.03,1.02,-2.78,0.65,-5.21
394,-0.03,-0.03,1.01,-0.66,2.06,-2.82
395,-0.03,-0.03,1.0,0.67,1.42,-1.99
396,-0.01,-0.04,0.99,0.83,0.3,-2.46
397,-0.0,-0.04,0.99,1.42,-0.34,-1.58
398,-0.04,-0.03,0.97,1.27,-2.34,-2.56
399,-0.04,-0.03,0.97,-0.56,-4.11,-1.37
400,-0.03,-0.03,0.97,-3.21,-1.82,-1.39
