,accel_x,accel_y,accel_z,gyro_x,gyro_y,gyro_z
0,0.07,0.11,0.9,-15.87,4.49,-6.95
1,0.04,0.11,0.94,-25.63,5.31,-12.97
2,0.1,0.17,0.94,-47.76,-4.89,-33.49
3,0.08,0.07,1.02,-23.07,9.43,-5.08
4,0.02,0.05,1.06,-20.78,2.49,-12.36
5,0.06,0.04,1.03,-14.21,0.63,-9.73
6,0.05,0.05,1.04,-10.53,2.33,-6.96
7,0.02,0.03,0.98,-8.16,3.77,-3.44
8,0.04,0.04,0.99,-10.89,7.15,-2.82
9,0.03,0.03,1.02,-14.44,10.69,-1.89
10,0.0,0.04,1.0,-14.17,13.98,1.26
11,-0.03,0.03,1.0,-15.37,8.81,-1.02
12,-0.01,0.05,0.97,-14.49,5.88,-2.79
13,-0.03,0.06,0.98,-17.77,4.56,-1.18
14,-0.04,0.06,0.97,-17.69,3.11,-1.63
15,-0.02,0.05,0.95,-20.57,3.61,-1.19
16,-0.01,0.05,0.94,-22.5,4.69,-5.37
17,0.01,0.02,1.01,-19.58,2.26,-8.35
18,0.04,0.02,1.05,-14.58,3.39,-7.04
19,0.04,0.02,1.06,-7.17,5.42,-5.64
20,0.03,0.03,1.01,-3.16,3.54,-4.44
21,0.01,0.05,0.98,-1.11,0.02,-1.25
22,-0.0,0.05,0.95,-2.87,-3.05,-3.34
23,-0.0,0.04,0.95,-4.79,-1.33,-0.2
24,-0.03,0.04,0.97,-8.74,-1.05,1.54
25,-0.02,0.03,0.99,-9.43,0.02,5.54
26,-0.02,0.02,0.98,-8.31,-0.02,7.49
27,0.0,0.01,1.0,-8.31,-0.56,6.5
28,0.01,0.02,1.03,-7.53,0.89,5.21
29,-0.0,0.01,1.01,-6.42,-1.57,3.31
30,0.02,0.02,1.0,-5.81,-2.06,0.24
31,0.02,0.02,1.01,-4.69,-1.82,-2.49
32,0.03,0.04,0.99,-4.84,-0.24,-2.69
33,0.02,0.02,0.99,-4.38,-0.52,-8.23
34,0.01,0.03,1.01,-3.92,-1.08,-10.21
35,0.01,0.02,1.0,-3.27,-3.38,-9.4
36,0.0,0.02,0.99,-3.44,-1.83,-5.81
37,-0.01,0.02,0.98,-5.17,-1.0,-5.12
38,0.01,0.02,0.98,-7.71,0.47,-4.92
39,0.0,0.01,0.98,-9.63,0.13,-5.85
40,0.01,0.01,1.0,-9.34,0.05,-4.76
41,0.01,-0.0,1.02,-7.6,1.96,-1.95
42,0.01,-0.01,1.02,-2.34,1.49,0.74
43,0.01,-0.01,1.01,-3.6,-1.96,-1.56
44,0.01,-0.01,1.02,-3.11,-1.09,-1.71
45,0.0,-0.01,1.01,-2.64,-0.04,-1.65
46,0.0,-0.0,1.01,0.4,0.04,-1.42
47,0.03,0.01,1.0,-1.15,-0.33,-1.43
48,0.04,0.02,0.99,-0.8,1.02,-2.21
49,0.02,0.02,0.99,-1.32,1.59,-2.54
50,0.02,0.02,0.97,-2.56,1.9,-4.5
51,0.0,0.02,0.98,-3.95,0.66,-4.99
52,0.02,0.02,0.98,-6.14,2.6,-4.52
53,0.01,0.0,0.96,-3.38,2.63,-0.99
54,0.03,0.02,1.0,-3.69,2.24,0.01
55,0.02,0.02,0.98,-3.3,2.56,0.53
56,0.02,0.02,0.97,-5.85,1.15,-2.96
57,0.03,0.02,0.97,-5.34,0.78,-4.82
58,0.02,0.02,0.98,-6.56,0.97,-4.26
59,0.01,0.02,0.97,-7.21,1.3,-5.28
60,0.01,0.01,0.97,-7.27,0.58,-6.91
61,0.02,0.02,0.97,-6.89,-0.49,-7.21
62,0.01,0.03,0.97,-6.77,0.1,-5.89
63,0.02,0.03,0.96,-6.69,1.03,-5.84
64,0.02,0.02,0.98,-6.98,2.99,-5.79
65,-0.01,0.02,0.98,-6.62,3.54,-6.16
66,-0.0,0.02,0.97,-7.42,4.42,-6.04
67,-0.01,0.01,0.94,-7.27,3.63,-7.5
68,-0.02,0.01,0.98,-8.14,3.37,-7.01
69,-0.03,0.01,0.99,-7.72,2.09,-6.62
70,-0.03,0.02,0.98,-7.56,1.07,-5.92
71,0.01,0.02,0.98,-6.78,3.97,-0.96
72,-0.03,0.02,0.98,-6.86,3.86,-0.11
73,-0.03,0.01,0.98,-6.85,2.4,-0.54
74,-0.04,0.01,0.98,-7.25,1.37,-2.05
75,-0.02,0.0,0.99,-7.48,1.1,-4.14
76,-0.03,0.01,1.0,-6.99,-1.04,-5.44
77,-0.05,0.0,0.98,-10.59,-4.19,-8.98
78,-0.04,0.01,1.0,-6.34,-3.47,-7.47
79,0.01,0.01,1.0,-5.62,1.53,-4.49
80,-0.03,0.0,1.0,-6.27,1.4,-3.56
81,-0.03,-0.0,1.0,-6.42,0.62,-3.21
82,-0.04,-0.01,0.99,-7.54,1.14,-3.08
83,-0.01,-0.0,1.0,-4.93,-0.63,-0.64
84,-0.0,0.0,1.0,-5.27,-0.63,-1.31
85,-0.02,-0.0,0.99,-6.22,-0.3,-1.76
86,-0.03,-0.0,0.98,-5.93,-1.22,-1.87
87,-0.01,-0.0,1.0,-6.44,0.89,-0.6
88,-0.02,-0.01,1.01,-5.73,0.25,-0.24
89,0.01,0.0,0.99,-4.39,-0.5,1.56
90,-0.01,0.0,0.99,-4.73,0.27,2.18
91,-0.0,-0.01,0.99,-5.44,0.1,1.75
92,-0.02,-0.01,0.99,-5.94,0.05,1.74
93,-0.02,-0.01,0.99,-6.29,-1.08,1.2
94,-0.02,-0.02,1.01,-5.48,-2.56,0.11
95,-0.0,-0.02,1.01,-4.89,-2.25,-0.52
96,-0.0,-0.01,1.02,-5.03,0.0,-1.05
97,-0.0,-0.02,1.0,-5.04,0.91,-1.48
98,-0.01,-0.01,1.0,-4.35,1.37,-0.66
99,-0.01,0.0,1.0,-4.0,1.07,1.13
100,-0.01,0.01,0.99,-3.65,2.11,4.08
101,-0.01,0.02,0.99,-3.99,2.05,5.75
102,-0.02,0.03,0.98,-4.56,1.27,6.05
103,-0.01,0.03,0.98,-5.34,3.04,5.5
104,0.0,0.04,0.97,-6.47,5.15,5.53
105,0.0,0.05,0.97,-7.81,6.08,4.92
106,-0.02,0.06,0.97,-8.76,7.76,4.58
107,-0.04,0.06,0.97,-8.11,8.99,3.64
108,-0.02,0.07,0.98,-10.54,12.25,6.99
109,-0.08,0.08,0.98,-11.32,10.85,7.37
110,-0.08,0.1,0.97,-11.54,9.78,7.77
111,-0.1,0.11,0.98,-11.95,11.37,8.83
112,-0.11,0.12,0.99,-13.11,11.56,10.15
113,-0.1,0.15,0.99,-13.19,13.76,13.28
114,-0.07,0.17,0.98,-12.57,15.64,15.54
115,-0.07,0.22,0.97,-12.27,16.1,17.68
116,-0.04,0.28,0.97,-13.51,17.41,16.63
117,-0.02,0.34,0.97,-17.19,24.79,15.44
118,-0.04,0.4,0.98,-20.87,26.63,13.05
119,-0.08,0.46,1.0,-24.6,25.43,8.44
120,-0.14,0.51,0.98,-28.35,18.5,7.78
121,-0.21,0.56,1.06,-30.73,15.44,12.15
122,-0.26,0.63,1.11,-29.94,2.09,14.76
123,-0.31,0.74,1.2,-35.61,-0.96,14.25
124,-0.32,0.84,1.28,-35.48,0.96,16.02
125,-0.39,0.96,1.39,-40.76,-1.6,23.04
126,-0.37,1.2,1.42,-42.4,-0.72,25.6
127,-0.35,1.41,1.54,-52.01,6.13,35.9
128,-0.33,1.62,1.57,-59.6,29.03,44.35
129,-0.38,1.84,1.54,-66.35,54.97,60.67
130,-0.47,2.0,1.44,-71.35,69.23,74.98
131,-0.76,2.0,1.17,-72.59,60.24,84.08
132,-0.71,2.0,0.88,-77.37,-12.27,77.72
133,-0.37,2.0,0.69,-79.67,-76.27,46.02
134,-0.07,1.92,0.43,-71.07,-152.47,4.07
135,0.25,1.42,0.39,-53.18,-212.24,-20.83
136,0.63,0.8,0.29,-29.43,-211.07,-15.77
137,1.1,-0.03,0.02,-3.19,-147.51,18.58
138,1.32,-0.88,-0.35,10.41,-48.47,78.06
139,1.45,-1.61,-1.45,-32.85,48.06,120.92
140,1.43,-2.0,-2.0,-135.79,93.21,89.98
141,1.5,-2.0,-2.0,-250.14,51.1,-11.97
142,1.72,-2.0,-1.99,-250.14,-58.36,-177.82
143,1.56,-2.0,-0.01,-250.14,-98.92,-250.14
144,0.87,-2.0,2.0,-250.14,11.11,-250.14
145,-0.99,-2.0,2.0,-250.14,233.06,-250.14
146,-2.0,-2.0,2.0,-250.14,250.13,-250.14
147,-2.0,-2.0,2.0,119.69,122.04,75.73
148,-2.0,-2.0,1.85,250.13,-127.2,250.13
149,-2.0,-0.25,-2.0,250.13,-250.14,209.88
150,0.28,0.44,-2.0,242.15,-250.14,70.28
151,2.0,0.67,-2.0,90.82,-250.14,18.05
152,2.0,0.43,-1.52,13.85,-202.3,-18.37
153,2.0,0.31,-0.5,-60.67,70.0,-41.85
154,2.0,-0.22,0.16,-104.85,240.46,-60.47
155,0.82,-0.72,0.78,-97.87,250.13,-77.3
156,-0.66,-0.84,0.93,-48.76,190.15,-77.32
157,-1.52,-0.77,0.83,-1.19,19.55,-58.54
158,-1.39,-0.71,0.79,27.93,-104.96,-36.13
159,-0.7,-0.64,0.97,37.53,-133.91,-8.57
160,-0.07,-0.66,1.11,34.59,-105.65,11.02
161,0.37,-0.59,1.15,34.08,-58.48,27.19
162,0.63,-0.43,0.99,26.21,1.11,34.24
163,0.68,-0.32,0.76,12.88,46.08,35.44
164,0.57,-0.32,0.64,-0.77,68.82,26.72
165,0.37,-0.32,0.67,-10.22,59.78,22.85
166,0.21,-0.39,0.74,-9.14,37.7,17.21
167,0.13,-0.54,0.9,-3.76,26.15,15.33
168,0.14,-0.6,1.03,2.53,25.9,19.73
169,0.14,-0.61,1.08,8.56,35.63,24.38
170,0.15,-0.61,1.06,13.92,47.48,31.8
171,0.2,-0.55,1.01,11.76,63.11,34.0
172,0.16,-0.5,0.92,10.02,67.69,35.89
173,0.03,-0.48,0.85,8.5,57.69,35.59
174,-0.06,-0.43,0.82,7.31,43.97,34.05
175,-0.07,-0.46,0.83,8.74,16.39,34.19
176,-0.07,-0.46,0.82,2.91,-7.61,31.33
177,0.05,-0.48,0.86,-2.79,-7.78,29.89
178,0.16,-0.52,0.98,-0.69,-3.37,30.72
179,0.18,-0.52,1.07,2.91,3.06,28.63
180,0.24,-0.5,1.1,10.64,13.79,28.12
181,0.24,-0.46,1.05,15.76,22.53,26.6
182,0.23,-0.44,1.0,18.61,22.61,18.28
183,0.22,-0.41,0.98,21.11,21.75,10.06
184,0.11,-0.41,0.94,25.59,14.34,-0.22
185,-0.03,-0.38,0.91,31.34,3.99,-2.99
186,-0.13,-0.34,0.86,30.05,-6.47,-3.31
187,-0.18,-0.33,0.81,29.53,-13.64,0.38
188,-0.09,-0.32,0.79,27.34,-15.5,4.76
189,-0.02,-0.3,0.79,17.16,-10.98,4.47
190,0.03,-0.31,0.8,10.37,-9.14,-0.11
191,0.11,-0.31,0.86,8.32,-2.03,-0.48
192,0.12,-0.32,0.91,8.09,6.06,0.05
193,0.07,-0.33,0.93,14.6,2.79,-5.26
194,-0.03,-0.32,0.95,20.14,-8.79,-7.36
195,-0.11,-0.34,0.9,33.16,-29.32,-7.78
196,-0.11,-0.31,0.85,35.91,-43.62,-6.69
197,-0.04,-0.28,0.84,31.94,-47.76,-5.93
198,0.03,-0.26,0.84,24.44,-45.87,-6.15
199,0.14,-0.25,0.86,16.68,-36.58,-7.06
200,0.18,-0.24,0.88,12.13,-27.19,-12.26
201,0.16,-0.24,0.92,12.93,-21.51,-13.35
202,0.08,-0.25,0.93,15.78,-25.96,-17.59
203,0.05,-0.26,0.94,24.27,-38.45,-20.66
204,-0.02,-0.23,0.95,30.43,-52.86,-22.86
205,-0.02,-0.22,0.94,33.53,-64.88,-23.72
206,0.09,-0.2,0.95,29.81,-65.12,-24.15
207,0.27,-0.15,0.94,21.37,-47.6,-19.01
208,0.35,-0.16,0.96,19.15,-20.38,-9.62
209,0.32,-0.17,1.02,12.54,-4.63,-7.31
210,0.29,-0.18,1.03,13.34,4.94,-5.5
211,0.25,-0.19,1.03,18.06,9.46,-5.25
212,0.13,-0.19,1.04,25.85,4.23,-3.21
213,0.05,-0.21,1.02,36.34,-8.36,-3.69
214,0.04,-0.21,0.96,42.7,-19.07,-3.7
215,0.04,-0.2,0.95,42.36,-29.33,-5.44
216,0.08,-0.19,0.93,42.25,-38.93,-9.05
217,0.15,-0.17,0.93,38.26,-36.62,-12.27
218,0.23,-0.15,0.95,32.04,-22.2,-9.49
219,0.23,-0.16,0.98,26.13,-6.22,-4.25
220,0.24,-0.14,0.99,22.99,3.52,-0.79
221,0.25,-0.14,0.97,22.86,11.31,0.5
222,0.16,-0.13,0.95,21.36,10.51,-2.06
223,0.11,-0.16,0.97,20.48,3.29,-4.19
224,0.12,-0.14,0.98,22.44,-1.6,-1.86
225,0.1,-0.15,0.99,25.47,-6.43,1.73
226,0.13,-0.14,1.0,25.63,-8.39,3.72
227,0.22,-0.15,1.0,24.1,-3.11,4.78
228,0.23,-0.14,1.01,21.88,0.93,4.63
229,0.28,-0.13,1.03,20.5,7.1,3.37
230,0.29,-0.1,1.01,21.56,12.8,4.82
231,0.22,-0.08,0.99,22.83,12.3,3.63
232,0.17,-0.06,0.96,21.71,8.05,1.34
233,0.15,-0.06,0.93,21.4,2.87,1.05
234,0.12,-0.07,0.92,18.21,-3.3,-1.03
235,0.13,-0.09,0.95,14.89,-8.36,-2.76
236,0.18,-0.09,0.97,12.77,-12.08,-3.07
237,0.23,-0.1,0.97,9.86,-11.8,-2.69
238,0.28,-0.09,1.0,5.92,-5.98,-4.37
239,0.3,-0.08,1.03,5.7,-0.02,-6.09
240,0.28,-0.1,1.05,8.73,3.33,-8.65
241,0.27,-0.09,1.06,12.34,7.57,-8.56
242,0.24,-0.08,1.02,14.79,9.19,-9.44
243,0.2,-0.08,0.98,14.79,6.33,-10.7
244,0.17,-0.07,0.97,12.47,6.67,-10.43
245,0.16,-0.07,0.97,11.56,5.95,-9.28
246,0.15,-0.08,0.98,10.2,6.92,-7.55
247,0.15,-0.07,0.95,7.66,8.4,-7.27
248,0.12,-0.08,0.96,6.15,6.99,-4.47
249,0.12,-0.09,0.92,4.37,3.37,-4.73
250,0.15,-0.1,0.93,-3.18,3.6,-5.27
251,0.2,-0.1,0.95,1.89,4.41,-3.41
252,0.18,-0.1,0.96,4.63,4.08,-3.47
253,0.18,-0.1,0.95,4.76,3.02,-6.73
254,0.18,-0.07,0.96,4.8,3.74,-6.6
255,0.16,-0.06,0.95,4.51,5.24,-4.91
256,0.16,-0.05,0.92,2.42,9.04,-2.22
257,0.13,-0.07,0.9,-0.76,9.07,-1.92
258,0.14,-0.08,0.91,-3.63,7.08,-1.76
259,0.2,-0.08,0.93,-6.69,9.51,-1.52
260,0.22,-0.09,0.93,-7.35,14.55,-0.29
261,0.18,-0.11,0.93,-6.95,15.41,-1.37
262,0.16,-0.08,0.93,-6.97,13.39,-3.81
263,0.14,-0.08,0.93,-5.72,12.09,-4.41
264,0.13,-0.07,0.96,-4.47,7.89,-3.93
265,0.15,-0.08,0.95,-4.92,7.49,-4.43
266,0.15,-0.08,0.96,-5.18,8.85,-4.65
267,0.16,-0.09,0.98,-4.11,10.16,-3.34
268,0.18,-0.1,1.0,-2.45,12.38,-3.04
269,0.17,-0.1,0.98,-2.47,14.7,-2.92
270,0.18,-0.1,0.96,1.33,16.66,-1.78
271,0.18,-0.08,0.95,-0.37,16.87,-3.92
272,0.19,-0.05,0.93,-4.51,20.74,-5.92
273,0.17,-0.04,0.94,-7.79,24.34,-7.72
274,0.16,-0.03,0.94,-9.03,26.74,-8.92
275,0.11,-0.06,0.92,-4.21,27.92,-7.85
276,0.05,-0.06,0.95,-6.1,16.94,-13.42
277,0.03,-0.08,1.0,-3.73,7.74,-16.64
278,0.03,-0.09,0.98,1.05,1.05,-17.42
279,0.07,-0.1,0.99,1.08,-6.53,-20.4
280,0.07,-0.1,1.03,2.47,-7.01,-18.48
281,0.12,-0.09,1.03,1.04,-3.08,-17.03
282,0.16,-0.08,1.02,0.52,6.31,-13.5
283,0.17,-0.09,1.03,0.23,15.74,-10.02
284,0.17,-0.08,1.02,0.66,22.02,-9.75
285,0.14,-0.05,1.02,0.98,24.07,-10.6
286,0.1,-0.03,1.02,1.14,21.63,-14.53
287,0.04,-0.03,0.99,3.86,15.62,-17.62
288,0.01,-0.03,0.97,7.64,9.31,-18.31
289,-0.02,-0.05,0.99,9.28,1.73,-16.33
290,-0.02,-0.07,0.97,12.09,0.9,-10.63
291,0.02,-0.07,1.01,12.04,-0.65,-3.11
292,0.09,-0.06,1.01,10.87,0.5,-1.0
293,0.17,-0.04,1.0,9.82,3.76,-1.18
294,0.2,-0.02,1.0,7.2,6.32,-5.58
295,0.24,-0.01,1.0,9.55,8.03,-10.4
296,0.23,-0.01,0.99,10.08,11.4,-16.78
297,0.19,-0.01,0.99,10.34,15.41,-22.82
298,0.11,-0.02,0.98,11.73,18.3,-25.82
299,0.04,-0.03,0.98,12.27,19.37,-27.89
300,-0.04,-0.03,0.96,11.5,17.63,-26.02
301,-0.07,-0.02,0.93,9.56,14.92,-22.66
302,-0.08,-0.0,0.91,6.24,10.35,-19.1
303,-0.07,0.0,0.93,4.23,4.75,-14.4
304,-0.04,0.0,0.95,-0.18,2.02,-10.21
305,0.03,0.0,0.96,2.49,-1.06,-4.58
306,0.08,0.0,0.97,2.21,-2.05,-2.69
307,0.13,-0.0,0.97,1.23,-1.6,-3.32
308,0.15,0.0,0.97,-0.99,0.08,-7.01
309,0.15,0.01,0.99,-3.29,3.48,-12.01
310,0.13,-0.0,1.0,-4.59,6.91,-16.67
311,0.09,-0.01,1.02,-4.1,8.66,-20.91
312,0.03,-0.03,1.03,-2.59,5.76,-24.02
313,-0.01,-0.03,1.02,-1.77,2.57,-25.7
314,-0.04,-0.04,1.0,-0.79,1.86,-22.53
315,-0.06,-0.04,1.0,-2.09,-3.02,-19.63
316,-0.05,-0.04,0.99,-5.34,-4.7,-16.21
317,-0.02,-0.04,0.99,-8.69,-4.92,-12.4
318,-0.0,-0.05,1.02,-10.73,-4.31,-11.83
319,0.03,-0.04,1.03,-10.59,-0.74,-7.27
320,0.03,-0.04,1.02,-11.06,3.83,-4.94
321,0.05,-0.04,1.02,-12.07,8.86,-3.27
322,0.03,-0.04,1.02,-11.35,12.89,-3.37
323,0.03,-0.04,1.02,-9.12,11.02,-3.82
324,0.02,-0.03,1.0,-5.73,6.48,-5.73
325,0.03,-0.02,1.0,-3.26,3.15,-7.31
326,0.03,-0.02,0.98,-3.15,0.89,-9.61
327,0.02,-0.02,0.96,-2.6,-1.43,-10.88
328,0.01,-0.0,0.95,-3.63,-4.15,-11.65
329,0.02,0.0,0.93,-4.86,-6.73,-11.4
330,0.01,-0.02,0.93,-7.52,-6.82,-11.23
331,0.0,-0.02,0.98,-8.4,-10.78,-8.5
332,0.02,-0.03,1.0,-7.69,-9.66,-4.01
333,0.05,-0.02,1.02,-8.15,-3.15,2.59
334,0.06,-0.02,1.02,-8.3,2.52,6.15
335,0.06,-0.01,1.03,-7.35,4.99,7.64
336,0.07,0.01,1.0,-6.47,6.07,6.76
337,0.06,0.01,0.97,-6.05,4.67,4.92
338,0.03,0.0,0.96,-5.91,-0.24,0.81
339,0.02,-0.01,0.97,-6.43,-8.13,-2.91
340,0.03,-0.02,1.01,-5.98,-11.95,-3.43
341,0.04,-0.03,1.01,-5.66,-12.17,-2.83
342,0.05,-0.03,1.02,-5.02,-10.59,-1.07
343,0.05,-0.04,1.03,-5.18,-7.49,1.31
344,0.04,-0.04,1.02,-4.52,-4.56,1.11
345,0.04,-0.05,1.04,-3.83,-4.08,0.62
346,0.04,-0.05,1.04,-2.04,-4.56,1.44
347,0.03,-0.05,1.02,-0.59,-5.91,1.98
348,0.04,-0.05,1.01,0.26,-6.05,2.7
349,0.05,-0.05,1.02,0.47,-6.05,1.03
350,0.06,-0.05,1.03,1.05,-5.02,1.85
351,0.06,-0.06,1.03,3.5,-3.63,1.71
352,0.08,-0.05,1.03,4.92,0.46,3.26
353,0.06,-0.04,1.0,5.31,4.35,3.86
354,0.06,-0.03,1.0,5.29,6.49,3.69
355,0.07,-0.03,0.95,3.76,7.28,3.94
356,0.07,-0.02,0.93,-0.47,7.18,1.62
357,0.07,-0.02,0.93,-3.92,6.6,-0.3
358,0.07,-0.02,0.94,-4.76,5.56,-1.55
359,0.06,-0.03,0.96,-6.47,2.76,-2.33
360,0.05,-0.04,0.99,-7.18,3.05,-1.73
361,0.07,-0.04,1.0,-6.83,4.89,-0.53
362,0.08,-0.03,0.99,-6.99,7.92,-0.07
363,0.09,-0.03,0.98,-7.85,9.78,-1.55
364,0.08,-0.03,0.97,-7.79,9.71,-2.43
365,0.08,-0.02,0.96,-9.29,8.34,-4.66
366,0.06,-0.03,0.96,-10.71,6.11,-8.46
367,0.04,-0.03,0.97,-13.25,3.95,-11.41
368,0.02,-0.06,0.98,-12.64,0.4,-13.5
369,0.01,-0.07,1.0,-12.94,-0.75,-13.94
370,0.0,-0.11,0.99,-11.81,0.01,-12.3
371,0.02,-0.09,0.95,-14.62,0.62,-11.05
372,0.04,-0.09,0.98,-17.39,2.23,-11.92
373,0.02,-0.1,1.03,-17.91,4.58,-14.81
374,0.04,-0.12,1.04,-12.89,6.18,-11.09
375,0.06,-0.12,1.06,-8.13,6.98,-7.33
376,0.03,-0.11,0.99,-5.01,4.77,-7.72
377,0.08,-0.1,0.98,-6.26,8.21,-7.69
378,0.05,-0.1,0.99,-1.23,7.79,-4.17
379,0.06,-0.09,1.0,1.73,9.15,3.3
380,0.06,-0.13,0.95,25.4,21.91,17.03
381,0.02,-0.06,0.95,-0.84,8.92,4.7
382,0.01,-0.04,0.94,-0.75,5.5,2.78
383,0.01,-0.07,0.97,-3.01,5.15,1.66
384,0.02,-0.07,0.97,-3.52,3.7,0.67
385,0.02,-0.09,0.97,-2.99,7.95,-1.44
386,0.01,-0.1,1.01,-3.37,4.63,-3.21
387,0.02,-0.11,0.97,1.26,0.19,-5.07
388,0.03,-0.1,0.98,-3.36,2.59,-6.47
389,0.0,-0.09,1.01,-3.56,7.08,-8.49
390,-0.02,-0.09,1.0,-7.8,2.27,-14.49
391,0.04,-0.08,0.92,-22.17,-18.88,-32.98
392,0.03,-0.11,1.03,-20.16,-3.4,-11.92
393,0.01,-0.07,0.99,-12.89,-0.79,-8.31
394,0.09,-0.05,1.06,4.45,-1.72,2.45
395,-0.14,-0.01,1.13,-8.68,4.54,3.61
396,-0.07,-0.16,1.02,-8.58,-6.89,5.57
397,0.1,-0.06,0.95,-4.43,-3.55,2.46
398,-0.02,-0.09,0.98,-3.71,-4.37,6.34
399,-0.03,-0.11,1.08,-11.55,-1.28,7.26
