,accel_x,accel_y,accel_z,gyro_x,gyro_y,gyro_z
0,-0.0,-0.05,0.97,0.53,2.11,-3.03
1,-0.03,-0.06,0.97,0.59,1.18,-1.99
2,-0.01,-0.05,0.96,0.4,0.05,-0.79
3,-0.01,-0.06,0.95,-0.69,-1.36,-1.71
4,0.01,-0.06,0.95,-2.15,-0.76,-2.71
5,0.02,-0.05,0.94,-3.64,-0.95,-3.29
6,0.01,-0.07,0.95,-4.44,0.21,-4.83
7,0.01,-0.07,0.97,-5.28,2.24,-4.79
8,0.01,-0.08,0.97,-4.37,2.76,-6.15
9,-0.0,-0.08,0.97,-3.63,2.99,-7.81
10,-0.01,-0.08,0.98,-3.15,3.97,-8.29
11,-0.0,-0.09,0.96,-5.76,5.83,-9.02
12,0.01,-0.1,0.96,-7.64,8.02,-10.11
13,-0.03,-0.1,0.97,-8.34,7.73,-12.24
14,-0.04,-0.11,0.99,-7.34,6.01,-10.32
15,-0.05,-0.11,1.01,-6.63,5.95,-9.66
16,-0.07,-0.11,1.0,-5.53,5.23,-7.97
17,-0.06,-0.12,1.01,-3.01,4.05,-7.11
18,-0.06,-0.12,1.0,-1.79,3.18,-8.47
19,-0.07,-0.12,0.98,-1.85,3.36,-10.36
20,-0.07,-0.1,0.97,-1.69,2.97,-9.05
21,-0.05,-0.1,0.96,-2.53,3.94,-6.63
22,-0.04,-0.1,0.96,-3.64,5.01,-8.82
23,-0.06,-0.12,0.97,-3.34,4.15,-9.72
24,-0.07,-0.1,0.97,-3.89,3.55,-9.52
25,-0.07,-0.1,0.98,-3.56,3.02,-9.59
26,-0.06,-0.1,0.97,-4.53,3.22,-11.6
27,-0.06,-0.11,0.98,-4.98,3.96,-11.15
28,-0.09,-0.1,0.98,-5.82,4.59,-11.48
29,-0.1,-0.1,0.98,-6.0,4.06,-9.2
30,-0.11,-0.1,0.98,-5.8,2.69,-5.7
31,-0.09,-0.1,0.99,-5.26,0.72,-1.76
32,-0.07,-0.1,0.98,-5.27,0.12,-1.57
33,-0.06,-0.1,0.98,-5.06,-0.73,-2.15
34,-0.06,-0.1,0.99,-4.24,-1.54,-2.49
35,-0.05,-0.11,0.99,-3.62,-0.63,-2.66
36,-0.04,-0.11,0.99,-3.8,1.02,-3.59
37,-0.06,-0.12,1.01,-1.83,-0.18,-4.05
38,-0.05,-0.12,1.0,-1.05,-0.43,-5.62
39,-0.05,-0.13,0.99,-0.6,-0.41,-5.08
40,-0.06,-0.13,0.99,0.23,-0.58,-4.79
41,-0.06,-0.13,0.98,-0.38,-1.69,-4.84
42,-0.04,-0.13,1.0,-0.71,-0.82,-4.79
43,-0.06,-0.12,1.0,-0.39,0.53,-5.45
44,-0.05,-0.12,1.0,0.92,0.86,-4.49
45,-0.06,-0.11,1.0,2.12,2.17,-3.21
46,-0.06,-0.1,0.99,4.03,2.32,-1.9
47,-0.07,-0.09,0.99,6.67,2.24,-0.47
48,-0.06,-0.09,0.98,4.75,2.22,-3.02
49,-0.05,-0.08,0.97,2.88,2.26,-3.49
50,-0.07,-0.08,0.97,2.15,2.98,-4.21
51,-0.06,-0.07,0.95,1.5,1.98,-0.92
52,-0.06,-0.06,0.95,-0.12,2.65,-0.46
53,-0.05,-0.06,0.95,-1.76,3.02,-1.5
54,-0.05,-0.08,0.94,-2.89,2.86,-2.89
55,-0.07,-0.08,0.97,-3.46,2.07,-4.27
56,-0.08,-0.07,0.98,-3.24,2.09,-4.82
57,-0.07,-0.06,0.97,-2.95,1.33,-3.78
58,-0.08,-0.06,0.97,-2.61,3.18,-3.58
59,-0.08,-0.05,0.96,-1.98,3.51,-2.74
60,-0.08,-0.05,0.95,-2.05,3.9,-2.2
61,-0.09,-0.06,0.94,-2.8,2.04,-3.53
62,-0.1,-0.06,0.93,-4.33,-1.05,-5.5
63,-0.09,-0.07,0.93,-6.5,-3.43,-6.49
64,-0.09,-0.08,0.96,-7.89,-4.0,-5.29
65,-0.08,-0.09,0.98,-8.57,-3.19,-4.24
66,-0.07,-0.1,1.01,-7.58,-1.67,-2.34
67,-0.06,-0.1,1.02,-5.75,0.47,-1.16
68,-0.07,-0.09,1.01,-4.24,1.4,-0.48
69,-0.06,-0.08,0.99,-3.05,1.1,0.95
70,-0.07,-0.07,0.97,-3.47,0.76,-0.32
71,-0.07,-0.07,0.96,-4.3,-0.84,-1.99
72,-0.08,-0.07,0.96,-5.15,-0.86,-2.24
73,-0.08,-0.07,0.96,-5.26,-1.14,-1.43
74,-0.08,-0.08,0.97,-4.9,-0.08,-1.02
75,-0.08,-0.08,0.98,-4.65,-0.56,-0.04
76,-0.07,-0.09,0.95,-4.66,-0.95,0.69
77,-0.06,-0.09,0.96,-5.6,-0.85,-0.67
78,-0.06,-0.08,0.95,-6.82,0.24,-2.14
79,-0.07,-0.09,0.97,-7.02,-0.3,-3.02
80,-0.08,-0.12,0.98,-7.07,-1.54,-2.48
81,-0.09,-0.12,0.99,-6.56,-1.92,-3.24
82,-0.09,-0.13,1.0,-5.34,-2.84,-2.38
83,-0.09,-0.12,1.0,-4.23,-1.72,-0.45
84,-0.08,-0.1,0.99,-4.15,0.76,1.86
85,-0.07,-0.09,0.97,-4.16,2.39,2.66
86,-0.07,-0.07,0.96,-4.51,2.22,3.35
87,-0.08,-0.07,0.96,-4.89,1.15,4.26
88,-0.08,-0.06,0.96,-5.53,0.79,4.05
89,-0.07,-0.06,0.96,-6.53,-0.44,3.23
90,-0.06,-0.07,0.95,-7.44,-0.55,1.7
91,-0.07,-0.09,0.96,-8.39,-1.4,-1.43
92,-0.07,-0.1,0.98,-8.06,-3.47,-2.32
93,-0.07,-0.12,0.99,-6.78,-4.53,-3.13
94,-0.1,-0.15,1.01,-4.07,-7.0,-1.69
95,-0.1,-0.14,1.02,0.07,-8.18,-2.44
96,-0.09,-0.13,1.01,-3.03,-6.76,-1.31
97,-0.08,-0.14,1.03,-2.29,-3.64,-2.39
98,-0.12,-0.14,1.03,0.0,-5.13,-0.82
99,-0.12,-0.14,1.03,2.86,-6.73,2.11
100,-0.1,-0.13,1.01,2.96,-5.66,1.37
101,-0.11,-0.13,1.02,3.96,-5.08,1.4
102,-0.1,-0.09,1.0,1.07,-2.89,4.04
103,-0.08,-0.08,1.0,-0.93,1.07,6.58
104,-0.1,-0.06,1.0,-0.51,3.28,11.55
105,-0.1,-0.04,0.98,-1.31,3.51,13.38
106,-0.1,-0.02,0.97,-3.66,5.49,14.9
107,-0.11,0.0,0.97,-4.09,6.07,16.14
108,-0.11,0.02,0.99,-4.41,6.04,18.74
109,-0.11,0.04,0.99,-5.28,7.58,21.05
110,-0.09,0.07,0.99,-7.53,9.73,21.27
111,-0.09,0.09,0.99,-9.17,10.77,23.08
112,-0.09,0.12,0.99,-12.71,13.08,23.84
113,-0.1,0.14,1.0,-15.12,14.22,21.82
114,-0.14,0.17,1.04,-13.33,15.05,20.93
115,-0.16,0.22,1.06,-11.82,15.89,24.73
116,-0.21,0.29,1.07,-14.39,19.26,27.56
117,-0.23,0.36,1.06,-18.43,22.11,30.2
118,-0.26,0.44,1.07,-22.15,24.3,36.73
119,-0.26,0.5,1.06,-26.98,26.9,42.29
120,-0.23,0.57,1.08,-36.74,36.24,49.19
121,-0.15,0.66,1.07,-44.32,48.74,54.85
122,-0.16,0.78,1.07,-56.27,60.6,55.41
123,-0.14,0.84,1.06,-68.73,69.33,54.57
124,-0.14,0.89,1.08,-76.27,68.95,47.55
125,-0.11,0.97,1.08,-86.59,63.93,35.76
126,-0.08,1.05,1.09,-95.32,48.95,15.25
127,-0.05,1.02,1.06,-91.22,25.53,-13.56
128,0.03,0.94,1.03,-80.01,0.84,-38.5
129,0.06,0.88,0.99,-75.05,-15.26,-63.11
130,0.13,0.72,1.05,-69.82,-5.91,-70.95
131,0.16,0.34,1.09,-48.42,32.03,-63.75
132,-0.03,-0.09,1.06,2.11,49.46,-23.88
133,-0.37,-0.64,0.74,49.65,33.16,33.27
134,-0.85,-1.49,0.43,94.63,-36.53,96.33
135,-0.98,-1.55,0.01,34.4,-91.52,96.6
136,-0.57,-1.56,-0.17,-62.92,-108.36,88.27
137,0.23,-1.67,-0.11,-143.94,-77.53,35.34
138,0.42,-1.8,0.38,-166.32,-38.08,-35.95
139,0.15,-1.75,1.04,-152.37,-1.58,-74.38
140,-0.21,-1.53,1.5,-126.69,30.53,-62.06
141,-0.32,-1.32,1.52,-72.72,30.71,-22.09
142,-0.11,-0.94,1.27,-25.78,12.26,-10.69
143,0.12,-0.57,0.67,-9.52,-1.34,-22.33
144,0.23,-0.39,0.23,3.56,-20.97,-50.6
145,0.17,-0.44,0.14,-20.95,-8.01,-67.01
146,-0.15,-0.7,0.44,-35.89,-13.98,-69.06
147,-0.39,-0.95,0.76,-41.29,-24.08,-70.04
148,-0.5,-1.04,1.02,-46.5,-23.44,-58.93
149,-0.47,-1.12,1.2,-40.63,-20.04,-37.29
150,-0.42,-1.09,1.26,-27.66,-18.65,-22.43
151,-0.31,-0.99,1.22,-17.89,-13.59,-20.29
152,-0.33,-0.88,1.17,3.1,-21.72,-19.8
153,-0.33,-0.66,1.11,14.28,-26.17,-6.23
154,-0.14,-0.46,0.93,22.34,-33.13,2.6
155,0.07,-0.28,0.81,16.87,-36.08,2.15
156,0.24,-0.2,0.76,10.74,-28.92,-3.78
157,0.29,-0.17,0.75,0.42,-14.78,-7.85
158,0.32,-0.17,0.78,-10.21,3.46,-8.19
159,0.29,-0.22,0.83,-16.37,17.54,-13.25
160,0.18,-0.28,0.88,-17.54,25.4,-17.13
161,0.06,-0.31,0.91,-15.84,24.67,-22.92
162,-0.0,-0.37,0.93,-8.95,18.5,-26.28
163,-0.1,-0.4,0.9,-3.05,6.76,-30.66
164,-0.14,-0.42,0.88,-1.51,3.01,-29.65
165,-0.09,-0.46,0.84,-2.24,8.6,-22.89
166,-0.13,-0.49,0.84,-3.43,13.34,-20.56
167,-0.21,-0.49,0.82,-7.69,18.65,-15.56
168,-0.3,-0.5,0.85,-7.73,18.4,-6.89
169,-0.33,-0.5,0.88,-4.11,10.19,1.8
170,-0.27,-0.49,0.87,0.2,-1.05,8.39
171,-0.17,-0.46,0.87,0.59,-6.03,12.06
172,-0.06,-0.45,0.86,-0.46,-6.59,11.27
173,0.0,-0.44,0.9,-1.44,-4.17,5.94
174,0.0,-0.42,0.93,1.86,-2.24,3.33
175,-0.03,-0.39,0.94,4.18,0.53,5.3
176,-0.05,-0.41,0.93,6.32,0.09,4.16
177,-0.03,-0.43,0.91,6.31,-0.89,1.65
178,0.0,-0.43,0.91,4.49,3.1,1.69
179,-0.02,-0.44,0.93,2.62,8.76,3.66
180,-0.03,-0.48,0.93,1.89,16.85,7.11
181,-0.11,-0.49,0.93,3.24,17.39,6.15
182,-0.18,-0.5,0.93,6.89,11.02,7.92
183,-0.2,-0.51,0.88,8.4,2.06,7.53
184,-0.19,-0.53,0.87,10.31,-9.38,6.76
185,-0.16,-0.54,0.87,7.59,-12.78,5.05
186,-0.08,-0.53,0.87,5.41,-13.98,6.18
187,-0.04,-0.51,0.89,3.85,-13.14,4.4
188,-0.07,-0.47,0.87,2.62,-9.15,1.2
189,-0.12,-0.46,0.88,2.44,-4.55,5.83
190,-0.17,-0.46,0.87,2.85,-4.15,11.88
191,-0.16,-0.48,0.88,3.57,-3.87,18.19
192,-0.09,-0.48,0.89,2.54,-4.72,21.62
193,0.01,-0.44,0.89,1.35,-4.0,19.42
194,0.09,-0.39,0.88,-0.06,2.05,15.83
195,0.04,-0.38,0.89,-3.76,10.11,11.32
196,-0.03,-0.35,0.92,-1.47,5.13,13.43
197,-0.07,-0.38,0.95,1.25,0.31,4.56
198,-0.08,-0.36,0.94,4.36,-2.48,1.85
199,-0.12,-0.37,0.97,6.37,-7.53,0.69
200,-0.06,-0.35,0.97,10.12,-11.79,2.7
201,-0.04,-0.33,0.96,14.39,-10.09,3.24
202,-0.06,-0.27,0.94,11.07,0.07,5.78
203,-0.07,-0.25,0.92,6.27,8.5,11.18
204,-0.03,-0.26,0.9,3.65,16.08,12.17
205,-0.02,-0.27,0.88,-0.3,24.48,10.76
206,-0.09,-0.31,0.9,-1.57,29.31,8.39
207,-0.22,-0.34,0.92,2.3,22.49,5.62
208,-0.27,-0.33,0.91,5.44,9.4,4.79
209,-0.26,-0.31,0.9,6.43,-1.6,-2.94
210,-0.27,-0.29,0.92,9.84,-10.17,-4.45
211,-0.22,-0.25,0.93,9.71,-9.75,-4.18
212,-0.15,-0.26,0.93,5.92,-0.57,-5.69
213,-0.16,-0.28,0.94,6.83,3.23,-3.44
214,-0.18,-0.3,0.96,7.31,3.7,-5.85
215,-0.17,-0.34,0.98,10.8,6.92,-6.96
216,-0.2,-0.37,0.98,12.21,6.53,-11.69
217,-0.24,-0.38,0.98,17.69,2.74,-14.59
218,-0.29,-0.36,0.96,22.9,-1.57,-13.78
219,-0.31,-0.32,0.9,26.66,-5.68,-9.37
220,-0.3,-0.3,0.86,26.69,-9.11,-4.92
221,-0.23,-0.28,0.82,22.03,-11.5,-1.92
222,-0.17,-0.28,0.81,16.6,-9.25,1.87
223,-0.13,-0.29,0.82,10.06,-9.13,-1.95
224,-0.11,-0.28,0.87,3.58,-7.2,-2.56
225,-0.11,-0.27,0.91,0.88,-4.44,-3.28
226,-0.12,-0.3,0.95,2.83,-4.24,-3.34
227,-0.15,-0.32,0.98,6.35,-2.86,-4.27
228,-0.19,-0.32,0.98,14.58,-6.39,-3.22
229,-0.19,-0.32,0.94,21.93,-11.26,-3.64
230,-0.17,-0.31,0.9,26.4,-17.3,-5.86
231,-0.13,-0.29,0.88,27.71,-24.95,-9.03
232,-0.08,-0.27,0.87,26.73,-27.29,-10.95
233,-0.02,-0.24,0.85,20.4,-20.28,-14.08
234,-0.04,-0.23,0.87,15.5,-11.29,-10.14
235,-0.07,-0.23,0.9,10.5,1.18,-2.51
236,-0.1,-0.23,0.91,8.17,9.9,7.12
237,-0.14,-0.22,0.88,7.31,13.34,11.35
238,-0.15,-0.22,0.88,6.21,9.63,12.44
239,-0.14,-0.24,0.89,7.74,2.84,11.44
240,-0.13,-0.24,0.9,9.08,-6.47,8.93
241,-0.08,-0.23,0.91,9.34,-11.89,7.31
242,-0.0,-0.22,0.9,9.37,-10.6,2.69
243,0.01,-0.2,0.94,8.73,-5.02,-0.89
244,-0.04,-0.19,0.94,11.0,-2.85,-3.81
245,-0.07,-0.18,0.93,12.02,-0.55,-1.82
246,-0.09,-0.15,0.92,10.8,-1.05,0.89
247,-0.07,-0.14,0.9,9.92,0.19,1.6
248,-0.08,-0.17,0.9,4.92,2.86,1.24
249,-0.09,-0.19,0.92,1.45,3.4,4.28
250,-0.08,-0.23,0.93,2.15,1.18,3.6
251,-0.09,-0.24,0.95,2.38,-2.61,3.32
252,-0.12,-0.23,0.96,3.97,-6.15,5.44
253,-0.11,-0.2,0.95,6.53,-8.4,7.63
254,-0.05,-0.17,0.95,3.27,-4.63,5.53
255,-0.06,-0.18,0.95,-0.28,2.15,2.35
256,-0.1,-0.22,0.97,-0.33,4.05,-1.79
257,-0.13,-0.24,0.99,0.18,2.11,-3.82
258,-0.16,-0.24,0.99,1.03,-2.25,-6.31
259,-0.14,-0.24,1.01,4.32,-8.69,-7.9
260,-0.12,-0.23,1.02,7.63,-12.21,-9.77
261,-0.12,-0.24,1.01,9.23,-13.59,-12.98
262,-0.1,-0.23,1.02,10.73,-14.03,-14.82
263,-0.08,-0.24,1.01,14.14,-12.16,-16.0
264,-0.06,-0.24,0.99,15.46,-8.38,-16.3
265,-0.09,-0.23,0.98,16.11,-4.79,-15.5
266,-0.11,-0.23,0.97,18.18,-3.1,-10.87
267,-0.14,-0.22,0.95,16.45,-0.89,-9.69
268,-0.15,-0.22,0.94,13.95,-0.31,-3.63
269,-0.13,-0.22,0.94,11.21,2.24,-0.57
270,-0.11,-0.21,0.95,8.25,5.18,0.86
271,-0.08,-0.21,0.96,7.89,8.31,3.67
272,-0.07,-0.2,0.96,9.02,9.3,2.08
273,-0.09,-0.19,0.96,10.85,7.19,0.32
274,-0.08,-0.16,0.95,13.23,2.95,-2.74
275,-0.09,-0.15,0.93,12.26,-1.03,-8.28
276,-0.08,-0.14,0.94,10.28,-3.98,-14.12
277,-0.08,-0.14,0.96,10.04,-3.63,-16.12
278,-0.1,-0.15,0.97,9.24,-0.82,-16.44
279,-0.09,-0.17,0.98,10.73,1.82,-15.03
280,-0.12,-0.19,0.99,13.75,5.65,-15.4
281,-0.15,-0.21,0.99,18.02,7.07,-11.86
282,-0.16,-0.18,0.95,20.33,8.08,-8.19
283,-0.16,-0.15,0.91,19.73,7.92,-7.72
284,-0.15,-0.12,0.88,16.61,6.25,-4.48
285,-0.14,-0.1,0.87,11.18,6.35,-2.95
286,-0.14,-0.09,0.87,5.08,5.72,-1.97
287,-0.15,-0.1,0.91,0.37,5.08,-1.11
288,-0.13,-0.11,0.94,-1.4,5.56,-0.28
289,-0.12,-0.13,0.96,-2.15,7.72,0.44
290,-0.1,-0.15,0.98,-0.28,11.5,4.35
291,-0.1,-0.15,0.96,2.37,13.25,5.53
292,-0.1,-0.12,0.93,1.92,11.72,5.69
293,-0.1,-0.08,0.91,-0.04,9.15,1.8
294,-0.12,-0.06,0.91,-4.73,8.13,-2.41
295,-0.18,-0.08,0.95,-8.59,5.8,-1.95
296,-0.17,-0.1,0.97,-10.02,4.29,0.89
297,-0.13,-0.13,0.99,-10.31,6.47,1.36
298,-0.15,-0.16,1.02,-7.28,6.45,0.32
299,-0.17,-0.17,1.04,-3.22,2.76,1.45
300,-0.12,-0.16,1.02,0.34,2.18,0.41
301,-0.1,-0.16,0.99,2.51,2.31,-2.5
302,-0.12,-0.14,0.99,2.05,1.6,-5.37
303,-0.12,-0.15,0.98,1.6,2.4,-4.98
304,-0.13,-0.15,0.99,-0.5,3.8,-5.38
305,-0.14,-0.16,1.01,-1.26,7.09,-3.98
306,-0.14,-0.16,1.01,-1.09,10.23,-1.86
307,-0.14,-0.17,1.0,0.6,11.49,-1.28
308,-0.14,-0.18,1.0,2.76,12.17,-2.14
309,-0.14,-0.18,0.99,6.37,10.18,-3.47
310,-0.14,-0.18,0.98,10.02,6.53,-6.15
311,-0.14,-0.17,0.96,12.59,1.47,-11.18
312,-0.18,-0.16,0.95,13.08,-2.01,-14.08
313,-0.17,-0.12,0.94,12.45,-4.21,-13.27
314,-0.15,-0.11,0.93,10.21,-4.9,-14.27
315,-0.17,-0.11,0.96,8.6,-5.96,-15.02
316,-0.18,-0.12,0.97,9.08,-7.38,-12.49
317,-0.16,-0.13,0.96,9.47,-7.34,-10.19
318,-0.14,-0.13,0.96,9.67,-8.37,-11.37
319,-0.12,-0.11,0.95,8.15,-7.35,-13.78
320,-0.13,-0.1,0.95,7.73,-8.09,-15.32
321,-0.14,-0.1,0.94,5.85,-8.74,-16.94
322,-0.17,-0.1,0.93,3.89,-8.98,-15.09
323,-0.16,-0.1,0.94,1.46,-7.93,-10.17
324,-0.16,-0.1,0.93,-2.73,-4.56,-5.46
325,-0.16,-0.11,0.93,-6.9,-0.56,-0.77
326,-0.17,-0.13,0.94,-9.84,0.5,3.07
327,-0.16,-0.13,0.94,-11.33,-0.44,4.56
328,-0.15,-0.12,0.96,-12.34,-0.69,4.71
329,-0.14,-0.13,0.96,-11.24,-2.09,3.18
330,-0.13,-0.14,0.98,-10.27,-2.32,1.41
331,-0.11,-0.12,1.0,-10.34,-1.3,1.13
332,-0.1,-0.13,1.01,-8.1,0.47,-0.98
333,-0.12,-0.15,1.01,-5.2,-0.71,-1.73
334,-0.12,-0.17,1.01,-0.4,-3.64,-2.18
335,-0.12,-0.16,1.0,2.15,-5.06,-3.77
336,-0.11,-0.14,0.97,1.94,-5.54,-4.6
337,-0.1,-0.11,0.95,0.31,-5.13,-3.46
338,-0.09,-0.08,0.95,-3.21,-1.4,-3.65
339,-0.12,-0.08,0.98,-5.61,2.74,-2.4
340,-0.15,-0.11,1.0,-4.53,3.95,1.18
341,-0.14,-0.11,1.0,-2.51,4.85,2.17
342,-0.13,-0.12,1.01,1.39,4.79,-0.44
343,-0.15,-0.14,0.99,5.56,0.81,-5.7
344,-0.15,-0.14,0.96,9.04,-4.62,-10.22
345,-0.16,-0.13,0.95,11.94,-10.6,-14.63
346,-0.17,-0.12,0.94,13.35,-16.41,-17.69
347,-0.15,-0.11,0.93,13.5,-19.66,-17.66
348,-0.12,-0.11,0.93,13.12,-21.56,-18.18
349,-0.1,-0.1,0.94,10.62,-21.01,-18.83
350,-0.11,-0.1,0.95,8.98,-18.87,-18.78
351,-0.11,-0.11,0.97,8.36,-16.96,-16.43
352,-0.1,-0.12,0.97,7.46,-14.78,-14.98
353,-0.12,-0.14,0.96,7.09,-14.3,-13.26
354,-0.13,-0.13,0.96,5.94,-11.75,-10.55
355,-0.12,-0.12,0.95,3.98,-8.94,-6.18
356,-0.12,-0.13,0.95,1.9,-5.58,-2.13
357,-0.12,-0.12,0.95,-1.3,-0.78,3.25
358,-0.12,-0.13,0.94,-4.68,1.4,5.99
359,-0.12,-0.12,0.97,-7.18,2.09,7.63
360,-0.12,-0.12,0.98,-6.89,1.44,7.99
361,-0.1,-0.13,0.98,-6.53,0.57,5.66
362,-0.09,-0.14,0.99,-5.04,-0.46,3.85
363,-0.12,-0.15,0.99,-0.57,-5.24,3.98
364,-0.1,-0.13,0.99,0.45,-4.85,2.35
365,-0.11,-0.14,0.97,0.15,-4.5,1.11
366,-0.11,-0.14,0.97,0.41,-3.54,1.98
367,-0.13,-0.13,0.97,-0.07,-2.41,3.53
368,-0.12,-0.12,0.96,-1.66,-1.71,5.56
369,-0.1,-0.1,0.96,-3.24,-0.08,8.27
370,-0.08,-0.08,0.95,-4.19,0.11,9.2
371,-0.08,-0.08,0.97,-5.38,0.49,9.05
372,-0.07,-0.1,0.97,-4.09,-1.02,8.14
373,-0.04,-0.1,0.97,-3.66,-3.65,5.03
374,-0.05,-0.09,0.98,-2.52,-4.82,1.37
375,-0.08,-0.1,0.99,1.13,-7.23,3.47
376,-0.05,-0.09,0.98,1.52,-6.17,2.15
377,-0.05,-0.07,0.97,-0.15,-4.38,-2.95
378,-0.07,-0.07,0.95,-1.19,-4.28,-3.79
379,-0.1,-0.07,0.96,-2.66,-3.53,-2.62
380,-0.11,-0.08,0.97,-3.07,-3.31,-2.0
381,-0.09,-0.09,0.98,-3.55,-3.08,-2.43
382,-0.09,-0.12,0.98,-2.55,-2.68,-0.95
383,-0.11,-0.11,0.98,-1.62,-1.96,-1.34
384,-0.11,-0.11,1.0,-0.88,-1.87,-1.66
385,-0.1,-0.11,0.97,-0.09,-1.3,-2.06
386,-0.11,-0.1,0.97,-0.01,-1.23,-1.78
387,-0.1,-0.09,0.97,-0.93,-0.31,-3.2
388,-0.11,-0.1,0.98,-0.37,-0.92,-2.58
389,-0.12,-0.1,0.95,-0.7,-2.16,-0.84
390,-0.12,-0.1,0.97,-0.5,-3.21,-1.52
391,-0.11,-0.11,0.98,0.76,-4.54,-1.81
392,-0.12,-0.12,0.97,1.05,-6.58,-3.86
393,-0.11,-0.11,0.96,1.56,-9.04,-3.03
394,-0.09,-0.1,0.95,0.22,-9.96,-2.31
395,-0.07,-0.1,0.97,-2.18,-7.69,-3.57
396,-0.08,-0.11,0.98,-0.92,-7.87,-2.76
397,-0.08,-0.12,0.99,-1.64,-4.78,-2.57
398,-0.09,-0.12,0.99,-1.31,-3.05,-0.15
399,-0.09,-0.11,0.98,0.05,-1.96,2.09
400,-0.08,-0.09,0.98,-0.55,-1.11,4.45
