,accel_x,accel_y,accel_z,gyro_x,gyro_y,gyro_z
0,0.04,-0.09,1.01,-6.08,3.11,5.27
1,0.05,-0.08,0.98,-5.15,2.79,6.68
2,0.07,-0.06,0.96,-6.0,3.86,7.07
3,0.09,-0.06,0.95,-6.63,3.71,6.13
4,0.11,-0.07,0.95,-7.77,2.42,3.85
5,0.11,-0.06,0.95,-8.85,-0.39,0.76
6,0.1,-0.07,0.96,-8.27,-2.0,-1.77
7,0.1,-0.07,0.98,-8.22,-1.77,-2.64
8,0.09,-0.07,0.97,-8.09,-1.02,-2.07
9,0.08,-0.08,0.96,-7.88,-1.44,-2.03
10,0.09,-0.08,0.96,-9.07,-1.6,-2.32
11,0.09,-0.08,0.98,-10.44,-1.2,-2.17
12,0.1,-0.09,0.97,-11.84,-0.33,-2.47
13,0.11,-0.1,0.98,-11.25,-1.24,-3.52
14,0.11,-0.11,1.0,-10.6,-1.21,-5.21
15,0.12,-0.1,1.0,-9.55,-0.44,-3.79
16,0.1,-0.11,0.99,-8.33,-0.8,-3.81
17,0.09,-0.1,1.0,-8.05,-0.94,-3.09
18,0.07,-0.1,0.97,-8.03,-0.4,-1.66
19,0.08,-0.12,1.0,-7.02,-0.03,0.83
20,0.07,-0.13,0.98,-8.08,0.53,0.34
21,0.07,-0.12,0.99,-7.84,-0.89,0.0
22,0.07,-0.13,1.0,-6.97,-2.69,-0.57
23,0.07,-0.14,1.01,-6.86,-3.11,-0.88
24,0.07,-0.13,1.01,-5.82,-2.62,1.57
25,0.07,-0.14,0.99,-5.3,-1.77,3.64
26,0.07,-0.13,0.99,-5.82,-1.31,5.89
27,0.1,-0.12,0.98,-7.04,1.11,6.31
28,0.11,-0.12,0.98,-8.09,2.27,7.38
29,0.11,-0.11,0.98,-8.09,1.2,6.54
30,0.12,-0.1,0.98,-8.2,-0.33,4.5
31,0.12,-0.11,0.98,-7.48,-1.59,2.45
32,0.13,-0.11,0.97,-7.82,-1.85,-0.66
33,0.14,-0.11,0.99,-7.62,-2.29,-3.14
34,0.14,-0.12,0.99,-6.77,-2.42,-6.34
35,0.14,-0.13,1.01,-6.38,-2.89,-8.71
36,0.13,-0.13,0.99,-5.9,-2.15,-8.02
37,0.13,-0.14,1.0,-5.47,-2.15,-9.63
38,0.12,-0.14,1.0,-4.64,-0.73,-8.32
39,0.12,-0.14,1.02,-3.07,1.0,-7.02
40,0.12,-0.14,1.02,-2.06,2.79,-6.25
41,0.12,-0.13,1.0,-0.07,3.02,-7.12
42,0.11,-0.13,1.0,0.94,2.09,-7.59
43,0.1,-0.11,0.99,1.08,2.2,-7.33
44,0.1,-0.12,0.97,0.6,3.18,-5.98
45,0.09,-0.11,0.96,-0.9,2.27,-6.73
46,0.09,-0.11,0.97,-2.25,1.34,-7.48
47,0.07,-0.1,0.97,-2.08,0.27,-6.66
48,0.07,-0.13,0.96,-2.49,0.51,-5.32
49,0.09,-0.13,0.95,-5.71,0.71,-7.47
50,0.08,-0.13,0.98,-5.44,-0.9,-8.8
51,0.07,-0.14,0.98,-4.59,-2.0,-8.85
52,0.06,-0.13,0.99,-3.37,-1.92,-7.98
53,0.05,-0.14,0.97,-4.37,-1.84,-7.28
54,0.08,-0.14,0.98,-6.62,-0.25,-3.95
55,0.05,-0.14,0.98,-3.9,-0.47,-5.05
56,0.06,-0.15,0.98,-2.79,-0.84,-3.37
57,0.05,-0.14,0.99,-3.47,-3.36,-2.41
58,0.06,-0.14,0.99,-3.34,-3.08,-2.15
59,0.08,-0.14,1.01,-2.0,-1.66,-2.42
60,0.08,-0.14,1.01,0.15,-1.46,-2.18
61,0.08,-0.14,1.0,0.81,-1.35,-1.76
62,0.08,-0.15,0.99,2.04,-2.07,-1.82
63,0.09,-0.14,0.99,1.02,-2.34,-2.57
64,0.1,-0.15,0.97,0.6,-2.23,-3.72
65,0.09,-0.15,0.97,0.03,-4.82,-5.27
66,0.08,-0.14,0.97,0.6,-4.73,-4.11
67,0.1,-0.14,1.01,-0.44,-4.05,-2.83
68,0.09,-0.14,1.02,0.45,-2.02,-1.34
69,0.1,-0.14,1.01,2.29,-0.12,-0.41
70,0.11,-0.13,1.01,4.0,1.67,-0.12
71,0.09,-0.12,1.01,4.95,2.37,-0.78
72,0.11,-0.12,0.99,5.76,2.6,-1.24
73,0.1,-0.11,0.98,6.34,1.67,-2.13
74,0.09,-0.1,0.98,6.31,1.05,-2.95
75,0.09,-0.1,0.98,6.81,0.3,-3.93
76,0.08,-0.1,0.99,7.47,1.27,-2.3
77,0.09,-0.09,0.99,8.02,4.14,1.6
78,0.07,-0.08,0.98,7.28,5.4,2.63
79,0.09,-0.08,0.98,7.79,5.36,3.79
80,0.08,-0.07,0.96,7.53,3.24,2.81
81,0.1,-0.06,0.96,6.13,2.5,2.63
82,0.09,-0.06,0.96,5.47,1.82,1.92
83,0.11,-0.06,0.96,4.84,1.32,1.09
84,0.1,-0.05,0.97,5.43,0.79,0.02
85,0.1,-0.05,0.97,5.5,0.52,-0.9
86,0.07,-0.05,0.97,5.37,0.44,-1.37
87,0.1,-0.05,0.96,5.32,2.19,0.29
88,0.08,-0.05,0.95,4.17,1.82,-1.06
89,0.09,-0.06,0.94,2.08,1.93,-0.42
90,0.08,-0.06,0.94,0.41,1.45,-0.96
91,0.08,-0.07,0.94,-2.07,0.43,-2.06
92,0.09,-0.09,0.96,-3.98,-0.38,-2.34
93,0.08,-0.1,0.96,-5.08,-1.2,-2.51
94,0.09,-0.11,0.99,-5.45,-0.76,-2.32
95,0.09,-0.11,1.0,-5.08,-1.08,-2.69
96,0.09,-0.12,1.01,-3.85,-1.29,-2.09
97,0.1,-0.12,1.02,-2.18,-0.25,-1.03
98,0.1,-0.12,1.02,-0.41,0.63,0.53
99,0.1,-0.11,1.01,0.45,1.08,0.39
100,0.1,-0.11,1.0,0.93,1.34,0.16
101,0.08,-0.1,0.99,1.11,3.03,1.34
102,0.07,-0.1,0.97,0.91,2.37,1.24
103,0.07,-0.09,0.97,-0.27,0.56,1.05
104,0.07,-0.08,0.97,-1.4,-0.26,0.92
105,0.06,-0.09,0.96,-2.47,-1.41,0.28
106,0.06,-0.09,0.97,-3.34,-2.42,-0.01
107,0.07,-0.09,0.98,-4.56,-2.25,0.37
108,0.07,-0.09,0.99,-4.66,-2.6,-0.56
109,0.06,-0.1,1.0,-3.28,-2.96,-0.61
110,0.07,-0.1,0.99,-2.28,-3.44,-0.6
111,0.07,-0.1,0.99,-0.66,-4.08,-0.87
112,0.08,-0.1,0.99,0.21,-3.27,0.15
113,0.08,-0.1,0.98,-0.22,-3.37,0.0
114,0.08,-0.09,0.98,-0.87,-2.98,1.11
115,0.09,-0.08,0.97,-2.87,-1.35,0.15
116,0.1,-0.07,0.98,-3.4,-2.03,-0.67
117,0.09,-0.07,0.96,-3.65,-3.98,-0.95
118,0.09,-0.07,0.96,-4.68,-5.44,-1.17
119,0.08,-0.07,0.95,-5.98,-7.22,-3.63
120,0.08,-0.09,0.95,-7.53,-9.97,-4.19
121,0.08,-0.09,0.96,-11.03,-12.35,-2.89
122,0.09,-0.09,0.96,-10.62,-10.34,0.53
123,0.11,-0.11,0.96,-12.58,-12.17,0.5
124,0.12,-0.11,0.97,-14.3,-12.21,2.21
125,0.1,-0.06,0.98,-11.37,-8.71,0.2
126,0.14,-0.14,0.99,-12.48,-11.96,0.16
127,0.12,-0.14,1.0,-8.66,-12.96,4.31
128,0.13,-0.17,0.99,-5.23,-9.18,10.98
129,0.07,-0.08,1.01,-5.85,-13.11,10.44
130,0.05,-0.12,1.0,-3.43,-13.74,11.55
131,0.07,-0.13,0.99,-3.86,-9.0,12.56
132,0.05,-0.11,0.97,-7.42,-10.56,14.47
133,0.07,-0.14,0.97,-8.56,-8.6,20.08
134,0.07,-0.13,0.97,-10.4,-5.27,25.01
135,0.1,-0.13,0.98,-13.63,-2.86,24.93
136,0.12,-0.14,1.0,-15.2,4.89,23.6
137,0.13,-0.1,1.04,-11.31,3.34,23.26
138,0.13,-0.09,1.05,-8.28,-3.18,13.49
139,0.13,-0.11,1.09,-1.41,-3.6,11.63
140,0.12,-0.09,1.05,2.82,-5.5,7.8
141,0.09,-0.09,1.05,5.17,-4.82,9.51
142,0.07,-0.07,1.03,6.3,-3.68,9.1
143,0.09,-0.03,1.03,6.2,0.15,10.85
144,0.11,-0.02,1.04,6.76,4.61,12.86
145,0.12,0.02,1.03,5.98,7.92,14.13
146,0.14,0.07,1.0,4.01,9.48,13.2
147,0.15,0.09,1.0,1.82,6.56,9.86
148,0.17,0.13,1.01,-0.73,0.78,6.58
149,0.15,0.19,1.02,-5.36,-5.63,6.43
150,0.16,0.3,1.07,-12.39,-6.11,8.88
151,0.16,0.41,1.11,-19.02,-0.64,15.47
152,0.18,0.54,1.2,-36.81,-0.05,24.23
153,0.25,0.71,1.31,-52.18,4.6,29.72
154,0.3,0.92,1.41,-69.27,13.52,33.92
155,0.29,1.19,1.5,-89.53,16.79,28.82
156,0.26,1.42,1.62,-109.4,7.07,19.76
157,0.23,1.56,1.71,-111.87,-12.24,11.96
158,0.26,1.49,1.79,-115.87,-26.06,-12.89
159,0.38,1.33,1.87,-110.25,-42.9,-29.62
160,0.48,1.13,2.0,-102.04,-42.21,-38.32
161,0.59,0.97,1.94,-85.39,-27.02,-45.14
162,0.74,0.84,1.94,-68.76,-9.27,-48.82
163,0.76,0.77,1.84,-50.49,16.9,-54.13
164,0.74,0.68,1.74,-27.91,39.18,-64.13
165,0.75,0.54,1.54,7.74,61.74,-72.3
166,0.69,0.42,1.28,50.44,78.2,-79.21
167,0.6,0.17,0.89,92.94,98.55,-87.3
168,0.46,-0.17,0.47,135.48,110.41,-89.82
169,0.39,-0.59,-0.01,169.97,106.33,-97.14
170,0.25,-1.06,-0.46,184.48,103.66,-104.35
171,0.06,-1.48,-0.87,173.85,115.39,-107.6
172,-0.16,-1.77,-1.19,117.65,131.79,-100.84
173,-0.35,-2.0,-1.49,34.69,114.75,-74.56
174,-0.47,-2.0,-1.52,-68.19,99.47,-62.53
175,-0.42,-2.0,-1.35,-187.82,49.67,-67.36
176,-0.47,-1.95,-0.75,-250.14,-4.93,-76.84
177,-0.61,-1.98,0.23,-250.14,-42.78,-86.82
178,-0.47,-1.94,1.27,-250.14,-35.27,-71.73
179,-0.29,-1.77,1.85,-195.28,-30.88,-41.82
180,-0.21,-1.58,1.91,-103.3,-67.08,-42.5
181,-0.07,-1.38,1.75,-45.82,-111.24,-49.51
182,0.14,-1.14,1.61,-23.27,-113.47,-47.08
183,0.25,-0.99,1.54,-15.08,-77.28,-41.79
184,0.24,-0.88,1.47,0.9,-32.84,-30.73
185,0.09,-0.76,1.28,22.24,-5.18,-14.27
186,-0.1,-0.67,1.02,37.93,-6.69,-0.55
187,-0.14,-0.59,0.81,34.53,-17.44,12.51
188,-0.05,-0.56,0.74,26.85,-14.68,26.01
189,0.06,-0.48,0.7,18.53,-0.5,34.58
190,0.16,-0.41,0.67,2.47,12.09,38.8
191,0.22,-0.37,0.66,-5.22,13.49,36.82
192,0.25,-0.34,0.68,-4.29,9.69,29.84
193,0.25,-0.27,0.68,-7.27,2.95,25.28
194,0.25,-0.25,0.65,-10.72,-10.64,17.15
195,0.23,-0.25,0.66,-14.05,-24.61,9.09
196,0.2,-0.27,0.72,-20.79,-38.6,2.76
197,0.21,-0.31,0.86,-27.35,-41.98,0.6
198,0.23,-0.37,0.98,-25.46,-35.76,4.71
199,0.22,-0.46,1.1,-25.23,-25.29,6.63
200,0.25,-0.48,1.19,-21.27,-13.98,8.79
201,0.25,-0.51,1.2,-8.98,-9.33,10.87
202,0.19,-0.53,1.19,1.05,-15.27,6.46
203,0.15,-0.52,1.17,9.93,-22.35,2.33
204,0.13,-0.5,1.12,16.24,-25.8,-3.2
205,0.06,-0.45,1.05,22.55,-33.17,-4.45
206,0.01,-0.44,0.98,24.73,-39.67,-0.97
207,0.02,-0.43,0.92,20.61,-39.4,2.98
208,0.08,-0.45,0.84,12.73,-35.26,5.17
209,0.09,-0.45,0.84,3.71,-31.4,7.3
210,0.09,-0.45,0.84,-2.01,-28.05,6.88
211,0.1,-0.42,0.88,-4.87,-28.83,3.9
212,0.09,-0.39,0.91,-1.79,-28.87,-0.91
213,0.05,-0.35,0.92,8.13,-38.95,0.24
214,0.02,-0.36,0.92,19.27,-51.68,4.51
215,0.05,-0.38,0.88,23.66,-63.27,10.8
216,0.2,-0.42,0.87,20.59,-61.5,19.04
217,0.29,-0.44,0.86,12.02,-47.58,23.4
218,0.35,-0.46,0.84,3.84,-23.32,29.75
219,0.32,-0.47,0.83,-2.08,-13.13,30.0
220,0.27,-0.46,0.81,-6.04,-8.7,25.57
221,0.18,-0.45,0.81,-6.58,-10.06,23.82
222,0.07,-0.45,0.83,-5.94,-19.15,22.62
223,0.04,-0.46,0.86,-2.63,-28.37,25.09
224,0.05,-0.44,0.86,2.08,-30.35,28.37
225,0.15,-0.5,0.91,6.48,-24.56,35.95
226,0.21,-0.46,0.89,2.73,-12.58,39.22
227,0.27,-0.43,0.89,2.34,-0.82,37.08
228,0.3,-0.45,0.86,-0.22,12.24,41.46
229,0.28,-0.41,0.84,-0.85,21.31,43.82
230,0.3,-0.35,0.85,-2.37,20.26,39.97
231,0.26,-0.28,0.85,0.37,18.4,28.92
232,0.23,-0.32,0.82,3.24,11.63,26.14
233,0.22,-0.27,0.84,4.45,0.84,23.09
234,0.18,-0.28,0.81,10.8,-6.6,19.61
235,0.19,-0.25,0.78,12.15,-12.79,14.15
236,0.2,-0.23,0.81,8.2,-14.05,12.94
237,0.18,-0.26,0.83,4.11,-12.99,15.1
238,0.17,-0.25,0.89,0.28,-11.92,15.84
239,0.19,-0.23,0.89,-2.56,-6.3,17.34
240,0.19,-0.22,0.91,-6.57,-1.83,15.22
241,0.21,-0.23,0.92,-1.12,-0.42,14.47
242,0.22,-0.24,0.9,0.01,-0.9,11.44
243,0.24,-0.24,0.91,0.61,-0.63,9.18
244,0.24,-0.24,0.91,1.25,-1.99,4.11
245,0.21,-0.24,0.91,3.08,-4.16,2.0
246,0.19,-0.26,0.9,6.54,-6.21,-0.14
247,0.18,-0.28,0.91,7.79,-6.11,-4.33
248,0.15,-0.27,0.91,8.24,-6.84,-5.15
249,0.09,-0.27,0.91,7.37,-8.99,-6.03
250,0.08,-0.3,0.93,8.97,-7.76,-3.81
251,0.05,-0.34,0.95,14.6,-12.88,-2.05
252,0.06,-0.33,0.97,16.59,-11.49,1.35
253,0.08,-0.36,0.94,16.64,-6.56,-0.09
254,0.09,-0.34,0.94,18.91,-4.48,7.87
255,0.11,-0.34,0.89,19.99,-3.31,13.17
256,0.14,-0.28,0.91,10.44,4.44,12.48
257,0.11,-0.29,0.89,10.02,5.7,12.92
258,0.11,-0.29,0.9,12.04,4.6,11.35
259,0.08,-0.26,0.93,6.94,2.66,8.32
260,0.09,-0.29,0.96,8.28,-2.2,3.45
261,0.13,-0.26,0.98,11.71,0.93,12.71
262,0.14,-0.28,0.95,12.04,-0.49,22.05
263,0.15,-0.26,1.0,14.61,1.11,25.67
264,0.19,-0.28,0.97,16.22,3.62,22.02
265,0.2,-0.27,0.96,19.14,9.91,19.93
266,0.22,-0.23,0.97,18.64,18.1,20.53
267,0.18,-0.2,0.98,21.4,26.52,20.25
268,0.14,-0.16,0.96,17.67,23.63,25.95
269,0.1,-0.15,0.97,19.59,23.03,36.36
270,0.07,-0.16,0.93,27.37,11.78,34.68
271,0.09,-0.15,0.95,20.54,-4.35,24.91
272,0.1,-0.17,0.9,16.95,-6.3,28.23
273,0.12,-0.19,0.93,9.49,-5.47,30.4
274,0.18,-0.17,0.94,4.96,0.29,29.85
275,0.17,-0.14,0.94,-1.53,3.2,21.42
276,0.19,-0.19,0.96,-2.14,16.68,30.31
277,0.21,-0.2,0.96,-5.38,16.44,34.95
278,0.2,-0.16,0.97,-9.64,10.34,29.02
279,0.19,-0.18,0.96,-7.82,3.85,19.37
280,0.18,-0.18,0.99,-1.21,-5.69,8.73
281,0.16,-0.2,1.01,5.06,-13.27,0.32
282,0.15,-0.2,0.99,9.11,-17.7,-6.19
283,0.16,-0.22,0.98,11.4,-20.82,-9.56
284,0.14,-0.22,0.96,11.66,-19.83,-6.95
285,0.14,-0.24,0.96,8.89,-15.75,-1.42
286,0.15,-0.24,0.95,5.05,-9.75,4.67
287,0.17,-0.23,0.93,0.6,-1.61,9.11
288,0.19,-0.22,0.95,-3.93,5.5,12.79
289,0.17,-0.22,0.95,-5.24,8.49,14.73
290,0.15,-0.21,0.94,-5.31,6.09,13.5
291,0.15,-0.23,0.94,-2.15,1.29,9.82
292,0.15,-0.23,0.95,-0.89,-1.44,6.69
293,0.14,-0.25,0.95,1.18,-4.11,4.24
294,0.13,-0.26,0.94,0.85,-4.24,3.82
295,0.12,-0.27,0.92,0.86,-3.76,4.43
296,0.12,-0.25,0.93,-1.79,-5.28,2.55
297,0.09,-0.23,0.93,-3.79,-9.02,0.71
298,0.07,-0.23,0.96,-5.28,-12.42,3.08
299,0.09,-0.23,0.98,-7.95,-12.7,5.51
300,0.12,-0.24,0.99,-11.58,-10.02,9.39
301,0.15,-0.26,1.02,-14.1,-7.32,12.44
302,0.19,-0.28,1.05,-13.95,-3.56,12.91
303,0.22,-0.28,1.06,-14.71,-2.03,9.31
304,0.24,-0.28,1.08,-11.11,-1.73,7.23
305,0.23,-0.28,1.08,-5.86,-4.53,3.1
306,0.22,-0.28,1.06,-0.85,-6.59,-2.4
307,0.19,-0.29,1.05,4.4,-9.05,-6.5
308,0.16,-0.29,1.02,8.22,-11.17,-8.08
309,0.14,-0.27,0.99,6.58,-10.15,-10.22
310,0.11,-0.19,0.97,-1.66,-14.97,-28.56
311,0.12,-0.32,0.98,0.37,-7.73,-18.37
312,0.11,-0.3,0.95,3.34,-8.82,-12.06
313,0.12,-0.28,0.98,1.02,-7.79,-8.95
314,0.13,-0.27,0.97,-0.98,-7.41,-10.96
315,0.11,-0.27,0.98,-1.87,-8.61,-13.18
316,0.13,-0.25,0.99,-1.89,-7.08,-8.6
317,0.11,-0.25,0.98,-0.71,-6.33,-4.66
318,0.1,-0.26,0.98,-0.42,-6.6,-5.69
319,0.12,-0.25,0.97,1.98,-4.84,-5.34
320,0.12,-0.24,0.99,2.09,-7.05,-4.37
321,0.11,-0.22,0.98,5.25,-5.15,-0.88
322,0.15,-0.22,0.97,5.08,-0.82,1.08
323,0.16,-0.2,0.96,5.35,4.69,1.78
324,0.15,-0.2,0.94,7.8,1.6,2.64
325,0.15,-0.2,0.92,7.61,-0.76,0.01
326,0.13,-0.2,0.94,7.44,-7.32,-2.26
327,0.14,-0.21,0.93,8.79,-9.51,-3.63
328,0.13,-0.2,0.93,8.41,-8.85,-2.3
329,0.12,-0.19,0.92,5.96,-9.08,-1.74
330,0.15,-0.19,0.93,-0.41,-4.52,0.35
331,0.18,-0.2,0.94,-3.93,0.37,4.75
332,0.2,-0.2,0.96,-4.44,6.75,8.22
333,0.2,-0.19,0.99,-5.56,5.3,6.39
334,0.2,-0.17,1.0,-3.55,3.43,3.39
335,0.2,-0.18,1.0,0.09,2.65,0.76
336,0.19,-0.17,1.0,2.39,2.46,-2.15
337,0.18,-0.18,0.98,6.56,4.03,-3.1
338,0.16,-0.17,0.96,8.5,-0.89,-7.46
339,0.14,-0.17,0.93,10.06,-5.28,-11.05
340,0.11,-0.17,0.92,10.08,-9.89,-13.82
341,0.09,-0.18,0.93,8.59,-12.24,-12.42
342,0.08,-0.18,0.92,7.05,-11.5,-10.45
343,0.06,-0.19,0.93,3.2,-10.31,-6.09
344,0.05,-0.19,0.94,-0.82,-7.47,0.89
345,0.06,-0.21,0.93,-4.18,-4.37,8.57
346,0.09,-0.23,0.96,-7.08,-2.05,12.92
347,0.11,-0.22,0.97,-8.57,-0.4,16.03
348,0.15,-0.23,0.99,-7.99,0.92,16.7
349,0.17,-0.24,0.98,-6.34,4.11,15.97
350,0.18,-0.23,1.0,-5.89,0.24,12.02
351,0.2,-0.23,1.0,-1.44,-0.55,10.6
352,0.18,-0.22,0.97,1.05,-0.61,6.9
353,0.18,-0.21,0.96,2.11,-5.63,2.97
354,0.15,-0.23,0.94,4.43,-11.98,1.13
355,0.16,-0.22,0.93,1.31,-13.85,1.52
356,0.16,-0.23,0.95,-1.82,-12.15,4.14
357,0.19,-0.23,0.98,-5.54,-6.17,10.27
358,0.22,-0.22,1.01,-7.59,0.33,14.58
359,0.25,-0.22,1.03,-6.92,5.58,17.92
360,0.27,-0.22,1.03,-4.92,9.19,15.68
361,0.28,-0.2,1.02,-1.18,9.44,12.15
362,0.26,-0.21,1.0,2.51,7.8,7.49
363,0.25,-0.21,0.98,4.92,8.21,3.32
364,0.22,-0.2,0.97,5.79,7.73,-0.87
365,0.18,-0.18,0.94,6.5,5.83,-4.18
366,0.16,-0.18,0.93,6.34,2.64,-5.46
367,0.13,-0.17,0.91,4.36,-0.93,-6.27
368,0.11,-0.18,0.9,2.85,-2.73,-6.28
369,0.09,-0.17,0.89,1.15,-3.15,-4.7
370,0.07,-0.17,0.91,-1.24,-4.02,-2.04
371,0.08,-0.17,0.89,-3.66,-1.4,3.16
372,0.1,-0.17,0.89,-9.1,1.33,6.72
373,0.12,-0.19,0.9,-13.16,3.05,8.81
374,0.13,-0.2,0.91,-15.82,2.4,9.94
375,0.15,-0.2,0.95,-13.31,3.98,10.81
376,0.16,-0.19,0.96,-14.63,3.39,7.76
377,0.15,-0.19,0.97,-12.66,4.24,8.05
378,0.16,-0.19,0.98,-10.87,3.99,7.73
379,0.21,-0.17,1.1,-23.14,-10.79,9.16
380,0.23,-0.23,0.98,-9.79,5.22,5.27
381,0.28,-0.19,1.07,-7.28,-1.21,8.66
382,0.24,-0.25,1.02,-10.37,-2.39,5.49
383,0.25,-0.22,0.99,-4.64,-2.47,1.61
384,0.22,-0.26,0.99,-0.37,-0.74,-0.49
385,0.2,-0.27,1.01,0.49,4.11,0.48
386,0.15,-0.28,1.0,3.15,5.09,-0.82
387,0.12,-0.29,0.98,8.79,6.47,-4.21
388,0.1,-0.28,1.0,8.93,7.21,-3.15
389,0.08,-0.25,1.0,9.23,5.76,1.02
390,0.07,-0.29,0.97,9.35,2.6,1.98
391,0.07,-0.22,0.98,9.31,2.69,-0.83
392,0.08,-0.24,0.95,9.67,0.21,-3.98
393,0.09,-0.3,0.96,11.46,-2.47,-3.29
394,0.13,-0.23,0.96,8.15,-2.19,-10.24
395,0.14,-0.27,1.01,8.01,-0.02,-13.44
396,0.14,-0.25,0.98,11.47,-0.35,-13.63
397,0.14,-0.22,0.97,16.92,0.5,-23.31
398,0.18,-0.26,0.99,23.76,-3.77,-23.16
399,0.16,-0.19,0.94,20.99,-7.46,-28.26
