,accel_x,accel_y,accel_z,gyro_x,gyro_y,gyro_z
0,0.05,-0.1,0.95,-0.89,-4.54,4.61
1,0.04,-0.11,0.95,-0.89,-3.98,4.1
2,0.03,-0.12,0.94,-1.17,-3.76,3.44
3,0.03,-0.11,0.93,-2.72,-3.85,3.23
4,0.02,-0.12,0.96,-4.41,-3.52,2.89
5,0.01,-0.14,0.95,-3.38,-2.02,4.27
6,0.04,-0.15,1.01,-6.0,-4.33,1.48
7,0.05,-0.16,1.01,-4.35,7.06,6.88
8,-0.0,-0.19,1.0,-2.6,8.16,8.64
9,0.01,-0.17,0.97,2.9,6.58,6.42
10,0.02,-0.16,0.96,1.06,1.85,2.65
11,0.03,-0.15,0.97,0.7,0.65,1.34
12,0.02,-0.17,0.95,0.9,1.33,1.11
13,0.03,-0.16,0.97,-0.21,2.42,2.08
14,0.03,-0.15,1.0,-0.41,5.31,3.09
15,0.03,-0.15,0.98,-0.58,7.94,3.75
16,0.02,-0.14,0.97,0.05,8.0,4.18
17,0.03,-0.13,0.97,0.45,7.01,2.58
18,0.03,-0.13,0.95,-0.73,6.34,0.78
19,0.01,-0.13,0.95,-1.68,4.27,-0.58
20,0.01,-0.13,0.96,-2.45,2.83,-1.91
21,-0.0,-0.14,0.98,-2.89,3.21,-1.98
22,0.0,-0.14,0.99,-2.53,3.61,-1.65
23,0.0,-0.13,0.98,-2.59,4.94,-1.71
24,-0.02,-0.12,0.97,-2.44,4.32,-1.66
25,-0.02,-0.12,0.98,-3.11,3.49,-2.2
26,-0.03,-0.12,0.98,-2.98,2.91,-1.63
27,-0.04,-0.13,0.98,-2.66,2.77,-1.21
28,-0.04,-0.14,1.0,-2.28,2.79,-1.21
29,-0.04,-0.14,1.01,-0.81,3.6,-0.06
30,-0.05,-0.14,1.01,0.35,4.45,0.98
31,-0.06,-0.14,1.0,-0.03,4.03,1.31
32,-0.04,-0.12,1.04,-3.76,6.4,4.69
33,-0.07,-0.14,1.01,0.08,2.37,2.72
34,-0.06,-0.14,1.0,0.35,1.24,3.79
35,-0.07,-0.14,1.0,0.06,0.85,3.44
36,-0.07,-0.14,1.01,1.92,1.45,5.47
37,-0.06,-0.14,1.0,2.06,0.47,6.09
38,-0.07,-0.13,0.99,1.91,1.34,6.3
39,-0.06,-0.13,0.98,5.45,3.05,9.6
40,-0.08,-0.13,0.98,2.09,-1.37,7.95
41,-0.02,-0.11,0.95,4.2,-10.05,4.63
42,0.02,-0.09,0.98,1.2,0.24,9.0
43,-0.04,-0.11,0.95,0.19,8.95,15.01
44,-0.06,-0.11,0.94,-1.77,9.08,17.01
45,-0.06,-0.09,0.91,-1.79,4.69,15.86
46,-0.04,-0.09,0.91,-1.69,-0.6,13.02
47,-0.03,-0.09,0.91,-4.28,-3.78,11.18
48,-0.03,-0.11,0.93,-5.91,-3.34,11.28
49,-0.02,-0.11,0.95,-6.23,-3.28,12.63
50,-0.02,-0.12,0.93,-7.5,-3.6,12.43
51,-0.01,-0.12,0.95,-8.24,-5.55,11.12
52,0.02,-0.13,0.95,-8.67,-6.95,9.49
53,0.04,-0.14,0.98,-8.88,-6.31,8.62
54,0.05,-0.12,0.98,-8.39,-5.34,7.69
55,0.05,-0.13,0.98,-7.84,-4.37,6.85
56,0.04,-0.13,0.99,-7.41,-3.16,6.21
57,0.05,-0.13,0.99,-6.73,-2.77,5.47
58,0.04,-0.15,1.02,-6.21,-3.06,3.66
59,0.05,-0.15,1.01,-5.0,-2.98,2.96
60,0.05,-0.16,1.02,-3.92,-2.79,1.11
61,0.03,-0.16,1.02,-1.8,-2.97,0.41
62,0.05,-0.15,1.0,-0.21,-1.55,-0.37
63,0.03,-0.14,1.0,1.18,-2.06,-2.11
64,0.03,-0.13,0.99,1.35,-2.67,-3.81
65,0.03,-0.13,0.98,1.37,-2.7,-5.63
66,0.02,-0.13,0.99,1.9,-3.92,-6.85
67,0.02,-0.12,0.97,2.55,-4.3,-7.31
68,0.01,-0.11,0.97,2.18,-2.66,-5.21
69,0.01,-0.12,0.96,0.44,-1.8,-6.81
70,0.0,-0.11,0.96,-1.11,-0.54,-6.98
71,0.01,-0.11,0.97,-2.11,1.03,-6.76
72,-0.01,-0.12,0.98,-2.44,1.49,-7.22
73,-0.02,-0.14,0.99,-2.19,0.15,-7.82
74,-0.03,-0.14,0.99,-0.85,-1.37,-8.26
75,-0.03,-0.13,0.99,-0.02,-3.28,-9.01
76,-0.04,-0.14,0.98,0.15,-5.57,-10.01
77,-0.03,-0.14,0.99,0.55,-6.64,-10.95
78,-0.02,-0.13,0.98,0.57,-5.76,-10.72
79,-0.03,-0.14,0.99,0.89,-4.04,-9.76
80,-0.01,-0.14,1.0,1.55,-1.96,-8.95
81,-0.02,-0.13,1.0,1.92,-0.46,-8.22
82,-0.02,-0.12,0.99,1.65,0.73,-7.58
83,-0.03,-0.11,0.99,0.92,-0.18,-7.66
84,-0.02,-0.12,0.97,-0.47,-1.01,-8.21
85,-0.01,-0.11,0.98,-0.97,-1.76,-7.6
86,-0.01,-0.11,0.97,-0.81,-2.44,-6.98
87,-0.01,-0.1,0.98,-1.15,-2.11,-6.84
88,0.01,-0.1,0.97,-2.06,-0.65,-6.52
89,0.01,-0.11,0.97,-2.37,-1.11,-6.67
90,0.0,-0.11,0.98,-1.63,-1.48,-6.85
91,0.0,-0.11,0.97,-2.08,-1.06,-7.47
92,-0.0,-0.11,0.97,-2.99,-2.38,-8.37
93,0.01,-0.11,0.98,-3.41,-2.72,-8.21
94,-0.01,-0.11,0.99,-4.05,-2.07,-7.47
95,0.01,-0.1,0.98,-4.81,-1.26,-6.7
96,0.01,-0.09,0.97,-6.41,-0.02,-6.99
97,0.0,-0.1,0.98,-7.25,0.12,-6.89
98,-0.0,-0.11,0.99,-7.53,0.72,-5.96
99,-0.01,-0.11,1.01,-7.56,1.18,-6.72
100,-0.02,-0.11,1.03,-5.98,0.94,-6.37
101,-0.03,-0.12,1.02,-4.4,0.53,-5.64
102,-0.03,-0.12,1.01,-3.63,0.18,-4.89
103,-0.02,-0.12,1.01,-3.9,0.86,-5.37
104,-0.03,-0.12,1.02,-4.33,1.66,-5.69
105,-0.04,-0.12,1.03,-4.0,2.79,-4.6
106,-0.06,-0.12,1.03,-3.01,3.44,-2.13
107,-0.05,-0.11,1.03,-2.37,4.37,-0.03
108,-0.04,-0.1,1.03,-1.1,6.27,2.32
109,-0.03,-0.08,1.02,-1.64,7.95,3.31
110,-0.05,-0.07,1.0,-2.24,8.53,5.07
111,-0.06,-0.06,1.01,-3.23,8.85,6.53
112,-0.08,-0.05,1.03,-3.52,8.77,8.3
113,-0.06,-0.04,1.03,-2.88,10.04,10.35
114,-0.06,-0.0,1.03,-2.24,11.89,12.53
115,-0.05,0.03,1.02,-3.31,14.6,13.46
116,-0.06,0.07,1.03,-4.56,16.56,14.63
117,-0.06,0.12,1.04,-6.73,18.66,14.27
118,-0.07,0.2,1.07,-9.39,22.98,15.29
119,-0.08,0.26,1.09,-13.68,28.66,17.68
120,-0.12,0.3,1.14,-16.3,33.86,19.81
121,-0.14,0.38,1.2,-20.65,41.12,22.11
122,-0.16,0.47,1.27,-27.58,50.89,23.5
123,-0.24,0.55,1.39,-30.76,57.66,20.24
124,-0.36,0.6,1.5,-27.09,54.69,20.99
125,-0.46,0.71,1.6,-19.18,48.31,26.07
126,-0.38,0.94,1.63,-9.74,51.27,29.82
127,-0.29,1.31,1.59,-15.02,75.73,30.77
128,-0.23,1.69,1.36,-23.28,102.01,53.93
129,-0.33,2.0,1.29,-34.63,88.85,48.57
130,-0.36,2.0,1.09,-58.5,67.15,40.22
131,-0.41,2.0,0.96,-79.31,50.13,33.24
132,-0.44,2.0,0.81,-91.87,8.53,19.08
133,-0.33,2.0,0.64,-111.07,-37.3,-9.38
134,-0.21,2.0,0.51,-119.98,-67.12,-38.4
135,-0.11,2.0,0.48,-121.89,-82.33,-60.92
136,0.16,1.42,0.27,-88.15,-62.77,-52.27
137,0.43,0.91,-0.35,-67.44,-65.34,-1.88
138,0.53,-0.07,-1.24,-16.72,-49.12,11.97
139,1.0,-1.3,-2.0,3.88,-109.31,38.05
140,1.33,-2.0,-2.0,-59.9,-216.98,-13.0
141,1.11,-2.0,-2.0,-233.47,-250.14,-111.08
142,1.55,-2.0,-2.0,-250.14,-250.14,-181.18
143,2.0,-2.0,0.06,-250.14,-250.14,-250.14
144,2.0,-2.0,2.0,-250.14,98.88,-250.14
145,0.83,-2.0,2.0,-250.14,250.13,-250.14
146,-2.0,-2.0,2.0,-157.62,250.13,-55.03
147,-2.0,-2.0,2.0,250.13,250.13,250.13
148,-2.0,-0.95,-1.05,250.13,-250.14,250.13
149,-0.93,0.46,-2.0,250.13,-250.14,105.74
150,1.97,1.39,-2.0,234.16,-250.14,5.88
151,2.0,1.39,-2.0,75.85,-250.14,15.16
152,2.0,1.01,-1.99,-68.42,59.3,12.5
153,2.0,0.15,-0.82,-194.83,250.13,-57.4
154,1.5,-0.68,0.8,-209.85,250.13,-117.33
155,-0.63,-1.28,1.96,-105.37,185.56,-121.68
156,-1.76,-1.27,1.87,23.73,-10.52,-87.66
157,-1.73,-1.02,1.36,84.47,-147.29,-43.39
158,-0.92,-0.8,0.97,88.42,-178.56,-16.92
159,-0.18,-0.55,0.76,71.85,-157.49,2.97
160,0.43,-0.3,0.54,51.94,-111.05,10.85
161,0.79,-0.14,0.35,24.01,-58.72,8.76
162,0.83,-0.13,0.37,-8.18,-16.21,-11.23
163,0.46,-0.26,0.59,-16.91,-5.59,-20.56
164,0.12,-0.43,0.8,-13.72,-6.65,-15.41
165,-0.01,-0.57,0.94,-11.8,-10.53,-7.65
166,-0.01,-0.61,0.98,-5.42,-14.38,-1.66
167,0.06,-0.61,0.95,2.35,-19.47,2.95
168,0.15,-0.62,0.91,7.89,-9.1,8.29
169,0.21,-0.55,0.92,9.38,-8.55,16.4
170,0.19,-0.52,0.92,6.94,-9.16,19.34
171,0.34,-0.5,0.92,8.35,-1.8,22.64
172,0.38,-0.47,0.95,5.19,12.84,27.03
173,0.43,-0.48,0.91,3.96,27.89,29.97
174,0.41,-0.44,0.89,5.73,37.23,32.78
175,0.45,-0.43,0.87,7.11,40.47,33.19
176,0.38,-0.39,0.82,8.41,36.37,28.5
177,0.29,-0.36,0.79,10.01,23.14,22.95
178,0.25,-0.41,0.84,11.49,8.56,17.83
179,0.24,-0.47,0.92,11.24,1.85,18.6
180,0.28,-0.53,0.93,-4.48,8.74,24.93
181,0.34,-0.55,0.96,3.8,27.14,27.78
182,0.28,-0.58,0.94,8.27,43.39,32.98
183,0.19,-0.55,0.96,7.86,45.95,35.96
184,0.12,-0.54,0.91,9.11,34.31,38.09
185,0.08,-0.55,0.86,8.06,15.94,28.85
186,0.05,-0.55,0.89,7.92,-3.19,21.19
187,0.13,-0.57,0.94,11.98,-14.08,18.98
188,0.21,-0.57,0.96,14.35,-7.35,21.67
189,0.28,-0.58,0.98,19.23,6.33,30.6
190,0.32,-0.56,0.97,21.74,22.48,40.5
191,0.4,-0.54,0.93,24.56,38.78,40.63
192,0.42,-0.47,0.88,24.37,56.39,39.36
193,0.34,-0.42,0.86,21.93,62.78,33.33
194,0.17,-0.37,0.87,25.14,50.47,27.55
195,0.06,-0.35,0.85,29.72,26.85,21.72
196,0.06,-0.35,0.83,33.68,6.67,22.38
197,0.1,-0.35,0.81,28.92,0.76,19.11
198,0.17,-0.36,0.81,19.43,8.53,20.3
199,0.18,-0.37,0.86,14.37,24.66,23.25
200,0.16,-0.38,0.88,14.07,39.05,29.84
201,0.13,-0.37,0.9,12.02,48.45,30.85
202,0.08,-0.35,0.9,12.54,49.08,30.66
203,-0.01,-0.35,0.91,15.31,35.96,26.75
204,-0.04,-0.35,0.89,18.24,14.97,20.81
205,-0.05,-0.36,0.88,19.74,-5.13,14.21
206,0.02,-0.35,0.88,17.95,-14.99,10.5
207,0.07,-0.33,0.87,14.79,-14.93,9.79
208,0.1,-0.33,0.88,10.44,-9.15,11.47
209,0.14,-0.34,0.91,7.71,-0.37,11.44
210,0.13,-0.34,0.94,9.14,6.11,11.4
211,0.08,-0.34,0.94,14.98,4.74,10.61
212,0.06,-0.34,0.87,22.42,-0.56,9.84
213,0.01,-0.35,0.89,24.16,-9.68,7.26
214,0.02,-0.33,0.86,24.15,-13.27,4.82
215,0.04,-0.31,0.82,21.42,-11.33,6.24
216,0.06,-0.29,0.8,17.71,-4.57,8.09
217,0.01,-0.28,0.81,14.27,-0.75,7.69
218,-0.04,-0.3,0.83,14.18,-5.4,8.5
219,-0.04,-0.27,0.87,13.0,-14.42,6.35
220,0.02,-0.28,0.89,13.98,-22.93,2.74
221,0.09,-0.29,0.93,17.19,-29.43,-5.5
222,0.15,-0.29,0.99,20.73,-29.44,-12.41
223,0.16,-0.26,1.01,25.53,-23.15,-13.3
224,0.1,-0.25,0.99,29.73,-18.47,-12.17
225,0.06,-0.23,0.95,28.22,-15.13,-11.05
226,0.05,-0.2,0.94,22.47,-12.62,-10.3
227,0.06,-0.18,0.94,19.64,-10.68,-7.25
228,0.05,-0.2,0.94,17.84,-15.65,-7.95
229,0.08,-0.21,0.97,15.13,-20.55,-13.89
230,0.13,-0.22,1.02,14.66,-20.6,-15.42
231,0.13,-0.24,1.04,17.91,-17.89,-15.5
232,0.13,-0.24,1.05,21.89,-14.78,-14.85
233,0.14,-0.24,1.05,25.6,-10.01,-12.05
234,0.14,-0.22,1.01,28.27,-5.26,-10.1
235,0.13,-0.18,0.94,26.54,-3.34,-10.08
236,0.09,-0.16,0.92,24.62,-5.66,-10.85
237,0.08,-0.16,0.92,21.41,-12.69,-13.69
238,0.12,-0.16,0.92,19.15,-14.6,-12.11
239,0.15,-0.17,0.93,16.21,-10.89,-9.11
240,0.16,-0.17,0.93,14.0,-4.13,-5.77
241,0.17,-0.18,0.91,14.05,2.37,-2.71
242,0.15,-0.18,0.9,14.16,4.78,-4.62
243,0.12,-0.16,0.89,14.16,4.25,-6.07
244,0.05,-0.14,0.87,12.9,-0.55,-7.26
245,0.02,-0.12,0.87,10.91,-6.24,-7.03
246,-0.0,-0.14,0.89,8.98,-13.18,-6.82
247,0.03,-0.14,0.91,7.56,-17.04,-4.11
248,0.1,-0.14,0.92,4.75,-19.6,-1.83
249,0.18,-0.14,0.94,1.6,-15.93,-0.73
250,0.21,-0.14,0.96,-0.02,-9.1,0.14
251,0.18,-0.13,1.0,-0.48,-3.64,0.92
252,0.16,-0.15,1.01,1.83,-1.02,1.46
253,0.11,-0.15,1.0,3.11,-4.6,-0.47
254,0.09,-0.15,1.01,3.54,-9.11,-3.82
255,0.09,-0.16,1.03,5.91,-11.71,-4.04
256,0.1,-0.15,1.03,6.41,-13.93,-5.57
257,0.15,-0.14,1.01,6.18,-13.37,-5.54
258,0.19,-0.13,1.01,5.27,-11.34,-5.21
259,0.21,-0.13,1.01,2.79,-8.87,-5.46
260,0.25,-0.14,0.99,1.69,-5.66,-4.63
261,0.27,-0.14,1.01,-2.59,-3.63,-8.43
262,0.26,-0.18,1.05,-2.56,-0.36,-8.6
263,0.23,-0.22,1.09,0.98,1.18,-10.08
264,0.24,-0.21,1.09,6.59,4.98,-9.35
265,0.21,-0.2,1.07,12.95,7.89,-10.08
266,0.19,-0.17,1.04,17.41,8.63,-11.46
267,0.19,-0.14,0.95,18.33,9.04,-11.8
268,0.15,-0.1,0.92,13.69,6.27,-14.94
269,0.11,-0.11,0.91,9.57,2.11,-17.15
270,0.12,-0.12,0.92,5.37,1.27,-17.44
271,0.13,-0.13,0.94,2.98,3.75,-14.52
272,0.11,-0.15,0.96,1.51,2.53,-14.11
273,0.14,-0.16,0.98,0.82,4.58,-12.71
274,0.17,-0.17,0.99,1.71,7.55,-13.61
275,0.2,-0.16,1.02,4.56,9.37,-13.79
276,0.19,-0.17,1.02,8.44,10.51,-14.64
277,0.18,-0.18,1.01,9.66,9.21,-18.58
278,0.16,-0.18,1.01,12.05,7.53,-20.34
279,0.15,-0.17,0.99,14.62,5.34,-21.35
280,0.15,-0.17,0.97,15.08,6.32,-21.18
281,0.15,-0.16,0.96,14.98,10.93,-18.38
282,0.15,-0.15,0.93,14.45,14.38,-16.31
283,0.15,-0.13,0.87,12.32,15.82,-15.89
284,0.15,-0.12,0.85,10.41,15.18,-16.34
285,0.14,-0.12,0.84,8.29,12.57,-17.69
286,0.15,-0.13,0.83,7.14,10.55,-19.71
287,0.15,-0.12,0.82,5.84,10.34,-20.39
288,0.13,-0.13,0.82,3.43,11.6,-20.4
289,0.12,-0.12,0.83,-0.28,12.58,-19.2
290,0.13,-0.12,0.84,-3.08,14.61,-19.52
291,0.12,-0.1,0.89,-5.26,14.24,-20.13
292,0.11,-0.1,0.89,-5.04,12.63,-22.14
293,0.12,-0.09,0.89,-6.85,12.44,-23.85
294,0.11,-0.08,0.92,-8.88,14.11,-23.33
295,0.1,-0.08,0.94,-9.06,17.62,-20.65
296,0.08,-0.08,0.95,-10.13,19.31,-19.61
297,0.05,-0.1,0.96,-10.98,18.63,-17.61
298,0.05,-0.1,0.97,-11.57,15.64,-18.47
299,0.08,-0.11,1.0,-11.63,12.56,-18.79
300,0.09,-0.11,1.01,-11.77,9.82,-19.9
301,0.09,-0.13,1.05,-11.65,9.09,-20.28
302,0.1,-0.13,1.06,-10.21,10.76,-18.66
303,0.11,-0.12,1.07,-8.24,15.08,-15.98
304,0.11,-0.1,1.03,-7.64,19.51,-13.15
305,0.1,-0.09,1.02,-9.03,22.31,-12.06
306,0.08,-0.09,0.99,-10.5,21.29,-12.98
307,0.04,-0.11,1.0,-11.74,17.17,-16.59
308,0.01,-0.15,1.04,-10.6,12.23,-17.84
309,0.03,-0.17,1.07,-7.36,10.53,-16.63
310,0.04,-0.17,1.06,-6.1,8.13,-16.46
311,0.08,-0.16,1.08,-6.08,9.08,-15.46
312,0.11,-0.15,1.09,-4.02,13.23,-12.86
313,0.1,-0.13,1.06,-1.61,14.44,-12.24
314,0.09,-0.12,1.03,0.24,13.21,-13.23
315,0.08,-0.12,1.03,0.39,11.08,-14.8
316,0.09,-0.12,1.01,0.16,11.52,-15.02
317,0.08,-0.11,0.99,-1.08,13.24,-13.84
318,0.06,-0.11,0.97,-3.35,13.26,-14.21
319,0.03,-0.12,0.98,-5.17,12.31,-14.09
320,0.04,-0.13,1.01,-4.83,14.67,-12.08
321,0.04,-0.13,1.03,-7.2,19.18,-9.63
322,0.02,-0.11,1.01,-3.0,17.3,-9.18
323,0.03,-0.07,1.0,-4.24,18.67,-9.35
324,-0.01,-0.06,0.98,-2.31,15.38,-7.46
325,-0.04,-0.06,0.97,-3.24,10.47,-8.59
326,-0.02,-0.07,0.98,-3.84,8.92,-8.75
327,-0.03,-0.07,0.99,-3.69,10.23,-6.15
328,-0.03,-0.07,0.99,-3.19,10.73,-4.6
329,-0.03,-0.05,0.98,-2.34,10.29,-2.08
330,-0.04,-0.06,0.97,-3.79,6.56,-2.58
331,0.02,-0.05,0.94,-6.19,1.33,-6.24
332,0.06,-0.04,0.95,-9.46,-2.39,-9.92
333,0.07,-0.05,0.97,-11.1,-5.53,-14.73
334,0.09,-0.07,1.01,-9.92,-7.44,-17.56
335,0.1,-0.07,1.03,-7.51,-5.17,-17.34
336,0.09,-0.06,1.03,-5.99,-2.28,-16.44
337,0.09,-0.05,1.0,-4.62,0.52,-15.33
338,0.06,-0.03,0.98,-5.19,1.04,-16.29
339,0.04,-0.03,0.98,-7.05,2.74,-15.33
340,0.02,-0.05,0.97,-8.55,3.56,-13.29
341,-0.02,-0.08,0.98,-11.64,2.0,-12.59
342,-0.01,-0.14,0.96,-8.4,4.91,-9.28
343,-0.01,-0.14,1.06,-10.44,6.93,-5.76
344,-0.02,-0.17,1.05,-9.49,8.5,-1.18
345,-0.01,-0.19,1.06,-9.18,7.4,-3.12
346,0.02,-0.18,1.04,-5.17,9.79,-2.21
347,0.01,-0.18,1.04,-3.8,9.89,-2.47
348,-0.02,-0.18,1.03,-2.69,7.61,-4.18
349,-0.04,-0.18,1.04,-1.5,5.88,-5.24
350,-0.03,-0.17,1.03,0.46,4.9,-5.14
351,-0.02,-0.15,1.0,1.5,5.62,-5.91
352,-0.05,-0.15,1.0,0.61,4.05,-5.58
353,-0.06,-0.14,1.0,1.17,2.03,-4.89
354,-0.06,-0.13,0.97,0.82,-0.11,-2.9
355,-0.05,-0.15,0.96,-1.01,-3.18,-4.23
356,-0.01,-0.14,0.98,-0.77,-1.6,-1.98
357,0.0,-0.14,0.98,1.62,1.55,1.93
358,-0.03,-0.13,0.93,0.26,-0.44,1.51
359,0.0,-0.14,0.95,-2.02,-4.7,-2.67
360,0.03,-0.13,0.97,-0.78,-2.66,-1.73
361,0.02,-0.12,0.95,0.08,-1.37,-0.88
362,-0.01,-0.11,0.92,-2.85,-2.54,-0.57
363,-0.01,-0.13,0.92,-7.1,-5.22,-2.82
364,0.02,-0.16,0.98,-6.89,-4.45,-2.38
365,0.04,-0.17,1.0,-4.73,-1.35,-0.41
366,0.02,-0.17,0.99,-3.14,0.55,0.98
367,-0.01,-0.17,1.0,-3.66,-0.75,0.07
368,0.01,-0.17,1.0,-2.56,-1.07,-0.05
369,0.03,-0.17,1.0,-1.41,0.34,0.82
370,0.02,-0.15,0.98,-1.42,1.85,1.83
371,-0.0,-0.15,0.97,-2.77,1.37,1.99
372,0.01,-0.16,0.98,-3.3,1.18,0.65
373,0.04,-0.15,1.0,-1.41,2.36,0.73
374,0.02,-0.15,0.98,0.12,4.13,1.09
375,-0.01,-0.14,0.97,-0.2,2.99,1.21
376,-0.01,-0.13,0.95,-1.82,0.6,0.16
377,-0.01,-0.14,0.97,-2.14,-1.0,0.27
378,0.01,-0.14,0.98,-2.4,-1.0,0.89
379,0.0,-0.14,0.97,-2.66,-1.14,2.21
380,-0.03,-0.14,0.97,-4.66,-2.63,1.56
381,-0.01,-0.16,1.0,-5.49,-3.27,1.3
382,0.01,-0.17,1.0,-3.27,-1.7,3.6
383,0.01,-0.17,1.0,-1.9,-1.08,4.63
384,0.0,-0.16,0.98,-2.06,-2.73,3.14
385,0.03,-0.17,0.99,-1.83,-3.77,1.35
386,0.04,-0.17,1.02,-0.38,-2.4,1.89
387,0.02,-0.15,1.0,1.43,-1.21,2.13
388,0.02,-0.15,0.97,0.64,-0.79,2.73
389,0.01,-0.14,0.97,-1.43,-2.18,0.89
390,0.02,-0.15,0.99,-1.72,-2.18,1.03
391,0.03,-0.14,0.98,0.08,-0.34,3.02
392,0.02,-0.13,0.95,-0.52,-0.88,3.49
393,0.02,-0.14,0.96,-2.74,-3.73,-0.48
394,0.03,-0.15,0.99,-2.13,-4.69,-1.22
395,0.03,-0.15,0.98,-0.5,-3.5,0.02
396,0.04,-0.13,0.96,-0.55,-1.47,1.74
397,0.03,-0.12,0.91,-1.95,-1.45,1.71
398,-0.01,-0.16,0.96,-6.32,-5.42,-2.36
399,0.02,-0.18,1.01,-4.63,-6.86,-1.52
400,0.05,-0.18,1.02,-0.95,-4.99,-0.79
