,accel_x,accel_y,accel_z,gyro_x,gyro_y,gyro_z
0,0.02,0.1,0.93,8.7,-3.87,-6.15
1,0.05,0.11,0.93,5.76,-4.28,-6.47
2,0.05,0.1,0.95,2.95,-1.47,-7.11
3,0.04,0.08,0.98,1.83,0.04,-6.75
4,0.03,0.08,0.99,1.05,2.61,-5.31
5,0.06,0.07,1.0,1.76,4.88,-4.11
6,0.03,0.07,1.0,3.24,5.19,-4.82
7,0.01,0.08,0.97,3.29,2.44,-5.43
8,0.02,0.08,0.96,1.71,0.05,-7.4
9,0.02,0.09,0.96,0.4,-2.78,-8.92
10,0.01,0.08,0.97,-0.93,-3.11,-9.6
11,0.0,0.08,0.98,-2.61,-0.34,-8.21
12,0.0,0.08,0.99,-3.46,2.11,-6.25
13,0.02,0.08,0.96,-3.99,3.21,-5.11
14,-0.01,0.08,0.96,-5.1,3.32,-3.6
15,-0.02,0.07,0.95,-7.06,0.78,-4.64
16,-0.01,0.06,0.95,-8.27,-4.18,-5.71
17,-0.0,0.05,0.98,-8.27,-6.33,-5.73
18,-0.0,0.03,1.01,-6.87,-6.14,-4.59
19,0.01,0.03,1.03,-4.7,-5.15,-2.4
20,0.02,0.04,1.03,-2.26,-1.92,-0.92
21,0.04,0.05,1.02,-0.77,-0.48,-0.41
22,0.03,0.06,0.99,0.71,-0.81,-0.62
23,0.04,0.07,0.99,1.7,-1.43,-0.44
24,0.05,0.08,0.98,1.91,-1.6,-1.46
25,0.04,0.08,0.95,0.76,-0.77,-1.99
26,0.03,0.09,0.96,-0.21,-3.59,-2.95
27,0.05,0.08,0.97,-1.45,-4.65,-4.13
28,0.04,0.09,0.97,-2.32,-4.12,-4.31
29,0.05,0.09,0.98,-3.2,-4.45,-3.82
30,0.06,0.07,0.98,-3.45,-2.6,-2.69
31,0.05,0.07,0.98,-4.1,-1.19,-2.95
32,0.04,0.07,0.99,-4.24,-0.89,-2.69
33,0.04,0.07,0.98,-3.8,0.24,-2.34
34,0.04,0.06,0.97,-5.2,-0.61,-4.53
35,0.02,0.05,0.99,-4.91,-2.27,-4.84
36,0.02,0.04,1.0,-3.69,-1.45,-3.93
37,0.02,0.04,1.02,-2.15,-0.21,-3.36
38,0.03,0.05,1.0,-0.53,1.71,-1.99
39,0.02,0.06,0.99,-0.26,2.75,-1.48
40,0.02,0.07,0.98,-0.47,3.27,-1.18
41,0.03,0.08,0.97,-0.53,3.57,-0.33
42,0.03,0.09,0.97,-1.7,1.91,-1.06
43,0.06,0.09,0.97,-2.67,0.41,-3.32
44,0.04,0.09,0.97,-3.41,-0.21,-4.34
45,0.04,0.09,0.99,-3.43,-0.58,-4.78
46,0.01,0.08,1.0,-3.64,2.24,-2.97
47,0.0,0.08,0.99,-3.59,2.44,-2.19
48,0.0,0.08,0.98,-3.92,0.74,-3.18
49,0.0,0.07,0.98,-4.23,-0.4,-3.08
50,0.0,0.06,0.98,-5.03,-1.28,-3.77
51,-0.01,0.05,0.98,-5.69,-3.02,-5.09
52,-0.01,0.04,1.0,-5.4,-4.37,-4.77
53,-0.01,0.03,1.02,-5.17,-3.4,-2.98
54,0.01,0.03,1.02,-3.76,-2.36,-1.38
55,0.04,0.03,1.04,-2.03,-0.66,-0.83
56,0.04,0.03,1.04,-0.18,-1.99,-1.5
57,0.06,0.04,1.03,1.09,-1.64,-2.26
58,0.07,0.05,1.03,2.28,0.56,-2.52
59,0.04,0.05,1.01,3.3,1.05,-1.98
60,0.04,0.07,0.99,3.89,2.09,-1.21
61,0.03,0.08,0.98,3.1,3.56,-0.39
62,0.04,0.09,0.96,1.15,3.5,-0.26
63,0.03,0.08,0.97,-0.17,3.17,0.34
64,0.04,0.08,0.98,-0.81,2.56,-1.06
65,0.03,0.08,0.99,0.15,0.78,-2.8
66,0.02,0.08,0.98,0.85,-0.27,-3.69
67,0.02,0.09,0.97,1.55,-0.9,-2.55
68,0.01,0.09,0.95,1.34,-0.03,-1.94
69,0.01,0.09,0.93,-0.4,-1.53,-2.79
70,0.02,0.09,0.95,-2.14,-2.15,-3.0
71,0.01,0.09,0.96,-2.91,-0.73,-2.71
72,0.01,0.07,0.96,-3.85,-1.33,-2.76
73,0.0,0.07,0.97,-4.18,-1.93,-3.69
74,0.0,0.07,0.99,-3.59,-0.31,-2.07
75,0.01,0.07,0.97,-2.98,-0.34,-0.61
76,0.02,0.08,0.97,-2.85,-0.4,-0.38
77,0.03,0.09,0.96,-3.62,-1.0,-1.6
78,0.02,0.09,0.96,-4.46,-2.14,-2.59
79,0.03,0.08,0.97,-5.06,-3.39,-3.27
80,0.05,0.09,0.97,-5.65,-2.82,-4.1
81,0.03,0.07,1.0,-5.08,-3.44,-4.53
82,0.02,0.06,1.01,-4.1,-4.35,-4.06
83,0.04,0.06,1.0,-3.17,-1.92,-2.5
84,0.03,0.06,1.02,-1.88,1.21,-2.19
85,0.02,0.07,1.0,-0.02,2.91,-0.92
86,0.02,0.08,0.96,0.09,0.5,-2.02
87,-0.0,0.09,0.97,-2.74,-4.16,-3.7
88,0.0,0.09,0.96,-3.45,-2.82,-2.6
89,0.0,0.09,0.96,-5.13,-1.64,-1.84
90,0.02,0.08,0.97,-6.37,-0.51,-1.27
91,0.02,0.07,0.99,-5.28,1.16,-0.31
92,0.01,0.07,0.98,-4.82,-1.32,-1.63
93,0.02,0.07,0.98,-4.6,-4.31,-2.53
94,0.02,0.07,0.97,-4.94,-3.61,-1.51
95,0.02,0.07,0.96,-6.11,-4.61,-2.53
96,0.04,0.06,0.99,-6.58,-4.34,-1.81
97,0.04,0.06,1.0,-6.4,-0.84,0.2
98,0.05,0.05,0.99,-6.8,0.5,-0.38
99,0.06,0.06,1.01,-5.73,1.55,0.39
100,0.04,0.06,0.99,-4.52,1.64,0.44
101,0.04,0.07,0.97,-4.9,0.74,-1.06
102,0.04,0.07,0.97,-6.6,0.25,-2.2
103,0.03,0.06,0.97,-8.28,-0.95,-3.36
104,0.03,0.04,0.98,-9.6,-0.79,-2.32
105,0.01,0.02,1.02,-9.4,1.1,-0.61
106,0.03,0.01,1.04,-8.49,-0.1,-0.11
107,0.04,0.01,1.06,-5.89,-0.87,-0.85
108,0.04,0.01,1.06,-3.29,-0.9,-1.85
109,0.06,0.02,1.06,-0.31,-2.04,-2.25
110,0.05,0.03,1.05,1.38,-2.62,-3.08
111,0.06,0.04,1.03,2.24,-2.0,-3.78
112,0.06,0.06,1.04,2.92,-0.95,-4.21
113,0.05,0.06,1.03,3.79,1.45,-3.4
114,0.04,0.07,1.01,4.07,2.2,-4.05
115,0.03,0.08,0.99,3.11,1.35,-5.77
116,0.01,0.08,0.99,3.18,0.81,-6.03
117,-0.0,0.09,0.98,2.56,0.44,-5.58
118,-0.01,0.09,0.98,2.4,0.9,-5.46
119,-0.01,0.1,0.96,2.64,1.46,-4.56
120,-0.01,0.1,0.95,1.97,1.88,-3.41
121,-0.0,0.1,0.94,1.05,2.08,-3.27
122,-0.01,0.1,0.94,0.78,0.12,-4.3
123,-0.0,0.1,0.95,1.04,0.05,-3.72
124,0.01,0.12,0.93,0.56,-0.12,-3.08
125,-0.0,0.13,0.93,-0.07,0.46,-2.87
126,0.01,0.13,0.93,-1.46,-0.69,-2.04
127,0.0,0.14,0.92,-2.82,-0.29,-1.27
128,0.0,0.15,0.92,-4.81,-0.27,-1.02
129,0.01,0.16,0.93,-6.53,0.41,0.05
130,0.0,0.17,0.92,-7.92,2.83,1.22
131,-0.01,0.18,0.92,-8.85,2.98,1.38
132,-0.01,0.19,0.94,-7.8,2.08,1.34
133,-0.02,0.21,0.95,-5.56,-0.14,1.2
134,-0.01,0.24,0.96,-2.74,2.87,4.43
135,0.01,0.3,0.93,-1.67,8.24,5.07
136,0.03,0.37,0.92,-1.03,10.66,6.59
137,0.04,0.44,0.96,4.36,20.15,8.28
138,0.0,0.5,0.86,-5.14,21.27,7.67
139,0.01,0.52,0.84,-10.55,17.37,4.45
140,-0.04,0.51,0.87,-18.17,17.33,4.72
141,-0.14,0.5,0.86,-26.38,17.5,3.61
142,-0.24,0.47,0.93,-35.42,11.5,3.65
143,-0.29,0.43,1.03,-37.34,10.65,9.42
144,-0.29,0.41,1.11,-34.54,11.53,16.92
145,-0.23,0.4,1.16,-28.94,11.43,22.42
146,-0.22,0.42,1.18,-24.23,14.04,28.32
147,-0.19,0.44,1.23,-18.27,19.4,34.18
148,-0.13,0.45,1.24,-14.47,23.95,38.21
149,-0.06,0.47,1.23,-9.98,29.6,38.34
150,-0.01,0.49,1.24,-10.76,27.27,33.88
151,0.04,0.51,1.2,-12.53,22.58,24.6
152,0.07,0.51,1.16,-12.76,16.4,13.66
153,0.02,0.52,1.14,-16.14,11.82,5.62
154,-0.07,0.51,1.1,-20.15,5.56,0.03
155,-0.11,0.53,1.09,-21.4,4.79,0.81
156,-0.11,0.55,1.08,-21.59,10.27,4.84
157,-0.11,0.59,1.02,-26.37,12.47,4.55
158,-0.11,0.59,0.96,-33.26,21.23,3.22
159,-0.07,0.57,0.9,-42.92,28.69,-0.54
160,-0.1,0.49,0.92,-50.77,22.04,-9.79
161,-0.12,0.36,1.06,-52.76,23.43,-12.47
162,-0.06,0.24,1.14,-45.32,36.05,-8.6
163,-0.13,0.16,1.2,-29.76,30.66,-9.72
164,-0.12,0.1,1.21,-10.27,7.22,-16.88
165,-0.07,0.07,1.17,9.85,-13.11,-22.72
166,0.01,0.01,1.06,24.78,-23.91,-24.57
167,0.12,-0.07,0.9,26.34,-15.5,-25.74
168,0.13,-0.16,0.75,16.08,0.95,-27.07
169,0.14,-0.22,0.64,-1.03,21.92,-27.02
170,0.11,-0.3,0.57,-22.82,32.81,-32.9
171,0.07,-0.43,0.61,-41.24,30.11,-39.41
172,0.06,-0.59,0.7,-48.03,28.14,-43.34
173,0.12,-0.76,0.83,-42.42,25.71,-45.8
174,0.17,-0.91,0.92,-27.4,18.94,-48.41
175,0.14,-0.96,0.81,-16.07,15.02,-52.66
176,0.02,-0.98,0.68,-15.03,2.72,-58.16
177,-0.05,-0.94,0.58,-21.9,-9.31,-58.91
178,-0.01,-0.91,0.55,-34.26,-12.15,-55.34
179,-0.01,-0.9,0.55,-48.86,-32.63,-63.03
180,-0.05,-0.88,0.62,-60.18,-57.3,-70.88
181,-0.11,-0.77,0.79,-63.27,-56.06,-61.05
182,-0.06,-0.68,0.91,-65.11,-51.54,-51.63
183,0.06,-0.7,1.02,-55.37,-46.57,-47.39
184,0.16,-0.74,1.15,-44.94,-44.04,-41.51
185,0.22,-0.67,1.2,-30.85,-30.28,-42.97
186,0.13,-0.57,1.26,-20.06,-27.08,-45.27
187,0.0,-0.54,1.23,-6.63,-18.58,-37.5
188,-0.01,-0.45,1.13,2.59,-1.27,-28.52
189,-0.04,-0.41,1.05,12.06,13.56,-16.03
190,-0.11,-0.34,0.92,12.04,5.81,-8.43
191,-0.11,-0.31,0.86,7.45,-3.68,-3.38
192,-0.1,-0.3,0.83,2.11,-17.94,0.6
193,-0.04,-0.31,0.88,-0.49,-28.11,6.0
194,0.07,-0.32,0.94,1.0,-31.32,7.62
195,0.14,-0.32,0.98,3.82,-30.61,8.07
196,0.15,-0.31,0.99,7.27,-21.87,10.49
197,0.14,-0.28,1.0,10.79,-12.28,14.66
198,0.15,-0.27,0.99,14.78,-10.03,15.65
199,0.16,-0.22,0.97,17.35,-13.87,13.95
200,0.14,-0.18,0.92,15.3,-15.73,10.74
201,0.15,-0.16,0.91,16.27,-16.27,8.24
202,0.1,-0.15,0.91,2.18,-10.6,6.46
203,0.08,-0.16,0.93,-4.79,-6.08,6.52
204,0.06,-0.17,0.96,-9.37,-3.46,7.43
205,0.04,-0.16,0.96,-13.12,-7.53,6.5
206,-0.0,-0.15,0.93,-20.25,-17.94,4.0
207,0.03,-0.2,0.95,-27.06,-23.2,4.85
208,0.11,-0.28,1.03,-30.56,-24.21,4.72
209,0.16,-0.33,1.03,-31.18,-16.15,4.86
210,0.21,-0.34,0.99,-32.67,-0.44,3.01
211,0.14,-0.29,0.98,-28.59,14.47,4.39
212,0.01,-0.26,0.89,-23.86,15.92,6.45
213,-0.1,-0.21,0.8,-19.46,0.67,10.31
214,-0.17,-0.22,0.77,-22.02,-31.1,5.16
215,-0.21,-0.26,0.92,-18.65,-68.37,2.64
216,-0.12,-0.33,1.03,-7.92,-85.05,9.35
217,0.0,-0.34,1.1,6.53,-88.21,15.78
218,0.13,-0.34,1.14,20.2,-89.47,16.92
219,0.22,-0.32,1.09,30.53,-80.4,18.69
220,0.25,-0.25,1.0,38.38,-60.44,21.82
221,0.23,-0.16,0.91,33.33,-46.12,22.97
222,0.19,-0.13,0.85,24.9,-32.06,24.02
223,0.22,-0.14,0.84,7.76,-24.15,22.57
224,0.27,-0.2,0.9,2.74,-18.12,14.94
225,0.27,-0.21,0.99,-3.37,-4.84,10.26
226,0.15,-0.25,1.03,-2.79,9.68,9.52
227,0.03,-0.27,1.08,5.89,9.66,12.27
228,-0.04,-0.33,1.03,10.31,2.42,14.69
229,-0.03,-0.33,1.02,16.21,-2.24,18.7
230,0.0,-0.31,0.99,19.15,-2.35,23.78
231,0.05,-0.28,0.94,19.73,-4.28,25.82
232,0.13,-0.22,0.94,17.54,-7.82,23.91
233,0.17,-0.16,1.0,14.58,-4.95,21.21
234,0.21,-0.14,0.97,17.78,7.67,21.39
235,0.2,-0.13,0.96,18.79,18.48,23.92
236,0.13,-0.1,0.92,19.31,23.37,24.47
237,0.06,-0.09,0.89,21.4,21.1,25.58
238,0.03,-0.08,0.87,18.46,19.81,29.92
239,0.05,-0.09,0.82,12.57,18.01,33.23
240,0.09,-0.07,0.83,5.73,16.27,36.02
241,0.09,-0.05,0.86,-1.95,23.18,43.51
242,0.1,-0.04,0.88,-6.39,31.98,52.92
243,0.18,-0.06,0.95,-9.13,36.91,54.35
244,0.29,-0.04,1.0,-6.12,43.31,45.66
245,0.34,-0.06,1.02,0.4,40.21,26.38
246,0.24,-0.06,0.96,7.07,23.72,3.38
247,0.05,-0.04,0.99,13.08,7.2,-4.89
248,-0.03,-0.02,0.96,13.82,0.27,-4.29
249,-0.04,-0.02,0.95,12.27,-1.58,-1.95
250,-0.05,-0.01,0.95,9.73,1.82,3.58
251,-0.06,0.01,0.94,5.61,8.79,11.27
252,-0.06,0.03,0.95,0.43,11.4,16.34
253,0.01,0.03,0.95,-6.51,14.04,17.49
254,0.09,-0.0,1.0,-12.48,16.31,14.73
255,0.2,-0.03,1.07,-14.64,15.7,4.84
256,0.21,-0.05,1.11,-13.4,13.14,-4.73
257,0.13,-0.08,1.14,-7.47,13.37,-9.54
258,0.06,-0.07,1.14,0.42,19.06,-7.31
259,-0.0,-0.04,1.11,9.27,25.15,-1.3
260,-0.02,-0.02,1.05,15.04,25.36,4.8
261,-0.03,0.01,0.98,14.2,21.28,4.94
262,-0.0,0.01,0.97,10.95,16.15,2.57
263,0.02,0.01,0.97,6.46,13.91,1.05
264,0.08,0.01,0.99,2.6,15.39,-2.76
265,0.07,-0.01,1.03,2.81,14.49,-8.95
266,0.03,-0.02,1.05,7.26,9.38,-13.87
267,-0.06,-0.03,1.03,14.5,1.94,-16.55
268,-0.11,-0.02,1.0,18.99,-9.38,-17.05
269,-0.12,-0.02,0.96,21.3,-15.51,-12.44
270,-0.07,-0.01,0.91,16.29,-19.13,-11.48
271,-0.01,-0.02,0.95,10.98,-17.58,-10.67
272,0.02,-0.02,0.98,6.67,-8.53,-7.37
273,0.02,-0.02,1.0,2.85,-4.17,-6.79
274,0.02,-0.0,1.04,2.06,-2.32,-7.03
275,0.01,0.0,1.06,4.05,-1.77,-7.73
276,-0.0,-0.0,1.04,4.86,-2.79,-8.85
277,-0.01,-0.01,1.04,6.5,-2.99,-8.7
278,-0.03,-0.02,1.02,9.39,-5.79,-7.92
279,-0.02,-0.01,0.99,8.69,-12.36,-11.07
280,0.0,-0.02,1.01,6.64,-14.63,-12.57
281,0.01,-0.02,1.01,6.22,-8.83,-9.96
282,0.02,-0.03,1.0,2.93,0.05,-7.56
283,-0.02,-0.04,1.02,1.15,7.7,-4.33
284,-0.02,-0.04,0.99,0.51,9.43,-3.83
285,-0.05,-0.05,1.0,0.52,6.53,-5.13
286,-0.04,-0.04,1.0,1.29,0.74,-7.39
287,-0.05,-0.04,1.0,2.37,-7.44,-11.73
288,-0.04,-0.04,1.03,5.97,-17.24,-15.45
289,-0.01,-0.04,1.04,9.73,-23.82,-16.98
290,0.01,-0.02,1.06,14.12,-24.51,-15.75
291,0.04,-0.02,1.02,14.82,-19.31,-12.75
292,0.06,-0.01,1.01,12.7,-12.37,-10.4
293,0.04,-0.0,1.01,11.67,-4.69,-5.89
294,0.03,-0.0,1.0,10.94,0.71,-4.24
295,0.02,0.01,1.0,10.49,-1.83,-5.62
296,0.02,0.02,0.98,11.12,-1.34,-6.34
297,0.02,0.02,0.95,9.64,-2.35,-5.09
298,0.0,0.02,0.96,8.47,-3.4,-4.55
299,0.02,0.03,0.96,6.85,-3.28,-4.94
300,0.03,0.02,0.97,5.1,-1.88,-5.85
301,0.01,0.01,0.99,4.85,0.01,-4.92
302,0.02,0.01,1.0,6.11,3.25,-2.1
303,0.02,0.03,0.99,7.18,5.44,-2.1
304,0.0,0.05,0.95,6.35,4.76,-3.65
305,-0.01,0.05,0.95,5.95,0.88,-5.59
306,-0.0,0.05,0.94,4.48,-3.37,-7.76
307,-0.02,0.06,0.94,2.63,-6.99,-9.06
308,-0.01,0.05,0.95,1.01,-8.85,-10.23
309,0.0,0.04,0.97,-1.51,-8.32,-11.15
310,-0.0,0.04,0.99,-4.63,-7.56,-10.72
311,0.01,0.03,1.02,-4.53,-6.0,-9.6
312,0.01,0.03,1.04,-3.34,-1.82,-6.11
313,0.01,0.03,1.04,-0.6,1.88,-3.24
314,0.04,0.03,1.02,2.77,4.18,-2.37
315,0.04,0.04,1.02,5.9,1.7,-3.56
316,0.05,0.05,1.0,7.37,-4.03,-5.44
317,0.05,0.05,0.99,7.82,-7.3,-9.09
318,0.04,0.05,1.0,6.28,-8.7,-11.5
319,0.01,0.05,1.0,5.46,-6.89,-11.12
320,-0.0,0.04,1.01,4.72,0.21,-5.53
321,0.01,0.04,1.0,4.9,9.61,1.47
322,0.04,0.05,0.97,3.5,12.61,2.08
323,0.04,0.06,0.94,1.44,7.97,-2.21
324,0.05,0.06,0.93,-1.2,4.28,-6.85
325,0.04,0.06,0.96,-3.58,4.24,-9.95
326,0.03,0.04,0.96,-3.11,2.15,-9.79
327,0.0,0.05,0.96,-2.73,-0.3,-9.93
328,-0.01,0.05,0.94,-2.63,-2.53,-10.15
329,-0.02,0.05,0.98,-3.5,-8.24,-10.05
330,0.01,0.05,0.98,-1.17,-6.5,-7.57
331,0.04,0.05,1.02,0.42,-0.86,-2.09
332,0.06,0.07,1.0,0.95,2.26,-1.31
333,0.06,0.09,0.98,-0.2,0.18,-3.44
334,0.06,0.09,1.0,-1.4,1.75,-3.87
335,0.06,0.12,0.97,-4.18,1.44,-4.66
336,0.03,0.12,0.99,-6.02,-0.07,-6.6
337,0.02,0.11,1.02,-5.8,-0.79,-6.69
338,0.0,0.1,1.04,-3.01,-2.56,-6.98
339,-0.01,0.08,1.06,1.49,-5.86,-6.96
340,0.01,0.09,1.04,6.85,-8.9,-6.52
341,0.0,0.08,1.0,10.58,-11.67,-6.02
342,-0.0,0.09,0.96,10.47,-16.47,-6.1
343,0.02,0.09,0.93,7.33,-17.23,-6.28
344,0.02,0.08,0.92,2.48,-13.21,-3.4
345,0.01,0.08,0.91,-3.85,-6.75,-0.98
346,0.02,0.07,0.91,-10.27,-1.58,2.68
347,0.0,0.06,0.93,-13.28,2.95,5.83
348,0.03,0.05,0.95,-15.68,5.3,7.21
349,0.07,0.04,0.95,-17.69,4.05,4.11
350,0.1,0.02,0.99,-16.8,0.92,0.89
351,0.12,0.02,1.01,-13.75,-5.47,-5.24
352,0.14,0.0,1.05,-9.69,-12.03,-9.47
353,0.17,0.0,1.06,-5.11,-8.37,-11.63
354,0.16,0.0,1.05,-1.95,-3.69,-11.78
355,0.13,0.02,1.04,-0.46,3.05,-10.54
356,0.11,0.04,1.0,-0.17,12.72,-6.71
357,0.07,0.05,0.96,-0.9,19.51,-2.81
358,0.03,0.07,0.92,-3.31,20.69,-1.22
359,0.01,0.08,0.87,-7.02,18.91,-2.57
360,0.01,0.08,0.87,-9.98,15.56,-2.28
361,-0.02,0.09,0.86,-13.04,11.82,-3.91
362,-0.06,0.07,0.9,-15.57,5.71,-3.76
363,-0.06,0.05,0.95,-17.76,-0.52,-3.28
364,0.01,0.03,1.01,-17.1,-1.74,-2.48
365,0.05,0.04,1.04,-14.98,0.12,-2.76
366,0.05,0.03,1.05,-12.8,-0.63,-4.05
367,0.04,0.04,1.04,-10.79,0.63,-3.61
368,0.04,0.04,1.04,-9.16,2.27,-3.93
369,0.03,0.04,1.01,-9.22,1.69,-5.41
370,0.01,0.03,1.01,-9.61,1.82,-5.63
371,0.01,0.02,1.0,-9.31,2.16,-5.7
372,-0.02,-0.01,1.02,-8.74,0.48,-6.31
373,-0.03,-0.04,1.04,-8.14,-0.82,-6.41
374,-0.02,-0.05,1.06,-5.15,2.11,-5.59
375,-0.0,-0.05,1.06,-0.29,3.1,-5.37
376,0.01,-0.04,1.05,3.49,3.44,-5.44
377,-0.02,-0.03,1.01,6.01,1.25,-6.15
378,-0.02,-0.01,0.97,5.84,-0.63,-6.7
379,-0.01,0.0,0.96,3.49,-1.44,-7.79
380,-0.01,0.0,0.99,3.09,-2.45,-8.09
381,0.0,-0.0,1.0,2.92,-3.07,-7.47
382,0.02,-0.0,1.01,2.4,-2.69,-8.13
383,0.03,-0.0,1.04,3.49,-2.11,-7.82
384,0.03,0.0,1.04,5.34,-0.18,-7.07
385,0.03,0.01,1.02,7.39,0.86,-5.88
386,0.02,0.01,1.01,8.2,-0.92,-6.37
387,0.01,0.02,0.99,8.69,-2.46,-7.09
388,0.03,0.03,0.98,7.8,-5.27,-8.35
389,0.04,0.03,0.96,6.31,-6.89,-10.26
390,0.03,0.02,0.98,5.21,-5.62,-9.29
391,0.01,0.02,0.98,5.29,-2.22,-5.92
392,0.02,0.01,0.97,6.05,-2.5,-4.56
393,0.02,0.01,0.95,6.24,-4.15,-3.2
394,0.01,0.02,0.91,4.16,-5.57,-2.15
395,0.02,0.03,0.91,0.02,-7.76,-1.19
396,0.03,0.03,0.89,-4.73,-8.01,-1.18
397,0.05,0.02,0.91,-9.0,-5.6,-1.8
398,0.06,-0.0,0.96,-11.26,-3.62,-1.6
399,0.05,-0.02,0.99,-10.35,-4.18,-1.05
400,0.06,-0.02,1.01,-8.08,-2.89,-1.3
