,accel_x,accel_y,accel_z,gyro_x,gyro_y,gyro_z
0,0.02,0.0,0.95,2.61,1.12,0.82
1,0.02,0.0,0.95,1.18,-0.29,0.65
2,0.03,0.01,0.97,0.24,-0.31,0.31
3,0.04,0.0,0.97,-0.09,-0.67,-0.76
4,0.02,0.0,0.97,-0.18,-1.08,-1.79
5,0.02,-0.01,0.98,-0.44,-3.66,-3.8
6,0.01,-0.01,0.99,0.38,-5.84,-5.68
7,0.01,-0.01,1.0,0.97,-5.13,-6.09
8,-0.0,-0.02,1.0,1.81,-4.34,-5.54
9,-0.0,-0.02,1.0,2.59,-5.31,-5.41
10,0.01,-0.02,1.0,3.18,-6.11,-6.83
11,0.04,-0.02,1.02,4.17,-1.89,-3.05
12,0.01,-0.03,0.99,5.09,-0.78,-0.56
13,0.01,-0.04,0.99,5.18,-1.91,-1.52
14,0.02,-0.03,1.0,5.11,-2.11,-2.18
15,-0.0,-0.03,1.0,5.37,-1.6,-1.41
16,-0.01,-0.03,0.99,5.33,-1.27,0.33
17,0.02,-0.02,0.98,4.18,-1.6,0.32
18,0.04,-0.02,0.98,3.31,2.37,1.21
19,0.04,-0.03,0.97,2.68,1.38,0.05
20,0.05,-0.03,0.97,1.92,-1.99,-2.43
21,0.04,-0.03,0.98,1.79,-3.6,-4.17
22,0.04,-0.03,0.99,1.07,-2.98,-5.02
23,0.02,-0.02,0.99,0.69,-2.53,-5.11
24,0.03,-0.02,0.99,1.29,-2.0,-3.93
25,0.03,-0.01,0.99,1.11,-1.71,-4.31
26,0.03,-0.01,0.99,1.13,-3.17,-5.24
27,0.03,0.01,0.99,0.94,-3.98,-5.34
28,0.04,0.0,0.98,0.67,-3.15,-5.62
29,0.02,0.01,0.98,1.34,-2.76,-5.27
30,0.01,0.02,0.99,1.91,-4.99,-3.92
31,0.03,0.01,0.99,2.33,-2.79,-2.83
32,0.03,0.01,1.0,3.05,-0.93,-2.64
33,0.03,0.01,0.99,3.5,-1.79,-1.91
34,0.03,0.01,0.98,3.25,-2.08,-3.64
35,0.02,0.01,0.98,3.01,-3.24,-4.5
36,0.01,0.01,0.99,2.89,-3.92,-4.75
37,0.01,0.02,0.99,3.26,-3.89,-3.99
38,0.01,0.01,0.99,3.74,-3.95,-3.18
39,0.03,0.01,0.97,3.31,-4.11,-3.54
40,0.03,0.02,0.96,2.66,-3.08,-3.35
41,0.02,0.03,0.96,2.17,-2.62,-3.2
42,0.02,0.03,0.96,0.73,-5.12,-3.48
43,0.03,0.03,0.96,-0.21,-6.85,-3.92
44,0.03,0.03,0.96,-1.44,-7.11,-3.73
45,0.03,0.03,0.97,-2.18,-6.86,-2.24
46,0.04,0.03,0.99,-3.34,-5.35,-0.56
47,0.07,0.03,0.99,-3.69,-5.86,-0.85
48,0.05,0.02,0.99,-3.09,-6.53,-1.33
49,0.05,0.02,0.99,-2.82,-6.56,-1.36
50,0.06,0.01,0.99,-3.39,-5.74,-2.08
51,0.07,0.0,0.99,-3.36,-3.85,-2.67
52,0.05,0.01,1.0,-2.1,-4.01,-2.23
53,0.06,0.01,1.0,-1.54,-3.22,-2.24
54,0.07,0.0,1.0,-1.27,-2.3,-2.89
55,0.07,0.01,0.99,-0.77,-2.02,-4.89
56,0.06,0.0,0.99,-0.47,-3.7,-5.57
57,0.05,0.01,0.98,-0.77,-3.54,-6.02
58,0.08,0.01,0.98,-2.04,-1.6,-5.21
59,0.07,0.0,0.99,-2.21,0.06,-4.87
60,0.05,0.0,0.99,-2.56,-0.15,-4.7
61,0.05,-0.0,0.99,-2.78,-1.28,-5.27
62,0.05,-0.0,0.98,-2.96,-1.46,-5.94
63,0.05,-0.0,0.98,-4.09,-2.23,-6.72
64,0.04,0.0,0.97,-5.13,-1.57,-6.85
65,0.04,0.01,0.99,-4.82,-2.14,-5.51
66,0.04,0.01,0.97,-5.44,-1.16,-4.73
67,0.03,0.01,0.98,-6.31,-1.16,-3.68
68,0.03,0.01,0.98,-7.0,-1.18,-3.08
69,0.02,0.01,0.99,-6.86,-1.08,-2.2
70,0.01,0.0,1.01,-5.76,-1.91,-1.3
71,0.03,0.0,1.03,-5.08,0.77,-0.18
72,0.03,0.01,1.02,-3.56,0.93,0.0
73,0.04,0.01,1.01,-1.36,1.21,0.78
74,0.04,0.01,1.01,0.4,1.85,0.3
75,0.04,0.01,1.0,1.45,1.94,0.08
76,0.03,0.01,0.99,2.31,1.47,-0.84
77,0.04,0.02,0.97,2.6,0.55,-0.99
78,0.02,0.02,0.97,2.23,-0.1,-1.3
79,0.02,0.01,0.97,1.32,-0.07,-0.81
80,0.02,0.02,0.96,0.21,-1.34,-0.65
81,0.02,0.02,0.95,-1.38,-1.43,-0.73
82,0.02,0.02,0.95,-3.06,-2.15,-0.82
83,0.02,0.01,0.97,-3.76,-3.78,-1.12
84,0.02,0.01,0.97,-5.51,-4.41,-1.22
85,0.02,0.02,0.97,-6.21,-4.78,-1.66
86,0.03,0.02,0.97,-7.01,-4.79,-1.18
87,0.03,0.02,0.98,-7.27,-4.92,-1.02
88,0.03,0.03,0.99,-7.41,-5.24,-0.62
89,0.05,0.03,0.99,-7.06,-4.68,-0.2
90,0.07,0.02,1.0,-6.02,-1.68,-0.27
91,0.05,0.02,1.01,-4.81,0.54,0.14
92,0.06,0.02,1.03,-1.67,-2.44,1.15
93,0.08,0.03,1.02,0.36,-2.26,1.02
94,0.08,0.02,1.0,1.18,0.27,-0.41
95,0.08,0.02,0.99,1.66,0.44,-1.08
96,0.08,0.02,0.98,1.48,-1.53,-2.94
97,0.07,0.02,0.98,1.08,-1.85,-4.57
98,0.05,0.01,0.98,0.44,-2.05,-4.76
99,0.05,0.0,0.98,-0.2,-3.92,-5.58
100,0.03,-0.0,0.99,-0.24,-3.79,-4.9
101,0.01,-0.01,1.02,0.9,-3.17,-2.56
102,0.03,-0.01,1.01,1.97,-0.55,1.18
103,0.04,-0.01,1.02,2.76,3.13,5.91
104,0.05,-0.01,1.0,3.1,6.44,9.89
105,0.03,-0.0,0.99,3.26,7.42,10.83
106,0.04,0.0,0.99,3.84,5.19,10.6
107,0.03,0.01,0.98,4.32,3.36,8.97
108,0.0,0.03,0.94,0.15,-2.48,7.14
109,0.05,0.02,0.95,0.83,-0.9,4.49
110,0.03,0.02,1.0,0.01,3.79,8.31
111,0.01,0.03,0.98,-0.24,1.04,9.16
112,0.04,0.03,0.99,-0.6,0.67,8.71
113,0.05,0.04,0.98,-0.86,-0.74,6.58
114,0.07,0.04,0.98,-1.02,-1.36,3.76
115,0.05,0.03,0.99,-0.07,-2.86,0.96
116,0.05,0.04,1.0,0.88,-4.22,-0.4
117,0.05,0.04,0.99,1.41,-3.02,-1.27
118,0.05,0.04,1.0,2.75,-3.47,-1.78
119,0.06,0.04,1.01,4.59,-4.53,-2.45
120,0.05,0.04,1.0,5.8,-3.54,-2.56
121,0.05,0.04,1.01,6.6,-2.75,-3.25
122,0.04,0.04,1.0,7.35,-2.54,-3.46
123,0.05,0.04,0.98,7.08,-3.31,-4.99
124,0.05,0.03,0.97,6.88,-3.4,-5.81
125,0.04,0.03,0.97,6.33,-4.23,-5.56
126,0.04,0.02,0.97,5.79,-4.92,-5.48
127,0.02,0.02,0.97,5.66,-7.93,-6.6
128,0.02,0.02,0.98,5.62,-9.7,-6.31
129,0.03,0.02,1.0,5.39,-7.79,-5.06
130,0.05,0.02,1.01,5.08,-4.34,-1.67
131,0.06,0.03,1.0,5.21,-0.21,2.24
132,0.06,0.03,0.99,5.33,0.11,2.22
133,0.06,0.05,0.98,5.44,-2.21,0.57
134,0.07,0.04,0.98,5.34,-4.63,-0.38
135,0.08,0.04,0.98,4.84,-3.22,0.19
136,0.07,0.05,0.97,3.38,-2.16,-0.16
137,0.07,0.04,0.96,1.19,-2.92,0.6
138,0.07,0.06,0.95,-0.8,-2.66,1.21
139,0.07,0.06,0.95,-3.85,-2.02,2.31
140,0.08,0.05,0.95,-6.21,-1.76,1.34
141,0.09,0.05,0.97,-7.37,-2.85,0.56
142,0.1,0.04,0.97,-8.18,-3.73,-0.42
143,0.09,0.03,0.98,-8.47,-3.27,-1.11
144,0.07,0.03,0.99,-8.41,-2.71,-1.5
145,0.07,0.03,1.01,-6.98,-4.02,-2.76
146,0.06,0.02,1.03,-4.6,-5.02,-3.71
147,0.05,0.0,1.06,-1.31,-3.73,-3.08
148,0.04,0.01,1.06,1.7,-1.87,-2.27
149,0.05,0.01,1.06,4.84,-0.37,-1.67
150,0.05,0.02,1.05,7.66,0.89,-1.21
151,0.05,0.01,1.03,10.21,-0.08,-1.6
152,0.05,0.02,1.02,12.31,-0.55,-1.15
153,0.05,0.02,0.99,12.76,-0.39,-0.53
154,0.04,0.03,0.97,11.77,0.15,-0.8
155,0.05,0.03,0.96,9.89,0.11,-2.27
156,0.06,0.03,0.95,9.18,-1.79,-0.91
157,0.05,0.03,0.95,7.99,-0.91,-0.75
158,0.04,0.03,0.96,6.44,-3.07,-1.53
159,0.04,0.04,0.96,5.44,-3.66,-2.19
160,0.02,0.03,0.98,4.94,-3.33,-2.35
161,0.01,0.03,1.0,4.82,-4.3,-2.67
162,-0.01,0.03,0.99,4.7,-4.61,-2.09
163,0.01,0.04,1.01,3.97,-1.26,1.37
164,0.02,0.06,1.0,4.23,-1.1,3.98
165,0.04,0.08,1.0,3.57,-0.17,4.9
166,0.06,0.1,1.0,4.95,0.77,6.11
167,0.09,0.1,0.97,5.34,1.34,7.9
168,0.1,0.14,0.94,4.01,1.6,6.36
169,0.12,0.17,0.93,2.44,-1.37,3.48
170,0.11,0.21,0.91,-0.45,-1.87,0.55
171,0.12,0.24,0.9,-3.3,-3.84,-0.07
172,0.11,0.26,0.88,-6.44,-1.27,0.69
173,0.09,0.3,0.86,-10.35,-0.4,0.56
174,0.08,0.32,0.86,-14.39,-6.34,-2.35
175,0.08,0.34,0.88,-17.49,-8.6,-2.84
176,0.06,0.37,0.89,-20.06,-5.78,-0.3
177,0.08,0.38,0.89,-23.56,-1.18,3.68
178,0.09,0.41,0.86,-27.42,-1.0,2.51
179,0.12,0.45,0.86,-33.65,2.12,1.98
180,0.13,0.51,0.85,-41.52,0.57,0.66
181,0.16,0.6,0.88,-50.75,2.92,0.76
182,0.2,0.69,0.93,-62.06,12.47,4.36
183,0.27,0.78,0.93,-74.9,22.27,6.5
184,0.34,0.84,0.94,-90.12,29.24,1.58
185,0.43,0.92,1.01,-102.89,34.07,-3.84
186,0.48,0.98,1.05,-115.63,37.19,-13.17
187,0.51,1.06,1.15,-124.69,41.34,-24.31
188,0.48,1.14,1.28,-125.65,44.6,-37.81
189,0.37,1.22,1.35,-118.18,40.45,-54.97
190,0.23,1.31,1.4,-114.81,31.34,-70.54
191,0.09,1.43,1.43,-111.55,17.39,-86.47
192,-0.1,1.53,1.44,-107.31,8.03,-106.54
193,-0.36,1.52,1.44,-96.69,-23.34,-121.63
194,-0.55,1.45,1.48,-82.08,-61.63,-121.05
195,-0.55,1.26,1.49,-65.18,-71.54,-101.33
196,-0.54,0.9,1.42,-38.44,-42.52,-60.53
197,-0.52,0.39,1.34,0.24,-12.05,-9.26
198,-0.24,-0.14,1.37,45.14,34.35,39.73
199,0.24,-0.76,1.23,97.36,133.07,90.15
200,0.55,-1.29,0.78,132.58,250.13,132.73
201,0.72,-1.69,0.17,129.51,250.13,146.96
202,0.95,-1.98,-0.24,112.54,250.13,93.77
203,0.79,-2.0,-0.69,68.15,165.03,22.31
204,0.01,-2.0,-0.83,-14.13,-5.22,-72.67
205,-0.68,-2.0,-0.24,-111.79,-146.85,-127.64
206,-1.17,-2.0,0.66,-180.22,-169.85,-120.42
207,-1.4,-2.0,1.4,-211.88,-119.84,-71.97
208,-1.23,-1.84,1.94,-179.56,-61.4,-24.67
209,-0.79,-1.54,2.0,-104.77,-8.44,-3.02
210,-0.33,-1.24,1.93,-30.37,30.5,8.59
211,-0.05,-1.04,1.61,22.78,30.39,-6.57
212,0.03,-0.79,1.11,58.43,1.24,-17.4
213,0.09,-0.67,0.76,67.14,-36.0,-28.55
214,0.13,-0.58,0.58,51.91,-56.79,-39.88
215,-0.03,-0.5,0.56,31.21,-46.98,-34.5
216,-0.16,-0.48,0.6,15.82,-19.08,-13.63
217,-0.19,-0.46,0.64,0.95,-5.24,2.97
218,-0.23,-0.48,0.76,-7.48,-15.2,12.41
219,-0.11,-0.53,1.0,-4.38,-26.53,17.18
220,0.04,-0.49,1.07,8.05,-26.24,20.68
221,0.16,-0.42,1.03,24.79,-26.93,20.45
222,0.24,-0.33,0.94,33.79,-35.44,15.5
223,0.25,-0.27,0.8,36.24,-42.06,8.76
224,0.25,-0.2,0.73,30.05,-41.77,5.95
225,0.24,-0.19,0.7,20.85,-24.75,9.39
226,0.2,-0.18,0.71,8.42,-1.85,15.18
227,0.18,-0.17,0.74,-6.61,17.15,15.15
228,0.11,-0.14,0.78,-15.51,21.09,12.98
229,0.02,-0.15,0.82,-18.34,5.46,13.03
230,-0.04,-0.19,0.88,-20.93,-18.56,12.21
231,-0.0,-0.24,0.96,-23.25,-40.53,7.92
232,0.09,-0.28,1.06,-20.95,-50.69,6.22
233,0.15,-0.33,1.17,-12.26,-49.61,7.0
234,0.22,-0.34,1.23,-3.98,-32.89,9.11
235,0.25,-0.32,1.21,2.94,-16.55,8.02
236,0.23,-0.31,1.12,12.4,-13.59,5.58
237,0.17,-0.3,1.07,18.24,-18.47,1.66
238,0.09,-0.32,1.02,22.24,-23.7,-1.19
239,0.03,-0.33,0.96,26.09,-24.2,2.92
240,-0.02,-0.35,0.89,27.6,-18.84,10.02
241,-0.01,-0.35,0.84,21.33,-9.39,13.63
242,0.02,-0.28,0.79,9.78,1.21,12.74
243,0.0,-0.24,0.78,3.86,4.56,14.56
244,-0.05,-0.24,0.77,1.81,-10.64,14.4
245,-0.02,-0.25,0.74,-1.53,-32.3,11.2
246,0.03,-0.26,0.74,-9.33,-45.37,8.38
247,0.08,-0.28,0.81,-16.82,-50.89,8.08
248,0.13,-0.28,0.86,-24.26,-45.63,10.5
249,0.18,-0.27,0.9,-30.58,-32.35,8.91
250,0.21,-0.27,0.94,-31.32,-20.83,9.27
251,0.17,-0.29,0.95,-26.56,-19.15,9.41
252,0.12,-0.33,0.98,-19.21,-27.82,7.91
253,0.12,-0.35,1.03,-12.37,-30.45,7.18
254,0.18,-0.31,1.05,-6.48,-27.35,2.52
255,0.21,-0.27,1.04,2.56,-21.56,-0.41
256,0.18,-0.26,1.02,12.82,-17.31,-0.33
257,0.13,-0.25,0.97,19.08,-12.68,0.76
258,0.09,-0.24,0.9,20.82,-6.08,3.76
259,0.06,-0.25,0.87,19.45,-1.48,9.44
260,0.09,-0.24,0.83,12.75,1.2,7.92
261,0.11,-0.19,0.83,4.75,3.89,5.37
262,0.07,-0.2,0.82,4.92,0.4,6.82
263,0.03,-0.2,0.83,4.31,-14.45,3.02
264,0.01,-0.2,0.84,4.31,-24.82,4.17
265,0.03,-0.23,0.85,7.6,-25.82,8.13
266,0.07,-0.24,0.88,5.24,-17.03,10.4
267,0.08,-0.21,0.91,3.64,-4.58,13.22
268,0.08,-0.16,0.9,3.15,3.95,14.55
269,0.04,-0.13,0.9,5.24,-0.85,16.63
270,0.07,-0.12,0.9,6.64,-13.24,16.13
271,0.16,-0.12,0.9,6.46,-13.63,14.84
272,0.2,-0.11,0.88,3.92,-10.66,15.98
273,0.22,-0.11,0.87,-2.01,-6.52,17.6
274,0.23,-0.13,0.89,-6.56,-0.81,18.93
275,0.26,-0.12,0.93,-9.33,4.78,17.34
276,0.26,-0.13,0.94,-9.3,11.28,16.05
277,0.2,-0.11,0.97,-7.01,11.81,9.6
278,0.11,-0.11,0.99,0.42,6.6,6.07
279,0.04,-0.11,0.99,9.11,0.24,3.35
280,-0.0,-0.13,0.97,16.86,-7.3,2.85
281,-0.02,-0.14,0.93,19.38,-12.69,3.95
282,0.02,-0.14,0.92,16.14,-11.5,9.11
283,0.06,-0.13,0.9,10.2,-5.47,13.74
284,0.11,-0.13,0.91,5.85,2.82,15.19
285,0.15,-0.11,0.9,-1.83,7.5,15.03
286,0.16,-0.11,0.91,-5.74,10.15,13.21
287,0.15,-0.11,0.93,-5.44,6.69,7.81
288,0.14,-0.11,0.96,-3.85,1.13,4.2
289,0.1,-0.12,0.97,-1.85,-1.91,-0.62
290,0.1,-0.14,0.96,-1.45,-6.62,-0.44
291,0.14,-0.15,0.97,-1.79,-4.64,-1.91
292,0.18,-0.14,0.97,-4.48,3.31,0.29
293,0.18,-0.14,1.0,-5.1,11.6,3.13
294,0.21,-0.14,1.0,-5.73,24.28,6.69
295,0.22,-0.1,1.0,-6.86,31.26,1.73
296,0.15,-0.07,1.0,-1.6,24.6,-4.12
297,0.07,-0.07,1.02,5.82,9.85,-9.75
298,0.09,-0.06,1.02,7.75,0.46,-18.81
299,0.09,-0.03,1.03,8.43,4.47,-19.42
300,0.03,-0.06,1.02,11.03,4.27,-13.88
301,0.06,-0.05,1.02,5.61,9.47,-8.71
302,0.08,-0.05,1.03,1.81,27.08,4.01
303,0.11,-0.02,1.01,-6.31,38.34,6.82
304,0.11,-0.04,1.03,-7.37,37.31,5.31
305,0.1,-0.05,1.05,-5.72,25.58,-3.08
306,0.1,-0.06,1.08,-0.95,13.43,-11.84
307,0.04,-0.09,1.07,4.93,4.82,-16.73
308,-0.06,-0.09,1.08,6.15,-5.38,-23.36
309,-0.06,-0.12,1.11,9.21,-8.82,-21.7
310,-0.09,-0.15,1.13,10.21,-6.52,-17.31
311,-0.08,-0.14,1.15,9.6,1.4,-10.47
312,-0.05,-0.16,1.15,10.73,12.34,-0.43
313,0.01,-0.15,1.15,9.5,18.05,1.61
314,0.08,-0.12,1.15,9.89,21.76,-0.84
315,0.08,-0.1,1.16,15.15,19.87,-7.66
316,0.09,-0.06,1.18,22.08,15.15,-14.62
317,0.04,-0.03,1.18,30.87,12.42,-20.34
318,0.0,-0.03,1.16,39.62,11.87,-24.27
319,-0.08,-0.02,1.09,47.27,8.2,-28.32
320,-0.14,-0.01,1.05,51.61,2.51,-29.39
321,-0.2,0.01,0.99,52.71,1.69,-25.58
322,-0.22,0.04,0.96,49.05,2.72,-14.82
323,-0.22,0.06,0.93,41.23,9.47,0.09
324,-0.17,0.07,0.89,31.05,16.69,10.47
325,-0.09,0.09,0.9,19.82,16.89,16.5
326,-0.04,0.12,0.89,11.1,13.02,18.34
327,0.02,0.12,0.93,5.19,10.27,18.55
328,0.08,0.11,0.95,3.22,4.5,11.81
329,0.09,0.09,1.01,2.55,-6.08,4.32
330,0.13,0.09,1.08,5.57,-10.6,-5.24
331,0.08,0.06,1.1,13.34,-13.37,-12.35
332,-0.06,0.03,1.11,24.83,-25.62,-13.79
333,-0.06,0.01,1.1,29.94,-26.11,-12.71
334,-0.11,-0.0,1.07,32.73,-15.65,-4.39
335,-0.15,0.01,1.02,32.55,-10.58,4.69
336,-0.12,0.02,0.96,28.95,-5.31,11.92
337,-0.1,0.03,0.92,24.67,-5.24,15.84
338,-0.06,0.04,0.88,19.43,-8.76,15.28
339,-0.02,0.05,0.85,13.35,-13.58,9.13
340,-0.06,0.04,0.86,11.91,-27.79,2.92
341,-0.09,0.03,0.89,10.94,-39.63,2.24
342,-0.1,0.02,0.9,7.11,-38.81,9.06
343,-0.1,0.02,0.91,1.66,-29.91,19.3
344,-0.1,0.04,0.92,-3.95,-26.54,29.56
345,-0.02,0.05,0.93,-6.37,-17.66,41.68
346,0.03,0.06,0.91,-8.72,-14.62,43.5
347,0.07,0.07,0.89,-10.05,-16.68,43.42
348,0.11,0.04,0.9,-10.51,-15.85,43.29
349,0.13,-0.0,0.91,-8.79,-26.17,40.85
350,0.17,-0.03,0.88,-9.8,-30.94,38.49
351,0.22,-0.04,0.91,-11.3,-28.78,40.02
352,0.24,-0.03,0.94,-11.8,-21.07,42.44
353,0.3,-0.02,0.96,-11.11,-17.36,44.4
354,0.32,-0.02,0.97,-7.48,-18.96,43.44
355,0.36,0.0,0.96,-5.44,-22.46,38.92
356,0.38,0.03,0.95,-3.28,-18.08,34.9
357,0.4,0.06,0.95,0.17,-16.66,31.09
358,0.39,0.04,0.92,1.73,-17.67,25.86
359,0.38,0.02,0.92,0.24,-21.61,20.45
360,0.4,0.02,0.92,-1.46,-21.81,14.92
361,0.38,0.02,0.91,-4.84,-14.21,12.44
362,0.38,0.03,0.93,-7.26,-13.94,8.28
363,0.33,0.02,0.94,-10.24,-17.5,3.68
364,0.27,-0.0,0.97,-9.0,-20.11,0.56
365,0.24,-0.01,1.01,-8.56,-22.28,-2.82
366,0.22,-0.02,1.03,-7.44,-19.96,-3.66
367,0.18,-0.04,1.04,-6.01,-15.9,2.22
368,0.21,-0.03,1.06,-6.49,-7.95,9.06
369,0.23,-0.04,1.07,-5.49,3.22,10.72
370,0.25,-0.02,1.07,-3.53,4.29,9.53
371,0.28,-0.01,1.07,-0.55,-0.74,4.59
372,0.25,-0.01,1.05,4.19,-1.75,-0.85
373,0.21,-0.02,1.05,6.01,-4.29,-5.67
374,0.16,-0.03,1.05,7.27,-5.45,-6.89
375,0.09,-0.03,1.07,10.69,-7.43,-4.24
376,0.09,-0.04,1.04,11.19,-1.69,2.11
377,0.11,-0.03,1.04,10.86,6.89,9.12
378,0.12,-0.02,1.03,12.61,11.84,12.16
379,0.14,0.01,0.99,15.28,4.69,7.69
380,0.18,0.0,0.98,17.75,2.17,6.98
381,0.16,0.01,0.95,19.45,-0.9,2.69
382,0.17,0.03,0.92,19.65,-1.6,-2.5
383,0.16,0.03,0.92,17.05,-5.8,-5.9
384,0.16,0.03,0.89,14.18,-6.33,-5.48
385,0.18,0.04,0.87,7.67,-4.82,-4.12
386,0.19,0.06,0.9,0.56,-2.27,-5.21
387,0.19,0.07,0.92,-2.54,-5.27,-3.51
388,0.22,0.07,0.95,-5.0,-3.56,-0.56
389,0.22,0.07,0.96,-6.5,-1.25,-2.17
390,0.2,0.06,0.98,-5.26,-3.86,-4.22
391,0.17,0.04,1.01,-2.48,-6.37,-5.31
392,0.17,0.05,1.02,-0.02,-5.51,-6.15
393,0.17,0.05,1.02,1.17,-2.82,-4.84
394,0.17,0.06,1.01,0.37,4.26,-2.35
395,0.2,0.06,0.99,-0.15,4.18,-0.34
396,0.22,0.06,0.95,-4.82,5.76,-0.57
397,0.22,0.06,0.95,-9.12,4.24,-3.11
398,0.21,0.04,0.95,-10.94,-2.08,-7.56
399,0.19,0.02,0.97,-11.94,-8.41,-9.37
400,0.19,-0.01,1.01,-11.69,-7.87,-9.68
