,accel_x,accel_y,accel_z,gyro_x,gyro_y,gyro_z
0,0.1,-0.12,0.95,-4.73,-0.04,0.63
1,0.11,-0.11,0.95,-5.04,-0.08,0.53
2,0.12,-0.09,0.94,-6.34,-1.06,-0.83
3,0.12,-0.09,0.94,-6.82,-0.67,-0.51
4,0.11,-0.1,0.93,-8.79,-1.53,-1.59
5,0.1,-0.11,0.94,-10.39,-3.63,-3.18
6,0.11,-0.11,0.96,-11.21,-2.86,-3.41
7,0.11,-0.12,0.98,-11.09,-1.34,-1.87
8,0.1,-0.13,0.97,-10.99,-1.69,-2.5
9,0.12,-0.13,0.98,-10.63,-1.25,-2.92
10,0.14,-0.14,0.99,-9.37,1.61,-1.25
11,0.1,-0.15,0.98,-9.15,0.98,-2.18
12,0.08,-0.14,1.0,-8.36,-1.02,-2.79
13,0.11,-0.14,0.99,-6.55,-0.21,-1.05
14,0.11,-0.13,1.0,-6.65,2.3,-0.05
15,0.11,-0.14,0.99,-6.34,2.98,0.9
16,0.09,-0.15,0.99,-6.22,0.04,-1.65
17,0.13,-0.13,0.98,-5.98,-0.02,-2.05
18,0.12,-0.13,0.97,-6.16,1.56,-0.53
19,0.09,-0.14,0.97,-8.17,-2.23,-3.15
20,0.11,-0.15,0.99,-9.18,-4.54,-4.82
21,0.13,-0.16,1.0,-8.54,-2.02,-2.26
22,0.13,-0.17,1.02,-7.23,-0.28,-1.24
23,0.14,-0.18,1.01,-5.31,-1.42,-3.03
24,0.17,-0.17,1.03,-3.59,1.02,-3.5
25,0.15,-0.17,1.02,-1.39,3.27,-3.45
26,0.13,-0.16,1.01,-0.27,2.18,-4.54
27,0.15,-0.16,0.99,-1.53,1.25,-7.08
28,0.18,-0.15,1.01,-1.38,4.24,-4.78
29,0.15,-0.15,1.01,-0.42,5.63,-4.55
30,0.15,-0.15,0.97,-0.29,4.44,-6.0
31,0.14,-0.15,0.99,-1.81,2.55,-9.66
32,0.13,-0.16,1.01,-0.82,3.06,-9.59
33,0.13,-0.15,0.99,1.37,3.31,-9.24
34,0.13,-0.14,0.97,0.08,4.71,-8.95
35,0.12,-0.13,0.99,-0.79,4.85,-8.27
36,0.1,-0.13,0.99,-0.05,3.99,-8.09
37,0.1,-0.14,0.96,-1.05,1.03,-10.31
38,0.1,-0.14,0.98,-2.26,1.33,-10.65
39,0.07,-0.16,1.0,-1.05,1.56,-9.66
40,0.08,-0.16,0.98,-0.08,0.79,-9.13
41,0.06,-0.16,0.98,-1.58,1.27,-9.12
42,0.05,-0.17,1.0,-1.37,1.01,-7.85
43,0.04,-0.17,0.98,0.04,-0.01,-6.62
44,0.04,-0.17,0.99,-0.59,-0.53,-6.6
45,0.05,-0.18,0.99,0.07,-0.79,-5.27
46,0.06,-0.17,0.99,1.66,-0.12,-3.9
47,0.06,-0.17,0.97,2.16,0.48,-2.09
48,0.05,-0.16,0.96,1.44,-1.1,-2.79
49,0.06,-0.14,0.98,1.89,-0.74,-1.57
50,0.07,-0.13,0.95,1.54,0.12,-0.99
51,0.09,-0.11,0.94,0.15,1.07,0.13
52,0.08,-0.1,0.94,-0.94,1.28,1.34
53,0.08,-0.11,0.93,-2.69,0.67,0.33
54,0.09,-0.11,0.94,-2.47,-0.15,0.5
55,0.11,-0.1,0.94,-2.77,1.44,0.98
56,0.1,-0.1,0.93,-3.85,1.23,0.89
57,0.09,-0.11,0.94,-5.68,-0.31,-1.53
58,0.1,-0.12,0.94,-5.85,-0.56,-0.43
59,0.09,-0.11,0.94,-5.85,0.1,0.22
60,0.08,-0.12,0.95,-7.27,-0.47,-0.08
61,0.08,-0.13,0.96,-8.41,0.6,0.63
62,0.07,-0.13,0.97,-7.93,0.82,1.71
63,0.08,-0.14,0.97,-8.27,-0.05,0.39
64,0.08,-0.14,0.97,-8.63,-0.55,-0.04
65,0.09,-0.15,0.98,-8.47,-1.56,-0.86
66,0.09,-0.16,0.98,-8.98,-2.53,-1.89
67,0.09,-0.16,0.99,-8.18,-1.6,-0.83
68,0.09,-0.16,0.99,-7.35,-1.11,0.19
69,0.09,-0.16,0.98,-8.43,-1.69,-0.53
70,0.1,-0.16,0.99,-8.36,-1.86,-0.17
71,0.1,-0.16,1.01,-7.36,-2.31,-0.37
72,0.11,-0.16,0.99,-6.51,-1.36,0.27
73,0.11,-0.17,0.99,-7.26,-2.38,-1.34
74,0.12,-0.16,1.01,-5.57,-2.4,-0.88
75,0.12,-0.16,1.0,-4.4,-1.88,-0.45
76,0.11,-0.16,0.97,-5.24,-2.19,-1.01
77,0.12,-0.17,0.99,-5.44,-3.04,-2.53
78,0.13,-0.17,0.99,-4.69,-2.35,-3.67
79,0.14,-0.17,1.0,-4.45,-0.45,-2.44
80,0.12,-0.18,0.99,-4.95,-0.96,-4.51
81,0.13,-0.19,1.0,-3.63,-0.71,-4.55
82,0.12,-0.19,0.99,-3.11,-0.19,-4.5
83,0.12,-0.18,0.99,-2.98,-0.1,-4.98
84,0.11,-0.18,0.99,-2.06,-0.73,-5.63
85,0.11,-0.18,0.98,-2.62,-0.05,-6.28
86,0.1,-0.19,1.01,-2.62,0.65,-5.98
87,0.1,-0.17,0.99,-0.87,1.87,-4.73
88,0.1,-0.16,0.99,-0.21,2.63,-3.84
89,0.09,-0.14,0.96,-1.47,2.34,-4.75
90,0.09,-0.14,0.97,-1.48,1.11,-5.39
91,0.09,-0.14,0.97,-1.15,0.01,-4.93
92,0.1,-0.12,0.95,-2.66,-0.63,-5.87
93,0.11,-0.13,0.96,-3.92,0.14,-5.4
94,0.09,-0.14,0.96,-3.96,-0.93,-6.27
95,0.1,-0.13,0.96,-3.73,-1.01,-6.61
96,0.1,-0.13,0.98,-3.97,0.11,-6.27
97,0.09,-0.14,0.96,-3.68,-0.02,-5.79
98,0.07,-0.14,0.97,-3.98,-1.01,-6.6
99,0.08,-0.15,0.98,-3.93,-1.24,-5.73
100,0.06,-0.15,0.99,-4.33,-0.73,-5.78
101,0.07,-0.16,1.0,-2.97,-0.33,-4.42
102,0.07,-0.15,0.99,-2.02,0.79,-2.89
103,0.07,-0.14,0.97,-2.56,1.41,-2.08
104,0.06,-0.14,0.96,-3.19,-0.11,-2.5
105,0.06,-0.14,0.97,-3.51,-1.65,-2.97
106,0.06,-0.14,0.96,-4.34,-1.98,-2.84
107,0.08,-0.14,0.98,-4.27,-1.07,-1.45
108,0.07,-0.15,0.98,-4.56,-0.85,-1.4
109,0.09,-0.15,0.98,-4.02,-0.54,-0.97
110,0.09,-0.14,0.98,-3.56,-0.25,-0.71
111,0.08,-0.13,0.98,-3.47,-0.73,-0.61
112,0.07,-0.13,0.98,-4.32,-1.81,-1.35
113,0.08,-0.14,0.99,-3.91,-1.95,0.11
114,0.08,-0.15,0.98,-3.94,-1.29,0.66
115,0.07,-0.15,1.0,-3.99,-1.38,1.24
116,0.08,-0.16,1.0,-3.75,-1.03,1.64
117,0.08,-0.16,0.99,-3.78,0.66,3.18
118,0.05,-0.16,1.01,-3.31,0.8,4.26
119,0.04,-0.16,1.02,-2.51,0.67,5.59
120,0.03,-0.15,1.03,-1.79,0.82,7.87
121,0.02,-0.15,1.01,-0.53,0.92,10.82
122,0.03,-0.14,1.02,-0.31,-0.14,11.34
123,0.03,-0.13,1.01,0.5,-0.9,12.79
124,0.04,-0.13,1.01,0.37,-1.89,12.53
125,0.06,-0.12,1.01,0.66,-1.28,14.39
126,0.06,-0.11,1.01,1.67,-0.1,16.61
127,0.07,-0.08,1.02,2.55,0.45,17.79
128,0.08,-0.06,1.0,3.22,3.19,20.85
129,0.09,-0.01,0.99,2.89,4.63,22.24
130,0.08,0.03,0.98,2.27,6.4,22.31
131,0.08,0.05,0.96,2.01,8.42,24.43
132,0.08,0.09,0.94,0.71,10.19,26.32
133,0.07,0.13,0.93,-1.27,13.66,28.28
134,0.07,0.18,0.94,-2.56,14.57,31.16
135,0.11,0.25,0.94,-4.24,19.5,37.45
136,0.08,0.34,0.94,-14.15,17.92,37.22
137,0.12,0.43,0.89,-23.2,31.24,33.62
138,0.11,0.49,1.04,-17.25,26.6,38.66
139,0.08,0.61,1.14,-21.16,28.66,37.34
140,0.07,0.66,1.25,-21.74,29.2,32.38
141,0.04,0.75,1.39,-20.74,33.05,30.06
142,0.02,0.82,1.48,-22.53,45.79,29.02
143,-0.18,0.95,1.61,-19.31,50.58,26.95
144,-0.23,1.14,1.65,-8.95,55.13,34.66
145,-0.24,1.32,1.59,2.58,70.6,51.44
146,-0.39,1.52,1.47,18.42,65.88,44.41
147,-0.52,1.73,1.29,19.6,59.9,35.19
148,-0.52,2.0,1.09,-5.98,49.52,30.55
149,-0.53,2.0,0.88,-37.01,28.88,26.51
150,-0.61,2.0,0.66,-66.53,-11.79,31.16
151,-0.71,2.0,0.33,-67.79,-81.0,13.82
152,-0.65,1.76,0.16,-79.44,-157.89,-22.77
153,-0.22,1.14,0.3,-79.93,-181.33,-25.05
154,0.36,0.53,-0.11,-49.3,-113.42,30.38
155,0.46,-0.14,-0.6,-21.82,-18.91,106.09
156,0.52,-1.04,-1.52,-39.37,34.52,168.93
157,1.15,-1.88,-2.0,-96.98,137.62,231.66
158,1.38,-2.0,-2.0,-225.02,189.92,250.13
159,1.12,-2.0,-2.0,-250.14,94.86,118.95
160,1.89,-2.0,-2.0,-250.14,-158.73,-207.05
161,2.0,-2.0,2.0,-250.14,-225.37,-250.14
162,1.87,-2.0,2.0,-250.14,-0.74,-250.14
163,-1.79,-2.0,2.0,-250.14,250.13,-250.14
164,-2.0,-2.0,2.0,145.03,250.13,189.63
165,-2.0,-2.0,1.65,250.13,80.31,250.13
166,-2.0,0.41,-2.0,250.13,-250.14,250.13
167,0.84,1.52,-2.0,249.83,-250.14,-115.02
168,2.0,1.39,-2.0,14.52,-250.14,-231.9
169,2.0,0.76,-1.62,6.77,-250.14,-82.79
170,2.0,0.37,-0.91,-62.25,87.63,11.45
171,2.0,0.02,-0.3,-192.19,250.13,-1.53
172,1.32,-0.76,0.74,-250.14,250.13,-69.85
173,-0.46,-1.39,1.57,-135.75,250.13,-55.32
174,-1.96,-1.1,1.33,-16.23,159.57,-23.92
175,-2.0,-0.8,1.14,-1.7,-40.44,-27.98
176,-1.35,-0.89,1.05,85.31,-157.32,25.05
177,-0.17,-0.92,0.97,76.2,-216.5,28.9
178,0.5,-0.64,1.13,77.87,-173.48,31.31
179,1.0,-0.5,0.99,54.08,-76.97,31.57
180,0.97,-0.41,0.91,31.28,-8.55,20.84
181,0.72,-0.42,0.86,24.37,15.87,8.85
182,0.43,-0.45,0.82,20.89,25.02,4.25
183,0.25,-0.48,0.76,15.34,28.29,6.93
184,0.17,-0.47,0.7,9.18,25.41,10.25
185,0.12,-0.49,0.67,0.27,22.25,10.0
186,0.09,-0.5,0.72,-9.32,20.85,9.8
187,0.12,-0.55,0.74,-10.3,26.2,20.07
188,0.21,-0.65,0.74,-5.66,26.75,31.98
189,0.14,-0.59,0.81,-7.72,16.92,29.54
190,0.15,-0.58,0.9,-7.76,10.44,18.9
191,0.12,-0.62,0.88,8.18,-16.7,19.35
192,-0.02,-0.6,0.98,20.89,-58.61,10.55
193,0.23,-0.62,0.96,38.02,-84.38,8.74
194,0.41,-0.61,0.96,43.28,-72.64,8.91
195,0.51,-0.53,0.93,42.27,-37.01,16.74
196,0.54,-0.5,0.88,38.95,9.77,32.31
197,0.52,-0.51,0.83,27.45,49.37,37.65
198,0.47,-0.47,0.79,20.52,74.95,39.13
199,0.34,-0.41,0.78,19.14,81.11,36.0
200,0.17,-0.4,0.78,31.67,66.74,37.37
201,0.01,-0.37,0.79,23.03,37.19,28.17
202,0.14,-0.39,0.78,23.32,18.78,28.0
203,0.17,-0.42,0.84,15.87,11.94,20.12
204,0.24,-0.44,0.91,13.92,13.09,14.95
205,0.31,-0.49,0.96,19.76,18.1,3.8
206,0.3,-0.5,1.0,28.15,27.47,-1.1
207,0.22,-0.43,0.94,35.21,40.14,1.05
208,0.01,-0.42,0.91,48.81,37.21,2.18
209,-0.2,-0.35,0.78,53.13,12.5,0.1
210,-0.23,-0.3,0.73,49.32,-14.82,2.41
211,-0.14,-0.27,0.75,36.14,-36.19,-5.08
212,0.03,-0.25,0.8,29.92,-30.5,6.14
213,0.19,-0.28,0.83,19.73,-16.69,8.5
214,0.28,-0.31,0.89,14.97,3.11,13.09
215,0.26,-0.33,0.95,16.62,18.1,14.61
216,0.2,-0.32,0.95,19.89,21.7,10.66
217,0.1,-0.27,0.95,23.34,13.74,4.39
218,0.01,-0.27,0.91,29.87,-1.99,3.9
219,-0.02,-0.25,0.88,28.84,-17.85,-0.63
220,0.02,-0.27,0.93,27.89,-27.38,-1.22
221,0.09,-0.29,0.97,29.31,-30.77,0.34
222,0.22,-0.27,1.01,30.29,-21.94,3.11
223,0.24,-0.28,1.02,30.12,-9.6,6.44
224,0.17,-0.25,1.03,24.47,-4.98,-9.16
225,0.22,-0.26,0.98,29.79,-1.05,-1.27
226,0.17,-0.24,0.96,33.79,-7.95,-2.95
227,0.09,-0.23,0.96,30.58,-14.44,-6.83
228,0.06,-0.21,0.98,29.11,-21.27,-5.87
229,0.11,-0.22,0.99,28.48,-23.7,-1.49
230,0.19,-0.21,0.99,25.4,-18.01,1.37
231,0.24,-0.2,1.0,22.1,-9.92,1.35
232,0.23,-0.22,1.0,19.84,-3.48,1.2
233,0.21,-0.22,1.0,18.6,0.44,0.79
234,0.2,-0.21,0.99,18.73,3.27,2.04
235,0.04,-0.23,0.99,17.32,0.67,0.82
236,0.13,-0.21,0.98,13.91,3.71,0.73
237,0.11,-0.2,0.99,11.82,3.47,3.32
238,0.13,-0.19,1.01,11.09,4.99,10.41
239,0.15,-0.21,1.01,9.18,4.3,12.08
240,0.22,-0.23,1.03,8.66,-0.53,6.02
241,0.32,-0.25,1.03,16.34,4.99,8.15
242,0.3,-0.23,1.06,19.63,8.28,6.83
243,0.27,-0.22,1.05,23.61,8.79,2.39
244,0.26,-0.18,1.02,27.89,5.46,-5.07
245,0.24,-0.15,0.99,30.35,3.34,-7.95
246,0.19,-0.14,0.96,28.56,2.96,-8.46
247,0.13,-0.16,0.95,25.44,0.31,-9.0
248,0.12,-0.15,0.98,23.9,-0.14,-5.76
249,0.14,-0.16,0.96,20.41,5.54,-2.51
250,0.13,-0.14,0.96,16.69,8.6,1.01
251,0.26,-0.17,0.99,7.22,3.16,3.11
252,0.21,-0.1,0.99,18.82,8.54,8.52
253,0.23,-0.07,0.94,16.34,6.59,5.45
254,0.37,-0.1,0.89,18.33,9.34,6.0
255,0.34,-0.06,0.97,11.32,5.15,-9.31
256,0.32,-0.08,0.98,11.93,6.0,-15.48
257,0.29,-0.08,1.0,13.91,6.46,-20.34
258,0.23,-0.1,0.99,16.64,8.28,-21.32
259,0.18,-0.11,0.98,17.4,10.39,-22.18
260,0.13,-0.1,0.97,17.47,16.25,-17.18
261,0.07,-0.1,0.93,14.54,19.0,-14.11
262,0.04,-0.1,0.91,10.88,19.92,-10.44
263,0.01,-0.09,0.91,9.63,17.15,-7.56
264,0.04,-0.08,0.92,9.65,9.04,-7.73
265,0.12,-0.05,0.91,9.32,5.59,-7.07
266,0.13,-0.05,0.9,6.76,3.74,-9.82
267,0.15,-0.05,0.92,7.03,2.14,-10.82
268,0.19,-0.03,0.92,5.28,2.8,-14.34
269,0.2,-0.03,0.93,0.87,8.52,-16.65
270,0.16,-0.05,0.94,0.88,13.37,-15.81
271,0.13,-0.06,0.93,0.76,18.83,-12.23
272,0.09,-0.06,0.9,-2.46,23.89,-7.67
273,0.08,-0.07,0.88,-3.24,24.89,-3.83
274,0.25,-0.16,0.75,12.21,37.93,14.76
275,0.09,-0.02,0.91,-6.65,22.06,-3.86
276,0.11,-0.01,0.9,-6.01,19.03,-4.77
277,0.1,0.01,0.9,-8.57,14.85,-8.24
278,0.07,0.0,0.91,-9.16,12.4,-10.45
279,0.06,0.0,0.93,-8.35,10.37,-11.16
280,0.06,-0.01,0.93,-6.18,10.26,-10.18
281,0.05,-0.05,0.88,-3.34,9.66,-15.48
282,0.11,-0.01,0.87,-3.75,9.53,-13.16
283,0.12,-0.01,0.83,-6.48,10.38,-19.2
284,0.07,-0.02,0.85,-8.71,5.15,-25.58
285,0.04,-0.04,0.88,-8.6,-3.98,-30.57
286,0.05,-0.04,0.92,-7.23,-10.37,-34.67
287,0.05,-0.06,0.93,-5.53,-16.1,-38.82
288,0.07,-0.07,0.92,-4.4,-18.24,-38.98
289,0.07,-0.08,0.9,-4.6,-18.79,-37.9
290,0.08,-0.06,0.91,-9.61,-18.77,-39.53
291,0.09,-0.08,0.93,-14.37,-14.53,-35.66
292,0.06,-0.11,0.95,-22.24,-13.04,-36.53
293,0.12,-0.12,1.0,-19.74,-5.51,-23.5
294,0.09,-0.13,1.03,-20.87,2.78,-14.76
295,0.13,-0.15,1.03,-21.3,8.37,-10.57
296,0.15,-0.14,1.05,-17.82,10.87,-8.56
297,0.15,-0.14,1.05,-15.13,10.3,-11.19
298,0.13,-0.14,1.05,-12.44,9.24,-13.3
299,0.09,-0.15,1.04,-8.85,5.04,-14.14
300,0.07,-0.16,1.02,-6.37,-0.21,-14.88
301,0.05,-0.18,1.03,-5.89,-3.85,-14.42
302,0.05,-0.2,1.04,-4.27,-6.29,-12.93
303,0.1,-0.19,1.06,-2.31,-4.66,-8.83
304,0.14,-0.16,1.04,-2.54,0.79,-4.97
305,0.09,-0.09,1.04,-10.33,3.57,-10.84
306,0.19,-0.12,1.03,-7.82,11.63,-1.63
307,0.19,-0.11,1.02,-7.72,13.84,-2.44
308,0.19,-0.11,1.0,-7.92,12.34,-6.92
309,0.17,-0.14,1.0,-6.5,7.43,-14.71
310,0.15,-0.13,1.01,-3.5,4.65,-17.05
311,0.14,-0.14,1.01,-0.02,3.24,-19.78
312,0.12,-0.12,1.0,1.63,5.54,-19.13
313,0.06,-0.1,0.97,-0.61,5.42,-18.69
314,0.02,-0.11,0.97,-2.77,1.95,-20.76
315,0.03,-0.12,1.01,-5.11,-0.15,-19.62
316,0.04,-0.12,1.02,-4.93,3.08,-15.04
317,0.04,-0.12,1.04,-3.28,2.82,-14.34
318,0.06,-0.12,1.02,-1.09,2.98,-13.76
319,0.05,-0.12,1.0,-0.7,2.15,-14.51
320,0.01,-0.13,1.0,0.83,-3.22,-14.74
321,0.01,-0.13,1.01,1.64,-7.95,-18.57
322,0.05,-0.1,0.99,0.47,-8.86,-19.53
323,0.08,-0.09,0.98,-2.12,-5.11,-16.66
324,0.05,-0.1,1.0,-4.18,-5.4,-16.62
325,0.07,-0.09,0.99,-10.69,-4.86,-19.15
326,0.1,-0.09,1.01,-6.35,-5.7,-14.56
327,0.12,-0.08,1.02,-7.59,-4.76,-16.56
328,0.12,-0.07,1.0,-8.0,-5.22,-17.74
329,0.1,-0.07,1.01,-6.0,-8.52,-20.0
330,0.09,-0.07,1.01,-5.34,-9.83,-21.11
331,0.1,-0.09,1.01,-4.76,-8.5,-19.36
332,0.09,-0.09,1.01,-5.94,-7.11,-18.92
333,0.11,-0.09,1.03,-3.39,0.85,-12.91
334,0.1,-0.1,1.02,-5.27,5.5,-8.85
335,0.09,-0.11,1.02,-6.73,8.99,-5.24
336,0.09,-0.12,1.0,-8.33,10.69,-4.11
337,0.1,-0.11,1.01,-8.85,9.38,-5.11
338,0.1,-0.12,1.01,-8.11,7.6,-6.95
339,0.09,-0.14,1.02,-6.53,3.51,-10.66
340,0.08,-0.14,1.03,-3.44,-0.21,-12.89
341,0.08,-0.13,1.02,-1.61,-1.0,-14.29
342,0.08,-0.12,1.0,-0.65,0.45,-13.61
343,0.07,-0.12,0.98,-2.15,0.1,-14.85
344,0.07,-0.12,0.99,-2.26,-0.49,-14.26
345,0.05,-0.12,1.0,-3.02,-2.6,-14.47
346,0.07,-0.13,1.02,-3.0,-0.95,-12.28
347,0.08,-0.13,1.03,-2.69,2.81,-8.61
348,0.07,-0.13,1.04,-1.44,5.14,-6.14
349,0.07,-0.12,1.04,0.69,6.95,-3.98
350,0.08,-0.11,1.02,3.19,6.73,-3.18
351,0.08,-0.1,0.98,3.22,5.51,-5.21
352,0.09,-0.09,0.96,1.66,2.75,-8.03
353,0.09,-0.08,0.94,-0.84,-0.15,-12.02
354,0.09,-0.09,0.95,-2.27,-0.03,-12.0
355,0.08,-0.11,0.97,-2.05,-1.55,-13.1
356,0.08,-0.11,0.98,-0.3,-2.04,-11.87
357,0.07,-0.11,0.98,0.32,-2.73,-11.18
358,0.07,-0.12,1.0,2.11,-3.37,-9.66
359,0.09,-0.12,0.98,3.34,-4.34,-8.78
360,0.09,-0.12,0.98,2.91,-5.3,-10.14
361,0.11,-0.11,0.98,4.11,-3.31,-8.1
362,0.08,-0.1,0.97,4.01,-2.34,-7.31
363,0.09,-0.09,0.95,2.89,-1.27,-6.95
364,0.1,-0.08,0.93,2.24,1.6,-4.84
365,0.07,-0.08,0.93,0.08,0.55,-5.4
366,0.05,-0.09,0.95,-1.5,-2.05,-6.49
367,0.09,-0.09,0.95,-1.17,-0.5,-5.99
368,0.1,-0.1,0.96,-1.89,2.62,-2.45
369,0.06,-0.11,0.95,-3.68,2.65,-2.86
370,0.07,-0.12,0.97,-3.82,0.76,-2.76
371,0.08,-0.12,0.99,-2.83,1.83,-1.57
372,0.08,-0.12,1.0,-1.92,2.72,-0.43
373,0.07,-0.12,1.0,-0.44,2.47,-0.55
374,0.08,-0.1,1.0,1.27,2.7,-0.95
375,0.08,-0.08,0.97,2.05,4.72,1.24
376,0.05,-0.08,0.93,0.64,4.25,1.79
377,0.02,-0.08,0.94,-3.1,-1.51,-1.37
378,0.06,-0.07,0.94,-4.92,-3.64,-2.31
379,0.09,-0.07,0.95,-5.21,0.27,0.82
380,0.05,-0.09,0.95,-6.76,0.26,2.06
381,0.03,-0.1,0.96,-8.67,-5.79,-1.26
382,0.09,-0.1,0.99,-7.79,-7.1,-1.96
383,0.14,-0.11,0.99,-6.81,-1.17,1.28
384,0.09,-0.11,0.98,-7.08,-0.54,1.85
385,0.08,-0.12,0.99,-7.01,-2.98,0.04
386,0.12,-0.11,0.99,-6.27,-3.7,-1.54
387,0.16,-0.1,1.01,-5.08,1.98,0.87
388,0.14,-0.1,0.97,-3.65,4.3,3.14
389,0.09,-0.11,0.94,-6.13,0.56,-0.06
390,0.06,-0.13,0.97,-9.49,-7.03,-5.23
391,0.11,-0.14,1.0,-9.95,-9.4,-7.82
392,0.15,-0.16,1.02,-7.12,-3.83,-5.39
393,0.11,-0.15,1.01,-4.21,-0.64,-2.14
394,0.09,-0.16,0.99,-3.85,-0.3,-1.44
395,0.06,-0.16,0.99,-4.66,-4.31,-2.72
396,0.09,-0.15,0.98,-4.37,-6.47,-4.56
397,0.14,-0.14,0.97,-4.62,-3.02,-4.04
398,0.12,-0.12,0.97,-4.6,1.61,-0.15
399,0.06,-0.13,0.93,-6.15,0.13,0.27
