,accel_x,accel_y,accel_z,gyro_x,gyro_y,gyro_z
0,0.05,-0.21,0.96,13.97,-4.5,3.45
1,0.04,-0.21,0.95,13.15,-4.18,4.53
2,0.04,-0.2,0.95,12.53,-2.09,7.74
3,0.04,-0.19,0.95,11.25,-2.1,8.96
4,0.04,-0.19,0.95,11.0,-1.67,9.85
5,0.06,-0.17,0.96,10.41,-1.62,11.24
6,0.08,-0.15,0.95,9.88,-1.66,10.98
7,0.08,-0.15,0.96,9.81,-2.6,8.47
8,0.09,-0.13,0.97,10.79,-2.4,5.92
9,0.1,-0.13,0.95,10.87,-1.27,4.63
10,0.08,-0.12,0.95,10.27,-2.53,2.9
11,0.09,-0.12,0.95,9.4,-1.95,2.71
12,0.08,-0.11,0.94,7.6,-1.08,3.69
13,0.09,-0.09,0.94,5.58,-1.45,4.4
14,0.09,-0.08,0.95,2.75,-1.7,4.24
15,0.08,-0.09,0.95,0.7,-2.85,3.47
16,0.08,-0.1,0.97,-0.27,-2.37,3.7
17,0.07,-0.11,0.97,-0.76,-2.27,3.61
18,0.06,-0.11,0.98,-0.66,-2.25,1.77
19,0.06,-0.11,0.97,-0.01,-2.02,1.75
20,0.04,-0.1,0.94,-0.42,-3.3,0.37
21,0.05,-0.11,0.95,-2.2,-4.06,-0.24
22,0.05,-0.12,0.95,-3.79,-4.33,0.24
23,0.06,-0.12,0.95,-5.94,-4.24,1.82
24,0.04,-0.12,0.96,-7.86,-5.02,1.16
25,0.04,-0.14,0.96,-8.34,-4.63,0.83
26,0.04,-0.15,0.96,-7.79,-3.98,2.3
27,0.03,-0.15,0.99,-7.41,-6.23,-1.08
28,0.04,-0.17,1.01,-4.85,-5.44,-0.54
29,0.03,-0.18,1.0,-2.48,-1.81,2.72
30,0.03,-0.17,1.0,-1.92,-0.55,3.36
31,0.03,-0.16,0.97,-1.63,1.5,5.82
32,0.03,-0.14,0.95,-2.99,0.41,6.47
33,0.05,-0.13,0.94,-4.3,-1.06,6.64
34,0.05,-0.13,0.94,-5.47,-2.98,4.52
35,0.05,-0.14,0.96,-5.94,-6.15,2.55
36,0.05,-0.16,0.98,-5.53,-7.18,1.24
37,0.06,-0.16,1.0,-4.5,-5.87,-0.17
38,0.08,-0.15,1.0,-3.36,-2.23,1.68
39,0.09,-0.14,0.99,-2.0,2.07,3.39
40,0.08,-0.14,0.97,-0.91,1.47,2.59
41,0.07,-0.12,0.96,-1.16,-1.37,-1.83
42,0.08,-0.14,0.95,-1.47,-3.12,-3.45
43,0.06,-0.14,0.96,-2.46,-3.2,-3.83
44,0.06,-0.17,0.97,-3.16,-3.98,-4.46
45,0.06,-0.16,0.98,-3.32,-3.25,-3.58
46,0.07,-0.17,0.99,-2.92,-2.36,-2.2
47,0.07,-0.17,0.98,-2.59,-2.02,-2.03
48,0.06,-0.18,0.98,-2.45,-2.47,-2.82
49,0.06,-0.17,0.99,-1.73,-2.1,-2.12
50,0.05,-0.18,0.98,-1.31,-1.93,-1.05
51,0.06,-0.18,0.98,-2.25,-2.64,-1.82
52,0.07,-0.17,0.98,-1.98,-1.18,-0.99
53,0.07,-0.16,0.98,-1.8,-1.67,-1.67
54,0.07,-0.16,0.99,-1.27,-1.89,-3.02
55,0.08,-0.16,0.97,-0.25,-1.93,-2.76
56,0.06,-0.17,0.96,-1.02,-3.57,-3.89
57,0.06,-0.16,0.97,-1.78,-4.38,-4.08
58,0.07,-0.16,0.98,-2.64,-3.59,-2.71
59,0.07,-0.16,0.99,-2.38,-1.3,-0.76
60,0.06,-0.16,0.99,-1.88,-1.98,-1.54
61,0.07,-0.16,0.99,-0.91,-1.34,-1.21
62,0.07,-0.15,0.98,-0.82,0.36,-0.24
63,0.07,-0.15,0.96,-0.77,-0.02,-0.56
64,0.07,-0.14,0.96,-1.38,-2.53,-2.73
65,0.08,-0.16,0.96,-2.4,-2.76,-1.99
66,0.08,-0.16,0.97,-3.5,-3.15,-2.85
67,0.08,-0.17,0.98,-3.56,-2.72,-3.13
68,0.09,-0.17,0.99,-3.16,-1.28,-3.86
69,0.08,-0.18,1.0,-1.82,-0.8,-4.94
70,0.08,-0.18,1.0,0.13,-0.14,-5.54
71,0.07,-0.18,0.98,1.66,-0.88,-5.89
72,0.07,-0.19,0.99,2.59,-0.55,-7.4
73,0.07,-0.18,0.99,3.65,1.03,-5.73
74,0.08,-0.16,0.99,3.63,1.64,-5.82
75,0.07,-0.15,0.99,3.76,1.23,-7.19
76,0.07,-0.15,0.98,4.06,2.79,-5.92
77,0.06,-0.13,0.97,3.53,3.08,-6.09
78,0.07,-0.12,0.97,3.24,3.5,-5.53
79,0.06,-0.11,0.96,3.18,4.63,-7.48
80,0.06,-0.11,0.94,-0.4,1.33,-5.67
81,0.06,-0.11,0.95,0.29,-2.17,-8.94
82,0.07,-0.12,0.95,-2.02,-1.69,-8.46
83,0.07,-0.12,0.95,-2.53,-0.92,-8.24
84,0.07,-0.13,0.96,-2.98,-1.53,-8.62
85,0.06,-0.14,0.97,-3.93,-3.3,-9.88
86,0.05,-0.15,0.98,-3.87,-4.47,-11.0
87,0.05,-0.17,0.98,-3.24,-4.08,-10.69
88,0.04,-0.18,0.99,-2.6,-1.84,-9.73
89,0.03,-0.18,0.98,-2.66,0.15,-5.72
90,0.03,-0.16,0.97,-3.09,2.76,-5.27
91,0.04,-0.14,0.96,-3.34,3.19,-4.6
92,0.04,-0.12,0.96,-4.18,2.77,-3.23
93,0.04,-0.12,0.95,-5.56,0.61,-1.53
94,0.05,-0.1,0.94,-7.21,-2.56,-2.61
95,0.05,-0.1,0.95,-7.47,-3.49,-4.89
96,0.05,-0.11,0.96,-7.5,-3.74,-4.7
97,0.05,-0.13,0.95,-7.93,-6.13,-6.18
98,0.06,-0.16,0.95,-13.05,-1.39,-15.48
99,0.08,-0.13,1.0,-6.75,-2.76,-5.64
100,0.08,-0.15,0.97,-7.66,-0.86,-4.42
101,0.06,-0.15,0.96,-6.47,-1.37,-4.59
102,0.07,-0.15,0.97,-5.25,-1.14,-3.66
103,0.07,-0.16,0.97,-7.05,-3.6,-4.41
104,0.07,-0.17,0.98,-7.13,-4.17,-4.91
105,0.07,-0.16,0.99,-7.02,-2.19,-3.37
106,0.08,-0.16,0.99,-7.31,-1.28,-1.77
107,0.07,-0.17,0.99,-7.15,-1.1,-2.66
108,0.08,-0.18,0.99,-6.52,-2.13,-3.89
109,0.07,-0.18,0.98,-6.02,-1.98,-3.86
110,0.07,-0.17,0.98,-6.09,-1.99,-3.61
111,0.07,-0.18,0.99,-5.78,-0.63,-4.52
112,0.07,-0.18,0.99,-5.31,0.21,-7.18
113,0.08,-0.19,0.99,-4.89,-0.74,-5.05
114,0.07,-0.19,1.0,-4.17,-2.24,-4.25
115,0.08,-0.19,1.01,-3.19,-0.12,-2.89
116,0.07,-0.18,0.99,-2.38,2.66,0.93
117,0.07,-0.18,0.98,-2.44,2.4,1.18
118,0.08,-0.17,0.98,-2.48,1.69,-0.08
119,0.08,-0.16,0.99,-1.94,1.66,-1.02
120,0.07,-0.16,0.98,-1.49,1.33,-1.08
121,0.06,-0.16,0.98,-1.29,1.05,-0.94
122,0.06,-0.16,0.97,-2.08,1.15,-0.68
123,0.06,-0.17,0.97,-2.4,1.47,0.55
124,0.06,-0.17,0.97,-2.72,0.66,0.76
125,0.07,-0.16,0.98,-2.32,1.42,0.92
126,0.07,-0.16,0.98,-1.37,2.21,0.27
127,0.06,-0.16,0.98,-0.47,0.61,-1.68
128,0.07,-0.16,0.97,0.12,-0.11,-2.02
129,0.06,-0.16,0.96,-0.47,0.18,-2.37
130,0.06,-0.16,0.97,-0.64,0.88,-1.33
131,0.07,-0.16,0.97,-1.18,1.48,-0.76
132,0.08,-0.15,0.97,-1.43,1.34,-1.45
133,0.06,-0.16,0.96,-1.24,-0.58,-2.57
134,0.06,-0.17,0.97,-1.09,-2.05,-4.14
135,0.07,-0.18,0.98,-1.0,-1.21,-3.46
136,0.07,-0.18,0.99,-0.89,0.5,-2.42
137,0.08,-0.17,0.98,-1.53,2.11,-1.0
138,0.08,-0.16,0.97,-1.76,1.27,-1.66
139,0.08,-0.17,0.98,-1.27,-1.69,-4.49
140,0.08,-0.18,0.99,0.11,-1.6,-4.97
141,0.07,-0.19,1.01,0.6,0.77,-3.54
142,0.07,-0.18,1.0,1.44,3.6,-2.0
143,0.06,-0.16,0.98,1.73,4.78,-0.51
144,0.06,-0.14,0.96,1.33,3.2,-1.66
145,0.07,-0.14,0.95,0.4,1.08,-3.28
146,0.07,-0.14,0.95,-1.06,-0.5,-4.83
147,0.06,-0.16,0.96,-1.85,-1.56,-5.94
148,0.06,-0.17,0.98,-1.71,-1.67,-5.24
149,0.06,-0.17,0.98,-1.81,-2.05,-4.92
150,0.05,-0.17,0.98,-1.41,-1.7,-3.52
151,0.04,-0.18,0.96,-2.04,-0.64,-2.15
152,0.06,-0.17,0.96,-3.09,-0.09,0.0
153,0.06,-0.17,0.97,-4.15,-1.98,-0.26
154,0.08,-0.16,0.98,-4.3,-2.16,-0.79
155,0.07,-0.17,0.98,-4.82,-2.7,-1.7
156,0.08,-0.18,1.0,-4.19,-1.99,-2.29
157,0.09,-0.18,0.99,-3.85,-1.56,-2.12
158,0.09,-0.2,1.0,-3.53,-3.89,-5.02
159,0.09,-0.22,1.01,-1.73,-3.97,-6.49
160,0.1,-0.24,1.01,-0.55,-3.69,-6.94
161,0.09,-0.26,1.01,0.16,-3.49,-6.77
162,0.08,-0.27,1.01,1.0,-3.38,-6.3
163,0.09,-0.26,1.02,0.65,-0.92,-3.33
164,0.09,-0.26,1.02,0.9,1.85,-1.11
165,0.08,-0.25,1.04,1.9,2.86,-0.44
166,0.08,-0.22,1.04,3.21,4.4,0.54
167,0.09,-0.19,1.04,5.05,7.97,0.27
168,0.09,-0.16,1.02,4.53,9.87,2.3
169,0.07,-0.13,1.0,5.8,10.51,1.16
170,0.08,-0.09,0.96,3.39,12.17,1.73
171,0.06,-0.06,0.93,1.55,10.76,1.02
172,0.04,-0.06,0.92,0.34,6.58,-2.61
173,0.03,-0.06,0.95,-0.95,0.64,-6.86
174,0.07,-0.07,0.98,0.04,2.89,-6.6
175,0.06,-0.07,0.97,2.0,10.73,-2.73
176,0.05,-0.04,0.93,0.56,10.34,-4.31
177,0.05,-0.03,0.9,-0.4,8.06,-6.24
178,0.03,-0.04,0.89,-1.81,5.45,-9.19
179,0.01,-0.05,0.9,-3.64,-0.48,-14.11
180,0.02,-0.08,0.92,-5.07,-0.5,-14.18
181,-0.01,-0.11,0.91,-6.58,-0.18,-11.36
182,-0.01,-0.13,0.92,-8.19,-0.72,-10.21
183,-0.02,-0.14,0.94,-9.12,-0.67,-7.48
184,-0.02,-0.14,0.96,-9.48,0.11,-4.76
185,-0.01,-0.15,0.96,-8.73,0.44,-3.79
186,-0.01,-0.15,0.96,-7.6,2.8,-1.46
187,-0.01,-0.13,0.95,-7.07,5.94,1.07
188,-0.02,-0.12,0.9,-7.44,3.57,0.29
189,-0.03,-0.1,0.9,-8.51,-2.12,-2.85
190,-0.04,-0.1,0.9,-9.93,-2.01,-0.24
191,-0.02,-0.07,0.89,-11.61,1.24,5.53
192,-0.03,-0.06,0.89,-14.28,-0.73,6.97
193,-0.01,-0.03,0.9,-16.79,-3.39,6.71
194,0.01,-0.0,0.89,-18.89,-2.44,8.18
195,0.03,0.03,0.88,-20.78,-1.6,10.75
196,0.03,0.05,0.86,-23.56,-4.66,8.66
197,0.04,0.06,0.87,-27.41,-7.56,4.43
198,0.04,0.06,0.88,-31.52,-6.81,5.19
199,0.04,0.07,0.89,-36.44,-4.63,8.29
200,0.04,0.08,0.89,-40.32,-0.92,15.1
201,0.03,0.1,0.87,-46.63,-3.3,15.77
202,0.01,0.12,0.88,-53.05,-7.93,12.51
203,0.03,0.14,0.93,-58.9,-10.76,12.08
204,0.05,0.13,0.98,-63.89,-10.56,13.78
205,0.11,0.16,1.04,-67.03,-8.06,12.57
206,0.16,0.17,1.08,-68.23,-3.35,9.68
207,0.18,0.2,1.08,-68.71,-5.85,3.43
208,0.18,0.22,1.13,-71.31,-18.08,-11.06
209,0.22,0.22,1.25,-73.09,-21.09,-21.15
210,0.24,0.22,1.36,-74.31,-16.79,-25.89
211,0.23,0.2,1.47,-70.69,-7.03,-32.47
212,0.18,0.18,1.53,-63.75,-0.08,-39.37
213,0.14,0.17,1.57,-50.8,2.07,-49.85
214,0.06,0.19,1.58,-39.44,7.64,-65.0
215,-0.09,0.2,1.58,-24.41,3.29,-80.15
216,-0.23,0.19,1.58,-12.66,-9.57,-94.73
217,-0.31,0.19,1.59,-7.09,-13.18,-96.01
218,-0.31,0.21,1.6,-3.88,-7.12,-83.48
219,-0.31,0.28,1.55,-12.11,-0.43,-67.04
220,-0.23,0.37,1.56,-24.22,15.37,-49.04
221,-0.17,0.48,1.56,-34.47,28.22,-33.92
222,-0.1,0.56,1.57,-42.4,34.97,-30.06
223,-0.05,0.59,1.65,-47.28,31.98,-41.59
224,-0.0,0.49,1.81,-41.53,21.86,-60.36
225,0.02,0.32,1.89,-27.96,28.76,-62.36
226,-0.02,0.11,1.83,-16.03,54.89,-47.21
227,0.0,-0.11,1.69,-5.11,105.67,-21.21
228,0.01,-0.28,1.43,7.98,170.46,14.9
229,0.0,-0.37,1.04,22.9,220.11,36.93
230,-0.02,-0.35,0.57,36.29,225.6,44.78
231,0.02,-0.44,0.15,40.26,191.85,32.76
232,0.11,-0.69,-0.2,37.03,145.26,8.83
233,0.24,-0.94,-0.5,19.14,119.22,-10.75
234,0.24,-1.19,-0.74,-10.37,97.39,-20.85
235,0.03,-1.45,-1.0,-48.87,45.63,-35.27
236,-0.24,-1.73,-1.07,-86.04,2.02,-58.08
237,-0.39,-1.88,-0.96,-126.11,-42.36,-73.19
238,-0.35,-1.84,-0.73,-163.72,-66.4,-61.56
239,-0.31,-1.86,-0.18,-171.63,-95.73,-48.59
240,-0.03,-1.72,0.19,-158.23,-112.57,-40.47
241,0.24,-1.51,0.51,-124.53,-160.25,-54.9
242,0.5,-1.34,0.86,-84.8,-196.85,-92.91
243,0.64,-1.28,1.19,-40.17,-214.44,-125.5
244,0.62,-1.26,1.4,1.67,-212.32,-132.26
245,0.64,-1.21,1.4,22.21,-158.53,-111.18
246,0.64,-1.07,1.26,22.31,-59.55,-56.74
247,0.53,-0.97,1.05,15.14,16.87,-3.48
248,0.45,-0.81,0.83,6.98,57.98,26.2
249,0.34,-0.69,0.63,-1.66,73.7,37.73
250,0.24,-0.63,0.53,-8.95,60.52,40.15
251,0.14,-0.61,0.53,-9.4,30.78,37.53
252,0.21,-0.63,0.61,-5.83,6.0,34.53
253,0.33,-0.59,0.68,-1.73,-1.95,33.47
254,0.41,-0.57,0.77,3.03,0.46,30.08
255,0.42,-0.54,0.77,10.35,15.72,33.02
256,0.37,-0.49,0.67,14.54,31.03,37.98
257,0.3,-0.42,0.57,12.38,32.91,37.06
258,0.26,-0.34,0.5,6.28,23.6,28.82
259,0.2,-0.31,0.5,-0.14,3.95,20.79
260,0.2,-0.3,0.52,-6.86,-13.03,15.76
261,0.25,-0.31,0.57,-14.31,-27.69,8.18
262,0.29,-0.35,0.65,-20.9,-42.89,-1.06
263,0.28,-0.42,0.75,-24.95,-57.5,-11.53
264,0.29,-0.49,0.88,-23.59,-63.17,-22.79
265,0.3,-0.59,0.97,-22.02,-66.02,-22.41
266,0.31,-0.66,1.06,-16.88,-60.57,-23.31
267,0.32,-0.71,1.13,-9.58,-46.03,-20.42
268,0.31,-0.73,1.13,-0.98,-28.81,-10.5
269,0.27,-0.75,1.06,4.75,-19.59,-2.02
270,0.24,-0.77,1.01,8.19,-13.25,-0.69
271,0.18,-0.78,0.95,9.84,-5.35,5.41
272,0.13,-0.78,0.9,7.46,-2.94,14.6
273,0.13,-0.75,0.87,3.69,3.82,20.44
274,0.11,-0.67,0.83,0.75,10.07,28.61
275,0.06,-0.63,0.73,-3.82,1.37,37.06
276,0.04,-0.61,0.65,-9.6,-15.36,36.27
277,0.01,-0.62,0.64,-15.09,-32.2,28.83
278,0.04,-0.69,0.68,-18.11,-49.88,25.58
279,0.12,-0.74,0.8,-18.64,-54.56,28.1
280,0.25,-0.8,0.94,-12.23,-45.48,29.26
281,0.36,-0.79,1.06,1.31,-11.78,29.99
282,0.33,-0.59,1.04,11.93,22.41,33.54
283,0.26,-0.5,0.92,26.99,27.08,39.46
284,0.17,-0.47,0.74,39.04,9.52,31.01
285,0.08,-0.43,0.62,44.91,-17.78,10.98
286,0.06,-0.42,0.56,41.13,-53.82,-3.0
287,0.17,-0.45,0.58,29.11,-81.24,-8.47
288,0.26,-0.51,0.68,16.67,-86.14,-9.92
289,0.32,-0.6,0.81,4.93,-73.81,-15.08
290,0.31,-0.59,1.01,1.72,-34.14,-15.34
291,0.2,-0.52,1.05,9.87,2.46,8.68
292,0.13,-0.51,0.97,26.34,20.15,30.61
293,0.09,-0.42,0.79,35.9,22.98,38.3
294,0.04,-0.32,0.65,38.94,3.21,27.1
295,0.04,-0.29,0.56,36.33,-33.58,8.73
296,0.17,-0.33,0.58,27.53,-67.68,-11.76
297,0.3,-0.38,0.71,14.92,-78.88,-26.2
298,0.36,-0.44,0.86,6.14,-64.74,-29.86
299,0.32,-0.46,1.02,3.79,-35.15,-25.11
300,0.22,-0.47,1.09,10.26,-2.88,-10.73
301,0.12,-0.46,1.03,22.08,14.54,6.9
302,0.08,-0.44,0.86,29.25,15.95,20.52
303,0.06,-0.36,0.73,33.03,5.35,16.05
304,0.09,-0.34,0.66,27.89,-16.61,5.41
305,0.16,-0.35,0.69,20.11,-34.64,-5.23
306,0.28,-0.39,0.76,10.79,-37.75,-11.43
307,0.32,-0.4,0.89,2.21,-23.51,-15.39
308,0.24,-0.42,0.99,1.37,-5.15,-7.65
309,0.17,-0.43,1.01,7.38,8.37,3.09
310,0.11,-0.4,0.94,13.83,13.86,10.92
311,0.06,-0.36,0.85,21.37,9.64,6.15
312,0.02,-0.33,0.77,23.98,-8.66,-1.25
313,0.09,-0.34,0.75,22.69,-27.57,-9.01
314,0.18,-0.38,0.79,17.85,-34.73,-15.27
315,0.23,-0.43,0.86,11.74,-30.73,-14.32
316,0.25,-0.46,0.93,6.26,-18.58,-9.13
317,0.24,-0.46,0.97,3.92,-2.58,3.05
318,0.23,-0.45,0.98,3.56,12.98,13.83
319,0.2,-0.41,0.95,5.77,25.79,21.98
320,0.16,-0.41,0.89,8.88,23.78,23.82
321,0.12,-0.4,0.85,13.01,17.08,17.28
322,0.11,-0.38,0.83,18.11,5.77,7.98
323,0.12,-0.36,0.83,21.44,-5.02,0.08
324,0.16,-0.34,0.83,23.79,-12.37,-6.85
325,0.21,-0.35,0.83,21.73,-11.08,-9.27
326,0.22,-0.34,0.84,15.26,-6.93,-6.56
327,0.22,-0.36,0.86,7.78,-2.11,-2.3
328,0.19,-0.37,0.92,2.51,2.69,-2.11
329,0.18,-0.39,0.98,2.53,7.19,0.5
330,0.17,-0.37,1.02,7.79,17.37,2.24
331,0.13,-0.33,1.0,13.83,17.19,0.76
332,0.11,-0.32,0.98,20.47,8.22,-4.94
333,0.15,-0.3,0.96,24.06,5.9,-8.5
334,0.17,-0.26,0.93,23.45,9.75,-7.52
335,0.18,-0.25,0.9,19.18,9.14,-6.47
336,0.19,-0.23,0.91,12.75,7.79,-6.76
337,0.2,-0.25,0.93,7.56,10.41,-7.4
338,0.18,-0.27,0.95,5.38,16.88,-8.3
339,0.15,-0.26,0.97,5.58,21.04,-7.15
340,0.13,-0.26,0.97,7.94,17.85,-6.25
341,0.11,-0.26,0.95,10.5,14.74,-8.31
342,0.1,-0.27,0.94,11.82,14.74,-9.91
343,0.06,-0.25,0.9,12.36,10.61,-13.24
344,0.07,-0.22,0.89,12.53,3.5,-11.94
345,0.11,-0.24,0.9,11.47,-2.7,-13.61
346,0.13,-0.26,0.91,8.53,-4.47,-16.11
347,0.15,-0.28,0.95,6.95,-0.04,-14.47
348,0.17,-0.28,0.97,5.47,4.86,-9.87
349,0.16,-0.29,0.98,3.93,6.4,-8.69
350,0.15,-0.29,1.02,4.59,10.18,-9.27
351,0.13,-0.28,0.99,7.32,14.08,-10.34
352,0.13,-0.27,0.99,10.31,9.27,-7.18
353,0.12,-0.3,0.96,11.52,8.72,-13.35
354,0.12,-0.28,0.92,11.97,8.3,-14.37
355,0.12,-0.27,0.93,9.08,5.73,-15.62
356,0.14,-0.25,0.97,5.66,3.79,-12.53
357,0.15,-0.27,0.99,3.96,5.53,-7.92
358,0.17,-0.29,1.0,2.75,9.37,-5.31
359,0.17,-0.29,1.03,3.53,11.23,-5.15
360,0.16,-0.29,1.03,7.02,12.6,-3.41
361,0.14,-0.29,1.01,9.32,12.85,-5.31
362,0.11,-0.29,1.0,11.14,11.21,-7.98
363,0.08,-0.3,0.99,12.79,9.6,-8.79
364,0.06,-0.34,0.98,13.66,12.89,-11.86
365,0.04,-0.29,0.99,15.3,10.12,-4.89
366,0.06,-0.3,0.95,15.39,5.19,-5.35
367,0.09,-0.29,0.95,14.08,1.79,-6.06
368,0.11,-0.29,0.97,12.72,-0.47,-5.98
369,0.16,-0.29,0.99,10.63,1.35,-6.08
370,0.18,-0.27,1.03,9.85,6.61,-4.73
371,0.15,-0.27,1.02,10.71,8.63,-1.94
372,0.11,-0.26,1.0,11.82,9.56,-1.22
373,0.09,-0.25,0.99,12.62,8.58,-0.53
374,0.09,-0.23,0.99,14.29,8.73,-0.39
375,0.08,-0.22,0.95,14.55,6.58,-2.18
376,0.08,-0.21,0.92,12.89,3.66,-6.34
377,0.11,-0.2,0.93,8.54,5.33,-9.4
378,0.16,-0.19,0.93,5.51,6.33,-2.82
379,0.18,-0.19,0.94,1.88,4.14,-3.0
380,0.21,-0.21,0.98,0.55,3.27,0.67
381,0.21,-0.24,1.01,-0.62,8.02,2.76
382,0.2,-0.24,1.02,-0.09,14.55,6.53
383,0.17,-0.25,1.01,1.19,18.66,7.99
384,0.12,-0.25,0.99,2.98,20.09,7.53
385,0.09,-0.24,0.98,6.92,19.81,5.92
386,0.05,-0.24,0.96,10.53,17.74,2.23
387,0.03,-0.23,0.95,14.14,14.89,-0.34
388,0.03,-0.2,0.91,15.05,11.04,-2.21
389,0.03,-0.19,0.9,13.6,7.92,-2.87
390,0.04,-0.18,0.9,11.4,4.73,-0.59
391,0.04,-0.19,0.92,8.76,1.69,0.18
392,0.07,-0.2,0.93,5.73,1.62,-0.66
393,0.1,-0.17,0.97,2.15,4.05,-0.76
394,0.11,-0.18,1.01,1.49,5.52,3.32
395,0.11,-0.16,1.03,0.83,4.42,8.33
396,0.13,-0.18,1.02,2.37,8.79,9.79
397,0.13,-0.16,1.0,1.98,10.67,8.73
398,0.12,-0.15,1.0,4.11,10.24,4.54
399,0.12,-0.14,1.0,6.05,8.92,0.33
