,accel_x,accel_y,accel_z,gyro_x,gyro_y,gyro_z
0,-0.13,-0.21,0.96,10.71,6.89,-1.99
1,-0.11,-0.2,0.96,10.7,9.08,0.16
2,-0.11,-0.19,0.95,11.13,8.34,2.27
3,-0.12,-0.18,0.95,10.06,8.1,2.02
4,-0.12,-0.16,0.95,8.27,8.69,1.63
5,-0.1,-0.15,0.93,7.37,8.95,3.89
6,-0.11,-0.14,0.91,4.46,6.11,2.54
7,-0.09,-0.12,0.92,2.5,4.5,-0.02
8,-0.08,-0.11,0.93,0.8,4.5,0.4
9,-0.07,-0.12,0.92,0.14,3.42,-0.27
10,-0.09,-0.12,0.91,-1.11,-0.72,-3.95
11,-0.1,-0.13,0.92,-1.94,-3.8,-6.87
12,-0.11,-0.15,0.94,-2.58,-3.34,-6.74
13,-0.11,-0.15,0.95,-3.63,-1.35,-4.73
14,-0.11,-0.16,0.94,-4.48,-1.36,-4.83
15,-0.11,-0.17,0.94,-4.84,-2.21,-5.69
16,-0.12,-0.17,0.94,-4.62,-2.31,-4.93
17,-0.12,-0.18,0.95,-4.69,-2.92,-4.01
18,-0.14,-0.19,0.95,-5.83,-4.05,-4.87
19,-0.14,-0.2,0.96,-7.04,-4.01,-3.95
20,-0.14,-0.21,0.97,-6.6,-1.82,-0.88
21,-0.12,-0.21,0.98,-5.56,0.16,1.13
22,-0.13,-0.21,0.97,-4.19,-0.94,1.09
23,-0.12,-0.2,0.97,-3.97,-1.79,-0.24
24,-0.11,-0.18,0.96,-3.73,-0.99,1.02
25,-0.11,-0.18,0.94,-4.15,-1.59,2.29
26,-0.1,-0.17,0.94,-6.31,-4.04,0.6
27,-0.09,-0.19,0.97,-7.25,-3.56,0.76
28,-0.08,-0.18,0.97,-7.06,-1.44,3.7
29,-0.09,-0.17,0.95,-6.71,-2.79,1.98
30,-0.09,-0.2,0.96,-6.54,-5.47,-1.69
31,-0.09,-0.2,0.97,-6.18,-6.46,-2.72
32,-0.09,-0.21,0.98,-6.01,-3.43,-0.78
33,-0.08,-0.19,0.98,-6.05,-1.08,1.65
34,-0.09,-0.2,0.97,-5.47,-0.89,1.45
35,-0.08,-0.2,0.97,-5.08,-2.65,0.16
36,-0.1,-0.21,0.96,-4.75,-4.55,-2.55
37,-0.11,-0.21,0.98,-4.28,-4.11,-3.76
38,-0.11,-0.21,0.99,-3.54,-1.77,-1.34
39,-0.1,-0.2,0.99,-2.43,1.37,1.92
40,-0.09,-0.19,0.97,-2.44,2.65,3.6
41,-0.09,-0.18,0.97,-2.83,2.02,1.92
42,-0.08,-0.17,0.96,-2.61,0.88,0.18
43,-0.06,-0.16,0.95,-2.92,0.85,0.28
44,-0.07,-0.16,0.93,-4.17,-1.89,-1.99
45,-0.04,-0.17,0.94,-6.37,-4.02,-3.91
46,-0.02,-0.19,0.97,-7.6,-3.37,-4.61
47,-0.02,-0.2,0.99,-7.46,-3.76,-7.92
48,-0.03,-0.21,1.02,-5.45,-3.59,-11.21
49,-0.03,-0.24,1.04,-1.52,-1.09,-12.15
50,-0.05,-0.26,1.04,2.27,0.78,-13.35
51,-0.08,-0.27,1.05,7.24,2.75,-15.26
52,-0.11,-0.26,1.03,11.78,4.44,-14.8
53,-0.11,-0.25,1.02,15.05,7.26,-14.08
54,-0.13,-0.23,0.98,16.5,8.83,-14.13
55,-0.15,-0.22,0.96,17.05,6.92,-13.49
56,-0.16,-0.21,0.94,16.44,5.92,-14.19
57,-0.16,-0.19,0.92,13.77,5.66,-11.27
58,-0.15,-0.18,0.91,11.04,5.86,-8.25
59,-0.16,-0.17,0.91,12.23,0.8,-8.93
60,-0.17,-0.18,0.92,7.73,0.76,-6.86
61,-0.16,-0.17,0.93,6.47,0.66,-6.19
62,-0.15,-0.17,0.93,5.12,1.78,-3.38
63,-0.15,-0.17,0.95,4.12,2.66,-1.71
64,-0.14,-0.15,0.94,4.76,2.66,-0.98
65,-0.14,-0.14,0.94,4.85,2.85,-0.05
66,-0.14,-0.14,0.92,4.89,0.78,0.42
67,-0.15,-0.14,0.91,4.4,-2.44,-2.9
68,-0.14,-0.15,0.92,2.76,-3.27,-2.47
69,-0.13,-0.15,0.95,1.18,-2.73,-1.0
70,-0.12,-0.15,0.95,0.66,-2.17,-0.65
71,-0.11,-0.15,0.95,0.63,-1.08,0.46
72,-0.11,-0.14,0.95,0.88,-0.87,1.04
73,-0.12,-0.13,0.94,0.94,-2.33,-0.02
74,-0.11,-0.14,0.93,0.24,-3.89,-1.78
75,-0.1,-0.13,0.95,-0.63,-3.53,-1.82
76,-0.11,-0.13,0.96,-1.05,-2.67,-0.34
77,-0.09,-0.13,0.95,-1.82,-2.28,0.05
78,-0.09,-0.13,0.96,-2.01,-3.02,-0.02
79,-0.09,-0.14,0.95,-2.43,-4.59,-2.67
80,-0.09,-0.14,0.97,-1.73,-4.63,-5.31
81,-0.1,-0.15,0.97,-0.88,-4.27,-4.76
82,-0.12,-0.14,0.95,-1.24,-4.39,-3.66
83,-0.12,-0.15,0.95,-1.96,-4.73,-2.4
84,-0.12,-0.16,0.95,-2.68,-5.11,-0.41
85,-0.11,-0.15,0.95,-4.34,-6.21,-0.4
86,-0.1,-0.14,0.96,-4.68,-5.65,-1.62
87,-0.1,-0.15,0.95,-4.92,-5.68,-1.94
88,-0.09,-0.16,0.96,-4.21,-4.24,-3.54
89,-0.09,-0.15,0.96,-4.5,-4.48,-3.89
90,-0.08,-0.15,0.98,-3.87,-4.29,-4.47
91,-0.09,-0.15,0.98,-3.21,-4.22,-4.48
92,-0.09,-0.16,0.97,-2.82,-4.73,-4.95
93,-0.1,-0.17,0.98,-2.34,-6.18,-5.94
94,-0.1,-0.18,0.99,-1.5,-5.68,-6.06
95,-0.1,-0.18,0.98,-0.42,-4.18,-4.82
96,-0.1,-0.17,0.97,-0.71,-4.6,-4.3
97,-0.09,-0.17,0.96,-1.33,-4.65,-3.68
98,-0.08,-0.16,0.96,-1.87,-3.89,-2.72
99,-0.08,-0.16,0.96,-3.93,-5.2,-4.09
100,-0.09,-0.17,0.97,-2.12,-6.77,-8.27
101,-0.08,-0.18,0.98,-2.02,-6.52,-7.08
102,-0.09,-0.18,0.99,-2.56,-7.1,-7.16
103,-0.08,-0.19,1.0,-1.49,-5.66,-6.63
104,-0.07,-0.19,1.0,-1.16,-2.89,-3.91
105,-0.09,-0.18,0.98,-0.06,-1.82,-2.16
106,-0.09,-0.19,0.98,1.78,-2.25,-0.98
107,-0.09,-0.16,0.96,0.06,-4.2,-2.27
108,-0.08,-0.16,0.98,0.72,-3.32,-1.65
109,-0.08,-0.17,0.98,0.7,-3.83,-3.07
110,-0.09,-0.19,0.98,1.53,-4.53,-2.64
111,-0.08,-0.18,0.98,0.43,-5.8,-2.38
112,-0.09,-0.19,0.98,0.41,-5.16,-1.34
113,-0.09,-0.21,0.99,2.08,-4.25,1.29
114,-0.09,-0.18,0.97,-0.83,-6.31,1.73
115,-0.09,-0.19,0.99,1.07,-5.46,2.52
116,-0.08,-0.18,0.97,-0.93,-6.21,4.21
117,-0.06,-0.18,0.99,0.82,-3.69,4.22
118,-0.07,-0.16,0.97,1.3,-3.16,5.38
119,-0.06,-0.16,0.97,1.42,-2.88,5.37
120,-0.06,-0.15,0.97,0.56,-3.31,4.94
121,-0.04,-0.15,0.97,0.95,-2.13,4.81
122,-0.03,-0.13,0.94,-0.82,-0.85,6.4
123,-0.04,-0.12,0.93,-3.58,-0.19,6.27
124,-0.03,-0.12,0.92,-7.11,0.09,6.58
125,-0.05,-0.1,0.9,-10.98,-2.15,6.75
126,-0.07,-0.12,0.94,-13.44,-9.25,1.12
127,-0.08,-0.17,1.0,-10.53,-12.79,-3.0
128,-0.07,-0.18,1.04,-6.21,-11.25,-4.31
129,-0.07,-0.2,1.06,-1.16,-7.52,-5.54
130,-0.07,-0.22,1.06,3.4,-3.4,-5.08
131,-0.07,-0.21,1.06,8.13,3.84,-0.45
132,-0.1,-0.19,1.01,11.16,6.99,1.11
133,-0.11,-0.18,0.98,12.44,6.18,0.82
134,-0.12,-0.17,0.96,12.73,3.77,0.85
135,-0.13,-0.16,0.94,11.33,2.28,1.27
136,-0.12,-0.15,0.93,9.05,3.17,3.15
137,-0.11,-0.13,0.93,7.01,4.53,6.47
138,-0.1,-0.11,0.92,4.41,4.61,7.74
139,-0.09,-0.1,0.9,2.08,2.47,6.58
140,-0.09,-0.09,0.9,-0.27,0.63,6.33
141,-0.11,-0.09,0.91,-3.73,-2.31,5.3
142,-0.12,-0.1,0.94,-6.3,-3.74,5.79
143,-0.11,-0.1,0.97,-6.87,-0.82,9.18
144,-0.12,-0.07,0.97,-7.1,4.27,14.58
145,-0.12,-0.02,0.95,-7.66,8.7,18.24
146,-0.12,0.04,0.91,-8.95,11.36,20.11
147,-0.13,0.09,0.88,-8.22,10.6,22.41
148,-0.14,0.15,0.83,-10.47,5.49,22.94
149,-0.15,0.21,0.77,-12.25,-3.3,16.14
150,-0.16,0.26,0.75,-17.08,-11.61,15.1
151,-0.18,0.27,0.73,-25.89,-19.86,13.41
152,-0.17,0.27,0.71,-43.15,-28.36,9.29
153,-0.13,0.27,0.8,-64.45,-31.8,14.04
154,-0.09,0.26,0.93,-79.95,-27.89,22.77
155,-0.06,0.26,1.06,-88.11,-22.19,28.16
156,-0.06,0.25,1.15,-87.83,-21.69,25.63
157,-0.12,0.28,1.22,-87.35,-28.14,10.24
158,-0.1,0.26,1.31,-85.47,-37.4,-8.79
159,-0.06,0.27,1.4,-81.52,-38.25,-14.41
160,0.01,0.28,1.48,-76.02,-32.44,-12.74
161,0.05,0.31,1.51,-66.54,-24.08,-12.37
162,0.1,0.34,1.49,-60.05,-20.99,-21.2
163,0.1,0.37,1.5,-55.44,-21.51,-35.27
164,0.08,0.38,1.5,-53.1,-25.12,-48.36
165,0.01,0.36,1.52,-50.76,-34.7,-61.59
166,-0.05,0.31,1.59,-53.29,-41.82,-71.89
167,-0.08,0.28,1.68,-48.45,-43.8,-76.29
168,-0.09,0.25,1.75,-40.68,-27.38,-69.11
169,-0.12,0.27,1.76,-28.02,-15.42,-63.01
170,-0.15,0.33,1.75,-19.88,-15.08,-77.4
171,-0.16,0.37,1.79,-2.44,-11.51,-89.22
172,-0.14,0.51,1.81,12.06,-3.53,-100.25
173,-0.16,0.62,1.86,36.05,13.01,-117.26
174,-0.21,0.65,1.86,68.6,23.92,-131.16
175,-0.34,0.49,1.78,109.76,31.31,-127.18
176,-0.41,0.25,1.46,135.3,44.06,-112.01
177,-0.31,-0.01,1.22,144.11,77.77,-80.95
178,-0.14,-0.31,0.89,146.79,139.79,-23.7
179,0.05,-0.56,0.39,134.88,207.5,48.89
180,0.21,-0.64,-0.26,94.98,236.18,93.16
181,0.31,-0.64,-0.7,26.06,206.48,72.68
182,0.32,-0.71,-0.82,-35.25,136.72,12.65
183,0.29,-0.91,-0.68,-85.5,62.76,-45.34
184,0.22,-1.29,-0.45,-111.56,12.23,-70.27
185,0.08,-1.58,-0.2,-124.31,-26.76,-86.5
186,0.04,-1.8,0.05,-133.04,-46.53,-85.49
187,0.02,-1.89,0.26,-134.14,-18.2,-64.7
188,-0.06,-1.73,0.38,-126.98,-5.15,-39.11
189,0.02,-1.52,0.41,-110.03,-42.56,-28.63
190,0.24,-1.36,0.54,-102.2,-123.01,-52.08
191,0.41,-1.3,0.92,-84.66,-188.94,-77.37
192,0.61,-1.38,1.36,-70.34,-185.67,-85.23
193,0.67,-1.43,1.54,-57.57,-113.73,-73.4
194,0.58,-1.45,1.61,-41.32,-16.05,-56.07
195,0.27,-1.27,1.39,-16.44,63.8,-29.77
196,0.1,-1.13,1.05,-3.88,94.86,-5.37
197,-0.09,-0.94,0.8,4.65,89.43,8.47
198,-0.17,-0.77,0.62,2.69,60.73,23.6
199,-0.08,-0.67,0.57,-8.31,42.62,38.11
200,0.02,-0.67,0.69,-15.02,32.74,47.44
201,0.09,-0.65,0.77,-16.07,34.79,53.92
202,0.19,-0.58,0.79,-10.5,42.59,62.36
203,0.26,-0.48,0.75,-4.68,35.11,64.73
204,0.32,-0.38,0.69,1.11,22.47,54.24
205,0.32,-0.31,0.68,2.24,10.09,43.71
206,0.24,-0.26,0.65,-0.47,-3.36,37.1
207,0.16,-0.3,0.61,-2.33,-25.05,29.38
208,0.11,-0.41,0.68,-9.69,-35.45,23.95
209,0.05,-0.47,0.72,-18.37,-31.27,29.76
210,0.03,-0.52,0.75,-26.46,-37.66,34.56
211,0.1,-0.59,0.84,-30.17,-44.5,28.53
212,0.15,-0.61,0.97,-26.15,-42.73,20.66
213,0.18,-0.62,1.05,-12.7,-42.56,17.8
214,0.15,-0.67,1.08,7.92,-45.03,15.42
215,0.07,-0.74,1.02,25.6,-38.81,22.56
216,0.05,-0.75,0.91,28.44,-15.92,32.46
217,0.03,-0.62,0.82,21.92,11.92,44.68
218,-0.03,-0.5,0.67,13.12,14.27,57.0
219,-0.02,-0.43,0.59,4.42,5.62,52.69
220,-0.06,-0.35,0.5,-2.76,-24.66,41.73
221,-0.11,-0.34,0.47,-5.4,-63.15,23.27
222,-0.09,-0.43,0.44,-16.38,-99.66,10.32
223,0.02,-0.5,0.55,-35.56,-104.65,-6.15
224,0.09,-0.54,0.81,-44.06,-80.57,-9.26
225,0.04,-0.53,1.03,-35.26,-45.74,-2.97
226,0.05,-0.5,1.11,-13.51,-14.85,18.6
227,0.07,-0.44,1.01,10.43,2.43,33.83
228,0.04,-0.37,0.86,25.32,4.72,33.03
229,-0.01,-0.3,0.69,32.52,-11.38,33.07
230,0.03,-0.25,0.58,26.24,-38.65,28.94
231,0.17,-0.28,0.63,9.51,-58.01,10.28
232,0.23,-0.29,0.82,-4.34,-52.37,1.63
233,0.21,-0.32,0.95,-8.9,-26.7,9.67
234,0.15,-0.36,1.02,-2.09,-1.04,22.29
235,0.06,-0.38,0.98,10.92,15.6,30.54
236,-0.04,-0.34,0.87,23.52,15.69,37.43
237,-0.06,-0.3,0.73,28.15,0.13,35.0
238,0.05,-0.27,0.68,19.26,-20.05,23.48
239,0.12,-0.22,0.76,7.63,-28.36,9.7
240,0.11,-0.23,0.86,0.09,-29.98,2.56
241,0.12,-0.27,0.96,-0.72,-26.04,2.98
242,0.11,-0.33,1.03,4.71,-10.21,7.85
243,0.06,-0.35,1.0,10.33,6.97,14.49
244,0.02,-0.35,0.92,14.73,13.05,19.54
245,0.02,-0.32,0.84,12.3,10.88,17.05
246,0.02,-0.26,0.85,6.52,5.92,10.69
247,-0.02,-0.27,0.89,5.82,-5.11,5.06
248,-0.02,-0.3,0.93,8.34,-13.61,0.29
249,0.01,-0.31,0.97,8.93,-9.4,-2.42
250,-0.03,-0.3,0.97,10.11,-4.98,2.48
251,-0.07,-0.32,0.92,8.67,-5.73,4.14
252,-0.05,-0.31,0.9,5.59,-5.66,2.62
253,-0.03,-0.29,0.88,1.22,-4.66,7.59
254,-0.02,-0.29,0.88,-3.99,-4.79,4.32
255,-0.0,-0.28,0.92,-8.13,-7.51,1.91
256,0.02,-0.28,0.94,-12.96,-7.37,1.86
257,0.05,-0.3,0.98,-15.95,-3.01,3.11
258,0.05,-0.31,1.03,-16.07,2.48,3.34
259,0.01,-0.3,1.05,-12.89,7.98,3.15
260,-0.07,-0.3,1.04,-8.18,7.77,1.12
261,-0.08,-0.32,1.03,-0.21,3.91,1.35
262,-0.08,-0.34,0.99,1.91,2.25,-2.0
263,-0.05,-0.36,0.98,1.2,4.23,-2.29
264,-0.01,-0.36,0.94,-1.64,9.4,3.28
265,0.0,-0.33,0.95,-6.96,10.12,1.68
266,0.0,-0.33,0.97,-12.39,6.1,-2.63
267,0.0,-0.32,1.03,-12.64,4.26,-5.64
268,-0.01,-0.35,1.08,-7.26,7.81,-5.17
269,-0.04,-0.36,1.09,-0.69,9.5,-5.87
270,-0.04,-0.35,1.09,7.05,12.35,-7.7
271,-0.04,-0.33,1.05,11.59,15.66,-5.89
272,-0.03,-0.31,1.0,10.55,17.45,-3.34
273,-0.03,-0.26,0.99,3.97,16.68,-2.88
274,-0.01,-0.29,1.03,-0.97,20.87,-0.83
275,-0.01,-0.28,1.07,-3.96,27.83,3.37
276,-0.03,-0.28,1.09,-1.85,31.97,3.67
277,-0.08,-0.28,1.09,2.83,29.5,-1.14
278,-0.11,-0.27,1.08,13.86,23.56,-7.36
279,-0.16,-0.27,1.04,23.21,13.24,-14.81
280,-0.19,-0.27,0.99,27.83,2.99,-24.13
281,-0.18,-0.26,0.96,27.05,-1.74,-25.07
282,-0.18,-0.28,0.95,22.47,-1.8,-17.5
283,-0.17,-0.27,0.95,12.85,-3.74,-14.78
284,-0.09,-0.26,1.0,4.84,-0.26,-9.16
285,-0.04,-0.26,1.06,1.6,6.43,-2.5
286,-0.05,-0.26,1.08,1.38,9.18,3.15
287,-0.04,-0.25,1.08,6.27,9.37,1.27
288,-0.06,-0.25,1.06,12.25,10.76,0.24
289,-0.09,-0.25,1.02,18.75,9.53,-1.81
290,-0.11,-0.26,0.99,22.98,6.57,-3.96
291,-0.12,-0.26,0.96,24.6,3.86,-7.31
292,-0.13,-0.25,0.96,23.02,2.57,-8.39
293,-0.08,-0.26,0.96,20.11,7.76,-4.46
294,-0.06,-0.26,0.96,18.73,16.18,-2.3
295,-0.05,-0.23,0.98,18.25,16.71,-3.18
296,-0.01,-0.22,0.97,22.08,18.46,-0.91
297,-0.02,-0.21,0.93,23.92,19.04,-2.8
298,-0.05,-0.21,0.9,23.28,15.26,-8.49
299,-0.08,-0.23,0.91,22.61,13.67,-12.17
300,-0.1,-0.21,0.92,21.08,16.07,-10.08
301,-0.12,-0.21,0.92,18.87,19.78,-4.06
302,-0.12,-0.19,0.92,15.93,22.93,1.96
303,-0.12,-0.18,0.92,14.33,24.18,6.94
304,-0.14,-0.15,0.89,12.72,19.29,6.94
305,-0.13,-0.14,0.9,10.4,10.75,3.69
306,-0.11,-0.14,0.93,7.6,5.22,0.58
307,-0.1,-0.16,0.97,6.34,3.13,0.98
308,-0.13,-0.18,1.02,5.43,-0.63,-0.89
309,-0.12,-0.19,1.05,7.12,-4.11,-3.71
310,-0.11,-0.2,1.07,9.89,-3.92,-3.08
311,-0.14,-0.21,1.09,12.85,-6.66,-5.27
312,-0.13,-0.22,1.08,16.53,-11.38,-8.99
313,-0.12,-0.24,1.09,18.68,-12.67,-11.35
314,-0.13,-0.26,1.08,20.44,-11.19,-11.95
315,-0.14,-0.26,1.08,21.02,-10.18,-9.52
316,-0.14,-0.26,1.06,21.96,-9.12,-5.31
317,-0.14,-0.23,1.03,19.92,-8.12,-2.31
318,-0.13,-0.23,1.03,19.56,-5.02,2.27
319,-0.12,-0.2,0.96,15.8,0.37,9.95
320,-0.13,-0.2,0.94,11.09,5.35,19.52
321,-0.13,-0.18,0.91,7.94,4.34,22.9
322,-0.07,-0.17,0.91,6.12,-0.73,20.76
323,-0.04,-0.16,0.96,7.21,-4.44,12.5
324,-0.02,-0.17,0.99,11.53,-6.48,6.89
325,0.0,-0.18,1.01,17.95,-0.45,4.71
326,0.01,-0.16,0.98,22.21,3.95,4.97
327,-0.02,-0.15,0.93,26.25,4.55,1.4
328,-0.03,-0.12,0.9,25.34,0.7,-5.21
329,-0.05,-0.12,0.89,24.13,-1.5,-7.2
330,-0.06,-0.11,0.89,20.82,-1.63,-6.34
331,-0.05,-0.08,0.87,13.89,-1.97,-3.62
332,-0.04,-0.07,0.89,9.71,0.32,-1.65
333,-0.05,-0.07,0.92,5.63,0.21,-0.6
334,-0.06,-0.08,0.92,2.34,-0.27,-0.83
335,-0.07,-0.09,0.94,0.44,-0.52,-0.46
336,-0.08,-0.08,0.95,-0.67,0.76,0.46
337,-0.09,-0.09,0.93,-0.98,0.59,2.41
338,-0.09,-0.09,0.92,-2.18,-1.83,-0.08
339,-0.07,-0.1,0.93,-2.96,-3.09,-3.81
340,-0.08,-0.1,0.94,-3.73,-3.98,-5.13
341,-0.1,-0.11,0.95,-3.74,-6.24,-6.55
342,-0.1,-0.12,0.94,-4.57,-5.08,-4.15
343,-0.11,-0.14,0.94,-6.44,-4.65,-2.92
344,-0.13,-0.15,0.95,-7.43,-6.24,-2.79
345,-0.12,-0.16,0.95,-6.94,-5.33,0.32
346,-0.1,-0.16,0.95,-7.96,-4.15,2.53
347,-0.08,-0.17,0.96,-7.46,-3.09,1.47
348,-0.1,-0.17,0.96,-6.55,-4.93,-0.32
349,-0.09,-0.16,0.96,-6.93,-6.69,0.85
350,-0.06,-0.16,0.97,-9.28,-6.09,0.58
351,-0.03,-0.14,1.0,-8.89,-2.76,1.55
352,-0.04,-0.13,0.99,-7.24,-0.98,3.34
353,-0.03,-0.13,0.98,-7.89,2.38,3.59
354,-0.03,-0.12,0.97,-6.75,-0.68,-1.57
355,-0.05,-0.11,0.97,-5.69,-3.0,-6.65
356,-0.04,-0.13,0.95,-3.76,-2.27,-4.08
357,-0.06,-0.14,0.93,-6.97,-4.17,-4.95
358,-0.06,-0.15,0.97,-8.47,-6.56,-10.59
359,-0.06,-0.17,0.97,-6.4,-5.02,-8.12
360,-0.07,-0.2,0.94,-7.48,-6.37,-5.89
361,-0.05,-0.21,0.97,-9.42,-8.33,-11.05
362,-0.07,-0.22,1.0,-8.89,-8.5,-13.95
363,-0.08,-0.24,1.02,-7.02,-6.8,-11.53
364,-0.08,-0.24,1.03,-5.22,-2.11,-7.56
365,-0.08,-0.23,1.04,-3.59,1.27,-5.01
366,-0.07,-0.21,1.04,-0.07,4.4,-2.24
367,-0.07,-0.2,1.0,2.26,5.51,-0.67
368,-0.06,-0.19,0.97,1.48,4.08,-2.4
369,-0.06,-0.17,0.98,1.6,4.34,-4.53
370,-0.07,-0.16,0.97,2.36,5.95,-3.63
371,-0.08,-0.15,0.92,1.4,4.35,-0.79
372,-0.08,-0.15,0.92,-1.65,1.08,-5.24
373,-0.09,-0.16,0.94,-2.57,-1.47,-6.88
374,-0.08,-0.18,0.94,-2.4,-1.21,-3.86
375,-0.09,-0.19,0.94,-2.99,-2.1,-2.69
376,-0.08,-0.2,0.96,-3.6,-3.39,-6.95
377,-0.09,-0.21,0.99,-2.28,-2.56,-6.16
378,-0.09,-0.2,0.99,-0.52,0.92,-1.61
379,-0.1,-0.19,0.97,-0.51,1.12,0.04
380,-0.08,-0.18,0.96,-0.75,0.53,-1.48
381,-0.09,-0.16,0.96,-0.49,1.1,0.15
382,-0.09,-0.16,0.96,-0.97,1.03,1.05
383,-0.07,-0.16,0.93,-0.84,0.88,2.42
384,-0.07,-0.15,0.93,-3.53,-1.77,0.02
385,-0.07,-0.15,0.94,-5.13,-3.3,-2.27
386,-0.08,-0.16,0.95,-4.99,-2.17,-0.4
387,-0.08,-0.15,0.96,-4.45,-0.34,1.3
388,-0.08,-0.15,0.94,-5.45,-2.06,0.14
389,-0.06,-0.15,0.95,-5.64,-3.34,-1.06
390,-0.07,-0.16,0.97,-5.03,-2.4,-0.82
391,-0.05,-0.18,0.96,-4.43,-1.12,1.42
392,-0.09,-0.19,0.95,-4.44,-3.51,-1.14
393,-0.09,-0.19,0.95,-5.42,-6.75,-3.92
394,-0.08,-0.19,0.98,-5.81,-4.74,-2.5
395,-0.08,-0.19,0.98,-5.51,-0.68,0.58
396,-0.07,-0.19,0.96,-6.25,-1.02,2.53
397,-0.07,-0.19,0.96,-7.32,-4.81,-0.96
398,-0.05,-0.2,0.99,-7.71,-6.31,-2.76
399,-0.05,-0.2,1.0,-6.5,-4.09,-0.67
