,accel_x,accel_y,accel_z,gyro_x,gyro_y,gyro_z
0,0.19,0.16,0.92,0.56,17.2,-3.6
1,0.18,0.16,0.9,-0.55,18.57,-3.56
2,0.17,0.18,0.89,-2.34,18.07,-2.41
3,0.13,0.18,0.87,-4.63,13.85,-5.22
4,0.12,0.17,0.88,-7.76,8.17,-6.77
5,0.09,0.16,0.89,-10.88,3.41,-7.73
6,0.09,0.15,0.92,-13.21,-0.27,-7.12
7,0.09,0.13,0.96,-13.93,-2.92,-6.91
8,0.09,0.11,0.98,-13.48,-4.12,-6.29
9,0.1,0.09,1.01,-12.22,-4.79,-5.05
10,0.12,0.08,1.02,-11.24,-3.29,-3.09
11,0.13,0.06,1.05,-8.18,-2.01,-2.45
12,0.14,0.07,1.06,-4.9,-0.07,0.63
13,0.14,0.06,1.04,-3.72,2.39,1.73
14,0.14,0.07,1.01,-2.02,2.06,1.02
15,0.14,0.07,1.0,-0.88,0.34,0.64
16,0.14,0.09,0.98,-0.76,-0.64,-0.44
17,0.14,0.1,0.97,-0.38,-2.24,-1.48
18,0.15,0.1,0.95,-0.45,-4.74,-2.26
19,0.15,0.11,0.94,-2.26,-6.45,-4.27
20,0.14,0.11,0.95,-3.91,-6.27,-5.53
21,0.12,0.1,0.96,-4.58,-7.92,-5.47
22,0.14,0.11,0.96,-7.62,-5.73,-4.21
23,0.17,0.1,0.97,-8.82,4.16,-1.09
24,0.14,0.1,0.97,-8.98,3.88,-1.47
25,0.13,0.1,0.99,-8.96,-0.12,-2.24
26,0.14,0.09,0.99,-8.66,-0.47,-1.37
27,0.16,0.09,0.99,-7.9,1.02,-0.82
28,0.15,0.1,0.99,-7.34,1.21,-2.15
29,0.15,0.09,0.99,-6.64,1.15,-2.98
30,0.16,0.1,0.99,-5.11,-0.28,-2.69
31,0.18,0.1,0.99,-4.54,2.23,-2.18
32,0.15,0.09,1.0,-4.15,3.39,-1.93
33,0.12,0.07,1.0,-2.91,0.02,-2.12
34,0.14,0.07,1.0,-3.37,-4.15,-3.41
35,0.16,0.07,1.02,-3.42,-2.36,-2.77
36,0.15,0.08,1.03,-2.94,3.58,-0.37
37,0.13,0.08,1.04,-1.49,4.14,0.97
38,0.14,0.09,1.02,-0.4,2.69,0.68
39,0.18,0.09,0.99,-0.15,3.27,-1.34
40,0.18,0.1,0.98,0.7,3.28,-3.14
41,0.15,0.09,0.97,0.77,2.48,-4.27
42,0.12,0.08,0.98,1.14,-1.53,-4.97
43,0.13,0.1,0.97,0.62,-3.25,-5.66
44,0.13,0.1,0.97,-0.15,-1.46,-4.95
45,0.14,0.11,0.96,-0.78,0.49,-3.63
46,0.14,0.1,0.95,-1.45,3.87,-1.37
47,0.12,0.1,0.95,-2.82,1.4,-3.1
48,0.14,0.11,0.97,-3.22,-1.08,-4.34
49,0.15,0.1,0.96,-2.45,-2.22,-5.68
50,0.15,0.1,0.96,-3.21,-3.66,-7.02
51,0.14,0.1,0.97,-2.56,-1.8,-3.59
52,0.12,0.09,0.98,-1.42,-4.35,-4.08
53,0.12,0.09,0.98,-1.49,-5.81,-4.92
54,0.16,0.07,0.99,0.63,-2.99,1.6
55,0.11,0.09,1.01,-2.31,-3.72,-5.95
56,0.13,0.09,1.02,-0.13,3.4,1.66
57,0.11,0.09,1.0,0.34,1.21,-0.5
58,0.15,0.1,1.0,0.94,-0.06,-0.31
59,0.16,0.1,0.98,1.01,1.31,-0.6
60,0.15,0.1,0.98,0.76,0.73,-0.63
61,0.14,0.12,0.98,0.79,0.2,-1.19
62,0.16,0.1,0.97,1.0,-2.26,-2.13
63,0.14,0.11,0.98,1.83,-3.66,-2.31
64,0.14,0.11,0.97,2.16,-3.6,-1.27
65,0.12,0.13,0.98,0.27,-1.77,-2.85
66,0.15,0.11,0.96,1.24,-1.47,-0.35
67,0.15,0.12,0.96,1.4,-0.27,4.56
68,0.16,0.13,0.96,1.65,4.33,10.27
69,0.22,0.13,0.97,5.37,12.02,21.47
70,0.19,0.14,0.97,3.5,13.8,19.53
71,0.18,0.14,0.97,5.78,14.33,19.48
72,0.18,0.13,0.99,4.64,13.79,18.79
73,0.14,0.12,0.94,3.21,11.7,10.58
74,0.13,0.13,0.97,2.27,13.82,7.95
75,0.11,0.13,0.96,1.45,11.85,4.05
76,0.09,0.13,0.95,0.78,10.59,1.24
77,0.09,0.13,0.96,0.92,7.86,0.49
78,0.08,0.13,0.94,1.02,2.74,-0.34
79,0.09,0.14,0.94,-2.27,0.69,-1.26
80,0.09,0.13,0.94,-5.18,3.43,-1.59
81,0.09,0.14,0.96,-9.09,8.4,-1.82
82,0.08,0.12,0.97,-11.22,14.27,-0.98
83,0.06,0.11,0.97,-9.69,10.7,-0.69
84,0.07,0.12,0.96,-9.81,6.06,-2.78
85,0.1,0.11,0.96,-9.92,7.66,-3.18
86,0.08,0.11,0.97,-9.69,1.45,-4.31
87,0.07,0.11,0.98,-8.41,-6.64,-5.15
88,0.09,0.1,0.96,-7.68,-9.18,-4.45
89,0.12,0.09,0.96,-8.48,-10.14,-4.06
90,0.1,0.08,0.98,-9.37,-9.5,-4.79
91,0.1,0.07,1.0,-8.04,-10.35,-4.11
92,0.1,0.07,1.01,-6.32,-12.86,-0.44
93,0.12,0.06,1.02,-6.49,-11.04,1.04
94,0.13,0.05,1.02,-8.19,-9.15,-2.18
95,0.15,0.06,1.05,-5.96,-7.91,0.96
96,0.14,0.06,1.06,-3.55,-5.47,0.63
97,0.15,0.08,1.05,-1.5,-5.89,0.5
98,0.15,0.08,1.03,-0.08,-4.26,-0.45
99,0.14,0.07,1.02,0.82,-4.17,-1.89
100,0.14,0.09,1.01,1.63,-6.12,-3.35
101,0.14,0.1,0.99,2.76,-6.35,-4.4
102,0.15,0.11,0.99,2.47,-5.65,-4.79
103,0.13,0.12,0.97,1.89,-5.29,-4.53
104,0.13,0.12,0.94,0.36,-4.17,-3.5
105,0.14,0.14,0.93,-2.24,-3.4,-4.63
106,0.16,0.14,0.94,-3.79,-1.3,-3.78
107,0.14,0.14,0.94,-4.21,-1.82,-4.18
108,0.14,0.13,0.94,-4.56,-2.44,-4.87
109,0.13,0.13,0.95,-4.26,-4.25,-5.11
110,0.12,0.12,0.97,-3.61,-8.1,-5.18
111,0.13,0.12,0.97,-1.73,-9.56,-5.19
112,0.12,0.12,0.96,-1.95,-10.4,-4.92
113,0.13,0.12,0.95,-3.6,-11.89,-4.82
114,0.15,0.12,0.95,-4.96,-10.83,-5.11
115,0.14,0.13,0.95,-5.6,-11.08,-5.14
116,0.13,0.14,0.95,-5.63,-12.73,-6.23
117,0.12,0.14,0.96,-6.42,-12.2,-5.79
118,0.13,0.14,0.95,-7.24,-6.21,-3.81
119,0.13,0.14,0.94,-8.21,1.11,-1.19
120,0.11,0.14,0.93,-9.02,0.9,0.4
121,0.13,0.14,0.93,-8.18,0.34,1.8
122,0.14,0.13,0.9,-10.89,-0.41,0.5
123,0.15,0.1,0.93,-12.53,-2.24,0.53
124,0.14,0.08,0.96,-12.47,-3.88,-0.4
125,0.14,0.07,1.01,-12.8,-4.54,-1.27
126,0.15,0.07,1.05,-11.08,-0.18,1.94
127,0.14,0.06,1.06,-8.14,4.52,4.27
128,0.13,0.06,1.05,-6.23,3.83,4.77
129,0.13,0.07,1.03,-5.52,3.57,3.7
130,0.14,0.1,1.04,-3.97,4.4,3.67
131,0.14,0.11,1.02,-3.69,2.82,3.16
132,0.14,0.14,1.03,-4.26,3.66,3.11
133,0.14,0.17,1.03,-2.95,3.56,5.75
134,0.16,0.2,1.03,-2.08,0.76,6.34
135,0.2,0.24,1.02,-1.67,-1.3,7.69
136,0.23,0.28,1.01,-0.89,-0.85,11.39
137,0.32,0.32,1.03,1.35,0.6,13.05
138,0.28,0.41,1.02,-1.24,-3.09,3.47
139,0.29,0.53,1.08,-4.79,-6.56,-8.4
140,0.35,0.7,1.11,-7.9,-1.98,-15.16
141,0.38,0.93,1.07,-11.32,5.05,-24.75
142,0.39,1.12,0.97,-11.02,2.6,-31.73
143,0.39,1.28,0.86,-9.66,-2.79,-36.87
144,0.45,1.35,0.75,-14.17,-21.34,-45.0
145,0.53,1.38,0.67,-24.37,-40.02,-54.41
146,0.57,1.42,0.6,-45.93,-58.51,-63.3
147,0.54,1.45,0.56,-72.6,-76.76,-71.02
148,0.45,1.46,0.63,-98.6,-91.78,-71.87
149,0.38,1.46,0.67,-124.21,-98.91,-64.37
150,0.31,1.47,0.74,-153.98,-98.72,-55.79
151,0.22,1.41,0.88,-167.55,-103.92,-41.27
152,0.26,1.34,1.04,-171.35,-106.17,-36.25
153,0.31,1.3,1.33,-191.85,-101.47,-40.78
154,0.35,1.2,1.53,-151.08,-40.35,-41.74
155,0.43,1.08,1.41,-136.62,13.93,-60.99
156,0.36,0.9,1.08,-96.69,45.21,-75.16
157,0.3,0.63,0.49,-59.13,49.04,-89.59
158,0.15,-0.0,-0.19,-16.25,18.48,-87.72
159,-0.11,-0.82,-1.18,-6.63,-59.76,-64.27
160,-0.22,-1.74,-2.0,-23.75,-101.31,11.48
161,0.12,-2.0,-2.0,-79.82,-114.41,104.98
162,0.94,-2.0,-2.0,-250.14,-66.6,149.82
163,1.64,-2.0,-2.0,-250.14,11.84,109.02
164,2.0,-2.0,-1.05,-250.14,235.26,1.52
165,1.18,-2.0,2.0,-250.14,250.13,-230.04
166,-2.0,-2.0,2.0,-250.14,92.61,-250.14
167,-2.0,-2.0,2.0,-216.08,-170.43,-250.14
168,-2.0,-2.0,2.0,233.47,16.87,46.51
169,-0.93,-2.0,2.0,250.13,-7.81,250.13
170,-1.63,-2.0,-1.86,250.13,-250.14,202.31
171,1.06,0.26,-2.0,250.13,-238.34,11.52
172,1.45,1.28,-2.0,61.8,151.37,45.45
173,1.51,0.96,-2.0,-45.19,85.7,9.63
174,1.93,0.41,-1.11,-81.2,96.5,-4.92
175,1.34,-0.1,-0.13,-115.18,172.97,-13.37
176,0.49,-0.51,0.78,-96.0,171.1,-19.34
177,-0.04,-0.69,1.3,-32.31,110.02,-22.04
178,-0.2,-0.66,1.21,14.28,12.35,-20.52
179,-0.03,-0.57,1.0,33.79,-36.13,-15.33
180,0.02,-0.49,0.85,29.88,-28.21,-4.68
181,0.09,-0.46,0.78,19.44,-12.08,-2.44
182,0.18,-0.39,0.79,12.53,9.33,2.39
183,0.15,-0.35,0.8,9.77,18.76,6.23
184,0.14,-0.36,0.85,10.53,29.31,12.87
185,0.14,-0.41,0.92,10.47,38.06,13.76
186,0.13,-0.45,1.02,11.4,35.05,9.2
187,0.08,-0.48,1.09,19.35,28.25,8.96
188,0.01,-0.47,1.07,30.05,9.66,10.79
189,-0.02,-0.44,0.99,36.66,-7.79,14.46
190,-0.01,-0.41,0.9,37.4,-12.73,19.14
191,0.02,-0.38,0.86,31.41,-11.77,21.31
192,0.06,-0.34,0.87,23.44,-7.62,25.47
193,0.1,-0.33,0.9,19.24,-8.15,33.11
194,0.15,-0.35,0.92,14.71,-6.76,39.15
195,0.24,-0.37,0.93,9.49,-6.85,41.83
196,0.3,-0.38,0.94,1.79,13.74,44.51
197,0.27,-0.4,1.0,5.96,8.79,42.47
198,0.29,-0.34,1.01,-6.96,16.46,36.79
199,0.2,-0.34,0.98,12.3,-1.63,30.99
200,0.11,-0.29,0.97,18.11,-18.87,28.73
201,0.15,-0.26,0.92,23.34,-35.93,30.63
202,0.26,-0.24,0.87,22.06,-33.11,34.02
203,0.32,-0.23,0.82,14.92,-21.04,33.95
204,0.35,-0.25,0.86,8.38,-8.53,30.13
205,0.33,-0.23,0.86,3.73,-4.39,26.06
206,0.27,-0.27,0.93,4.4,-9.0,22.03
207,0.23,-0.3,1.04,8.39,-12.38,18.43
208,0.27,-0.34,1.1,15.22,-9.66,17.23
209,0.29,-0.37,1.12,27.53,-5.69,15.46
210,0.3,-0.34,1.11,35.11,2.08,13.85
211,0.28,-0.3,1.04,40.19,8.51,10.31
212,0.23,-0.26,0.96,43.21,11.2,7.95
213,0.16,-0.23,0.91,44.23,9.88,7.54
214,0.09,-0.23,0.88,43.31,-0.36,9.73
215,0.12,-0.22,0.83,36.91,-12.05,8.88
216,0.17,-0.23,0.84,32.11,-17.18,10.53
217,0.24,-0.24,0.84,26.39,-16.76,10.08
218,0.32,-0.23,0.85,18.8,-8.02,7.49
219,0.3,-0.19,0.88,13.6,3.96,5.63
220,0.17,-0.2,0.96,12.81,4.7,6.4
221,0.15,-0.2,0.99,14.88,-3.4,9.95
222,0.16,-0.2,1.01,19.05,-8.67,12.78
223,0.22,-0.21,0.99,25.03,-13.82,14.82
224,0.33,-0.19,0.93,23.25,-15.56,11.08
225,0.4,-0.17,0.9,21.34,-9.75,6.23
226,0.36,-0.16,0.91,19.76,-5.6,1.86
227,0.3,-0.13,0.94,18.0,-5.87,-0.5
228,0.24,-0.16,0.95,22.1,-13.62,0.71
229,0.23,-0.19,0.93,25.53,-23.37,-1.37
230,0.23,-0.21,0.91,23.65,-23.88,-2.9
231,0.19,-0.21,0.91,21.24,-23.6,-2.25
232,0.16,-0.22,0.92,20.92,-22.53,-1.73
233,0.16,-0.21,0.93,22.67,-20.44,-0.49
234,0.18,-0.19,0.9,26.22,-22.4,-0.96
235,0.19,-0.14,0.83,26.0,-22.67,-3.79
236,0.16,-0.11,0.8,24.46,-21.72,-2.24
237,0.15,-0.09,0.78,20.72,-22.31,3.03
238,0.19,-0.06,0.8,12.98,-19.82,7.46
239,0.25,-0.07,0.82,4.41,-14.21,13.26
240,0.35,-0.09,0.88,-1.26,-4.75,17.18
241,0.4,-0.11,0.96,-2.64,0.05,16.2
242,0.39,-0.11,1.04,1.21,5.16,16.42
243,0.34,-0.12,1.06,5.95,11.78,15.8
244,0.3,-0.14,1.06,13.37,8.77,15.09
245,0.31,-0.14,1.05,17.44,5.95,11.11
246,0.34,-0.14,1.02,18.96,5.6,5.04
247,0.3,-0.13,0.99,21.13,1.24,0.81
248,0.28,-0.13,0.98,19.58,-4.9,-1.87
249,0.3,-0.12,0.97,15.15,-6.34,-3.27
250,0.31,-0.12,1.0,12.35,-2.26,-1.89
251,0.3,-0.1,1.0,9.99,2.61,0.11
252,0.32,-0.08,0.98,6.05,9.9,1.86
253,0.29,-0.08,0.98,3.92,16.47,4.25
254,0.25,-0.09,0.98,1.68,10.56,4.03
255,0.3,-0.07,0.97,-7.81,17.4,3.79
256,0.3,-0.12,1.01,1.44,4.44,3.23
257,0.31,-0.13,1.03,1.34,-0.37,0.33
258,0.33,-0.15,1.04,2.56,-2.43,-1.64
259,0.34,-0.15,1.05,2.95,1.47,-3.4
260,0.29,-0.14,1.07,5.61,3.69,-2.53
261,0.26,-0.13,1.08,7.61,1.5,-3.5
262,0.28,-0.1,1.04,9.73,0.56,-4.56
263,0.28,-0.09,1.01,12.15,2.18,-3.11
264,0.27,-0.08,1.0,12.77,5.93,-1.37
265,0.25,-0.08,0.98,11.95,6.61,-0.82
266,0.26,-0.08,0.97,11.15,4.91,-1.22
267,0.29,-0.06,0.96,11.77,3.72,-1.48
268,0.27,-0.05,0.96,12.34,4.28,-3.08
269,0.27,-0.04,0.95,13.76,3.45,-3.3
270,0.29,-0.05,0.91,15.31,2.81,-3.64
271,0.29,-0.05,0.89,11.6,3.22,-6.66
272,0.27,-0.05,0.9,7.89,4.34,-8.67
273,0.23,-0.05,0.89,7.18,2.49,-9.17
274,0.19,-0.06,0.91,4.91,-2.66,-8.69
275,0.2,-0.04,0.92,0.21,-5.12,-9.57
276,0.2,-0.04,0.93,-0.24,-3.87,-6.16
277,0.21,-0.04,0.94,-1.75,-2.1,-4.51
278,0.25,-0.04,0.96,-2.33,2.94,-0.87
279,0.27,-0.04,0.95,-2.52,7.92,-0.21
280,0.28,-0.03,0.94,-3.24,12.29,3.09
281,0.25,-0.02,0.96,-3.94,12.09,-0.99
282,0.26,-0.03,0.93,-2.75,7.4,-1.34
283,0.23,-0.03,0.93,-3.69,8.4,-1.62
284,0.23,-0.08,0.93,-5.77,6.87,-3.18
285,0.21,-0.08,0.93,-6.24,2.92,-2.47
286,0.23,-0.09,0.91,-9.51,2.47,-4.52
287,0.23,-0.08,0.92,-12.41,3.82,-5.4
288,0.21,-0.06,0.95,-10.92,3.53,-4.57
289,0.2,-0.07,0.96,-5.68,2.24,-2.3
290,0.17,-0.08,0.93,-3.61,-1.64,-2.02
291,0.19,-0.05,0.92,-4.89,-0.89,-1.69
292,0.17,-0.06,0.94,-3.99,0.01,0.56
293,0.17,-0.07,0.92,-5.92,-3.03,0.55
294,0.2,-0.05,0.93,-9.53,-4.66,-0.42
295,0.21,-0.09,0.94,-12.95,-6.09,-3.19
296,0.2,-0.09,0.97,-13.8,-10.2,-4.43
297,0.2,-0.1,1.02,-13.44,-11.4,-5.51
298,0.21,-0.1,1.05,-10.71,-7.95,-4.02
299,0.2,-0.1,1.07,-7.18,-4.15,-3.48
300,0.19,-0.09,1.09,-2.05,-0.35,0.14
301,0.19,-0.07,1.05,0.73,5.78,4.18
302,0.2,-0.06,1.01,-1.05,13.92,8.24
303,0.21,-0.06,0.98,-4.14,16.18,9.25
304,0.24,-0.05,0.96,-6.3,13.56,6.52
305,0.22,-0.06,0.98,-5.7,8.16,3.5
306,0.2,-0.07,1.0,-4.28,1.27,0.98
307,0.22,-0.07,1.02,-2.63,-3.03,-0.97
308,0.23,-0.08,1.03,0.63,-2.6,-0.79
309,0.25,-0.08,1.01,1.67,0.47,-1.86
310,0.27,-0.07,1.03,0.92,4.73,-1.47
311,0.26,-0.05,1.02,1.17,7.39,-2.51
312,0.25,-0.04,0.99,2.03,6.48,-3.2
313,0.25,-0.04,0.96,2.44,3.78,-3.56
314,0.21,-0.11,0.95,3.5,-0.08,-4.5
315,0.22,-0.07,0.91,-1.2,-5.64,-7.37
316,0.19,-0.08,0.91,-3.53,-12.15,-7.7
317,0.13,-0.07,0.93,-6.46,-16.27,-5.76
318,0.13,-0.08,0.94,-6.44,-15.9,2.8
319,0.14,-0.08,0.94,-7.82,-14.05,8.56
320,0.2,-0.08,0.91,-10.92,-8.48,9.67
321,0.23,-0.08,0.97,-12.16,-2.86,8.3
322,0.24,-0.07,1.02,-10.21,3.29,8.11
323,0.22,-0.08,1.03,-6.62,3.9,6.26
324,0.23,-0.08,1.03,-3.76,1.97,1.79
325,0.24,-0.07,1.03,0.89,-1.79,-0.71
326,0.25,-0.07,1.01,5.31,-4.26,-3.18
327,0.27,-0.08,0.99,10.21,-8.37,-4.79
328,0.28,-0.08,0.96,8.15,-7.6,-8.79
329,0.26,-0.08,0.97,6.6,-4.38,-8.14
330,0.22,-0.09,0.97,6.63,-7.16,-9.36
331,0.22,-0.1,0.96,4.69,-6.01,-8.95
332,0.23,-0.09,0.97,2.27,-0.27,-6.63
333,0.24,-0.09,0.98,1.96,2.95,-4.16
334,0.25,-0.08,1.0,1.01,5.48,-3.18
335,0.27,-0.08,0.99,1.76,8.82,-0.62
336,0.28,-0.05,1.01,1.31,13.21,-0.12
337,0.29,-0.05,1.0,3.23,17.11,1.38
338,0.27,-0.06,0.99,5.18,18.18,1.91
339,0.25,-0.06,0.96,5.34,16.32,2.41
340,0.24,-0.06,0.94,6.13,11.86,4.61
341,0.24,-0.05,0.91,6.06,6.71,7.12
342,0.21,-0.01,0.93,-0.81,7.08,-0.95
343,0.21,-0.02,0.89,-3.59,-0.84,-3.27
344,0.22,-0.07,0.87,-5.93,-6.12,-2.08
345,0.22,-0.04,0.92,-14.19,-5.92,-7.25
346,0.21,-0.05,0.93,-15.69,-9.17,-7.48
347,0.24,-0.07,1.01,-16.26,-10.35,-8.2
348,0.25,-0.07,1.05,-12.41,-5.55,-5.52
349,0.23,-0.07,1.11,-5.73,-1.75,-4.28
350,0.23,-0.05,1.11,-4.69,4.75,-1.26
351,0.23,-0.07,1.11,6.03,7.44,-0.66
352,0.23,-0.04,1.05,11.07,11.28,-2.98
353,0.23,-0.04,1.01,13.69,10.91,-4.82
354,0.2,-0.02,0.95,13.02,7.34,-7.16
355,0.2,-0.02,0.92,12.53,2.39,-9.43
356,0.18,-0.02,0.92,11.15,-3.4,-10.98
357,0.18,-0.02,0.92,8.63,-5.55,-11.86
358,0.22,-0.03,0.95,7.42,-2.65,-10.85
359,0.24,-0.03,0.95,5.4,4.15,-11.58
360,0.22,-0.02,0.97,5.69,10.08,-10.3
361,0.18,-0.03,0.97,8.43,8.31,-9.1
362,0.18,-0.02,0.98,9.18,6.54,-8.31
363,0.19,-0.01,0.99,9.15,10.22,-9.22
364,0.19,0.0,0.96,9.54,11.79,-9.42
365,0.18,0.0,0.95,10.84,10.77,-9.68
366,0.17,0.02,0.92,11.31,8.56,-10.56
367,0.17,0.03,0.9,10.27,5.68,-13.41
368,0.16,0.05,0.88,7.54,2.71,-17.41
369,0.11,0.06,0.89,6.92,-0.99,-20.0
370,0.07,0.06,0.89,6.58,-7.53,-19.7
371,0.05,0.07,0.88,4.04,-14.08,-17.35
372,0.03,0.06,0.88,0.07,-17.15,-11.98
373,-0.01,0.05,0.9,-3.1,-18.61,-6.17
374,0.04,0.01,0.92,-5.7,-21.11,1.27
375,0.1,-0.01,0.94,-9.4,-16.72,8.37
376,0.18,-0.01,0.96,-11.21,-8.66,13.09
377,0.2,-0.03,1.01,-11.16,-1.74,16.81
378,0.24,-0.03,1.04,-9.27,0.44,19.85
379,0.27,-0.02,1.05,-7.94,3.54,18.35
380,0.32,-0.03,1.03,-6.2,4.75,14.94
381,0.32,-0.03,1.05,-3.57,3.75,10.3
382,0.33,-0.04,1.07,5.22,7.59,8.04
383,0.33,-0.04,1.0,1.6,3.31,1.85
384,0.28,-0.05,1.05,1.98,-0.56,-2.45
385,0.25,-0.06,1.05,3.49,-0.6,-4.24
386,0.23,-0.05,1.03,4.62,3.98,-3.18
387,0.21,-0.06,1.02,5.64,4.59,-3.0
388,0.21,-0.04,1.02,6.43,5.06,-2.94
389,0.23,-0.03,0.99,6.78,7.55,-2.55
390,0.25,-0.03,0.97,6.45,8.45,-2.72
391,0.23,-0.03,0.97,6.62,2.63,-6.4
392,0.25,-0.01,0.98,5.27,2.34,-6.16
393,0.25,-0.02,0.98,4.76,6.04,-5.23
394,0.23,-0.02,0.99,5.81,6.41,-4.31
395,0.21,-0.02,0.99,6.39,5.76,-4.49
396,0.22,-0.02,0.98,6.75,5.56,-3.18
397,0.23,0.0,0.95,5.2,7.7,-4.61
398,0.23,0.0,0.93,4.09,8.95,-5.57
399,0.2,0.01,0.91,2.24,4.76,-9.51
