,accel_x,accel_y,accel_z,gyro_x,gyro_y,gyro_z
0,0.04,-0.06,0.99,-2.92,-1.2,-0.27
1,0.04,-0.07,1.0,-3.18,-1.26,-0.31
2,0.03,-0.07,1.0,-3.5,-0.89,-0.27
3,0.04,-0.07,1.0,-3.66,0.33,0.84
4,0.04,-0.08,1.0,-3.36,0.63,0.77
5,0.03,-0.08,1.01,-3.35,0.57,0.6
6,0.04,-0.08,1.0,-2.12,-1.0,-0.19
7,0.06,-0.07,1.01,-1.48,-1.13,-1.21
8,0.06,-0.06,0.99,-1.05,-0.51,-2.02
9,0.05,-0.06,1.0,-0.54,-0.95,-3.0
10,0.04,-0.05,1.0,-0.02,0.07,-2.75
11,0.05,-0.06,0.99,-1.02,2.34,-1.99
12,0.03,-0.05,0.99,-1.56,3.27,-1.6
13,0.02,-0.06,1.0,-1.51,3.73,-0.95
14,0.02,-0.06,0.98,-0.98,3.04,-0.49
15,0.02,-0.06,0.99,-1.08,2.53,-1.09
16,0.01,-0.06,0.98,-1.05,1.79,-0.79
17,0.01,-0.06,0.96,-1.08,2.05,0.11
18,0.0,-0.05,0.97,-1.91,2.02,0.37
19,-0.0,-0.04,0.96,-2.72,2.69,1.0
20,0.01,-0.04,0.96,-2.86,2.85,0.91
21,0.01,-0.05,0.97,-3.25,2.52,0.13
22,0.0,-0.05,0.96,-4.0,1.99,-0.6
23,0.01,-0.04,0.95,-4.34,0.07,-2.18
24,0.03,-0.04,0.95,-4.44,-2.11,-3.76
25,0.02,-0.04,0.97,-4.43,-3.92,-5.56
26,0.02,-0.05,0.98,-3.42,-5.05,-5.53
27,0.03,-0.06,0.98,-3.92,-4.68,-6.04
28,0.02,-0.07,1.0,-4.34,-4.58,-6.12
29,0.02,-0.08,1.0,-4.6,-4.02,-4.85
30,0.02,-0.08,1.0,-3.96,-1.93,-2.31
31,0.03,-0.08,1.01,-3.98,-0.42,-1.07
32,0.01,-0.07,1.0,-3.81,0.44,-0.08
33,0.01,-0.07,1.0,-3.41,1.73,0.87
34,0.02,-0.06,0.99,-3.79,1.88,0.47
35,0.03,-0.05,0.99,-4.65,1.33,-1.61
36,0.01,-0.05,0.99,-3.99,-0.28,-3.53
37,0.02,-0.05,0.99,-2.2,-1.0,-2.8
38,0.02,-0.05,0.96,-2.89,-1.25,-2.56
39,0.01,-0.05,0.97,-4.36,-1.55,-2.0
40,0.01,-0.06,0.96,-5.32,-1.79,-1.07
41,0.02,-0.06,0.96,-5.61,-2.67,-0.4
42,0.04,-0.07,0.96,-6.11,-4.57,-2.88
43,0.03,-0.08,1.0,-5.56,-5.02,-4.69
44,0.04,-0.09,1.01,-4.05,-4.81,-4.36
45,0.03,-0.09,1.01,-2.81,-3.64,-3.15
46,0.04,-0.09,1.01,-3.95,-2.45,-3.5
47,0.04,-0.09,1.02,-4.55,-1.05,-2.35
48,0.03,-0.09,1.02,-3.75,0.45,-0.95
49,0.02,-0.1,1.01,-2.74,0.59,-0.6
50,0.03,-0.09,1.01,-2.31,0.06,-1.47
51,0.03,-0.08,1.0,-1.85,0.02,-1.56
52,0.02,-0.07,1.0,-0.74,-0.21,-1.47
53,0.02,-0.07,0.99,-0.08,-1.21,-0.96
54,0.0,-0.08,0.99,-0.52,-1.76,-0.64
55,0.02,-0.07,0.99,-1.72,-1.22,-0.08
56,0.03,-0.06,0.98,-2.89,-0.15,0.44
57,0.05,-0.07,0.99,-3.05,1.02,-0.68
58,0.03,-0.07,1.0,-1.88,-0.56,-2.23
59,0.04,-0.07,1.02,-0.26,0.38,-1.79
60,0.06,-0.05,0.99,0.35,1.74,-2.56
61,0.04,-0.07,0.99,0.49,0.75,-5.12
62,0.02,-0.06,1.0,0.53,0.38,-5.28
63,0.02,-0.05,0.98,0.71,2.13,-3.1
64,0.03,-0.04,0.97,-0.17,3.31,-1.63
65,0.02,-0.04,0.96,-1.4,1.5,-2.84
66,0.02,-0.05,0.96,-1.34,-0.07,-3.12
67,0.0,-0.05,0.96,-1.3,-1.04,-3.08
68,0.02,-0.05,0.96,-2.17,-1.04,-3.45
69,0.01,-0.05,0.96,-3.13,-1.11,-3.66
70,0.01,-0.05,0.97,-3.18,-1.4,-2.63
71,0.02,-0.04,0.97,-3.43,-1.11,-2.37
72,0.03,-0.05,0.97,-3.77,-1.07,-2.89
73,0.03,-0.04,0.97,-3.57,-0.92,-3.89
74,0.02,-0.06,0.99,-3.47,0.26,-4.48
75,0.02,-0.06,0.97,-2.79,-0.12,-4.88
76,0.0,-0.06,0.97,-2.98,-0.63,-4.25
77,-0.0,-0.06,0.97,-3.15,-1.61,-4.01
78,-0.0,-0.07,0.97,-4.43,-1.51,-3.84
79,0.01,-0.08,0.98,-5.34,-1.65,-3.26
80,0.0,-0.09,1.0,-4.93,-1.75,-3.0
81,-0.01,-0.1,1.01,-4.05,-3.37,-3.66
82,-0.01,-0.1,1.01,-3.63,-4.15,-1.85
83,0.01,-0.09,1.01,-3.98,-2.61,-0.73
84,0.02,-0.09,1.01,-3.95,-1.69,-0.01
85,0.02,-0.1,1.02,-3.15,-1.82,0.39
86,0.01,-0.09,1.02,-2.29,-1.6,0.79
87,0.04,-0.09,1.01,-1.35,-1.59,0.7
88,0.04,-0.08,1.01,-1.38,-1.29,-0.09
89,0.05,-0.07,1.01,-1.49,-0.09,-0.18
90,0.04,-0.07,1.0,-0.82,0.76,0.09
91,0.03,-0.07,1.01,0.13,0.24,-1.06
92,0.03,-0.06,1.0,0.73,-0.07,-1.1
93,0.02,-0.05,0.99,0.31,-0.39,-1.34
94,0.03,-0.05,0.98,0.13,0.23,-0.78
95,0.02,-0.05,0.99,-0.6,0.25,-0.87
96,0.03,-0.05,0.99,-0.55,0.17,0.24
97,0.03,-0.05,0.97,-1.01,0.98,-0.23
98,0.03,-0.05,0.97,-0.85,0.89,-0.89
99,0.02,-0.05,0.98,-0.61,0.48,-2.5
100,0.02,-0.05,0.97,-0.57,0.06,-3.19
101,0.02,-0.05,0.97,-0.3,-0.72,-3.15
102,0.02,-0.05,0.97,-1.07,-1.24,-3.57
103,0.02,-0.06,0.96,-2.16,-1.04,-3.26
104,0.01,-0.05,0.98,-2.66,-0.92,-3.14
105,0.02,-0.07,0.97,-2.62,-1.54,-3.1
106,0.02,-0.07,0.98,-2.51,-1.08,-2.88
107,0.03,-0.06,0.99,-2.94,-0.43,-3.39
108,0.02,-0.06,0.98,-2.88,-0.35,-3.76
109,0.01,-0.06,0.99,-1.69,-1.24,-4.19
110,0.01,-0.06,0.99,-1.23,-1.2,-3.82
111,0.02,-0.05,0.98,-1.15,-1.15,-3.6
112,0.02,-0.04,0.98,-1.38,-0.21,-4.16
113,0.01,-0.05,0.97,-2.81,1.35,-2.9
114,0.0,-0.04,0.97,-3.53,1.89,-1.58
115,-0.01,-0.04,0.97,-3.16,0.77,-1.28
116,-0.0,-0.04,0.97,-3.18,-0.4,-1.61
117,0.02,-0.04,0.98,-2.87,-0.23,-1.53
118,0.02,-0.04,0.98,-2.56,0.47,-1.95
119,0.02,-0.05,0.97,-1.78,-0.79,-2.53
120,0.02,-0.04,0.99,-1.21,-1.18,-2.91
121,0.03,-0.02,0.99,-0.87,0.38,-2.69
122,0.03,0.0,0.98,-1.24,1.94,-1.63
123,0.01,0.05,0.96,-2.09,1.71,-0.89
124,-0.02,0.08,0.95,-4.85,2.55,-1.31
125,-0.08,0.11,0.98,-6.63,-0.48,-1.36
126,-0.11,0.14,0.96,-5.53,-2.34,1.1
127,-0.12,0.19,0.96,-4.5,-6.37,3.62
128,-0.12,0.26,0.96,-3.66,-15.16,6.13
129,-0.16,0.35,1.02,-3.41,-24.02,3.07
130,-0.1,0.45,1.05,0.52,-32.82,1.4
131,0.02,0.56,1.12,1.82,-33.87,6.39
132,0.09,0.71,1.15,-6.31,-30.67,-0.99
133,0.21,0.86,1.24,-18.62,-19.69,-0.3
134,0.28,1.01,1.29,-32.86,-13.98,2.25
135,0.34,1.1,1.35,-45.78,17.92,0.3
136,0.32,1.16,1.44,-54.23,35.27,-2.7
137,0.25,1.19,1.51,-55.57,46.83,-11.85
138,0.2,1.25,1.52,-55.01,53.31,-27.57
139,0.13,1.28,1.55,-49.96,55.3,-49.74
140,0.05,1.22,1.47,-29.3,52.66,-83.27
141,0.01,1.3,1.42,-7.46,44.62,-110.6
142,-0.03,1.37,1.21,9.6,34.76,-138.04
143,-0.09,1.44,0.95,19.96,28.87,-160.02
144,-0.22,1.59,0.54,18.11,5.58,-180.47
145,-0.32,1.68,0.1,0.63,-34.37,-187.97
146,-0.41,1.69,-0.42,-30.01,-44.98,-173.0
147,-0.16,1.58,-0.84,-91.31,-11.43,-114.6
148,0.21,1.04,-1.06,-162.24,42.22,-50.96
149,0.63,-0.05,-0.96,-212.56,87.51,13.78
150,1.03,-1.44,-0.65,-210.04,163.59,83.66
151,1.34,-2.0,-0.5,-160.6,187.99,123.78
152,1.81,-2.0,-0.58,-88.98,86.56,32.46
153,1.66,-2.0,-1.16,-115.99,-130.76,-170.05
154,1.28,-2.0,-0.31,-211.08,-250.14,-250.14
155,0.79,-2.0,1.36,-250.14,-250.14,-250.14
156,0.18,-2.0,2.0,-250.14,-250.14,-250.14
157,-0.9,-2.0,2.0,-237.51,-115.15,-250.14
158,-1.8,-2.0,2.0,-55.32,3.92,-105.57
159,-2.0,-2.0,2.0,192.89,29.96,84.08
160,-1.93,-1.74,0.81,250.13,-15.34,180.49
161,-1.13,-0.19,-1.0,250.13,-93.26,221.4
162,0.12,0.5,-1.25,168.37,-169.0,201.73
163,1.33,0.63,-0.83,72.54,-182.66,162.1
164,2.0,0.36,-0.01,19.75,-120.02,104.23
165,2.0,-0.05,0.77,-7.27,-35.15,53.18
166,1.76,-0.42,1.2,11.75,23.24,33.71
167,1.2,-0.57,1.15,50.98,34.28,23.27
168,0.76,-0.48,0.86,68.5,32.89,19.64
169,0.55,-0.35,0.61,66.4,32.05,19.77
170,0.25,-0.25,0.41,55.33,17.56,13.89
171,0.06,-0.21,0.38,45.53,-13.88,14.39
172,0.09,-0.19,0.44,33.23,-39.55,15.24
173,0.25,-0.24,0.61,22.08,-47.75,14.44
174,0.43,-0.3,0.8,9.88,-34.94,15.47
175,0.61,-0.35,0.98,-5.83,-7.83,11.61
176,0.6,-0.41,1.1,-15.05,22.23,7.33
177,0.45,-0.44,1.14,-12.18,33.87,2.09
178,0.3,-0.42,1.11,0.39,31.37,-2.75
179,0.22,-0.41,1.06,14.32,19.86,-9.61
180,0.18,-0.4,1.02,25.94,6.97,-15.28
181,0.19,-0.39,0.99,29.63,1.72,-12.54
182,0.21,-0.4,0.99,27.37,4.45,-6.66
183,0.24,-0.39,0.98,20.57,8.89,0.21
184,0.28,-0.34,0.99,6.5,23.11,11.07
185,0.25,-0.33,0.97,-4.94,37.39,19.78
186,0.12,-0.35,0.93,-8.2,35.92,21.99
187,0.01,-0.38,0.9,-4.5,25.45,21.26
188,-0.09,-0.41,0.87,4.13,1.44,19.49
189,-0.14,-0.44,0.86,17.2,-26.12,22.1
190,-0.05,-0.41,0.87,24.03,-45.79,27.11
191,0.11,-0.35,0.91,22.53,-53.97,36.63
192,0.27,-0.28,0.95,17.89,-47.64,42.63
193,0.38,-0.19,0.94,10.91,-31.78,42.09
194,0.36,-0.14,0.95,5.92,-15.27,40.55
195,0.31,-0.14,0.94,7.34,-3.33,39.74
196,0.25,-0.13,0.88,10.37,-1.21,37.16
197,0.24,-0.1,0.82,9.4,-5.65,31.6
198,0.26,-0.09,0.81,5.49,-9.76,26.21
199,0.29,-0.1,0.82,-1.5,-8.63,23.05
200,0.3,-0.15,0.85,-9.09,-4.6,23.06
201,0.3,-0.19,0.9,-16.76,0.44,21.77
202,0.25,-0.25,0.98,-18.76,7.82,23.5
203,0.2,-0.29,1.03,-14.59,14.6,28.03
204,0.15,-0.33,1.04,-2.64,15.87,33.78
205,0.14,-0.35,1.02,11.43,12.74,40.95
206,0.13,-0.35,1.01,20.73,9.24,46.38
207,0.16,-0.32,0.99,23.66,5.69,51.4
208,0.21,-0.29,0.99,23.36,8.19,57.76
209,0.25,-0.26,0.97,21.15,13.02,60.85
210,0.25,-0.21,0.93,15.95,15.61,57.3
211,0.24,-0.18,0.9,7.37,21.69,51.21
212,0.2,-0.2,0.89,5.02,23.18,46.24
213,0.17,-0.2,0.87,3.73,17.53,37.0
214,0.18,-0.21,0.87,3.63,11.09,28.94
215,0.21,-0.24,0.89,3.66,4.62,21.6
216,0.2,-0.26,0.94,1.63,-1.33,14.44
217,0.2,-0.28,0.98,7.22,-3.89,10.31
218,0.19,-0.26,1.02,11.94,-2.21,9.26
219,0.18,-0.26,1.0,17.6,5.6,12.1
220,0.15,-0.24,0.97,20.79,9.87,12.77
221,0.13,-0.22,0.91,20.37,9.17,11.11
222,0.1,-0.19,0.88,18.18,4.36,8.08
223,0.12,-0.19,0.9,16.56,-3.62,4.72
224,0.15,-0.19,0.91,14.82,-9.63,1.11
225,0.2,-0.22,0.95,15.93,-12.36,-2.9
226,0.25,-0.22,0.98,14.0,-9.51,-6.35
227,0.28,-0.2,1.01,12.17,-4.64,-8.02
228,0.25,-0.19,1.02,12.68,2.73,-8.21
229,0.2,-0.2,1.03,19.37,7.64,-7.25
230,0.18,-0.18,0.99,24.82,6.1,-5.93
231,0.15,-0.18,0.93,24.91,4.47,-6.76
232,0.13,-0.18,0.92,23.21,3.49,-4.25
233,0.13,-0.17,0.92,17.82,3.27,1.04
234,0.1,-0.16,0.94,10.41,6.39,8.69
235,0.1,-0.19,0.94,7.57,11.84,19.54
236,0.09,-0.17,0.94,4.61,10.48,25.16
237,0.11,-0.13,0.93,2.93,8.41,30.17
238,0.18,-0.09,0.91,0.82,5.21,28.5
239,0.25,-0.04,0.91,-2.75,2.51,23.19
240,0.28,-0.04,0.92,-4.21,2.77,15.13
241,0.27,-0.07,0.96,0.11,1.61,6.96
242,0.24,-0.09,0.99,5.51,-0.34,-1.02
243,0.23,-0.1,0.99,8.61,1.95,-2.73
244,0.2,-0.1,0.97,8.11,8.46,-2.34
245,0.18,-0.11,0.97,6.85,15.79,-0.73
246,0.15,-0.1,0.97,6.6,18.03,2.73
247,0.1,-0.11,0.95,5.08,13.37,0.47
248,0.08,-0.12,0.96,6.95,9.36,-0.78
249,0.09,-0.11,0.98,6.82,9.2,0.79
250,0.11,-0.08,0.97,6.39,11.36,2.03
251,0.13,-0.04,0.95,3.19,13.25,0.6
252,0.15,-0.04,0.96,-0.3,15.87,0.47
253,0.14,-0.05,0.95,-1.92,15.31,-2.76
254,0.13,-0.07,0.97,-1.66,14.88,-5.27
255,0.1,-0.1,0.99,0.07,12.85,-8.25
256,0.1,-0.1,0.99,2.11,11.36,-10.58
257,0.07,-0.12,0.99,4.2,11.01,-10.32
258,0.04,-0.14,0.98,5.14,9.04,-9.95
259,0.03,-0.16,0.98,3.96,8.63,-7.82
260,0.01,-0.16,0.98,1.9,7.63,-4.36
261,0.01,-0.17,1.0,1.15,5.24,-1.57
262,0.04,-0.17,1.01,0.11,4.21,0.41
263,0.07,-0.16,1.04,0.76,6.21,4.08
264,0.1,-0.14,1.02,3.05,15.11,7.31
265,0.13,-0.09,1.01,1.84,13.86,5.7
266,0.14,-0.1,0.98,0.47,13.6,1.05
267,0.12,-0.1,0.98,-0.31,13.11,-3.36
268,0.11,-0.12,0.99,-0.24,14.46,-4.53
269,0.1,-0.15,0.99,1.92,17.48,-4.45
270,0.09,-0.16,1.01,2.72,15.31,-5.81
271,0.09,-0.16,1.02,3.21,17.01,-5.24
272,0.09,-0.15,1.0,5.41,19.04,-4.21
273,0.07,-0.14,1.0,7.6,17.33,-5.31
274,0.09,-0.13,0.98,8.97,16.79,-6.11
275,0.12,-0.1,0.95,8.71,18.37,-8.24
276,0.13,-0.08,0.94,8.02,18.96,-11.3
277,0.1,-0.08,0.94,9.89,15.92,-16.39
278,0.09,-0.08,0.93,13.91,15.18,-20.74
279,0.04,-0.09,0.95,17.01,14.53,-24.22
280,0.01,-0.09,0.93,19.13,7.58,-28.18
281,-0.01,-0.09,0.92,20.02,6.31,-27.02
282,-0.02,-0.08,0.9,16.63,4.21,-23.77
283,-0.02,-0.07,0.89,11.21,3.95,-19.47
284,-0.01,-0.06,0.88,4.11,4.84,-14.74
285,-0.01,-0.07,0.92,-0.68,3.23,-10.78
286,-0.0,-0.08,0.95,-4.19,1.8,-8.34
287,-0.0,-0.07,0.97,-5.18,0.4,-5.45
288,0.03,-0.06,0.99,-5.18,0.22,-4.04
289,0.04,-0.06,1.01,-3.7,1.08,-3.24
290,0.04,-0.07,1.01,-2.34,0.99,-4.73
291,0.04,-0.06,1.01,-0.65,1.33,-5.41
292,0.04,-0.06,0.99,0.76,2.84,-4.86
293,0.05,-0.06,0.98,1.32,1.53,-6.65
294,0.05,-0.06,0.99,0.18,0.65,-6.24
295,0.05,-0.06,0.98,-3.1,-1.89,-8.86
296,0.05,-0.06,1.0,-5.84,0.88,-9.13
297,0.05,-0.06,0.99,-9.61,1.91,-9.86
298,0.04,-0.05,1.0,-12.33,4.24,-8.77
299,0.03,-0.03,1.01,-13.18,6.85,-6.12
300,0.0,-0.04,0.99,-11.65,5.02,-4.11
301,0.02,-0.04,1.0,-10.01,2.92,-4.6
302,0.03,-0.06,1.01,-9.19,2.2,-5.44
303,0.02,-0.07,1.03,-9.27,-0.33,-6.68
304,-0.02,-0.07,1.05,-9.01,-4.34,-8.37
305,-0.04,-0.1,1.08,-6.79,-6.95,-7.89
306,-0.05,-0.12,1.13,-2.52,-9.56,-5.76
307,-0.02,-0.13,1.17,2.08,-9.63,-3.17
308,0.05,-0.11,1.15,5.08,-3.51,-0.69
309,0.1,-0.1,1.11,5.34,2.89,-3.19
310,0.1,-0.11,1.11,7.04,9.31,-5.51
311,0.05,-0.13,1.07,9.12,11.62,-7.61
312,0.01,-0.14,1.04,11.44,10.97,-6.91
313,-0.0,-0.14,0.99,12.01,10.21,-5.79
314,-0.02,-0.13,0.96,10.73,8.49,-4.06
315,-0.02,-0.11,0.93,7.97,7.14,-1.58
316,-0.01,-0.1,0.9,4.62,6.67,1.27
317,0.01,-0.09,0.89,1.03,5.43,2.5
318,0.03,-0.1,0.89,-1.15,3.98,1.65
319,0.04,-0.11,0.93,-1.77,1.64,0.98
320,0.05,-0.1,0.94,-1.35,0.64,-0.68
321,0.06,-0.09,0.95,-1.11,1.05,-1.39
322,0.07,-0.09,0.94,-1.31,1.83,-3.32
323,0.07,-0.08,0.96,-0.95,3.4,-2.87
324,0.04,-0.09,0.95,-1.08,3.74,-3.47
325,0.05,-0.07,0.94,-1.66,3.17,-4.18
326,0.02,-0.06,0.94,-3.09,1.34,-5.05
327,0.04,-0.05,0.95,-3.68,-0.16,-5.3
328,0.03,-0.05,0.94,-4.58,-3.15,-7.67
329,0.03,-0.06,0.98,-4.19,-6.73,-10.1
330,0.02,-0.08,0.99,-2.83,-9.32,-13.3
331,0.03,-0.08,1.01,-0.32,-10.03,-14.28
332,0.02,-0.11,1.03,2.74,-9.22,-13.81
333,0.02,-0.12,1.04,3.98,-6.62,-12.73
334,0.01,-0.13,1.04,3.46,-2.42,-10.61
335,0.0,-0.13,1.02,3.11,-0.56,-9.14
336,0.02,-0.12,1.0,2.65,1.5,-7.72
337,0.02,-0.12,0.99,1.27,0.95,-7.85
338,0.02,-0.12,0.97,0.24,3.14,-6.73
339,0.01,-0.13,0.97,-1.6,4.47,-5.14
340,-0.01,-0.13,0.97,-2.95,2.61,-4.48
341,-0.01,-0.12,0.98,-3.08,3.06,-2.51
342,0.0,-0.12,0.95,-4.33,3.17,-1.24
343,0.01,-0.11,0.95,-5.63,3.86,0.39
344,0.0,-0.11,0.96,-6.31,3.36,1.37
345,0.0,-0.11,0.96,-6.38,0.63,1.56
346,0.02,-0.11,0.95,-6.67,-1.53,1.71
347,0.01,-0.11,0.96,-6.67,-3.61,0.95
348,0.02,-0.12,0.98,-6.02,-5.63,0.3
349,0.03,-0.12,1.01,-5.2,-5.68,0.77
350,0.05,-0.12,1.03,-4.19,-3.31,3.55
351,0.04,-0.11,1.02,-3.53,-1.84,5.92
352,0.04,-0.11,1.01,-3.52,-0.23,7.21
353,0.04,-0.09,1.01,-4.61,-0.02,7.44
354,0.06,-0.09,1.01,-6.09,2.63,7.92
355,0.03,-0.09,1.01,-5.71,3.01,7.06
356,0.03,-0.11,1.01,-4.31,2.17,6.31
357,0.04,-0.1,0.98,-2.36,1.17,4.36
358,0.05,-0.1,0.98,-2.77,1.92,0.37
359,0.04,-0.11,0.98,-1.4,0.65,-2.92
360,0.01,-0.13,0.98,0.42,-1.47,-4.83
361,0.01,-0.12,0.96,0.27,-2.24,-5.17
362,0.03,-0.1,0.96,-1.13,-0.6,-4.34
363,0.01,-0.11,0.96,-2.81,-0.15,-3.5
364,0.0,-0.11,0.96,-4.58,-0.11,-1.94
365,0.01,-0.1,0.97,-6.21,0.02,-0.58
366,0.03,-0.09,0.97,-6.91,0.98,0.36
367,0.04,-0.1,0.98,-6.49,1.04,1.05
368,0.02,-0.1,0.99,-6.0,-0.06,0.32
369,0.01,-0.12,1.0,-4.66,-0.61,-0.33
370,0.02,-0.11,0.99,-3.44,-1.06,-0.82
371,0.03,-0.11,0.99,-2.5,-1.16,-2.06
372,0.01,-0.12,1.0,-2.08,-1.85,-2.38
373,0.01,-0.13,1.0,-1.49,-1.65,-0.67
374,0.04,-0.13,0.98,-1.34,-0.5,0.69
375,0.01,-0.14,1.0,-2.37,0.08,0.44
376,0.0,-0.15,1.01,-1.6,-0.2,1.49
377,0.03,-0.13,1.0,-1.66,0.72,0.9
378,0.04,-0.12,1.0,-2.33,1.72,-0.58
379,0.02,-0.12,0.99,-1.04,-0.22,-2.14
380,0.02,-0.12,1.0,0.99,-0.83,-1.28
381,0.02,-0.11,0.98,0.89,-1.08,-0.69
382,0.02,-0.1,0.98,-0.72,-0.76,-0.87
383,0.03,-0.09,0.97,-1.89,0.79,0.78
384,0.02,-0.09,0.97,-2.63,-0.14,0.79
385,0.04,-0.08,0.97,-3.02,-0.27,0.44
386,0.06,-0.07,0.97,-2.63,0.92,1.19
387,0.05,-0.09,0.96,-2.12,0.25,0.09
388,0.03,-0.1,0.97,-1.62,-1.57,-2.6
389,0.02,-0.1,0.98,-0.95,-2.7,-3.53
390,0.02,-0.11,0.97,-0.06,-1.95,-2.07
391,0.02,-0.1,0.98,-0.61,-2.05,-2.51
392,0.02,-0.09,0.98,-2.02,-2.62,-2.81
393,0.02,-0.09,0.98,-2.58,-1.78,-1.56
394,0.0,-0.1,0.99,-1.66,-1.53,-0.52
395,0.0,-0.11,0.98,-1.31,-2.21,-0.26
396,0.01,-0.11,0.98,-1.56,-1.5,-0.53
397,0.01,-0.1,0.98,-1.31,-0.83,-0.13
398,0.01,-0.11,0.97,-1.18,-2.23,-1.29
399,0.01,-0.12,0.98,-1.95,-3.83,-3.02
400,0.01,-0.12,0.99,-2.37,-2.95,-2.58
