,accel_x,accel_y,accel_z,gyro_x,gyro_y,gyro_z
0,0.22,0.09,0.96,1.86,-0.16,-5.21
1,0.24,0.08,0.94,-0.16,1.81,-5.95
2,0.22,0.09,0.95,-0.79,2.14,-6.08
3,0.2,0.09,0.96,-0.73,0.24,-5.45
4,0.2,0.09,0.95,-0.68,-1.59,-3.44
5,0.21,0.1,0.94,-3.45,-0.41,-4.18
6,0.2,0.09,0.97,-3.33,1.76,-4.05
7,0.18,0.09,0.97,-2.65,0.15,-2.71
8,0.17,0.08,0.95,-3.56,-3.13,-2.99
9,0.22,0.07,0.96,-5.03,-2.28,-3.87
10,0.2,0.07,0.99,-3.46,0.08,-4.36
11,0.17,0.08,1.0,-2.02,-1.95,-4.24
12,0.15,0.07,0.99,-0.39,-4.4,-2.7
13,0.21,0.07,0.97,-1.23,-3.21,-3.62
14,0.23,0.08,0.97,-1.66,3.42,-1.34
15,0.18,0.06,0.97,-2.3,4.41,-1.57
16,0.15,0.06,0.97,-2.22,-1.51,-1.12
17,0.18,0.06,0.97,-2.16,-2.24,-0.5
18,0.2,0.07,0.98,-2.39,0.21,0.02
19,0.21,0.07,0.99,-3.67,0.73,-1.05
20,0.19,0.08,0.98,-2.79,0.77,1.2
21,0.19,0.08,0.98,-1.67,-0.46,2.05
22,0.2,0.08,0.97,-1.67,-1.09,1.78
23,0.23,0.08,0.96,-3.11,-1.85,0.21
24,0.24,0.08,0.96,-4.18,-2.42,-1.63
25,0.25,0.08,0.98,-3.53,-3.74,-3.11
26,0.25,0.09,0.99,-3.0,-3.75,-3.23
27,0.24,0.09,1.0,-1.9,0.63,-1.97
28,0.23,0.08,1.0,0.07,0.98,-2.12
29,0.23,0.09,0.99,1.13,0.48,-1.79
30,0.25,0.09,0.97,0.85,2.64,-0.77
31,0.23,0.09,0.96,0.01,3.11,-2.34
32,0.22,0.08,0.96,-0.46,-0.53,-4.23
33,0.22,0.08,0.96,0.14,-2.46,-4.37
34,0.23,0.08,0.97,0.01,-1.97,-4.81
35,0.21,0.08,0.97,-0.81,-1.18,-4.98
36,0.2,0.07,0.98,-0.57,-2.32,-5.34
37,0.2,0.08,0.98,-0.66,-3.18,-4.92
38,0.21,0.08,0.98,-0.08,-1.89,-3.75
39,0.21,0.08,0.99,1.24,0.7,-3.98
40,0.2,0.09,1.0,3.08,1.33,-3.63
41,0.2,0.1,0.98,4.27,2.66,-2.36
42,0.2,0.1,0.95,4.27,4.05,-2.4
43,0.19,0.11,0.93,3.43,2.82,-2.35
44,0.18,0.1,0.91,2.99,-1.51,-3.68
45,0.19,0.11,0.92,1.57,-4.76,-4.37
46,0.18,0.11,0.92,-0.03,-5.11,-3.41
47,0.18,0.11,0.92,-1.35,-5.39,-2.12
48,0.17,0.11,0.94,-3.11,-6.51,-1.08
49,0.18,0.11,0.96,-3.36,-6.89,0.65
50,0.2,0.12,0.96,-3.86,-3.58,3.09
51,0.21,0.11,0.96,-4.18,0.59,4.5
52,0.21,0.11,0.96,-4.53,1.95,3.9
53,0.21,0.12,0.96,-3.13,-0.9,2.11
54,0.22,0.1,0.96,-1.27,-4.97,0.52
55,0.23,0.1,0.96,-1.26,-5.79,-0.53
56,0.23,0.09,0.96,-1.92,-6.66,-2.22
57,0.22,0.07,0.96,-1.46,-8.13,-2.29
58,0.22,0.08,0.98,-1.64,-8.34,-1.88
59,0.21,0.08,0.99,-1.73,-7.3,0.63
60,0.21,0.08,0.99,-1.73,-6.63,1.34
61,0.21,0.08,0.97,-1.75,-7.06,0.69
62,0.2,0.09,0.98,-1.3,-9.05,0.51
63,0.21,0.09,0.96,-1.4,-12.31,0.3
64,0.22,0.1,0.97,-2.64,-14.15,-0.34
65,0.22,0.09,0.97,-2.82,-14.28,-0.64
66,0.24,0.09,0.98,-1.38,-14.8,0.27
67,0.23,0.08,0.99,-1.62,-14.35,2.76
68,0.22,0.08,1.0,-0.05,-17.15,4.28
69,0.22,0.07,1.0,2.53,-23.81,5.31
70,0.25,0.08,0.98,2.95,-24.4,4.57
71,0.27,0.08,0.97,0.36,-17.45,2.18
72,0.26,0.09,0.97,-0.97,-10.18,1.29
73,0.24,0.08,0.97,-1.32,-9.39,0.53
74,0.24,0.09,0.97,-1.24,-10.4,0.0
75,0.25,0.08,0.98,-0.93,-8.25,-1.11
76,0.26,0.08,0.98,0.25,-5.44,0.43
77,0.28,0.07,0.96,0.41,-4.85,0.97
78,0.3,0.08,0.95,-1.92,-0.27,-0.15
79,0.31,0.09,0.95,-2.43,3.21,-1.9
80,0.28,0.09,0.97,-1.11,1.74,-4.09
81,0.28,0.09,0.97,-0.21,1.72,-5.55
82,0.29,0.1,0.98,1.36,5.98,-5.02
83,0.26,0.09,0.96,1.53,7.7,-6.25
84,0.23,0.09,0.96,1.47,6.4,-6.87
85,0.22,0.09,0.96,1.73,5.46,-6.96
86,0.21,0.08,0.97,1.53,6.97,-5.63
87,0.2,0.07,0.97,1.1,9.31,-4.65
88,0.2,0.06,1.01,3.08,14.17,-2.66
89,0.18,0.05,1.03,5.11,16.37,0.33
90,0.18,0.06,1.03,5.56,17.54,-1.02
91,0.19,0.07,1.02,8.92,21.86,-1.08
92,0.2,0.08,1.02,14.59,23.76,1.75
93,0.18,0.11,0.97,15.48,21.23,-0.43
94,0.18,0.14,0.95,16.19,19.4,-0.66
95,0.17,0.19,0.92,14.65,19.34,0.63
96,0.21,0.24,0.89,10.34,17.66,3.77
97,0.24,0.3,0.88,3.67,18.11,3.02
98,0.31,0.35,0.87,-2.73,17.55,0.85
99,0.37,0.4,0.89,-7.38,17.85,0.42
100,0.4,0.47,0.93,-11.11,10.69,-4.97
101,0.53,0.49,0.95,-9.61,7.97,-5.37
102,0.52,0.57,0.96,-13.1,7.69,-18.02
103,0.48,0.6,0.97,-12.05,1.84,-29.29
104,0.55,0.64,0.91,-13.79,-1.21,-33.04
105,0.49,0.68,0.95,-18.11,5.38,-32.4
106,0.4,0.68,0.93,-20.4,-4.54,-42.71
107,0.36,0.74,0.96,-23.08,-9.32,-54.33
108,0.33,0.83,0.98,-22.42,-9.22,-57.0
109,0.28,0.95,0.92,-19.82,-7.02,-56.12
110,0.26,1.02,0.78,-23.65,-6.1,-52.39
111,0.21,1.11,0.68,-34.34,-6.21,-48.62
112,0.16,1.16,0.62,-46.15,-6.36,-36.93
113,0.14,1.18,0.53,-57.91,-10.0,-20.98
114,0.18,1.21,0.49,-76.66,-8.06,-6.96
115,0.23,1.22,0.5,-97.96,-5.28,6.41
116,0.25,1.2,0.59,-115.81,-21.85,10.34
117,0.39,1.12,0.71,-126.44,-48.49,3.8
118,0.56,1.05,0.83,-132.16,-67.85,-12.15
119,0.67,0.9,0.94,-156.89,-117.18,-40.72
120,0.53,0.89,1.16,-147.07,-118.08,-77.77
121,0.48,0.81,1.29,-127.35,-104.9,-102.39
122,0.4,0.72,1.3,-101.25,-87.95,-118.89
123,0.24,0.57,1.19,-70.13,-75.31,-132.93
124,0.05,0.45,1.07,-36.62,-68.93,-128.37
125,-0.21,0.11,0.77,14.15,-54.24,-98.89
126,-0.51,-0.4,0.22,70.95,-58.81,-45.21
127,-0.46,-0.95,-0.39,91.55,-52.21,16.8
128,0.1,-1.54,-1.2,50.24,6.98,66.95
129,0.73,-2.0,-1.94,-33.55,123.97,103.15
130,0.91,-2.0,-2.0,-141.91,206.11,126.83
131,0.86,-2.0,-1.95,-250.14,168.94,134.79
132,1.15,-2.0,-0.8,-250.14,66.37,94.53
133,1.85,-2.0,1.38,-250.14,-29.01,-4.85
134,1.49,-2.0,2.0,-250.14,-134.65,-136.24
135,0.09,-2.0,2.0,-250.14,-250.14,-250.14
136,-0.74,-2.0,2.0,-154.19,-63.82,-250.14
137,-1.91,-1.58,2.0,136.85,204.08,-136.48
138,-2.0,-1.57,2.0,250.13,174.6,101.76
139,-1.5,-0.9,-1.59,250.13,-34.05,195.18
140,0.14,0.44,-2.0,219.28,-220.07,81.92
141,1.43,0.75,-2.0,-24.27,-58.23,54.51
142,1.93,0.07,-1.2,-94.45,15.72,6.24
143,1.84,-0.18,-0.13,-96.89,30.01,-20.95
144,1.38,-0.53,0.74,-103.81,126.21,-34.93
145,0.68,-0.68,1.46,-86.36,184.13,-33.44
146,-0.04,-0.71,1.57,-25.82,144.49,-24.34
147,-0.4,-0.65,1.36,27.29,53.85,-5.79
148,-0.39,-0.62,1.17,47.56,-6.76,10.68
149,-0.13,-0.6,1.08,48.04,-11.46,23.37
150,0.12,-0.57,1.03,44.22,16.87,36.47
151,0.26,-0.55,0.99,47.95,47.26,50.17
152,0.37,-0.53,0.9,46.22,76.56,53.93
153,0.45,-0.47,0.79,32.41,106.98,46.21
154,0.27,-0.41,0.77,24.82,111.84,37.43
155,-0.03,-0.41,0.75,25.76,79.32,38.74
156,-0.14,-0.42,0.73,24.15,22.05,41.83
157,-0.08,-0.45,0.68,21.61,-20.14,47.93
158,0.02,-0.51,0.72,15.37,-32.76,58.61
159,0.12,-0.6,0.82,7.28,-19.07,70.82
160,0.26,-0.67,0.94,-2.21,16.53,67.09
161,0.34,-0.64,1.12,-0.73,56.96,59.09
162,0.37,-0.57,1.1,10.57,74.44,48.95
163,0.29,-0.44,1.05,20.51,77.14,43.62
164,0.04,-0.32,0.96,27.34,43.85,39.4
165,0.03,-0.25,0.92,33.06,-0.63,32.73
166,0.09,-0.16,0.89,35.1,-35.23,23.82
167,0.1,-0.12,0.87,38.76,-60.71,21.12
168,0.14,-0.12,0.86,34.2,-70.02,23.76
169,0.2,-0.13,0.84,29.16,-59.1,32.52
170,0.2,-0.17,0.83,21.31,-46.01,38.08
171,0.29,-0.2,0.93,6.33,-23.32,36.14
172,0.32,-0.21,1.08,0.56,-0.3,34.81
173,0.32,-0.21,1.17,6.78,3.91,23.42
174,0.27,-0.18,1.2,19.78,-1.82,11.42
175,0.16,-0.17,1.17,35.73,-19.98,2.15
176,0.11,-0.18,1.07,46.53,-41.34,-3.98
177,0.13,-0.15,0.95,47.66,-47.47,-1.43
178,0.15,-0.13,0.88,38.11,-41.92,2.09
179,0.21,-0.13,0.88,28.26,-23.34,9.66
180,0.22,-0.13,0.86,16.47,5.33,16.87
181,0.24,-0.13,0.89,1.72,21.65,18.85
182,0.2,-0.15,1.0,-0.4,25.81,20.51
183,0.2,-0.15,1.07,1.96,21.21,13.05
184,0.21,-0.15,1.11,12.11,15.05,8.11
185,0.17,-0.15,1.14,26.62,-1.08,4.1
186,0.12,-0.13,1.08,36.42,-16.78,-4.38
187,0.13,-0.1,0.99,39.91,-16.3,-6.62
188,0.1,-0.09,0.92,40.96,-14.6,-3.79
189,0.1,-0.04,0.91,32.99,-10.07,-2.24
190,0.12,-0.0,0.89,25.41,-6.0,2.26
191,0.16,0.01,0.87,21.6,-8.78,6.14
192,0.19,-0.0,0.87,15.08,-11.11,5.73
193,0.18,0.0,0.93,12.31,-12.4,7.39
194,0.18,-0.02,0.94,14.44,-15.06,8.11
195,0.23,-0.04,0.92,15.73,-13.9,6.37
196,0.24,-0.01,0.86,9.63,-6.39,1.3
197,0.16,-0.01,0.95,10.4,-14.98,-2.26
198,0.11,-0.0,1.01,15.05,-24.85,-4.19
199,0.12,0.01,0.98,17.93,-31.07,-3.29
200,0.19,0.02,0.97,17.74,-29.06,0.05
201,0.26,0.03,0.95,15.6,-23.05,1.12
202,0.3,0.01,0.96,19.48,-10.15,6.44
203,0.34,0.04,0.94,17.75,4.68,5.98
204,0.31,0.03,0.93,23.23,9.37,7.89
205,0.28,-0.03,0.93,25.21,8.22,10.31
206,0.29,-0.01,0.94,16.92,1.2,3.84
207,0.28,-0.01,0.95,16.87,0.47,0.55
208,0.25,-0.02,0.97,22.14,-3.03,-3.66
209,0.21,-0.02,0.98,26.92,-6.87,-5.93
210,0.25,-0.0,0.93,26.34,-8.3,-9.46
211,0.28,0.02,0.89,25.36,-1.41,-8.68
212,0.26,0.02,0.85,23.58,2.24,-8.31
213,0.23,0.04,0.88,21.47,2.26,-9.39
214,0.23,0.07,0.91,18.65,0.63,-6.66
215,0.22,0.08,0.92,18.6,4.4,-3.11
216,0.19,0.08,0.92,17.48,5.98,-1.42
217,0.17,0.07,0.92,17.12,7.54,0.9
218,0.19,0.1,0.91,13.47,12.32,0.95
219,0.18,0.11,0.91,10.98,16.94,3.69
220,0.17,0.1,0.87,11.04,10.28,7.56
221,0.21,0.08,0.88,5.35,3.84,8.12
222,0.26,0.08,0.9,0.1,5.9,9.54
223,0.28,0.07,0.95,-2.04,8.37,10.83
224,0.29,0.07,1.01,-1.4,14.02,9.92
225,0.28,0.06,1.07,3.14,17.18,7.28
226,0.3,0.07,1.08,4.98,15.23,2.49
227,0.3,0.06,1.09,8.71,14.87,-0.12
228,0.26,0.06,1.08,12.73,12.31,-3.37
229,0.23,0.04,1.03,15.19,9.37,-7.9
230,0.19,0.04,0.99,14.64,5.66,-12.64
231,0.13,0.04,0.97,13.05,0.7,-13.1
232,0.14,0.06,0.95,7.23,-2.0,-14.24
233,0.15,0.06,0.96,4.32,1.07,-9.57
234,0.16,0.05,0.97,2.18,3.59,-5.51
235,0.17,0.04,0.96,-1.24,5.69,-4.71
236,0.18,0.06,0.99,-2.15,6.73,-3.62
237,0.2,0.06,1.01,0.85,8.21,-2.36
238,0.21,0.04,0.98,2.95,9.15,-2.95
239,0.21,0.04,0.96,2.11,11.21,-4.39
240,0.16,0.04,0.96,3.06,8.31,-6.87
241,0.16,0.05,0.96,2.85,2.98,-9.95
242,0.17,0.06,0.95,3.66,0.84,-9.77
243,0.17,0.05,0.94,4.69,-1.13,-9.69
244,0.16,0.07,0.93,2.53,-5.21,-10.79
245,0.15,0.08,0.94,1.38,-6.3,-7.53
246,0.16,0.07,0.94,-1.4,-5.0,-5.23
247,0.19,0.07,0.95,-3.03,0.21,-3.31
248,0.18,0.05,0.97,3.89,6.15,2.37
249,0.18,0.06,1.01,-0.35,5.05,2.03
250,0.25,0.04,1.03,-2.85,1.11,1.38
251,0.26,0.05,1.05,-1.98,2.04,-2.97
252,0.25,0.07,1.08,2.21,2.9,-6.27
253,0.22,0.08,1.09,6.93,1.11,-7.24
254,0.22,0.08,1.03,9.5,-0.37,-9.44
255,0.2,0.08,1.01,9.33,-0.72,-9.93
256,0.18,0.08,0.98,8.53,-0.1,-9.95
257,0.18,0.1,0.99,6.56,2.32,-9.44
258,0.16,0.11,0.99,4.77,8.47,-5.95
259,0.19,0.13,0.98,2.28,13.46,-6.56
260,0.18,0.13,0.98,3.44,10.56,-6.5
261,0.17,0.13,0.95,3.4,2.41,-8.69
262,0.16,0.13,0.94,4.56,-2.18,-9.96
263,0.13,0.12,0.95,4.15,-4.72,-11.15
264,0.1,0.11,0.97,2.26,-3.5,-8.86
265,0.08,0.09,0.97,2.08,-2.4,-5.13
266,0.09,0.09,0.99,1.18,1.4,-1.17
267,0.12,0.08,0.96,0.24,3.5,0.61
268,0.12,0.07,0.98,-0.45,1.85,-0.95
269,0.14,0.07,1.0,0.98,-3.47,-2.73
270,0.15,0.06,0.99,3.23,-6.88,-3.81
271,0.15,0.06,0.98,2.29,-7.47,-6.9
272,0.16,0.06,0.97,3.22,-7.5,-6.46
273,0.16,0.07,0.96,2.12,-6.53,-6.36
274,0.16,0.09,0.97,1.19,-5.21,-5.01
275,0.15,0.1,0.97,1.55,-2.98,-1.79
276,0.13,0.1,0.97,1.15,-0.02,1.21
277,0.12,0.09,0.96,-1.29,1.81,3.02
278,0.16,0.07,0.96,-1.97,3.81,7.96
279,0.17,0.07,0.98,-5.46,7.12,6.87
280,0.2,0.07,1.01,-8.73,8.34,1.24
281,0.24,0.06,1.04,-4.48,3.83,-2.81
282,0.23,0.07,1.07,-0.47,1.37,-9.53
283,0.25,0.05,1.04,6.56,-3.23,-12.43
284,0.22,0.06,1.03,7.47,-5.05,-17.84
285,0.2,0.06,1.0,9.83,-6.99,-19.81
286,0.13,0.07,0.97,8.14,-10.47,-21.0
287,0.15,0.07,0.94,5.08,-6.98,-17.58
288,0.12,0.07,0.95,2.79,-1.81,-13.71
289,0.1,0.09,0.94,-0.03,1.72,-10.18
290,0.09,0.07,0.97,-1.43,1.31,-7.25
291,0.12,0.07,0.97,-1.65,0.3,-6.15
292,0.16,0.07,0.98,0.18,-2.32,-5.75
293,0.17,0.08,0.98,0.42,-3.55,-5.64
294,0.19,0.09,0.97,1.19,-3.68,-5.12
295,0.2,0.1,0.97,-0.4,-1.4,-4.6
296,0.2,0.1,0.96,-1.02,0.19,-5.28
297,0.19,0.09,0.96,-0.89,-1.47,-6.92
298,0.19,0.08,0.97,-0.46,-3.15,-8.5
299,0.17,0.06,0.97,1.11,-6.79,-8.98
300,0.16,0.06,0.97,1.73,-9.4,-8.43
301,0.16,0.06,0.97,1.21,-6.31,-6.24
302,0.15,0.06,0.96,0.24,-2.73,-3.56
303,0.16,0.07,0.96,-1.43,0.76,-2.55
304,0.15,0.09,0.96,-2.69,4.06,-1.51
305,0.17,0.11,0.95,-2.92,8.02,0.82
306,0.17,0.11,0.95,-4.33,9.74,0.81
307,0.16,0.11,0.94,-3.21,6.69,0.41
308,0.15,0.11,0.94,-3.92,1.19,-2.97
309,0.15,0.1,0.96,-2.85,-2.79,-4.53
310,0.14,0.09,0.96,-2.73,-4.89,-4.54
311,0.13,0.07,0.95,-3.15,-5.64,-3.76
312,0.13,0.06,0.96,-4.96,-4.01,-3.13
313,0.14,0.05,0.97,-5.6,-3.9,-0.92
314,0.13,0.04,1.01,-5.77,-2.89,0.16
315,0.14,0.04,1.03,-5.6,-0.77,0.88
316,0.15,0.05,1.04,-4.31,1.52,1.95
317,0.15,0.05,1.03,-2.61,2.25,2.5
318,0.15,0.05,1.02,-0.73,1.88,3.6
319,0.14,0.06,0.99,-0.54,0.17,3.78
320,0.15,0.08,0.97,-0.13,-1.37,4.69
321,0.18,0.09,0.95,-0.8,-2.3,4.69
322,0.18,0.1,0.93,-1.67,-6.08,1.57
323,0.19,0.1,0.92,-2.85,-6.63,-1.89
324,0.2,0.1,0.93,-4.67,-2.82,-4.73
325,0.22,0.1,0.94,-6.52,6.2,-2.6
326,0.18,0.09,0.94,-6.36,7.35,-2.23
327,0.17,0.1,0.96,-5.85,4.85,-3.68
328,0.18,0.09,0.98,-4.74,4.86,-3.63
329,0.17,0.08,0.99,-4.11,5.23,-2.89
330,0.15,0.09,0.98,-3.72,0.0,-3.16
331,0.16,0.09,1.0,-3.06,-1.89,-3.43
332,0.16,0.09,0.99,-1.98,-1.69,-2.45
333,0.13,0.08,0.97,-2.15,-3.59,-2.76
334,0.11,0.08,0.97,-3.68,-5.66,-2.69
335,0.1,0.07,0.99,-3.63,-5.12,-1.36
336,0.08,0.07,1.0,-2.92,-4.15,2.08
337,0.09,0.07,1.02,-3.18,-2.43,3.69
338,0.12,0.06,1.02,-2.41,0.17,5.01
339,0.12,0.07,1.01,0.12,-0.03,6.15
340,0.13,0.05,0.99,3.79,-6.92,4.11
341,0.14,0.05,0.98,7.32,-16.94,-1.14
342,0.17,0.05,0.99,8.52,-22.74,-6.31
343,0.15,0.05,1.0,6.73,-25.1,-11.87
344,0.18,0.07,1.01,8.95,-28.23,-15.25
345,0.21,0.07,1.01,10.82,-29.71,-17.92
346,0.2,0.09,0.98,13.85,-29.23,-24.75
347,0.23,0.11,0.98,11.31,-26.4,-23.79
348,0.28,0.1,0.86,67.71,29.09,-1.78
349,0.32,0.23,0.97,27.79,21.49,-8.16
350,0.31,0.17,0.89,10.05,9.82,-9.82
351,0.23,0.16,0.92,4.78,10.39,-6.81
352,0.2,0.15,0.92,-0.22,12.0,-10.11
353,0.17,0.15,0.98,-3.63,18.0,-5.37
354,0.15,0.13,0.98,-5.02,20.28,0.04
355,0.14,0.13,0.97,-4.5,13.28,3.67
356,0.16,0.13,0.96,-5.76,10.79,8.5
357,0.17,0.12,0.97,-9.37,9.22,6.82
358,0.18,0.1,0.95,-11.44,6.42,3.64
359,0.19,0.08,0.97,-12.31,-1.15,-1.56
360,0.21,0.06,1.0,-13.01,-6.41,-4.65
361,0.21,0.05,1.02,-13.29,-8.54,-7.23
362,0.2,0.03,1.03,-11.89,-11.15,-8.82
363,0.2,0.02,1.05,-10.37,-14.68,-10.97
364,0.24,0.02,1.06,-6.92,-8.99,-6.21
365,0.2,0.02,1.05,-4.34,-4.44,-4.53
366,0.18,0.01,1.04,-2.37,-4.01,-6.16
367,0.18,0.01,1.03,-1.89,-4.94,-9.67
368,0.17,0.03,1.03,-0.98,-0.43,-8.85
369,0.16,0.04,1.01,0.35,2.41,-6.69
370,0.14,0.05,0.99,0.74,1.13,-4.92
371,0.15,0.06,0.97,-0.19,1.28,-4.08
372,0.17,0.07,0.95,-0.77,3.26,-1.02
373,0.16,0.07,0.97,-2.19,4.34,-1.3
374,0.15,0.08,0.98,-2.08,1.92,-2.53
375,0.17,0.1,0.98,-0.68,-1.24,-3.53
376,0.18,0.1,0.98,0.1,-3.73,-4.47
377,0.17,0.11,0.97,-0.82,-5.53,-6.85
378,0.18,0.11,0.97,-2.18,-10.11,-9.15
379,0.19,0.11,0.97,-2.68,-14.84,-10.99
380,0.2,0.11,0.97,-2.61,-16.07,-10.98
381,0.2,0.1,0.97,4.01,-4.63,-7.33
382,0.19,0.11,0.98,-1.14,-5.31,-6.35
383,0.2,0.12,0.97,-0.7,-4.48,-5.35
384,0.2,0.11,0.96,0.62,-5.19,-4.08
385,0.21,0.11,0.97,-1.98,-7.21,-7.02
386,0.23,0.12,0.99,-1.8,-5.04,-6.18
387,0.21,0.12,0.99,0.69,-0.36,-5.63
388,0.21,0.12,0.97,3.76,1.89,-4.73
389,0.21,0.12,0.97,1.66,-0.89,-8.1
390,0.23,0.12,0.97,2.66,1.18,-9.03
391,0.21,0.11,0.97,2.46,5.6,-8.05
392,0.21,0.13,1.01,2.4,6.85,-6.66
393,0.19,0.09,0.96,0.28,11.31,-8.31
394,0.18,0.09,0.98,1.6,14.53,-5.44
395,0.16,0.1,0.98,1.57,17.11,-3.31
396,0.15,0.1,0.97,0.82,17.47,-4.6
397,0.13,0.11,0.98,2.52,16.46,-5.47
398,0.15,0.11,0.98,4.41,14.34,-3.44
399,0.18,0.12,0.96,5.71,15.21,-1.07
400,0.19,0.15,0.93,3.53,16.79,-3.52
