,accel_x,accel_y,accel_z,gyro_x,gyro_y,gyro_z
0,-0.05,-0.18,0.96,-2.66,2.15,-3.76
1,-0.05,-0.17,0.95,-2.88,1.79,-3.6
2,-0.04,-0.17,0.94,-3.5,0.34,-4.54
3,-0.05,-0.17,0.96,-4.08,-0.86,-5.4
4,-0.03,-0.18,0.95,-3.73,-1.49,-4.12
5,-0.05,-0.19,0.98,-3.31,-0.67,-3.31
6,-0.05,-0.2,1.0,-3.02,-0.37,-3.16
7,-0.04,-0.19,0.99,-2.7,0.81,-2.47
8,-0.04,-0.19,0.98,-2.33,1.83,-1.34
9,-0.04,-0.2,0.97,-2.12,1.36,0.63
10,-0.06,-0.21,0.98,-3.22,-0.16,-0.85
11,-0.06,-0.21,0.99,-2.69,-0.32,-0.06
12,-0.04,-0.2,0.99,-2.16,-0.39,0.86
13,-0.03,-0.2,0.98,-2.71,-0.71,0.86
14,-0.02,-0.2,0.98,-3.34,-0.48,0.46
15,-0.03,-0.21,0.99,-3.18,-1.62,-1.06
16,-0.02,-0.21,0.99,-2.73,-2.52,-1.23
17,-0.02,-0.22,1.0,-1.22,-2.05,-1.01
18,-0.02,-0.21,0.99,-0.31,-1.24,-1.31
19,-0.02,-0.21,1.0,0.31,-0.44,-1.37
20,-0.02,-0.21,1.0,0.93,-0.02,-1.34
21,-0.01,-0.21,1.0,1.69,0.58,-0.32
22,-0.0,-0.21,0.99,2.34,0.94,-1.05
23,-0.01,-0.21,0.99,3.21,1.61,-0.91
24,-0.02,-0.2,0.98,4.59,0.44,-1.48
25,-0.01,-0.17,0.96,4.76,0.63,-1.2
26,0.01,-0.15,0.94,3.18,2.63,-0.05
27,-0.01,-0.14,0.94,1.89,3.41,-0.4
28,-0.02,-0.13,0.91,0.94,2.29,-0.74
29,-0.02,-0.13,0.92,-1.5,0.63,-2.97
30,-0.01,-0.14,0.93,-2.49,0.43,-3.3
31,-0.01,-0.15,0.94,-1.98,0.95,-3.66
32,-0.01,-0.14,0.94,-2.81,0.95,-4.4
33,-0.01,-0.15,0.94,-3.12,1.08,-4.15
34,-0.02,-0.16,0.94,-2.11,0.63,-3.54
35,-0.05,-0.15,0.94,-4.19,-2.49,-7.21
36,-0.04,-0.17,0.95,-4.07,-1.31,-6.0
37,-0.04,-0.19,0.96,-4.08,-0.99,-4.39
38,-0.05,-0.19,0.97,-3.02,0.53,-3.23
39,-0.05,-0.19,0.97,-3.44,0.62,-2.93
40,-0.04,-0.18,0.97,-3.98,1.03,-3.21
41,-0.05,-0.18,0.95,-3.5,0.76,-1.6
42,-0.06,-0.19,0.96,-4.56,-1.78,-3.23
43,-0.06,-0.19,0.98,-4.87,-3.26,-2.94
44,-0.04,-0.2,0.99,-4.48,-2.61,-2.01
45,-0.04,-0.21,1.0,-2.67,-2.02,-3.14
46,-0.03,-0.2,0.99,-2.85,-0.15,-1.73
47,-0.03,-0.19,0.99,-3.66,0.24,-2.58
48,-0.02,-0.18,0.98,-3.21,0.35,-3.23
49,-0.02,-0.17,0.98,-2.98,0.4,-3.34
50,-0.05,-0.17,0.98,-3.52,-1.0,-8.41
51,-0.03,-0.15,0.97,-4.4,-1.76,-4.34
52,-0.03,-0.17,0.98,-4.14,0.88,-3.21
53,-0.03,-0.17,0.96,-3.38,0.44,-2.91
54,-0.03,-0.17,0.96,-3.69,1.06,-2.66
55,-0.03,-0.17,0.97,-3.12,0.73,-2.48
56,-0.04,-0.18,0.95,-2.49,-0.27,-6.75
57,-0.01,-0.17,0.97,-3.38,-1.13,-2.8
58,-0.03,-0.18,0.96,-3.35,-0.09,-3.38
59,-0.05,-0.19,0.96,-4.72,-2.56,-5.82
60,-0.03,-0.19,0.98,-5.28,-1.66,-4.83
61,-0.03,-0.19,0.97,-4.19,-1.05,-2.12
62,-0.03,-0.2,1.0,-3.54,-0.52,-1.85
63,-0.03,-0.21,0.99,-3.14,-0.79,-1.33
64,-0.03,-0.22,1.0,-2.65,-1.74,-2.45
65,-0.02,-0.22,1.01,-1.85,-2.05,-2.64
66,-0.01,-0.22,1.02,-0.59,-1.24,-1.66
67,-0.01,-0.22,1.02,0.01,-1.32,-2.11
68,-0.02,-0.22,1.02,0.95,-0.22,-2.02
69,-0.02,-0.23,1.02,2.0,-0.32,-2.6
70,-0.03,-0.23,1.03,2.51,-0.79,-3.45
71,-0.02,-0.23,1.03,3.73,0.38,-2.85
72,-0.03,-0.22,1.02,5.79,-0.53,-3.34
73,-0.02,-0.21,1.02,7.28,0.92,-3.15
74,-0.02,-0.2,1.0,7.86,1.41,-3.36
75,-0.01,-0.19,0.99,8.26,0.94,-4.81
76,-0.02,-0.18,0.99,8.63,0.61,-5.81
77,-0.02,-0.18,0.96,8.96,-0.49,-5.83
78,-0.02,-0.16,0.97,9.64,1.29,-3.89
79,-0.04,-0.14,0.96,9.28,2.31,-3.6
80,-0.04,-0.13,0.92,8.26,2.38,-2.89
81,-0.02,-0.12,0.9,6.21,3.45,-2.53
82,-0.06,-0.12,0.91,4.08,1.93,-4.4
83,-0.05,-0.13,0.92,4.09,0.04,-4.27
84,-0.04,-0.12,0.93,3.79,0.73,-3.47
85,-0.04,-0.12,0.91,3.16,1.44,-4.11
86,-0.05,-0.11,0.91,2.08,0.99,-3.56
87,-0.06,-0.11,0.89,0.37,0.45,-3.56
88,-0.05,-0.11,0.89,-1.9,-0.92,-3.09
89,-0.08,-0.12,0.9,-4.5,-3.21,-4.58
90,-0.06,-0.14,0.93,-5.44,-3.85,-3.67
91,-0.05,-0.15,0.95,-6.19,-2.63,-3.46
92,-0.06,-0.15,0.96,-6.99,-1.29,-3.29
93,-0.06,-0.17,0.97,-6.74,-1.13,-3.34
94,-0.07,-0.17,0.97,-6.25,-1.63,-2.98
95,-0.06,-0.16,0.98,-6.59,-2.27,-3.31
96,-0.06,-0.17,0.98,-6.37,-2.29,-2.56
97,-0.06,-0.17,0.98,-6.04,-1.43,-0.53
98,-0.05,-0.16,0.98,-5.48,-0.65,1.5
99,-0.06,-0.16,0.99,-4.74,0.63,3.01
100,-0.07,-0.15,0.98,-4.34,-0.39,3.47
101,-0.05,-0.15,0.97,-4.66,-0.68,3.6
102,-0.05,-0.14,0.98,-4.44,-0.56,4.74
103,-0.04,-0.13,0.96,-4.86,-1.24,3.63
104,-0.05,-0.14,0.98,-5.24,-1.12,2.97
105,-0.05,-0.14,0.97,-5.27,-2.14,2.37
106,-0.03,-0.14,0.96,-4.78,-0.88,5.73
107,-0.06,-0.14,0.97,-5.6,-1.02,4.67
108,-0.06,-0.14,0.98,-6.45,-1.33,3.89
109,-0.06,-0.14,0.99,-5.9,0.38,5.39
110,-0.07,-0.13,0.99,-5.19,1.98,8.04
111,-0.07,-0.13,0.99,-5.46,2.06,8.92
112,-0.08,-0.11,0.99,-6.68,2.66,9.37
113,-0.07,-0.09,0.99,-6.48,7.28,14.38
114,-0.06,-0.06,0.98,-8.53,13.72,18.81
115,-0.07,-0.03,0.95,-12.42,19.98,20.95
116,-0.09,-0.02,0.96,-15.95,22.1,23.65
117,-0.12,-0.02,0.97,-17.51,23.02,24.43
118,-0.14,-0.03,0.98,-17.71,20.09,23.25
119,-0.14,-0.04,0.99,-17.57,16.8,21.32
120,-0.16,-0.05,1.02,-14.73,14.36,22.07
121,-0.18,-0.04,1.03,-9.83,12.4,24.02
122,-0.18,-0.01,1.06,-5.1,11.66,21.94
123,-0.23,-0.0,1.07,0.4,10.44,22.24
124,-0.24,0.04,1.09,5.2,7.05,22.76
125,-0.21,0.09,1.11,13.5,7.95,32.4
126,-0.21,0.18,1.14,11.66,5.93,32.66
127,-0.2,0.16,1.2,9.27,4.52,22.99
128,-0.21,0.25,1.24,9.02,-4.91,25.93
129,-0.24,0.28,1.35,8.87,-11.98,23.71
130,-0.3,0.31,1.38,24.56,-22.01,24.58
131,-0.17,0.44,1.64,21.42,-13.31,23.34
132,-0.1,0.59,1.71,27.78,-0.13,28.42
133,-0.01,0.8,1.71,29.31,14.18,22.39
134,-0.09,0.95,1.72,32.54,42.71,17.47
135,-0.25,1.05,1.63,42.19,53.42,21.12
136,-0.38,1.23,1.56,41.35,53.09,18.07
137,-0.47,1.42,1.37,38.47,47.47,15.98
138,-0.65,1.64,0.94,27.31,8.25,14.63
139,-0.85,1.88,0.58,29.39,-43.18,17.73
140,-0.83,2.0,0.26,10.21,-105.53,10.7
141,-0.56,2.0,-0.18,-33.15,-186.5,-6.36
142,-0.15,1.93,-0.2,-74.44,-218.13,-20.63
143,0.15,1.55,-0.17,-97.6,-204.12,-24.33
144,0.72,1.04,-0.21,-132.88,-136.86,0.33
145,1.01,0.63,-0.46,-157.75,-33.34,39.02
146,1.42,0.06,-0.87,-172.73,40.64,70.84
147,1.5,-0.71,-1.3,-202.15,95.66,94.82
148,1.45,-1.88,-1.74,-220.56,81.23,92.15
149,0.98,-2.0,-2.0,-250.14,-28.05,56.36
150,0.95,-2.0,-2.0,-250.14,-158.91,-39.16
151,2.0,-2.0,-1.94,-250.14,-180.21,-218.07
152,2.0,-2.0,0.97,-250.14,33.47,-250.14
153,0.06,-2.0,2.0,-250.14,250.13,-250.14
154,-2.0,-2.0,2.0,-250.14,250.13,-250.14
155,-2.0,-2.0,2.0,104.01,144.84,140.18
156,-2.0,-2.0,1.38,250.13,-250.14,250.13
157,-0.71,0.26,-2.0,250.13,-250.14,150.93
158,0.52,1.47,-2.0,250.13,-250.14,-8.02
159,2.0,1.24,-2.0,94.63,-250.14,-42.42
160,2.0,0.87,-1.64,-31.55,-135.66,-32.44
161,2.0,0.19,-0.37,-125.12,185.12,-33.79
162,2.0,-0.46,0.64,-155.47,250.13,-59.8
163,0.47,-1.06,1.28,-114.29,250.13,-74.18
164,-1.27,-1.14,1.11,-19.4,173.01,-62.34
165,-2.0,-1.0,0.64,41.13,-19.75,-40.11
166,-1.72,-0.9,0.59,58.69,-142.41,-14.18
167,-0.79,-0.78,0.71,69.97,-175.29,3.02
168,0.08,-0.74,0.95,71.47,-153.37,23.4
169,0.83,-0.59,0.94,55.99,-99.85,35.76
170,1.1,-0.42,0.79,36.57,-32.75,33.01
171,0.89,-0.39,0.81,19.47,11.76,20.86
172,0.52,-0.43,0.8,17.12,19.05,12.59
173,0.25,-0.47,0.76,18.72,11.38,16.34
174,0.15,-0.52,0.76,21.82,7.61,20.83
175,0.18,-0.57,0.78,16.79,12.8,29.15
176,0.19,-0.6,0.78,11.73,14.6,34.87
177,0.17,-0.64,0.8,13.78,6.78,38.11
178,0.2,-0.66,0.85,16.14,0.18,43.25
179,0.26,-0.68,0.83,17.38,-2.5,46.04
180,0.33,-0.63,0.81,13.67,4.42,44.03
181,0.31,-0.59,0.81,12.01,19.54,44.32
182,0.25,-0.62,0.82,12.19,36.04,53.08
183,0.18,-0.68,0.85,9.8,38.62,53.56
184,0.22,-0.7,0.94,13.25,34.79,45.38
185,0.3,-0.67,1.0,20.96,32.4,40.57
186,0.32,-0.63,0.97,29.29,21.18,40.95
187,0.37,-0.57,0.89,34.1,4.92,29.54
188,0.31,-0.5,0.85,35.32,-0.5,17.92
189,0.27,-0.47,0.83,34.94,-9.52,11.92
190,0.17,-0.47,0.78,36.16,-14.88,15.99
191,0.23,-0.45,0.77,26.73,-7.35,20.33
192,0.33,-0.44,0.76,14.61,18.18,26.31
193,0.39,-0.45,0.84,3.05,49.25,30.48
194,0.42,-0.44,0.88,-5.47,79.6,27.05
195,0.33,-0.43,0.92,-9.11,95.13,22.61
196,0.16,-0.42,0.97,6.1,82.32,17.81
197,-0.05,-0.39,0.95,26.03,41.28,13.34
198,-0.13,-0.38,0.84,39.99,-4.96,11.35
199,-0.03,-0.34,0.79,39.44,-31.33,5.51
200,0.16,-0.31,0.85,33.59,-30.31,5.6
201,0.27,-0.34,0.91,29.75,-14.06,6.11
202,0.29,-0.37,1.01,27.11,2.1,1.02
203,0.21,-0.35,1.01,28.66,20.12,0.02
204,0.07,-0.35,0.97,34.78,16.89,4.13
205,0.01,-0.35,0.87,41.14,2.77,1.77
206,0.04,-0.3,0.8,38.79,-5.11,-2.21
207,0.07,-0.26,0.81,31.2,-6.57,-7.29
208,0.1,-0.26,0.81,24.68,-2.56,-8.87
209,0.09,-0.25,0.84,20.56,0.51,-8.35
210,0.01,-0.26,0.87,19.4,1.52,-3.33
211,-0.04,-0.28,0.86,19.03,-4.04,1.37
212,-0.01,-0.3,0.86,16.55,-13.26,1.21
213,0.14,-0.31,0.89,14.25,-17.64,-1.69
214,0.24,-0.34,0.98,14.57,-9.47,-5.64
215,0.28,-0.33,1.04,14.79,1.95,-13.25
216,0.26,-0.3,1.07,17.76,18.45,-17.32
217,0.19,-0.28,1.06,24.56,22.27,-16.68
218,0.04,-0.25,1.01,29.09,14.34,-18.03
219,0.0,-0.22,0.94,35.95,-1.15,-17.78
220,-0.01,-0.21,0.91,35.21,-12.02,-20.97
221,0.07,-0.19,0.93,30.39,-9.47,-16.43
222,0.12,-0.19,0.94,25.28,-0.95,-13.27
223,0.1,-0.19,0.97,20.59,6.49,-11.79
224,0.13,-0.19,0.99,16.7,14.62,-9.5
225,0.15,-0.2,0.99,16.28,17.93,-10.92
226,0.15,-0.18,0.98,15.85,18.8,-16.63
227,0.11,-0.18,0.99,16.82,18.67,-17.46
228,0.03,-0.18,1.01,20.76,14.71,-18.63
229,0.0,-0.19,1.0,28.56,9.74,-11.86
230,-0.01,-0.19,0.96,30.44,3.07,-8.56
231,0.01,-0.16,0.92,25.63,-3.29,-8.89
232,0.12,-0.14,0.93,18.48,-5.82,-12.96
233,0.17,-0.12,0.95,14.33,-1.79,-18.02
234,0.17,-0.12,1.03,12.15,4.02,-16.31
235,0.1,-0.12,1.03,13.44,4.33,-14.38
236,0.08,-0.12,1.01,15.66,2.6,-11.34
237,0.07,-0.14,0.99,16.69,-0.02,-8.94
238,0.1,-0.15,0.96,15.03,-3.76,-8.23
239,0.1,-0.16,0.97,12.59,-4.82,-7.98
240,0.07,-0.19,1.01,11.21,-7.15,-7.08
241,0.08,-0.2,1.03,10.68,-9.51,-4.95
242,0.12,-0.2,1.04,12.31,-10.66,-6.45
243,0.15,-0.2,1.04,13.32,-11.2,-10.05
244,0.16,-0.2,1.05,14.74,-10.4,-11.66
245,0.18,-0.21,1.05,18.23,-8.94,-11.02
246,0.19,-0.18,1.04,18.25,-3.3,-10.59
247,0.2,-0.15,1.02,19.14,2.46,-7.08
248,0.16,-0.16,0.96,19.89,2.32,-7.44
249,0.15,-0.16,0.93,17.82,-0.26,-10.66
250,0.12,-0.17,0.91,15.22,-1.97,-11.45
251,0.09,-0.18,0.9,11.83,-3.66,-11.9
252,0.1,-0.17,0.93,7.2,-2.18,-11.02
253,0.12,-0.17,0.94,4.79,1.86,-7.53
254,0.15,-0.16,0.93,4.98,7.36,-1.27
255,0.11,-0.17,0.92,5.68,10.95,1.07
256,0.11,-0.18,0.92,3.18,8.6,-0.21
257,0.08,-0.16,0.93,4.92,5.26,-1.27
258,0.05,-0.16,0.92,7.38,-3.28,-4.48
259,0.07,-0.17,0.91,8.06,-9.11,-7.53
260,0.08,-0.15,0.92,6.82,-9.58,-8.69
261,0.08,-0.15,0.89,6.95,-10.15,-7.67
262,0.08,-0.15,0.9,3.88,-9.7,-6.16
263,0.11,-0.13,0.91,0.63,-4.11,-2.3
264,0.11,-0.13,0.93,-4.49,1.61,0.37
265,0.14,-0.13,0.9,-7.48,3.77,2.46
266,0.15,-0.14,0.92,-10.11,4.05,-0.02
267,0.18,-0.14,0.95,-11.37,3.92,-2.47
268,0.19,-0.15,0.97,-7.85,6.02,-1.47
269,0.21,-0.14,0.97,-4.76,8.66,-1.16
270,0.21,-0.15,0.95,-3.68,13.53,-1.87
271,0.21,-0.15,0.95,-2.66,18.08,-3.18
272,0.16,-0.14,0.93,-2.48,19.58,-4.33
273,0.12,-0.15,0.92,-1.84,18.16,-4.96
274,0.09,-0.15,0.9,-0.99,15.36,-6.84
275,0.09,-0.13,0.93,-3.73,13.04,-8.91
276,0.08,-0.13,0.92,-4.03,13.94,-8.15
277,0.09,-0.11,0.93,-7.15,15.17,-9.55
278,0.08,-0.1,0.92,-8.7,17.97,-9.53
279,0.08,-0.1,0.9,-12.72,17.34,-12.2
280,0.08,-0.1,0.91,-16.84,16.44,-16.41
281,0.05,-0.12,0.95,-20.85,14.02,-19.92
282,0.12,-0.12,0.98,-20.31,13.16,-19.75
283,0.12,-0.15,1.02,-18.54,14.64,-20.53
284,0.12,-0.16,1.04,-16.22,15.34,-22.2
285,0.13,-0.18,1.05,-9.69,18.56,-20.69
286,0.13,-0.18,1.03,-8.8,19.27,-22.12
287,0.13,-0.16,1.04,-8.02,24.85,-21.57
288,0.11,-0.16,1.02,-7.21,27.75,-19.92
289,0.1,-0.14,1.0,-5.91,30.36,-18.71
290,0.09,-0.12,1.0,-7.42,31.54,-18.28
291,0.1,-0.14,0.97,-6.3,33.37,-16.5
292,0.04,-0.15,0.98,-5.79,29.65,-18.31
293,0.02,-0.17,0.98,-5.89,28.86,-18.31
294,-0.0,-0.17,0.98,-5.31,29.25,-16.06
295,-0.02,-0.19,0.99,-5.18,30.15,-14.35
296,-0.05,-0.19,0.97,-9.85,27.85,-14.91
297,-0.05,-0.19,0.99,-6.25,27.49,-17.56
298,-0.02,-0.18,1.0,-8.9,24.3,-23.87
299,0.02,-0.16,1.03,-8.07,21.4,-26.15
300,0.01,-0.17,1.0,-8.09,19.9,-31.64
301,0.02,-0.16,0.98,-9.23,15.36,-35.22
302,-0.0,-0.17,1.01,-16.18,13.41,-39.38
303,0.0,-0.19,0.96,-11.01,10.76,-33.7
304,-0.02,-0.17,0.95,-14.99,9.39,-38.69
305,-0.05,-0.17,0.98,-27.06,14.69,-53.47
306,-0.09,-0.32,0.95,-18.79,13.31,-30.01
307,-0.08,-0.19,0.95,-7.02,12.94,-15.63
308,-0.17,-0.22,0.97,-9.27,11.63,-16.69
309,-0.18,-0.23,0.97,-9.07,7.4,-17.37
310,-0.07,-0.21,0.86,1.85,0.55,-8.76
311,-0.2,-0.29,1.01,2.5,6.9,13.05
312,-0.08,-0.12,0.91,1.35,-7.2,-2.36
313,-0.15,-0.21,0.94,7.81,-13.81,11.47
314,-0.06,-0.06,0.96,-7.05,-5.91,-6.11
315,-0.07,-0.14,0.88,-11.56,-7.89,-7.08
316,-0.01,-0.07,0.92,-10.79,-7.63,-5.0
317,-0.08,-0.16,0.96,-9.98,-18.69,-3.15
318,-0.0,-0.13,0.95,-6.56,-25.56,-6.12
319,-0.03,-0.2,1.03,-7.17,-29.15,-6.1
320,0.08,-0.19,1.02,-3.33,-25.57,-2.33
321,0.06,-0.2,1.06,-5.24,-18.64,1.05
322,0.1,-0.24,1.07,8.92,-18.21,9.93
323,0.12,-0.23,1.07,8.53,-7.5,24.33
324,0.13,-0.17,1.11,8.63,2.65,21.34
325,0.09,-0.19,1.06,13.36,2.35,19.85
326,0.09,-0.17,1.05,11.25,4.55,19.93
327,0.04,-0.16,1.03,10.28,2.18,15.53
328,0.01,-0.16,1.02,9.63,-2.1,9.24
329,0.0,-0.14,1.01,9.02,-8.18,6.22
330,0.06,-0.13,1.02,5.4,-4.71,10.85
331,0.03,-0.14,1.02,2.01,-3.67,8.44
332,-0.01,-0.16,0.98,-0.26,-6.3,1.73
333,0.02,-0.18,0.99,-0.31,-8.34,0.29
334,0.08,-0.19,1.02,4.73,-2.41,15.16
335,0.02,-0.19,1.02,7.43,0.01,21.22
336,-0.01,-0.17,1.01,6.95,0.09,17.61
337,0.01,-0.16,1.01,6.09,0.76,14.44
338,0.02,-0.16,0.99,6.52,3.63,19.62
339,0.02,-0.14,0.99,3.0,5.6,18.55
340,0.04,-0.13,0.95,1.56,5.61,18.21
341,0.05,-0.11,0.97,3.33,5.81,21.18
342,0.03,-0.1,0.94,2.3,2.76,16.91
343,0.04,-0.11,0.93,0.62,-4.2,9.59
344,0.08,-0.12,0.95,2.93,-6.19,8.87
345,0.07,-0.12,0.97,3.85,-4.62,8.54
346,0.04,-0.13,0.94,3.22,-6.21,5.69
347,0.03,-0.13,0.96,0.76,-7.76,0.02
348,0.04,-0.16,1.0,0.13,-5.57,-1.34
349,0.04,-0.16,0.99,1.62,-2.99,0.78
350,0.03,-0.17,0.98,1.89,-2.63,0.71
351,0.0,-0.17,0.99,-0.05,-1.69,-2.13
352,-0.0,-0.17,1.01,2.76,-1.05,-1.73
353,0.02,-0.16,1.0,5.34,0.7,6.02
354,0.0,-0.15,0.96,1.35,1.27,4.54
355,0.03,-0.14,0.94,-0.66,0.99,-0.77
356,0.01,-0.14,0.98,-1.02,1.87,-2.98
357,0.02,-0.13,0.96,0.0,5.54,4.01
358,-0.01,-0.14,0.94,-1.5,1.95,-0.85
359,0.02,-0.15,0.98,-2.85,4.78,-2.43
360,0.02,-0.12,0.96,-3.1,2.59,-2.38
361,0.03,-0.11,0.97,-1.07,7.23,2.04
362,0.0,-0.1,0.89,0.18,8.23,3.44
363,-0.05,-0.12,0.9,-4.23,-2.67,-6.26
364,0.02,-0.14,0.98,-6.76,-1.82,-7.6
365,-0.0,-0.13,0.98,-3.44,-1.05,-6.22
366,-0.01,-0.11,0.94,-5.31,-0.18,-2.27
367,-0.05,-0.12,0.9,-2.84,-3.11,-3.71
368,0.03,-0.13,0.96,-6.41,-2.13,-3.77
369,0.04,-0.14,0.97,-4.59,-0.27,-5.57
370,-0.0,-0.16,0.99,-3.75,-2.76,-7.64
371,-0.01,-0.15,0.94,-3.44,-2.88,-6.6
372,-0.03,-0.15,0.93,-5.09,-5.78,-8.14
373,-0.02,-0.16,0.97,-6.76,-7.24,-3.89
374,-0.01,-0.17,0.99,-8.08,-7.37,-4.04
375,0.01,-0.19,1.0,-6.37,-7.94,-5.47
376,0.0,-0.2,1.02,-6.73,-6.89,-5.73
377,0.01,-0.21,1.03,-7.05,-4.28,-4.89
378,0.02,-0.22,1.04,-5.37,-2.7,-3.63
379,0.03,-0.23,1.06,-0.44,3.82,0.04
380,-0.04,-0.21,1.04,-3.19,0.44,-1.46
381,-0.02,-0.19,0.99,-3.19,-2.98,-1.24
382,0.03,-0.17,1.0,-1.6,-0.58,1.48
383,0.03,-0.17,0.98,-1.61,2.3,2.85
384,0.01,-0.16,1.0,-2.14,2.46,1.62
385,0.01,-0.16,0.99,-1.74,1.79,0.92
386,0.04,-0.17,0.98,-1.44,1.73,2.32
387,0.04,-0.16,0.98,-1.98,2.69,2.21
388,0.03,-0.18,1.0,-2.89,3.03,-0.37
389,0.01,-0.18,1.01,-2.27,3.91,-0.05
390,0.02,-0.18,0.99,-1.11,3.5,-0.47
391,0.03,-0.17,0.97,-0.73,1.82,-2.2
392,0.03,-0.18,0.99,-1.15,1.49,-2.35
393,0.04,-0.17,0.99,-1.21,4.37,-1.52
394,0.01,-0.17,0.98,-0.45,4.54,-1.76
395,0.0,-0.16,0.96,-0.91,1.27,-3.02
396,0.04,-0.16,0.96,-0.88,0.38,-1.73
397,0.04,-0.16,0.96,-0.8,2.12,1.85
398,0.01,-0.16,0.96,-0.95,2.34,0.77
399,0.0,-0.16,0.96,-0.5,1.09,-0.35
400,0.01,-0.16,0.96,-0.19,-0.5,-1.98
