,accel_x,accel_y,accel_z,gyro_x,gyro_y,gyro_z
0,0.14,0.02,0.98,-0.47,0.76,-4.66
1,0.12,0.03,0.97,0.12,1.55,-6.21
2,0.1,0.03,0.97,0.76,-0.47,-6.53
3,0.12,0.02,0.95,-0.14,-2.02,-7.37
4,0.12,0.03,0.94,-1.84,1.81,-6.93
5,0.1,0.03,0.94,-4.85,4.5,-7.47
6,0.1,0.03,0.97,-6.78,5.95,-6.42
7,0.11,0.04,0.99,-7.15,7.83,-6.41
8,0.12,0.03,1.01,-6.32,9.21,-6.46
9,0.1,0.03,1.01,-4.87,6.74,-7.37
10,0.1,0.02,0.99,-3.51,1.23,-7.85
11,0.1,0.02,0.99,-3.69,-1.06,-9.11
12,0.11,0.02,0.99,-3.64,1.31,-8.88
13,0.09,0.03,1.01,-3.92,2.39,-8.88
14,0.09,0.04,1.02,-3.5,3.6,-7.3
15,0.11,0.04,1.02,-2.79,5.27,-6.85
16,0.1,0.04,1.02,-1.61,7.24,-6.82
17,0.1,0.04,1.0,-0.85,6.4,-5.94
18,0.1,0.04,0.99,-0.66,6.24,-5.34
19,0.08,0.03,0.98,-1.64,5.79,-5.8
20,0.08,0.04,0.98,-2.5,5.47,-6.08
21,0.09,0.04,0.99,-2.72,5.98,-6.0
22,0.11,0.03,1.01,-1.98,7.18,-5.4
23,0.09,0.03,1.0,-1.41,8.5,-4.8
24,0.08,0.02,0.99,-0.81,6.79,-5.53
25,0.07,0.03,0.99,-0.12,5.73,-5.76
26,0.09,0.03,0.98,0.41,5.31,-5.04
27,0.09,0.05,0.97,0.15,4.5,-5.56
28,0.09,0.06,0.96,0.07,3.29,-6.34
29,0.1,0.06,0.96,-0.92,2.01,-6.4
30,0.12,0.06,0.96,-1.89,3.02,-6.34
31,0.09,0.06,0.96,-3.53,5.45,-6.72
32,0.07,0.07,0.97,-3.84,4.89,-4.89
33,0.07,0.06,0.97,-4.32,3.11,-4.42
34,0.09,0.05,0.97,-4.56,3.78,-3.82
35,0.07,0.04,0.96,-5.57,3.56,-5.18
36,0.04,0.04,0.95,-6.14,-0.14,-4.5
37,0.05,0.03,0.96,-7.94,-1.07,-3.97
38,0.07,0.02,0.98,-8.7,1.26,-3.32
39,0.05,0.02,0.97,-9.95,1.92,-2.66
40,0.03,0.01,0.98,-10.02,-0.12,-1.7
41,0.07,0.01,1.0,-10.21,-2.15,-1.97
42,0.1,0.0,1.03,-9.2,-4.1,-3.59
43,0.1,0.01,1.03,-6.98,-6.98,-3.37
44,0.09,0.01,1.02,-5.95,-7.91,-4.19
45,0.09,0.01,1.01,-6.15,-5.9,-4.47
46,0.11,0.01,1.03,-6.7,-4.76,-4.54
47,0.11,0.02,1.04,-6.08,-3.87,-5.21
48,0.11,0.03,1.06,-4.74,-1.99,-4.83
49,0.09,0.02,1.07,-2.5,1.79,-5.63
50,0.07,0.03,1.08,0.85,1.78,-4.8
51,0.08,0.03,1.06,5.53,-1.22,-3.58
52,0.06,0.03,1.0,8.02,-4.09,-4.05
53,0.05,0.02,0.98,8.5,-4.28,-3.72
54,0.04,0.03,0.97,7.0,-3.67,-2.85
55,0.04,0.02,0.95,5.21,-3.37,-1.21
56,0.05,0.02,0.96,2.73,-3.34,-0.31
57,0.09,0.03,0.97,0.9,-0.87,0.18
58,0.09,0.03,0.96,-0.07,1.31,-0.36
59,0.09,0.03,0.96,-1.13,0.47,-0.1
60,0.11,0.03,0.98,-0.44,1.16,1.04
61,0.11,0.03,0.97,-1.6,3.52,0.98
62,0.11,0.03,0.97,-2.11,4.34,0.14
63,0.13,0.03,0.99,-1.48,4.18,-0.65
64,0.12,0.03,0.99,0.13,2.07,-2.72
65,0.11,0.04,0.99,1.82,-1.52,-4.21
66,0.12,0.05,1.0,2.66,-2.64,-5.53
67,0.12,0.04,0.99,3.56,-1.55,-6.49
68,0.11,0.05,0.96,3.86,-1.83,-7.58
69,0.1,0.04,0.94,2.5,-2.13,-8.68
70,0.08,0.04,0.95,0.8,-2.44,-9.08
71,0.07,0.04,0.96,-0.77,-2.01,-9.12
72,0.06,0.04,0.97,-2.11,-0.27,-7.29
73,0.06,0.04,0.97,-2.58,1.93,-5.12
74,0.05,0.04,0.96,-3.42,2.18,-4.97
75,0.03,0.04,0.97,-4.02,0.4,-4.08
76,0.04,0.03,0.97,-3.86,0.11,-2.19
77,0.05,0.04,0.97,-4.7,0.92,-1.92
78,0.04,0.04,0.96,-5.37,0.17,-1.07
79,0.05,0.04,0.97,-5.8,-0.53,0.06
80,0.07,0.04,0.98,-6.96,0.93,-0.25
81,0.08,0.04,1.01,-6.79,2.12,0.49
82,0.1,0.04,1.03,-5.63,1.9,0.25
83,0.12,0.04,1.04,-3.51,2.15,-0.04
84,0.11,0.04,1.03,-1.21,1.17,-0.98
85,0.1,0.04,1.01,0.13,-1.37,-2.06
86,0.11,0.03,1.0,0.35,-1.85,-3.15
87,0.09,0.03,0.99,-0.47,-0.14,-3.6
88,0.08,0.03,0.97,-1.21,0.82,-3.3
89,0.08,0.04,0.96,-3.14,-0.65,-3.42
90,0.09,0.06,0.97,-3.89,0.43,-2.77
91,0.1,0.06,0.97,-4.53,2.4,-4.18
92,0.09,0.07,1.0,-3.81,3.59,-4.16
93,0.08,0.08,1.0,-2.09,1.92,-4.14
94,0.09,0.09,1.01,0.4,0.34,-3.97
95,0.09,0.11,1.01,2.63,0.15,-4.65
96,0.08,0.11,1.03,4.76,-1.15,-4.79
97,0.07,0.14,1.02,6.21,-1.58,-4.62
98,0.06,0.16,1.02,6.75,0.45,-4.26
99,0.04,0.2,1.03,7.79,3.38,-3.04
100,0.02,0.24,1.01,8.35,7.17,-1.34
101,0.02,0.29,1.01,9.13,13.17,1.25
102,0.05,0.34,0.99,10.02,21.92,2.98
103,0.06,0.38,1.0,13.24,26.78,4.49
104,0.1,0.38,0.98,18.15,27.55,4.53
105,0.13,0.39,0.95,20.07,24.73,2.23
106,0.16,0.38,0.93,25.05,14.79,-3.32
107,0.12,0.42,0.88,26.63,6.16,-7.24
108,0.11,0.39,0.86,24.45,-4.98,-13.05
109,0.1,0.38,0.86,19.37,-6.76,-15.11
110,0.08,0.39,0.88,13.18,-5.24,-15.17
111,0.08,0.4,0.92,6.17,-2.61,-14.69
112,0.07,0.4,0.98,-0.86,3.08,-14.8
113,0.08,0.43,1.05,-5.41,9.02,-14.2
114,0.07,0.46,1.1,-7.57,14.03,-15.2
115,0.04,0.49,1.17,-7.33,14.47,-17.63
116,-0.01,0.52,1.23,-2.51,7.46,-16.8
117,-0.05,0.54,1.28,6.18,-0.69,-16.11
118,-0.1,0.55,1.26,15.44,-6.29,-14.42
119,-0.11,0.55,1.2,23.55,-10.3,-10.44
120,-0.1,0.56,1.11,29.34,-10.72,-4.17
121,-0.09,0.56,1.0,28.08,-9.3,0.58
122,-0.05,0.55,0.87,20.63,-6.69,6.66
123,-0.01,0.57,0.77,4.95,-4.06,9.94
124,0.11,0.54,0.71,-15.22,0.28,1.15
125,0.15,0.53,0.69,-35.68,11.84,-14.14
126,0.09,0.51,0.74,-53.88,12.8,-29.5
127,-0.02,0.48,0.85,-65.25,4.36,-42.11
128,-0.12,0.47,1.06,-66.14,2.63,-44.47
129,-0.19,0.44,1.28,-54.37,10.83,-39.21
130,-0.21,0.43,1.42,-37.74,24.71,-26.69
131,-0.21,0.43,1.4,-19.4,36.8,-18.4
132,-0.22,0.43,1.31,-5.42,43.49,-16.33
133,-0.22,0.46,1.22,3.72,40.87,-18.95
134,-0.19,0.51,1.26,18.47,40.38,-25.76
135,-0.18,0.52,1.28,42.35,36.9,-23.08
136,-0.14,0.45,1.21,64.48,38.71,-20.66
137,-0.16,0.34,1.14,79.53,51.47,-15.56
138,-0.13,0.16,1.01,92.4,62.47,-8.05
139,-0.1,-0.03,0.82,99.16,59.12,0.09
140,-0.03,-0.25,0.6,101.31,53.4,-0.58
141,0.06,-0.44,0.36,87.65,28.51,-2.63
142,0.13,-0.59,0.11,54.88,8.31,-18.86
143,0.12,-0.72,0.03,12.38,-17.15,-38.54
144,0.03,-0.81,0.14,-31.24,-37.93,-48.09
145,0.05,-0.9,0.37,-68.86,-68.18,-50.57
146,0.17,-0.97,0.75,-95.28,-80.18,-46.18
147,0.29,-1.01,1.09,-107.44,-72.27,-43.85
148,0.5,-0.98,1.48,-106.49,-67.27,-45.57
149,0.68,-0.94,1.65,-98.74,-49.89,-59.84
150,0.66,-0.89,1.79,-75.69,-21.21,-78.81
151,0.41,-0.75,1.8,-51.53,18.24,-85.63
152,0.15,-0.67,1.68,-28.71,37.04,-76.98
153,-0.11,-0.6,1.45,-10.37,47.12,-71.87
154,-0.21,-0.61,1.23,6.21,55.5,-56.53
155,-0.3,-0.54,1.02,14.62,57.58,-43.93
156,-0.44,-0.46,0.78,15.65,36.24,-26.97
157,-0.52,-0.39,0.65,8.17,-1.84,-7.93
158,-0.48,-0.34,0.56,-4.99,-38.79,9.63
159,-0.34,-0.28,0.68,-15.51,-61.14,25.6
160,-0.1,-0.24,0.84,-23.97,-63.11,36.5
161,0.11,-0.2,1.03,-23.99,-46.93,40.02
162,0.27,-0.19,1.19,-11.3,-28.63,38.06
163,0.34,-0.16,1.23,5.28,-16.8,36.31
164,0.32,-0.12,1.14,19.33,-17.32,34.74
165,0.31,-0.09,1.05,24.15,-14.31,32.31
166,0.27,-0.06,0.96,26.63,-9.98,31.28
167,0.23,-0.04,0.91,24.11,-10.38,30.05
168,0.2,-0.04,0.85,18.76,-8.98,28.23
169,0.12,-0.03,0.8,11.97,-12.11,29.6
170,0.05,-0.04,0.79,2.52,-22.99,29.89
171,0.04,-0.06,0.84,-6.11,-31.93,31.47
172,0.06,-0.07,0.86,-14.77,-35.21,33.63
173,0.1,-0.09,0.89,-22.65,-34.93,36.51
174,0.17,-0.11,0.98,-26.66,-33.63,38.17
175,0.21,-0.11,1.06,-24.77,-28.13,34.66
176,0.21,-0.1,1.08,-19.09,-23.91,33.84
177,0.23,-0.09,1.09,-13.07,-25.04,32.46
178,0.27,-0.09,1.09,-6.6,-22.98,30.2
179,0.29,-0.1,1.07,0.44,-20.01,25.72
180,0.25,-0.1,1.05,7.55,-19.75,22.15
181,0.22,-0.11,1.0,12.27,-24.6,22.21
182,0.19,-0.08,0.93,13.81,-26.52,22.81
183,0.13,-0.05,0.85,13.54,-27.47,24.99
184,0.11,-0.06,0.81,9.02,-34.55,27.97
185,0.15,-0.07,0.79,4.27,-41.59,29.44
186,0.18,-0.12,0.79,-1.95,-44.07,28.35
187,0.2,-0.14,0.8,-8.78,-40.34,24.32
188,0.23,-0.14,0.83,-14.11,-34.89,21.5
189,0.28,-0.1,0.87,-15.73,-30.37,16.34
190,0.24,-0.04,0.93,-12.79,-23.89,11.44
191,0.16,-0.02,0.98,-6.58,-23.5,13.34
192,0.14,-0.01,0.98,-0.34,-33.02,14.21
193,0.15,-0.03,0.97,6.02,-39.83,13.59
194,0.16,-0.03,0.96,8.37,-42.46,15.05
195,0.17,-0.05,0.96,8.79,-44.97,17.65
196,0.21,-0.07,0.95,8.31,-43.95,23.44
197,0.26,-0.08,0.94,4.27,-38.38,22.39
198,0.3,-0.04,0.93,0.87,-24.48,18.02
199,0.31,0.0,0.91,-2.43,-11.2,12.66
200,0.26,0.04,0.91,-4.27,-1.56,13.27
201,0.22,0.06,0.91,-6.59,4.76,13.78
202,0.21,0.06,0.91,-8.32,0.47,14.69
203,0.23,0.03,0.92,-8.03,-3.1,13.27
204,0.26,-0.02,0.92,-7.53,-5.1,10.95
205,0.25,-0.02,0.93,-8.61,-5.13,3.64
206,0.25,-0.02,0.88,-7.68,-2.87,2.43
207,0.17,0.01,0.9,-13.36,-7.76,-2.5
208,0.12,0.01,0.91,-14.93,-6.82,0.02
209,0.11,0.01,0.92,-15.71,-1.95,1.63
210,0.12,0.0,0.94,-16.15,3.72,5.37
211,0.12,0.03,0.94,-21.87,3.66,6.84
212,0.21,0.05,1.0,-21.63,5.69,7.25
213,0.28,0.06,1.03,-19.47,10.5,2.28
214,0.24,0.04,1.02,-13.53,9.3,-6.51
215,0.11,0.08,1.04,-7.6,4.93,-10.59
216,0.11,0.07,1.03,-7.41,-1.08,-9.95
217,0.06,0.08,1.02,-2.59,-8.57,-5.11
218,0.04,0.09,1.01,1.11,-9.21,-0.06
219,0.05,0.1,1.0,1.05,1.95,1.79
220,0.12,0.09,0.99,-2.38,5.11,5.67
221,0.07,0.12,0.97,-6.3,10.27,6.37
222,0.05,0.13,0.97,-9.87,8.1,8.2
223,0.11,0.13,1.01,-11.61,5.6,11.93
224,0.14,0.14,1.03,-10.96,8.3,12.6
225,0.14,0.14,1.03,-10.48,7.37,11.67
226,0.14,0.13,1.05,-10.17,3.63,11.47
227,0.16,0.11,1.07,-6.59,1.85,11.5
228,0.17,0.1,1.1,-1.77,2.49,11.58
229,0.18,0.13,1.07,0.5,3.78,9.82
230,0.18,0.13,1.04,2.87,1.44,10.65
231,0.19,0.16,1.02,3.35,-0.82,8.76
232,0.19,0.16,1.01,2.18,1.91,8.18
233,0.21,0.16,0.99,-0.96,3.82,6.24
234,0.23,0.14,1.01,-1.99,6.13,3.47
235,0.22,0.1,1.02,-3.21,9.56,1.89
236,0.19,0.1,1.04,-2.3,8.59,0.62
237,0.17,0.09,1.04,0.3,7.37,0.31
238,0.15,0.1,1.05,3.33,5.18,0.43
239,0.14,0.08,1.03,7.68,4.41,1.37
240,0.12,0.09,1.0,8.95,3.02,2.37
241,0.13,0.08,0.98,10.57,3.11,4.65
242,0.15,0.09,0.96,7.93,2.66,5.26
243,0.18,0.1,0.94,4.11,2.09,3.84
244,0.18,0.12,0.95,1.33,4.71,3.83
245,0.22,0.13,0.97,-2.16,5.53,2.22
246,0.23,0.11,0.95,-5.11,11.85,-0.06
247,0.18,0.1,0.96,-8.12,14.71,-2.66
248,0.16,0.09,0.99,-7.39,12.21,-2.48
249,0.15,0.09,1.0,-3.93,8.44,-2.47
250,0.16,0.08,0.99,-0.49,4.91,-3.57
251,0.16,0.08,0.96,2.24,1.37,-4.24
252,0.15,0.09,0.93,2.92,-1.73,-4.42
253,0.16,0.07,0.9,1.41,0.25,-3.83
254,0.16,0.07,0.88,-4.53,6.26,-3.8
255,0.15,0.08,0.89,-9.84,8.32,-3.13
256,0.15,0.1,0.9,-15.94,9.1,-3.75
257,0.16,0.11,0.94,-20.1,11.7,-4.53
258,0.16,0.11,0.98,-21.79,13.32,-6.79
259,0.16,0.09,1.01,-20.88,12.75,-8.42
260,0.17,0.07,1.03,-17.91,10.66,-10.64
261,0.13,0.07,1.05,-13.73,7.67,-12.93
262,0.12,0.06,1.06,-9.99,5.47,-13.44
263,0.11,0.04,1.08,-7.49,8.21,-12.4
264,0.08,0.03,1.06,-6.97,12.47,-11.73
265,0.08,0.02,1.06,-7.11,16.95,-11.5
266,0.05,0.03,1.07,-6.11,19.85,-9.35
267,0.05,0.03,1.07,-3.94,21.17,-6.05
268,0.05,0.04,1.04,-1.66,20.34,-5.85
269,0.05,0.05,1.02,1.77,20.16,-4.85
270,0.06,0.07,1.0,4.18,16.4,-4.05
271,0.08,0.08,0.96,5.85,12.45,-3.73
272,0.13,0.07,0.92,4.3,14.21,-5.44
273,0.13,0.09,0.91,2.11,15.63,-6.44
274,0.12,0.09,0.91,-1.66,12.65,-7.53
275,0.15,0.09,0.95,-5.63,12.17,-10.11
276,0.16,0.09,1.02,-6.76,16.92,-11.18
277,0.12,0.09,1.05,-5.25,20.0,-9.38
278,0.1,0.09,1.05,-2.87,18.43,-9.16
279,0.11,0.09,1.05,-0.45,16.73,-9.06
280,0.11,0.09,1.02,1.49,17.23,-9.69
281,0.08,0.1,0.98,2.73,16.22,-10.2
282,0.08,0.09,0.96,2.53,12.94,-10.79
283,0.12,0.09,0.97,2.2,11.14,-12.6
284,0.11,0.09,0.96,1.41,9.93,-13.49
285,0.08,0.08,0.96,-0.4,8.5,-14.08
286,0.08,0.07,0.96,-3.39,10.19,-13.73
287,0.08,0.07,1.0,-5.41,16.47,-11.24
288,0.05,0.06,0.99,-6.9,20.42,-9.9
289,0.03,0.05,0.98,-8.09,21.39,-8.81
290,0.02,0.04,0.99,-8.82,21.07,-7.75
291,0.02,0.04,1.0,-8.47,19.43,-7.55
292,0.04,0.05,1.0,-7.5,17.38,-7.4
293,0.06,0.05,1.0,-6.42,14.37,-9.37
294,0.04,0.04,1.01,-5.59,10.34,-10.6
295,0.03,0.03,1.03,-5.21,8.21,-11.36
296,0.02,0.03,1.04,-4.41,8.09,-11.39
297,0.0,0.03,1.05,-3.31,9.1,-10.5
298,-0.02,0.04,1.05,-1.52,10.1,-8.5
299,-0.02,0.04,1.02,0.12,11.5,-5.16
300,-0.04,0.05,1.01,-0.61,11.66,-3.91
301,-0.04,0.05,0.98,-2.05,11.73,-2.31
302,-0.06,0.05,0.98,-3.37,11.98,-0.38
303,-0.07,0.04,0.98,-4.62,14.08,2.57
304,-0.06,0.05,1.0,-5.36,14.52,3.14
305,-0.06,0.06,1.01,-5.04,13.15,3.34
306,-0.02,0.07,1.04,-3.75,8.72,3.34
307,0.01,0.07,1.04,-1.08,5.35,2.85
308,0.03,0.09,1.04,0.78,3.04,0.43
309,0.03,0.11,1.03,2.24,0.76,-1.18
310,0.05,0.11,1.03,3.05,0.4,-2.28
311,0.08,0.1,1.03,3.3,3.59,-3.21
312,0.09,0.09,1.01,2.73,6.23,-5.05
313,0.05,0.07,1.01,2.24,6.28,-6.13
314,0.05,0.06,1.03,1.95,7.08,-6.14
315,0.04,0.06,1.04,2.82,8.06,-5.69
316,0.04,0.07,1.04,5.11,8.34,-5.39
317,0.04,0.07,1.04,8.3,6.27,-6.22
318,0.04,0.07,1.01,10.28,1.32,-7.22
319,0.06,0.06,0.97,11.44,-0.66,-9.51
320,0.04,0.05,0.93,10.15,-2.01,-11.79
321,0.02,0.04,0.94,8.89,-2.73,-12.68
322,0.0,0.04,0.95,7.64,-1.55,-12.11
323,-0.02,0.04,0.96,7.15,-0.75,-11.4
324,-0.02,0.02,0.94,6.27,-0.82,-11.62
325,-0.02,0.02,0.94,5.51,-2.17,-10.73
326,-0.02,0.01,0.95,5.47,-0.92,-9.18
327,-0.04,0.0,0.93,3.28,-1.5,-9.03
328,-0.04,-0.0,0.96,1.21,-2.6,-8.73
329,-0.02,0.01,0.98,-0.15,-2.15,-8.43
330,-0.01,0.02,1.01,-0.09,-1.4,-8.74
331,-0.01,0.04,1.03,0.8,-0.34,-7.97
332,-0.0,0.05,1.04,2.47,-1.34,-7.47
333,0.02,0.06,1.03,4.37,-1.34,-7.27
334,0.02,0.06,1.02,5.89,-2.5,-8.44
335,0.01,0.07,0.99,6.4,-3.07,-7.95
336,0.01,0.06,0.98,5.23,-2.11,-8.67
337,-0.02,0.07,0.97,3.97,-1.32,-8.11
338,-0.04,0.06,0.98,1.71,-0.89,-7.5
339,-0.05,0.06,0.99,0.73,0.24,-6.09
340,-0.06,0.06,0.99,0.45,1.74,-4.18
341,-0.05,0.06,0.99,1.18,2.26,-3.51
342,-0.06,0.06,1.0,3.7,2.16,-3.0
343,-0.07,0.06,1.0,6.81,-2.14,-1.94
344,-0.06,0.05,0.97,8.27,-5.15,-1.73
345,-0.04,0.06,0.95,9.44,-3.93,-0.28
346,-0.02,0.06,0.94,9.53,-0.88,1.21
347,-0.01,0.07,0.91,7.56,-0.34,2.18
348,-0.0,0.08,0.9,4.95,-1.08,1.71
349,-0.0,0.08,0.91,2.31,-0.43,1.02
350,-0.01,0.08,0.93,0.46,0.54,1.24
351,-0.01,0.08,0.95,-0.94,1.42,1.43
352,0.01,0.07,0.95,-2.15,3.37,1.12
353,0.02,0.07,0.95,-2.47,4.37,0.09
354,0.02,0.06,0.99,-0.98,6.24,1.08
355,0.0,0.06,1.01,2.15,8.53,1.71
356,-0.02,0.06,1.05,5.85,11.88,3.27
357,0.0,0.06,1.07,10.85,18.13,4.54
358,0.01,0.07,1.08,14.05,24.64,5.44
359,0.01,0.08,1.05,19.35,17.11,7.91
360,0.03,0.07,1.0,17.27,8.41,6.24
361,0.04,0.09,0.96,16.56,5.47,5.47
362,0.03,0.09,0.93,11.04,3.76,2.09
363,0.03,0.09,0.93,4.72,1.66,-1.03
364,0.03,0.11,0.94,0.2,-0.6,-2.81
365,0.02,0.11,0.96,-3.05,-3.0,-5.89
366,0.02,0.12,1.0,-3.08,-3.45,-6.85
367,0.01,0.11,1.02,-1.21,-2.58,-5.4
368,0.01,0.1,1.0,0.44,-1.31,-5.95
369,0.01,0.1,0.98,0.99,-3.0,-6.88
370,-0.01,0.08,0.95,0.46,-5.18,-6.98
371,-0.03,0.08,0.94,-1.0,-6.26,-7.05
372,-0.05,0.08,0.95,-2.52,-5.63,-6.65
373,-0.04,0.09,0.96,-5.15,-4.19,-6.82
374,-0.04,0.09,0.97,-5.63,-1.31,-5.16
375,-0.04,0.08,0.97,-6.63,-0.36,-3.6
376,-0.03,0.09,0.98,-7.69,-0.49,-3.6
377,-0.01,0.09,1.0,-7.34,-0.63,-3.66
378,-0.01,0.09,1.0,-6.75,-0.63,-3.92
379,-0.01,0.09,0.99,-5.66,-1.55,-4.4
380,-0.01,0.09,0.98,-5.27,-2.83,-4.98
381,-0.0,0.09,1.0,-3.58,-2.37,-3.83
382,-0.01,0.08,0.98,-3.31,-1.58,-3.86
383,-0.02,0.08,0.99,-3.36,-2.63,-4.15
384,-0.02,0.08,0.99,-3.44,-2.67,-4.27
385,-0.02,0.09,0.99,-3.76,-2.52,-3.98
386,-0.02,0.09,1.0,-3.37,-1.59,-3.71
387,-0.01,0.09,1.0,-2.56,-1.44,-3.05
388,-0.0,0.09,1.0,-1.74,-1.53,-3.82
389,-0.01,0.09,0.99,-1.25,-1.96,-3.53
390,-0.0,0.09,0.98,-0.61,-1.27,-2.47
391,-0.02,0.09,0.99,-1.42,-1.14,-3.04
392,-0.02,0.09,0.98,-1.98,-1.08,-2.12
393,-0.02,0.09,0.98,-2.66,-1.18,-2.34
394,-0.03,0.08,0.97,-3.24,-1.4,-2.25
395,-0.02,0.09,0.98,-3.97,-0.92,-2.11
396,-0.01,0.09,0.99,-4.63,0.04,-1.8
397,-0.02,0.09,1.0,-4.27,1.31,-2.39
398,-0.02,0.09,1.01,-3.42,1.46,-1.46
399,-0.01,0.09,0.99,-2.52,2.02,-1.66
400,-0.01,0.09,0.99,-1.74,2.49,-0.97
