,accel_x,accel_y,accel_z,gyro_x,gyro_y,gyro_z
0,0.04,0.05,0.97,-9.89,-1.52,-0.53
1,0.04,0.04,0.98,-10.21,-1.72,0.29
2,0.05,0.03,1.0,-10.39,-3.18,-0.68
3,0.08,0.04,1.01,-9.63,-3.44,-1.18
4,0.07,0.04,1.01,-8.19,-3.89,-1.46
5,0.09,0.05,1.04,-7.6,0.21,-0.57
6,0.08,0.05,1.02,-6.29,-0.39,-1.61
7,0.09,0.05,1.01,-5.04,-0.04,-1.89
8,0.1,0.05,0.99,-4.38,0.13,-2.34
9,0.1,0.05,0.99,-5.24,0.16,-3.99
10,0.11,0.05,0.97,-6.38,0.79,-4.5
11,0.09,0.05,0.96,-8.05,0.07,-5.8
12,0.08,0.03,0.97,-8.51,-0.71,-7.7
13,0.08,0.04,0.99,-9.92,-2.05,-8.2
14,0.07,0.04,1.0,-9.12,-5.12,-8.12
15,0.06,0.04,1.02,-7.09,-4.69,-7.69
16,0.07,0.03,1.02,-5.08,-3.99,-6.22
17,0.05,0.04,1.03,-4.58,-1.76,-6.54
18,0.06,0.03,1.02,-2.9,-2.92,-7.93
19,0.04,0.03,1.03,-1.0,-3.63,-8.17
20,0.05,0.02,1.04,1.19,-4.02,-7.47
21,0.06,0.01,1.02,3.27,-1.89,-7.31
22,0.04,0.01,1.01,4.8,-3.3,-7.97
23,0.04,0.01,1.0,5.37,-5.12,-9.87
24,0.03,0.02,0.99,6.37,-5.8,-9.89
25,0.03,0.02,1.0,6.59,-6.33,-9.71
26,0.04,0.03,0.99,6.09,-4.63,-8.69
27,0.03,0.04,0.98,5.98,-5.89,-9.02
28,0.03,0.03,0.99,5.92,-7.4,-9.47
29,0.05,0.04,0.98,5.64,-9.32,-9.92
30,0.05,0.05,0.98,7.03,-8.76,-10.75
31,0.03,-0.03,1.03,6.95,-8.03,-25.77
32,0.06,0.06,0.98,-5.11,-8.37,-30.29
33,0.08,0.05,0.97,3.76,-4.7,-10.37
34,0.08,0.08,0.98,4.82,1.12,0.18
35,0.08,0.09,0.97,4.47,3.97,2.26
36,0.08,0.09,0.95,6.65,0.53,0.18
37,0.1,0.13,0.98,0.96,0.31,0.69
38,0.08,0.1,0.98,4.41,0.75,3.08
39,0.08,0.11,0.96,4.16,0.88,3.18
40,0.08,0.11,0.95,2.71,1.36,2.96
41,0.09,0.11,0.96,2.36,1.79,2.92
42,0.09,0.11,0.96,2.24,1.89,3.47
43,0.08,0.11,0.96,0.72,2.13,2.18
44,0.08,0.1,0.96,0.08,1.04,1.73
45,0.08,0.1,0.96,-0.6,-0.63,0.42
46,0.09,0.09,0.97,-1.37,0.21,0.12
47,0.07,0.08,0.97,-1.9,-1.37,-0.95
48,0.07,0.08,0.98,-2.17,-2.4,-1.26
49,0.08,0.08,0.99,-2.69,-0.75,-0.85
50,0.08,0.07,0.98,-2.18,-1.58,-2.36
51,0.07,0.07,0.99,-2.37,-2.87,-3.06
52,0.07,0.08,0.99,-2.7,-2.16,-2.27
53,0.07,0.07,1.0,-2.84,-0.71,-1.05
54,0.08,0.07,1.0,-2.89,0.45,-0.96
55,0.09,0.08,1.0,-2.53,0.65,-0.79
56,0.09,0.09,1.0,-1.98,0.31,-1.79
57,0.09,0.08,0.99,-1.21,1.69,-1.96
58,0.08,0.08,0.97,-1.21,0.08,-4.04
59,0.08,0.08,0.98,-1.18,-1.81,-4.59
60,0.08,0.09,0.99,-1.24,0.24,-4.1
61,0.08,0.07,0.98,-1.07,2.31,-2.3
62,0.06,0.07,0.98,-1.98,1.24,-2.34
63,0.06,0.07,0.99,-1.96,0.36,-3.16
64,0.06,0.07,0.99,-1.68,-0.18,-2.54
65,0.06,0.06,0.99,-1.41,0.53,-2.92
66,0.06,0.06,0.99,-1.23,0.34,-2.98
67,0.06,0.06,0.98,-0.68,-1.31,-3.97
68,0.06,0.06,0.99,-0.95,-1.26,-4.35
69,0.06,0.07,0.99,-0.37,-1.86,-4.34
70,0.05,0.07,0.99,0.0,-0.87,-2.08
71,0.06,0.07,0.99,-0.38,1.21,-0.21
72,0.07,0.07,0.99,-0.27,1.34,-0.81
73,0.06,0.07,0.99,0.27,-0.68,-1.24
74,0.07,0.08,1.0,1.18,-1.72,-1.47
75,0.07,0.07,1.0,1.12,-0.31,-1.63
76,0.06,0.08,0.99,1.27,-0.29,-1.19
77,0.06,0.08,0.98,1.94,-1.37,-1.5
78,0.06,0.08,0.99,1.85,-2.27,-1.68
79,0.07,0.08,0.98,1.9,-0.98,-1.69
80,0.05,0.08,0.98,1.66,-1.0,-0.73
81,0.04,0.07,0.97,1.28,-2.65,-1.26
82,0.06,0.07,0.98,1.02,-3.15,-1.27
83,0.05,0.08,0.99,1.09,-2.82,-1.11
84,0.05,0.08,1.0,1.62,-1.63,-0.31
85,0.05,0.08,0.98,2.7,-2.17,0.15
86,0.05,0.08,0.99,3.17,-2.89,-0.18
87,0.06,0.09,0.99,3.62,-1.6,-0.27
88,0.06,0.09,1.0,4.18,-1.36,-0.54
89,0.06,0.1,0.99,5.08,-0.82,-0.02
90,0.07,0.1,0.99,5.55,0.25,0.27
91,0.07,0.11,0.97,5.41,0.27,0.24
92,0.07,0.12,0.97,4.84,1.81,0.81
93,0.07,0.12,0.95,4.1,1.31,0.34
94,0.08,0.12,0.96,2.86,0.06,0.16
95,0.07,0.12,0.95,1.58,-1.17,-0.53
96,0.07,0.12,0.96,0.52,-1.72,-0.83
97,0.08,0.12,0.95,-0.77,-1.65,-1.5
98,0.08,0.12,0.95,-1.81,-1.89,-1.06
99,0.08,0.11,0.95,-3.1,-1.76,-1.92
100,0.08,0.12,0.96,-4.42,-0.25,-1.2
101,0.08,0.12,0.97,-5.74,-0.54,-1.94
102,0.08,0.12,0.96,-6.6,-0.4,-2.4
103,0.07,0.11,0.97,-7.39,-1.54,-2.65
104,0.07,0.11,0.97,-8.05,-2.09,-3.44
105,0.08,0.1,0.97,-8.92,-1.21,-3.33
106,0.07,0.09,0.99,-8.74,-0.66,-2.98
107,0.08,0.08,1.01,-7.69,-1.85,-3.18
108,0.07,0.08,1.03,-5.34,-2.15,-2.63
109,0.07,0.08,1.05,-2.11,-1.18,-2.5
110,0.08,0.09,1.03,0.59,0.9,-2.28
111,0.08,0.09,1.01,1.92,1.83,-1.99
112,0.07,0.1,0.99,2.66,1.97,-2.1
113,0.09,0.1,0.96,2.22,1.6,-2.91
114,0.08,0.12,0.95,0.32,-0.3,-4.67
115,0.08,0.13,0.95,-0.7,-0.86,-4.63
116,0.08,0.12,0.95,-1.68,-0.49,-4.8
117,0.08,0.13,0.94,-3.95,-0.53,-4.75
118,0.08,0.12,0.94,-6.05,0.42,-4.56
119,0.08,0.12,0.94,-8.08,0.19,-6.31
120,0.09,0.12,0.95,-9.31,-0.82,-6.86
121,0.07,0.12,0.96,-10.1,-2.63,-7.85
122,0.08,0.11,0.98,-9.81,-3.57,-7.77
123,0.07,0.1,0.99,-9.26,-4.0,-7.79
124,0.06,0.09,0.99,-8.46,-2.56,-6.56
125,0.07,0.09,0.98,-6.38,-1.44,-6.95
126,0.06,0.1,0.98,-8.34,-1.89,-6.66
127,0.06,0.09,0.98,-8.42,-2.79,-6.58
128,0.07,0.09,0.99,-9.0,-2.79,-6.46
129,0.07,0.09,0.97,-10.17,0.0,-5.6
130,0.07,0.09,0.98,-11.13,0.34,-4.29
131,0.08,0.1,0.95,-12.53,-2.03,-3.93
132,0.06,0.09,0.96,-14.34,0.04,-4.44
133,0.08,0.09,0.94,-15.51,-1.97,-5.44
134,0.07,0.08,0.96,-16.53,-3.08,-5.67
135,0.07,0.08,0.97,-16.91,-4.2,-6.19
136,0.08,0.06,1.0,-12.89,2.87,-5.3
137,0.08,0.08,1.0,-15.95,-1.15,-3.11
138,0.06,0.07,1.02,-13.75,-0.88,-1.86
139,0.06,0.06,1.02,-11.72,-2.04,-4.15
140,0.06,0.06,1.02,-9.08,-2.68,-4.1
141,0.06,0.05,1.01,-7.99,-2.61,-4.86
142,0.05,0.06,1.02,-7.24,-1.8,-4.81
143,0.05,0.06,1.0,-6.54,-1.92,-3.89
144,0.05,0.07,0.98,-6.4,-0.63,-2.94
145,0.06,0.08,0.96,-6.83,0.06,-2.31
146,0.07,0.08,0.94,-8.64,2.3,-0.83
147,0.08,0.08,0.92,-11.94,0.98,-0.77
148,0.08,0.08,0.92,-16.4,-1.68,-2.85
149,0.08,0.08,0.91,-17.85,-6.5,-5.35
150,0.08,0.08,0.94,-20.02,-5.66,-4.44
151,0.06,0.08,0.96,-19.97,-7.29,-6.61
152,0.07,0.08,0.97,-21.46,-5.94,-5.29
153,0.06,0.07,1.0,-20.16,-7.27,-3.76
154,0.07,0.06,1.01,-18.8,-3.83,-1.27
155,0.09,0.05,1.01,-16.69,-2.77,-0.18
156,0.1,0.05,0.99,-15.95,-2.31,0.34
157,0.08,0.06,0.98,-15.0,-3.34,-1.56
158,0.12,0.06,0.99,-16.07,-1.78,0.65
159,0.15,0.07,0.98,-19.82,1.1,2.5
160,0.2,0.09,0.97,-26.6,4.63,4.44
161,0.25,0.11,0.96,-34.8,7.69,6.34
162,0.31,0.12,1.01,-44.17,15.65,6.21
163,0.32,0.12,1.04,-49.47,15.74,5.55
164,0.31,0.12,1.11,-49.07,19.13,5.34
165,0.29,0.14,1.15,-45.94,23.6,5.95
166,0.27,0.16,1.15,-40.92,33.33,6.92
167,0.28,0.19,1.13,-34.8,47.09,7.08
168,0.25,0.2,1.07,-27.07,56.73,3.77
169,0.2,0.2,0.98,-19.63,59.99,0.72
170,0.12,0.23,0.89,-16.84,58.82,-4.85
171,0.04,0.23,0.83,-15.6,55.82,-8.42
172,-0.04,0.23,0.77,-19.42,48.49,-9.3
173,-0.06,0.2,0.73,-26.11,45.21,-4.95
174,-0.11,0.15,0.69,-36.8,44.98,-3.17
175,-0.15,0.13,0.68,-50.57,37.79,-0.16
176,-0.19,0.1,0.71,-65.33,27.72,0.24
177,-0.2,0.09,0.78,-80.83,23.98,2.08
178,-0.19,0.09,0.86,-95.63,24.03,4.6
179,-0.19,0.11,0.99,-103.37,16.29,2.87
180,-0.14,0.15,1.15,-105.63,10.78,-1.08
181,-0.13,0.23,1.31,-101.57,15.47,1.06
182,-0.1,0.33,1.43,-91.14,24.13,5.16
183,-0.05,0.44,1.5,-77.99,39.18,4.5
184,-0.04,0.57,1.56,-63.72,46.37,1.05
185,-0.01,0.64,1.58,-46.57,53.11,-5.31
186,-0.01,0.75,1.47,-35.85,46.99,-18.79
187,-0.0,0.83,1.43,-24.57,42.56,-30.91
188,-0.01,0.88,1.33,-20.22,34.27,-38.92
189,-0.03,0.89,1.24,-19.27,28.37,-46.7
190,0.01,0.91,1.2,-24.02,25.93,-52.43
191,-0.02,0.93,1.17,-31.81,28.96,-57.6
192,-0.14,0.96,1.16,-40.63,23.63,-64.76
193,-0.21,0.97,1.25,-40.7,10.08,-65.51
194,-0.3,0.85,1.32,-23.68,17.26,-51.22
195,-0.33,0.62,1.34,11.66,39.56,-30.2
196,-0.31,0.32,1.25,48.78,75.49,-7.85
197,-0.29,-0.13,1.08,101.34,126.08,15.15
198,-0.21,-0.67,0.79,159.75,196.2,41.34
199,-0.09,-1.21,0.16,189.17,250.13,72.6
200,0.01,-1.74,-0.4,188.69,250.13,85.9
201,0.22,-2.0,-1.03,141.09,250.13,76.28
202,0.26,-2.0,-1.53,31.76,250.13,18.6
203,0.0,-1.91,-1.59,-116.96,166.4,-69.05
204,-0.58,-1.84,-1.02,-250.14,25.18,-134.69
205,-1.09,-2.0,0.06,-250.14,-114.34,-152.82
206,-1.17,-2.0,1.51,-250.14,-168.64,-130.37
207,-1.07,-2.0,2.0,-249.48,-140.61,-85.68
208,-0.92,-1.74,2.0,-167.8,-106.27,-54.98
209,-0.71,-1.48,2.0,-72.24,-58.42,-37.43
210,-0.58,-1.23,2.0,5.34,-35.41,-18.38
211,-0.48,-1.04,1.74,51.66,-39.93,-3.53
212,-0.38,-0.85,1.31,73.49,-52.99,3.35
213,-0.26,-0.71,0.96,80.02,-60.43,9.49
214,-0.15,-0.6,0.72,74.74,-62.51,14.95
215,-0.09,-0.56,0.6,64.27,-54.06,23.46
216,-0.05,-0.53,0.59,49.37,-34.75,28.72
217,-0.03,-0.47,0.64,38.37,-17.94,32.59
218,0.01,-0.42,0.66,33.26,-13.37,35.07
219,0.05,-0.36,0.62,30.18,-17.12,31.43
220,0.08,-0.31,0.61,27.97,-34.35,23.4
221,0.09,-0.24,0.6,23.95,-48.47,13.38
222,0.07,-0.19,0.58,18.35,-58.85,5.34
223,-0.0,-0.17,0.63,11.21,-62.88,0.11
224,-0.07,-0.16,0.7,5.37,-59.47,0.13
225,-0.08,-0.14,0.71,1.44,-53.45,4.21
226,-0.09,-0.15,0.7,-3.86,-50.05,6.45
227,-0.08,-0.18,0.76,-12.18,-50.87,3.89
228,-0.02,-0.2,0.81,-18.82,-52.71,-2.03
229,0.02,-0.22,0.9,-19.66,-48.6,-6.94
230,-0.03,-0.24,0.97,-20.99,-43.37,-8.19
231,-0.08,-0.29,1.02,-18.25,-35.83,-6.55
232,-0.14,-0.33,1.06,-13.6,-32.67,-3.76
233,-0.19,-0.38,1.07,-6.53,-34.76,0.05
234,-0.21,-0.41,1.07,0.33,-39.13,1.65
235,-0.23,-0.47,1.09,8.85,-44.56,7.27
236,-0.21,-0.52,1.1,16.19,-44.19,13.16
237,-0.14,-0.53,1.11,18.68,-38.5,14.53
238,-0.09,-0.47,1.08,21.74,-28.81,15.41
239,-0.09,-0.43,1.03,31.41,-21.95,20.05
240,-0.08,-0.39,0.94,34.92,-19.41,22.17
241,-0.03,-0.35,0.83,30.42,-17.1,20.4
242,-0.03,-0.36,0.76,25.66,-22.13,19.43
243,-0.0,-0.4,0.76,13.26,-23.45,18.92
244,0.05,-0.36,0.8,-4.66,-17.17,13.73
245,0.03,-0.36,0.84,-15.06,-6.82,15.33
246,0.0,-0.36,0.87,-18.2,-7.87,13.5
247,-0.01,-0.38,0.93,-17.34,-11.69,9.37
248,-0.05,-0.41,1.0,-8.13,-20.13,5.15
249,-0.07,-0.44,1.05,6.24,-26.55,5.32
250,-0.03,-0.47,1.02,19.4,-22.31,8.01
251,0.01,-0.42,1.0,21.51,-12.28,7.39
252,0.01,-0.36,0.94,20.27,0.39,8.88
253,-0.01,-0.3,0.92,17.75,2.63,10.14
254,-0.02,-0.29,0.88,14.74,-0.33,7.94
255,-0.03,-0.29,0.86,12.46,-9.64,2.71
256,-0.07,-0.3,0.87,10.48,-23.39,-2.1
257,-0.07,-0.37,0.9,12.24,-28.24,-0.78
258,-0.06,-0.36,0.92,12.19,-25.97,-0.53
259,-0.05,-0.33,0.91,11.38,-18.63,-1.14
260,-0.04,-0.27,0.92,11.93,-12.81,-1.91
261,-0.05,-0.23,0.92,15.79,-8.39,-0.05
262,-0.03,-0.2,0.9,17.22,-7.66,0.98
263,-0.02,-0.18,0.86,15.15,-9.4,1.03
264,0.01,-0.18,0.87,13.15,-11.53,0.27
265,0.04,-0.16,0.86,7.53,-12.17,-2.83
266,0.07,-0.13,0.88,0.58,-9.31,-8.18
267,0.02,-0.1,0.91,-2.25,-8.62,-12.61
268,-0.08,-0.09,0.95,1.34,-16.78,-14.81
269,-0.12,-0.1,0.96,7.98,-25.02,-15.04
270,-0.16,-0.11,0.95,12.82,-30.37,-14.12
271,-0.17,-0.09,0.93,11.78,-36.2,-12.05
272,-0.13,-0.08,0.92,6.38,-36.14,-5.5
273,-0.04,-0.06,0.93,-3.7,-27.54,2.76
274,0.06,-0.03,0.95,-13.76,-12.02,11.04
275,0.12,-0.05,0.99,-19.74,1.47,15.89
276,0.17,-0.03,1.01,-24.92,9.44,13.69
277,0.18,-0.04,1.04,-24.37,11.88,7.82
278,0.15,-0.05,1.08,-18.9,4.26,-2.27
279,0.1,-0.06,1.11,-6.69,-5.98,-13.27
280,0.05,-0.08,1.12,4.05,-14.21,-21.24
281,0.0,-0.11,1.11,15.5,-16.31,-20.41
282,-0.06,-0.14,1.07,20.95,-12.82,-19.15
283,-0.05,-0.14,1.05,21.32,-4.01,-15.86
284,-0.07,-0.11,1.02,20.5,4.93,-10.76
285,-0.08,-0.11,0.99,19.73,10.75,-6.13
286,-0.07,-0.09,0.95,18.25,13.4,-5.41
287,-0.05,-0.08,0.91,18.55,11.46,-9.1
288,-0.09,-0.07,0.89,17.5,3.18,-11.98
289,-0.11,-0.09,0.9,18.21,-7.25,-14.66
290,-0.11,-0.09,0.89,15.22,-11.21,-15.72
291,-0.12,-0.07,0.9,12.47,-12.47,-13.7
292,-0.11,-0.07,0.91,10.99,-8.08,-8.23
293,-0.09,-0.05,0.91,7.79,-3.6,-3.19
294,-0.07,-0.06,0.9,6.25,0.3,2.23
295,-0.06,-0.05,0.9,3.11,-1.06,4.61
296,-0.02,-0.04,0.9,1.2,-0.96,5.37
297,0.0,-0.03,0.91,-3.82,0.62,5.66
298,0.02,-0.04,0.92,-7.5,-1.46,3.31
299,0.02,-0.04,0.96,-9.16,-2.83,0.23
300,0.02,-0.04,1.0,-7.72,-3.85,-1.99
301,0.04,-0.05,1.02,-5.37,-2.34,-3.88
302,0.03,-0.06,1.01,-1.13,-0.59,-5.44
303,0.02,-0.09,0.99,2.69,-1.56,-8.13
304,0.02,-0.09,0.98,4.08,-0.74,-12.55
305,-0.01,-0.09,0.96,3.59,-3.25,-13.71
306,-0.03,-0.1,0.96,2.16,-3.37,-12.66
307,-0.05,-0.1,0.96,-0.43,-3.98,-12.25
308,-0.06,-0.11,0.95,-1.46,-3.09,-9.72
309,-0.08,-0.12,0.97,-3.04,0.03,-7.79
310,-0.07,-0.11,1.01,-3.63,-1.76,-7.55
311,-0.05,-0.11,1.0,-3.18,-0.94,-6.79
312,-0.04,-0.1,1.02,-1.68,-1.56,-5.94
313,-0.02,-0.1,1.02,-0.36,-2.49,-5.17
314,-0.01,-0.09,1.0,-0.35,-3.24,-5.71
315,0.03,-0.1,1.02,3.21,-0.24,-5.38
316,-0.02,-0.09,1.0,0.69,-0.86,-5.71
317,-0.04,-0.11,0.96,-3.71,-6.61,-8.44
318,-0.04,-0.11,0.98,-6.82,-13.11,-9.91
319,-0.04,-0.09,1.0,-12.98,-12.63,-8.48
320,-0.02,-0.1,1.02,-15.57,-10.85,-7.99
321,-0.03,-0.1,1.04,-19.02,-7.9,-5.56
322,-0.06,-0.1,1.06,-24.2,-11.41,-3.43
323,-0.02,-0.1,1.1,-28.31,-17.53,-6.59
324,0.0,-0.12,1.19,-26.24,-21.44,-8.56
325,-0.05,-0.14,1.27,-21.4,-23.21,-7.56
326,-0.04,-0.2,1.28,-12.21,-28.41,-7.9
327,-0.01,-0.25,1.3,-0.29,-27.0,-6.82
328,0.01,-0.28,1.27,10.83,-18.06,-1.47
329,0.04,-0.29,1.2,20.33,-5.39,3.31
330,0.05,-0.26,1.12,26.12,5.15,6.03
331,0.08,-0.24,1.05,32.11,11.02,5.02
332,0.12,-0.2,0.96,34.08,16.05,3.64
333,0.08,-0.14,0.89,32.57,9.97,0.47
334,0.09,-0.13,0.82,28.95,2.25,-2.89
335,0.11,-0.09,0.81,23.47,4.37,-6.76
336,0.08,-0.07,0.81,17.56,7.62,-5.84
337,-0.01,-0.06,0.83,10.55,8.69,-1.14
338,-0.07,-0.06,0.86,5.63,5.95,3.49
339,-0.03,-0.03,0.94,3.91,-17.13,-2.51
340,0.12,-0.07,0.96,6.61,-17.41,-3.99
341,-0.01,-0.05,0.99,1.37,12.61,5.78
342,-0.07,-0.06,1.0,2.33,5.45,7.9
343,-0.0,-0.06,1.02,6.07,-2.81,7.36
344,0.01,-0.05,1.04,9.33,1.11,7.56
345,0.04,-0.06,1.05,13.86,1.04,6.43
346,0.04,-0.06,1.01,16.32,5.77,6.61
347,0.02,-0.06,0.98,17.17,3.99,4.5
348,0.01,-0.06,0.96,17.15,1.59,3.81
349,0.02,-0.05,0.94,15.11,0.62,3.68
350,0.03,-0.06,0.94,13.02,0.63,3.05
351,0.03,-0.06,0.95,10.21,2.89,4.03
352,0.03,-0.06,0.93,8.22,2.27,4.24
353,0.06,-0.06,0.92,5.51,0.85,2.72
354,0.04,-0.05,0.93,4.05,-1.87,0.79
355,0.04,-0.06,0.94,2.44,-2.11,0.75
356,0.04,-0.05,0.96,0.53,0.5,-0.32
357,0.03,-0.04,0.97,-0.14,-0.05,0.56
358,0.04,-0.05,0.99,0.25,0.36,-0.88
359,0.05,-0.05,1.01,1.92,0.82,-2.15
360,0.04,-0.05,1.03,4.95,2.66,-1.85
361,0.04,-0.06,1.01,7.21,3.34,-2.55
362,0.04,-0.06,1.01,8.73,2.26,-5.79
363,0.0,-0.05,1.01,10.56,1.99,-6.5
364,-0.02,-0.05,1.01,12.44,2.8,-4.6
365,-0.01,-0.05,0.99,12.1,3.85,-3.44
366,0.01,-0.04,0.98,10.69,5.2,-3.44
367,0.03,-0.04,0.99,11.27,7.11,-3.19
368,0.01,-0.04,0.99,11.95,6.32,-3.54
369,0.01,-0.05,0.96,12.52,4.19,-5.49
370,0.02,-0.04,0.97,11.62,1.84,-8.08
371,0.01,-0.03,0.97,11.84,1.36,-9.17
372,0.01,-0.03,0.97,13.03,3.24,-7.26
373,-0.0,-0.02,0.95,11.6,1.56,-8.75
374,-0.01,-0.02,0.94,10.56,-0.72,-11.2
375,-0.01,-0.01,0.94,9.66,-0.9,-10.54
376,-0.02,-0.03,0.93,7.74,1.6,-8.19
377,-0.03,-0.03,0.92,4.35,-0.68,-8.89
378,-0.03,-0.05,0.92,1.56,-4.8,-9.8
379,-0.02,-0.07,0.94,-0.89,-6.33,-9.62
380,-0.04,-0.08,0.96,-3.08,-7.85,-9.92
381,-0.05,-0.09,0.99,-3.51,-9.0,-9.05
382,-0.04,-0.1,1.0,-3.71,-7.47,-7.66
383,-0.04,-0.1,1.01,-3.77,-5.13,-6.21
384,-0.04,-0.09,1.02,-2.13,-4.85,-4.53
385,-0.01,-0.09,1.02,-0.29,-5.54,-3.16
386,0.02,-0.06,1.02,0.6,-4.33,-3.45
387,0.01,-0.06,1.0,1.47,-4.27,-2.81
388,0.03,-0.05,1.0,1.86,-3.83,-3.24
389,0.04,-0.04,1.0,1.99,-4.2,-4.51
390,0.04,-0.03,1.0,2.79,-6.11,-5.53
391,0.04,-0.02,1.0,3.34,-5.31,-7.16
392,0.03,-0.01,1.0,4.59,-5.13,-7.66
393,0.02,-0.01,1.0,6.69,-6.62,-8.08
394,0.03,-0.01,1.01,8.66,-6.7,-8.11
395,0.02,-0.01,1.0,9.69,-2.01,-5.58
396,0.01,-0.01,0.98,9.37,0.24,-3.08
397,0.0,0.0,0.97,8.4,0.48,-1.86
398,0.02,-0.0,0.97,6.98,1.19,0.56
399,0.03,0.0,0.96,4.89,2.33,0.73
