,accel_x,accel_y,accel_z,gyro_x,gyro_y,gyro_z
0,0.03,-0.22,1.0,-7.53,-4.44,-7.47
1,0.03,-0.23,1.02,-5.65,0.22,-5.44
2,0.01,-0.23,1.0,-2.89,3.05,-3.6
3,-0.0,-0.23,0.99,-1.67,4.19,-4.06
4,-0.02,-0.23,0.98,-1.1,3.46,-4.67
5,-0.01,-0.22,0.97,-1.45,3.57,-2.12
6,-0.03,-0.22,0.96,-2.39,2.19,-2.65
7,-0.04,-0.22,0.97,-2.73,-0.55,-3.03
8,-0.03,-0.22,0.97,-2.8,-2.37,-2.08
9,-0.02,-0.21,0.96,-3.06,-2.37,-1.37
10,-0.01,-0.21,0.97,-4.02,-2.98,-2.39
11,0.01,-0.21,0.98,-3.85,-2.9,-2.62
12,0.01,-0.23,0.98,-2.6,-1.83,-1.05
13,0.02,-0.22,0.98,-2.08,-1.69,-1.53
14,0.03,-0.22,0.98,-2.31,-1.98,-2.99
15,0.03,-0.21,0.98,-1.94,-0.79,-3.18
16,0.04,-0.2,0.98,-1.38,1.39,-2.31
17,0.02,-0.2,0.97,-1.4,1.21,-2.63
18,0.01,-0.21,0.97,-0.72,0.92,-2.73
19,-0.0,-0.21,0.97,-0.34,0.73,-3.92
20,0.0,-0.2,0.97,0.12,0.86,-4.13
21,-0.0,-0.21,0.98,-0.17,1.08,-4.81
22,-0.02,-0.21,0.97,-0.21,1.39,-4.21
23,-0.02,-0.2,0.97,-0.33,1.82,-3.19
24,-0.02,-0.21,0.96,-0.57,0.93,-3.31
25,-0.01,-0.2,0.96,-1.01,0.28,-4.08
26,-0.01,-0.2,0.96,-1.79,-0.81,-4.32
27,0.0,-0.2,0.96,-1.6,-0.4,-3.94
28,0.0,-0.2,0.98,-1.49,-0.81,-4.69
29,0.0,-0.2,0.97,-0.88,-0.61,-4.29
30,0.01,-0.2,0.97,-0.79,-0.92,-5.64
31,0.0,-0.19,0.96,-1.62,-1.29,-6.26
32,0.0,-0.19,0.95,-2.4,-2.96,-8.98
33,0.02,-0.19,0.96,-1.75,-2.24,-6.82
34,0.01,-0.19,0.95,-2.23,-2.86,-7.1
35,0.02,-0.19,0.97,-2.08,-1.94,-7.7
36,0.01,-0.21,0.96,-2.28,-2.12,-8.66
37,0.02,-0.21,0.96,-1.0,-1.51,-5.35
38,0.01,-0.21,0.98,-0.49,0.66,-3.01
39,-0.0,-0.21,0.98,-0.76,1.44,-3.13
40,-0.01,-0.21,0.98,-0.9,0.05,-3.82
41,-0.01,-0.21,0.99,-0.11,1.79,-3.31
42,-0.01,-0.2,0.98,0.4,2.37,-2.61
43,-0.01,-0.2,0.97,-0.26,1.76,-3.4
44,-0.02,-0.19,0.97,-0.89,1.79,-4.19
45,-0.01,-0.19,0.96,-1.51,1.71,-4.6
46,-0.02,-0.2,0.95,-0.73,0.63,-3.61
47,-0.03,-0.18,0.94,-1.93,-2.16,-6.24
48,-0.01,-0.19,0.95,-3.0,-3.27,-7.99
49,-0.02,-0.18,0.96,-3.88,-4.22,-9.99
50,0.0,-0.2,0.95,-3.37,-5.33,-11.05
51,0.0,-0.21,0.96,-0.72,-1.06,-8.88
52,0.02,-0.2,0.97,-2.35,-2.04,-5.76
53,0.0,-0.2,0.97,-3.34,-1.85,-4.38
54,0.0,-0.21,0.97,-3.18,-1.15,-3.79
55,0.02,-0.2,0.96,-1.5,-1.24,-1.53
56,0.02,-0.2,0.97,-0.4,0.4,1.4
57,0.01,-0.19,0.96,-1.56,-0.25,0.82
58,0.02,-0.2,0.97,-0.94,-1.41,-0.95
59,0.02,-0.21,0.96,-0.15,-0.89,-1.08
60,-0.01,-0.21,0.98,-0.33,-1.68,-2.36
61,-0.0,-0.21,0.99,-1.01,-2.05,-3.82
62,0.01,-0.2,0.98,-1.45,-0.05,-2.05
63,0.01,-0.2,0.98,-1.9,0.73,-1.44
64,0.02,-0.19,0.97,-1.27,1.5,-0.4
65,0.01,-0.18,0.98,-0.62,2.02,0.17
66,0.01,-0.19,0.95,-0.22,1.48,-0.19
67,0.0,-0.19,0.96,-0.05,-0.71,-3.11
68,-0.0,-0.2,0.97,-0.34,-1.98,-5.26
69,-0.0,-0.2,0.98,-0.31,-2.82,-5.82
70,0.01,-0.2,0.98,0.39,-1.92,-5.05
71,0.02,-0.2,0.97,0.41,-0.39,-4.1
72,0.01,-0.19,0.97,0.5,2.35,-0.92
73,0.01,-0.18,0.97,0.63,4.52,2.21
74,0.01,-0.15,0.95,0.33,5.96,5.12
75,0.03,-0.12,0.94,-1.82,6.81,4.98
76,0.04,-0.12,0.95,-3.54,7.28,3.82
77,0.06,-0.09,0.93,-2.95,8.35,2.13
78,0.06,-0.07,0.92,-3.59,10.42,1.45
79,0.04,-0.05,0.93,-3.84,11.26,-1.08
80,0.03,-0.04,0.92,-4.69,11.56,-2.94
81,0.02,-0.05,0.92,-4.57,12.63,-4.27
82,0.01,-0.04,0.89,-4.37,11.82,-4.71
83,-0.03,-0.05,0.91,-4.85,10.76,-4.75
84,-0.05,-0.07,0.93,-8.08,11.45,-3.54
85,-0.07,-0.08,0.96,-11.2,13.39,1.62
86,-0.09,-0.08,0.98,-14.1,15.56,7.76
87,-0.07,-0.07,1.0,-17.05,16.11,16.8
88,-0.06,-0.05,1.01,-19.88,20.95,27.14
89,-0.09,-0.02,1.05,-23.69,23.34,27.92
90,-0.08,0.01,1.1,-23.6,22.88,25.01
91,-0.03,0.01,1.11,-22.05,27.49,27.4
92,-0.02,0.08,1.16,-24.47,23.62,16.28
93,-0.02,0.11,1.19,-20.79,22.38,11.35
94,-0.0,0.13,1.24,-17.97,22.03,2.42
95,-0.01,0.16,1.29,-13.64,19.44,-5.78
96,0.05,0.2,1.3,-6.0,15.65,-11.29
97,0.1,0.26,1.3,1.46,15.39,-7.99
98,0.08,0.32,1.35,5.67,15.42,-15.74
99,0.07,0.39,1.37,9.94,8.96,-26.91
100,0.06,0.41,1.37,13.09,5.95,-35.27
101,0.1,0.46,1.39,12.43,4.37,-45.24
102,0.06,0.52,1.39,12.66,2.52,-48.73
103,0.07,0.65,1.34,6.73,8.49,-47.17
104,0.1,0.84,1.27,-6.19,24.88,-42.91
105,0.2,0.98,1.48,-18.86,32.83,-38.24
106,0.14,1.18,1.15,-49.08,64.67,-35.15
107,0.17,1.35,1.07,-72.89,77.58,-33.73
108,0.19,1.4,0.99,-96.44,83.24,-41.58
109,0.25,1.41,0.92,-121.41,79.95,-57.11
110,0.3,1.34,0.86,-138.6,67.79,-84.76
111,0.38,1.24,0.77,-149.53,57.24,-116.64
112,0.47,1.13,0.66,-152.31,52.21,-148.8
113,0.56,0.93,0.46,-146.92,50.37,-178.66
114,0.68,0.44,0.36,-123.68,61.47,-207.73
115,0.75,-0.29,0.31,-65.98,79.8,-213.15
116,0.88,-1.08,-0.18,16.05,75.33,-194.83
117,1.02,-2.0,-1.07,91.93,43.02,-164.27
118,1.0,-2.0,-2.0,102.12,0.68,-115.13
119,0.96,-2.0,-2.0,44.66,40.02,-48.89
120,0.89,-2.0,-2.0,-167.11,-51.04,-106.98
121,0.49,-2.0,-1.76,-250.14,-235.72,-250.14
122,-0.9,-2.0,1.94,-250.14,-250.14,-250.14
123,-2.0,-2.0,2.0,-250.14,-250.14,-250.14
124,-2.0,-2.0,2.0,6.73,-218.16,-100.94
125,-0.73,-2.0,2.0,250.13,-57.02,65.13
126,0.13,-2.0,1.68,250.13,-50.39,55.18
127,0.52,0.51,-2.0,250.13,237.02,106.81
128,-0.97,1.64,-2.0,178.04,114.85,119.98
129,-0.23,1.1,-1.39,127.01,-112.76,79.62
130,0.56,0.92,-1.14,81.47,-195.66,67.98
131,1.27,0.53,-0.6,3.1,-155.02,47.15
132,1.38,-0.1,0.15,-52.2,-62.14,34.23
133,1.05,-0.64,0.81,-65.04,16.37,36.85
134,0.66,-0.8,1.13,-30.17,57.08,52.81
135,0.43,-0.68,1.02,22.58,41.53,48.73
136,0.35,-0.34,0.65,47.13,0.6,32.72
137,0.38,-0.19,0.45,41.95,-29.37,15.02
138,0.42,-0.17,0.5,26.59,-34.73,4.12
139,0.44,-0.21,0.59,6.82,-28.05,3.79
140,0.44,-0.26,0.66,-7.29,-11.57,3.31
141,0.43,-0.35,0.76,-18.82,13.54,1.61
142,0.37,-0.5,0.89,-27.97,37.53,0.63
143,0.25,-0.6,0.96,-27.91,61.69,7.25
144,0.12,-0.64,0.97,-26.44,71.68,13.07
145,0.01,-0.66,0.95,-20.92,68.33,16.89
146,0.01,-0.68,0.94,-15.71,64.37,21.03
147,0.1,-0.68,0.93,-11.18,62.31,22.85
148,0.1,-0.63,0.92,-10.36,63.21,25.37
149,0.08,-0.59,0.84,-10.09,66.84,33.16
150,0.0,-0.53,0.76,-13.08,55.99,31.23
151,-0.08,-0.51,0.71,-15.17,39.18,24.47
152,-0.21,-0.56,0.7,-11.92,13.36,20.85
153,-0.27,-0.62,0.71,-5.57,-15.64,23.98
154,-0.21,-0.67,0.74,-4.35,-46.15,28.53
155,-0.09,-0.68,0.78,-7.31,-59.87,34.79
156,0.12,-0.68,0.89,-10.69,-62.11,38.06
157,0.21,-0.69,0.98,-9.48,-48.52,36.91
158,0.26,-0.65,1.0,-6.37,-35.49,36.16
159,0.25,-0.6,0.99,2.63,-27.92,32.34
160,0.19,-0.54,0.84,5.82,-30.6,27.44
161,0.19,-0.45,0.85,19.32,-27.26,19.08
162,0.23,-0.37,0.81,20.04,-35.4,8.08
163,0.26,-0.35,0.82,11.03,-43.59,-2.47
164,0.29,-0.36,0.92,5.21,-28.56,-3.81
165,0.32,-0.37,1.02,-2.89,-6.24,7.63
166,0.34,-0.4,1.03,0.53,20.31,19.85
167,0.3,-0.42,1.01,7.19,35.62,26.48
168,0.24,-0.43,0.98,14.98,40.27,34.66
169,0.21,-0.44,0.97,23.5,41.63,39.51
170,0.11,-0.45,1.0,27.71,37.44,36.18
171,0.1,-0.43,1.0,31.85,33.53,34.61
172,0.08,-0.4,0.96,36.31,30.4,29.99
173,0.04,-0.38,0.94,39.2,24.68,25.68
174,0.01,-0.35,0.92,38.79,20.69,23.7
175,0.01,-0.35,0.92,38.08,18.7,26.97
176,0.03,-0.36,0.93,35.34,13.98,25.56
177,0.09,-0.35,0.95,30.66,12.6,22.7
178,0.09,-0.36,0.97,32.19,15.47,23.21
179,0.07,-0.38,1.01,33.21,19.73,24.53
180,0.06,-0.38,1.0,37.55,23.21,27.35
181,0.03,-0.36,0.98,43.32,26.25,30.09
182,0.01,-0.33,0.9,45.35,21.53,27.55
183,-0.01,-0.28,0.85,42.54,12.71,20.43
184,-0.02,-0.25,0.84,38.22,5.82,15.12
185,-0.05,-0.23,0.84,33.49,-0.36,12.54
186,-0.05,-0.21,0.86,31.66,-6.94,12.11
187,-0.0,-0.24,0.88,31.85,-11.28,10.79
188,0.03,-0.25,0.94,32.51,-15.68,6.02
189,0.07,-0.25,0.94,34.6,-12.18,8.15
190,0.05,-0.23,0.94,34.6,-11.08,7.77
191,0.06,-0.21,0.94,33.27,-9.41,9.66
192,0.07,-0.18,0.92,29.55,-7.07,10.63
193,0.09,-0.17,0.91,25.79,-5.78,7.9
194,0.09,-0.18,0.93,22.85,-5.82,4.96
195,0.07,-0.18,0.95,21.02,-2.93,5.63
196,0.07,-0.18,0.95,22.21,-1.87,8.53
197,0.07,-0.16,0.93,21.85,-0.69,11.15
198,0.05,-0.14,0.95,18.83,-2.54,9.54
199,0.06,-0.13,0.93,17.21,-2.22,9.19
200,0.03,-0.11,0.93,15.31,-3.69,7.74
201,0.04,-0.1,0.93,12.84,-1.18,7.81
202,0.02,-0.09,0.94,12.84,2.01,12.93
203,0.0,-0.08,0.95,12.43,5.45,17.94
204,-0.0,-0.08,0.91,13.26,7.44,21.05
205,-0.02,-0.07,0.9,9.31,1.69,19.27
206,0.02,-0.05,0.88,5.26,-3.76,14.24
207,0.06,-0.05,0.89,3.46,-8.47,7.77
208,0.06,-0.06,0.89,0.88,-18.15,-3.63
209,0.04,-0.08,0.94,0.82,-23.79,-11.51
210,0.06,-0.1,0.96,1.21,-25.92,-16.95
211,0.09,-0.1,1.01,1.1,-18.49,-14.4
212,0.1,-0.08,1.03,1.52,-6.57,-6.72
213,0.08,-0.08,1.02,4.74,1.63,-2.47
214,0.05,-0.09,1.0,5.43,7.25,0.65
215,0.01,-0.08,0.97,3.13,9.62,3.29
216,0.02,-0.09,0.94,-0.48,7.89,3.76
217,0.0,-0.1,0.94,-2.77,5.89,2.92
218,0.01,-0.12,0.95,-5.74,4.3,2.31
219,0.02,-0.12,0.98,-8.4,4.06,4.18
220,0.03,-0.12,0.97,-9.89,6.22,5.21
221,0.05,-0.12,0.99,-9.49,8.92,4.53
222,0.07,-0.13,1.01,-8.46,12.73,5.86
223,0.04,-0.14,1.02,-6.29,13.37,4.95
224,0.06,-0.13,1.0,-2.52,13.02,2.15
225,0.07,-0.13,1.0,2.13,11.9,-2.27
226,0.06,-0.15,0.98,5.68,11.69,-6.6
227,0.01,-0.17,0.99,5.01,9.99,-9.11
228,-0.02,-0.19,1.0,5.6,11.15,-7.44
229,-0.06,-0.2,0.99,5.11,11.08,-4.56
230,-0.08,-0.2,0.99,3.4,10.31,-1.79
231,-0.08,-0.19,0.97,1.03,11.2,1.95
232,-0.06,-0.16,0.95,-1.88,11.76,3.29
233,-0.05,-0.16,0.93,-5.3,10.62,1.99
234,-0.05,-0.16,0.94,-5.85,8.66,-0.46
235,-0.07,-0.18,0.96,-4.63,5.44,-2.52
236,-0.06,-0.18,0.99,-3.21,3.6,-1.75
237,-0.04,-0.16,0.98,-2.53,5.49,1.49
238,-0.02,-0.16,0.97,-2.16,8.83,5.15
239,-0.03,-0.15,0.94,-4.28,11.05,7.06
240,-0.07,-0.15,0.96,-8.2,12.19,8.71
241,-0.1,-0.16,0.95,-8.56,9.92,10.18
242,-0.12,-0.13,0.94,-10.55,6.29,11.74
243,-0.11,-0.12,0.92,-12.34,4.58,14.51
244,-0.1,-0.09,0.92,-15.82,-0.13,11.59
245,-0.09,-0.09,0.92,-16.53,-5.96,8.46
246,-0.06,-0.1,0.93,-15.36,-11.63,1.52
247,-0.06,-0.12,0.98,-15.15,-17.0,-5.36
248,-0.02,-0.14,1.0,-14.44,-19.37,-8.86
249,-0.0,-0.16,1.02,-11.6,-19.68,-12.0
250,0.01,-0.19,1.02,-8.67,-18.66,-11.53
251,0.03,-0.2,1.02,-5.87,-14.43,-10.09
252,0.02,-0.21,1.03,-3.92,-13.18,-11.29
253,0.0,-0.23,1.05,-0.44,-12.58,-10.56
254,0.01,-0.24,1.03,3.76,-10.77,-10.07
255,0.02,-0.23,1.0,4.81,-9.72,-9.64
256,0.04,-0.21,0.99,3.8,-8.38,-9.07
257,0.06,-0.2,0.97,2.18,-4.52,-7.56
258,0.03,-0.2,0.96,-0.91,-0.79,-4.37
259,0.01,-0.21,0.95,-3.98,1.89,-0.97
260,-0.01,-0.2,0.94,-7.69,3.63,3.11
261,-0.04,-0.19,0.93,-10.49,4.34,5.38
262,-0.04,-0.18,0.94,-11.31,3.41,7.11
263,-0.04,-0.18,0.94,-12.36,1.81,5.83
264,-0.03,-0.19,0.96,-11.84,-1.36,3.88
265,-0.02,-0.19,0.96,-9.93,-4.76,2.06
266,0.0,-0.19,0.97,-9.79,-7.27,-0.27
267,0.01,-0.18,0.98,-10.18,-8.88,-2.79
268,0.04,-0.18,0.98,-9.91,-8.42,-2.51
269,0.04,-0.16,0.97,-9.4,-5.98,-0.95
270,0.04,-0.16,0.96,-8.94,-4.98,-0.45
271,0.02,-0.17,0.96,-10.56,-4.18,-0.46
272,0.02,-0.18,0.95,-11.12,-4.46,0.53
273,-0.01,-0.2,0.96,-11.6,-7.42,-0.44
274,-0.01,-0.21,0.95,-13.1,-9.89,-1.42
275,-0.01,-0.22,0.98,-16.47,-9.98,0.56
276,-0.01,-0.23,0.98,-17.56,-8.85,3.17
277,0.02,-0.23,0.98,-17.89,-8.69,4.11
278,0.03,-0.23,0.98,-18.11,-9.38,2.04
279,0.06,-0.23,0.97,-16.61,-7.22,1.13
280,0.05,-0.23,0.99,-13.58,-5.25,0.81
281,0.06,-0.23,0.97,-9.34,-3.89,2.11
282,0.05,-0.21,0.96,-8.06,-3.82,-0.02
283,0.04,-0.21,0.94,-7.95,-6.35,-4.11
284,0.05,-0.22,0.94,-9.38,-4.86,-5.37
285,0.03,-0.23,0.96,-11.92,-3.16,-1.55
286,0.02,-0.23,0.96,-12.97,1.24,6.06
287,0.03,-0.22,0.97,-14.32,6.46,13.61
288,0.04,-0.21,0.96,-17.32,11.06,19.18
289,0.03,-0.2,0.95,-18.35,14.3,24.11
290,0.0,-0.19,0.95,-19.82,12.44,23.52
291,-0.01,-0.2,0.95,-20.81,7.86,18.8
292,-0.02,-0.24,0.99,-19.03,2.45,12.53
293,-0.0,-0.25,1.02,-16.89,-0.86,9.29
294,-0.01,-0.27,1.06,-13.84,-4.67,3.61
295,0.0,-0.29,1.09,-8.4,-7.18,-1.8
296,0.03,-0.3,1.1,-2.12,-5.15,-4.11
297,0.02,-0.31,1.11,2.79,-2.97,-5.73
298,0.03,-0.31,1.09,7.42,1.31,-5.95
299,0.02,-0.3,1.05,10.97,6.6,-4.91
300,0.01,-0.28,0.99,13.26,8.75,-4.67
301,-0.02,-0.26,0.93,14.4,8.82,-4.6
302,-0.04,-0.24,0.9,12.93,7.0,-4.5
303,-0.07,-0.22,0.88,9.56,2.83,-6.6
304,-0.08,-0.22,0.86,7.04,-2.94,-8.86
305,-0.08,-0.21,0.85,3.79,-6.76,-9.5
306,-0.05,-0.2,0.84,-1.44,-7.08,-6.79
307,-0.04,-0.2,0.86,-6.27,-7.14,-6.58
308,-0.04,-0.22,0.9,-9.05,-7.95,-4.84
309,-0.03,-0.23,0.93,-11.34,-6.75,-2.11
310,-0.0,-0.23,0.94,-12.95,-4.61,-1.16
311,-0.01,-0.24,0.96,-12.52,-5.74,-3.87
312,0.02,-0.24,0.98,-10.08,-5.25,-3.64
313,0.03,-0.25,0.99,-7.02,-2.31,-1.34
314,0.04,-0.25,0.97,-5.45,-1.84,-4.02
315,0.02,-0.27,0.98,-4.06,-3.61,-8.72
316,0.03,-0.28,0.98,-2.43,-2.34,-7.82
317,0.04,-0.27,0.97,-3.02,0.95,-4.56
318,0.01,-0.26,0.98,-3.76,1.98,-5.29
319,0.0,-0.27,0.98,-3.69,1.73,-3.76
320,0.01,-0.26,0.96,-3.6,2.22,-1.71
321,0.02,-0.25,0.95,-3.98,2.34,-2.9
322,0.01,-0.26,0.95,-3.67,-0.47,-6.43
323,0.0,-0.26,0.95,-2.84,-2.35,-7.41
324,0.01,-0.26,0.96,-1.86,-2.89,-5.84
325,0.02,-0.25,0.95,-1.68,-3.18,-6.69
326,0.01,-0.25,0.96,-1.65,-4.08,-8.63
327,-0.0,-0.27,0.97,-1.06,-4.53,-8.66
328,0.03,-0.26,0.96,-0.84,-2.49,-6.23
329,-0.0,-0.26,0.97,-1.61,-2.66,-6.58
330,-0.01,-0.27,0.97,-1.22,-2.3,-5.84
331,-0.01,-0.27,0.96,-1.24,-0.82,-2.69
332,0.0,-0.26,0.96,-2.18,0.94,0.37
333,-0.0,-0.26,0.95,-3.1,0.35,-0.79
334,-0.01,-0.27,0.95,-1.84,-1.47,-0.76
335,-0.01,-0.27,0.95,-1.48,-2.7,-1.51
336,-0.01,-0.27,0.94,-1.88,-4.64,-2.03
337,-0.0,-0.27,0.95,-2.08,-5.66,-2.45
338,0.02,-0.26,0.94,-2.33,-5.4,-1.35
339,0.02,-0.25,0.95,-3.15,-3.71,0.4
340,0.02,-0.25,0.95,-2.95,-3.4,1.42
341,0.02,-0.26,0.95,-2.32,-3.49,1.44
342,0.03,-0.25,0.96,-2.31,-4.11,0.23
343,0.04,-0.25,0.95,-1.49,-3.85,-0.63
344,0.04,-0.25,0.97,-1.31,-1.94,-1.1
345,0.03,-0.25,0.97,-0.5,-1.69,-0.35
346,0.04,-0.24,0.97,0.08,-1.02,-0.22
347,0.04,-0.24,0.96,0.21,-0.85,-0.53
348,0.05,-0.24,0.96,0.07,-0.01,-1.7
349,0.05,-0.24,0.95,-0.05,2.0,-0.87
350,0.02,-0.26,0.95,-0.4,1.66,-1.3
351,-0.01,-0.27,0.96,0.57,0.6,-1.68
352,-0.02,-0.28,0.97,0.91,-0.46,-1.27
353,-0.03,-0.28,0.95,1.53,-1.51,0.72
354,-0.04,-0.28,0.96,2.27,-2.24,3.44
355,-0.04,-0.28,0.97,3.23,-2.5,5.61
356,-0.03,-0.27,0.96,4.35,-2.78,8.45
357,-0.03,-0.26,0.96,5.8,-2.93,11.34
358,-0.03,-0.25,0.96,6.06,-4.44,11.6
359,-0.01,-0.24,0.96,5.46,-5.34,11.52
360,0.03,-0.23,0.94,2.97,-4.04,9.51
361,0.05,-0.21,0.93,-0.21,-2.76,6.88
362,0.03,-0.22,0.94,-0.85,-3.0,3.83
363,0.02,-0.23,0.94,-1.1,-2.71,2.16
364,0.01,-0.24,0.94,-0.77,-3.49,1.75
365,0.0,-0.24,0.95,0.28,-4.21,1.53
366,0.01,-0.25,0.95,0.04,-3.92,1.74
367,0.02,-0.24,0.96,-1.79,-3.42,1.82
368,0.04,-0.23,0.96,-2.18,-1.47,4.22
369,0.03,-0.23,0.97,-2.35,-1.28,3.29
370,0.03,-0.24,0.97,-2.49,-1.6,2.06
371,0.04,-0.23,0.97,-3.27,-1.34,0.75
372,0.05,-0.23,0.96,-2.97,-1.14,-0.73
373,0.04,-0.24,0.97,-1.97,-2.44,-2.95
374,0.02,-0.25,0.98,-1.63,-3.23,-3.74
375,0.02,-0.26,0.98,-0.44,-3.02,-2.82
376,0.03,-0.25,0.98,-0.92,-3.82,-3.6
377,0.04,-0.23,0.97,-1.67,-2.69,-3.14
378,0.06,-0.23,0.97,-1.69,0.46,-1.98
379,0.02,-0.25,0.97,-0.82,0.63,-3.18
380,0.01,-0.25,0.97,-0.37,-0.28,-3.85
381,0.01,-0.24,0.96,-0.33,-0.01,-4.27
382,0.02,-0.23,0.96,-0.53,0.02,-4.21
383,-0.0,-0.24,0.96,-0.79,0.02,-4.96
384,-0.0,-0.24,0.96,-0.62,0.29,-3.15
385,-0.01,-0.24,0.96,-0.2,0.53,-2.63
386,-0.01,-0.23,0.96,-0.23,-1.15,-2.44
387,-0.0,-0.23,0.95,-0.84,-1.96,-2.43
388,0.0,-0.22,0.94,-1.59,-2.43,-2.56
389,-0.01,-0.24,0.95,-1.95,-3.82,-2.44
390,-0.01,-0.24,0.95,-2.44,-5.48,-3.72
391,0.01,-0.23,0.95,-3.05,-5.03,-3.66
392,0.02,-0.24,0.96,-2.57,-3.53,-2.03
393,0.02,-0.24,0.97,-1.95,-3.67,-1.68
394,0.03,-0.24,0.95,-1.35,-2.5,-0.38
395,0.01,-0.23,0.96,-1.62,-2.83,-1.11
396,0.02,-0.23,0.95,-1.96,-2.12,-0.52
397,0.02,-0.23,0.94,-1.66,-3.0,-0.44
398,0.02,-0.22,0.95,-3.03,-3.07,-1.06
399,0.03,-0.22,0.96,-3.95,-3.56,-1.15
400,0.03,-0.21,0.97,-4.18,-3.62,-0.34
