,accel_x,accel_y,accel_z,gyro_x,gyro_y,gyro_z
0,0.0,-0.29,0.96,-1.57,-6.64,-5.68
1,0.01,-0.29,0.96,-1.89,-5.69,-4.25
2,0.01,-0.28,0.96,-2.11,-4.14,-1.95
3,0.02,-0.28,0.96,-1.44,-1.34,0.18
4,0.02,-0.26,0.95,-1.9,-0.62,1.02
5,0.01,-0.26,0.95,-2.3,-1.15,0.85
6,0.03,-0.24,0.94,-2.27,-1.24,1.18
7,0.03,-0.23,0.93,-3.54,-1.56,-0.24
8,0.03,-0.23,0.94,-2.95,-1.02,-0.74
9,0.02,-0.24,0.93,-3.89,-3.86,-2.56
10,0.04,-0.25,0.95,-4.27,-5.86,-5.6
11,0.05,-0.27,0.97,-3.21,-4.93,-4.66
12,0.04,-0.28,0.98,-2.05,-2.67,-4.82
13,0.03,-0.28,0.98,-1.6,-1.66,-4.68
14,0.03,-0.27,0.97,-0.67,-0.11,-3.56
15,0.03,-0.26,0.97,2.19,-1.28,-3.97
16,0.02,-0.25,0.95,2.11,3.42,-6.1
17,0.01,-0.24,0.96,1.15,0.58,-4.31
18,0.0,-0.27,0.92,1.03,1.03,-4.84
19,0.01,-0.29,0.95,2.05,-2.62,-8.38
20,-0.01,-0.28,0.94,1.22,-4.53,-7.29
21,-0.01,-0.28,0.95,-0.53,-4.32,-6.18
22,-0.0,-0.29,0.95,-1.13,-4.37,-4.9
23,-0.0,-0.29,0.98,-0.62,-4.17,-2.84
24,0.01,-0.3,0.95,-1.14,-0.64,0.05
25,0.02,-0.27,0.98,-1.47,1.08,0.95
26,0.03,-0.26,0.97,0.02,1.47,0.08
27,0.02,-0.24,0.96,0.58,3.56,0.89
28,0.03,-0.23,0.93,0.7,2.08,-0.78
29,0.03,-0.22,0.93,0.17,0.14,-3.79
30,0.04,-0.22,0.94,-0.69,-0.26,-4.1
31,0.02,-0.22,0.92,-2.56,-1.98,-4.07
32,0.01,-0.26,0.92,-4.16,-5.4,-5.43
33,0.01,-0.28,0.94,-4.93,-10.14,-7.66
34,0.03,-0.3,0.98,-3.98,-11.09,-7.06
35,0.02,-0.31,0.99,-3.66,-6.03,-4.42
36,0.01,-0.31,1.0,-2.31,-3.29,-3.34
37,0.02,-0.3,1.0,-1.31,-0.76,-1.5
38,0.02,-0.27,0.99,-0.05,2.12,0.03
39,0.01,-0.26,0.95,0.31,2.26,0.67
40,0.03,-0.25,0.94,-0.33,0.02,-1.15
41,0.04,-0.24,0.93,-1.43,-1.38,-2.71
42,0.04,-0.24,0.94,-2.26,-2.92,-3.81
43,0.04,-0.25,0.94,-3.0,-3.15,-4.05
44,0.04,-0.25,0.94,-3.5,-2.72,-4.94
45,0.04,-0.25,0.94,-3.59,-2.11,-3.66
46,0.03,-0.25,0.94,-4.11,-1.09,-3.37
47,0.02,-0.25,0.92,-5.21,-2.45,-3.95
48,0.03,-0.25,0.92,-6.21,-3.8,-4.05
49,0.03,-0.25,0.92,-8.22,-4.24,-3.85
50,0.02,-0.26,0.93,-9.47,-6.9,-4.52
51,0.02,-0.28,0.94,-9.93,-9.56,-5.83
52,0.02,-0.29,0.95,-9.95,-9.73,-5.44
53,0.01,-0.3,0.97,-9.5,-12.18,-7.61
54,0.02,-0.33,1.01,-6.76,-13.18,-9.11
55,0.02,-0.33,1.05,-2.65,-10.37,-7.98
56,0.03,-0.33,1.03,1.27,-3.56,-4.27
57,0.04,-0.32,1.01,4.03,1.16,-1.6
58,0.03,-0.31,0.98,5.52,1.25,-0.98
59,0.04,-0.29,0.95,5.35,0.7,0.34
60,0.03,-0.27,0.94,5.65,0.6,-0.44
61,0.03,-0.27,0.92,4.37,-2.05,-1.85
62,0.03,-0.25,0.94,3.17,-3.9,-2.2
63,0.03,-0.27,0.94,2.22,-4.71,-2.35
64,0.02,-0.27,0.94,0.93,-6.01,-3.18
65,0.02,-0.28,0.96,1.11,-5.67,-1.26
66,0.03,-0.27,0.97,2.14,-1.37,0.31
67,0.03,-0.25,0.97,2.4,0.52,2.37
68,0.04,-0.25,0.96,3.21,1.85,3.6
69,0.05,-0.23,0.95,3.6,0.42,2.28
70,0.06,-0.22,0.94,3.1,-1.4,0.84
71,0.06,-0.22,0.93,2.51,-1.34,0.05
72,0.04,-0.23,0.94,2.05,-4.11,-1.82
73,0.06,-0.24,0.95,1.32,-4.8,-3.62
74,0.05,-0.25,0.96,1.69,-4.08,-3.01
75,0.05,-0.26,0.96,2.18,-3.87,-3.38
76,0.05,-0.25,0.96,2.31,-3.46,-3.65
77,0.05,-0.24,0.97,2.44,-2.51,-3.45
78,0.05,-0.25,0.97,3.15,0.11,-1.09
79,0.04,-0.24,0.96,2.55,1.11,0.23
80,0.05,-0.23,0.94,1.4,0.95,-0.05
81,0.04,-0.22,0.94,0.89,-0.44,-0.27
82,0.04,-0.22,0.94,0.55,-0.47,-0.28
83,0.04,-0.22,0.93,-0.28,0.18,0.05
84,0.05,-0.21,0.93,-1.24,0.63,0.75
85,0.05,-0.2,0.93,-2.79,1.15,0.94
86,0.05,-0.18,0.94,-3.31,1.15,0.72
87,0.05,-0.18,0.93,-3.71,1.01,0.2
88,0.05,-0.19,0.93,-4.37,-2.95,-4.34
89,0.04,-0.21,0.95,-4.42,-4.37,-5.79
90,0.04,-0.21,0.96,-3.34,-2.24,-4.18
91,0.04,-0.22,0.94,-3.44,-0.76,-3.32
92,0.03,-0.23,0.94,-4.72,-3.15,-6.31
93,0.03,-0.24,0.95,-4.74,-2.89,-5.15
94,0.02,-0.25,0.96,-4.5,-1.53,-3.41
95,0.02,-0.26,0.95,-3.74,-1.27,-1.44
96,0.02,-0.26,0.93,-5.26,-4.12,-3.45
97,0.04,-0.27,0.96,-5.73,-5.79,-4.51
98,0.04,-0.27,0.99,-5.1,-4.58,-3.4
99,0.04,-0.27,0.98,-3.42,-1.24,-0.62
100,0.04,-0.27,0.96,-3.94,-1.59,-1.0
101,0.04,-0.28,0.96,-4.5,-4.92,-2.85
102,0.04,-0.27,0.99,-3.08,-5.34,-2.97
103,0.05,-0.28,1.0,-1.73,-1.87,0.09
104,0.05,-0.27,0.98,-1.99,-1.03,1.01
105,0.04,-0.26,0.97,-2.01,-1.03,0.56
106,0.05,-0.24,0.98,-1.08,-0.5,1.34
107,0.06,-0.23,0.95,-0.9,-0.24,2.26
108,0.07,-0.23,0.95,-1.82,-1.69,0.79
109,0.07,-0.22,0.95,-1.89,-2.15,-0.31
110,0.07,-0.22,0.96,-1.37,-1.38,-0.85
111,0.06,-0.22,0.95,-1.33,-1.09,-2.03
112,0.07,-0.22,0.95,-1.38,-1.35,-3.3
113,0.05,-0.22,0.96,-1.55,-1.95,-3.68
114,0.05,-0.24,0.93,-2.46,-2.06,-4.49
115,0.05,-0.24,0.95,-3.29,-3.49,-5.34
116,0.04,-0.25,0.95,-2.99,-4.05,-5.67
117,0.04,-0.26,0.96,-3.31,-3.91,-4.82
118,0.03,-0.26,0.95,-3.34,-3.83,-4.34
119,0.04,-0.27,0.96,-3.05,-3.02,-2.76
120,0.04,-0.27,0.96,-3.18,-2.84,-1.42
121,0.05,-0.27,0.96,-3.42,-2.27,-0.47
122,0.06,-0.27,0.98,-2.86,-1.43,-0.16
123,0.06,-0.26,0.97,-2.34,-1.33,-1.4
124,0.06,-0.26,0.96,-1.27,-2.62,-2.16
125,0.06,-0.26,0.97,-0.85,-2.93,-3.3
126,0.07,-0.26,0.98,0.16,-0.2,-2.02
127,0.07,-0.26,0.97,0.08,1.09,-1.42
128,0.07,-0.25,0.97,0.55,0.93,-2.27
129,0.06,-0.25,0.95,0.4,0.44,-2.43
130,0.06,-0.23,0.95,0.21,0.92,-3.01
131,0.05,-0.24,0.95,-0.01,-0.27,-3.48
132,0.03,-0.24,0.94,0.23,-0.89,-2.79
133,0.05,-0.24,0.92,-1.62,-1.92,-2.18
134,0.05,-0.25,0.93,-3.16,-2.57,-2.56
135,0.05,-0.25,0.95,-3.21,-3.6,-3.21
136,0.05,-0.26,0.97,-2.4,-3.45,-3.63
137,0.05,-0.25,0.97,-1.82,-3.11,-3.37
138,0.04,-0.27,0.95,-1.55,-2.97,-3.11
139,0.04,-0.26,0.96,-1.57,-3.15,-3.06
140,0.04,-0.26,0.95,-2.18,-3.08,-1.4
141,0.04,-0.26,0.96,-2.92,-1.88,-0.34
142,0.04,-0.26,0.96,-3.1,-2.63,0.08
143,0.05,-0.25,0.96,-3.5,-2.44,0.24
144,0.04,-0.25,0.96,-3.57,-3.4,0.81
145,0.05,-0.25,0.95,-4.05,-2.94,1.86
146,0.05,-0.24,0.95,-4.75,-2.19,2.86
147,0.04,-0.23,0.94,-5.27,-3.53,3.72
148,0.03,-0.23,0.94,-6.24,-7.81,1.51
149,0.04,-0.24,0.95,-7.26,-12.08,-2.67
150,0.04,-0.24,0.95,-7.41,-12.17,-3.74
151,0.06,-0.24,0.95,-7.17,-13.41,-5.27
152,0.05,-0.25,0.95,-7.21,-13.92,-6.26
153,0.05,-0.26,0.97,-6.29,-15.14,-8.44
154,0.07,-0.26,0.98,-5.01,-13.57,-9.67
155,0.06,-0.27,0.97,-4.1,-12.26,-9.82
156,0.07,-0.28,0.98,-2.53,-10.89,-8.76
157,0.07,-0.28,0.96,-1.6,-11.36,-9.39
158,0.08,-0.28,0.98,-0.31,-11.38,-9.53
159,0.08,-0.29,0.97,0.52,-10.22,-8.06
160,0.08,-0.29,0.96,-0.19,-8.31,-7.45
161,0.07,-0.29,0.96,-0.71,-8.5,-8.95
162,0.08,-0.28,0.96,-0.21,-8.58,-6.69
163,0.1,-0.26,1.0,0.01,-10.38,0.18
164,0.09,-0.27,0.98,1.57,-12.23,4.04
165,0.08,-0.3,0.93,1.53,-4.31,1.57
166,0.06,-0.34,0.91,1.67,-4.86,1.95
167,0.1,-0.31,0.98,1.37,-11.92,4.68
168,0.11,-0.29,1.03,4.47,-11.88,7.66
169,0.1,-0.31,1.01,6.22,-6.45,0.34
170,0.1,-0.31,1.03,9.55,-3.75,-1.18
171,0.11,-0.33,1.04,12.08,-7.04,4.24
172,0.1,-0.31,1.04,15.64,-4.24,2.14
173,0.09,-0.37,0.94,23.29,-6.65,-4.51
174,0.07,-0.3,0.98,17.91,-5.17,-0.15
175,0.09,-0.31,0.99,18.85,-4.18,1.85
176,0.1,-0.29,0.99,19.45,-2.02,3.6
177,0.1,-0.28,1.0,19.98,3.48,5.87
178,0.12,-0.26,1.0,22.04,7.19,7.37
179,0.11,-0.25,0.99,23.11,7.73,7.0
180,0.11,-0.23,0.97,24.42,6.84,4.92
181,0.11,-0.22,0.97,26.46,6.02,2.81
182,0.09,-0.21,0.96,27.32,6.03,1.46
183,0.09,-0.19,0.97,28.31,7.44,1.93
184,0.09,-0.17,0.97,28.98,8.89,3.02
185,0.09,-0.15,0.96,27.98,9.94,3.93
186,0.09,-0.13,0.95,27.1,11.54,4.27
187,0.09,-0.11,0.94,25.67,9.55,2.73
188,0.1,-0.11,0.94,24.28,7.5,0.36
189,0.1,-0.1,0.96,23.26,7.43,-0.47
190,0.1,-0.1,0.97,22.51,9.11,0.56
191,0.09,-0.11,0.97,21.97,10.73,1.26
192,0.09,-0.11,0.97,21.55,10.73,1.3
193,0.06,-0.13,0.97,21.5,10.72,0.98
194,0.04,-0.13,0.97,21.54,10.05,1.16
195,0.03,-0.13,0.96,21.68,8.85,1.71
196,0.02,-0.13,0.94,21.01,9.09,3.91
197,-0.01,-0.11,0.93,18.85,8.77,6.73
198,-0.01,-0.11,0.92,16.26,8.43,8.58
199,0.01,-0.09,0.91,13.8,8.69,12.35
200,0.0,-0.07,0.91,9.87,7.93,14.87
201,0.02,-0.04,0.91,5.11,8.66,17.08
202,0.03,-0.03,0.89,1.56,11.12,20.66
203,0.04,-0.0,0.87,-3.85,11.39,21.63
204,0.06,0.03,0.88,-8.59,10.66,21.04
205,0.08,0.05,0.87,-12.31,9.34,19.39
206,0.09,0.08,0.86,-15.34,4.69,15.06
207,0.12,0.12,0.96,-16.45,-4.31,13.76
208,0.12,0.06,0.87,-12.07,4.99,5.69
209,0.05,0.08,0.85,-18.05,2.39,4.69
210,0.09,0.17,0.95,-16.79,9.7,7.15
211,0.14,0.15,0.92,-23.65,14.27,4.64
212,0.1,0.22,0.92,-23.18,19.05,1.34
213,0.07,0.23,0.91,-28.31,14.66,-3.4
214,0.04,0.21,0.86,-34.76,14.12,-10.24
215,0.06,0.21,0.89,-36.98,12.51,-12.26
216,0.04,0.21,0.87,-44.95,19.55,-10.78
217,0.05,0.24,0.88,-54.05,18.8,-8.96
218,0.06,0.28,0.92,-61.27,16.37,-11.16
219,0.03,0.29,0.93,-66.32,11.68,-23.02
220,0.04,0.28,1.0,-73.87,-1.62,-29.51
221,0.06,0.26,1.11,-81.17,-3.15,-31.48
222,0.13,0.23,1.23,-88.34,2.26,-29.98
223,0.15,0.25,1.33,-94.6,6.92,-27.43
224,0.2,0.26,1.43,-100.18,9.49,-27.21
225,0.24,0.21,1.62,-98.42,5.14,-19.32
226,0.21,0.03,1.61,-86.86,30.81,-29.82
227,0.23,0.0,1.88,-70.31,34.45,-28.4
228,0.14,-0.12,1.77,-45.75,52.16,-41.94
229,-0.01,-0.13,1.8,-25.98,59.49,-60.38
230,-0.18,-0.2,1.76,-1.03,56.37,-69.79
231,-0.3,-0.23,1.7,18.98,51.4,-75.81
232,-0.38,-0.27,1.62,28.81,55.64,-74.56
233,-0.48,-0.22,1.53,26.59,68.03,-70.83
234,-0.6,-0.15,1.43,19.49,73.2,-63.75
235,-0.68,-0.06,1.4,12.18,64.75,-56.69
236,-0.69,0.01,1.42,9.15,57.26,-52.15
237,-0.68,0.09,1.47,8.53,60.08,-49.84
238,-0.67,0.19,1.49,9.42,74.66,-45.57
239,-0.74,0.36,1.42,4.05,81.75,-38.28
240,-0.71,0.46,1.37,1.13,85.64,-28.61
241,-0.65,0.46,1.31,8.77,90.06,-21.1
242,-0.58,0.4,1.19,22.72,94.16,-17.6
243,-0.46,0.24,1.0,34.41,101.4,-7.35
244,-0.23,0.09,0.78,43.69,124.31,14.02
245,-0.03,-0.01,0.44,45.51,150.44,28.64
246,0.16,-0.16,0.1,45.47,159.16,36.12
247,0.36,-0.36,-0.28,40.86,157.42,38.81
248,0.47,-0.65,-0.65,23.28,132.21,27.9
249,0.4,-0.89,-1.0,2.31,96.29,4.98
250,0.23,-1.15,-1.29,-39.22,42.64,-13.08
251,0.07,-1.36,-1.38,-94.47,-23.55,-23.62
252,0.07,-1.64,-1.06,-147.74,-46.91,-39.67
253,0.12,-1.76,-0.42,-185.79,-46.65,-36.6
254,0.28,-1.73,0.36,-185.11,-18.3,-12.92
255,0.52,-1.75,1.03,-156.82,-4.79,-11.27
256,0.68,-1.65,1.54,-99.92,-24.66,-44.41
257,0.46,-1.57,1.81,-28.86,-70.37,-89.74
258,0.21,-1.48,1.89,29.56,-99.75,-111.53
259,0.0,-1.32,1.76,86.41,-77.45,-106.32
260,-0.16,-1.14,1.47,108.87,-61.29,-90.09
261,-0.32,-1.02,1.16,115.3,-27.71,-59.24
262,-0.41,-0.88,0.84,96.14,18.37,-17.12
263,-0.37,-0.72,0.7,68.11,56.17,29.3
264,-0.14,-0.54,0.97,32.14,17.16,84.69
265,-0.06,-0.57,0.56,8.15,62.57,79.54
266,-0.03,-0.48,0.6,-18.89,83.81,88.07
267,0.13,-0.46,0.89,-21.63,85.2,89.56
268,0.11,-0.47,0.83,-23.88,94.76,85.08
269,0.05,-0.42,0.83,-17.27,85.21,80.01
270,-0.01,-0.4,0.82,-13.06,62.77,73.93
271,-0.03,-0.34,0.73,-5.18,46.88,69.54
272,-0.06,-0.31,0.64,-8.24,27.66,64.01
273,-0.09,-0.3,0.61,-11.13,-2.6,52.78
274,-0.12,-0.29,0.6,-15.67,-21.71,43.37
275,-0.09,-0.32,0.59,-24.98,-35.77,35.42
276,-0.14,-0.34,0.64,-33.15,-47.15,28.15
277,-0.2,-0.45,0.72,-38.15,-63.73,17.37
278,-0.2,-0.57,0.82,-41.93,-59.31,20.53
279,-0.19,-0.65,0.9,-43.41,-46.21,24.56
280,-0.17,-0.62,1.0,-36.83,-31.22,23.45
281,-0.17,-0.59,0.96,-21.38,-30.5,32.96
282,-0.15,-0.61,0.91,-3.6,-39.12,34.59
283,-0.17,-0.61,0.84,3.93,-51.17,23.34
284,-0.23,-0.61,0.82,17.18,-67.76,20.38
285,-0.27,-0.61,0.79,22.26,-77.54,22.36
286,-0.22,-0.58,0.75,17.04,-59.73,28.82
287,-0.22,-0.55,0.79,11.44,-40.53,39.56
288,-0.22,-0.56,0.81,9.0,-30.63,50.12
289,-0.13,-0.52,0.82,4.75,-10.69,54.39
290,-0.15,-0.46,0.78,3.58,-3.44,57.75
291,-0.19,-0.43,0.72,6.28,-10.27,52.4
292,-0.22,-0.4,0.7,10.13,-22.11,51.54
293,-0.22,-0.38,0.72,10.29,-39.12,42.11
294,-0.16,-0.35,0.75,11.37,-51.11,34.59
295,-0.09,-0.35,0.8,13.15,-58.95,29.65
296,-0.04,-0.32,0.84,11.17,-54.91,23.05
297,-0.06,-0.25,0.89,7.96,-44.24,20.52
298,-0.07,-0.22,0.93,8.15,-36.96,20.51
299,-0.1,-0.22,0.96,12.68,-26.63,23.56
300,-0.12,-0.17,0.9,13.02,-22.69,27.53
301,-0.07,-0.11,0.87,11.08,-23.8,27.66
302,-0.04,-0.08,0.9,7.85,-27.18,18.02
303,-0.06,-0.1,0.94,5.14,-28.15,10.93
304,-0.11,-0.16,1.0,6.47,-25.06,8.92
305,-0.18,-0.21,1.02,9.44,-14.15,13.67
306,-0.21,-0.22,0.97,8.94,-6.05,20.48
307,-0.23,-0.21,0.94,6.95,-4.34,19.53
308,-0.26,-0.17,0.93,3.33,-3.66,19.95
309,-0.22,-0.15,0.94,-2.89,-5.26,21.87
310,-0.14,-0.14,0.97,-7.67,-9.02,21.77
311,-0.08,-0.18,1.01,-11.53,-9.22,18.52
312,-0.04,-0.2,1.07,-12.34,-2.53,17.39
313,-0.02,-0.23,1.1,-10.49,8.87,16.15
314,-0.08,-0.23,1.12,-5.85,20.66,16.52
315,-0.15,-0.21,1.1,1.33,30.57,19.08
316,-0.22,-0.17,1.04,7.11,39.5,24.81
317,-0.26,-0.12,0.97,8.43,38.93,26.72
318,-0.24,-0.09,0.9,6.22,34.36,24.84
319,-0.23,-0.06,0.87,0.25,28.28,18.34
320,-0.24,-0.06,0.89,-0.1,20.69,10.12
321,-0.24,-0.08,0.87,-1.23,10.45,3.56
322,-0.27,-0.12,0.92,-1.66,2.55,-5.65
323,-0.25,-0.14,0.96,-1.62,0.47,-6.97
324,-0.24,-0.15,1.0,-3.55,4.57,-4.38
325,-0.23,-0.17,1.02,-4.61,11.9,-1.08
326,-0.25,-0.2,1.03,-2.94,20.28,2.53
327,-0.32,-0.2,1.0,1.24,26.46,4.6
328,-0.37,-0.18,0.94,4.71,21.36,3.77
329,-0.38,-0.14,0.92,7.05,15.56,-0.02
330,-0.36,-0.13,0.89,8.41,11.21,0.17
331,-0.32,-0.11,0.85,5.95,7.79,0.33
332,-0.29,-0.1,0.85,1.71,5.79,-2.21
333,-0.29,-0.08,0.86,-2.79,3.34,-5.95
334,-0.32,-0.1,0.87,-6.83,-3.3,-8.07
335,-0.32,-0.13,0.91,-10.44,-11.84,-11.19
336,-0.29,-0.19,0.98,-10.04,-14.13,-11.63
337,-0.28,-0.21,1.02,-8.56,-12.23,-11.36
338,-0.27,-0.24,1.04,-2.68,-11.18,-13.44
339,-0.26,-0.25,1.05,3.54,-11.62,-16.6
340,-0.23,-0.26,1.06,10.06,-11.24,-20.37
341,-0.22,-0.24,1.06,17.17,-7.62,-23.09
342,-0.22,-0.24,1.04,21.53,-6.89,-24.7
343,-0.22,-0.2,1.03,25.42,-4.63,-26.03
344,-0.24,-0.2,1.02,28.84,-3.34,-26.49
345,-0.27,-0.2,0.99,30.69,1.29,-27.31
346,-0.29,-0.18,0.97,32.05,5.89,-27.27
347,-0.34,-0.16,0.93,31.68,6.24,-27.84
348,-0.34,-0.12,0.92,28.49,4.27,-28.62
349,-0.34,-0.11,0.91,28.97,2.45,-26.88
350,-0.35,-0.1,0.91,25.67,-0.79,-26.84
351,-0.32,-0.1,0.93,22.47,1.11,-23.72
352,-0.3,-0.09,0.94,21.01,3.73,-20.04
353,-0.28,-0.08,0.94,19.8,7.11,-17.92
354,-0.25,-0.06,0.93,19.5,6.47,-15.61
355,-0.23,-0.04,0.9,17.98,1.07,-20.31
356,-0.24,-0.04,0.93,18.85,-4.46,-24.36
357,-0.26,-0.07,0.92,19.06,-11.28,-27.53
358,-0.27,-0.1,0.94,17.77,-12.5,-28.15
359,-0.29,-0.12,0.97,15.63,-13.07,-25.92
360,-0.29,-0.13,1.0,14.95,-9.29,-20.95
361,-0.29,-0.12,0.99,11.94,-5.36,-15.76
362,-0.31,-0.12,0.99,10.15,-1.14,-10.55
363,-0.3,-0.08,0.97,4.65,2.44,-3.58
364,-0.3,-0.07,0.95,1.31,2.84,-3.14
365,-0.32,-0.05,0.94,-2.63,-2.16,-5.37
366,-0.31,-0.05,0.96,-4.06,-11.66,-5.86
367,-0.29,-0.06,0.96,-4.19,-22.82,-9.17
368,-0.28,-0.08,0.96,-7.1,-35.09,-14.6
369,-0.25,-0.12,1.02,-10.83,-40.12,-14.6
370,-0.22,-0.17,1.08,-11.71,-35.31,-9.77
371,-0.2,-0.19,1.13,-10.63,-25.55,-1.4
372,-0.18,-0.19,1.13,-7.49,-16.89,4.68
373,-0.18,-0.19,1.11,-2.83,-12.45,5.4
374,-0.16,-0.17,1.08,2.88,-9.92,4.27
375,-0.17,-0.15,1.04,9.21,-10.5,1.18
376,-0.19,-0.13,0.99,14.12,-13.92,-1.3
377,-0.19,-0.11,0.95,16.68,-15.73,-2.76
378,-0.19,-0.09,0.91,14.53,-15.34,-3.19
379,-0.2,-0.09,0.89,13.25,-18.05,-2.86
380,-0.2,-0.11,0.91,13.13,-19.54,-2.02
381,-0.2,-0.12,0.92,12.81,-18.1,-0.28
382,-0.19,-0.13,0.92,12.58,-14.59,4.82
383,-0.17,-0.13,0.92,11.03,-11.21,7.23
384,-0.16,-0.12,0.93,11.12,-6.46,9.72
385,-0.16,-0.11,0.93,13.18,-5.03,11.05
386,-0.16,-0.09,0.94,15.26,-3.33,9.49
387,-0.16,-0.07,0.93,16.24,-0.76,9.69
388,-0.16,-0.02,0.91,16.76,-2.04,9.07
389,-0.16,-0.01,0.9,17.55,-7.26,4.41
390,-0.15,0.01,0.9,14.04,-10.66,-1.04
391,-0.17,0.0,0.92,11.6,-12.12,-2.87
392,-0.18,-0.02,0.93,9.47,-11.24,-2.68
393,-0.17,-0.02,0.95,7.58,-10.23,-1.79
394,-0.17,-0.02,0.96,5.59,-11.14,-2.21
395,-0.16,-0.02,0.99,4.37,-9.56,-2.19
396,-0.15,-0.03,0.98,2.18,-6.44,2.79
397,-0.13,-0.04,0.98,3.09,-5.07,1.67
398,-0.13,-0.06,1.01,4.94,-6.02,-2.02
399,-0.12,-0.07,1.01,9.17,-5.72,-2.22
