,accel_x,accel_y,accel_z,gyro_x,gyro_y,gyro_z
0,-0.12,0.04,0.98,-8.76,-4.81,-3.29
1,-0.1,0.04,0.97,-8.3,-4.28,-2.85
2,-0.09,0.04,0.97,-8.06,-1.74,-2.5
3,-0.07,0.05,0.96,-8.61,-1.51,-4.41
4,-0.08,0.05,0.97,-8.6,-1.56,-5.93
5,-0.09,0.05,0.96,-8.06,-1.36,-7.07
6,-0.11,0.05,0.96,-8.79,-1.05,-8.16
7,-0.12,0.05,0.95,-9.67,-0.79,-7.91
8,-0.15,0.04,0.93,-11.02,1.02,-7.5
9,-0.2,0.04,0.95,-13.26,1.97,-5.58
10,-0.2,0.02,0.98,-13.25,4.63,-1.33
11,-0.2,0.01,0.99,-12.08,5.21,0.96
12,-0.18,0.02,1.0,-10.16,3.75,1.24
13,-0.17,0.02,1.0,-8.27,1.32,-0.11
14,-0.16,0.03,0.99,-6.97,-2.12,-1.74
15,-0.17,0.03,0.99,-5.43,-3.73,-1.71
16,-0.14,0.04,0.98,-5.16,-3.38,-1.24
17,-0.14,0.04,0.98,-5.47,-3.63,-1.56
18,-0.12,0.03,0.97,-6.04,-4.09,-2.72
19,-0.12,0.03,0.98,-6.2,-3.85,-2.92
20,-0.13,0.02,1.01,-5.72,-0.85,-1.57
21,-0.13,0.02,1.0,-4.95,0.69,-0.75
22,-0.13,0.03,1.01,-3.82,-0.18,-1.93
23,-0.14,0.03,1.02,-2.63,-1.05,-1.72
24,-0.13,0.03,1.02,-1.64,0.14,-1.29
25,-0.14,0.04,1.0,-1.56,-0.02,-1.95
26,-0.15,0.04,1.01,-1.63,-0.4,-2.29
27,-0.14,0.04,1.02,-1.05,0.64,-1.48
28,-0.15,0.05,1.0,-0.4,1.51,-1.15
29,-0.15,0.05,0.98,-1.13,-0.44,-2.02
30,-0.13,0.05,0.98,-1.69,-2.05,-3.4
31,-0.14,0.05,0.99,-0.51,-2.92,-3.94
32,-0.16,0.05,0.99,0.34,-4.89,-4.59
33,-0.15,0.04,1.0,1.56,-5.62,-4.61
34,-0.12,0.03,0.99,2.95,-5.42,-4.46
35,-0.15,0.04,0.98,3.92,-5.9,-4.9
36,-0.15,0.04,0.97,4.4,-7.3,-3.88
37,-0.14,0.04,0.95,4.66,-5.61,-2.12
38,-0.15,0.05,0.94,2.24,-6.04,-3.11
39,-0.14,0.05,0.93,0.04,-6.16,-2.79
40,-0.13,0.04,0.95,-2.24,-2.58,-1.67
41,-0.12,0.05,0.95,-4.19,1.7,0.08
42,-0.11,0.06,0.95,-5.56,3.66,-0.12
43,-0.11,0.06,0.96,-5.8,2.23,-1.15
44,-0.12,0.05,0.97,-5.43,0.02,-2.26
45,-0.12,0.04,0.99,-4.33,-1.44,-3.48
46,-0.14,0.04,0.99,-3.14,-1.5,-3.39
47,-0.13,0.04,0.99,-2.51,-1.51,-3.5
48,-0.12,0.04,0.98,-2.79,-3.16,-4.18
49,-0.12,0.04,0.98,-3.18,-4.17,-4.32
50,-0.14,0.03,0.99,-2.99,-1.89,-3.83
51,-0.14,0.04,0.99,-2.19,-1.34,-3.02
52,-0.14,0.04,0.98,-1.5,-2.42,-2.64
53,-0.15,0.04,0.97,-1.92,-3.1,-3.83
54,-0.15,0.04,0.98,-2.15,-3.82,-4.31
55,-0.15,0.04,0.98,-1.89,-1.71,-2.73
56,-0.16,0.04,0.97,-2.15,-0.24,-2.21
57,-0.16,0.04,0.98,-2.22,-1.73,-2.13
58,-0.16,0.04,0.98,-1.94,-2.76,-2.88
59,-0.16,0.04,0.98,-0.47,-2.47,-1.27
60,-0.17,0.04,0.96,0.19,-2.05,-0.4
61,-0.15,0.05,0.96,0.39,-3.85,-0.85
62,-0.17,0.04,0.96,0.12,-3.89,0.6
63,-0.17,0.05,0.95,-0.55,-3.5,1.34
64,-0.15,0.05,0.95,-1.53,-5.34,0.66
65,-0.12,0.05,0.97,-1.89,-6.62,-0.17
66,-0.14,0.05,0.97,-1.98,-7.45,-1.37
67,-0.12,0.05,0.98,-1.92,-7.99,-0.85
68,-0.11,0.05,0.96,-2.24,-6.95,-0.43
69,-0.08,0.05,0.97,-2.76,-6.2,0.42
70,-0.1,0.06,0.97,-3.34,-5.6,-0.15
71,-0.08,0.07,0.95,-4.53,-5.05,-0.73
72,-0.08,0.07,0.95,-6.0,-2.79,-1.5
73,-0.1,0.08,0.96,-7.57,-1.22,-1.86
74,-0.09,0.07,0.96,-8.69,-0.31,-1.78
75,-0.06,0.06,0.95,-8.54,2.0,-0.77
76,-0.09,0.06,0.94,-9.92,0.89,-2.95
77,-0.12,0.05,0.95,-10.5,-2.1,-4.34
78,-0.12,0.03,0.97,-11.15,-2.96,-4.76
79,-0.11,0.02,0.97,-11.03,-2.67,-5.11
80,-0.12,0.01,1.0,-9.05,-2.18,-3.28
81,-0.13,0.0,1.01,-7.24,-1.15,-1.63
82,-0.12,-0.0,1.01,-5.31,0.09,-0.89
83,-0.12,0.01,1.0,-3.81,-0.38,-0.72
84,-0.13,0.02,1.01,-2.69,-0.47,-1.21
85,-0.12,0.02,1.0,-0.95,-0.46,-0.73
86,-0.11,0.04,1.0,-0.5,-1.5,-1.37
87,-0.1,0.04,0.99,-0.18,-2.36,-2.15
88,-0.11,0.05,0.98,0.35,-2.2,-2.75
89,-0.1,0.04,0.98,0.14,-2.42,-3.34
90,-0.12,0.05,0.98,0.47,-1.11,-3.08
91,-0.13,0.05,0.97,0.69,-0.49,-2.57
92,-0.12,0.05,0.97,0.88,-1.85,-3.27
93,-0.13,0.06,0.98,0.53,-2.5,-4.27
94,-0.12,0.05,0.98,0.04,-4.05,-5.17
95,-0.14,0.05,0.97,-0.55,-2.68,-3.82
96,-0.15,0.04,0.96,-1.81,-0.89,-2.33
97,-0.13,0.03,0.97,-2.74,-0.47,-1.82
98,-0.14,0.03,0.99,-2.47,0.14,-0.99
99,-0.16,0.03,1.0,-0.75,-0.26,-0.15
100,-0.14,0.04,0.98,-0.13,-1.84,-0.55
101,-0.12,0.04,0.97,-0.02,-2.57,-1.58
102,-0.12,0.05,0.97,-0.72,-3.46,-2.6
103,-0.14,0.06,0.96,-1.3,-4.02,-2.36
104,-0.12,0.06,0.94,-1.71,-2.89,-1.82
105,-0.12,0.06,0.95,-3.17,-3.72,-3.25
106,-0.12,0.05,0.95,-3.25,-4.43,-2.67
107,-0.12,0.06,0.95,-3.71,-4.65,-2.34
108,-0.12,0.05,0.94,-5.08,-6.15,-3.38
109,-0.11,0.04,0.96,-5.61,-6.64,-3.31
110,-0.12,0.03,0.96,-5.83,-6.53,-2.76
111,-0.12,0.03,0.96,-6.88,-6.88,-2.76
112,-0.11,0.03,0.96,-7.52,-7.01,-2.73
113,-0.11,0.03,0.97,-8.1,-5.66,-2.43
114,-0.1,0.02,0.97,-8.55,-5.47,-1.94
115,-0.1,0.01,0.99,-8.08,-4.96,-1.34
116,-0.1,0.01,1.0,-7.66,-4.73,-1.47
117,-0.09,0.02,1.01,-6.31,-4.87,-1.38
118,-0.09,0.02,1.01,-5.64,-4.61,-1.17
119,-0.1,0.02,1.01,-5.02,-4.08,-2.15
120,-0.08,0.01,1.03,-3.39,-1.59,-0.93
121,-0.09,0.02,1.03,-1.86,0.05,-0.23
122,-0.09,0.02,1.02,-0.73,-0.53,-0.76
123,-0.1,0.03,1.01,0.07,-0.73,-1.58
124,-0.11,0.03,1.01,1.56,-0.66,-1.65
125,-0.11,0.03,0.99,2.16,0.03,-1.03
126,-0.12,0.04,0.99,2.29,0.55,-0.82
127,-0.12,0.06,0.98,2.1,0.15,-0.94
128,-0.12,0.07,0.96,1.58,0.64,-0.89
129,-0.11,0.07,0.96,1.53,1.92,0.2
130,-0.1,0.08,0.96,1.34,3.66,1.34
131,-0.09,0.09,0.96,1.72,4.63,1.56
132,-0.11,0.11,0.96,1.85,4.08,0.86
133,-0.11,0.12,0.93,1.61,2.84,0.95
134,-0.09,0.14,0.93,0.82,2.94,0.88
135,-0.08,0.16,0.93,-0.53,3.89,0.95
136,-0.1,0.19,0.94,-1.74,5.86,1.35
137,-0.11,0.23,0.96,-2.9,6.73,0.44
138,-0.12,0.26,1.01,-2.4,6.92,0.65
139,-0.17,0.27,1.06,-0.61,9.94,3.69
140,-0.14,0.34,1.1,2.89,10.65,2.84
141,-0.12,0.38,1.14,10.3,16.69,6.76
142,-0.11,0.43,1.13,11.68,21.11,11.45
143,-0.09,0.5,1.1,17.85,32.48,13.6
144,-0.11,0.55,0.99,14.62,33.09,14.97
145,-0.15,0.6,1.0,12.85,19.83,14.21
146,-0.11,0.65,0.96,11.87,13.92,12.92
147,-0.05,0.71,0.91,6.55,15.89,11.01
148,-0.04,0.74,0.89,-2.07,15.34,5.34
149,-0.04,0.77,0.88,-12.35,16.69,-0.24
150,-0.07,0.78,0.88,-22.88,18.46,-3.02
151,-0.1,0.77,0.91,-33.22,18.01,-7.31
152,-0.14,0.76,0.92,-40.74,18.55,-11.88
153,-0.23,0.72,0.97,-46.02,15.37,-13.35
154,-0.28,0.63,1.1,-43.17,15.11,-10.36
155,-0.32,0.55,1.21,-33.27,20.96,-2.11
156,-0.35,0.5,1.27,-14.93,25.24,4.73
157,-0.41,0.47,1.31,7.26,-2.97,-0.92
158,-0.4,0.46,1.28,31.64,-42.05,-3.7
159,-0.34,0.43,1.18,49.5,-57.5,-0.45
160,-0.2,0.42,1.02,54.19,-47.11,7.55
161,-0.11,0.41,0.87,47.31,-24.15,13.65
162,-0.02,0.4,0.77,34.3,6.22,18.5
163,0.12,0.37,0.67,12.21,45.11,19.52
164,0.19,0.3,0.6,-12.76,87.18,11.84
165,0.12,0.19,0.6,-34.73,104.44,-7.53
166,-0.05,0.06,0.63,-50.62,87.44,-33.31
167,-0.23,-0.12,0.76,-64.28,65.6,-52.83
168,-0.42,-0.31,0.96,-52.01,50.85,-56.23
169,-0.53,-0.42,1.09,-30.56,30.82,-49.18
170,-0.55,-0.49,1.08,-9.02,20.5,-33.88
171,-0.5,-0.49,0.97,-0.29,15.71,-24.61
172,-0.48,-0.47,0.92,0.79,12.11,-16.65
173,-0.37,-0.45,0.9,1.58,19.24,-9.14
174,-0.24,-0.43,0.83,-1.78,17.34,-13.56
175,-0.18,-0.41,0.77,-8.55,9.52,-22.96
176,-0.15,-0.43,0.73,-19.12,13.08,-29.86
177,-0.11,-0.47,0.73,-31.32,24.89,-34.69
178,-0.09,-0.53,0.85,-29.89,36.05,-39.09
179,-0.12,-0.55,0.91,-40.83,39.0,-45.14
180,-0.16,-0.56,0.9,-24.92,45.19,-47.99
181,-0.27,-0.58,0.94,-25.45,42.44,-42.73
182,-0.29,-0.59,0.95,-15.27,33.78,-35.02
183,-0.25,-0.61,1.0,-9.76,24.74,-34.83
184,-0.28,-0.58,0.96,-10.44,25.05,-29.48
185,-0.28,-0.55,0.96,-1.42,20.3,-23.86
186,-0.23,-0.54,0.86,-0.77,-1.09,-26.56
187,-0.23,-0.49,0.81,1.73,-17.46,-32.77
188,-0.26,-0.43,0.8,-2.03,-37.37,-38.75
189,-0.29,-0.41,0.85,-2.36,-51.82,-38.7
190,-0.3,-0.36,0.86,-3.19,-61.64,-35.97
191,-0.22,-0.34,0.89,-10.1,-69.04,-38.1
192,-0.11,-0.34,0.96,-13.79,-65.82,-37.69
193,0.0,-0.31,1.03,-15.46,-35.66,-33.64
194,0.03,-0.28,1.04,-15.29,-9.48,-38.63
195,-0.05,-0.23,1.06,-14.62,16.76,-41.44
196,-0.16,-0.23,1.05,-14.15,40.08,-37.03
197,-0.27,-0.23,1.06,-14.53,46.76,-32.64
198,-0.33,-0.27,1.08,-8.43,48.97,-24.8
199,-0.42,-0.26,1.06,-0.91,42.31,-14.41
200,-0.41,-0.26,1.0,7.06,27.05,-5.23
201,-0.37,-0.24,0.94,12.13,5.02,-3.07
202,-0.31,-0.2,0.88,12.79,-11.24,-4.39
203,-0.28,-0.17,0.86,14.18,-15.62,-0.69
204,-0.28,-0.1,0.8,12.57,-18.56,2.43
205,-0.27,-0.06,0.76,4.71,-27.8,2.32
206,-0.25,-0.08,0.78,-1.28,-31.54,3.94
207,-0.25,-0.09,0.83,-5.74,-33.52,8.92
208,-0.2,-0.11,0.87,-9.22,-30.47,11.96
209,-0.15,-0.12,0.9,-10.35,-29.78,11.38
210,-0.14,-0.12,0.94,-9.8,-29.82,8.78
211,-0.14,-0.13,0.97,-7.27,-28.78,9.99
212,-0.13,-0.12,0.98,-6.78,-32.18,8.63
213,-0.12,-0.13,1.0,-5.94,-33.97,8.07
214,-0.1,-0.14,1.03,-3.69,-31.72,9.32
215,-0.07,-0.14,1.02,-2.45,-24.24,10.49
216,-0.04,-0.14,0.98,-2.6,-15.27,11.02
217,-0.03,-0.14,0.93,-6.0,-5.05,9.37
218,-0.06,-0.15,0.89,-11.25,6.23,8.76
219,-0.07,-0.14,0.86,-16.87,22.79,12.05
220,-0.08,-0.12,0.8,-25.53,36.24,13.66
221,-0.09,-0.08,0.74,-36.05,38.69,11.78
222,-0.05,-0.1,0.75,-47.51,38.78,6.39
223,-0.04,-0.12,0.79,-57.11,35.65,-1.39
224,-0.06,-0.18,0.89,-58.11,29.42,-9.98
225,-0.16,-0.23,0.97,-53.39,23.41,-10.37
226,-0.24,-0.27,1.01,-46.35,24.86,-6.02
227,-0.27,-0.29,1.06,-37.59,23.32,-0.56
228,-0.33,-0.26,1.07,-28.66,13.55,4.09
229,-0.35,-0.25,1.03,-23.19,-6.01,3.53
230,-0.31,-0.26,0.99,-18.79,-18.69,0.64
231,-0.3,-0.28,1.04,-15.85,-17.57,0.38
232,-0.29,-0.29,1.07,-9.83,-17.18,3.99
233,-0.24,-0.3,1.07,-3.49,-21.62,4.63
234,-0.19,-0.3,1.03,-0.6,-18.08,3.85
235,-0.19,-0.28,1.04,4.0,-6.89,7.26
236,-0.22,-0.24,1.03,7.85,5.27,14.31
237,-0.24,-0.21,0.98,10.57,11.23,18.48
238,-0.21,-0.21,0.91,9.59,13.25,17.09
239,-0.2,-0.21,0.94,8.55,16.97,13.7
240,-0.24,-0.2,0.96,12.27,21.55,15.53
241,-0.3,-0.18,0.94,17.16,22.31,17.89
242,-0.34,-0.15,0.87,16.83,13.2,16.11
243,-0.35,-0.12,0.88,15.36,5.0,15.86
244,-0.35,-0.13,0.87,8.85,-5.5,14.22
245,-0.33,-0.16,0.87,4.82,-11.25,13.45
246,-0.28,-0.18,0.95,5.04,-6.08,20.09
247,-0.26,-0.19,0.99,7.92,0.42,22.48
248,-0.21,-0.18,0.98,13.25,3.23,20.73
249,-0.26,-0.15,0.96,15.78,3.92,19.83
250,-0.3,-0.12,0.92,20.21,4.13,22.15
251,-0.36,-0.08,0.91,23.44,-1.52,25.25
252,-0.37,-0.06,0.86,18.66,-8.31,25.11
253,-0.35,-0.05,0.85,14.77,-16.65,23.55
254,-0.28,-0.1,0.85,11.01,-22.6,21.65
255,-0.28,-0.11,0.86,6.76,-24.83,17.74
256,-0.25,-0.12,0.92,5.67,-20.38,17.74
257,-0.21,-0.12,0.94,4.76,-13.16,17.44
258,-0.23,-0.15,0.96,8.15,-6.6,15.67
259,-0.3,-0.15,0.97,17.58,-0.89,21.5
260,-0.34,-0.09,0.92,21.93,1.92,25.08
261,-0.37,-0.04,0.82,23.05,-5.5,24.87
262,-0.37,0.02,0.77,19.23,-18.78,24.15
263,-0.32,0.06,0.79,10.82,-31.47,20.54
264,-0.23,0.06,0.86,3.98,-39.13,13.84
265,-0.15,0.03,0.92,-0.37,-30.6,9.02
266,-0.13,0.0,0.97,-2.67,-23.46,9.34
267,-0.14,-0.01,1.02,-1.21,-14.02,12.77
268,-0.11,-0.04,1.03,0.33,-0.08,15.92
269,-0.13,-0.04,1.03,1.25,8.89,15.64
270,-0.18,-0.03,1.04,5.08,11.89,15.93
271,-0.19,-0.02,1.04,9.44,10.61,15.53
272,-0.21,0.01,1.02,15.42,6.58,13.44
273,-0.24,0.03,0.97,18.47,-4.11,9.42
274,-0.22,0.03,0.94,19.2,-7.91,8.24
275,-0.21,0.04,0.92,18.46,-7.2,5.34
276,-0.24,0.05,0.88,16.63,-5.87,4.65
277,-0.24,0.07,0.86,12.51,-2.58,6.39
278,-0.25,0.07,0.86,6.79,1.76,7.87
279,-0.22,0.09,0.89,6.73,2.33,8.63
280,-0.24,0.11,0.89,2.98,-0.19,4.27
281,-0.23,0.1,0.89,1.92,-1.43,4.07
282,-0.25,0.1,0.9,0.34,-5.33,1.77
283,-0.29,0.09,0.94,-0.11,-13.01,0.86
284,-0.27,0.08,0.98,2.77,-14.67,2.76
285,-0.23,0.07,0.98,4.21,-13.24,1.24
286,-0.26,0.06,1.0,5.95,-13.43,0.4
287,-0.25,0.07,0.97,4.58,-11.39,1.6
288,-0.25,0.08,0.97,3.52,-9.54,0.92
289,-0.27,0.09,0.98,1.29,-8.4,0.26
290,-0.3,0.09,1.0,2.71,-6.11,2.65
291,-0.28,0.09,1.0,6.09,-3.65,5.89
292,-0.27,0.09,0.98,7.24,-5.18,4.15
293,-0.27,0.09,0.97,7.72,-10.93,1.29
294,-0.26,0.09,0.97,8.8,-13.27,0.41
295,-0.28,0.09,1.0,6.34,-16.1,-2.04
296,-0.26,0.09,1.04,7.6,-14.9,0.62
297,-0.21,0.09,1.06,10.86,-9.99,3.67
298,-0.18,0.1,1.05,15.54,-6.68,5.11
299,-0.17,0.11,1.01,17.25,-5.2,4.01
300,-0.17,0.11,0.98,17.28,-5.51,2.17
301,-0.16,0.14,0.95,17.85,-2.09,0.89
302,-0.21,0.16,0.89,16.09,-2.89,0.79
303,-0.25,0.18,0.88,12.55,-6.53,0.45
304,-0.2,0.2,0.88,8.27,-9.25,-0.21
305,-0.16,0.2,0.9,4.64,-10.63,-1.56
306,-0.13,0.2,0.92,2.24,-9.45,-4.51
307,-0.13,0.18,0.93,0.95,-9.01,-7.03
308,-0.15,0.16,0.96,0.53,-9.83,-10.4
309,-0.19,0.15,0.97,2.24,-9.14,-8.42
310,-0.22,0.16,0.95,6.4,-8.56,-6.05
311,-0.22,0.15,0.93,5.83,-10.67,-6.6
312,-0.19,0.15,0.93,4.53,-13.02,-3.69
313,-0.18,0.15,0.91,4.79,-9.27,-3.44
314,-0.19,0.14,0.93,1.91,-10.07,-5.54
315,-0.19,0.14,0.94,0.44,-9.63,-6.84
316,-0.19,0.13,0.95,-2.53,-9.13,-8.92
317,-0.18,0.13,0.96,-3.3,-9.31,-10.34
318,-0.18,0.14,0.96,-4.47,-8.2,-11.37
319,-0.2,0.13,0.97,-7.28,-10.4,-13.08
320,-0.23,0.11,1.01,-5.29,-6.88,-8.4
321,-0.22,0.09,1.02,-2.19,2.01,-2.09
322,-0.22,0.08,1.01,2.05,8.99,4.82
323,-0.21,0.11,0.98,4.09,13.66,6.85
324,-0.2,0.13,0.93,4.56,10.12,4.15
325,-0.16,0.15,0.92,3.25,-0.47,-2.13
326,-0.16,0.15,0.93,1.33,-5.89,-6.14
327,-0.15,0.14,0.92,0.25,-0.82,-5.7
328,-0.18,0.15,0.91,-2.74,0.9,-6.63
329,-0.2,0.15,0.92,-7.02,-2.64,-8.97
330,-0.19,0.13,0.95,-8.41,0.22,-7.45
331,-0.22,0.11,0.99,-7.98,2.24,-6.63
332,-0.2,0.1,1.02,-4.83,0.79,-4.71
333,-0.18,0.1,1.02,-0.73,3.35,-2.22
334,-0.2,0.11,1.02,2.28,3.82,-1.4
335,-0.21,0.13,1.01,4.44,0.01,-2.46
336,-0.2,0.14,0.99,6.08,-1.03,-2.92
337,-0.2,0.16,0.99,7.65,-6.56,-5.03
338,-0.21,0.17,0.99,10.31,-12.43,-6.37
339,-0.19,0.19,0.97,12.82,-15.65,-7.29
340,-0.19,0.21,0.96,13.05,-17.53,-8.59
341,-0.18,0.21,0.94,14.04,-15.49,-6.38
342,-0.17,0.22,0.92,13.88,-8.26,-2.23
343,-0.16,0.22,0.88,11.74,-0.68,0.47
344,-0.18,0.23,0.85,6.79,-2.92,-1.09
345,-0.15,0.21,0.86,1.67,-5.4,-3.03
346,-0.16,0.19,0.87,-3.43,-4.77,-4.37
347,-0.19,0.16,0.9,-6.82,-4.31,-4.76
348,-0.17,0.14,0.92,-10.37,-2.96,-2.85
349,-0.18,0.11,0.94,-12.5,-1.87,-2.64
350,-0.16,0.08,0.97,-12.66,-1.96,-2.59
351,-0.16,0.07,0.98,-10.61,-2.42,-2.85
352,-0.15,0.06,0.97,-11.03,-5.82,-5.02
353,-0.14,0.05,0.99,-9.53,-7.76,-6.34
354,-0.15,0.04,1.0,-9.28,-5.34,-5.76
355,-0.16,0.04,1.01,-7.5,-1.24,-3.47
356,-0.14,0.04,1.0,-5.82,2.37,-1.19
357,-0.15,0.05,0.99,-5.02,4.98,-0.82
358,-0.14,0.06,0.98,-4.86,6.36,-1.4
359,-0.15,0.06,0.96,-4.37,4.15,-3.19
360,-0.11,0.07,0.96,-4.47,3.82,-4.57
361,-0.12,0.07,0.95,-5.81,4.21,-7.04
362,-0.16,0.08,0.97,-6.42,5.39,-6.01
363,-0.16,0.09,0.97,-6.82,9.21,-3.53
364,-0.16,0.11,0.99,-6.08,10.28,-2.63
365,-0.18,0.12,1.01,-5.26,11.57,-2.08
366,-0.16,0.13,0.99,-1.42,13.68,-1.06
367,-0.17,0.14,0.99,1.89,11.63,-2.82
368,-0.18,0.15,0.97,5.61,10.7,-3.17
369,-0.17,0.15,0.94,8.14,7.43,-5.33
370,-0.18,0.17,0.92,7.76,0.39,-10.18
371,-0.17,0.16,0.9,6.27,-5.18,-14.04
372,-0.17,0.15,0.89,3.53,-8.47,-16.73
373,-0.2,0.14,0.91,0.11,-12.61,-19.69
374,-0.19,0.13,0.92,-2.69,-11.56,-18.16
375,-0.21,0.1,0.93,-4.95,-8.37,-14.95
376,-0.2,0.09,0.93,-7.22,-3.55,-11.03
377,-0.21,0.07,0.95,-8.24,4.94,-6.08
378,-0.19,0.06,0.96,-7.87,10.67,-2.55
379,-0.2,0.07,0.96,-8.14,9.4,-2.92
380,-0.19,0.07,0.96,-7.82,6.37,-4.9
381,-0.18,0.08,0.95,-7.53,3.83,-7.24
382,-0.18,0.07,0.95,-7.6,0.71,-7.58
383,-0.19,0.07,0.94,-6.47,2.3,-5.47
384,-0.19,0.07,0.94,-7.92,1.99,-5.76
385,-0.18,0.07,0.97,-8.47,2.02,-4.27
386,-0.19,0.07,0.97,-7.66,4.04,-2.21
387,-0.2,0.07,0.96,-5.94,3.9,-0.92
388,-0.19,0.08,0.95,-4.05,3.69,-1.07
389,-0.19,0.09,0.95,-2.41,3.11,-1.79
390,-0.2,0.09,0.93,-1.67,0.63,-2.71
391,-0.2,0.09,0.92,-1.96,-0.92,-2.62
392,-0.21,0.09,0.91,-2.73,-1.99,-3.53
393,-0.2,0.09,0.91,-4.81,-3.28,-4.29
394,-0.21,0.07,0.93,-7.62,-5.02,-5.95
395,-0.22,0.06,0.94,-9.79,-4.56,-6.49
396,-0.24,0.04,0.96,-9.22,-2.54,-2.95
397,-0.24,0.04,0.99,-8.95,0.24,-1.49
398,-0.23,0.02,1.01,-6.02,-0.53,-0.69
399,-0.22,0.02,0.98,-1.6,-2.08,0.4
400,-0.22,0.02,1.0,2.53,3.15,3.18
