,accel_x,accel_y,accel_z,gyro_x,gyro_y,gyro_z
0,0.08,-0.24,1.0,-1.63,-0.13,0.79
1,0.08,-0.24,1.0,-0.62,-0.33,0.48
2,0.08,-0.23,0.99,0.57,1.24,0.79
3,0.09,-0.23,0.98,0.6,2.71,1.28
4,0.06,-0.24,0.98,-0.69,2.14,0.82
5,0.08,-0.23,0.97,0.36,3.42,2.97
6,0.07,-0.22,0.97,0.41,4.54,3.76
7,0.07,-0.22,0.96,-0.65,2.5,1.4
8,0.08,-0.21,0.96,-0.54,1.56,-0.21
9,0.06,-0.21,0.96,0.37,1.26,-0.21
10,0.06,-0.21,0.96,-0.68,0.9,-0.58
11,0.06,-0.2,0.95,-1.65,0.35,-1.15
12,0.06,-0.2,0.95,-1.86,0.61,-1.14
13,0.07,-0.2,0.95,-1.72,-0.13,-0.77
14,0.07,-0.21,0.95,-1.73,-0.21,-0.84
15,0.06,-0.22,0.95,-1.66,-0.13,-2.11
16,0.05,-0.23,0.97,-0.73,-0.89,-1.73
17,0.06,-0.22,0.97,-0.72,-1.44,-2.23
18,0.06,-0.23,0.97,-0.83,-0.62,-2.26
19,0.05,-0.23,0.97,-0.9,0.19,-1.11
20,0.05,-0.24,0.98,-0.5,0.47,-0.44
21,0.05,-0.24,0.97,-0.96,0.2,0.57
22,0.05,-0.22,0.96,-1.47,-0.73,0.86
23,0.06,-0.2,0.96,-2.57,-0.29,1.64
24,0.07,-0.19,0.95,-2.59,0.17,2.24
25,0.07,-0.19,0.95,-2.8,0.49,1.98
26,0.07,-0.19,0.96,-2.78,-0.76,-0.42
27,0.07,-0.19,0.96,-2.13,-1.18,-0.99
28,0.07,-0.19,0.96,-1.56,-1.59,-2.23
29,0.04,-0.2,0.95,-2.5,-3.73,-4.8
30,0.06,-0.2,0.96,-3.54,-3.71,-4.47
31,0.07,-0.21,0.94,-3.34,-0.89,-0.9
32,0.06,-0.21,0.95,-4.44,-1.44,-2.77
33,0.05,-0.22,0.96,-5.72,-1.82,-3.92
34,0.05,-0.24,0.98,-3.84,-0.51,-0.66
35,0.05,-0.24,0.99,-2.5,1.63,1.63
36,0.05,-0.24,0.98,-3.15,1.72,1.53
37,0.07,-0.25,0.99,-2.99,8.44,3.84
38,0.06,-0.25,0.98,-1.23,6.9,6.18
39,0.06,-0.23,0.98,-2.4,4.46,4.41
40,0.06,-0.23,0.97,-2.91,4.13,2.18
41,0.05,-0.23,0.97,-3.15,2.61,0.81
42,0.07,-0.23,0.97,-2.51,1.63,1.95
43,0.08,-0.21,0.97,-3.73,3.3,3.37
44,0.08,-0.21,0.97,-4.11,3.22,3.0
45,0.07,-0.21,0.97,-2.5,2.89,2.2
46,0.07,-0.22,0.96,-1.83,1.44,0.47
47,0.08,-0.2,0.96,-2.18,-0.17,0.66
48,0.06,-0.2,0.96,-2.24,-0.17,-0.59
49,0.06,-0.21,0.97,-1.86,-2.31,-2.08
50,0.07,-0.22,0.97,-0.84,-2.57,-2.35
51,0.05,-0.22,0.98,-1.23,-1.9,-3.41
52,0.05,-0.22,0.98,-0.5,-2.76,-3.98
53,0.05,-0.23,0.97,0.1,-2.27,-4.78
54,0.06,-0.22,0.97,0.94,-3.15,-4.05
55,0.06,-0.21,0.98,0.35,-2.63,-3.94
56,0.05,-0.21,0.97,0.07,-1.94,-2.7
57,0.06,-0.21,0.95,-0.1,-1.17,-0.69
58,0.06,-0.2,0.96,-1.38,-0.18,-1.33
59,0.05,-0.2,0.97,-1.32,-0.46,-1.98
60,0.06,-0.19,0.96,-0.79,-2.06,-2.18
61,0.06,-0.18,0.95,-1.15,-1.51,-2.64
62,0.07,-0.2,0.94,-1.61,-1.05,-3.05
63,0.04,-0.2,0.95,-1.4,-2.71,-3.41
64,0.04,-0.21,0.96,-1.02,-2.9,-4.27
65,0.05,-0.21,0.96,-1.03,-2.01,-4.83
66,0.04,-0.22,0.97,-1.31,-2.11,-5.03
67,0.05,-0.23,0.97,-0.76,-1.79,-2.74
68,0.04,-0.23,0.96,-1.14,-0.14,-1.27
69,0.03,-0.22,0.96,-1.71,-0.75,-2.03
70,0.04,-0.23,0.97,-1.56,-1.89,-2.02
71,0.04,-0.22,0.96,-1.56,-1.77,-1.03
72,0.05,-0.22,0.97,-1.56,-1.89,-1.38
73,0.04,-0.22,0.97,-1.57,-3.5,-2.44
74,0.04,-0.23,0.97,-1.19,-3.74,-2.21
75,0.05,-0.22,0.98,-0.56,-3.08,-1.47
76,0.04,-0.22,0.98,-0.26,-3.85,-1.71
77,0.04,-0.23,0.97,0.37,-4.79,-2.98
78,0.04,-0.22,0.98,1.89,-5.29,-4.12
79,0.04,-0.22,0.97,4.18,-7.44,-7.09
80,0.02,-0.22,0.98,5.73,-11.49,-11.92
81,0.0,-0.21,1.0,6.72,-13.6,-15.44
82,-0.0,-0.2,0.99,7.4,-12.45,-16.34
83,-0.03,-0.2,1.0,7.56,-9.89,-12.97
84,-0.05,-0.19,1.02,6.89,-7.05,-7.83
85,-0.08,-0.19,1.02,4.95,-4.58,-1.94
86,-0.08,-0.19,1.02,3.01,-2.59,5.87
87,-0.09,-0.17,1.04,1.12,-0.12,12.35
88,-0.08,-0.15,1.03,-2.18,3.2,17.91
89,-0.07,-0.11,1.04,-7.45,4.69,20.97
90,-0.05,-0.08,1.08,-8.53,5.19,23.92
91,-0.02,-0.04,1.12,-9.73,5.54,21.06
92,0.04,0.03,1.13,-11.62,9.91,18.21
93,0.05,0.1,1.14,-12.6,8.56,7.78
94,0.07,0.17,1.15,-11.02,5.35,-5.54
95,0.08,0.28,1.19,-4.59,-0.92,-16.65
96,0.11,0.41,1.19,4.31,-6.34,-25.31
97,0.17,0.57,1.16,11.5,-8.53,-32.83
98,0.19,0.7,1.12,13.24,-9.15,-41.56
99,0.24,0.82,1.08,6.66,-4.89,-42.79
100,0.27,0.91,1.05,-6.87,4.41,-45.18
101,0.26,0.97,1.04,-22.05,17.95,-45.21
102,0.28,0.99,1.01,-28.14,24.45,-47.19
103,0.24,0.99,0.99,-34.5,22.1,-60.12
104,0.21,1.01,0.97,-38.44,14.53,-74.66
105,0.21,1.03,0.94,-46.02,5.73,-87.58
106,0.24,1.11,0.9,-60.91,-2.24,-101.46
107,0.34,1.25,0.84,-82.07,-6.47,-109.03
108,0.34,1.39,0.76,-108.53,-13.9,-119.35
109,0.38,1.49,0.73,-135.2,-17.43,-126.71
110,0.45,1.55,0.71,-161.92,-10.57,-128.27
111,0.49,1.52,0.62,-193.11,-3.22,-132.88
112,0.43,1.4,0.68,-215.43,14.7,-134.02
113,0.41,1.13,0.63,-218.16,31.54,-132.85
114,0.45,0.72,0.54,-183.89,46.07,-118.6
115,0.48,-0.06,0.43,-106.14,59.54,-91.63
116,0.52,-1.05,0.19,9.14,52.91,-29.79
117,0.67,-2.0,-0.41,139.68,26.11,61.33
118,0.88,-2.0,-1.51,250.13,31.12,194.26
119,1.49,-2.0,-2.0,250.13,10.93,250.13
120,2.0,-2.0,-2.0,-70.96,-47.25,181.79
121,2.0,-2.0,-1.69,-250.14,-154.89,-116.3
122,0.19,-2.0,1.99,-250.14,-223.76,-250.14
123,-2.0,-2.0,2.0,-250.14,-250.14,-250.14
124,-2.0,-2.0,2.0,-119.76,-250.14,-250.14
125,-1.43,-2.0,2.0,250.13,-118.57,94.39
126,0.29,-2.0,2.0,250.13,75.96,161.69
127,1.39,-0.98,-1.44,250.13,250.13,111.54
128,-0.43,0.87,-2.0,250.13,184.41,102.72
129,-0.57,1.26,-2.0,161.2,-46.52,87.18
130,0.59,1.26,-1.76,90.4,-99.86,97.24
131,1.48,1.21,-1.3,12.76,-146.3,46.21
132,1.83,0.8,-0.61,-71.46,-105.56,-0.7
133,1.57,-0.08,0.23,-140.09,16.21,-13.24
134,0.74,-0.71,1.02,-121.76,88.34,-2.91
135,0.3,-0.9,1.39,-45.31,49.39,3.9
136,0.31,-0.71,1.24,20.24,-5.96,-8.21
137,0.45,-0.44,0.92,43.92,-19.6,-18.82
138,0.47,-0.26,0.74,31.36,-5.05,-18.16
139,0.39,-0.25,0.72,7.3,26.21,-3.27
140,0.28,-0.32,0.74,-13.54,53.76,11.31
141,0.21,-0.38,0.8,-25.95,71.81,20.51
142,0.16,-0.46,0.85,-31.25,89.96,27.66
143,0.09,-0.55,0.92,-33.61,98.65,31.08
144,0.03,-0.62,0.97,-30.47,97.11,30.92
145,-0.04,-0.65,0.95,-22.73,88.57,30.22
146,-0.08,-0.67,0.91,-14.98,79.05,30.07
147,-0.09,-0.68,0.87,-10.52,71.17,32.62
148,-0.05,-0.69,0.82,-8.61,62.35,33.8
149,-0.02,-0.68,0.79,-9.56,56.02,38.44
150,-0.03,-0.66,0.76,-14.01,45.8,39.78
151,-0.02,-0.64,0.74,-22.23,32.0,39.35
152,-0.01,-0.61,0.75,-28.0,15.47,35.37
153,-0.03,-0.66,0.82,-22.31,-10.62,28.35
154,-0.0,-0.71,0.9,-9.27,-37.55,27.52
155,0.09,-0.72,0.96,8.89,-54.94,24.54
156,0.18,-0.68,0.97,24.81,-61.5,28.27
157,0.29,-0.6,0.93,32.39,-59.01,30.13
158,0.37,-0.5,0.87,30.83,-50.41,35.2
159,0.39,-0.4,0.82,18.71,-36.67,36.15
160,0.35,-0.36,0.78,6.42,-25.34,34.29
161,0.3,-0.33,0.77,-2.56,-23.4,29.01
162,0.24,-0.3,0.78,-5.42,-27.09,26.08
163,0.23,-0.29,0.83,-5.55,-33.17,22.61
164,0.26,-0.3,0.91,-1.03,-32.69,20.13
165,0.28,-0.31,0.96,6.85,-26.3,19.43
166,0.3,-0.31,0.99,11.99,-19.79,19.71
167,0.35,-0.33,1.02,17.37,-10.82,20.47
168,0.35,-0.37,1.05,22.23,3.11,20.39
169,0.31,-0.37,1.04,26.4,13.69,21.03
170,0.27,-0.36,1.0,27.95,22.34,21.33
171,0.23,-0.33,0.96,26.37,29.19,20.34
172,0.14,-0.31,0.92,27.0,29.91,21.98
173,0.08,-0.32,0.89,28.76,26.44,24.8
174,0.05,-0.29,0.86,25.76,18.88,24.79
175,0.06,-0.29,0.82,21.76,9.98,23.12
176,0.07,-0.32,0.84,17.63,3.18,21.82
177,0.05,-0.33,0.9,17.03,-5.78,19.02
178,0.11,-0.32,0.92,17.36,-9.17,19.97
179,0.15,-0.28,0.95,16.34,-2.79,21.22
180,0.15,-0.3,0.98,17.47,1.89,20.24
181,0.15,-0.32,1.0,19.89,6.01,20.67
182,0.1,-0.34,0.99,25.34,5.76,21.17
183,0.07,-0.36,0.99,34.53,-4.31,14.95
184,0.04,-0.34,0.98,41.1,-17.01,8.24
185,0.06,-0.3,0.94,43.85,-25.21,6.22
186,0.09,-0.28,0.95,41.89,-30.27,4.34
187,0.13,-0.24,0.96,36.12,-26.72,8.62
188,0.19,-0.19,0.95,28.18,-16.82,14.28
189,0.21,-0.17,0.92,19.56,-8.9,14.5
190,0.21,-0.15,0.93,10.56,-4.05,12.04
191,0.17,-0.18,0.96,8.02,1.4,10.67
192,0.13,-0.2,0.98,9.37,2.37,8.95
193,0.11,-0.21,0.97,12.64,-0.53,8.21
194,0.11,-0.21,0.98,17.76,-5.74,5.98
195,0.15,-0.2,0.97,21.67,-11.09,4.53
196,0.15,-0.21,0.98,23.81,-19.7,4.6
197,0.17,-0.19,0.99,26.53,-24.85,2.21
198,0.21,-0.19,0.97,26.35,-21.34,3.97
199,0.24,-0.19,0.97,22.39,-14.35,3.91
200,0.26,-0.16,0.99,17.92,-4.47,4.03
201,0.24,-0.15,1.02,16.2,6.62,5.36
202,0.2,-0.16,1.0,19.03,14.59,6.89
203,0.13,-0.17,0.96,22.24,14.34,6.29
204,0.07,-0.15,0.94,22.98,8.89,2.28
205,0.09,-0.13,0.9,23.04,5.24,1.72
206,0.09,-0.12,0.9,21.19,2.6,2.07
207,0.1,-0.1,0.89,15.63,-0.78,-0.2
208,0.16,-0.08,0.89,7.62,-1.98,-3.82
209,0.17,-0.09,0.88,1.03,-1.6,-7.92
210,0.17,-0.11,0.93,-3.28,-1.26,-12.79
211,0.17,-0.13,0.95,-6.91,-0.99,-17.64
212,0.18,-0.11,0.96,-11.36,-0.85,-23.84
213,0.16,-0.11,0.97,-12.78,2.08,-27.41
214,0.16,-0.11,0.97,-12.82,6.34,-28.21
215,0.19,-0.11,0.94,-13.26,12.47,-25.95
216,0.13,-0.14,0.95,-15.15,13.15,-25.09
217,0.11,-0.18,0.91,-36.76,-0.04,-31.69
218,0.11,-0.2,0.95,-33.5,-2.01,-27.62
219,0.07,-0.24,0.99,-19.96,2.53,-19.31
220,0.08,-0.25,0.98,-18.54,-0.1,-18.29
221,0.1,-0.27,1.01,-11.86,4.15,-14.18
222,0.09,-0.28,1.01,-9.21,6.23,-11.6
223,0.11,-0.25,1.0,-6.79,8.39,-7.32
224,0.1,-0.23,0.98,-4.69,13.44,-1.95
225,0.08,-0.21,0.94,-3.46,12.71,-0.85
226,0.06,-0.21,0.94,-1.65,11.63,-0.12
227,0.08,-0.22,0.94,1.43,8.09,-2.55
228,0.08,-0.21,0.95,1.89,0.27,-7.21
229,0.11,-0.22,0.96,3.15,-0.85,-6.96
230,0.12,-0.21,0.96,2.52,-0.93,-8.32
231,0.12,-0.2,0.98,0.75,-2.5,-8.82
232,0.14,-0.2,0.96,0.3,1.19,-6.42
233,0.12,-0.21,0.97,-0.97,2.85,-2.12
234,0.11,-0.22,0.99,-1.77,4.51,1.04
235,0.1,-0.22,1.0,-0.83,5.2,2.79
236,0.1,-0.23,1.02,1.58,2.88,5.5
237,0.12,-0.23,1.01,5.22,4.12,9.17
238,0.12,-0.24,1.0,6.85,1.79,7.07
239,0.13,-0.23,0.99,5.72,-2.92,1.59
240,0.15,-0.22,0.99,3.84,-2.03,-1.55
241,0.14,-0.22,0.98,3.03,-0.6,1.07
242,0.12,-0.23,0.99,3.16,-0.86,1.93
243,0.11,-0.23,0.99,2.03,-1.69,-0.34
244,0.11,-0.22,1.01,2.12,-1.71,-0.48
245,0.11,-0.23,1.01,5.21,-1.08,1.74
246,0.11,-0.23,1.02,7.61,-0.82,2.09
247,0.12,-0.22,0.99,9.56,-0.82,0.88
248,0.14,-0.21,0.96,11.53,-2.43,-3.05
249,0.14,-0.19,0.97,11.32,-5.95,-8.96
250,0.13,-0.2,0.96,12.98,-8.95,-12.84
251,0.15,-0.2,0.96,15.2,-10.38,-14.67
252,0.16,-0.18,0.96,15.98,-12.91,-18.04
253,0.17,-0.19,0.96,17.1,-14.8,-22.54
254,0.16,-0.19,0.97,18.34,-12.42,-23.09
255,0.17,-0.19,0.96,19.24,-8.21,-22.13
256,0.18,-0.17,0.95,17.39,-2.36,-19.76
257,0.15,-0.16,0.93,13.73,1.88,-17.03
258,0.17,-0.16,0.91,10.71,5.21,-9.87
259,0.15,-0.15,0.93,6.73,7.66,-7.71
260,0.13,-0.12,0.93,2.95,6.66,-7.31
261,0.13,-0.1,0.93,1.85,9.07,-3.57
262,0.12,-0.08,0.93,0.11,10.96,-1.11
263,0.14,-0.05,0.92,-1.77,12.73,-0.97
264,0.15,-0.01,0.93,-1.65,15.42,-0.63
265,0.16,0.01,0.92,-1.83,19.44,3.34
266,0.14,0.02,0.91,-1.07,22.76,5.8
267,0.13,0.01,0.89,-1.82,19.71,2.07
268,0.13,0.01,0.89,-3.37,16.95,-2.37
269,0.13,-0.01,0.89,-3.96,16.34,-5.75
270,0.09,-0.02,0.91,-5.52,13.29,-10.47
271,0.08,-0.04,0.92,-7.3,9.56,-14.54
272,0.07,-0.06,0.94,-7.84,7.88,-16.59
273,0.06,-0.1,0.95,-7.75,6.21,-18.3
274,0.05,-0.12,0.97,-7.62,3.83,-19.86
275,0.05,-0.14,0.99,-9.28,3.32,-20.34
276,0.05,-0.14,1.0,-10.68,5.05,-19.11
277,0.03,-0.15,1.02,-12.07,6.73,-17.77
278,0.04,-0.16,1.02,-12.13,9.65,-12.14
279,0.0,-0.18,1.05,-13.31,10.43,-10.69
280,-0.0,-0.19,1.07,-11.95,9.08,-9.9
281,0.0,-0.21,1.06,-8.47,9.62,-8.35
282,-0.0,-0.24,1.07,-4.56,9.25,-7.8
283,-0.01,-0.25,1.08,-0.02,6.51,-8.85
284,0.01,-0.26,1.07,3.16,5.78,-9.69
285,0.01,-0.26,1.03,4.46,3.08,-10.47
286,-0.0,-0.26,1.03,4.63,1.58,-9.82
287,0.0,-0.24,1.02,4.2,1.38,-5.33
288,0.02,-0.22,1.0,3.09,2.44,0.24
289,0.03,-0.21,0.99,1.21,2.61,4.66
290,0.05,-0.19,0.96,-0.69,2.38,8.18
291,0.06,-0.17,0.95,-2.47,-0.78,7.85
292,0.07,-0.17,0.96,-3.56,-4.4,6.44
293,0.1,-0.18,0.98,-4.13,-6.5,5.36
294,0.12,-0.18,0.99,-2.62,-5.08,7.08
295,0.14,-0.17,0.99,-1.23,-4.78,5.6
296,0.15,-0.18,0.99,-0.42,-3.92,2.95
297,0.16,-0.17,1.0,1.26,-0.72,3.9
298,0.15,-0.18,0.98,1.51,2.17,2.79
299,0.13,-0.16,0.97,0.73,1.66,-0.31
300,0.12,-0.17,0.96,0.27,2.67,-1.36
301,0.11,-0.17,0.94,-0.55,4.13,-0.53
302,0.1,-0.16,0.93,-2.12,4.28,0.68
303,0.09,-0.17,0.93,-4.27,5.31,1.08
304,0.08,-0.17,0.93,-5.95,6.18,2.18
305,0.08,-0.17,0.92,-7.07,6.42,2.67
306,0.07,-0.18,0.91,-8.35,6.4,3.02
307,0.05,-0.19,0.92,-9.46,5.26,1.66
308,0.05,-0.19,0.93,-9.39,4.98,2.45
309,0.04,-0.18,0.94,-10.1,3.44,1.96
310,0.05,-0.16,0.94,-10.53,2.49,1.79
311,0.05,-0.15,0.93,-10.79,1.5,1.4
312,0.05,-0.14,0.95,-11.61,-0.23,0.26
313,0.06,-0.15,0.96,-12.1,-0.85,-0.18
314,0.06,-0.15,0.97,-11.05,-3.03,-1.35
315,0.07,-0.16,1.0,-9.9,-5.53,-2.34
316,0.09,-0.16,1.02,-8.97,-2.69,-0.81
317,0.09,-0.17,1.01,-9.15,0.89,0.58
318,0.08,-0.19,1.03,-8.89,3.34,0.98
319,0.07,-0.21,1.04,-7.23,5.99,1.68
320,0.07,-0.21,1.02,-5.15,7.98,2.51
321,0.08,-0.22,0.99,-3.66,7.8,0.56
322,0.04,-0.23,1.0,-1.74,4.67,-3.15
323,0.05,-0.23,0.99,0.95,3.74,-3.2
324,0.04,-0.23,0.96,1.49,1.66,-4.86
325,0.03,-0.22,0.95,0.2,-0.19,-6.2
326,0.03,-0.22,0.95,-0.89,-0.17,-4.66
327,0.03,-0.21,0.95,-2.79,1.54,-0.44
328,0.03,-0.21,0.95,-5.76,3.0,3.6
329,0.02,-0.21,0.95,-6.54,3.68,5.74
330,0.0,-0.22,0.96,-7.64,2.95,8.48
331,0.02,-0.23,0.96,-8.77,5.09,13.89
332,0.01,-0.22,0.96,-9.92,5.89,15.53
333,0.02,-0.23,0.97,-9.74,5.23,15.48
334,0.02,-0.22,0.98,-9.57,3.87,16.69
335,0.04,-0.22,0.98,-9.24,4.47,16.17
336,0.05,-0.22,0.99,-8.38,3.74,14.38
337,0.06,-0.21,0.99,-6.26,2.05,11.51
338,0.09,-0.2,0.99,-3.9,2.47,11.12
339,0.09,-0.19,0.98,-2.62,2.62,8.19
340,0.08,-0.18,0.97,-2.02,1.69,3.63
341,0.09,-0.18,0.98,-1.4,0.76,0.92
342,0.09,-0.17,0.97,-0.9,0.82,-0.18
343,0.09,-0.17,0.96,-0.19,-0.08,-1.84
344,0.09,-0.17,0.96,0.1,-0.02,-2.78
345,0.06,-0.19,0.97,-0.03,-0.12,-4.04
346,0.06,-0.19,0.97,0.19,-0.85,-5.23
347,0.07,-0.19,0.97,-0.61,-0.56,-4.83
348,0.06,-0.18,0.96,-1.18,1.59,-3.42
349,0.05,-0.19,0.96,-1.77,1.2,-3.78
350,0.03,-0.2,0.96,-2.17,-1.77,-6.01
351,0.05,-0.19,0.96,-2.31,-1.6,-4.47
352,0.04,-0.19,0.96,-2.82,-0.28,-3.4
353,0.03,-0.2,0.97,-3.17,1.15,-1.82
354,0.03,-0.2,0.96,-2.42,0.35,-2.08
355,0.03,-0.2,0.96,-2.73,0.56,-1.82
356,0.04,-0.19,0.97,-2.46,0.92,-2.28
357,0.03,-0.2,0.96,-2.5,0.06,-3.79
358,0.03,-0.2,0.96,-2.57,-1.73,-6.16
359,0.04,-0.2,0.97,-2.26,-1.4,-5.11
360,0.03,-0.2,0.97,-1.89,-1.09,-5.06
361,0.03,-0.21,0.96,-2.08,-2.06,-5.92
362,0.03,-0.22,0.97,-2.71,-3.18,-6.79
363,0.04,-0.22,0.98,-2.81,-3.34,-7.15
364,0.03,-0.23,0.98,-2.15,-3.04,-6.66
365,0.02,-0.23,0.97,-3.09,-2.76,-5.15
366,0.02,-0.22,0.98,-3.51,-2.13,-3.35
367,0.03,-0.2,0.96,-4.42,-1.34,-1.18
368,0.03,-0.21,0.97,-4.76,0.11,0.69
369,0.02,-0.21,0.97,-4.78,-1.68,0.09
370,0.02,-0.21,0.97,-4.28,-3.5,-1.12
371,0.03,-0.21,0.98,-3.31,-4.35,-1.83
372,0.04,-0.21,0.97,-3.06,-5.36,-2.33
373,0.04,-0.2,0.98,-3.35,-5.24,-1.65
374,0.05,-0.19,0.97,-3.76,-5.53,-1.27
375,0.07,-0.19,0.98,-3.84,-4.14,-0.21
376,0.08,-0.19,0.97,-4.25,-2.14,-0.03
377,0.06,-0.21,0.98,-3.86,-3.5,-2.4
378,0.06,-0.2,0.98,-2.82,-4.69,-4.17
379,0.07,-0.21,0.99,-2.24,-3.54,-4.17
380,0.06,-0.22,0.99,-1.95,-3.35,-5.28
381,0.05,-0.22,1.0,-1.8,-4.11,-5.79
382,0.06,-0.23,0.98,-1.39,-2.31,-3.69
383,0.05,-0.22,0.98,-1.11,-2.09,-3.75
384,0.05,-0.22,0.98,-1.04,-3.18,-4.61
385,0.04,-0.23,0.98,-0.22,-2.37,-3.88
386,0.04,-0.22,0.98,0.79,-2.44,-3.78
387,0.05,-0.2,0.97,-0.29,-2.0,-4.53
388,0.06,-0.19,0.96,-0.44,-1.19,-3.82
389,0.06,-0.18,0.96,-0.21,0.85,-0.27
390,0.04,-0.19,0.95,-0.97,0.11,-1.46
391,0.05,-0.18,0.96,-1.66,-2.49,-3.14
392,0.05,-0.18,0.96,-1.86,-2.92,-3.65
393,0.07,-0.18,0.96,-0.64,-1.95,-2.49
394,0.04,-0.21,0.95,-1.48,-3.74,-5.65
395,0.03,-0.21,0.96,-1.26,-6.15,-6.88
396,0.04,-0.21,0.97,-0.81,-3.39,-2.86
397,0.04,-0.2,0.96,-1.3,-1.56,-0.6
398,0.04,-0.19,0.95,-3.68,-3.24,-1.76
399,0.04,-0.18,0.97,-4.71,-2.53,-1.18
400,0.05,-0.17,0.97,-4.16,-1.34,1.07
