,accel_x,accel_y,accel_z,gyro_x,gyro_y,gyro_z
0,-2.0,-1.29,0.29,250.13,-140.53,250.13
1,-1.94,-0.02,-2.0,250.13,-250.14,250.13
2,1.25,0.56,-2.0,222.21,-250.14,55.98
3,2.0,0.64,-2.0,37.24,-250.14,-98.9
4,2.0,0.07,-0.82,-24.67,-250.14,-83.75
5,2.0,-0.41,0.36,-33.84,-81.51,-50.31
6,2.0,-0.75,0.91,-32.71,127.82,-42.77
7,1.93,-0.87,0.93,-31.16,239.56,-53.15
8,0.71,-0.97,0.88,-11.37,250.13,-52.3
9,-0.42,-1.1,0.77,22.73,209.55,-57.05
10,-1.0,-1.09,0.75,54.46,141.9,-39.24
11,-1.19,-1.04,0.74,72.31,89.35,-6.35
12,-0.99,-0.97,0.68,79.61,60.71,25.09
13,-0.71,-0.84,0.61,74.27,49.54,43.97
14,-0.42,-0.76,0.6,61.79,45.93,53.72
15,-0.16,-0.68,0.55,47.27,36.11,43.16
16,-0.08,-0.69,0.61,43.98,12.72,28.82
17,-0.11,-0.78,0.77,50.77,-24.35,15.73
18,-0.05,-0.82,0.84,65.49,-66.93,1.45
19,0.02,-0.89,0.87,85.66,-88.23,-9.53
20,0.15,-0.89,0.81,94.55,-78.47,-1.2
21,0.16,-0.89,0.75,96.71,-53.37,14.18
22,0.11,-0.87,0.67,90.8,-34.05,29.53
23,0.15,-0.74,0.58,70.18,-15.44,28.23
24,0.21,-0.47,0.53,43.35,5.66,22.08
25,0.23,-0.32,0.55,29.82,13.64,18.21
26,0.12,-0.28,0.7,26.69,0.71,9.82
27,-0.06,-0.25,0.86,39.67,-24.56,-4.91
28,0.15,-0.23,0.86,58.75,-39.27,-3.72
29,0.12,-0.2,0.85,61.95,-35.95,-4.98
30,0.16,-0.08,0.84,46.22,-26.33,-15.69
31,0.18,0.02,0.86,30.34,-6.05,-16.85
32,0.08,0.08,0.94,31.67,5.48,-3.69
33,-0.09,0.15,0.97,23.02,-2.47,-2.63
34,-0.02,0.19,1.02,10.42,-13.39,-5.25
35,0.15,0.13,1.09,3.28,-13.38,-1.94
36,0.27,0.03,1.16,10.08,-3.26,0.36
37,0.3,0.01,1.18,11.26,9.81,-2.46
38,0.27,0.04,1.17,15.04,23.43,-0.42
39,0.13,0.01,1.11,23.02,22.85,0.71
40,0.01,0.08,1.04,20.76,10.15,-7.15
41,-0.1,0.13,1.01,11.79,-3.85,-12.37
42,-0.14,0.08,0.98,10.44,-14.54,-13.15
43,-0.13,0.01,1.01,8.6,-18.45,-11.07
44,-0.1,-0.05,0.97,3.26,-21.95,-0.11
45,0.02,-0.13,1.0,0.74,-17.96,9.71
46,0.14,-0.18,1.04,-0.5,-7.78,12.56
47,0.25,-0.21,1.02,1.57,-1.53,11.38
48,0.35,-0.23,0.98,7.18,12.52,8.84
49,0.32,-0.2,0.99,9.48,27.03,5.6
50,0.24,-0.14,0.96,13.24,39.86,11.62
51,0.08,-0.1,0.91,10.48,41.96,8.37
52,-0.0,-0.01,0.92,1.61,39.6,5.85
53,-0.02,-0.02,0.9,-2.48,39.16,6.35
54,-0.07,-0.03,0.88,-6.89,29.56,6.47
55,-0.07,-0.08,0.91,-14.18,26.74,7.69
56,-0.09,-0.19,0.99,-11.56,28.34,13.57
57,-0.11,-0.27,1.07,-4.22,25.47,16.62
58,-0.04,-0.29,1.07,0.67,21.78,15.86
59,0.04,-0.28,1.0,4.0,23.56,15.52
60,0.07,-0.28,0.96,1.4,23.34,10.3
61,0.05,-0.29,0.94,0.56,18.37,3.16
62,0.08,-0.28,1.03,8.38,10.24,-4.53
63,0.09,-0.19,0.96,13.85,3.65,-10.57
64,0.11,-0.11,0.87,14.01,2.49,-16.73
65,0.01,-0.07,0.87,6.69,3.92,-23.98
66,0.0,-0.02,0.93,2.02,1.56,-21.13
67,0.01,-0.0,0.94,0.47,6.81,-13.92
68,0.06,0.0,0.89,-4.6,8.57,-9.05
69,0.1,-0.0,0.9,-7.86,11.37,-4.95
70,0.12,-0.02,0.92,-13.1,6.39,-7.69
71,0.14,-0.05,0.95,-10.27,4.55,-13.01
72,0.14,-0.07,0.97,-8.95,-0.42,-20.61
73,0.19,-0.1,0.97,4.07,2.53,-12.11
74,0.13,-0.05,0.93,1.11,0.04,-29.43
75,0.16,-0.01,0.89,-7.76,14.28,-28.11
76,0.08,0.0,0.91,-11.98,25.85,-28.24
77,0.01,0.01,0.95,-15.83,32.77,-20.9
78,-0.08,0.03,0.94,-16.5,36.8,-18.35
79,-0.13,0.01,0.96,-19.61,43.21,-11.21
80,-0.19,-0.04,0.95,-24.56,37.53,-9.86
81,-0.19,-0.09,1.02,-23.97,28.82,-9.47
82,-0.17,-0.15,1.09,-21.5,21.6,-9.18
83,-0.15,-0.19,1.15,-13.96,18.21,-4.98
84,-0.15,-0.22,1.16,-5.48,13.95,-1.72
85,-0.13,-0.2,1.14,-1.98,9.87,0.84
86,-0.1,-0.19,1.13,4.79,9.23,0.56
87,-0.06,-0.16,1.09,7.38,4.89,-5.37
88,0.01,-0.13,1.01,7.74,2.28,-13.61
89,0.04,-0.12,0.99,5.91,0.92,-21.76
90,0.04,-0.11,0.99,5.12,1.18,-26.29
91,0.04,-0.11,0.97,3.66,2.88,-27.84
92,-0.01,-0.12,0.96,1.2,2.79,-29.19
93,0.01,-0.12,0.97,-2.0,2.61,-29.05
94,-0.02,-0.13,0.95,-3.49,2.68,-27.72
95,-0.06,-0.16,0.98,-4.77,2.82,-28.78
96,-0.04,-0.18,1.01,-4.29,6.79,-27.02
97,-0.04,-0.16,1.0,-2.87,12.2,-21.87
98,-0.06,-0.15,0.99,-3.65,17.95,-18.72
99,-0.12,-0.16,0.97,-8.64,19.6,-17.92
100,-0.14,-0.17,0.99,-10.43,22.69,-11.98
101,-0.19,-0.19,1.0,-10.16,21.3,-10.2
102,-0.22,-0.21,1.02,-12.15,15.08,-10.18
103,-0.19,-0.23,1.03,-11.22,11.12,-11.08
104,-0.18,-0.25,1.06,-7.78,8.33,-10.4
105,-0.16,-0.23,1.06,-3.92,8.69,-7.7
106,-0.13,-0.2,1.03,-0.85,12.8,-1.76
107,-0.14,-0.17,0.99,0.93,13.15,2.4
108,-0.14,-0.12,0.96,0.53,10.84,4.11
109,-0.09,-0.08,0.91,1.29,9.24,5.22
110,-0.11,-0.08,0.9,-0.97,3.56,3.34
111,-0.09,-0.07,0.87,-5.71,-0.06,0.88
112,-0.06,-0.1,0.86,-12.05,0.18,-3.11
113,-0.1,-0.11,0.89,-18.91,-2.94,-2.73
114,-0.1,-0.19,0.97,-16.57,-3.56,-1.77
115,-0.09,-0.22,1.01,-15.4,-7.07,-3.06
116,-0.05,-0.24,1.02,-12.47,-5.02,-1.05
117,-0.05,-0.24,1.03,-9.55,-2.76,0.76
118,-0.06,-0.24,1.02,-7.47,-3.98,-0.3
119,-0.07,-0.23,1.0,-6.56,-5.56,-1.55
120,-0.06,-0.22,0.99,-6.02,-6.31,-1.58
121,-0.07,-0.21,1.0,-5.47,-8.08,-3.06
122,-0.06,-0.23,0.98,-5.66,-10.76,-5.87
123,-0.05,-0.24,1.0,-6.46,-12.15,-8.34
124,-0.04,-0.24,1.01,-4.18,-9.6,-4.98
125,-0.08,-0.25,1.0,-2.77,-9.61,-6.08
126,-0.08,-0.26,1.01,-2.97,-9.55,-5.63
127,-0.08,-0.26,1.02,-1.34,-5.5,-1.28
128,-0.09,-0.24,1.01,0.21,-3.21,2.76
129,-0.1,-0.23,0.99,0.79,-2.76,5.38
130,-0.1,-0.21,0.98,0.41,-2.76,7.39
131,-0.11,-0.2,0.96,-0.41,-4.53,7.1
132,-0.11,-0.2,0.97,-3.94,-7.44,4.83
133,-0.1,-0.2,0.99,-5.72,-8.29,5.24
134,-0.09,-0.19,1.02,-5.31,-5.56,7.66
135,-0.09,-0.18,1.02,-6.08,-1.29,12.13
136,-0.1,-0.16,1.01,-8.31,4.17,17.1
137,-0.11,-0.15,1.05,-10.12,8.51,19.98
138,-0.11,-0.13,1.05,-11.5,12.23,22.66
139,-0.1,-0.11,1.09,-11.8,14.61,24.26
140,-0.08,-0.07,1.15,-7.99,17.5,25.73
141,-0.07,-0.04,1.12,-2.4,18.15,30.8
142,-0.05,0.03,1.14,-0.15,20.19,33.97
143,-0.03,0.08,1.12,10.01,26.45,43.67
144,-0.08,0.17,1.16,8.8,29.9,46.64
145,-0.13,0.23,1.16,10.16,30.35,47.59
146,-0.11,0.33,1.16,12.89,29.12,47.59
147,-0.14,0.4,1.07,6.24,31.92,42.47
148,-0.19,0.57,1.19,-3.67,18.46,35.74
149,-0.23,0.77,1.23,-13.98,1.85,25.03
150,-0.13,0.97,1.33,-26.17,-9.37,23.06
151,-0.1,1.09,1.39,-43.69,-6.01,17.99
152,-0.11,1.23,1.49,-53.69,-5.72,15.62
153,-0.19,1.39,1.58,-66.59,-4.34,12.85
154,-0.18,1.53,1.7,-64.78,4.4,32.99
155,-0.19,1.71,1.74,-63.0,23.01,42.11
156,-0.22,2.0,1.76,-69.4,33.45,42.56
157,-0.26,2.0,1.82,-64.81,35.34,54.82
158,-0.31,2.0,1.59,-46.65,18.93,49.72
159,-0.03,2.0,1.01,-41.41,-17.08,26.42
160,0.36,2.0,0.32,-35.91,-52.66,7.16
161,0.57,2.0,-0.6,-42.74,-107.71,-4.6
162,1.23,2.0,-1.9,-98.93,-160.33,-9.23
163,1.72,0.59,-2.0,-154.56,-105.01,37.86
164,2.0,-1.87,-2.0,-179.53,23.17,108.93
165,1.68,-2.0,-2.0,-175.79,78.22,92.76
166,0.98,-2.0,-2.0,-199.24,-92.08,-44.54
167,1.6,-2.0,-2.0,-250.14,-250.14,-250.14
168,1.92,-2.0,1.71,-250.14,-122.44,-250.14
169,-0.76,-2.0,2.0,-250.14,250.13,-250.14
170,-2.0,-2.0,2.0,-182.34,250.13,-171.23
171,-2.0,-2.0,2.0,250.13,250.13,250.13
172,-2.0,-0.97,-2.0,250.13,-250.14,250.13
173,-0.43,0.75,-2.0,250.13,-250.14,131.88
174,2.0,0.75,-2.0,63.52,-250.14,-49.51
175,2.0,0.6,-2.0,35.97,-250.14,-49.81
176,2.0,0.63,-1.46,-29.78,44.52,-30.84
177,2.0,0.27,-0.83,-111.99,250.13,-48.9
178,1.37,-0.32,0.13,-126.79,250.13,-61.53
179,-0.38,-0.75,0.62,-69.56,206.51,-69.14
180,-1.46,-0.82,0.62,-10.87,33.02,-95.45
181,-1.53,-0.79,0.6,11.85,-84.37,-89.82
182,-1.08,-0.85,0.79,14.24,-136.99,-69.28
183,-0.53,-0.93,1.18,32.76,-137.76,-33.3
184,-0.06,-0.83,1.23,41.29,-111.23,-5.66
185,0.21,-0.65,0.94,40.49,-75.73,5.06
186,0.24,-0.52,0.79,29.6,-47.59,10.24
187,0.32,-0.48,0.69,20.64,-31.4,11.19
188,0.4,-0.48,0.65,12.47,-15.53,8.03
189,0.38,-0.5,0.65,4.02,2.57,2.95
190,0.26,-0.64,0.75,5.88,2.34,-1.84
191,0.25,-0.69,0.77,8.21,0.38,-8.66
192,0.19,-0.75,0.74,15.53,-5.98,-10.5
193,0.2,-0.78,0.83,22.24,-7.99,-9.76
194,0.06,-0.8,0.81,34.82,-9.13,-4.6
195,0.19,-0.72,0.94,24.15,-11.89,-1.24
196,0.16,-0.67,0.91,26.05,4.15,12.06
197,0.21,-0.63,0.87,20.81,23.27,23.63
198,0.22,-0.62,0.83,16.8,34.44,32.94
199,0.2,-0.62,0.83,14.4,40.08,37.23
200,0.2,-0.59,0.83,10.06,47.27,40.24
201,0.13,-0.58,0.83,10.02,32.92,40.39
202,0.08,-0.62,0.84,13.92,8.61,27.96
203,0.04,-0.63,0.82,18.49,-17.21,16.08
204,0.0,-0.64,0.84,25.88,-48.18,5.53
205,0.03,-0.63,0.85,32.2,-70.46,-4.0
206,0.11,-0.62,0.85,31.3,-74.68,-8.58
207,0.23,-0.63,0.89,31.66,-59.98,-4.48
208,0.33,-0.65,0.93,29.44,-30.48,2.66
209,0.43,-0.62,0.96,25.69,9.63,11.08
210,0.39,-0.61,0.95,24.77,36.68,18.57
211,0.3,-0.59,0.93,27.24,43.25,19.47
212,0.18,-0.56,0.87,32.76,35.74,14.08
213,0.01,-0.53,0.83,36.3,13.95,2.46
214,-0.01,-0.48,0.76,36.27,-9.06,-5.58
215,0.07,-0.4,0.7,30.0,-24.07,-16.64
216,0.12,-0.35,0.69,23.63,-23.24,-20.19
217,0.16,-0.34,0.72,17.39,-12.63,-16.08
218,0.12,-0.36,0.73,11.87,-3.04,-9.07
219,0.06,-0.41,0.77,9.79,0.1,-1.23
220,0.06,-0.41,0.86,8.05,-0.96,-0.06
221,0.09,-0.4,0.9,12.82,-4.25,-1.22
222,0.09,-0.37,0.9,19.66,-14.27,-1.92
223,0.11,-0.33,0.88,21.51,-21.93,-1.22
224,0.17,-0.3,0.86,19.35,-19.84,3.34
225,0.19,-0.31,0.86,16.77,-14.56,3.99
226,0.22,-0.34,0.86,15.91,-9.3,8.13
227,0.24,-0.36,0.89,12.81,-1.71,10.47
228,0.22,-0.37,0.93,12.6,1.34,10.04
229,0.2,-0.41,0.94,16.95,3.38,7.34
230,0.17,-0.42,0.94,25.22,0.37,7.71
231,0.13,-0.41,0.9,29.92,-7.59,2.82
232,0.12,-0.38,0.86,27.32,-15.72,-6.57
233,0.17,-0.33,0.88,21.79,-15.04,-8.99
234,0.17,-0.31,0.87,20.89,-11.32,-8.48
235,0.24,-0.31,0.87,17.48,-4.44,-9.15
236,0.25,-0.28,0.88,12.71,6.53,-8.02
237,0.19,-0.28,0.9,12.24,17.58,-1.92
238,0.13,-0.29,0.92,14.37,20.51,4.65
239,0.07,-0.3,0.89,14.2,14.11,0.82
240,0.1,-0.29,0.89,13.6,11.54,1.27
241,0.12,-0.3,0.93,12.44,8.84,1.31
242,0.16,-0.31,0.95,13.65,7.11,-1.5
243,0.17,-0.3,0.99,14.73,6.96,-4.02
244,0.17,-0.29,0.99,17.35,8.31,-6.11
245,0.16,-0.28,0.96,19.74,5.59,-7.22
246,0.11,-0.29,0.93,20.82,-0.87,-13.56
247,0.14,-0.26,0.9,16.93,-3.35,-15.34
248,0.12,-0.26,0.92,15.06,0.82,-13.53
249,0.09,-0.28,0.89,13.98,2.4,-8.46
250,0.1,-0.27,0.87,7.96,4.17,-8.49
251,0.12,-0.27,0.91,2.11,14.5,-0.37
252,0.12,-0.28,0.91,-1.49,23.98,7.25
253,0.11,-0.28,0.91,-5.77,24.44,7.08
254,0.12,-0.31,0.98,-7.28,23.59,2.58
255,0.16,-0.31,0.97,-2.3,21.9,2.82
256,0.13,-0.31,0.97,6.09,15.08,-0.76
257,0.12,-0.31,0.96,9.11,6.95,-9.45
258,0.1,-0.28,0.95,11.63,5.45,-9.48
259,0.04,-0.29,0.95,11.1,1.89,-8.0
260,0.03,-0.3,0.94,9.79,-0.39,-7.69
261,0.04,-0.31,0.96,7.88,-2.83,-8.26
262,0.12,-0.3,0.96,7.41,-1.11,-6.83
263,0.19,-0.3,0.95,8.28,7.63,0.89
264,0.17,-0.29,0.92,6.29,13.27,0.73
265,0.14,-0.27,0.92,5.05,11.61,-3.01
266,0.13,-0.27,0.94,5.31,9.76,-4.34
267,0.11,-0.28,0.88,5.07,8.3,-8.18
268,0.1,-0.27,0.83,-0.72,3.35,-8.57
269,0.11,-0.26,0.87,-3.94,3.07,-10.6
270,0.1,-0.29,0.89,-5.35,2.28,-13.07
271,0.11,-0.29,0.91,-7.24,3.84,-9.63
272,0.11,-0.25,0.96,-11.42,3.98,-14.07
273,0.19,-0.22,0.97,-13.15,11.72,-12.67
274,0.18,-0.22,0.96,-9.15,15.54,-9.67
275,0.14,-0.25,0.94,-8.85,13.63,-13.35
276,0.12,-0.25,0.96,-9.38,12.08,-14.97
277,0.07,-0.28,0.98,-7.82,12.46,-15.49
278,0.04,-0.3,0.98,-6.66,11.69,-13.56
279,-0.0,-0.3,0.98,-7.06,8.82,-12.91
280,-0.01,-0.3,0.99,-7.75,4.89,-13.95
281,0.02,-0.28,1.0,-7.84,1.34,-15.25
282,0.07,-0.28,1.05,-4.04,4.02,-10.11
283,0.09,-0.27,1.03,0.11,8.39,-4.95
284,0.09,-0.25,0.97,-0.95,7.5,-8.23
285,0.15,-0.23,0.94,-3.95,6.55,-10.28
286,0.19,-0.24,0.97,-3.93,10.35,-9.77
287,0.15,-0.27,0.95,-3.63,12.24,-10.0
288,0.15,-0.3,0.96,-5.17,12.49,-11.58
289,0.13,-0.32,0.95,-3.8,13.36,-8.18
290,0.11,-0.34,0.92,2.4,22.58,-3.04
291,0.11,-0.34,0.97,-1.67,19.58,-4.78
292,0.07,-0.32,0.99,1.29,21.1,-5.34
293,0.04,-0.3,0.99,4.89,21.69,-3.59
294,0.01,-0.27,0.96,9.03,21.61,-2.05
295,-0.03,-0.23,0.9,7.64,14.16,-6.92
296,-0.03,-0.2,0.86,4.84,6.75,-9.53
297,-0.05,-0.19,0.88,0.62,-0.62,-12.62
298,-0.02,-0.22,0.89,-3.62,-8.15,-15.82
299,0.03,-0.24,0.92,-8.5,-9.16,-17.59
300,0.08,-0.27,0.97,-9.73,-3.63,-12.35
301,0.08,-0.3,1.0,-6.89,-1.02,-10.07
302,0.11,-0.3,0.99,-4.31,0.59,-10.5
303,0.12,-0.3,0.99,-1.52,2.49,-9.25
304,0.08,-0.3,0.97,0.69,0.44,-12.15
305,0.08,-0.29,0.97,2.76,-4.48,-15.56
306,0.11,-0.28,0.92,3.6,-5.4,-16.03
307,0.1,-0.27,0.91,-0.65,-5.27,-17.73
308,0.11,-0.28,0.92,-1.23,-2.32,-16.55
309,0.11,-0.28,0.92,-1.75,0.55,-14.47
310,0.1,-0.29,0.92,-1.3,3.62,-11.71
311,0.1,-0.29,0.91,-0.95,4.96,-10.53
312,0.11,-0.29,0.9,-1.05,6.37,-9.23
313,0.1,-0.29,0.91,-0.65,8.14,-7.66
314,0.07,-0.3,0.9,-0.82,6.67,-8.22
315,0.08,-0.3,0.91,-2.91,5.96,-9.98
316,0.13,-0.3,0.91,-2.63,8.97,-7.6
317,0.13,-0.3,0.9,-2.19,10.92,-6.9
318,0.13,-0.28,0.9,-4.32,10.5,-9.46
319,0.12,-0.28,0.89,-0.57,15.52,-8.62
320,0.12,-0.28,0.89,-6.38,12.18,-11.18
321,0.09,-0.27,0.9,-9.18,15.01,-10.6
322,0.09,-0.26,0.91,-10.49,12.27,-11.6
323,0.04,-0.29,0.94,-12.9,9.05,-15.98
324,0.04,-0.32,0.98,-12.18,8.16,-17.38
325,0.03,-0.35,1.01,-9.16,6.99,-17.37
326,0.04,-0.36,1.02,-5.94,8.21,-12.9
327,0.03,-0.35,1.0,-3.88,9.88,-12.0
328,0.01,-0.33,0.97,-3.46,7.74,-12.3
329,-0.02,-0.32,0.96,-4.81,4.36,-15.21
330,-0.01,-0.3,0.96,-5.79,1.85,-15.56
331,-0.01,-0.29,0.97,-5.08,2.89,-12.6
332,-0.03,-0.28,0.97,-5.63,3.62,-9.0
333,-0.01,-0.28,0.97,-7.19,4.21,-5.7
334,0.0,-0.28,0.96,-5.06,6.57,-3.69
335,0.01,-0.27,0.95,-7.47,2.15,-3.79
336,0.03,-0.28,0.97,-6.88,1.02,-5.73
337,0.04,-0.28,0.97,-6.21,-0.94,-5.6
338,0.07,-0.29,0.97,-5.36,-0.98,-6.69
339,0.09,-0.29,0.96,-4.78,-0.58,-7.88
340,0.09,-0.3,0.97,-4.62,0.09,-8.31
341,0.07,-0.31,0.99,-4.23,0.02,-10.24
342,0.08,-0.31,0.97,-3.95,1.77,-10.56
343,0.04,-0.33,0.98,-4.13,-0.24,-13.32
344,0.04,-0.33,0.98,-4.04,-0.82,-14.58
345,0.06,-0.34,0.99,-3.13,5.1,-9.83
346,0.03,-0.35,0.99,-2.36,6.97,-7.89
347,0.02,-0.36,0.99,-2.73,5.77,-9.46
348,0.05,-0.35,0.99,-0.19,8.11,-5.84
349,0.02,-0.35,0.96,0.57,7.6,-6.5
350,0.02,-0.34,0.95,0.23,4.04,-9.08
351,0.03,-0.33,0.93,-0.95,2.07,-11.25
352,0.03,-0.33,0.94,-0.89,1.4,-13.45
353,0.03,-0.33,0.97,1.23,0.31,-13.11
354,0.06,-0.33,0.94,2.98,3.44,-9.87
355,0.07,-0.31,0.94,3.98,3.41,-10.27
356,0.06,-0.29,0.93,2.02,2.04,-11.01
357,0.06,-0.28,0.93,1.89,0.08,-13.4
358,0.06,-0.27,0.93,0.24,-1.16,-14.62
359,0.05,-0.28,0.95,0.69,-0.17,-12.78
360,0.05,-0.28,0.96,1.34,-0.01,-12.11
361,0.06,-0.28,0.94,0.93,3.68,-8.46
362,0.03,-0.27,0.93,-0.92,5.85,-5.81
363,0.04,-0.27,0.92,-2.88,6.85,-4.34
364,0.03,-0.27,0.92,-5.95,7.31,-2.11
365,0.02,-0.28,0.91,-7.34,6.06,-1.24
366,0.03,-0.29,0.92,-8.69,2.04,-4.47
367,0.05,-0.29,0.94,-8.97,2.72,-4.27
368,0.06,-0.3,0.95,-6.9,5.31,-0.84
369,0.04,-0.3,0.92,-5.12,5.43,-0.91
370,0.03,-0.27,0.92,-7.84,4.21,-2.85
371,0.04,-0.27,0.92,-6.09,7.15,1.74
372,-0.02,-0.28,0.89,-9.02,3.12,-3.11
373,0.0,-0.28,0.92,-9.67,0.83,-3.4
374,0.01,-0.29,0.93,-9.67,1.05,-1.11
375,-0.01,-0.3,0.92,-10.66,-1.56,-2.51
376,-0.01,-0.31,0.95,-10.65,-3.65,-3.34
377,0.01,-0.32,0.95,-9.39,-2.53,-0.45
378,0.0,-0.33,0.95,-8.16,-3.05,0.92
379,0.02,-0.34,0.96,-7.01,-2.79,2.66
380,0.04,-0.35,0.95,-2.67,2.6,7.04
381,0.05,-0.35,0.96,-5.79,1.31,6.21
382,0.05,-0.34,0.97,-4.71,1.63,6.01
383,0.05,-0.33,0.97,-2.23,0.18,4.91
384,0.06,-0.33,0.97,-1.4,-2.22,1.34
385,0.11,-0.32,0.97,-0.56,-0.25,1.13
386,0.09,-0.28,0.94,-7.96,-0.95,-2.06
387,0.12,-0.32,0.95,-1.82,3.53,-2.54
388,0.08,-0.33,0.98,-1.05,1.15,-4.82
389,0.05,-0.35,0.97,4.24,1.73,-4.52
390,0.06,-0.34,0.97,1.56,0.5,-4.35
391,0.04,-0.33,0.97,2.52,2.45,-2.63
392,0.02,-0.35,0.97,5.76,4.73,1.59
393,0.02,-0.34,0.95,2.89,3.47,1.77
394,0.05,-0.31,0.95,2.3,6.51,2.87
395,0.04,-0.31,0.94,2.71,8.31,3.07
396,0.05,-0.3,0.95,1.65,7.99,1.63
397,0.06,-0.28,0.93,3.88,10.79,0.52
398,0.01,-0.28,0.94,3.96,9.91,-1.57
399,0.01,-0.27,0.93,5.85,8.29,-1.96
400,-0.04,-0.24,0.9,-0.26,2.27,-5.48
