,accel_x,accel_y,accel_z,gyro_x,gyro_y,gyro_z
0,0.05,0.15,1.0,-6.58,-3.11,-0.42
1,0.09,0.15,1.04,-4.75,-3.98,-1.01
2,0.11,0.15,1.05,-3.03,-2.3,-2.45
3,0.12,0.15,1.06,-0.66,1.94,-0.45
4,0.12,0.15,1.04,1.02,8.08,2.17
5,0.13,0.15,1.03,1.89,9.74,1.06
6,0.12,0.15,1.01,2.89,8.5,-0.89
7,0.11,0.14,1.0,4.08,9.11,-2.44
8,0.1,0.14,0.98,4.83,7.53,-4.8
9,0.1,0.13,0.97,5.04,3.46,-8.79
10,0.09,0.13,0.96,5.2,-0.42,-12.21
11,0.06,0.11,0.97,4.45,-1.82,-14.26
12,0.05,0.1,0.97,4.7,0.8,-13.17
13,0.04,0.1,0.94,4.82,1.34,-11.94
14,0.04,0.1,0.92,2.79,-0.67,-12.66
15,0.02,0.11,0.92,0.37,1.89,-11.43
16,0.0,0.1,0.9,-3.05,3.1,-9.74
17,0.04,0.09,0.91,-5.69,3.69,-9.99
18,0.03,0.09,0.94,-6.05,2.53,-9.1
19,0.0,0.09,0.93,-6.56,0.33,-8.77
20,0.02,0.09,0.94,-8.39,-0.56,-9.22
21,0.05,0.08,0.97,-8.47,-2.69,-10.13
22,0.06,0.07,0.99,-6.32,-4.21,-10.6
23,0.04,0.08,0.97,-6.41,-3.13,-9.66
24,0.05,0.08,0.96,-7.26,-3.24,-8.88
25,0.07,0.09,0.97,-8.63,-5.12,-10.76
26,0.09,0.08,1.0,-9.42,-7.18,-11.91
27,0.08,0.07,1.01,-8.66,-4.14,-9.34
28,0.05,0.07,1.03,-8.15,-1.55,-7.95
29,0.06,0.06,1.04,-7.12,-3.46,-8.9
30,0.06,0.05,1.06,-5.42,-4.02,-9.47
31,0.07,0.05,1.06,-2.79,-4.47,-9.98
32,0.05,0.06,1.04,-1.63,-3.49,-10.05
33,0.05,0.06,1.03,-1.49,-4.31,-10.2
34,0.07,0.06,1.02,-2.37,-5.22,-12.87
35,0.06,0.04,1.06,-0.84,-5.33,-13.89
36,0.05,0.04,1.07,2.51,-1.83,-11.14
37,0.04,0.05,1.05,4.19,0.53,-9.57
38,0.04,0.05,1.04,4.4,1.82,-9.76
39,0.06,0.05,1.04,5.77,3.49,-9.21
40,0.03,0.05,1.04,7.3,5.92,-6.66
41,0.02,0.05,1.0,8.12,6.39,-5.3
42,0.03,0.07,0.99,8.25,4.2,-5.41
43,0.04,0.07,0.97,7.85,0.98,-7.47
44,0.03,0.08,0.96,6.88,-2.28,-8.22
45,0.01,0.09,0.95,6.78,-1.6,-6.15
46,0.03,0.1,0.94,5.35,-1.26,-6.17
47,0.04,0.11,0.93,3.79,-2.51,-7.49
48,0.05,0.11,0.91,1.99,-4.45,-9.88
49,0.01,0.1,0.93,1.62,-5.12,-9.37
50,0.01,0.11,0.9,1.34,-4.93,-7.47
51,-0.0,0.11,0.92,-1.47,-4.05,-8.66
52,0.03,0.1,0.94,-0.66,-1.63,-5.24
53,0.0,0.09,0.95,-2.38,1.59,-3.31
54,-0.0,0.1,0.99,-3.02,8.23,1.11
55,-0.01,0.1,0.95,-4.11,10.4,3.49
56,0.03,0.1,0.95,-4.4,5.31,-0.9
57,0.01,0.1,0.98,-4.6,-2.23,-4.04
58,-0.0,0.09,0.97,-2.77,-1.79,-1.73
59,-0.01,0.1,0.95,-3.14,0.15,0.35
60,0.0,0.09,0.97,-4.79,-0.93,-0.37
61,0.03,0.08,0.99,-3.65,-0.46,-0.07
62,-0.0,0.09,0.97,-2.63,0.78,1.69
63,-0.0,0.11,0.95,-3.5,-0.27,2.45
64,0.03,0.1,0.96,-5.96,-4.05,-0.51
65,0.04,0.09,1.0,-5.83,-5.43,-0.87
66,0.03,0.09,1.02,-3.08,1.11,3.6
67,0.03,0.1,0.97,-3.35,3.69,5.15
68,0.02,0.11,0.97,-5.42,2.46,5.1
69,0.03,0.09,0.99,-6.69,5.18,6.98
70,0.03,0.09,1.0,-6.01,3.06,6.26
71,0.03,0.08,1.01,-5.53,1.88,5.08
72,0.03,0.07,1.03,-3.88,-0.21,5.46
73,0.06,0.07,1.02,-1.92,-2.37,4.63
74,0.06,0.08,1.02,0.37,0.21,7.1
75,0.05,0.09,0.99,0.91,3.87,8.92
76,0.04,0.1,0.97,-0.76,0.1,4.88
77,0.06,0.11,0.99,-2.25,-4.75,1.18
78,0.08,0.09,1.0,-2.39,-7.21,-2.66
79,0.08,0.09,1.01,-1.5,-3.69,-2.68
80,0.04,0.09,1.0,-1.64,-1.34,-2.11
81,0.05,0.09,1.0,-2.18,-1.24,-0.52
82,0.05,0.1,1.0,-2.21,-0.24,-1.29
83,0.06,0.1,0.98,-2.53,0.11,-1.09
84,0.04,0.09,0.98,-2.63,0.71,-1.15
85,0.04,0.1,0.97,-2.48,-1.02,-1.97
86,0.06,0.11,0.97,-3.0,-1.6,-2.75
87,0.04,0.1,0.96,-4.2,-0.07,-2.19
88,0.03,0.1,0.97,-5.4,0.5,-1.92
89,0.02,0.09,0.98,-5.71,-1.34,-1.72
90,0.03,0.09,0.98,-5.8,-2.33,-2.18
91,0.04,0.09,0.98,-5.66,-0.63,-1.21
92,0.04,0.08,0.97,-6.27,-0.27,-2.19
93,0.04,0.08,0.98,-6.4,-1.6,-2.67
94,0.04,0.08,1.0,-5.95,-1.79,-2.31
95,0.04,0.07,0.99,-4.69,-0.55,-0.91
96,0.04,0.07,0.98,-4.4,1.53,0.01
97,0.04,0.08,0.98,-4.14,-0.35,-1.05
98,0.03,0.07,0.98,-3.89,-3.59,-2.4
99,0.05,0.07,0.99,-3.77,-3.76,-2.44
100,0.05,0.08,0.98,-4.12,-1.73,-2.39
101,0.05,0.09,0.98,-4.47,-0.23,-1.56
102,0.06,0.09,0.98,-4.99,-0.13,-2.21
103,0.05,0.1,0.98,-5.56,0.55,-2.37
104,0.06,0.1,0.97,-5.92,0.32,-3.72
105,0.03,0.09,0.99,-5.49,-3.02,-5.72
106,0.03,0.07,1.01,-3.73,-4.76,-4.94
107,0.03,0.09,1.0,-2.23,-1.19,-2.5
108,0.02,0.1,0.98,-2.7,0.79,-1.77
109,0.02,0.09,0.97,-3.79,-0.31,-1.81
110,0.02,0.09,0.98,-4.58,-1.47,-2.75
111,0.03,0.08,0.99,-4.53,-1.34,-2.59
112,0.02,0.08,0.98,-4.37,-0.34,-2.24
113,0.01,0.08,0.99,-4.43,-1.49,-2.62
114,0.02,0.08,0.99,-4.24,-1.55,-2.18
115,0.02,0.08,0.99,-3.95,-0.58,-1.0
116,0.02,0.08,0.97,-3.95,-0.92,-0.4
117,0.02,0.08,0.98,-3.72,-2.24,-0.08
118,0.04,0.08,0.97,-4.75,-2.85,-0.82
119,0.03,0.07,0.99,-4.67,-3.24,-1.15
120,0.05,0.06,1.0,-3.53,-1.73,-0.35
121,0.04,0.07,0.99,-3.26,-0.8,-1.18
122,0.04,0.08,0.98,-3.05,-1.88,-1.02
123,0.05,0.08,0.98,-4.02,-2.34,-1.66
124,0.05,0.08,0.98,-3.44,-1.31,-2.58
125,0.06,0.09,0.98,-4.32,0.19,-1.37
126,0.07,0.07,0.99,-4.08,-3.51,-2.98
127,0.05,0.07,0.99,-3.88,-2.51,-2.56
128,0.06,0.09,0.98,-4.04,-1.64,-2.18
129,0.06,0.08,0.98,-4.15,-2.19,-3.16
130,0.06,0.09,0.98,-4.27,-2.96,-4.53
131,0.06,0.08,0.97,-4.92,-4.89,-5.2
132,0.05,0.08,0.99,-5.21,-4.46,-5.53
133,0.06,0.07,1.01,-5.27,-3.37,-5.38
134,0.05,0.06,1.01,-5.42,-2.01,-5.51
135,0.05,0.07,1.02,-4.27,-1.54,-5.55
136,0.05,0.07,1.03,-2.61,-0.7,-4.54
137,0.04,0.08,1.02,-1.23,0.32,-3.97
138,0.03,0.08,1.01,-0.82,-1.51,-4.39
139,0.03,0.08,1.0,0.7,1.77,-2.22
140,0.02,0.09,0.99,2.01,3.4,-1.3
141,0.01,0.09,0.98,3.18,1.55,-1.3
142,0.01,0.12,0.96,3.87,1.03,-1.56
143,0.0,0.14,0.95,3.32,0.11,-1.69
144,-0.0,0.16,0.93,1.68,2.1,-0.13
145,0.0,0.19,0.91,-1.37,4.6,1.76
146,-0.01,0.21,0.93,-4.6,8.11,3.06
147,-0.01,0.24,0.97,-5.55,9.49,4.1
148,-0.0,0.26,1.01,-4.11,9.4,3.82
149,0.01,0.28,1.02,-0.27,9.72,4.24
150,0.01,0.33,1.04,2.65,5.37,2.35
151,0.08,0.36,1.05,12.37,7.92,1.17
152,0.1,0.4,0.97,15.41,13.69,2.82
153,0.13,0.44,0.91,16.29,-3.2,-2.72
154,0.16,0.49,0.91,16.48,-8.82,-8.8
155,0.2,0.55,0.83,10.34,-5.79,-12.19
156,0.22,0.54,0.78,-4.93,-8.15,-21.99
157,0.17,0.53,0.85,-18.97,-8.82,-29.15
158,0.09,0.48,0.93,-29.47,1.35,-28.18
159,0.03,0.41,1.01,-34.27,4.58,-28.82
160,-0.01,0.32,1.11,-28.38,13.48,-23.11
161,-0.11,0.29,1.16,-20.03,22.42,-12.5
162,-0.19,0.29,1.13,-10.37,21.47,-8.6
163,-0.24,0.34,1.07,-0.37,13.14,-4.88
164,-0.23,0.37,1.02,7.6,5.08,-3.54
165,-0.21,0.41,0.98,11.38,-1.65,-1.02
166,-0.15,0.46,0.92,10.56,-2.67,0.68
167,-0.04,0.51,0.85,4.29,-3.66,-1.53
168,0.02,0.55,0.84,-6.06,-1.2,-2.74
169,0.09,0.57,0.88,-16.72,2.38,-5.38
170,0.14,0.6,0.88,-28.38,7.18,-9.92
171,0.14,0.6,0.9,-41.02,12.53,-16.22
172,0.07,0.58,0.94,-51.43,20.03,-17.4
173,-0.0,0.5,1.04,-55.66,27.78,-12.82
174,-0.01,0.45,1.07,-56.03,34.31,-7.24
175,-0.02,0.39,1.09,-55.64,35.04,-7.72
176,-0.0,0.32,1.13,-53.35,42.21,-3.31
177,0.04,0.26,1.1,-51.77,62.79,4.13
178,-0.0,0.21,1.08,-49.12,65.34,2.67
179,-0.06,0.13,1.08,-43.53,54.74,-4.53
180,-0.1,0.09,1.08,-32.55,43.52,-5.62
181,-0.08,0.04,1.04,-21.76,26.34,-11.57
182,-0.04,-0.02,0.99,-12.6,7.35,-21.34
183,-0.01,-0.06,0.92,-10.07,-6.68,-29.99
184,0.05,-0.12,0.87,-15.2,1.11,-31.53
185,0.05,-0.18,0.82,-25.5,19.02,-30.47
186,0.01,-0.28,0.86,-37.93,34.52,-31.03
187,-0.08,-0.34,0.91,-44.76,50.15,-28.1
188,-0.16,-0.4,0.96,-45.08,60.18,-24.68
189,-0.24,-0.48,1.02,-38.47,57.91,-21.72
190,-0.26,-0.55,1.1,-24.55,45.56,-18.72
191,-0.21,-0.54,1.08,-12.98,19.93,-22.93
192,-0.21,-0.49,1.07,-4.6,-3.15,-28.01
193,-0.17,-0.52,0.99,-0.43,-17.27,-27.03
194,-0.15,-0.5,0.98,7.11,-27.04,-28.57
195,-0.07,-0.54,0.97,11.25,-25.6,-27.22
196,0.01,-0.54,1.0,13.76,-19.44,-27.77
197,0.03,-0.58,1.06,21.9,-23.47,-28.96
198,0.01,-0.55,1.01,35.06,-21.08,-29.86
199,0.02,-0.55,0.91,44.18,-27.47,-36.05
200,-0.04,-0.55,0.82,37.62,-34.53,-40.82
201,0.0,-0.5,0.79,35.56,-40.95,-45.79
202,0.04,-0.48,0.7,35.0,-39.77,-56.24
203,-0.08,-0.41,0.64,19.73,-44.92,-60.3
204,-0.18,-0.42,0.63,5.05,-31.08,-45.59
205,-0.24,-0.38,0.69,-0.94,-29.05,-36.11
206,-0.32,-0.31,0.79,-6.59,-47.4,-28.22
207,-0.35,-0.28,0.86,-13.08,-68.67,-17.95
208,-0.24,-0.27,0.99,-17.07,-88.69,-9.5
209,-0.03,-0.26,1.12,-16.03,-99.39,-7.0
210,0.16,-0.28,1.26,-13.94,-94.97,-5.11
211,0.32,-0.27,1.32,-9.7,-69.0,-5.69
212,0.4,-0.24,1.3,-7.11,-31.71,-8.37
213,0.36,-0.21,1.26,-3.81,3.37,-8.01
214,0.22,-0.17,1.14,-4.4,26.87,-7.68
215,0.1,-0.12,1.01,-10.18,40.18,-7.63
216,-0.02,-0.08,0.92,-17.76,44.97,-3.62
217,-0.04,-0.1,0.88,-26.08,36.88,-3.18
218,-0.09,-0.14,0.88,-31.03,28.34,0.4
219,-0.15,-0.13,0.86,-37.76,9.87,1.68
220,-0.09,-0.13,0.85,-42.99,-13.79,-0.1
221,-0.05,-0.17,0.89,-46.3,-31.04,-3.08
222,-0.04,-0.28,1.06,-41.21,-32.9,1.95
223,0.04,-0.37,1.24,-25.64,-23.21,14.34
224,0.13,-0.37,1.26,-4.67,-14.69,23.89
225,0.16,-0.31,1.2,12.33,-10.1,29.47
226,0.16,-0.23,1.07,19.18,-7.46,32.98
227,0.17,-0.16,0.97,18.21,-5.34,32.65
228,0.18,-0.11,0.89,11.64,-2.11,29.05
229,0.16,-0.07,0.85,0.5,-0.87,27.59
230,0.14,-0.05,0.77,-9.83,3.61,25.11
231,0.19,-0.06,0.75,-22.96,5.23,20.88
232,0.24,-0.09,0.75,-36.63,-0.31,12.54
233,0.22,-0.13,0.73,-47.85,-7.52,3.05
234,0.21,-0.2,0.82,-58.06,-6.06,-1.76
235,0.18,-0.27,0.92,-59.43,-0.95,-2.14
236,0.11,-0.35,1.02,-53.75,6.97,0.95
237,0.06,-0.41,1.06,-44.6,6.19,3.08
238,0.02,-0.44,1.15,-26.29,2.66,8.69
239,-0.04,-0.42,1.16,-5.61,0.29,18.11
240,-0.02,-0.43,1.1,12.6,-6.62,26.15
241,0.04,-0.42,1.05,26.5,-16.27,26.53
242,0.1,-0.4,1.05,38.78,-18.41,29.34
243,0.11,-0.36,1.0,48.6,-15.78,31.58
244,0.11,-0.28,0.94,52.4,-15.84,30.34
245,0.11,-0.2,0.88,50.34,-14.21,28.88
246,0.13,-0.15,0.87,48.79,-11.8,27.06
247,0.12,-0.1,0.86,46.76,-8.49,26.69
248,0.13,-0.07,0.84,41.08,-9.3,22.87
249,0.11,-0.04,0.87,36.47,-11.69,19.73
250,0.09,-0.04,0.93,36.43,-14.56,20.43
251,0.13,-0.05,0.93,36.86,-18.73,18.82
252,0.14,-0.04,0.95,36.79,-15.0,18.28
253,0.17,-0.03,0.95,37.7,-4.27,20.58
254,0.19,0.01,0.93,35.2,2.93,20.14
255,0.2,0.03,0.93,32.11,11.97,19.11
256,0.19,0.06,0.92,27.99,16.86,15.76
257,0.13,0.08,0.93,27.23,19.79,13.02
258,0.04,0.08,0.92,26.57,18.39,13.4
259,-0.0,0.07,0.89,23.82,14.16,12.99
260,-0.0,0.06,0.87,19.66,8.05,11.05
261,-0.03,0.04,0.88,16.1,1.08,7.82
262,-0.0,0.02,0.9,11.34,0.58,9.46
263,0.03,0.01,0.94,8.05,0.98,8.91
264,0.03,0.01,0.98,7.8,3.63,9.47
265,0.04,0.02,1.01,10.02,10.54,13.5
266,0.09,0.03,0.98,13.08,20.58,14.9
267,0.09,0.04,0.95,13.48,17.9,9.83
268,0.01,0.08,0.97,13.62,12.85,6.31
269,-0.04,0.1,0.95,15.21,11.66,7.92
270,-0.05,0.1,0.93,14.44,5.92,8.18
271,-0.04,0.08,0.92,11.66,3.44,6.54
272,-0.05,0.07,0.94,8.32,1.55,7.43
273,-0.01,0.05,0.99,6.6,4.89,9.77
274,0.04,0.07,0.98,2.87,9.34,10.24
275,0.07,0.07,1.01,2.98,11.57,8.32
276,0.05,0.06,1.03,5.4,13.25,6.47
277,-0.01,0.07,1.02,8.25,13.05,7.46
278,-0.06,0.07,0.98,11.95,8.76,8.18
279,-0.09,0.09,0.92,12.19,-0.57,4.26
280,-0.09,0.09,0.91,14.03,-8.78,4.15
281,-0.08,0.11,0.88,12.24,-10.78,5.94
282,-0.02,0.13,0.87,5.87,-11.11,5.56
283,0.0,0.14,0.89,-0.63,-8.11,4.78
284,0.01,0.16,0.92,-6.43,-5.31,3.91
285,0.02,0.16,0.96,-8.2,-3.62,3.71
286,-0.0,0.16,0.97,-9.16,-2.57,3.31
287,0.0,0.14,0.98,-8.9,-4.9,0.05
288,0.01,0.1,1.01,-4.34,-9.15,-1.4
289,-0.03,0.12,1.04,-0.12,-10.24,-0.3
290,-0.01,0.12,1.03,1.83,-11.95,-0.69
291,0.01,0.1,1.03,0.7,-14.69,-3.09
292,-0.0,0.11,1.07,3.17,-12.62,-0.4
293,0.04,0.11,1.04,2.44,-8.02,-1.71
294,0.02,0.11,1.05,2.27,-7.4,-2.33
295,0.01,0.1,1.06,2.98,-6.19,-0.85
296,0.0,0.1,1.05,6.14,-2.7,1.5
297,-0.02,0.11,1.02,7.02,-6.03,1.04
298,-0.03,0.11,0.98,8.53,-9.57,1.54
299,-0.01,0.13,0.96,8.23,-11.25,2.35
300,-0.01,0.12,0.92,4.11,-14.53,0.11
301,-0.01,0.13,0.94,0.84,-18.06,-0.6
302,0.04,0.11,0.99,0.28,-14.63,1.49
303,0.05,0.1,0.99,-1.06,-10.89,1.52
304,0.02,0.11,1.0,1.64,-8.25,4.63
305,0.02,0.12,0.95,3.22,-7.71,5.73
306,0.02,0.12,0.9,0.63,-9.11,4.49
307,-0.02,0.11,0.87,-2.02,-10.56,4.8
308,-0.02,0.12,0.85,-6.82,-13.94,4.76
309,0.01,0.12,0.89,-13.04,-21.68,2.27
310,0.1,0.1,0.96,-16.9,-22.9,-0.09
311,0.14,0.09,1.02,-18.56,-15.09,2.07
312,0.15,0.09,1.07,-18.95,-2.99,6.07
313,0.16,0.09,1.08,-15.96,3.73,7.75
314,0.15,0.09,1.07,-13.28,0.42,4.3
315,0.16,0.09,1.05,-11.38,-1.24,0.44
316,0.12,0.1,1.04,-8.89,-1.42,-1.97
317,0.1,0.1,1.03,-6.34,-4.84,-4.44
318,0.1,0.11,0.99,-5.34,-8.87,-7.54
319,0.1,0.12,0.96,-7.4,-7.34,-9.02
320,0.08,0.12,0.94,-10.37,-1.63,-9.26
321,0.05,0.12,0.94,-15.19,4.15,-7.88
322,0.02,0.12,0.96,-18.07,10.34,-3.85
323,0.01,0.11,0.97,-20.44,12.76,-3.27
324,-0.01,0.1,0.98,-21.5,10.84,-3.54
325,-0.0,0.1,0.99,-22.56,9.99,-3.6
326,0.02,0.09,1.01,-22.83,7.86,-5.77
327,0.0,0.08,1.04,-20.39,4.29,-7.58
328,0.01,0.07,1.03,-18.58,4.66,-8.11
329,-0.01,0.07,1.04,-16.42,5.96,-6.63
330,-0.0,0.08,1.06,-13.82,8.72,-5.07
331,0.01,0.09,1.02,-13.27,10.39,-6.04
332,-0.0,0.1,1.01,-12.45,6.63,-8.63
333,0.02,0.1,1.02,-11.4,5.2,-10.11
334,0.02,0.09,1.01,-11.34,8.51,-10.07
335,0.02,0.09,1.02,-8.76,11.26,-8.0
336,0.02,0.1,0.99,-7.56,9.76,-9.5
337,0.03,0.12,0.98,-7.55,7.31,-10.78
338,0.02,0.11,0.97,-9.85,9.49,-11.75
339,-0.01,0.11,0.96,-12.84,12.27,-11.2
340,-0.02,0.11,0.98,-14.72,14.34,-9.52
341,-0.04,0.1,0.98,-15.6,18.25,-5.93
342,-0.08,0.11,0.98,-17.98,19.69,-2.75
343,-0.1,0.11,0.99,-18.59,16.8,0.33
344,-0.08,0.11,1.01,-18.22,12.0,2.39
345,-0.03,0.11,1.04,-15.08,6.57,1.37
346,-0.03,0.12,1.07,-14.27,-2.47,0.57
347,-0.03,0.12,1.06,-13.06,-5.04,1.34
348,-0.02,0.12,1.08,-11.5,-2.68,5.32
349,0.01,0.11,1.07,-8.95,-1.5,7.92
350,0.01,0.11,1.07,-7.59,-1.92,7.83
351,0.03,0.09,1.05,-6.44,-3.01,7.0
352,0.04,0.08,1.05,-5.19,-4.6,4.46
353,0.04,0.06,1.04,-3.31,-5.12,3.31
354,0.06,0.05,1.01,-2.74,-3.69,2.57
355,0.07,0.03,0.99,-2.5,-2.95,0.08
356,0.06,0.02,0.98,-2.48,-3.85,-1.46
357,0.07,0.01,0.98,-3.44,-1.55,-2.5
358,0.08,-0.01,0.97,-5.79,1.05,-3.87
359,0.08,-0.01,0.99,-7.0,3.37,-4.44
360,0.07,-0.02,1.01,-7.47,6.4,-4.4
361,0.06,-0.03,1.02,-5.44,10.09,-3.24
362,0.05,-0.03,1.02,-1.89,11.11,-4.05
363,0.03,-0.02,1.02,1.66,10.55,-4.62
364,0.06,0.0,0.98,4.15,9.0,-4.34
365,0.02,0.03,0.95,5.4,6.34,-6.43
366,0.01,0.05,0.92,2.93,4.55,-7.07
367,0.01,0.06,0.91,-0.61,4.95,-7.46
368,-0.01,0.05,0.92,-4.39,5.69,-6.43
369,-0.02,0.05,0.95,-7.11,7.19,-3.02
370,-0.01,0.04,0.97,-9.17,6.29,-2.77
371,-0.01,0.03,1.0,-9.34,2.74,-3.89
372,0.0,0.02,1.02,-8.17,-0.79,-4.98
373,0.04,-0.0,1.06,-4.92,-2.84,-4.39
374,0.05,-0.01,1.05,-1.43,-3.88,-5.9
375,0.05,-0.01,1.08,1.21,-6.77,-7.02
376,0.05,-0.02,1.07,4.45,-5.79,-7.73
377,0.05,-0.02,1.05,5.94,-7.64,-9.56
378,0.05,-0.0,1.03,6.53,-8.63,-11.15
379,0.09,-0.0,1.01,6.05,-6.47,-10.64
380,0.06,-0.01,0.99,3.33,-1.05,-10.75
381,0.03,-0.01,1.01,1.76,4.9,-7.66
382,0.02,-0.01,1.02,1.09,8.06,-6.22
383,0.03,-0.01,1.01,1.05,9.98,-5.66
384,0.04,-0.01,1.0,0.82,10.88,-6.82
385,0.03,0.01,0.99,0.95,10.44,-8.4
386,0.04,0.01,0.98,0.9,9.57,-10.35
387,0.02,0.02,0.97,2.02,8.56,-12.09
388,-0.01,0.03,0.96,2.11,4.42,-14.45
389,0.02,0.03,0.96,1.62,1.4,-16.36
390,0.0,0.04,0.97,0.99,3.03,-16.79
391,-0.03,0.03,0.96,-0.19,5.19,-13.83
392,-0.05,0.02,0.98,-1.44,6.82,-12.62
393,-0.04,0.01,0.99,-1.13,8.98,-9.54
394,-0.05,0.01,0.99,-0.1,11.68,-7.24
395,-0.07,0.02,0.98,0.73,11.83,-5.27
396,-0.07,0.03,0.96,0.42,10.54,-4.8
397,-0.08,0.03,0.95,0.21,9.24,-3.12
398,-0.07,0.03,0.97,1.06,11.76,-0.71
399,-0.05,0.03,0.95,1.26,12.27,-1.94
400,-0.07,0.03,0.97,1.79,8.23,-3.82
