,accel_x,accel_y,accel_z,gyro_x,gyro_y,gyro_z
0,0.05,0.05,1.0,-1.47,-1.96,-1.73
1,0.07,0.05,1.0,-0.71,-2.99,-2.98
2,0.09,0.04,1.0,0.15,-1.57,-3.48
3,0.09,0.07,0.97,-2.13,3.46,-3.43
4,0.09,0.08,0.98,-3.51,5.24,-3.6
5,0.1,0.07,0.98,-1.37,4.14,-6.31
6,0.1,0.12,0.94,-1.02,5.73,-6.85
7,0.07,0.1,0.97,-1.35,4.96,-5.32
8,0.06,0.09,0.98,-0.24,0.54,-3.16
9,0.07,0.09,0.98,0.97,-2.35,-2.2
10,0.06,0.09,0.97,0.56,-2.47,-0.87
11,0.05,0.08,0.96,-1.02,-2.85,-1.98
12,0.06,0.07,0.99,-1.27,-4.25,-3.56
13,0.07,0.07,0.96,-2.4,-5.25,-5.31
14,0.08,0.07,0.96,-1.16,-3.64,-6.29
15,0.09,0.07,0.98,-0.9,0.02,-1.14
16,0.07,0.06,0.99,-1.05,-0.36,-0.33
17,0.09,0.05,1.01,0.34,0.24,2.11
18,0.1,0.01,1.06,4.6,-0.17,-2.34
19,0.1,0.08,1.0,3.4,2.49,0.44
20,0.08,0.08,1.0,3.02,2.66,0.35
21,0.08,0.09,1.01,3.71,1.58,0.85
22,0.09,0.1,0.99,4.06,1.12,0.35
23,0.1,0.11,0.98,3.68,1.11,-1.4
24,0.1,0.11,0.99,3.56,1.6,-3.67
25,0.08,0.11,0.99,2.95,1.64,-5.29
26,0.09,0.12,0.99,2.3,1.82,-6.41
27,0.07,0.12,0.97,2.68,0.91,-7.98
28,0.05,0.12,0.97,3.25,-1.85,-7.72
29,0.04,0.11,0.97,3.05,-2.07,-6.23
30,0.03,0.11,0.97,3.25,-2.89,-6.47
31,0.03,0.1,0.96,1.98,-4.48,-7.41
32,0.03,0.11,0.96,-0.49,-3.4,-8.96
33,0.01,0.11,0.97,-2.67,-0.31,-10.05
34,0.0,0.1,0.98,-2.55,-0.79,-11.1
35,0.0,0.1,0.98,-1.43,-3.3,-11.37
36,0.01,0.1,0.98,-1.18,-3.31,-10.81
37,0.01,0.1,0.97,-0.48,-4.47,-9.66
38,0.02,0.09,0.97,0.39,-4.77,-9.06
39,0.02,0.1,0.96,-0.67,-4.4,-9.54
40,0.01,0.09,0.97,-1.98,-2.51,-8.85
41,0.02,0.09,0.96,-2.98,1.81,-6.39
42,0.01,0.1,0.94,-5.46,4.07,-3.93
43,0.01,0.09,0.93,-8.82,6.34,-1.85
44,0.01,0.09,0.94,-10.84,10.19,2.37
45,-0.01,0.08,0.96,-13.92,10.17,2.35
46,0.01,0.09,0.98,-13.14,9.27,5.08
47,0.01,0.08,0.99,-10.91,6.12,5.08
48,0.03,0.08,1.0,-10.22,7.03,4.81
49,0.03,0.06,1.0,-8.69,9.3,-4.48
50,0.07,0.1,0.98,-2.74,8.16,-48.4
51,0.03,0.1,0.96,-3.68,6.34,-22.08
52,0.06,0.22,0.98,-5.53,7.56,-13.02
53,-0.01,0.03,1.0,-3.41,4.95,-2.53
54,0.06,0.17,0.99,-11.33,14.46,-8.51
55,0.0,0.05,1.02,-6.21,-8.89,1.06
56,0.15,0.06,0.98,-7.86,8.2,-14.56
57,0.06,0.16,1.03,-7.97,5.93,-0.99
58,0.08,0.07,1.01,-3.47,2.52,-1.43
59,0.09,0.07,0.98,-3.06,2.34,-8.73
60,0.06,0.08,0.98,-2.37,-0.6,-6.96
61,0.08,0.09,0.97,-3.27,-1.03,-6.36
62,0.06,0.07,0.98,-3.08,-0.95,-8.04
63,0.04,0.08,1.0,-0.72,-5.49,-2.08
64,0.09,0.08,1.0,-1.87,-7.29,-4.05
65,0.07,0.08,1.0,-2.92,-6.4,-4.92
66,0.09,0.09,0.99,-2.28,-6.71,-6.28
67,0.08,0.09,0.99,-1.37,-8.53,-6.45
68,0.07,0.08,1.01,-1.71,-9.82,-7.64
69,0.06,0.07,1.02,0.27,-12.26,-7.47
70,0.08,0.08,1.03,0.13,-10.2,-6.47
71,0.1,0.06,1.02,0.28,-3.79,-1.56
72,0.05,0.09,1.0,-2.82,-3.25,-7.52
73,0.06,0.1,1.03,-0.55,-0.11,-3.26
74,0.07,0.11,1.01,1.09,1.19,-4.06
75,0.06,0.11,0.99,-0.52,2.47,-4.15
76,0.06,0.12,0.99,-2.4,7.92,-1.36
77,0.03,0.13,0.98,-4.1,7.38,-5.34
78,0.03,0.12,0.98,-3.0,4.11,-6.85
79,0.03,0.14,0.95,-4.0,1.21,-7.31
80,0.05,0.12,0.96,-5.43,-2.3,-9.41
81,0.08,0.12,0.98,-5.41,-5.6,-10.61
82,0.05,0.11,1.03,-5.49,-5.91,-16.32
83,0.06,0.1,1.03,-2.34,-7.53,-17.17
84,0.05,0.1,1.03,0.48,-7.22,-15.97
85,-0.03,0.11,1.02,-1.37,-7.32,-23.18
86,-0.03,0.12,1.0,-1.18,-9.37,-20.82
87,-0.06,0.16,0.98,-3.4,-10.85,-21.13
88,-0.05,0.18,0.96,-4.89,-12.28,-14.71
89,-0.02,0.24,0.94,-10.82,-11.63,-12.61
90,0.01,0.29,0.93,-15.85,-9.84,-7.44
91,0.02,0.36,0.95,-21.97,-7.11,-7.16
92,0.06,0.38,0.96,-24.66,-4.21,-7.46
93,0.05,0.41,1.01,-25.12,-0.93,-8.01
94,0.06,0.42,1.03,-23.81,2.69,-8.29
95,0.09,0.46,1.05,-20.73,6.63,-5.99
96,0.1,0.48,1.04,-20.58,11.08,-12.47
97,0.1,0.53,1.03,-17.88,9.37,-17.34
98,0.07,0.54,1.03,-12.85,3.19,-23.62
99,0.05,0.57,0.99,-6.77,-6.1,-29.08
100,0.05,0.6,0.96,-4.37,-12.53,-33.35
101,0.08,0.62,0.9,-4.27,-13.89,-35.19
102,0.11,0.67,0.88,-11.73,-8.63,-34.28
103,0.07,0.69,0.83,-17.51,-5.61,-37.99
104,0.04,0.74,0.81,-24.08,-9.08,-37.26
105,0.04,0.75,0.79,-29.69,-12.2,-32.87
106,0.03,0.8,0.76,-42.68,-13.58,-29.74
107,0.06,0.84,0.7,-58.39,-15.86,-23.92
108,0.09,0.92,0.64,-83.5,-17.62,-18.54
109,0.1,0.97,0.66,-107.14,-17.93,-9.62
110,0.06,0.96,0.66,-126.01,-24.41,-7.52
111,0.09,0.99,0.72,-146.84,-25.17,-9.01
112,0.09,1.02,0.73,-167.5,-15.66,-14.08
113,0.06,1.02,0.77,-178.5,-10.74,-15.63
114,0.07,0.91,0.81,-179.05,-12.41,-21.38
115,0.13,0.85,0.84,-176.02,-4.11,-26.34
116,0.14,0.77,0.76,-172.24,8.69,-39.89
117,0.16,0.64,0.76,-156.43,31.77,-43.5
118,0.18,0.25,0.69,-114.89,53.85,-37.26
119,0.21,-0.3,0.57,-39.59,70.18,-8.69
120,0.12,-1.16,0.27,49.66,82.72,56.57
121,0.08,-2.0,-0.24,153.59,84.55,170.09
122,0.3,-2.0,-1.24,205.33,85.41,250.13
123,0.94,-2.0,-1.32,27.55,85.43,250.13
124,1.75,-2.0,-2.0,-173.2,89.37,219.83
125,2.0,-2.0,-2.0,-250.14,-33.92,-224.3
126,0.41,-2.0,1.88,-250.14,-18.17,-250.14
127,-2.0,-2.0,2.0,-250.14,-250.14,-250.14
128,-2.0,-2.0,2.0,65.45,-250.14,-250.14
129,-2.0,-2.0,2.0,250.13,14.76,208.31
130,-1.55,-2.0,1.58,250.13,147.64,250.13
131,-1.74,-1.41,-2.0,250.13,-231.05,250.13
132,1.08,1.36,-2.0,250.13,-237.15,107.52
133,1.1,1.55,-2.0,-44.84,123.73,105.37
134,1.17,0.44,-2.0,-149.45,-19.26,33.58
135,1.73,-0.14,-0.41,-154.85,-39.47,26.39
136,1.75,-0.52,0.74,-152.38,50.56,7.08
137,1.22,-0.75,1.46,-118.31,88.67,-27.04
138,0.53,-0.68,1.65,-58.16,80.69,-39.47
139,0.2,-0.59,1.5,-0.88,29.32,-40.69
140,0.13,-0.44,1.12,20.87,-1.91,-32.97
141,0.07,-0.35,0.84,15.23,-1.31,-24.18
142,-0.01,-0.33,0.71,4.7,4.54,-14.11
143,-0.03,-0.3,0.66,-6.12,9.03,-1.56
144,0.04,-0.28,0.63,-19.51,2.16,-2.93
145,0.07,-0.28,0.7,-32.22,0.69,-7.88
146,0.05,-0.38,0.94,-38.66,0.98,-6.47
147,0.1,-0.48,1.15,-32.24,-1.11,-3.31
148,0.16,-0.51,1.34,-15.14,16.96,4.24
149,0.16,-0.57,1.35,2.22,0.16,4.76
150,0.17,-0.54,1.28,14.34,-1.01,7.82
151,0.24,-0.48,1.18,18.21,-1.19,6.97
152,0.29,-0.44,1.07,18.66,4.51,4.03
153,0.33,-0.44,1.05,19.97,1.43,4.18
154,0.35,-0.41,1.02,15.89,10.2,7.31
155,0.25,-0.47,1.04,18.16,13.5,9.32
156,0.15,-0.51,1.07,19.43,13.11,14.61
157,0.14,-0.52,1.08,15.61,17.28,23.76
158,0.15,-0.5,1.05,11.43,27.0,29.44
159,0.1,-0.48,1.04,12.65,30.23,35.15
160,0.15,-0.46,1.01,15.28,15.88,33.21
161,0.21,-0.37,0.94,16.98,1.32,28.61
162,0.17,-0.36,0.91,22.15,-19.28,25.19
163,0.26,-0.36,0.95,27.67,-35.64,24.25
164,0.41,-0.4,0.99,30.01,-39.69,16.32
165,0.51,-0.37,1.01,31.24,-19.21,15.11
166,0.48,-0.38,1.01,28.84,13.55,12.31
167,0.46,-0.36,1.0,25.73,40.24,7.14
168,0.36,-0.33,0.93,23.82,63.5,2.4
169,0.17,-0.27,0.88,21.18,62.93,0.11
170,-0.05,-0.24,0.85,22.08,47.44,-2.0
171,-0.19,-0.21,0.8,28.6,14.73,6.98
172,-0.18,-0.22,0.74,33.96,-24.47,13.66
173,0.02,-0.21,0.75,27.15,-47.47,12.84
174,0.18,-0.21,0.8,20.62,-47.08,9.6
175,0.24,-0.22,0.92,18.52,-37.6,7.21
176,0.31,-0.22,0.96,18.51,-18.77,4.84
177,0.32,-0.21,0.98,20.83,-2.99,0.05
178,0.23,-0.21,0.97,24.08,4.9,-3.56
179,0.11,-0.2,0.96,28.67,-6.47,-8.29
180,0.07,-0.18,0.93,33.25,-23.87,-11.14
181,0.07,-0.14,0.89,34.73,-38.43,-12.71
182,0.08,-0.14,0.87,34.07,-46.37,-10.37
183,0.14,-0.13,0.85,26.12,-46.47,-6.83
184,0.24,-0.12,0.85,18.93,-37.54,-3.86
185,0.29,-0.12,0.86,12.76,-23.7,-2.6
186,0.31,-0.13,0.9,4.84,-0.03,0.08
187,0.29,-0.17,0.99,2.2,4.02,-0.52
188,0.26,-0.19,1.03,6.26,5.02,-2.21
189,0.24,-0.18,1.04,11.11,4.24,-2.05
190,0.24,-0.19,1.01,18.44,2.18,-2.27
191,0.24,-0.16,0.98,20.42,-1.31,-6.05
192,0.21,-0.15,0.96,23.15,0.03,-6.92
193,0.18,-0.18,0.97,26.4,-1.17,-6.82
194,0.16,-0.17,0.96,26.2,-1.73,-7.59
195,0.14,-0.18,0.92,26.31,-1.68,-6.53
196,0.12,-0.18,0.88,23.92,-1.76,-6.17
197,0.08,-0.16,0.87,17.56,6.25,-2.67
198,0.05,-0.15,0.87,9.96,12.95,7.03
199,0.03,-0.15,0.91,10.87,13.94,15.65
200,0.08,-0.15,0.92,4.66,15.68,19.76
201,0.15,-0.14,0.96,1.13,21.82,25.21
202,0.24,-0.12,0.97,-1.21,24.56,22.73
203,0.34,-0.11,0.96,0.49,29.08,18.35
204,0.33,-0.11,0.96,1.11,27.2,7.14
205,0.27,-0.11,0.99,2.31,16.76,-3.19
206,0.22,-0.11,1.04,8.89,8.62,-7.12
207,0.14,-0.11,1.06,15.92,-0.54,-10.82
208,0.09,-0.11,1.07,21.36,-3.82,-9.34
209,0.08,-0.11,1.04,22.89,-0.18,-6.63
210,0.1,-0.08,1.01,22.56,5.45,-3.82
211,0.14,-0.1,0.96,21.92,12.77,-0.47
212,0.15,-0.09,0.92,15.95,17.06,0.46
213,0.14,-0.08,0.9,10.47,15.25,0.98
214,0.17,-0.07,0.91,6.47,10.59,-2.07
215,0.19,-0.06,0.92,5.95,7.5,-1.87
216,0.15,-0.1,0.96,6.99,-0.39,-5.12
217,0.12,-0.09,1.02,9.27,-7.69,-7.02
218,0.14,-0.09,1.04,13.92,-13.6,-8.32
219,0.17,-0.08,1.01,19.79,-11.93,-5.42
220,0.15,-0.08,0.99,21.26,-8.5,-5.08
221,0.15,-0.06,0.97,20.44,-6.21,-1.73
222,0.16,-0.05,0.94,17.56,0.49,0.78
223,0.14,-0.03,0.95,10.4,8.47,3.06
224,0.12,-0.03,0.97,5.71,9.15,3.02
225,0.14,-0.0,0.99,4.43,5.87,1.28
226,0.13,-0.0,0.98,6.37,1.08,-2.23
227,0.13,0.0,0.99,7.14,-6.31,-8.09
228,0.15,0.02,0.98,8.76,-9.82,-12.18
229,0.18,0.02,0.99,13.1,-6.86,-11.58
230,0.17,0.01,0.95,13.33,-0.76,-9.56
231,0.12,-0.01,0.94,9.92,3.35,-7.51
232,0.12,-0.02,0.94,8.84,4.75,-1.34
233,0.13,-0.01,0.95,5.47,6.22,0.6
234,0.16,0.02,0.96,2.34,11.01,3.61
235,0.18,0.04,0.97,0.95,14.0,4.47
236,0.22,0.07,0.96,-0.42,17.63,2.73
237,0.23,0.05,0.94,-0.27,17.35,-2.38
238,0.25,0.05,0.93,1.96,11.44,-6.78
239,0.27,0.04,0.95,3.4,5.29,-14.47
240,0.22,0.01,0.98,6.46,0.5,-20.46
241,0.13,-0.0,0.99,8.09,-5.06,-23.56
242,0.08,-0.02,1.0,9.32,-7.19,-21.85
243,0.06,-0.02,1.01,10.44,-3.6,-16.65
244,0.02,-0.02,0.98,10.23,-0.35,-10.26
245,0.01,0.01,0.96,4.89,4.18,-3.83
246,0.01,0.03,0.94,0.28,5.29,1.88
247,0.03,0.04,0.95,-3.17,4.98,7.72
248,0.1,0.06,0.95,-8.37,4.34,12.14
249,0.22,0.07,0.94,-12.22,7.07,11.85
250,0.28,0.06,0.94,-13.15,10.54,7.43
251,0.25,0.04,1.0,-11.41,14.33,4.6
252,0.2,0.01,1.07,-6.49,13.45,2.39
253,0.21,0.01,1.07,-0.94,12.44,0.36
254,0.22,-0.02,1.06,3.4,14.47,-3.0
255,0.18,-0.03,1.04,6.18,13.74,-7.85
256,0.13,-0.03,1.03,7.92,12.01,-10.56
257,0.13,-0.01,1.01,9.34,10.62,-11.86
258,0.12,-0.0,0.98,9.81,11.61,-11.96
259,0.08,-0.01,0.97,8.95,11.3,-11.95
260,0.06,-0.01,0.96,7.4,8.91,-10.55
261,0.07,-0.01,0.96,6.94,8.5,-9.39
262,0.08,0.0,0.99,5.65,10.93,-7.83
263,0.08,0.03,1.01,5.08,14.09,-5.06
264,0.07,0.03,0.99,7.28,14.19,-2.58
265,0.08,0.05,0.96,7.06,13.25,-0.91
266,0.09,0.07,0.95,4.53,14.89,-0.33
267,0.08,0.06,0.94,2.15,13.04,-1.27
268,0.06,0.06,0.94,0.41,8.88,-2.69
269,0.05,0.05,0.95,-0.68,6.32,-2.91
270,0.04,0.05,0.97,-3.48,4.82,-3.24
271,0.03,0.04,0.97,-4.8,2.93,-1.15
272,0.05,0.03,0.99,-6.67,2.92,2.86
273,0.08,0.04,1.01,-10.17,9.64,5.33
274,0.08,0.04,1.02,-11.73,13.66,8.29
275,0.08,0.03,1.02,-11.94,13.33,8.83
276,0.1,0.04,1.04,-11.59,15.15,10.28
277,0.11,0.04,1.04,-11.38,13.22,8.21
278,0.1,0.06,1.05,-11.59,9.78,3.5
279,0.08,0.06,1.06,-11.18,7.69,0.15
280,0.07,0.05,1.08,-8.16,3.15,-2.53
281,0.08,0.04,1.11,-2.95,0.12,-4.75
282,0.09,0.02,1.1,1.47,0.53,-7.49
283,0.07,-0.01,1.1,5.4,2.18,-8.82
284,0.05,-0.02,1.08,10.85,0.37,-8.8
285,0.05,-0.02,1.06,13.37,0.42,-8.93
286,0.06,0.02,0.98,10.44,11.25,-8.9
287,-0.01,-0.04,1.0,16.08,4.21,-9.61
288,0.0,-0.01,0.97,16.87,4.62,-8.4
289,-0.01,0.01,0.91,17.19,3.42,-7.84
290,-0.02,0.02,0.88,16.63,1.87,-5.82
291,-0.02,0.04,0.86,12.88,0.73,-4.36
292,-0.02,0.06,0.85,8.01,0.82,-2.15
293,-0.02,0.06,0.85,4.59,0.73,1.43
294,-0.02,0.06,0.87,0.87,1.24,5.18
295,0.02,0.06,0.87,-3.61,1.95,7.73
296,0.04,0.07,0.9,-7.78,5.53,11.54
297,0.05,0.06,0.94,-8.2,7.94,12.85
298,0.06,0.06,0.96,-7.48,8.0,14.11
299,0.08,0.07,0.99,-8.01,11.5,14.04
300,0.06,0.06,0.98,-5.04,9.72,11.91
301,0.07,0.06,0.99,-2.33,2.55,7.8
302,0.08,0.05,0.98,0.36,-3.69,2.85
303,0.08,0.03,0.97,0.88,-7.61,-1.4
304,0.09,0.03,0.97,-0.17,-8.15,-2.67
305,0.06,0.01,0.97,-1.64,-7.33,-3.47
306,0.06,0.01,0.98,-3.47,-7.59,-3.27
307,0.06,0.02,0.99,-4.12,-5.37,-0.62
308,0.06,0.02,0.96,-4.7,-3.91,2.19
309,0.08,0.01,0.97,-6.21,-2.8,2.73
310,0.08,0.01,0.96,-9.02,-1.39,2.11
311,0.07,-0.01,0.98,-9.24,-2.15,2.02
312,0.08,-0.0,0.99,-8.44,-3.73,2.82
313,0.1,-0.0,0.99,-8.66,-2.05,2.13
314,0.1,-0.01,0.99,-9.07,0.31,0.09
315,0.1,-0.01,1.0,-7.87,2.47,-1.11
316,0.07,-0.01,1.01,-6.53,0.41,-2.79
317,0.07,-0.01,1.01,-5.03,0.16,-2.19
318,0.06,-0.02,1.01,-3.44,-0.45,-2.56
319,0.07,-0.0,1.01,-3.49,-0.51,-2.49
320,0.08,0.01,1.0,-3.28,2.54,-1.31
321,0.05,-0.0,0.98,-2.52,3.47,0.41
322,0.04,-0.01,0.97,-3.13,-0.97,1.79
323,0.06,0.01,0.97,-5.69,-0.66,0.55
324,0.05,0.01,0.99,-5.46,1.72,2.21
325,0.05,0.01,0.98,-6.74,1.18,1.1
326,0.07,0.01,0.97,-8.54,0.82,-0.18
327,0.06,0.01,0.98,-7.61,1.3,-1.73
328,0.05,-0.0,0.97,-5.7,-1.28,-2.1
329,0.06,-0.01,0.97,-6.33,-3.92,-3.37
330,0.07,-0.01,0.99,-6.69,-2.57,-3.53
331,0.05,-0.03,0.99,-5.74,-1.54,-2.78
332,0.03,-0.03,0.99,-6.5,-3.82,-2.92
333,0.05,-0.03,0.99,-7.6,-3.98,-2.34
334,0.05,-0.02,1.01,-6.72,-1.8,0.88
335,0.05,-0.03,1.0,-5.82,-0.92,2.76
336,0.06,-0.03,0.99,-6.8,-1.44,1.18
337,0.07,-0.02,1.0,-7.24,-0.74,0.13
338,0.06,-0.03,1.0,-5.5,-0.73,1.06
339,0.04,-0.04,1.0,-4.4,-3.72,0.59
340,0.06,-0.04,1.0,-4.88,-5.95,-0.39
341,0.08,-0.03,1.01,-4.24,-3.1,0.28
342,0.07,-0.03,1.02,-3.66,-0.82,-0.82
343,0.07,-0.02,1.02,-3.35,-0.27,-0.99
344,0.08,-0.01,1.02,-1.21,1.87,0.33
345,0.08,0.0,1.0,0.38,3.4,0.7
346,0.09,-0.0,0.96,-0.08,1.04,-0.67
347,0.08,-0.0,0.95,-2.67,-1.4,-3.4
348,0.08,-0.0,0.97,-4.27,-2.71,-4.21
349,0.06,-0.0,0.99,-3.8,-4.2,-4.69
350,0.07,-0.02,1.0,-3.79,-3.98,-4.94
351,0.06,-0.02,1.0,-3.54,-3.03,-3.81
352,0.07,-0.02,1.02,-2.6,-1.24,-2.5
353,0.07,-0.02,1.04,-1.52,2.5,-2.04
354,0.07,-0.03,1.01,0.78,1.64,-1.19
355,0.07,-0.03,1.0,1.92,-0.79,-1.41
356,0.06,-0.03,0.99,1.74,-1.13,-2.84
357,0.08,-0.04,0.99,1.63,-2.37,-4.53
358,0.08,-0.04,0.97,-0.69,-3.34,-6.41
359,0.06,-0.05,0.99,-0.5,-1.75,-6.98
360,0.03,-0.05,1.05,1.44,-1.94,-7.11
361,0.04,-0.05,1.06,3.95,-1.6,-4.85
362,0.04,-0.04,1.04,5.01,0.92,-3.37
363,0.03,-0.03,1.01,4.45,2.47,-2.98
364,0.03,-0.03,0.99,4.66,2.03,-1.83
365,0.03,-0.02,0.98,4.04,0.39,-1.62
366,0.04,-0.01,0.98,2.95,0.74,-0.49
367,0.04,0.01,0.96,1.81,1.55,0.49
368,0.05,0.02,0.97,0.89,1.99,1.63
369,0.05,0.02,0.94,0.92,1.04,2.15
370,0.05,0.02,0.95,-0.09,-0.77,1.37
371,0.05,0.02,0.95,-0.42,-2.09,1.98
372,0.07,0.02,0.97,-0.36,-2.62,1.92
373,0.08,0.02,0.96,0.21,-2.24,2.87
374,0.07,0.02,0.98,0.31,-1.18,1.96
375,0.07,0.03,0.98,-0.3,-2.5,1.24
376,0.08,0.02,0.99,-1.08,-2.99,0.41
377,0.1,0.02,1.0,0.26,-0.95,0.12
378,0.09,0.02,0.98,0.32,-0.34,-1.34
379,0.08,0.0,1.0,0.29,-0.98,-3.9
380,0.07,0.01,0.99,0.47,-1.26,-3.79
381,0.07,0.0,1.01,0.98,-0.85,-2.32
382,0.05,0.0,0.99,0.59,-0.85,-3.03
383,0.05,-0.01,0.99,0.79,-1.44,-3.22
384,0.05,-0.01,0.99,0.74,-0.54,-2.91
385,0.05,-0.01,0.99,-0.02,-0.27,-2.68
386,0.05,-0.01,0.97,-1.29,-1.29,-3.37
387,0.05,-0.0,0.98,-1.39,-0.76,-3.07
388,0.05,0.0,1.0,-1.21,-0.81,-1.53
389,0.07,0.01,0.99,-0.98,-2.48,-2.18
390,0.06,-0.0,0.99,-0.4,-2.0,-0.1
391,0.08,0.01,1.01,-0.64,0.22,-1.41
392,0.08,-0.0,0.99,0.89,0.48,-0.66
393,0.06,0.0,0.99,0.78,-1.35,-2.7
394,0.06,0.01,0.99,1.23,-1.47,-2.56
395,0.06,0.0,0.99,1.66,-1.64,-3.11
396,0.07,0.01,0.99,1.62,-2.4,-2.56
397,0.06,0.02,0.97,0.21,-2.69,-2.9
398,0.08,0.02,0.96,-0.82,-2.08,-3.06
399,0.08,0.02,0.96,-2.02,-1.81,-4.74
