,accel_x,accel_y,accel_z,gyro_x,gyro_y,gyro_z
0,0.0,0.03,0.99,4.11,1.21,19.84
1,0.01,0.02,0.98,2.45,0.06,13.97
2,0.01,0.03,0.98,1.49,-1.07,9.72
3,0.02,0.03,0.97,1.21,-3.57,4.02
4,0.03,0.03,0.95,-0.96,-2.61,0.03
5,-0.01,0.04,0.97,-4.47,0.79,-1.95
6,0.01,0.04,0.96,-7.61,4.71,-6.07
7,0.02,0.04,0.95,-10.27,7.92,-10.01
8,0.01,0.04,0.97,-11.07,10.09,-13.05
9,0.0,0.04,0.98,-10.62,10.09,-13.54
10,-0.02,0.04,0.98,-10.78,8.4,-12.53
11,-0.0,0.04,1.0,-9.15,6.99,-10.82
12,0.02,0.01,1.01,-6.91,5.31,-8.86
13,0.04,0.02,0.99,-9.44,6.86,-4.13
14,0.04,0.02,0.99,-13.94,15.92,3.5
15,0.03,0.01,0.99,-20.99,29.36,10.64
16,0.02,-0.0,0.99,-34.57,36.0,6.64
17,0.04,-0.02,1.04,-28.98,40.48,-1.6
18,-0.08,-0.02,1.09,-18.52,27.44,-6.74
19,-0.09,-0.01,1.05,-5.42,13.76,-11.01
20,-0.08,0.03,0.97,-1.39,2.44,-15.88
21,-0.04,0.02,0.96,-0.66,-0.89,-18.32
22,-0.03,0.01,0.95,-1.95,-4.22,-23.14
23,-0.01,0.02,0.94,-10.4,-4.31,-24.41
24,-0.04,0.03,0.94,-14.81,-0.61,-23.73
25,-0.06,-0.0,0.97,-15.81,-5.53,-33.73
26,-0.06,-0.01,0.99,-14.34,-11.58,-46.31
27,-0.06,-0.0,1.0,-14.15,-9.92,-51.8
28,-0.05,-0.0,1.0,-13.79,-10.15,-53.31
29,-0.07,0.01,0.98,-14.52,0.84,-48.76
30,-0.19,0.03,1.01,-12.07,-1.24,-30.51
31,-0.16,-0.0,1.01,-6.72,-11.75,-20.77
32,-0.1,-0.0,0.99,-5.87,-14.24,-13.27
33,-0.07,0.0,0.98,-8.12,-13.4,-6.14
34,-0.05,0.0,0.98,-14.29,-6.52,3.44
35,-0.03,-0.02,1.0,-15.02,-3.44,6.07
36,-0.03,-0.04,1.03,-11.4,-4.89,7.29
37,-0.03,-0.04,1.03,-6.41,-6.52,7.69
38,0.06,-0.08,1.02,-3.28,-13.81,7.27
39,0.04,-0.04,1.0,-3.99,-14.28,2.98
40,0.01,-0.04,1.0,-1.39,-15.97,2.71
41,0.01,-0.04,1.0,-0.29,-18.02,0.95
42,-0.02,-0.05,1.0,3.99,-24.51,-3.96
43,-0.02,-0.04,0.98,7.24,-29.05,-10.42
44,-0.0,-0.03,0.96,6.76,-24.95,-14.5
45,-0.06,0.01,0.99,6.31,-20.11,-2.45
46,-0.06,-0.01,1.01,10.69,-22.05,3.88
47,0.01,-0.03,0.99,10.92,-24.93,7.15
48,0.03,-0.0,0.95,-2.69,-20.6,15.43
49,-0.02,0.01,0.96,-9.46,-12.29,18.61
50,0.01,-0.01,0.97,-5.95,-3.15,16.33
51,0.01,-0.01,0.97,-5.04,-0.68,14.93
52,0.02,-0.0,0.96,-4.79,2.01,11.41
53,0.03,-0.01,0.98,-4.11,5.05,7.31
54,0.04,-0.02,0.98,-1.24,6.48,1.67
55,0.04,-0.01,0.98,-0.83,7.24,2.31
56,0.03,-0.01,0.99,-1.04,8.06,-1.8
57,0.0,-0.02,1.0,1.21,6.81,-3.3
58,-0.05,-0.01,1.03,4.98,0.87,0.57
59,-0.09,-0.0,1.08,10.68,-12.23,7.82
60,-0.04,-0.04,1.04,19.45,-24.59,5.36
61,0.01,-0.03,0.99,24.31,-25.4,-3.52
62,0.03,-0.01,0.98,22.15,-18.31,-7.64
63,0.04,-0.01,0.99,17.53,-13.4,-8.29
64,0.06,-0.01,0.97,14.16,-8.5,-4.74
65,0.07,-0.0,0.96,10.81,-5.37,-2.81
66,0.05,0.0,0.95,5.83,-6.5,-1.53
67,0.03,0.02,0.97,2.34,-7.25,2.24
68,0.04,0.01,0.97,1.16,-6.98,3.66
69,0.02,0.02,1.0,1.35,-8.08,5.17
70,0.01,0.01,1.02,3.34,-10.6,7.58
71,0.03,0.01,1.0,4.94,-10.02,6.21
72,0.03,0.02,0.98,3.27,-6.54,5.91
73,0.03,0.02,0.99,4.15,-5.84,8.83
74,0.06,-0.01,0.98,5.93,-6.89,6.88
75,0.08,0.04,0.95,3.68,-6.79,3.26
76,0.06,0.05,0.95,2.31,-5.91,0.82
77,0.05,0.04,0.96,0.45,-6.04,-2.98
78,0.05,0.05,0.98,0.33,-6.21,-4.84
79,0.06,0.05,0.98,2.11,-5.1,-6.46
80,0.07,0.04,0.99,3.69,-2.98,-8.64
81,0.04,0.05,1.0,5.74,-4.27,-9.31
82,0.07,0.06,0.97,4.69,-1.4,-8.85
83,0.05,0.08,0.95,1.5,-0.92,-8.87
84,0.06,0.08,0.95,-1.79,-2.31,-7.29
85,0.07,0.08,0.96,-4.41,-0.75,-8.39
86,0.08,0.08,0.99,-4.94,2.85,-10.83
87,0.1,0.07,1.01,-3.46,6.82,-10.12
88,0.08,0.09,1.01,-1.31,7.92,-11.22
89,0.08,0.12,0.99,0.5,7.55,-12.25
90,0.09,0.15,0.99,1.14,6.78,-11.24
91,0.09,0.19,0.97,2.34,-0.22,-9.73
92,0.09,0.21,0.97,2.83,-4.93,-11.55
93,0.12,0.28,1.01,4.63,-9.25,-12.3
94,0.16,0.32,0.96,5.5,-10.46,-16.07
95,0.2,0.41,0.95,2.6,-8.24,-19.64
96,0.21,0.47,0.93,-1.22,-1.38,-22.06
97,0.24,0.56,0.92,-6.76,4.26,-28.19
98,0.27,0.64,0.91,-10.81,7.57,-29.79
99,0.33,0.71,0.9,-16.88,11.97,-32.92
100,0.36,0.77,0.9,-24.54,16.82,-36.21
101,0.4,0.83,0.94,-33.58,26.96,-32.73
102,0.45,0.87,1.0,-40.99,33.8,-28.96
103,0.57,0.88,1.05,-47.21,37.13,-32.72
104,0.66,0.87,1.12,-55.76,40.97,-46.09
105,0.64,0.9,1.22,-65.34,37.9,-63.95
106,0.57,0.9,1.31,-65.87,29.85,-83.27
107,0.5,0.92,1.34,-61.24,20.75,-101.34
108,0.51,0.98,1.25,-62.39,22.75,-111.1
109,0.4,1.04,1.11,-67.37,28.57,-119.59
110,0.31,1.09,0.99,-80.31,41.35,-122.74
111,0.19,1.14,0.88,-95.85,57.0,-121.15
112,-0.03,1.11,0.76,-97.85,61.77,-118.96
113,-0.21,1.11,0.63,-99.38,60.13,-107.63
114,-0.45,0.84,0.57,-87.15,55.77,-94.38
115,-0.79,0.52,0.51,-59.29,33.4,-62.12
116,-1.01,-0.08,0.43,-9.5,5.56,-10.3
117,-0.82,-0.73,0.0,36.34,-26.57,49.85
118,-0.2,-1.23,-0.78,63.78,-23.78,77.41
119,0.12,-1.52,-1.51,10.98,1.89,61.85
120,0.09,-1.8,-1.72,-136.43,50.61,52.92
121,-0.25,-2.0,-1.07,-250.14,94.97,25.58
122,-0.94,-2.0,0.37,-250.14,39.06,9.89
123,-0.83,-2.0,2.0,-250.14,-54.84,-9.63
124,-0.77,-2.0,2.0,-250.14,-150.6,-37.72
125,0.03,-2.0,2.0,-143.74,-162.12,-56.79
126,0.37,-2.0,2.0,-27.41,-32.32,-65.56
127,-0.44,-2.0,2.0,77.69,86.77,-12.59
128,-1.23,-1.38,2.0,159.92,63.26,40.17
129,-1.6,-0.62,0.89,199.68,-40.56,54.21
130,-1.42,0.14,-0.08,182.9,-155.55,64.11
131,-0.43,0.4,-0.5,127.31,-193.78,73.37
132,0.69,0.15,-0.39,83.81,-152.9,70.01
133,1.38,-0.16,-0.04,63.6,-46.96,52.32
134,1.2,-0.26,0.28,44.86,21.59,20.16
135,0.51,-0.31,0.56,36.48,31.62,0.96
136,-0.04,-0.32,0.82,41.39,-2.76,-1.43
137,-0.14,-0.34,0.87,39.34,-41.03,2.32
138,-0.07,-0.25,0.81,36.63,-61.26,5.14
139,0.09,-0.2,0.73,26.06,-49.76,16.24
140,0.22,-0.18,0.73,17.8,-27.02,20.16
141,0.24,-0.17,0.73,6.15,-14.24,12.54
142,0.21,-0.18,0.78,-5.0,-7.32,6.83
143,0.24,-0.27,0.88,-6.12,-0.2,-2.26
144,0.19,-0.3,0.94,-5.46,9.7,-6.08
145,0.12,-0.34,0.99,-2.6,20.56,-9.21
146,-0.02,-0.36,1.0,0.01,19.39,-15.7
147,-0.11,-0.3,0.98,5.18,14.18,-16.73
148,-0.09,-0.27,0.98,5.44,7.48,-9.98
149,-0.06,-0.25,0.96,8.88,-4.61,-2.14
150,0.08,-0.26,0.96,6.99,-0.71,1.69
151,0.1,-0.18,0.93,-0.88,12.46,6.25
152,0.12,-0.31,1.05,3.19,22.63,4.37
153,0.07,-0.29,1.09,1.93,30.22,3.18
154,-0.01,-0.28,1.13,3.16,31.35,5.47
155,-0.07,-0.28,1.16,4.32,20.09,6.82
156,-0.01,-0.29,1.18,9.1,14.79,6.93
157,0.05,-0.32,1.19,12.71,11.84,6.79
158,0.14,-0.34,1.18,18.0,16.45,8.21
159,0.18,-0.35,1.14,24.69,23.97,5.98
160,0.11,-0.32,1.1,28.39,27.79,2.16
161,0.04,-0.29,1.04,28.44,31.01,-0.07
162,-0.02,-0.26,0.98,24.69,26.44,-4.02
163,-0.05,-0.24,0.93,21.02,21.11,-6.09
164,-0.06,-0.24,0.93,18.04,16.5,-7.32
165,-0.05,-0.23,0.9,15.21,8.81,-8.66
166,0.02,-0.21,0.85,9.2,7.23,-9.5
167,0.05,-0.22,0.82,4.68,11.13,-14.99
168,0.02,-0.21,0.84,3.75,16.01,-18.89
169,-0.0,-0.2,0.85,-0.4,16.68,-20.39
170,-0.06,-0.18,0.83,-4.27,15.76,-18.58
171,-0.12,-0.19,0.86,-6.6,10.19,-11.62
172,-0.13,-0.24,0.94,-5.31,1.04,-2.61
173,-0.04,-0.29,0.98,-4.66,-1.94,1.02
174,-0.0,-0.32,1.02,3.11,-0.85,-3.03
175,0.01,-0.29,1.02,7.41,1.05,-3.22
176,-0.0,-0.27,0.98,9.12,4.6,-4.65
177,-0.04,-0.26,0.93,10.42,4.27,-6.98
178,-0.06,-0.23,0.9,4.6,5.08,-6.4
179,-0.08,-0.23,0.89,1.77,0.6,-8.44
180,-0.08,-0.23,0.92,1.85,-5.9,-4.21
181,-0.1,-0.2,0.93,-0.52,-17.0,1.06
182,-0.12,-0.18,0.93,2.46,-25.13,2.93
183,-0.12,-0.16,0.91,0.37,-34.37,6.99
184,-0.03,-0.19,0.93,0.79,-43.41,-1.79
185,0.01,-0.18,0.93,-0.89,-50.94,-12.14
186,0.05,-0.18,0.96,-1.45,-47.05,-12.45
187,0.16,-0.2,0.99,-2.09,-27.24,-8.4
188,0.22,-0.19,1.03,-3.34,-2.94,-6.71
189,0.23,-0.21,1.08,0.41,25.18,1.31
190,0.14,-0.23,1.12,5.09,45.38,11.37
191,0.04,-0.21,1.13,14.75,43.28,11.02
192,-0.04,-0.2,1.08,24.02,25.69,2.16
193,-0.09,-0.18,1.03,38.05,0.73,-10.33
194,-0.13,-0.12,0.95,44.39,-23.13,-17.05
195,-0.11,-0.05,0.86,43.61,-33.74,-16.29
196,-0.05,-0.01,0.77,34.31,-26.75,-8.55
197,0.01,-0.01,0.74,18.63,-7.47,0.68
198,0.01,-0.01,0.73,2.89,8.48,7.44
199,-0.03,-0.02,0.8,-9.31,19.59,16.28
200,-0.03,-0.08,0.89,-13.95,23.69,15.94
201,-0.05,-0.12,0.99,-10.64,17.27,8.37
202,-0.07,-0.14,1.04,1.5,2.78,0.24
203,-0.09,-0.13,1.02,9.45,-14.4,-6.33
204,-0.06,-0.1,0.98,14.16,-21.34,-8.15
205,-0.07,-0.08,0.96,13.63,-20.08,-5.0
206,-0.04,-0.07,0.95,9.13,-15.7,0.29
207,0.03,-0.07,0.96,3.69,-5.85,4.24
208,0.05,-0.07,0.97,-3.53,0.76,7.21
209,0.03,-0.09,1.02,-2.9,3.47,7.36
210,-0.02,-0.1,1.06,1.3,-4.08,3.38
211,-0.03,-0.1,1.11,8.76,-12.26,5.48
212,0.02,-0.09,1.11,17.59,-19.0,4.16
213,0.1,-0.07,1.08,23.47,-15.9,3.14
214,0.1,-0.05,1.05,28.94,-12.56,1.21
215,0.12,-0.02,1.05,30.53,-4.7,3.42
216,0.11,-0.04,1.01,34.17,3.41,2.18
217,0.06,-0.02,0.99,34.74,7.65,0.55
218,0.01,-0.02,0.96,34.98,3.89,-1.78
219,-0.02,0.03,0.94,35.57,-3.95,-4.08
220,-0.07,0.05,0.92,34.71,-11.0,-4.85
221,-0.07,0.06,0.91,30.95,-19.07,-4.46
222,-0.01,0.06,0.91,27.24,-18.33,-3.41
223,0.04,0.04,0.92,22.53,-12.27,-3.53
224,0.08,0.03,0.95,18.52,-2.15,1.5
225,0.1,0.06,0.98,14.63,9.02,6.78
226,0.09,0.06,0.99,16.67,14.19,7.65
227,0.03,0.07,0.99,20.7,10.11,5.31
228,0.01,0.06,0.99,23.91,3.01,1.35
229,-0.0,0.04,0.97,25.68,-2.39,0.53
230,-0.03,0.03,0.95,26.2,-9.99,-3.05
231,-0.04,0.06,0.94,25.5,-17.42,-3.56
232,0.03,0.08,0.91,21.65,-17.88,-1.4
233,0.08,0.08,0.9,15.03,-9.98,-0.68
234,0.09,0.09,0.92,8.03,-2.6,0.34
235,0.08,0.11,0.95,5.63,5.24,3.94
236,0.06,0.11,0.96,3.98,11.76,5.43
237,0.04,0.11,0.97,4.76,14.11,4.39
238,0.04,0.1,0.96,7.08,11.1,2.18
239,0.02,0.1,0.94,9.4,8.42,-0.13
240,-0.02,0.09,0.93,9.74,2.37,-0.31
241,-0.0,0.12,0.89,4.87,-4.89,-1.7
242,0.02,0.12,0.86,-1.69,-3.9,-1.64
243,0.01,0.11,0.87,-11.5,-1.44,-1.63
244,0.01,0.1,0.91,-17.66,1.98,1.26
245,0.03,0.07,0.93,-21.26,3.19,4.98
246,0.07,0.07,0.96,-24.44,6.03,6.53
247,0.08,0.08,0.98,-26.0,7.3,4.53
248,0.06,0.07,1.0,-24.74,10.66,3.17
249,0.04,0.06,1.01,-23.92,10.84,0.73
250,0.05,0.05,1.01,-22.76,13.36,1.94
251,-0.0,0.01,0.99,-21.69,4.29,0.34
252,0.03,0.01,1.01,-24.73,-2.08,1.64
253,0.08,0.01,1.01,-26.99,-0.31,-0.31
254,0.09,-0.0,1.04,-25.63,2.27,0.23
255,0.06,0.02,1.07,-24.28,4.47,1.32
256,0.05,-0.02,1.1,-14.42,8.68,3.26
257,0.0,-0.02,1.07,-10.08,5.97,3.87
258,0.04,-0.03,1.05,-4.93,6.35,4.6
259,0.03,-0.03,1.02,-2.72,7.31,-1.11
260,-0.03,-0.03,1.05,-0.4,4.6,-3.02
261,-0.05,-0.01,1.04,1.81,0.09,-3.53
262,-0.02,0.0,1.02,3.69,-5.51,-5.21
263,-0.0,0.02,1.01,3.82,-4.45,-5.27
264,0.0,0.02,1.0,2.06,-4.34,-4.01
265,0.01,0.03,1.0,0.73,-5.92,-4.15
266,0.02,0.02,1.02,-0.21,-2.63,-5.47
267,-0.02,0.03,1.03,-0.01,-2.33,-6.82
268,-0.03,0.04,1.03,0.6,-2.41,-6.05
269,-0.04,0.03,1.02,3.1,-1.03,-3.65
270,-0.04,0.04,1.0,1.24,-0.73,-2.87
271,-0.04,0.06,1.0,-0.64,1.93,-0.45
272,-0.06,0.06,1.0,-0.69,4.24,0.41
273,-0.09,0.05,1.02,0.63,3.91,0.85
274,-0.11,0.03,1.03,0.95,2.47,8.29
275,-0.09,0.02,1.01,2.31,-0.88,13.55
276,-0.03,0.01,0.99,1.76,0.36,13.0
277,0.0,0.01,0.98,-0.35,1.21,10.63
278,0.03,0.02,1.02,-1.65,4.61,10.18
279,0.06,0.03,1.06,-1.95,5.79,12.25
280,0.1,0.03,1.05,-0.9,4.85,10.35
281,0.12,0.04,1.03,-6.42,3.03,5.24
282,0.15,0.05,1.08,5.43,10.72,0.63
283,0.07,0.04,1.03,5.63,8.86,-0.42
284,0.04,0.07,1.03,5.13,5.99,0.22
285,0.01,0.05,1.06,10.76,4.1,0.21
286,-0.0,0.07,1.03,11.89,-1.83,-6.37
287,0.0,0.08,0.98,2.09,-6.87,-12.07
288,0.03,0.06,0.97,5.9,-6.56,-16.66
289,-0.03,0.12,0.94,-4.11,-9.92,-13.47
290,-0.01,0.1,0.93,3.05,-12.68,-15.79
291,-0.03,0.1,0.92,8.86,-7.83,-15.8
292,-0.03,0.11,0.91,7.92,-2.23,-18.08
293,-0.01,0.1,0.9,5.34,8.28,-17.44
294,-0.01,0.09,0.89,-4.86,16.4,-16.79
295,-0.02,0.09,0.85,-22.56,20.17,-18.44
296,-0.03,0.05,0.91,-21.44,17.26,-22.34
297,-0.05,0.03,0.95,-20.56,9.98,-25.05
298,-0.05,0.0,1.0,-8.06,-0.15,-27.3
299,-0.02,-0.0,0.97,-10.0,-7.88,-27.58
300,-0.03,0.03,0.96,-19.61,3.31,-18.72
301,-0.07,-0.05,0.99,-10.81,5.74,-11.72
302,-0.09,-0.03,1.05,-6.79,-2.4,-15.97
303,-0.08,0.0,1.03,-2.89,2.66,-10.59
304,-0.14,0.01,1.04,-7.31,6.32,-5.95
305,-0.15,-0.01,1.02,-4.77,8.5,2.92
306,-0.06,0.01,0.94,-6.07,12.13,8.87
307,-0.06,0.02,0.92,-7.48,15.85,11.09
308,-0.06,0.02,0.93,-10.02,15.86,13.62
309,-0.07,0.01,0.94,-13.37,13.34,17.23
310,-0.05,0.0,0.92,-14.82,11.06,19.08
311,-0.09,0.01,0.96,-13.11,13.44,15.85
312,-0.08,-0.01,0.98,-10.48,12.41,18.05
313,-0.03,-0.01,0.98,-10.31,13.47,23.5
314,-0.03,-0.02,0.98,-8.67,11.06,19.87
315,-0.07,-0.02,1.01,-7.51,4.3,16.48
316,-0.02,-0.02,0.99,-5.0,-0.28,15.84
317,0.01,-0.01,0.97,-6.93,-2.59,8.79
318,-0.0,0.01,0.97,-8.04,-3.92,3.36
319,-0.04,-0.01,0.99,-8.44,-3.1,-1.95
320,-0.07,-0.01,1.02,-6.86,-3.64,-4.24
321,-0.04,0.0,1.02,-7.37,1.36,-11.42
322,-0.08,0.03,0.94,-11.66,-3.31,-17.53
323,0.02,-0.04,1.01,-10.31,0.34,2.27
324,0.0,-0.06,1.04,-11.77,1.93,7.16
325,0.02,-0.02,0.99,-15.53,3.24,9.34
326,-0.03,-0.01,0.97,-15.78,-0.82,9.1
327,-0.02,-0.01,0.96,-15.94,-2.79,5.43
328,-0.02,-0.02,0.98,-15.88,-2.51,0.31
329,-0.02,-0.04,1.0,-13.05,-4.3,-2.34
330,-0.02,-0.06,1.02,-8.21,-6.41,-6.53
331,-0.08,-0.06,1.05,0.16,-14.4,-9.61
332,-0.12,-0.06,1.06,6.96,-25.38,-7.53
333,-0.34,-0.12,1.14,22.18,-51.23,13.77
334,-0.3,-0.11,1.09,45.23,-81.15,29.4
335,0.03,-0.05,1.01,51.95,-76.79,28.16
336,0.1,-0.02,0.97,41.3,-64.06,23.25
337,0.09,-0.07,0.94,32.84,-50.86,26.69
338,0.07,-0.02,0.93,27.28,-50.44,48.24
339,0.11,-0.0,0.95,15.6,-40.93,42.18
340,0.17,0.02,0.95,4.12,-35.73,42.31
341,0.13,-0.0,0.93,-16.63,-33.0,26.37
342,0.06,-0.02,1.04,-14.85,-21.15,34.97
343,-0.01,-0.05,1.09,-7.09,-22.21,38.53
344,-0.04,-0.08,1.08,7.44,-36.21,41.88
345,-0.05,-0.09,1.1,19.87,-48.51,56.52
346,0.25,-0.03,1.02,42.98,-46.6,100.07
347,0.29,0.02,1.02,39.97,-25.38,103.47
348,0.05,0.04,1.05,45.16,-29.53,136.67
349,0.12,0.06,0.96,39.69,-24.47,132.13
350,0.17,0.06,0.92,32.63,-21.07,93.23
351,0.18,0.08,0.89,26.92,-18.45,64.69
352,0.13,0.1,0.88,17.69,-12.82,42.1
353,0.08,0.08,0.95,12.11,-13.83,24.51
354,0.1,0.06,0.97,10.03,-19.5,5.44
355,0.12,0.05,0.98,9.11,-21.02,-8.16
356,0.1,0.05,0.99,8.66,-19.11,-18.27
357,0.07,0.05,1.01,9.85,-19.32,-23.69
358,0.04,0.09,0.99,10.94,-24.61,-16.58
359,0.06,0.11,0.94,8.87,-25.89,-7.56
360,0.1,0.12,0.89,5.02,-21.02,-8.7
361,0.14,0.13,0.86,-0.83,-9.34,-10.21
362,0.12,0.12,0.89,-6.4,-3.9,-9.73
363,0.11,0.12,0.91,-9.59,-4.69,-8.56
364,0.15,0.11,0.9,-11.86,-5.13,-10.62
365,0.11,0.12,0.91,-13.98,-7.31,-6.66
366,0.04,0.14,0.95,-16.29,-11.31,14.05
367,0.15,0.05,0.96,-17.63,-14.26,20.14
368,0.19,0.02,0.96,-16.82,-7.02,11.32
369,0.17,0.02,1.02,-17.92,5.53,10.64
370,0.09,0.03,1.08,-15.12,9.26,25.79
371,0.1,0.02,1.1,-7.0,6.28,31.84
372,0.14,0.02,1.04,-2.08,5.53,24.82
373,0.18,0.04,0.99,-3.4,7.4,16.84
374,0.17,0.07,0.95,-6.77,10.11,8.67
375,0.17,0.07,0.94,-9.98,14.98,3.6
376,0.15,0.08,0.96,-12.25,18.53,-0.69
377,0.14,0.06,0.98,-12.92,16.66,-6.19
378,0.13,0.05,0.99,-11.92,14.89,-10.58
379,0.14,0.04,1.0,-12.1,13.79,-13.03
380,0.09,0.04,1.01,-11.51,9.34,-13.21
381,0.12,0.02,1.0,-10.56,4.06,-11.79
382,0.15,0.02,0.98,-10.95,4.63,-15.07
383,0.18,0.0,0.97,-12.73,11.53,-19.75
384,0.14,0.01,1.0,-13.37,14.66,-20.94
385,0.09,0.01,1.05,-11.32,13.22,-13.66
386,0.09,0.01,1.07,-6.79,9.62,-7.64
387,0.12,0.01,1.06,-2.62,8.35,-6.4
388,0.13,0.02,1.04,-0.37,6.71,-7.07
389,0.11,0.03,1.0,0.79,3.81,-9.36
390,0.11,0.05,0.98,0.96,0.58,-11.38
391,0.1,0.05,0.97,0.49,-1.34,-12.86
392,0.11,0.05,0.97,-1.33,-1.65,-11.79
393,0.13,0.04,0.97,-3.18,-0.86,-11.99
394,0.12,0.03,0.98,-3.17,-1.68,-14.69
395,0.12,0.03,1.0,-2.34,-0.08,-17.24
396,0.11,0.02,0.99,-2.01,1.33,-19.65
397,0.1,0.04,0.98,-2.19,2.92,-19.46
398,0.08,0.02,1.0,-1.69,5.86,-20.39
399,0.06,0.03,1.0,-2.05,3.61,-18.84
