,accel_x,accel_y,accel_z,gyro_x,gyro_y,gyro_z
0,0.08,0.0,1.01,3.42,2.28,5.77
1,0.08,0.02,1.0,3.02,0.44,1.42
2,0.09,0.03,1.0,5.94,-1.11,-0.94
3,0.08,0.03,1.01,5.91,-3.89,-4.4
4,0.08,0.01,1.01,7.19,-4.33,-6.87
5,0.06,0.02,1.0,6.97,-6.25,-10.15
6,0.06,0.01,0.98,8.33,-8.21,-10.7
7,0.07,0.01,1.0,8.76,-1.55,0.63
8,0.04,0.03,0.98,3.63,-0.44,-0.02
9,0.05,0.01,0.98,2.54,2.02,2.37
10,0.04,0.01,0.98,2.43,0.44,3.49
11,0.05,0.0,0.99,1.53,1.66,6.47
12,0.05,0.0,1.0,0.51,4.34,6.79
13,0.07,0.01,1.02,0.03,4.34,4.68
14,0.07,0.02,1.02,2.7,4.46,4.6
15,0.07,0.03,1.01,4.4,4.27,5.24
16,0.08,0.03,1.0,5.21,4.92,5.37
17,0.07,0.07,1.0,6.68,5.15,5.05
18,0.06,0.06,0.98,8.47,4.07,6.6
19,0.06,0.09,0.96,6.51,1.74,1.87
20,0.05,0.09,0.95,5.05,2.72,1.89
21,0.06,0.11,0.95,2.97,3.19,1.73
22,0.05,0.11,0.93,3.21,3.27,2.57
23,0.07,0.11,0.92,1.42,2.57,1.95
24,0.08,0.09,0.91,-0.21,1.82,3.17
25,0.06,0.12,0.92,-2.11,-0.86,1.15
26,0.06,0.09,0.91,-5.32,-1.44,0.75
27,0.06,0.08,0.92,-8.85,-1.11,0.15
28,0.06,0.08,0.92,-10.89,-1.17,0.23
29,0.05,0.08,0.93,-12.23,-2.46,0.44
30,0.07,0.07,0.94,-13.6,-1.9,0.48
31,0.09,0.07,0.97,-14.67,0.75,1.27
32,0.08,0.06,0.98,-13.78,0.0,0.83
33,0.09,0.05,0.99,-12.74,-1.18,-1.18
34,0.1,0.04,1.0,-12.22,-1.24,-3.36
35,0.08,0.03,1.0,-10.45,-2.78,-5.39
36,0.06,0.01,1.0,-8.92,-4.14,-6.47
37,0.05,0.0,1.01,-8.57,-3.69,-6.65
38,0.06,-0.0,1.02,-8.92,-2.6,-7.05
39,0.05,-0.0,1.03,-8.39,-0.66,-4.37
40,0.05,-0.01,1.02,-7.95,1.02,-2.26
41,0.06,-0.02,1.01,-7.79,0.01,-2.98
42,0.05,-0.02,1.03,-7.21,-1.64,-3.91
43,0.06,-0.01,1.03,-6.13,-0.95,-2.92
44,0.05,-0.0,1.04,-4.6,0.08,-2.92
45,0.07,-0.0,1.02,-3.78,0.47,-4.08
46,0.05,0.0,1.02,-2.33,-0.78,-5.51
47,0.05,0.01,1.01,-0.5,-1.89,-4.93
48,0.06,-0.01,0.98,0.72,-1.89,-4.52
49,0.05,-0.01,0.97,-1.84,-3.29,-6.28
50,0.04,-0.02,0.97,-1.79,-5.31,-6.65
51,0.04,-0.02,0.99,-1.4,-6.34,-5.78
52,0.04,-0.02,1.0,-3.15,-4.93,-5.11
53,0.06,-0.01,1.0,-3.53,-0.53,-1.36
54,0.05,-0.0,0.98,-4.44,2.69,1.18
55,0.04,0.01,0.97,-4.85,1.68,1.37
56,0.05,0.01,0.96,-5.02,0.59,1.48
57,0.06,0.03,0.95,-7.08,0.24,0.8
58,0.06,0.04,0.94,-11.51,-1.4,-1.45
59,0.08,0.06,0.97,-11.17,-2.36,-2.61
60,0.06,0.07,0.97,-9.63,-1.85,-1.82
61,0.06,0.07,1.0,-8.18,-3.95,-2.27
62,0.06,0.06,1.01,-5.64,-4.58,-2.87
63,0.06,0.05,1.02,-2.5,-3.04,-2.12
64,0.06,0.05,1.01,-0.98,-0.4,-0.11
65,0.07,0.03,0.98,-1.54,1.63,0.59
66,0.07,0.03,0.96,-2.27,1.15,-0.54
67,0.08,0.02,0.95,-3.4,-1.89,-1.71
68,0.09,0.01,0.95,-5.56,-4.55,-3.27
69,0.1,-0.0,0.97,-7.85,-4.11,-4.84
70,0.09,-0.02,1.0,-7.67,-3.77,-5.87
71,0.08,-0.02,1.04,-5.27,-4.08,-5.71
72,0.06,-0.02,1.05,-2.84,-3.48,-5.7
73,0.06,-0.02,1.04,-0.44,-1.05,-4.72
74,0.05,-0.01,1.04,0.74,0.19,-4.26
75,0.05,-0.01,1.02,1.87,1.76,-2.06
76,0.04,0.01,1.0,2.17,0.29,-2.95
77,0.05,0.01,0.99,2.88,-0.04,-2.23
78,0.06,0.01,0.97,2.4,-1.06,-2.51
79,0.06,0.0,0.95,1.24,-1.69,-3.99
80,0.06,-0.0,0.96,1.14,-2.5,-2.62
81,0.06,0.01,0.96,-0.53,-2.96,-3.37
82,0.06,0.0,0.97,-1.47,-2.53,-2.94
83,0.06,0.01,0.97,-1.98,-1.53,-2.63
84,0.06,0.02,0.98,-2.54,-1.63,-2.6
85,0.06,0.02,0.96,-3.08,-1.78,-3.4
86,0.06,0.02,0.95,-3.67,-2.98,-3.91
87,0.05,0.02,0.95,-4.39,-3.69,-4.79
88,0.06,0.03,0.96,-5.58,-2.71,-4.63
89,0.05,0.04,0.95,-7.14,-2.69,-4.36
90,0.05,0.04,0.94,-8.13,-2.56,-4.43
91,0.06,0.04,0.92,-10.63,-2.89,-5.09
92,0.06,0.05,0.92,-13.11,-2.76,-3.18
93,0.06,0.03,0.92,-13.5,-3.66,-3.11
94,0.04,0.01,0.93,-17.2,-7.84,-4.72
95,0.08,-0.0,0.96,-16.1,-7.48,-4.52
96,0.06,-0.01,0.98,-16.07,-7.39,-5.57
97,0.06,-0.02,1.01,-14.64,-7.05,-5.11
98,0.06,-0.04,1.01,-10.66,-3.75,-2.47
99,0.04,-0.05,1.04,-7.21,-4.92,-0.15
100,0.05,-0.06,1.04,-3.7,-3.92,1.15
101,0.06,-0.05,1.01,-1.3,-3.45,2.96
102,0.07,-0.04,1.01,-1.93,-1.21,3.63
103,0.07,-0.04,0.99,-1.35,-0.83,4.27
104,0.08,-0.03,0.99,-1.46,-1.92,4.44
105,0.08,-0.03,0.98,-1.86,-2.47,5.61
106,0.08,-0.03,0.99,-1.34,-4.27,4.29
107,0.09,-0.04,0.99,-1.74,-6.33,3.21
108,0.09,-0.05,1.01,-0.27,-7.44,2.34
109,0.09,-0.05,1.02,1.34,-8.47,1.37
110,0.09,-0.06,1.02,3.91,-9.5,1.69
111,0.08,-0.06,1.02,5.02,-9.33,0.25
112,0.09,-0.05,1.03,6.42,-6.75,1.65
113,0.09,-0.05,1.02,7.89,-3.84,1.79
114,0.08,-0.04,1.0,8.4,-3.96,0.8
115,0.07,-0.03,1.0,9.93,-6.56,-0.04
116,0.07,-0.02,0.99,11.36,-7.6,-0.59
117,0.08,-0.0,0.98,13.4,-6.05,-1.9
118,0.07,-0.0,0.96,11.78,-6.35,-0.69
119,0.07,0.01,0.96,10.26,-6.71,-0.28
120,0.09,0.03,0.94,7.0,-6.85,-0.76
121,0.1,0.05,0.95,4.73,-6.0,1.6
122,0.12,0.06,0.96,1.83,-5.33,1.63
123,0.15,0.06,0.95,-0.9,-5.52,0.73
124,0.15,0.06,0.96,-2.04,-8.18,-1.6
125,0.16,0.06,0.97,-3.08,-9.02,-3.73
126,0.16,0.04,0.99,-3.98,-7.06,-4.04
127,0.16,0.05,1.01,-5.85,-5.91,-5.22
128,0.16,0.03,1.02,-4.98,-3.79,-6.69
129,0.14,0.03,1.01,-4.52,-3.4,-7.73
130,0.13,0.02,1.0,-4.73,-2.88,-8.66
131,0.11,0.03,1.02,-4.31,-2.82,-8.83
132,0.09,0.04,1.03,-4.34,-3.02,-7.63
133,0.08,0.05,1.04,-2.29,-3.84,-7.31
134,0.08,0.05,1.08,1.41,-2.04,-4.33
135,0.05,0.06,1.06,3.72,4.36,-3.05
136,0.04,0.08,1.07,4.76,5.8,0.15
137,0.02,0.09,1.05,9.17,5.16,1.15
138,0.0,0.12,1.03,12.34,5.78,2.16
139,-0.0,0.15,1.0,14.5,5.84,5.62
140,-0.0,0.2,0.94,12.52,7.47,9.02
141,0.01,0.25,0.9,8.1,7.83,11.85
142,0.02,0.34,0.88,3.18,9.25,13.1
143,0.03,0.39,0.85,-0.9,8.76,17.98
144,0.01,0.53,0.83,-2.79,11.98,29.69
145,0.03,0.64,0.82,-8.41,13.46,32.35
146,0.06,0.6,0.73,-17.18,4.82,16.86
147,0.06,0.69,0.72,-30.47,-6.92,8.09
148,0.17,0.69,0.73,-50.04,-2.61,9.6
149,0.2,0.74,0.78,-70.52,-6.1,11.73
150,0.28,0.68,0.8,-81.46,-1.49,26.02
151,0.35,0.82,0.96,-105.42,-4.88,16.47
152,0.42,0.88,1.11,-128.01,-14.73,9.2
153,0.45,0.87,1.27,-142.67,-15.75,1.34
154,0.54,0.83,1.53,-152.34,-24.94,-10.9
155,0.5,0.75,1.83,-148.23,-36.2,-20.15
156,0.43,0.66,2.0,-121.87,-50.44,-22.76
157,0.35,0.6,2.0,-80.03,-48.43,-17.28
158,0.35,0.61,2.0,-35.76,-34.15,-22.47
159,0.31,0.59,2.0,2.55,-24.79,-23.49
160,0.26,0.64,2.0,52.63,18.0,-8.95
161,0.25,0.75,2.0,102.79,29.43,-7.42
162,0.2,0.86,2.0,152.78,39.99,1.85
163,0.22,0.92,1.64,203.8,34.33,15.62
164,0.21,0.86,1.03,250.13,28.07,31.65
165,0.23,0.45,0.42,250.13,28.74,33.96
166,0.5,0.04,-0.14,250.13,52.77,28.0
167,0.73,-0.62,-0.57,250.13,87.11,2.55
168,0.67,-1.21,-1.07,250.13,112.55,-10.52
169,0.43,-1.58,-1.61,238.99,113.45,-32.73
170,0.24,-1.65,-2.0,59.14,156.58,-33.95
171,-0.26,-1.52,-2.0,-172.39,180.17,-45.4
172,-0.68,-1.75,-1.95,-250.14,138.21,-86.24
173,-1.01,-2.0,-0.9,-250.14,59.35,-158.9
174,-0.76,-1.77,0.99,-250.14,5.53,-250.14
175,-0.98,-2.0,1.87,-250.14,-88.45,-202.95
176,-0.8,-2.0,2.0,-250.14,-137.88,-96.28
177,-0.21,-1.66,2.0,-250.14,-139.63,-73.76
178,0.37,-1.27,2.0,-80.18,-104.04,-61.28
179,0.41,-1.03,2.0,51.38,-96.55,-64.79
180,0.15,-0.83,1.87,125.73,-54.4,-50.15
181,-0.02,-0.7,1.19,126.25,-19.12,-38.22
182,-0.05,-0.56,0.63,97.69,11.26,-33.69
183,-0.17,-0.43,0.29,59.03,18.97,-20.85
184,-0.28,-0.33,0.19,19.77,6.92,-6.38
185,-0.17,-0.32,0.36,-19.6,-16.85,-3.09
186,-0.01,-0.31,0.62,-36.93,-22.08,0.68
187,0.09,-0.32,0.8,-44.86,-23.53,-0.57
188,0.19,-0.36,1.05,-37.37,-17.91,-5.15
189,0.25,-0.39,1.19,-13.44,-11.89,-6.58
190,0.28,-0.36,1.19,8.24,-4.43,-9.74
191,0.23,-0.26,1.0,21.85,1.73,-9.28
192,0.13,-0.16,0.78,27.63,-1.74,-7.69
193,0.04,-0.11,0.63,26.5,-7.61,-2.29
194,-0.03,-0.11,0.54,6.13,-27.28,-2.37
195,-0.01,-0.16,0.59,-11.46,-44.18,-0.69
196,0.06,-0.21,0.71,-31.82,-43.19,2.89
197,0.16,-0.25,0.83,-50.43,-31.82,5.24
198,0.25,-0.3,0.95,-66.2,-12.99,5.71
199,0.26,-0.38,1.11,-68.18,-6.27,-2.06
200,0.22,-0.41,1.23,-53.65,-11.42,-5.25
201,0.16,-0.43,1.29,-27.34,-11.05,1.35
202,0.1,-0.44,1.19,-5.85,-7.63,12.25
203,0.04,-0.44,1.15,11.56,-21.87,7.9
204,0.01,-0.48,0.96,18.69,-28.05,8.16
205,0.02,-0.48,0.96,19.02,-33.69,10.6
206,0.07,-0.48,0.95,16.66,-30.22,12.23
207,0.14,-0.52,0.93,14.21,-19.42,6.63
208,0.16,-0.5,0.87,12.92,-15.31,2.14
209,0.16,-0.46,0.88,3.13,-20.33,-8.03
210,0.16,-0.41,0.89,8.24,-25.08,-5.4
211,0.17,-0.34,0.83,12.48,-22.4,-1.98
212,0.14,-0.34,0.9,22.95,-19.32,7.63
213,0.17,-0.34,0.87,30.67,-32.54,4.21
214,0.23,-0.35,0.89,32.25,-34.68,2.61
215,0.27,-0.35,0.98,31.93,-17.94,6.66
216,0.26,-0.29,0.93,24.91,-19.42,-1.53
217,0.28,-0.3,0.93,21.73,-1.4,5.65
218,0.22,-0.25,0.82,25.27,-0.07,1.4
219,0.2,-0.21,0.89,17.31,2.77,0.66
220,0.15,-0.18,0.78,20.57,7.54,3.2
221,0.12,-0.2,0.86,15.48,-6.87,-6.02
222,0.15,-0.24,0.87,3.76,-19.95,-14.27
223,0.18,-0.21,0.99,-3.66,-24.19,-9.67
224,0.26,-0.21,0.99,2.85,-14.95,1.31
225,0.3,-0.2,0.96,8.14,-4.83,-2.47
226,0.35,-0.19,0.96,22.85,21.18,2.31
227,0.23,-0.17,0.97,17.34,19.58,10.87
228,0.13,-0.14,0.95,20.66,12.51,6.54
229,0.06,-0.16,0.88,18.6,-3.98,5.19
230,0.06,-0.11,0.88,16.58,-14.33,7.4
231,0.17,-0.1,0.86,5.21,-12.68,0.47
232,0.24,-0.08,0.89,-8.49,-7.69,3.24
233,0.29,-0.1,0.95,-15.32,-2.86,4.89
234,0.35,-0.07,1.0,-22.57,10.76,11.69
235,0.31,-0.08,1.0,-17.33,30.82,12.02
236,0.18,-0.07,1.07,-17.59,20.02,6.91
237,0.1,-0.12,1.09,-3.15,9.88,9.5
238,0.06,-0.14,1.08,11.93,-1.82,11.63
239,0.06,-0.15,1.06,19.79,-5.18,16.08
240,0.1,-0.14,1.03,18.99,-5.72,17.07
241,0.16,-0.13,0.98,16.89,1.4,19.56
242,0.18,-0.09,0.97,5.85,6.66,17.07
243,0.22,-0.06,0.95,-1.33,10.7,17.94
244,0.27,-0.05,0.93,-4.17,16.2,21.31
245,0.28,-0.04,0.94,-11.66,16.78,17.0
246,0.28,-0.02,0.95,-20.04,19.13,9.89
247,0.24,-0.02,1.01,-15.6,16.41,7.95
248,0.18,-0.05,1.03,-6.89,10.66,5.98
249,0.17,-0.07,1.04,0.94,7.16,8.96
250,0.17,-0.07,1.04,2.31,6.91,6.98
251,0.18,-0.1,1.03,3.55,10.9,8.29
252,0.19,-0.1,1.02,2.88,15.62,7.07
253,0.21,-0.11,1.0,2.21,22.41,6.91
254,0.21,-0.09,1.0,-0.32,29.23,6.66
255,0.17,-0.08,0.98,-0.7,32.4,3.38
256,0.12,-0.08,0.97,0.79,28.89,-1.4
257,0.07,-0.07,0.96,3.18,21.67,-7.99
258,0.04,-0.09,0.96,7.55,15.54,-10.24
259,-0.01,-0.11,0.96,11.53,8.24,-12.09
260,-0.04,-0.1,0.94,10.37,-0.85,-13.43
261,-0.03,-0.11,0.95,10.42,3.27,-1.16
262,-0.05,-0.11,0.93,4.21,7.08,5.69
263,-0.02,-0.1,0.92,-2.89,13.16,14.33
264,0.0,-0.09,0.92,-9.65,18.85,19.97
265,0.05,-0.05,0.92,-18.76,19.24,18.57
266,0.11,-0.04,0.94,-25.65,15.12,13.12
267,0.16,-0.02,0.94,-22.88,11.27,9.2
268,0.18,-0.02,0.95,-18.79,6.94,2.4
269,0.17,-0.04,0.97,-10.25,2.46,-3.76
270,0.12,-0.08,0.96,-3.34,-1.87,-8.69
271,0.09,-0.09,0.97,-3.95,-5.83,-15.41
272,0.06,-0.11,0.99,-3.37,-2.05,-13.1
273,0.03,-0.12,1.01,-4.26,6.53,-8.91
274,0.01,-0.14,1.04,-4.99,15.63,-0.55
275,-0.04,-0.15,1.04,-6.0,17.26,1.37
276,-0.03,-0.13,1.03,-6.34,12.29,-1.25
277,-0.02,-0.12,1.02,-5.94,7.66,-2.47
278,-0.0,-0.13,1.03,-5.59,1.87,-2.32
279,0.04,-0.12,1.02,-10.16,1.72,-3.28
280,0.08,-0.12,1.03,-12.53,3.5,-1.11
281,0.1,-0.12,1.03,-15.64,4.53,-1.03
282,0.09,-0.11,1.03,-22.02,-1.34,-7.03
283,0.15,-0.13,1.09,-16.44,3.15,-2.72
284,0.15,-0.12,1.1,-12.07,-1.69,-8.9
285,0.13,-0.13,1.12,-3.13,-3.0,-10.4
286,0.11,-0.12,1.13,5.4,-5.63,-14.23
287,0.09,-0.12,1.11,11.78,-5.79,-16.37
288,0.11,-0.13,1.08,14.05,-2.57,-16.82
289,0.14,-0.11,1.04,11.6,4.85,-15.48
290,0.13,-0.13,1.01,9.47,11.2,-12.95
291,0.13,-0.11,0.98,4.44,9.08,-17.52
292,0.14,-0.15,0.98,6.63,11.86,-15.54
293,0.12,-0.15,0.99,8.34,7.23,-18.92
294,0.1,-0.16,1.02,10.66,4.97,-22.02
295,0.11,-0.17,1.04,15.55,5.32,-25.94
296,0.03,-0.17,1.03,18.72,7.77,-26.21
297,-0.03,-0.18,1.02,24.15,1.98,-28.56
298,-0.03,-0.18,0.98,32.1,0.99,-21.85
299,-0.06,-0.17,0.97,29.29,3.99,-16.98
300,-0.06,-0.15,0.95,25.9,6.27,-10.24
301,-0.04,-0.13,0.88,19.09,12.13,-2.12
302,-0.04,-0.12,0.84,9.88,6.87,-1.26
303,-0.0,-0.11,0.85,7.06,7.18,4.51
304,0.02,-0.09,0.86,3.98,4.69,8.0
305,0.06,-0.07,0.9,-1.81,9.06,11.12
306,0.07,-0.06,0.92,-7.06,11.32,10.04
307,0.07,-0.06,0.95,-5.45,10.34,8.5
308,0.07,-0.06,0.95,1.4,4.06,5.18
309,0.06,-0.04,0.94,2.95,-2.08,0.39
310,0.07,-0.06,0.93,4.2,-4.16,-3.12
311,0.07,-0.07,0.92,2.82,-6.18,-4.49
312,0.07,-0.08,0.91,-0.66,-8.15,-6.91
313,0.06,-0.08,0.94,-3.9,-8.93,-8.34
314,0.05,-0.09,0.98,-7.44,-8.61,-5.85
315,0.07,-0.09,1.01,-8.52,-6.93,-3.04
316,0.06,-0.1,1.03,-10.47,-4.09,-0.92
317,0.05,-0.1,1.03,-10.29,-2.58,0.65
318,0.05,-0.1,1.05,-8.36,-1.74,2.14
319,0.07,-0.11,1.06,-6.66,1.27,3.98
320,0.05,-0.1,1.07,-6.15,2.98,3.11
321,0.04,-0.12,1.06,-0.15,3.58,5.09
322,0.08,-0.1,1.07,1.05,-0.61,0.69
323,0.07,-0.09,1.04,4.51,-2.15,-1.63
324,0.05,-0.08,1.05,5.91,-4.07,-2.66
325,0.05,-0.09,1.02,7.45,-6.18,-2.9
326,0.04,-0.09,1.01,7.03,-7.47,-2.96
327,0.03,-0.09,1.02,7.63,-6.47,-0.35
328,0.04,-0.1,1.02,6.4,-5.12,0.6
329,0.05,-0.1,1.02,4.73,-3.64,0.6
330,0.07,-0.1,1.04,6.15,-2.24,-0.86
331,0.08,-0.1,1.02,5.47,-2.82,-2.7
332,0.08,-0.1,1.04,7.88,-0.9,1.15
333,0.07,-0.1,1.02,9.08,-1.73,-1.11
334,0.08,-0.1,1.01,10.17,-1.87,-2.91
335,0.07,-0.1,1.0,12.02,-1.26,-2.55
336,0.06,-0.1,0.98,13.15,-0.92,0.18
337,0.03,-0.1,0.97,10.89,-3.16,-1.51
338,0.04,-0.1,0.96,11.79,-3.14,0.29
339,0.05,-0.11,0.96,10.72,-2.12,1.88
340,0.05,-0.09,0.97,6.56,-1.29,2.49
341,0.06,-0.09,0.98,5.53,0.01,4.47
342,0.06,-0.07,0.99,5.15,0.77,6.8
343,0.09,-0.07,0.98,5.39,1.91,6.56
344,0.08,-0.06,0.99,3.56,2.05,6.48
345,0.1,-0.06,0.97,4.7,2.0,7.24
346,0.11,-0.05,0.97,4.18,2.91,8.87
347,0.1,-0.04,0.97,2.79,3.24,7.74
348,0.1,-0.03,0.97,3.69,3.43,7.02
349,0.09,-0.02,0.97,4.51,3.5,7.8
350,0.09,-0.01,0.97,4.91,3.92,5.33
351,0.09,-0.01,0.97,6.38,4.85,4.27
352,0.07,-0.0,0.96,7.18,3.32,2.19
353,0.08,-0.01,0.96,8.7,4.79,3.28
354,0.07,-0.01,0.91,4.96,1.76,-0.91
355,0.08,-0.0,0.93,2.84,3.07,-1.56
356,0.07,0.01,0.95,2.38,0.62,-2.83
357,0.06,-0.02,0.92,2.89,0.98,-1.31
358,0.05,-0.02,0.94,-1.69,-1.83,-3.73
359,0.04,-0.03,0.96,-2.68,-4.11,-2.92
360,0.03,-0.05,0.97,-2.19,-4.69,-2.38
361,0.01,-0.05,0.99,-2.21,-6.17,-1.04
362,0.03,-0.07,1.01,-1.18,-5.45,0.7
363,0.05,-0.09,1.01,-2.35,-1.02,0.86
364,0.04,-0.09,1.02,-2.56,0.16,0.57
365,0.03,-0.09,1.02,-0.44,0.52,1.02
366,0.05,-0.08,1.02,1.52,1.13,1.37
367,0.05,-0.09,1.0,2.56,2.47,1.6
368,0.05,-0.07,0.99,3.9,2.25,3.16
369,0.06,-0.07,0.97,4.16,2.65,4.66
370,0.06,-0.07,0.95,2.55,2.85,5.89
371,0.08,-0.06,0.95,1.09,3.72,6.5
372,0.07,-0.04,0.94,-0.18,3.7,6.6
373,0.08,-0.03,0.94,-1.09,2.01,5.42
374,0.1,-0.03,0.94,-1.38,2.4,5.02
375,0.09,-0.02,0.94,-1.91,1.31,3.26
376,0.1,-0.01,0.94,-2.84,-0.31,1.05
377,0.09,-0.02,0.94,-3.21,-1.34,-0.37
378,0.09,-0.03,0.95,-3.99,-1.55,-1.92
379,0.1,-0.03,0.95,-5.5,-0.69,-3.09
380,0.09,-0.04,0.97,-5.36,0.37,-5.95
381,0.1,-0.05,0.99,-5.07,0.66,-5.91
382,0.09,-0.06,1.0,-4.73,3.17,-5.44
383,0.07,-0.07,1.01,-5.37,3.12,-7.61
384,0.07,-0.06,1.03,-2.63,4.73,-7.18
385,0.07,-0.05,1.03,-1.75,6.22,-7.55
386,0.05,-0.04,1.02,-1.3,6.86,-7.4
387,0.02,-0.04,1.01,-0.09,5.94,-6.63
388,0.02,-0.02,1.0,0.27,4.95,-5.35
389,0.01,-0.02,0.99,0.01,4.42,-2.37
390,-0.01,-0.03,0.99,-0.64,2.83,-1.61
391,-0.01,-0.03,1.0,-1.75,0.69,-1.02
392,-0.0,-0.04,1.0,-1.67,-0.92,1.0
393,0.01,-0.05,1.01,-4.06,-1.58,0.41
394,0.03,-0.06,1.02,-4.41,-0.43,0.26
395,0.02,-0.07,1.03,-3.46,-0.67,0.13
396,0.03,-0.07,1.03,-1.36,-1.74,-0.41
397,0.04,-0.07,1.03,0.08,-0.88,-1.72
398,0.03,-0.08,1.03,2.18,1.2,-0.9
399,0.02,-0.08,1.01,3.36,0.37,-1.78
