,accel_x,accel_y,accel_z,gyro_x,gyro_y,gyro_z
0,0.11,-0.15,0.98,4.89,-6.7,-9.79
1,0.11,-0.14,0.96,4.78,-3.2,-7.63
2,0.09,-0.12,0.95,3.08,0.77,-4.54
3,0.09,-0.11,0.93,0.69,4.24,-1.69
4,0.09,-0.11,0.93,-0.98,6.45,0.64
5,0.09,-0.1,0.92,-2.13,6.8,1.63
6,0.11,-0.1,0.93,-2.9,6.36,1.1
7,0.12,-0.1,0.91,-3.34,5.72,0.56
8,0.1,-0.09,0.92,-4.49,2.98,-2.35
9,0.1,-0.1,0.91,-5.53,-0.49,-5.36
10,0.1,-0.13,0.92,-7.33,-2.47,-7.44
11,0.08,-0.15,0.94,-8.18,-3.51,-8.08
12,0.07,-0.16,0.96,-9.44,-3.15,-7.47
13,0.07,-0.17,0.98,-9.65,-1.03,-5.24
14,0.07,-0.18,0.99,-8.92,0.76,-3.39
15,0.06,-0.19,0.99,-8.81,0.95,-2.85
16,0.06,-0.19,1.01,-7.8,0.52,-2.64
17,0.06,-0.19,1.01,-6.38,-0.25,-2.31
18,0.06,-0.19,1.0,-6.26,-0.54,-2.31
19,0.05,-0.2,1.01,-6.06,-0.53,-2.18
20,0.05,-0.19,1.01,-4.34,-0.32,-0.7
21,0.07,-0.18,0.99,-3.28,0.92,0.94
22,0.07,-0.17,0.98,-3.97,1.82,1.94
23,0.07,-0.16,0.97,-4.34,1.05,1.79
24,0.07,-0.16,0.97,-4.27,0.4,2.34
25,0.1,-0.16,0.97,-5.25,0.67,2.0
26,0.09,-0.16,0.96,-5.94,0.71,1.77
27,0.11,-0.16,0.98,-5.19,0.26,0.67
28,0.12,-0.16,0.98,-4.34,1.32,0.43
29,0.1,-0.17,0.96,-4.82,0.92,-1.13
30,0.09,-0.18,0.97,-5.79,-2.4,-3.39
31,0.09,-0.19,0.99,-4.8,-4.21,-4.26
32,0.11,-0.19,0.99,-3.99,-1.6,-2.4
33,0.12,-0.19,0.99,-3.19,2.02,-1.07
34,0.11,-0.18,0.99,-2.47,3.85,0.35
35,0.1,-0.18,0.96,-3.03,3.26,-0.51
36,0.09,-0.17,0.97,-4.22,0.9,-3.01
37,0.1,-0.17,0.97,-3.25,-0.24,-3.93
38,0.1,-0.17,0.98,-2.98,0.53,-3.94
39,0.09,-0.18,0.98,-3.23,1.2,-3.21
40,0.07,-0.17,0.97,-3.12,0.79,-3.48
41,0.07,-0.18,0.97,-3.44,0.47,-3.25
42,0.07,-0.18,0.98,-3.06,-0.54,-3.39
43,0.07,-0.18,0.99,-2.6,-1.12,-4.37
44,0.07,-0.18,1.01,-0.97,-0.97,-3.86
45,0.07,-0.18,1.0,0.71,-1.12,-4.08
46,0.07,-0.17,0.99,1.36,-1.92,-4.08
47,0.07,-0.17,0.99,1.04,-2.6,-4.47
48,0.06,-0.16,0.98,0.66,-2.5,-3.76
49,0.07,-0.15,0.98,0.21,-0.13,-1.68
50,0.06,-0.14,0.97,-0.59,1.98,0.68
51,0.06,-0.14,0.97,-1.17,3.05,1.61
52,0.07,-0.13,0.97,-0.77,2.53,1.34
53,0.08,-0.13,0.95,-0.52,1.3,0.37
54,0.07,-0.13,0.96,-0.96,-0.9,-1.47
55,0.06,-0.14,0.95,-1.22,-3.34,-2.38
56,0.06,-0.14,0.96,-2.62,-6.22,-4.11
57,0.07,-0.16,0.98,-1.65,-6.85,-3.79
58,0.07,-0.16,0.96,-1.84,-5.63,-2.92
59,0.07,-0.17,0.97,-2.6,-3.3,-1.23
60,0.06,-0.17,0.97,-3.68,-2.82,-0.77
61,0.06,-0.18,0.99,-3.37,-2.27,0.73
62,0.07,-0.19,0.98,-2.87,-2.39,1.63
63,0.07,-0.18,1.0,-2.63,-3.27,0.69
64,0.08,-0.18,1.0,-1.2,-2.59,1.34
65,0.08,-0.17,0.98,-0.9,-0.98,2.46
66,0.08,-0.17,0.98,-1.33,-1.65,1.66
67,0.08,-0.17,0.98,-1.5,-2.32,0.53
68,0.09,-0.17,0.98,-0.73,-1.5,0.93
69,0.08,-0.16,0.97,-0.57,-2.37,0.7
70,0.09,-0.16,0.96,-1.22,-3.19,0.73
71,0.09,-0.17,0.97,-2.32,-4.25,-1.15
72,0.1,-0.18,0.99,-2.45,-4.39,-1.37
73,0.11,-0.19,0.99,-1.02,-3.63,-1.17
74,0.11,-0.19,0.97,-0.53,-2.85,-1.4
75,0.11,-0.18,0.97,-0.57,-2.98,-2.38
76,0.1,-0.18,0.98,-0.14,-3.92,-3.36
77,0.1,-0.18,0.97,-0.06,-5.08,-4.22
78,0.1,-0.18,0.96,-0.37,-6.16,-5.35
79,0.11,-0.18,0.96,-0.56,-5.84,-5.79
80,0.11,-0.18,0.98,-1.18,-4.47,-5.17
81,0.1,-0.19,0.97,-1.16,-4.25,-4.79
82,0.09,-0.18,0.98,-1.72,-4.92,-4.4
83,0.11,-0.18,0.97,-1.75,-3.63,-3.26
84,0.1,-0.19,0.98,-2.44,-1.82,-1.77
85,0.1,-0.18,0.97,-2.91,-2.26,-1.88
86,0.1,-0.18,0.98,-2.75,-2.53,-1.84
87,0.13,-0.17,0.98,-2.63,-0.03,-1.42
88,0.12,-0.18,0.98,-1.95,1.89,-0.12
89,0.12,-0.17,0.98,-1.98,1.24,-1.52
90,0.12,-0.16,0.97,-2.35,0.56,-2.65
91,0.11,-0.16,0.97,-2.01,0.03,-3.85
92,0.11,-0.16,0.97,-1.89,-0.15,-4.51
93,0.11,-0.16,0.99,-1.68,0.34,-4.58
94,0.1,-0.16,0.98,-1.08,1.5,-3.7
95,0.08,-0.15,0.97,-1.53,1.72,-3.36
96,0.08,-0.15,0.97,-1.63,1.75,-3.02
97,0.07,-0.15,0.97,-1.9,1.46,-2.96
98,0.07,-0.15,0.97,-2.64,0.62,-3.89
99,0.07,-0.15,0.97,-2.51,-0.23,-3.67
100,0.08,-0.14,0.99,-2.42,-0.59,-4.21
101,0.08,-0.14,0.98,-2.06,1.31,-3.08
102,0.06,-0.14,0.99,-1.72,1.87,-2.5
103,0.07,-0.13,0.96,-2.15,1.27,-1.49
104,0.06,-0.13,0.96,-3.21,0.7,-1.35
105,0.06,-0.15,0.96,-4.44,-0.76,-1.5
106,0.06,-0.15,0.98,-5.13,-1.75,-2.21
107,0.08,-0.16,0.98,-4.93,-0.47,-1.12
108,0.08,-0.16,1.0,-5.06,0.35,-0.96
109,0.07,-0.17,1.0,-4.12,-0.85,-1.39
110,0.08,-0.17,1.01,-3.22,-1.39,-1.5
111,0.07,-0.18,1.0,-2.7,-1.02,-0.6
112,0.06,-0.18,1.01,-2.37,-1.6,-0.58
113,0.06,-0.17,1.01,-2.18,-1.54,0.24
114,0.07,-0.19,1.02,-1.14,-0.37,1.85
115,0.07,-0.17,1.02,0.13,0.73,3.39
116,0.07,-0.16,1.01,0.21,1.5,4.02
117,0.06,-0.16,0.99,-0.82,1.13,4.33
118,0.05,-0.16,1.01,-1.49,-0.79,3.55
119,0.05,-0.16,1.03,-0.2,-0.53,4.59
120,0.06,-0.16,1.03,0.87,0.43,7.07
121,0.05,-0.15,1.03,1.21,0.07,7.71
122,0.05,-0.15,1.03,1.1,-0.69,6.83
123,0.05,-0.15,1.05,2.24,0.01,7.9
124,0.04,-0.13,1.04,3.47,0.6,10.03
125,0.04,-0.12,1.04,4.67,0.86,11.56
126,0.03,-0.12,1.04,6.11,0.94,12.99
127,0.03,-0.09,1.04,6.84,1.74,15.37
128,0.03,-0.07,1.05,8.02,3.65,18.1
129,0.03,-0.02,1.04,8.48,7.44,21.42
130,0.04,0.01,1.01,8.62,12.62,26.34
131,0.04,0.07,0.99,8.92,17.73,31.81
132,0.04,0.14,0.99,5.87,22.67,35.18
133,0.07,0.23,0.96,2.94,26.55,36.62
134,0.06,0.31,0.97,-1.95,30.56,37.21
135,0.06,0.38,1.0,-4.82,32.05,37.0
136,-0.01,0.45,1.04,-5.84,26.74,31.66
137,-0.03,0.56,1.08,-11.37,21.8,28.21
138,0.05,0.68,1.11,-11.08,23.4,40.43
139,-0.03,0.77,1.21,-11.87,22.8,50.69
140,-0.18,0.86,1.31,-18.57,16.47,48.01
141,-0.16,0.98,1.43,-19.33,19.89,49.89
142,-0.15,1.11,1.47,-23.91,20.27,64.63
143,-0.06,1.35,1.51,-19.34,34.62,84.17
144,0.02,1.61,1.48,-27.79,62.14,100.25
145,-0.04,1.79,1.43,-36.95,92.75,112.82
146,-0.25,1.84,1.37,-47.39,95.34,113.98
147,-0.44,1.83,1.25,-45.37,56.97,104.13
148,-0.51,1.82,1.11,-48.09,-2.44,73.72
149,-0.26,1.79,0.93,-50.93,-63.66,33.57
150,0.11,1.64,0.75,-36.17,-107.96,-7.65
151,0.38,1.38,0.58,-39.7,-132.63,-69.83
152,0.41,0.97,0.28,-10.4,-132.41,-84.73
153,0.6,0.42,-0.14,20.62,-132.45,-91.06
154,0.64,-0.28,-0.71,51.92,-101.44,-44.63
155,0.56,-1.06,-1.47,57.48,-61.99,50.34
156,0.37,-1.94,-2.0,-6.89,6.18,172.71
157,0.52,-2.0,-2.0,-176.59,41.51,228.98
158,0.87,-2.0,-2.0,-250.14,-0.73,192.59
159,2.0,-2.0,-1.37,-250.14,-76.21,10.6
160,2.0,-2.0,1.34,-250.14,-69.58,-250.14
161,2.0,-2.0,2.0,-250.14,78.18,-250.14
162,-1.22,-2.0,2.0,-250.14,250.13,-250.14
163,-2.0,-2.0,2.0,22.69,250.13,-179.27
164,-2.0,-2.0,2.0,250.13,87.97,250.13
165,-2.0,-0.94,-2.0,250.13,-250.14,250.13
166,-0.4,-0.16,-2.0,250.13,-250.14,225.94
167,2.0,0.35,-2.0,25.23,-250.14,10.06
168,2.0,0.05,-1.6,-48.42,-250.14,-0.24
169,2.0,-0.38,-0.05,-36.3,31.02,16.27
170,2.0,-0.23,0.06,-69.79,250.13,-14.24
171,2.0,-0.3,-0.06,-107.92,250.13,-80.87
172,0.61,-0.48,0.21,-96.51,250.13,-107.11
173,-0.84,-0.53,0.45,-65.32,135.01,-99.59
174,-1.31,-0.56,0.7,-46.07,8.83,-80.3
175,-1.04,-0.57,0.99,-28.19,-62.87,-49.8
176,-0.46,-0.58,1.22,-10.29,-83.24,-20.15
177,0.04,-0.61,1.29,-2.31,-54.25,2.35
178,0.35,-0.61,1.32,1.31,-16.1,14.35
179,0.44,-0.55,1.14,0.02,6.89,8.96
180,0.42,-0.48,0.98,7.6,12.05,-3.05
181,0.34,-0.48,0.88,6.03,0.38,-10.5
182,0.32,-0.53,0.85,11.89,4.63,-13.07
183,0.29,-0.53,0.84,8.95,11.05,-9.63
184,0.3,-0.58,0.76,7.79,22.17,-2.66
185,0.27,-0.63,0.75,10.63,33.18,11.5
186,0.15,-0.61,0.81,3.08,31.82,3.07
187,0.12,-0.62,0.71,1.86,46.7,17.58
188,-0.04,-0.63,0.67,3.08,36.36,28.61
189,-0.14,-0.63,0.63,-0.73,17.35,32.38
190,-0.2,-0.66,0.77,-2.04,-11.79,36.61
191,-0.13,-0.73,0.91,10.73,-40.79,42.92
192,0.01,-0.81,0.97,21.02,-67.21,37.02
193,0.36,-0.78,1.03,35.55,-67.91,33.73
194,0.59,-0.72,1.03,42.57,-42.22,37.03
195,0.62,-0.66,0.94,46.95,-20.37,36.64
196,0.55,-0.58,0.87,49.24,-8.96,33.34
197,0.46,-0.52,0.8,44.98,1.2,29.27
198,0.32,-0.46,0.78,40.01,6.37,30.83
199,0.26,-0.45,0.72,38.21,2.57,31.77
200,0.25,-0.39,0.7,28.54,3.44,34.24
201,0.21,-0.37,0.68,17.6,1.82,37.24
202,0.19,-0.38,0.73,3.73,-1.45,35.21
203,0.25,-0.4,0.8,-5.23,0.17,29.99
204,0.24,-0.41,0.89,1.63,1.19,28.63
205,0.24,-0.43,0.93,3.09,0.02,21.53
206,0.25,-0.43,0.95,11.67,-8.78,15.05
207,0.22,-0.43,0.92,21.47,-16.31,7.84
208,0.23,-0.38,0.87,26.7,-17.73,2.15
209,0.19,-0.31,0.88,21.46,-14.7,-2.78
210,0.17,-0.31,0.79,24.35,-9.85,-0.47
211,0.08,-0.27,0.78,15.53,-11.62,0.45
212,0.1,-0.24,0.81,6.77,-6.54,2.23
213,0.11,-0.26,0.88,3.7,-7.5,5.04
214,0.18,-0.27,0.91,3.3,-2.85,3.83
215,0.21,-0.24,0.93,3.58,3.0,6.16
216,0.24,-0.22,0.91,0.86,8.27,2.6
217,0.27,-0.18,0.92,1.76,9.87,0.05
218,0.26,-0.2,0.93,4.27,9.66,-5.49
219,0.25,-0.19,0.91,5.62,11.02,-9.41
220,0.2,-0.18,0.91,7.48,11.11,-11.15
221,0.17,-0.17,0.91,6.44,4.27,-16.63
222,0.16,-0.19,0.9,8.65,-2.38,-18.4
223,0.11,-0.2,0.91,7.95,-8.89,-23.24
224,0.13,-0.21,0.92,8.01,-9.58,-22.72
225,0.13,-0.25,0.93,8.07,-6.88,-18.72
226,0.13,-0.28,0.95,6.25,0.05,-14.27
227,0.11,-0.27,1.0,2.49,10.38,-8.82
228,0.09,-0.28,1.0,-1.43,15.61,-4.02
229,0.15,-0.28,0.98,-4.12,17.26,-2.58
230,0.18,-0.27,1.0,-3.82,19.4,-0.27
231,0.18,-0.29,1.03,-2.54,17.89,-1.92
232,0.18,-0.31,1.03,1.4,11.97,-4.19
233,0.21,-0.31,1.03,0.75,6.21,-12.36
234,0.27,-0.31,1.01,4.51,4.86,-15.45
235,0.27,-0.32,1.01,6.78,5.94,-18.24
236,0.28,-0.3,1.02,8.05,12.63,-19.55
237,0.26,-0.29,1.04,16.44,27.08,-11.05
238,0.16,-0.27,1.05,13.94,32.04,-10.67
239,0.13,-0.26,1.0,15.04,31.44,-10.43
240,0.09,-0.26,0.99,15.18,30.4,-12.77
241,0.08,-0.23,0.93,17.51,20.58,-15.29
242,0.02,-0.22,0.95,21.39,4.43,-19.72
243,0.06,-0.21,0.95,19.18,-6.24,-24.35
244,0.12,-0.21,0.91,19.16,-8.83,-23.7
245,0.13,-0.21,0.95,16.89,-8.69,-23.59
246,0.17,-0.23,0.98,15.64,-6.2,-23.05
247,0.19,-0.23,1.01,14.53,-5.16,-22.75
248,0.24,-0.24,1.0,17.31,-3.31,-23.47
249,0.25,-0.22,1.0,19.98,0.05,-21.57
250,0.22,-0.2,0.97,17.69,1.56,-24.63
251,0.21,-0.21,0.95,21.81,-0.57,-26.11
252,0.2,-0.17,0.91,23.13,-2.87,-25.73
253,0.16,-0.15,0.89,22.44,-4.57,-26.37
254,0.14,-0.16,0.9,20.27,-7.96,-27.22
255,0.15,-0.17,0.92,16.47,-12.07,-26.16
256,0.19,-0.18,0.91,11.4,-6.44,-24.11
257,0.22,-0.2,0.93,8.82,-1.13,-21.54
258,0.21,-0.21,0.96,8.46,3.43,-19.26
259,0.2,-0.21,0.97,8.19,5.51,-19.15
260,0.2,-0.2,0.98,9.5,7.02,-19.6
261,0.18,-0.2,0.97,9.6,7.56,-21.26
262,0.13,-0.21,0.99,10.32,2.22,-24.72
263,0.1,-0.21,0.99,15.73,-3.32,-25.48
264,0.13,-0.2,0.96,17.69,-5.23,-23.66
265,0.13,-0.2,0.93,14.44,-3.82,-23.38
266,0.15,-0.19,0.94,11.67,2.95,-20.02
267,0.13,-0.19,0.92,12.48,3.71,-16.5
268,0.1,-0.18,0.9,7.66,1.86,-17.08
269,0.13,-0.17,0.9,3.6,4.1,-12.4
270,0.12,-0.17,0.93,2.02,3.67,-11.49
271,0.11,-0.19,0.93,1.3,-2.63,-14.02
272,0.18,-0.17,0.96,0.56,-4.99,-15.14
273,0.24,-0.17,0.97,0.98,1.22,-12.32
274,0.23,-0.17,0.96,0.37,7.08,-10.79
275,0.21,-0.18,0.94,-0.38,6.69,-11.73
276,0.23,-0.18,0.96,-1.71,6.14,-13.56
277,0.26,-0.18,0.94,-1.75,11.08,-11.79
278,0.19,-0.21,0.99,-3.82,11.5,-13.23
279,0.16,-0.22,1.02,-1.8,9.21,-14.22
280,0.16,-0.21,1.03,1.34,7.71,-15.33
281,0.17,-0.18,1.02,2.27,10.96,-14.76
282,0.18,-0.16,1.0,3.01,18.79,-8.64
283,0.12,-0.14,0.98,0.31,19.8,-7.58
284,0.14,-0.14,0.96,-1.73,17.88,-5.89
285,0.16,-0.13,0.94,-4.5,18.26,-5.66
286,0.18,-0.14,0.93,-7.49,18.91,-4.85
287,0.15,-0.15,0.95,-10.79,15.27,-8.69
288,0.17,-0.18,0.98,-10.37,12.3,-10.37
289,0.17,-0.2,1.01,-8.11,10.42,-13.85
290,0.17,-0.21,1.04,-3.32,11.14,-14.75
291,0.13,-0.21,1.04,2.21,9.89,-16.44
292,0.11,-0.2,1.02,6.3,7.61,-18.08
293,0.09,-0.19,0.98,7.66,5.34,-19.01
294,0.1,-0.18,0.95,8.21,4.72,-18.85
295,0.07,-0.18,0.93,7.78,0.89,-17.95
296,0.09,-0.17,0.93,7.38,-0.22,-17.73
297,0.13,-0.14,0.91,5.82,0.73,-16.57
298,0.18,-0.13,0.89,2.85,5.33,-13.99
299,0.17,-0.12,0.88,1.56,6.11,-12.67
300,0.16,-0.12,0.89,-1.73,4.72,-13.42
301,0.16,-0.12,0.91,-4.69,5.91,-12.76
302,0.15,-0.14,0.91,-6.13,7.18,-11.21
303,0.12,-0.16,0.94,-7.84,6.24,-11.6
304,0.14,-0.16,0.97,-7.22,8.66,-10.59
305,0.14,-0.17,0.96,-6.33,10.02,-10.21
306,0.12,-0.18,0.96,-7.17,6.9,-13.05
307,0.13,-0.17,0.99,-6.15,4.08,-14.55
308,0.13,-0.17,0.99,-2.99,1.56,-15.62
309,0.13,-0.17,0.98,-2.66,-1.83,-18.66
310,0.11,-0.16,0.97,-1.15,-3.37,-18.47
311,0.08,-0.16,0.97,-1.72,-5.15,-18.87
312,0.07,-0.16,0.97,-0.88,-4.49,-17.71
313,0.09,-0.15,0.96,-3.18,-4.08,-11.15
314,0.08,-0.16,0.96,-5.47,-2.75,-8.06
315,0.1,-0.19,0.97,-8.25,-3.01,-4.69
316,0.12,-0.2,0.98,-9.65,-3.33,-3.11
317,0.14,-0.22,1.01,-9.4,-5.5,-3.63
318,0.17,-0.22,1.05,-7.23,-6.4,-4.98
319,0.2,-0.21,1.05,-4.19,-5.11,-6.12
320,0.19,-0.21,1.04,0.11,-3.44,-6.93
321,0.19,-0.2,1.02,2.95,-3.76,-7.26
322,0.17,-0.19,0.99,1.98,-2.3,-8.15
323,0.18,-0.19,1.0,1.84,-2.03,-6.98
324,0.15,-0.2,0.99,0.85,-2.92,-6.97
325,0.15,-0.22,1.0,1.4,-3.39,-4.73
326,0.15,-0.21,1.01,2.08,-0.49,-2.89
327,0.14,-0.21,1.02,3.16,0.37,-1.28
328,0.15,-0.21,1.0,4.71,1.06,-0.29
329,0.16,-0.21,1.0,3.97,2.48,-0.88
330,0.15,-0.19,1.0,3.63,1.63,-2.89
331,0.14,-0.18,1.0,5.55,0.92,-4.12
332,0.11,-0.18,0.99,7.95,-1.28,-4.89
333,0.1,-0.18,0.99,8.76,-3.06,-5.89
334,0.09,-0.17,0.97,8.82,-3.05,-6.17
335,0.08,-0.16,0.97,9.02,-2.53,-4.43
336,0.07,-0.17,0.94,6.87,-4.54,-4.57
337,0.07,-0.15,0.96,5.6,-5.08,-3.03
338,0.1,-0.16,0.95,4.3,-3.81,0.75
339,0.12,-0.14,0.95,2.76,-0.49,1.95
340,0.13,-0.13,0.95,1.54,1.56,3.94
341,0.13,-0.14,0.94,-0.1,0.59,2.21
342,0.13,-0.14,0.95,-1.24,-0.52,1.03
343,0.14,-0.15,0.94,0.0,-2.36,1.29
344,0.11,-0.17,0.95,-0.02,-6.31,-1.64
345,0.13,-0.18,0.97,0.56,-7.76,-2.73
346,0.14,-0.18,1.0,2.9,-5.74,-1.57
347,0.14,-0.17,0.98,3.86,-3.57,-0.48
348,0.16,-0.15,0.98,4.73,-1.66,0.28
349,0.16,-0.14,0.96,4.82,1.33,2.47
350,0.15,-0.14,0.94,3.78,3.85,5.26
351,0.13,-0.15,0.93,0.62,2.11,5.25
352,0.13,-0.15,0.94,-1.96,-1.23,4.31
353,0.16,-0.14,0.98,-1.91,-2.6,3.96
354,0.17,-0.15,0.97,-1.63,-0.85,4.58
355,0.16,-0.15,0.96,-1.67,-0.19,3.94
356,0.15,-0.15,0.97,-2.16,0.21,3.76
357,0.14,-0.15,0.97,-2.3,0.35,2.84
358,0.15,-0.16,0.99,-2.33,1.35,2.9
359,0.16,-0.15,0.99,-1.62,2.52,4.15
360,0.16,-0.15,0.97,-1.5,2.08,3.69
361,0.17,-0.16,0.99,-1.53,0.65,2.22
362,0.16,-0.16,0.99,-0.69,1.05,2.61
363,0.17,-0.16,1.0,-0.31,0.61,1.79
364,0.17,-0.16,1.0,0.71,2.14,2.56
365,0.18,-0.15,0.99,1.45,2.91,2.14
366,0.19,-0.14,0.99,2.44,4.28,2.37
367,0.18,-0.14,0.97,2.71,4.91,1.94
368,0.18,-0.13,0.96,1.64,3.58,0.46
369,0.16,-0.13,0.96,1.6,0.84,-0.63
370,0.17,-0.13,0.97,0.1,-0.96,-2.15
371,0.15,-0.13,0.96,-0.14,-1.51,-0.82
372,0.15,-0.13,0.96,-1.95,-3.62,-3.0
373,0.18,-0.13,0.97,-3.25,-2.5,-3.71
374,0.16,-0.14,0.98,-3.58,-0.51,-3.35
375,0.13,-0.14,0.96,-3.69,-0.56,-2.57
376,0.12,-0.15,0.97,-5.35,-2.95,-5.03
377,0.14,-0.15,0.97,-5.53,-1.06,-2.78
378,0.12,-0.15,0.99,-4.95,-0.6,-1.86
379,0.11,-0.15,1.0,-4.29,-1.09,-1.29
380,0.13,-0.14,1.01,-3.6,0.74,-1.11
381,0.16,-0.14,1.0,-3.05,3.33,0.24
382,0.13,-0.14,1.01,-2.7,2.14,-0.87
383,0.13,-0.16,1.0,-1.81,-0.33,-2.21
384,0.13,-0.14,1.0,-1.72,-2.06,-2.58
385,0.15,-0.14,0.99,-1.27,-1.69,-3.73
386,0.16,-0.13,0.99,-1.32,0.28,-3.56
387,0.14,-0.13,1.0,-0.73,0.37,-3.59
388,0.13,-0.12,0.99,0.5,-0.56,-4.16
389,0.14,-0.11,0.98,1.21,-0.33,-3.89
390,0.14,-0.11,0.96,1.44,1.04,-4.05
391,0.12,-0.11,0.96,1.49,0.0,-3.9
392,0.12,-0.1,0.95,1.5,-1.17,-4.12
393,0.12,-0.1,0.93,0.34,-0.63,-3.92
394,0.11,-0.12,0.92,-1.96,-1.15,-3.73
395,0.1,-0.15,0.94,-3.01,-2.98,-3.61
396,0.11,-0.16,0.96,-4.07,-5.23,-4.02
397,0.12,-0.17,0.99,-3.47,-5.25,-4.07
398,0.14,-0.17,1.0,-1.65,-1.96,-2.24
399,0.14,-0.17,1.01,-0.08,0.72,-1.51
