,accel_x,accel_y,accel_z,gyro_x,gyro_y,gyro_z
0,0.05,0.1,0.99,7.73,-6.12,-5.1
1,0.02,0.1,0.99,7.38,-3.4,-5.36
2,-0.01,0.11,0.98,6.34,-3.16,-5.15
3,-0.01,0.11,0.98,6.17,-1.08,-3.23
4,-0.01,0.11,0.96,4.76,0.14,-3.25
5,-0.01,0.12,0.95,3.49,-0.84,-3.0
6,-0.01,0.12,0.95,2.62,-0.7,-2.63
7,0.01,0.12,0.96,2.02,-2.31,-3.41
8,0.01,0.12,0.95,2.11,-6.37,-5.78
9,-0.0,0.12,0.96,2.11,-11.37,-6.24
10,0.01,0.12,0.95,1.02,-13.31,-7.89
11,0.01,0.11,0.98,0.69,-11.12,-7.49
12,0.01,0.11,1.0,1.02,-6.11,-4.95
13,0.02,0.09,0.98,2.19,-2.72,-4.16
14,0.0,0.09,0.97,1.1,-2.18,-4.64
15,0.01,0.09,0.98,0.44,-1.49,-3.03
16,0.01,0.09,0.97,-0.3,-0.37,-3.13
17,-0.01,0.1,0.98,-0.93,0.21,-3.48
18,-0.01,0.09,0.98,-1.55,1.34,-2.85
19,-0.0,0.09,0.98,-0.65,2.02,-1.1
20,-0.02,0.1,0.98,-1.94,2.88,-1.59
21,-0.02,0.09,0.97,-2.21,4.75,-0.46
22,-0.02,0.09,0.98,-2.32,4.15,-1.34
23,-0.01,0.1,1.0,-1.34,2.08,-1.11
24,-0.0,0.1,0.97,-0.79,2.05,-1.39
25,-0.01,0.09,0.95,-1.15,2.92,-1.95
26,-0.01,0.1,0.94,-2.89,1.68,-2.63
27,0.0,0.1,0.94,-3.95,1.36,-2.56
28,0.02,0.09,0.95,-5.1,2.34,-3.14
29,0.01,0.08,0.97,-6.5,2.44,-5.4
30,-0.0,0.08,0.99,-8.1,2.15,-7.5
31,0.02,0.06,1.0,-7.54,2.25,-7.71
32,0.01,0.07,1.01,-6.46,0.21,-9.6
33,-0.01,0.07,0.99,-4.36,-2.3,-9.85
34,0.02,0.06,1.01,-1.94,0.26,-4.64
35,0.02,0.05,0.99,-1.01,4.15,-1.93
36,-0.0,0.07,0.98,-0.89,2.78,-1.62
37,-0.03,0.07,0.99,-1.44,1.93,-0.02
38,0.01,0.08,0.99,-1.96,2.44,0.63
39,0.04,0.09,0.99,-1.34,2.65,2.93
40,0.05,0.08,0.97,-1.83,1.63,-0.59
41,0.01,0.08,0.96,-2.14,-0.91,-2.98
42,0.01,0.08,0.97,-2.27,-3.18,-2.53
43,0.02,0.08,0.98,-3.13,-3.3,-3.69
44,0.02,0.09,0.99,-3.44,-3.09,-5.87
45,-0.0,0.09,0.97,-3.73,-2.37,-6.9
46,-0.01,0.07,0.98,-4.49,-2.98,-6.92
47,0.01,0.07,0.99,-5.36,-3.45,-6.02
48,-0.01,0.07,1.01,-5.27,-2.13,-5.8
49,-0.03,0.09,1.02,-3.71,-0.53,-4.8
50,-0.03,0.08,1.01,-1.48,0.85,-2.83
51,-0.04,0.07,0.99,-1.69,0.41,-1.76
52,-0.04,0.08,0.98,-1.76,-0.11,-1.47
53,-0.03,0.09,0.99,-1.32,0.44,-2.82
54,-0.05,0.08,0.97,-1.1,0.98,-3.12
55,-0.05,0.07,0.96,-1.72,-0.51,-1.3
56,-0.04,0.08,0.96,-2.78,-1.16,0.47
57,-0.02,0.08,0.96,-2.56,1.52,2.08
58,-0.03,0.07,0.96,-2.95,2.39,3.07
59,-0.05,0.07,0.96,-3.4,0.44,4.44
60,-0.05,0.06,0.98,-3.79,-1.31,5.18
61,-0.03,0.07,1.0,-4.04,0.99,4.2
62,-0.03,0.06,1.0,-2.49,1.82,6.03
63,-0.03,0.07,1.01,-2.18,2.74,7.87
64,-0.02,0.08,1.01,-2.31,2.56,6.06
65,-0.02,0.07,1.01,-1.82,1.95,6.73
66,-0.0,0.08,1.02,-1.41,2.45,5.74
67,0.01,0.09,1.01,-0.85,2.12,3.11
68,0.0,0.1,1.01,0.02,0.76,0.87
69,0.0,0.1,1.01,0.92,-0.53,0.05
70,0.01,0.09,1.0,2.2,-1.85,-1.59
71,0.02,0.1,0.99,2.25,-4.03,-3.01
72,0.01,0.09,0.99,2.5,-5.03,-4.22
73,0.01,0.1,1.0,2.76,-4.59,-4.53
74,0.0,0.1,0.99,2.1,-2.17,-4.6
75,0.01,0.1,0.99,2.15,-1.12,-5.7
76,-0.0,0.11,0.98,1.95,-0.63,-5.82
77,-0.01,0.11,0.97,1.53,-1.28,-6.81
78,-0.01,0.1,0.97,2.78,-1.61,-6.6
79,-0.01,0.12,0.97,3.08,0.87,-5.52
80,-0.03,0.12,0.97,4.02,2.1,-4.45
81,-0.03,0.11,0.98,6.85,3.68,-3.05
82,-0.02,0.1,0.93,3.9,1.64,-4.72
83,-0.03,0.1,0.93,2.85,-1.03,-5.58
84,-0.0,0.1,0.93,2.73,4.34,-3.68
85,-0.05,0.09,0.93,1.85,3.36,-4.4
86,-0.06,0.09,0.92,0.15,-1.94,-3.81
87,-0.07,0.09,0.94,-1.31,-1.56,-2.79
88,-0.06,0.09,0.94,-2.94,-0.15,-0.85
89,-0.05,0.1,0.96,-4.57,0.74,-0.63
90,-0.03,0.09,0.96,-5.9,3.55,-1.05
91,-0.04,0.09,0.97,-6.11,2.98,-0.58
92,-0.03,0.08,0.98,-6.45,-0.49,-0.11
93,-0.02,0.07,1.0,-6.11,-2.84,0.57
94,0.0,0.07,1.02,-5.45,-2.87,1.05
95,-0.0,0.07,1.02,-5.24,-2.57,0.46
96,-0.0,0.08,1.04,-4.53,-1.68,0.93
97,0.0,0.08,1.04,-4.09,-0.82,1.67
98,0.02,0.09,1.04,-3.3,-0.05,2.26
99,0.03,0.1,1.04,-1.86,1.18,1.5
100,0.04,0.11,1.04,-0.5,0.2,0.42
101,0.04,0.12,1.02,1.27,-1.52,-0.52
102,0.03,0.13,1.01,3.09,-1.32,-1.78
103,0.03,0.15,1.0,4.61,-1.73,-2.19
104,0.02,0.16,1.0,6.06,-3.1,-3.3
105,0.01,0.17,0.99,7.1,-3.8,-4.38
106,0.0,0.19,0.99,8.82,-4.35,-4.02
107,0.0,0.18,0.97,9.32,-5.36,-4.44
108,-0.02,0.19,0.95,9.47,-6.89,-4.02
109,-0.02,0.2,0.93,8.84,-8.02,-4.35
110,-0.01,0.2,0.93,8.01,-8.53,-3.77
111,-0.0,0.18,0.9,6.44,-7.29,-3.63
112,0.0,0.17,0.91,5.01,-7.6,-5.0
113,-0.01,0.16,0.9,3.15,-10.73,-7.53
114,-0.01,0.16,0.9,1.69,-12.36,-9.11
115,-0.01,0.16,0.93,0.75,-11.79,-9.24
116,-0.01,0.16,0.94,0.61,-11.37,-8.65
117,-0.01,0.14,0.92,0.12,-10.58,-9.76
118,-0.02,0.14,0.94,-0.66,-8.59,-9.71
119,-0.03,0.16,0.95,-1.23,-4.12,-8.07
120,-0.05,0.19,0.95,-2.79,-1.06,-7.16
121,-0.07,0.25,0.97,-4.41,1.53,-4.53
122,-0.07,0.3,0.98,-6.4,2.65,-3.29
123,-0.07,0.35,1.02,-7.12,3.21,-1.97
124,-0.06,0.39,1.08,-6.55,4.83,-2.35
125,-0.05,0.44,1.14,-3.08,4.02,-2.99
126,-0.06,0.5,1.19,3.56,-0.95,-0.25
127,-0.07,0.55,1.21,11.53,-6.4,4.34
128,-0.05,0.63,1.21,18.65,-9.15,7.56
129,-0.03,0.69,1.18,26.89,-10.35,9.7
130,-0.02,0.75,1.16,28.95,-12.96,9.58
131,-0.01,0.8,1.13,30.33,-17.04,7.18
132,-0.04,0.83,1.1,30.38,-23.59,2.2
133,-0.03,0.89,1.06,29.94,-39.25,5.11
134,0.02,0.93,1.02,25.78,-44.98,3.5
135,0.04,0.94,0.98,17.37,-42.63,-2.86
136,0.06,0.95,0.97,8.08,-38.75,-7.42
137,0.04,0.95,0.97,-2.95,-26.24,-13.17
138,-0.06,0.96,1.01,-11.37,-5.12,-17.36
139,-0.11,0.97,1.03,-12.06,13.34,-10.47
140,-0.14,0.98,1.13,-10.36,14.96,-8.29
141,-0.06,1.0,1.14,-5.24,18.65,-4.02
142,-0.0,0.98,1.17,3.35,22.7,-7.02
143,0.03,0.91,1.18,17.47,26.87,-3.56
144,0.01,0.83,1.09,27.89,28.49,-4.25
145,0.02,0.69,1.04,37.81,35.15,-5.25
146,-0.0,0.56,1.04,46.63,45.89,-3.11
147,-0.02,0.41,0.97,54.92,54.09,-1.97
148,-0.11,0.25,0.92,59.53,66.46,0.4
149,-0.05,0.07,0.84,62.66,72.25,4.01
150,0.04,-0.12,0.74,59.53,74.02,5.76
151,0.09,-0.29,0.6,51.94,64.86,1.68
152,0.21,-0.45,0.51,36.21,44.82,-13.47
153,0.32,-0.61,0.44,18.08,35.78,-38.71
154,0.22,-0.65,0.51,2.54,36.36,-55.63
155,0.1,-0.69,0.54,-5.44,32.92,-63.74
156,-0.02,-0.71,0.53,-13.6,15.78,-66.9
157,-0.06,-0.72,0.48,-24.5,-4.84,-65.27
158,-0.0,-0.76,0.47,-37.17,-23.8,-65.68
159,-0.03,-0.83,0.44,-54.23,-41.1,-67.5
160,-0.09,-0.86,0.56,-74.23,-62.57,-67.31
161,-0.11,-0.9,0.8,-88.83,-75.99,-70.52
162,-0.12,-0.88,1.16,-88.03,-75.69,-63.71
163,-0.03,-0.78,1.43,-79.34,-71.12,-53.29
164,0.07,-0.66,1.57,-62.05,-64.92,-48.39
165,0.1,-0.54,1.6,-43.26,-48.73,-49.5
166,0.05,-0.47,1.53,-25.71,-21.56,-50.03
167,-0.02,-0.37,1.41,-16.18,14.54,-49.86
168,-0.18,-0.34,1.28,-7.1,49.89,-46.33
169,-0.37,-0.31,1.12,0.5,66.37,-30.24
170,-0.43,-0.26,0.97,0.13,51.19,-5.37
171,-0.34,-0.21,0.86,-5.56,19.91,11.35
172,-0.25,-0.15,0.8,-9.74,-3.31,22.02
173,-0.16,-0.08,0.77,-20.73,-21.9,29.47
174,0.01,-0.07,0.82,-25.83,-38.37,37.83
175,0.17,-0.07,0.95,-29.77,-40.2,33.75
176,0.25,-0.08,1.11,-25.35,-25.63,26.65
177,0.24,-0.07,1.23,-16.05,-10.46,22.6
178,0.22,-0.03,1.22,-3.47,-2.34,23.9
179,0.22,0.03,1.13,5.79,4.16,26.29
180,0.22,0.05,1.01,7.2,0.46,23.4
181,0.21,0.08,0.99,6.21,-8.69,20.64
182,0.2,0.11,0.96,3.91,-12.81,20.22
183,0.2,0.11,0.91,0.02,-15.48,17.37
184,0.17,0.09,0.88,-8.2,-17.66,13.02
185,0.17,0.08,0.87,-17.03,-17.49,9.41
186,0.16,0.07,0.87,-25.53,-18.5,5.42
187,0.13,0.07,0.9,-32.89,-22.09,2.5
188,0.1,0.06,0.94,-36.19,-27.65,3.63
189,0.12,0.03,0.97,-37.14,-32.39,3.87
190,0.14,0.02,1.03,-36.39,-32.37,2.97
191,0.15,0.01,1.08,-31.71,-28.97,2.52
192,0.14,-0.01,1.13,-25.64,-22.42,3.49
193,0.17,-0.0,1.14,-18.9,-14.19,2.02
194,0.19,0.02,1.1,-11.69,-6.27,-0.6
195,0.16,0.01,1.01,-6.63,-3.91,-4.53
196,0.14,0.02,0.95,-4.79,-12.69,-9.82
197,0.12,0.0,0.87,-5.65,-25.88,-13.16
198,0.1,0.01,0.82,-11.02,-40.19,-17.05
199,0.07,0.01,0.81,-17.53,-48.58,-20.47
200,0.03,0.01,0.9,-23.29,-44.57,-20.62
201,0.02,0.02,1.04,-20.86,-31.2,-22.78
202,0.05,0.02,1.28,-3.41,-15.97,-11.88
203,0.06,0.04,1.33,16.25,-14.63,-1.22
204,0.08,0.04,1.26,35.33,-19.06,7.92
205,0.12,0.05,1.09,45.46,-17.3,11.92
206,0.14,0.07,0.93,44.56,-18.92,11.5
207,0.12,0.07,0.82,36.34,-26.06,9.05
208,0.15,0.09,0.77,23.36,-29.08,3.9
209,0.17,0.09,0.8,10.31,-27.5,-5.63
210,0.15,0.09,0.84,0.88,-20.96,-11.7
211,0.05,0.08,0.87,-5.32,-16.05,-13.5
212,-0.05,0.06,0.94,-8.18,-15.31,-10.67
213,-0.08,0.04,1.0,-6.64,-16.21,-1.82
214,-0.0,0.01,1.05,-4.09,-17.4,3.86
215,0.08,0.01,1.06,-1.27,-13.11,5.05
216,0.12,0.04,1.04,1.32,-7.54,4.04
217,0.09,0.05,1.02,3.05,-6.96,4.2
218,0.06,0.06,0.96,2.45,-11.11,4.41
219,0.06,0.05,0.94,1.47,-14.38,3.99
220,0.01,0.04,0.95,0.02,-18.58,3.85
221,-0.04,0.01,0.96,-2.0,-22.95,4.96
222,-0.03,0.0,1.02,-2.37,-22.5,9.2
223,-0.02,0.01,1.04,-2.0,-18.85,14.96
224,0.01,0.01,1.04,-0.6,-11.96,20.34
225,0.01,0.02,1.05,1.81,-5.5,26.44
226,0.04,0.03,1.04,5.4,-3.14,32.38
227,0.07,0.04,1.02,10.9,-2.23,35.29
228,0.08,0.05,1.02,16.69,-3.02,37.69
229,0.16,0.03,0.98,23.37,-8.0,35.31
230,0.18,0.05,0.95,27.89,-15.27,28.63
231,0.14,0.09,0.9,33.27,-15.98,29.34
232,0.05,0.08,0.84,33.46,-27.8,29.74
233,0.06,0.1,0.79,28.76,-27.9,31.11
234,0.1,0.11,0.76,21.44,-20.48,31.62
235,0.15,0.13,0.77,11.76,-10.11,29.11
236,0.17,0.13,0.81,4.51,-2.34,26.4
237,0.17,0.14,0.85,-3.0,0.82,23.95
238,0.17,0.13,0.91,-8.66,1.7,19.85
239,0.19,0.13,0.98,-9.18,3.52,17.34
240,0.14,0.12,1.0,-8.68,3.71,15.4
241,0.09,0.12,1.03,-5.83,0.82,15.8
242,0.09,0.12,1.05,-3.27,0.36,20.37
243,0.13,0.11,1.02,-3.22,-0.95,20.3
244,0.17,0.13,1.02,-4.97,-0.34,17.73
245,0.21,0.14,1.04,-4.76,3.87,16.58
246,0.18,0.15,1.01,-5.07,4.73,15.22
247,0.19,0.13,1.0,-4.44,4.38,14.92
248,0.21,0.12,1.0,-5.22,4.45,11.62
249,0.22,0.13,1.0,-5.02,4.02,7.37
250,0.2,0.15,1.02,-2.76,5.43,6.27
251,0.18,0.14,0.98,-0.79,4.36,5.82
252,0.18,0.13,0.94,-2.44,5.24,3.82
253,0.15,0.12,0.93,-3.85,6.91,3.94
254,0.15,0.11,0.91,-7.24,7.29,2.57
255,0.17,0.11,0.91,-12.32,10.22,-0.11
256,0.19,0.09,0.91,-14.96,14.44,-2.29
257,0.14,0.11,0.92,-17.73,14.55,-6.91
258,0.06,0.13,0.96,-18.29,10.98,-7.69
259,0.02,0.15,1.0,-18.11,6.34,-4.73
260,0.03,0.17,1.06,-17.69,5.33,-1.24
261,0.12,0.18,1.11,-18.2,9.75,0.4
262,0.18,0.18,1.16,-18.4,17.86,-1.1
263,0.19,0.18,1.17,-16.42,25.08,-4.74
264,0.16,0.17,1.18,-11.6,28.46,-7.3
265,0.1,0.16,1.17,-6.76,23.42,-4.34
266,0.04,0.16,1.15,-3.18,15.01,-1.28
267,0.05,0.15,1.14,-0.63,13.56,1.32
268,0.06,0.16,1.13,-0.07,15.75,2.32
269,0.09,0.15,1.14,1.63,16.13,2.89
270,0.11,0.15,1.14,2.91,16.14,2.83
271,0.11,0.14,1.13,5.51,17.42,3.56
272,0.09,0.15,1.14,8.12,15.92,0.98
273,0.07,0.15,1.11,14.73,16.67,5.56
274,0.07,0.15,1.06,18.89,13.05,7.94
275,0.1,0.17,1.04,21.62,11.44,9.89
276,0.12,0.16,0.99,23.0,9.59,7.21
277,0.1,0.16,0.96,21.34,6.27,6.25
278,0.1,0.16,0.93,19.13,5.11,5.31
279,0.08,0.14,0.93,15.57,2.39,4.67
280,0.07,0.15,0.94,13.24,0.5,2.72
281,0.06,0.16,0.96,11.78,0.11,4.19
282,0.09,0.16,0.97,10.4,-1.78,6.89
283,0.11,0.18,0.98,11.11,-1.39,5.37
284,0.1,0.18,0.98,13.37,-0.31,4.76
285,0.12,0.19,0.95,12.74,-4.28,3.4
286,0.13,0.19,0.95,12.29,-4.22,1.34
287,0.12,0.19,0.93,11.43,-4.42,-0.26
288,0.1,0.2,0.93,9.83,-3.73,0.59
289,0.1,0.21,0.92,8.29,-2.74,1.76
290,0.11,0.21,0.91,6.19,-3.26,2.07
291,0.12,0.21,0.9,3.92,-2.28,1.39
292,0.14,0.2,0.89,0.95,-1.97,-0.32
293,0.11,0.2,0.88,-1.6,-1.69,0.46
294,0.12,0.2,0.88,-5.47,-1.46,0.21
295,0.12,0.21,0.89,-7.1,1.82,-2.42
296,0.1,0.21,0.92,-8.71,3.11,-2.12
297,0.1,0.21,0.92,-8.76,2.64,-0.65
298,0.11,0.2,0.93,-9.55,2.47,-1.51
299,0.13,0.2,0.95,-10.21,0.82,-2.65
300,0.15,0.2,0.98,-9.95,1.41,-2.48
301,0.15,0.2,1.01,-9.84,1.61,-4.63
302,0.15,0.22,1.03,-7.51,2.16,-5.15
303,0.15,0.21,1.02,-5.31,3.02,-6.49
304,0.15,0.2,1.0,-3.47,3.38,-7.7
305,0.15,0.18,0.99,-0.85,4.5,-11.57
306,0.14,0.18,0.99,1.75,4.82,-14.34
307,0.1,0.18,0.99,3.02,4.65,-16.18
308,0.09,0.19,0.98,4.74,3.51,-15.63
309,0.07,0.18,0.96,0.04,2.13,-16.55
310,0.04,0.16,0.92,-5.86,4.14,-16.99
311,-0.0,0.16,0.98,-7.23,10.19,-15.15
312,-0.04,0.17,0.98,-6.68,6.82,-10.31
313,-0.03,0.17,0.96,-7.98,7.88,-6.58
314,-0.03,0.16,0.97,-9.03,10.92,-3.85
315,-0.0,0.17,0.99,-8.53,10.21,-0.56
316,0.02,0.16,0.98,-5.97,8.92,0.07
317,0.04,0.16,0.97,-4.03,2.55,-1.27
318,0.06,0.17,0.99,-1.72,-4.58,-2.21
319,0.06,0.2,1.0,0.89,-9.11,-1.78
320,0.1,0.21,0.97,1.84,-10.34,-1.92
321,0.11,0.2,0.95,0.44,-9.34,-3.95
322,0.11,0.2,0.91,-2.76,-6.53,-4.4
323,0.13,0.19,0.9,-5.86,-2.47,-3.43
324,0.12,0.19,0.9,-9.03,1.92,-4.66
325,0.11,0.17,0.89,-11.73,5.7,-3.72
326,0.08,0.15,0.91,-13.5,11.75,-4.69
327,0.05,0.16,0.91,-15.67,9.56,-4.84
328,0.06,0.17,0.96,-15.24,3.92,-4.8
329,0.11,0.19,1.0,-12.85,0.89,-6.58
330,0.14,0.21,1.03,-9.62,0.89,-8.98
331,0.14,0.22,1.02,-5.21,0.2,-10.5
332,0.14,0.22,0.97,-2.35,-1.55,-12.94
333,0.13,0.22,0.93,-3.24,0.26,-16.63
334,0.1,0.21,0.92,-6.05,2.73,-17.18
335,0.07,0.19,0.9,-10.02,6.5,-17.92
336,0.04,0.17,0.91,-14.11,8.97,-18.85
337,-0.0,0.16,0.93,-16.69,7.71,-17.72
338,0.01,0.15,0.97,-17.94,6.77,-15.97
339,-0.01,0.14,0.99,-18.15,4.89,-15.36
340,-0.01,0.14,1.0,-17.48,2.05,-13.92
341,0.01,0.14,1.02,-15.62,1.88,-13.35
342,0.01,0.13,1.03,-14.01,2.83,-12.39
343,0.01,0.13,1.04,-12.79,3.15,-12.78
344,0.02,0.13,1.04,-10.88,4.66,-11.43
345,0.01,0.13,1.02,-8.69,5.0,-10.74
346,0.0,0.12,0.98,-8.21,4.92,-10.58
347,0.04,0.12,0.98,-7.94,4.47,-11.95
348,0.06,0.12,0.98,-8.97,5.53,-15.37
349,0.05,0.13,0.98,-10.25,6.59,-17.95
350,0.05,0.13,0.99,-11.1,8.62,-16.74
351,0.05,0.14,1.01,-11.45,9.69,-18.98
352,0.03,0.13,1.03,-10.07,10.56,-19.59
353,0.03,0.15,1.04,-7.02,12.05,-18.08
354,-0.01,0.15,1.04,-3.55,12.31,-14.74
355,-0.03,0.13,1.06,4.0,16.79,-8.08
356,-0.03,0.16,0.98,1.89,8.01,-9.88
357,-0.05,0.15,1.0,3.82,6.21,-5.57
358,-0.07,0.16,0.96,3.98,7.4,-2.18
359,-0.09,0.16,0.94,1.82,4.36,2.63
360,-0.06,0.16,0.92,-1.66,2.39,5.43
361,-0.03,0.17,0.93,-4.23,-0.11,6.81
362,0.01,0.16,0.97,-5.46,-2.3,11.03
363,0.05,0.16,0.98,-6.57,-2.44,8.85
364,0.08,0.16,1.04,-5.65,-1.85,9.04
365,0.12,0.16,1.07,-1.41,-2.91,6.9
366,0.11,0.16,1.07,3.51,-4.13,2.98
367,0.11,0.18,1.05,8.3,-5.98,1.53
368,0.1,0.18,1.01,11.67,-6.95,-0.96
369,0.1,0.18,0.97,12.61,-6.89,-3.91
370,0.1,0.19,0.94,11.35,-4.94,-6.28
371,0.09,0.19,0.94,9.04,-4.29,-7.94
372,0.11,0.19,0.93,7.07,-0.5,-8.8
373,0.08,0.19,0.95,5.16,3.6,-11.65
374,0.06,0.18,0.98,6.53,4.95,-10.35
375,0.04,0.17,0.97,8.26,3.69,-11.58
376,0.01,0.15,0.96,10.81,0.27,-11.53
377,-0.01,0.14,0.93,11.76,-4.59,-12.27
378,-0.02,0.13,0.91,11.81,-8.54,-12.11
379,-0.04,0.12,0.88,10.02,-10.56,-11.11
380,-0.04,0.13,0.86,4.92,-10.31,-9.84
381,-0.03,0.12,0.87,-0.92,-8.96,-8.17
382,-0.03,0.13,0.88,-6.76,-6.22,-5.82
383,-0.0,0.13,0.91,-10.88,-2.77,-4.37
384,0.02,0.13,0.96,-12.21,-1.64,-4.39
385,0.04,0.13,1.01,-10.36,-2.53,-3.66
386,0.06,0.14,1.04,-6.34,-2.41,-2.23
387,0.06,0.15,1.02,-4.15,-3.57,-4.18
388,0.06,0.13,1.01,-1.93,-6.32,-5.74
389,0.04,0.13,1.02,-0.56,-6.89,-7.15
390,0.02,0.13,1.01,-0.71,-6.44,-7.2
391,0.02,0.12,1.0,-1.42,-4.12,-7.25
392,0.02,0.13,0.99,-2.23,-1.47,-6.38
393,0.01,0.13,0.99,-3.2,-0.37,-5.69
394,0.01,0.13,0.99,-4.53,-0.68,-5.85
395,0.02,0.14,1.0,-4.77,-0.71,-5.37
396,0.03,0.15,1.02,-3.77,1.76,-3.84
397,0.03,0.15,1.0,-3.2,2.17,-4.6
398,0.05,0.15,1.0,-1.92,0.54,-6.44
399,0.03,0.15,1.0,-0.79,-2.13,-8.17
