,accel_x,accel_y,accel_z,gyro_x,gyro_y,gyro_z
0,0.03,-0.03,0.95,-2.27,-6.87,-2.19
1,0.07,-0.05,0.98,-3.08,-3.2,0.45
2,0.09,-0.03,0.97,-2.17,1.61,3.18
3,0.07,-0.02,0.93,-1.8,3.24,4.43
4,0.04,-0.02,0.9,-5.87,-0.94,0.45
5,0.03,-0.07,0.96,-9.42,-7.0,-3.37
6,0.05,-0.09,1.02,-7.63,-8.41,-4.11
7,0.08,-0.1,1.03,-3.69,-5.04,-0.57
8,0.07,-0.07,1.0,-0.9,-3.01,0.96
9,0.04,-0.08,0.97,-2.54,-5.92,-3.32
10,0.04,-0.09,1.0,-5.19,-9.55,-5.43
11,0.06,-0.11,1.04,-4.17,-8.99,-5.48
12,0.09,-0.1,1.04,-1.38,-4.89,-2.89
13,0.09,-0.07,1.01,0.33,-1.15,-1.34
14,0.06,-0.06,0.97,-0.9,-0.54,-2.53
15,0.04,-0.07,0.98,-4.15,-4.47,-5.69
16,0.07,-0.08,1.02,-3.43,-6.03,-6.22
17,0.09,-0.08,1.02,-1.13,-3.36,-4.73
18,0.08,-0.05,1.0,0.88,-1.53,-2.4
19,0.05,-0.04,0.95,0.21,-2.05,-3.11
20,0.05,-0.05,0.99,-1.82,-4.36,-4.81
21,0.07,-0.07,1.01,-1.9,-4.09,-4.77
22,0.11,-0.05,1.0,0.18,-1.23,-2.98
23,0.09,-0.03,0.97,0.88,1.38,-2.14
24,0.08,-0.01,0.94,-1.02,0.41,-4.01
25,0.07,-0.02,0.95,-2.92,-0.44,-5.21
26,0.07,-0.02,0.96,-3.01,-0.78,-5.75
27,0.08,-0.03,0.97,-2.58,-0.91,-5.28
28,0.08,-0.04,0.97,-2.59,-3.02,-6.69
29,0.07,-0.05,0.99,-2.1,-4.38,-8.88
30,0.06,-0.06,0.99,-1.68,-5.7,-10.72
31,0.04,-0.05,0.98,-1.98,-8.16,-11.97
32,0.05,-0.05,0.98,-1.98,-9.62,-11.68
33,0.05,-0.05,0.97,-2.43,-9.47,-11.45
34,0.05,-0.04,0.97,-3.24,-6.05,-9.23
35,0.04,-0.03,0.97,-4.45,-3.59,-6.63
36,0.03,-0.03,0.96,-5.2,-2.24,-4.62
37,0.04,-0.01,0.97,-5.71,-1.11,-1.71
38,0.05,-0.02,0.97,-6.86,-0.85,-1.02
39,0.05,-0.02,0.98,-7.12,-1.12,-1.55
40,0.04,-0.03,0.98,-7.99,-3.61,-2.34
41,0.06,-0.04,0.99,-8.05,-3.46,-2.36
42,0.07,-0.04,1.0,-7.44,-1.85,-1.84
43,0.04,-0.05,1.0,-6.61,0.53,-0.07
44,0.05,-0.06,1.02,-6.19,0.76,1.12
45,0.07,-0.06,1.03,-3.89,0.94,1.35
46,0.07,-0.05,1.04,-3.25,3.08,2.03
47,0.06,-0.04,1.01,-3.0,1.82,0.34
48,0.07,-0.04,1.01,-1.81,-0.05,-0.34
49,0.08,-0.04,1.0,-1.34,-0.95,-1.4
50,0.07,-0.04,1.0,-2.02,-1.4,-2.4
51,0.1,-0.04,1.02,-1.37,-0.85,-2.59
52,0.1,-0.05,1.01,-0.22,1.16,-2.47
53,0.07,-0.05,1.0,-0.46,0.71,-3.27
54,0.06,-0.04,1.0,0.06,-0.65,-3.05
55,0.08,-0.04,0.99,0.62,-0.68,-2.81
56,0.09,-0.04,0.99,0.36,0.37,-3.04
57,0.09,-0.03,0.97,-0.01,1.15,-3.64
58,0.08,-0.03,0.96,0.06,0.86,-3.86
59,0.09,-0.01,0.96,-1.7,1.47,-4.24
60,0.08,-0.02,0.95,-2.48,1.46,-4.53
61,0.07,-0.02,0.94,-3.08,0.82,-4.81
62,0.05,-0.02,0.95,-4.13,0.2,-4.69
63,0.05,-0.04,0.96,-4.58,-1.52,-4.25
64,0.04,-0.04,0.97,-5.84,-2.16,-4.0
65,0.06,-0.05,0.99,-5.36,-2.2,-2.74
66,0.06,-0.07,0.99,-5.36,-2.26,-3.8
67,0.06,-0.08,1.01,-5.59,-2.16,-4.63
68,0.11,-0.09,1.1,-6.69,-0.53,-2.44
69,0.09,-0.08,1.02,-4.51,0.22,-6.07
70,0.06,-0.09,1.02,-3.53,-0.41,-8.12
71,0.05,-0.07,1.01,-0.37,-4.61,-10.45
72,0.06,-0.07,1.0,1.29,-1.79,-6.59
73,0.04,-0.07,0.99,4.05,-6.69,-6.68
74,0.08,-0.04,1.05,2.73,-2.77,-7.71
75,0.08,-0.04,0.98,3.63,2.28,-6.04
76,0.07,-0.03,1.02,1.73,0.14,-2.74
77,0.08,-0.04,0.96,1.01,3.72,-1.12
78,0.04,-0.05,0.97,0.52,0.69,-2.79
79,0.06,-0.04,0.99,-0.8,0.67,-2.56
80,0.05,-0.04,0.99,-0.31,1.66,-0.76
81,0.05,-0.04,0.98,-0.89,2.77,-0.4
82,0.06,-0.03,0.97,-1.44,4.74,-0.14
83,0.05,-0.03,0.97,-1.11,6.44,1.19
84,0.05,-0.02,0.95,-1.23,6.68,0.81
85,0.04,-0.02,0.95,-2.06,6.97,1.02
86,0.03,-0.02,0.96,-3.1,6.17,0.85
87,0.03,-0.03,0.97,-3.49,4.82,0.72
88,0.02,-0.04,0.98,-3.89,3.19,0.88
89,0.01,-0.05,1.0,-4.59,3.06,1.13
90,0.01,-0.06,1.02,-4.45,3.1,1.28
91,0.02,-0.06,1.03,-3.43,3.89,1.94
92,0.03,-0.06,1.01,-3.27,4.55,1.65
93,0.0,-0.06,1.02,-2.58,4.97,2.71
94,0.0,-0.06,1.03,-1.68,6.24,4.32
95,-0.0,-0.06,1.02,-1.25,6.47,6.23
96,-0.0,-0.04,1.0,-0.95,6.74,7.37
97,-0.0,-0.03,1.01,-1.41,5.42,7.53
98,0.01,-0.03,1.01,-1.21,4.64,7.08
99,0.02,-0.02,1.0,-0.69,6.21,8.87
100,0.02,-0.01,1.0,-1.14,6.14,9.39
101,0.01,-0.01,1.0,-1.83,6.17,9.26
102,0.02,-0.0,1.01,-0.72,7.8,11.33
103,0.03,0.01,1.02,-0.93,10.43,12.96
104,-0.0,0.03,1.02,-1.06,12.57,12.67
105,-0.01,0.05,1.03,-0.96,12.7,13.52
106,-0.0,0.08,1.05,-0.08,15.47,16.95
107,-0.0,0.13,1.04,-0.34,17.63,19.06
108,-0.02,0.16,1.09,-0.79,23.19,20.54
109,-0.0,0.21,1.07,-0.27,22.2,21.62
110,-0.01,0.25,1.1,1.14,22.83,22.59
111,-0.03,0.29,1.11,1.76,21.6,22.27
112,-0.04,0.35,1.13,4.61,20.86,24.82
113,-0.12,0.41,1.18,5.61,18.2,27.9
114,-0.14,0.48,1.19,4.82,11.98,29.85
115,-0.1,0.54,1.27,4.0,6.15,32.69
116,-0.06,0.59,1.34,5.83,2.77,35.87
117,-0.02,0.63,1.39,10.43,7.31,42.39
118,-0.05,0.7,1.39,14.57,16.6,45.81
119,-0.14,0.82,1.37,15.37,18.36,50.32
120,-0.24,0.97,1.26,14.7,9.53,55.34
121,-0.25,1.18,1.26,10.96,-6.69,55.85
122,-0.21,1.34,1.18,-1.9,-36.11,57.49
123,-0.09,1.56,1.06,-8.14,-45.89,45.01
124,0.16,1.77,0.98,-28.48,-62.45,32.81
125,0.39,1.94,0.97,-47.64,-64.98,18.54
126,0.61,1.98,0.92,-68.46,-39.25,10.05
127,0.62,1.86,0.77,-78.75,-12.24,5.12
128,0.47,1.67,0.58,-94.52,2.69,-4.71
129,0.46,1.42,0.34,-112.49,30.59,-3.04
130,0.48,1.1,0.1,-124.92,72.09,5.85
131,0.5,0.7,-0.32,-132.07,110.67,15.11
132,0.58,-0.02,-0.65,-131.87,159.14,27.89
133,0.38,-1.08,-0.62,-78.34,174.36,48.01
134,0.41,-2.0,-0.76,-43.37,175.97,73.64
135,0.14,-2.0,-1.33,-49.71,91.02,67.63
136,-0.16,-2.0,-2.0,-149.28,-76.28,9.75
137,0.29,-2.0,-2.0,-250.14,-250.14,-119.07
138,1.44,-2.0,-0.39,-250.14,-250.14,-250.14
139,1.71,-2.0,2.0,-250.14,-33.73,-250.14
140,-0.53,-2.0,2.0,-250.14,250.13,-250.14
141,-2.0,-2.0,2.0,-193.44,250.13,-156.06
142,-2.0,-2.0,2.0,33.6,250.13,250.13
143,-2.0,-0.49,0.12,241.89,-83.57,250.13
144,-2.0,0.6,-2.0,176.08,-250.14,220.42
145,0.29,0.48,-2.0,39.11,-250.14,80.46
146,2.0,-0.14,-1.37,4.21,-250.14,-9.66
147,2.0,-0.38,-0.04,11.59,-250.14,-23.27
148,2.0,-0.49,0.64,-14.56,64.76,-17.36
149,2.0,-0.49,0.71,-34.68,228.24,-30.31
150,1.15,-0.54,0.89,-24.53,215.27,-64.22
151,0.11,-0.56,0.97,1.01,140.55,-76.38
152,-0.74,-0.39,0.76,18.14,35.96,-82.67
153,-1.13,-0.26,0.65,27.57,-75.11,-74.34
154,-0.86,-0.32,0.79,26.2,-123.7,-51.9
155,-0.46,-0.4,0.94,26.47,-119.25,-31.48
156,-0.07,-0.42,0.97,25.44,-94.69,-8.56
157,0.29,-0.33,0.83,17.06,-65.82,2.02
158,0.45,-0.3,0.73,7.52,-38.17,-0.44
159,0.5,-0.29,0.67,-4.14,-13.01,-9.56
160,0.36,-0.35,0.7,-10.98,-1.5,-20.53
161,0.15,-0.39,0.81,-13.79,5.19,-24.79
162,0.02,-0.45,0.85,-10.75,5.23,-22.87
163,0.03,-0.51,0.9,-14.75,8.46,-22.21
164,0.03,-0.54,1.02,-7.05,11.49,-19.76
165,0.04,-0.53,0.97,-3.59,19.16,-11.42
166,0.05,-0.46,0.9,-2.02,21.93,-5.03
167,0.04,-0.39,0.83,-5.37,17.24,-6.37
168,0.03,-0.34,0.81,-9.36,7.68,-7.28
169,0.04,-0.32,0.82,-11.92,-6.02,-8.24
170,0.1,-0.31,0.85,-15.82,-10.5,-7.76
171,0.14,-0.34,0.89,-19.88,-10.32,-7.67
172,0.19,-0.37,0.95,-19.9,-7.73,-5.8
173,0.22,-0.41,0.99,-19.65,-4.11,-7.4
174,0.26,-0.44,1.03,-15.34,3.02,-6.63
175,0.27,-0.47,1.05,-10.98,12.4,-7.33
176,0.22,-0.47,1.05,-8.37,19.58,-9.13
177,0.14,-0.5,1.04,-3.37,19.43,-9.64
178,0.08,-0.49,1.0,0.37,18.72,-8.76
179,0.03,-0.47,0.97,2.56,18.29,-7.25
180,-0.03,-0.48,0.95,4.44,15.14,-4.58
181,-0.06,-0.47,0.9,4.41,13.44,1.21
182,-0.1,-0.47,0.88,3.23,7.71,4.65
183,-0.11,-0.47,0.87,2.18,1.02,9.37
184,-0.07,-0.47,0.84,-0.35,-1.48,14.46
185,-0.02,-0.46,0.84,-2.49,-3.53,19.56
186,0.01,-0.46,0.81,-6.04,-7.37,20.22
187,0.05,-0.46,0.81,-7.82,-13.14,19.89
188,0.06,-0.49,0.83,-7.69,-17.63,15.81
189,0.09,-0.54,0.92,-4.84,-16.67,18.21
190,0.16,-0.57,0.93,-3.33,-11.63,19.18
191,0.17,-0.54,0.93,-0.65,-3.06,19.19
192,0.08,-0.56,0.95,5.07,-4.12,19.02
193,0.09,-0.56,0.93,8.97,-11.45,20.15
194,0.12,-0.55,0.92,11.6,-15.26,19.86
195,0.11,-0.55,0.9,17.1,-23.82,23.27
196,0.04,-0.55,0.9,20.44,-37.6,25.49
197,0.09,-0.6,0.9,25.15,-29.8,32.14
198,0.14,-0.67,0.96,31.22,-4.57,40.24
199,0.21,-0.63,0.95,25.6,23.98,50.34
200,0.25,-0.56,0.93,22.43,43.23,48.58
201,0.27,-0.5,0.89,23.91,44.56,41.72
202,0.18,-0.41,0.86,26.5,30.24,31.73
203,0.12,-0.36,0.84,28.23,4.05,16.36
204,0.08,-0.34,0.86,26.68,-19.46,11.75
205,0.06,-0.35,0.9,29.18,-33.11,11.48
206,0.1,-0.39,0.91,28.87,-31.5,16.9
207,0.22,-0.43,0.91,23.87,-9.31,27.63
208,0.3,-0.43,0.92,19.47,24.8,38.24
209,0.19,-0.41,0.88,14.74,47.3,36.3
210,0.08,-0.41,0.85,13.15,51.8,34.91
211,0.03,-0.38,0.82,12.27,46.34,35.14
212,-0.06,-0.35,0.84,10.31,30.9,30.34
213,-0.06,-0.36,0.85,7.35,14.34,27.2
214,-0.04,-0.35,0.87,7.35,-1.21,25.24
215,-0.01,-0.36,0.92,8.21,-14.76,22.58
216,0.02,-0.36,0.96,9.73,-23.08,15.24
217,0.06,-0.37,0.97,9.5,-31.88,8.69
218,0.15,-0.38,0.99,14.97,-22.59,4.62
219,0.22,-0.35,1.01,16.53,-8.15,0.84
220,0.2,-0.34,0.99,19.21,4.49,-1.46
221,0.06,-0.32,0.96,26.0,3.18,-8.31
222,-0.04,-0.26,0.89,31.02,-9.56,-12.11
223,-0.08,-0.21,0.82,29.6,-25.17,-14.92
224,-0.12,-0.19,0.76,22.98,-39.63,-20.31
225,-0.05,-0.15,0.75,11.79,-47.44,-20.07
226,0.08,-0.13,0.8,3.87,-36.08,-11.71
227,0.15,-0.17,0.9,1.22,-16.54,-2.49
228,0.17,-0.2,0.97,2.01,3.85,0.82
229,0.18,-0.27,1.0,1.13,15.96,-5.95
230,0.15,-0.24,1.06,5.68,20.9,-3.25
231,0.11,-0.29,1.02,17.36,6.41,-11.56
232,0.05,-0.28,1.01,24.06,-6.05,-21.99
233,0.05,-0.27,1.01,27.92,-12.76,-25.29
234,0.07,-0.24,0.98,29.08,-12.87,-28.87
235,0.08,-0.21,0.96,29.25,-7.09,-26.6
236,0.09,-0.16,0.95,27.14,-0.55,-25.08
237,0.09,-0.12,0.93,24.02,3.63,-24.08
238,0.09,-0.1,0.92,22.91,6.21,-23.92
239,0.06,-0.11,0.89,21.16,5.78,-23.79
240,0.01,-0.14,0.89,20.95,-0.82,-25.24
241,0.01,-0.17,0.94,21.31,-6.22,-26.99
242,0.01,-0.19,0.95,24.6,-11.3,-26.14
243,0.03,-0.18,0.93,22.45,-11.39,-28.63
244,0.06,-0.15,0.92,18.79,-8.64,-28.79
245,0.06,-0.13,0.94,17.09,-5.55,-28.75
246,0.05,-0.12,0.95,15.76,-2.89,-27.33
247,0.02,-0.12,0.96,15.75,-1.6,-24.25
248,0.02,-0.12,0.93,14.87,-1.89,-22.63
249,0.03,-0.12,0.91,13.41,-1.63,-22.19
250,-0.02,-0.14,0.93,12.8,-2.76,-19.84
251,-0.04,-0.14,0.95,10.59,-6.66,-17.85
252,0.02,-0.13,0.94,8.06,-4.66,-13.62
253,0.09,-0.11,0.97,4.5,0.46,-11.69
254,0.13,-0.1,0.99,4.11,6.88,-9.89
255,0.16,-0.11,1.0,2.92,12.7,-10.65
256,0.16,-0.12,1.01,2.3,19.02,-12.53
257,0.12,-0.12,1.01,3.05,21.15,-15.05
258,0.07,-0.12,1.0,5.41,14.55,-17.37
259,0.05,-0.14,0.98,5.53,5.49,-24.22
260,0.03,-0.14,1.01,7.52,-1.95,-26.97
261,0.0,-0.15,1.0,10.08,-6.15,-28.8
262,0.0,-0.14,0.99,11.4,-8.37,-28.54
263,-0.01,-0.12,0.97,10.07,-4.5,-23.61
264,-0.03,-0.09,0.96,9.32,-3.05,-20.08
265,0.03,-0.07,0.93,7.14,-1.79,-15.76
266,0.07,-0.07,0.9,5.65,-0.32,-13.25
267,0.12,-0.07,0.9,0.85,-3.69,-17.12
268,0.17,-0.07,0.88,-2.42,-9.75,-20.55
269,0.18,-0.09,0.91,-2.98,-14.69,-24.1
270,0.16,-0.11,0.96,-3.9,-16.53,-27.6
271,0.15,-0.12,1.01,-3.27,-10.76,-25.63
272,0.15,-0.12,1.04,-0.88,-2.89,-21.82
273,0.13,-0.11,1.03,-0.1,0.43,-19.15
274,0.12,-0.1,1.02,0.21,3.38,-16.1
275,0.11,-0.12,1.03,1.84,4.7,-13.91
276,0.07,-0.13,1.06,2.77,2.97,-12.86
277,0.09,-0.14,1.05,4.56,1.15,-12.11
278,0.14,-0.13,1.02,3.86,1.47,-14.57
279,0.2,-0.1,0.99,-0.15,3.15,-19.46
280,0.2,-0.09,1.0,-0.06,8.83,-22.58
281,0.15,-0.1,1.01,-1.87,10.83,-23.18
282,0.08,-0.1,1.03,-4.24,8.67,-22.23
283,0.09,-0.12,1.03,-4.52,5.85,-21.69
284,0.11,-0.13,1.06,-4.05,6.15,-21.82
285,0.12,-0.13,1.06,-2.62,8.07,-20.92
286,0.13,-0.12,1.08,-1.69,12.55,-20.14
287,0.13,-0.09,1.06,-0.43,15.69,-19.81
288,0.1,-0.08,1.05,-0.41,16.42,-19.63
289,0.08,-0.08,1.05,-0.39,14.56,-19.18
290,0.08,-0.07,1.03,-1.35,12.14,-18.6
291,0.09,-0.08,1.04,-1.35,8.75,-20.16
292,0.1,-0.09,1.06,-0.27,5.5,-20.5
293,0.11,-0.09,1.06,1.16,3.86,-22.69
294,0.11,-0.1,1.06,2.47,2.27,-23.64
295,0.1,-0.11,1.04,3.0,0.59,-24.56
296,0.09,-0.13,1.06,3.4,-1.34,-25.11
297,0.05,-0.15,1.04,4.16,-4.9,-25.02
298,0.04,-0.18,1.06,3.6,-8.34,-25.85
299,0.06,-0.21,1.09,3.66,-6.79,-24.38
300,0.07,-0.22,1.09,5.6,-2.42,-21.86
301,0.08,-0.23,1.1,8.07,3.11,-19.88
302,0.06,-0.24,1.07,11.29,5.64,-19.14
303,0.05,-0.23,1.06,13.45,5.92,-18.92
304,0.05,-0.22,1.04,16.34,6.14,-18.43
305,0.03,-0.22,1.0,18.76,3.77,-19.6
306,0.03,-0.21,0.97,18.91,0.31,-21.52
307,0.03,-0.21,0.97,21.04,-2.25,-21.43
308,0.05,-0.2,0.95,25.09,-1.55,-18.6
309,0.03,-0.17,0.91,25.88,1.37,-16.93
310,0.01,-0.13,0.88,25.32,4.08,-13.6
311,0.0,-0.09,0.85,22.48,5.38,-9.22
312,-0.02,-0.03,0.8,19.42,9.47,-7.34
313,-0.03,-0.04,0.8,16.04,13.85,-2.94
314,-0.01,-0.02,0.75,9.56,17.45,2.81
315,-0.02,-0.03,0.82,8.4,23.15,8.45
316,-0.05,-0.03,0.82,4.43,21.31,11.4
317,-0.06,-0.03,0.84,2.31,16.96,12.43
318,-0.04,-0.02,0.83,-0.71,12.41,13.19
319,-0.02,-0.04,0.9,-3.29,14.1,16.93
320,-0.01,-0.04,0.91,-1.63,13.78,19.25
321,-0.02,-0.03,0.91,-1.79,12.71,20.05
322,-0.0,-0.02,0.93,-2.85,13.02,22.36
323,0.01,-0.03,0.92,-3.6,8.53,22.95
324,0.02,-0.03,0.93,-5.21,4.0,21.65
325,0.03,-0.03,0.96,-7.69,-2.63,18.51
326,0.05,-0.04,0.99,-8.66,-6.64,16.09
327,0.09,-0.03,1.0,-9.2,-7.22,14.1
328,0.11,-0.04,1.0,-10.51,-5.34,12.91
329,0.12,-0.03,0.99,-12.75,-2.79,10.13
330,0.12,-0.04,0.99,-15.05,0.19,7.38
331,0.13,-0.05,1.01,-15.95,2.83,5.77
332,0.12,-0.06,1.02,-16.87,5.63,4.08
333,0.16,-0.05,1.05,-19.58,10.55,1.22
334,0.14,-0.08,1.07,-15.31,14.01,4.06
335,0.14,-0.08,1.06,-13.07,17.58,1.89
336,0.13,-0.08,1.05,-11.6,19.44,-1.07
337,0.1,-0.08,1.03,-10.99,20.01,-4.03
338,0.07,-0.09,1.04,-9.93,17.2,-7.73
339,0.04,-0.09,1.04,-9.31,13.92,-9.31
340,0.02,-0.1,1.03,-8.6,10.27,-9.97
341,0.0,-0.1,1.04,-7.83,6.94,-11.56
342,-0.01,-0.12,1.05,-6.5,4.97,-11.11
343,-0.03,-0.13,1.05,-5.7,2.81,-11.47
344,-0.04,-0.13,1.06,-4.81,0.86,-10.6
345,-0.05,-0.13,1.05,-4.02,-0.77,-8.6
346,-0.05,-0.14,1.04,-4.34,-2.85,-7.15
347,-0.03,-0.15,1.05,-4.08,-6.82,-6.05
348,-0.02,-0.19,1.08,-3.02,-10.32,-6.66
349,0.0,-0.21,1.12,-0.02,-11.69,-7.69
350,0.02,-0.22,1.16,5.69,-11.13,-8.13
351,0.01,-0.22,1.15,11.4,-11.08,-8.38
352,0.03,-0.19,1.09,15.53,-8.73,-7.98
353,0.02,-0.16,1.04,16.79,-7.33,-7.16
354,0.02,-0.14,1.02,17.38,-6.95,-6.45
355,0.02,-0.13,0.99,17.0,-5.84,-4.87
356,0.01,-0.13,0.98,16.46,-6.45,-3.94
357,0.02,-0.12,0.95,14.78,-9.87,-4.43
358,0.03,-0.14,0.97,13.3,-12.86,-5.95
359,0.02,-0.15,0.99,14.84,-16.26,-6.94
360,0.03,-0.16,1.0,16.83,-17.33,-7.25
361,0.04,-0.16,0.99,19.21,-16.23,-6.15
362,0.05,-0.15,0.95,21.2,-14.31,-5.03
363,0.08,-0.12,0.92,21.1,-10.54,-4.27
364,0.09,-0.07,0.88,18.94,-3.93,-3.25
365,0.09,-0.04,0.86,15.67,2.45,-2.56
366,0.07,-0.01,0.84,12.4,7.66,-1.37
367,0.05,-0.01,0.83,9.14,11.37,0.6
368,-0.0,-0.02,0.82,5.4,14.4,-0.64
369,0.04,0.01,0.83,1.11,15.13,3.37
370,0.01,0.02,0.83,-2.21,14.79,2.75
371,-0.01,0.01,0.85,-4.85,11.89,2.11
372,-0.0,0.01,0.87,-6.73,9.35,2.18
373,-0.01,0.01,0.89,-8.18,8.7,1.65
374,-0.03,0.01,0.87,-11.21,6.14,0.54
375,-0.03,0.0,0.89,-14.02,2.77,0.44
376,-0.02,-0.01,0.91,-15.72,1.51,1.43
377,-0.02,-0.01,0.93,-17.77,1.34,1.89
378,-0.01,-0.04,0.95,-19.25,1.69,2.47
379,-0.01,-0.06,0.98,-18.98,1.36,3.53
380,0.0,-0.07,1.0,-18.98,0.41,3.2
381,0.01,-0.09,1.04,-18.43,0.91,2.95
382,0.02,-0.1,1.05,-16.11,0.89,2.89
383,0.02,-0.11,1.06,-14.79,2.54,2.17
384,0.03,-0.11,1.07,-12.59,4.9,2.65
385,0.03,-0.11,1.06,-9.79,6.15,2.82
386,0.03,-0.09,1.04,-9.27,5.82,2.38
387,0.03,-0.08,1.03,-9.43,5.89,2.35
388,0.04,-0.08,1.03,-9.65,6.23,3.11
389,0.03,-0.09,1.04,-8.85,7.3,4.15
390,0.03,-0.08,1.02,-9.08,6.21,2.94
391,0.03,-0.08,1.04,-9.32,5.89,2.05
392,0.03,-0.09,1.04,-8.36,6.18,1.85
393,0.03,-0.08,1.01,-7.18,6.11,2.5
394,0.02,-0.07,0.99,-7.56,4.63,2.16
395,0.01,-0.07,0.99,-8.36,1.29,1.22
396,0.02,-0.07,0.99,-8.27,0.2,1.98
397,0.02,-0.07,0.99,-9.4,-1.3,1.64
398,0.02,-0.09,0.99,-11.3,-3.47,0.85
399,0.03,-0.1,1.02,-10.88,-2.68,1.86
