,accel_x,accel_y,accel_z,gyro_x,gyro_y,gyro_z
0,-0.27,0.14,0.95,1.05,2.24,3.18
1,-0.26,0.13,0.96,-3.14,2.5,3.7
2,-0.23,0.12,0.99,-5.16,0.95,3.25
3,-0.17,0.11,1.01,-3.15,5.45,9.51
4,-0.18,0.12,1.0,-2.73,5.87,5.16
5,-0.19,0.11,1.01,-0.86,-0.44,0.44
6,-0.2,0.1,1.0,2.24,-3.42,-1.18
7,-0.2,0.09,1.0,4.15,-4.66,-3.11
8,-0.2,0.08,1.01,6.86,-7.4,-5.08
9,-0.2,0.08,0.99,8.02,-11.74,-7.93
10,-0.2,0.07,0.98,8.08,-14.17,-9.18
11,-0.17,0.07,0.98,7.81,-13.03,-7.0
12,-0.19,0.07,0.97,6.83,-7.39,-4.24
13,-0.19,0.08,0.97,4.74,-2.54,-1.36
14,-0.19,0.07,0.96,2.19,2.37,2.24
15,-0.16,0.08,0.97,1.8,6.17,6.17
16,-0.16,0.08,0.96,1.95,4.43,5.06
17,-0.16,0.08,0.95,2.58,2.89,3.5
18,-0.17,0.08,0.94,2.82,2.44,1.89
19,-0.16,0.07,0.93,3.21,0.89,0.02
20,-0.18,0.07,0.92,2.2,-1.91,-2.54
21,-0.2,0.06,0.91,1.0,-3.63,-5.17
22,-0.21,0.06,0.92,0.21,-6.43,-7.05
23,-0.2,0.06,0.94,0.92,-10.23,-8.31
24,-0.2,0.05,0.96,2.09,-14.19,-10.48
25,-0.22,0.05,0.97,4.4,-15.69,-11.13
26,-0.24,0.04,1.0,6.72,-10.95,-6.92
27,-0.23,0.06,0.99,9.98,-4.11,-1.8
28,-0.22,0.08,0.95,12.66,-0.98,2.0
29,-0.21,0.1,0.91,13.64,-1.5,3.86
30,-0.21,0.13,0.9,12.39,-4.59,3.36
31,-0.18,0.14,0.9,12.15,-8.89,3.16
32,-0.17,0.15,0.9,11.44,-10.73,1.83
33,-0.16,0.15,0.92,11.05,-9.92,1.69
34,-0.14,0.15,0.89,8.55,-10.32,-0.5
35,-0.16,0.15,0.9,5.3,-12.09,-4.4
36,-0.15,0.14,0.93,2.75,-13.24,-5.9
37,-0.15,0.13,0.94,1.45,-8.45,-5.82
38,-0.15,0.13,0.97,2.26,-4.67,-4.01
39,-0.15,0.11,0.99,5.45,0.63,0.27
40,-0.17,0.12,0.98,7.94,5.88,4.36
41,-0.19,0.12,0.96,8.8,9.02,8.27
42,-0.16,0.13,0.92,9.4,11.72,10.71
43,-0.19,0.15,0.89,6.82,8.39,7.59
44,-0.18,0.15,0.89,5.01,3.37,6.01
45,-0.16,0.16,0.87,2.52,3.36,6.53
46,-0.18,0.15,0.87,-0.97,3.9,6.05
47,-0.17,0.15,0.88,-4.83,0.46,5.4
48,-0.17,0.14,0.9,-7.73,0.96,7.37
49,-0.19,0.14,0.9,-10.44,2.96,9.4
50,-0.18,0.13,0.92,-12.7,4.99,11.1
51,-0.19,0.14,0.92,-14.69,6.19,11.35
52,-0.18,0.14,0.93,-14.69,6.05,11.76
53,-0.17,0.15,0.93,-13.5,4.74,11.93
54,-0.17,0.17,0.93,-11.77,0.5,11.73
55,-0.17,0.18,0.93,-10.02,-2.6,11.44
56,-0.15,0.18,0.92,-8.61,0.79,14.5
57,-0.13,0.21,0.9,-9.79,6.66,18.17
58,-0.1,0.23,0.86,-11.74,11.92,19.24
59,-0.09,0.23,0.85,-13.78,11.13,16.86
60,-0.09,0.22,0.83,-17.08,6.44,10.72
61,-0.08,0.19,0.85,-19.01,-2.18,2.05
62,-0.11,0.14,0.84,-28.36,-14.19,-8.74
63,-0.11,0.1,0.91,-25.12,-20.72,-16.02
64,-0.15,0.05,0.97,-22.4,-24.11,-23.0
65,-0.18,0.01,1.02,-22.51,-22.26,-24.02
66,-0.22,-0.02,1.06,-19.82,-15.74,-20.24
67,-0.25,-0.04,1.09,-15.21,-8.63,-13.89
68,-0.25,-0.03,1.09,-9.85,-3.34,-7.97
69,-0.25,-0.02,1.09,-4.21,1.61,-2.99
70,-0.25,-0.0,1.05,-0.63,3.25,-0.5
71,-0.2,0.02,1.03,0.5,2.09,-0.1
72,-0.2,0.05,1.02,1.69,0.18,-0.63
73,-0.18,0.06,1.01,2.7,-1.34,-1.39
74,-0.15,0.07,1.0,2.99,-0.47,-1.94
75,-0.13,0.08,1.01,3.87,0.32,-2.72
76,-0.14,0.09,1.0,5.79,0.9,-2.53
77,-0.13,0.1,0.98,7.12,0.52,-3.37
78,-0.11,0.11,0.97,6.72,-0.92,-5.63
79,-0.11,0.11,0.97,6.53,-3.0,-8.49
80,-0.12,0.12,0.95,5.67,-5.14,-10.47
81,-0.14,0.12,0.94,3.87,-7.07,-11.56
82,-0.12,0.12,0.94,1.69,-5.67,-10.02
83,-0.11,0.11,0.93,-1.57,-2.97,-11.01
84,-0.11,0.1,0.94,-3.66,-2.04,-11.67
85,-0.14,0.07,0.96,-5.27,-0.92,-12.63
86,-0.17,0.06,1.0,-3.93,-0.75,-13.34
87,-0.14,0.05,1.02,-1.72,-0.53,-14.31
88,-0.13,0.05,1.02,1.5,2.68,-15.46
89,-0.15,0.05,1.0,4.5,4.76,-16.71
90,-0.19,0.06,0.98,6.02,5.61,-16.58
91,-0.2,0.08,0.96,6.9,6.53,-14.37
92,-0.24,0.08,0.95,6.51,2.93,-13.55
93,-0.23,0.1,0.94,5.46,-0.71,-11.85
94,-0.22,0.11,0.94,5.47,-1.76,-9.58
95,-0.22,0.13,0.92,4.57,-2.6,-8.7
96,-0.19,0.12,0.9,3.47,-3.58,-8.96
97,-0.2,0.13,0.91,1.42,-4.95,-9.65
98,-0.21,0.13,0.9,-0.24,-3.82,-7.36
99,-0.21,0.12,0.89,-1.68,-1.04,-5.24
100,-0.23,0.13,0.89,-4.41,-4.73,-6.27
101,-0.24,0.11,0.9,-6.73,-9.48,-7.23
102,-0.23,0.1,0.91,-7.66,-9.35,-5.25
103,-0.21,0.1,0.91,-9.44,-6.85,-3.66
104,-0.2,0.08,0.95,-10.92,-5.98,-4.09
105,-0.2,0.08,0.97,-10.35,-3.94,-2.67
106,-0.19,0.07,0.97,-9.01,-2.22,0.07
107,-0.17,0.07,0.98,-8.76,0.21,1.15
108,-0.18,0.08,0.98,-7.7,-4.44,-1.36
109,-0.19,0.08,0.99,-6.38,-8.24,-2.18
110,-0.18,0.08,0.99,-5.63,-5.47,-0.24
111,-0.18,0.08,0.97,-5.96,-3.98,0.4
112,-0.18,0.08,0.98,-6.73,-5.28,0.06
113,-0.17,0.08,0.98,-6.34,-4.86,0.75
114,-0.17,0.08,0.99,-5.59,-2.35,1.32
115,-0.15,0.08,0.97,-5.91,-2.88,0.27
116,-0.14,0.09,0.98,-5.8,-5.49,-1.76
117,-0.15,0.09,0.98,-4.85,-5.42,-1.26
118,-0.14,0.09,0.96,-4.04,-1.83,1.45
119,-0.13,0.1,0.94,-5.38,-1.34,-0.37
120,-0.14,0.09,0.96,-6.49,-4.29,-1.52
121,-0.15,0.09,0.97,-6.44,-4.03,-1.32
122,-0.14,0.08,0.98,-5.46,-1.03,-0.05
123,-0.12,0.09,0.97,-5.13,2.55,1.06
124,-0.11,0.09,1.0,-2.79,6.47,2.02
125,-0.13,0.09,0.96,-4.4,2.58,-0.72
126,-0.11,0.09,0.97,-3.11,0.61,-1.52
127,-0.12,0.09,0.97,-2.94,1.9,-3.08
128,-0.13,0.1,0.96,-2.69,0.2,-4.86
129,-0.13,0.1,0.96,-1.7,-1.54,-5.53
130,-0.13,0.11,0.94,-1.23,1.08,-5.21
131,-0.15,0.12,0.91,-2.89,2.21,-6.18
132,-0.15,0.12,0.92,-4.15,0.06,-7.61
133,-0.17,0.12,0.91,-5.86,0.81,-7.11
134,-0.17,0.14,0.9,-7.69,3.2,-5.23
135,-0.17,0.15,0.91,-9.34,3.85,-4.36
136,-0.17,0.16,0.93,-10.65,3.23,-4.78
137,-0.16,0.17,0.95,-10.73,5.02,-3.91
138,-0.14,0.2,0.96,-10.4,7.36,-4.82
139,-0.15,0.22,0.99,-7.6,8.6,-5.8
140,-0.17,0.24,0.99,-5.47,9.43,-4.52
141,-0.16,0.27,1.01,-1.82,15.73,-0.71
142,-0.16,0.31,1.01,2.3,17.89,2.0
143,-0.16,0.34,0.96,3.31,16.6,2.76
144,-0.13,0.37,0.96,4.27,14.47,3.02
145,-0.14,0.43,1.01,7.08,18.49,6.61
146,-0.14,0.47,0.94,5.89,17.16,7.49
147,-0.11,0.5,0.94,3.85,14.56,6.15
148,-0.1,0.52,0.94,1.59,13.58,5.17
149,-0.07,0.54,0.93,-0.22,16.56,5.44
150,-0.09,0.51,0.9,-4.47,15.44,0.63
151,-0.13,0.49,0.9,-8.85,5.67,-8.2
152,-0.19,0.46,0.95,-9.08,-3.0,-12.56
153,-0.25,0.47,0.97,-8.31,-6.19,-12.64
154,-0.28,0.49,0.97,-6.62,-8.28,-7.95
155,-0.26,0.53,0.95,-5.51,-11.74,-3.81
156,-0.23,0.57,0.95,-8.58,-9.45,1.13
157,-0.2,0.62,0.9,-11.73,-3.72,3.23
158,-0.2,0.65,0.86,-17.96,-2.72,3.53
159,-0.18,0.65,0.86,-28.21,-0.19,0.54
160,-0.19,0.62,0.92,-37.54,6.01,-1.85
161,-0.17,0.56,1.01,-42.34,12.3,-3.6
162,-0.2,0.52,1.03,-43.37,17.04,-10.87
163,-0.22,0.46,1.11,-37.44,22.64,-16.44
164,-0.27,0.43,1.15,-32.79,24.33,-15.3
165,-0.32,0.44,1.19,-23.76,30.01,-17.73
166,-0.37,0.4,1.19,-15.48,23.33,-21.14
167,-0.42,0.34,1.14,-3.56,13.72,-23.14
168,-0.43,0.27,1.1,-2.09,0.67,-25.16
169,-0.45,0.17,1.07,-2.95,-0.31,-20.5
170,-0.38,0.05,1.07,-7.93,-4.21,-20.53
171,-0.32,-0.07,1.1,-5.82,3.91,-18.74
172,-0.19,-0.17,1.09,-3.53,12.53,-19.15
173,-0.11,-0.25,1.03,-4.48,14.08,-26.21
174,-0.08,-0.32,0.96,-4.3,-0.11,-42.35
175,-0.07,-0.39,0.94,-5.98,-12.05,-52.88
176,-0.02,-0.45,0.85,-12.16,-1.94,-57.33
177,-0.06,-0.53,0.78,-19.93,17.69,-61.28
178,-0.16,-0.61,0.75,-31.5,37.36,-61.47
179,-0.3,-0.66,0.78,-39.93,52.72,-55.13
180,-0.36,-0.69,0.75,-42.89,60.05,-50.27
181,-0.37,-0.67,0.76,-42.43,59.31,-44.24
182,-0.32,-0.66,0.68,-46.31,61.36,-41.32
183,-0.33,-0.62,0.69,-50.83,61.37,-38.93
184,-0.38,-0.6,0.77,-46.11,47.55,-36.79
185,-0.38,-0.61,0.8,-39.28,22.27,-39.12
186,-0.43,-0.61,0.82,-25.81,-11.11,-41.92
187,-0.42,-0.6,0.87,-13.87,-40.23,-39.18
188,-0.39,-0.54,0.83,-6.95,-53.62,-30.52
189,-0.38,-0.47,0.83,-2.25,-57.43,-19.61
190,-0.3,-0.42,0.84,-6.1,-56.04,-9.66
191,-0.22,-0.38,0.9,-10.63,-45.27,-1.63
192,-0.12,-0.33,1.05,-10.79,-36.04,-2.47
193,-0.01,-0.37,1.07,-7.37,-30.64,-6.12
194,-0.02,-0.35,1.08,1.26,-23.56,-15.08
195,-0.06,-0.33,1.08,6.4,-17.48,-15.47
196,-0.12,-0.28,0.99,8.98,-9.89,-14.29
197,-0.13,-0.24,0.89,7.73,-12.8,-15.87
198,-0.14,-0.21,0.87,5.94,-17.43,-16.76
199,-0.19,-0.17,0.84,4.31,-22.93,-13.76
200,-0.21,-0.14,0.83,0.11,-30.74,-12.45
201,-0.21,-0.14,0.84,-6.9,-29.03,-9.18
202,-0.17,-0.15,0.88,-13.63,-22.56,-5.73
203,-0.11,-0.18,0.93,-15.52,-16.9,-6.78
204,-0.12,-0.19,0.97,-17.53,-15.04,-8.6
205,-0.11,-0.21,0.98,-16.36,-15.81,-12.1
206,-0.1,-0.21,1.0,-12.97,-14.46,-15.68
207,-0.14,-0.2,0.99,-11.58,-12.71,-16.41
208,-0.16,-0.2,0.99,-9.89,-9.06,-12.35
209,-0.15,-0.2,0.99,-8.34,0.53,-7.2
210,-0.16,-0.2,0.98,-8.08,8.92,-4.37
211,-0.2,-0.19,0.96,-7.84,11.11,-2.31
212,-0.23,-0.19,0.94,-8.99,5.71,-2.24
213,-0.23,-0.18,0.95,-10.21,1.31,-2.93
214,-0.23,-0.2,0.99,-7.13,0.73,1.62
215,-0.22,-0.19,1.0,-4.61,-1.26,3.86
216,-0.21,-0.19,0.99,-2.69,-8.47,2.79
217,-0.2,-0.19,1.0,-0.02,-18.31,-0.05
218,-0.2,-0.19,1.04,5.31,-21.95,3.66
219,-0.16,-0.18,1.06,9.34,-20.19,9.66
220,-0.15,-0.17,1.05,14.75,-18.25,13.4
221,-0.11,-0.15,1.02,16.41,-16.32,15.02
222,-0.09,-0.12,0.99,17.01,-12.76,15.99
223,-0.06,-0.1,0.99,16.44,-13.49,13.61
224,-0.04,-0.08,0.97,14.87,-8.82,11.9
225,-0.03,-0.07,0.97,13.07,-0.79,10.47
226,-0.06,-0.04,0.95,11.27,5.14,10.02
227,-0.1,-0.03,0.9,7.76,4.82,7.72
228,-0.1,-0.03,0.89,3.63,3.0,5.44
229,-0.1,-0.02,0.89,0.63,0.72,1.85
230,-0.11,-0.03,0.9,-2.13,0.18,-1.81
231,-0.1,-0.05,0.93,-4.05,-0.69,-5.31
232,-0.12,-0.07,0.96,-4.21,0.53,-8.28
233,-0.16,-0.1,1.01,-0.88,3.23,-5.96
234,-0.17,-0.11,1.0,3.29,8.1,-2.08
235,-0.2,-0.11,0.95,5.47,8.56,-2.95
236,-0.24,-0.11,0.92,8.36,5.22,-2.63
237,-0.26,-0.09,0.86,10.63,-0.56,-3.04
238,-0.29,-0.08,0.83,9.39,-12.0,-5.83
239,-0.35,-0.05,0.84,6.6,-20.95,-5.75
240,-0.35,-0.04,0.84,3.84,-24.98,0.23
241,-0.3,-0.04,0.87,-0.02,-31.5,3.16
242,-0.23,-0.06,0.92,-2.63,-33.08,3.79
243,-0.18,-0.1,0.99,-1.07,-35.96,4.65
244,-0.1,-0.13,1.03,3.37,-33.87,5.15
245,-0.04,-0.13,1.06,6.12,-29.89,5.43
246,-0.01,-0.14,1.05,8.96,-20.11,7.43
247,-0.04,-0.12,1.0,9.44,-4.31,10.91
248,-0.01,-0.13,0.95,7.5,4.53,8.76
249,-0.07,-0.12,0.93,4.18,13.27,7.65
250,-0.11,-0.13,0.88,0.62,18.79,8.05
251,-0.16,-0.14,0.85,-4.52,18.62,8.34
252,-0.19,-0.14,0.84,-9.89,15.47,8.55
253,-0.21,-0.18,0.84,-13.35,6.95,7.04
254,-0.19,-0.22,0.89,-13.85,-1.63,6.36
255,-0.16,-0.26,0.96,-7.81,-3.77,9.44
256,-0.17,-0.25,1.0,1.9,-12.27,10.81
257,-0.18,-0.23,1.0,10.11,-15.71,16.35
258,-0.15,-0.19,0.95,15.35,-16.11,21.98
259,-0.12,-0.15,0.9,17.4,-21.9,21.64
260,-0.11,-0.12,0.86,16.28,-27.52,20.47
261,-0.08,-0.11,0.86,11.73,-28.17,20.0
262,-0.03,-0.11,0.87,6.68,-26.27,18.7
263,-0.01,-0.11,0.92,4.25,-19.59,18.98
264,-0.0,-0.1,0.95,2.77,-9.5,17.94
265,0.0,-0.1,0.97,2.79,0.54,16.77
266,-0.04,-0.09,0.97,2.95,8.83,15.94
267,-0.06,-0.08,0.99,4.19,15.05,17.44
268,-0.08,-0.07,0.98,6.68,17.78,18.27
269,-0.17,-0.06,0.96,8.32,12.6,16.81
270,-0.21,-0.04,0.94,8.63,6.46,18.32
271,-0.23,-0.03,0.94,8.53,-7.22,15.08
272,-0.23,-0.03,0.95,10.42,-23.22,10.82
273,-0.17,-0.05,0.97,8.95,-27.97,10.59
274,-0.1,-0.04,0.99,8.51,-24.77,10.46
275,-0.04,-0.03,1.01,7.02,-15.76,9.59
276,-0.04,-0.02,1.04,7.35,-1.66,11.27
277,-0.08,-0.02,1.02,7.6,9.17,13.95
278,-0.11,-0.01,0.99,8.02,14.99,16.49
279,-0.15,-0.01,0.95,7.07,15.01,15.39
280,-0.18,-0.01,0.95,3.77,13.72,15.59
281,-0.19,-0.01,0.94,1.23,14.19,16.19
282,-0.17,-0.0,0.95,-0.83,13.29,16.85
283,-0.14,-0.01,0.97,-1.14,6.99,12.26
284,-0.12,-0.0,1.0,0.06,4.93,9.64
285,-0.12,0.01,1.01,3.4,8.24,9.36
286,-0.12,0.01,0.97,5.11,11.41,8.92
287,-0.14,0.03,0.96,6.31,15.94,10.43
288,-0.15,0.06,0.91,6.69,16.99,11.6
289,-0.18,0.12,0.87,6.45,12.13,9.93
290,-0.17,0.14,0.81,3.44,3.09,6.19
291,-0.16,0.14,0.81,-0.4,-2.11,2.46
292,-0.18,0.15,0.83,-3.97,-4.96,1.41
293,-0.15,0.12,0.83,-7.93,-3.11,0.61
294,-0.13,0.09,0.86,-13.05,-0.11,0.3
295,-0.12,0.06,0.9,-14.02,4.13,0.53
296,-0.11,0.03,0.9,-14.88,11.24,2.27
297,-0.19,0.03,0.93,-12.38,10.33,5.52
298,-0.19,0.02,0.91,-10.11,4.0,2.2
299,-0.18,0.02,0.9,-12.73,-4.34,0.63
300,-0.18,0.01,0.92,-16.54,-12.24,-4.36
301,-0.15,-0.01,0.99,-18.67,-13.69,-5.22
302,-0.15,-0.03,1.04,-19.3,-8.3,-3.29
303,-0.14,-0.04,1.06,-20.48,-2.21,-1.08
304,-0.13,-0.05,1.07,-19.24,4.53,2.5
305,-0.12,-0.07,1.09,-18.69,9.02,3.19
306,-0.11,-0.07,1.08,-18.11,11.66,0.95
307,-0.15,-0.07,1.12,-13.09,15.31,2.58
308,-0.19,-0.06,1.11,-7.92,13.51,1.75
309,-0.19,-0.05,1.09,-4.61,7.98,-1.02
310,-0.19,-0.06,1.08,-1.89,2.86,-2.33
311,-0.18,-0.06,1.05,0.9,5.77,-2.11
312,-0.18,-0.07,1.07,-1.11,0.85,-3.49
313,-0.14,-0.09,1.05,-1.08,8.62,-1.62
314,-0.16,-0.1,1.03,0.36,15.63,0.83
315,-0.21,-0.09,1.01,4.34,21.34,5.49
316,-0.26,-0.06,0.96,9.69,22.76,12.86
317,-0.31,-0.0,0.87,11.19,15.14,12.63
318,-0.3,0.05,0.82,9.82,1.04,9.04
319,-0.28,0.09,0.8,6.36,-15.99,4.96
320,-0.25,0.11,0.8,0.27,-26.87,1.46
321,-0.14,0.12,0.87,-5.13,-35.11,-1.07
322,-0.06,0.09,0.9,-9.37,-26.46,-2.37
323,-0.03,0.08,0.96,-17.53,-21.85,-5.05
324,0.0,0.05,1.02,-22.91,-10.87,-2.98
325,-0.04,0.03,1.07,-24.8,0.89,-2.69
326,-0.06,0.01,1.09,-24.5,9.17,-2.63
327,-0.11,-0.01,1.09,-20.82,12.67,-3.28
328,-0.19,-0.04,1.07,-16.71,11.51,-3.83
329,-0.23,-0.04,1.06,-11.48,8.08,-3.94
330,-0.23,-0.04,1.04,-6.74,-0.69,-5.63
331,-0.23,-0.03,1.03,-4.06,-13.56,-11.76
332,-0.19,-0.04,1.06,-1.42,-17.98,-13.69
333,-0.17,-0.04,1.07,0.42,-15.64,-10.92
334,-0.15,-0.02,1.06,-0.09,-12.14,-8.17
335,-0.13,-0.02,1.06,0.24,-5.64,-6.08
336,-0.14,-0.01,1.06,1.28,1.31,-4.34
337,-0.15,-0.0,1.03,5.15,6.38,-0.55
338,-0.16,0.01,0.99,5.76,9.19,-0.74
339,-0.13,-0.0,0.97,6.73,4.76,-4.41
340,-0.14,0.0,0.96,8.56,-2.17,-10.89
341,-0.16,0.01,0.97,10.91,-7.69,-15.5
342,-0.17,-0.0,0.98,12.71,-6.95,-15.31
343,-0.17,0.01,0.98,15.4,-1.81,-12.79
344,-0.16,0.03,0.95,15.45,2.24,-10.57
345,-0.15,0.04,0.94,14.38,6.65,-8.07
346,-0.15,0.06,0.92,12.56,12.09,-6.34
347,-0.16,0.08,0.9,10.01,15.53,-6.47
348,-0.18,0.07,0.9,9.89,17.24,-4.29
349,-0.18,0.09,0.89,10.06,16.73,-4.33
350,-0.19,0.11,0.87,8.12,13.11,-7.28
351,-0.18,0.11,0.86,6.73,6.69,-11.07
352,-0.19,0.11,0.84,2.84,0.48,-16.26
353,-0.2,0.11,0.88,-2.34,-7.63,-21.05
354,-0.17,0.09,0.93,-4.94,-8.71,-22.26
355,-0.15,0.09,0.94,-8.55,-3.99,-22.98
356,-0.12,0.09,0.97,-11.82,0.43,-21.89
357,-0.16,0.08,0.99,-12.24,9.07,-17.59
358,-0.2,0.09,0.96,-14.24,17.31,-15.52
359,-0.23,0.09,1.0,-14.95,17.14,-14.08
360,-0.23,0.08,1.03,-11.57,17.13,-11.5
361,-0.27,0.08,1.03,-7.12,17.43,-7.78
362,-0.27,0.09,1.01,-2.95,15.13,-6.75
363,-0.27,0.1,1.0,0.71,1.57,-11.93
364,-0.25,0.1,1.0,2.53,-17.38,-16.62
365,-0.23,0.09,1.01,3.99,-26.74,-20.17
366,-0.21,0.08,1.03,4.34,-28.66,-20.19
367,-0.23,0.07,1.02,2.67,-24.05,-18.03
368,-0.24,0.06,1.05,2.84,-19.21,-13.13
369,-0.24,0.04,1.04,3.31,-13.68,-7.5
370,-0.23,0.03,1.04,3.2,-10.92,-2.86
371,-0.22,0.02,1.05,4.46,-11.7,-1.34
372,-0.18,-0.02,1.05,7.16,-13.22,-0.85
373,-0.18,-0.02,1.01,9.38,-13.37,-0.59
374,-0.16,-0.02,0.98,8.55,-12.88,0.16
375,-0.14,-0.03,0.99,6.52,-6.67,3.52
376,-0.14,-0.03,0.98,5.04,4.93,8.68
377,-0.15,-0.03,0.96,3.39,13.11,13.24
378,-0.15,-0.01,0.96,1.99,17.28,15.38
379,-0.13,0.0,0.96,2.99,15.34,13.11
380,-0.11,0.01,0.96,5.87,5.36,8.47
381,-0.13,0.02,0.95,7.56,-0.64,2.54
382,-0.16,0.04,0.95,9.11,-1.18,1.42
383,-0.18,0.05,0.93,9.79,-0.34,1.93
384,-0.18,0.07,0.92,9.56,-0.05,3.22
385,-0.22,0.08,0.91,8.97,1.89,5.68
386,-0.21,0.11,0.9,7.59,3.63,7.76
387,-0.18,0.15,0.89,5.92,0.95,6.69
388,-0.16,0.16,0.88,3.24,-4.11,2.11
389,-0.17,0.16,0.9,0.23,-8.45,-2.15
390,-0.16,0.17,0.92,-2.4,-8.19,-2.73
391,-0.13,0.16,0.92,-4.95,-7.08,-4.02
392,-0.13,0.14,0.96,-6.02,-9.08,-8.08
393,-0.14,0.12,0.98,-6.36,-8.34,-10.02
394,-0.15,0.11,1.01,-4.54,-5.31,-10.06
395,-0.13,0.1,1.03,-1.11,-2.52,-9.37
396,-0.13,0.09,1.04,5.08,0.08,-8.19
397,-0.14,0.09,1.01,9.49,3.13,-7.28
398,-0.15,0.09,0.95,10.73,0.15,-10.39
399,-0.17,0.09,0.97,10.27,-9.04,-16.53
