,accel_x,accel_y,accel_z,gyro_x,gyro_y,gyro_z
0,0.11,-0.01,0.97,-1.21,0.95,-1.06
1,0.09,-0.0,0.96,-0.76,1.03,-1.07
2,0.11,-0.02,0.94,-2.19,1.75,-0.73
3,0.11,-0.02,0.93,-4.99,1.89,-1.76
4,0.1,-0.02,0.93,-6.79,-0.5,-2.93
5,0.1,-0.03,0.95,-7.88,-0.75,-2.24
6,0.1,-0.05,0.94,-9.69,-0.8,-3.98
7,0.09,-0.07,0.95,-11.15,-3.62,-6.15
8,0.07,-0.07,0.98,-11.4,-6.11,-6.73
9,0.08,-0.08,0.98,-10.69,-4.65,-2.89
10,0.08,-0.1,0.98,-12.53,-2.6,-3.27
11,0.08,-0.11,0.98,-13.3,-3.79,-5.03
12,0.07,-0.09,1.0,-11.73,-5.49,-4.34
13,0.08,-0.11,1.01,-9.75,-4.07,-1.37
14,0.09,-0.11,0.98,-10.69,-2.37,-3.66
15,0.08,-0.12,1.0,-10.16,-3.07,-3.02
16,0.09,-0.12,1.01,-7.75,-2.75,-0.4
17,0.11,-0.13,1.0,-8.08,-2.59,-1.47
18,0.12,-0.12,1.01,-8.15,-2.62,-2.07
19,0.11,-0.1,1.02,-6.56,-2.0,-1.46
20,0.12,-0.11,1.02,-4.88,-0.7,-0.29
21,0.14,-0.1,1.01,-3.9,1.7,-0.05
22,0.12,-0.09,1.0,-3.43,1.82,-0.85
23,0.1,-0.07,0.99,-2.52,0.66,-2.15
24,0.1,-0.06,0.99,-2.51,2.02,-1.33
25,0.11,-0.07,0.96,-1.96,2.98,-1.27
26,0.11,-0.07,0.93,-4.47,-0.14,-4.1
27,0.08,-0.08,0.94,-5.92,-3.87,-6.63
28,0.08,-0.07,0.95,-6.73,-4.29,-6.21
29,0.09,-0.1,0.96,-6.89,-3.06,-5.54
30,0.08,-0.13,0.94,-7.94,-5.28,-6.72
31,0.06,-0.14,0.97,-8.38,-8.06,-8.63
32,0.06,-0.14,1.0,-7.89,-8.05,-6.56
33,0.06,-0.13,1.03,-7.06,-5.55,-3.59
34,0.07,-0.13,1.03,-4.95,-2.07,0.18
35,0.09,-0.13,1.0,-4.31,-1.27,1.16
36,0.1,-0.11,0.98,-4.12,-1.98,1.08
37,0.1,-0.1,0.99,-3.56,-2.3,0.56
38,0.11,-0.07,0.99,-3.1,-0.71,1.71
39,0.13,-0.08,0.97,-2.28,0.05,1.56
40,0.13,-0.08,0.94,-3.01,-2.84,-0.45
41,0.13,-0.07,0.95,-4.45,-4.69,-2.89
42,0.12,-0.07,0.96,-5.39,-4.42,-2.6
43,0.12,-0.06,0.96,-6.64,-2.99,-1.42
44,0.12,-0.07,0.95,-6.86,-1.79,-0.55
45,0.11,-0.09,0.93,-8.64,-4.37,-1.56
46,0.11,-0.11,0.94,-10.92,-5.92,-2.96
47,0.11,-0.13,0.98,-11.54,-6.61,-3.56
48,0.12,-0.15,0.99,-11.26,-7.35,-4.02
49,0.11,-0.16,1.0,-10.58,-8.31,-5.41
50,0.1,-0.17,1.03,-8.79,-8.11,-4.92
51,0.09,-0.17,1.04,-6.43,-5.63,-2.17
52,0.08,-0.17,1.04,-3.5,-2.83,0.63
53,0.1,-0.15,1.03,-2.08,-0.37,2.63
54,0.12,-0.14,1.02,-1.08,2.54,4.74
55,0.11,-0.13,1.0,-0.16,2.59,4.34
56,0.13,-0.12,0.99,0.85,0.73,4.31
57,0.14,-0.11,0.98,0.65,0.62,3.38
58,0.14,-0.1,0.97,0.11,0.8,2.27
59,0.15,-0.09,0.96,0.23,0.29,1.82
60,0.13,-0.08,0.95,-0.63,0.37,0.69
61,0.14,-0.08,0.95,-1.82,-0.67,-0.53
62,0.13,-0.08,0.96,-3.35,-0.97,-0.59
63,0.13,-0.08,0.96,-4.98,-0.64,-0.06
64,0.12,-0.09,0.95,-6.03,-0.27,1.07
65,0.12,-0.12,0.96,-6.64,-1.28,0.11
66,0.12,-0.13,0.97,-7.79,-3.05,-1.67
67,0.12,-0.13,1.0,-7.1,-4.15,-3.26
68,0.12,-0.14,1.01,-5.89,-3.88,-3.07
69,0.11,-0.14,1.01,-4.17,-2.08,-2.25
70,0.1,-0.14,1.01,-3.47,-1.15,-2.17
71,0.12,-0.14,1.01,-2.69,-0.2,-2.41
72,0.12,-0.13,1.01,-1.32,0.33,-1.93
73,0.12,-0.13,1.01,0.14,-0.11,-1.92
74,0.13,-0.13,0.99,0.93,-0.61,-2.57
75,0.13,-0.12,0.98,0.31,-0.2,-4.11
76,0.12,-0.12,0.98,0.33,-0.34,-4.45
77,0.12,-0.11,0.97,0.69,-0.45,-4.1
78,0.11,-0.1,0.97,0.13,-0.71,-3.81
79,0.12,-0.1,0.95,-1.11,0.02,-2.76
80,0.12,-0.1,0.95,-1.73,0.11,-2.86
81,0.12,-0.1,0.95,-1.63,-1.66,-3.16
82,0.12,-0.11,0.96,-1.98,-1.46,-2.0
83,0.11,-0.11,0.95,-3.62,-0.54,-2.86
84,0.11,-0.12,0.97,-4.4,-1.37,-3.26
85,0.1,-0.11,0.98,-4.48,-1.92,-3.21
86,0.11,-0.12,0.99,-4.24,-0.28,-2.04
87,0.12,-0.12,0.99,-3.52,1.17,-1.34
88,0.12,-0.12,0.99,-3.56,0.82,-2.32
89,0.11,-0.11,0.99,-2.12,-2.27,-3.59
90,0.13,-0.12,0.99,-0.9,-0.18,-3.54
91,0.12,-0.11,0.98,-1.23,1.6,-3.55
92,0.1,-0.11,0.99,-0.98,0.21,-3.35
93,0.11,-0.11,0.97,-1.02,-0.25,-2.47
94,0.13,-0.11,0.97,-1.04,1.78,-0.63
95,0.12,-0.1,0.97,-1.7,2.13,-1.73
96,0.1,-0.11,0.96,-2.0,-0.5,-2.63
97,0.11,-0.1,0.98,-2.38,-1.44,-2.74
98,0.11,-0.11,0.97,-2.1,0.95,-1.47
99,0.09,-0.11,0.97,-2.31,0.07,-2.15
100,0.09,-0.11,0.97,-3.06,-1.28,-2.33
101,0.11,-0.11,0.97,-3.03,-0.26,-1.4
102,0.11,-0.11,0.97,-3.87,-0.31,-1.63
103,0.13,-0.12,0.98,-4.26,0.18,-0.89
104,0.12,-0.13,0.99,-4.28,-0.39,-2.25
105,0.13,-0.12,1.0,-3.54,-0.42,-2.62
106,0.14,-0.13,1.01,-2.08,0.11,-3.26
107,0.14,-0.12,1.0,-0.92,1.18,-3.39
108,0.14,-0.13,1.0,0.08,2.4,-3.91
109,0.15,-0.12,1.0,0.15,2.21,-4.92
110,0.15,-0.11,1.0,0.91,2.01,-5.62
111,0.14,-0.11,0.99,0.92,2.36,-5.73
112,0.14,-0.12,0.98,1.19,2.1,-5.76
113,0.13,-0.11,0.98,1.47,0.81,-6.46
114,0.13,-0.12,0.98,1.18,1.98,-6.66
115,0.12,-0.12,0.98,0.82,1.69,-7.38
116,0.11,-0.11,0.98,1.27,0.83,-8.09
117,0.1,-0.12,0.98,1.52,0.2,-8.0
118,0.1,-0.12,0.99,1.81,2.32,-6.46
119,0.1,-0.1,0.99,2.11,3.27,-6.04
120,0.11,-0.11,0.98,2.6,3.14,-6.4
121,0.1,-0.1,0.98,3.18,3.03,-6.47
122,0.1,-0.1,0.97,3.53,2.18,-7.78
123,0.1,-0.11,0.95,1.79,3.27,-6.61
124,0.1,-0.1,1.0,3.35,4.66,-8.17
125,0.09,-0.1,0.99,4.63,-1.24,-8.16
126,0.1,-0.11,0.98,5.02,1.3,-9.19
127,0.09,-0.11,0.97,3.47,0.57,-7.67
128,0.08,-0.1,0.96,1.55,0.66,-6.73
129,0.09,-0.1,0.96,0.77,-0.48,-5.71
130,0.07,-0.1,0.96,-1.14,2.34,-4.98
131,0.07,-0.09,0.97,-2.09,-6.01,-5.49
132,0.12,-0.1,0.96,-2.53,-2.83,-4.09
133,0.07,-0.1,0.98,-4.6,4.66,-2.29
134,0.1,-0.09,1.02,-0.27,-1.91,-2.41
135,0.13,-0.09,1.03,3.54,0.0,-4.73
136,0.11,-0.1,1.02,5.5,0.56,-5.03
137,0.11,-0.1,1.0,6.21,0.85,-5.21
138,0.09,-0.09,0.98,6.89,-0.62,-6.42
139,0.11,-0.09,0.98,6.98,-0.34,-6.49
140,0.1,-0.09,0.97,6.43,1.27,-6.49
141,0.08,-0.08,0.97,6.36,-1.67,-7.66
142,0.08,-0.08,0.95,5.32,-3.63,-7.48
143,0.09,-0.08,0.94,3.11,-0.24,-5.78
144,0.07,-0.07,0.96,1.41,0.51,-4.15
145,0.07,-0.05,0.95,0.82,-0.26,-3.22
146,0.08,-0.04,0.94,-0.64,0.04,-1.77
147,0.11,-0.04,0.94,-2.95,1.95,-0.46
148,0.12,-0.02,0.94,-5.47,2.59,0.19
149,0.14,-0.01,0.93,-7.06,0.75,-0.47
150,0.15,0.01,0.97,-8.31,1.42,-2.55
151,0.16,0.01,0.95,-9.27,1.07,-2.58
152,0.18,0.01,0.96,-9.48,2.15,-4.29
153,0.17,0.01,0.96,-9.5,0.89,-6.25
154,0.17,0.01,0.97,-9.34,0.43,-7.98
155,0.16,0.02,0.98,-9.47,0.98,-9.94
156,0.15,0.06,0.98,-10.31,3.11,-11.0
157,0.13,0.09,0.99,-10.69,3.66,-11.77
158,0.12,0.16,1.02,-10.97,3.9,-12.21
159,0.13,0.25,1.03,-12.96,9.38,-10.76
160,0.11,0.34,1.04,-15.63,16.35,-8.02
161,0.08,0.45,1.05,-17.36,20.91,-4.6
162,0.1,0.57,1.09,-18.34,28.32,-1.15
163,0.1,0.67,1.05,-19.27,33.46,0.92
164,0.1,0.72,0.99,-22.15,31.94,0.03
165,0.1,0.76,0.96,-30.19,27.85,-0.33
166,0.13,0.76,0.95,-41.26,25.85,-1.45
167,0.14,0.74,0.99,-52.39,25.3,0.07
168,0.16,0.72,1.06,-62.08,30.98,3.4
169,0.17,0.69,1.12,-70.62,34.99,2.06
170,0.16,0.68,1.17,-72.21,36.37,-4.15
171,0.09,0.68,1.22,-71.35,28.58,-16.29
172,0.01,0.66,1.29,-67.64,12.99,-31.84
173,-0.1,0.63,1.39,-55.17,-0.64,-46.51
174,-0.24,0.58,1.4,-43.43,-14.9,-52.32
175,-0.38,0.51,1.45,-30.99,-20.03,-49.56
176,-0.48,0.42,1.48,-16.51,-10.36,-36.43
177,-0.55,0.36,1.47,-5.13,5.66,-13.95
178,-0.55,0.35,1.37,0.73,32.44,12.92
179,-0.51,0.3,1.27,7.2,67.62,37.02
180,-0.44,0.24,1.17,18.37,101.13,54.06
181,-0.39,0.05,1.04,39.7,130.16,70.2
182,-0.28,-0.26,0.83,67.56,155.43,79.81
183,-0.2,-0.58,0.55,84.07,176.85,88.07
184,-0.17,-0.88,0.22,92.43,191.13,92.17
185,0.01,-1.19,-0.09,71.98,214.17,94.21
186,0.19,-1.43,-0.33,27.89,246.94,89.56
187,0.39,-1.68,-0.45,-30.32,250.13,59.57
188,0.41,-1.71,-0.35,-93.72,190.82,-12.24
189,0.19,-1.62,-0.09,-138.2,62.7,-92.98
190,-0.18,-1.59,0.35,-161.76,-88.64,-145.57
191,-0.46,-1.56,0.95,-161.63,-199.0,-154.55
192,-0.5,-1.52,1.54,-145.11,-231.83,-132.34
193,-0.37,-1.39,1.83,-111.76,-185.69,-94.02
194,-0.25,-1.24,1.9,-69.27,-99.12,-55.55
195,-0.18,-1.08,1.75,-27.74,-33.55,-26.31
196,-0.13,-0.93,1.47,-1.67,-17.87,-14.75
197,-0.07,-0.81,1.24,10.69,-33.96,-17.93
198,0.01,-0.74,1.11,21.93,-48.32,-20.78
199,0.07,-0.68,1.0,31.02,-52.17,-19.85
200,0.06,-0.65,0.9,36.92,-51.4,-15.5
201,0.04,-0.6,0.83,35.68,-41.31,-10.3
202,0.02,-0.54,0.82,30.32,-26.12,-1.02
203,0.04,-0.49,0.83,23.83,-6.56,6.97
204,0.06,-0.46,0.82,19.34,4.11,10.29
205,0.06,-0.42,0.81,19.47,-1.23,8.4
206,0.04,-0.4,0.8,22.52,-15.43,5.02
207,0.01,-0.37,0.79,25.5,-31.22,3.39
208,0.02,-0.34,0.79,25.29,-41.43,3.23
209,0.08,-0.3,0.77,22.46,-41.06,3.08
210,0.09,-0.25,0.74,17.0,-33.69,2.35
211,0.09,-0.23,0.75,10.01,-23.44,2.24
212,0.07,-0.2,0.75,1.34,-12.76,3.47
213,0.06,-0.21,0.76,-7.3,-6.64,5.27
214,0.04,-0.21,0.76,-18.69,-10.24,2.54
215,0.03,-0.23,0.82,-27.6,-20.28,1.63
216,0.01,-0.29,0.91,-32.55,-33.66,1.37
217,0.05,-0.36,1.02,-36.34,-46.37,-3.83
218,0.08,-0.42,1.14,-33.2,-49.89,-5.9
219,0.05,-0.5,1.23,-22.74,-46.31,-2.34
220,0.02,-0.55,1.29,-11.12,-33.76,1.65
221,-0.01,-0.55,1.33,2.29,-16.86,8.89
222,-0.02,-0.55,1.26,19.3,-2.91,15.45
223,-0.03,-0.53,1.14,34.63,3.02,21.59
224,-0.01,-0.51,1.04,43.65,-0.24,24.12
225,0.02,-0.48,0.95,43.47,-0.79,24.33
226,0.06,-0.43,0.87,40.21,0.21,24.71
227,0.06,-0.4,0.84,40.54,-2.77,25.56
228,0.06,-0.39,0.78,32.36,-7.73,23.92
229,0.09,-0.36,0.76,19.38,-7.21,23.05
230,0.09,-0.32,0.76,8.72,-6.15,21.94
231,0.1,-0.26,0.77,-3.31,-5.79,19.72
232,0.08,-0.24,0.78,-9.39,-7.05,19.69
233,0.07,-0.26,0.8,-9.82,-15.38,18.52
234,0.08,-0.26,0.87,-9.82,-22.89,11.71
235,0.08,-0.22,0.97,-4.12,-24.18,8.89
236,0.1,-0.25,1.02,10.92,-23.81,9.58
237,0.15,-0.26,1.04,22.16,-20.27,5.84
238,0.18,-0.23,1.01,28.78,-12.05,1.31
239,0.14,-0.24,0.97,35.44,-5.72,0.98
240,0.09,-0.23,0.93,37.52,-2.55,1.08
241,0.08,-0.23,0.88,36.06,1.71,2.19
242,0.05,-0.21,0.85,33.34,4.63,1.43
243,0.03,-0.22,0.82,30.14,5.44,2.82
244,0.02,-0.22,0.8,24.79,2.42,-0.65
245,0.04,-0.19,0.81,19.99,-0.9,-4.43
246,-0.02,-0.16,0.82,17.02,-6.17,-7.73
247,-0.07,-0.14,0.84,14.58,-15.36,-8.21
248,-0.08,-0.14,0.88,13.25,-22.41,-3.68
249,-0.03,-0.15,0.88,12.11,-20.91,-0.23
250,0.01,-0.14,0.88,8.54,-16.12,2.9
251,0.03,-0.12,0.87,2.38,-12.66,3.53
252,0.06,-0.11,0.88,-0.89,-9.24,3.01
253,0.09,-0.1,0.89,-4.34,-10.57,1.21
254,0.1,-0.08,0.89,-9.25,-10.04,-1.74
255,0.07,-0.07,0.92,-10.56,-11.33,-4.0
256,0.05,-0.09,0.94,-7.89,-15.34,-2.98
257,0.05,-0.11,0.94,-7.98,-18.1,-3.8
258,0.08,-0.11,0.96,-9.5,-15.73,-3.11
259,0.07,-0.12,0.97,-10.42,-10.05,-1.6
260,0.06,-0.11,1.0,-13.66,-4.53,0.15
261,0.08,-0.13,1.01,-14.92,2.65,1.63
262,0.08,-0.12,1.03,-14.38,7.41,2.16
263,0.07,-0.12,1.03,-13.03,8.11,-0.24
264,0.07,-0.12,1.04,-10.59,8.96,-2.22
265,0.02,-0.13,1.04,-7.62,5.4,-5.21
266,0.0,-0.13,1.05,-2.08,-1.13,-8.89
267,-0.02,-0.13,1.05,2.47,-4.13,-10.14
268,-0.03,-0.12,1.05,6.39,-5.31,-9.11
269,-0.03,-0.13,1.03,9.12,-4.13,-7.73
270,-0.04,-0.13,1.01,10.25,-1.04,-6.06
271,-0.05,-0.13,0.97,9.33,0.04,-2.15
272,-0.03,-0.14,0.94,5.24,-0.76,0.1
273,0.01,-0.15,0.95,0.47,-0.28,1.25
274,0.03,-0.14,0.97,-6.11,1.7,2.92
275,0.06,-0.12,0.99,-11.15,5.82,2.79
276,0.06,-0.11,1.03,-11.59,6.51,2.53
277,0.05,-0.11,1.06,-7.13,5.26,0.44
278,0.03,-0.09,1.09,-1.01,2.56,-3.82
279,0.01,-0.09,1.08,9.27,0.84,-7.15
280,-0.03,-0.09,1.04,17.78,-2.07,-10.76
281,-0.08,-0.1,0.99,23.05,-7.92,-12.5
282,-0.1,-0.11,0.97,24.29,-9.48,-9.78
283,-0.08,-0.1,0.93,20.21,-6.5,-5.21
284,-0.05,-0.1,0.93,12.56,1.7,1.52
285,-0.01,-0.1,0.92,5.93,9.08,7.8
286,0.02,-0.08,0.93,1.42,12.05,9.08
287,0.05,-0.07,0.94,-3.18,11.18,10.55
288,0.06,-0.06,0.95,-6.21,10.05,8.01
289,0.04,-0.06,0.97,-5.62,5.34,5.52
290,0.04,-0.06,0.99,-4.18,0.46,2.47
291,0.04,-0.06,1.0,-3.25,-0.93,1.51
292,0.06,-0.07,0.99,-3.8,-0.29,-0.62
293,0.06,-0.08,1.03,-2.84,1.69,0.87
294,0.1,-0.1,1.03,-1.96,6.06,0.62
295,0.12,-0.11,1.02,-2.14,12.58,1.16
296,0.13,-0.12,1.03,0.21,16.19,0.24
297,0.12,-0.11,1.02,3.51,20.31,-0.45
298,0.09,-0.11,1.0,6.27,19.62,-5.1
299,0.06,-0.1,0.99,9.21,16.33,-10.01
300,-0.01,-0.09,0.99,14.28,10.56,-13.53
301,-0.05,-0.1,0.98,19.01,5.25,-16.2
302,-0.08,-0.08,0.97,19.66,2.31,-17.46
303,-0.08,-0.08,0.96,21.13,2.56,-11.27
304,-0.1,-0.07,0.94,19.0,6.08,-8.51
305,-0.06,-0.06,0.92,13.61,9.92,-1.63
306,-0.02,-0.07,0.91,8.21,12.19,2.45
307,0.0,-0.05,0.89,1.98,15.37,3.34
308,0.01,-0.05,0.94,-1.35,13.66,3.16
309,-0.01,-0.06,0.97,-2.33,8.76,1.89
310,-0.02,-0.06,1.0,-1.18,4.31,-0.21
311,-0.02,-0.06,1.02,0.86,2.66,-2.24
312,-0.03,-0.05,1.03,1.92,3.5,-3.85
313,-0.04,-0.06,1.03,4.3,1.62,-3.93
314,-0.02,-0.07,1.02,5.14,2.72,-2.24
315,-0.02,-0.06,1.01,3.66,2.47,-4.43
316,-0.03,-0.06,1.0,3.6,-2.5,-6.65
317,-0.03,-0.07,1.02,-1.07,-6.73,-6.94
318,-0.03,-0.07,1.04,-4.73,-8.51,-7.48
319,-0.03,-0.07,1.07,-7.77,-10.2,-7.3
320,-0.02,-0.07,1.11,-8.83,-10.03,-3.13
321,-0.06,-0.08,1.16,-9.69,-10.13,-3.77
322,-0.05,-0.07,1.18,-7.59,-8.44,-1.6
323,-0.04,-0.09,1.22,-0.35,-6.89,0.77
324,-0.02,-0.12,1.22,8.66,-3.28,1.44
325,-0.0,-0.13,1.21,19.86,-1.21,1.13
326,0.03,-0.13,1.15,31.23,4.65,1.56
327,0.05,-0.12,1.05,38.53,8.02,0.16
328,0.06,-0.11,0.95,40.66,6.94,-4.28
329,0.04,-0.09,0.88,39.62,3.15,-7.13
330,0.03,-0.08,0.82,35.59,2.59,-8.31
331,0.01,-0.07,0.79,26.98,2.95,-8.57
332,-0.02,-0.05,0.78,19.34,-0.94,-8.55
333,-0.03,-0.04,0.82,11.32,-1.69,-5.05
334,-0.05,-0.03,0.83,4.27,0.2,-1.92
335,-0.06,-0.02,0.85,-0.41,-1.23,-0.37
336,-0.08,-0.02,0.9,-4.16,-2.63,1.49
337,-0.07,-0.03,0.94,-5.63,-4.24,4.14
338,-0.06,-0.02,0.97,-4.92,-6.9,5.07
339,-0.03,-0.04,1.0,-1.76,-5.18,9.36
340,-0.02,-0.04,1.0,-2.17,-3.62,7.53
341,0.01,-0.03,1.01,-0.76,-0.38,7.5
342,0.02,-0.05,1.0,-0.37,-2.15,5.97
343,0.05,-0.04,1.0,0.82,-5.05,3.37
344,0.07,-0.03,0.99,1.5,-5.47,2.28
345,0.06,-0.03,1.01,3.11,-2.74,-1.1
346,0.05,-0.02,0.98,1.74,-5.36,-3.81
347,0.03,-0.02,0.99,2.47,-6.97,-5.64
348,0.04,-0.02,0.97,2.33,-7.6,-5.5
349,0.01,-0.02,0.97,0.69,-5.64,-3.37
350,-0.0,-0.03,0.97,-0.13,-6.69,-3.31
351,0.01,-0.04,0.98,-3.56,-4.18,0.93
352,0.01,-0.04,1.01,-3.81,-0.67,3.51
353,0.01,-0.04,1.0,-3.5,0.41,5.37
354,0.04,-0.03,1.01,-2.26,1.45,6.86
355,0.04,-0.02,1.02,-1.6,2.72,4.39
356,0.04,-0.03,0.99,-0.03,0.47,1.55
357,0.05,-0.01,0.98,1.79,-1.6,-0.56
358,0.06,-0.02,0.99,3.19,-2.28,-1.55
359,0.05,-0.02,0.98,2.15,-1.47,-3.29
360,0.04,-0.02,0.96,1.31,-2.57,-4.92
361,0.04,-0.01,0.96,0.6,-3.17,-6.03
362,0.04,-0.02,0.96,0.7,-2.47,-7.76
363,0.02,-0.01,0.96,-1.59,-4.44,-8.55
364,0.02,-0.01,0.95,-2.34,-5.76,-8.18
365,0.01,-0.03,0.95,-3.82,-5.43,-8.69
366,0.01,-0.02,0.94,-5.15,-6.24,-7.24
367,-0.02,-0.02,0.97,-7.49,-4.27,-5.85
368,-0.01,-0.04,0.97,-7.12,-6.7,-5.84
369,-0.0,-0.05,1.01,-5.32,-8.34,-6.71
370,-0.01,-0.05,1.03,-2.31,-7.52,-5.5
371,-0.02,-0.05,1.05,1.67,-6.43,-3.18
372,-0.01,-0.04,1.05,4.98,-1.08,1.43
373,0.01,-0.04,1.03,6.67,4.2,3.96
374,0.02,-0.03,1.0,7.34,4.29,3.76
375,0.03,-0.03,0.98,8.26,3.28,2.53
376,0.04,-0.02,0.98,8.14,1.69,0.77
377,0.04,-0.03,0.96,7.16,-0.18,-1.94
378,0.03,-0.03,0.95,5.78,-2.05,-3.37
379,0.0,-0.03,0.95,3.9,-2.31,-2.67
380,0.0,-0.03,0.96,1.21,-2.76,-2.02
381,0.02,-0.03,0.97,-0.75,-0.67,-1.63
382,0.01,-0.03,0.98,-1.34,-0.01,-0.36
383,0.02,-0.03,0.98,-1.02,0.81,0.37
384,0.02,-0.03,0.97,-1.5,-0.56,-1.05
385,0.01,-0.03,0.98,-2.08,-2.07,-2.37
386,0.01,-0.03,0.99,-1.76,-2.39,-1.92
387,0.0,-0.04,0.99,-1.02,-1.95,-0.33
388,-0.01,-0.03,0.99,-1.67,-2.16,0.02
389,0.0,-0.03,1.0,-1.28,-1.08,0.94
390,-0.01,-0.03,1.0,0.35,-0.87,2.28
391,0.01,-0.04,0.98,1.39,-0.93,2.89
392,0.02,-0.04,0.98,0.07,-2.07,0.31
393,0.02,-0.03,0.99,0.23,-2.96,-0.5
394,0.02,-0.03,0.99,0.13,-3.5,0.2
395,0.01,-0.03,0.98,0.48,-1.55,2.15
396,0.03,-0.03,0.96,-1.2,-2.22,0.82
397,0.02,-0.02,0.97,-2.46,-2.56,-0.17
398,0.02,-0.02,0.97,-2.76,-3.38,0.2
399,0.03,-0.02,0.97,-3.5,-3.12,-0.37
