,accel_x,accel_y,accel_z,gyro_x,gyro_y,gyro_z
0,0.08,0.1,1.0,3.25,-1.76,3.21
1,0.07,0.11,1.0,5.27,-1.08,4.05
2,0.09,0.1,0.97,9.46,-0.11,4.27
3,0.07,0.11,0.99,6.29,-0.16,2.46
4,0.08,0.11,0.96,5.06,0.37,1.07
5,0.07,0.12,0.96,3.53,-0.39,-0.05
6,0.07,0.12,0.96,1.88,-1.9,-1.3
7,0.07,0.13,0.96,-0.98,-2.05,-1.95
8,0.07,0.13,0.97,-2.2,-1.31,-1.31
9,0.07,0.13,0.99,-2.71,-1.64,-1.12
10,0.09,0.13,0.99,-2.63,-0.65,-1.13
11,0.09,0.14,0.99,-1.38,-0.06,-1.87
12,0.1,0.13,0.98,0.24,0.79,-1.45
13,0.1,0.13,0.97,-0.04,1.14,-3.59
14,0.09,0.12,0.96,-0.33,0.66,-4.2
15,0.09,0.11,0.96,-0.93,-0.19,-5.64
16,0.1,0.1,0.96,-1.7,-0.65,-6.91
17,0.08,0.1,0.98,-2.39,-1.63,-8.11
18,0.07,0.1,1.0,-2.53,-1.62,-8.21
19,0.08,0.09,1.02,-1.69,-0.95,-8.55
20,0.06,0.1,1.01,-0.95,0.63,-7.15
21,0.07,0.11,1.01,-0.59,1.7,-5.83
22,0.07,0.11,1.0,3.49,1.15,-5.69
23,0.08,0.12,0.99,1.23,2.88,-3.98
24,0.09,0.12,0.98,0.36,2.28,-4.57
25,0.08,0.12,0.99,0.52,1.22,-5.27
26,0.08,0.12,0.97,1.3,-0.05,-5.44
27,0.07,0.12,0.96,0.76,-1.62,-5.98
28,0.08,0.12,0.96,-0.43,-1.06,-5.92
29,0.08,0.12,0.97,-0.25,-1.14,-4.12
30,0.08,0.11,0.97,-0.9,-0.99,-4.31
31,0.1,0.11,0.96,-2.18,-1.42,-4.71
32,0.1,0.1,0.99,-2.39,-1.66,-5.26
33,0.09,0.11,0.98,-2.18,-1.61,-4.16
34,0.08,0.1,0.99,-1.84,-1.85,-5.09
35,0.08,0.1,1.01,-2.27,-1.22,-4.14
36,0.09,0.1,1.01,-1.27,0.02,-4.47
37,0.08,0.11,1.0,0.0,-0.02,-4.99
38,0.08,0.11,1.0,0.93,-0.89,-5.43
39,0.08,0.12,0.99,1.79,-1.24,-5.67
40,0.07,0.12,0.98,1.53,-0.99,-4.98
41,0.07,0.12,0.97,0.62,-0.75,-3.87
42,0.07,0.14,0.96,-0.58,-0.51,-2.31
43,0.07,0.15,0.93,-1.99,-0.84,-2.45
44,0.08,0.16,0.93,-4.27,-1.53,-3.02
45,0.08,0.17,0.92,-6.58,-2.18,-3.26
46,0.09,0.17,0.92,-8.01,-3.11,-3.92
47,0.09,0.16,0.93,-9.4,-4.83,-4.07
48,0.09,0.15,0.94,-10.53,-5.87,-5.11
49,0.09,0.13,0.97,-11.67,-4.95,-3.6
50,0.09,0.1,1.0,-10.84,-4.87,-4.04
51,0.1,0.11,1.01,-10.33,-4.48,-4.8
52,0.09,0.09,1.03,-7.85,-3.36,-4.7
53,0.09,0.08,1.05,-4.26,-2.42,-3.83
54,0.09,0.07,1.03,-2.46,-1.61,-4.5
55,0.09,0.08,1.03,-1.81,-0.05,-3.88
56,0.08,0.08,1.02,-1.15,1.1,-2.78
57,0.08,0.09,1.01,-1.63,1.56,-2.15
58,0.07,0.09,1.0,-1.12,1.61,-1.43
59,0.08,0.1,0.99,-1.82,1.33,-1.75
60,0.09,0.11,0.97,-2.28,1.21,-1.99
61,0.08,0.12,0.98,-2.14,1.31,-0.56
62,0.08,0.12,0.97,-2.82,1.56,-0.1
63,0.09,0.12,0.96,-2.88,1.07,-0.99
64,0.09,0.12,0.95,-3.02,-0.1,-1.38
65,0.09,0.11,0.96,-2.41,-0.92,-1.68
66,0.11,0.12,0.97,-3.19,-1.15,-3.26
67,0.1,0.12,0.97,-3.63,-1.06,-3.81
68,0.09,0.13,0.97,-3.23,-0.69,-4.79
69,0.08,0.13,0.96,-3.56,-0.24,-4.52
70,0.08,0.13,0.97,-4.14,-0.07,-4.32
71,0.08,0.14,0.95,-5.24,-0.77,-4.47
72,0.07,0.14,0.96,-5.5,-1.76,-4.81
73,0.06,0.12,0.96,-5.7,-3.68,-4.85
74,0.07,0.1,0.96,-6.82,-4.39,-5.08
75,0.08,0.1,0.99,-7.76,-3.69,-4.63
76,0.08,0.1,1.0,-6.58,-3.1,-3.49
77,0.08,0.1,1.0,-5.66,-1.66,-2.22
78,0.08,0.1,1.0,-4.13,-0.7,-1.85
79,0.08,0.1,1.01,-2.85,-0.6,-1.81
80,0.1,0.09,1.0,-0.32,0.52,-0.8
81,0.08,0.1,0.99,-0.26,-0.11,-1.69
82,0.09,0.1,0.97,-0.93,-0.27,-2.24
83,0.08,0.11,0.97,-0.98,-0.98,-2.82
84,0.09,0.11,0.98,-1.29,-1.77,-2.25
85,0.08,0.11,0.97,-1.75,-1.52,-2.04
86,0.09,0.12,0.97,-3.44,-0.73,-1.37
87,0.09,0.13,0.97,-3.77,-0.29,-1.83
88,0.09,0.13,0.96,-3.66,-0.61,-1.44
89,0.09,0.14,0.96,-4.38,-0.73,-2.18
90,0.1,0.14,0.95,-5.11,-0.99,-2.67
91,0.11,0.14,0.94,-6.21,-1.5,-3.11
92,0.1,0.13,0.95,-6.49,-2.32,-4.2
93,0.09,0.12,0.96,-7.3,-3.43,-5.24
94,0.09,0.1,0.98,-7.01,-4.31,-5.76
95,0.08,0.09,0.98,-6.37,-3.47,-4.89
96,0.08,0.08,1.0,-7.03,-2.42,-3.57
97,0.08,0.09,1.01,-5.9,-0.9,-2.98
98,0.08,0.08,1.0,-4.35,-0.29,-2.97
99,0.07,0.08,1.0,-2.99,-1.63,-2.92
100,0.07,0.08,1.0,-1.83,-1.4,-2.06
101,0.07,0.09,1.01,-0.98,-0.3,-1.11
102,0.08,0.1,1.0,-0.6,0.78,-0.14
103,0.08,0.1,0.99,-0.33,1.08,-0.15
104,0.09,0.11,0.98,0.11,0.94,-0.56
105,0.07,0.12,0.97,-0.34,-0.25,-1.08
106,0.08,0.12,0.96,-0.98,-0.9,-1.85
107,0.07,0.12,0.96,-1.47,-0.97,-1.77
108,0.07,0.13,0.96,-1.99,-1.18,-1.11
109,0.08,0.12,0.96,-2.88,-1.64,-0.85
110,0.07,0.12,0.97,-3.15,-1.39,-0.17
111,0.08,0.12,0.96,-3.53,-1.0,0.18
112,0.09,0.11,0.96,-3.86,-1.61,-0.11
113,0.09,0.11,0.96,-4.15,-2.43,-0.56
114,0.1,0.11,0.97,-5.21,-3.29,-1.13
115,0.1,0.1,0.98,-5.63,-3.1,-1.15
116,0.09,0.09,1.0,-4.93,-3.09,-1.57
117,0.08,0.09,1.01,-3.95,-2.72,-0.01
118,0.09,0.08,1.01,-3.02,-1.5,-0.17
119,0.09,0.1,1.02,-2.07,-0.09,0.7
120,0.09,0.1,1.0,-1.42,0.83,1.19
121,0.1,0.11,1.0,-1.14,1.4,1.22
122,0.11,0.12,0.97,-0.72,0.73,0.29
123,0.1,0.14,0.96,-1.75,-0.37,-1.11
124,0.11,0.14,0.96,-2.37,-1.58,-1.99
125,0.1,0.14,0.96,-2.77,-1.81,-1.55
126,0.09,0.13,0.94,-3.72,-2.66,-2.34
127,0.08,0.12,0.95,-4.56,-3.42,-2.31
128,0.09,0.13,0.96,-5.41,-2.61,-1.05
129,0.08,0.12,0.96,-6.05,-1.51,-1.15
130,0.08,0.13,0.97,-5.68,-1.27,-0.32
131,0.06,0.14,0.97,-4.47,-2.17,-0.41
132,0.06,0.16,0.96,-4.61,-3.02,-0.36
133,0.07,0.17,0.96,-6.63,-3.49,1.54
134,0.08,0.19,0.96,-10.5,-3.95,2.15
135,0.1,0.23,0.99,-15.73,-3.93,3.34
136,0.12,0.29,1.04,-21.36,-2.98,2.61
137,0.11,0.41,1.11,-26.1,-4.98,0.2
138,0.06,0.58,1.13,-27.7,-12.56,-5.08
139,0.07,0.77,1.16,-33.39,-15.83,-3.35
140,0.06,0.91,1.16,-39.37,-15.61,-1.15
141,0.06,1.07,1.16,-43.03,-22.75,-2.78
142,0.11,1.21,1.2,-48.29,-19.08,-8.24
143,0.22,1.3,1.16,-60.64,-12.49,2.61
144,0.31,1.33,1.02,-61.98,-2.08,7.75
145,0.46,1.3,0.92,-73.64,-2.25,2.87
146,0.57,1.24,0.86,-85.82,-8.4,-8.33
147,0.64,1.18,0.83,-92.63,-19.71,-27.23
148,0.65,1.1,0.87,-103.88,-33.73,-51.05
149,0.63,1.02,0.99,-111.66,-45.5,-68.08
150,0.58,0.93,1.11,-113.92,-50.77,-79.24
151,0.5,0.85,1.23,-112.95,-50.64,-88.59
152,0.37,0.79,1.29,-108.14,-48.21,-87.02
153,0.31,0.65,1.44,-88.11,-51.24,-90.33
154,0.26,0.57,1.52,-62.02,-44.43,-90.71
155,0.2,0.42,1.52,-22.97,-33.77,-86.28
156,0.23,0.19,1.43,31.24,-4.62,-72.72
157,0.21,-0.22,1.15,90.25,34.5,-46.66
158,0.19,-0.76,0.81,154.07,97.33,-5.15
159,0.24,-1.2,0.22,165.62,164.74,30.16
160,0.25,-1.52,-0.27,130.1,216.31,68.58
161,0.26,-1.69,-0.75,60.76,193.93,67.95
162,0.1,-1.69,-0.93,-42.25,111.31,12.69
163,-0.16,-1.7,-0.71,-150.29,-14.52,-53.44
164,-0.28,-1.74,-0.26,-225.5,-140.0,-92.84
165,-0.2,-1.84,0.51,-250.14,-203.5,-98.69
166,0.01,-1.82,1.3,-250.14,-183.06,-80.72
167,0.08,-1.66,2.0,-250.14,-91.6,-54.0
168,-0.02,-1.37,2.0,-201.54,28.55,-22.68
169,-0.06,-1.22,2.0,-105.11,125.77,7.41
170,-0.02,-1.12,1.97,-0.47,171.28,29.88
171,-0.02,-0.86,1.32,66.56,132.91,26.34
172,0.02,-0.57,0.64,85.81,52.88,5.54
173,0.12,-0.26,0.25,60.68,-23.43,-20.61
174,0.14,-0.12,0.17,25.3,-67.7,-29.05
175,0.13,-0.21,0.32,-10.03,-75.02,-19.94
176,0.12,-0.39,0.6,-33.56,-55.84,-8.72
177,0.13,-0.49,0.83,-45.05,-14.02,3.23
178,0.11,-0.49,1.0,-40.0,21.66,9.23
179,0.08,-0.42,1.06,-23.92,33.69,11.56
180,0.08,-0.34,1.02,-6.44,27.91,11.01
181,0.17,-0.26,0.87,2.69,11.79,1.92
182,0.21,-0.18,0.77,6.77,-6.99,-6.83
183,0.23,-0.17,0.72,3.23,-19.92,-9.95
184,0.2,-0.21,0.73,-8.89,-20.19,-11.18
185,0.14,-0.24,0.82,-21.13,-12.23,-8.76
186,0.08,-0.29,0.89,-28.09,-2.45,-1.66
187,0.02,-0.34,0.93,-31.56,-1.66,2.8
188,0.01,-0.37,1.02,-32.08,-9.27,4.44
189,0.02,-0.39,1.08,-28.55,-16.53,4.85
190,0.04,-0.4,1.13,-22.53,-24.02,7.44
191,0.09,-0.42,1.18,-15.38,-26.99,8.6
192,0.15,-0.44,1.21,-7.79,-21.91,10.27
193,0.22,-0.46,1.22,-0.13,-13.53,10.79
194,0.24,-0.47,1.18,8.32,-4.77,10.8
195,0.23,-0.49,1.15,16.11,0.58,6.72
196,0.21,-0.51,1.1,25.23,14.12,9.96
197,0.1,-0.5,1.02,33.46,20.97,13.26
198,0.03,-0.48,0.93,36.37,23.59,16.34
199,0.02,-0.46,0.82,35.3,26.66,18.04
200,-0.04,-0.43,0.74,32.63,14.83,15.47
201,-0.07,-0.4,0.72,28.73,-5.95,12.7
202,-0.1,-0.4,0.68,23.91,-25.37,12.92
203,-0.07,-0.4,0.71,16.83,-40.56,16.3
204,-0.02,-0.41,0.73,9.1,-46.02,25.28
205,0.06,-0.42,0.78,1.88,-43.98,35.82
206,0.17,-0.39,0.86,-4.17,-34.87,44.44
207,0.29,-0.34,0.9,-6.29,-20.5,47.69
208,0.35,-0.28,0.93,-0.97,-12.69,41.9
209,0.36,-0.24,0.95,8.67,-12.89,29.81
210,0.28,-0.24,0.92,25.25,-21.6,15.84
211,0.2,-0.24,0.91,38.83,-33.48,3.87
212,0.1,-0.26,0.86,50.62,-48.15,-7.24
213,0.04,-0.28,0.81,53.04,-57.94,-12.36
214,0.05,-0.24,0.78,40.69,-52.31,-9.41
215,0.11,-0.2,0.75,22.13,-33.79,-0.75
216,0.12,-0.18,0.74,2.07,-13.0,8.35
217,0.12,-0.15,0.82,-18.79,-3.84,14.95
218,0.18,-0.1,0.86,-34.96,1.39,20.13
219,0.22,-0.1,0.89,-37.93,2.47,17.58
220,0.23,-0.1,1.0,-34.97,-7.04,10.47
221,0.24,-0.12,1.07,-25.94,-19.04,1.91
222,0.21,-0.14,1.13,-13.99,-26.42,-3.63
223,0.2,-0.16,1.15,-4.55,-30.14,-4.69
224,0.23,-0.17,1.15,0.53,-24.84,-3.25
225,0.25,-0.16,1.14,3.92,-14.5,1.02
226,0.29,-0.13,1.11,3.05,0.6,5.26
227,0.32,-0.11,1.08,1.51,11.58,5.72
228,0.31,-0.12,1.05,7.91,19.05,4.63
229,0.28,-0.13,1.02,10.05,14.28,-2.53
230,0.22,-0.14,1.01,15.36,5.87,-8.25
231,0.19,-0.14,0.99,19.82,-3.68,-14.0
232,0.16,-0.14,0.99,18.24,-11.15,-16.08
233,0.14,-0.15,1.0,17.64,-11.14,-14.18
234,0.13,-0.16,1.0,15.53,-4.39,-9.65
235,0.11,-0.19,1.01,13.0,-1.95,-4.76
236,0.12,-0.19,1.01,11.66,4.95,2.15
237,0.18,-0.22,1.08,8.43,22.7,21.92
238,0.12,-0.17,0.93,15.13,26.09,32.47
239,0.19,-0.14,1.02,5.45,14.68,15.05
240,0.18,-0.16,1.0,8.18,15.37,12.54
241,0.21,-0.14,1.01,11.91,10.87,11.71
242,0.25,-0.13,0.98,15.89,13.56,8.6
243,0.24,-0.12,0.99,15.24,13.57,0.8
244,0.22,-0.12,0.95,21.81,10.76,-3.24
245,0.18,-0.12,0.95,25.98,9.31,-5.51
246,0.15,-0.11,0.93,26.34,8.12,-7.54
247,0.11,-0.1,0.95,27.04,6.64,-5.35
248,0.07,-0.09,0.92,27.74,5.67,0.38
249,0.05,-0.08,0.89,21.37,3.61,-0.34
250,0.12,-0.06,0.91,15.66,11.85,8.3
251,0.12,-0.05,0.92,8.13,12.05,10.38
252,0.15,-0.05,0.93,7.04,12.62,15.22
253,0.15,-0.08,0.94,3.4,12.41,12.38
254,0.17,-0.08,0.96,2.96,5.62,7.98
255,0.16,-0.06,0.98,2.53,-0.27,4.6
256,0.15,-0.08,1.02,3.66,-1.87,1.53
257,0.15,-0.06,1.04,5.61,-1.97,2.11
258,0.17,-0.07,1.06,5.92,3.21,4.69
259,0.19,-0.07,1.06,5.27,11.34,6.05
260,0.21,-0.08,1.05,7.34,16.8,8.76
261,0.23,-0.07,1.03,7.76,18.13,5.37
262,0.22,-0.1,1.04,12.29,14.85,-0.92
263,0.17,-0.08,1.04,18.53,6.15,-8.48
264,0.14,-0.08,1.04,25.27,-0.67,-14.56
265,0.1,-0.09,1.02,31.05,-4.39,-18.11
266,0.05,-0.1,1.0,35.38,-4.73,-15.92
267,0.0,-0.12,0.96,33.85,-5.15,-13.81
268,0.02,-0.11,0.94,29.03,-0.11,-7.05
269,0.03,-0.12,0.93,24.34,4.15,-2.99
270,0.05,-0.1,0.94,20.82,7.87,0.99
271,0.06,-0.1,0.94,16.02,8.55,5.94
272,0.1,-0.09,0.96,12.6,8.44,9.64
273,0.14,-0.05,0.98,7.68,9.86,11.98
274,0.17,-0.05,1.0,8.67,13.66,13.23
275,0.19,-0.03,0.99,8.5,12.69,12.85
276,0.18,-0.02,0.99,7.43,10.39,8.53
277,0.19,-0.01,1.0,9.86,6.21,3.41
278,0.15,-0.0,1.0,12.91,-2.34,-3.83
279,0.11,-0.02,1.01,17.24,-8.16,-7.2
280,0.07,-0.02,1.02,19.37,-11.81,-7.19
281,0.05,-0.03,1.02,19.79,-9.48,-2.33
282,0.04,-0.03,1.01,19.15,-6.21,4.75
283,0.08,-0.02,1.0,15.05,-0.21,12.04
284,0.13,0.01,0.99,8.66,7.73,17.51
285,0.17,0.02,0.99,7.2,10.67,19.45
286,0.19,0.02,0.96,6.43,9.4,14.8
287,0.19,0.03,0.96,5.92,5.34,9.56
288,0.19,0.02,0.97,6.16,-1.21,3.52
289,0.18,0.01,0.99,6.29,-1.38,-0.5
290,0.16,-0.0,0.98,6.2,-3.59,-4.09
291,0.13,-0.01,1.01,6.27,-6.53,-4.08
292,0.13,-0.03,1.01,8.1,-4.69,-0.5
293,0.09,-0.02,1.01,6.25,-2.74,-0.11
294,0.1,-0.03,1.02,6.96,-1.32,3.16
295,0.11,-0.03,1.03,9.73,2.73,4.83
296,0.12,-0.02,1.02,10.57,5.64,6.15
297,0.12,-0.01,1.01,13.57,5.08,6.05
298,0.11,-0.02,0.97,15.24,3.54,4.86
299,0.12,-0.02,0.97,14.89,2.5,5.62
300,0.11,-0.03,0.95,14.47,0.63,3.02
301,0.1,-0.02,0.97,12.2,-0.7,5.58
302,0.11,-0.01,0.97,12.05,1.05,10.72
303,0.09,0.0,0.97,9.44,3.26,11.32
304,0.11,0.01,0.97,9.37,1.54,12.25
305,0.12,0.03,0.96,8.85,2.4,12.84
306,0.12,0.03,0.97,10.17,-0.39,12.07
307,0.1,0.05,1.0,11.69,-5.31,7.95
308,0.11,0.05,0.99,14.24,-5.69,7.35
309,0.12,0.07,0.98,13.76,-3.76,5.91
310,0.13,0.09,0.99,13.42,-1.18,5.37
311,0.14,0.09,0.97,13.24,-0.13,5.73
312,0.14,0.11,0.95,11.56,-0.65,4.12
313,0.16,0.1,0.94,10.33,-2.63,2.55
314,0.16,0.11,0.92,7.61,-4.44,-0.08
315,0.17,0.08,0.93,5.19,-8.15,-0.09
316,0.15,0.1,0.95,4.4,-11.55,-2.89
317,0.14,0.08,0.96,3.47,-14.33,-3.29
318,0.13,0.06,0.97,2.37,-15.66,-2.76
319,0.11,0.05,0.99,2.26,-13.28,-3.67
320,0.12,0.04,1.0,1.76,-9.5,-3.18
321,0.12,0.02,1.01,3.92,-6.09,-1.33
322,0.11,0.02,1.0,4.5,-3.74,-2.2
323,0.11,0.02,1.01,6.5,-2.25,-2.15
324,0.11,0.02,1.01,6.04,-4.21,-1.02
325,0.11,0.04,1.01,10.91,-1.25,1.0
326,0.11,0.04,0.98,11.88,3.12,4.53
327,0.11,0.03,0.96,9.77,2.05,6.21
328,0.11,0.04,0.94,7.53,3.01,7.66
329,0.12,0.03,0.94,4.97,-0.78,7.47
330,0.12,0.02,0.95,3.43,-1.79,7.04
331,0.12,0.02,0.97,2.48,-1.86,7.34
332,0.15,0.01,0.96,1.05,-0.24,6.56
333,0.13,0.01,0.97,0.26,-2.21,5.84
334,0.12,0.01,1.01,3.08,-2.31,5.3
335,0.11,0.02,1.02,2.92,-2.58,4.13
336,0.09,0.02,1.01,4.56,-0.41,5.26
337,0.09,0.03,1.02,4.57,0.35,6.48
338,0.09,0.03,1.0,5.85,1.45,9.91
339,0.12,0.05,1.0,4.79,4.47,12.39
340,0.15,0.05,0.99,2.31,7.76,14.65
341,0.17,0.07,0.98,1.37,7.5,14.41
342,0.19,0.07,0.99,0.77,7.32,12.44
343,0.19,0.08,1.01,1.77,5.28,7.63
344,0.2,0.09,1.02,3.85,2.22,3.21
345,0.17,0.09,1.02,5.44,0.76,-0.85
346,0.15,0.09,1.04,7.89,-0.92,-2.87
347,0.12,0.08,1.02,8.79,-1.05,-4.31
348,0.12,0.09,1.03,10.07,0.21,-3.18
349,0.11,0.1,1.02,10.31,4.51,-1.82
350,0.12,0.1,0.99,11.25,7.5,1.43
351,0.1,0.13,0.97,11.31,7.33,1.92
352,0.1,0.11,0.95,9.97,6.98,0.66
353,0.1,0.11,0.94,9.7,8.18,0.02
354,0.11,0.11,0.95,7.19,0.94,0.02
355,0.11,0.09,0.94,6.9,-3.42,-2.19
356,0.08,0.11,0.96,6.02,-0.79,-1.66
357,0.09,0.09,0.95,4.49,-0.05,-0.24
358,0.08,0.09,0.97,4.43,-1.08,2.51
359,0.08,0.1,0.97,4.56,1.32,3.7
360,0.11,0.1,0.96,3.53,3.93,5.73
361,0.1,0.12,0.97,3.08,4.51,7.21
362,0.1,0.12,0.95,1.56,6.44,6.74
363,0.13,0.14,0.95,0.02,4.09,6.02
364,0.14,0.15,0.95,-1.44,4.76,5.79
365,0.14,0.16,0.96,-3.16,5.66,4.24
366,0.16,0.14,0.95,-3.11,6.15,2.63
367,0.16,0.15,0.94,-4.44,0.21,-0.8
368,0.14,0.15,0.93,-4.25,-2.79,-4.12
369,0.12,0.13,0.94,-4.28,-6.44,-5.92
370,0.11,0.11,0.94,-5.65,-7.04,-5.81
371,0.1,0.11,0.94,-9.15,-6.82,-5.15
372,0.1,0.1,0.96,-10.61,-3.54,-5.57
373,0.1,0.09,0.96,-12.6,-3.89,-4.02
374,0.11,0.09,0.98,-12.86,-3.73,-3.62
375,0.13,0.07,1.0,-11.41,-1.18,-3.28
376,0.13,0.08,1.0,-12.56,-1.27,-3.95
377,0.13,0.07,1.02,-10.52,-0.04,-5.77
378,0.13,0.08,1.03,-8.25,-2.21,-5.64
379,0.14,0.08,1.02,-4.34,1.92,-7.79
380,0.13,0.09,1.02,-3.15,5.18,-8.63
381,0.13,0.09,0.98,-1.88,3.81,-8.51
382,0.12,0.1,0.96,-2.69,2.24,-10.08
383,0.13,0.09,0.96,-4.18,2.29,-10.42
384,0.11,0.08,0.96,-5.89,2.15,-11.46
385,0.12,0.07,0.96,-8.56,-0.9,-11.95
386,0.12,0.07,0.98,-8.65,1.55,-11.85
387,0.13,0.07,1.0,-8.89,5.18,-11.1
388,0.12,0.08,0.97,-9.65,8.41,-11.79
389,0.14,0.08,0.98,-8.94,7.3,-9.47
390,0.15,0.08,0.98,-8.81,5.33,-10.18
391,0.14,0.09,0.98,-10.05,4.47,-9.08
392,0.12,0.09,0.98,-11.02,0.99,-10.69
393,0.12,0.03,0.96,-8.89,-4.73,-2.31
394,0.07,0.12,1.04,-9.33,5.73,-4.53
395,0.09,0.11,1.04,-7.27,3.33,-6.32
396,0.1,0.09,1.01,-5.33,4.9,-8.37
397,0.1,0.06,0.97,-4.56,6.21,-5.53
398,0.09,0.05,0.97,-7.5,6.6,-8.44
399,0.08,0.04,0.98,-7.06,3.85,-8.3
