,accel_x,accel_y,accel_z,gyro_x,gyro_y,gyro_z
0,0.01,0.18,0.97,4.17,0.17,4.96
1,0.02,0.18,0.95,3.97,-1.17,3.65
2,0.04,0.21,0.95,2.76,-2.87,1.71
3,0.04,0.21,0.95,3.13,-3.33,0.89
4,0.03,0.22,0.95,2.66,-3.31,-1.5
5,0.02,0.22,0.95,2.24,-5.25,-4.47
6,0.03,0.21,0.96,3.3,-8.27,-6.56
7,0.02,0.22,0.96,3.72,-9.21,-9.09
8,0.01,0.22,0.97,5.54,-9.93,-8.5
9,0.02,0.22,0.97,6.51,-10.5,-7.49
10,0.04,0.23,0.95,5.63,-8.89,-6.15
11,0.05,0.24,0.95,4.43,-6.26,-4.5
12,0.05,0.23,0.94,5.14,-4.04,-2.37
13,0.04,0.23,0.92,2.36,-4.07,-2.04
14,0.04,0.23,0.94,-0.34,-5.15,-3.08
15,0.05,0.21,0.94,-0.95,-5.58,-2.62
16,0.03,0.21,0.95,-2.04,-4.09,-0.56
17,0.01,0.19,0.95,-2.34,-3.46,-0.84
18,0.01,0.19,0.96,-1.71,-2.24,-0.92
19,0.02,0.18,0.98,0.37,-0.76,0.67
20,0.03,0.19,0.98,2.24,0.66,0.89
21,0.03,0.2,0.97,2.46,2.44,-0.31
22,0.04,0.21,0.96,3.22,3.05,-1.55
23,0.04,0.22,0.94,3.29,1.69,-2.26
24,0.05,0.22,0.94,1.74,-1.53,-3.57
25,0.04,0.22,0.95,0.24,-2.79,-4.69
26,0.04,0.22,0.97,0.07,-2.76,-4.18
27,0.02,0.22,0.95,-0.49,-2.95,-1.73
28,0.02,0.24,0.95,-0.69,-1.69,-2.05
29,-0.0,0.22,0.93,-1.65,-1.29,-1.34
30,-0.01,0.24,0.93,-1.56,-3.69,0.47
31,0.01,0.24,0.92,-2.56,-2.45,-0.18
32,0.02,0.25,0.92,-4.48,-2.11,1.18
33,0.02,0.25,0.91,-6.78,-4.95,1.82
34,0.03,0.25,0.9,-8.89,-5.95,0.91
35,0.02,0.24,0.92,-10.13,-9.78,-0.13
36,0.03,0.23,0.94,-10.94,-10.63,-1.61
37,0.06,0.22,0.96,-10.95,-7.47,-1.82
38,0.06,0.21,0.98,-9.62,-3.5,-1.78
39,0.04,0.22,0.98,-7.01,-4.27,-1.34
40,0.04,0.21,0.98,-4.02,-4.46,-2.05
41,0.03,0.22,0.98,-1.99,-4.41,-3.26
42,0.03,0.22,0.97,-0.85,-4.03,-3.09
43,0.03,0.22,0.97,-0.33,-0.52,0.38
44,0.03,0.23,0.94,-1.32,-0.41,1.03
45,0.04,0.24,0.95,-2.21,-2.27,0.32
46,0.06,0.23,0.94,-3.85,-1.06,-0.62
47,0.08,0.22,0.94,-5.37,-0.61,-1.59
48,0.08,0.22,0.94,-6.36,-0.97,-2.58
49,0.08,0.21,0.95,-6.38,-0.51,-3.27
50,0.08,0.2,0.97,-5.87,0.02,-4.68
51,0.05,0.21,0.97,-7.29,0.68,-4.68
52,0.05,0.19,0.98,-3.33,0.31,-4.34
53,0.03,0.2,0.96,-4.35,-1.62,-5.96
54,0.02,0.19,0.97,-4.48,-4.85,-8.03
55,0.01,0.18,0.98,-4.21,-5.27,-7.6
56,0.03,0.18,1.0,-4.22,-3.31,-5.89
57,0.04,0.18,0.99,-4.65,-0.2,-4.72
58,0.03,0.19,0.99,-4.4,2.11,-2.31
59,0.03,0.19,0.98,-3.8,1.21,-1.72
60,0.04,0.2,0.96,-3.98,-0.57,-2.61
61,0.04,0.2,0.95,-4.43,-1.89,-3.21
62,0.04,0.19,0.94,-5.65,-4.65,-5.18
63,0.04,0.18,0.96,-7.36,-6.46,-5.03
64,0.02,0.17,0.96,-8.2,-8.2,-5.75
65,0.02,0.17,0.98,-9.28,-7.73,-4.82
66,0.02,0.16,0.99,-9.93,-4.27,-2.73
67,0.04,0.16,1.0,-9.66,-1.99,-0.64
68,0.04,0.17,1.0,-9.28,-0.96,-0.64
69,0.03,0.16,1.0,-7.45,-1.18,-1.34
70,0.03,0.16,1.0,-5.58,-1.32,-0.53
71,0.03,0.15,1.0,-3.96,-1.94,-0.98
72,0.05,0.16,1.0,-3.17,-3.04,-2.55
73,0.07,0.16,1.0,-2.39,-1.98,-1.65
74,0.06,0.16,0.99,-1.6,-0.5,-1.11
75,0.05,0.16,0.99,-1.35,-1.58,-1.44
76,0.05,0.17,0.98,-1.3,-1.92,-2.3
77,0.05,0.17,0.98,-0.87,-2.5,-2.43
78,0.05,0.17,0.97,-1.85,-2.46,-2.82
79,0.04,0.17,0.99,-2.19,-2.11,-2.63
80,0.03,0.17,0.98,-2.3,-2.11,-2.26
81,0.04,0.17,0.98,-2.0,-0.65,-1.36
82,0.05,0.18,1.0,-1.13,0.81,0.53
83,0.04,0.18,0.99,0.14,1.89,1.69
84,0.05,0.18,0.98,1.59,2.18,2.13
85,0.05,0.19,0.97,2.4,2.32,2.51
86,0.03,0.19,0.96,2.24,-0.17,0.15
87,0.04,0.2,0.95,2.35,-0.59,-0.34
88,0.03,0.2,0.93,0.93,-0.81,-0.52
89,0.04,0.2,0.93,-0.23,-1.11,-0.31
90,0.04,0.19,0.94,-1.18,-2.83,-1.59
91,0.04,0.19,0.94,-2.25,-4.45,-2.44
92,0.05,0.2,0.96,-3.5,-3.58,-1.37
93,0.03,0.19,0.96,-4.37,-1.82,0.44
94,0.04,0.19,0.97,-5.02,-1.46,0.08
95,0.04,0.19,0.97,-5.33,-1.02,0.23
96,0.05,0.19,0.96,-5.47,-2.15,-0.07
97,0.04,0.19,0.98,-5.09,-1.21,-0.77
98,0.04,0.2,0.98,-4.53,-0.87,0.38
99,0.05,0.21,0.98,-3.17,1.18,1.82
100,0.05,0.22,0.96,-3.33,3.11,4.04
101,0.05,0.22,0.95,-1.76,1.78,3.44
102,0.05,0.23,0.93,-2.8,-0.46,0.58
103,0.06,0.23,0.92,-4.4,-1.38,-1.4
104,0.05,0.22,0.93,-5.5,-2.77,-2.11
105,0.05,0.2,0.94,-7.24,-2.78,-2.97
106,0.06,0.2,0.94,-8.87,-2.59,-2.8
107,0.06,0.2,0.94,-9.89,-3.4,-3.29
108,0.04,0.18,0.95,-11.21,-4.58,-4.19
109,0.03,0.18,0.97,-11.51,-5.54,-4.62
110,0.04,0.17,0.98,-11.37,-4.28,-2.97
111,0.03,0.16,1.0,-10.73,-3.34,-2.53
112,0.05,0.15,1.01,-9.17,-3.98,-2.97
113,0.06,0.15,1.02,-6.97,-2.27,-2.13
114,0.06,0.15,1.02,-5.31,0.69,-0.76
115,0.06,0.16,1.02,-2.92,1.29,-0.47
116,0.06,0.16,1.0,-1.06,1.86,-0.62
117,0.06,0.17,0.98,-0.2,0.67,-1.21
118,0.06,0.18,0.97,-0.18,-1.11,-2.22
119,0.06,0.18,0.97,-0.7,-0.19,-1.63
120,0.06,0.18,0.96,-1.81,1.66,-0.17
121,0.04,0.18,0.96,-2.91,1.62,-0.33
122,0.03,0.18,0.95,-5.89,0.12,-1.85
123,0.05,0.17,0.96,-4.33,0.41,-2.77
124,0.04,0.17,0.97,-3.93,-1.51,-1.78
125,0.04,0.17,0.98,-3.69,-2.02,-0.8
126,0.05,0.17,0.98,-2.9,1.13,0.66
127,0.05,0.18,0.97,-2.61,2.37,1.79
128,0.05,0.18,0.97,-1.76,0.21,0.62
129,0.04,0.19,0.98,-1.42,-2.11,-2.12
130,0.04,0.18,0.97,-0.84,-2.95,-2.43
131,0.05,0.17,0.97,-0.99,-1.88,-1.98
132,0.05,0.18,0.97,-1.4,-1.2,-1.89
133,0.05,0.17,0.97,-1.95,-0.6,-1.49
134,0.05,0.18,0.95,-2.78,-0.39,-1.85
135,0.05,0.17,0.97,-3.33,-1.48,-2.98
136,0.06,0.17,0.98,-2.48,-1.56,-2.87
137,0.05,0.17,0.98,-2.18,-1.81,-2.33
138,0.04,0.18,0.98,-1.73,-1.72,-1.83
139,0.05,0.17,0.98,-1.56,0.21,-0.89
140,0.05,0.17,0.97,-1.65,0.55,-0.09
141,0.05,0.17,0.97,-1.95,-0.98,-1.48
142,0.05,0.17,0.97,-1.62,-1.11,-1.71
143,0.04,0.17,0.97,-1.87,-0.84,-1.21
144,0.03,0.17,0.97,-2.03,-2.19,-1.98
145,0.03,0.17,0.97,-1.98,-2.33,-1.52
146,0.05,0.17,0.97,-1.69,-0.58,-0.16
147,0.04,0.19,0.96,-2.85,-0.58,0.29
148,0.04,0.18,0.96,-3.34,-2.02,-0.82
149,0.05,0.18,0.97,-3.85,-2.98,-1.11
150,0.05,0.17,0.96,-4.39,-3.44,-1.47
151,0.05,0.16,0.98,-4.33,-3.85,-2.34
152,0.06,0.16,0.98,-3.9,-3.53,-1.95
153,0.05,0.16,0.98,-3.54,-3.34,-1.39
154,0.07,0.17,0.99,-1.63,-2.63,1.11
155,0.06,0.17,0.98,-2.34,-0.48,2.9
156,0.06,0.18,0.98,-1.68,-0.52,2.37
157,0.07,0.18,0.97,-0.71,-1.0,2.37
158,0.05,0.18,0.96,-1.4,-2.09,0.64
159,0.05,0.17,0.96,-1.54,-3.82,0.32
160,0.06,0.18,0.96,-1.73,-3.58,0.73
161,0.06,0.19,0.95,-3.47,-2.59,0.77
162,0.07,0.18,0.96,-3.92,-2.67,2.87
163,0.06,0.19,0.95,-4.63,-3.57,1.69
164,0.06,0.2,0.95,-7.16,-3.79,1.18
165,0.08,0.2,0.96,-5.88,-3.32,1.86
166,0.08,0.18,0.96,-6.18,-2.69,4.6
167,0.08,0.17,0.95,-6.15,-5.03,5.45
168,0.05,0.18,0.95,-7.69,-6.32,4.49
169,0.05,0.17,0.95,-11.05,-7.49,3.32
170,0.04,0.17,0.96,-9.76,-7.0,2.98
171,0.04,0.18,0.96,-11.2,-6.07,3.65
172,0.06,0.17,0.96,-10.47,-5.29,4.4
173,0.06,0.16,0.95,-10.65,-5.5,6.99
174,0.05,0.17,0.95,-11.68,-6.95,6.47
175,0.05,0.16,0.97,-9.98,-8.51,4.99
176,0.04,0.16,0.96,-11.11,-10.56,3.16
177,0.04,0.16,0.98,-10.72,-7.97,2.82
178,0.04,0.16,0.97,-11.44,-6.73,4.32
179,0.04,0.17,0.99,-9.21,-4.85,6.29
180,0.05,0.18,0.99,-8.91,-1.66,8.25
181,0.08,0.19,0.98,-7.38,2.53,11.42
182,0.07,0.21,0.96,-7.95,4.56,13.0
183,0.07,0.24,0.95,-7.45,4.4,12.07
184,0.07,0.27,0.93,-8.65,3.71,9.27
185,0.09,0.32,0.93,-11.56,4.47,9.11
186,0.11,0.36,0.92,-14.36,10.5,12.02
187,0.13,0.43,0.91,-17.69,17.39,16.63
188,0.15,0.53,0.9,-24.22,24.5,20.17
189,0.18,0.64,0.89,-32.89,37.44,26.53
190,0.23,0.76,0.88,-42.96,51.7,35.51
191,0.28,0.88,0.85,-60.99,64.55,41.24
192,0.32,1.01,0.78,-80.93,76.81,43.76
193,0.31,1.12,0.83,-100.86,77.32,34.05
194,0.3,1.16,0.88,-122.23,67.02,15.79
195,0.31,1.15,0.98,-131.55,52.76,-0.99
196,0.24,1.12,1.08,-135.47,32.97,-27.66
197,0.18,1.07,1.22,-136.63,6.64,-56.81
198,0.12,1.0,1.39,-133.6,-15.53,-74.94
199,0.07,0.99,1.54,-127.82,-18.99,-78.95
200,0.02,1.01,1.67,-118.32,-8.05,-66.37
201,-0.09,1.14,1.8,-110.43,-3.35,-57.66
202,-0.21,1.34,1.93,-102.95,5.44,-55.43
203,-0.32,1.42,2.0,-88.08,9.39,-33.95
204,-0.35,1.45,2.0,-39.98,34.44,10.37
205,-0.23,1.39,2.0,18.92,70.44,76.22
206,0.07,1.31,1.79,120.82,179.24,151.38
207,0.63,0.93,1.04,224.01,250.13,228.89
208,1.04,0.46,-0.08,250.13,250.13,250.13
209,0.99,-0.2,-1.63,250.13,250.13,250.13
210,0.58,-0.55,-2.0,214.32,250.13,250.13
211,0.15,-0.81,-2.0,-11.27,250.13,-32.99
212,-0.77,-1.8,-2.0,-250.14,94.85,-250.14
213,-2.0,-2.0,-2.0,-250.14,-250.14,-250.14
214,-2.0,-2.0,0.25,-250.14,-250.14,-250.14
215,-2.0,-2.0,2.0,-250.14,-250.14,-166.67
216,-0.91,-2.0,2.0,-250.14,-250.14,-73.15
217,0.02,-2.0,2.0,-172.37,-204.21,7.5
218,0.03,-2.0,2.0,15.46,-39.02,-49.34
219,-0.18,-1.58,2.0,111.07,66.59,-9.56
220,-0.09,-1.11,1.67,141.19,124.02,28.27
221,0.04,-0.75,0.96,134.4,117.98,47.77
222,0.22,-0.52,0.59,119.09,37.93,29.38
223,0.5,-0.51,0.54,120.04,-29.96,2.42
224,0.9,-0.54,0.56,125.43,-13.63,-14.02
225,0.96,-0.22,0.18,115.92,61.18,13.91
226,1.09,0.07,-0.07,71.68,81.62,10.41
227,1.08,0.11,0.05,34.95,42.23,-28.75
228,0.83,0.01,0.36,13.75,-17.21,-66.73
229,0.51,-0.19,0.59,3.18,-34.06,-77.21
230,0.19,-0.38,0.79,-7.38,-21.31,-73.78
231,-0.08,-0.5,0.95,-6.94,-17.27,-61.87
232,-0.35,-0.6,0.97,4.02,-31.53,-50.41
233,-0.42,-0.68,1.0,16.16,-59.24,-45.36
234,-0.38,-0.69,1.03,27.63,-72.82,-35.22
235,-0.26,-0.62,0.97,32.24,-58.9,-18.75
236,-0.12,-0.58,0.9,30.31,-30.02,-3.15
237,0.02,-0.46,0.86,16.38,-5.21,6.98
238,0.03,-0.39,0.81,7.47,11.18,15.89
239,-0.01,-0.31,0.74,-1.05,0.39,12.96
240,-0.04,-0.27,0.75,0.35,-29.21,-2.11
241,-0.11,-0.28,0.79,-1.7,-62.47,-11.66
242,-0.11,-0.37,0.87,2.55,-79.75,-11.1
243,0.03,-0.4,1.0,0.24,-74.53,-11.76
244,0.18,-0.34,1.08,-5.79,-53.73,-11.08
245,0.18,-0.28,1.17,2.32,-32.89,-9.21
246,0.13,-0.21,1.18,19.69,-18.76,-4.03
247,0.07,-0.15,1.1,35.85,-15.11,-1.06
248,0.01,-0.08,1.03,44.44,-21.73,-1.63
249,0.0,-0.02,0.97,42.56,-31.69,-4.52
250,0.08,0.04,0.94,43.15,-31.99,-4.08
251,0.17,0.1,0.93,36.83,-25.15,-1.8
252,0.18,0.21,0.94,26.64,-11.18,2.73
253,0.17,0.25,0.94,18.69,-2.48,3.95
254,0.16,0.28,0.94,12.89,4.14,5.52
255,0.15,0.28,0.94,9.41,2.85,0.53
256,0.11,0.24,0.94,6.5,-1.14,-7.15
257,0.06,0.21,0.99,3.72,-2.9,-10.6
258,0.0,0.18,0.98,3.44,-0.11,-6.34
259,-0.0,0.18,0.98,0.11,-0.31,-3.87
260,0.02,0.18,1.0,3.56,-0.11,-3.34
261,0.04,0.17,1.01,5.92,-1.0,-1.8
262,0.07,0.17,0.98,7.25,-0.15,-0.31
263,0.1,0.19,0.93,4.05,0.11,-3.76
264,0.09,0.18,0.94,-0.22,-2.05,-6.91
265,0.05,0.17,0.95,3.03,-7.62,-11.11
266,0.06,0.16,0.93,1.48,-10.0,-14.25
267,0.08,0.16,0.94,-0.22,-10.46,-16.1
268,0.06,0.14,0.95,-1.96,-8.05,-16.5
269,0.03,0.1,0.95,-6.35,-6.14,-16.08
270,0.0,0.06,0.96,-9.93,-3.89,-14.47
271,-0.03,0.03,0.96,-17.71,-2.82,-10.85
272,-0.08,-0.01,0.98,-15.18,-5.64,-8.8
273,-0.1,-0.02,1.0,-17.0,-6.47,-6.02
274,-0.08,-0.02,0.99,-18.25,-7.84,-5.6
275,-0.06,-0.03,1.03,-17.18,-8.12,-3.79
276,-0.02,-0.04,1.02,-16.6,-5.66,-0.85
277,0.01,-0.04,1.03,-15.33,-0.45,2.09
278,0.02,-0.04,1.03,-14.14,0.97,2.27
279,0.04,-0.05,1.03,-13.48,1.86,0.45
280,0.05,-0.05,1.03,-11.2,-1.06,-2.27
281,0.06,-0.05,1.03,-9.8,-5.92,-6.77
282,0.05,-0.06,1.03,-11.03,-8.11,-9.37
283,0.08,-0.07,1.02,-9.19,-7.44,-10.73
284,0.08,-0.07,1.03,-10.83,-4.83,-11.76
285,0.07,-0.07,1.05,-13.05,-2.67,-13.34
286,0.09,-0.07,1.06,-14.98,2.27,-13.59
287,0.07,-0.07,1.1,-11.44,5.94,-11.46
288,0.05,-0.08,1.11,-8.21,8.23,-11.69
289,0.04,-0.06,1.11,-3.27,9.66,-10.53
290,0.06,-0.06,1.07,-0.38,11.24,-10.39
291,0.03,-0.05,1.05,4.03,9.36,-11.98
292,-0.02,-0.05,1.05,5.83,7.56,-11.46
293,-0.03,-0.05,1.02,6.6,7.61,-9.39
294,-0.03,-0.04,1.0,4.2,10.42,-5.86
295,-0.03,-0.03,1.0,2.89,11.24,-2.79
296,-0.02,-0.02,0.99,0.08,13.24,-1.19
297,-0.02,-0.01,0.97,-1.62,10.88,-0.54
298,-0.02,0.0,1.0,-1.69,7.42,-0.21
299,-0.0,-0.02,0.98,-0.15,5.03,-2.25
300,0.0,-0.02,1.0,-0.47,3.4,-3.64
301,-0.01,-0.02,1.01,1.59,1.09,-3.93
302,-0.0,-0.01,1.0,3.81,0.81,-2.7
303,-0.01,0.01,0.97,2.81,1.92,-2.69
304,0.01,0.02,0.97,1.18,3.13,-2.89
305,0.01,0.01,0.96,-0.04,6.44,-1.22
306,-0.01,0.0,0.98,-2.83,7.33,0.8
307,0.01,-0.0,0.97,-7.58,7.15,-0.31
308,0.02,-0.01,0.98,-9.34,5.84,-2.06
309,0.03,-0.01,1.02,-9.37,3.27,-3.11
310,0.04,-0.02,1.02,-8.3,3.29,-3.79
311,0.04,-0.03,1.04,-5.27,1.43,-5.68
312,0.02,-0.04,1.06,-1.7,-0.18,-7.95
313,0.02,-0.05,1.06,3.31,0.78,-7.08
314,0.0,-0.04,1.04,8.04,3.02,-5.62
315,0.01,-0.05,1.01,10.56,6.09,-5.03
316,0.0,-0.05,1.0,13.72,2.8,-7.12
317,-0.02,-0.05,0.99,14.53,0.02,-9.52
318,-0.03,-0.05,0.97,13.19,0.53,-11.31
319,-0.04,-0.04,0.98,15.66,-1.42,-9.08
320,-0.04,-0.04,0.98,16.47,-2.32,-5.63
321,-0.04,-0.03,0.97,16.73,-0.97,-4.15
322,-0.03,-0.01,0.94,16.53,2.1,-2.02
323,-0.03,0.01,0.92,14.13,0.31,0.95
324,-0.03,0.03,0.92,9.6,-1.08,-0.65
325,-0.01,0.05,0.92,6.08,0.84,-0.38
326,-0.0,0.05,0.94,2.09,3.88,2.14
327,-0.03,0.06,0.96,-1.36,3.52,3.94
328,-0.04,0.05,0.99,-0.56,-0.34,3.45
329,-0.03,0.03,1.01,1.22,-2.41,4.31
330,-0.02,0.03,1.02,2.73,-2.19,6.37
331,-0.02,0.02,1.01,5.68,-2.67,7.47
332,-0.02,0.02,1.02,5.45,-3.34,6.46
333,0.01,0.03,1.01,5.4,-3.02,5.44
334,0.03,0.03,1.01,7.18,-2.25,5.27
335,0.03,0.02,1.02,6.6,-2.29,3.48
336,0.02,0.02,1.03,6.05,-3.34,1.44
337,-0.0,0.0,1.04,8.32,-4.98,0.21
338,-0.0,0.0,1.06,11.27,-4.84,1.68
339,0.0,0.01,1.06,15.82,-4.75,3.53
340,0.01,0.02,1.04,19.1,-3.33,5.73
341,0.03,0.04,1.01,20.37,-4.24,6.93
342,0.04,0.05,0.97,20.82,-5.44,8.61
343,0.06,0.07,0.96,19.46,-6.17,9.94
344,0.05,0.06,0.93,17.36,-6.58,12.62
345,0.04,0.08,0.93,13.66,-6.69,15.01
346,0.05,0.07,0.93,10.81,-6.53,16.73
347,0.07,0.07,0.93,6.76,-7.86,14.94
348,0.09,0.06,0.94,4.13,-9.39,12.47
349,0.07,0.04,0.97,3.85,-9.44,11.15
350,0.05,0.02,0.99,3.63,-10.87,7.34
351,0.06,0.02,1.0,3.95,-7.97,6.89
352,0.06,0.02,1.01,5.98,-2.5,8.91
353,0.07,0.03,1.01,7.6,1.03,8.7
354,0.08,0.04,0.99,7.75,2.66,5.13
355,0.1,0.05,0.99,8.39,1.92,1.61
356,0.1,0.05,0.99,9.27,0.87,-1.65
357,0.09,0.05,1.01,9.19,-2.01,-6.46
358,0.09,0.05,1.04,12.17,-4.2,-10.11
359,0.05,0.04,1.04,15.45,-4.41,-10.98
360,0.03,0.04,1.05,18.37,-4.22,-12.11
361,-0.01,0.04,1.02,20.66,-3.46,-11.06
362,-0.01,0.05,1.02,22.79,-3.22,-10.13
363,-0.02,0.06,1.0,22.5,-1.37,-7.76
364,-0.02,0.07,0.98,21.11,1.56,-3.37
365,-0.02,0.09,0.96,19.05,3.91,-0.63
366,0.0,0.1,0.95,16.82,4.04,0.92
367,0.0,0.11,0.93,14.53,3.82,1.51
368,0.01,0.13,0.92,13.0,3.28,1.24
369,0.02,0.13,0.91,11.66,1.73,0.85
370,0.02,0.14,0.91,10.52,-1.0,-1.3
371,0.02,0.14,0.91,8.77,-4.15,-2.77
372,0.02,0.13,0.9,8.24,-5.59,-3.44
373,-0.01,0.13,0.92,5.82,-9.95,-5.68
374,-0.0,0.12,0.93,4.6,-12.34,-6.29
375,-0.01,0.12,0.95,4.14,-10.69,-3.29
376,-0.01,0.11,0.96,2.42,-10.36,-0.82
377,-0.0,0.11,0.96,1.91,-8.31,2.62
378,0.03,0.1,0.97,1.95,-5.4,5.95
379,0.05,0.11,0.97,0.78,-4.68,6.11
380,0.05,0.11,0.98,1.26,-5.97,3.92
381,0.05,0.11,0.99,2.47,-7.82,3.06
382,0.05,0.11,1.0,3.96,-8.67,1.99
383,0.06,0.11,1.0,5.42,-7.73,0.76
384,0.07,0.11,1.0,6.7,-8.4,-0.73
385,0.07,0.11,0.99,8.15,-10.82,-3.97
386,0.07,0.11,0.97,8.95,-14.12,-8.07
387,0.07,0.11,0.96,8.61,-15.99,-8.33
388,0.06,0.12,0.97,8.46,-17.29,-8.85
389,0.05,0.12,0.99,7.88,-17.78,-7.67
390,0.06,0.11,0.98,7.72,-13.87,-6.7
391,0.07,0.1,0.98,5.93,-10.49,-4.94
392,0.09,0.12,0.98,3.73,-7.27,-1.62
393,0.1,0.15,0.97,2.27,-3.63,2.55
394,0.1,0.14,0.96,0.79,-1.28,3.29
395,0.09,0.16,0.95,-0.59,-1.31,3.8
396,0.1,0.16,0.94,-1.69,-3.82,2.3
397,0.1,0.17,0.93,-3.27,-6.7,-0.41
398,0.1,0.16,0.94,-4.87,-9.19,-2.39
399,0.11,0.15,0.95,-6.1,-10.31,-3.56
400,0.12,0.15,0.96,-7.32,-8.92,-3.75
