,accel_x,accel_y,accel_z,gyro_x,gyro_y,gyro_z
0,0.09,-0.18,1.0,-2.15,-4.71,-5.99
1,0.1,-0.18,1.0,-0.3,-3.02,-4.38
2,0.11,-0.17,0.98,-1.16,-1.31,-2.85
3,0.09,-0.17,0.97,-2.18,-1.76,-2.89
4,0.1,-0.17,0.97,-2.77,-3.47,-2.41
5,0.12,-0.17,0.98,-2.87,-2.47,-1.56
6,0.14,-0.16,0.97,-2.46,-0.15,-0.72
7,0.12,-0.18,0.97,-3.79,-0.67,-2.84
8,0.12,-0.18,0.99,-2.84,-2.21,-4.24
9,0.14,-0.16,0.99,-1.11,-0.66,-3.15
10,0.14,-0.16,0.96,-1.06,2.25,-1.63
11,0.1,-0.17,0.96,-3.6,-0.07,-4.56
12,0.11,-0.17,0.99,-3.18,-1.37,-4.87
13,0.12,-0.17,0.99,-2.03,0.05,-3.51
14,0.12,-0.16,0.98,-1.56,2.91,-1.76
15,0.1,-0.16,0.95,-3.67,2.46,-3.29
16,0.07,-0.18,0.99,-4.28,-2.37,-5.35
17,0.1,-0.18,1.0,-2.23,-2.36,-4.82
18,0.11,-0.17,1.0,-0.77,0.44,-2.76
19,0.12,-0.15,0.97,-0.69,2.92,-1.49
20,0.09,-0.16,0.93,-2.63,3.37,-1.4
21,0.06,-0.17,0.96,-4.98,-1.52,-4.76
22,0.09,-0.18,0.99,-3.36,-2.82,-5.85
23,0.12,-0.16,0.98,-2.03,-0.21,-3.07
24,0.12,-0.16,0.94,-2.33,4.08,0.83
25,0.07,-0.17,0.95,-5.67,0.18,-3.26
26,0.06,-0.19,0.98,-4.02,-3.51,-3.64
27,0.09,-0.18,0.98,-2.5,-3.39,-2.97
28,0.11,-0.17,0.96,-2.25,-0.61,-1.51
29,0.09,-0.18,0.97,-3.42,0.12,-1.21
30,0.09,-0.19,0.98,-3.13,-0.53,-1.44
31,0.11,-0.18,1.0,-1.68,0.75,-0.22
32,0.12,-0.17,0.96,-1.59,1.87,0.88
33,0.11,-0.16,0.96,-2.73,2.05,0.04
34,0.1,-0.17,0.97,-3.67,0.64,-1.08
35,0.1,-0.17,0.99,-3.79,-1.14,-2.31
36,0.13,-0.15,0.98,-3.24,0.03,-0.15
37,0.13,-0.15,0.98,-3.49,2.04,-0.31
38,0.12,-0.15,0.98,-3.82,2.08,-0.67
39,0.12,-0.16,0.98,-3.38,2.18,-0.61
40,0.13,-0.15,0.98,-2.39,1.88,-0.05
41,0.14,-0.15,0.96,-2.84,0.5,-2.23
42,0.13,-0.15,0.98,-3.07,-1.4,-4.03
43,0.13,-0.17,0.99,-1.67,-1.7,-4.46
44,0.13,-0.16,0.98,-1.81,-1.31,-5.11
45,0.11,-0.18,0.98,-1.58,-1.71,-5.71
46,0.11,-0.18,0.99,-1.9,-1.66,-5.58
47,0.11,-0.18,1.0,-1.04,-0.45,-3.91
48,0.11,-0.18,0.99,-0.8,-0.11,-3.43
49,0.1,-0.17,0.99,-0.85,0.18,-2.85
50,0.12,-0.16,0.99,-0.08,0.6,-2.49
51,0.11,-0.16,0.96,-0.24,-0.43,-3.11
52,0.11,-0.15,0.97,-1.07,-2.05,-4.31
53,0.11,-0.15,0.96,-0.96,-2.5,-5.28
54,0.11,-0.16,0.98,-0.46,-1.98,-6.83
55,0.12,-0.14,0.98,-0.24,-0.57,-3.9
56,0.11,-0.13,0.95,-0.94,1.56,-2.81
57,0.08,-0.14,0.94,-3.66,0.13,-4.04
58,0.07,-0.15,0.96,-4.14,-1.37,-4.22
59,0.08,-0.16,0.98,-2.76,-1.45,-3.55
60,0.09,-0.16,0.96,-3.16,-1.15,-2.98
61,0.09,-0.17,0.98,-3.04,-0.47,-2.63
62,0.08,-0.17,0.98,-2.37,0.22,-1.66
63,0.08,-0.17,0.97,-2.15,-0.01,-1.47
64,0.07,-0.17,0.97,-2.37,-1.11,-1.78
65,0.08,-0.17,0.97,-2.58,-2.03,-1.87
66,0.09,-0.17,0.97,-2.02,-0.42,-0.91
67,0.1,-0.17,0.97,-1.78,0.85,-0.05
68,0.1,-0.15,0.97,-1.76,0.73,0.23
69,0.1,-0.15,0.95,-2.07,0.4,0.36
70,0.09,-0.15,0.96,-2.85,-0.92,-0.98
71,0.1,-0.15,0.95,-3.56,-1.06,-0.52
72,0.09,-0.16,0.96,-4.59,-1.97,-1.6
73,0.11,-0.16,0.97,-4.6,-2.54,-1.81
74,0.12,-0.16,0.97,-4.38,-1.41,-1.4
75,0.11,-0.16,0.95,-5.09,-1.79,-3.47
76,0.12,-0.17,0.97,-5.67,-1.88,-2.53
77,0.12,-0.18,0.97,-5.28,-1.53,-2.36
78,0.11,-0.18,0.98,-5.39,-2.42,-3.24
79,0.11,-0.18,0.99,-4.86,-2.52,-3.34
80,0.11,-0.18,0.99,-3.92,-1.37,-2.47
81,0.12,-0.18,0.99,-3.54,0.9,-1.76
82,0.11,-0.16,0.97,-3.81,1.88,-0.91
83,0.09,-0.17,0.97,-4.09,0.56,-2.53
84,0.1,-0.16,0.98,-4.35,-1.4,-2.91
85,0.11,-0.16,0.99,-4.35,-1.05,-1.7
86,0.11,-0.15,0.98,-4.31,-1.53,-2.31
87,0.12,-0.15,0.97,-5.05,-1.16,-2.88
88,0.11,-0.15,0.98,-5.89,-0.73,-2.11
89,0.1,-0.15,0.97,-6.7,-2.48,-3.08
90,0.11,-0.16,0.99,-6.95,-3.05,-3.83
91,0.12,-0.17,1.01,-6.44,-1.97,-3.55
92,0.11,-0.18,1.02,-5.79,-0.75,-2.78
93,0.09,-0.19,1.03,-4.34,-1.0,-2.75
94,0.09,-0.19,1.03,-3.16,-0.53,-1.73
95,0.1,-0.18,1.02,-2.67,0.83,-0.61
96,0.08,-0.17,1.0,-2.74,0.49,-0.41
97,0.06,-0.17,1.0,-3.43,-1.34,-1.06
98,0.07,-0.18,1.02,-3.1,-1.03,0.15
99,0.07,-0.18,1.03,-2.76,-0.55,1.97
100,0.07,-0.18,1.03,-1.57,0.25,3.53
101,0.06,-0.17,1.02,-0.84,1.01,5.18
102,0.06,-0.16,1.03,0.29,0.54,5.69
103,0.05,-0.15,1.03,1.44,0.06,7.79
104,0.05,-0.15,1.03,2.78,-1.34,8.12
105,0.05,-0.14,1.01,2.82,-1.78,9.8
106,0.04,-0.12,1.0,2.74,-1.12,11.31
107,0.03,-0.13,1.01,4.19,-1.96,14.02
108,0.06,-0.11,1.02,1.84,2.37,11.91
109,0.06,-0.07,1.02,4.05,2.15,15.9
110,-0.1,-0.02,1.13,-1.72,-4.75,8.89
111,0.07,-0.01,1.02,6.73,13.85,27.11
112,0.01,0.01,1.02,4.44,17.82,26.89
113,0.0,0.08,1.0,4.1,20.34,27.25
114,-0.03,0.13,0.98,4.61,20.65,30.25
115,-0.04,0.21,1.02,0.11,25.5,35.1
116,-0.1,0.26,1.02,-2.5,30.85,40.11
117,-0.14,0.33,1.06,-8.65,29.95,43.19
118,-0.15,0.37,1.06,-6.25,33.89,51.48
119,-0.18,0.38,1.08,-2.02,40.47,67.92
120,-0.26,0.44,1.1,-3.61,38.14,72.19
121,-0.26,0.49,1.15,-0.46,34.99,85.31
122,-0.3,0.54,1.22,2.05,26.62,89.31
123,-0.25,0.69,1.32,9.21,24.39,104.11
124,-0.23,0.75,1.31,12.6,21.69,108.33
125,-0.21,0.88,1.32,6.79,17.5,99.21
126,-0.17,1.01,1.34,2.69,20.57,98.79
127,-0.22,1.2,1.4,-3.69,22.15,95.09
128,-0.24,1.33,1.42,-8.51,16.34,87.98
129,-0.24,1.49,1.43,-13.66,11.48,82.34
130,-0.34,1.52,1.4,-9.97,-1.06,76.79
131,-0.45,1.58,1.33,-12.68,-28.16,57.11
132,-0.48,1.61,1.19,-6.27,-54.63,40.18
133,-0.37,1.71,1.03,3.25,-89.98,26.69
134,-0.17,1.7,0.69,15.86,-118.89,14.11
135,-0.13,1.61,0.31,11.79,-171.92,-15.89
136,0.03,1.22,-0.15,28.69,-199.01,-14.16
137,0.22,0.78,-0.6,44.21,-208.03,26.99
138,0.6,0.17,-1.15,63.95,-162.09,101.52
139,1.32,-0.65,-1.92,59.11,-41.36,191.11
140,1.68,-1.66,-2.0,-10.98,96.53,250.13
141,1.55,-2.0,-2.0,-125.15,145.79,250.13
142,1.52,-2.0,-2.0,-250.14,101.66,196.6
143,1.84,-2.0,-1.33,-250.14,-23.26,-27.03
144,1.66,-2.0,1.34,-250.14,-199.59,-250.14
145,1.43,-2.0,2.0,-250.14,-250.14,-250.14
146,-0.27,-2.0,2.0,-250.14,-65.5,-250.14
147,-2.0,-2.0,2.0,-48.44,243.17,-250.14
148,-2.0,-2.0,2.0,250.13,250.13,186.38
149,-2.0,-1.11,-0.46,250.13,250.13,250.13
150,-2.0,-0.32,-2.0,250.13,-117.19,250.13
151,1.27,-0.28,-2.0,36.74,-250.14,125.57
152,2.0,-0.3,-2.0,-46.15,-250.14,-58.72
153,2.0,-0.39,-0.27,11.29,-250.14,-22.91
154,2.0,-0.37,-0.11,9.65,-36.59,-27.88
155,2.0,-0.16,-0.36,-52.4,195.3,-57.91
156,1.84,-0.25,-0.22,-100.45,250.13,-99.02
157,0.7,-0.36,0.15,-110.27,250.13,-117.76
158,-0.39,-0.48,0.49,-94.49,177.11,-105.91
159,-0.94,-0.53,0.75,-75.21,66.88,-76.91
160,-0.79,-0.54,1.01,-64.27,-18.69,-52.78
161,-0.32,-0.6,1.18,-56.31,-35.22,-23.15
162,-0.04,-0.66,1.34,-48.29,-9.18,-0.87
163,0.16,-0.63,1.31,-37.4,35.66,23.39
164,0.18,-0.6,1.16,-29.5,63.6,39.5
165,0.18,-0.58,1.04,-27.37,60.79,38.79
166,0.18,-0.59,0.93,-22.97,44.63,33.63
167,0.2,-0.61,0.92,-20.41,21.09,25.5
168,0.18,-0.65,0.82,-33.58,2.01,21.63
169,0.27,-0.7,0.97,-15.79,2.97,26.26
170,0.19,-0.74,0.97,-5.14,3.64,37.95
171,0.14,-0.77,0.93,3.56,2.11,38.44
172,0.16,-0.78,0.82,10.41,5.08,40.3
173,0.19,-0.72,0.85,17.38,-16.27,36.9
174,0.02,-0.73,0.88,29.16,-37.15,33.63
175,0.06,-0.79,0.92,39.19,-66.75,25.42
176,0.2,-0.77,0.97,50.98,-84.57,21.69
177,0.42,-0.76,0.96,62.11,-77.15,20.13
178,0.5,-0.68,0.9,68.64,-52.6,22.22
179,0.54,-0.6,0.82,67.09,-29.56,22.21
180,0.57,-0.49,0.74,57.08,-9.86,20.88
181,0.5,-0.41,0.69,47.53,3.87,17.59
182,0.41,-0.39,0.7,46.98,2.08,16.63
183,0.31,-0.34,0.74,42.93,-11.66,9.88
184,0.26,-0.27,0.71,41.93,-18.71,10.68
185,0.23,-0.25,0.7,32.38,-21.52,13.75
186,0.24,-0.28,0.76,23.75,-20.95,16.96
187,0.27,-0.3,0.81,18.49,-14.82,20.85
188,0.32,-0.32,0.89,18.23,-5.31,23.63
189,0.35,-0.36,0.93,17.68,4.27,22.08
190,0.41,-0.35,0.95,18.95,12.01,12.21
191,0.43,-0.31,0.95,17.71,14.69,1.85
192,0.35,-0.26,1.0,30.05,20.07,-14.11
193,0.3,-0.24,0.97,40.9,13.91,-8.63
194,0.16,-0.22,0.89,43.77,0.74,-12.4
195,0.12,-0.18,0.83,41.53,-9.83,-12.5
196,0.12,-0.16,0.79,35.31,-19.72,-14.1
197,0.17,-0.16,0.78,27.0,-25.4,-16.14
198,0.26,-0.13,0.82,20.76,-16.61,-7.95
199,0.25,-0.15,0.82,13.53,-7.15,-6.27
200,0.26,-0.17,0.88,8.6,-1.53,-7.47
201,0.28,-0.19,0.9,8.27,12.95,-5.08
202,0.24,-0.21,0.95,11.45,24.24,-3.79
203,0.19,-0.23,0.92,22.71,24.4,-2.34
204,0.17,-0.21,0.9,27.08,15.6,-4.28
205,0.16,-0.15,0.82,26.2,8.0,-9.57
206,0.19,-0.09,0.78,16.55,6.95,-16.95
207,0.19,-0.06,0.76,6.58,14.07,-18.27
208,0.15,-0.11,0.78,9.18,-0.31,-21.17
209,0.08,-0.13,0.87,9.02,-19.71,-23.39
210,0.11,-0.24,0.86,6.09,-28.46,-59.46
211,0.33,-0.05,0.94,0.86,-19.37,-47.6
212,0.47,-0.07,0.97,0.61,-5.41,-14.11
213,0.37,-0.17,0.97,4.91,1.83,-10.79
214,0.4,-0.18,0.98,10.18,8.23,-10.94
215,0.35,-0.18,0.96,11.87,13.45,-10.85
216,0.33,-0.2,0.96,9.05,12.15,-16.21
217,0.31,-0.2,0.96,11.05,20.23,-12.02
218,0.24,-0.21,0.98,13.05,19.31,-11.86
219,0.26,-0.18,0.96,15.0,18.79,-10.79
220,0.27,-0.16,0.94,13.74,22.47,-7.42
221,0.25,-0.15,0.96,11.27,24.5,-7.13
222,0.25,-0.17,0.97,9.82,24.27,-3.31
223,0.21,-0.21,1.01,9.68,19.45,-2.66
224,0.22,-0.22,1.0,7.22,15.24,-7.5
225,0.23,-0.23,1.03,9.37,5.79,-14.34
226,0.29,-0.21,1.07,11.65,4.85,-17.37
227,0.32,-0.22,1.07,15.45,9.77,-15.69
228,0.33,-0.2,1.03,15.47,14.28,-19.22
229,0.34,-0.17,1.03,15.81,19.44,-19.44
230,0.29,-0.15,1.04,15.89,24.69,-18.03
231,0.25,-0.13,0.99,13.82,24.79,-18.05
232,0.23,-0.12,0.99,14.79,17.24,-19.99
233,0.23,-0.12,0.98,15.68,9.1,-24.07
234,0.25,-0.11,0.97,13.05,4.49,-27.69
235,0.31,-0.14,0.94,12.44,1.4,-30.14
236,0.31,-0.14,1.01,13.11,0.04,-33.02
237,0.3,-0.14,1.01,14.78,2.27,-32.83
238,0.3,-0.14,0.99,11.74,5.32,-34.09
239,0.26,-0.14,1.02,9.35,7.97,-33.33
240,0.24,-0.15,1.04,13.57,9.38,-29.32
241,0.21,-0.16,1.04,15.73,12.01,-25.64
242,0.19,-0.16,1.0,13.79,15.33,-24.0
243,0.18,-0.16,0.99,13.47,14.42,-18.6
244,0.16,-0.16,0.98,15.15,11.95,-15.6
245,0.21,-0.13,0.95,14.04,9.45,-15.81
246,0.21,-0.13,0.94,11.71,7.57,-14.75
247,0.21,-0.13,0.96,9.59,3.2,-17.85
248,0.24,-0.12,0.96,8.38,2.55,-18.92
249,0.26,-0.11,0.98,7.96,5.28,-17.92
250,0.24,-0.1,0.95,7.49,10.28,-13.66
251,0.21,-0.1,0.93,4.86,11.57,-12.05
252,0.2,-0.1,0.95,2.89,11.01,-9.58
253,0.21,-0.1,0.94,2.18,11.01,-6.57
254,0.2,-0.1,0.93,-0.76,10.35,-4.85
255,0.2,-0.1,0.94,-3.63,6.92,-7.31
256,0.18,-0.12,0.98,-1.8,0.71,-10.39
257,0.21,-0.12,0.99,1.44,-3.3,-11.95
258,0.22,-0.11,0.99,3.18,-2.46,-12.21
259,0.21,-0.1,0.98,2.56,-1.32,-10.56
260,0.19,-0.11,0.96,2.24,-0.5,-9.34
261,0.17,-0.11,0.96,1.86,-2.02,-8.11
262,0.18,-0.11,0.95,-2.52,-0.59,-7.08
263,0.21,-0.1,0.93,1.04,-0.02,-5.04
264,0.22,-0.09,0.97,1.56,2.53,-3.26
265,0.26,-0.08,0.94,0.91,5.48,-3.18
266,0.28,-0.07,0.91,-1.36,7.95,-4.4
267,0.28,-0.07,0.91,-3.92,10.47,-6.63
268,0.26,-0.1,0.93,-2.35,12.15,-6.31
269,0.27,-0.11,0.91,-4.09,12.15,-9.95
270,0.26,-0.12,0.91,-4.14,10.98,-13.35
271,0.25,-0.12,0.92,-2.99,15.66,-11.15
272,0.19,-0.13,0.92,-3.68,17.73,-11.02
273,0.15,-0.11,0.93,-4.99,18.71,-10.69
274,0.14,-0.11,0.96,-2.94,20.49,-6.63
275,0.11,-0.11,0.94,-0.82,22.64,-1.56
276,0.13,-0.11,0.94,-3.37,25.9,0.21
277,0.13,-0.1,0.94,-4.54,24.66,0.38
278,0.15,-0.09,0.92,-4.69,18.82,-0.22
279,0.18,-0.09,0.93,-6.7,17.22,-5.05
280,0.19,-0.09,0.95,-5.23,13.79,-8.76
281,0.24,-0.09,0.96,-2.84,12.59,-10.7
282,0.27,-0.08,0.95,-1.81,15.76,-12.68
283,0.25,-0.08,0.92,-4.12,17.65,-14.84
284,0.23,-0.09,0.93,-7.2,18.56,-16.32
285,0.18,-0.09,0.92,-7.95,19.49,-20.87
286,0.23,-0.09,0.94,-15.37,22.12,-20.38
287,0.21,-0.06,0.94,-23.12,37.85,-24.85
288,0.19,-0.06,0.93,-24.31,39.56,-15.39
289,0.12,-0.08,0.96,-16.87,30.95,-15.24
290,0.13,-0.06,1.01,-24.75,37.92,-23.24
291,0.31,-0.26,1.07,40.6,84.5,30.9
292,-0.07,0.05,0.91,-19.74,47.21,-30.24
293,0.1,-0.1,0.99,2.47,40.27,-10.34
294,0.07,-0.1,0.99,0.1,30.55,-24.06
295,0.05,-0.07,0.96,-10.63,27.41,-26.39
296,0.06,-0.07,0.98,-8.51,25.91,-23.62
297,0.02,-0.0,1.11,-27.19,16.07,-35.7
298,0.04,-0.06,0.99,-23.27,16.63,-34.47
299,0.02,-0.09,1.05,-22.73,14.6,-30.4
300,0.01,-0.1,1.05,-24.37,17.12,-33.57
301,0.02,-0.11,1.08,-16.5,18.79,-32.68
302,-0.01,-0.17,1.03,-16.83,7.67,-27.62
303,0.08,-0.15,0.98,-24.57,6.55,-15.98
304,0.09,-0.16,0.97,-5.07,5.7,25.24
305,-0.17,-0.04,1.2,-19.06,-3.21,-0.59
306,0.05,-0.17,1.11,-20.75,2.39,-10.11
307,0.13,-0.26,0.96,10.97,6.46,17.41
308,0.02,-0.24,1.01,22.75,3.18,33.48
309,-0.09,-0.14,1.19,9.44,-0.73,2.11
310,0.12,-0.1,1.0,9.81,8.77,6.11
311,0.15,-0.15,1.01,8.23,10.85,6.58
312,0.06,-0.19,1.0,16.79,5.75,14.9
313,0.09,-0.16,1.0,11.42,15.95,14.18
314,0.06,-0.15,0.97,17.85,13.24,22.42
315,-0.02,-0.13,1.06,14.14,14.24,24.53
316,0.08,-0.1,0.95,18.97,14.48,24.74
317,-0.06,-0.07,1.15,12.0,9.01,18.45
318,0.07,-0.12,0.98,13.91,5.82,14.19
319,0.02,-0.14,0.98,17.14,4.64,15.73
320,0.03,-0.14,0.98,17.49,1.58,14.11
321,-0.0,-0.14,0.99,17.64,-1.22,12.11
322,0.02,-0.13,1.0,18.2,-0.49,12.6
323,0.04,-0.13,0.98,17.05,2.27,12.44
324,0.03,-0.13,0.99,15.31,1.37,11.5
325,0.04,-0.12,0.99,14.12,1.89,7.94
326,0.05,-0.1,0.98,12.78,3.27,6.05
327,0.06,-0.07,0.97,12.56,4.82,9.57
328,0.04,-0.06,0.94,15.36,5.6,13.78
329,0.04,-0.03,0.94,12.67,4.52,13.48
330,0.03,-0.01,0.92,10.92,3.37,10.47
331,-0.01,-0.01,0.91,8.54,-0.24,6.95
332,0.03,0.01,0.93,3.85,-1.56,1.27
333,0.04,-0.01,0.94,-0.92,-2.31,-4.71
334,0.04,-0.02,0.93,-5.41,1.03,-4.23
335,0.02,-0.02,0.95,-4.94,0.94,-2.32
336,0.02,-0.04,0.95,-4.86,-1.25,-4.82
337,0.01,-0.04,0.96,-5.83,-2.51,-8.21
338,0.03,-0.06,0.97,-6.61,-3.69,-12.27
339,0.02,-0.05,0.98,-8.53,-4.43,-15.72
340,0.04,-0.05,0.98,-8.63,-0.98,-14.54
341,0.02,-0.05,0.99,-10.15,1.37,-14.13
342,0.01,-0.06,1.0,-11.17,1.61,-13.85
343,0.0,-0.07,1.0,-10.92,2.78,-10.83
344,-0.01,-0.06,0.99,-9.21,4.59,-5.98
345,-0.02,-0.07,1.0,-8.3,2.52,-4.9
346,-0.01,-0.07,0.99,-7.92,-0.09,-6.07
347,0.03,-0.07,0.98,-6.72,0.95,-3.68
348,0.01,-0.07,0.98,-7.4,1.45,-3.56
349,0.01,-0.08,0.97,-7.25,0.13,-3.65
350,0.0,-0.08,0.97,-7.4,-0.69,-3.31
351,0.02,-0.07,0.98,-7.47,-0.09,-2.96
352,0.01,-0.07,0.98,-7.58,-0.13,-2.13
353,0.01,-0.07,0.97,-8.35,-0.73,-2.01
354,0.03,-0.08,0.97,-9.64,-1.73,-3.08
355,0.03,-0.08,0.99,-10.95,-2.84,-5.71
356,0.03,-0.1,1.0,-10.79,-3.89,-5.54
357,0.05,-0.1,1.01,-8.49,-2.37,-2.76
358,0.03,-0.1,1.02,-7.85,-1.69,-1.67
359,0.02,-0.1,1.02,-6.44,-2.71,-1.63
360,0.05,-0.09,1.01,-5.65,-2.27,-0.5
361,0.05,-0.09,0.98,-6.34,-1.98,0.18
362,0.04,-0.09,0.99,-6.79,-3.93,-0.84
363,0.05,-0.09,0.99,-6.63,-5.44,-2.92
364,0.05,-0.09,0.99,-6.85,-4.08,-3.73
365,0.04,-0.1,0.99,-6.69,-4.53,-3.98
366,0.03,-0.1,0.99,-5.27,-5.77,-4.37
367,0.05,-0.1,1.01,-4.03,-3.0,-3.96
368,0.04,-0.12,0.97,-3.8,0.12,-5.3
369,0.06,-0.11,0.99,-5.8,-3.05,-1.22
370,0.04,-0.12,0.99,-5.03,-2.31,-1.5
371,0.06,-0.14,1.01,-7.23,-1.44,-3.23
372,0.05,-0.14,1.03,-4.37,0.98,-1.78
373,0.03,-0.13,1.0,-1.41,2.08,1.17
374,0.01,-0.12,1.0,-1.73,0.1,-0.35
375,-0.0,-0.13,0.99,-1.3,-2.54,-8.9
376,0.06,-0.1,0.99,-1.21,-2.6,-7.21
377,0.08,-0.1,0.97,-0.13,6.47,1.92
378,0.02,-0.09,0.95,-2.23,7.22,4.37
379,-0.02,-0.1,0.95,-3.5,0.14,-0.63
380,0.02,-0.1,0.96,-4.97,-0.4,-2.34
381,0.06,-0.09,0.96,-5.01,5.0,1.76
382,0.03,-0.1,0.94,-5.93,5.76,3.02
383,0.01,-0.08,0.95,-12.77,2.33,-3.41
384,0.02,-0.1,0.95,-7.56,-4.88,-6.51
385,0.03,-0.11,0.98,-11.07,-5.63,-15.64
386,0.03,-0.14,0.98,-9.97,-5.49,-14.41
387,-0.01,-0.15,0.98,-9.76,-6.44,-20.4
388,0.03,-0.14,0.98,-10.55,-8.59,-21.55
389,0.06,-0.15,0.97,-7.85,-3.02,-16.18
390,0.07,-0.13,0.97,-9.54,0.85,-11.9
391,0.01,-0.14,0.97,-10.24,-0.9,-10.56
392,0.05,-0.13,0.97,-11.83,-0.87,-10.5
393,0.05,-0.14,0.98,-10.27,1.98,-5.76
394,0.06,-0.14,0.97,-6.41,1.62,0.4
395,0.05,-0.15,0.98,-4.48,1.98,3.08
396,0.06,-0.14,0.99,-1.08,2.66,8.2
397,0.07,-0.13,0.99,0.6,5.56,10.4
398,0.07,-0.12,0.97,-1.07,7.14,8.08
399,0.05,-0.13,0.98,-3.36,4.04,3.07
400,0.04,-0.14,1.01,-3.15,0.06,-2.08
