,accel_x,accel_y,accel_z,gyro_x,gyro_y,gyro_z
0,-0.0,0.09,0.93,-0.12,-1.69,-2.94
1,0.01,0.09,0.94,-1.76,-1.6,-1.84
2,0.03,0.09,0.95,-2.84,0.33,-1.46
3,0.03,0.09,0.96,-3.47,2.98,-1.1
4,0.02,0.09,0.96,-3.63,3.37,-1.0
5,0.02,0.09,0.96,-4.06,2.82,-1.47
6,0.0,0.09,0.96,-3.72,0.96,-2.02
7,0.03,0.1,0.98,-2.84,-0.48,-2.5
8,0.03,0.1,0.99,-1.54,-0.78,-2.27
9,0.03,0.11,0.96,-1.66,-1.26,-3.0
10,0.02,0.1,0.96,-2.73,-4.16,-4.21
11,0.02,0.1,0.97,-4.17,-5.05,-5.03
12,0.02,0.08,0.98,-5.24,-4.24,-5.36
13,0.02,0.06,1.01,-4.79,-3.37,-4.71
14,0.02,0.05,1.02,-4.02,-1.66,-3.82
15,0.03,0.04,1.03,-3.35,-0.69,-4.02
16,0.01,0.03,1.04,-1.76,-0.27,-3.96
17,0.01,0.04,1.04,0.24,-1.53,-3.34
18,0.0,0.03,1.02,1.39,-0.11,-2.95
19,-0.01,0.04,1.01,1.62,-0.8,-2.89
20,-0.01,0.03,1.02,1.64,-0.42,-2.31
21,-0.01,0.04,1.0,1.91,0.37,-1.15
22,-0.01,0.04,1.0,2.56,2.56,0.78
23,-0.01,0.06,0.98,2.47,2.66,1.8
24,0.01,0.07,0.96,1.77,1.4,1.69
25,0.03,0.07,0.97,1.76,-0.05,0.78
26,0.03,0.08,0.95,1.1,-0.31,0.22
27,0.05,0.09,0.96,0.12,0.52,0.13
28,0.04,0.09,0.95,0.01,-1.53,-0.99
29,0.05,0.09,0.96,-0.32,-2.88,-1.87
30,0.05,0.1,0.95,-1.39,-2.6,-2.05
31,0.04,0.09,0.95,-2.58,-2.09,-2.21
32,0.03,0.1,0.97,-2.29,-0.51,-2.23
33,0.03,0.11,0.96,-2.37,0.48,-1.5
34,0.04,0.11,0.94,-4.34,-1.08,-3.06
35,0.03,0.12,0.95,-5.58,-3.37,-4.63
36,0.02,0.11,0.97,-5.89,-2.24,-4.18
37,0.01,0.1,0.97,-6.41,-0.8,-2.98
38,0.02,0.1,0.98,-7.01,-0.29,-2.95
39,0.0,0.08,1.0,-6.53,-2.09,-3.48
40,0.0,0.08,1.01,-5.69,-3.63,-3.37
41,0.0,0.06,1.01,-4.9,-3.18,-3.08
42,0.01,0.06,1.01,-4.8,-2.29,-2.47
43,0.01,0.06,1.02,-4.07,-0.66,-1.72
44,0.01,0.06,1.03,-3.06,-1.36,-1.98
45,0.02,0.05,1.03,-1.83,-1.04,-1.65
46,0.01,0.04,1.03,-0.19,-0.24,-1.2
47,0.01,0.06,1.01,1.27,1.16,-0.79
48,0.01,0.07,1.0,1.91,0.0,-0.58
49,0.0,0.08,0.97,1.63,-1.84,-1.47
50,0.01,0.08,0.97,0.95,-2.2,-1.17
51,0.01,0.09,0.96,0.28,-0.89,-0.36
52,0.01,0.09,0.96,-0.36,-1.95,-0.89
53,0.01,0.09,0.95,-1.38,-2.47,-0.83
54,0.02,0.09,0.96,-2.19,-2.63,-0.8
55,0.02,0.09,0.97,-2.82,-2.15,0.53
56,0.04,0.09,0.97,-3.27,-1.4,1.02
57,0.04,0.08,0.96,-4.08,-1.15,0.28
58,0.04,0.08,0.97,-4.26,-0.88,-0.45
59,0.03,0.08,0.99,-4.32,-1.51,-1.15
60,0.03,0.08,0.98,-4.46,-1.74,-1.12
61,0.03,0.09,0.99,-3.95,-2.63,-2.01
62,0.04,0.08,0.99,-4.16,-3.22,-2.55
63,0.04,0.08,1.0,-4.31,-3.74,-2.21
64,0.05,0.07,1.01,-3.85,-2.72,-1.81
65,0.06,0.07,1.02,-3.03,-0.47,-2.0
66,0.05,0.07,1.01,-2.38,0.09,-3.02
67,0.04,0.08,1.01,-1.62,-1.69,-4.27
68,0.04,0.07,1.01,-1.34,-2.84,-4.79
69,0.04,0.06,1.01,-1.25,-2.76,-5.15
70,0.03,0.05,1.02,-0.27,-2.45,-4.98
71,0.04,0.06,1.02,1.34,-0.58,-3.79
72,0.04,0.07,1.01,2.69,0.66,-3.68
73,0.03,0.08,0.97,2.64,-0.13,-3.42
74,0.02,0.09,0.96,1.17,0.68,-3.76
75,0.01,0.09,0.95,-0.3,0.83,-3.29
76,-0.0,0.09,0.95,-1.79,0.92,-2.99
77,-0.01,0.08,0.95,-2.6,1.47,-1.89
78,-0.01,0.09,0.96,-3.63,1.34,-1.66
79,-0.0,0.08,0.97,-3.79,-0.72,-2.47
80,-0.01,0.07,0.98,-3.33,-2.26,-2.49
81,0.01,0.07,0.98,-2.87,-3.08,-2.01
82,0.01,0.08,0.99,-2.42,-2.7,-1.47
83,0.02,0.09,0.98,-2.56,-2.6,-0.95
84,0.02,0.08,0.98,-3.15,-2.09,-0.6
85,0.02,0.08,0.98,-3.77,-1.31,-0.47
86,0.04,0.09,0.99,-4.04,-1.56,-0.87
87,0.03,0.08,0.99,-3.8,-2.89,-1.28
88,0.05,0.08,1.01,-2.94,-2.62,-0.98
89,0.04,0.08,1.0,-1.7,-0.17,-0.51
90,0.04,0.1,0.98,-1.84,0.59,-0.51
91,0.02,0.1,0.97,-2.3,-0.74,-1.44
92,0.03,0.1,0.97,-3.1,-2.4,-1.87
93,0.04,0.09,0.96,-3.76,-0.24,-0.74
94,0.03,0.09,0.97,-4.84,-0.08,-0.78
95,0.02,0.08,0.98,-4.69,1.08,-0.6
96,0.01,0.08,0.98,-4.55,-1.44,-1.15
97,0.02,0.08,1.0,-4.46,-2.27,-1.85
98,0.02,0.08,0.99,-4.09,-1.49,-1.41
99,0.02,0.06,1.0,-4.27,-0.59,-1.4
100,0.02,0.07,1.01,-3.35,0.67,-0.22
101,0.02,0.07,1.0,-3.14,0.82,0.49
102,0.01,0.08,0.99,-3.29,0.32,-0.02
103,0.02,0.07,0.99,-2.91,-0.38,0.18
104,0.02,0.08,0.99,-2.29,-1.05,-0.16
105,0.03,0.08,1.0,-1.5,-2.11,-0.83
106,0.05,0.09,0.99,-1.12,-2.43,-1.47
107,0.05,0.09,0.98,-0.92,-2.61,-2.01
108,0.05,0.09,0.97,-1.18,-2.33,-2.27
109,0.04,0.1,0.97,-1.77,-1.63,-2.39
110,0.03,0.1,0.96,-2.69,-0.67,-2.47
111,0.03,0.09,0.96,-3.97,-1.2,-2.55
112,0.03,0.1,0.96,-5.02,-0.51,-2.22
113,0.04,0.09,0.97,-5.44,-0.09,-2.07
114,0.04,0.08,0.99,-4.96,0.06,-1.76
115,0.03,0.08,0.98,-4.64,0.06,-2.08
116,0.03,0.08,0.98,-4.66,-0.3,-2.15
117,0.03,0.07,0.99,-4.73,0.05,-2.59
118,0.03,0.06,0.98,-4.07,-0.32,-2.63
119,0.03,0.06,0.99,-3.37,-0.6,-3.27
120,0.02,0.06,1.0,-3.02,-1.88,-3.65
121,0.02,0.06,1.0,-2.79,-2.57,-3.67
122,0.02,0.06,0.99,-2.89,-1.34,-3.33
123,0.02,0.07,1.0,-2.83,-0.48,-2.88
124,0.01,0.07,1.01,-2.55,-0.13,-2.23
125,0.03,0.07,1.0,-2.11,-0.64,-1.59
126,0.03,0.07,0.99,-2.06,-2.32,-2.38
127,0.02,0.08,1.0,-1.53,-3.6,-2.82
128,0.03,0.08,0.99,-0.7,-2.25,-2.43
129,0.04,0.09,0.98,-0.79,-1.79,-2.76
130,0.02,0.1,0.97,-1.36,-0.44,-1.8
131,0.01,0.1,0.95,-3.1,0.15,-1.4
132,0.01,0.09,0.96,-4.34,-0.61,-0.98
133,0.02,0.08,0.97,-4.24,-0.11,-0.42
134,0.03,0.09,0.99,-3.95,0.64,-0.76
135,0.02,0.08,0.98,-3.8,-0.9,-1.95
136,0.0,0.07,0.97,-4.53,-2.96,-2.69
137,0.01,0.07,0.99,-4.68,-3.47,-2.15
138,0.01,0.07,1.0,-4.76,-1.73,-1.79
139,0.01,0.08,1.0,-4.51,-0.77,-1.53
140,0.0,0.08,1.01,-3.56,-0.04,-0.39
141,0.01,0.09,1.0,-3.41,-0.6,0.27
142,-0.01,0.11,0.99,-4.11,-0.63,0.11
143,-0.02,0.13,1.0,-4.88,-1.27,1.09
144,-0.01,0.15,1.02,-5.81,-0.44,2.74
145,-0.02,0.16,1.02,-7.01,1.58,4.89
146,-0.01,0.2,1.05,-7.82,0.59,6.82
147,-0.02,0.22,1.08,-7.78,1.47,8.69
148,-0.02,0.24,1.1,-6.45,1.25,10.27
149,-0.02,0.25,1.12,-4.25,1.48,11.83
150,-0.01,0.26,1.12,-0.95,1.99,12.55
151,-0.02,0.27,1.12,3.82,0.73,12.89
152,0.02,0.29,1.1,9.42,-3.59,11.05
153,0.06,0.32,1.04,13.84,-6.03,8.7
154,0.07,0.35,0.98,15.98,-6.76,6.72
155,0.07,0.38,0.92,16.18,-7.18,5.69
156,0.07,0.41,0.85,12.67,-4.21,5.53
157,0.07,0.43,0.8,7.37,-3.17,4.66
158,0.07,0.45,0.75,-1.93,-2.24,3.98
159,0.04,0.43,0.7,-13.45,3.12,1.89
160,-0.0,0.4,0.72,-26.26,6.24,1.11
161,-0.03,0.34,0.83,-34.25,4.15,0.36
162,-0.05,0.3,0.93,-36.48,5.63,0.83
163,-0.05,0.27,1.04,-36.63,4.85,1.34
164,-0.03,0.26,1.12,-33.66,5.12,1.69
165,-0.02,0.23,1.18,-27.12,6.46,2.94
166,0.0,0.22,1.19,-20.76,6.35,1.44
167,0.02,0.21,1.19,-14.59,8.91,1.75
168,0.03,0.23,1.16,-9.47,11.41,1.55
169,0.04,0.25,1.1,-5.94,12.56,-0.51
170,0.05,0.28,1.02,-6.05,12.15,-3.18
171,0.07,0.33,0.94,-10.81,12.59,-6.53
172,0.06,0.36,0.89,-18.52,17.33,-7.68
173,0.05,0.38,0.84,-28.49,26.23,-5.86
174,0.05,0.38,0.8,-40.14,37.75,-4.39
175,0.03,0.38,0.79,-50.54,41.55,-3.35
176,-0.01,0.36,0.78,-57.95,37.99,-4.73
177,-0.04,0.3,0.84,-60.88,24.77,-8.51
178,-0.05,0.22,0.92,-56.04,17.36,-7.46
179,-0.03,0.18,0.94,-49.66,7.68,-8.08
180,-0.03,0.18,0.93,-45.68,5.45,-7.26
181,-0.03,0.16,0.94,-40.68,13.98,-0.47
182,-0.02,0.14,0.9,-39.59,19.57,3.05
183,-0.03,0.13,0.86,-40.01,15.1,1.11
184,-0.05,0.1,0.81,-42.99,7.59,-2.11
185,-0.08,0.05,0.82,-46.92,4.63,-0.61
186,-0.01,-0.01,0.79,-53.82,10.82,1.12
187,0.05,-0.07,0.75,-62.71,30.88,-1.89
188,0.03,-0.16,0.77,-73.05,49.25,-7.93
189,-0.09,-0.25,0.86,-75.08,46.63,-14.98
190,-0.16,-0.35,0.96,-71.75,31.79,-19.82
191,-0.14,-0.45,1.06,-63.0,24.58,-20.66
192,-0.1,-0.53,1.15,-48.95,19.89,-19.44
193,-0.07,-0.57,1.15,-32.8,30.92,-11.62
194,-0.04,-0.61,1.14,-16.55,38.82,-6.68
195,0.09,-0.59,1.03,-0.01,55.45,-5.6
196,0.12,-0.54,0.74,-10.24,63.76,-11.72
197,0.09,-0.48,0.64,-20.47,56.67,-26.79
198,0.07,-0.48,0.53,-38.18,40.5,-46.6
199,0.04,-0.55,0.58,-50.44,27.89,-64.66
200,-0.05,-0.68,0.68,-54.58,5.47,-75.33
201,-0.28,-0.69,0.79,-57.34,-26.73,-82.66
202,-0.23,-0.76,0.87,-51.8,-43.67,-77.87
203,-0.24,-0.73,0.99,-51.54,-44.66,-62.53
204,-0.12,-0.72,1.12,-50.05,-27.98,-43.92
205,0.02,-0.71,1.21,-45.52,-14.79,-36.04
206,0.07,-0.68,1.29,-34.29,2.44,-32.39
207,0.05,-0.66,1.29,-18.6,15.14,-31.27
208,-0.01,-0.63,1.25,-6.99,15.82,-32.98
209,-0.11,-0.57,1.18,3.18,13.34,-30.87
210,-0.2,-0.5,1.08,10.27,5.25,-26.92
211,-0.25,-0.44,0.99,15.37,-1.33,-21.54
212,-0.24,-0.39,0.91,13.48,-6.66,-15.08
213,-0.25,-0.36,0.88,12.21,-6.43,-8.18
214,-0.22,-0.3,0.81,7.88,-11.79,-1.35
215,-0.2,-0.31,0.81,2.17,-19.56,3.01
216,-0.14,-0.31,0.87,-3.07,-29.35,5.23
217,-0.02,-0.34,0.95,0.24,-35.29,5.98
218,0.02,-0.35,0.98,6.77,-36.72,4.7
219,0.05,-0.33,0.97,13.37,-27.42,5.58
220,0.03,-0.29,0.93,17.21,-23.56,5.53
221,-0.02,-0.25,0.9,17.46,-24.19,5.92
222,-0.06,-0.24,0.89,17.18,-26.07,7.37
223,-0.1,-0.26,0.95,17.05,-31.18,10.6
224,-0.09,-0.27,0.97,18.29,-34.78,14.56
225,-0.05,-0.27,0.99,18.96,-41.24,15.24
226,-0.02,-0.27,1.01,20.69,-42.43,16.97
227,0.03,-0.26,1.02,22.02,-36.43,19.8
228,0.07,-0.24,0.98,23.31,-30.73,20.88
229,0.07,-0.22,0.97,22.02,-31.69,17.16
230,0.07,-0.21,0.97,21.45,-34.73,14.11
231,0.07,-0.21,0.94,18.66,-36.38,11.64
232,0.11,-0.22,0.95,14.99,-29.85,10.66
233,0.1,-0.24,0.96,12.08,-22.52,10.24
234,0.09,-0.31,0.99,10.26,-10.84,9.85
235,0.09,-0.33,1.04,15.07,6.37,11.39
236,0.05,-0.33,0.97,21.22,13.2,11.65
237,-0.02,-0.29,0.91,21.18,14.81,11.0
238,-0.09,-0.24,0.87,21.48,12.27,13.76
239,-0.14,-0.18,0.84,19.99,-1.89,16.11
240,-0.1,-0.15,0.8,12.64,-23.4,13.5
241,-0.03,-0.17,0.83,1.8,-42.11,7.77
242,0.07,-0.23,0.94,-7.41,-46.22,4.27
243,0.13,-0.31,1.04,-9.68,-36.6,4.05
244,0.14,-0.35,1.09,-6.07,-18.62,6.82
245,0.15,-0.39,1.15,2.42,-0.69,11.21
246,0.16,-0.41,1.14,14.05,11.26,14.48
247,0.16,-0.38,1.09,23.09,14.27,10.69
248,0.12,-0.33,1.04,29.56,16.92,6.76
249,0.04,-0.31,0.99,33.69,17.67,5.94
250,-0.01,-0.27,0.97,35.73,16.17,9.76
251,-0.06,-0.24,0.94,33.03,8.47,10.13
252,0.01,-0.23,0.9,28.2,-0.63,8.64
253,0.07,-0.21,0.93,22.73,-1.15,5.71
254,0.11,-0.2,0.96,21.93,7.85,5.38
255,0.11,-0.21,1.01,25.03,13.55,4.72
256,0.15,-0.19,1.03,29.14,27.92,7.24
257,0.1,-0.13,0.99,33.26,39.79,8.96
258,-0.02,-0.08,0.93,34.21,38.3,8.42
259,-0.08,-0.08,0.88,31.9,25.88,7.83
260,-0.08,-0.06,0.88,27.4,14.66,6.8
261,-0.04,-0.05,0.89,20.6,6.96,5.34
262,-0.01,-0.07,0.92,15.63,3.5,3.89
263,0.05,-0.1,0.99,15.03,7.43,3.99
264,0.08,-0.11,1.02,19.41,15.55,5.65
265,0.07,-0.1,1.01,25.73,17.18,5.18
266,0.03,-0.06,0.96,30.01,17.46,3.92
267,-0.02,-0.0,0.9,30.8,15.02,3.06
268,-0.02,0.03,0.84,27.33,12.06,1.05
269,-0.03,0.04,0.83,20.92,11.11,-0.51
270,-0.04,0.02,0.82,11.69,10.51,-2.44
271,-0.05,-0.01,0.87,6.24,16.93,-2.34
272,-0.07,-0.0,0.89,2.68,22.36,1.41
273,-0.08,0.0,0.91,0.84,29.2,5.2
274,-0.1,-0.01,0.92,1.11,30.61,7.41
275,-0.11,-0.01,0.89,0.96,21.92,3.69
276,-0.17,-0.01,0.89,1.43,10.89,0.92
277,-0.21,-0.02,0.89,1.46,-3.02,2.34
278,-0.15,-0.02,0.91,0.9,-9.65,5.02
279,-0.07,0.01,0.92,-1.58,-5.68,8.82
280,0.03,0.02,0.93,-3.72,1.97,8.33
281,0.06,0.04,0.94,-7.66,8.16,6.0
282,0.07,0.07,0.97,-12.19,16.15,4.52
283,0.07,0.06,0.99,-15.25,22.08,-0.98
284,-0.05,0.05,1.03,-14.76,16.66,-5.92
285,-0.15,0.01,1.07,-8.98,9.74,-6.23
286,-0.19,-0.02,1.08,-2.95,5.18,-3.63
287,-0.18,-0.03,1.05,2.48,5.37,0.87
288,-0.13,-0.02,0.98,3.43,4.2,0.87
289,-0.09,-0.01,0.99,2.66,2.98,-1.56
290,-0.09,0.01,1.01,4.15,8.65,-0.64
291,-0.12,0.0,0.99,6.42,10.69,1.02
292,-0.13,0.02,0.99,8.97,6.78,0.31
293,-0.12,0.05,0.97,10.51,7.93,-0.83
294,-0.15,0.09,0.94,8.76,6.69,-2.29
295,-0.18,0.09,0.93,5.55,7.18,-1.65
296,-0.18,0.09,0.94,5.21,5.08,-0.89
297,-0.19,0.07,0.89,-3.77,9.57,3.74
298,-0.22,0.1,0.95,-3.85,2.65,1.92
299,-0.15,0.07,0.97,2.48,-5.73,-0.18
300,-0.15,0.09,0.98,1.34,-3.66,-0.31
301,-0.11,0.07,0.98,2.21,4.27,0.16
302,-0.19,0.09,0.97,0.38,-1.16,0.55
303,-0.17,0.11,0.98,-0.02,-3.38,1.21
304,-0.14,0.11,1.0,0.64,-7.82,-0.25
305,-0.13,0.12,1.0,2.6,-8.24,0.57
306,-0.12,0.14,1.01,2.31,-6.4,-0.01
307,-0.13,0.12,1.0,3.11,-3.4,-0.18
308,-0.17,0.13,1.0,3.15,-2.31,1.65
309,-0.2,0.16,1.03,4.69,-4.0,2.3
310,-0.25,0.2,1.0,7.47,-13.4,1.74
311,-0.29,0.23,0.96,3.08,-27.79,2.71
312,-0.2,0.21,1.01,-2.34,-31.46,6.18
313,-0.1,0.19,1.05,-5.21,-28.92,6.68
314,-0.05,0.17,1.12,-3.73,-24.7,7.9
315,0.01,0.14,1.14,1.21,-17.4,9.35
316,0.05,0.16,1.12,7.47,-17.76,5.02
317,0.07,0.18,1.1,13.33,-21.76,-0.69
318,0.04,0.21,1.06,15.54,-26.21,-6.48
319,0.04,0.2,1.02,14.41,-23.95,-7.91
320,-0.01,0.2,1.02,11.4,-11.22,-5.02
321,-0.05,0.19,1.0,8.27,1.41,0.57
322,-0.08,0.17,0.99,5.36,9.49,4.2
323,-0.1,0.16,1.01,5.1,13.21,7.09
324,-0.09,0.15,0.99,5.55,9.66,6.22
325,-0.07,0.14,0.99,6.47,-2.89,0.64
326,-0.05,0.12,0.99,8.8,-14.89,-6.43
327,-0.02,0.11,0.98,9.86,-21.94,-10.66
328,-0.02,0.07,0.98,10.6,-26.77,-15.22
329,-0.04,0.07,0.98,11.59,-29.53,-17.08
330,-0.04,0.05,0.98,12.02,-28.67,-16.71
331,-0.05,0.04,0.96,12.41,-25.11,-14.58
332,-0.05,0.05,0.96,12.27,-21.4,-11.79
333,-0.04,0.05,0.93,9.64,-15.14,-7.84
334,-0.03,0.05,0.93,5.6,-4.69,-1.85
335,-0.02,0.05,0.92,1.34,5.92,3.1
336,-0.03,0.04,0.92,-3.24,10.44,4.48
337,-0.04,0.03,0.97,-5.38,10.37,5.15
338,-0.03,0.02,1.0,-4.84,8.37,4.92
339,-0.02,0.01,1.02,-2.7,6.1,3.53
340,-0.02,0.01,1.02,-0.2,2.35,0.4
341,-0.02,0.02,1.01,3.38,-0.8,-1.12
342,-0.03,0.04,0.99,5.55,-7.44,-4.44
343,-0.02,0.06,0.97,6.54,-10.58,-6.49
344,-0.04,0.07,0.96,6.36,-11.75,-7.17
345,-0.04,0.08,0.96,6.4,-12.63,-6.24
346,-0.02,0.09,0.94,4.56,-14.37,-6.37
347,-0.02,0.09,0.95,1.95,-13.36,-6.87
348,-0.03,0.09,0.97,0.1,-11.94,-5.16
349,-0.02,0.08,0.96,-3.07,-10.92,-4.15
350,-0.02,0.07,0.99,-5.13,-4.6,-2.4
351,-0.02,0.06,1.01,-5.02,0.18,-0.18
352,-0.02,0.06,0.99,-4.62,3.44,1.27
353,-0.02,0.05,1.01,-4.19,4.11,0.5
354,-0.04,0.05,1.02,-2.66,0.23,-0.98
355,-0.04,0.04,1.01,-1.63,-3.64,-1.89
356,-0.03,0.04,1.01,-1.32,-7.12,-3.67
357,-0.03,0.03,1.03,0.12,-8.22,-2.95
358,-0.02,0.03,1.04,1.31,-5.65,-1.37
359,-0.03,0.03,1.04,2.76,-3.25,-0.48
360,-0.03,0.03,1.03,3.96,-2.01,0.91
361,-0.02,0.05,1.01,3.99,-1.74,0.35
362,-0.03,0.05,1.02,4.19,-2.08,-0.05
363,-0.04,0.06,1.01,4.8,-1.89,0.39
364,-0.02,0.06,1.0,5.96,-2.82,1.02
365,-0.03,0.07,0.98,6.27,-2.6,0.53
366,-0.04,0.09,0.97,5.76,-2.23,1.24
367,-0.02,0.1,0.97,5.14,-1.79,0.96
368,0.01,0.11,0.96,4.8,-2.79,-0.09
369,0.01,0.11,0.96,4.98,-2.18,-0.7
370,0.01,0.12,0.95,5.01,-0.4,-0.43
371,0.03,0.13,0.93,4.31,1.62,-0.6
372,0.04,0.13,0.91,2.4,0.89,-2.02
373,0.02,0.12,0.91,0.37,-0.7,-3.81
374,-0.01,0.12,0.92,-1.56,-2.12,-4.2
375,-0.02,0.1,0.93,-4.1,-0.79,-3.23
376,-0.03,0.09,0.96,-5.21,1.95,-0.91
377,-0.02,0.08,0.98,-4.88,5.18,0.32
378,-0.02,0.07,0.98,-4.18,5.92,0.18
379,-0.04,0.08,0.97,-3.87,5.61,0.08
380,-0.04,0.08,0.97,-3.2,3.28,-0.16
381,-0.05,0.08,0.98,-1.73,0.1,-0.82
382,-0.06,0.09,0.97,-0.4,-1.11,-0.44
383,-0.04,0.09,0.94,-0.98,-1.15,-0.44
384,-0.04,0.11,0.94,-2.07,-1.82,-0.49
385,-0.04,0.12,0.96,-2.73,-2.45,-0.28
386,-0.02,0.11,0.95,-4.09,-3.01,-0.66
387,-0.01,0.12,0.96,-4.79,-1.35,-0.37
388,-0.0,0.1,0.95,-6.38,-1.62,-0.82
389,-0.02,0.11,0.96,-7.31,-3.23,-2.01
390,-0.02,0.09,0.98,-7.18,-2.63,-1.11
391,-0.01,0.09,0.97,-7.09,-0.43,-0.19
392,-0.02,0.08,0.95,-7.93,-1.65,-0.72
393,-0.01,0.08,0.98,-8.76,-4.19,-1.94
394,-0.01,0.06,1.01,-7.47,-2.94,-1.25
395,-0.0,0.06,1.01,-5.51,-1.3,-0.32
396,0.01,0.06,1.0,-4.06,1.5,-0.66
397,-0.02,0.06,0.98,-4.53,-1.89,-2.99
398,-0.04,0.07,0.99,-4.07,-3.19,-2.67
399,-0.03,0.06,1.0,-2.73,-2.05,-1.72
400,-0.02,0.06,0.97,-2.52,-1.65,-1.11
