,accel_x,accel_y,accel_z,gyro_x,gyro_y,gyro_z
0,-0.01,-0.2,0.98,-2.46,-1.23,0.35
1,-0.03,-0.21,0.99,-1.21,-1.31,0.14
2,-0.03,-0.22,0.99,0.09,-0.51,1.44
3,-0.02,-0.21,0.98,1.34,0.88,3.57
4,-0.02,-0.2,0.98,2.27,0.95,4.6
5,-0.02,-0.19,0.97,1.45,-0.15,2.59
6,-0.02,-0.19,0.96,1.47,-0.56,2.24
7,-0.03,-0.18,0.97,0.14,-1.79,0.62
8,-0.02,-0.18,0.97,-0.02,-2.31,-0.21
9,-0.01,-0.18,0.97,-0.33,-1.87,-1.32
10,-0.0,-0.18,0.97,0.08,-0.93,-0.39
11,-0.01,-0.18,0.97,-0.15,-1.0,-0.66
12,-0.0,-0.18,0.96,-0.6,-0.88,-0.63
13,-0.0,-0.18,0.96,-0.31,-0.83,-0.2
14,0.0,-0.18,0.95,-0.05,-1.83,-1.06
15,0.01,-0.17,0.96,-0.44,-2.18,-2.81
16,0.01,-0.16,0.95,-1.31,-0.85,-3.0
17,-0.01,-0.17,0.95,-2.13,-1.08,-4.85
18,-0.02,-0.18,0.96,-2.63,-2.39,-5.46
19,-0.01,-0.19,0.96,-2.22,-2.22,-3.71
20,-0.04,-0.19,0.98,-1.79,-3.05,-5.77
21,-0.03,-0.17,0.98,-2.9,-3.63,-3.08
22,-0.03,-0.18,0.99,-2.47,-1.24,-1.53
23,-0.04,-0.19,0.98,-2.73,-3.59,-3.08
24,-0.01,-0.19,0.98,-2.23,-2.21,-2.34
25,-0.02,-0.19,0.99,0.66,0.24,-2.32
26,-0.02,-0.19,0.97,-1.34,-2.99,-3.8
27,-0.01,-0.19,0.98,-1.09,-2.7,-2.43
28,-0.01,-0.18,0.98,0.03,-1.66,-0.34
29,-0.01,-0.18,0.98,0.31,-1.26,0.0
30,-0.0,-0.17,0.98,-0.12,-0.93,0.08
31,-0.03,-0.18,0.95,0.09,-2.11,-3.79
32,0.01,-0.18,0.98,0.35,-2.08,0.02
33,-0.01,-0.18,0.97,0.81,-2.79,-1.83
34,-0.01,-0.18,0.97,0.78,-3.63,-3.07
35,0.0,-0.18,0.98,0.39,-2.38,-2.88
36,0.0,-0.18,0.97,0.82,-1.47,-1.15
37,-0.02,-0.18,0.96,-0.4,-1.94,-2.09
38,-0.01,-0.18,0.96,-0.35,-2.5,-1.95
39,-0.01,-0.17,0.96,-0.89,-1.8,-1.83
40,-0.02,-0.17,0.96,-1.66,-1.1,-2.03
41,-0.02,-0.17,0.97,-1.44,-0.94,-2.24
42,-0.02,-0.18,0.97,-1.19,-2.02,-1.69
43,-0.02,-0.18,0.98,-0.51,-1.91,-0.69
44,-0.01,-0.18,0.99,-0.29,-2.72,-1.44
45,0.01,-0.17,0.98,0.7,-0.41,0.89
46,-0.0,-0.17,0.95,-0.21,0.62,0.73
47,-0.02,-0.17,0.96,-1.09,-0.43,-0.4
48,-0.01,-0.17,0.97,-1.02,-0.81,-1.18
49,-0.01,-0.17,0.97,-0.62,-0.85,-0.84
50,-0.02,-0.18,0.96,-1.23,-1.02,-1.24
51,-0.02,-0.17,0.97,-1.95,-1.7,-2.44
52,-0.01,-0.17,0.97,-1.45,-1.12,0.02
53,-0.02,-0.17,0.96,-1.95,-0.97,-0.32
54,-0.02,-0.18,0.98,-2.63,-2.72,-0.78
55,-0.0,-0.19,0.97,-2.63,-1.21,0.24
56,-0.01,-0.18,0.98,-1.97,0.26,2.31
57,-0.02,-0.19,0.99,-1.85,-0.24,1.21
58,-0.01,-0.18,0.99,-1.15,0.33,1.74
59,-0.0,-0.18,0.97,0.05,1.31,2.46
60,-0.01,-0.17,0.97,0.28,0.17,1.4
61,-0.01,-0.16,0.97,-0.53,-0.66,-0.15
62,0.02,-0.17,0.96,1.17,-0.59,3.37
63,-0.02,-0.17,0.97,0.19,-1.32,1.65
64,-0.02,-0.17,0.98,-0.78,-3.09,-0.11
65,-0.01,-0.17,0.99,-1.09,-1.86,0.44
66,-0.01,-0.19,0.98,-1.23,-1.56,1.17
67,-0.03,-0.2,1.0,0.02,-0.56,1.32
68,-0.03,-0.18,1.0,0.21,0.18,1.89
69,-0.01,-0.18,0.99,0.9,0.45,1.76
70,-0.01,-0.17,0.98,0.37,0.53,1.62
71,-0.01,-0.17,0.97,0.02,0.27,-0.22
72,0.0,-0.16,0.98,0.56,1.16,0.59
73,-0.0,-0.16,0.97,1.35,0.47,0.54
74,0.01,-0.17,0.98,1.63,1.44,2.39
75,-0.01,-0.17,0.97,-0.44,2.27,2.14
76,0.01,-0.17,0.97,2.01,3.3,2.02
77,-0.01,-0.16,0.97,1.13,1.71,0.13
78,-0.02,-0.16,0.96,0.12,0.92,-0.05
79,-0.01,-0.16,0.97,0.02,1.21,-0.44
80,-0.0,-0.15,0.97,-0.32,1.97,0.11
81,-0.02,-0.16,0.97,-0.88,2.35,-0.13
82,-0.02,-0.15,0.96,-0.8,2.27,1.04
83,-0.01,-0.15,0.96,-1.04,3.67,2.84
84,-0.06,-0.16,0.97,-0.61,0.11,-2.57
85,-0.02,-0.14,0.97,-0.69,0.44,-1.89
86,-0.02,-0.14,0.96,-0.74,2.56,-1.82
87,-0.02,-0.14,0.96,-1.01,2.1,-1.2
88,-0.03,-0.13,0.96,-1.97,1.48,-1.38
89,-0.03,-0.14,0.96,-2.5,1.96,0.02
90,-0.04,-0.15,0.97,-2.63,1.09,-0.79
91,-0.04,-0.15,0.98,-2.73,0.6,-1.07
92,-0.04,-0.15,0.97,-3.51,0.34,-2.46
93,-0.04,-0.16,0.99,-3.28,-0.53,-3.53
94,-0.04,-0.16,0.99,-2.98,-1.6,-3.56
95,-0.05,-0.16,0.99,-2.28,-1.73,-3.3
96,-0.05,-0.16,0.99,-2.8,-1.53,-2.42
97,-0.05,-0.17,0.99,-2.92,-1.55,-1.16
98,-0.05,-0.16,1.0,-2.57,-1.65,-0.44
99,-0.04,-0.17,0.99,-1.62,0.21,2.4
100,-0.05,-0.16,0.99,-1.74,0.12,2.44
101,-0.05,-0.15,0.99,-1.43,0.36,3.05
102,-0.05,-0.14,0.99,-1.31,0.06,3.13
103,-0.05,-0.13,0.99,-0.56,0.74,5.34
104,-0.07,-0.12,0.99,-1.0,1.78,5.4
105,-0.06,-0.11,0.99,-0.99,3.64,6.63
106,-0.08,-0.1,0.99,-0.78,4.54,7.15
107,-0.09,-0.09,0.98,-0.82,5.6,8.08
108,-0.1,-0.08,0.98,-1.64,5.34,7.83
109,-0.09,-0.07,0.99,-1.08,7.88,12.11
110,-0.13,-0.06,1.0,-1.09,9.44,13.05
111,-0.13,-0.04,1.01,-1.51,9.86,15.28
112,-0.13,-0.01,1.02,-0.94,10.22,17.83
113,-0.13,0.02,1.04,-0.48,11.41,19.47
114,-0.1,0.06,1.06,0.04,13.4,20.64
115,-0.06,0.11,1.07,1.98,16.73,23.02
116,-0.04,0.16,1.1,4.43,17.89,24.05
117,-0.03,0.24,1.11,5.81,18.56,23.85
118,-0.0,0.3,1.13,4.89,18.53,21.33
119,-0.03,0.36,1.18,5.73,17.67,18.56
120,-0.08,0.38,1.23,7.85,12.57,11.64
121,-0.12,0.43,1.3,8.66,10.84,10.6
122,-0.22,0.49,1.38,11.46,8.85,10.78
123,-0.31,0.63,1.47,9.96,7.13,9.22
124,-0.35,0.8,1.58,2.65,14.19,7.43
125,-0.5,0.91,1.58,6.76,19.21,20.59
126,-0.58,1.1,1.63,6.87,22.82,37.93
127,-0.51,1.32,1.55,12.29,38.58,60.08
128,-0.45,1.64,1.44,2.31,54.06,72.49
129,-0.29,1.86,1.19,7.59,61.21,78.21
130,-0.13,2.0,1.0,-28.73,56.92,69.99
131,0.02,2.0,0.88,-59.92,25.25,41.06
132,0.13,2.0,0.74,-68.44,-21.6,13.52
133,-0.08,2.0,0.44,-48.85,-77.61,-34.02
134,-0.12,2.0,0.08,-39.76,-131.64,-61.19
135,-0.13,1.88,-0.59,-17.22,-196.95,-30.11
136,0.34,1.36,-1.74,-40.85,-206.6,9.79
137,0.61,0.43,-2.0,-120.04,-152.18,92.08
138,0.86,-1.11,-2.0,-205.22,-36.63,182.98
139,1.73,-2.0,-2.0,-250.14,53.02,171.56
140,2.0,-2.0,-1.98,-250.14,-1.95,-11.2
141,2.0,-2.0,0.31,-250.14,-160.97,-250.14
142,2.0,-2.0,2.0,-250.14,-175.85,-250.14
143,0.01,-2.0,2.0,-250.14,32.7,-250.14
144,-2.0,-2.0,2.0,-50.37,250.13,-202.45
145,-2.0,-2.0,2.0,137.29,250.13,250.13
146,-2.0,-1.26,-1.41,241.5,-79.26,250.13
147,-2.0,0.63,-2.0,198.21,-250.14,178.87
148,-0.23,0.7,-2.0,138.39,-250.14,51.53
149,2.0,0.26,-2.0,89.74,-250.14,22.4
150,2.0,0.51,-1.44,20.96,-250.14,-16.69
151,2.0,0.39,-0.55,-78.67,51.06,-74.05
152,2.0,-0.08,0.44,-128.07,226.31,-102.05
153,1.01,-0.58,0.85,-104.8,250.13,-91.16
154,-0.36,-0.74,0.73,-64.22,211.51,-66.78
155,-1.26,-0.73,0.47,-40.53,92.56,-54.57
156,-1.49,-0.73,0.48,-30.36,-26.15,-49.67
157,-1.05,-0.79,0.82,-21.82,-105.67,-28.85
158,-0.38,-0.85,1.16,-15.16,-123.26,-7.59
159,0.3,-0.78,1.27,-6.85,-86.67,9.24
160,0.51,-0.65,1.18,-2.36,-38.51,22.82
161,0.55,-0.51,0.98,-2.22,0.62,27.47
162,0.44,-0.42,0.82,-10.63,18.85,25.33
163,0.3,-0.44,0.8,-11.34,10.42,22.63
164,0.26,-0.52,0.88,-8.02,4.88,26.5
165,0.23,-0.62,0.93,1.3,5.18,36.79
166,0.32,-0.66,0.92,-0.11,19.42,41.87
167,0.37,-0.67,0.9,-3.15,40.14,44.02
168,0.31,-0.71,0.89,-2.27,53.34,45.41
169,0.17,-0.72,0.9,1.06,53.63,42.21
170,0.09,-0.74,0.91,8.83,42.87,38.15
171,0.02,-0.71,0.89,12.43,26.65,31.06
172,-0.0,-0.7,0.91,24.93,3.89,29.34
173,0.01,-0.71,0.97,36.5,-18.95,30.78
174,0.18,-0.66,0.95,42.0,-16.18,33.05
175,0.36,-0.6,0.92,42.15,9.24,39.11
176,0.41,-0.54,0.82,38.4,43.36,42.16
177,0.36,-0.43,0.78,27.56,59.03,35.49
178,0.2,-0.32,0.73,24.69,57.53,31.14
179,0.11,-0.3,0.67,16.31,26.03,21.03
180,0.14,-0.27,0.74,12.27,6.34,12.87
181,0.18,-0.32,0.89,10.6,-2.48,11.66
182,0.31,-0.35,1.02,9.92,5.0,8.95
183,0.37,-0.4,1.1,14.79,21.37,6.95
184,0.33,-0.4,1.12,18.34,35.55,0.85
185,0.24,-0.39,1.09,30.55,39.7,-1.7
186,0.08,-0.37,1.01,36.27,36.77,-3.6
187,-0.02,-0.31,0.9,34.63,25.81,-7.02
188,-0.15,-0.22,0.79,29.7,12.14,-8.89
189,-0.16,-0.23,0.77,27.54,-7.24,-7.41
190,-0.16,-0.23,0.77,20.11,-18.4,-4.89
191,-0.06,-0.24,0.81,8.66,-23.72,-5.78
192,0.05,-0.29,0.9,2.15,-18.1,-6.47
193,0.08,-0.35,1.01,2.75,-10.43,-4.5
194,0.1,-0.37,1.07,6.33,-1.34,-3.2
195,0.12,-0.4,1.1,12.97,5.37,-0.65
196,0.1,-0.38,1.09,19.02,7.03,-1.83
197,0.1,-0.37,1.05,24.65,8.42,-2.6
198,0.09,-0.34,0.99,27.53,8.9,-2.47
199,0.05,-0.32,0.93,25.05,8.04,-7.79
200,-0.0,-0.3,0.9,21.48,4.15,-11.63
201,-0.07,-0.31,0.88,22.47,2.29,-12.11
202,-0.12,-0.32,0.88,23.03,-11.96,-9.32
203,-0.12,-0.32,0.85,20.07,-20.68,-10.58
204,-0.05,-0.28,0.86,14.33,-22.84,-9.92
205,-0.0,-0.27,0.89,9.89,-24.15,-9.83
206,0.07,-0.28,0.93,7.76,-22.05,-10.24
207,0.13,-0.28,0.98,5.73,-14.2,-9.98
208,0.19,-0.28,1.01,6.35,-1.62,-8.76
209,0.16,-0.3,1.03,8.95,5.34,-6.39
210,0.07,-0.3,1.04,13.88,-0.15,-5.66
211,0.01,-0.3,1.03,20.15,-6.49,-3.82
212,-0.0,-0.29,1.0,24.42,-11.97,-1.35
213,0.01,-0.28,0.94,23.34,-15.44,-3.72
214,0.08,-0.27,0.92,18.78,-14.4,-7.86
215,0.08,-0.28,0.92,19.54,-7.98,-7.78
216,0.05,-0.27,0.96,15.41,-6.42,-7.48
217,0.06,-0.26,0.93,13.41,-3.62,-4.32
218,0.08,-0.26,0.92,8.89,-1.41,-4.74
219,0.08,-0.27,0.94,5.53,-1.62,-5.99
220,0.1,-0.29,0.97,7.4,-1.72,-5.74
221,0.1,-0.31,1.0,14.66,-2.73,-4.87
222,0.1,-0.31,1.02,18.92,-3.05,-3.77
223,0.13,-0.29,1.01,22.0,3.17,-2.02
224,0.1,-0.25,0.98,23.82,7.1,0.1
225,0.07,-0.23,0.96,26.75,5.15,-0.7
226,0.09,-0.21,0.92,26.73,5.93,-1.41
227,0.05,-0.19,0.91,26.24,2.02,-3.67
228,0.04,-0.2,0.91,25.85,-6.31,-8.53
229,0.11,-0.17,0.91,23.59,-13.83,-7.98
230,0.2,-0.17,0.9,17.64,-11.08,-11.4
231,0.25,-0.18,0.99,15.01,-3.13,-13.19
232,0.22,-0.21,1.05,14.44,4.95,-12.21
233,0.21,-0.22,1.06,17.5,15.21,-9.1
234,0.17,-0.21,1.02,19.99,21.4,-9.82
235,0.12,-0.19,1.0,23.98,19.24,-10.48
236,0.07,-0.16,0.95,26.36,14.11,-12.7
237,0.05,-0.13,0.92,24.43,10.82,-14.62
238,0.03,-0.1,0.9,21.44,8.92,-11.63
239,0.04,-0.1,0.89,18.37,7.56,-8.03
240,0.06,-0.1,0.9,13.92,9.91,-5.24
241,0.07,-0.12,0.93,9.66,10.37,-5.35
242,0.11,-0.12,0.96,9.09,10.34,-4.65
243,0.14,-0.14,0.98,12.12,10.69,-8.38
244,0.16,-0.14,0.99,13.21,10.26,-12.31
245,0.12,-0.16,1.0,16.83,8.45,-17.3
246,0.08,-0.16,0.99,20.02,4.1,-22.35
247,0.04,-0.14,0.98,20.46,-2.63,-26.98
248,0.03,-0.13,0.98,21.25,-5.29,-27.6
249,0.03,-0.12,0.95,23.08,-6.82,-26.81
250,0.01,-0.1,0.95,21.11,-6.06,-23.31
251,-0.01,-0.09,0.94,18.86,-3.77,-19.04
252,0.02,-0.08,0.92,15.46,-1.89,-15.92
253,0.05,-0.07,0.92,11.79,2.43,-12.21
254,0.04,-0.08,0.92,7.53,5.11,-10.58
255,0.07,-0.09,0.94,3.98,7.05,-10.06
256,0.07,-0.11,0.99,2.61,8.69,-10.15
257,0.08,-0.12,1.01,2.72,10.63,-9.03
258,0.1,-0.1,1.03,3.51,15.02,-6.95
259,0.1,-0.09,1.01,5.75,15.4,-7.95
260,0.08,-0.08,1.0,6.54,16.34,-8.23
261,0.07,-0.06,0.97,6.46,17.34,-8.21
262,0.04,-0.05,0.94,5.27,15.41,-10.3
263,0.02,-0.06,0.94,1.89,13.73,-11.79
264,0.01,-0.07,0.92,-0.74,10.98,-11.79
265,-0.01,-0.09,0.94,-1.87,8.36,-11.34
266,-0.03,-0.08,0.96,-4.65,4.76,-11.31
267,0.0,-0.09,0.95,-4.96,2.6,-10.08
268,0.04,-0.08,0.96,-5.49,3.97,-7.31
269,-0.0,-0.09,0.95,-6.6,0.63,-8.36
270,0.01,-0.09,0.96,-8.78,-3.49,-11.05
271,0.04,-0.09,0.99,-10.69,-1.34,-11.75
272,0.04,-0.1,1.03,-9.96,3.82,-10.18
273,0.02,-0.1,1.03,-10.13,6.76,-8.7
274,0.05,-0.08,1.02,-10.44,9.93,-9.02
275,0.04,-0.07,1.02,-9.77,10.73,-9.28
276,0.02,-0.08,1.0,-8.08,8.63,-10.08
277,0.0,-0.09,1.01,-6.74,3.52,-12.45
278,-0.01,-0.08,1.01,-6.4,0.6,-11.95
279,-0.01,-0.11,0.99,-5.92,-4.92,-13.4
280,0.04,-0.12,1.01,-8.24,-7.96,-15.5
281,0.08,-0.12,1.02,-8.18,-4.49,-14.11
282,0.11,-0.11,1.04,-5.46,1.65,-12.02
283,0.08,-0.1,1.02,-3.47,4.79,-11.27
284,0.08,-0.1,1.01,-1.78,6.2,-13.04
285,0.05,-0.1,0.98,0.59,4.34,-14.0
286,0.03,-0.09,0.96,2.25,-1.15,-17.85
287,0.04,-0.1,0.95,2.21,-4.78,-20.11
288,0.02,-0.11,0.96,2.11,-7.05,-21.53
289,-0.01,-0.14,0.94,2.63,-8.94,-21.37
290,0.0,-0.12,0.96,0.1,-8.27,-18.2
291,0.02,-0.11,0.95,-2.45,-3.25,-15.01
292,0.03,-0.1,0.96,-4.67,-1.23,-12.83
293,0.04,-0.09,0.96,-5.91,1.24,-10.26
294,0.04,-0.09,0.95,-7.39,2.24,-7.67
295,0.05,-0.1,0.95,-10.6,4.72,-6.33
296,0.05,-0.1,0.96,-13.48,5.58,-6.97
297,0.06,-0.11,0.97,-13.72,6.89,-5.98
298,0.04,-0.12,0.98,-12.59,5.75,-5.67
299,0.04,-0.14,0.98,-11.48,1.82,-7.37
300,0.05,-0.14,0.99,-10.72,0.54,-7.24
301,0.04,-0.15,0.97,-8.54,-2.07,-7.6
302,0.04,-0.16,0.96,-8.08,-5.78,-9.52
303,0.06,-0.15,0.97,-8.65,-6.78,-11.06
304,0.07,-0.16,0.97,-7.66,-4.85,-10.02
305,0.08,-0.16,0.96,-8.5,-2.08,-8.11
306,0.08,-0.16,0.97,-9.98,-2.39,-8.64
307,0.07,-0.16,1.0,-9.96,-2.61,-9.18
308,0.1,-0.16,1.02,-8.24,1.34,-6.63
309,0.08,-0.18,0.99,-7.36,4.73,-6.98
310,0.06,-0.17,1.02,-7.39,7.89,-8.08
311,0.05,-0.17,1.04,-3.74,13.87,-6.03
312,0.06,-0.15,1.01,-2.18,18.67,-5.79
313,0.02,-0.13,0.97,-1.01,19.58,-6.39
314,-0.05,-0.12,0.94,-1.27,13.3,-9.19
315,-0.05,-0.11,0.95,-1.75,7.08,-10.0
316,-0.04,-0.12,0.95,-1.24,1.44,-8.95
317,-0.03,-0.12,0.97,-0.88,-1.16,-7.4
318,0.01,-0.12,0.97,-0.98,-3.18,-7.15
319,0.04,-0.12,1.0,-0.55,-0.84,-5.27
320,0.05,-0.11,0.97,-0.12,-0.67,-4.8
321,0.07,-0.11,0.96,-1.16,0.72,-5.18
322,0.06,-0.12,0.96,-2.13,2.08,-3.62
323,0.05,-0.13,0.97,-3.16,1.7,-3.09
324,0.02,-0.16,0.98,-4.59,2.04,-3.28
325,0.03,-0.16,1.0,-3.67,2.5,-1.4
326,0.06,-0.15,1.0,-2.6,4.43,0.51
327,0.05,-0.15,0.99,-3.24,9.1,2.93
328,0.02,-0.14,0.99,-3.63,11.92,4.29
329,0.02,-0.15,0.97,-3.37,12.98,6.78
330,0.02,-0.14,0.95,-5.23,10.6,4.72
331,0.01,-0.15,0.97,-7.5,6.42,1.83
332,-0.0,-0.17,1.01,-5.37,3.82,-0.66
333,0.0,-0.17,1.03,-2.34,-2.36,-2.92
334,0.02,-0.17,1.03,-0.15,-3.63,-3.18
335,0.0,-0.17,1.0,0.3,-2.69,-4.52
336,0.0,-0.16,1.0,0.07,-2.79,-5.08
337,0.03,-0.16,0.99,0.75,-1.61,-2.92
338,0.04,-0.14,0.98,-0.44,-0.69,-4.05
339,0.05,-0.14,0.98,-1.78,0.32,-5.63
340,0.05,-0.13,0.98,-3.29,1.49,-6.84
341,0.04,-0.13,1.0,-4.33,2.4,-7.15
342,0.05,-0.14,0.99,-5.06,3.67,-7.54
343,0.04,-0.15,1.0,-4.76,3.89,-8.8
344,0.04,-0.14,1.02,-4.53,3.53,-9.08
345,0.05,-0.15,1.01,-2.52,3.78,-9.08
346,0.04,-0.15,1.01,-1.52,4.59,-9.98
347,0.03,-0.15,1.0,-1.62,5.11,-10.71
348,0.02,-0.15,1.0,-1.7,5.96,-10.21
349,0.01,-0.15,0.99,-2.37,6.11,-11.04
350,-0.0,-0.14,1.0,-2.24,6.04,-11.47
351,-0.01,-0.14,0.99,-2.55,6.62,-10.27
352,-0.02,-0.14,1.0,-2.53,9.15,-9.73
353,-0.05,-0.15,0.99,-3.08,8.85,-9.25
354,-0.07,-0.15,1.0,-3.25,8.5,-7.25
355,-0.08,-0.15,1.0,-2.44,8.53,-4.88
356,-0.07,-0.16,1.0,-0.87,7.68,-1.68
357,-0.08,-0.16,0.98,-0.1,4.79,-2.38
358,-0.08,-0.17,0.99,2.2,-0.15,-2.54
359,-0.08,-0.17,1.0,3.6,-2.89,-2.95
360,-0.07,-0.17,1.0,4.86,-4.7,-2.41
361,-0.06,-0.16,1.01,5.1,-4.24,-1.99
362,-0.05,-0.13,0.99,5.82,-2.44,0.7
363,-0.02,-0.11,0.96,5.02,-1.84,0.95
364,-0.0,-0.08,0.96,4.02,-1.23,0.6
365,0.0,-0.08,0.96,4.06,-0.29,1.79
366,0.0,-0.05,0.93,3.77,0.17,1.77
367,0.01,-0.05,0.91,1.33,-1.35,1.05
368,-0.01,-0.05,0.92,-0.43,-1.44,0.66
369,-0.01,-0.06,0.92,-1.69,-2.5,-0.05
370,-0.01,-0.07,0.94,-2.76,-2.32,0.24
371,0.01,-0.08,0.95,-3.69,-2.01,0.0
372,-0.0,-0.09,0.96,-3.59,-1.48,-0.25
373,-0.01,-0.11,0.96,-3.56,-1.11,0.21
374,-0.01,-0.13,0.95,-4.59,-1.37,0.43
375,-0.01,-0.15,0.96,-6.11,-1.74,0.48
376,-0.02,-0.16,0.98,-5.12,-2.11,1.72
377,-0.01,-0.17,0.98,-4.21,-1.84,3.27
378,-0.0,-0.17,0.97,-4.14,-2.07,2.44
379,-0.01,-0.18,0.99,-4.21,-3.52,1.56
380,0.02,-0.18,1.0,-2.34,-2.85,4.05
381,0.02,-0.17,0.97,-3.52,-0.56,5.1
382,-0.01,-0.17,0.97,-5.47,-2.47,2.16
383,0.01,-0.16,0.99,-5.82,-1.08,3.92
384,0.02,-0.16,0.98,-5.06,-0.4,5.98
385,0.03,-0.16,0.97,-6.06,-1.63,4.37
386,0.04,-0.16,0.99,-5.98,-1.11,3.89
387,0.04,-0.15,0.99,-4.21,-0.64,3.89
388,0.04,-0.15,0.97,-4.15,-1.29,3.21
389,0.04,-0.14,0.98,-5.83,-1.6,0.99
390,0.04,-0.15,0.99,-5.69,0.01,0.65
391,0.04,-0.14,0.97,-4.98,1.52,1.82
392,0.04,-0.14,0.97,-5.85,1.15,1.42
393,0.03,-0.16,0.98,-6.44,0.84,1.15
394,0.04,-0.17,1.0,-5.66,-1.11,-0.53
395,0.05,-0.18,1.02,-3.94,-1.02,-0.6
396,0.05,-0.18,1.02,-2.57,1.06,-0.1
397,0.05,-0.17,1.01,-1.32,1.74,-0.22
398,0.04,-0.17,1.01,-0.68,2.17,-0.6
399,0.07,-0.16,0.99,0.0,2.84,-0.44
