,accel_x,accel_y,accel_z,gyro_x,gyro_y,gyro_z
0,-0.07,-0.18,0.96,9.23,5.85,3.96
1,-0.06,-0.15,0.96,7.26,4.78,3.23
2,-0.06,-0.15,0.98,6.73,2.18,1.41
3,-0.04,-0.15,0.98,7.95,1.56,1.53
4,-0.04,-0.14,0.97,8.41,0.02,0.63
5,-0.05,-0.13,0.96,7.94,-3.22,-3.27
6,-0.05,-0.14,0.99,9.44,-6.31,-6.57
7,-0.06,-0.15,0.97,9.21,-8.9,-8.6
8,-0.07,-0.16,0.98,8.27,-10.53,-12.78
9,-0.08,-0.17,1.0,7.08,-12.36,-13.69
10,-0.08,-0.19,1.04,7.58,-10.2,-12.27
11,-0.09,-0.22,1.05,8.71,-4.81,-3.96
12,-0.08,-0.22,1.03,7.56,-0.65,5.37
13,-0.06,-0.2,1.01,6.25,3.0,11.14
14,-0.05,-0.19,1.0,4.71,2.66,11.53
15,-0.03,-0.18,1.02,4.64,2.7,10.63
16,-0.03,-0.18,1.03,6.16,4.15,11.97
17,-0.01,-0.17,1.01,8.24,4.05,10.53
18,-0.02,-0.16,0.99,9.91,3.14,6.55
19,-0.03,-0.16,0.99,11.31,-0.17,0.03
20,-0.03,-0.17,0.99,11.65,-1.42,-2.63
21,-0.04,-0.17,0.99,12.85,0.56,-1.27
22,-0.05,-0.17,0.98,12.74,1.69,1.57
23,-0.05,-0.17,0.97,12.18,3.79,2.74
24,-0.04,-0.16,0.97,12.25,5.3,6.05
25,-0.04,-0.14,0.94,11.04,4.44,5.85
26,-0.03,-0.13,0.94,9.81,3.53,4.39
27,-0.04,-0.13,0.93,8.36,1.53,4.27
28,-0.06,-0.12,0.93,7.03,0.02,3.24
29,-0.06,-0.13,0.94,5.21,0.1,3.42
30,-0.05,-0.12,0.93,3.63,1.33,6.92
31,-0.06,-0.12,0.93,1.56,1.73,8.4
32,-0.04,-0.09,0.93,-0.07,2.02,8.42
33,-0.04,-0.09,0.92,-1.16,0.4,6.25
34,-0.03,-0.1,0.95,-2.06,-1.22,1.84
35,-0.01,-0.11,0.95,-1.11,-2.5,0.63
36,-0.02,-0.12,0.95,-0.56,-3.41,-2.01
37,-0.02,-0.12,0.96,-0.95,-3.28,-4.04
38,-0.03,-0.13,0.97,-0.2,-0.86,-2.5
39,-0.04,-0.13,0.98,0.44,1.02,-1.57
40,-0.03,-0.1,0.97,0.69,3.08,-1.08
41,-0.02,-0.09,0.96,1.5,5.6,0.9
42,-0.04,-0.08,0.95,1.56,3.74,-1.9
43,-0.03,-0.08,0.95,1.2,0.54,-7.27
44,-0.03,-0.1,0.97,2.95,-0.31,-9.47
45,-0.04,-0.12,0.97,4.59,-0.57,-11.77
46,-0.06,-0.13,0.98,6.35,-0.43,-13.95
47,-0.06,-0.18,1.0,9.82,0.07,-12.09
48,-0.05,-0.18,1.01,12.72,3.31,-11.45
49,-0.03,-0.17,1.0,15.6,6.97,-10.05
50,-0.04,-0.15,0.96,15.47,8.65,-10.63
51,-0.04,-0.12,0.95,13.54,7.79,-10.54
52,-0.05,-0.12,0.92,10.13,5.98,-12.27
53,-0.06,-0.12,0.93,7.19,5.32,-12.89
54,-0.08,-0.11,0.94,3.85,5.66,-10.63
55,-0.08,-0.11,0.93,0.09,4.6,-5.86
56,-0.08,-0.12,0.97,-2.15,2.73,-7.25
57,-0.08,-0.13,0.97,-2.39,2.41,-7.32
58,-0.07,-0.13,0.98,-1.71,3.21,-5.02
59,-0.09,-0.13,0.97,-2.29,3.09,-4.94
60,-0.09,-0.12,0.96,-2.29,2.4,-5.09
61,-0.08,-0.13,0.93,-4.38,0.5,-5.97
62,-0.1,-0.12,0.95,-7.47,-2.53,-3.95
63,-0.1,-0.15,0.95,-9.58,-4.32,-3.24
64,-0.09,-0.15,0.97,-11.81,-4.66,-2.84
65,-0.08,-0.15,0.99,-12.71,-3.63,-2.05
66,-0.08,-0.17,1.01,-12.28,-1.5,-0.53
67,-0.06,-0.18,1.01,-10.53,1.22,1.61
68,-0.07,-0.17,1.01,-8.72,1.53,0.42
69,-0.06,-0.17,0.99,-6.89,1.27,-1.47
70,-0.06,-0.16,0.98,-5.98,-0.19,-3.36
71,-0.07,-0.17,0.99,-5.22,-1.31,-5.43
72,-0.07,-0.18,0.98,-4.92,-2.41,-6.24
73,-0.08,-0.18,1.0,-3.98,-1.14,-4.85
74,-0.07,-0.18,0.98,-3.49,1.27,-1.42
75,-0.08,-0.17,0.98,-3.1,1.16,-1.45
76,-0.08,-0.17,0.97,-2.08,0.64,-0.63
77,-0.08,-0.17,0.96,-2.86,-0.28,-1.21
78,-0.08,-0.16,0.95,-5.18,0.89,0.36
79,-0.09,-0.17,0.96,-5.03,-2.41,0.24
80,-0.08,-0.17,0.97,-5.43,-3.43,-1.4
81,-0.08,-0.17,0.97,-5.24,-3.61,-1.39
82,-0.09,-0.17,0.98,-3.95,-3.74,-1.69
83,-0.09,-0.19,0.97,-3.03,-5.21,-2.69
84,-0.07,-0.18,0.98,-3.13,-5.8,-3.45
85,-0.05,-0.18,1.0,-2.75,-2.59,-0.11
86,-0.05,-0.17,1.0,-1.36,0.35,2.4
87,-0.06,-0.17,0.97,-1.26,-0.11,1.21
88,-0.06,-0.16,0.99,-0.22,-0.15,-0.37
89,-0.05,-0.16,0.98,0.96,0.02,0.95
90,-0.06,-0.14,0.97,0.74,-1.11,0.05
91,-0.06,-0.14,0.95,0.81,-2.73,-2.12
92,-0.07,-0.14,0.96,0.49,-2.59,-0.95
93,-0.06,-0.13,0.95,0.18,-0.98,2.63
94,-0.07,-0.13,0.93,-1.98,-4.08,-0.57
95,-0.07,-0.13,0.95,-3.83,-7.28,-2.29
96,-0.04,-0.14,0.97,-3.85,-4.82,0.27
97,-0.04,-0.15,0.96,-3.98,-4.45,0.73
98,-0.06,-0.15,0.98,-3.81,-5.71,-2.36
99,-0.04,-0.16,0.99,-2.12,-3.83,-1.41
100,-0.04,-0.15,1.0,-1.18,-0.4,1.81
101,-0.04,-0.15,0.97,-1.33,-0.22,1.83
102,-0.05,-0.15,0.95,-2.11,-3.82,-2.12
103,-0.04,-0.15,0.97,-2.34,-5.26,-4.54
104,-0.04,-0.16,0.99,-1.63,-3.21,-3.08
105,-0.05,-0.15,0.97,-2.17,-1.24,-1.25
106,-0.05,-0.17,0.96,-2.04,-1.81,-0.4
107,-0.04,-0.16,0.98,-2.82,-2.56,-1.56
108,-0.03,-0.16,1.0,-2.19,0.27,0.11
109,-0.04,-0.14,0.99,-1.29,2.63,3.06
110,-0.03,-0.14,0.94,-1.63,0.82,2.04
111,-0.04,-0.14,0.95,-3.03,-3.5,-5.21
112,-0.04,-0.15,0.98,-2.65,-3.47,-5.74
113,-0.05,-0.16,1.0,-1.43,1.24,-1.66
114,-0.06,-0.16,0.98,-1.68,3.31,0.11
115,-0.06,-0.15,0.96,-2.81,0.29,-2.69
116,-0.05,-0.15,0.97,-3.04,-0.4,-4.56
117,-0.05,-0.16,1.0,-1.92,2.59,-1.58
118,-0.06,-0.17,0.98,-1.98,1.48,-2.02
119,-0.07,-0.17,0.97,-1.54,-0.59,-4.79
120,-0.07,-0.17,0.98,-0.93,0.36,-3.27
121,-0.06,-0.16,0.98,-0.89,2.32,-0.42
122,-0.08,-0.16,0.97,-0.46,2.1,-0.98
123,-0.07,-0.16,0.97,-0.34,1.23,-1.69
124,-0.07,-0.15,0.96,-0.79,1.23,-0.68
125,-0.05,-0.15,0.95,-1.14,1.02,-0.05
126,-0.07,-0.14,0.96,-2.37,0.08,-1.13
127,-0.06,-0.16,0.98,-2.4,0.76,-1.34
128,-0.04,-0.15,0.98,-1.67,4.48,0.37
129,-0.06,-0.14,0.97,-2.18,5.53,0.95
130,-0.05,-0.14,0.98,-2.58,4.56,0.18
131,-0.05,-0.13,0.97,-2.1,4.56,0.22
132,-0.06,-0.13,0.95,-3.09,0.96,-2.25
133,-0.05,-0.14,0.96,-3.53,-0.44,-3.96
134,-0.06,-0.15,0.98,-3.15,-0.61,-4.18
135,-0.06,-0.15,0.97,-2.49,1.34,-1.3
136,-0.06,-0.14,0.95,-3.5,-0.25,-2.46
137,-0.07,-0.15,0.97,-4.05,-1.32,-4.64
138,-0.08,-0.15,0.99,-3.56,-0.47,-2.79
139,-0.07,-0.14,0.97,-2.94,1.95,1.62
140,-0.07,-0.13,0.93,-4.62,-1.4,-0.14
141,-0.07,-0.14,0.94,-6.45,-4.63,-4.4
142,-0.07,-0.15,0.97,-6.22,-3.31,-3.08
143,-0.08,-0.15,0.97,-6.14,-0.44,0.4
144,-0.05,-0.13,0.94,-6.63,0.53,2.69
145,-0.07,-0.13,0.94,-8.94,-3.89,-2.68
146,-0.07,-0.16,0.98,-8.85,-5.6,-5.36
147,-0.06,-0.16,1.0,-6.87,-3.2,-2.48
148,-0.06,-0.15,0.99,-5.52,0.25,0.54
149,-0.06,-0.15,0.95,-5.65,-1.71,-1.12
150,-0.07,-0.16,0.95,-6.6,-4.89,-6.18
151,-0.09,-0.18,0.98,-6.1,-5.41,-7.71
152,-0.08,-0.18,0.99,-4.73,-2.53,-2.66
153,-0.09,-0.19,0.97,-4.27,-0.98,0.6
154,-0.08,-0.17,0.96,-5.74,-3.02,-0.76
155,-0.05,-0.17,0.97,-6.46,-2.82,-0.77
156,-0.06,-0.17,0.98,-6.23,-3.08,-0.82
157,-0.06,-0.16,0.99,-4.9,-2.19,-0.29
158,-0.05,-0.16,0.96,-4.09,-2.75,0.24
159,-0.05,-0.16,0.96,-5.11,-3.85,-1.93
160,-0.05,-0.16,0.96,-6.33,-5.3,-2.56
161,-0.05,-0.15,0.96,-7.67,-4.67,-1.43
162,-0.04,-0.16,0.97,-8.42,-1.8,1.31
163,-0.05,-0.15,0.96,-8.79,-1.12,2.94
164,-0.04,-0.15,0.95,-8.82,-3.62,-0.86
165,-0.04,-0.16,0.97,-7.84,-6.33,-4.2
166,-0.03,-0.16,0.99,-7.03,-4.47,-4.54
167,-0.03,-0.17,0.99,-5.31,-2.58,-3.92
168,-0.03,-0.16,0.98,-4.63,-2.18,-5.11
169,-0.04,-0.18,0.98,-3.64,-1.18,-5.11
170,-0.05,-0.18,0.98,-3.32,-1.66,-5.56
171,-0.06,-0.19,0.97,-2.61,-1.37,-5.15
172,-0.08,-0.19,0.97,-2.42,-1.44,-4.32
173,-0.07,-0.19,0.96,-3.31,-2.47,-3.24
174,-0.05,-0.18,0.96,-4.68,-1.66,-1.89
175,-0.06,-0.19,0.97,-5.25,-1.71,-1.32
176,-0.06,-0.18,0.98,-5.44,-2.53,-1.57
177,-0.04,-0.17,0.97,-5.21,-1.82,0.02
178,-0.05,-0.17,0.97,-4.76,-2.32,-0.53
179,-0.05,-0.17,0.97,-4.25,-2.48,-1.6
180,-0.04,-0.17,0.97,-3.4,-1.47,-1.69
181,-0.04,-0.16,0.97,-3.56,-0.75,-2.5
182,-0.03,-0.15,0.96,-3.08,0.43,-2.5
183,-0.04,-0.14,0.96,-2.96,0.08,-2.57
184,-0.06,-0.15,0.95,-3.63,-2.47,-4.76
185,-0.06,-0.16,0.95,-4.81,-4.68,-5.74
186,-0.06,-0.18,0.95,-5.38,-3.73,-4.15
187,-0.06,-0.19,0.95,-6.75,-5.93,-3.98
188,-0.06,-0.2,0.96,-7.73,-7.34,-4.63
189,-0.05,-0.21,0.98,-7.8,-6.79,-4.02
190,-0.05,-0.21,0.99,-7.09,-5.22,-3.21
191,-0.05,-0.21,1.0,-5.74,-3.21,-1.87
192,-0.06,-0.21,1.0,-4.26,-1.05,-1.4
193,-0.04,-0.2,0.99,-2.05,0.46,0.02
194,-0.04,-0.18,0.98,-1.21,-0.89,-1.29
195,-0.04,-0.17,0.96,-1.31,-1.98,-2.85
196,-0.03,-0.18,0.97,-1.3,-1.09,-3.08
197,-0.03,-0.17,0.97,-2.15,-0.44,-2.51
198,-0.03,-0.16,0.96,-2.69,0.47,-1.95
199,-0.03,-0.16,0.95,-3.74,-0.09,-2.11
200,-0.03,-0.15,0.96,-4.61,-0.81,-2.79
201,-0.04,-0.16,0.96,-5.08,-1.97,-3.99
202,-0.04,-0.16,0.97,-4.62,-2.76,-4.38
203,-0.04,-0.17,0.97,-4.52,-3.41,-5.85
204,-0.04,-0.18,0.97,-3.56,-2.95,-5.44
205,-0.04,-0.19,0.97,-3.24,-2.61,-5.47
206,-0.04,-0.18,0.98,-2.37,-0.4,-5.26
207,-0.05,-0.18,0.98,-1.24,0.54,-4.83
208,-0.05,-0.17,0.96,-0.39,2.02,-3.9
209,-0.05,-0.16,0.95,-0.59,1.2,-4.5
210,-0.07,-0.16,0.93,-1.16,-1.18,-5.31
211,-0.07,-0.17,0.93,-2.75,-4.5,-6.57
212,-0.08,-0.17,0.94,-4.38,-5.06,-4.47
213,-0.07,-0.18,0.94,-6.01,-4.71,-1.65
214,-0.05,-0.19,0.97,-7.21,-3.37,-0.63
215,-0.05,-0.17,0.98,-6.82,-3.04,-0.29
216,-0.04,-0.18,0.98,-5.39,-2.3,0.58
217,-0.02,-0.16,0.96,-5.41,-2.82,-1.29
218,-0.03,-0.16,0.96,-5.48,-4.01,-3.67
219,-0.03,-0.17,0.97,-4.91,-3.31,-3.29
220,-0.02,-0.18,0.94,-5.06,-3.88,-2.37
221,-0.03,-0.18,0.94,-7.04,-6.84,-5.63
222,-0.03,-0.21,0.97,-8.1,-7.41,-6.13
223,-0.04,-0.22,0.97,-7.76,-5.58,-2.55
224,-0.03,-0.22,0.97,-9.36,-4.95,-1.38
225,-0.02,-0.21,0.99,-9.39,-3.29,-0.41
226,-0.03,-0.2,0.98,-8.72,-2.5,0.09
227,-0.03,-0.2,0.97,-7.76,-3.65,-0.98
228,-0.03,-0.19,0.95,-7.78,-4.92,-2.05
229,-0.03,-0.2,0.96,-8.07,-5.94,-2.96
230,-0.03,-0.2,0.97,-7.96,-5.61,-2.63
231,-0.03,-0.2,0.97,-8.05,-4.66,-2.41
232,-0.03,-0.19,0.98,-7.02,-2.85,-1.86
233,-0.02,-0.18,0.98,-5.57,-1.25,-0.48
234,-0.01,-0.16,0.95,-4.85,-0.76,-0.23
235,-0.03,-0.16,0.95,-6.07,-3.37,-4.13
236,-0.03,-0.18,0.96,-6.58,-5.01,-6.53
237,-0.03,-0.19,0.96,-6.65,-4.66,-5.32
238,-0.04,-0.19,0.96,-6.85,-3.79,-4.95
239,-0.05,-0.2,0.97,-7.05,-4.32,-5.05
240,-0.02,-0.2,0.96,-7.24,-2.98,-3.73
241,-0.03,-0.2,0.94,-8.05,-3.15,-2.71
242,-0.03,-0.2,0.95,-8.4,-4.67,-4.24
243,-0.03,-0.21,0.95,-8.08,-5.76,-4.03
244,-0.04,-0.2,0.95,-8.77,-5.55,-2.42
245,-0.04,-0.2,0.95,-9.85,-5.17,-0.53
246,-0.03,-0.19,0.94,-11.23,-5.24,0.4
247,-0.02,-0.19,0.95,-12.32,-6.18,-0.78
248,-0.02,-0.19,0.96,-12.37,-7.34,-2.2
249,-0.01,-0.2,0.97,-11.44,-7.56,-3.83
250,-0.0,-0.2,1.0,-9.93,-5.53,-4.05
251,0.0,-0.19,0.98,-8.65,-4.4,-2.98
252,-0.0,-0.2,0.97,-8.18,-2.45,-2.65
253,-0.0,-0.19,0.95,-8.79,-3.21,-1.85
254,-0.0,-0.19,0.93,-8.86,-4.17,-3.33
255,0.0,-0.19,0.93,-11.21,-5.23,-4.15
256,-0.01,-0.19,0.92,-12.95,-5.88,-3.82
257,-0.02,-0.2,0.92,-14.69,-6.05,-2.49
258,-0.04,-0.19,0.93,-17.73,-7.86,-2.56
259,-0.03,-0.21,0.93,-18.11,-10.76,-3.76
260,-0.03,-0.23,0.96,-17.99,-12.79,-5.41
261,-0.02,-0.24,0.98,-17.01,-12.05,-6.13
262,-0.01,-0.24,0.99,-15.73,-9.31,-5.46
263,-0.02,-0.24,1.01,-13.02,-5.7,-4.08
264,-0.01,-0.23,1.0,-10.53,-1.85,-1.91
265,-0.02,-0.2,0.98,-9.44,1.02,0.15
266,-0.01,-0.18,0.94,-8.24,2.73,4.09
267,-0.01,-0.17,0.89,-10.29,-2.39,0.6
268,-0.0,-0.17,0.9,-14.11,-8.27,-5.34
269,0.0,-0.17,0.94,-17.15,-8.92,-8.37
270,-0.02,-0.15,0.99,-19.31,-5.63,-7.22
271,-0.06,-0.14,1.03,-20.33,-3.52,-4.98
272,-0.07,-0.13,1.04,-20.21,-2.43,-2.44
273,-0.08,-0.12,1.05,-19.89,-2.15,0.33
274,-0.09,-0.1,1.04,-22.88,-4.86,1.61
275,-0.09,-0.07,1.08,-27.26,-6.69,6.21
276,-0.09,-0.03,1.1,-32.36,-5.68,14.54
277,-0.07,0.04,1.16,-39.65,-3.44,21.86
278,-0.05,0.12,1.22,-47.4,2.82,26.93
279,-0.0,0.22,1.3,-53.77,7.71,32.2
280,0.1,0.28,1.39,-48.0,22.33,36.12
281,0.13,0.47,1.42,-56.47,25.13,22.5
282,0.17,0.52,1.48,-51.15,29.46,2.64
283,0.1,0.56,1.49,-38.54,17.23,-27.39
284,0.01,0.55,1.47,-27.75,3.56,-60.24
285,-0.11,0.52,1.44,-20.6,-5.05,-87.0
286,-0.26,0.46,1.42,-16.11,-13.17,-101.55
287,-0.34,0.39,1.41,-16.4,-16.1,-102.65
288,-0.41,0.35,1.35,-20.49,-9.27,-91.73
289,-0.49,0.35,1.26,-30.18,-4.43,-82.85
290,-0.54,0.33,1.18,-42.83,-4.4,-75.23
291,-0.59,0.26,1.14,-54.73,-12.79,-77.47
292,-0.63,0.19,1.22,-62.15,-32.43,-74.82
293,-0.58,0.06,1.3,-62.88,-47.7,-68.69
294,-0.58,-0.03,1.38,-59.71,-55.35,-59.95
295,-0.59,-0.16,1.36,-59.22,-54.57,-34.74
296,-0.51,-0.32,1.51,-53.48,-22.7,-7.82
297,-0.37,-0.36,1.46,-45.49,33.99,35.62
298,-0.21,-0.39,1.4,-30.46,83.11,68.98
299,0.03,-0.42,1.29,-1.43,118.94,82.54
300,0.27,-0.34,1.04,29.18,140.1,80.21
301,0.57,-0.35,0.81,51.85,152.48,60.69
302,0.75,-0.32,0.44,67.24,156.43,45.37
303,0.81,-0.5,-0.07,62.46,152.56,29.02
304,0.61,-0.73,-0.53,33.96,137.1,13.23
305,0.43,-1.03,-0.76,9.44,116.13,9.86
306,0.32,-1.35,-0.93,-8.54,87.77,-3.66
307,0.1,-1.61,-1.1,-52.33,36.73,-37.73
308,-0.21,-1.68,-1.02,-96.5,-38.69,-89.81
309,-0.45,-1.76,-0.71,-131.53,-123.85,-133.2
310,-0.38,-1.79,-0.07,-142.21,-186.42,-127.4
311,-0.07,-1.89,0.59,-122.92,-202.81,-87.24
312,0.2,-1.77,1.05,-92.51,-193.69,-56.9
313,0.43,-1.51,1.3,-63.64,-168.73,-43.24
314,0.63,-1.3,1.48,-39.0,-138.52,-44.54
315,0.74,-1.16,1.61,-10.53,-106.5,-35.32
316,0.78,-1.16,1.57,18.08,-48.74,-24.98
317,0.65,-1.0,1.32,40.47,1.04,-9.83
318,0.44,-0.88,1.02,45.89,18.6,18.55
319,0.23,-0.86,0.74,42.46,26.69,19.2
320,0.17,-0.79,0.63,29.45,45.36,36.67
321,0.13,-0.66,0.6,17.2,63.59,69.57
322,0.17,-0.58,0.53,6.2,68.66,90.27
323,0.23,-0.53,0.54,-0.76,61.5,91.78
324,0.3,-0.51,0.57,-2.15,41.66,78.09
325,0.33,-0.48,0.64,3.9,22.63,62.22
326,0.32,-0.45,0.64,9.08,-4.73,43.9
327,0.33,-0.44,0.68,12.62,-21.38,29.16
328,0.29,-0.42,0.71,17.9,-31.89,24.95
329,0.27,-0.42,0.68,19.34,-46.39,17.85
330,0.26,-0.42,0.69,16.47,-54.66,8.32
331,0.23,-0.44,0.7,11.4,-55.31,7.53
332,0.2,-0.52,0.73,2.48,-57.52,17.89
333,0.24,-0.58,0.75,-11.24,-44.2,29.39
334,0.25,-0.63,0.81,-16.91,-30.3,30.02
335,0.2,-0.7,0.86,-12.97,-20.6,28.4
336,0.19,-0.74,0.89,-4.68,-13.38,19.98
337,0.16,-0.74,0.92,12.66,-9.26,16.62
338,0.11,-0.73,0.86,33.45,-19.13,16.63
339,0.13,-0.71,0.76,46.22,-32.15,10.85
340,0.14,-0.67,0.72,47.47,-36.69,2.34
341,0.12,-0.65,0.7,41.62,-33.24,5.84
342,0.11,-0.63,0.69,31.37,-21.71,12.02
343,0.09,-0.53,0.7,17.03,-5.89,22.75
344,0.07,-0.47,0.7,9.51,2.23,37.76
345,0.05,-0.46,0.65,6.55,-9.37,39.14
346,0.09,-0.51,0.65,12.07,-31.6,15.18
347,0.18,-0.55,0.77,17.8,-42.53,2.46
348,0.17,-0.57,0.82,23.53,-39.37,4.09
349,0.18,-0.54,0.83,23.89,-30.46,3.5
350,0.16,-0.45,0.87,21.51,-15.37,-0.78
351,0.08,-0.44,0.9,22.14,-7.1,8.56
352,-0.01,-0.46,0.87,30.42,-5.1,15.83
353,-0.04,-0.42,0.8,35.08,-12.1,19.47
354,-0.01,-0.36,0.76,33.59,-21.25,16.49
355,0.1,-0.36,0.75,25.5,-25.58,15.58
356,0.21,-0.32,0.81,14.34,-17.15,12.86
357,0.23,-0.26,0.89,4.34,-6.11,13.04
358,0.26,-0.24,0.94,-3.25,1.74,16.6
359,0.22,-0.25,0.97,-4.02,11.73,6.97
360,0.18,-0.22,1.03,2.64,16.38,13.04
361,0.07,-0.28,1.01,18.12,11.18,15.02
362,-0.05,-0.29,0.92,24.43,2.27,8.78
363,-0.08,-0.27,0.85,23.15,-7.32,2.73
364,-0.03,-0.24,0.86,16.61,-15.72,-1.77
365,0.03,-0.24,0.9,10.98,-12.65,-1.64
366,0.11,-0.26,0.95,2.05,-5.99,15.53
367,0.12,-0.31,0.97,-2.83,6.93,17.88
368,0.17,-0.29,1.01,-5.86,20.82,22.14
369,0.16,-0.25,1.01,-7.12,33.6,26.27
370,0.06,-0.26,1.0,-3.88,31.81,25.08
371,-0.02,-0.29,0.99,3.95,22.19,15.04
372,-0.1,-0.3,0.97,11.88,9.34,4.8
373,-0.12,-0.31,0.95,15.42,-4.63,-1.98
374,-0.1,-0.31,0.96,16.44,-12.24,-5.05
375,-0.04,-0.31,0.97,13.31,-10.12,-0.69
376,0.03,-0.3,0.98,6.92,-1.66,4.5
377,0.08,-0.26,1.03,0.24,11.36,9.68
378,0.11,-0.25,1.03,-0.78,23.76,18.15
379,0.1,-0.22,1.0,-2.47,28.47,18.7
380,0.06,-0.23,1.02,0.54,27.64,10.4
381,-0.0,-0.24,1.02,7.96,20.27,3.66
382,-0.05,-0.26,1.01,15.66,8.02,-6.24
383,-0.07,-0.29,0.98,22.17,-1.02,-13.57
384,-0.07,-0.31,0.96,21.95,-4.7,-15.54
385,-0.05,-0.3,0.93,14.63,-1.82,-12.76
386,0.0,-0.29,0.96,5.47,6.89,0.92
387,0.01,-0.29,0.96,-2.43,12.27,8.9
388,0.01,-0.28,1.0,-5.96,14.4,8.76
389,0.05,-0.29,1.03,-2.63,16.46,7.37
390,0.01,-0.28,1.05,5.15,17.55,3.45
391,-0.03,-0.28,1.02,10.78,14.31,-3.17
392,-0.07,-0.26,1.01,18.17,7.12,-10.05
393,-0.07,-0.27,0.97,20.68,3.17,-13.47
394,-0.09,-0.26,0.96,18.48,-1.24,-18.65
395,-0.07,-0.27,0.98,15.13,-2.66,-15.69
396,-0.03,-0.28,1.0,10.15,0.42,-6.66
397,0.01,-0.26,1.01,2.89,5.69,-2.28
398,0.05,-0.26,1.05,-0.92,12.88,1.61
399,0.06,-0.25,1.07,-1.86,16.24,5.62
