,accel_x,accel_y,accel_z,gyro_x,gyro_y,gyro_z
0,0.06,-0.07,0.99,-2.63,-5.61,-4.73
1,0.07,-0.08,0.98,-4.6,-2.03,-5.52
2,0.03,-0.09,1.01,-4.31,0.11,-4.91
3,0.02,-0.08,1.01,-3.63,-3.54,-5.79
4,0.03,-0.06,1.0,-2.58,-5.52,-4.2
5,0.08,-0.06,0.97,-3.09,-2.11,-1.8
6,0.04,-0.08,1.0,-4.84,-1.21,-2.69
7,0.04,-0.08,1.01,-4.16,-2.36,-2.95
8,0.04,-0.08,1.01,-2.89,-3.84,-2.6
9,0.05,-0.07,1.0,-1.82,-3.63,-0.89
10,0.1,-0.06,0.98,-2.64,-0.59,-1.23
11,0.06,-0.06,1.01,-4.09,0.49,-1.34
12,0.05,-0.06,1.01,-3.96,0.44,-1.52
13,0.05,-0.04,0.99,-3.13,0.89,0.07
14,0.05,-0.04,0.95,-1.06,2.8,1.47
15,0.04,-0.04,0.96,-3.17,2.08,-0.62
16,0.04,-0.05,0.96,-4.42,-3.06,-3.43
17,0.04,-0.05,0.98,-5.24,-6.02,-4.38
18,0.04,-0.04,0.99,-4.9,-3.73,-2.78
19,0.05,-0.06,0.96,-4.36,0.09,-1.15
20,0.05,-0.07,0.96,-5.82,-0.96,-3.49
21,0.05,-0.07,0.99,-5.44,-5.76,-6.31
22,0.04,-0.09,1.0,-4.58,-9.14,-8.25
23,0.04,-0.1,1.0,-2.9,-5.53,-6.56
24,0.05,-0.09,0.99,-3.04,-3.12,-4.11
25,0.06,-0.08,1.02,-3.98,-3.31,-2.78
26,0.05,-0.08,0.99,-3.78,-2.44,-1.76
27,0.06,-0.09,1.0,-3.31,-0.92,-0.85
28,0.06,-0.09,1.0,-3.23,-0.69,-2.58
29,0.07,-0.08,1.0,-3.22,-1.94,-3.65
30,0.07,-0.08,1.0,-3.2,-3.54,-4.31
31,0.05,-0.09,1.0,-2.74,-3.4,-4.15
32,0.07,-0.07,1.01,-2.26,-1.43,-2.95
33,0.06,-0.07,1.0,-2.35,-1.18,-2.4
34,0.06,-0.06,1.0,-2.08,-1.45,-2.5
35,0.06,-0.06,0.99,-1.69,-0.5,-1.79
36,0.07,-0.05,0.99,-1.53,-0.6,-2.08
37,0.06,-0.04,0.99,-1.62,-1.95,-3.14
38,0.05,-0.05,0.99,-1.7,-3.15,-3.82
39,0.05,-0.05,0.98,-1.81,-3.03,-3.45
40,0.07,-0.04,0.97,-2.01,-2.53,-2.34
41,0.07,-0.05,0.98,-3.72,-2.1,-2.49
42,0.06,-0.06,0.99,-2.85,-1.11,-2.87
43,0.07,-0.06,0.98,-3.25,-3.44,-4.24
44,0.07,-0.06,0.99,-3.47,-4.11,-5.79
45,0.07,-0.07,0.99,-2.82,-2.55,-6.48
46,0.06,-0.08,1.02,-1.64,-1.85,-7.08
47,0.08,-0.07,1.01,-0.8,-2.18,-6.92
48,0.07,-0.08,1.0,-1.08,-1.55,-6.48
49,0.05,-0.07,1.0,-4.01,-0.87,-9.21
50,0.04,-0.09,0.99,-1.76,0.69,-6.13
51,0.07,-0.07,0.99,-1.0,1.8,-5.19
52,0.05,-0.08,1.0,-2.29,1.8,-5.79
53,0.03,-0.08,0.99,-1.97,-0.06,-6.69
54,0.05,-0.08,0.98,-0.6,-0.73,-5.15
55,0.03,-0.07,0.99,-0.45,-0.32,-3.92
56,0.03,-0.07,0.98,-0.75,0.0,-3.1
57,0.03,-0.07,0.99,-0.53,-0.44,-2.23
58,0.05,-0.06,0.98,-1.16,-1.39,-1.16
59,0.05,-0.06,0.97,-2.16,0.54,0.67
60,0.04,-0.06,0.97,-2.47,1.82,1.31
61,0.05,-0.05,0.98,-2.05,0.55,1.24
62,0.06,-0.05,0.97,-2.07,-1.49,0.75
63,0.06,-0.05,0.97,-2.35,-2.19,-0.26
64,0.05,-0.06,0.98,-2.53,-2.9,-1.43
65,0.06,-0.05,0.98,-2.18,-3.95,-1.61
66,0.07,-0.06,0.99,-2.21,-3.63,-0.72
67,0.06,-0.06,0.99,-3.43,-2.92,0.06
68,0.06,-0.06,0.98,-3.06,-0.86,1.47
69,0.07,-0.05,0.98,-4.17,0.79,1.83
70,0.06,-0.04,0.98,-4.21,1.47,2.71
71,0.07,-0.04,0.96,-4.69,0.8,1.9
72,0.06,-0.05,0.97,-3.78,-1.31,0.53
73,0.06,-0.05,0.97,-3.09,-3.25,-0.69
74,0.06,-0.06,0.97,-3.56,-3.28,-0.43
75,0.05,-0.06,0.97,-4.52,-2.91,-0.83
76,0.05,-0.06,0.98,-4.86,-3.18,-1.05
77,0.06,-0.06,0.98,-5.6,-2.85,-0.24
78,0.06,-0.06,0.98,-6.03,-2.57,0.18
79,0.07,-0.07,0.99,-5.81,-2.56,0.73
80,0.07,-0.06,1.0,-6.01,-2.11,-0.76
81,0.07,-0.07,1.0,-5.18,-1.92,-1.31
82,0.07,-0.07,1.0,-4.08,-1.26,-1.76
83,0.06,-0.06,1.01,-3.61,-1.31,-1.75
84,0.07,-0.06,1.0,-2.59,-0.49,-1.66
85,0.07,-0.06,0.99,-3.44,0.43,-1.21
86,0.06,-0.07,0.99,-4.17,-0.18,-1.06
87,0.05,-0.07,0.98,-5.01,-0.34,-1.26
88,0.05,-0.07,0.98,-4.53,-0.57,-0.24
89,0.05,-0.08,0.98,-3.81,-2.4,-2.02
90,0.07,-0.08,0.99,-3.08,-5.02,-3.17
91,0.07,-0.09,0.99,-3.66,-7.1,-4.5
92,0.06,-0.09,1.0,-3.12,-6.14,-4.71
93,0.07,-0.09,1.0,-1.66,-4.59,-4.58
94,0.07,-0.09,1.01,-1.82,-3.82,-3.42
95,0.07,-0.08,0.99,-2.16,-1.31,-2.04
96,0.06,-0.08,0.99,-3.09,1.0,-0.44
97,0.06,-0.08,0.99,-4.08,1.33,0.17
98,0.06,-0.06,0.99,-4.66,0.23,-0.09
99,0.07,-0.04,0.99,-5.11,-1.34,-0.26
100,0.07,-0.02,0.98,-5.69,-0.67,0.86
101,0.07,0.01,0.97,-7.52,1.41,2.59
102,0.06,0.03,0.98,-8.95,2.71,4.44
103,0.04,0.07,0.99,-11.65,3.05,5.66
104,0.03,0.1,1.0,-14.76,3.77,6.11
105,0.02,0.13,1.01,-17.19,3.08,6.72
106,0.01,0.17,1.05,-19.24,2.76,7.67
107,-0.0,0.22,1.07,-21.97,3.68,9.11
108,-0.0,0.3,1.1,-26.07,2.73,12.63
109,0.01,0.44,1.09,-37.08,1.6,18.34
110,0.02,0.57,1.1,-42.1,5.65,30.91
111,0.07,0.7,1.08,-50.05,18.63,40.55
112,0.13,0.79,1.12,-49.47,30.84,39.37
113,0.23,0.88,1.17,-46.4,28.66,21.96
114,0.3,0.91,1.27,-42.05,13.34,-8.01
115,0.35,0.95,1.36,-33.48,-11.76,-46.29
116,0.36,0.95,1.47,-25.82,-33.48,-78.78
117,0.39,1.0,1.57,-25.4,-37.29,-91.92
118,0.34,1.04,1.63,-27.05,-20.98,-92.43
119,0.24,1.11,1.56,-38.56,0.14,-87.88
120,0.11,1.17,1.48,-49.79,15.18,-89.19
121,-0.02,1.19,1.42,-58.27,20.47,-93.73
122,-0.11,1.19,1.32,-69.82,24.25,-95.04
123,-0.2,1.25,1.18,-82.45,16.18,-98.69
124,-0.19,1.28,0.96,-94.96,-0.89,-107.42
125,-0.08,1.32,0.78,-116.56,-0.21,-112.9
126,0.04,1.4,0.53,-140.83,1.53,-105.81
127,0.25,1.28,0.2,-150.24,-11.61,-96.16
128,0.51,1.03,-0.22,-150.04,-33.02,-81.01
129,0.85,0.51,-0.85,-160.77,-78.24,-72.4
130,1.16,-0.25,-1.38,-170.4,-117.55,-61.01
131,1.6,-1.45,-1.83,-163.95,-120.8,-35.16
132,1.75,-2.0,-2.0,-118.11,19.51,29.79
133,2.0,-2.0,-2.0,-161.38,183.44,23.04
134,1.98,-2.0,-2.0,-250.14,127.98,-129.45
135,1.07,-2.0,-0.35,-250.14,-33.47,-250.14
136,-0.41,-2.0,2.0,-250.14,-111.88,-250.14
137,-2.0,-2.0,2.0,-212.69,-140.83,-250.14
138,-2.0,-2.0,2.0,250.13,10.47,-58.32
139,-2.0,-2.0,2.0,250.13,-65.97,6.4
140,-0.18,-0.91,-1.15,250.13,-26.54,98.98
141,-0.5,1.09,-2.0,198.81,46.31,138.26
142,-0.05,1.17,-1.75,124.2,-96.99,121.52
143,0.97,0.72,-0.89,93.73,-160.94,112.92
144,1.84,0.34,-0.36,64.27,-83.83,107.57
145,2.0,-0.11,0.39,16.28,21.62,87.58
146,1.51,-0.52,0.96,-6.56,51.94,54.95
147,1.0,-0.62,1.02,10.4,48.84,37.92
148,0.62,-0.5,0.69,30.82,38.67,26.21
149,0.36,-0.35,0.36,37.15,12.7,13.1
150,0.24,-0.23,0.26,29.98,-11.08,4.23
151,0.21,-0.23,0.31,12.86,-16.98,5.65
152,0.23,-0.25,0.46,-5.18,-22.79,11.34
153,0.36,-0.29,0.61,-20.97,-11.87,18.65
154,0.49,-0.35,0.7,-34.06,2.14,31.54
155,0.51,-0.44,0.83,-47.22,12.02,36.51
156,0.44,-0.59,1.0,-48.79,32.22,34.56
157,0.3,-0.72,1.15,-33.14,36.87,34.79
158,0.21,-0.72,1.13,-8.62,20.74,24.94
159,0.14,-0.66,1.04,16.37,-5.08,11.23
160,0.12,-0.65,0.92,31.06,-22.56,-2.56
161,0.15,-0.63,0.87,40.07,-32.25,-6.58
162,0.17,-0.65,0.84,42.74,-39.31,-3.53
163,0.24,-0.64,0.85,32.47,-42.02,5.71
164,0.33,-0.58,0.89,12.86,-25.94,22.3
165,0.33,-0.59,0.93,0.13,8.59,42.44
166,0.27,-0.61,0.95,-7.33,40.42,57.56
167,0.16,-0.66,1.0,-3.69,73.4,75.43
168,0.08,-0.69,0.98,11.15,71.11,83.75
169,0.11,-0.7,0.91,29.54,44.91,77.79
170,0.14,-0.63,0.85,35.92,14.77,66.5
171,0.24,-0.56,0.82,35.95,-5.5,52.95
172,0.35,-0.46,0.85,34.08,-22.65,42.08
173,0.38,-0.42,0.89,38.02,-31.92,33.99
174,0.37,-0.39,0.89,41.4,-36.63,23.47
175,0.36,-0.34,0.88,40.92,-37.11,16.11
176,0.32,-0.31,0.88,38.76,-34.39,12.05
177,0.23,-0.32,0.86,39.65,-25.9,11.84
178,0.2,-0.33,0.89,40.21,-11.27,20.78
179,0.19,-0.32,0.88,36.98,-5.88,34.67
180,0.2,-0.32,0.88,32.21,-4.04,40.4
181,0.23,-0.34,0.89,30.12,1.71,44.84
182,0.27,-0.33,0.93,25.95,9.27,45.79
183,0.3,-0.31,0.92,21.52,15.87,46.5
184,0.27,-0.32,0.94,20.01,21.75,46.39
185,0.26,-0.33,0.96,22.05,23.92,41.58
186,0.24,-0.28,0.95,25.01,22.48,35.51
187,0.21,-0.25,0.92,32.22,20.56,30.7
188,0.16,-0.26,0.87,34.84,13.95,20.37
189,0.12,-0.24,0.87,38.4,5.02,14.01
190,0.05,-0.23,0.85,42.03,-5.09,10.63
191,0.06,-0.23,0.84,42.13,-15.45,8.19
192,0.08,-0.26,0.9,41.12,-21.52,6.37
193,0.1,-0.25,0.97,40.02,-13.05,15.31
194,0.12,-0.26,0.99,34.56,4.35,29.27
195,0.11,-0.24,1.0,29.98,19.96,40.08
196,0.12,-0.19,1.0,29.05,25.48,43.55
197,0.17,-0.17,0.97,35.31,23.78,41.32
198,0.2,-0.16,0.92,37.38,17.13,30.35
199,0.2,-0.16,0.95,40.34,9.32,21.19
200,0.21,-0.14,0.92,43.22,1.18,14.39
201,0.21,-0.12,0.91,43.11,-5.34,6.54
202,0.22,-0.11,0.91,39.46,-4.03,1.81
203,0.2,-0.11,0.93,35.28,0.37,2.63
204,0.17,-0.11,0.94,30.96,2.31,3.3
205,0.14,-0.13,0.96,31.46,-0.55,0.39
206,0.13,-0.13,1.0,31.48,-6.53,-3.19
207,0.15,-0.11,1.01,32.6,-9.84,-3.13
208,0.16,-0.1,1.01,32.34,-7.79,-3.91
209,0.17,-0.08,1.01,32.0,-1.15,-2.4
210,0.16,-0.09,0.99,31.27,3.42,-3.17
211,0.15,-0.1,1.0,30.53,8.24,-0.63
212,0.12,-0.09,0.99,29.1,9.34,1.52
213,0.12,-0.08,0.98,27.22,7.5,-0.23
214,0.11,-0.06,0.96,25.18,4.56,0.52
215,0.14,-0.05,0.96,22.77,5.75,-0.57
216,0.16,-0.04,0.95,15.98,5.76,0.52
217,0.14,-0.03,0.98,9.65,12.47,4.08
218,0.15,-0.04,0.98,5.17,21.51,7.75
219,0.13,-0.03,1.0,0.72,24.52,8.25
220,0.08,-0.05,1.0,2.44,23.76,6.84
221,0.06,-0.05,0.99,4.68,18.89,1.89
222,0.04,-0.06,0.98,9.26,11.42,-2.77
223,0.05,-0.04,0.98,11.69,3.89,-8.62
224,0.08,-0.02,0.97,10.94,-1.95,-12.04
225,0.11,-0.02,0.94,8.69,-2.84,-15.56
226,0.11,-0.01,0.95,3.85,-2.05,-15.92
227,0.15,-0.01,0.96,-0.58,-0.66,-11.6
228,0.11,-0.02,0.98,-4.21,1.03,-10.34
229,0.09,-0.03,1.0,-6.21,6.13,-5.73
230,0.1,-0.04,1.0,-7.36,13.11,-0.63
231,0.1,-0.04,0.99,-7.35,15.76,0.02
232,0.07,-0.04,0.98,-5.15,13.95,-2.29
233,0.09,-0.05,0.97,-2.94,9.17,-7.14
234,0.07,-0.07,0.99,-0.21,3.47,-9.5
235,0.08,-0.07,1.0,1.82,-0.04,-11.52
236,0.08,-0.08,1.0,3.35,0.26,-12.52
237,0.07,-0.06,1.0,2.48,1.94,-12.82
238,0.08,-0.06,0.98,3.0,8.05,-8.58
239,0.08,-0.07,0.98,-0.22,16.3,-5.21
240,0.07,-0.08,0.97,-2.0,21.17,-2.28
241,0.09,-0.06,0.96,-5.0,23.69,-2.27
242,0.1,-0.05,0.96,-7.7,28.35,0.85
243,0.08,-0.05,0.98,-10.32,31.38,2.11
244,0.06,-0.04,0.97,-10.13,32.63,3.06
245,0.1,-0.02,0.97,-9.42,33.15,4.87
246,0.09,-0.02,0.96,-9.08,33.38,4.07
247,0.09,-0.01,0.94,-8.48,32.08,0.23
248,0.07,-0.04,0.93,-8.02,31.15,-4.78
249,0.04,-0.05,0.94,-5.64,29.35,-7.44
250,0.0,-0.06,0.95,-3.22,23.07,-13.63
251,-0.01,-0.07,0.97,-2.07,18.34,-19.81
252,-0.02,-0.07,0.98,-0.68,18.51,-21.74
253,-0.04,-0.08,0.99,1.44,17.59,-22.63
254,-0.08,-0.08,0.99,3.46,12.23,-24.54
255,-0.1,-0.07,0.99,5.17,5.0,-28.02
256,-0.09,-0.06,0.97,5.98,-1.66,-30.35
257,-0.1,-0.04,0.97,6.73,-7.41,-31.73
258,-0.09,-0.04,0.97,7.09,-14.27,-32.76
259,-0.07,-0.04,0.95,5.24,-19.82,-30.1
260,-0.08,-0.07,0.97,0.87,-21.89,-25.71
261,-0.08,-0.1,1.0,-3.37,-20.13,-17.55
262,-0.09,-0.13,1.02,-8.5,-15.1,-6.26
263,-0.06,-0.14,1.05,-13.6,-8.89,5.69
264,-0.0,-0.14,1.02,-14.33,1.9,17.29
265,0.01,-0.11,1.07,-19.27,3.69,19.05
266,0.05,-0.12,1.05,-19.79,6.77,22.54
267,0.07,-0.11,1.04,-18.12,5.97,19.94
268,0.08,-0.1,1.03,-14.95,3.05,12.3
269,0.09,-0.1,1.03,-10.56,-2.17,2.52
270,0.08,-0.09,1.03,-6.21,-4.37,-3.63
271,0.06,-0.09,1.03,-3.02,-7.79,-10.12
272,0.03,-0.1,1.01,-1.36,-6.63,-11.67
273,0.01,-0.11,0.99,-1.38,-3.48,-9.88
274,-0.02,-0.11,0.98,-1.85,-1.21,-6.54
275,-0.04,-0.11,0.96,-2.82,-2.11,-3.32
276,-0.05,-0.12,0.94,-4.29,-3.69,-0.86
277,-0.03,-0.11,0.94,-6.1,-5.61,0.61
278,0.01,-0.1,0.95,-8.56,-8.92,0.41
279,0.03,-0.09,0.98,-9.37,-9.75,-1.12
280,0.03,-0.08,1.01,-7.96,-7.66,-1.2
281,0.05,-0.09,1.05,-5.23,-5.76,-1.21
282,0.04,-0.09,1.06,-1.85,-3.56,-1.76
283,0.04,-0.09,1.05,1.11,0.5,-1.38
284,0.04,-0.09,1.05,2.32,4.87,-0.91
285,0.02,-0.1,1.02,3.94,5.23,-2.21
286,0.02,-0.1,1.02,6.05,5.64,-1.37
287,0.0,-0.1,1.01,6.35,2.19,-2.05
288,0.01,-0.09,0.99,5.69,3.91,-3.85
289,0.02,-0.09,0.97,5.88,5.8,-2.59
290,0.03,-0.1,0.96,7.08,5.82,-1.63
291,-0.01,-0.11,0.95,7.14,2.36,-2.95
292,-0.01,-0.11,0.93,7.85,-1.08,-3.49
293,-0.02,-0.11,0.93,5.94,-3.92,-5.17
294,0.01,-0.11,0.91,3.41,-3.72,-3.32
295,0.02,-0.1,0.91,-0.82,-1.14,-2.32
296,0.0,-0.1,0.93,-2.83,-3.17,-1.89
297,0.02,-0.11,0.95,-4.34,-3.58,-0.54
298,0.02,-0.11,0.96,-4.41,-4.4,-1.57
299,0.04,-0.11,0.98,-4.6,-5.17,-2.37
300,0.04,-0.11,1.0,-4.26,-4.08,-3.43
301,0.04,-0.12,1.0,-3.8,-1.96,-3.06
302,0.04,-0.12,1.0,-4.2,-1.08,-2.31
303,0.04,-0.11,1.0,-4.18,0.94,0.11
304,0.03,-0.12,0.99,-4.57,1.45,0.28
305,0.02,-0.11,0.97,-5.44,0.82,-0.98
306,0.03,-0.1,0.98,-5.66,0.18,-0.08
307,0.02,-0.11,0.98,-5.34,0.61,-0.08
308,0.02,-0.11,0.98,-4.5,-1.15,-1.93
309,0.02,-0.11,0.99,-4.29,-3.05,-3.51
310,0.03,-0.11,0.99,-3.51,-2.08,-2.49
311,0.03,-0.12,0.97,-3.66,-0.54,-3.02
312,0.01,-0.12,0.97,-3.2,-1.26,-4.49
313,0.01,-0.12,0.98,-4.27,-2.43,-2.59
314,0.01,-0.14,0.97,-4.19,-2.25,-0.6
315,0.01,-0.13,0.97,-5.56,-2.88,-1.18
316,0.02,-0.12,0.98,-6.57,-4.41,-1.5
317,0.02,-0.11,0.98,-6.58,-3.53,-0.7
318,0.02,-0.11,0.97,-6.35,-2.53,0.21
319,0.03,-0.11,0.98,-7.1,-3.79,-2.05
320,0.05,-0.11,0.97,-7.12,-3.86,-3.86
321,0.04,-0.11,0.99,-5.84,-2.8,-2.4
322,0.04,-0.13,0.98,-5.6,-3.32,-2.18
323,0.05,-0.11,0.98,-6.73,-4.66,-4.84
324,0.05,-0.11,0.98,-7.69,-4.05,-5.11
325,0.03,-0.14,0.99,-7.11,-2.31,-4.6
326,0.02,-0.15,1.0,-5.4,-1.7,-4.68
327,0.03,-0.15,0.99,-4.88,-3.87,-5.69
328,0.01,-0.16,0.99,-5.21,-4.15,-5.28
329,0.0,-0.16,0.99,-5.17,-1.94,-2.15
330,0.02,-0.16,0.98,-5.24,-1.36,0.47
331,0.02,-0.14,0.98,-6.41,-2.4,0.02
332,0.03,-0.14,0.99,-7.63,-3.21,0.24
333,0.02,-0.14,0.99,-7.2,-2.24,0.9
334,0.03,-0.15,0.98,-6.4,-1.59,0.71
335,0.04,-0.14,0.99,-5.26,-3.23,-1.15
336,0.06,-0.13,1.0,-5.47,-4.31,-2.02
337,0.06,-0.14,1.0,-4.99,-2.48,-2.64
338,0.05,-0.14,1.0,-3.63,-1.44,-3.12
339,0.04,-0.14,1.0,-2.25,-1.56,-3.85
340,0.06,-0.15,1.0,-1.93,-2.62,-4.82
341,0.08,-0.14,0.99,-2.89,-2.02,-4.12
342,0.05,-0.13,0.98,-2.82,0.13,-3.31
343,0.03,-0.14,0.99,-2.76,1.77,-2.3
344,0.04,-0.12,0.98,-1.93,1.45,-2.79
345,0.05,-0.12,0.97,-2.21,1.11,-2.7
346,0.06,-0.11,0.97,-2.96,1.76,-1.73
347,0.03,-0.13,0.97,-3.79,1.54,-2.27
348,0.02,-0.14,0.98,-2.89,0.98,-3.03
349,0.02,-0.14,0.98,-2.73,-0.9,-3.19
350,0.04,-0.13,0.98,-4.75,-0.05,-2.33
351,0.02,-0.15,0.99,-4.89,3.08,-0.49
352,0.02,-0.14,0.99,-4.63,4.47,0.01
353,0.04,-0.14,0.98,-3.46,2.09,-1.15
354,0.04,-0.14,1.0,-4.4,0.16,-2.29
355,0.01,-0.15,1.01,-3.09,1.33,-1.57
356,0.01,-0.14,1.0,-1.82,2.74,-0.95
357,0.02,-0.13,0.98,-1.05,2.73,-1.77
358,0.03,-0.13,0.95,-1.97,0.34,-2.35
359,0.01,-0.13,0.98,-2.9,-1.92,-2.41
360,0.0,-0.13,0.97,-2.71,-1.82,-1.9
361,0.01,-0.13,0.96,-2.71,-1.88,-2.22
362,0.03,-0.14,0.97,-3.92,-2.67,-3.83
363,0.04,-0.14,0.98,-3.75,-2.43,-3.6
364,0.02,-0.16,0.99,-3.31,-1.92,-2.91
365,0.01,-0.17,0.98,-1.73,-1.89,-2.7
366,0.01,-0.17,0.99,-1.26,-3.3,-3.68
367,0.05,-0.15,0.98,-2.42,-3.15,-1.63
368,0.02,-0.16,1.0,-3.79,-0.41,0.42
369,0.01,-0.16,1.0,-2.4,1.79,1.31
370,0.01,-0.16,1.0,-1.16,0.0,0.02
371,0.04,-0.15,1.0,-0.27,-2.6,-1.03
372,0.03,-0.15,1.01,-0.43,-3.05,-1.83
373,0.03,-0.15,1.01,0.62,-1.47,-0.73
374,0.05,-0.14,1.01,1.12,0.98,1.7
375,0.03,-0.14,1.0,0.1,1.95,1.91
376,0.02,-0.13,0.98,0.59,2.21,1.82
377,0.03,-0.14,0.97,0.78,0.83,0.77
378,0.03,-0.13,0.98,1.34,-0.15,-0.99
379,0.05,-0.13,0.98,1.65,-0.13,-0.62
380,0.02,-0.14,0.98,2.14,-0.71,-1.61
381,0.02,-0.14,0.98,2.8,-2.01,-1.99
382,0.02,-0.13,0.97,2.1,-3.47,-2.6
383,0.02,-0.12,0.98,0.74,-3.47,-1.8
384,0.03,-0.12,0.98,0.41,-0.67,1.92
385,0.03,-0.12,0.97,-0.42,2.07,3.21
386,0.03,-0.1,0.96,-1.68,1.69,2.73
387,0.02,-0.1,0.96,-1.8,0.17,1.15
388,0.05,-0.1,0.95,-0.9,-0.77,0.95
389,0.06,-0.09,0.96,-1.81,-1.18,-0.56
390,0.04,-0.09,0.95,-2.93,-1.37,-2.33
391,0.02,-0.1,0.97,-2.13,-1.6,-2.88
392,0.03,-0.12,0.96,-1.11,-2.75,-3.56
393,0.04,-0.11,0.97,-1.85,-3.81,-4.14
394,0.03,-0.13,0.98,-3.06,-3.44,-4.49
395,0.02,-0.13,0.98,-2.89,-1.89,-3.09
396,0.02,-0.13,0.99,-2.66,-0.97,-2.56
397,0.03,-0.14,0.98,-2.63,-1.54,-3.47
398,0.05,-0.12,0.99,-2.33,-1.76,-3.4
399,0.03,-0.13,0.99,-3.08,-0.78,-3.69
