,accel_x,accel_y,accel_z,gyro_x,gyro_y,gyro_z
0,0.01,-0.24,0.95,-2.44,0.38,-0.22
1,0.01,-0.24,0.95,-2.92,-0.29,-0.15
2,0.01,-0.24,0.95,-3.01,-0.22,-0.16
3,0.0,-0.25,0.96,-2.25,-0.79,-0.44
4,-0.0,-0.25,0.95,-1.63,-2.15,-0.94
5,0.01,-0.24,0.96,-1.95,-2.21,-1.17
6,0.01,-0.24,0.97,-2.28,-1.82,-1.63
7,0.02,-0.25,0.96,-2.92,-1.56,-1.6
8,0.02,-0.25,0.97,-2.71,1.01,-1.09
9,0.01,-0.25,0.97,-2.08,-0.21,-1.74
10,0.01,-0.23,0.97,-1.69,0.05,-1.07
11,0.02,-0.24,0.96,-1.26,0.84,-0.18
12,0.02,-0.23,0.96,-1.54,-0.17,-1.17
13,0.03,-0.22,0.96,-2.17,-0.74,-1.39
14,0.03,-0.23,0.95,-2.39,0.02,-0.37
15,0.02,-0.23,0.96,-2.16,-0.69,-1.5
16,0.02,-0.24,0.96,-2.56,-2.19,-2.98
17,0.03,-0.24,0.95,-2.66,-1.66,-3.39
18,0.03,-0.24,0.95,-2.85,-0.99,-3.69
19,0.02,-0.24,0.95,-2.83,-0.47,-2.27
20,0.01,-0.23,0.96,-2.78,-0.07,-1.47
21,0.01,-0.24,0.95,-3.05,0.09,-0.95
22,0.01,-0.24,0.95,-2.86,0.05,-0.43
23,0.01,-0.25,0.95,-2.82,-1.07,-1.21
24,0.02,-0.25,0.96,-2.71,-1.06,-1.84
25,0.01,-0.24,0.96,-2.79,-0.87,-1.76
26,0.01,-0.25,0.96,-2.85,-0.55,-2.08
27,0.01,-0.25,0.95,-3.05,-0.85,-2.24
28,0.0,-0.25,0.96,-3.21,-2.09,-3.27
29,0.0,-0.25,0.97,-3.12,-2.14,-3.4
30,0.01,-0.25,0.97,-3.21,-1.3,-2.82
31,0.02,-0.25,0.96,-3.24,-0.69,-1.45
32,0.01,-0.25,0.97,-3.07,0.05,-0.73
33,0.01,-0.24,0.95,-2.81,-0.73,-0.63
34,0.0,-0.24,0.95,-2.52,-1.75,-0.37
35,0.01,-0.24,0.93,-2.55,-3.54,-1.85
36,0.01,-0.24,0.95,-3.55,-4.81,-2.17
37,0.01,-0.24,0.95,-4.19,-4.21,-1.48
38,0.01,-0.24,0.95,-4.25,-3.59,-0.96
39,0.03,-0.24,0.96,-4.55,-3.51,-0.85
40,0.03,-0.25,0.97,-4.48,-2.8,-0.26
41,0.04,-0.24,0.98,-3.65,-1.51,0.47
42,0.03,-0.24,0.96,-3.34,-1.6,-2.15
43,0.02,-0.25,0.97,-3.18,-1.68,-3.56
44,0.01,-0.25,0.97,-1.9,-1.21,-3.77
45,0.02,-0.25,0.97,-1.64,-0.5,-4.11
46,0.02,-0.25,0.96,-1.89,-0.08,-3.63
47,0.02,-0.25,0.96,-2.69,0.78,-2.44
48,0.01,-0.25,0.95,-2.56,0.22,-2.31
49,0.0,-0.25,0.95,-2.02,-1.15,-2.31
50,0.0,-0.26,0.96,-2.23,-1.37,-2.62
51,0.0,-0.26,0.95,-2.26,-2.76,-3.17
52,-0.0,-0.26,0.96,-2.02,-3.24,-2.56
53,0.02,-0.25,0.95,-1.83,-2.42,-1.14
54,0.02,-0.25,0.95,-2.85,-2.66,-1.37
55,0.02,-0.25,0.96,-2.85,-3.2,-1.96
56,0.02,-0.25,0.96,-2.02,-2.94,-1.45
57,0.04,-0.24,0.96,-1.98,-2.66,-2.98
58,0.03,-0.24,0.97,-2.15,-2.45,-4.36
59,0.04,-0.25,0.97,-1.2,-2.31,-4.29
60,0.02,-0.26,0.97,-0.18,-1.5,-3.79
61,0.03,-0.24,0.97,-0.79,-0.24,-2.95
62,0.02,-0.24,0.96,-1.58,0.55,-1.68
63,0.01,-0.23,0.95,-1.3,0.49,-0.85
64,0.01,-0.23,0.94,-1.48,-0.75,-1.57
65,0.02,-0.23,0.94,-2.02,-1.16,-2.56
66,0.02,-0.23,0.95,-1.94,-1.53,-3.18
67,0.02,-0.24,0.95,-1.37,-2.26,-3.51
68,0.01,-0.23,0.95,-1.54,-2.76,-4.11
69,0.03,-0.23,0.96,-2.26,-1.64,-3.5
70,0.03,-0.24,0.96,-2.24,0.43,-2.83
71,0.02,-0.25,0.96,-2.09,0.27,-3.37
72,0.01,-0.25,0.97,-1.37,-0.34,-3.53
73,0.02,-0.25,0.96,-1.31,0.43,-2.37
74,0.01,-0.26,0.96,-0.9,-0.09,-2.74
75,-0.0,-0.25,0.96,-0.95,-0.7,-3.26
76,0.0,-0.25,0.96,-0.85,-0.89,-2.65
77,-0.0,-0.24,0.96,-0.89,-0.12,-0.9
78,-0.0,-0.24,0.96,-1.05,-0.18,-0.77
79,0.01,-0.23,0.95,-1.32,-0.66,-1.25
80,0.03,-0.22,0.95,-2.02,-1.12,-2.18
81,0.03,-0.22,0.95,-1.82,-1.18,-3.27
82,0.03,-0.23,0.95,-1.23,-1.15,-4.61
83,0.04,-0.23,0.96,-1.44,0.6,-4.15
84,0.01,-0.23,0.96,-1.6,0.87,-4.64
85,0.02,-0.23,0.96,-1.48,1.32,-3.69
86,0.01,-0.23,0.96,-1.68,0.68,-2.89
87,0.01,-0.22,0.95,-2.86,0.73,-2.79
88,0.01,-0.22,0.97,-3.89,0.48,-2.82
89,-0.0,-0.2,0.98,-5.06,0.34,-2.96
90,-0.0,-0.2,1.0,-7.28,3.42,-0.62
91,-0.03,-0.18,1.01,-8.28,8.09,3.69
92,-0.04,-0.17,0.99,-8.85,15.02,9.85
93,-0.08,-0.16,0.98,-9.47,16.69,14.76
94,-0.08,-0.13,0.98,-9.42,17.92,17.02
95,-0.06,-0.09,0.97,-10.93,16.56,14.4
96,-0.03,-0.07,1.0,-11.27,14.01,8.06
97,-0.01,-0.03,1.04,-9.17,12.65,0.36
98,0.01,-0.01,1.1,-0.76,12.47,-6.69
99,-0.02,0.01,1.14,9.57,9.6,-17.18
100,-0.02,0.04,1.19,16.98,8.29,-25.95
101,-0.06,0.09,1.24,19.15,4.04,-33.88
102,-0.09,0.13,1.27,24.71,0.63,-37.85
103,-0.1,0.21,1.28,29.2,-4.27,-43.15
104,-0.09,0.28,1.3,29.31,-5.73,-43.93
105,-0.09,0.38,1.3,25.47,-11.08,-41.83
106,-0.07,0.51,1.31,16.85,-5.43,-33.51
107,-0.06,0.65,1.3,7.37,2.76,-20.38
108,0.0,0.84,1.3,-11.56,13.49,-6.23
109,0.05,1.03,1.3,-26.94,22.98,4.98
110,0.07,1.22,1.28,-53.42,33.02,11.91
111,0.14,1.45,1.29,-77.27,44.78,19.07
112,0.21,1.62,1.22,-102.82,49.24,18.76
113,0.1,1.7,1.3,-120.42,38.45,-5.65
114,0.1,1.74,1.31,-121.68,24.32,-42.94
115,0.08,1.76,1.25,-120.33,3.87,-83.92
116,0.16,1.75,1.15,-119.26,-10.12,-119.68
117,0.41,1.67,0.95,-118.1,-4.04,-139.72
118,0.61,1.37,0.78,-114.53,14.09,-147.3
119,0.71,0.87,0.58,-93.54,45.16,-145.69
120,0.72,0.24,0.22,-53.63,61.57,-126.6
121,0.66,-0.47,-0.27,-13.18,46.1,-91.66
122,0.89,-1.43,-0.73,25.03,43.85,-24.64
123,1.0,-2.0,-1.42,52.6,69.76,68.04
124,1.38,-2.0,-2.0,8.24,112.61,137.63
125,1.95,-2.0,-2.0,-130.9,141.15,74.33
126,1.77,-2.0,-2.0,-250.14,80.89,-150.23
127,0.57,-2.0,-0.08,-250.14,-25.4,-250.14
128,-1.57,-2.0,2.0,-250.14,-165.84,-250.14
129,-2.0,-2.0,2.0,-212.72,-244.09,-250.14
130,-2.0,-2.0,2.0,105.5,-182.76,-250.14
131,-2.0,-2.0,2.0,250.13,-96.83,30.26
132,-1.07,-1.7,0.49,250.13,18.31,212.8
133,-0.54,0.29,-1.26,250.13,41.36,250.13
134,-0.14,1.01,-1.57,159.41,-90.7,222.48
135,0.87,0.79,-1.16,85.6,-182.34,151.92
136,1.73,0.51,-0.53,26.65,-205.76,84.27
137,2.0,-0.01,0.13,-22.4,-141.92,26.31
138,1.61,-0.55,0.77,-35.82,-59.95,9.96
139,1.01,-1.01,1.15,-10.35,-21.15,11.08
140,0.62,-1.14,1.22,16.02,21.2,27.24
141,0.38,-1.01,1.08,53.45,33.31,49.02
142,0.26,-0.79,0.75,73.73,25.02,48.63
143,0.23,-0.57,0.56,68.56,14.05,42.4
144,0.18,-0.44,0.47,53.28,6.47,44.6
145,0.16,-0.41,0.49,40.89,-2.67,46.77
146,0.3,-0.42,0.58,29.02,-10.83,43.38
147,0.46,-0.46,0.68,16.27,-6.4,37.54
148,0.48,-0.56,0.86,8.94,7.6,31.93
149,0.5,-0.59,1.0,4.86,30.89,37.97
150,0.44,-0.55,1.04,4.53,51.04,43.06
151,0.33,-0.49,0.97,10.78,60.56,40.84
152,0.2,-0.46,0.9,18.02,58.15,33.56
153,0.09,-0.44,0.86,23.64,49.13,26.82
154,0.0,-0.42,0.8,26.74,36.34,25.24
155,-0.02,-0.45,0.8,32.94,22.42,28.05
156,-0.06,-0.43,0.78,30.35,8.0,29.83
157,-0.04,-0.41,0.75,22.84,-4.21,31.31
158,-0.01,-0.4,0.8,14.02,-9.21,34.56
159,0.02,-0.44,0.88,10.16,-8.14,40.02
160,0.01,-0.49,0.91,11.33,-8.98,42.11
161,0.02,-0.48,0.92,17.7,-16.69,39.82
162,0.05,-0.5,0.94,27.84,-32.4,31.77
163,0.11,-0.5,0.98,37.6,-44.53,23.01
164,0.17,-0.47,1.01,42.9,-48.92,15.31
165,0.26,-0.39,1.02,42.15,-44.74,10.3
166,0.28,-0.31,1.0,41.89,-34.62,7.99
167,0.21,-0.27,0.96,44.66,-22.19,7.78
168,0.15,-0.22,0.89,38.76,-9.53,11.41
169,0.12,-0.19,0.82,26.98,7.2,25.8
170,0.02,-0.19,0.76,11.97,17.01,36.73
171,-0.02,-0.21,0.76,2.9,12.95,41.03
172,-0.03,-0.22,0.78,-2.98,2.17,41.37
173,-0.01,-0.26,0.83,-4.89,-10.7,38.53
174,0.07,-0.29,0.89,-4.44,-19.89,31.76
175,0.14,-0.32,0.96,-2.61,-22.48,27.56
176,0.15,-0.35,1.02,5.17,-20.89,25.28
177,0.17,-0.34,1.02,14.34,-17.69,23.4
178,0.16,-0.31,0.99,23.34,-14.6,20.06
179,0.13,-0.3,0.94,28.23,-12.05,15.1
180,0.06,-0.27,0.92,30.02,-12.27,16.31
181,0.02,-0.24,0.88,28.02,-17.56,15.54
182,0.04,-0.23,0.87,23.22,-24.42,17.14
183,0.1,-0.21,0.88,16.57,-27.2,18.44
184,0.17,-0.21,0.89,9.04,-27.27,17.73
185,0.24,-0.22,0.92,4.33,-25.5,16.67
186,0.26,-0.22,0.96,2.73,-20.4,15.48
187,0.27,-0.23,0.98,3.51,-10.49,18.01
188,0.24,-0.26,1.0,8.69,0.69,22.03
189,0.18,-0.24,0.96,11.95,7.17,23.18
190,0.13,-0.23,0.93,12.89,4.42,16.94
191,0.12,-0.2,0.92,15.68,-3.37,10.6
192,0.14,-0.19,0.93,18.73,-7.98,8.16
193,0.19,-0.21,0.94,19.74,-10.39,3.86
194,0.22,-0.19,0.95,14.21,-9.4,2.48
195,0.24,-0.19,0.99,13.49,-3.56,7.66
196,0.21,-0.19,1.03,17.02,4.54,11.6
197,0.25,-0.16,1.0,18.79,17.29,16.5
198,0.22,-0.13,0.96,20.27,29.53,18.39
199,0.18,-0.12,0.92,21.21,34.44,15.01
200,0.13,-0.12,0.87,22.25,31.85,10.23
201,0.08,-0.11,0.86,23.79,23.31,1.63
202,0.08,-0.11,0.87,23.74,10.49,-9.11
203,0.1,-0.11,0.89,21.85,3.49,-13.86
204,0.15,-0.12,0.92,19.78,1.2,-15.8
205,0.18,-0.11,0.95,16.51,3.89,-16.24
206,0.21,-0.1,0.95,11.75,13.51,-11.82
207,0.17,-0.1,0.97,9.09,21.07,-10.09
208,0.13,-0.12,0.97,9.67,28.27,-5.13
209,0.05,-0.13,0.98,11.99,33.84,1.29
210,0.01,-0.13,0.95,17.91,36.56,4.46
211,-0.06,-0.11,0.93,25.32,33.0,3.6
212,0.02,-0.09,0.86,19.22,17.11,-6.71
213,0.07,-0.08,0.86,15.69,20.99,-13.41
214,0.11,-0.08,0.88,12.65,17.2,-20.55
215,0.08,-0.1,0.97,4.62,5.24,-24.11
216,0.15,-0.1,1.02,1.66,11.63,-21.47
217,0.12,-0.1,1.02,1.75,16.69,-14.81
218,0.09,-0.1,1.01,2.23,19.85,-13.05
219,0.07,-0.13,1.0,2.15,24.48,-8.76
220,0.02,-0.15,1.01,2.42,29.27,-3.08
221,-0.05,-0.15,0.98,4.94,28.63,1.7
222,-0.08,-0.17,0.95,7.82,22.6,3.54
223,-0.12,-0.18,0.95,10.95,13.08,4.5
224,-0.13,-0.19,0.93,13.85,0.91,3.57
225,-0.11,-0.18,0.93,15.18,-10.61,3.37
226,-0.08,-0.19,0.97,14.84,-17.54,2.12
227,-0.05,-0.19,1.0,11.56,-15.34,4.34
228,-0.01,-0.18,1.02,7.91,-7.85,8.82
229,0.03,-0.14,1.02,4.5,3.59,13.37
230,0.02,-0.12,1.01,2.37,11.4,14.49
231,-0.03,-0.11,1.02,4.5,8.97,14.82
232,-0.08,-0.11,1.0,6.16,9.34,16.0
233,-0.1,-0.1,0.97,9.04,2.5,16.05
234,-0.11,-0.09,0.95,11.31,-8.67,12.66
235,-0.09,-0.09,0.94,13.37,-20.71,9.52
236,-0.08,-0.09,0.95,13.31,-30.69,7.87
237,-0.05,-0.08,0.96,12.79,-39.54,6.76
238,0.02,-0.09,0.96,9.21,-36.98,8.02
239,0.06,-0.06,0.95,0.74,-33.53,8.47
240,0.11,-0.05,0.96,-9.56,-19.49,10.71
241,0.11,-0.06,0.97,-17.63,-11.87,9.82
242,0.09,-0.07,1.0,-21.74,-7.78,8.08
243,0.08,-0.1,1.03,-21.78,-4.33,7.18
244,0.07,-0.12,1.05,-18.93,-0.53,9.41
245,0.07,-0.12,1.04,-15.92,2.08,9.68
246,0.06,-0.12,1.04,-12.23,-0.47,7.4
247,0.06,-0.12,1.03,-8.5,-2.81,5.69
248,0.07,-0.11,1.0,-6.08,-4.79,5.76
249,0.08,-0.09,0.99,-6.19,-7.53,3.75
250,0.11,-0.08,0.99,-9.6,-8.63,1.36
251,0.15,-0.08,0.97,-14.52,-5.46,-2.87
252,0.12,-0.1,0.99,-17.17,-2.93,-6.59
253,0.07,-0.15,1.02,-18.75,-1.39,-9.46
254,0.04,-0.17,1.05,-19.02,1.92,-6.6
255,0.03,-0.18,1.05,-17.93,5.76,-1.95
256,0.03,-0.19,1.05,-15.21,6.85,-0.21
257,0.05,-0.19,1.05,-12.27,4.58,-1.52
258,0.06,-0.18,1.05,-9.08,2.84,-3.75
259,0.08,-0.18,1.05,-6.27,4.01,-5.07
260,0.08,-0.18,1.04,-4.49,5.31,-5.7
261,0.06,-0.17,1.03,-3.18,6.33,-5.59
262,0.07,-0.15,1.02,-1.92,8.69,-4.96
263,0.07,-0.14,1.0,-2.04,9.25,-6.27
264,0.07,-0.13,0.98,-1.26,10.31,-6.45
265,0.07,-0.14,0.97,-1.05,8.47,-8.16
266,0.06,-0.16,0.98,-1.66,7.44,-11.09
267,0.04,-0.18,1.0,-1.61,7.66,-11.67
268,0.04,-0.18,1.0,-2.08,9.95,-9.31
269,0.02,-0.17,0.98,-2.27,14.21,-4.87
270,0.01,-0.16,0.97,-3.64,16.53,-0.73
271,-0.01,-0.16,0.96,-4.63,18.79,4.22
272,-0.0,-0.14,0.94,-6.67,19.14,5.58
273,-0.0,-0.13,0.95,-8.42,18.84,7.36
274,0.0,-0.15,0.94,-8.64,16.44,5.33
275,0.0,-0.14,0.96,-8.63,14.43,2.58
276,0.0,-0.15,0.94,-7.39,12.27,0.39
277,0.0,-0.15,0.95,-7.81,11.22,-0.3
278,-0.01,-0.15,0.95,-8.3,9.47,-2.38
279,-0.02,-0.16,0.97,-7.6,7.51,-4.77
280,-0.02,-0.16,0.97,-6.29,6.61,-5.28
281,-0.03,-0.15,0.97,-5.91,5.18,-5.46
282,-0.03,-0.14,0.97,-6.63,3.86,-6.5
283,-0.02,-0.14,0.98,-6.88,3.68,-5.81
284,-0.03,-0.15,1.0,-7.54,4.15,-3.73
285,-0.03,-0.18,1.01,-8.74,5.14,-1.02
286,-0.04,-0.19,1.03,-9.24,5.78,0.76
287,-0.04,-0.2,1.04,-8.5,7.11,1.76
288,-0.04,-0.21,1.03,-6.86,7.62,2.92
289,-0.03,-0.22,1.04,-4.82,8.53,2.24
290,-0.02,-0.21,1.02,-2.48,7.84,0.45
291,-0.03,-0.2,1.01,0.97,5.92,-2.81
292,-0.03,-0.2,0.98,3.37,2.75,-7.02
293,-0.03,-0.19,0.97,5.03,-0.39,-10.62
294,-0.03,-0.19,0.96,4.54,-0.25,-10.02
295,-0.03,-0.18,0.94,3.31,0.7,-7.52
296,-0.04,-0.18,0.92,0.53,0.99,-6.42
297,-0.04,-0.17,0.91,-2.37,0.5,-4.84
298,-0.03,-0.18,0.92,-4.5,-0.07,-3.15
299,-0.04,-0.18,0.93,-6.4,-2.44,-2.95
300,-0.02,-0.18,0.94,-6.69,-3.91,-2.85
301,0.0,-0.18,0.95,-6.35,-2.82,-2.57
302,-0.01,-0.19,0.97,-5.44,-2.95,-2.97
303,0.02,-0.19,0.98,-4.34,-1.65,-4.31
304,0.02,-0.19,0.97,-3.28,-0.43,-5.76
305,0.02,-0.19,0.97,-3.05,0.45,-6.38
306,0.01,-0.19,0.97,-3.49,1.86,-5.93
307,-0.01,-0.19,0.97,-4.02,2.24,-6.08
308,-0.02,-0.19,0.96,-4.81,1.92,-7.01
309,-0.03,-0.19,0.97,-5.9,2.82,-6.6
310,-0.04,-0.2,0.97,-6.11,2.26,-6.16
311,-0.05,-0.2,0.96,-5.61,2.28,-5.54
312,-0.05,-0.21,0.97,-5.77,1.66,-4.47
313,-0.05,-0.21,0.96,-4.92,1.17,-2.42
314,-0.05,-0.2,0.97,-5.25,1.56,-0.39
315,-0.06,-0.2,0.96,-5.6,0.89,1.34
316,-0.04,-0.2,0.95,-6.05,0.6,1.44
317,-0.04,-0.2,0.96,-7.16,0.46,1.63
318,-0.04,-0.21,0.97,-6.57,0.29,1.9
319,-0.03,-0.2,0.97,-6.19,-0.07,1.26
320,-0.02,-0.2,0.97,-5.95,-0.19,-0.51
321,-0.03,-0.19,0.98,-5.57,-0.08,-0.34
322,-0.04,-0.2,0.95,-3.89,-0.69,-0.36
323,-0.04,-0.19,0.95,-3.41,-3.25,-1.31
324,-0.0,-0.19,0.95,-4.88,-4.98,-3.99
325,0.01,-0.19,0.97,-5.46,-1.85,-2.33
326,-0.01,-0.19,0.98,-5.34,-0.71,-1.16
327,-0.0,-0.19,0.96,-5.15,0.37,0.07
328,-0.02,-0.19,0.97,-5.26,0.08,-1.05
329,-0.01,-0.2,0.97,-5.94,0.16,-1.68
330,-0.01,-0.2,0.97,-5.58,0.24,-1.71
331,-0.02,-0.2,0.96,-4.68,-0.34,-2.02
332,-0.04,-0.23,0.96,-4.4,-3.5,-4.18
333,-0.05,-0.24,0.99,-4.28,-6.11,-6.49
334,0.0,-0.22,0.98,-4.05,-3.74,-6.27
335,-0.01,-0.23,0.99,-3.89,-1.55,-4.37
336,-0.03,-0.24,1.01,-3.5,-0.86,-2.2
337,-0.04,-0.24,0.99,-2.85,-0.06,-0.98
338,-0.04,-0.23,0.98,-2.6,-0.43,-1.72
339,-0.01,-0.21,0.97,-1.76,-0.38,-0.92
340,-0.05,-0.22,0.96,-1.83,-2.09,-1.31
341,-0.04,-0.22,0.97,-1.84,-4.27,-1.82
342,-0.03,-0.21,0.97,-1.63,-4.25,-1.74
343,-0.01,-0.2,0.97,-2.33,-4.65,-2.76
344,0.01,-0.2,0.97,-2.54,-2.74,-3.51
345,0.02,-0.19,0.97,-2.59,-0.98,-1.76
346,0.01,-0.19,0.97,-2.02,-0.53,-2.51
347,0.01,-0.19,0.95,-1.33,-0.98,-3.27
348,0.01,-0.19,0.95,-2.02,-0.92,-3.22
349,0.0,-0.2,0.96,-2.85,-0.22,-1.47
350,-0.0,-0.2,0.97,-3.5,-0.24,-2.55
351,-0.01,-0.21,0.96,-4.02,0.0,-4.1
352,-0.02,-0.21,0.98,-3.3,0.59,-3.82
353,-0.02,-0.21,0.98,-2.8,0.96,-2.04
354,-0.02,-0.21,0.97,-2.28,1.0,-1.47
355,-0.02,-0.21,0.98,-3.15,0.65,-2.47
356,-0.0,-0.22,0.99,-2.78,0.25,-2.56
357,-0.0,-0.22,0.99,-1.69,0.33,-3.21
358,-0.02,-0.23,0.99,-0.68,0.37,-3.99
359,-0.02,-0.24,1.0,0.62,-0.23,-4.78
360,-0.02,-0.22,1.0,1.65,1.23,-4.05
361,-0.02,-0.21,0.98,2.44,3.26,-2.44
362,-0.04,-0.2,0.97,1.45,3.94,-1.42
363,-0.04,-0.19,0.95,0.95,2.95,-1.29
364,-0.04,-0.18,0.95,0.38,2.78,0.19
365,-0.03,-0.17,0.95,0.15,2.1,0.39
366,-0.02,-0.17,0.93,-0.75,0.78,-1.5
367,-0.03,-0.17,0.93,-1.13,-0.23,-2.14
368,-0.02,-0.16,0.93,-1.25,-0.34,-2.18
369,-0.02,-0.15,0.93,-1.94,-1.09,-2.52
370,-0.01,-0.15,0.92,-3.26,-1.94,-3.53
371,-0.01,-0.15,0.92,-4.6,-2.29,-5.4
372,-0.02,-0.17,0.92,-5.15,-4.87,-7.46
373,-0.01,-0.19,0.94,-4.95,-4.93,-7.18
374,-0.01,-0.2,0.96,-5.28,-4.82,-7.46
375,-0.0,-0.21,0.97,-4.44,-3.0,-6.82
376,-0.01,-0.21,0.97,-4.14,-2.14,-7.11
377,-0.02,-0.23,0.98,-3.81,-0.79,-7.18
378,-0.04,-0.22,0.98,-3.3,-0.38,-6.53
379,-0.04,-0.23,0.98,-3.77,-0.63,-5.89
380,-0.03,-0.21,0.97,-4.42,-0.34,-4.05
381,-0.02,-0.2,0.97,-4.4,0.89,-1.81
382,-0.03,-0.2,0.98,-4.24,0.98,-0.76
383,-0.04,-0.2,0.97,-4.54,0.21,-0.91
384,-0.04,-0.19,0.96,-4.49,-0.63,-1.7
385,-0.03,-0.2,0.97,-4.12,-1.65,-2.47
386,-0.02,-0.2,0.97,-3.96,-1.98,-3.24
387,-0.03,-0.21,0.98,-4.5,-2.64,-4.68
388,-0.03,-0.22,0.98,-3.77,-3.25,-4.03
389,-0.01,-0.22,0.98,-3.43,-2.44,-2.5
390,-0.02,-0.21,0.98,-3.44,-1.89,-1.98
391,-0.0,-0.21,0.97,-2.95,-0.88,-1.5
392,-0.0,-0.22,0.97,-2.45,-0.31,-1.44
393,-0.02,-0.21,0.98,-3.01,-1.05,-2.38
394,-0.01,-0.22,0.97,-2.74,-1.21,-3.0
395,-0.01,-0.22,0.97,-2.16,-1.89,-3.1
396,-0.01,-0.22,0.97,-2.1,-2.5,-2.45
397,-0.01,-0.21,0.97,-2.58,-1.71,-1.85
398,-0.01,-0.22,0.97,-2.57,-1.53,-1.83
399,0.0,-0.22,0.97,-2.38,-0.5,-0.51
400,-0.01,-0.21,0.97,-2.34,-0.08,-0.17
