,accel_x,accel_y,accel_z,gyro_x,gyro_y,gyro_z
0,0.04,-0.02,0.98,-0.66,0.31,0.72
1,0.04,-0.02,0.99,-1.11,0.23,-0.18
2,0.03,-0.03,0.99,-0.98,-1.4,-1.8
3,0.03,-0.02,1.0,-1.06,-2.91,-2.83
4,0.05,-0.01,1.0,-0.35,-2.24,-3.05
5,0.05,-0.02,0.99,-0.09,-0.67,-2.65
6,0.05,-0.01,0.99,-0.85,0.21,-2.45
7,0.04,-0.01,0.99,-1.08,0.63,-2.82
8,0.04,-0.02,0.99,-0.72,0.45,-2.56
9,0.04,-0.01,0.98,-1.45,0.05,-2.69
10,0.04,0.0,0.98,-1.66,-0.5,-3.23
11,0.05,0.01,0.99,-1.6,1.58,-3.26
12,0.03,-0.0,0.98,-1.52,2.12,-3.04
13,0.04,-0.0,0.97,-1.27,-0.58,-4.66
14,0.04,0.01,0.98,-1.19,0.02,-4.85
15,0.02,0.01,0.99,-1.24,0.26,-5.61
16,0.0,-0.01,0.97,0.17,-1.61,-4.54
17,-0.0,-0.01,0.97,-0.96,-3.51,-3.98
18,0.02,-0.01,0.98,-3.22,-0.72,-2.97
19,0.0,-0.01,0.99,-3.68,0.59,-1.74
20,-0.0,-0.02,0.98,-2.57,0.9,0.08
21,-0.0,-0.02,0.97,-3.53,-2.21,-1.45
22,0.02,-0.03,0.98,-3.31,-3.7,-1.02
23,0.01,-0.02,0.99,-3.73,-3.03,-0.95
24,0.0,-0.02,1.0,-2.82,-2.35,0.7
25,-0.0,-0.02,0.99,-3.21,-2.87,1.58
26,0.01,-0.03,0.98,-3.86,-3.09,3.18
27,0.03,-0.01,0.99,-3.21,-0.76,5.53
28,0.04,-0.02,0.98,-2.79,-0.28,5.2
29,0.03,-0.02,0.99,-3.05,-1.49,3.93
30,0.04,-0.01,1.0,-2.73,-2.14,3.71
31,0.06,-0.0,0.98,-3.27,-1.58,2.39
32,0.05,0.0,0.97,-3.41,-2.39,0.47
33,0.06,0.0,0.99,-3.6,-2.5,0.37
34,0.06,0.01,0.99,-3.15,-1.02,0.39
35,0.06,0.01,1.0,-2.05,-0.47,-0.47
36,0.06,0.01,1.0,-2.15,0.6,-1.6
37,0.04,0.02,0.98,-2.51,0.91,-1.4
38,0.04,0.01,0.98,-1.79,1.07,-0.82
39,0.04,0.0,0.96,-2.17,0.98,-1.54
40,0.03,0.0,0.97,-2.95,-0.44,-2.21
41,0.03,-0.0,0.96,-3.09,-0.72,-0.87
42,0.03,-0.02,0.96,-2.72,-0.92,-1.46
43,0.02,-0.02,0.97,-3.71,-3.07,-2.81
44,0.01,-0.03,0.99,-3.11,-3.13,-2.54
45,0.02,-0.04,1.0,-1.47,-3.3,-2.17
46,0.01,-0.04,1.01,-2.18,-3.35,-2.91
47,0.02,-0.05,1.02,-1.36,-2.81,-2.5
48,0.02,-0.05,1.02,-1.27,-1.84,-2.49
49,0.02,-0.04,1.02,-1.28,-0.68,-1.39
50,0.02,-0.04,1.03,-0.23,0.91,0.14
51,0.02,-0.04,1.03,0.43,1.34,0.2
52,0.02,-0.03,1.02,2.18,1.34,1.2
53,0.02,-0.01,1.02,1.69,1.98,1.12
54,0.03,-0.01,1.0,3.69,3.04,2.73
55,0.03,0.01,0.99,3.55,3.01,2.38
56,0.05,0.01,0.97,3.46,2.73,1.98
57,0.05,0.02,0.96,2.25,2.6,0.14
58,0.06,0.02,0.95,1.65,1.9,-0.15
59,0.03,0.02,0.96,0.82,-0.12,-1.42
60,0.04,0.01,0.95,0.53,-1.69,-1.69
61,0.05,0.02,0.96,0.16,-2.32,-1.24
62,0.04,0.0,0.98,-0.3,-2.03,-1.2
63,0.05,0.01,0.99,-0.46,-1.26,-0.98
64,0.05,0.01,0.99,-0.6,-0.26,-1.66
65,0.05,0.01,0.99,-0.96,1.95,-2.11
66,0.04,0.01,0.98,-1.05,2.2,-2.42
67,0.04,0.01,0.98,-0.89,1.44,-3.28
68,0.03,0.0,0.98,-0.92,0.82,-3.65
69,0.03,0.0,0.99,-0.94,0.37,-3.62
70,0.03,0.01,0.98,-1.37,1.37,-3.63
71,0.03,0.01,0.99,-1.05,1.78,-3.49
72,0.03,0.01,0.98,-1.17,0.14,-4.28
73,0.03,0.02,0.99,-1.04,0.03,-4.19
74,0.02,0.01,0.99,-1.63,0.44,-4.76
75,0.02,0.01,0.98,-1.76,0.32,-4.58
76,0.02,0.02,0.98,-2.18,0.52,-4.58
77,0.02,0.01,0.97,-3.15,0.73,-4.5
78,0.01,0.01,0.97,-3.25,0.6,-2.82
79,0.01,0.01,0.97,-3.82,-0.76,-3.79
80,0.02,0.01,0.97,-4.15,-1.48,-3.77
81,0.01,-0.0,0.97,-4.66,-2.02,-3.27
82,0.0,0.0,0.98,-5.74,-2.42,-3.3
83,0.01,-0.01,0.98,-5.52,-2.31,-3.18
84,-0.0,-0.02,1.0,-5.8,-2.85,-3.41
85,0.0,-0.02,1.01,-5.28,-3.1,-2.9
86,0.02,-0.02,1.01,-4.82,-2.73,-1.9
87,0.01,-0.01,1.01,-4.69,-1.01,-1.33
88,0.01,-0.01,1.01,-4.15,1.15,-0.06
89,0.01,-0.01,1.0,-3.57,1.16,0.38
90,0.02,0.0,1.01,-2.6,1.23,0.71
91,0.03,0.01,0.99,-2.51,1.37,0.1
92,0.03,0.02,0.99,-2.85,1.02,-0.36
93,0.04,0.02,0.99,-2.97,0.63,-0.81
94,0.03,0.01,0.98,-3.05,-0.14,-0.26
95,0.03,0.0,0.99,-3.4,-1.11,-1.0
96,0.04,-0.0,1.0,-3.73,-0.24,-0.94
97,0.04,-0.03,1.0,-4.34,1.66,-1.17
98,0.03,-0.05,1.02,-5.21,3.3,-1.33
99,0.02,-0.06,1.03,-5.86,5.92,0.1
100,0.0,-0.06,1.05,-5.24,8.17,0.22
101,0.01,-0.06,1.06,-4.9,11.92,0.55
102,-0.0,-0.04,1.07,-3.16,14.54,2.06
103,0.0,-0.01,1.05,-1.06,14.9,-0.31
104,0.01,0.01,1.02,0.16,15.07,-0.3
105,-0.0,0.04,1.01,-0.23,13.61,-0.18
106,-0.02,0.06,0.99,-0.03,14.27,0.14
107,-0.03,0.09,0.99,-1.32,13.96,-2.69
108,-0.03,0.12,0.99,-2.08,12.02,-3.72
109,-0.02,0.17,0.99,-3.16,9.0,-4.92
110,0.01,0.18,1.01,-1.56,7.32,-9.61
111,0.03,0.22,1.02,-0.18,6.92,-10.12
112,0.03,0.24,1.03,0.9,8.24,-11.0
113,0.01,0.25,1.01,1.21,8.54,-13.37
114,0.01,0.28,1.0,1.87,8.13,-15.69
115,-0.01,0.32,0.98,1.91,6.17,-19.27
116,-0.0,0.33,0.98,1.98,4.13,-22.58
117,-0.03,0.35,0.97,0.49,0.58,-26.26
118,-0.06,0.39,0.97,-2.24,-3.5,-27.89
119,-0.05,0.45,1.0,-6.34,-7.79,-29.27
120,-0.02,0.51,1.01,-11.18,-7.43,-29.36
121,0.0,0.57,1.05,-13.16,-3.18,-27.27
122,-0.0,0.66,1.07,-14.71,2.15,-24.92
123,0.01,0.76,1.07,-18.27,7.72,-21.75
124,0.03,0.92,1.04,-26.44,18.51,-20.37
125,-0.01,1.06,1.01,-34.49,28.83,-23.89
126,-0.16,1.12,1.01,-35.0,22.33,-30.39
127,-0.32,1.22,1.01,-31.24,-2.7,-34.05
128,-0.27,1.32,0.99,-31.1,-30.52,-39.6
129,-0.11,1.43,0.98,-40.18,-37.73,-38.68
130,-0.01,1.51,0.97,-57.51,-33.79,-44.1
131,0.01,1.57,1.01,-75.46,-27.99,-49.89
132,0.06,1.61,1.04,-93.5,-17.41,-59.52
133,0.1,1.61,1.02,-107.47,-0.85,-76.27
134,0.19,1.55,1.03,-112.32,16.33,-98.41
135,0.41,1.39,1.07,-94.79,43.22,-115.48
136,0.53,1.17,0.95,-58.45,77.65,-126.01
137,0.54,0.73,0.52,3.37,78.08,-113.92
138,0.19,-0.21,-0.31,89.92,20.48,-57.8
139,-0.21,-1.31,-1.06,152.13,-85.4,43.65
140,-0.17,-2.0,-2.0,174.74,-167.83,197.63
141,0.45,-2.0,-2.0,62.3,-229.19,250.13
142,2.0,-2.0,-2.0,-196.8,-250.14,250.13
143,2.0,-2.0,-2.0,-250.14,-232.79,-37.31
144,2.0,-2.0,2.0,-250.14,208.35,-250.14
145,-2.0,-2.0,2.0,-250.14,-181.53,-250.14
146,-2.0,-2.0,2.0,-29.26,-250.14,-250.14
147,-2.0,-2.0,2.0,250.13,89.29,169.98
148,-1.66,-2.0,1.64,250.13,197.13,250.13
149,-0.7,-1.05,-2.0,250.13,-84.11,250.13
150,0.48,1.94,-2.0,223.44,-77.37,135.22
151,0.57,1.64,-2.0,-18.92,14.73,140.53
152,1.46,0.79,-1.57,-53.82,-159.28,95.08
153,2.0,0.53,-0.41,-98.09,-80.88,47.66
154,2.0,0.26,0.68,-136.07,79.68,-3.27
155,1.99,-0.1,1.14,-111.5,147.82,-52.14
156,0.86,-0.26,1.07,-55.53,102.4,-74.54
157,0.21,-0.25,0.73,-11.88,19.18,-77.45
158,0.02,-0.2,0.53,-6.01,-34.44,-67.48
159,0.02,-0.25,0.61,-16.27,-52.02,-51.82
160,0.03,-0.33,0.77,-28.97,-45.29,-33.29
161,0.02,-0.37,0.9,-31.3,-31.12,-14.09
162,0.02,-0.33,0.94,-35.72,-27.74,-3.58
163,0.13,-0.38,0.98,-35.78,-17.71,6.35
164,0.06,-0.38,1.14,-41.01,-17.38,3.97
165,0.22,-0.39,1.24,-30.1,-26.26,5.83
166,0.35,-0.41,1.26,-16.38,-13.65,12.73
167,0.33,-0.43,1.27,-5.94,2.65,15.27
168,0.31,-0.44,1.28,-4.09,22.23,21.39
169,0.28,-0.44,1.23,-2.26,28.08,15.47
170,0.23,-0.42,1.19,-1.37,30.19,11.59
171,0.2,-0.41,1.15,2.68,25.8,10.4
172,0.24,-0.35,1.08,3.88,15.23,9.57
173,0.26,-0.32,1.03,4.2,4.8,7.22
174,0.24,-0.34,1.03,6.66,-5.12,10.22
175,0.23,-0.36,1.01,4.73,-14.54,14.02
176,0.28,-0.37,0.99,-5.4,-13.18,17.77
177,0.25,-0.46,1.0,-10.66,-2.44,24.37
178,0.29,-0.41,0.98,-20.2,2.87,24.57
179,0.28,-0.45,0.97,-24.85,4.92,28.29
180,0.25,-0.48,0.97,-29.25,2.89,30.31
181,0.19,-0.53,0.99,-32.22,-2.32,33.89
182,0.2,-0.57,1.01,-29.95,-3.21,38.87
183,0.29,-0.51,0.99,-28.25,-6.12,38.06
184,0.37,-0.55,1.02,-18.34,-9.6,35.19
185,0.45,-0.52,1.02,-6.92,-6.24,29.31
186,0.48,-0.49,0.99,0.05,4.2,21.27
187,0.42,-0.46,0.92,6.81,16.12,20.53
188,0.33,-0.46,0.84,9.22,18.55,22.15
189,0.19,-0.46,0.82,11.37,15.6,30.47
190,0.19,-0.43,0.79,8.23,0.99,33.79
191,0.22,-0.39,0.78,8.35,-15.27,34.87
192,0.3,-0.35,0.82,11.18,-24.24,32.58
193,0.38,-0.31,0.87,6.27,-15.61,25.24
194,0.41,-0.31,0.96,13.92,-9.79,21.04
195,0.37,-0.32,1.01,25.98,-3.63,15.34
196,0.3,-0.29,1.0,34.65,5.54,15.71
197,0.32,-0.23,0.91,33.9,15.11,13.3
198,0.26,-0.2,0.85,34.73,20.67,16.49
199,0.17,-0.2,0.82,28.03,14.73,11.73
200,0.15,-0.2,0.82,27.19,7.19,16.11
201,0.16,-0.2,0.85,24.92,-1.93,18.28
202,0.21,-0.2,0.9,21.82,-4.49,19.94
203,0.27,-0.31,0.93,14.21,0.02,-15.19
204,0.28,-0.12,0.93,19.92,1.1,-14.08
205,0.26,-0.1,0.95,13.62,7.01,10.3
206,0.21,-0.22,0.97,16.06,4.04,-0.3
207,0.19,-0.11,0.99,14.03,1.58,6.73
208,0.2,-0.12,0.99,15.64,1.84,8.95
209,0.25,-0.1,0.93,14.18,7.73,14.77
210,0.28,-0.19,0.89,11.02,19.74,2.72
211,0.3,-0.05,0.87,6.25,34.98,8.84
212,0.19,-0.05,0.55,6.56,55.77,38.11
213,0.28,-0.08,0.86,6.87,42.86,35.32
214,0.18,-0.04,0.77,5.02,28.86,29.6
215,0.16,-0.01,0.78,2.3,22.22,23.53
216,0.11,-0.01,0.77,3.78,20.59,23.13
217,0.11,-0.01,0.79,7.14,13.7,20.84
218,0.15,-0.02,0.81,9.79,13.61,19.33
219,0.15,0.01,0.8,5.89,17.42,15.63
220,0.13,-0.04,0.78,4.77,19.62,18.49
221,0.1,-0.05,0.82,3.42,15.98,16.06
222,0.13,-0.04,0.87,1.9,13.98,15.9
223,0.16,-0.08,0.9,2.15,19.17,14.56
224,0.15,-0.09,0.98,1.16,24.13,8.51
225,0.11,-0.15,1.02,8.08,27.27,8.4
226,0.06,-0.16,1.05,15.73,20.59,4.26
227,0.07,-0.16,1.03,23.56,11.69,2.03
228,0.11,-0.13,0.99,28.23,10.11,-0.6
229,0.12,-0.09,0.95,28.55,14.41,-0.92
230,0.1,-0.08,0.91,25.15,17.1,-2.03
231,0.1,-0.07,0.89,21.09,19.03,-1.81
232,0.07,-0.08,0.91,18.21,17.25,-1.97
233,0.07,-0.1,0.94,15.95,10.46,-3.32
234,0.1,-0.09,0.98,13.34,9.05,-3.94
235,0.11,-0.09,1.02,12.54,8.99,-6.84
236,0.11,-0.09,1.06,14.82,8.8,-7.73
237,0.13,-0.09,1.08,18.21,10.44,-5.05
238,0.14,-0.08,1.05,21.79,14.71,-2.53
239,0.11,-0.05,1.04,19.6,19.5,-3.63
240,0.08,-0.05,1.02,19.47,19.53,-3.98
241,0.09,-0.04,0.99,20.21,14.4,-5.85
242,0.11,-0.05,1.0,19.24,10.34,-10.77
243,0.09,-0.06,1.02,20.77,6.21,-14.24
244,0.09,-0.06,1.02,25.32,3.01,-14.68
245,0.09,-0.08,1.0,25.45,1.46,-15.12
246,0.09,-0.07,0.99,21.16,3.53,-15.29
247,0.11,-0.07,0.98,17.34,7.76,-11.85
248,0.1,-0.08,0.99,12.98,12.37,-8.96
249,0.07,-0.1,1.02,10.0,17.64,-7.16
250,0.04,-0.09,1.04,8.63,21.66,-2.22
251,0.02,-0.08,1.05,9.72,24.19,3.61
252,0.04,-0.07,1.03,9.85,25.03,5.6
253,0.04,-0.03,0.99,8.82,24.45,5.27
254,0.04,-0.04,0.99,9.84,20.46,4.86
255,0.04,-0.04,1.0,13.62,11.04,1.23
256,0.07,-0.04,1.02,17.48,3.03,-2.73
257,0.1,-0.04,1.02,19.53,0.73,-7.56
258,0.1,-0.05,1.03,23.34,0.73,-9.85
259,0.07,-0.04,1.03,24.69,0.79,-12.66
260,0.06,-0.03,1.02,26.27,4.02,-10.09
261,0.08,-0.03,0.98,24.3,8.88,-10.21
262,0.07,-0.01,0.96,19.51,13.17,-10.85
263,0.03,-0.03,0.97,17.2,16.46,-8.69
264,0.03,-0.03,0.98,15.12,16.39,-7.56
265,0.02,-0.01,0.98,13.9,16.87,-3.69
266,0.03,-0.01,0.98,12.59,18.2,-0.95
267,0.03,-0.01,0.97,9.33,20.79,2.17
268,0.03,-0.01,0.97,7.47,23.92,4.25
269,0.01,-0.02,0.97,8.13,25.63,6.34
270,-0.02,-0.01,0.96,7.71,23.87,5.31
271,0.01,0.02,0.93,6.28,21.62,2.9
272,0.03,0.04,0.89,2.6,22.08,-0.89
273,-0.01,0.04,0.88,-0.18,18.76,-4.86
274,-0.05,0.04,0.89,-0.27,7.69,-7.52
275,-0.02,0.05,0.9,0.02,-2.05,-9.03
276,0.02,0.05,0.93,-0.59,-7.76,-9.66
277,0.03,0.04,0.95,-1.03,-6.55,-7.11
278,0.02,0.03,0.98,-3.31,-4.2,-4.18
279,0.01,0.02,0.98,-5.77,-2.34,-0.41
280,0.01,0.02,0.99,-9.59,0.66,1.48
281,0.03,0.02,0.99,-11.95,6.77,6.81
282,0.04,0.02,1.0,-15.15,10.81,8.69
283,0.07,0.03,0.99,-17.76,15.19,8.63
284,0.08,0.03,1.0,-18.09,16.98,6.39
285,0.07,0.02,1.01,-15.71,15.01,3.16
286,0.06,0.02,1.03,-13.65,12.59,-0.66
287,0.05,0.01,1.0,-9.24,8.69,-3.0
288,0.04,0.01,1.01,-7.15,4.66,-6.01
289,0.03,0.0,1.0,-6.76,4.66,-6.52
290,0.02,-0.01,1.0,-8.9,7.24,-5.76
291,-0.01,-0.01,1.0,-10.85,10.57,-2.89
292,-0.05,-0.02,1.02,-11.24,11.6,-1.14
293,-0.04,-0.01,1.03,-10.28,13.89,3.56
294,-0.05,-0.0,1.03,-10.71,14.51,4.69
295,-0.02,0.01,1.04,-11.73,16.3,3.55
296,0.02,0.03,1.02,-11.27,19.46,3.89
297,0.02,0.03,1.0,-8.57,19.93,2.99
298,0.03,0.03,0.98,-5.64,14.41,-2.74
299,0.04,0.04,0.96,-3.38,8.76,-8.88
300,0.04,0.04,0.95,-2.39,5.65,-15.53
301,-0.01,0.02,0.96,-2.66,3.47,-20.01
302,-0.03,0.0,0.97,-1.34,0.76,-21.19
303,-0.08,-0.01,0.97,-0.14,-1.98,-21.09
304,-0.11,-0.02,0.98,-0.73,-4.88,-20.1
305,-0.13,-0.04,1.01,-0.37,-6.13,-16.95
306,-0.15,-0.06,1.02,0.48,-5.98,-12.78
307,-0.15,-0.06,1.05,1.2,-5.06,-8.89
308,-0.1,-0.05,1.04,-0.08,-2.81,-6.63
309,-0.07,-0.05,1.02,-1.8,1.64,-5.64
310,-0.08,-0.06,1.02,-1.44,4.35,-6.31
311,-0.08,-0.06,1.03,0.53,4.09,-6.75
312,-0.08,-0.07,1.01,2.52,4.08,-7.98
313,-0.09,-0.07,1.01,5.71,1.78,-8.35
314,-0.1,-0.06,1.0,7.48,-1.13,-9.48
315,-0.08,-0.04,0.98,9.64,-3.82,-9.82
316,-0.06,-0.03,0.94,7.69,-3.69,-8.07
317,-0.07,-0.04,0.94,7.78,-5.37,-8.2
318,-0.06,-0.11,0.97,11.59,-12.31,-25.78
319,-0.03,0.06,0.88,5.21,-3.84,-10.07
320,-0.03,-0.02,0.92,-1.48,-2.37,-5.71
321,-0.03,-0.02,0.94,-6.12,-0.23,-3.6
322,-0.02,0.01,0.95,-9.32,3.93,3.19
323,-0.01,-0.02,0.97,-8.78,5.37,5.4
324,-0.01,-0.04,1.0,-5.69,2.53,7.1
325,-0.03,-0.03,1.0,-3.95,0.96,9.41
326,-0.04,-0.06,1.03,1.55,-2.22,10.51
327,-0.05,-0.07,1.01,5.35,-9.95,7.35
328,-0.04,-0.06,1.01,8.29,-12.89,5.6
329,-0.06,-0.07,1.02,10.13,-15.34,4.44
330,-0.04,-0.06,1.0,11.21,-18.05,2.98
331,-0.04,-0.06,1.01,12.13,-21.43,0.81
332,-0.02,-0.06,1.02,10.4,-21.63,-1.2
333,0.02,-0.04,1.0,6.03,-17.72,-3.54
334,0.02,-0.05,1.0,1.68,-10.76,-2.2
335,0.04,-0.04,0.99,1.67,-7.53,5.92
336,-0.03,-0.06,1.0,-0.95,-5.36,8.2
337,-0.02,-0.06,1.0,-1.27,-5.22,9.61
338,-0.03,-0.07,1.01,-2.43,-4.82,9.76
339,-0.04,-0.06,1.01,-2.92,-5.58,10.29
340,-0.07,-0.07,1.03,-2.24,-4.05,11.58
341,-0.03,-0.07,1.04,-0.63,-0.54,17.18
342,-0.05,-0.06,1.04,1.88,2.69,22.52
343,-0.03,-0.05,1.04,3.08,-1.05,20.75
344,0.05,-0.07,1.09,18.08,4.56,19.15
345,0.07,0.05,0.9,3.05,3.96,8.02
346,0.04,0.01,0.92,0.39,6.17,6.76
347,0.07,0.03,0.92,-4.53,3.98,-0.27
348,-0.0,0.02,0.97,-3.92,3.3,5.5
349,0.05,0.01,0.94,-7.18,1.42,-1.49
350,0.04,0.01,0.97,-3.82,-0.56,0.21
351,0.17,0.03,0.94,1.32,10.18,12.99
352,-0.02,0.02,0.98,2.42,6.99,14.84
353,0.03,0.01,0.97,-0.95,5.44,11.28
354,-0.0,0.01,0.99,-4.02,3.52,7.41
355,-0.01,0.0,0.97,-4.66,3.47,4.05
356,-0.02,0.01,0.95,-6.15,0.69,0.11
357,-0.02,-0.0,0.94,-8.08,-1.25,-4.47
358,-0.02,0.0,0.96,-10.36,-3.05,-7.3
359,-0.03,-0.02,0.96,-11.27,-5.51,-9.14
360,-0.02,-0.03,0.99,-11.08,-4.82,-9.99
361,-0.05,-0.04,1.0,-13.04,-6.89,-9.31
362,0.01,-0.04,0.98,-14.04,-11.31,-6.6
363,-0.02,-0.04,1.0,-13.85,-12.63,-7.01
364,0.07,-0.03,0.99,-10.4,-13.77,5.08
365,-0.05,-0.05,1.0,-13.83,-11.92,5.82
366,-0.01,-0.05,1.0,-15.25,-11.45,6.12
367,-0.02,-0.06,1.02,-13.27,-7.79,8.67
368,-0.04,-0.07,1.03,-10.5,-7.5,9.16
369,-0.02,-0.05,1.01,-8.33,-7.15,8.23
370,-0.02,-0.05,1.01,-5.75,-7.02,6.08
371,-0.02,-0.05,1.02,-2.79,-7.82,8.25
372,0.0,-0.05,1.0,-2.55,-8.95,3.26
373,-0.0,-0.04,0.99,-2.78,-5.33,1.09
374,-0.01,-0.04,1.0,-2.06,-4.4,-0.43
375,0.01,-0.03,0.99,-5.35,-4.81,-6.59
376,0.03,-0.03,0.99,-10.24,0.16,-7.15
377,0.05,-0.02,0.98,-10.25,0.08,-9.37
378,0.03,-0.04,0.99,-6.96,-1.13,-8.76
379,0.05,-0.04,0.99,-5.69,-0.53,-11.0
380,0.02,-0.12,1.0,-1.96,-1.4,-25.37
381,0.01,0.06,0.97,-3.79,0.83,-11.99
382,0.07,0.02,0.95,-1.38,2.79,0.79
383,0.0,-0.02,0.98,-4.03,5.66,7.79
384,0.02,-0.02,0.95,-5.71,8.74,9.34
385,0.04,-0.01,0.99,-5.44,4.88,5.55
386,0.03,-0.01,1.0,-5.62,7.63,5.68
387,0.04,-0.03,0.99,-5.3,6.86,3.05
388,0.01,-0.04,1.0,-3.74,3.93,0.5
389,-0.01,-0.05,1.0,-1.71,-0.3,-2.34
390,-0.01,-0.06,1.01,0.16,-2.82,-4.24
391,-0.0,-0.06,1.01,0.73,-2.94,-4.14
392,-0.04,-0.06,1.01,0.08,-3.47,-5.27
393,-0.03,-0.07,1.01,1.05,-3.09,-4.46
394,-0.02,-0.07,1.0,2.21,-3.1,-2.82
395,-0.03,-0.07,0.98,1.46,-4.14,-2.74
396,-0.03,-0.07,0.99,0.91,-4.4,-1.88
397,-0.01,-0.06,0.98,0.39,-3.26,0.19
398,-0.02,-0.06,0.98,-1.04,-4.05,-0.26
399,-0.01,-0.05,0.98,-1.73,-3.54,0.67
