,accel_x,accel_y,accel_z,gyro_x,gyro_y,gyro_z
0,0.01,0.03,1.02,-3.3,-3.14,-2.79
1,0.01,0.02,1.02,-1.92,-3.79,-2.21
2,0.02,0.03,1.02,-0.5,-2.44,-1.06
3,0.02,0.03,1.0,-0.05,-1.71,-0.95
4,0.02,0.03,1.0,0.02,-3.91,-0.92
5,0.03,0.03,1.0,0.33,-4.15,-0.43
6,0.04,0.04,1.0,0.47,-3.74,-0.71
7,0.05,0.04,1.0,0.35,-3.45,-0.79
8,0.04,0.05,0.99,-0.14,-2.95,-0.7
9,0.06,0.05,0.99,-0.39,-3.18,-0.64
10,0.06,0.04,0.99,-0.63,-3.22,-1.25
11,0.05,0.05,0.99,-1.03,-2.61,-0.88
12,0.05,0.05,1.0,-0.69,-1.57,-0.67
13,0.05,0.05,0.98,-0.63,-2.75,-1.09
14,0.05,0.06,0.97,-0.64,-3.24,-0.31
15,0.06,0.06,0.97,-0.89,-2.01,0.08
16,0.05,0.06,0.97,-2.04,-1.2,0.15
17,0.05,0.06,0.96,-3.24,-1.17,-0.39
18,0.05,0.06,0.98,-3.6,-0.2,-0.21
19,0.06,0.06,0.97,-3.78,0.55,0.2
20,0.05,0.06,0.97,-4.08,0.11,-1.05
21,0.04,0.07,0.96,-3.98,-0.69,-1.3
22,0.05,0.06,0.96,-4.16,-2.01,-1.82
23,0.05,0.07,0.97,-4.2,-3.42,-2.12
24,0.04,0.06,0.98,-4.44,-2.51,-1.34
25,0.05,0.06,0.97,-4.63,-1.13,-0.69
26,0.05,0.07,0.97,-5.54,-1.17,-1.06
27,0.04,0.05,0.99,-6.33,-4.14,-2.63
28,0.04,0.05,1.0,-5.83,-4.23,-3.16
29,0.06,0.04,1.0,-5.2,-2.96,-2.56
30,0.05,0.04,0.99,-5.22,-3.83,-2.31
31,0.04,0.04,1.02,-5.36,-4.0,-2.31
32,0.05,0.03,1.02,-4.53,-2.92,-1.11
33,0.06,0.02,1.02,-4.16,-0.18,-0.69
34,0.06,0.03,1.02,-3.76,-0.09,-1.06
35,0.05,0.02,1.01,-4.31,-2.75,-2.43
36,0.06,0.02,1.04,-2.8,-3.16,-2.44
37,0.07,0.02,1.03,-1.04,-1.64,-1.05
38,0.06,0.02,1.02,0.94,0.49,-1.34
39,0.05,0.04,1.0,0.74,-1.62,-2.0
40,0.06,0.04,1.01,0.55,-2.76,-2.4
41,0.06,0.03,1.0,1.5,-2.76,-2.41
42,0.08,0.04,1.0,2.31,-1.01,-1.71
43,0.07,0.05,0.99,1.79,-1.53,-3.26
44,0.05,0.05,0.99,1.95,-1.66,-3.5
45,0.06,0.06,0.98,2.31,-1.22,-3.14
46,0.07,0.06,0.98,1.89,-1.79,-3.21
47,0.06,0.06,0.98,1.37,-2.4,-2.67
48,0.07,0.06,0.97,0.82,-2.05,-3.27
49,0.06,0.06,0.96,0.66,-1.72,-3.63
50,0.06,0.07,0.96,-0.6,-1.02,-4.05
51,0.05,0.06,0.98,-1.71,-1.49,-4.63
52,0.05,0.06,0.98,-1.92,-1.21,-3.96
53,0.05,0.06,0.98,-1.71,0.4,-2.4
54,0.04,0.06,0.98,-1.83,-0.44,-2.91
55,0.04,0.06,0.99,-1.33,-1.69,-2.49
56,0.04,0.05,0.98,-1.18,-1.56,-1.96
57,0.04,0.06,0.98,-1.24,-1.59,-1.89
58,0.04,0.06,0.98,-1.85,-1.01,-1.83
59,0.03,0.05,0.99,-1.35,-1.0,-1.6
60,0.04,0.06,0.99,-0.41,-0.92,-1.27
61,0.04,0.06,0.97,-0.05,-0.04,-0.33
62,0.04,0.07,0.96,-0.54,-0.55,-0.76
63,0.05,0.07,0.96,-1.3,-0.81,-0.45
64,0.06,0.08,0.95,-2.66,-1.9,-1.02
65,0.05,0.07,0.96,-3.92,-1.15,-1.5
66,0.04,0.06,0.97,-4.31,-2.27,-1.62
67,0.06,0.06,0.97,-4.55,-2.32,-1.5
68,0.07,0.06,0.98,-4.44,-1.47,-1.73
69,0.06,0.06,0.98,-4.14,-0.64,-1.17
70,0.04,0.06,0.97,-4.13,-1.44,-1.0
71,0.05,0.06,0.98,-4.08,-2.97,-1.25
72,0.05,0.06,0.97,-4.68,-3.46,-1.96
73,0.05,0.05,0.97,-5.87,-4.15,-2.37
74,0.04,0.05,0.98,-6.5,-4.55,-2.65
75,0.03,0.04,1.0,-6.3,-4.39,-1.12
76,0.06,0.04,1.02,-5.3,-2.15,0.09
77,0.06,0.04,1.03,-3.84,-0.44,0.73
78,0.07,0.04,1.03,-2.56,-0.41,0.73
79,0.07,0.05,1.01,-2.4,-1.11,-0.79
80,0.07,0.05,1.01,-2.04,-3.23,-1.57
81,0.06,0.05,1.01,-1.68,-3.46,-1.91
82,0.07,0.05,1.02,-1.53,-3.15,-1.04
83,0.07,0.04,1.02,-1.42,-1.08,-0.63
84,0.08,0.05,1.01,-1.03,0.54,-1.01
85,0.08,0.04,1.01,-0.81,1.27,-1.15
86,0.07,0.04,1.02,-0.49,1.05,-0.65
87,0.08,0.04,1.0,0.34,1.55,-1.07
88,0.07,0.05,1.0,0.42,0.27,-1.79
89,0.06,0.05,0.99,0.58,-1.11,-2.38
90,0.06,0.06,0.98,0.37,-0.23,-2.02
91,0.05,0.07,0.97,-0.73,0.03,-1.79
92,0.04,0.06,0.95,-2.0,0.57,-1.51
93,0.04,0.08,0.94,-3.17,0.66,-1.1
94,0.05,0.08,0.94,-4.72,-0.05,-1.12
95,0.07,0.08,0.95,-5.71,-2.33,-1.47
96,0.07,0.08,0.96,-4.94,-2.32,-2.43
97,0.09,0.07,0.96,-3.72,-5.11,-4.19
98,0.09,0.07,0.97,-2.52,-4.95,-5.28
99,0.08,0.07,0.97,-2.01,-3.72,-6.67
100,0.06,0.07,0.97,-2.37,-4.58,-7.0
101,0.04,0.06,0.97,-3.02,-3.61,-6.73
102,0.04,0.05,0.99,-3.88,-4.52,-6.49
103,0.04,0.05,1.02,-3.72,-4.77,-6.18
104,0.04,0.04,1.04,-2.93,-3.24,-5.29
105,0.04,0.05,1.02,-2.24,-1.7,-4.84
106,0.04,0.06,1.01,-2.13,-0.48,-3.82
107,0.04,0.06,1.02,-2.15,0.05,-2.96
108,0.03,0.06,1.02,-2.01,0.15,-2.41
109,0.03,0.06,1.03,-1.56,0.0,-2.47
110,0.04,0.04,1.04,-0.25,0.14,-2.57
111,0.04,0.03,1.04,1.19,-0.73,-3.32
112,0.05,0.02,1.04,2.76,-0.5,-2.87
113,0.04,0.02,1.03,4.18,-1.45,-3.8
114,0.05,0.02,1.03,5.46,-2.89,-5.27
115,0.05,0.02,1.0,6.16,-3.7,-6.11
116,0.06,0.03,0.98,5.82,-4.18,-5.58
117,0.07,0.03,0.97,5.25,-4.0,-4.54
118,0.07,0.05,0.96,3.86,-0.54,-2.48
119,0.07,0.05,0.96,2.59,1.66,-1.18
120,0.06,0.06,0.95,2.09,4.6,1.73
121,0.06,0.06,0.94,0.98,5.51,2.73
122,0.08,0.08,0.93,-0.34,3.27,1.6
123,0.08,0.08,0.93,-0.61,2.34,0.46
124,0.08,0.08,0.95,-0.5,2.26,-0.33
125,0.09,0.09,0.95,-0.42,3.56,-0.15
126,0.07,0.1,0.95,-1.0,4.62,-0.13
127,0.07,0.11,0.93,-2.24,3.6,-0.64
128,0.08,0.11,0.93,-3.12,3.3,-0.82
129,0.06,0.11,0.94,-4.5,3.5,-0.97
130,0.06,0.13,0.94,-6.61,4.38,-0.48
131,0.05,0.12,0.94,-8.61,5.03,-0.16
132,0.05,0.12,0.96,-10.27,3.73,-0.6
133,0.05,0.12,0.96,-12.29,2.37,-1.05
134,0.02,0.12,0.99,-11.72,3.41,-0.9
135,0.02,0.11,1.0,-10.97,2.99,-0.47
136,0.01,0.12,1.02,-9.79,2.69,0.42
137,0.02,0.12,1.01,-9.17,2.56,0.64
138,0.02,0.14,1.02,-7.73,3.45,1.5
139,0.0,0.16,1.02,-6.69,1.11,2.03
140,0.01,0.19,1.02,-6.08,1.88,3.5
141,0.01,0.22,1.02,-5.73,3.8,5.48
142,0.02,0.25,1.01,-6.4,7.69,8.01
143,0.04,0.29,1.01,-7.06,15.3,11.89
144,0.06,0.3,0.97,-8.56,20.31,13.44
145,0.06,0.31,0.94,-12.47,20.44,10.39
146,0.04,0.29,0.97,-16.92,14.21,6.0
147,0.04,0.27,1.01,-18.77,6.65,2.19
148,0.06,0.26,1.06,-17.96,0.04,-2.53
149,0.07,0.27,1.07,-17.18,-3.28,-6.57
150,0.04,0.29,1.09,-16.73,-3.07,-7.44
151,0.03,0.32,1.07,-18.67,-0.82,-6.75
152,0.01,0.36,1.04,-23.18,3.74,-5.37
153,-0.01,0.39,1.02,-28.36,8.36,-2.76
154,-0.02,0.41,0.99,-33.23,12.92,0.84
155,0.0,0.43,0.99,-37.95,16.6,3.06
156,0.02,0.45,1.0,-41.52,16.18,3.42
157,0.03,0.45,1.01,-44.4,11.96,1.08
158,0.03,0.44,1.05,-44.7,7.56,-0.82
159,0.04,0.41,1.1,-41.01,8.21,-0.03
160,0.08,0.39,1.12,-37.47,7.95,2.65
161,0.11,0.37,1.13,-31.87,16.48,4.79
162,0.12,0.37,1.12,-25.15,18.15,3.98
163,0.14,0.38,1.07,-21.8,8.48,-2.03
164,0.17,0.37,1.02,-22.16,2.98,-8.51
165,0.15,0.37,0.96,-26.12,0.39,-14.27
166,0.12,0.36,0.88,-34.21,-1.38,-20.89
167,0.03,0.33,0.84,-47.95,-0.11,-24.3
168,-0.02,0.26,0.83,-61.96,12.67,-19.25
169,-0.09,0.18,0.81,-75.92,25.27,-14.34
170,-0.19,0.06,0.85,-84.69,31.92,-8.14
171,-0.26,-0.07,0.95,-87.47,39.34,3.27
172,-0.23,-0.18,1.02,-83.23,42.16,11.9
173,-0.19,-0.27,1.05,-68.95,35.81,13.14
174,-0.16,-0.3,1.03,-55.69,14.57,6.37
175,-0.05,-0.31,0.97,-42.69,-8.02,-3.61
176,0.03,-0.32,0.87,-36.24,-17.02,-13.48
177,0.09,-0.32,0.78,-39.37,-17.47,-19.73
178,0.12,-0.35,0.68,-46.17,-1.15,-22.3
179,0.06,-0.42,0.64,-55.26,21.58,-20.69
180,0.04,-0.54,0.69,-60.2,54.33,-8.6
181,0.01,-0.56,0.69,-62.89,93.62,5.75
182,0.0,-0.59,0.7,-58.48,124.65,11.87
183,-0.03,-0.62,0.63,-60.88,127.57,8.65
184,-0.17,-0.62,0.66,-54.29,88.69,-13.55
185,-0.23,-0.68,0.64,-40.41,24.24,-40.53
186,-0.3,-0.68,0.66,-30.34,-40.14,-61.18
187,-0.27,-0.68,0.69,-25.04,-70.07,-65.42
188,-0.25,-0.68,0.71,-24.28,-74.27,-54.53
189,-0.2,-0.7,0.78,-24.74,-63.61,-34.94
190,-0.03,-0.71,0.88,-24.37,-48.41,-15.92
191,0.16,-0.74,0.8,-27.32,-38.36,-0.66
192,0.15,-0.57,0.82,-41.92,-52.46,-25.36
193,0.33,-0.66,0.94,-36.34,-57.7,-43.51
194,0.22,-0.67,1.06,-42.01,-58.67,-50.87
195,0.2,-0.76,1.16,-34.73,-28.93,-46.48
196,0.11,-0.73,1.35,-19.67,-9.11,-37.35
197,0.17,-0.73,1.31,-4.94,16.5,-27.85
198,0.12,-0.61,1.23,-1.56,47.9,-26.45
199,0.1,-0.58,1.16,11.09,68.05,-27.73
200,-0.04,-0.51,1.06,17.11,80.62,-24.09
201,-0.15,-0.48,0.96,17.21,90.85,-15.15
202,-0.3,-0.44,0.89,19.16,67.79,-12.7
203,-0.39,-0.39,0.82,21.98,15.69,-13.95
204,-0.38,-0.37,0.79,22.05,-31.05,-13.48
205,-0.28,-0.38,0.84,16.44,-54.25,-6.75
206,-0.16,-0.35,0.89,13.87,-51.95,4.05
207,-0.07,-0.33,0.89,12.62,-46.91,10.41
208,-0.01,-0.34,0.92,10.61,-44.67,12.65
209,0.02,-0.34,0.95,10.24,-39.69,14.87
210,0.05,-0.33,0.97,11.85,-38.92,14.63
211,0.08,-0.31,0.99,13.86,-43.11,12.6
212,0.1,-0.28,0.97,16.37,-46.22,12.63
213,0.17,-0.26,0.95,19.6,-42.31,12.27
214,0.21,-0.27,0.91,19.21,-36.5,7.82
215,0.17,-0.28,0.92,16.75,-28.98,1.93
216,0.1,-0.28,0.94,15.75,-23.73,-0.09
217,0.02,-0.28,0.93,13.82,-18.13,2.18
218,-0.03,-0.27,0.92,10.44,-17.52,3.45
219,-0.05,-0.28,0.94,6.7,-22.19,4.96
220,-0.02,-0.29,0.94,3.43,-26.24,8.21
221,0.02,-0.32,0.96,-0.73,-30.07,7.5
222,0.09,-0.35,0.97,-3.61,-37.53,3.51
223,0.12,-0.4,0.98,-3.13,-41.39,-1.76
224,0.1,-0.45,1.09,3.62,-37.09,0.1
225,0.09,-0.44,1.08,16.25,-23.0,11.08
226,0.15,-0.41,0.98,22.49,-15.44,15.44
227,0.19,-0.35,0.92,25.09,-11.93,13.47
228,0.18,-0.32,0.89,26.37,-6.11,13.01
229,0.16,-0.29,0.89,26.07,-2.89,12.94
230,0.14,-0.27,0.89,25.81,0.92,12.79
231,0.11,-0.24,0.87,27.44,-0.4,10.93
232,0.09,-0.25,0.87,23.74,-0.78,12.16
233,0.07,-0.25,0.88,23.25,-7.7,9.17
234,0.08,-0.29,0.91,21.12,-12.62,8.37
235,0.13,-0.32,0.92,21.34,-12.37,6.7
236,0.16,-0.34,0.96,19.59,-9.62,2.98
237,0.12,-0.35,1.01,23.0,-0.62,4.21
238,0.12,-0.37,1.0,23.74,10.44,9.84
239,0.09,-0.35,1.0,29.95,15.73,13.27
240,0.11,-0.3,0.99,32.01,15.44,11.01
241,0.08,-0.29,0.96,35.3,14.54,11.05
242,0.06,-0.27,0.95,35.24,8.73,10.79
243,0.07,-0.26,0.94,35.3,2.79,9.15
244,0.09,-0.27,0.93,33.66,-1.4,9.06
245,0.13,-0.25,0.94,29.79,3.55,7.77
246,0.15,-0.22,0.98,27.74,10.29,6.33
247,0.15,-0.19,1.0,28.81,21.28,7.15
248,0.1,-0.15,1.0,30.73,25.98,5.35
249,0.04,-0.12,0.98,32.76,22.57,4.82
250,-0.01,-0.12,0.96,33.2,13.33,2.99
251,0.02,-0.14,0.92,31.25,4.31,1.45
252,0.08,-0.16,0.96,26.4,3.3,-1.78
253,0.11,-0.15,0.97,24.5,12.63,-0.94
254,0.08,-0.13,1.0,24.92,22.98,0.56
255,0.04,-0.1,0.96,24.4,30.12,1.98
256,-0.01,-0.06,0.94,22.18,30.66,2.56
257,-0.04,-0.05,0.94,20.77,26.21,2.56
258,-0.09,-0.06,0.96,19.66,17.7,4.43
259,-0.03,-0.08,0.98,21.39,10.02,5.47
260,0.02,-0.11,1.0,25.4,7.98,4.85
261,0.07,-0.09,0.96,28.25,6.92,3.92
262,0.09,-0.03,0.92,27.47,11.06,1.69
263,0.06,0.0,0.88,24.59,18.52,-0.52
264,0.01,0.03,0.87,20.11,22.74,0.01
265,-0.04,0.04,0.86,15.85,26.65,1.41
266,-0.08,0.03,0.86,11.69,23.23,2.21
267,-0.08,0.02,0.89,11.11,17.34,2.53
268,-0.09,0.02,0.93,12.92,10.48,0.55
269,-0.08,-0.01,0.89,11.95,-1.99,-1.69
270,-0.07,-0.03,0.94,10.16,-5.17,-0.23
271,-0.04,-0.0,0.97,13.66,-3.16,2.01
272,-0.04,0.03,0.93,13.76,-3.24,1.82
273,-0.02,0.06,0.94,13.46,-1.32,2.03
274,-0.02,0.07,0.95,15.45,1.86,4.37
275,-0.03,0.13,0.9,15.44,-2.19,4.18
276,-0.04,0.16,0.86,10.45,-11.85,-1.54
277,-0.05,0.16,0.88,6.26,-19.48,-2.4
278,0.05,0.11,0.88,0.32,-20.04,-5.88
279,0.06,0.09,0.95,-4.3,-13.24,-8.21
280,0.04,0.1,1.01,-4.97,-4.64,-5.98
281,0.02,0.1,1.03,-4.97,2.37,-3.73
282,-0.04,0.09,1.05,-2.15,4.84,-3.15
283,-0.09,0.08,1.05,2.54,-4.18,-2.72
284,-0.11,0.07,1.03,6.95,-9.44,-0.54
285,-0.07,0.07,0.97,8.93,-9.99,0.41
286,-0.04,0.08,0.92,5.93,-10.9,-2.21
287,-0.07,0.08,0.9,1.25,-10.85,-2.18
288,-0.08,0.07,0.92,-3.11,-13.2,-2.34
289,-0.08,0.06,0.96,-5.56,-16.85,-3.52
290,-0.05,0.05,1.0,-5.24,-16.02,-1.57
291,0.01,0.06,0.99,-6.63,-13.59,-2.78
292,0.0,0.07,1.0,-8.07,-8.15,-1.1
293,0.01,0.08,0.99,-9.39,-3.53,-0.32
294,0.01,0.07,1.01,-11.85,-2.58,-2.04
295,0.04,0.06,1.03,-11.77,1.26,-1.92
296,0.06,0.06,1.02,-14.76,0.38,-4.69
297,0.06,0.03,1.08,-12.85,3.95,-5.56
298,-0.05,0.1,1.1,-11.44,0.14,-7.22
299,0.02,0.07,1.1,-1.83,-3.18,-10.7
300,-0.0,0.12,1.09,5.01,-6.2,-15.55
301,0.0,0.12,1.06,5.36,-5.64,-15.83
302,-0.03,0.14,1.06,6.5,-10.26,-17.76
303,-0.03,0.16,1.06,7.27,-14.21,-17.46
304,-0.01,0.18,1.06,8.63,-12.25,-16.37
305,0.0,0.22,1.05,8.02,-7.72,-15.25
306,-0.05,0.23,1.03,7.71,-1.22,-12.42
307,-0.09,0.23,1.04,7.44,4.91,-6.43
308,-0.12,0.25,1.02,7.57,5.48,-2.69
309,-0.17,0.23,1.01,7.01,0.71,0.44
310,-0.15,0.25,1.0,7.93,-5.93,2.01
311,-0.11,0.25,0.99,6.85,-15.81,0.4
312,-0.09,0.23,0.99,5.79,-24.84,-1.6
313,-0.03,0.22,1.03,6.17,-28.11,-1.16
314,0.03,0.21,1.01,6.11,-29.54,-3.15
315,0.07,0.19,1.01,4.16,-27.33,-2.88
316,0.09,0.16,1.02,2.74,-15.83,-1.87
317,0.1,0.15,1.02,0.26,-3.0,1.51
318,0.1,0.12,1.01,-1.04,9.38,4.22
319,0.09,0.11,0.99,-2.4,16.93,4.58
320,0.05,0.08,0.98,-3.08,16.14,2.34
321,0.02,0.06,0.98,-2.28,11.59,-0.59
322,0.03,0.04,0.98,-1.62,5.23,-4.28
323,0.0,0.03,0.98,-0.42,2.53,-6.25
324,-0.03,0.01,0.99,0.3,2.47,-5.11
325,-0.03,0.0,1.0,0.98,3.08,-2.36
326,-0.03,-0.01,0.99,1.74,6.3,1.13
327,-0.04,-0.0,0.98,1.4,8.5,3.2
328,-0.04,0.0,0.98,2.08,10.08,6.64
329,-0.01,0.01,0.96,2.31,9.13,7.92
330,0.0,0.02,0.96,0.1,8.73,7.67
331,0.0,0.01,0.98,-0.05,2.75,7.24
332,0.04,0.01,0.98,-0.58,-0.49,5.93
333,0.06,0.01,1.01,-0.6,-0.89,5.09
334,0.06,0.01,1.02,-0.09,-1.18,3.89
335,0.06,0.02,1.0,0.81,-0.27,3.48
336,0.04,0.02,0.98,-0.49,-1.19,1.86
337,0.04,0.02,0.99,-0.89,-2.69,1.23
338,0.03,0.02,1.0,0.21,-2.24,1.53
339,0.03,0.02,0.98,0.04,-2.15,1.66
340,0.04,0.04,0.97,-1.4,-1.92,2.0
341,0.06,0.04,0.96,-2.98,-0.6,1.07
342,0.04,0.04,0.97,-3.73,-1.11,0.58
343,0.05,0.04,0.98,-3.91,0.32,1.69
344,0.07,0.04,0.97,-5.02,0.89,1.13
345,0.07,0.03,0.98,-6.16,0.28,0.96
346,0.06,0.03,1.0,-6.2,3.02,1.13
347,0.04,0.03,1.01,-4.89,4.85,1.63
348,0.04,0.04,1.0,-3.22,4.66,1.49
349,0.04,0.05,0.99,-1.65,0.76,-0.51
350,0.02,0.06,0.98,-1.06,-2.35,-1.6
351,0.04,0.07,0.98,-1.72,-5.5,-3.21
352,0.07,0.07,0.98,-2.23,-5.47,-4.69
353,0.06,0.06,1.0,-2.89,-6.11,-7.02
354,0.04,0.05,1.01,-2.92,-7.12,-8.62
355,0.03,0.05,1.02,-1.28,-6.31,-8.25
356,0.04,0.04,1.02,-0.77,-5.69,-7.79
357,0.03,0.04,1.03,-1.37,-3.89,-7.82
358,0.02,0.03,1.04,-0.87,-1.57,-6.08
359,0.01,0.02,1.03,-0.8,-0.17,-4.89
360,0.01,0.01,1.03,-0.86,0.42,-4.63
361,0.0,0.0,1.04,0.11,0.21,-4.4
362,-0.0,-0.0,1.05,2.38,0.92,-3.92
363,0.02,0.0,1.04,4.85,0.72,-3.41
364,0.02,0.01,1.03,7.08,1.84,-3.61
365,0.0,0.02,1.0,7.71,1.12,-4.06
366,-0.01,0.03,0.99,7.75,0.34,-4.16
367,0.01,0.04,0.99,7.98,-0.34,-4.29
368,0.01,0.05,0.96,8.53,-0.91,-4.05
369,0.02,0.05,0.96,8.05,-0.63,-3.73
370,0.02,0.07,0.93,6.38,-1.31,-3.66
371,0.03,0.06,0.93,3.76,-0.74,-3.91
372,0.02,0.07,0.94,2.38,0.49,-3.92
373,0.02,0.07,0.94,0.95,-0.79,-4.51
374,0.01,0.06,0.95,-0.23,-1.02,-4.5
375,-0.0,0.06,0.96,-0.8,-2.61,-4.69
376,0.01,0.07,0.96,-0.85,-2.05,-3.98
377,0.0,0.08,0.94,-1.5,-1.98,-3.14
378,0.02,0.09,0.93,-3.06,-3.24,-2.89
379,0.02,0.09,0.94,-4.34,-2.4,-1.98
380,0.02,0.09,0.94,-5.68,-3.02,-2.22
381,0.02,0.08,0.96,-6.44,-3.46,-2.33
382,0.03,0.06,1.0,-5.69,-1.59,-1.42
383,0.03,0.04,1.01,-4.67,-2.4,-3.16
384,0.02,0.03,1.03,-3.02,-3.17,-3.87
385,0.03,0.03,1.05,-0.5,-3.11,-3.91
386,0.04,0.02,1.05,1.63,-2.66,-4.75
387,0.04,0.02,1.06,3.68,-2.66,-5.8
388,0.04,0.03,1.05,4.98,-2.31,-5.89
389,0.04,0.04,1.03,6.14,0.14,-4.6
390,0.03,0.05,1.03,6.54,2.48,-3.8
391,0.01,0.06,1.01,7.09,2.89,-3.4
392,0.01,0.06,1.0,6.58,0.79,-4.04
393,0.01,0.07,0.98,6.16,-0.28,-3.88
394,0.01,0.07,0.98,6.62,-1.5,-4.16
395,0.02,0.07,0.96,6.27,-3.24,-5.04
396,0.01,0.07,0.96,6.22,-2.57,-4.63
397,0.01,0.08,0.94,5.33,-1.44,-4.66
398,0.0,0.09,0.93,3.65,-1.95,-4.0
399,-0.0,0.09,0.92,1.5,-0.86,-3.28
