,accel_x,accel_y,accel_z,gyro_x,gyro_y,gyro_z
0,0.03,0.14,0.99,0.56,-3.85,-8.46
1,0.03,0.14,0.97,0.85,-6.45,-9.98
2,0.03,0.14,0.96,0.36,-8.47,-12.1
3,0.03,0.14,0.95,0.05,-10.2,-11.85
4,0.02,0.14,0.94,-4.37,-10.22,-11.81
5,0.0,0.14,0.93,-3.12,-11.76,-10.42
6,0.02,0.12,0.92,-4.91,-11.02,-6.96
7,0.05,0.12,0.93,-6.94,-3.27,-5.51
8,0.05,0.12,0.95,-7.76,2.15,-2.7
9,0.05,0.12,0.95,-8.31,1.05,-0.69
10,0.05,0.12,0.97,-8.66,2.21,0.02
11,0.07,0.13,0.97,-8.48,4.06,1.53
12,0.08,0.14,0.98,-7.82,4.21,0.92
13,0.06,0.15,1.0,-7.67,3.72,-0.66
14,0.07,0.16,1.0,-6.45,3.73,1.41
15,0.07,0.15,1.0,-5.94,4.13,0.69
16,0.05,0.14,1.0,-5.8,2.35,-2.6
17,0.04,0.14,1.01,-3.95,0.27,-1.88
18,0.06,0.13,1.0,-3.47,-0.24,-3.44
19,0.03,0.12,0.98,-3.56,-0.6,-5.11
20,0.02,0.12,0.97,-4.16,-1.67,-5.09
21,0.04,0.12,0.98,-4.66,-0.94,-4.73
22,0.02,0.12,0.99,-4.77,1.43,-5.6
23,-0.01,0.11,0.98,-4.51,1.64,-3.9
24,-0.01,0.11,0.99,-5.47,1.02,-3.47
25,-0.01,0.1,0.99,-5.31,1.68,-3.11
26,0.01,0.1,1.01,-4.01,0.36,-3.34
27,0.01,0.11,1.02,-1.97,-0.68,-2.97
28,0.01,0.11,1.01,-1.56,-1.29,-2.14
29,0.02,0.12,0.99,-1.66,-0.93,-1.11
30,0.05,0.12,0.97,-2.33,0.47,-0.26
31,0.04,0.12,0.98,-4.0,1.62,-0.84
32,0.03,0.12,0.97,-5.29,0.32,-1.81
33,0.05,0.13,0.99,-4.84,-0.57,-0.19
34,0.06,0.12,1.0,-4.24,-1.21,0.02
35,0.06,0.12,1.0,-4.05,-2.61,-1.22
36,0.06,0.12,0.99,-3.97,-2.68,-1.12
37,0.06,0.13,0.99,-4.09,-2.32,-1.08
38,0.08,0.13,0.99,-4.08,-0.97,-1.06
39,0.07,0.14,0.99,-4.1,0.55,-2.63
40,0.06,0.14,0.99,-3.89,-1.95,-3.2
41,0.07,0.13,0.99,-3.98,-4.44,-5.08
42,0.08,0.13,1.0,-3.82,-4.0,-5.82
43,0.06,0.12,1.0,-3.7,-3.4,-6.32
44,0.05,0.12,1.0,-3.05,-1.97,-6.51
45,0.03,0.13,1.01,-2.27,-0.75,-6.69
46,0.03,0.13,1.0,-0.97,-0.18,-6.05
47,0.02,0.14,0.99,0.24,-0.3,-6.4
48,0.01,0.14,0.96,0.74,-0.73,-6.91
49,-0.0,0.14,0.95,0.44,-1.98,-6.54
50,-0.0,0.14,0.91,-1.34,-2.53,-5.79
51,0.0,0.13,0.91,-4.76,-2.44,-6.92
52,0.02,0.13,0.9,-7.92,-2.33,-7.1
53,0.0,0.12,0.91,-10.81,-2.93,-8.48
54,-0.01,0.12,0.95,-13.3,-4.87,-11.3
55,0.02,0.11,0.97,-10.73,-2.99,-15.05
56,0.02,0.11,0.99,-11.4,-8.53,-10.92
57,0.01,0.1,1.0,-10.13,-5.63,-7.48
58,0.03,0.1,1.01,-8.56,-7.74,-8.02
59,0.03,0.09,1.0,-7.33,-5.34,-5.82
60,0.04,0.09,1.01,-5.04,-4.02,-1.98
61,0.05,0.1,1.03,-3.34,-1.25,0.76
62,0.07,0.1,1.03,-1.6,4.02,4.12
63,0.06,0.11,1.02,-0.85,4.08,3.75
64,0.07,0.11,1.01,0.68,1.69,6.24
65,0.07,0.11,0.99,2.11,1.58,5.91
66,0.06,0.12,1.01,1.98,3.18,4.69
67,0.05,0.12,1.01,1.83,4.56,4.05
68,0.03,0.11,1.0,1.23,3.47,2.83
69,0.03,0.11,0.98,0.46,2.73,1.23
70,0.03,0.11,0.99,-0.7,2.0,-0.44
71,0.04,0.12,1.0,-0.39,2.56,-1.82
72,0.04,0.12,1.0,0.3,4.08,-1.78
73,0.03,0.11,0.99,0.74,2.6,-2.67
74,0.03,0.12,1.02,2.47,0.76,-1.76
75,0.03,0.12,1.01,4.4,1.69,0.0
76,0.03,0.12,1.0,4.56,1.73,-0.06
77,0.03,0.12,0.97,4.44,2.89,0.4
78,0.04,0.13,0.95,3.39,4.43,0.15
79,0.04,0.14,0.95,1.5,5.68,-0.44
80,0.04,0.14,0.94,0.26,5.53,-0.16
81,0.03,0.14,0.93,-1.7,3.76,-0.77
82,0.04,0.15,0.94,-3.02,4.8,-0.44
83,0.04,0.15,0.96,-3.53,5.23,-0.76
84,0.04,0.13,0.96,-3.25,4.67,0.31
85,0.04,0.13,0.97,-4.11,2.82,-0.39
86,0.03,0.11,1.0,-4.42,0.78,-2.95
87,0.03,0.11,1.02,-4.17,-1.6,-4.52
88,0.02,0.11,1.03,-2.76,-3.04,-4.4
89,0.01,0.11,1.04,-0.64,-1.89,-4.05
90,0.0,0.12,1.04,1.53,0.53,-1.84
91,0.01,0.14,1.03,3.27,2.12,-0.54
92,0.02,0.15,1.01,4.44,2.21,-0.4
93,0.01,0.15,0.99,5.0,1.16,-0.31
94,0.01,0.15,0.95,5.18,0.04,0.5
95,0.01,0.15,0.96,3.65,-0.3,1.46
96,0.02,0.15,0.94,1.38,-0.7,1.0
97,0.01,0.14,0.93,-0.89,-1.07,0.93
98,0.02,0.15,0.95,-2.85,-1.65,0.63
99,0.04,0.14,0.98,-1.8,0.54,1.34
100,0.03,0.14,0.96,-2.85,-0.1,-0.37
101,0.03,0.14,0.96,-3.11,-1.56,-1.86
102,0.04,0.14,0.97,-2.66,-0.92,-2.05
103,0.03,0.14,0.95,-2.92,-1.31,-3.23
104,0.03,0.15,0.96,-2.82,-0.02,-2.04
105,0.04,0.14,0.95,-3.66,-0.27,-2.7
106,0.05,0.14,0.95,-3.93,0.24,-3.27
107,0.04,0.16,0.95,-4.47,0.44,-3.5
108,0.04,0.16,0.95,-4.73,0.63,-2.71
109,0.04,0.15,0.94,-5.64,-0.08,-2.41
110,0.05,0.15,0.95,-6.89,-0.34,-2.44
111,0.04,0.15,0.95,-7.89,1.1,-2.31
112,0.05,0.15,0.96,-8.91,-0.85,-3.2
113,0.02,0.16,0.98,-9.76,-2.85,-3.76
114,-0.0,0.17,1.04,-8.06,-3.99,-3.2
115,-0.01,0.17,1.05,-5.03,-4.34,-2.05
116,-0.0,0.19,1.06,-1.89,-4.88,-1.14
117,-0.02,0.23,1.07,1.55,-5.13,0.01
118,-0.0,0.27,1.06,4.95,-5.02,1.63
119,-0.01,0.31,1.07,7.79,-4.15,2.24
120,0.0,0.36,1.07,10.86,-1.92,2.87
121,0.01,0.41,1.06,15.18,0.85,4.15
122,0.04,0.47,1.03,21.43,6.4,6.08
123,0.04,0.52,0.97,26.08,10.6,10.49
124,0.07,0.55,0.9,29.85,9.48,14.67
125,0.04,0.61,0.79,27.74,6.39,15.82
126,0.0,0.67,0.69,21.13,2.45,19.64
127,-0.05,0.73,0.65,10.31,-3.72,21.65
128,0.04,0.76,0.66,-3.73,-7.82,19.0
129,0.06,0.79,0.76,-19.41,-6.96,4.92
130,-0.06,0.84,0.92,-26.71,-9.95,-2.13
131,-0.17,0.87,1.12,-28.74,-11.42,-5.66
132,-0.22,0.9,1.32,-20.37,-6.72,1.37
133,-0.19,0.92,1.47,-10.02,3.88,4.92
134,-0.23,0.98,1.52,3.34,14.84,7.11
135,-0.25,1.01,1.56,20.73,18.46,13.02
136,-0.2,1.02,1.53,39.11,16.82,17.79
137,-0.17,1.04,1.44,51.9,10.36,18.53
138,-0.12,1.04,1.33,61.78,5.16,19.88
139,-0.1,1.02,1.19,61.73,3.82,19.18
140,0.0,1.0,1.09,56.65,8.76,16.91
141,0.16,0.95,0.99,47.6,25.19,7.78
142,0.2,0.91,0.9,36.04,34.85,-9.37
143,0.18,0.85,0.83,25.76,38.01,-21.89
144,0.21,0.73,0.77,17.1,39.23,-33.91
145,0.21,0.6,0.7,9.86,35.99,-45.65
146,0.19,0.44,0.62,2.35,30.96,-56.05
147,0.15,0.24,0.61,-5.38,29.29,-66.03
148,-0.0,0.05,0.69,-12.24,46.92,-77.58
149,-0.18,-0.08,0.87,-12.25,69.46,-68.61
150,-0.21,-0.2,0.95,-0.15,73.77,-52.98
151,-0.15,-0.34,0.85,13.88,64.34,-36.23
152,-0.11,-0.47,0.67,15.22,48.05,-26.28
153,-0.11,-0.58,0.51,8.53,26.28,-20.32
154,-0.1,-0.69,0.43,-2.66,4.89,-19.18
155,-0.12,-0.74,0.45,-20.03,-11.02,-16.94
156,-0.04,-0.86,0.52,-32.06,-24.13,-11.89
157,0.07,-0.95,0.65,-47.17,-36.63,-13.87
158,0.23,-1.03,0.8,-54.1,-37.92,-15.66
159,0.45,-1.07,0.96,-60.39,-49.39,-30.66
160,0.57,-1.08,1.11,-59.53,-78.27,-58.33
161,0.56,-1.04,1.24,-53.59,-84.21,-83.22
162,0.4,-0.91,1.3,-53.69,-71.2,-102.17
163,0.27,-0.81,1.38,-53.12,-48.02,-108.7
164,0.02,-0.66,1.44,-46.05,-13.89,-107.76
165,-0.23,-0.65,1.44,-26.02,5.54,-96.09
166,-0.5,-0.55,1.32,-10.45,7.05,-79.69
167,-0.72,-0.37,1.11,-9.03,-18.89,-51.85
168,-0.74,-0.26,1.03,-5.54,-35.18,-22.07
169,-0.67,-0.17,0.99,-5.27,-44.35,8.61
170,-0.44,-0.12,0.98,-0.92,-55.18,33.0
171,-0.14,-0.09,0.96,-2.39,-54.17,45.9
172,0.07,-0.03,0.9,-3.21,-57.85,45.85
173,0.24,-0.02,0.92,-0.34,-54.68,46.27
174,0.39,-0.02,0.97,-4.6,-47.25,37.03
175,0.48,-0.03,0.99,-4.78,-26.5,24.8
176,0.44,0.01,0.95,-0.66,-7.53,11.91
177,0.31,0.07,0.97,2.84,3.92,9.6
178,0.25,0.12,0.94,0.05,-0.25,9.82
179,0.28,0.11,0.93,4.94,1.47,15.5
180,0.3,0.12,0.89,5.37,-0.34,12.98
181,0.26,0.12,0.86,3.37,-7.57,9.31
182,0.21,0.11,0.87,0.44,-11.44,5.32
183,0.16,0.1,0.89,-2.5,-15.15,4.07
184,0.09,0.1,0.89,-5.12,-24.22,7.08
185,0.09,0.1,0.89,-8.11,-33.45,10.15
186,0.13,0.1,0.94,-11.52,-38.18,11.54
187,0.2,0.1,1.0,-11.53,-34.11,13.47
188,0.28,0.09,0.99,-8.41,-21.4,12.77
189,0.29,0.09,0.95,-8.98,-9.86,7.44
190,0.27,0.09,0.91,-10.76,-8.02,3.91
191,0.21,0.11,0.84,-13.95,-11.57,0.41
192,0.13,0.11,0.78,-22.47,-19.14,-2.22
193,0.07,0.06,0.75,-34.51,-29.07,-4.8
194,0.07,0.01,0.8,-46.43,-35.67,-7.33
195,0.05,-0.0,0.92,-53.68,-37.37,-9.75
196,0.03,-0.02,1.03,-51.78,-35.15,-6.23
197,0.07,-0.04,1.16,-40.83,-30.98,-3.89
198,0.09,-0.02,1.27,-23.77,-18.43,1.17
199,0.09,-0.0,1.27,-4.54,-0.55,10.42
200,0.12,0.02,1.18,11.08,10.21,16.85
201,0.16,0.05,1.04,20.57,16.98,16.51
202,0.14,0.07,0.95,26.15,19.47,17.54
203,0.09,0.07,0.86,22.57,8.89,16.12
204,0.09,0.06,0.84,16.28,-5.58,14.2
205,0.08,0.04,0.84,7.25,-12.49,11.95
206,0.05,0.04,0.88,-1.46,-11.4,12.21
207,0.08,0.04,0.95,-7.38,-6.01,11.6
208,0.08,0.04,1.02,-6.94,-1.73,10.21
209,0.04,0.06,1.09,-1.24,-0.45,13.02
210,0.06,0.08,1.12,5.69,-6.98,16.52
211,0.14,0.09,1.12,11.85,-15.59,18.96
212,0.17,0.1,1.1,16.67,-18.18,19.11
213,0.2,0.11,1.08,17.74,-19.73,16.7
214,0.23,0.12,1.07,17.51,-16.76,13.62
215,0.21,0.11,1.02,16.82,-12.29,10.34
216,0.16,0.1,1.0,13.49,-6.5,9.94
217,0.11,0.09,0.96,7.89,-4.8,10.29
218,0.1,0.08,0.95,3.48,-2.33,9.79
219,0.08,0.08,0.96,0.29,2.08,8.77
220,0.06,0.08,1.01,-0.79,2.26,9.47
221,0.05,0.08,1.04,1.51,-1.66,12.44
222,0.09,0.07,1.05,4.92,-6.37,12.56
223,0.12,0.07,1.07,10.18,-9.08,13.02
224,0.11,0.1,1.04,13.92,-12.68,10.37
225,0.14,0.08,1.02,18.75,-15.31,10.22
226,0.15,0.1,0.97,20.15,-11.24,10.56
227,0.13,0.11,0.93,18.34,-7.08,9.69
228,0.12,0.12,0.89,14.79,-6.09,12.6
229,0.11,0.12,0.86,7.31,-7.79,10.29
230,0.09,0.12,0.88,1.79,-5.15,10.03
231,0.1,0.12,0.89,-3.31,-2.94,9.85
232,0.09,0.12,0.92,-8.0,-1.79,9.23
233,0.09,0.12,0.97,-9.53,-0.08,9.16
234,0.13,0.12,1.02,-8.15,0.95,8.1
235,0.13,0.11,1.06,-3.95,0.42,6.56
236,0.13,0.13,1.06,1.11,-1.17,8.15
237,0.11,0.13,1.04,5.53,-2.81,9.18
238,0.08,0.14,1.01,8.11,-5.7,10.85
239,0.09,0.15,0.98,10.38,-7.53,15.24
240,0.12,0.16,0.96,9.73,-5.67,19.51
241,0.12,0.19,0.93,5.92,-3.47,19.86
242,0.13,0.2,0.94,1.48,-0.14,15.47
243,0.12,0.21,0.97,-0.85,3.4,14.95
244,0.13,0.19,0.99,-3.1,2.85,14.58
245,0.16,0.18,1.02,-4.15,3.92,14.69
246,0.21,0.15,1.05,-5.35,2.32,11.32
247,0.21,0.15,1.07,-4.61,3.56,7.66
248,0.17,0.14,1.07,-1.6,5.76,5.57
249,0.11,0.14,1.08,3.43,5.89,7.47
250,0.12,0.13,1.04,7.21,7.81,12.75
251,0.09,0.11,1.04,8.44,-1.0,8.27
252,0.11,0.09,1.01,8.37,3.85,11.09
253,0.11,0.1,0.94,5.48,6.76,12.31
254,0.09,0.11,0.93,9.85,9.26,14.35
255,0.1,0.11,0.9,9.4,5.99,17.1
256,0.12,0.13,0.86,6.69,5.39,18.81
257,0.15,0.14,0.84,2.99,7.09,20.85
258,0.17,0.14,0.83,-2.1,5.44,18.46
259,0.2,0.18,0.84,-8.53,6.05,13.83
260,0.19,0.18,0.88,-9.6,5.97,10.87
261,0.19,0.18,0.92,-11.12,3.4,10.02
262,0.2,0.18,0.95,-10.33,2.03,7.89
263,0.17,0.18,0.97,-8.29,3.47,2.33
264,0.18,0.16,1.01,-5.34,0.89,4.65
265,0.18,0.16,1.01,-1.79,-2.62,5.8
266,0.17,0.15,1.01,0.73,-7.75,3.8
267,0.16,0.13,0.98,2.69,-10.07,4.76
268,0.17,0.12,0.93,1.46,-11.21,4.55
269,0.17,0.12,0.93,-1.53,-9.07,4.85
270,0.18,0.11,0.93,-4.29,-2.11,3.97
271,0.18,0.12,0.93,-7.92,3.21,1.66
272,0.15,0.15,0.94,-11.37,4.83,1.12
273,0.17,0.15,0.96,-13.43,7.22,1.8
274,0.17,0.16,0.97,-12.42,9.3,0.81
275,0.16,0.17,0.99,-10.47,5.67,-0.85
276,0.19,0.18,1.0,-7.82,-0.24,-2.26
277,0.19,0.18,1.0,-2.95,-4.21,-3.76
278,0.18,0.18,0.99,0.85,-8.82,-5.62
279,0.16,0.17,0.99,1.73,-11.54,-5.57
280,0.18,0.18,1.0,1.26,-6.11,-4.07
281,0.19,0.18,0.98,-0.91,1.11,-4.64
282,0.18,0.18,0.98,-2.35,7.5,-6.69
283,0.14,0.17,0.98,-4.73,12.44,-6.77
284,0.1,0.16,1.0,-4.84,12.66,-7.25
285,0.08,0.17,1.01,-3.15,9.3,-5.07
286,0.08,0.17,1.01,-0.46,6.53,-3.59
287,0.09,0.17,0.99,2.88,3.51,-3.4
288,0.12,0.17,0.98,6.17,1.47,-3.59
289,0.14,0.17,0.97,6.82,0.73,-4.48
290,0.14,0.17,0.94,6.86,-1.21,-5.79
291,0.15,0.16,0.92,4.88,-2.36,-7.63
292,0.15,0.17,0.92,2.24,-0.59,-7.97
293,0.13,0.18,0.9,-1.47,1.69,-7.63
294,0.11,0.2,0.89,-5.54,4.05,-7.37
295,0.1,0.19,0.91,-8.43,5.51,-4.82
296,0.09,0.19,0.92,-10.19,7.44,-4.41
297,0.07,0.18,0.92,-11.42,8.05,-3.6
298,0.07,0.18,0.93,-10.5,4.34,-3.07
299,0.11,0.19,0.97,-8.12,0.71,-3.02
300,0.11,0.17,0.94,-6.05,-3.28,-4.71
301,0.1,0.17,0.94,-5.52,-4.08,-4.67
302,0.1,0.15,0.93,-8.79,-1.11,-5.09
303,0.08,0.16,0.94,-10.74,1.4,-4.69
304,0.07,0.17,0.96,-11.16,2.84,-3.29
305,0.07,0.18,0.96,-12.25,0.5,-3.0
306,0.08,0.16,0.97,-12.17,-2.08,-2.73
307,0.08,0.17,0.99,-12.1,-0.89,-3.56
308,0.08,0.17,0.99,-12.03,-1.49,-4.12
309,0.11,0.15,1.03,-10.95,-0.26,-3.95
310,0.1,0.16,1.04,-9.59,2.79,-3.24
311,0.1,0.17,1.05,-6.98,4.74,-0.69
312,0.13,0.17,1.04,-5.39,5.18,1.92
313,0.15,0.17,1.03,-3.58,6.95,1.76
314,0.15,0.16,1.01,-2.21,6.21,0.66
315,0.13,0.16,0.97,-2.6,0.89,-0.92
316,0.12,0.15,0.97,-2.66,-4.07,-2.33
317,0.12,0.16,0.98,-2.95,-4.3,-4.51
318,0.12,0.17,0.99,-4.48,-3.58,-3.8
319,0.15,0.17,1.02,-5.69,-0.86,-5.16
320,0.16,0.16,1.03,-5.63,4.63,-6.21
321,0.15,0.16,1.06,-4.45,9.38,-5.63
322,0.13,0.16,1.05,-2.4,11.25,-3.9
323,0.12,0.15,1.03,0.07,11.32,-3.55
324,0.1,0.15,1.02,2.33,9.62,-3.45
325,0.08,0.15,1.01,4.38,5.64,-4.56
326,0.07,0.14,1.0,5.23,1.72,-5.34
327,0.07,0.13,1.0,5.42,1.24,-5.29
328,0.06,0.13,1.02,4.24,1.82,-5.88
329,0.06,0.14,1.02,4.57,2.73,-4.65
330,0.08,0.15,1.02,4.76,3.84,-4.22
331,0.08,0.14,1.0,5.63,5.23,-4.88
332,0.08,0.15,0.99,6.37,3.49,-3.88
333,0.08,0.15,0.95,7.37,2.33,-3.26
334,0.09,0.15,0.92,6.49,0.41,-3.44
335,0.09,0.15,0.9,4.05,2.17,-2.42
336,0.1,0.14,0.9,0.08,4.42,-4.35
337,0.08,0.14,0.91,-3.91,4.65,-5.3
338,0.08,0.14,0.93,-7.56,5.76,-4.44
339,0.09,0.14,0.97,-8.63,10.47,-2.27
340,0.08,0.15,0.99,-8.92,13.42,-2.36
341,0.07,0.15,1.0,-7.51,12.97,-1.98
342,0.08,0.17,1.01,-4.61,9.04,-2.78
343,0.09,0.16,1.0,-0.09,4.25,-4.7
344,0.11,0.16,0.98,2.72,1.83,-6.86
345,0.1,0.16,0.95,4.3,-0.58,-8.05
346,0.09,0.16,0.92,3.09,-0.55,-9.63
347,0.07,0.15,0.9,-0.98,-0.53,-9.44
348,0.07,0.17,0.91,-5.75,2.18,-8.47
349,0.07,0.17,0.96,-10.12,7.08,-7.4
350,0.1,0.17,1.0,-12.3,13.03,-5.98
351,0.09,0.18,1.02,-12.36,15.32,-6.6
352,0.11,0.17,1.03,-10.85,15.65,-7.02
353,0.12,0.17,1.03,-8.03,14.67,-8.24
354,0.1,0.18,1.03,-4.47,12.02,-9.95
355,0.08,0.18,1.01,-1.24,7.23,-11.92
356,0.06,0.18,0.99,1.58,4.19,-12.27
357,0.06,0.18,0.98,3.17,2.81,-12.24
358,0.06,0.17,0.96,2.58,2.24,-13.05
359,0.07,0.17,0.94,0.7,1.97,-13.64
360,0.08,0.17,0.93,-1.67,0.14,-14.34
361,0.07,0.16,0.94,-3.94,2.45,-13.33
362,0.06,0.15,0.94,-6.75,7.61,-12.42
363,0.04,0.14,0.94,-10.09,9.88,-12.58
364,0.02,0.14,0.96,-11.76,10.18,-11.63
365,0.02,0.14,0.97,-12.02,9.23,-11.28
366,0.01,0.13,0.99,-10.89,8.5,-10.53
367,-0.01,0.14,1.0,-9.41,5.83,-9.16
368,0.02,0.13,1.0,-7.3,4.02,-8.17
369,0.03,0.13,0.99,-6.63,4.44,-8.42
370,0.03,0.13,0.99,-5.43,5.76,-7.66
371,0.04,0.14,0.96,-6.03,6.44,-7.23
372,0.04,0.15,0.96,-6.28,6.32,-7.82
373,0.04,0.15,0.96,-8.14,7.76,-8.24
374,0.04,0.16,0.97,-9.44,9.68,-8.54
375,0.05,0.17,0.97,-10.34,11.14,-9.3
376,0.06,0.17,0.97,-10.69,10.09,-11.08
377,0.07,0.17,0.98,-10.54,6.77,-12.89
378,0.06,0.17,0.99,-9.81,4.15,-15.23
379,0.06,0.16,0.99,-9.15,3.34,-16.23
380,0.03,0.16,0.99,-8.5,5.36,-13.07
381,0.0,0.16,0.99,-9.39,7.05,-12.09
382,-0.01,0.15,1.0,-9.7,8.27,-10.31
383,0.01,0.15,0.98,-10.16,10.27,-7.08
384,0.0,0.15,0.98,-10.77,10.11,-6.25
385,0.0,0.15,0.98,-11.54,8.86,-6.18
386,0.01,0.14,0.97,-11.68,8.61,-6.71
387,-0.01,0.15,0.97,-12.35,8.12,-7.98
388,0.0,0.14,0.98,-11.1,6.7,-5.98
389,0.02,0.12,0.99,-9.79,4.37,-5.82
390,0.02,0.11,1.01,-9.01,4.01,-5.89
391,0.01,0.1,1.02,-8.3,0.66,-6.47
392,0.02,0.09,1.02,-7.02,-2.11,-6.39
393,0.02,0.1,1.02,-5.75,-3.21,-6.91
394,0.02,0.09,1.02,-4.53,-2.73,-6.6
395,0.01,0.08,0.99,-4.64,-2.64,-7.02
396,0.0,0.08,0.98,-5.68,-2.67,-6.54
397,0.01,0.07,0.99,-6.27,-1.39,-7.34
398,0.0,0.07,1.02,-5.75,0.34,-6.59
399,-0.0,0.08,1.04,-3.85,2.24,-5.3
400,0.0,0.08,1.04,-1.72,4.47,-4.02
