,accel_x,accel_y,accel_z,gyro_x,gyro_y,gyro_z
0,-0.07,-0.09,0.94,0.27,-21.05,-12.6
1,-0.05,-0.11,0.97,-3.79,-24.15,-15.6
2,-0.03,-0.13,1.05,-6.03,-23.63,-18.11
3,-0.02,-0.17,1.1,-2.42,-15.56,-13.31
4,-0.02,-0.18,1.12,1.63,-6.44,-8.56
5,-0.01,-0.17,1.09,7.91,1.01,-5.24
6,-0.01,-0.15,1.04,11.92,6.36,-0.45
7,-0.01,-0.11,0.98,14.64,10.79,2.31
8,-0.02,-0.08,0.92,14.21,9.44,0.51
9,-0.02,-0.06,0.89,13.18,2.72,-5.75
10,-0.03,-0.07,0.88,11.12,-0.66,-8.34
11,-0.05,-0.06,0.88,8.61,-2.1,-8.25
12,-0.06,-0.07,0.88,5.6,-4.39,-6.05
13,-0.1,-0.08,0.88,4.5,-8.35,-3.72
14,-0.12,-0.08,0.88,3.03,-12.52,0.59
15,-0.16,-0.08,0.87,1.88,-18.96,5.54
16,-0.16,-0.11,0.88,2.09,-22.34,12.89
17,-0.15,-0.11,0.86,1.32,-22.76,23.2
18,-0.09,-0.11,0.85,-3.73,-23.82,26.99
19,-0.01,-0.09,0.87,-10.75,-22.47,24.83
20,0.03,-0.1,0.88,-16.53,-18.34,20.56
21,0.03,-0.13,0.9,-20.97,-16.22,15.43
22,0.04,-0.15,0.95,-24.09,-16.41,6.01
23,0.03,-0.19,1.02,-22.86,-14.4,-2.21
24,-0.02,-0.22,1.06,-18.69,-11.64,-5.91
25,-0.01,-0.23,1.07,-13.64,-6.44,-4.78
26,-0.03,-0.24,1.05,-10.76,-3.95,-7.1
27,-0.05,-0.24,1.04,-8.6,-2.06,-6.5
28,-0.07,-0.25,1.03,-6.66,-0.69,-4.42
29,-0.08,-0.25,1.01,-6.92,-3.54,-3.82
30,-0.09,-0.24,1.01,-6.3,-5.61,-2.79
31,-0.07,-0.24,1.02,-5.69,-6.41,-0.23
32,-0.04,-0.25,1.01,-7.14,-5.12,2.24
33,-0.02,-0.26,1.02,-6.6,-1.98,5.94
34,-0.0,-0.25,1.01,-6.73,-0.34,7.46
35,0.01,-0.23,1.01,-5.75,-0.38,4.44
36,0.02,-0.23,1.01,-3.56,-0.83,2.12
37,0.02,-0.23,1.0,-1.46,-1.46,1.19
38,0.02,-0.24,1.01,-0.82,-2.37,-1.45
39,0.02,-0.23,1.02,1.47,-0.75,-1.82
40,0.01,-0.24,1.0,1.52,1.56,-0.93
41,-0.0,-0.24,1.0,2.15,2.37,-0.5
42,-0.02,-0.24,1.0,3.5,1.34,-1.63
43,-0.02,-0.23,1.01,5.63,3.8,0.44
44,-0.02,-0.21,0.98,6.73,6.87,4.1
45,-0.0,-0.18,0.95,4.88,8.83,6.13
46,0.01,-0.14,0.95,3.19,10.66,6.72
47,-0.01,-0.13,0.93,2.44,11.79,7.56
48,-0.0,-0.1,0.9,0.13,8.7,6.73
49,-0.01,-0.09,0.9,-2.82,3.88,2.8
50,0.0,-0.09,0.91,-3.22,1.98,-0.28
51,0.01,-0.11,0.91,-3.16,-0.39,-1.77
52,-0.01,-0.12,0.9,-5.24,-6.19,-7.34
53,-0.0,-0.15,0.93,-5.79,-9.31,-11.67
54,-0.02,-0.19,0.95,-3.98,-11.02,-14.66
55,-0.04,-0.22,0.97,-2.19,-15.04,-18.83
56,-0.06,-0.25,0.98,0.22,-16.54,-21.21
57,-0.08,-0.28,1.01,2.13,-15.45,-19.79
58,-0.09,-0.29,1.03,4.04,-12.38,-15.84
59,-0.09,-0.29,1.02,5.4,-6.69,-6.49
60,-0.07,-0.28,0.99,3.15,-3.46,1.5
61,-0.06,-0.26,0.99,1.51,-1.47,6.53
62,-0.04,-0.25,0.98,0.62,0.53,11.71
63,-0.02,-0.22,0.98,0.53,1.86,14.34
64,0.01,-0.19,0.98,-0.37,0.63,12.92
65,0.04,-0.17,1.01,0.78,2.08,12.05
66,0.05,-0.14,1.0,2.38,4.31,10.65
67,0.05,-0.13,0.99,3.33,4.34,7.97
68,0.07,-0.12,0.96,2.44,3.38,4.62
69,0.07,-0.12,0.98,2.31,4.01,2.06
70,0.1,-0.12,0.99,3.73,5.89,-0.13
71,0.09,-0.14,0.97,4.37,3.56,-7.03
72,0.07,-0.17,0.98,4.53,0.49,-13.68
73,0.04,-0.19,1.0,5.88,0.53,-14.35
74,0.04,-0.2,1.03,6.8,4.09,-13.08
75,0.01,-0.22,1.02,7.89,7.82,-12.08
76,-0.02,-0.22,1.01,7.93,9.18,-10.21
77,-0.02,-0.21,1.01,7.85,10.81,-7.23
78,-0.02,-0.2,1.01,8.47,13.27,-5.6
79,0.0,-0.19,1.0,9.34,15.55,-6.54
80,-0.0,-0.17,1.0,10.7,16.5,-7.62
81,-0.02,-0.17,0.98,11.79,15.24,-9.0
82,-0.03,-0.16,0.97,12.46,14.01,-10.63
83,-0.04,-0.15,0.96,13.53,13.91,-12.54
84,-0.05,-0.15,0.96,12.79,11.94,-14.41
85,-0.07,-0.14,0.96,12.4,10.87,-13.48
86,-0.06,-0.13,0.97,12.29,13.15,-10.06
87,-0.06,-0.12,0.95,12.63,15.15,-8.54
88,-0.08,-0.12,0.94,12.3,14.53,-8.38
89,-0.09,-0.12,0.91,10.79,10.38,-9.24
90,-0.09,-0.13,0.94,9.86,7.08,-10.02
91,-0.08,-0.13,0.93,8.31,5.41,-7.82
92,-0.08,-0.14,0.93,6.82,5.64,-6.21
93,-0.09,-0.14,0.94,5.61,3.95,-5.64
94,-0.09,-0.14,0.94,4.63,1.27,-5.87
95,-0.08,-0.15,0.95,3.36,0.56,-6.12
96,-0.09,-0.15,0.97,2.27,1.05,-4.89
97,-0.1,-0.15,0.97,1.44,0.28,-2.47
98,-0.09,-0.15,0.96,-0.08,-0.22,-0.63
99,-0.08,-0.14,0.97,-1.48,-0.65,0.91
100,-0.06,-0.14,0.98,-1.97,0.53,2.82
101,-0.05,-0.12,0.96,-1.31,1.26,5.43
102,-0.05,-0.1,0.94,-2.34,-0.91,4.17
103,-0.06,-0.1,0.94,-3.96,-3.71,1.61
104,-0.06,-0.11,0.94,-4.68,-4.18,1.44
105,-0.05,-0.1,0.91,-7.35,-4.07,3.66
106,-0.06,-0.1,0.91,-10.92,-5.19,4.73
107,-0.07,-0.11,0.9,-14.08,-7.89,6.6
108,-0.06,-0.12,0.91,-17.5,-13.11,5.81
109,-0.06,-0.14,0.96,-18.98,-15.63,2.15
110,-0.07,-0.16,1.01,-16.5,-15.73,1.18
111,-0.06,-0.19,1.07,-12.02,-14.77,-2.47
112,-0.03,-0.19,1.09,-6.76,-9.5,-3.76
113,-0.01,-0.17,1.13,-1.94,0.61,1.11
114,-0.0,-0.16,1.07,4.43,8.53,3.48
115,-0.01,-0.13,1.01,6.15,8.82,1.31
116,-0.02,-0.13,0.96,6.56,4.73,-2.6
117,-0.02,-0.13,0.95,4.89,2.14,-5.15
118,-0.03,-0.13,0.95,3.31,0.25,-6.08
119,-0.04,-0.15,0.97,1.47,-0.22,-6.76
120,-0.04,-0.14,0.98,1.38,1.05,-5.5
121,-0.05,-0.16,0.97,1.27,1.61,-3.76
122,-0.04,-0.14,0.98,0.37,0.65,-4.09
123,-0.04,-0.13,0.98,0.12,1.98,-4.42
124,-0.03,-0.13,0.99,0.46,2.51,-2.61
125,-0.02,-0.13,0.98,1.45,4.12,-1.43
126,-0.03,-0.12,0.96,2.28,3.65,-2.92
127,-0.03,-0.11,0.97,0.27,1.21,-6.23
128,-0.03,-0.11,0.98,1.83,1.98,-7.21
129,-0.05,-0.11,0.98,2.83,1.04,-7.48
130,-0.06,-0.12,0.98,3.44,0.81,-9.29
131,-0.06,-0.12,0.97,3.77,0.64,-8.92
132,-0.06,-0.12,0.96,2.92,1.13,-6.93
133,-0.06,-0.11,0.94,1.12,0.13,-5.26
134,-0.07,-0.12,0.93,-1.43,-0.66,-5.67
135,-0.07,-0.11,0.93,-3.64,-1.02,-3.77
136,-0.06,-0.11,0.93,-6.22,-1.62,-2.27
137,-0.06,-0.11,0.94,-8.34,-3.43,-2.54
138,-0.06,-0.13,0.95,-10.35,-4.78,-2.14
139,-0.06,-0.14,0.96,-10.45,-7.34,-3.43
140,-0.06,-0.15,0.98,-10.78,-9.48,-2.69
141,-0.05,-0.17,1.0,-10.66,-9.24,-3.82
142,-0.03,-0.18,1.02,-8.75,-7.45,-3.29
143,-0.03,-0.18,1.04,-5.77,-3.48,-1.58
144,-0.03,-0.19,1.05,-1.1,-0.18,0.46
145,-0.05,-0.15,0.99,-2.6,-5.03,-3.01
146,-0.04,-0.16,1.01,-0.02,-4.6,-4.65
147,-0.04,-0.18,1.01,3.34,-3.32,-2.08
148,-0.04,-0.16,0.97,0.36,-5.24,-4.02
149,-0.04,-0.17,0.98,1.1,-3.97,-2.95
150,-0.05,-0.17,0.99,0.81,-3.11,1.33
151,-0.04,-0.17,0.98,-0.84,-5.09,-1.27
152,-0.03,-0.18,0.98,-0.24,-8.6,-7.79
153,-0.03,-0.19,0.98,-0.27,-11.93,-8.32
154,-0.03,-0.2,1.01,2.44,-8.86,-8.4
155,-0.04,-0.2,0.98,-2.44,-11.49,-9.17
156,-0.04,-0.25,1.01,-0.5,-19.47,-10.44
157,-0.06,-0.25,1.03,2.4,-21.24,-7.74
158,-0.04,-0.22,0.99,-0.98,-32.37,-9.6
159,-0.04,-0.22,1.0,-1.11,-32.47,-10.47
160,-0.03,-0.21,1.0,3.61,-34.19,-8.72
161,-0.02,-0.21,1.01,-0.79,-32.34,-6.38
162,-0.03,-0.19,1.02,-0.66,-28.99,-2.97
163,-0.02,-0.19,1.0,1.56,-22.31,-1.78
164,0.02,-0.16,0.98,2.79,-11.4,2.83
165,0.03,-0.12,0.96,0.6,-6.64,4.96
166,0.01,-0.11,0.92,-1.26,-6.57,-0.5
167,0.02,-0.09,0.92,-5.73,-10.73,-4.4
168,0.01,-0.1,0.95,-6.24,-13.54,-9.11
169,0.01,-0.11,0.98,-6.91,-15.69,-10.39
170,0.01,-0.16,1.0,-4.1,-14.64,-10.67
171,0.02,-0.17,1.06,0.11,-11.44,-12.37
172,0.02,-0.18,1.08,7.17,-5.79,-10.63
173,0.03,-0.17,1.07,12.95,-1.69,-5.53
174,0.02,-0.14,1.04,17.39,5.81,-3.04
175,0.0,-0.12,1.01,18.17,10.44,0.33
176,-0.0,-0.11,0.98,18.67,10.79,3.31
177,-0.01,-0.09,0.95,16.85,8.98,4.9
178,-0.02,-0.09,0.96,14.44,8.05,6.42
179,-0.02,-0.09,0.95,12.83,7.96,8.24
180,-0.01,-0.09,0.95,12.23,8.33,10.11
181,-0.01,-0.08,0.95,11.13,8.58,11.76
182,-0.0,-0.08,0.95,10.91,8.6,13.04
183,-0.01,-0.09,0.95,10.84,6.11,10.63
184,-0.01,-0.1,0.96,11.96,3.0,8.18
185,-0.0,-0.11,0.98,13.81,3.71,7.02
186,-0.01,-0.1,1.0,14.4,7.32,9.68
187,-0.01,-0.07,1.0,15.01,13.41,12.76
188,-0.03,-0.04,0.99,15.27,19.08,16.84
189,-0.05,0.02,0.97,14.2,22.79,21.07
190,-0.07,0.08,0.95,12.0,25.13,25.54
191,-0.08,0.15,0.92,9.78,24.72,27.18
192,-0.07,0.2,0.91,6.29,22.89,31.28
193,-0.04,0.25,0.89,4.13,19.33,33.2
194,-0.03,0.29,0.86,1.93,11.8,29.41
195,0.03,0.36,0.88,-2.53,2.18,21.53
196,0.08,0.43,0.94,-6.6,-9.1,11.55
197,0.12,0.46,1.02,-9.5,-16.01,3.46
198,0.15,0.5,1.07,-16.05,-21.39,-4.88
199,0.17,0.53,1.17,-23.56,-27.45,-11.14
200,0.18,0.53,1.29,-28.3,-32.15,-18.44
201,0.2,0.55,1.41,-29.2,-29.26,-25.75
202,0.19,0.54,1.49,-27.56,-21.11,-30.13
203,0.17,0.53,1.57,-21.43,-9.24,-34.4
204,0.12,0.55,1.6,-12.4,2.45,-38.24
205,0.01,0.55,1.59,-1.16,7.77,-49.42
206,-0.15,0.57,1.57,13.08,3.29,-64.88
207,-0.26,0.59,1.58,22.59,0.36,-75.5
208,-0.35,0.62,1.58,32.77,-0.67,-76.17
209,-0.44,0.65,1.55,38.96,7.05,-71.83
210,-0.46,0.72,1.57,43.68,18.36,-60.2
211,-0.48,0.81,1.51,44.64,37.94,-43.49
212,-0.49,0.88,1.45,42.55,46.5,-31.38
213,-0.51,0.96,1.37,39.68,50.91,-23.86
214,-0.51,1.04,1.29,34.67,46.21,-21.02
215,-0.46,1.08,1.19,28.8,38.54,-19.79
216,-0.36,1.07,1.08,23.35,37.11,-20.89
217,-0.21,1.01,0.99,14.11,42.38,-25.37
218,-0.1,0.91,0.89,10.12,47.92,-29.44
219,-0.03,0.7,0.8,15.11,51.27,-26.97
220,0.05,0.43,0.52,23.54,68.95,-17.34
221,0.12,0.14,0.16,23.47,81.04,-1.37
222,0.21,-0.1,-0.24,9.46,88.01,6.29
223,0.34,-0.36,-0.61,-31.02,92.74,0.79
224,0.42,-0.67,-0.91,-93.17,103.92,-13.15
225,0.47,-1.02,-1.04,-164.88,117.73,-24.08
226,0.37,-1.4,-1.01,-222.75,113.63,-34.97
227,0.22,-1.74,-0.87,-250.14,85.14,-57.47
228,0.05,-2.0,-0.66,-250.14,43.78,-90.3
229,-0.12,-2.0,-0.12,-250.14,-5.71,-107.5
230,-0.19,-2.0,0.59,-250.14,-63.19,-115.33
231,-0.08,-2.0,1.31,-206.48,-124.66,-133.06
232,0.07,-2.0,1.77,-108.07,-190.59,-138.18
233,0.13,-1.89,1.97,-1.49,-231.18,-151.51
234,0.03,-1.67,1.85,68.39,-232.63,-150.53
235,-0.07,-1.46,1.57,90.77,-187.82,-115.34
236,-0.09,-1.28,1.37,78.26,-120.92,-69.55
237,-0.02,-1.11,1.23,58.94,-60.5,-20.75
238,0.08,-0.96,1.15,42.89,-13.06,23.54
239,0.22,-0.84,1.09,32.11,24.76,55.51
240,0.32,-0.75,1.02,27.73,59.47,76.55
241,0.34,-0.69,0.92,28.45,75.41,85.25
242,0.34,-0.63,0.85,30.07,74.67,80.99
243,0.28,-0.54,0.8,33.67,72.94,77.53
244,0.19,-0.47,0.7,40.3,63.98,77.63
245,0.14,-0.41,0.6,36.85,37.23,74.79
246,0.16,-0.34,0.58,32.27,11.89,64.85
247,0.14,-0.32,0.65,30.54,-13.85,60.24
248,0.21,-0.32,0.72,33.03,-36.38,53.62
249,0.28,-0.28,0.77,34.01,-43.74,46.02
250,0.31,-0.23,0.79,33.51,-43.89,39.13
251,0.3,-0.21,0.8,31.6,-49.81,30.08
252,0.33,-0.2,0.8,24.44,-47.87,18.37
253,0.3,-0.18,0.82,15.18,-38.01,12.83
254,0.2,-0.19,0.84,8.13,-33.48,15.67
255,0.13,-0.24,0.82,-1.02,-33.02,19.95
256,0.1,-0.27,0.78,-15.04,-29.89,25.48
257,0.07,-0.32,0.78,-30.57,-28.82,30.7
258,0.04,-0.4,0.81,-45.11,-29.37,28.54
259,-0.01,-0.48,0.9,-51.24,-33.08,23.38
260,-0.04,-0.61,1.05,-41.15,-42.95,22.14
261,0.04,-0.7,1.15,-18.62,-46.6,26.58
262,0.16,-0.72,1.19,1.61,-38.89,25.69
263,0.2,-0.65,1.18,16.44,-23.06,21.1
264,0.21,-0.54,1.12,31.8,-11.28,22.4
265,0.17,-0.44,1.03,42.13,-4.72,25.18
266,0.12,-0.39,0.95,48.49,-5.02,25.63
267,0.08,-0.35,0.87,50.56,-4.6,26.9
268,0.05,-0.34,0.78,49.49,-5.53,33.68
269,0.06,-0.36,0.69,43.73,-12.98,40.67
270,0.1,-0.32,0.65,28.48,-7.79,42.19
271,0.08,-0.25,0.66,6.66,0.09,42.37
272,0.05,-0.21,0.76,-6.4,-2.88,38.13
273,0.05,-0.2,0.91,-7.65,-3.5,32.96
274,0.05,-0.18,1.02,1.03,4.73,32.79
275,0.07,-0.17,1.03,17.89,13.05,40.9
276,0.09,-0.15,0.95,33.97,15.35,46.96
277,0.09,-0.14,0.81,40.95,9.92,43.51
278,0.14,-0.1,0.75,35.05,-2.27,30.54
279,0.18,-0.08,0.77,27.41,-13.02,15.9
280,0.18,-0.04,0.85,18.74,-18.37,4.72
281,0.16,-0.02,0.93,11.82,-16.1,-0.79
282,0.12,-0.04,0.99,9.66,-6.73,-1.73
283,0.07,-0.06,1.04,13.31,5.21,3.22
284,0.04,-0.06,1.01,17.53,14.82,11.67
285,0.01,-0.06,0.94,17.25,19.37,16.27
286,-0.0,-0.05,0.91,15.73,17.03,15.8
287,0.01,-0.03,0.89,14.54,7.76,11.39
288,0.04,-0.02,0.89,9.4,-2.35,3.81
289,0.05,-0.02,0.94,4.03,-6.11,-2.24
290,0.05,-0.01,0.98,0.31,-1.5,-1.92
291,0.04,-0.01,1.0,-0.66,8.23,4.63
292,0.03,-0.02,1.01,-2.52,15.15,7.72
293,0.02,-0.02,0.98,-3.65,20.87,7.5
294,0.02,-0.02,0.99,-3.49,19.79,5.64
295,0.01,-0.03,0.98,-2.06,16.29,0.79
296,-0.04,-0.05,0.98,-0.57,11.17,-4.51
297,-0.03,-0.07,0.98,-0.89,7.03,-6.3
298,-0.0,-0.08,0.99,-1.82,9.11,-7.24
299,-0.03,-0.12,1.0,-2.65,14.61,-6.53
300,-0.08,-0.12,0.99,-5.09,22.61,-4.78
301,-0.13,-0.08,0.98,-5.95,29.75,-0.47
302,-0.17,-0.04,0.96,-6.97,34.65,5.92
303,-0.21,-0.02,0.93,-7.31,32.06,9.31
304,-0.22,0.01,0.88,-9.66,23.63,8.08
305,-0.18,0.04,0.84,-16.94,9.83,6.26
306,-0.1,0.03,0.86,-25.89,-2.95,4.42
307,-0.06,-0.02,0.93,-35.13,-15.04,-5.44
308,-0.01,-0.08,1.02,-42.52,-22.66,-16.25
309,0.0,-0.16,1.14,-40.73,-18.5,-20.21
310,0.01,-0.24,1.25,-29.11,-4.99,-15.47
311,0.01,-0.23,1.23,-23.13,13.63,-10.56
312,-0.04,-0.22,1.2,-11.99,27.02,-2.42
313,-0.08,-0.2,1.12,-1.18,34.17,3.1
314,-0.12,-0.15,1.03,5.62,38.64,2.35
315,-0.19,-0.1,0.93,6.67,33.52,-1.45
316,-0.21,-0.08,0.88,7.41,16.65,-10.56
317,-0.21,-0.08,0.88,7.53,2.64,-15.74
318,-0.16,-0.09,0.88,5.15,-1.62,-17.12
319,-0.14,-0.11,0.88,0.15,-3.14,-11.27
320,-0.11,-0.13,0.9,-6.73,-7.74,-13.47
321,-0.05,-0.14,0.94,-11.47,-4.58,-12.02
322,-0.02,-0.16,0.99,-15.58,4.37,-5.98
323,-0.0,-0.19,1.05,-14.3,18.69,-1.0
324,-0.03,-0.16,1.04,-13.31,28.63,-0.22
325,-0.08,-0.14,1.04,-7.71,33.3,2.48
326,-0.12,-0.11,1.01,-1.63,26.42,-6.95
327,-0.13,-0.08,0.97,4.34,16.02,-18.72
328,-0.13,-0.09,0.94,5.02,5.88,-28.38
329,-0.13,-0.1,0.96,1.79,-4.4,-35.79
330,-0.1,-0.11,1.02,-0.9,-11.15,-42.5
331,-0.07,-0.15,1.1,-0.34,-10.14,-40.62
332,-0.07,-0.14,1.13,-0.93,-1.78,-33.91
333,-0.07,-0.15,1.15,-0.38,12.79,-24.09
334,-0.09,-0.14,1.14,1.6,20.82,-18.03
335,-0.11,-0.12,1.11,5.21,22.46,-20.99
336,-0.12,-0.12,1.06,8.76,19.41,-21.05
337,-0.16,-0.12,1.02,10.08,13.38,-19.49
338,-0.2,-0.11,0.98,6.44,-0.07,-20.59
339,-0.18,-0.13,0.96,2.01,-14.93,-26.12
340,-0.16,-0.12,1.0,-4.48,-27.05,-22.2
341,-0.12,-0.13,1.0,-7.56,-32.44,-17.36
342,-0.09,-0.14,1.01,-12.73,-31.09,-10.65
343,-0.1,-0.17,1.01,-12.69,-35.76,-10.9
344,-0.1,-0.16,1.02,-14.52,-39.28,-10.15
345,-0.14,-0.17,1.0,-16.11,-41.34,-12.62
346,-0.15,-0.18,1.02,-11.11,-40.33,-12.43
347,-0.15,-0.19,1.02,-7.0,-36.59,-9.03
348,-0.13,-0.17,1.01,-0.55,-26.31,-4.83
349,-0.09,-0.18,0.99,2.4,-11.7,2.82
350,-0.11,-0.14,0.95,3.36,-6.66,9.5
351,-0.08,-0.13,0.96,0.94,-1.25,11.27
352,-0.06,-0.1,0.94,0.42,-7.79,6.7
353,-0.01,-0.08,0.99,2.36,-9.43,2.69
354,-0.0,-0.11,1.0,5.85,-10.97,-1.97
355,0.02,-0.12,1.0,4.75,-14.47,-5.35
356,0.04,-0.13,1.03,5.71,-13.21,-6.73
357,0.02,-0.15,1.05,8.21,-14.34,-9.28
358,0.0,-0.17,1.04,10.93,-15.15,-10.47
359,-0.04,-0.18,1.06,12.86,-16.65,-11.0
360,-0.05,-0.21,1.05,14.6,-13.95,-5.78
361,-0.06,-0.22,1.04,10.02,-9.37,2.5
362,-0.04,-0.19,1.04,10.4,-3.12,11.6
363,-0.03,-0.18,1.04,9.82,1.47,16.34
364,-0.01,-0.17,1.03,9.31,2.13,18.21
365,0.01,-0.14,1.03,10.45,2.11,17.23
366,0.01,-0.13,1.01,11.96,1.18,16.3
367,-0.0,-0.13,0.99,13.32,-1.95,13.56
368,0.03,-0.12,1.0,13.91,-6.22,12.73
369,0.05,-0.13,1.0,15.48,-4.46,12.98
370,0.06,-0.12,0.99,14.96,-0.44,12.43
371,0.06,-0.11,1.01,15.61,0.4,12.27
372,0.05,-0.12,0.98,15.57,1.1,11.01
373,0.03,-0.12,0.99,15.99,1.63,9.89
374,0.02,-0.11,0.96,16.44,1.47,9.6
375,0.01,-0.11,0.96,15.65,2.48,10.3
376,0.03,-0.1,0.97,13.76,3.62,11.52
377,0.02,-0.09,0.97,11.92,4.68,12.52
378,0.03,-0.09,0.96,9.97,3.76,11.9
379,0.03,-0.08,0.97,9.16,3.16,10.66
380,0.03,-0.08,0.97,9.83,2.86,8.1
381,0.02,-0.07,0.97,10.28,1.1,4.01
382,0.02,-0.07,0.97,12.02,0.05,-0.18
383,0.02,-0.08,0.98,10.32,-1.91,-3.72
384,0.01,-0.08,0.98,10.39,0.22,-2.75
385,-0.02,-0.1,1.0,12.5,-0.66,-2.29
386,-0.02,-0.09,0.99,12.65,2.02,0.13
387,-0.03,-0.08,0.97,12.72,2.98,3.11
388,-0.03,-0.06,0.95,11.68,2.17,5.5
389,-0.03,-0.04,0.93,9.47,0.5,6.94
390,-0.02,-0.04,0.94,7.21,-0.79,7.52
391,-0.02,-0.04,0.95,5.44,-1.4,7.57
392,-0.01,-0.02,0.96,4.27,-2.13,8.4
393,0.01,-0.02,0.95,4.15,-1.34,8.31
394,0.01,-0.0,0.93,1.21,0.48,7.31
395,0.04,0.02,0.92,-2.06,-0.57,4.85
396,0.03,0.02,0.93,-2.39,-2.41,1.45
397,0.02,-0.01,0.95,-3.41,-4.92,-3.57
398,0.03,-0.03,0.97,-3.95,-8.73,-9.25
399,0.03,-0.06,0.99,-2.47,-9.45,-11.37
