,accel_x,accel_y,accel_z,gyro_x,gyro_y,gyro_z
0,-0.11,-0.1,0.97,-5.47,-9.57,-5.98
1,-0.13,-0.11,0.99,-4.3,-12.45,-8.69
2,-0.1,-0.11,0.98,-2.67,-12.23,-8.86
3,-0.11,-0.11,0.99,-1.53,-10.7,-9.34
4,-0.11,-0.1,0.98,-1.81,-7.65,-8.93
5,-0.12,-0.1,0.98,-2.23,-4.67,-6.25
6,-0.12,-0.08,0.96,-2.78,-3.18,-5.06
7,-0.14,-0.08,0.95,-3.81,-2.18,-4.56
8,-0.11,-0.09,0.95,-5.15,0.05,-2.62
9,-0.14,-0.08,0.94,-6.95,0.95,-1.29
10,-0.15,-0.09,0.95,-7.26,-1.98,-3.63
11,-0.15,-0.11,0.97,-6.76,-6.69,-5.21
12,-0.14,-0.12,1.0,-6.29,-9.19,-6.13
13,-0.13,-0.12,0.99,-4.79,-10.01,-6.6
14,-0.12,-0.12,1.0,-4.6,-10.59,-6.06
15,-0.12,-0.1,0.98,-3.17,-8.7,-6.02
16,-0.12,-0.09,0.96,-3.83,-7.12,-6.0
17,-0.11,-0.09,0.97,-4.71,-5.68,-6.05
18,-0.11,-0.08,0.98,-5.14,-4.95,-6.5
19,-0.1,-0.08,0.98,-4.67,-4.59,-6.49
20,-0.09,-0.09,0.98,-4.28,-3.44,-4.66
21,-0.09,-0.09,0.97,-4.04,-2.15,-4.1
22,-0.1,-0.09,0.98,-3.39,-2.67,-2.16
23,-0.1,-0.09,0.96,-2.7,-2.72,-3.98
24,-0.11,-0.1,0.98,-3.06,-4.5,-5.34
25,-0.12,-0.1,0.96,-2.92,-7.37,-6.7
26,-0.13,-0.11,0.97,-3.31,-11.48,-11.35
27,-0.1,-0.12,1.0,-3.47,-13.43,-13.33
28,-0.08,-0.13,1.0,-1.53,-10.15,-12.76
29,-0.1,-0.13,1.0,0.37,-8.56,-13.6
30,-0.12,-0.14,1.01,1.85,-9.23,-14.08
31,-0.12,-0.13,1.0,3.53,-10.48,-14.29
32,-0.13,-0.11,0.99,2.73,-9.89,-11.98
33,-0.12,-0.1,0.96,3.44,-9.19,-11.4
34,-0.09,-0.09,0.96,3.05,-6.08,-9.25
35,-0.09,-0.08,0.95,1.79,-3.95,-7.91
36,-0.1,-0.07,0.94,-0.09,-2.7,-7.7
37,-0.11,-0.08,0.96,-2.02,-4.15,-6.69
38,-0.12,-0.08,0.97,-1.9,-6.15,-6.35
39,-0.11,-0.09,0.98,-1.36,-8.81,-4.96
40,-0.12,-0.09,0.98,-1.15,-11.69,-5.7
41,-0.08,-0.11,0.97,-1.82,-11.52,-6.84
42,-0.06,-0.1,0.98,-2.33,-8.02,-5.24
43,-0.08,-0.11,0.99,-2.24,-4.25,-4.03
44,-0.08,-0.1,0.99,-2.81,-3.37,-3.69
45,-0.09,-0.1,0.99,-3.16,-5.21,-4.66
46,-0.07,-0.1,0.99,-3.08,-7.68,-5.87
47,-0.06,-0.11,1.0,-2.45,-9.5,-8.12
48,-0.06,-0.12,1.0,-2.36,-10.46,-10.1
49,-0.07,-0.13,1.02,-1.86,-10.53,-11.17
50,-0.08,-0.13,1.02,-1.6,-10.2,-12.68
51,-0.07,-0.13,1.02,-0.53,-9.13,-9.48
52,-0.07,-0.13,1.02,0.7,-8.98,-9.23
53,-0.06,-0.13,1.02,1.83,-8.71,-9.27
54,-0.06,-0.12,1.01,2.98,-7.56,-7.79
55,-0.06,-0.12,0.98,3.48,-7.57,-7.34
56,-0.05,-0.1,0.99,3.79,-8.26,-8.93
57,-0.03,-0.09,0.98,3.89,-4.47,-8.01
58,-0.04,-0.09,0.97,4.51,-1.42,-6.6
59,-0.05,-0.1,0.97,4.72,-3.63,-8.56
60,-0.04,-0.1,0.98,5.48,-5.02,-10.27
61,-0.04,-0.09,0.98,6.05,-6.92,-12.34
62,-0.04,-0.09,0.98,7.4,-9.54,-14.84
63,-0.05,-0.08,0.95,7.51,-10.02,-15.48
64,-0.07,-0.07,0.95,6.58,-11.17,-14.15
65,-0.07,-0.06,0.93,4.89,-11.92,-16.54
66,-0.06,-0.06,0.93,2.82,-10.9,-14.89
67,-0.06,-0.06,0.93,0.47,-7.92,-13.54
68,-0.07,-0.05,0.93,-0.6,-4.75,-13.84
69,-0.06,-0.07,0.96,-2.41,-1.66,-11.42
70,-0.09,-0.07,0.96,-3.3,-0.56,-10.05
71,-0.08,-0.08,0.96,-3.93,-1.08,-10.07
72,-0.07,-0.09,0.97,-3.56,-1.63,-8.08
73,-0.09,-0.08,0.98,-3.68,-2.66,-8.16
74,-0.07,-0.08,0.96,-4.31,-5.0,-8.37
75,-0.06,-0.09,0.98,-3.92,-4.95,-7.25
76,-0.07,-0.09,0.98,-4.24,-3.41,-5.62
77,-0.06,-0.08,0.96,-5.07,-2.89,-5.21
78,-0.06,-0.08,0.98,-6.16,-4.06,-4.56
79,-0.05,-0.07,0.97,-6.27,-5.71,-6.43
80,-0.05,-0.08,0.98,-5.75,-6.92,-7.73
81,-0.04,-0.08,0.98,-5.02,-8.95,-5.46
82,-0.04,-0.09,0.98,-5.11,-10.39,-6.78
83,-0.04,-0.1,1.0,-4.75,-12.03,-9.15
84,-0.02,-0.1,1.0,-3.76,-13.58,-9.7
85,-0.02,-0.1,1.0,-2.85,-13.9,-10.27
86,-0.02,-0.1,0.99,-1.86,-14.36,-9.99
87,-0.03,-0.08,0.99,-2.31,-14.4,-9.05
88,-0.03,-0.08,0.99,-2.14,-14.51,-9.3
89,-0.03,-0.08,0.97,-3.5,-14.34,-9.58
90,-0.01,-0.08,0.97,-4.53,-12.2,-8.75
91,-0.01,-0.08,0.98,-5.37,-9.6,-6.03
92,-0.02,-0.08,0.98,-5.38,-8.73,-6.06
93,-0.03,-0.09,0.99,-4.98,-10.21,-6.4
94,-0.03,-0.08,0.99,-4.71,-12.84,-6.19
95,-0.02,-0.09,0.98,-3.87,-14.1,-6.68
96,-0.01,-0.09,0.98,-3.78,-12.82,-7.39
97,-0.01,-0.1,0.99,-3.29,-13.02,-7.7
98,-0.03,-0.1,0.98,-3.69,-11.77,-8.07
99,-0.01,-0.11,1.0,-3.9,-9.14,-6.72
100,-0.01,-0.11,1.0,-3.86,-5.24,-3.26
101,-0.01,-0.1,1.01,-3.22,-2.04,1.85
102,-0.0,-0.09,0.99,-3.08,0.45,2.18
103,-0.0,-0.09,0.99,-3.17,3.6,3.47
104,-0.02,-0.08,0.98,-3.96,3.76,3.73
105,-0.02,-0.08,0.97,-4.0,2.78,1.32
106,-0.02,-0.08,0.97,-3.73,1.4,1.86
107,-0.03,-0.08,0.97,-4.47,0.11,1.0
108,-0.03,-0.08,0.98,-4.84,-0.05,0.49
109,-0.01,-0.1,1.0,-4.43,0.11,-0.08
110,-0.01,-0.1,0.99,-3.72,1.17,1.95
111,-0.01,-0.09,0.99,-3.34,1.05,1.72
112,-0.01,-0.1,0.98,-4.21,0.79,-0.14
113,-0.02,-0.09,0.99,-4.45,0.61,0.51
114,-0.03,-0.09,0.98,-5.08,0.36,-0.07
115,-0.02,-0.08,0.98,-5.82,0.53,0.18
116,-0.02,-0.09,0.98,-5.61,1.21,-0.68
117,-0.02,-0.09,0.99,-5.78,0.05,-2.17
118,-0.01,-0.08,0.98,-5.21,-1.04,-4.08
119,-0.01,-0.09,0.99,-4.95,-2.08,-5.18
120,-0.02,-0.1,0.98,-4.0,-3.61,-3.78
121,-0.02,-0.12,0.99,-4.09,-3.76,-5.08
122,-0.01,-0.12,1.0,-3.89,-3.69,-4.52
123,0.0,-0.12,1.0,-3.5,-1.18,-1.81
124,0.01,-0.11,0.99,-2.63,-0.22,-1.14
125,-0.01,-0.1,0.97,-2.36,-1.41,-3.27
126,-0.01,-0.09,0.96,-2.89,-3.34,-5.69
127,0.01,-0.09,0.97,-3.63,-2.76,-5.62
128,0.01,-0.09,0.96,-4.27,-0.41,-2.77
129,0.0,-0.09,0.95,-5.38,0.38,-2.96
130,-0.0,-0.09,0.96,-7.23,0.43,-4.27
131,-0.0,-0.1,0.97,-7.04,-0.13,-3.13
132,-0.02,-0.11,0.98,-7.63,-0.91,-3.27
133,-0.01,-0.13,0.99,-7.74,-1.79,-4.72
134,-0.0,-0.14,1.0,-7.08,-1.75,-5.11
135,0.0,-0.12,1.01,-6.63,-1.57,-5.57
136,-0.01,-0.13,1.0,-4.49,-0.54,-5.02
137,-0.01,-0.12,1.02,-3.81,-0.62,-4.23
138,-0.02,-0.1,1.0,-3.07,0.35,-3.64
139,-0.02,-0.09,0.99,-4.85,0.74,-1.79
140,-0.02,-0.09,0.99,-3.92,2.79,-1.5
141,-0.03,-0.06,0.99,-4.56,5.89,0.95
142,-0.03,-0.05,0.99,-5.02,10.87,6.56
143,-0.06,-0.02,0.98,-6.89,13.99,8.99
144,-0.08,0.02,0.99,-8.62,14.95,11.32
145,-0.1,0.06,0.99,-7.95,14.84,11.03
146,-0.12,0.11,1.0,-8.05,12.76,11.26
147,-0.12,0.16,1.0,-8.02,12.08,13.55
148,-0.13,0.2,1.03,-9.31,10.87,17.34
149,-0.15,0.27,1.05,-8.79,11.28,21.89
150,-0.18,0.35,1.1,-11.43,6.06,19.92
151,-0.12,0.48,1.14,-13.76,-2.17,19.89
152,-0.03,0.55,1.21,-14.82,4.16,26.24
153,-0.03,0.65,1.28,-16.48,8.73,25.63
154,-0.07,0.72,1.36,-17.76,5.21,19.12
155,-0.1,0.82,1.41,-20.98,6.73,25.31
156,-0.13,0.93,1.42,-23.48,7.38,30.5
157,-0.18,1.07,1.43,-21.34,12.92,40.8
158,-0.22,1.21,1.41,-21.81,18.34,52.81
159,-0.18,1.38,1.34,-28.05,21.14,57.04
160,-0.07,1.55,1.25,-36.53,30.27,58.83
161,-0.06,1.7,1.15,-47.24,46.85,63.82
162,-0.1,1.82,1.1,-59.98,42.95,58.75
163,-0.1,1.88,1.04,-71.05,15.41,39.99
164,-0.02,1.84,0.88,-75.35,-21.82,9.4
165,0.18,1.63,0.83,-64.47,-44.72,-17.11
166,0.44,1.36,0.64,-40.5,-70.26,-22.38
167,0.69,0.99,0.15,-11.18,-75.22,-17.85
168,0.78,0.46,-0.54,15.54,-43.8,-4.69
169,0.89,-0.18,-1.29,29.96,0.02,29.85
170,1.0,-0.77,-2.0,-18.76,33.48,66.19
171,0.82,-1.62,-2.0,-138.91,34.21,50.12
172,0.74,-2.0,-2.0,-250.14,-4.36,-29.49
173,0.55,-2.0,-2.0,-250.14,-136.11,-161.89
174,0.81,-2.0,-0.0,-250.14,-250.14,-250.14
175,1.43,-2.0,2.0,-250.14,-20.19,-250.14
176,-0.2,-2.0,2.0,-250.14,157.92,-250.14
177,-2.0,-2.0,2.0,-107.54,250.13,-131.37
178,-2.0,-2.0,2.0,237.01,250.13,250.13
179,-2.0,-1.84,0.99,250.13,-43.66,250.13
180,-2.0,0.57,-2.0,243.69,-250.14,111.28
181,-0.18,1.65,-2.0,141.76,-250.14,-9.21
182,1.88,1.19,-2.0,26.91,-250.14,-26.49
183,2.0,0.35,-1.64,-37.69,-250.14,-9.4
184,2.0,-0.31,-0.67,-81.71,129.56,-28.22
185,2.0,-0.72,0.7,-129.27,250.13,-50.66
186,0.78,-1.17,1.13,-95.27,250.13,-76.08
187,-1.21,-0.83,1.17,-48.24,210.34,-86.3
188,-2.0,-0.57,1.22,-14.04,11.76,-63.21
189,-2.0,-0.6,1.18,17.19,-151.78,-32.34
190,-1.02,-0.75,1.27,25.3,-194.46,1.55
191,-0.17,-0.72,1.14,24.27,-160.67,24.21
192,0.53,-0.57,0.9,13.98,-107.73,26.69
193,0.95,-0.52,0.79,1.49,-48.66,11.85
194,0.9,-0.44,0.8,-7.19,-1.04,-6.35
195,0.58,-0.38,0.78,-5.51,12.4,-17.88
196,0.24,-0.38,0.78,-2.18,13.06,-27.05
197,0.05,-0.46,0.81,-11.3,13.71,-22.15
198,-0.1,-0.48,0.76,-12.18,6.73,-20.63
199,-0.14,-0.52,0.81,-14.82,-11.89,-15.64
200,-0.05,-0.53,0.83,-15.52,-15.98,-8.12
201,0.16,-0.52,0.82,-16.53,-4.82,3.05
202,0.31,-0.5,0.84,-23.01,11.73,4.69
203,0.4,-0.48,0.84,-22.92,20.2,1.4
204,0.39,-0.49,0.89,-18.85,19.96,-5.62
205,0.31,-0.52,0.93,-13.01,9.01,-15.33
206,0.3,-0.5,0.94,-7.21,3.44,-17.26
207,0.26,-0.49,0.93,-4.44,-1.36,-18.34
208,0.24,-0.53,0.95,-4.02,2.11,-20.4
209,0.28,-0.58,1.0,-3.68,20.1,-11.92
210,0.27,-0.59,0.98,-5.37,41.47,-0.14
211,0.2,-0.56,0.94,-6.57,52.27,3.83
212,0.13,-0.52,0.89,-7.14,44.73,6.7
213,0.09,-0.51,0.83,-7.47,31.99,3.84
214,0.05,-0.5,0.82,-10.59,17.94,-2.04
215,0.07,-0.49,0.81,-10.22,3.46,-6.05
216,0.14,-0.52,0.81,-11.75,-1.22,-9.05
217,0.21,-0.54,0.83,-16.01,7.73,-6.6
218,0.25,-0.57,0.84,-17.47,23.7,0.69
219,0.24,-0.59,0.85,-17.19,33.05,7.73
220,0.21,-0.58,0.82,-16.7,36.31,8.15
221,0.18,-0.58,0.81,-13.44,40.4,16.65
222,0.11,-0.58,0.83,-10.57,39.18,27.4
223,0.06,-0.58,0.83,-7.15,30.67,33.91
224,0.0,-0.6,0.84,-3.53,16.95,33.77
225,0.01,-0.64,0.88,-3.18,9.62,33.61
226,0.01,-0.63,0.89,-3.82,2.47,35.51
227,0.06,-0.62,0.85,-4.8,-3.28,34.94
228,0.14,-0.61,0.81,-6.63,-5.56,32.11
229,0.14,-0.61,0.79,-6.57,-4.7,31.11
230,0.16,-0.63,0.79,-7.15,-0.71,28.51
231,0.14,-0.62,0.82,-8.9,3.96,29.56
232,0.15,-0.61,0.8,-11.19,7.32,28.97
233,0.17,-0.62,0.84,-7.76,7.03,26.89
234,0.13,-0.62,0.86,1.24,-2.21,22.41
235,0.14,-0.64,0.86,11.2,-12.79,12.1
236,0.22,-0.64,0.91,17.82,-9.32,17.27
237,0.26,-0.63,0.91,20.9,5.28,26.26
238,0.25,-0.6,0.84,21.34,18.51,26.62
239,0.23,-0.57,0.82,21.1,31.6,28.37
240,0.14,-0.56,0.81,22.01,41.53,34.15
241,0.06,-0.56,0.82,21.52,41.99,32.33
242,0.03,-0.55,0.83,19.76,35.21,28.98
243,0.03,-0.57,0.83,18.15,27.96,24.1
244,0.07,-0.61,0.87,22.4,19.16,13.47
245,0.13,-0.64,0.94,31.05,12.44,3.68
246,0.13,-0.64,0.95,42.53,10.97,-1.31
247,-0.02,-0.59,0.92,56.63,4.55,0.16
248,-0.2,-0.52,0.78,63.64,-12.6,-0.22
249,-0.28,-0.44,0.68,57.92,-37.78,-5.05
250,-0.21,-0.4,0.65,43.6,-53.52,-11.85
251,-0.05,-0.43,0.67,28.36,-46.79,-5.27
252,0.08,-0.46,0.76,15.43,-28.42,2.9
253,0.12,-0.5,0.85,11.54,-8.71,6.02
254,0.11,-0.54,0.93,16.21,5.71,11.15
255,0.07,-0.54,0.94,23.56,9.05,16.02
256,0.05,-0.5,0.9,30.53,-1.56,9.76
257,0.01,-0.5,0.87,36.4,-10.19,4.21
258,-0.01,-0.48,0.85,38.42,-19.83,-2.84
259,0.01,-0.46,0.84,39.71,-26.73,-3.98
260,0.04,-0.45,0.85,38.1,-22.02,2.79
261,0.08,-0.44,0.83,37.23,-12.06,9.42
262,0.11,-0.45,0.85,39.15,0.05,18.23
263,0.04,-0.47,0.84,43.83,8.2,25.03
264,0.0,-0.46,0.82,44.47,11.13,22.61
265,-0.06,-0.39,0.82,46.47,9.42,21.77
266,-0.13,-0.32,0.79,46.24,-0.77,21.81
267,-0.12,-0.23,0.75,42.75,-16.19,17.63
268,-0.13,-0.19,0.78,37.36,-31.45,10.25
269,-0.04,-0.19,0.85,31.3,-43.02,1.4
270,0.15,-0.22,0.87,25.35,-42.43,1.13
271,0.29,-0.26,0.94,20.34,-31.08,-3.15
272,0.34,-0.31,1.01,20.13,-11.63,-9.39
273,0.29,-0.31,1.13,22.34,3.94,-4.63
274,0.22,-0.29,1.1,32.25,18.27,2.61
275,0.15,-0.26,1.04,42.2,27.56,8.37
276,0.05,-0.19,0.95,43.85,25.95,5.14
277,-0.02,-0.14,0.89,36.42,17.11,-0.15
278,-0.04,-0.14,0.87,27.12,7.4,-4.8
279,-0.03,-0.14,0.9,22.46,2.75,-9.71
280,-0.02,-0.16,0.94,18.66,1.47,-8.01
281,0.01,-0.18,0.96,15.67,4.27,-6.15
282,0.07,-0.16,0.96,12.19,8.34,-7.27
283,0.09,-0.16,0.99,11.24,17.47,-5.34
284,0.04,-0.15,0.98,11.39,25.47,-0.85
285,-0.02,-0.15,0.97,11.3,24.71,0.44
286,-0.08,-0.16,0.97,12.33,19.53,0.41
287,-0.12,-0.18,0.96,12.85,13.18,1.64
288,-0.11,-0.2,0.9,8.9,4.27,-1.06
289,-0.05,-0.2,0.92,3.23,-0.17,-2.08
290,0.01,-0.21,0.95,-0.87,-1.49,-3.92
291,0.04,-0.23,0.98,-3.41,0.42,-5.4
292,0.04,-0.23,1.02,-0.41,5.82,0.05
293,0.01,-0.25,0.98,3.21,7.42,3.0
294,-0.0,-0.23,0.97,3.5,7.42,3.15
295,0.01,-0.22,0.94,2.85,9.98,6.5
296,0.01,-0.2,0.91,0.24,14.03,6.59
297,-0.04,-0.18,0.93,-2.5,13.77,7.61
298,-0.07,-0.18,0.94,-4.31,8.21,6.11
299,-0.07,-0.18,0.94,-6.26,-0.53,4.94
300,-0.03,-0.2,0.94,-8.79,-8.08,0.69
301,0.03,-0.23,0.96,-12.43,-7.64,-0.11
302,0.06,-0.26,1.01,-13.86,0.63,1.56
303,0.06,-0.28,1.05,-10.95,6.37,3.46
304,0.04,-0.29,1.05,-7.73,7.79,1.05
305,0.06,-0.27,1.06,-2.87,8.54,0.85
306,0.03,-0.28,1.04,2.11,7.88,1.39
307,0.01,-0.27,1.03,3.76,4.26,-1.24
308,0.03,-0.27,1.01,5.44,1.41,-3.08
309,0.04,-0.26,0.99,6.38,0.49,-3.38
310,0.05,-0.25,0.99,5.89,2.53,-1.06
311,0.01,-0.23,0.99,2.98,-0.14,-2.81
312,0.03,-0.21,1.0,3.73,0.01,-2.19
313,0.07,-0.22,0.96,5.57,2.46,-0.24
314,0.05,-0.23,0.97,4.26,3.95,-2.29
315,0.05,-0.26,0.98,2.88,7.0,-1.79
316,0.08,-0.24,0.98,3.34,13.69,-0.61
317,0.06,-0.23,0.99,4.01,19.49,2.71
318,-0.01,-0.22,0.96,4.01,20.19,0.88
319,-0.04,-0.22,0.96,3.71,16.45,-2.01
320,-0.08,-0.23,0.98,5.19,9.69,-3.49
321,-0.09,-0.24,0.98,9.05,3.12,-2.01
322,-0.11,-0.24,0.95,10.95,-2.69,-2.27
323,-0.11,-0.25,0.95,11.13,-8.24,-4.39
324,-0.1,-0.24,0.92,10.62,-11.33,-4.42
325,-0.06,-0.24,0.92,9.22,-11.64,-3.73
326,-0.0,-0.25,0.91,8.02,-8.88,-2.76
327,0.06,-0.25,0.92,8.36,-1.13,-0.6
328,0.1,-0.24,0.91,10.18,7.5,1.56
329,0.1,-0.24,0.88,11.52,15.66,4.29
330,0.09,-0.23,0.85,11.09,20.69,2.47
331,0.07,-0.23,0.85,11.85,24.11,1.62
332,0.02,-0.22,0.85,12.6,25.34,0.11
333,-0.02,-0.22,0.82,12.81,24.58,-1.38
334,-0.09,-0.23,0.83,13.06,18.86,-5.21
335,-0.15,-0.24,0.86,14.33,9.39,-9.31
336,-0.2,-0.24,0.91,15.68,-1.08,-11.11
337,-0.15,-0.24,0.92,16.18,-5.63,-11.46
338,-0.05,-0.21,0.9,15.56,-3.48,-12.71
339,-0.05,-0.17,0.94,13.76,0.65,-14.73
340,-0.06,-0.14,0.95,13.38,-2.18,-24.35
341,-0.04,-0.12,1.0,16.55,4.42,-17.13
342,-0.02,-0.07,0.94,16.74,10.58,-12.37
343,-0.06,-0.04,0.89,14.12,10.56,-11.09
344,-0.1,-0.02,0.89,8.66,3.91,-13.82
345,-0.08,-0.0,0.91,1.98,-3.38,-16.72
346,-0.03,-0.0,0.93,-3.47,-7.36,-15.96
347,-0.02,-0.02,0.98,-8.04,-9.95,-16.76
348,0.0,-0.05,1.02,-11.26,-11.21,-17.79
349,0.01,-0.07,1.06,-12.09,-8.53,-14.85
350,-0.01,-0.1,1.08,-12.05,-5.24,-12.9
351,-0.03,-0.12,1.12,-10.18,-2.26,-8.92
352,-0.06,-0.14,1.13,-6.73,0.46,-3.94
353,-0.07,-0.14,1.12,-4.51,1.79,-1.07
354,-0.07,-0.12,1.1,-2.15,2.89,5.23
355,-0.09,-0.13,1.05,-1.44,2.07,4.88
356,-0.09,-0.12,1.04,-3.28,-1.64,3.18
357,-0.11,-0.12,1.05,-5.6,-7.13,3.37
358,-0.11,-0.14,1.07,-6.84,-12.69,1.83
359,-0.09,-0.14,1.08,-7.35,-16.34,2.16
360,-0.06,-0.16,1.08,-6.21,-18.97,2.98
361,-0.03,-0.17,1.09,-5.08,-22.45,2.14
362,0.01,-0.19,1.11,-4.18,-24.18,1.14
363,0.08,-0.19,1.12,-1.63,-19.92,2.56
364,0.1,-0.18,1.12,2.67,-14.53,1.27
365,0.11,-0.18,1.09,5.1,-7.7,0.8
366,0.1,-0.16,1.09,8.25,-4.71,-2.41
367,0.1,-0.15,1.07,11.17,0.24,-3.61
368,0.08,-0.14,1.02,13.21,3.88,-3.12
369,0.04,-0.12,1.0,13.92,2.64,-4.46
370,0.03,-0.12,1.01,14.48,2.31,-4.68
371,0.03,-0.11,0.97,15.76,5.42,-2.8
372,0.01,-0.1,0.94,15.15,8.32,-0.35
373,-0.02,-0.1,0.92,12.49,8.82,-0.58
374,-0.03,-0.11,0.9,9.91,7.57,-3.21
375,-0.04,-0.12,0.92,7.81,4.79,-6.11
376,-0.05,-0.13,0.91,7.0,4.26,-6.12
377,-0.08,-0.13,0.91,0.06,-1.43,-7.41
378,-0.08,-0.14,0.93,2.3,-2.34,-9.05
379,-0.03,-0.14,0.93,3.16,-2.32,-4.89
380,-0.03,-0.13,0.93,3.22,2.27,-3.15
381,-0.05,-0.14,0.92,1.06,4.67,-1.38
382,-0.07,-0.14,0.92,0.85,4.37,-1.92
383,-0.04,-0.14,0.94,0.79,3.5,-2.87
384,-0.03,-0.13,0.92,0.65,5.53,1.1
385,-0.05,-0.13,0.92,-1.27,4.87,1.96
386,-0.05,-0.14,0.9,-2.62,2.46,-1.63
387,-0.05,-0.15,0.94,-4.62,-1.95,-4.46
388,-0.02,-0.15,0.95,-4.63,-1.69,-3.74
389,-0.02,-0.14,0.95,-4.16,0.68,-1.79
390,-0.03,-0.14,0.93,-4.64,0.15,-2.72
391,-0.01,-0.14,0.94,-5.56,-0.11,-2.65
392,0.0,-0.13,0.94,-5.07,2.79,-0.74
393,-0.01,-0.11,0.91,-5.76,3.73,2.06
394,-0.04,-0.11,0.89,-8.56,0.32,-2.16
395,-0.0,-0.14,0.96,-9.66,-2.73,-5.41
396,0.04,-0.15,0.99,-7.08,-0.35,-3.95
397,0.03,-0.14,0.97,-4.14,6.62,0.82
398,-0.01,-0.13,0.92,-4.55,5.88,-0.51
399,-0.04,-0.12,0.92,-7.08,-0.73,-6.25
400,-0.03,-0.15,0.95,-9.36,-5.93,-10.59
