,accel_x,accel_y,accel_z,gyro_x,gyro_y,gyro_z
0,0.12,-0.2,0.98,5.21,0.32,9.55
1,0.1,-0.2,0.98,6.27,0.73,8.53
2,0.1,-0.19,0.99,6.44,0.5,6.83
3,0.11,-0.19,0.99,8.08,2.04,6.01
4,0.12,-0.15,0.97,5.5,3.15,1.48
5,0.12,-0.15,0.96,4.57,5.2,0.15
6,0.1,-0.14,0.94,3.97,5.53,-0.57
7,0.08,-0.14,0.94,2.39,4.73,-3.06
8,0.08,-0.14,0.92,0.0,3.95,-5.71
9,0.07,-0.13,0.91,-2.87,2.75,-7.06
10,0.05,-0.14,0.91,-4.61,0.27,-8.8
11,0.07,-0.15,0.93,-5.87,-1.28,-11.05
12,0.07,-0.15,0.93,-6.48,-1.17,-11.44
13,0.07,-0.17,0.93,-7.45,-1.31,-11.44
14,0.09,-0.17,0.94,-6.97,-1.45,-8.85
15,0.08,-0.19,0.94,-7.61,-1.59,-9.1
16,0.09,-0.19,0.95,-7.4,-1.6,-8.41
17,0.1,-0.19,0.95,-7.66,-1.09,-8.76
18,0.11,-0.19,0.95,-8.11,-0.09,-8.57
19,0.1,-0.19,0.96,-8.35,0.4,-8.25
20,0.1,-0.18,0.95,-8.69,0.11,-8.81
21,0.11,-0.18,0.96,-8.11,-0.22,-7.5
22,0.09,-0.18,0.97,-8.4,-0.18,-8.02
23,0.08,-0.19,0.97,-8.27,-0.32,-8.01
24,0.08,-0.18,0.97,-8.39,0.01,-7.87
25,0.07,-0.18,0.96,-8.46,0.76,-6.84
26,0.06,-0.2,0.97,-7.45,0.38,-6.06
27,0.06,-0.19,0.96,-7.12,-0.23,-4.22
28,0.06,-0.19,0.95,-8.17,0.23,-3.52
29,0.06,-0.2,0.96,-8.27,-0.28,-3.24
30,0.06,-0.2,0.95,-8.23,-1.17,-3.71
31,0.07,-0.21,0.95,-8.76,-2.47,-4.42
32,0.07,-0.22,0.95,-9.31,-3.05,-4.62
33,0.07,-0.23,0.96,-9.16,-3.6,-4.86
34,0.07,-0.24,0.97,-9.48,-4.69,-6.35
35,0.08,-0.25,0.98,-9.77,-4.57,-6.13
36,0.08,-0.26,1.0,-8.28,-3.63,-5.4
37,0.09,-0.24,1.01,-7.29,-2.53,-4.6
38,0.1,-0.23,1.0,-7.08,-0.02,-2.91
39,0.11,-0.21,0.99,-6.76,2.11,-2.68
40,0.1,-0.2,0.97,-6.5,2.37,-3.85
41,0.11,-0.2,0.96,-5.41,1.81,-1.45
42,0.1,-0.19,0.96,-5.74,1.3,-3.25
43,0.1,-0.19,0.94,-6.63,0.81,-3.93
44,0.1,-0.19,0.94,-7.66,-0.17,-4.73
45,0.09,-0.19,0.94,-8.86,-1.3,-6.1
46,0.09,-0.21,0.94,-9.4,-2.19,-6.79
47,0.09,-0.22,0.95,-10.57,-2.38,-7.64
48,0.1,-0.23,0.97,-10.72,-1.4,-6.11
49,0.1,-0.24,0.97,-10.43,-1.27,-4.95
50,0.09,-0.25,1.0,-10.12,-1.05,-4.89
51,0.08,-0.26,0.99,-8.91,-1.4,-4.98
52,0.08,-0.26,1.0,-8.19,-0.95,-5.16
53,0.08,-0.26,1.0,-7.13,0.23,-4.22
54,0.09,-0.27,1.0,-6.59,1.01,-3.91
55,0.09,-0.27,1.0,-5.69,1.76,-3.24
56,0.09,-0.26,1.0,-5.04,1.66,-3.87
57,0.1,-0.26,1.0,-0.18,1.23,-10.6
58,0.09,-0.25,0.98,-6.69,0.24,-11.5
59,0.13,-0.25,0.97,-2.23,2.3,-1.35
60,0.1,-0.22,0.97,-2.92,3.13,-2.19
61,0.09,-0.22,0.96,-2.55,2.41,-2.17
62,0.09,-0.21,0.96,-3.1,1.66,-2.23
63,0.09,-0.22,0.95,-3.56,1.2,-2.77
64,0.1,-0.21,0.94,-3.63,0.05,-2.5
65,0.1,-0.21,0.95,-3.37,-0.16,-0.98
66,0.08,-0.21,0.95,-3.87,-0.52,-1.39
67,0.08,-0.22,0.95,-4.59,-0.53,-1.73
68,0.08,-0.23,0.96,-4.71,-0.88,-1.84
69,0.07,-0.24,0.96,-3.85,-1.56,-2.24
70,0.07,-0.24,0.97,-2.91,-2.88,-2.23
71,0.08,-0.25,0.98,-1.86,-2.65,-1.78
72,0.08,-0.26,0.98,-1.73,-2.24,-2.45
73,0.07,-0.27,0.99,-1.01,-1.43,-1.08
74,0.08,-0.26,0.98,-1.37,-0.26,-0.81
75,0.08,-0.25,0.97,-1.78,0.58,-0.7
76,0.07,-0.25,0.97,-1.24,0.76,-1.14
77,0.07,-0.24,0.96,-0.66,-0.18,-1.02
78,0.08,-0.22,0.95,-1.56,-0.52,-1.47
79,0.1,-0.22,0.95,-2.25,-0.47,-1.56
80,0.1,-0.22,0.96,-1.6,-0.64,-1.04
81,0.11,-0.2,0.96,-1.4,-0.46,-1.76
82,0.13,-0.19,0.94,-2.35,-0.04,-2.67
83,0.11,-0.19,0.95,-2.96,0.42,-3.51
84,0.11,-0.2,0.94,-3.27,0.07,-4.04
85,0.1,-0.2,0.94,-4.19,-0.17,-5.28
86,0.1,-0.2,0.93,-5.28,-0.43,-5.44
87,0.1,-0.21,0.94,-5.34,-0.49,-5.07
88,0.08,-0.21,0.95,-4.98,-1.16,-5.58
89,0.1,-0.21,0.95,-4.79,-0.4,-5.02
90,0.09,-0.22,0.95,-5.86,0.41,-5.01
91,0.08,-0.22,0.94,-6.95,-0.18,-5.31
92,0.09,-0.23,0.96,-6.78,-1.29,-6.35
93,0.1,-0.23,0.96,-7.09,-2.01,-7.38
94,0.09,-0.24,0.97,-7.08,-2.16,-7.68
95,0.09,-0.25,0.98,-6.05,-2.89,-7.74
96,0.1,-0.24,0.97,-5.33,-2.44,-7.46
97,0.11,-0.24,0.97,-5.81,-1.07,-6.65
98,0.1,-0.24,0.98,-5.53,-0.15,-5.44
99,0.1,-0.25,0.97,-5.74,0.32,-5.56
100,0.1,-0.25,0.98,-5.59,1.11,-5.76
101,0.09,-0.24,0.98,-5.39,0.59,-5.78
102,0.09,-0.24,0.97,-4.76,0.09,-5.85
103,0.08,-0.25,0.96,-5.0,-1.08,-6.96
104,0.09,-0.25,0.97,-5.0,-1.7,-6.4
105,0.09,-0.25,0.98,-5.18,-0.94,-5.69
106,0.08,-0.25,0.97,-5.5,-0.45,-5.39
107,0.08,-0.25,0.98,-5.42,-0.25,-5.65
108,0.08,-0.25,0.98,-5.06,-0.89,-5.58
109,0.08,-0.25,0.97,-4.79,-1.27,-5.8
110,0.08,-0.24,0.97,-4.92,-1.05,-5.31
111,0.07,-0.25,0.97,-4.47,-0.99,-4.53
112,0.08,-0.24,0.97,-4.78,-0.74,-4.18
113,0.08,-0.25,0.96,-4.31,-0.19,-3.05
114,0.09,-0.24,0.96,-4.21,0.45,-2.81
115,0.09,-0.23,0.96,-4.21,1.22,-2.33
116,0.07,-0.23,0.94,-3.95,1.6,-2.18
117,0.07,-0.22,0.93,-3.89,1.13,-2.11
118,0.07,-0.23,0.93,-3.77,0.72,-1.85
119,0.07,-0.22,0.92,-4.14,0.44,-1.58
120,0.09,-0.21,0.92,-4.84,1.2,-0.92
121,0.09,-0.21,0.91,-5.62,1.41,-0.82
122,0.09,-0.21,0.91,-7.71,0.44,-2.58
123,0.09,-0.2,0.9,-9.63,-0.19,-3.49
124,0.1,-0.22,0.91,-10.65,-1.6,-4.06
125,0.08,-0.23,0.93,-12.38,-3.97,-6.95
126,0.12,-0.24,0.94,-12.52,-2.97,-5.77
127,0.12,-0.26,0.97,-12.21,-3.08,-6.3
128,0.12,-0.26,0.97,-12.44,-1.18,-5.3
129,0.11,-0.27,0.99,-12.24,-0.17,-4.86
130,0.12,-0.27,0.99,-11.95,0.28,-6.39
131,0.11,-0.27,0.99,-11.49,0.5,-6.95
132,0.1,-0.27,0.99,-10.97,1.05,-7.52
133,0.08,-0.27,0.99,-10.52,0.94,-8.54
134,0.07,-0.27,0.98,-10.85,0.37,-9.07
135,0.05,-0.28,0.98,-10.06,-0.64,-9.27
136,-0.01,-0.29,0.99,-9.4,-3.19,-11.43
137,-0.04,-0.31,0.99,-8.9,-6.28,-12.72
138,-0.06,-0.31,0.98,-9.31,-8.82,-14.12
139,-0.11,-0.33,0.98,-8.12,-11.98,-14.79
140,-0.16,-0.34,1.0,-7.08,-15.56,-17.28
141,-0.2,-0.35,1.01,-5.28,-18.98,-17.69
142,-0.26,-0.37,1.0,-2.34,-23.33,-19.05
143,-0.32,-0.39,1.0,1.9,-28.0,-18.8
144,-0.37,-0.41,1.01,6.58,-32.82,-16.21
145,-0.42,-0.42,1.0,11.55,-37.5,-13.13
146,-0.45,-0.45,0.98,15.41,-42.97,-8.53
147,-0.48,-0.46,0.98,18.9,-49.44,-3.21
148,-0.48,-0.48,0.98,21.19,-53.93,1.08
149,-0.5,-0.48,1.0,21.91,-58.3,5.6
150,-0.51,-0.5,1.0,21.27,-62.26,8.83
151,-0.49,-0.54,1.0,23.79,-63.41,17.88
152,-0.51,-0.52,1.0,22.18,-65.56,24.49
153,-0.51,-0.52,1.01,21.32,-63.61,33.76
154,-0.51,-0.55,1.03,21.77,-61.75,42.91
155,-0.51,-0.56,1.05,26.11,-61.47,54.77
156,-0.55,-0.64,1.06,32.6,-62.72,63.49
157,-0.56,-0.69,1.05,40.08,-67.74,71.02
158,-0.53,-0.73,1.06,45.92,-69.41,77.74
159,-0.5,-0.79,1.04,51.66,-70.52,87.18
160,-0.49,-0.83,0.91,55.58,-65.44,88.42
161,-0.38,-0.87,1.01,60.09,-67.38,107.6
162,-0.36,-0.92,1.02,58.53,-55.09,119.08
163,-0.26,-0.93,1.02,57.52,-39.21,144.64
164,-0.19,-0.93,1.06,61.24,-19.69,177.59
165,-0.09,-0.91,0.99,63.17,-4.56,208.07
166,0.08,-0.76,0.91,55.32,0.08,230.58
167,0.32,-0.64,0.93,55.95,2.78,242.56
168,0.54,-0.51,0.9,49.69,2.79,237.18
169,0.74,-0.48,0.89,52.81,-2.15,222.47
170,0.76,-0.42,0.83,70.03,-21.66,208.9
171,0.82,-0.32,0.71,68.88,-49.27,209.47
172,1.02,-0.2,0.52,61.33,-73.81,191.02
173,1.22,-0.16,0.61,36.64,-73.4,175.57
174,1.3,-0.2,0.73,19.94,-59.59,165.84
175,1.33,-0.27,0.82,9.18,-39.16,160.62
176,1.29,-0.3,0.85,4.36,-9.98,163.53
177,1.18,-0.31,0.83,0.63,15.02,167.0
178,1.05,-0.31,0.76,-3.38,30.76,171.62
179,0.95,-0.27,0.69,-8.95,35.32,175.81
180,0.91,-0.25,0.52,-19.78,29.05,170.44
181,1.01,-0.17,0.51,-26.11,-0.67,153.3
182,1.16,-0.1,0.53,-28.08,-43.56,111.59
183,1.25,-0.02,0.58,-10.77,-80.94,59.15
184,1.31,0.0,0.63,-2.05,-99.85,14.6
185,1.28,-0.05,0.75,2.86,-90.67,-5.69
186,1.21,-0.11,0.83,2.98,-68.36,-11.59
187,1.11,-0.19,0.86,-2.42,-37.99,-9.4
188,1.01,-0.27,0.87,-5.4,-9.85,-4.25
189,0.89,-0.33,0.86,-4.24,9.47,-0.26
190,0.77,-0.36,0.82,-1.8,19.34,0.28
191,0.72,-0.32,0.78,0.74,20.97,-2.76
192,0.68,-0.27,0.74,-0.89,16.88,-11.26
193,0.62,-0.24,0.72,-0.92,10.28,-20.83
194,0.6,-0.2,0.73,-1.5,1.59,-32.4
195,0.57,-0.16,0.74,-2.16,-4.08,-39.15
196,0.57,-0.13,0.75,-5.36,-5.6,-43.68
197,0.57,-0.12,0.78,-12.06,-4.06,-45.29
198,0.53,-0.13,0.82,-17.05,-0.13,-44.2
199,0.5,-0.15,0.86,-19.01,1.76,-43.44
200,0.48,-0.15,0.89,-19.44,3.09,-42.11
201,0.48,-0.16,0.92,-19.91,6.51,-40.33
202,0.48,-0.17,0.95,-20.97,11.64,-39.68
203,0.46,-0.19,0.95,-20.7,16.34,-38.28
204,0.41,-0.21,0.96,-19.67,17.66,-39.73
205,0.39,-0.24,0.95,-16.05,15.9,-40.56
206,0.37,-0.25,0.96,-12.67,13.11,-43.41
207,0.37,-0.28,0.95,-8.62,11.6,-44.63
208,0.36,-0.29,0.94,-5.31,10.56,-45.8
209,0.37,-0.29,0.91,-2.94,11.27,-46.34
210,0.35,-0.28,0.9,-1.76,12.83,-46.89
211,0.34,-0.23,0.88,-4.15,14.31,-46.45
212,0.31,-0.2,0.85,-8.47,16.23,-42.45
213,0.28,-0.18,0.86,-14.34,16.87,-39.8
214,0.29,-0.17,0.88,-19.92,17.41,-38.63
215,0.28,-0.2,0.92,-22.79,18.43,-37.97
216,0.26,-0.25,0.95,-22.47,16.95,-40.18
217,0.27,-0.28,0.96,-19.69,14.73,-43.19
218,0.27,-0.29,0.98,-15.51,13.11,-46.96
219,0.27,-0.28,0.99,-9.95,10.78,-50.91
220,0.27,-0.27,0.97,-6.97,10.26,-54.92
221,0.26,-0.25,0.96,-7.43,11.97,-56.7
222,0.26,-0.22,0.94,-10.05,16.21,-55.35
223,0.23,-0.23,0.94,-13.31,20.98,-52.5
224,0.21,-0.26,0.93,-15.22,23.6,-50.02
225,0.18,-0.28,0.95,-15.56,24.27,-48.11
226,0.17,-0.3,0.94,-13.85,23.82,-47.02
227,0.17,-0.31,0.93,-12.16,22.1,-45.79
228,0.19,-0.31,0.93,-11.43,21.32,-46.24
229,0.2,-0.32,0.93,-9.39,22.45,-46.16
230,0.21,-0.31,0.91,-7.27,23.78,-47.88
231,0.19,-0.26,0.89,-6.35,24.88,-48.79
232,0.17,-0.22,0.87,-8.7,27.21,-47.26
233,0.16,-0.18,0.87,-13.5,29.66,-43.99
234,0.13,-0.18,0.87,-18.6,31.25,-39.39
235,0.14,-0.18,0.9,-24.49,30.5,-36.34
236,0.16,-0.19,0.95,-27.18,30.24,-35.06
237,0.17,-0.22,0.98,-27.71,28.89,-39.11
238,0.15,-0.26,1.01,-23.98,25.39,-45.27
239,0.14,-0.29,1.03,-17.66,19.99,-53.2
240,0.12,-0.32,1.03,-9.07,15.39,-61.18
241,0.12,-0.36,1.03,0.6,12.4,-65.29
242,0.13,-0.33,0.99,5.05,13.65,-64.53
243,0.14,-0.27,0.94,2.54,19.35,-57.67
244,0.13,-0.24,0.9,-3.02,26.67,-46.6
245,0.11,-0.21,0.89,-10.06,32.37,-35.32
246,0.11,-0.21,0.88,-15.23,35.84,-25.87
247,0.12,-0.19,0.88,-18.36,34.81,-20.76
248,0.13,-0.2,0.89,-18.39,30.08,-22.71
249,0.15,-0.2,0.9,-16.81,23.66,-29.48
250,0.15,-0.21,0.92,-15.89,15.25,-39.85
251,0.17,-0.22,0.94,-13.56,10.69,-41.6
252,0.17,-0.22,0.95,-12.58,8.0,-44.18
253,0.17,-0.2,0.95,-14.14,8.96,-43.75
254,0.19,-0.19,0.96,-18.82,13.82,-40.66
255,0.19,-0.2,0.97,-21.19,19.18,-36.09
256,0.18,-0.19,0.97,-22.63,22.53,-34.69
257,0.16,-0.2,0.97,-23.25,22.31,-36.37
258,0.15,-0.2,0.98,-21.98,19.53,-40.41
259,0.14,-0.22,0.99,-19.5,16.72,-43.09
260,0.14,-0.22,0.99,-18.36,14.05,-45.44
261,0.15,-0.25,1.01,-17.15,13.4,-44.92
262,0.17,-0.26,1.02,-17.35,15.4,-42.25
263,0.2,-0.28,1.03,-18.01,19.79,-38.73
264,0.2,-0.3,1.03,-16.75,23.09,-36.29
265,0.22,-0.3,1.03,-13.98,26.21,-34.95
266,0.22,-0.3,1.02,-11.66,27.88,-37.2
267,0.22,-0.3,1.01,-8.95,29.5,-38.8
268,0.2,-0.3,0.99,-8.29,30.99,-44.51
269,0.18,-0.31,0.98,-7.58,30.93,-49.47
270,0.13,-0.32,0.96,-6.69,29.31,-54.68
271,0.08,-0.34,0.96,-5.55,26.15,-59.31
272,0.07,-0.34,0.95,-5.35,24.28,-59.64
273,0.05,-0.34,0.93,-5.21,22.52,-59.7
274,0.02,-0.34,0.94,-5.62,21.48,-58.3
275,-0.0,-0.34,0.94,-6.09,21.21,-55.21
276,-0.01,-0.34,0.94,-6.66,20.5,-52.22
277,-0.01,-0.34,0.93,-6.6,19.87,-48.69
278,-0.02,-0.34,0.94,-6.24,18.14,-45.77
279,-0.02,-0.33,0.94,-5.79,16.43,-43.52
280,-0.02,-0.32,0.93,-5.57,15.24,-41.59
281,-0.01,-0.32,0.96,-6.11,14.54,-39.42
282,-0.02,-0.31,0.94,-4.69,12.56,-38.96
283,-0.01,-0.32,0.94,-4.18,10.82,-37.86
284,-0.02,-0.32,0.94,-3.39,8.61,-36.56
285,-0.02,-0.32,0.96,-1.82,6.68,-36.08
286,-0.02,-0.32,0.96,-0.87,6.48,-33.15
287,-0.01,-0.32,0.96,-0.11,7.18,-29.53
288,-0.01,-0.32,0.96,0.02,9.33,-25.07
289,-0.01,-0.31,0.96,-0.2,10.74,-20.2
290,0.01,-0.31,0.97,0.03,12.85,-15.61
291,0.01,-0.3,0.97,0.08,12.75,-13.05
292,0.03,-0.28,0.96,0.23,12.96,-11.23
293,0.02,-0.27,0.95,0.77,11.69,-10.47
294,0.04,-0.27,0.94,0.95,10.83,-11.31
295,0.06,-0.24,0.96,-0.73,10.02,-12.66
296,0.06,-0.25,0.96,0.49,8.78,-14.17
297,0.07,-0.26,0.97,1.65,7.25,-16.12
298,0.06,-0.25,0.97,2.11,6.76,-17.69
299,0.08,-0.25,0.97,2.55,7.36,-17.94
300,0.08,-0.25,0.96,2.48,8.37,-17.18
301,0.08,-0.25,0.97,1.47,9.57,-16.54
302,0.07,-0.26,0.97,1.24,9.92,-16.66
303,0.07,-0.25,0.96,1.21,10.43,-15.91
304,0.08,-0.24,0.96,1.12,10.69,-15.44
305,0.07,-0.25,0.94,0.51,10.84,-14.93
306,0.06,-0.24,0.95,0.13,10.58,-14.47
307,0.05,-0.24,0.95,-0.48,10.83,-13.59
308,0.05,-0.24,0.94,-0.99,10.63,-12.26
309,0.05,-0.24,0.95,-1.29,9.35,-12.35
310,0.04,-0.24,0.96,-1.18,7.82,-13.06
311,0.04,-0.25,0.96,0.12,6.24,-13.43
312,0.05,-0.25,0.96,1.08,5.04,-13.92
313,0.04,-0.24,0.95,1.28,5.11,-12.58
314,0.05,-0.24,0.95,0.73,5.95,-10.34
315,0.06,-0.23,0.95,-0.08,6.66,-8.49
316,0.07,-0.23,0.95,-0.69,6.78,-7.45
317,0.09,-0.21,0.95,-1.41,7.68,-7.31
318,0.08,-0.22,0.95,-1.69,7.48,-7.5
319,0.09,-0.21,0.94,-1.6,7.0,-8.92
320,0.09,-0.22,0.95,-0.79,5.31,-10.02
321,0.08,-0.21,0.94,-1.31,2.57,-12.44
322,0.08,-0.22,0.94,-1.26,2.56,-10.9
323,0.09,-0.21,0.94,-2.54,2.76,-10.89
324,0.1,-0.2,0.93,-4.02,4.92,-8.85
325,0.1,-0.2,0.93,-5.66,6.02,-7.96
326,0.11,-0.2,0.93,-6.48,6.08,-8.05
327,0.11,-0.2,0.93,-6.71,5.45,-9.88
328,0.09,-0.21,0.94,-6.24,4.15,-12.3
329,0.09,-0.22,0.93,-6.02,3.35,-13.15
330,0.09,-0.25,0.93,-3.02,4.96,-10.23
331,0.05,-0.24,0.96,-6.34,0.07,-16.85
332,0.06,-0.28,0.99,-5.75,3.63,-12.28
333,0.05,-0.26,0.98,-5.3,2.08,-13.69
334,0.07,-0.26,0.96,-5.27,6.18,-9.53
335,0.07,-0.26,0.97,-6.9,7.85,-8.57
336,0.06,-0.26,0.96,-5.92,7.53,-9.01
337,0.05,-0.26,0.96,-4.96,5.53,-9.63
338,0.05,-0.26,0.96,-3.56,4.62,-9.71
339,0.04,-0.26,0.97,-4.23,3.43,-10.46
340,0.05,-0.25,0.97,-5.28,4.56,-8.96
341,0.05,-0.25,0.98,-5.72,5.98,-7.34
342,0.04,-0.26,0.99,-5.37,6.38,-6.92
343,0.05,-0.25,0.98,-5.26,6.27,-7.05
344,0.04,-0.26,0.98,-4.8,5.26,-7.89
345,0.02,-0.26,0.96,-4.64,3.37,-9.11
346,0.02,-0.27,0.96,-3.89,1.67,-9.28
347,0.02,-0.28,0.97,-3.09,0.34,-9.14
348,0.03,-0.28,0.98,-2.76,0.07,-8.06
349,0.04,-0.28,0.97,-2.68,0.9,-6.89
350,0.03,-0.28,0.97,-2.42,1.16,-5.92
351,0.05,-0.27,0.96,-2.98,2.05,-4.87
352,0.04,-0.27,0.96,-3.32,2.48,-4.68
353,0.03,-0.28,0.96,-2.34,1.11,-5.16
354,0.02,-0.27,0.97,-0.46,-0.54,-4.84
355,0.05,-0.26,0.97,-1.11,-0.39,-4.34
356,0.06,-0.25,0.96,-1.86,1.19,-3.53
357,0.04,-0.25,0.98,-1.53,1.77,-2.85
358,0.03,-0.26,0.97,0.35,1.03,-2.77
359,0.06,-0.25,0.94,0.05,0.19,-2.64
360,0.07,-0.23,0.94,-1.55,1.12,-2.27
361,0.07,-0.23,0.94,-2.38,1.98,-2.05
362,0.05,-0.24,0.94,-0.75,0.58,-3.7
363,0.05,-0.22,0.94,-0.98,-1.23,-6.14
364,0.04,-0.24,0.95,-0.27,-3.32,-7.89
365,0.03,-0.23,0.94,0.89,-3.25,-6.97
366,0.02,-0.24,0.94,2.21,-3.63,-4.74
367,0.01,-0.24,0.94,0.31,-4.47,-2.89
368,0.02,-0.21,1.0,-2.53,-6.34,-1.15
369,0.01,-0.23,0.93,-1.18,-3.89,0.04
370,0.0,-0.24,0.93,-1.65,-6.21,1.45
371,0.01,-0.24,0.93,-2.5,-6.4,3.56
372,0.04,-0.23,0.93,-3.59,-6.89,4.13
373,0.04,-0.23,0.93,-4.86,-6.95,3.76
374,0.05,-0.24,0.95,-4.16,-7.5,5.76
375,0.08,-0.23,0.95,-4.72,-7.82,5.83
376,0.1,-0.25,0.96,-5.15,-7.22,5.6
377,0.11,-0.25,0.97,-4.12,-6.7,4.6
378,0.11,-0.25,0.99,-2.86,-5.51,3.67
379,0.14,-0.24,0.99,-2.5,-3.01,4.38
380,0.12,-0.24,0.98,-3.15,-0.63,3.41
381,0.1,-0.24,0.98,-2.44,0.11,3.53
382,0.1,-0.24,0.97,-2.17,0.74,3.92
383,0.09,-0.23,0.97,-3.08,0.53,2.37
384,0.08,-0.24,0.97,-2.77,0.11,1.63
385,0.07,-0.25,0.98,-2.05,-0.98,0.53
386,0.07,-0.25,0.98,-1.54,-1.41,0.47
387,0.08,-0.25,0.97,-1.91,-1.11,1.11
388,0.06,-0.24,0.97,-2.76,0.17,0.57
389,0.07,-0.25,0.96,-2.08,-0.1,0.86
390,0.07,-0.24,0.95,-2.82,-1.16,-0.28
391,0.09,-0.23,0.94,-4.01,-2.31,-1.31
392,0.08,-0.24,0.94,-3.5,-3.98,-2.63
393,0.08,-0.25,0.95,-1.34,-6.5,-2.4
394,0.1,-0.24,0.97,-0.64,-7.42,-3.18
395,0.12,-0.24,0.97,2.89,-7.87,0.22
396,0.1,-0.25,0.97,5.27,-5.0,7.42
397,0.1,-0.26,0.98,10.6,-2.98,17.59
398,0.08,-0.24,1.0,7.81,-2.31,13.07
399,0.09,-0.26,0.98,9.09,-0.58,14.32
