,accel_x,accel_y,accel_z,gyro_x,gyro_y,gyro_z
0,-0.08,-0.4,0.93,-1.88,-5.91,-3.49
1,-0.08,-0.4,0.93,-2.06,-3.98,-3.98
2,-0.09,-0.39,0.93,-1.39,-2.97,-4.7
3,-0.09,-0.39,0.92,-0.32,-3.4,-5.08
4,-0.08,-0.38,0.92,0.79,-3.11,-5.44
5,-0.09,-0.37,0.91,0.91,-3.45,-6.7
6,-0.08,-0.36,0.91,1.63,-5.42,-4.44
7,-0.08,-0.36,0.9,0.79,-3.94,-2.98
8,-0.09,-0.35,0.89,-0.55,-2.98,-3.38
9,-0.09,-0.35,0.9,-1.16,-3.33,-5.43
10,-0.09,-0.35,0.89,-0.76,-4.68,-7.16
11,-0.09,-0.36,0.9,-1.27,-5.98,-8.76
12,-0.08,-0.36,0.9,-2.76,-4.61,-10.63
13,-0.08,-0.36,0.9,-3.17,-6.78,-14.24
14,-0.08,-0.37,0.9,-3.77,-6.2,-18.14
15,-0.05,-0.37,0.9,-3.91,-8.48,-18.25
16,-0.01,-0.38,0.92,-2.31,-6.98,-11.82
17,-0.02,-0.37,0.91,-2.18,-2.63,-7.04
18,-0.04,-0.37,0.92,-2.21,-2.43,-3.53
19,-0.08,-0.38,0.91,-3.1,-1.11,-4.23
20,-0.08,-0.38,0.91,-3.86,-2.47,-5.4
21,-0.07,-0.38,0.91,-4.24,-2.73,-4.02
22,-0.06,-0.38,0.91,-4.49,-0.69,-2.45
23,-0.06,-0.39,0.92,-3.63,-0.89,-2.06
24,-0.07,-0.39,0.91,-2.79,-0.97,-1.63
25,-0.07,-0.38,0.91,-2.67,-0.52,-1.42
26,-0.1,-0.36,0.89,-3.03,0.07,-2.02
27,-0.09,-0.37,0.9,-3.25,-1.38,-3.75
28,-0.08,-0.37,0.89,-3.5,-3.56,-4.49
29,-0.08,-0.38,0.89,-3.73,-4.15,-5.93
30,-0.05,-0.38,0.89,-3.81,-3.82,-6.63
31,-0.05,-0.39,0.91,-3.39,-3.65,-5.93
32,-0.03,-0.39,0.91,-2.53,-3.6,-4.76
33,-0.03,-0.39,0.9,-2.9,-0.4,-4.64
34,-0.05,-0.39,0.9,-3.88,1.15,-5.55
35,-0.06,-0.39,0.91,-4.1,0.59,-5.96
36,-0.08,-0.4,0.9,-4.64,0.73,-5.9
37,-0.07,-0.4,0.9,-4.73,0.58,-6.18
38,-0.08,-0.39,0.9,-4.44,0.44,-5.4
39,-0.08,-0.4,0.9,-4.17,0.69,-5.45
40,-0.09,-0.39,0.91,-3.99,0.53,-5.92
41,-0.09,-0.38,0.9,-3.58,-0.69,-6.06
42,-0.09,-0.37,0.88,-3.63,-1.76,-5.69
43,-0.07,-0.36,0.89,-3.87,-3.49,-5.16
44,-0.09,-0.37,0.88,-4.38,-4.72,-6.48
45,-0.09,-0.38,0.9,-5.24,-6.17,-7.04
46,-0.07,-0.4,0.9,-5.78,-6.16,-6.23
47,-0.06,-0.41,0.91,-6.49,-4.46,-6.31
48,-0.05,-0.41,0.93,-6.12,-2.47,-5.76
49,-0.04,-0.4,0.92,-5.02,-0.98,-1.98
50,-0.04,-0.41,0.92,-3.87,0.58,-1.31
51,-0.06,-0.41,0.92,-2.97,0.63,-3.22
52,-0.05,-0.39,0.91,-1.56,-1.37,-4.02
53,-0.05,-0.39,0.9,-1.96,-0.88,-5.12
54,-0.05,-0.39,0.91,-2.48,0.73,-5.13
55,-0.06,-0.39,0.91,-2.4,0.61,-5.21
56,-0.08,-0.39,0.9,-2.83,-0.58,-5.6
57,-0.04,-0.39,0.9,-3.37,-0.92,-1.3
58,-0.07,-0.38,0.91,-4.67,0.6,-0.47
59,-0.07,-0.39,0.92,-4.63,0.77,-0.62
60,-0.06,-0.39,0.92,-3.23,0.44,-0.71
61,-0.03,-0.38,0.92,-2.76,1.24,0.77
62,-0.05,-0.38,0.91,-2.77,4.58,-0.73
63,-0.07,-0.39,0.92,-1.85,3.66,-2.25
64,-0.08,-0.4,0.9,-1.48,1.64,-4.44
65,-0.07,-0.39,0.89,-2.27,0.59,-5.68
66,-0.07,-0.39,0.9,-3.91,1.98,-7.3
67,-0.07,-0.4,0.92,-4.11,3.37,-6.9
68,-0.04,-0.39,0.91,-3.4,2.95,-0.6
69,-0.05,-0.38,0.9,-4.72,6.56,2.22
70,-0.08,-0.39,0.91,-5.18,7.02,1.18
71,-0.08,-0.39,0.9,-4.52,5.86,-0.28
72,-0.07,-0.39,0.9,-4.16,4.5,-1.24
73,-0.08,-0.39,0.89,-4.64,4.73,-2.93
74,-0.09,-0.38,0.89,-4.87,4.33,-4.11
75,-0.1,-0.38,0.9,-5.3,4.21,-4.24
76,-0.08,-0.39,0.89,-6.9,5.79,-2.84
77,-0.07,-0.37,0.9,-8.38,6.24,0.34
78,-0.08,-0.37,0.9,-10.29,8.85,0.4
79,-0.05,-0.36,0.9,-11.54,7.56,3.21
80,-0.05,-0.37,0.92,-13.45,9.56,2.21
81,-0.05,-0.39,0.94,-12.98,8.24,0.83
82,-0.05,-0.42,0.95,-10.81,8.11,-1.71
83,-0.04,-0.43,0.95,-9.12,9.02,-4.5
84,-0.05,-0.43,0.96,-7.02,11.07,-7.32
85,-0.05,-0.42,0.96,-6.16,12.84,-7.27
86,-0.07,-0.42,0.94,-5.74,16.05,-6.71
87,-0.09,-0.43,0.93,-6.03,18.86,-6.15
88,-0.12,-0.43,0.92,-6.0,21.33,-5.76
89,-0.16,-0.44,0.91,-5.4,22.69,-6.13
90,-0.2,-0.45,0.88,-4.47,20.98,-6.94
91,-0.24,-0.45,0.88,-3.9,17.48,-7.49
92,-0.24,-0.45,0.86,-3.47,13.19,-6.44
93,-0.25,-0.45,0.86,-3.42,9.84,-6.52
94,-0.23,-0.44,0.86,-2.04,5.32,-4.46
95,-0.21,-0.44,0.86,-1.87,4.07,-3.4
96,-0.2,-0.42,0.85,-2.15,4.01,-3.28
97,-0.17,-0.4,0.85,-2.49,4.36,-2.46
98,-0.16,-0.38,0.83,-3.67,6.19,-2.69
99,-0.15,-0.36,0.82,-5.69,6.14,-0.59
100,-0.17,-0.37,0.81,-7.88,10.3,2.45
101,-0.17,-0.38,0.79,-8.66,-2.98,2.63
102,-0.18,-0.36,0.8,-12.57,-1.41,3.4
103,-0.22,-0.36,0.79,-15.8,-2.82,1.76
104,-0.21,-0.37,0.8,-16.65,-11.27,-1.91
105,-0.19,-0.37,0.81,-16.56,-16.11,-6.75
106,-0.13,-0.34,0.81,-19.97,-16.18,-10.31
107,-0.1,-0.31,0.8,-27.72,-5.62,-14.38
108,-0.16,-0.32,0.82,-28.15,-6.37,-14.97
109,-0.24,-0.33,0.82,-34.27,-0.48,-11.24
110,-0.32,-0.36,0.78,-42.18,10.47,-6.77
111,-0.48,-0.43,0.75,-51.34,17.07,-5.8
112,-0.68,-0.53,0.72,-56.24,14.47,-8.57
113,-0.91,-0.62,0.68,-52.95,-3.98,-15.14
114,-1.2,-0.74,0.57,-46.54,-43.22,-35.53
115,-1.47,-0.91,0.54,-40.58,-86.06,-56.85
116,-1.62,-1.06,0.51,-38.28,-119.14,-63.12
117,-1.7,-1.24,0.51,-51.25,-119.53,-45.11
118,-1.9,-1.45,0.58,-67.22,-94.81,2.8
119,-2.0,-1.75,0.6,-86.38,-55.02,74.55
120,-2.0,-2.0,0.56,-93.87,-19.8,153.46
121,-2.0,-2.0,0.49,-88.43,3.85,219.51
122,-2.0,-2.0,0.33,-64.82,10.15,250.13
123,-2.0,-2.0,0.05,-15.64,-12.57,250.13
124,-2.0,-2.0,-0.32,45.38,-65.05,250.13
125,-2.0,-2.0,-0.76,97.61,-118.76,250.13
126,-1.73,-2.0,-1.12,94.11,-163.3,250.13
127,-1.01,-1.73,-1.31,52.11,-160.07,250.13
128,-0.33,-1.34,-1.44,-43.79,-165.34,250.13
129,0.64,-1.15,-1.03,-128.27,-199.6,250.13
130,1.83,-1.02,-0.18,-197.27,-229.19,250.13
131,2.0,-0.86,0.67,-190.54,-250.14,250.13
132,2.0,-0.96,1.71,-164.65,-250.14,181.76
133,2.0,-1.15,2.0,-82.3,-201.49,112.55
134,2.0,-1.07,2.0,0.85,-94.5,87.55
135,2.0,-0.82,2.0,36.35,4.99,82.19
136,2.0,-0.69,1.68,26.15,40.3,77.95
137,1.67,-0.8,1.27,-1.73,68.95,69.59
138,1.13,-1.07,1.01,-26.46,68.25,67.39
139,0.76,-1.42,0.76,-37.89,29.73,61.98
140,0.48,-1.74,0.76,-30.38,-17.15,52.14
141,0.45,-1.75,0.8,-5.08,-73.83,54.83
142,0.8,-1.59,0.9,26.11,-118.31,57.38
143,1.13,-1.18,0.92,48.5,-138.89,47.06
144,1.51,-0.75,1.02,80.19,-128.48,37.25
145,1.64,-0.19,0.98,80.28,-100.18,33.09
146,1.65,0.27,0.89,60.0,-57.47,30.85
147,1.47,0.57,0.81,30.5,-26.62,19.53
148,1.26,0.59,0.81,4.27,-3.47,4.68
149,1.09,0.37,0.85,-15.68,6.33,-13.25
150,0.95,0.05,0.98,-13.07,13.15,-30.84
151,0.71,-0.19,1.02,7.23,17.16,-46.57
152,0.48,-0.31,0.99,37.57,13.56,-60.76
153,0.31,-0.35,0.89,64.14,6.82,-72.63
154,0.19,-0.31,0.73,69.78,3.73,-73.97
155,0.06,-0.25,0.6,55.91,-0.05,-72.34
156,-0.02,-0.26,0.56,33.37,-8.05,-65.5
157,0.01,-0.3,0.61,11.55,-13.48,-62.18
158,0.06,-0.38,0.7,-3.39,-14.52,-63.15
159,0.07,-0.44,0.81,-13.27,-16.15,-65.81
160,0.09,-0.52,0.91,-18.03,-12.21,-62.2
161,0.12,-0.62,1.0,-15.12,-7.24,-61.73
162,0.12,-0.65,1.08,-6.6,-4.53,-59.33
163,0.15,-0.64,1.08,2.22,2.78,-55.73
164,0.15,-0.62,1.06,7.76,13.57,-59.57
165,0.13,-0.58,1.04,17.53,17.97,-65.1
166,0.03,-0.53,0.99,26.89,18.39,-71.0
167,-0.03,-0.42,0.91,30.64,15.77,-73.4
168,-0.03,-0.32,0.85,25.34,15.34,-72.61
169,-0.0,-0.27,0.8,10.31,17.2,-68.38
170,0.01,-0.31,0.82,-6.62,20.11,-59.73
171,0.04,-0.38,0.84,-17.91,20.92,-53.41
172,0.06,-0.47,0.88,-19.7,22.35,-56.15
173,0.08,-0.52,0.93,-10.63,21.31,-63.4
174,0.01,-0.56,0.93,3.79,23.11,-74.05
175,-0.03,-0.55,0.95,16.8,17.37,-81.49
176,-0.04,-0.5,0.92,26.85,14.98,-83.64
177,-0.03,-0.43,0.91,27.11,14.22,-80.86
178,0.04,-0.38,0.88,17.37,18.19,-73.41
179,0.07,-0.37,0.88,3.42,27.77,-66.2
180,0.02,-0.4,0.87,-9.31,33.01,-64.13
181,-0.07,-0.46,0.89,-13.19,27.21,-62.5
182,-0.1,-0.52,0.91,-9.27,21.17,-61.46
183,-0.07,-0.54,0.88,-8.15,18.37,-61.27
184,-0.05,-0.56,0.9,-11.21,22.89,-61.82
185,-0.08,-0.57,0.94,-12.98,28.9,-55.95
186,-0.09,-0.56,0.95,-12.59,29.88,-48.21
187,-0.14,-0.57,0.91,-8.06,28.16,-45.49
188,-0.17,-0.58,0.89,-6.24,22.98,-43.89
189,-0.17,-0.57,0.86,-7.14,16.19,-39.11
190,-0.14,-0.56,0.84,-8.67,14.57,-32.77
191,-0.1,-0.53,0.84,-10.82,13.37,-26.52
192,-0.05,-0.51,0.86,-13.32,17.5,-21.44
193,-0.08,-0.5,0.86,-16.55,20.61,-22.52
194,-0.1,-0.51,0.9,-11.87,25.43,-26.72
195,-0.13,-0.5,0.89,-6.73,24.27,-28.92
196,-0.14,-0.51,0.88,-0.4,20.7,-31.18
197,-0.15,-0.52,0.87,4.62,15.55,-31.3
198,-0.12,-0.53,0.87,10.09,14.16,-30.34
199,-0.1,-0.49,0.87,14.57,11.49,-29.38
200,-0.07,-0.43,0.87,13.91,11.45,-31.71
201,-0.05,-0.4,0.87,9.21,17.44,-33.46
202,-0.01,-0.38,0.88,3.66,21.95,-31.31
203,-0.05,-0.41,0.9,-0.47,28.42,-30.5
204,-0.01,-0.42,0.93,-2.0,30.41,-27.02
205,0.02,-0.43,0.93,1.55,35.67,-30.53
206,-0.03,-0.46,0.91,8.03,36.11,-37.9
207,-0.06,-0.41,0.91,15.53,31.36,-42.07
208,-0.07,-0.38,0.84,14.71,33.26,-41.74
209,-0.09,-0.35,0.84,10.89,35.92,-37.61
210,-0.1,-0.35,0.84,6.85,38.79,-33.1
211,-0.08,-0.36,0.84,-0.12,43.54,-30.08
212,-0.12,-0.39,0.85,-4.85,43.25,-28.18
213,-0.18,-0.42,0.84,-4.02,37.68,-31.78
214,-0.17,-0.46,0.86,0.02,30.76,-34.94
215,-0.15,-0.48,0.88,5.54,26.44,-36.43
216,-0.14,-0.47,0.87,9.51,23.87,-35.46
217,-0.15,-0.42,0.84,10.08,22.42,-32.92
218,-0.13,-0.35,0.82,5.96,22.33,-30.48
219,-0.12,-0.33,0.83,-0.98,24.01,-29.04
220,-0.1,-0.33,0.84,-6.32,25.73,-28.69
221,-0.09,-0.35,0.86,-8.77,31.87,-26.98
222,-0.1,-0.38,0.87,-9.3,35.05,-24.08
223,-0.13,-0.41,0.87,-9.07,35.46,-21.04
224,-0.18,-0.44,0.86,-5.77,32.85,-22.18
225,-0.17,-0.41,0.85,-3.02,27.83,-23.78
226,-0.18,-0.4,0.85,-2.77,23.95,-26.16
227,-0.16,-0.38,0.86,-3.31,23.08,-24.69
228,-0.12,-0.34,0.86,-6.24,26.24,-22.56
229,-0.11,-0.33,0.85,-9.59,31.87,-24.32
230,-0.16,-0.36,0.86,-11.67,32.65,-24.69
231,-0.2,-0.4,0.85,-13.65,30.52,-21.71
232,-0.22,-0.43,0.86,-13.55,27.3,-20.42
233,-0.23,-0.47,0.87,-8.89,20.39,-22.85
234,-0.2,-0.46,0.86,-5.44,17.72,-23.11
235,-0.23,-0.46,0.86,-5.82,18.24,-19.27
236,-0.24,-0.45,0.85,-6.82,18.44,-11.37
237,-0.24,-0.42,0.84,-9.98,15.92,-6.34
238,-0.22,-0.41,0.86,-11.76,12.48,-4.81
239,-0.22,-0.44,0.89,-10.7,6.33,-6.05
240,-0.19,-0.45,0.88,-8.05,-0.77,-5.96
241,-0.16,-0.46,0.9,-5.55,-3.24,-5.89
242,-0.15,-0.45,0.89,-3.32,-4.95,-5.39
243,-0.16,-0.44,0.87,-2.37,-5.33,-1.46
244,-0.15,-0.41,0.88,-3.44,-7.81,6.57
245,-0.18,-0.38,0.9,-4.03,-12.03,14.44
246,-0.22,-0.4,0.88,-1.39,-14.94,22.56
247,-0.25,-0.42,0.88,5.88,-23.79,25.73
248,-0.17,-0.4,0.86,11.66,-35.32,23.08
249,-0.05,-0.37,0.86,11.54,-40.08,11.17
250,0.09,-0.37,0.88,12.64,-38.84,-7.4
251,0.09,-0.4,0.91,15.85,-31.56,-31.4
252,-0.0,-0.44,0.93,18.73,-27.47,-42.08
253,-0.06,-0.43,0.92,16.23,-23.86,-31.98
254,-0.09,-0.42,0.88,5.46,-16.78,-18.71
255,-0.05,-0.43,0.91,-7.02,-9.44,-8.41
256,-0.03,-0.45,0.93,-10.79,-3.92,-8.53
257,-0.02,-0.47,0.95,-8.53,-1.63,-17.0
258,-0.05,-0.47,0.92,-5.08,0.37,-26.41
259,-0.08,-0.47,0.91,-1.41,1.5,-31.1
260,-0.13,-0.46,0.88,-0.46,0.22,-27.15
261,-0.19,-0.46,0.87,-2.81,0.27,-20.71
262,-0.16,-0.47,0.88,-3.79,0.21,-12.6
263,-0.14,-0.47,0.88,-3.97,0.9,-9.57
264,-0.11,-0.48,0.89,-1.95,2.7,-9.7
265,-0.04,-0.46,0.9,-0.64,5.87,-16.71
266,-0.03,-0.43,0.87,2.59,8.05,-27.6
267,-0.06,-0.42,0.86,4.63,6.49,-34.11
268,-0.08,-0.41,0.85,4.48,4.79,-34.2
269,-0.1,-0.41,0.84,1.86,3.7,-32.29
270,-0.08,-0.41,0.85,-0.71,3.71,-28.05
271,-0.05,-0.42,0.86,-3.2,7.31,-23.73
272,-0.07,-0.45,0.9,-2.44,11.34,-20.85
273,-0.09,-0.45,0.82,-4.78,14.18,-21.44
274,-0.05,-0.42,1.0,8.58,6.98,-21.83
275,0.04,-0.42,0.86,-1.13,19.48,-27.98
276,-0.07,-0.44,0.91,-1.82,23.49,-26.72
277,-0.12,-0.45,0.9,-0.2,18.66,-24.88
278,-0.11,-0.44,0.9,-0.21,17.91,-27.67
279,-0.13,-0.43,0.92,3.21,13.66,-26.79
280,-0.1,-0.4,0.91,4.54,12.65,-23.37
281,-0.07,-0.35,0.88,-2.88,14.71,-21.52
282,-0.07,-0.41,0.92,-5.77,24.81,-16.92
283,-0.11,-0.4,0.93,-5.13,26.49,-14.89
284,-0.12,-0.42,0.93,-2.81,25.97,-18.23
285,-0.11,-0.4,0.92,-0.02,21.92,-20.85
286,-0.15,-0.38,0.87,-4.21,22.97,-20.8
287,-0.18,-0.39,0.91,-2.15,16.41,-19.89
288,-0.13,-0.36,0.9,1.19,7.04,-20.14
289,-0.1,-0.36,0.88,-1.92,10.05,-22.48
290,-0.14,-0.4,0.92,-1.95,12.12,-19.21
291,-0.1,-0.39,0.91,0.4,12.23,-17.59
292,-0.05,-0.37,0.87,-4.88,18.03,-19.02
293,-0.1,-0.41,0.9,-7.95,21.53,-17.23
294,-0.16,-0.44,0.91,-4.35,16.96,-16.4
295,-0.12,-0.42,0.87,-4.84,15.47,-14.09
296,-0.14,-0.44,0.88,-8.27,16.01,-10.78
297,-0.13,-0.44,0.89,-8.83,14.03,-7.18
298,-0.09,-0.45,0.89,-10.37,15.9,-8.99
299,-0.09,-0.45,0.91,-8.85,17.98,-11.63
300,-0.11,-0.48,0.92,-5.69,16.44,-16.05
301,-0.11,-0.47,0.91,-2.52,16.18,-20.47
302,-0.09,-0.46,0.91,-0.76,17.51,-20.38
303,-0.11,-0.44,0.88,-1.4,20.89,-18.42
304,-0.16,-0.45,0.86,-3.18,21.85,-16.49
305,-0.19,-0.45,0.85,-4.82,15.79,-16.01
306,-0.22,-0.47,0.86,-4.48,9.77,-17.53
307,-0.2,-0.48,0.88,-2.33,5.05,-17.43
308,-0.18,-0.47,0.89,-1.44,5.59,-14.31
309,-0.15,-0.46,0.9,-1.24,10.95,-11.76
310,-0.15,-0.45,0.88,-0.1,13.69,-12.28
311,-0.13,-0.45,0.9,1.24,15.05,-11.69
312,-0.17,-0.44,0.88,3.35,15.43,-11.17
313,-0.16,-0.43,0.87,3.28,15.95,-9.36
314,-0.2,-0.43,0.86,2.96,14.82,-7.78
315,-0.16,-0.41,0.86,1.88,12.37,-7.69
316,-0.13,-0.4,0.87,0.37,12.6,-9.63
317,-0.13,-0.42,0.87,0.01,12.15,-11.04
318,-0.12,-0.43,0.88,1.24,11.59,-13.1
319,-0.12,-0.42,0.88,3.43,10.61,-15.79
320,-0.12,-0.43,0.88,4.0,10.98,-18.05
321,-0.14,-0.42,0.88,3.85,11.55,-15.82
322,-0.14,-0.41,0.86,3.06,14.03,-11.73
323,-0.14,-0.39,0.85,1.11,17.59,-7.47
324,-0.16,-0.39,0.85,-0.63,21.22,-2.76
325,-0.15,-0.37,0.85,-3.34,24.43,4.05
326,-0.14,-0.36,0.83,-7.5,29.67,9.87
327,-0.13,-0.37,0.84,-12.35,36.87,14.8
328,-0.13,-0.39,0.84,-13.79,40.04,15.07
329,-0.2,-0.41,0.84,-10.25,31.42,7.46
330,-0.24,-0.45,0.84,-2.89,15.25,-6.43
331,-0.22,-0.44,0.83,2.29,0.54,-17.69
332,-0.2,-0.43,0.83,2.85,-5.0,-23.16
333,-0.21,-0.44,0.83,1.13,-6.38,-24.69
334,-0.24,-0.46,0.84,0.59,-8.49,-24.95
335,-0.23,-0.47,0.84,-0.25,-9.79,-21.46
336,-0.24,-0.47,0.85,-1.02,-8.24,-16.71
337,-0.25,-0.47,0.85,-1.2,-5.11,-12.73
338,-0.27,-0.47,0.84,-0.95,-5.98,-10.42
339,-0.26,-0.46,0.85,-0.27,-8.47,-10.37
340,-0.24,-0.46,0.86,2.02,-11.04,-14.76
341,-0.25,-0.45,0.87,5.92,-15.19,-20.71
342,-0.22,-0.42,0.87,7.6,-16.92,-23.07
343,-0.17,-0.41,0.85,7.36,-15.79,-20.89
344,-0.2,-0.41,0.86,6.01,-15.11,-20.97
345,-0.22,-0.41,0.86,6.65,-16.97,-21.77
346,-0.23,-0.42,0.86,6.92,-18.32,-19.86
347,-0.2,-0.41,0.86,6.31,-20.76,-15.6
348,-0.18,-0.39,0.85,3.08,-20.09,-11.44
349,-0.17,-0.4,0.87,-0.33,-19.45,-9.27
350,-0.17,-0.42,0.86,-1.73,-19.08,-6.98
351,-0.16,-0.44,0.87,-2.39,-18.7,-5.3
352,-0.16,-0.44,0.89,-2.72,-17.31,-4.04
353,-0.13,-0.44,0.9,-3.34,-12.29,-2.14
354,-0.14,-0.44,0.88,-2.03,-14.04,0.18
355,-0.11,-0.43,0.88,-2.07,-13.3,2.32
356,-0.13,-0.43,0.86,-3.92,-11.3,3.05
357,-0.13,-0.44,0.86,-5.05,-10.88,4.24
358,-0.13,-0.45,0.86,-5.22,-10.84,5.11
359,-0.09,-0.45,0.89,-3.6,-11.31,6.25
360,-0.1,-0.45,0.88,-3.53,-9.18,1.76
361,-0.1,-0.46,0.9,-2.13,-8.12,1.26
362,-0.11,-0.47,0.9,-1.46,-6.82,1.34
363,-0.11,-0.45,0.91,0.33,-7.56,1.14
364,-0.09,-0.43,0.89,0.57,-6.34,0.31
365,-0.12,-0.43,0.88,0.29,-5.38,0.85
366,-0.13,-0.45,0.89,0.29,-6.63,0.32
367,-0.11,-0.43,0.91,1.54,-9.89,0.21
368,-0.08,-0.42,0.9,1.49,-11.38,-0.86
369,-0.08,-0.42,0.91,1.57,-9.9,-1.13
370,-0.08,-0.42,0.91,1.53,-8.63,0.24
371,-0.06,-0.41,0.91,1.54,-7.47,0.84
372,-0.03,-0.39,0.91,0.6,-4.38,4.34
373,-0.05,-0.38,0.92,0.5,-0.92,3.5
374,-0.05,-0.37,0.9,0.36,1.25,4.27
375,-0.06,-0.38,0.89,-0.78,2.99,2.5
376,-0.06,-0.36,0.89,-0.35,0.95,0.63
377,-0.08,-0.35,0.88,-0.38,0.51,-1.96
378,-0.1,-0.37,0.88,-0.98,-0.16,-2.55
379,-0.11,-0.38,0.87,-1.56,-1.47,-4.02
380,-0.1,-0.38,0.87,-1.25,-2.35,-5.16
381,-0.08,-0.38,0.88,-1.57,-2.33,-5.85
382,-0.09,-0.39,0.87,-3.16,-1.39,-4.68
383,-0.11,-0.41,0.87,-3.44,-0.86,-4.22
384,-0.1,-0.42,0.87,-3.79,0.19,-3.18
385,-0.11,-0.42,0.88,-3.7,0.62,-2.89
386,-0.1,-0.43,0.87,-4.62,0.28,-1.6
387,-0.09,-0.43,0.89,-6.96,0.69,-0.56
388,-0.1,-0.43,0.88,-7.86,1.08,-1.66
389,-0.11,-0.43,0.89,-6.93,-0.44,-2.38
390,-0.1,-0.42,0.89,-5.98,-1.61,-3.58
391,-0.09,-0.41,0.89,-5.71,-2.68,-2.83
392,-0.07,-0.4,0.9,-5.76,-3.07,-3.0
393,-0.06,-0.4,0.89,-5.41,-0.8,-4.43
394,-0.06,-0.4,0.9,-5.0,0.81,-5.61
395,-0.07,-0.4,0.9,-4.78,0.72,-5.82
396,-0.07,-0.4,0.9,-5.21,0.46,-5.44
397,-0.07,-0.4,0.9,-5.79,1.9,-6.01
398,-0.07,-0.41,0.91,-5.46,2.31,-7.62
399,-0.06,-0.4,0.9,-5.9,1.27,-9.25
