,accel_x,accel_y,accel_z,gyro_x,gyro_y,gyro_z
0,-0.06,-0.14,0.98,0.12,3.4,11.85
1,-0.03,-0.13,0.97,-0.05,4.03,11.51
2,-0.02,-0.11,0.95,-0.37,3.15,9.34
3,-0.03,-0.11,0.96,-1.14,1.59,4.68
4,-0.03,-0.12,0.97,-1.18,-2.11,-0.96
5,-0.04,-0.13,0.97,-1.64,-5.4,-4.94
6,-0.04,-0.13,0.97,-2.79,-7.41,-7.47
7,-0.03,-0.14,0.98,-3.94,-8.57,-10.16
8,-0.02,-0.15,0.99,-4.38,-8.44,-11.34
9,-0.01,-0.15,1.0,-3.45,-7.15,-12.48
10,-0.01,-0.15,1.0,-3.1,-4.84,-12.3
11,-0.01,-0.16,0.99,-2.22,-3.38,-11.55
12,-0.01,-0.15,1.0,-2.06,-2.01,-11.04
13,-0.03,-0.15,0.98,-1.44,-1.52,-10.94
14,-0.05,-0.16,0.97,-1.91,-2.24,-10.69
15,-0.05,-0.16,0.98,-1.7,-4.93,-9.77
16,-0.04,-0.16,0.97,-1.1,-5.39,-9.78
17,-0.03,-0.16,0.97,-0.33,-6.37,-9.84
18,-0.01,-0.15,0.96,-0.17,-6.62,-9.15
19,-0.0,-0.14,0.95,-1.06,-5.5,-8.65
20,0.02,-0.13,0.94,-2.27,-2.63,-8.37
21,0.03,-0.13,0.94,-3.08,0.92,-7.75
22,0.04,-0.13,0.95,-3.69,3.57,-7.79
23,0.0,-0.13,0.95,-4.58,4.15,-10.05
24,-0.02,-0.13,0.96,-5.82,1.66,-12.13
25,-0.04,-0.15,0.97,-5.87,-0.56,-14.15
26,-0.05,-0.14,0.97,-6.41,-4.14,-15.02
27,-0.05,-0.15,0.98,-6.76,-4.03,-14.99
28,-0.08,-0.16,0.99,-7.21,-5.64,-13.89
29,-0.09,-0.16,0.98,-7.73,-7.11,-11.92
30,-0.06,-0.16,0.99,-7.87,-7.73,-9.17
31,-0.04,-0.16,1.01,-7.5,-6.73,-7.34
32,-0.02,-0.15,1.0,-6.82,-4.63,-6.63
33,-0.01,-0.16,1.01,-5.41,-2.95,-7.59
34,-0.01,-0.16,1.01,-4.72,-1.82,-9.39
35,-0.01,-0.16,1.01,-3.6,-1.8,-10.29
36,-0.02,-0.15,0.98,-3.32,-1.47,-12.0
37,-0.02,-0.15,0.98,-3.13,-2.17,-13.34
38,-0.03,-0.16,0.98,-2.91,-3.33,-13.48
39,-0.03,-0.16,0.98,-3.55,-4.07,-13.4
40,-0.03,-0.16,0.99,-3.55,-4.45,-13.24
41,-0.03,-0.16,0.99,-2.66,-3.29,-12.4
42,-0.02,-0.15,1.0,-2.68,-2.65,-11.69
43,-0.02,-0.15,0.99,-2.71,-0.66,-10.96
44,-0.01,-0.14,0.99,-2.95,0.74,-11.23
45,-0.01,-0.16,0.99,-2.27,0.85,-10.87
46,-0.01,-0.15,0.99,-2.11,0.6,-10.4
47,-0.01,-0.15,0.97,-2.31,0.11,-11.31
48,-0.01,-0.15,0.98,-2.38,-1.2,-12.41
49,-0.01,-0.17,0.98,-2.26,-2.35,-13.51
50,-0.01,-0.17,1.0,-1.67,-3.23,-14.7
51,-0.01,-0.18,0.98,-0.54,-3.54,-14.04
52,-0.02,-0.17,0.97,0.09,-3.72,-12.76
53,-0.0,-0.16,0.97,-0.12,-2.82,-9.34
54,0.0,-0.17,0.97,-0.47,0.16,-7.76
55,0.02,-0.16,0.98,-0.45,2.08,-6.7
56,0.03,-0.17,0.98,0.78,2.98,-5.45
57,0.04,-0.16,0.98,2.57,3.4,-3.63
58,0.03,-0.15,0.96,2.41,4.4,-4.96
59,0.02,-0.14,0.96,2.36,4.2,-6.37
60,0.03,-0.14,0.96,2.55,3.5,-7.03
61,0.01,-0.14,0.94,1.4,2.82,-9.36
62,-0.0,-0.13,0.94,0.44,0.36,-12.18
63,0.01,-0.13,0.95,-0.04,-1.01,-13.18
64,0.02,-0.14,0.95,-0.37,-0.55,-14.05
65,0.01,-0.14,0.95,-1.29,0.21,-14.11
66,0.02,-0.14,0.95,-1.84,1.07,-13.44
67,0.02,-0.14,0.95,-2.75,1.62,-12.3
68,0.03,-0.13,0.95,-2.95,3.21,-13.34
69,0.02,-0.14,0.96,-3.23,2.77,-15.41
70,0.01,-0.15,0.95,-2.65,0.79,-17.91
71,0.01,-0.15,0.94,-2.21,-1.65,-20.05
72,-0.02,-0.14,0.93,-3.08,-4.77,-22.15
73,-0.01,-0.14,0.92,-4.4,-7.24,-20.47
74,0.0,-0.15,0.94,-6.34,-6.27,-19.64
75,0.0,-0.15,0.96,-7.59,-4.38,-17.94
76,0.0,-0.17,0.96,-8.51,-1.84,-14.69
77,-0.02,-0.18,0.98,-8.71,-0.1,-13.82
78,-0.04,-0.19,0.98,-8.37,-0.76,-13.56
79,-0.04,-0.18,0.99,-7.66,-1.47,-13.82
80,-0.04,-0.19,1.0,-6.72,-2.58,-13.23
81,-0.04,-0.18,1.0,-6.93,-3.84,-14.05
82,-0.04,-0.18,1.01,-6.65,-4.24,-13.28
83,-0.04,-0.18,1.02,-6.49,-3.56,-12.18
84,-0.03,-0.18,1.02,-6.05,-3.0,-11.6
85,-0.04,-0.19,1.03,-5.22,-2.75,-11.68
86,-0.05,-0.19,1.04,-4.24,-1.57,-11.51
87,-0.04,-0.18,1.02,-3.33,-1.02,-10.41
88,-0.05,-0.19,1.02,-3.06,0.94,-8.44
89,-0.04,-0.18,1.0,-2.54,-0.22,-7.59
90,-0.04,-0.17,1.01,-1.63,1.62,-5.78
91,-0.05,-0.17,1.0,-1.4,1.08,-4.76
92,-0.04,-0.17,0.99,-1.58,0.74,-4.65
93,-0.04,-0.17,0.99,-1.52,1.58,-4.58
94,-0.03,-0.16,0.99,-1.45,1.79,-4.02
95,-0.02,-0.16,0.98,-1.72,1.1,-3.89
96,-0.01,-0.17,0.98,-1.92,0.39,-4.15
97,-0.02,-0.16,0.98,-2.15,-0.22,-4.25
98,-0.01,-0.16,0.98,-1.79,-1.35,-4.03
99,-0.02,-0.17,0.97,-1.83,-2.47,-3.66
100,-0.02,-0.16,0.97,-2.42,-2.21,-3.11
101,-0.02,-0.15,0.98,-2.84,-1.66,-2.02
102,-0.01,-0.15,0.98,-2.74,-0.66,-1.15
103,0.01,-0.16,0.98,-2.6,2.4,-0.56
104,0.03,-0.14,0.97,-2.96,3.59,-0.9
105,0.03,-0.15,0.97,-3.15,3.67,-2.54
106,0.03,-0.15,0.97,-2.63,2.88,-4.63
107,0.03,-0.15,0.97,-2.34,1.58,-5.41
108,0.01,-0.15,0.96,-2.99,1.76,-7.01
109,-0.01,-0.17,0.98,-3.37,0.76,-8.12
110,-0.04,-0.17,0.97,-3.21,-0.64,-7.49
111,-0.05,-0.18,0.97,-3.57,-0.92,-6.65
112,-0.03,-0.18,0.98,-3.76,-0.53,-4.99
113,-0.02,-0.17,0.98,-3.53,0.11,-2.61
114,-0.01,-0.17,0.98,-4.07,0.53,-2.43
115,-0.01,-0.17,0.98,-3.6,-0.39,-3.27
116,0.01,-0.17,0.98,-2.95,-1.21,-3.74
117,0.01,-0.17,0.98,-3.0,-2.05,-4.53
118,-0.01,-0.17,0.98,-2.87,-2.02,-5.4
119,-0.0,-0.18,0.99,-2.5,-2.13,-4.75
120,-0.01,-0.17,0.99,-2.12,-2.09,-3.63
121,-0.01,-0.17,0.97,-2.74,-1.33,-3.17
122,-0.02,-0.17,0.97,-3.4,-1.66,-2.93
123,-0.03,-0.17,0.96,-3.08,-2.25,-3.35
124,-0.02,-0.18,0.96,-2.57,-2.94,-3.33
125,-0.02,-0.18,0.95,-2.26,-2.98,-3.57
126,-0.04,-0.16,0.93,-2.44,-2.81,-3.05
127,-0.02,-0.16,0.91,-3.1,-3.31,-2.31
128,-0.02,-0.15,0.88,-4.76,-3.21,-2.23
129,-0.02,-0.14,0.87,-6.6,-4.37,-2.06
130,-0.02,-0.14,0.86,-8.21,-6.03,-2.35
131,-0.01,-0.13,0.85,-10.5,-6.82,-2.53
132,-0.02,-0.12,0.85,-13.17,-7.27,-3.4
133,-0.0,-0.11,0.87,-15.94,-8.46,-3.69
134,0.0,-0.09,0.88,-20.21,-6.16,-5.47
135,0.01,-0.07,0.89,-24.69,-4.68,-8.37
136,-0.01,-0.07,0.94,-29.94,0.84,-14.2
137,-0.12,-0.07,0.98,-35.0,6.09,-21.9
138,-0.25,-0.1,1.05,-38.95,10.53,-33.97
139,-0.56,-0.15,1.03,-41.79,13.59,-48.22
140,-0.93,-0.25,0.87,-37.05,3.56,-61.15
141,-1.37,-0.32,0.88,-51.35,-25.73,-82.86
142,-1.77,-0.52,1.01,-50.89,-59.15,-95.42
143,-2.0,-0.85,1.13,-35.58,-101.71,-108.5
144,-2.0,-1.24,1.24,-14.36,-149.98,-97.45
145,-2.0,-1.67,1.5,-1.97,-171.34,-35.63
146,-2.0,-2.0,1.81,30.76,-131.48,66.85
147,-2.0,-2.0,1.87,60.46,-59.88,182.18
148,-2.0,-2.0,1.76,87.24,12.27,250.13
149,-1.65,-2.0,1.32,96.53,62.86,250.13
150,-0.93,-1.78,0.94,95.05,93.63,250.13
151,-0.41,-1.62,0.66,95.69,82.96,250.13
152,0.0,-1.39,0.3,89.84,14.97,250.13
153,0.44,-1.19,0.08,72.94,-100.81,250.13
154,0.95,-1.07,0.12,58.24,-170.66,250.13
155,1.67,-0.96,0.4,50.9,-165.56,250.13
156,2.0,-0.79,0.43,32.7,-103.48,250.13
157,2.0,-0.53,0.42,11.25,-35.66,250.13
158,2.0,-0.35,0.42,-9.86,-3.4,230.34
159,2.0,-0.27,0.5,-19.76,-2.06,197.24
160,2.0,-0.23,0.57,-15.46,-12.98,161.53
161,2.0,-0.12,0.68,-17.91,-35.49,125.45
162,2.0,-0.06,0.73,-17.42,-39.85,94.08
163,1.92,-0.03,0.81,-20.44,-31.14,73.56
164,1.78,-0.04,0.89,-23.89,-18.37,62.75
165,1.76,-0.05,1.03,-24.65,-6.89,56.3
166,1.69,-0.04,1.01,-17.47,5.03,38.34
167,1.4,-0.04,0.97,-9.28,4.72,16.35
168,1.08,-0.06,0.99,-1.98,-10.96,2.07
169,0.94,-0.07,0.94,-0.44,-16.76,-1.79
170,0.87,-0.09,0.98,-6.42,-8.24,2.27
171,0.76,-0.13,1.01,-9.34,1.04,7.11
172,0.76,-0.14,1.03,-13.38,4.22,7.63
173,0.79,-0.15,1.02,-14.34,4.05,-2.4
174,0.73,-0.19,1.05,-9.6,3.82,-18.07
175,0.61,-0.22,1.08,-2.86,2.09,-31.27
176,0.52,-0.22,1.06,5.02,0.53,-42.06
177,0.42,-0.19,1.02,10.24,1.56,-50.45
178,0.32,-0.16,0.95,11.27,2.6,-55.4
179,0.2,-0.1,0.87,5.58,4.84,-56.81
180,0.17,-0.11,0.9,1.07,8.29,-53.21
181,0.1,-0.13,0.92,-1.55,13.1,-48.75
182,0.06,-0.14,0.95,-2.07,14.54,-42.92
183,0.07,-0.15,0.94,-3.92,15.96,-38.58
184,0.04,-0.16,0.95,-5.15,14.45,-37.66
185,0.01,-0.19,0.98,-0.86,9.7,-37.02
186,0.01,-0.19,0.98,1.58,5.19,-34.39
187,0.0,-0.17,0.98,3.69,2.98,-30.71
188,0.04,-0.15,0.95,3.37,1.05,-29.8
189,0.08,-0.14,0.95,2.38,-0.11,-32.55
190,0.08,-0.14,0.94,1.9,-0.89,-34.83
191,0.07,-0.14,0.96,2.27,-2.47,-36.12
192,0.05,-0.16,0.97,3.54,-2.92,-37.05
193,0.04,-0.16,0.97,3.55,-4.22,-37.21
194,0.05,-0.16,0.96,4.26,-3.85,-35.36
195,0.05,-0.15,0.95,3.05,-3.24,-33.24
196,0.07,-0.12,0.94,-0.65,-1.06,-31.36
197,0.07,-0.12,0.93,-3.0,2.79,-28.9
198,0.08,-0.14,0.96,-4.66,8.6,-25.5
199,0.06,-0.14,0.96,-7.02,13.7,-24.05
200,0.05,-0.14,0.96,-8.07,14.2,-23.73
201,0.03,-0.14,0.95,-7.67,11.32,-23.71
202,0.01,-0.14,0.96,-7.66,6.86,-26.55
203,-0.01,-0.14,0.97,-7.39,3.43,-26.59
204,0.02,-0.14,0.98,-7.5,4.15,-26.47
205,0.06,-0.13,0.99,-7.73,7.66,-27.02
206,0.03,-0.14,1.0,-7.4,11.55,-26.89
207,-0.02,-0.15,1.0,-6.32,10.82,-27.05
208,-0.03,-0.15,0.98,-4.64,6.44,-26.89
209,-0.02,-0.15,0.99,-2.91,2.7,-27.49
210,0.0,-0.14,0.98,-2.91,-0.03,-28.03
211,0.02,-0.14,0.97,-3.15,0.33,-26.24
212,0.05,-0.15,0.98,-3.85,2.27,-24.2
213,0.08,-0.15,0.98,-5.34,5.85,-24.78
214,0.05,-0.15,0.98,-6.68,8.98,-25.43
215,-0.0,-0.16,0.97,-7.21,6.41,-25.57
216,0.01,-0.16,0.99,-6.87,1.13,-23.4
217,0.03,-0.17,1.0,-5.83,0.79,-23.53
218,0.03,-0.16,1.0,-5.48,0.59,-22.89
219,0.05,-0.15,0.99,-5.16,2.4,-20.88
220,0.06,-0.15,0.98,-4.88,2.92,-19.92
221,0.06,-0.15,0.98,-3.82,2.02,-19.76
222,0.06,-0.15,0.96,-3.24,-1.02,-20.63
223,0.08,-0.14,0.96,-3.65,-1.4,-19.71
224,0.09,-0.12,0.96,-4.71,-0.37,-18.55
225,0.1,-0.11,0.96,-5.74,0.99,-17.89
226,0.11,-0.11,0.97,-6.82,2.98,-18.07
227,0.1,-0.12,0.96,-7.86,4.39,-18.93
228,0.08,-0.13,0.95,-8.55,4.13,-19.25
229,0.09,-0.14,0.97,-8.99,2.72,-20.45
230,0.09,-0.15,0.99,-9.21,2.68,-20.85
231,0.1,-0.16,0.99,-9.06,3.53,-19.62
232,0.09,-0.15,1.0,-7.92,3.67,-18.85
233,0.09,-0.14,0.99,-8.48,4.45,-18.88
234,0.1,-0.14,1.0,-7.89,5.93,-19.63
235,0.1,-0.14,0.99,-6.51,5.81,-20.01
236,0.12,-0.14,1.01,-6.36,7.55,-19.51
237,0.13,-0.15,1.0,-6.65,10.06,-21.04
238,0.11,-0.14,1.0,-5.9,9.89,-22.81
239,0.09,-0.14,1.0,-5.28,7.78,-24.07
240,0.09,-0.15,0.99,-4.85,7.78,-23.61
241,0.06,-0.15,0.99,-4.55,6.2,-24.19
242,0.05,-0.17,1.0,-4.56,4.4,-24.82
243,0.04,-0.17,0.99,-2.88,3.22,-23.58
244,0.05,-0.19,0.99,-2.01,1.98,-21.76
245,0.03,-0.2,0.99,-1.5,1.48,-20.89
246,0.04,-0.19,0.98,-0.82,1.67,-19.76
247,0.05,-0.17,0.98,-1.49,2.66,-19.28
248,0.06,-0.16,0.97,-2.09,4.74,-18.02
249,0.08,-0.16,0.97,-3.3,7.56,-19.02
250,0.06,-0.14,0.96,-3.76,8.72,-19.93
251,0.06,-0.14,0.96,-4.47,8.5,-20.6
252,0.07,-0.14,0.96,-3.89,8.24,-21.03
253,0.06,-0.14,0.98,-3.23,7.63,-22.46
254,0.05,-0.15,0.96,-2.22,6.08,-23.11
255,0.04,-0.15,0.97,-1.08,3.66,-23.78
256,0.03,-0.14,0.97,-1.04,2.15,-23.16
257,0.05,-0.14,0.95,-2.27,0.58,-22.57
258,0.06,-0.13,0.95,-3.2,1.5,-22.83
259,0.06,-0.13,0.94,-5.58,1.77,-21.62
260,0.05,-0.13,0.94,-7.34,3.69,-20.68
261,0.06,-0.14,0.95,-8.46,5.4,-20.66
262,0.03,-0.15,0.96,-9.95,7.58,-20.2
263,0.03,-0.16,0.96,-10.27,7.03,-18.42
264,0.03,-0.16,0.97,-10.63,6.72,-17.85
265,0.03,-0.16,0.98,-10.17,4.95,-17.99
266,0.04,-0.15,0.97,-10.4,4.56,-18.85
267,0.06,-0.15,0.99,-9.85,5.18,-19.15
268,0.05,-0.16,0.98,-9.93,6.14,-19.98
269,0.04,-0.16,0.99,-8.62,5.83,-19.56
270,0.04,-0.16,0.98,-7.39,4.37,-18.94
271,0.05,-0.15,0.97,-7.34,4.65,-19.54
272,0.06,-0.15,0.97,-7.15,4.67,-18.41
273,0.07,-0.13,0.97,-7.96,5.71,-18.21
274,0.06,-0.14,0.97,-8.46,6.63,-19.11
275,0.05,-0.15,0.98,-8.47,6.15,-19.85
276,0.04,-0.16,0.99,-7.85,6.56,-19.82
277,0.03,-0.18,0.99,-7.88,6.49,-20.26
278,0.0,-0.19,0.98,-7.69,6.92,-18.82
279,0.0,-0.19,0.99,-7.66,6.32,-17.89
280,0.01,-0.19,0.98,-7.11,6.4,-16.9
281,-0.0,-0.19,0.99,-6.8,5.92,-16.3
282,0.03,-0.19,0.99,-6.13,6.78,-14.24
283,0.05,-0.18,0.99,-5.66,9.17,-12.4
284,0.05,-0.17,0.98,-5.58,8.03,-13.34
285,0.04,-0.17,0.98,-5.05,6.11,-15.2
286,0.04,-0.17,0.98,-4.8,4.97,-17.18
287,0.04,-0.18,0.98,-3.99,5.05,-17.71
288,0.02,-0.18,0.97,-3.81,4.44,-18.6
289,0.02,-0.18,0.96,-4.69,4.17,-18.36
290,0.03,-0.18,0.95,-5.2,5.13,-18.17
291,0.03,-0.18,0.96,-4.95,4.21,-15.85
292,0.03,-0.17,0.95,-4.75,3.67,-12.98
293,0.03,-0.17,0.95,-5.51,4.18,-12.49
294,0.04,-0.18,0.95,-6.44,4.3,-12.33
295,0.04,-0.19,0.96,-6.03,6.21,-11.28
296,0.04,-0.17,0.96,-6.37,5.66,-11.64
297,0.03,-0.18,0.95,-6.61,5.31,-12.85
298,0.02,-0.18,0.96,-6.48,4.67,-12.86
299,0.02,-0.18,0.97,-6.13,3.89,-13.34
300,0.03,-0.17,0.96,-6.61,3.26,-12.92
301,0.05,-0.16,0.96,-7.62,4.32,-12.15
302,0.04,-0.16,0.96,-8.53,5.83,-11.99
303,0.02,-0.17,0.97,-8.97,6.24,-12.04
304,0.02,-0.17,0.97,-9.28,4.73,-12.34
305,0.01,-0.18,0.97,-8.79,3.22,-14.02
306,0.01,-0.19,0.98,-8.16,1.39,-13.82
307,0.0,-0.19,0.98,-7.52,0.67,-13.27
308,0.0,-0.19,0.98,-9.24,0.48,-13.52
309,0.04,-0.2,1.0,-7.57,1.77,-10.91
310,0.05,-0.2,1.0,-7.97,2.87,-12.27
311,0.06,-0.21,1.0,-7.47,4.05,-12.83
312,0.07,-0.21,1.01,-6.82,5.11,-12.92
313,0.07,-0.2,1.01,-6.27,6.34,-14.47
314,0.08,-0.2,1.0,-5.63,8.36,-15.19
315,0.07,-0.2,1.0,-4.61,9.06,-15.45
316,0.06,-0.19,0.99,-3.79,9.4,-15.85
317,0.03,-0.19,0.98,-3.47,8.18,-16.43
318,0.03,-0.19,0.98,-3.26,5.79,-16.64
319,0.03,-0.2,0.97,-3.56,4.45,-17.58
320,0.02,-0.2,0.97,-2.8,2.91,-18.3
321,0.03,-0.2,0.97,-2.65,2.82,-18.24
322,0.05,-0.19,0.96,-2.57,3.89,-18.37
323,0.06,-0.18,0.96,-2.83,5.69,-18.56
324,0.07,-0.18,0.96,-3.34,7.8,-18.43
325,0.05,-0.17,0.95,-3.43,8.63,-18.16
326,0.05,-0.17,0.95,-3.51,9.37,-19.23
327,0.05,-0.16,0.95,-3.81,8.89,-19.08
328,0.05,-0.15,0.94,-4.45,8.7,-19.53
329,0.04,-0.15,0.94,-5.63,8.34,-21.15
330,0.04,-0.15,0.94,-6.27,8.45,-20.47
331,0.04,-0.16,0.94,-6.65,8.31,-22.16
332,0.04,-0.18,0.95,-6.98,7.73,-23.99
333,0.02,-0.19,0.96,-6.64,6.11,-25.05
334,0.02,-0.2,0.97,-6.42,5.08,-23.73
335,0.03,-0.21,0.97,-7.37,6.09,-24.27
336,0.03,-0.21,0.97,-8.62,8.73,-22.95
337,0.03,-0.22,0.99,-9.39,10.14,-21.88
338,0.02,-0.23,1.0,-9.53,12.23,-21.06
339,0.01,-0.24,1.0,-8.64,12.76,-21.31
340,0.01,-0.24,1.01,-7.3,11.51,-21.99
341,-0.01,-0.24,1.0,-5.54,10.86,-20.81
342,-0.02,-0.24,0.99,-4.85,8.47,-21.64
343,-0.02,-0.24,0.98,-4.02,5.86,-21.84
344,-0.01,-0.24,1.0,-2.32,4.6,-20.8
345,-0.01,-0.23,0.98,-1.44,4.76,-19.92
346,0.01,-0.23,0.98,-1.32,6.7,-18.76
347,-0.0,-0.22,0.98,-1.83,9.42,-16.95
348,0.0,-0.21,0.96,-2.31,11.71,-15.85
349,0.02,-0.2,0.96,-3.06,13.53,-14.65
350,0.02,-0.19,0.95,-3.42,14.93,-15.11
351,0.01,-0.18,0.94,-4.5,14.87,-15.44
352,0.02,-0.19,0.95,-3.26,15.81,-14.66
353,-0.02,-0.2,0.93,-4.1,14.11,-14.6
354,-0.05,-0.21,0.95,-3.34,10.41,-14.46
355,-0.08,-0.23,0.96,-2.11,6.37,-14.45
356,-0.1,-0.24,0.97,-0.05,1.09,-14.05
357,-0.1,-0.25,0.96,2.38,-2.67,-13.49
358,-0.11,-0.25,0.98,4.08,-4.95,-11.22
359,-0.08,-0.26,0.98,6.03,-5.5,-8.44
360,-0.08,-0.25,0.98,7.3,-3.58,-4.85
361,-0.07,-0.23,0.97,6.44,-3.69,-1.16
362,-0.05,-0.22,0.97,5.76,-1.15,2.2
363,-0.02,-0.2,0.95,2.56,1.69,2.92
364,0.01,-0.19,0.96,-0.34,5.53,2.78
365,0.01,-0.18,0.95,-2.28,7.82,0.15
366,0.02,-0.18,0.95,-2.85,6.87,-3.26
367,-0.02,-0.19,0.96,-2.68,3.6,-8.59
368,-0.04,-0.2,0.96,-2.08,-1.3,-11.55
369,-0.05,-0.2,0.96,-1.63,-5.28,-12.81
370,-0.05,-0.2,0.97,-0.67,-7.52,-12.44
371,-0.03,-0.21,0.97,-0.36,-7.54,-12.89
372,-0.03,-0.21,0.98,-0.59,-7.05,-13.38
373,-0.0,-0.2,0.97,-0.76,-4.73,-12.05
374,-0.0,-0.2,0.96,-1.49,-1.54,-12.28
375,-0.01,-0.21,0.98,-2.48,0.4,-12.56
376,0.0,-0.2,0.97,-2.5,3.14,-12.75
377,0.01,-0.2,0.96,-2.99,5.69,-13.67
378,-0.01,-0.21,0.95,-2.43,6.06,-12.66
379,-0.02,-0.19,0.94,-3.48,4.62,-12.11
380,-0.02,-0.19,0.93,-3.58,2.11,-12.27
381,-0.02,-0.19,0.93,-3.51,-1.98,-12.95
382,-0.01,-0.19,0.94,-3.6,-5.08,-13.25
383,-0.0,-0.19,0.95,-3.47,-6.84,-13.28
384,0.01,-0.2,0.96,-3.24,-7.07,-13.73
385,0.01,-0.19,0.97,-3.43,-6.52,-14.24
386,0.03,-0.19,0.96,-3.82,-4.03,-13.88
387,0.02,-0.2,0.96,-4.56,-3.13,-15.13
388,0.01,-0.19,0.97,-4.72,-2.5,-15.04
389,-0.01,-0.2,0.96,-4.6,-2.82,-14.69
390,-0.01,-0.22,0.96,-3.45,-5.49,-12.73
391,-0.01,-0.22,0.98,-3.02,-5.52,-10.7
392,0.0,-0.22,0.99,-2.36,-3.88,-8.66
393,0.02,-0.22,0.98,-2.34,-1.4,-6.78
394,0.03,-0.21,0.97,-2.69,2.21,-5.18
395,0.04,-0.2,0.97,-4.05,5.77,-6.33
396,0.05,-0.2,0.98,-4.44,7.76,-8.83
397,0.03,-0.21,0.97,-4.37,6.99,-13.43
398,0.02,-0.21,0.98,-3.02,3.12,-15.76
399,-0.02,-0.22,0.97,-2.67,-0.84,-19.18
