,accel_x,accel_y,accel_z,gyro_x,gyro_y,gyro_z
0,-0.15,-0.48,0.88,0.26,-6.3,-4.72
1,-0.11,-0.45,0.87,2.21,-9.33,-2.15
2,-0.08,-0.42,0.86,0.76,-6.05,-4.5
3,-0.06,-0.42,0.88,-0.76,-1.61,-5.51
4,-0.07,-0.45,0.9,-0.64,2.53,-5.89
5,-0.09,-0.46,0.89,1.28,4.01,-5.58
6,-0.09,-0.45,0.88,3.05,3.83,-6.05
7,-0.1,-0.44,0.87,3.4,2.37,-5.41
8,-0.13,-0.44,0.86,2.9,2.39,-4.78
9,-0.15,-0.44,0.85,3.0,0.66,-4.45
10,-0.15,-0.42,0.85,2.56,-3.01,-3.61
11,-0.14,-0.42,0.84,1.27,-4.62,-2.4
12,-0.11,-0.4,0.84,-0.46,-4.91,-1.57
13,-0.1,-0.4,0.84,-2.3,-6.4,-1.02
14,-0.11,-0.41,0.86,-3.37,-5.25,-1.21
15,-0.1,-0.42,0.87,-1.76,-7.73,0.77
16,-0.07,-0.4,0.87,-0.87,-9.08,0.73
17,-0.05,-0.4,0.88,-0.46,-8.68,-0.53
18,-0.04,-0.4,0.88,-0.57,-7.45,-3.48
19,-0.03,-0.4,0.89,-1.18,-6.66,-5.58
20,-0.06,-0.43,0.9,-1.05,-6.56,-6.63
21,-0.07,-0.44,0.9,0.74,-8.43,-5.68
22,-0.08,-0.44,0.9,1.34,-10.02,-2.71
23,-0.07,-0.43,0.9,-0.23,-9.35,-1.11
24,-0.06,-0.43,0.89,-1.48,-7.13,2.41
25,-0.06,-0.44,0.89,-2.9,-6.58,3.67
26,-0.03,-0.42,0.89,-3.78,-7.3,3.56
27,-0.04,-0.42,0.88,-4.58,-5.37,2.41
28,-0.05,-0.43,0.89,-4.13,-3.31,0.35
29,-0.04,-0.42,0.88,-3.57,-5.12,1.63
30,-0.06,-0.42,0.9,-2.47,-4.8,3.42
31,-0.06,-0.43,0.89,-1.96,-5.44,2.94
32,-0.06,-0.42,0.88,-1.76,-5.81,4.02
33,-0.04,-0.41,0.88,-2.47,-6.76,4.95
34,-0.03,-0.41,0.88,-4.29,-4.32,5.04
35,-0.03,-0.42,0.86,-5.0,-2.6,4.98
36,-0.03,-0.42,0.88,-6.65,-1.13,5.97
37,-0.04,-0.42,0.87,-8.18,0.23,8.79
38,-0.05,-0.42,0.87,-9.19,1.19,9.34
39,-0.04,-0.41,0.86,-9.63,1.64,7.32
40,-0.03,-0.41,0.87,-9.5,0.89,3.98
41,-0.04,-0.43,0.88,-8.47,-1.05,-1.79
42,-0.06,-0.46,0.88,-5.96,-3.6,-8.01
43,-0.07,-0.48,0.88,-2.03,-7.63,-11.82
44,-0.07,-0.48,0.9,0.49,-9.86,-10.77
45,-0.05,-0.46,0.89,-0.28,-6.82,-9.98
46,-0.05,-0.45,0.9,-1.71,-3.79,-9.01
47,-0.06,-0.44,0.9,-2.97,-0.7,-8.66
48,-0.06,-0.45,0.9,-3.81,0.43,-4.53
49,-0.06,-0.45,0.89,-4.28,2.11,-2.66
50,-0.07,-0.45,0.89,-3.85,3.05,-3.52
51,-0.08,-0.45,0.9,-2.31,1.21,-5.44
52,-0.08,-0.44,0.89,-1.23,0.36,-6.75
53,-0.08,-0.43,0.88,-1.89,1.0,-8.47
54,-0.07,-0.42,0.88,-2.17,0.69,-8.87
55,-0.06,-0.43,0.89,-2.5,0.58,-7.9
56,-0.08,-0.43,0.87,-3.15,1.98,-7.37
57,-0.09,-0.43,0.88,-3.46,2.48,-6.25
58,-0.09,-0.45,0.88,-3.07,0.83,-5.73
59,-0.1,-0.44,0.88,-2.36,0.66,-6.08
60,-0.1,-0.44,0.87,-1.53,-0.69,-5.19
61,-0.08,-0.43,0.87,-1.61,-2.28,-4.73
62,-0.05,-0.43,0.87,-2.06,-2.96,-4.93
63,-0.04,-0.42,0.88,-2.8,-1.27,-6.43
64,-0.04,-0.43,0.89,-2.82,-0.85,-8.25
65,-0.06,-0.44,0.89,-2.4,-1.69,-8.81
66,-0.05,-0.43,0.89,-2.33,-1.12,-9.22
67,-0.05,-0.43,0.9,-1.71,-1.21,-10.92
68,-0.05,-0.43,0.9,-1.02,-0.85,-11.11
69,-0.04,-0.43,0.9,-1.75,0.24,-9.18
70,-0.04,-0.43,0.89,-3.44,1.79,-7.23
71,-0.05,-0.44,0.89,-4.16,3.02,-5.26
72,-0.05,-0.45,0.9,-4.64,3.54,-5.07
73,-0.05,-0.45,0.9,-3.98,2.79,-4.19
74,-0.06,-0.45,0.9,-2.79,1.92,-5.4
75,-0.07,-0.46,0.89,-1.04,0.27,-5.14
76,-0.07,-0.45,0.89,-0.62,-1.18,-3.44
77,-0.05,-0.45,0.89,-1.34,0.66,-3.26
78,-0.05,-0.45,0.88,-1.36,1.08,-2.56
79,-0.07,-0.44,0.89,-1.52,0.67,-2.31
80,-0.06,-0.44,0.89,-1.25,-0.11,-2.24
81,-0.05,-0.45,0.88,-1.18,-1.22,-2.85
82,-0.05,-0.44,0.89,-1.23,-2.25,-2.98
83,-0.05,-0.43,0.88,-1.39,-1.68,-3.21
84,-0.04,-0.43,0.89,-1.91,-1.38,-4.0
85,-0.04,-0.42,0.88,-2.55,-2.47,-4.29
86,-0.04,-0.43,0.88,-3.0,-2.4,-3.24
87,-0.05,-0.43,0.89,-3.2,-1.54,-2.88
88,-0.06,-0.44,0.89,-2.98,-2.02,-2.47
89,-0.05,-0.44,0.87,-3.13,-3.04,-2.66
90,-0.04,-0.42,0.89,-3.02,-3.36,-2.98
91,-0.03,-0.42,0.88,-4.05,-1.79,-4.05
92,-0.02,-0.42,0.9,-3.71,-0.51,-5.18
93,-0.01,-0.43,0.89,-3.03,-0.23,-6.66
94,-0.02,-0.43,0.89,-3.21,1.07,-7.18
95,0.0,-0.42,0.89,-2.69,1.51,-8.02
96,-0.01,-0.42,0.89,-3.26,3.5,-8.79
97,-0.02,-0.42,0.88,-3.6,4.08,-10.21
98,-0.06,-0.43,0.88,-3.23,4.48,-10.73
99,-0.05,-0.44,0.89,-3.73,5.1,-10.63
100,-0.07,-0.44,0.87,-4.27,4.5,-9.09
101,-0.08,-0.44,0.87,-4.64,4.44,-8.65
102,-0.08,-0.44,0.87,-5.23,3.36,-6.76
103,-0.07,-0.45,0.88,-5.37,1.92,-5.86
104,-0.07,-0.45,0.88,-4.79,1.21,-5.64
105,-0.07,-0.45,0.88,-3.35,0.05,-6.6
106,-0.05,-0.44,0.88,-2.46,-1.25,-7.78
107,-0.04,-0.44,0.89,-1.82,-0.31,-8.82
108,-0.04,-0.44,0.88,-2.25,0.45,-10.47
109,-0.04,-0.43,0.88,-3.2,2.87,-9.58
110,-0.04,-0.44,0.87,-3.81,3.73,-8.03
111,-0.05,-0.44,0.87,-4.39,3.67,-7.33
112,-0.06,-0.44,0.87,-5.27,2.28,-7.92
113,-0.06,-0.45,0.87,-4.79,0.53,-8.49
114,-0.06,-0.46,0.88,-3.97,-0.07,-8.85
115,-0.04,-0.46,0.88,-3.35,-0.12,-8.83
116,-0.03,-0.44,0.88,-3.46,1.15,-7.52
117,-0.02,-0.42,0.88,-4.4,2.24,-8.4
118,-0.01,-0.41,0.85,-5.73,4.89,-9.59
119,-0.04,-0.42,0.88,-6.64,5.24,-9.2
120,-0.05,-0.43,0.88,-7.66,5.83,-9.55
121,-0.04,-0.42,0.88,-8.24,5.75,-9.02
122,-0.05,-0.44,0.89,-8.51,6.17,-8.76
123,-0.06,-0.45,0.89,-7.77,5.84,-8.89
124,-0.09,-0.46,0.88,-7.37,5.4,-9.08
125,-0.1,-0.49,0.89,-6.44,4.68,-7.71
126,-0.1,-0.5,0.89,-4.73,2.22,-8.63
127,-0.12,-0.5,0.88,-3.81,1.22,-9.24
128,-0.13,-0.48,0.88,-3.96,0.38,-7.71
129,-0.13,-0.49,0.88,-4.98,0.26,-5.95
130,-0.17,-0.48,0.86,-7.08,1.01,-6.08
131,-0.19,-0.48,0.87,-9.53,2.31,-6.56
132,-0.2,-0.48,0.86,-12.12,3.89,-6.63
133,-0.24,-0.51,0.87,-14.07,7.44,-8.36
134,-0.3,-0.55,0.86,-14.95,9.4,-10.15
135,-0.38,-0.6,0.84,-16.05,10.92,-8.92
136,-0.45,-0.66,0.81,-17.24,11.69,-6.48
137,-0.52,-0.71,0.8,-16.33,11.74,-3.34
138,-0.59,-0.75,0.75,-13.81,8.5,1.44
139,-0.65,-0.77,0.73,-12.14,3.63,6.01
140,-0.71,-0.74,0.71,-11.92,-1.37,11.89
141,-0.72,-0.68,0.7,-15.5,-6.71,19.74
142,-0.67,-0.63,0.69,-28.53,-3.74,28.76
143,-0.58,-0.61,0.73,-44.4,4.24,36.29
144,-0.49,-0.62,0.78,-57.6,17.53,35.33
145,-0.5,-0.72,0.81,-61.29,32.01,26.92
146,-0.64,-0.85,0.85,-52.37,37.63,18.82
147,-0.76,-0.98,0.85,-35.31,33.42,16.52
148,-0.92,-1.11,0.8,-12.75,21.39,25.97
149,-1.07,-1.12,0.76,4.75,0.1,41.51
150,-1.14,-1.0,0.7,15.65,-28.93,71.18
151,-0.96,-0.78,0.67,17.92,-59.92,101.9
152,-0.61,-0.53,0.64,15.95,-75.95,120.79
153,-0.37,-0.36,0.47,-3.5,-96.58,112.29
154,-0.01,-0.27,0.69,-12.4,-86.72,107.45
155,0.1,-0.39,0.84,-11.9,-75.61,104.11
156,0.11,-0.43,0.79,-15.79,-74.65,105.74
157,0.12,-0.43,0.78,-13.07,-62.47,113.38
158,0.18,-0.43,0.79,-18.72,-67.69,116.39
159,0.16,-0.41,0.76,-17.02,-76.42,104.62
160,0.39,-0.42,0.87,-7.27,-80.13,97.83
161,0.48,-0.42,0.8,-13.85,-91.24,90.39
162,0.54,-0.45,0.92,-23.77,-83.47,80.65
163,0.58,-0.53,0.97,-23.67,-73.12,80.27
164,0.7,-0.55,0.89,-24.9,-51.84,82.81
165,0.73,-0.55,0.97,-42.97,-30.24,90.93
166,0.67,-0.57,0.97,-49.08,-3.04,90.24
167,0.52,-0.6,0.93,-48.01,12.58,88.32
168,0.39,-0.62,0.87,-37.58,8.93,79.21
169,0.3,-0.64,0.85,-19.15,-4.45,63.23
170,0.32,-0.62,0.81,1.22,-20.18,45.18
171,0.31,-0.58,0.78,15.05,-25.15,32.94
172,0.32,-0.51,0.74,18.17,-28.09,28.73
173,0.35,-0.45,0.73,14.55,-26.77,27.37
174,0.34,-0.4,0.73,8.5,-24.19,24.47
175,0.39,-0.37,0.76,0.4,-22.69,24.0
176,0.38,-0.36,0.8,-5.62,-15.15,23.98
177,0.36,-0.37,0.81,-10.82,-9.9,21.56
178,0.28,-0.38,0.84,-12.7,-8.11,17.18
179,0.22,-0.41,0.85,-11.62,-7.08,14.78
180,0.2,-0.46,0.88,-7.47,-11.44,12.05
181,0.2,-0.49,0.91,-1.53,-14.34,7.62
182,0.23,-0.48,0.93,-0.05,-13.73,8.86
183,0.28,-0.44,0.96,0.08,-11.52,5.93
184,0.28,-0.41,0.97,3.18,-7.1,-1.2
185,0.25,-0.4,0.98,7.39,-9.05,-8.67
186,0.2,-0.39,0.97,10.47,-9.9,-11.52
187,0.2,-0.37,0.95,12.24,-8.28,-14.56
188,0.21,-0.35,0.91,9.68,-5.18,-17.43
189,0.14,-0.36,0.9,4.41,0.85,-17.86
190,0.07,-0.39,0.88,-0.22,2.47,-14.5
191,0.05,-0.41,0.88,-2.4,1.63,-12.78
192,0.05,-0.42,0.89,-2.46,-1.03,-14.56
193,0.06,-0.43,0.9,-2.25,-2.09,-15.18
194,0.09,-0.44,0.92,-1.21,-1.08,-15.83
195,0.11,-0.45,0.94,-0.28,2.09,-17.82
196,0.08,-0.45,0.93,2.12,2.98,-22.99
197,0.08,-0.46,0.91,2.63,2.72,-27.79
198,0.06,-0.46,0.89,0.73,5.74,-29.31
199,0.03,-0.49,0.9,-1.47,8.69,-27.41
200,0.0,-0.5,0.87,-3.44,10.05,-26.04
201,0.01,-0.5,0.88,-4.39,10.31,-26.51
202,0.01,-0.5,0.89,-4.07,10.17,-27.82
203,-0.0,-0.51,0.87,-3.24,9.52,-29.17
204,-0.0,-0.5,0.88,-2.1,8.52,-27.97
205,-0.02,-0.49,0.88,-3.95,11.21,-28.01
206,-0.01,-0.49,0.86,-5.35,14.66,-27.37
207,-0.06,-0.49,0.85,-6.25,16.8,-25.77
208,-0.09,-0.51,0.86,-5.58,16.4,-24.21
209,-0.1,-0.53,0.87,-1.92,11.08,-22.09
210,-0.06,-0.51,0.85,-1.23,9.26,-21.27
211,-0.04,-0.51,0.86,-4.26,12.45,-19.92
212,-0.06,-0.52,0.87,-4.25,12.05,-18.56
213,-0.06,-0.52,0.87,-2.3,9.35,-18.92
214,-0.04,-0.49,0.87,-1.57,8.04,-22.31
215,-0.03,-0.49,0.86,-1.6,12.98,-25.72
216,-0.06,-0.51,0.88,-1.18,16.78,-25.8
217,-0.1,-0.54,0.88,-0.6,17.46,-24.62
218,-0.1,-0.55,0.88,1.42,17.2,-22.82
219,-0.09,-0.56,0.87,6.12,14.47,-20.8
220,-0.06,-0.55,0.87,6.95,15.02,-21.59
221,-0.04,-0.52,0.87,7.82,15.76,-19.3
222,-0.05,-0.5,0.85,7.35,19.98,-19.38
223,-0.07,-0.49,0.85,5.81,23.44,-20.7
224,-0.1,-0.48,0.84,3.78,27.02,-19.9
225,-0.13,-0.47,0.83,2.59,26.11,-17.36
226,-0.14,-0.48,0.81,1.89,23.42,-17.95
227,-0.12,-0.48,0.82,1.75,22.7,-17.37
228,-0.11,-0.5,0.82,1.9,20.41,-16.76
229,-0.1,-0.5,0.84,3.11,17.51,-16.82
230,-0.07,-0.48,0.85,4.89,14.82,-19.0
231,-0.06,-0.47,0.86,7.29,15.92,-22.09
232,-0.07,-0.46,0.84,8.75,19.5,-23.47
233,-0.08,-0.44,0.84,6.74,22.3,-22.45
234,-0.09,-0.45,0.83,5.92,23.48,-22.6
235,-0.14,-0.45,0.82,5.95,23.2,-24.06
236,-0.14,-0.45,0.82,5.44,20.39,-24.48
237,-0.12,-0.47,0.81,5.47,19.05,-25.76
238,-0.1,-0.49,0.83,6.98,17.73,-26.42
239,-0.1,-0.49,0.84,7.16,17.69,-24.76
240,-0.1,-0.47,0.82,6.05,19.37,-23.53
241,-0.12,-0.46,0.82,4.27,18.83,-23.23
242,-0.11,-0.44,0.82,3.33,18.11,-23.41
243,-0.12,-0.44,0.83,1.97,18.3,-23.99
244,-0.12,-0.46,0.83,2.41,17.54,-25.08
245,-0.12,-0.47,0.83,2.21,17.47,-24.35
246,-0.11,-0.46,0.84,1.08,19.19,-22.38
247,-0.12,-0.47,0.83,2.26,20.02,-22.03
248,-0.14,-0.46,0.82,2.55,18.7,-23.87
249,-0.13,-0.42,0.82,1.95,18.59,-24.11
250,-0.15,-0.42,0.81,0.05,19.35,-24.92
251,-0.15,-0.42,0.8,-2.1,19.98,-26.02
252,-0.13,-0.42,0.81,-4.24,20.56,-26.64
253,-0.15,-0.45,0.82,-3.56,20.31,-28.6
254,-0.15,-0.48,0.81,-1.34,17.98,-30.01
255,-0.14,-0.49,0.82,1.1,14.97,-30.84
256,-0.14,-0.49,0.81,0.69,11.5,-28.48
257,-0.13,-0.48,0.8,-1.03,14.11,-24.24
258,-0.11,-0.47,0.81,-5.55,18.07,-22.32
259,-0.13,-0.49,0.81,-8.29,22.31,-20.62
260,-0.16,-0.51,0.81,-7.18,21.95,-20.18
261,-0.16,-0.52,0.8,-4.66,19.5,-22.41
262,-0.14,-0.52,0.8,-2.21,18.11,-25.52
263,-0.15,-0.5,0.79,-1.45,16.6,-26.74
264,-0.16,-0.48,0.79,-1.98,16.07,-26.0
265,-0.17,-0.48,0.79,-4.89,16.09,-26.15
266,-0.18,-0.49,0.8,-6.89,13.76,-26.44
267,-0.19,-0.49,0.81,-6.48,10.85,-25.71
268,-0.19,-0.52,0.83,-5.82,9.92,-24.05
269,-0.17,-0.51,0.84,-4.33,9.49,-23.44
270,-0.17,-0.52,0.85,-0.86,7.19,-25.25
271,-0.19,-0.54,0.86,2.31,4.84,-25.95
272,-0.19,-0.53,0.85,5.08,2.4,-26.61
273,-0.17,-0.5,0.85,4.98,0.03,-26.48
274,-0.15,-0.49,0.87,5.83,1.31,-26.58
275,-0.13,-0.49,0.86,5.53,2.23,-28.15
276,-0.11,-0.48,0.86,5.07,2.2,-29.02
277,-0.1,-0.47,0.86,5.16,2.55,-30.57
278,-0.1,-0.47,0.87,4.79,3.3,-31.51
279,-0.11,-0.45,0.88,3.27,4.11,-31.24
280,-0.12,-0.47,0.88,1.52,5.92,-30.17
281,-0.11,-0.47,0.87,-0.7,8.0,-27.79
282,-0.11,-0.48,0.86,-2.67,10.08,-27.15
283,-0.13,-0.51,0.88,-2.44,10.9,-27.84
284,-0.14,-0.51,0.87,-1.9,9.49,-29.29
285,-0.12,-0.49,0.87,-0.83,8.98,-29.76
286,-0.1,-0.49,0.88,-0.56,8.83,-32.11
287,-0.13,-0.5,0.86,-1.33,11.68,-34.5
288,-0.15,-0.53,0.89,-1.83,13.44,-33.75
289,-0.16,-0.53,0.87,-2.52,15.4,-30.23
290,-0.17,-0.54,0.86,-2.89,18.1,-27.16
291,-0.19,-0.56,0.85,-1.28,16.99,-26.13
292,-0.21,-0.56,0.84,1.45,13.36,-24.74
293,-0.2,-0.55,0.83,2.4,11.07,-23.31
294,-0.19,-0.54,0.82,2.62,9.32,-21.73
295,-0.17,-0.53,0.81,2.88,7.43,-18.6
296,-0.16,-0.52,0.81,1.03,6.78,-15.85
297,-0.13,-0.5,0.79,-1.32,5.44,-14.77
298,-0.1,-0.48,0.77,-5.03,8.05,-14.05
299,-0.11,-0.47,0.77,-10.18,12.26,-13.04
300,-0.15,-0.47,0.75,-12.27,12.17,-8.85
301,-0.17,-0.45,0.75,-14.15,10.95,-7.21
302,-0.17,-0.45,0.76,-16.92,7.79,-3.13
303,-0.17,-0.47,0.76,-18.89,6.04,-2.08
304,-0.14,-0.48,0.77,-20.2,4.98,-5.18
305,-0.14,-0.52,0.77,-19.77,1.81,-8.44
306,-0.09,-0.55,0.78,-13.4,6.31,-16.26
307,-0.13,-0.56,0.83,-12.7,4.15,-15.05
308,-0.13,-0.58,0.85,-9.53,4.09,-14.63
309,-0.12,-0.57,0.85,-8.95,8.59,-15.88
310,-0.14,-0.57,0.85,-11.92,13.26,-13.23
311,-0.18,-0.58,0.84,-12.63,14.56,-9.06
312,-0.2,-0.58,0.84,-11.23,14.11,-6.24
313,-0.18,-0.56,0.85,-10.75,14.52,-6.17
314,-0.18,-0.55,0.83,-9.07,13.57,-7.14
315,-0.18,-0.55,0.83,-7.02,12.54,-8.34
316,-0.2,-0.55,0.82,-6.69,12.42,-8.92
317,-0.21,-0.54,0.82,-6.09,10.28,-8.77
318,-0.22,-0.53,0.8,-4.44,5.86,-10.88
319,-0.24,-0.54,0.79,-5.32,2.62,-10.98
320,-0.23,-0.54,0.8,-5.4,0.3,-8.14
321,-0.24,-0.55,0.8,-4.94,-1.81,-6.67
322,-0.23,-0.55,0.8,-4.54,-3.11,-6.16
323,-0.22,-0.55,0.81,-3.77,-4.74,-5.31
324,-0.21,-0.55,0.81,-1.51,-6.53,-3.63
325,-0.2,-0.56,0.81,-0.98,-6.21,-3.05
326,-0.18,-0.53,0.79,-1.57,-4.44,-4.02
327,-0.18,-0.52,0.8,-3.24,-3.15,-4.43
328,-0.18,-0.52,0.79,-4.3,-1.13,-5.63
329,-0.19,-0.53,0.79,-4.44,-3.05,-7.26
330,-0.2,-0.53,0.79,-5.01,-4.66,-5.73
331,-0.2,-0.54,0.79,-5.66,-5.09,-3.59
332,-0.18,-0.53,0.8,-7.38,-4.42,-1.16
333,-0.18,-0.53,0.8,-9.36,-3.61,0.34
334,-0.19,-0.55,0.81,-9.34,-4.54,1.53
335,-0.21,-0.57,0.82,-7.59,-7.76,5.12
336,-0.2,-0.59,0.83,-6.08,-9.73,7.88
337,-0.16,-0.59,0.83,-5.56,-10.77,7.76
338,-0.12,-0.58,0.84,-5.25,-10.02,5.2
339,-0.11,-0.59,0.86,-3.24,-9.73,1.85
340,-0.14,-0.61,0.87,0.01,-9.82,0.37
341,-0.16,-0.61,0.86,2.74,-9.05,1.33
342,-0.15,-0.58,0.84,2.95,-7.89,2.75
343,-0.15,-0.56,0.84,3.11,-7.08,4.79
344,-0.16,-0.56,0.84,2.7,-6.11,5.98
345,-0.16,-0.54,0.83,2.91,-6.44,8.18
346,-0.14,-0.53,0.83,2.8,-7.63,9.19
347,-0.12,-0.51,0.83,1.4,-7.07,10.04
348,-0.11,-0.5,0.83,-0.05,-5.53,9.82
349,-0.11,-0.5,0.82,-0.78,-5.36,9.26
350,-0.1,-0.49,0.82,-2.47,-3.85,8.03
351,-0.1,-0.48,0.82,-3.07,-2.83,6.18
352,-0.12,-0.5,0.83,-3.23,-3.33,3.65
353,-0.12,-0.5,0.82,-2.67,-6.47,3.36
354,-0.13,-0.5,0.82,-3.29,-6.96,3.12
355,-0.13,-0.52,0.81,-4.23,-7.4,1.76
356,-0.14,-0.54,0.82,-4.37,-9.63,2.01
357,-0.14,-0.55,0.83,-3.71,-11.98,5.26
358,-0.14,-0.56,0.82,-2.5,-13.69,8.57
359,-0.15,-0.57,0.82,-2.07,-16.07,10.74
360,-0.14,-0.55,0.82,-3.34,-16.68,15.05
361,-0.12,-0.55,0.82,-4.74,-16.94,20.02
362,-0.11,-0.55,0.82,-6.13,-15.24,21.3
363,-0.09,-0.54,0.83,-7.11,-14.74,21.82
364,-0.08,-0.53,0.84,-7.24,-14.07,22.47
365,-0.09,-0.54,0.83,-6.88,-13.81,22.27
366,-0.09,-0.53,0.82,-5.73,-13.95,22.29
367,-0.08,-0.52,0.83,-5.47,-14.66,21.44
368,-0.05,-0.51,0.83,-6.9,-14.06,19.07
369,-0.04,-0.49,0.83,-8.33,-10.38,15.47
370,-0.06,-0.51,0.84,-7.51,-7.14,10.5
371,-0.07,-0.52,0.84,-6.29,-4.53,7.6
372,-0.04,-0.52,0.86,-3.96,-1.92,6.11
373,-0.02,-0.51,0.86,-2.1,1.44,3.76
374,-0.05,-0.5,0.85,-1.79,5.83,1.75
375,-0.08,-0.5,0.84,-1.81,8.5,1.05
376,-0.08,-0.51,0.83,-2.92,11.11,-1.34
377,-0.1,-0.52,0.82,-3.25,12.27,-1.91
378,-0.13,-0.53,0.82,-3.04,11.55,-3.28
379,-0.15,-0.54,0.82,-2.51,10.34,-3.59
380,-0.16,-0.53,0.81,-2.55,9.74,-3.03
381,-0.17,-0.53,0.81,-2.68,8.47,-3.07
382,-0.17,-0.54,0.81,-3.15,7.6,-3.28
383,-0.18,-0.53,0.81,-4.18,6.43,-4.74
384,-0.18,-0.54,0.82,-4.16,5.68,-5.2
385,-0.18,-0.55,0.82,-3.07,4.07,-3.34
386,-0.19,-0.54,0.81,-2.89,4.14,-2.53
387,-0.19,-0.54,0.81,-2.66,4.77,-2.59
388,-0.19,-0.54,0.8,-2.27,5.27,-3.76
389,-0.21,-0.54,0.8,-2.02,4.69,-4.97
390,-0.21,-0.55,0.82,-0.64,4.73,-5.62
391,-0.2,-0.54,0.82,1.1,3.25,-6.82
392,-0.18,-0.53,0.81,-0.57,3.33,-8.56
393,-0.18,-0.51,0.8,1.91,0.73,-7.69
394,-0.16,-0.49,0.79,0.71,-0.77,-9.05
395,-0.16,-0.49,0.78,0.38,-3.47,-9.51
396,-0.15,-0.49,0.8,-0.62,-4.89,-10.31
397,-0.13,-0.5,0.8,-1.66,-6.45,-12.69
398,-0.11,-0.5,0.79,-0.35,-8.95,-12.04
399,-0.08,-0.61,0.7,25.53,-37.94,22.21
