,accel_x,accel_y,accel_z,gyro_x,gyro_y,gyro_z
0,-0.12,-0.4,0.92,-6.23,-6.2,-24.98
1,-0.11,-0.4,0.93,-2.05,-11.69,-23.44
2,-0.1,-0.4,0.94,2.66,-15.51,-18.96
3,-0.11,-0.41,0.94,7.63,-18.72,-15.6
4,-0.12,-0.39,0.94,10.94,-20.44,-13.69
5,-0.1,-0.37,0.93,12.85,-21.48,-12.69
6,-0.09,-0.36,0.94,13.97,-23.56,-9.95
7,-0.09,-0.34,0.94,16.25,-27.32,-8.53
8,-0.06,-0.34,0.94,18.69,-29.5,-5.97
9,-0.05,-0.33,0.95,19.66,-30.29,-5.86
10,-0.08,-0.34,0.93,19.66,-31.71,-6.63
11,-0.07,-0.34,0.94,21.99,-35.03,-10.98
12,-0.11,-0.32,0.92,23.6,-41.63,-16.49
13,-0.1,-0.32,0.91,24.34,-52.36,-19.54
14,-0.05,-0.32,0.9,29.85,-53.93,-16.58
15,0.01,-0.34,0.87,28.98,-64.59,-25.35
16,0.02,-0.31,0.96,26.29,-63.79,-20.19
17,0.02,-0.31,0.95,22.31,-54.84,-17.37
18,0.02,-0.3,0.95,18.87,-50.11,-14.55
19,0.01,-0.3,0.95,19.98,-47.36,-5.58
20,-0.02,-0.31,0.93,22.03,-51.04,-0.38
21,-0.01,-0.29,0.94,21.63,-48.11,6.06
22,0.06,-0.28,0.95,23.63,-37.6,11.05
23,0.03,-0.24,0.91,19.75,-38.68,10.56
24,0.06,-0.25,0.89,14.13,-36.82,7.67
25,0.09,-0.23,0.9,8.27,-22.59,5.57
26,0.08,-0.22,0.89,3.29,-17.16,5.75
27,0.07,-0.24,0.9,-0.42,-13.96,3.79
28,0.06,-0.26,0.9,-5.21,-11.13,-0.89
29,0.08,-0.28,0.91,-9.28,-7.23,-2.56
30,0.07,-0.31,0.95,-10.4,-4.63,-3.4
31,0.07,-0.32,0.96,-10.51,-3.91,-6.55
32,0.07,-0.33,0.98,-10.5,-1.79,-7.57
33,0.09,-0.34,1.0,-10.34,3.82,-4.39
34,0.07,-0.33,1.0,-10.13,10.82,0.27
35,0.06,-0.32,0.98,-12.04,17.05,1.82
36,0.07,-0.29,0.97,-14.63,21.5,3.99
37,0.04,-0.29,0.97,-15.08,22.21,6.41
38,0.03,-0.27,0.97,-17.41,23.42,5.54
39,0.03,-0.3,0.98,-12.56,16.49,7.01
40,0.04,-0.28,0.97,-10.95,14.23,4.61
41,0.07,-0.28,0.96,-11.5,15.66,4.32
42,0.05,-0.27,0.95,-11.92,15.88,5.08
43,0.02,-0.29,0.96,-7.85,11.85,4.18
44,0.03,-0.29,0.95,-4.43,5.43,1.0
45,0.06,-0.28,0.93,-2.7,0.64,-0.13
46,0.05,-0.28,0.93,-3.73,-1.19,-2.56
47,0.06,-0.29,0.94,-3.34,-3.51,-1.92
48,0.06,-0.31,0.95,-1.97,-4.82,-0.3
49,0.07,-0.33,0.96,-1.08,-4.79,0.24
50,0.07,-0.34,0.96,0.29,-4.54,1.8
51,0.07,-0.33,0.96,0.23,-3.11,1.47
52,0.05,-0.32,0.96,0.88,-1.72,0.81
53,0.05,-0.32,0.95,0.69,-2.24,-1.66
54,0.02,-0.31,0.94,0.65,-3.35,-2.5
55,0.02,-0.31,0.94,0.92,-4.13,-1.74
56,0.02,-0.3,0.94,1.75,-5.07,-2.99
57,0.0,-0.31,0.94,2.78,-5.03,-3.83
58,0.0,-0.29,0.94,2.22,-4.45,-4.35
59,0.0,-0.29,0.93,1.31,-4.01,-4.47
60,0.0,-0.28,0.93,-0.36,-4.45,-2.82
61,0.0,-0.28,0.93,-0.53,-2.86,-0.23
62,0.02,-0.27,0.92,-0.73,-1.68,2.63
63,0.02,-0.26,0.92,-2.32,-0.05,1.79
64,0.03,-0.27,0.91,-3.84,0.69,-0.5
65,0.03,-0.27,0.92,-4.59,0.63,-2.67
66,0.04,-0.25,0.93,-5.26,0.36,-4.62
67,0.04,-0.26,0.92,-5.34,-1.02,-6.24
68,0.05,-0.26,0.92,-6.53,-2.76,-7.06
69,0.05,-0.26,0.92,-7.53,-0.86,-9.13
70,0.06,-0.27,0.94,-7.98,-0.49,-9.78
71,0.07,-0.27,0.94,-8.18,0.54,-10.27
72,0.06,-0.27,0.95,-7.79,0.76,-9.77
73,0.05,-0.27,0.93,-7.97,-0.34,-10.82
74,0.06,-0.28,0.94,-8.02,-0.84,-11.39
75,0.06,-0.29,0.95,-8.18,-0.03,-10.63
76,0.08,-0.29,0.95,-7.88,1.83,-9.82
77,0.08,-0.29,0.95,-7.55,3.76,-9.56
78,0.07,-0.29,0.94,-7.56,4.63,-10.17
79,0.09,-0.29,0.94,-7.15,4.52,-9.86
80,0.07,-0.29,0.94,-6.86,5.07,-9.89
81,0.06,-0.28,0.94,-6.05,2.96,-9.56
82,0.06,-0.29,0.93,-6.51,2.89,-9.6
83,0.06,-0.29,0.94,-6.28,2.0,-10.75
84,0.06,-0.3,0.93,-4.47,3.57,-9.71
85,0.06,-0.29,0.93,-4.5,0.91,-8.31
86,0.06,-0.29,0.94,-4.79,1.54,-8.47
87,0.05,-0.29,0.95,-6.38,-0.7,-8.08
88,0.1,-0.31,0.94,-6.87,2.84,-7.95
89,0.11,-0.32,0.96,-6.79,6.79,-6.28
90,0.08,-0.33,0.96,-6.25,6.1,-6.56
91,0.06,-0.33,0.97,-5.53,6.52,-7.8
92,0.08,-0.33,0.97,-4.74,7.06,-8.07
93,0.07,-0.33,0.96,-3.85,7.84,-9.29
94,0.04,-0.34,0.95,-4.1,6.87,-10.73
95,0.03,-0.34,0.97,-4.11,4.37,-9.42
96,0.02,-0.34,0.95,-4.21,4.08,-9.18
97,0.01,-0.34,0.96,-4.88,3.02,-9.08
98,0.01,-0.34,0.95,-5.62,4.67,-8.89
99,0.01,-0.35,0.96,-5.58,6.5,-9.37
100,-0.0,-0.34,0.95,-5.9,8.2,-10.86
101,-0.02,-0.34,0.95,-4.59,6.19,-9.76
102,-0.03,-0.34,0.94,-4.41,4.86,-9.39
103,-0.03,-0.34,0.94,-3.95,4.04,-9.08
104,-0.04,-0.34,0.92,-3.63,2.18,-8.76
105,-0.03,-0.34,0.93,-3.66,0.17,-7.17
106,-0.04,-0.33,0.92,-4.31,0.53,-6.68
107,-0.03,-0.34,0.93,-4.17,0.59,-4.86
108,-0.04,-0.34,0.93,-4.05,0.74,-3.78
109,-0.03,-0.33,0.92,-4.09,0.11,-2.12
110,-0.01,-0.32,0.92,-4.95,-1.15,-1.04
111,-0.01,-0.32,0.93,-5.63,-0.66,-1.93
112,-0.01,-0.32,0.94,-5.31,-0.55,-2.11
113,0.01,-0.3,0.94,-5.07,-1.4,-1.82
114,0.03,-0.3,0.94,-5.12,-1.36,-2.43
115,0.04,-0.3,0.95,-5.56,-0.01,-2.65
116,0.03,-0.3,0.94,-5.17,1.26,-3.55
117,0.01,-0.3,0.94,-4.62,0.64,-3.84
118,0.02,-0.3,0.93,-5.09,-1.31,-4.5
119,0.02,-0.3,0.93,-5.92,-2.0,-5.18
120,0.02,-0.31,0.93,-6.53,-1.49,-5.65
121,0.01,-0.31,0.92,-7.95,0.37,-6.79
122,0.0,-0.32,0.92,-8.72,-0.26,-6.5
123,-0.01,-0.32,0.92,-9.92,-1.15,-7.17
124,-0.01,-0.32,0.92,-12.03,-0.56,-8.22
125,0.01,-0.33,0.93,-12.45,1.06,-8.21
126,-0.0,-0.33,0.93,-10.85,0.48,-6.0
127,-0.01,-0.33,0.93,-10.08,-0.86,-6.34
128,-0.01,-0.32,0.93,-9.92,-2.77,-7.03
129,-0.02,-0.31,0.91,-11.13,-3.11,-7.57
130,-0.04,-0.3,0.92,-14.31,-3.22,-8.52
131,-0.05,-0.31,0.91,-18.97,-0.63,-11.4
132,-0.09,-0.33,0.94,-22.92,-1.68,-10.56
133,-0.13,-0.37,0.96,-25.57,0.79,-12.42
134,-0.16,-0.4,0.97,-27.95,-0.48,-13.54
135,-0.23,-0.42,0.98,-29.33,0.29,-16.86
136,-0.32,-0.44,0.98,-30.48,-3.06,-19.8
137,-0.53,-0.5,0.97,-30.53,-14.56,-28.37
138,-0.73,-0.58,0.93,-32.36,-28.44,-43.6
139,-0.97,-0.68,0.96,-25.54,-51.88,-49.14
140,-1.21,-0.81,1.0,-12.31,-79.45,-46.04
141,-1.27,-0.85,1.01,-0.97,-95.12,-26.01
142,-1.27,-0.85,0.95,-5.09,-86.63,6.31
143,-1.27,-0.87,0.92,-21.06,-64.82,44.16
144,-1.26,-0.89,0.88,-41.58,-33.88,81.98
145,-1.29,-0.88,0.8,-61.13,-5.73,113.91
146,-1.34,-0.97,0.76,-74.48,13.78,131.68
147,-1.3,-1.13,0.75,-70.62,15.41,135.25
148,-1.25,-1.28,0.74,-57.79,9.01,131.9
149,-1.31,-1.53,0.75,-27.24,-19.25,113.58
150,-1.37,-1.72,0.75,13.1,-65.89,91.63
151,-1.16,-1.95,0.74,62.68,-98.22,97.37
152,-1.09,-1.86,0.67,93.98,-123.98,122.24
153,-0.85,-1.6,0.63,111.13,-106.47,191.63
154,-0.39,-1.21,0.23,92.02,-129.19,248.28
155,0.25,-0.75,0.16,59.93,-78.48,250.13
156,0.53,-0.56,0.1,18.76,-59.6,250.13
157,0.36,-0.38,-0.01,5.42,-82.6,250.13
158,0.81,-0.51,0.15,-2.42,-120.02,250.13
159,1.02,-0.46,0.25,2.11,-157.15,222.28
160,1.46,-0.29,0.37,-7.13,-190.08,184.26
161,1.87,-0.29,0.68,-11.42,-160.39,145.02
162,1.93,-0.35,0.92,-6.05,-118.08,120.44
163,1.89,-0.4,1.01,-0.31,-70.5,114.79
164,1.51,-0.38,0.85,-1.54,-31.8,116.82
165,1.28,-0.39,0.7,1.95,-14.66,116.2
166,1.03,-0.3,0.49,-9.72,-34.39,113.92
167,1.21,-0.35,0.49,-39.44,-33.69,122.27
168,1.55,-0.65,0.65,-65.69,-19.92,100.66
169,1.63,-0.95,0.91,-59.9,-19.75,61.58
170,1.45,-1.12,1.16,-27.05,-28.95,40.63
171,1.29,-1.21,1.3,21.63,-39.66,33.66
172,1.22,-1.03,1.18,47.9,-39.4,27.98
173,1.29,-0.83,1.14,76.27,-36.85,34.48
174,1.24,-0.5,1.02,85.02,-33.85,33.27
175,1.23,-0.24,0.95,80.08,-28.49,29.5
176,1.27,0.01,0.92,63.72,-16.08,24.53
177,1.29,0.16,0.9,47.61,0.94,19.74
178,1.29,0.24,0.86,35.27,24.66,9.44
179,1.11,0.28,0.79,22.76,37.34,-3.7
180,0.91,0.26,0.8,15.25,38.7,-17.63
181,0.72,0.2,0.82,10.14,33.06,-29.79
182,0.64,0.1,0.86,5.82,31.33,-36.08
183,0.63,-0.02,0.9,0.92,34.75,-39.98
184,0.63,-0.12,0.91,-1.01,41.37,-44.23
185,0.53,-0.19,0.88,-2.83,48.69,-50.47
186,0.33,-0.26,0.85,-3.88,48.62,-50.4
187,0.25,-0.36,0.81,-5.68,42.06,-40.11
188,0.14,-0.33,0.83,-8.54,31.21,-45.22
189,0.17,-0.4,0.85,-13.85,30.14,-43.24
190,0.12,-0.46,0.86,-15.14,26.26,-39.76
191,0.12,-0.5,0.84,-15.22,19.09,-33.69
192,0.22,-0.49,0.85,-15.83,10.35,-33.73
193,0.26,-0.47,0.87,-11.21,6.92,-42.44
194,0.22,-0.45,0.87,-11.3,10.86,-48.15
195,0.16,-0.41,0.89,-7.79,5.72,-49.3
196,0.18,-0.36,0.89,-6.89,8.75,-48.27
197,0.24,-0.36,0.9,-13.18,14.69,-51.47
198,0.29,-0.38,0.9,-19.69,22.0,-52.61
199,0.29,-0.42,0.94,-22.25,29.51,-49.92
200,0.21,-0.42,0.93,-20.61,34.69,-47.83
201,0.13,-0.44,0.92,-19.53,32.58,-46.63
202,0.07,-0.43,0.9,-17.9,28.34,-41.05
203,0.06,-0.41,0.9,-18.45,24.69,-38.02
204,0.04,-0.43,0.92,-15.21,17.52,-34.49
205,-0.01,-0.47,0.94,-9.34,14.4,-31.92
206,-0.02,-0.49,0.91,-3.45,10.26,-28.8
207,0.01,-0.5,0.93,1.24,9.47,-29.85
208,0.07,-0.49,0.94,1.99,14.15,-33.61
209,0.1,-0.44,0.95,1.44,22.94,-47.2
210,0.08,-0.4,0.91,-1.33,42.0,-56.72
211,-0.07,-0.43,0.92,-0.22,43.78,-56.52
212,-0.14,-0.44,0.9,5.76,37.61,-50.09
213,-0.11,-0.4,0.87,7.56,29.43,-41.69
214,-0.11,-0.41,0.87,6.03,25.22,-36.18
215,-0.14,-0.4,0.87,3.56,28.05,-32.88
216,-0.18,-0.39,0.82,-0.07,28.78,-30.53
217,-0.19,-0.38,0.81,-7.33,30.79,-30.61
218,-0.21,-0.39,0.81,-8.72,29.78,-31.61
219,-0.23,-0.42,0.83,-9.41,27.18,-29.34
220,-0.24,-0.44,0.85,-8.51,21.03,-24.78
221,-0.23,-0.46,0.85,-4.2,13.38,-19.53
222,-0.19,-0.44,0.87,-3.43,8.2,-15.99
223,-0.18,-0.43,0.86,-3.8,8.02,-13.9
224,-0.17,-0.42,0.9,-0.86,9.19,-12.95
225,-0.13,-0.39,0.89,-3.81,13.14,-13.43
226,-0.07,-0.35,0.89,-3.33,18.37,-16.74
227,-0.1,-0.35,0.87,-4.01,21.05,-24.05
228,-0.15,-0.36,0.87,-3.18,13.75,-29.89
229,-0.14,-0.4,0.88,-1.2,2.69,-29.29
230,-0.08,-0.42,0.91,-1.32,-4.88,-26.25
231,-0.02,-0.43,0.93,-0.34,-4.16,-28.64
232,0.04,-0.4,0.97,-1.69,2.56,-29.7
233,0.04,-0.38,1.0,-1.45,12.27,-27.36
234,-0.01,-0.37,0.99,-2.54,20.2,-24.37
235,-0.04,-0.36,0.95,-5.58,23.59,-20.36
236,-0.05,-0.38,0.96,-6.79,24.02,-16.78
237,-0.05,-0.41,0.96,-6.83,22.34,-16.69
238,-0.03,-0.4,0.97,-6.1,20.08,-18.43
239,-0.03,-0.41,0.95,-4.31,19.4,-19.44
240,-0.05,-0.43,0.96,-2.24,15.33,-20.56
241,-0.04,-0.4,0.95,2.05,7.89,-20.23
242,-0.02,-0.38,0.93,5.67,6.82,-25.07
243,-0.02,-0.36,0.93,6.29,4.89,-27.7
244,-0.0,-0.35,0.92,6.19,6.83,-27.47
245,0.01,-0.31,0.9,0.47,10.1,-24.17
246,0.02,-0.31,0.89,-4.29,15.67,-21.19
247,0.0,-0.33,0.9,-8.02,18.64,-19.99
248,0.0,-0.34,0.92,-9.45,19.54,-17.39
249,0.01,-0.36,0.92,-10.31,19.33,-16.26
250,0.0,-0.35,0.93,-7.11,14.95,-19.6
251,-0.04,-0.33,0.91,-6.47,5.24,-26.06
252,-0.01,-0.32,0.9,-0.05,4.4,-30.02
253,-0.02,-0.34,0.94,2.11,9.77,-28.52
254,0.01,-0.32,0.95,4.82,8.67,-25.01
255,0.04,-0.29,0.89,-0.74,18.78,-19.14
256,-0.06,-0.31,0.88,-8.35,27.33,-11.73
257,-0.13,-0.35,0.89,-10.37,22.69,-1.73
258,-0.11,-0.39,0.9,-11.47,18.16,2.16
259,-0.0,-0.37,0.91,-11.73,15.24,0.13
260,0.08,-0.36,0.91,-14.6,21.19,-8.86
261,0.03,-0.4,0.93,-13.19,25.8,-22.1
262,-0.05,-0.46,0.97,-5.22,19.73,-30.28
263,-0.12,-0.46,0.96,3.37,12.05,-32.21
264,-0.11,-0.42,0.92,9.18,4.66,-34.3
265,-0.09,-0.38,0.9,9.75,2.2,-32.92
266,-0.08,-0.37,0.9,5.82,7.04,-26.54
267,-0.08,-0.35,0.9,0.31,14.02,-19.05
268,-0.08,-0.36,0.89,-5.23,21.1,-10.56
269,-0.1,-0.39,0.88,-12.43,28.46,-3.27
270,-0.14,-0.42,0.9,-15.03,28.63,4.37
271,-0.12,-0.44,0.9,-12.21,24.32,2.51
272,-0.09,-0.44,0.91,-7.68,19.32,-5.66
273,-0.08,-0.43,0.92,-0.83,13.57,-14.79
274,-0.08,-0.4,0.91,3.72,8.09,-18.07
275,-0.07,-0.37,0.9,5.79,9.08,-17.71
276,-0.06,-0.36,0.88,5.6,11.5,-15.92
277,-0.08,-0.38,0.86,4.11,13.07,-13.74
278,-0.11,-0.41,0.86,3.83,11.4,-12.89
279,-0.11,-0.42,0.87,4.38,7.38,-11.41
280,-0.1,-0.42,0.9,7.01,4.6,-9.89
281,-0.07,-0.42,0.91,9.99,5.27,-9.92
282,-0.06,-0.4,0.94,13.85,7.16,-9.79
283,-0.04,-0.37,0.92,16.08,8.92,-10.76
284,-0.04,-0.36,0.9,16.27,13.51,-12.97
285,-0.08,-0.35,0.89,15.76,12.09,-14.62
286,-0.1,-0.34,0.88,14.04,5.27,-14.82
287,-0.06,-0.34,0.89,10.49,1.93,-14.44
288,-0.02,-0.35,0.93,7.8,0.27,-13.85
289,0.01,-0.34,0.97,7.47,-0.27,-13.76
290,0.02,-0.33,0.99,9.05,0.55,-14.47
291,0.03,-0.31,0.99,9.45,1.47,-13.07
292,0.01,-0.29,0.98,9.64,3.82,-12.97
293,0.01,-0.31,0.98,9.52,4.18,-12.67
294,-0.01,-0.3,0.98,10.27,3.92,-13.05
295,-0.04,-0.31,0.96,11.38,1.73,-16.76
296,-0.05,-0.31,0.95,11.99,-0.88,-19.44
297,-0.04,-0.29,0.95,10.44,-3.13,-20.15
298,-0.03,-0.24,0.93,6.39,-0.33,-20.42
299,-0.02,-0.24,0.93,2.2,1.77,-19.3
300,-0.03,-0.26,0.93,-1.28,4.0,-18.27
301,-0.04,-0.28,0.93,-1.87,6.1,-19.31
302,-0.07,-0.29,0.93,-1.33,5.56,-21.61
303,-0.09,-0.31,0.92,0.95,0.66,-22.79
304,-0.06,-0.3,0.9,0.73,1.11,-23.77
305,-0.08,-0.32,0.89,-1.34,2.05,-24.54
306,-0.09,-0.32,0.9,-3.63,1.99,-22.95
307,-0.08,-0.34,0.92,-5.4,5.62,-19.32
308,-0.05,-0.34,0.92,-8.12,10.53,-14.63
309,-0.06,-0.33,0.9,-9.07,13.56,-13.79
310,-0.08,-0.34,0.91,-8.62,13.28,-16.79
311,-0.08,-0.35,0.89,-8.08,8.58,-21.48
312,-0.11,-0.35,0.9,-8.95,7.96,-25.71
313,-0.13,-0.35,0.93,-7.82,5.84,-26.18
314,-0.12,-0.36,0.94,-6.24,5.43,-25.21
315,-0.12,-0.36,0.92,-4.75,7.97,-23.04
316,-0.13,-0.33,0.9,-5.31,9.82,-20.48
317,-0.1,-0.33,0.9,-7.69,13.51,-18.33
318,-0.12,-0.33,0.91,-9.25,12.15,-15.21
319,-0.1,-0.35,0.91,-10.88,9.47,-13.31
320,-0.09,-0.36,0.93,-11.55,8.37,-12.63
321,-0.09,-0.37,0.95,-10.59,4.69,-14.13
322,-0.07,-0.36,0.97,-8.53,0.44,-15.65
323,-0.05,-0.37,0.98,-7.28,0.24,-16.05
324,-0.05,-0.36,0.98,-5.34,1.35,-16.9
325,-0.03,-0.36,0.97,-3.99,-0.76,-15.75
326,-0.03,-0.35,0.97,-3.59,-0.61,-12.21
327,-0.03,-0.35,0.96,-4.22,3.54,-12.43
328,-0.03,-0.33,0.95,-5.11,5.4,-12.8
329,-0.04,-0.34,0.94,-6.44,7.53,-14.26
330,-0.06,-0.34,0.93,-7.37,8.97,-15.02
331,-0.11,-0.36,0.92,-5.41,6.07,-17.25
332,-0.12,-0.37,0.9,-3.66,1.15,-19.09
333,-0.11,-0.38,0.9,-3.27,-4.59,-18.87
334,-0.1,-0.38,0.91,-1.76,-8.61,-17.95
335,-0.08,-0.37,0.92,-1.95,-9.43,-17.73
336,-0.05,-0.37,0.93,-3.0,-7.83,-15.97
337,-0.01,-0.37,0.92,-4.52,-2.64,-16.19
338,-0.0,-0.37,0.93,-5.68,2.83,-17.1
339,-0.02,-0.38,0.93,-5.04,5.79,-16.63
340,-0.06,-0.39,0.93,-3.32,6.92,-17.24
341,-0.1,-0.38,0.9,-2.06,5.21,-16.96
342,-0.11,-0.35,0.87,-1.91,0.68,-16.6
343,-0.1,-0.34,0.88,-3.36,-0.79,-15.98
344,-0.1,-0.34,0.88,-4.16,-2.6,-16.63
345,-0.08,-0.34,0.9,-3.71,-3.86,-16.29
346,-0.07,-0.36,0.91,-2.4,-5.53,-16.26
347,-0.05,-0.36,0.9,-1.41,-7.05,-17.28
348,-0.05,-0.35,0.9,-1.03,-9.21,-17.65
349,-0.05,-0.35,0.9,-1.65,-8.53,-19.95
350,-0.04,-0.35,0.9,-2.86,-6.32,-20.76
351,-0.05,-0.35,0.92,-3.27,-4.02,-18.02
352,-0.06,-0.35,0.9,-3.92,-1.26,-17.64
353,-0.07,-0.36,0.92,-5.2,-0.83,-16.24
354,-0.06,-0.35,0.92,-4.46,-1.63,-13.0
355,-0.08,-0.36,0.9,-3.85,-2.2,-14.89
356,-0.09,-0.36,0.9,-3.33,-5.78,-17.2
357,-0.07,-0.37,0.91,-3.76,-8.18,-19.15
358,-0.05,-0.38,0.92,-3.62,-10.23,-20.21
359,-0.04,-0.39,0.94,-1.85,-11.22,-20.17
360,-0.02,-0.39,0.94,-1.07,-11.2,-17.85
361,-0.03,-0.39,0.94,-1.54,-8.66,-16.2
362,-0.02,-0.39,0.94,-2.5,-7.2,-14.27
363,-0.01,-0.38,0.93,-3.63,-5.72,-11.53
364,-0.04,-0.38,0.93,-5.18,-3.09,-11.06
365,-0.05,-0.38,0.94,-4.56,-2.25,-9.12
366,-0.06,-0.37,0.92,-4.99,-1.35,-6.92
367,-0.06,-0.38,0.91,-5.56,-1.39,-6.5
368,-0.06,-0.39,0.9,-6.63,-5.15,-9.15
369,-0.06,-0.4,0.91,-5.4,-9.18,-12.1
370,-0.07,-0.41,0.94,-2.5,-12.3,-14.47
371,-0.04,-0.4,0.92,-1.3,-15.31,-16.73
372,-0.03,-0.4,0.93,-1.62,-15.59,-19.05
373,-0.02,-0.39,0.95,-1.27,-14.34,-16.46
374,0.01,-0.38,0.93,-1.53,-11.24,-14.87
375,0.01,-0.38,0.94,-3.07,-9.65,-13.82
376,0.02,-0.38,0.94,-2.47,-7.86,-12.49
377,0.03,-0.38,0.94,-1.1,-8.16,-11.9
378,0.01,-0.39,0.94,0.29,-6.64,-12.46
379,0.01,-0.38,0.93,2.62,-8.63,-13.66
380,0.02,-0.37,0.92,3.74,-8.51,-15.36
381,0.02,-0.36,0.91,3.15,-7.02,-16.97
382,0.04,-0.36,0.92,2.86,-7.41,-15.07
383,0.04,-0.35,0.92,1.59,-3.65,-13.1
384,0.04,-0.35,0.91,1.24,-0.22,-13.56
385,0.03,-0.35,0.9,2.21,0.55,-10.92
386,0.02,-0.35,0.88,2.09,0.24,-12.4
387,0.02,-0.33,0.88,3.31,-3.37,-12.08
388,0.02,-0.32,0.87,3.11,-5.05,-13.51
389,0.01,-0.31,0.88,2.32,-5.81,-16.66
390,0.03,-0.32,0.88,1.54,-6.22,-18.6
391,0.04,-0.32,0.89,-0.09,-6.07,-18.75
392,0.03,-0.33,0.9,-2.24,-5.21,-18.81
393,0.04,-0.33,0.9,-5.48,-3.29,-18.69
394,0.05,-0.33,0.92,-8.27,-0.6,-16.31
395,0.05,-0.33,0.93,-10.4,3.36,-12.9
396,0.05,-0.33,0.92,-12.39,5.92,-8.97
397,0.06,-0.33,0.93,-14.27,10.1,-5.95
398,0.06,-0.34,0.93,-14.16,9.05,-6.69
399,0.05,-0.35,0.94,-12.09,5.28,-8.95
