,accel_x,accel_y,accel_z,gyro_x,gyro_y,gyro_z
0,0.1,-0.32,1.0,7.61,-3.96,1.24
1,0.11,-0.3,1.0,8.12,-3.91,2.49
2,0.11,-0.29,0.98,7.61,-2.21,0.85
3,0.11,-0.29,0.97,6.38,-1.63,-1.6
4,0.11,-0.28,0.97,4.59,-1.02,-3.98
5,0.1,-0.29,0.95,3.61,-0.23,-5.89
6,0.1,-0.3,0.97,4.22,-3.0,-6.55
7,0.09,-0.3,0.95,5.05,-5.64,-8.69
8,0.1,-0.3,0.96,5.02,-5.6,-8.3
9,0.11,-0.29,0.94,6.05,-3.64,-5.98
10,0.12,-0.29,0.95,4.43,-2.76,-6.05
11,0.12,-0.28,0.94,2.8,-0.31,-3.61
12,0.1,-0.26,0.91,0.31,1.26,-1.98
13,0.1,-0.25,0.9,-1.85,1.27,-1.33
14,0.1,-0.24,0.88,-4.79,0.14,-1.5
15,0.11,-0.25,0.9,-0.65,-0.53,-2.98
16,0.12,-0.25,0.9,-7.66,0.02,-6.69
17,0.14,-0.24,0.9,-9.94,1.96,-5.67
18,0.14,-0.23,0.89,-12.68,4.24,-6.71
19,0.15,-0.24,0.89,-13.85,5.71,-7.2
20,0.15,-0.24,0.9,-15.22,7.44,-6.5
21,0.16,-0.24,0.89,-17.34,9.74,-7.42
22,0.15,-0.24,0.9,-19.45,10.12,-9.14
23,0.15,-0.25,0.91,-20.49,9.82,-10.91
24,0.12,-0.27,0.92,-21.05,7.34,-13.11
25,0.13,-0.29,0.96,-20.6,5.98,-14.39
26,0.13,-0.3,0.96,-18.63,7.09,-15.14
27,0.15,-0.31,0.98,-18.47,10.29,-14.24
28,0.13,-0.32,0.98,-17.37,12.82,-13.55
29,0.12,-0.33,0.98,-16.24,15.02,-14.51
30,0.09,-0.33,0.98,-16.07,12.58,-16.08
31,0.1,-0.34,0.99,-11.79,9.07,-17.63
32,0.08,-0.34,0.98,-8.64,9.07,-17.94
33,0.09,-0.33,0.97,-8.07,7.1,-16.53
34,0.09,-0.34,0.97,-7.43,7.1,-14.93
35,0.07,-0.34,0.97,-4.27,1.53,-9.15
36,0.07,-0.34,0.97,-2.26,-0.9,-4.98
37,0.1,-0.33,0.95,-1.44,0.71,-2.79
38,0.11,-0.33,0.95,-1.01,1.08,-3.18
39,0.09,-0.34,0.95,-1.14,-0.31,-5.08
40,0.1,-0.34,0.96,-1.09,-1.33,-6.16
41,0.09,-0.34,0.96,0.29,-1.7,-7.2
42,0.1,-0.33,0.95,1.56,-2.73,-6.5
43,0.09,-0.33,0.95,4.38,-4.2,-3.3
44,0.08,-0.31,0.95,5.56,-4.37,-0.37
45,0.1,-0.3,0.93,5.11,-4.17,0.98
46,0.09,-0.29,0.92,2.8,-0.88,0.66
47,0.09,-0.28,0.91,0.79,0.56,-0.16
48,0.09,-0.29,0.92,-0.47,1.12,-0.85
49,0.08,-0.3,0.92,-2.07,0.19,-0.93
50,0.09,-0.3,0.92,-2.91,-0.9,0.66
51,0.1,-0.3,0.93,-3.87,-0.12,1.16
52,0.12,-0.3,0.94,-4.82,2.27,0.55
53,0.12,-0.3,0.93,-5.69,5.18,-0.05
54,0.11,-0.29,0.94,-7.29,8.13,0.63
55,0.12,-0.31,0.95,-7.86,9.81,1.01
56,0.11,-0.29,0.94,-7.98,11.14,0.08
57,0.11,-0.28,0.94,-8.97,13.82,-0.6
58,0.12,-0.28,0.91,-12.82,18.12,-1.81
59,0.11,-0.27,0.91,-16.6,20.44,-2.4
60,0.09,-0.28,0.93,-17.59,19.47,-2.56
61,0.07,-0.29,0.94,-16.08,16.15,-2.55
62,0.07,-0.3,0.93,-15.34,15.72,-4.63
63,0.05,-0.31,0.92,-14.32,13.15,-6.11
64,0.04,-0.31,0.92,-13.64,9.98,-7.68
65,0.05,-0.32,0.93,-11.69,5.82,-8.27
66,0.05,-0.32,0.93,-10.96,4.66,-8.95
67,0.06,-0.32,0.92,-11.78,4.22,-8.83
68,0.05,-0.32,0.91,-13.41,4.57,-8.05
69,0.06,-0.33,0.92,-14.21,5.01,-6.75
70,0.07,-0.33,0.95,-14.3,7.14,-6.14
71,0.08,-0.34,0.95,-13.97,8.3,-6.73
72,0.06,-0.35,0.94,-14.7,7.1,-7.7
73,0.06,-0.36,0.95,-12.25,7.34,-6.87
74,0.04,-0.35,0.94,-9.47,7.05,-7.75
75,0.02,-0.35,0.93,-8.33,5.66,-8.51
76,0.04,-0.34,0.93,-8.24,5.27,-8.51
77,0.04,-0.33,0.92,-9.0,5.25,-10.05
78,0.04,-0.34,0.93,-8.75,2.31,-9.92
79,0.04,-0.35,0.94,-8.62,3.1,-10.96
80,0.05,-0.35,0.94,-7.84,1.85,-10.24
81,0.05,-0.34,0.93,-7.69,1.59,-10.24
82,0.05,-0.34,0.93,-8.37,2.55,-10.09
83,0.04,-0.34,0.94,-9.31,4.18,-9.34
84,0.06,-0.34,0.93,-9.21,3.05,-8.35
85,0.06,-0.35,0.93,-9.18,2.08,-7.2
86,0.04,-0.36,0.94,-8.76,0.6,-6.63
87,0.05,-0.37,0.94,-7.54,-2.07,-6.31
88,0.07,-0.37,0.94,-6.95,-0.79,-7.98
89,0.06,-0.37,0.95,-7.14,0.14,-7.54
90,0.06,-0.37,0.94,-6.93,0.29,-6.5
91,0.06,-0.36,0.95,-6.66,1.44,-6.96
92,0.07,-0.38,0.94,-5.12,1.37,-7.28
93,0.06,-0.37,0.95,-4.18,2.02,-8.86
94,0.06,-0.36,0.94,-3.41,0.92,-8.17
95,0.03,-0.37,0.93,-2.44,0.95,-6.53
96,0.02,-0.36,0.92,-2.95,-1.36,-5.07
97,0.03,-0.35,0.91,-3.86,-1.33,-3.7
98,0.03,-0.35,0.91,-3.5,-1.44,-1.54
99,0.04,-0.35,0.92,-3.09,-1.25,-2.32
100,0.05,-0.35,0.92,-2.71,-2.4,-3.61
101,0.05,-0.35,0.92,-3.06,-2.55,-5.54
102,0.04,-0.36,0.91,-3.42,-2.68,-7.7
103,0.03,-0.35,0.91,-3.85,-4.76,-7.76
104,0.02,-0.36,0.92,-4.87,-7.0,-7.23
105,0.02,-0.36,0.91,-6.43,-9.05,-5.85
106,0.02,-0.37,0.92,-8.49,-8.44,-5.6
107,0.02,-0.38,0.93,-10.38,-7.79,-5.51
108,0.0,-0.4,0.95,-11.3,-6.73,-5.07
109,-0.01,-0.42,0.96,-10.18,-6.93,-4.92
110,-0.03,-0.44,0.97,-8.37,-7.54,-5.42
111,-0.06,-0.45,0.97,-6.44,-10.37,-7.33
112,-0.07,-0.47,0.96,-6.21,-12.96,-8.44
113,-0.11,-0.45,0.99,-11.45,-19.2,-8.38
114,-0.13,-0.47,0.97,-7.5,-13.59,-9.12
115,-0.16,-0.48,0.95,-7.78,-14.08,-7.88
116,-0.22,-0.49,0.93,-9.47,-13.72,-7.85
117,-0.29,-0.52,0.94,-11.66,-18.27,-9.73
118,-0.36,-0.58,0.94,-9.66,-26.59,-8.91
119,-0.39,-0.61,0.97,-4.5,-35.46,-5.31
120,-0.39,-0.65,0.96,1.46,-40.57,0.69
121,-0.41,-0.63,0.96,4.65,-47.04,5.34
122,-0.4,-0.64,0.97,7.46,-45.5,11.24
123,-0.38,-0.67,0.96,8.29,-39.82,21.73
124,-0.45,-0.66,0.97,10.11,-38.69,30.69
125,-0.46,-0.67,0.95,8.21,-38.46,35.18
126,-0.48,-0.7,0.96,5.53,-35.0,40.18
127,-0.55,-0.74,0.98,3.08,-29.54,49.21
128,-0.6,-0.82,0.97,3.76,-27.65,56.71
129,-0.67,-0.85,0.97,7.34,-27.04,67.34
130,-0.79,-0.88,0.94,18.06,-35.18,82.64
131,-0.77,-0.86,0.88,25.98,-45.05,95.08
132,-0.69,-0.76,0.84,25.92,-48.79,117.27
133,-0.64,-0.7,0.81,22.6,-57.41,128.98
134,-0.59,-0.67,0.8,17.56,-70.61,134.6
135,-0.46,-0.66,0.84,11.51,-84.3,136.5
136,-0.45,-0.68,0.84,12.89,-113.71,133.89
137,-0.38,-0.91,1.03,22.53,-109.63,126.8
138,-0.24,-1.07,1.02,34.09,-120.7,136.57
139,-0.28,-1.22,1.02,52.18,-87.79,154.31
140,-0.41,-1.32,1.01,80.56,-108.7,176.37
141,-0.18,-1.27,0.89,108.86,-133.52,180.89
142,0.11,-1.1,0.75,119.92,-131.27,183.48
143,0.34,-0.94,0.65,122.79,-123.58,191.38
144,0.47,-0.81,0.56,104.49,-93.34,209.79
145,0.59,-0.63,0.52,71.92,-57.67,238.37
146,0.79,-0.39,0.45,28.77,-18.15,250.13
147,0.93,-0.2,0.49,-6.24,17.06,250.13
148,0.83,-0.12,0.51,-41.3,32.49,250.13
149,0.75,-0.34,0.67,-46.6,24.2,241.41
150,0.64,-0.52,0.73,-25.11,-11.21,203.73
151,0.74,-0.64,0.83,4.23,-31.14,181.56
152,0.94,-0.59,0.84,12.83,-25.09,185.41
153,1.19,-0.46,0.79,2.17,1.99,187.64
154,1.41,-0.33,0.78,-24.05,41.02,190.6
155,1.2,-0.27,0.81,-45.53,67.61,181.66
156,1.12,-0.4,0.87,-45.94,64.75,162.34
157,0.99,-0.49,0.93,-26.11,45.33,131.11
158,1.0,-0.57,0.95,3.08,16.66,93.26
159,1.05,-0.64,1.0,33.78,-4.92,64.24
160,0.99,-0.62,0.89,50.06,-13.87,44.27
161,1.07,-0.57,0.87,65.37,-20.18,36.73
162,1.08,-0.43,0.75,60.66,-12.44,32.54
163,1.11,-0.33,0.74,43.01,3.65,37.48
164,1.05,-0.28,0.75,29.29,6.35,35.32
165,1.02,-0.23,0.76,26.13,1.36,25.22
166,0.97,-0.14,0.77,22.15,-5.45,13.27
167,1.01,-0.07,0.77,16.44,-6.8,0.82
168,1.05,-0.01,0.82,10.82,6.09,-16.05
169,0.93,0.0,0.87,9.21,22.27,-30.2
170,0.77,0.02,0.88,5.54,32.4,-40.98
171,0.58,-0.01,0.86,11.57,33.5,-50.53
172,0.43,0.0,0.85,10.62,33.37,-53.4
173,0.35,-0.06,0.8,10.27,28.8,-56.4
174,0.29,-0.05,0.76,2.06,26.07,-55.11
175,0.21,-0.1,0.74,-8.6,24.95,-50.32
176,0.16,-0.12,0.75,-19.37,23.02,-46.66
177,0.14,-0.15,0.76,-28.95,19.85,-46.95
178,0.09,-0.21,0.83,-35.29,16.95,-53.65
179,0.06,-0.28,0.87,-35.95,13.34,-55.5
180,0.08,-0.38,0.95,-35.15,13.34,-59.61
181,0.06,-0.45,1.01,-27.75,12.95,-61.73
182,0.08,-0.5,1.02,-20.47,14.21,-63.08
183,0.11,-0.54,1.02,-12.47,13.07,-64.22
184,0.11,-0.56,1.01,-7.93,12.05,-62.47
185,0.17,-0.54,0.99,-9.37,12.31,-57.61
186,0.22,-0.5,1.0,-8.9,19.35,-57.5
187,0.18,-0.47,0.99,-7.36,23.69,-56.18
188,0.1,-0.43,0.93,-9.79,28.13,-52.92
189,0.03,-0.41,0.92,-13.27,25.2,-52.31
190,0.05,-0.41,0.92,-15.92,18.08,-52.44
191,0.13,-0.41,0.94,-16.86,10.64,-55.12
192,0.18,-0.41,0.96,-17.66,8.34,-59.54
193,0.19,-0.41,0.99,-15.47,9.13,-64.23
194,0.17,-0.39,1.0,-9.76,8.82,-67.62
195,0.14,-0.39,0.99,-6.26,10.27,-69.66
196,0.15,-0.35,0.97,-4.58,10.07,-70.27
197,0.18,-0.36,0.96,-5.13,13.92,-68.65
198,0.21,-0.4,0.96,-8.04,21.19,-65.98
199,0.22,-0.41,0.97,-8.21,27.85,-61.17
200,0.19,-0.41,0.94,-8.89,34.41,-62.2
201,0.1,-0.43,0.91,-9.57,37.3,-62.96
202,0.02,-0.45,0.89,-8.79,35.98,-60.12
203,-0.05,-0.46,0.88,-7.11,32.17,-57.5
204,-0.1,-0.47,0.85,-5.93,22.27,-55.96
205,-0.12,-0.45,0.84,-5.21,11.38,-52.31
206,-0.08,-0.44,0.82,-5.11,4.08,-48.63
207,0.03,-0.42,0.83,-7.15,1.56,-51.04
208,0.1,-0.38,0.86,-8.79,6.84,-55.4
209,0.12,-0.37,0.87,-10.13,15.91,-59.51
210,0.08,-0.38,0.9,-11.03,22.76,-62.33
211,0.04,-0.42,0.91,-10.49,24.45,-62.5
212,0.01,-0.44,0.91,-9.04,22.98,-62.28
213,-0.06,-0.49,0.91,-4.54,20.71,-61.41
214,-0.11,-0.52,0.9,2.13,10.35,-60.08
215,-0.14,-0.5,0.9,7.34,1.69,-56.43
216,-0.18,-0.47,0.88,9.14,-5.48,-52.24
217,-0.19,-0.44,0.86,9.81,-14.68,-44.2
218,-0.19,-0.41,0.84,6.84,-20.15,-34.87
219,-0.11,-0.38,0.86,3.03,-20.11,-26.61
220,-0.02,-0.37,0.85,-4.2,-17.92,-23.53
221,0.03,-0.37,0.85,-9.2,-11.98,-22.29
222,0.05,-0.42,0.9,-9.69,-10.48,-23.36
223,0.08,-0.44,0.93,-6.46,-9.59,-29.7
224,0.07,-0.47,0.93,1.21,-2.15,-33.64
225,0.05,-0.48,0.95,7.63,3.18,-37.05
226,-0.01,-0.51,0.96,12.88,9.09,-35.5
227,-0.1,-0.47,0.93,17.33,13.58,-29.15
228,-0.08,-0.41,0.92,14.61,14.87,-21.01
229,-0.09,-0.35,0.9,8.88,22.19,-14.23
230,-0.08,-0.36,0.93,2.77,27.8,-10.85
231,-0.07,-0.36,0.96,-0.61,28.33,-8.65
232,-0.08,-0.36,0.98,-0.05,26.32,-7.72
233,-0.08,-0.38,0.98,1.49,20.7,-12.34
234,-0.06,-0.38,0.99,4.68,15.44,-17.66
235,-0.02,-0.39,1.02,9.95,13.72,-22.19
236,0.03,-0.38,1.02,13.04,20.92,-24.31
237,0.0,-0.35,1.0,13.92,27.98,-26.8
238,-0.03,-0.3,0.96,10.82,33.06,-26.86
239,-0.1,-0.31,0.93,4.27,40.24,-17.25
240,-0.13,-0.31,0.93,1.62,35.21,-6.67
241,-0.15,-0.36,0.91,1.46,25.59,-3.78
242,-0.1,-0.39,0.92,2.71,15.84,-2.76
243,-0.07,-0.38,0.98,4.72,3.99,-6.79
244,0.04,-0.3,0.98,7.79,1.87,-10.31
245,0.16,-0.27,0.97,9.39,6.63,-19.44
246,0.23,-0.25,0.98,7.92,20.12,-30.86
247,0.25,-0.26,0.97,7.09,36.52,-39.14
248,0.17,-0.29,0.95,8.21,47.2,-47.95
249,0.06,-0.34,0.92,13.29,51.16,-52.6
250,-0.04,-0.35,0.84,17.21,46.05,-54.19
251,-0.1,-0.34,0.8,16.69,35.24,-55.63
252,-0.17,-0.3,0.8,12.73,25.64,-52.11
253,-0.13,-0.2,0.86,7.66,17.53,-40.64
254,-0.02,-0.15,0.87,-1.53,21.17,-31.95
255,0.06,-0.19,0.91,-11.65,32.2,-31.96
256,0.08,-0.24,0.95,-17.57,44.66,-31.66
257,0.01,-0.32,0.98,-17.25,49.22,-36.37
258,-0.06,-0.37,0.99,-11.73,46.29,-44.37
259,-0.12,-0.4,0.99,-5.63,41.07,-51.53
260,-0.19,-0.44,0.98,1.98,31.69,-56.6
261,-0.22,-0.45,0.96,8.9,19.8,-59.76
262,-0.24,-0.41,0.93,14.14,10.98,-60.28
263,-0.21,-0.35,0.89,13.82,4.85,-56.62
264,-0.15,-0.29,0.87,7.24,6.78,-48.04
265,-0.13,-0.25,0.88,5.72,7.79,-39.11
266,-0.08,-0.23,0.84,2.89,14.67,-32.96
267,-0.07,-0.23,0.83,-5.33,27.5,-27.06
268,-0.16,-0.24,0.82,-8.12,30.4,-20.67
269,-0.16,-0.26,0.8,-7.07,24.86,-24.56
270,-0.16,-0.25,0.79,-9.67,18.47,-31.31
271,-0.18,-0.25,0.81,-9.15,5.85,-36.25
272,-0.13,-0.25,0.82,-11.85,-0.49,-39.17
273,-0.1,-0.27,0.87,-13.25,-3.9,-41.18
274,-0.06,-0.29,0.9,-15.42,-4.01,-40.97
275,-0.03,-0.29,0.92,-17.44,0.64,-42.59
276,-0.04,-0.32,0.95,-17.21,4.73,-43.98
277,-0.07,-0.35,0.95,-15.94,5.31,-46.2
278,-0.11,-0.37,0.96,-12.28,3.95,-47.34
279,-0.14,-0.39,0.95,-7.97,-0.22,-46.2
280,-0.13,-0.4,0.96,-6.75,-3.17,-45.04
281,-0.1,-0.38,0.96,-6.88,-2.15,-42.43
282,-0.09,-0.38,0.94,-8.66,0.54,-39.67
283,-0.08,-0.38,0.96,-10.7,3.34,-35.75
284,-0.06,-0.37,0.96,-11.34,4.67,-31.98
285,-0.05,-0.39,0.97,-10.42,6.89,-29.08
286,-0.07,-0.4,0.98,-8.67,7.69,-29.29
287,-0.08,-0.4,0.99,-4.61,4.21,-32.38
288,-0.03,-0.4,1.0,-3.14,4.46,-34.66
289,-0.03,-0.38,1.0,-1.58,10.83,-34.41
290,-0.05,-0.37,0.98,-1.85,15.53,-35.47
291,-0.05,-0.36,0.99,-1.53,20.47,-33.67
292,-0.08,-0.36,0.96,-2.48,25.26,-32.98
293,-0.13,-0.36,0.95,-4.57,27.69,-33.62
294,-0.2,-0.38,0.93,-5.24,24.87,-34.77
295,-0.25,-0.41,0.92,-4.01,15.3,-35.3
296,-0.31,-0.45,0.92,-1.24,4.0,-35.6
297,-0.28,-0.45,0.93,0.73,-5.82,-35.44
298,-0.26,-0.44,0.93,2.26,-12.98,-33.61
299,-0.21,-0.43,0.92,3.06,-16.25,-30.05
300,-0.18,-0.43,0.91,3.01,-14.15,-26.53
301,-0.14,-0.42,0.91,3.61,-14.3,-20.3
302,-0.12,-0.39,0.9,1.3,-9.22,-15.83
303,-0.12,-0.38,0.9,-0.48,-6.2,-11.11
304,-0.09,-0.36,0.88,-1.53,-4.15,-9.18
305,-0.09,-0.34,0.88,-2.79,-3.68,-9.05
306,-0.09,-0.33,0.88,-4.37,-4.07,-9.81
307,-0.08,-0.31,0.88,-4.65,-3.87,-8.8
308,-0.08,-0.3,0.87,-5.31,-4.21,-9.1
309,-0.07,-0.3,0.86,-6.79,-7.09,-9.78
310,-0.09,-0.32,0.88,-6.94,-8.38,-13.14
311,-0.1,-0.32,0.88,-5.7,-13.37,-15.88
312,-0.06,-0.31,0.88,-5.85,-16.7,-15.57
313,-0.04,-0.3,0.88,-7.98,-17.04,-15.51
314,-0.03,-0.3,0.88,-10.76,-17.37,-15.63
315,-0.01,-0.32,0.89,-13.21,-15.12,-15.63
316,-0.02,-0.34,0.9,-14.21,-13.2,-15.76
317,-0.02,-0.34,0.92,-14.21,-12.19,-15.67
318,-0.02,-0.37,0.93,-12.68,-11.47,-14.76
319,-0.02,-0.38,0.94,-10.62,-10.74,-14.32
320,-0.01,-0.38,0.95,-8.52,-10.46,-10.61
321,-0.02,-0.37,0.94,-7.44,-6.53,-7.74
322,-0.02,-0.36,0.92,-7.7,-4.23,-5.45
323,-0.04,-0.35,0.91,-8.38,-2.88,-3.05
324,-0.07,-0.37,0.91,-7.76,-4.15,-1.7
325,-0.06,-0.36,0.9,-8.06,-7.53,0.06
326,-0.0,-0.36,0.9,-10.34,-10.0,0.79
327,0.05,-0.35,0.92,-11.73,-8.98,2.64
328,0.06,-0.37,0.94,-11.52,-7.6,1.57
329,0.08,-0.4,0.95,-10.44,-8.27,0.08
330,0.06,-0.41,0.97,-7.7,-6.44,-1.86
331,0.07,-0.41,0.98,-4.72,-6.26,-3.45
332,0.07,-0.42,0.98,-2.49,-5.06,-4.44
333,0.06,-0.41,0.97,-1.11,-4.28,-4.33
334,0.05,-0.41,0.97,-1.08,-3.31,-4.4
335,0.05,-0.4,0.97,-2.07,-2.19,-3.86
336,0.06,-0.39,0.95,-1.96,-1.55,-0.53
337,0.06,-0.4,0.95,-2.62,0.89,1.56
338,0.05,-0.41,0.95,-3.76,2.27,0.1
339,0.03,-0.42,0.95,-2.88,2.01,-0.71
340,0.03,-0.42,0.95,-1.63,0.97,-1.1
341,0.05,-0.41,0.94,-1.15,0.78,-1.44
342,0.05,-0.4,0.93,-1.0,1.04,-1.34
343,0.04,-0.4,0.93,-1.42,0.59,-2.44
344,0.05,-0.4,0.94,-0.82,0.94,-2.47
345,0.06,-0.39,0.93,-0.04,3.25,-3.24
346,0.06,-0.39,0.92,0.22,4.71,-4.64
347,0.05,-0.38,0.91,1.22,3.56,-2.85
348,0.03,-0.37,0.89,0.6,2.56,-4.05
349,0.02,-0.36,0.89,-0.38,-0.07,-3.42
350,0.02,-0.36,0.89,-1.99,0.68,-3.53
351,0.03,-0.35,0.9,-3.47,1.6,-3.24
352,0.03,-0.35,0.89,-4.33,1.3,-2.27
353,0.03,-0.36,0.89,-5.14,2.06,-2.28
354,0.04,-0.34,0.87,-6.48,1.59,-2.45
355,0.03,-0.35,0.9,-7.16,3.18,-3.59
356,0.05,-0.34,0.89,-7.66,2.99,-4.48
357,0.07,-0.33,0.9,-8.57,2.92,-7.36
358,0.07,-0.33,0.91,-9.45,3.63,-10.51
359,0.06,-0.34,0.91,-10.2,6.17,-13.21
360,0.04,-0.35,0.91,-10.46,6.99,-15.0
361,0.02,-0.35,0.9,-10.4,5.69,-15.57
362,0.02,-0.35,0.9,-10.56,6.54,-14.04
363,0.01,-0.36,0.9,-9.79,5.0,-13.48
364,0.01,-0.36,0.9,-10.69,3.04,-14.18
365,0.0,-0.37,0.89,-11.66,0.7,-12.69
366,0.0,-0.39,0.9,-11.53,-2.17,-11.94
367,-0.0,-0.4,0.92,-11.35,-4.3,-12.28
368,0.02,-0.42,0.94,-9.91,-5.58,-10.89
369,0.03,-0.42,0.93,-8.65,-6.01,-9.84
370,0.04,-0.42,0.94,-7.3,-5.82,-8.44
371,0.06,-0.42,0.94,-6.36,-3.08,-8.76
372,0.08,-0.41,0.94,-6.91,-0.79,-9.6
373,0.06,-0.4,0.92,-6.98,0.4,-10.57
374,0.04,-0.41,0.94,-5.82,0.92,-12.67
375,0.02,-0.42,0.94,-3.15,-1.22,-13.03
376,0.03,-0.41,0.93,-1.72,-1.42,-11.69
377,0.03,-0.4,0.91,-2.07,-1.51,-12.41
378,0.04,-0.38,0.91,-3.15,-0.86,-12.02
379,0.04,-0.39,0.91,-3.69,-1.0,-11.17
380,0.03,-0.4,0.91,-3.7,-1.66,-7.72
381,-0.01,-0.42,0.9,-2.6,-1.46,-7.16
382,-0.01,-0.41,0.91,-1.67,-3.69,-6.17
383,0.02,-0.4,0.9,-2.44,-3.76,-5.18
384,0.02,-0.39,0.89,-3.53,-2.11,-5.05
385,0.04,-0.39,0.9,-4.08,-0.92,-3.06
386,0.06,-0.38,0.9,-4.12,1.63,0.02
387,0.05,-0.37,0.88,-4.37,4.48,0.24
388,0.03,-0.38,0.86,-4.77,4.22,-0.67
389,0.02,-0.37,0.84,-6.11,1.77,-3.02
390,-0.01,-0.38,0.83,-7.05,-0.98,-4.24
391,-0.02,-0.39,0.85,-8.0,-4.47,-4.21
392,-0.0,-0.39,0.86,-9.19,-5.02,-2.63
393,0.01,-0.39,0.87,-10.87,-5.06,-1.77
394,0.03,-0.4,0.89,-11.27,-5.15,-1.14
395,0.04,-0.4,0.91,-10.43,-6.06,-1.51
396,0.04,-0.43,0.92,-8.95,-5.96,-1.98
397,0.05,-0.42,0.94,-6.87,-5.44,-2.56
398,0.05,-0.42,0.95,-6.17,-5.08,-2.69
399,0.08,-0.41,0.95,-6.57,-0.87,-1.99
