,accel_x,accel_y,accel_z,gyro_x,gyro_y,gyro_z
0,0.07,-0.22,0.95,0.69,-0.26,-7.64
1,0.05,-0.23,0.95,-0.08,-0.77,-7.14
2,0.04,-0.23,0.94,-0.97,-2.19,-7.31
3,0.04,-0.23,0.95,-2.16,-3.27,-6.69
4,0.05,-0.23,0.93,-3.88,-1.8,-6.83
5,0.04,-0.24,0.95,-5.33,0.31,-6.67
6,0.06,-0.24,0.95,-8.15,5.52,-8.31
7,0.05,-0.22,0.93,-14.89,12.18,-7.55
8,0.03,-0.24,0.95,-16.96,10.78,-7.79
9,0.03,-0.25,0.97,-12.38,5.6,-6.45
10,0.05,-0.25,0.96,-8.18,1.32,-7.16
11,0.08,-0.23,0.96,-5.68,-0.63,-7.12
12,0.09,-0.21,0.94,-5.97,0.97,-7.04
13,0.1,-0.2,0.94,-7.4,2.35,-7.89
14,0.12,-0.2,0.96,-6.63,2.65,-8.29
15,0.11,-0.2,0.94,-6.47,4.01,-10.29
16,0.1,-0.19,0.93,-7.41,2.36,-11.81
17,0.09,-0.2,0.95,-8.11,1.06,-10.89
18,0.09,-0.21,0.95,-7.37,-0.88,-8.58
19,0.08,-0.24,0.94,-5.12,-3.84,-7.02
20,0.12,-0.23,0.92,-6.85,-3.24,-9.5
21,0.09,-0.25,0.98,-4.44,-5.63,-6.61
22,0.11,-0.26,0.98,-3.62,-6.31,-5.85
23,0.12,-0.26,0.99,-2.06,-6.12,-5.92
24,0.12,-0.26,0.99,0.31,-3.9,-5.6
25,0.12,-0.26,1.0,3.22,-5.06,-1.82
26,0.1,-0.25,0.98,4.64,-4.89,-0.77
27,0.1,-0.24,0.97,6.25,-5.39,-0.34
28,0.1,-0.24,0.97,6.8,-4.42,-1.64
29,0.1,-0.23,0.96,5.56,-3.17,-1.43
30,0.1,-0.23,0.96,4.46,-3.84,-2.83
31,0.09,-0.22,0.95,3.34,-4.33,-3.67
32,0.1,-0.22,0.95,0.95,-3.27,-3.53
33,0.09,-0.22,0.96,-2.13,-0.99,-4.24
34,0.1,-0.23,0.97,-3.07,1.7,-3.89
35,0.09,-0.24,0.99,-2.01,2.82,-4.3
36,0.09,-0.25,0.99,-0.31,4.31,-4.86
37,0.08,-0.25,0.99,0.37,5.02,-4.65
38,0.07,-0.24,0.98,0.85,6.08,-4.53
39,0.08,-0.23,0.99,0.78,5.29,-3.13
40,0.07,-0.23,0.98,0.35,6.83,-3.92
41,0.08,-0.23,0.97,-0.4,6.46,-3.89
42,0.07,-0.23,0.97,-0.92,6.16,-3.79
43,0.06,-0.23,0.98,-1.2,4.15,-2.79
44,0.07,-0.24,0.98,-1.4,3.4,-2.43
45,0.07,-0.23,0.97,-1.44,3.33,-2.27
46,0.07,-0.23,0.98,-0.58,3.09,-1.94
47,0.08,-0.23,0.97,-0.03,3.04,-1.95
48,0.09,-0.24,0.98,0.27,3.77,-1.35
49,0.1,-0.23,0.96,0.32,4.94,-1.53
50,0.09,-0.22,0.95,-0.76,5.76,-2.24
51,0.08,-0.22,0.95,-0.53,3.74,-3.02
52,0.08,-0.21,0.94,-0.63,2.88,-4.75
53,0.06,-0.2,0.94,-1.28,1.44,-4.87
54,0.06,-0.2,0.95,-1.88,0.42,-3.98
55,0.06,-0.2,0.95,-2.13,0.21,-2.4
56,0.06,-0.19,0.94,-3.4,1.21,-1.8
57,0.07,-0.19,0.94,-3.95,-0.42,-1.0
58,0.06,-0.2,0.93,-4.19,-3.58,-2.24
59,0.06,-0.19,0.93,-5.11,-5.71,-3.92
60,0.08,-0.2,0.94,-6.05,-6.18,-4.31
61,0.08,-0.22,0.95,-5.4,-6.24,-5.3
62,0.1,-0.22,0.97,-4.66,-3.76,-6.65
63,0.11,-0.23,0.97,-3.44,0.05,-8.4
64,0.11,-0.24,0.97,-1.51,3.21,-12.4
65,0.1,-0.24,0.97,-1.66,2.97,-16.21
66,0.11,-0.22,0.97,1.08,10.52,-15.69
67,0.11,-0.22,0.97,2.4,13.87,-17.71
68,0.1,-0.21,0.96,1.47,12.94,-19.65
69,0.04,-0.18,0.93,8.69,13.22,-15.81
70,0.07,-0.17,0.94,9.32,7.61,-17.48
71,0.07,-0.18,0.94,7.92,1.98,-20.25
72,0.08,-0.17,0.94,5.65,-3.37,-20.55
73,0.08,-0.2,0.95,4.83,-3.34,-20.2
74,0.1,-0.21,0.96,0.63,-5.54,-19.31
75,0.09,-0.22,0.97,-4.03,-4.77,-18.07
76,0.06,-0.26,0.99,-6.24,0.53,-13.94
77,0.04,-0.27,1.01,-3.63,0.96,-7.92
78,0.03,-0.25,0.98,-3.99,1.78,-3.85
79,0.05,-0.23,0.98,-5.29,4.66,-0.33
80,0.05,-0.22,0.97,-6.62,5.75,2.37
81,0.04,-0.23,0.98,-6.78,4.2,2.76
82,0.05,-0.22,0.96,-4.85,0.45,1.36
83,0.05,-0.22,0.97,-3.21,-2.21,0.38
84,0.05,-0.19,0.96,-2.85,-2.09,0.18
85,0.06,-0.2,0.95,-4.08,-0.74,0.15
86,0.06,-0.19,0.94,-5.94,-1.55,0.98
87,0.06,-0.19,0.94,-8.42,-1.21,0.62
88,0.07,-0.21,0.95,-10.29,-1.0,-0.31
89,0.06,-0.22,0.96,-10.98,-1.16,-0.43
90,0.05,-0.23,0.97,-11.79,-0.69,-1.36
91,0.07,-0.25,0.98,-11.63,0.95,-2.44
92,0.07,-0.26,0.99,-10.06,2.48,-4.29
93,0.06,-0.25,0.98,-7.74,2.69,-4.17
94,0.06,-0.24,0.97,-7.82,5.44,-4.56
95,0.06,-0.23,0.96,-9.47,6.02,-4.38
96,0.05,-0.23,0.96,-12.95,5.2,-4.71
97,0.04,-0.23,0.96,-11.9,5.51,-5.27
98,0.05,-0.24,0.96,-10.89,3.05,-6.44
99,0.04,-0.25,0.97,-10.11,3.37,-8.09
100,0.04,-0.24,0.97,-9.99,2.93,-9.47
101,0.03,-0.23,0.96,-10.97,0.84,-8.39
102,0.03,-0.24,0.96,-11.28,2.73,-7.66
103,0.03,-0.24,0.97,-12.07,4.87,-7.95
104,0.05,-0.25,0.97,-12.63,9.5,-9.47
105,0.04,-0.24,0.96,-13.85,13.62,-13.95
106,0.03,-0.24,0.95,-16.15,17.32,-16.36
107,0.01,-0.23,0.94,-19.69,21.39,-17.14
108,0.01,-0.23,0.94,-23.19,24.15,-17.34
109,0.01,-0.21,0.93,-25.32,27.45,-14.92
110,-0.02,-0.19,0.9,-28.14,26.98,-14.34
111,0.0,-0.18,0.88,-34.36,32.98,-17.63
112,-0.01,-0.17,0.88,-41.35,37.49,-17.36
113,-0.06,-0.17,0.85,-48.17,42.73,-15.7
114,-0.11,-0.18,0.8,-56.64,45.02,-14.79
115,-0.21,-0.23,0.78,-67.85,45.5,-15.76
116,-0.32,-0.32,0.82,-73.1,33.46,-17.09
117,-0.42,-0.43,0.86,-72.51,18.15,-21.72
118,-0.53,-0.53,0.88,-62.31,-8.49,-28.92
119,-0.69,-0.64,0.89,-49.31,-33.47,-37.82
120,-0.82,-0.73,0.92,-36.26,-61.92,-39.07
121,-0.83,-0.81,0.89,-37.13,-72.72,-26.7
122,-0.85,-0.85,0.92,-46.49,-59.63,4.78
123,-0.9,-0.92,0.9,-64.21,-30.4,51.71
124,-0.96,-1.03,0.88,-93.27,11.82,106.02
125,-1.16,-1.19,0.88,-120.24,48.93,156.31
126,-1.37,-1.39,0.88,-129.31,59.93,188.82
127,-1.58,-1.6,0.92,-126.7,53.98,204.56
128,-1.69,-1.78,0.91,-99.18,19.5,196.3
129,-1.67,-1.91,0.85,-56.67,-24.55,170.56
130,-1.66,-1.93,0.74,-11.1,-64.7,148.69
131,-1.64,-1.92,0.61,27.73,-97.96,146.85
132,-1.42,-1.82,0.43,49.95,-102.52,167.53
133,-1.24,-1.7,0.22,48.2,-75.2,206.47
134,-1.22,-1.59,-0.0,29.15,-40.78,250.13
135,-1.15,-1.49,-0.24,0.42,-14.46,250.13
136,-1.03,-1.3,-0.55,-28.51,-27.94,250.13
137,-0.73,-1.15,-0.61,-40.96,-58.4,250.13
138,-0.14,-1.11,-0.25,-59.51,-144.5,250.13
139,0.43,-0.89,-0.07,-35.94,-207.5,250.13
140,1.34,-0.77,0.43,-29.9,-250.14,250.13
141,2.0,-0.66,0.88,-8.66,-250.14,234.08
142,2.0,-0.51,1.2,-14.21,-226.46,189.21
143,2.0,-0.47,1.6,-28.35,-140.18,162.5
144,2.0,-0.49,1.75,-22.98,-74.88,145.55
145,2.0,-0.46,1.72,-5.13,-29.25,122.82
146,2.0,-0.5,1.62,11.98,-5.82,86.29
147,1.68,-0.62,1.51,43.27,-8.98,54.1
148,1.38,-0.74,1.34,69.27,-12.29,32.95
149,1.15,-0.75,1.13,81.08,-30.27,24.21
150,0.97,-0.71,0.95,84.02,-41.22,18.64
151,0.93,-0.65,0.85,80.95,-48.21,23.07
152,0.96,-0.54,0.77,61.4,-52.17,29.9
153,1.03,-0.44,0.79,39.56,-49.33,37.69
154,1.06,-0.35,0.82,29.04,-48.8,38.93
155,1.07,-0.26,0.85,24.31,-48.96,31.05
156,1.04,-0.17,0.88,18.45,-50.27,18.18
157,1.04,-0.12,0.93,26.65,-46.7,5.47
158,1.07,-0.05,0.95,28.56,-35.64,-12.83
159,1.05,-0.02,1.0,28.43,-25.21,-24.67
160,0.91,-0.04,0.97,32.53,-12.39,-38.21
161,0.83,-0.05,0.96,38.21,-0.62,-45.41
162,0.73,-0.03,0.9,37.24,10.31,-52.73
163,0.6,-0.02,0.82,28.27,19.53,-61.02
164,0.51,-0.06,0.83,21.67,29.61,-65.29
165,0.4,-0.11,0.85,25.92,28.77,-62.78
166,0.29,-0.13,0.83,26.67,27.29,-62.53
167,0.21,-0.12,0.81,22.66,27.81,-61.06
168,0.13,-0.14,0.8,17.12,25.36,-59.31
169,0.1,-0.19,0.81,12.79,23.55,-60.45
170,0.08,-0.23,0.83,8.08,18.24,-60.37
171,0.06,-0.26,0.86,7.42,13.46,-58.56
172,0.02,-0.29,0.85,11.92,9.29,-60.61
173,-0.02,-0.28,0.85,18.78,-2.27,-63.63
174,0.02,-0.22,0.83,20.89,-10.83,-65.49
175,0.08,-0.17,0.82,16.57,-13.34,-66.01
176,0.08,-0.14,0.85,9.52,-5.05,-69.5
177,0.06,-0.12,0.85,-0.63,4.89,-67.19
178,0.02,-0.17,0.9,-0.24,10.53,-63.55
179,0.04,-0.17,0.9,-4.6,21.25,-59.77
180,-0.02,-0.21,0.88,-11.17,26.33,-55.08
181,-0.13,-0.26,0.89,-12.01,16.86,-51.02
182,-0.14,-0.29,0.91,-10.92,10.14,-48.99
183,-0.13,-0.29,0.92,-10.66,8.67,-47.61
184,-0.1,-0.29,0.95,-11.4,7.54,-50.47
185,-0.08,-0.28,0.97,-10.43,7.35,-54.99
186,-0.07,-0.31,0.99,-9.01,10.44,-58.13
187,-0.07,-0.32,0.99,-6.05,11.41,-57.38
188,-0.08,-0.33,1.0,-4.68,12.09,-54.6
189,-0.08,-0.34,0.99,-2.37,9.61,-50.4
190,-0.06,-0.33,0.99,-0.81,6.92,-46.15
191,-0.03,-0.28,1.01,-1.8,6.76,-40.92
192,-0.03,-0.28,1.0,0.18,7.62,-37.43
193,-0.05,-0.27,0.99,0.52,8.88,-36.05
194,-0.02,-0.25,0.96,-3.15,10.4,-33.4
195,0.02,-0.23,0.94,-6.65,10.44,-32.16
196,0.04,-0.25,0.94,-11.19,17.5,-35.98
197,0.03,-0.29,0.97,-11.46,21.47,-38.31
198,0.03,-0.3,0.99,-9.81,20.11,-37.73
199,0.01,-0.26,1.0,-8.25,19.11,-36.82
200,-0.01,-0.24,0.98,-6.5,19.17,-38.76
201,-0.04,-0.23,0.98,-4.72,16.96,-40.94
202,-0.04,-0.22,0.97,-4.05,16.02,-37.87
203,-0.04,-0.2,0.95,-6.85,18.75,-32.15
204,-0.02,-0.19,0.95,-10.85,22.66,-27.41
205,0.02,-0.21,0.95,-13.91,24.05,-22.18
206,0.05,-0.22,0.94,-16.77,25.17,-20.95
207,0.08,-0.22,0.94,-19.18,26.4,-23.86
208,0.05,-0.21,0.95,-19.4,28.97,-29.63
209,-0.04,-0.24,0.94,-20.39,29.37,-34.98
210,-0.08,-0.25,1.01,-8.72,8.87,-41.87
211,-0.03,-0.18,0.94,-8.87,6.15,-47.3
212,-0.0,-0.2,0.92,-16.87,17.18,-50.9
213,-0.09,-0.29,0.96,-20.02,19.14,-48.13
214,-0.13,-0.33,0.95,-17.88,13.93,-45.6
215,-0.12,-0.33,0.94,-22.4,20.26,-36.27
216,-0.1,-0.3,0.94,-28.92,32.52,-26.98
217,-0.11,-0.31,0.95,-34.21,42.34,-18.72
218,-0.12,-0.34,0.96,-32.89,45.76,-17.14
219,-0.15,-0.37,0.99,-25.3,42.81,-19.16
220,-0.18,-0.38,0.97,-14.89,34.99,-24.17
221,-0.16,-0.38,0.96,-5.1,28.51,-32.42
222,-0.17,-0.37,0.92,1.32,23.27,-39.61
223,-0.18,-0.32,0.9,2.76,18.43,-42.98
224,-0.17,-0.28,0.89,0.4,16.76,-41.45
225,-0.15,-0.28,0.91,-3.18,20.73,-37.59
226,-0.14,-0.28,0.92,-5.77,24.63,-30.97
227,-0.12,-0.28,0.91,-7.59,26.37,-26.43
228,-0.13,-0.31,0.92,-5.8,23.8,-25.56
229,-0.13,-0.33,0.92,-1.5,18.44,-29.98
230,-0.12,-0.35,0.93,3.4,13.33,-35.8
231,-0.13,-0.32,0.92,6.27,10.59,-38.73
232,-0.11,-0.29,0.91,6.97,9.71,-41.86
233,-0.11,-0.28,0.92,4.27,11.77,-42.6
234,-0.09,-0.28,0.95,0.38,16.69,-38.38
235,-0.09,-0.3,0.95,-2.27,20.76,-33.39
236,-0.11,-0.31,0.93,-4.21,22.11,-31.05
237,-0.15,-0.31,0.91,-3.75,14.18,-30.5
238,-0.23,-0.31,0.9,-2.91,3.71,-30.2
239,-0.22,-0.31,0.9,-3.43,-4.77,-29.44
240,-0.19,-0.31,0.93,-0.43,-10.81,-26.97
241,-0.13,-0.31,0.93,0.74,-19.17,-27.3
242,-0.03,-0.27,0.93,-1.68,-15.44,-25.69
243,0.03,-0.29,0.96,-5.15,-6.27,-26.64
244,0.03,-0.33,0.97,-10.35,8.99,-22.31
245,0.02,-0.35,1.02,-6.44,18.09,-19.94
246,-0.01,-0.36,1.01,-4.32,19.28,-23.42
247,0.0,-0.34,1.0,-1.92,20.19,-25.98
248,-0.04,-0.36,0.99,1.09,27.82,-26.58
249,-0.08,-0.36,0.99,6.67,27.99,-27.1
250,-0.13,-0.36,0.95,10.19,25.74,-30.8
251,-0.17,-0.34,0.94,12.64,20.43,-33.47
252,-0.19,-0.32,0.91,16.26,11.18,-35.75
253,-0.21,-0.32,0.91,17.83,3.74,-38.4
254,-0.21,-0.3,0.9,17.69,-2.69,-37.77
255,-0.18,-0.3,0.91,15.97,-5.85,-35.14
256,-0.14,-0.27,0.92,12.63,-7.33,-32.17
257,-0.08,-0.26,0.93,9.47,-5.5,-28.86
258,-0.06,-0.27,0.94,7.73,-2.18,-24.31
259,-0.05,-0.27,0.96,7.49,1.16,-23.62
260,-0.08,-0.28,0.96,8.4,1.02,-25.22
261,-0.12,-0.27,0.94,9.73,-0.8,-26.24
262,-0.12,-0.25,0.92,8.02,-0.34,-28.24
263,-0.14,-0.25,0.93,6.78,-1.27,-30.47
264,-0.15,-0.27,0.93,9.15,-5.4,-29.19
265,-0.15,-0.26,0.9,8.82,-5.55,-27.42
266,-0.17,-0.25,0.89,6.37,-7.13,-24.37
267,-0.16,-0.24,0.88,3.29,-11.06,-19.21
268,-0.12,-0.24,0.88,-0.56,-11.15,-16.34
269,-0.07,-0.22,0.89,-4.54,-7.44,-14.79
270,-0.06,-0.26,0.91,-7.79,-2.56,-13.84
271,-0.08,-0.28,0.93,-7.21,-0.27,-10.92
272,-0.07,-0.26,0.94,-5.32,2.01,-9.51
273,-0.07,-0.24,0.92,-4.2,3.76,-11.76
274,-0.09,-0.21,0.92,-5.85,2.74,-13.92
275,-0.09,-0.23,0.91,-8.6,2.05,-15.87
276,-0.09,-0.25,0.93,-9.47,-0.23,-18.1
277,-0.07,-0.26,0.95,-8.6,-4.3,-19.05
278,-0.08,-0.28,0.96,-8.97,-3.59,-20.19
279,-0.07,-0.3,0.97,-7.4,-2.53,-19.49
280,-0.08,-0.32,0.97,-4.92,-2.78,-18.6
281,-0.06,-0.33,0.97,-3.45,-1.32,-16.04
282,-0.06,-0.3,0.96,-3.26,-2.25,-13.06
283,-0.03,-0.28,0.94,-5.04,-2.56,-9.65
284,-0.01,-0.28,0.96,-6.99,2.81,-8.31
285,-0.01,-0.27,0.96,-5.84,5.28,-6.89
286,0.01,-0.26,0.96,-4.93,8.81,-6.66
287,-0.03,-0.27,0.95,-3.73,10.69,-9.29
288,-0.03,-0.27,0.94,-2.54,7.4,-11.5
289,-0.05,-0.27,0.92,-2.24,5.26,-15.73
290,-0.05,-0.27,0.92,-1.85,0.74,-18.28
291,-0.06,-0.31,0.93,-0.82,-0.01,-21.18
292,-0.07,-0.31,0.93,-0.47,-0.05,-24.95
293,-0.08,-0.3,0.94,1.49,-2.7,-25.69
294,-0.09,-0.26,0.92,1.0,0.43,-24.52
295,-0.06,-0.24,0.91,-1.83,6.02,-22.21
296,-0.05,-0.22,0.92,-5.9,9.28,-20.43
297,-0.06,-0.22,0.9,-7.11,8.98,-19.8
298,-0.11,-0.23,0.9,-9.83,9.67,-22.92
299,-0.15,-0.26,0.9,-10.59,3.56,-24.58
300,-0.19,-0.32,0.92,-10.58,-3.99,-28.28
301,-0.19,-0.36,0.94,-8.62,-13.9,-27.54
302,-0.18,-0.38,0.97,-5.88,-19.36,-23.53
303,-0.17,-0.4,0.99,-3.88,-19.69,-18.58
304,-0.15,-0.4,1.0,-1.3,-19.17,-14.44
305,-0.12,-0.39,1.01,-0.06,-15.98,-11.31
306,-0.08,-0.38,1.01,2.53,-11.68,-8.85
307,-0.07,-0.35,1.0,4.4,-7.79,-7.68
308,-0.06,-0.32,1.0,5.24,-5.18,-6.17
309,-0.02,-0.25,0.98,4.15,-1.62,-2.12
310,0.02,-0.22,0.98,0.47,3.15,1.0
311,0.04,-0.21,0.96,-2.92,6.62,-2.18
312,0.0,-0.22,0.95,-5.37,9.85,-10.88
313,-0.04,-0.24,0.97,-5.27,10.47,-17.66
314,-0.1,-0.26,0.96,-3.24,6.25,-19.75
315,-0.16,-0.3,0.94,-2.59,-0.05,-24.43
316,-0.14,-0.32,0.96,-1.5,-7.49,-21.13
317,-0.12,-0.32,0.95,-2.02,-8.4,-17.31
318,-0.1,-0.32,0.95,-1.63,-9.83,-14.69
319,-0.07,-0.33,0.95,0.08,-9.44,-14.64
320,-0.05,-0.32,0.95,0.37,-7.78,-13.76
321,-0.03,-0.32,0.93,-0.32,-3.65,-12.92
322,-0.01,-0.3,0.93,-2.09,1.14,-10.43
323,-0.01,-0.29,0.92,-5.2,4.06,-10.48
324,-0.02,-0.29,0.91,-8.98,9.0,-13.19
325,-0.01,-0.27,0.92,-10.39,13.31,-12.7
326,0.01,-0.25,0.9,-11.91,13.4,-9.93
327,0.0,-0.25,0.86,2.12,5.66,-8.44
328,0.03,-0.22,0.98,4.79,-24.39,-19.18
329,0.11,-0.2,0.9,-9.88,-4.53,-15.92
330,-0.03,-0.27,0.99,-17.05,5.09,-19.66
331,-0.08,-0.27,0.96,-19.1,2.23,-21.5
332,-0.2,-0.32,1.03,-1.43,-53.11,-20.99
333,-0.25,-0.33,1.02,-15.51,-11.36,-10.15
334,-0.12,-0.33,0.97,-6.1,-28.44,-6.08
335,-0.08,-0.35,1.03,-3.42,-29.4,7.53
336,-0.09,-0.39,1.05,2.58,-33.66,8.48
337,-0.06,-0.4,1.05,0.22,-24.68,11.95
338,-0.04,-0.4,1.06,2.68,-18.76,13.53
339,-0.0,-0.4,1.07,11.16,-16.91,26.79
340,0.07,-0.39,1.07,17.98,-8.0,51.55
341,0.13,-0.37,1.04,21.63,7.05,59.85
342,0.07,-0.32,1.02,20.44,20.27,64.41
343,-0.01,-0.32,0.97,20.99,31.83,63.76
344,-0.04,-0.25,0.93,23.35,35.28,57.78
345,-0.08,-0.18,0.88,19.04,33.27,52.5
346,-0.08,-0.17,0.82,17.67,27.13,45.43
347,-0.12,-0.18,0.8,17.41,14.13,38.59
348,-0.14,-0.11,0.77,10.42,-6.86,33.12
349,-0.04,-0.14,0.81,5.57,-6.18,38.64
350,-0.01,-0.16,0.84,0.15,-6.05,47.17
351,0.02,-0.2,0.92,-5.7,-4.29,42.42
352,0.09,-0.2,0.93,-12.79,-4.53,33.66
353,0.11,-0.23,1.04,-9.11,-1.85,23.56
354,0.03,-0.28,1.02,-5.49,0.42,4.54
355,-0.03,-0.31,1.04,1.43,-4.98,-8.75
356,-0.11,-0.3,1.0,5.37,-11.49,-15.92
357,-0.13,-0.28,0.95,4.49,-11.89,-21.73
358,-0.2,-0.28,0.9,0.34,-20.39,-23.84
359,-0.2,-0.3,0.92,3.54,-29.02,-16.33
360,-0.17,-0.28,0.9,2.75,-30.24,-6.47
361,-0.12,-0.26,0.88,2.58,-36.24,5.08
362,-0.1,-0.29,0.88,3.26,-43.82,7.21
363,-0.02,-0.28,0.91,3.5,-44.77,10.88
364,0.08,-0.29,0.94,2.73,-37.8,6.02
365,0.14,-0.27,0.94,2.42,-33.49,-0.25
366,0.13,-0.27,0.96,3.24,-27.49,-9.01
367,0.11,-0.26,0.96,5.24,-25.53,-16.22
368,0.08,-0.24,0.96,2.45,-24.72,-20.61
369,0.1,-0.26,0.95,1.6,-25.18,-17.21
370,0.04,-0.28,0.96,0.56,-23.66,-16.69
371,0.01,-0.3,0.97,1.52,-25.37,-15.23
372,0.02,-0.3,0.98,2.6,-24.56,-9.07
373,0.06,-0.29,1.0,2.98,-21.08,4.34
374,0.11,-0.27,1.0,2.61,-15.99,8.66
375,0.17,-0.26,1.01,1.04,-9.27,8.15
376,0.25,-0.26,1.01,0.06,6.15,0.84
377,0.2,-0.26,1.03,1.02,9.24,-6.76
378,0.18,-0.27,1.03,0.92,13.39,-15.15
379,0.14,-0.29,1.06,3.73,18.61,-22.6
380,0.11,-0.28,1.04,7.21,23.65,-27.84
381,0.01,-0.25,1.0,9.14,23.76,-25.18
382,-0.01,-0.22,0.99,9.24,23.32,-13.31
383,-0.0,-0.2,0.96,6.47,22.63,-9.62
384,-0.0,-0.2,0.94,6.56,18.57,-7.72
385,0.0,-0.17,0.91,7.86,8.13,-3.82
386,0.03,-0.17,0.95,9.49,-0.31,-7.2
387,0.12,-0.1,0.93,2.56,1.25,-10.46
388,0.15,-0.09,0.93,-6.63,7.99,-15.48
389,0.12,-0.11,0.93,-13.84,10.53,-19.21
390,0.07,-0.15,0.93,-17.78,10.07,-24.36
391,0.03,-0.15,0.94,-15.86,10.11,-29.73
392,-0.03,-0.2,0.93,-13.4,1.66,-36.55
393,-0.07,-0.23,0.95,-7.55,-8.61,-37.76
394,-0.06,-0.2,0.93,-1.06,-16.27,-32.86
395,-0.02,-0.2,0.93,2.11,-21.02,-33.03
396,-0.02,-0.22,0.94,12.73,-31.57,-36.34
397,-0.01,-0.24,0.93,27.74,-45.15,-46.53
398,0.02,-0.18,0.94,27.04,-49.39,-52.72
399,0.06,-0.21,0.97,21.36,-38.95,-49.53
