,accel_x,accel_y,accel_z,gyro_x,gyro_y,gyro_z
0,0.12,-0.2,0.99,0.11,3.44,-2.44
1,0.12,-0.21,0.97,-0.12,3.0,-2.86
2,0.1,-0.21,0.97,0.01,2.16,-3.59
3,0.1,-0.22,0.96,-0.18,1.54,-4.02
4,0.1,-0.22,0.96,-0.75,1.1,-3.82
5,0.11,-0.22,0.97,-0.95,0.89,-3.6
6,0.11,-0.22,0.99,-1.02,1.58,-2.76
7,0.13,-0.21,0.98,-0.75,3.43,-1.7
8,0.13,-0.21,0.99,-0.59,4.32,-2.05
9,0.13,-0.21,0.97,-0.07,4.87,-2.52
10,0.12,-0.21,0.98,0.65,4.98,-3.21
11,0.12,-0.2,0.97,0.83,4.95,-4.4
12,0.12,-0.2,0.96,0.79,5.03,-4.88
13,0.12,-0.19,0.96,0.39,5.16,-4.45
14,0.11,-0.18,0.95,-0.45,5.36,-4.2
15,0.12,-0.18,0.94,-1.89,5.97,-3.76
16,0.1,-0.17,0.95,-2.08,5.09,-4.67
17,0.11,-0.17,0.93,-2.6,4.05,-6.3
18,0.11,-0.17,0.93,-4.19,3.83,-7.05
19,0.1,-0.18,0.94,-5.41,3.25,-7.98
20,0.08,-0.2,0.93,-6.61,1.85,-8.74
21,0.08,-0.21,0.94,-7.12,0.54,-9.67
22,0.07,-0.22,0.94,-6.62,-0.59,-8.73
23,0.07,-0.22,0.95,-5.69,-1.46,-8.02
24,0.07,-0.22,0.96,-5.58,-1.07,-6.8
25,0.09,-0.21,0.94,-5.85,-0.21,-5.65
26,0.09,-0.2,0.95,-6.58,0.56,-4.82
27,0.08,-0.2,0.96,-6.15,0.74,-4.4
28,0.06,-0.21,0.95,-5.54,-0.53,-4.86
29,0.08,-0.2,0.95,-5.42,-1.32,-5.39
30,0.09,-0.2,0.97,-5.35,-2.24,-6.68
31,0.09,-0.21,0.97,-5.15,-2.42,-7.25
32,0.09,-0.21,0.98,-4.71,-2.04,-6.92
33,0.08,-0.21,0.98,-4.89,-1.45,-6.48
34,0.1,-0.22,0.98,-4.63,0.24,-4.82
35,0.09,-0.22,0.99,-4.29,1.24,-3.9
36,0.08,-0.22,0.98,-3.38,1.47,-3.91
37,0.06,-0.23,0.98,-2.67,0.24,-4.49
38,0.06,-0.24,0.98,-2.15,-1.11,-4.86
39,0.07,-0.25,0.99,-1.66,-1.62,-4.81
40,0.06,-0.25,0.99,-0.79,-1.95,-4.49
41,0.07,-0.26,1.0,0.25,-1.9,-3.88
42,0.06,-0.27,1.01,1.35,-1.98,-2.84
43,0.07,-0.26,1.01,2.49,-1.58,-0.96
44,0.08,-0.25,1.0,2.74,-0.4,0.85
45,0.09,-0.25,1.0,3.23,0.37,2.1
46,0.1,-0.24,1.01,4.11,0.13,2.73
47,0.11,-0.23,0.99,4.63,-0.57,1.52
48,0.12,-0.21,0.99,5.26,-0.77,0.19
49,0.13,-0.22,0.97,5.18,-1.15,-1.02
50,0.13,-0.23,0.98,5.18,-2.1,-2.59
51,0.13,-0.24,0.99,5.02,-1.96,-3.85
52,0.13,-0.23,1.0,5.11,-0.67,-3.38
53,0.14,-0.23,1.01,5.19,0.4,-3.15
54,0.14,-0.23,1.01,5.64,2.02,-2.92
55,0.13,-0.22,1.02,6.2,3.15,-2.7
56,0.12,-0.22,1.0,6.34,4.12,-3.09
57,0.1,-0.21,0.99,6.73,4.83,-2.8
58,0.09,-0.22,1.0,7.6,3.86,-3.71
59,0.08,-0.22,0.99,8.12,3.02,-4.03
60,0.07,-0.22,1.0,8.92,2.69,-3.21
61,0.05,-0.22,0.98,9.32,2.43,-2.41
62,0.03,-0.23,0.98,10.37,0.97,-2.06
63,0.03,-0.22,0.98,11.08,0.09,-0.92
64,0.04,-0.21,0.96,11.79,0.05,1.16
65,0.02,-0.2,0.95,12.18,-0.96,2.05
66,0.02,-0.19,0.94,11.6,-1.84,3.51
67,0.02,-0.18,0.94,11.37,-3.15,4.7
68,0.04,-0.16,0.94,10.6,-3.92,6.41
69,0.07,-0.14,0.94,9.12,-2.98,7.9
70,0.08,-0.13,0.95,8.02,-1.78,9.02
71,0.09,-0.11,0.94,6.78,-0.54,8.5
72,0.1,-0.1,0.94,5.66,0.17,7.76
73,0.09,-0.09,0.94,4.5,-0.59,5.4
74,0.07,-0.09,0.93,3.38,-2.37,2.86
75,0.06,-0.1,0.94,2.31,-4.0,0.66
76,0.06,-0.1,0.94,0.49,-5.23,-1.34
77,0.05,-0.12,0.96,-0.38,-5.79,-1.64
78,0.06,-0.13,0.96,-0.1,-4.75,1.66
79,0.07,-0.13,0.99,0.6,-3.34,4.25
80,0.07,-0.13,0.98,1.18,-1.36,5.73
81,0.07,-0.13,0.97,1.8,0.1,6.75
82,0.06,-0.14,0.97,2.63,0.35,7.85
83,0.06,-0.13,0.96,2.42,0.34,8.04
84,0.06,-0.14,0.96,2.35,0.05,8.57
85,0.07,-0.14,0.96,2.08,-0.43,8.58
86,0.08,-0.13,0.96,1.79,-0.02,8.99
87,0.07,-0.14,0.95,1.63,-0.64,8.4
88,0.07,-0.14,0.95,1.08,-0.85,8.6
89,0.08,-0.14,0.95,0.23,-1.11,9.49
90,0.08,-0.14,0.97,0.33,-1.18,9.79
91,0.09,-0.14,0.97,0.53,-1.37,9.11
92,0.08,-0.14,0.96,0.76,-1.73,8.81
93,0.09,-0.13,0.97,1.56,-2.11,8.27
94,0.1,-0.14,0.97,2.02,-2.61,7.29
95,0.12,-0.13,0.97,2.92,-3.07,6.07
96,0.12,-0.12,0.96,2.83,-3.76,4.33
97,0.13,-0.13,0.95,1.79,-3.18,3.65
98,0.13,-0.12,0.95,-0.16,-2.53,2.8
99,0.11,-0.12,0.96,-1.32,-2.06,2.98
100,0.1,-0.13,0.95,-1.14,-2.75,2.64
101,0.09,-0.12,0.95,-1.96,-3.77,2.58
102,0.11,-0.1,0.95,-2.96,-3.42,4.04
103,0.11,-0.1,0.95,-4.4,-2.2,5.18
104,0.12,-0.09,0.95,-5.64,-0.89,5.42
105,0.12,-0.09,0.95,-6.27,-0.73,4.6
106,0.12,-0.08,0.94,-6.23,-1.58,2.92
107,0.11,-0.08,0.93,-6.71,-3.09,0.63
108,0.11,-0.09,0.93,-7.63,-6.05,-2.08
109,0.12,-0.1,0.94,-9.06,-7.84,-3.91
110,0.13,-0.11,0.95,-10.53,-8.79,-5.11
111,0.13,-0.13,0.97,-11.18,-9.73,-6.61
112,0.15,-0.15,0.99,-11.2,-9.58,-8.03
113,0.15,-0.15,1.0,-11.66,-7.49,-7.72
114,0.13,-0.15,0.98,-11.27,-5.56,-7.13
115,0.11,-0.14,0.97,-11.78,-3.38,-6.63
116,0.1,-0.14,0.98,-12.17,-2.6,-6.21
117,0.09,-0.13,0.96,-12.58,-1.74,-5.76
118,0.09,-0.12,0.96,-12.81,-1.15,-5.27
119,0.08,-0.12,0.95,-12.41,-1.54,-5.8
120,0.08,-0.12,0.93,-13.02,-3.01,-6.28
121,0.09,-0.13,0.94,-13.32,-5.57,-8.47
122,0.1,-0.16,0.95,-11.94,-9.11,-10.73
123,0.11,-0.18,0.96,-10.87,-10.84,-11.27
124,0.15,-0.18,0.98,-10.86,-10.28,-10.35
125,0.18,-0.18,0.99,-11.47,-8.18,-8.37
126,0.22,-0.18,0.99,-11.27,-4.61,-5.78
127,0.24,-0.16,0.98,-11.67,-3.05,-5.89
128,0.27,-0.15,0.98,-11.37,-1.85,-7.02
129,0.29,-0.13,0.98,-10.72,-0.44,-9.88
130,0.31,-0.11,0.98,-11.68,1.58,-13.69
131,0.32,-0.1,0.97,-12.22,4.47,-16.4
132,0.31,-0.09,0.97,-13.33,6.32,-19.77
133,0.28,-0.09,0.96,-14.86,6.88,-24.11
134,0.27,-0.1,0.97,-15.21,5.66,-29.22
135,0.25,-0.11,0.97,-16.62,3.47,-34.96
136,0.22,-0.14,0.98,-16.77,1.71,-39.88
137,0.19,-0.16,1.0,-17.26,0.12,-44.73
138,0.17,-0.19,1.01,-15.46,1.82,-43.35
139,0.11,-0.23,1.01,-16.52,2.55,-43.98
140,0.07,-0.26,1.02,-15.87,3.11,-42.36
141,0.02,-0.28,1.01,-15.81,4.34,-40.75
142,-0.01,-0.29,1.01,-15.78,5.34,-38.92
143,-0.06,-0.31,1.01,-14.72,5.75,-37.06
144,-0.11,-0.32,1.01,-13.61,4.89,-36.68
145,-0.16,-0.33,1.01,-12.76,4.15,-35.06
146,-0.22,-0.35,1.0,-12.41,1.76,-34.52
147,-0.3,-0.39,1.01,-10.14,-1.43,-30.53
148,-0.35,-0.41,1.02,-7.47,-4.88,-23.78
149,-0.35,-0.41,1.02,-5.95,-5.57,-13.66
150,-0.35,-0.4,1.02,-4.45,-3.46,-0.67
151,-0.38,-0.4,1.02,-1.81,-1.79,12.06
152,-0.38,-0.38,1.01,0.94,-1.69,24.66
153,-0.37,-0.35,0.97,2.66,-2.52,35.02
154,-0.37,-0.34,0.95,3.99,-7.29,40.87
155,-0.34,-0.31,0.93,4.19,-13.18,44.8
156,-0.33,-0.28,0.91,0.53,-19.83,45.26
157,-0.35,-0.31,0.93,-2.75,-28.05,42.5
158,-0.37,-0.37,0.95,-2.36,-36.1,39.85
159,-0.45,-0.43,0.95,-3.26,-44.27,33.88
160,-0.47,-0.45,1.03,-6.15,-52.51,31.65
161,-0.51,-0.51,1.03,-2.63,-59.7,29.4
162,-0.6,-0.6,1.07,-1.96,-66.48,25.99
163,-0.72,-0.7,1.13,1.92,-72.48,23.15
164,-0.82,-0.84,1.17,9.71,-78.57,26.82
165,-0.87,-0.95,1.25,19.32,-76.11,45.41
166,-0.92,-1.03,1.24,29.3,-70.1,69.5
167,-0.97,-1.07,1.23,36.59,-66.86,91.2
168,-0.96,-1.12,1.14,42.7,-59.85,111.28
169,-0.87,-1.11,1.15,47.96,-51.72,142.47
170,-0.67,-1.03,1.08,52.19,-33.4,172.6
171,-0.39,-0.88,0.96,47.98,-7.19,209.33
172,-0.17,-0.87,0.89,49.6,6.6,244.87
173,0.08,-0.82,0.66,72.95,-1.9,250.13
174,0.53,-0.54,0.41,77.34,-30.86,250.13
175,1.01,-0.23,0.43,63.05,-49.33,238.98
176,1.26,-0.07,0.42,56.6,-60.05,198.69
177,1.43,-0.01,0.54,51.18,-67.4,154.18
178,1.46,-0.02,0.65,53.21,-64.53,122.62
179,1.41,-0.04,0.7,54.28,-57.79,101.85
180,1.34,-0.07,0.72,49.47,-47.1,90.02
181,1.35,-0.05,0.73,36.04,-30.28,89.05
182,1.4,-0.03,0.76,14.77,-11.22,83.65
183,1.34,-0.04,0.82,-2.44,6.13,74.47
184,1.27,-0.06,0.9,-9.54,18.86,62.36
185,1.1,-0.1,0.94,-8.24,25.73,48.69
186,1.02,-0.09,0.96,-3.48,27.93,35.64
187,0.96,-0.08,0.97,-1.07,33.73,22.62
188,0.87,-0.08,0.97,1.37,38.6,11.04
189,0.73,-0.12,0.95,5.57,42.96,4.53
190,0.59,-0.16,0.9,10.82,42.21,3.72
191,0.46,-0.2,0.86,12.84,33.14,6.76
192,0.46,-0.23,0.78,15.24,24.67,18.56
193,0.44,-0.19,0.8,17.32,1.7,19.06
194,0.56,-0.08,0.81,14.86,-8.3,23.37
195,0.7,0.01,0.85,6.16,-9.62,22.08
196,0.78,0.07,0.91,2.37,-7.57,19.37
197,0.81,0.11,0.95,4.01,-4.32,17.84
198,0.82,0.14,0.96,6.12,-1.54,11.14
199,0.79,0.15,0.95,8.7,-3.18,1.4
200,0.74,0.16,0.93,8.59,-4.6,-9.52
201,0.71,0.15,0.94,3.75,-2.21,-17.42
202,0.66,0.1,0.95,-2.37,3.02,-21.13
203,0.57,0.05,0.95,-6.93,8.44,-20.44
204,0.45,-0.02,0.94,-7.98,9.2,-19.91
205,0.37,-0.06,0.93,-8.27,4.48,-22.4
206,0.32,-0.1,0.92,-7.55,0.11,-23.79
207,0.28,-0.15,0.94,-7.1,-2.27,-20.9
208,0.24,-0.17,0.94,-8.33,-3.66,-16.24
209,0.22,-0.18,0.93,-10.94,-3.65,-11.63
210,0.22,-0.21,0.95,-11.65,-3.68,-8.5
211,0.22,-0.24,0.97,-9.45,-3.56,-4.39
212,0.21,-0.26,0.96,-6.08,-4.23,-2.07
213,0.2,-0.25,0.97,-2.27,-5.31,-1.08
214,0.2,-0.24,0.95,2.31,-6.15,2.15
215,0.19,-0.21,0.93,5.15,-8.08,3.24
216,0.17,-0.17,0.93,5.89,-11.27,2.5
217,0.18,-0.15,0.93,5.5,-11.42,4.99
218,0.22,-0.1,0.9,2.03,-9.64,7.19
219,0.23,-0.08,0.89,-2.27,-8.63,5.97
220,0.23,-0.08,0.88,-5.32,-10.0,2.61
221,0.2,-0.09,0.88,-6.03,-14.13,-2.61
222,0.19,-0.09,0.9,-5.92,-18.71,-9.3
223,0.19,-0.08,0.91,-6.55,-20.0,-14.37
224,0.19,-0.08,0.93,-7.27,-17.64,-15.08
225,0.18,-0.07,0.92,-9.02,-12.88,-13.37
226,0.19,-0.07,0.92,-14.6,-7.59,-13.61
227,0.2,-0.1,0.94,-16.26,-4.92,-14.56
228,0.2,-0.12,0.95,-14.94,-4.3,-18.75
229,0.19,-0.12,0.95,-13.6,-5.39,-23.56
230,0.18,-0.12,0.96,-11.84,-6.46,-27.59
231,0.18,-0.13,0.97,-10.94,-6.36,-29.55
232,0.19,-0.14,0.97,-10.79,-3.74,-28.23
233,0.21,-0.14,0.98,-11.67,1.12,-25.34
234,0.23,-0.13,0.98,-12.78,6.42,-23.19
235,0.24,-0.15,0.98,-13.33,8.89,-24.43
236,0.24,-0.17,1.0,-11.93,10.63,-24.85
237,0.23,-0.17,1.0,-9.84,10.97,-27.08
238,0.23,-0.16,1.01,-7.68,10.08,-29.75
239,0.24,-0.15,1.0,-6.13,11.53,-28.89
240,0.21,-0.15,1.0,-6.02,12.17,-31.47
241,0.24,-0.16,0.96,-2.4,13.47,-28.32
242,0.21,-0.15,0.95,-4.01,12.3,-32.05
243,0.2,-0.16,0.96,-4.08,11.37,-30.9
244,0.18,-0.13,0.97,-5.42,11.23,-29.1
245,0.2,-0.13,0.98,-8.71,12.9,-26.7
246,0.2,-0.12,0.97,-9.74,13.95,-24.74
247,0.19,-0.11,0.99,-12.86,13.52,-26.08
248,0.19,-0.13,1.0,-12.89,12.44,-27.45
249,0.18,-0.15,1.0,-11.69,9.57,-29.28
250,0.16,-0.17,1.02,-10.56,6.05,-32.24
251,0.16,-0.18,1.02,-9.38,2.92,-33.77
252,0.15,-0.2,1.02,-6.17,0.5,-34.13
253,0.15,-0.19,1.03,-6.7,0.23,-36.37
254,0.2,-0.19,1.03,-5.87,4.24,-33.83
255,0.17,-0.19,1.02,-6.96,7.63,-34.27
256,0.16,-0.18,1.01,-7.44,11.26,-32.91
257,0.14,-0.18,1.0,-8.71,14.66,-31.61
258,0.13,-0.18,1.0,-8.94,16.37,-30.47
259,0.11,-0.19,1.0,-8.88,16.01,-30.77
260,0.12,-0.2,1.01,-5.44,14.43,-31.18
261,0.11,-0.21,1.01,-3.73,12.66,-32.86
262,0.11,-0.21,1.02,0.24,12.0,-31.27
263,0.1,-0.2,1.01,4.61,10.89,-30.56
264,0.11,-0.19,1.0,6.74,11.21,-28.99
265,0.11,-0.16,0.99,8.09,11.87,-27.08
266,0.13,-0.12,0.96,5.86,14.44,-22.17
267,0.12,-0.12,0.95,1.55,16.51,-20.76
268,0.11,-0.11,0.94,-1.54,16.64,-21.91
269,0.13,-0.13,0.96,-1.33,14.27,-24.15
270,0.13,-0.13,0.95,-0.39,10.82,-28.47
271,0.13,-0.14,0.96,0.27,6.69,-32.14
272,0.14,-0.13,0.96,-0.78,5.2,-35.27
273,0.15,-0.13,0.97,-2.57,7.89,-35.91
274,0.14,-0.14,0.97,-3.76,10.69,-35.31
275,0.11,-0.15,0.99,-4.51,12.47,-35.66
276,0.12,-0.16,0.98,-2.62,14.42,-34.19
277,0.1,-0.16,0.97,-1.41,14.85,-33.23
278,0.08,-0.16,0.96,-0.57,13.86,-32.81
279,0.07,-0.17,0.95,0.51,12.68,-31.32
280,0.08,-0.16,0.94,0.95,12.47,-27.99
281,0.08,-0.14,0.93,0.88,12.62,-24.44
282,0.09,-0.12,0.92,-0.94,12.79,-22.08
283,0.11,-0.09,0.91,-3.92,14.27,-20.21
284,0.12,-0.06,0.91,-7.5,15.21,-21.01
285,0.12,-0.06,0.92,-9.94,13.49,-23.5
286,0.09,-0.07,0.92,-10.5,10.4,-28.85
287,0.07,-0.1,0.93,-9.72,5.68,-32.97
288,0.05,-0.13,0.95,-8.31,0.95,-35.34
289,0.04,-0.14,0.96,-9.9,-1.47,-36.65
290,0.03,-0.16,0.97,-10.68,-0.84,-33.96
291,0.03,-0.17,0.97,-10.85,0.75,-30.17
292,0.02,-0.18,0.97,-11.75,3.44,-25.51
293,0.02,-0.18,0.97,-13.04,5.25,-22.0
294,0.05,-0.17,0.98,-12.4,7.31,-16.15
295,0.04,-0.18,0.99,-10.85,6.73,-14.44
296,0.07,-0.18,1.0,-9.73,6.39,-14.24
297,0.09,-0.16,1.0,-7.52,5.48,-15.95
298,0.09,-0.14,1.0,-6.76,5.24,-18.29
299,0.08,-0.12,0.99,-7.59,2.39,-24.24
300,0.09,-0.13,1.01,-5.89,7.12,-18.52
301,0.11,-0.12,0.98,-7.73,6.0,-19.68
302,0.1,-0.12,0.99,-8.89,4.05,-21.27
303,0.11,-0.12,1.0,-8.53,2.37,-22.25
304,0.13,-0.13,1.01,-7.42,1.39,-23.65
305,0.15,-0.13,1.01,-6.45,0.83,-23.28
306,0.15,-0.12,1.01,-6.2,1.69,-22.84
307,0.14,-0.14,1.02,-5.92,2.4,-22.53
308,0.16,-0.15,1.01,-4.76,4.15,-21.44
309,0.15,-0.15,1.01,-2.66,5.23,-20.28
310,0.15,-0.15,0.99,-2.05,5.75,-20.01
311,0.15,-0.13,0.97,-3.3,6.21,-20.37
312,0.11,-0.12,0.97,-5.76,5.07,-21.59
313,0.12,-0.14,0.96,-5.89,5.06,-21.59
314,0.1,-0.15,0.96,-6.11,3.55,-20.98
315,0.1,-0.16,0.98,-6.63,2.24,-21.35
316,0.1,-0.17,0.99,-5.76,1.66,-20.87
317,0.11,-0.17,1.0,-4.82,2.07,-19.48
318,0.15,-0.16,1.0,-4.88,4.44,-18.4
319,0.17,-0.15,1.0,-4.73,7.31,-16.83
320,0.18,-0.15,0.99,-3.3,9.6,-15.96
321,0.18,-0.14,0.97,-2.28,10.79,-17.76
322,0.19,-0.13,0.95,0.26,10.54,-17.89
323,0.19,-0.12,0.95,1.14,9.18,-19.6
324,0.2,-0.11,0.93,-2.67,11.08,-20.51
325,0.16,-0.09,0.94,-5.18,9.58,-22.18
326,0.15,-0.09,0.92,-5.49,10.19,-22.7
327,0.12,-0.08,0.93,-8.22,10.73,-22.47
328,0.1,-0.08,0.92,-10.89,10.37,-23.87
329,0.09,-0.09,0.94,-12.82,10.64,-24.76
330,0.07,-0.11,0.95,-14.15,10.12,-25.47
331,0.05,-0.13,0.95,-15.27,9.62,-25.73
332,0.03,-0.16,0.97,-16.03,9.05,-25.35
333,0.03,-0.18,0.98,-16.56,9.1,-23.7
334,0.03,-0.2,0.98,-16.49,9.34,-21.93
335,0.03,-0.21,1.01,-14.97,8.33,-21.05
336,0.06,-0.2,1.02,-13.43,8.2,-20.73
337,0.06,-0.2,1.01,-10.47,8.21,-20.4
338,0.06,-0.2,1.01,-9.61,8.5,-20.18
339,0.07,-0.18,1.01,-8.79,9.85,-19.44
340,0.08,-0.18,0.99,-9.06,10.74,-19.0
341,0.07,-0.17,1.0,-9.98,10.56,-19.96
342,0.06,-0.17,0.98,-10.63,9.11,-22.04
343,0.04,-0.18,0.98,-11.58,6.89,-23.94
344,0.04,-0.18,0.98,-13.06,3.79,-25.84
345,0.06,-0.19,1.0,-8.43,3.78,-23.61
346,0.08,-0.19,1.01,-9.76,6.95,-20.99
347,0.06,-0.22,1.04,-6.68,8.33,-18.76
348,0.06,-0.22,1.02,-5.54,10.31,-17.56
349,0.05,-0.21,1.01,-6.04,10.5,-16.85
350,0.03,-0.21,0.99,-5.21,9.15,-18.35
351,0.01,-0.21,0.98,-4.88,7.43,-18.72
352,-0.01,-0.22,0.98,-5.44,5.18,-18.78
353,-0.04,-0.24,0.98,-5.65,3.27,-17.05
354,-0.07,-0.26,0.97,-6.02,-0.05,-16.47
355,-0.07,-0.26,0.99,-6.11,-2.16,-13.73
356,-0.06,-0.26,1.0,-6.52,-2.35,-10.54
357,-0.07,-0.27,1.01,-5.11,-2.31,-6.31
358,-0.06,-0.25,1.01,-3.66,-1.33,-1.94
359,-0.03,-0.24,1.0,-2.99,0.24,1.86
360,-0.02,-0.21,0.98,-1.69,1.41,4.8
361,-0.01,-0.2,0.97,-1.15,0.66,5.46
362,0.01,-0.18,0.96,-1.48,-0.5,5.72
363,0.01,-0.16,0.95,-2.42,-1.76,5.44
364,0.01,-0.16,0.95,-3.24,-3.92,4.63
365,0.01,-0.17,0.95,-4.04,-6.58,3.31
366,0.02,-0.17,0.97,-4.12,-8.64,2.11
367,0.04,-0.15,0.97,-4.89,-9.02,1.89
368,0.05,-0.17,0.98,-5.25,-8.01,2.01
369,0.04,-0.19,1.01,-3.63,-9.24,1.6
370,0.06,-0.19,1.01,-2.86,-8.14,2.08
371,0.07,-0.2,1.01,-1.73,-6.66,4.02
372,0.07,-0.2,1.01,-0.47,-5.78,4.87
373,0.07,-0.19,1.01,0.05,-5.6,5.34
374,0.07,-0.19,1.01,0.23,-4.73,5.37
375,0.08,-0.19,1.0,0.89,-4.82,6.01
376,0.08,-0.2,0.99,1.04,-5.46,6.07
377,0.08,-0.19,1.0,1.98,-5.85,6.02
378,0.1,-0.19,1.01,2.82,-5.18,6.23
379,0.1,-0.18,1.01,3.73,-3.84,6.79
380,0.11,-0.18,0.99,4.04,-2.76,7.69
381,0.11,-0.18,0.99,3.82,-1.8,8.01
382,0.11,-0.17,0.98,4.42,-1.18,8.56
383,0.11,-0.16,0.96,4.52,-1.66,8.26
384,0.13,-0.14,0.96,3.79,-2.75,6.85
385,0.13,-0.13,0.96,3.83,-3.32,6.07
386,0.14,-0.13,0.95,3.1,-3.56,5.5
387,0.15,-0.13,0.95,2.15,-4.3,4.05
388,0.15,-0.13,0.94,1.44,-4.05,2.88
389,0.15,-0.12,0.95,0.07,-3.96,1.72
390,0.15,-0.13,0.95,-0.92,-2.92,1.6
391,0.15,-0.12,0.95,-2.6,-2.27,0.84
392,0.14,-0.12,0.94,-4.09,-1.63,0.22
393,0.13,-0.14,0.95,-4.48,-2.66,-1.38
394,0.11,-0.16,0.96,-3.24,-5.21,-3.44
395,0.13,-0.15,0.97,-2.13,-6.24,-4.56
396,0.13,-0.17,0.97,-1.92,-5.57,-4.01
397,0.12,-0.18,0.97,-1.54,-4.63,-3.76
398,0.13,-0.18,0.98,-0.31,-3.73,-2.7
399,0.13,-0.17,0.98,0.39,-2.24,-1.85
