,accel_x,accel_y,accel_z,gyro_x,gyro_y,gyro_z
0,-0.02,-0.39,0.88,-3.8,-1.84,-10.29
1,-0.01,-0.4,0.89,-5.26,-3.7,-14.05
2,-0.01,-0.4,0.89,-5.53,-4.35,-15.21
3,0.01,-0.41,0.91,-5.64,-4.33,-13.64
4,0.01,-0.41,0.91,-5.86,-2.53,-10.77
5,-0.01,-0.4,0.9,-5.95,-0.92,-9.32
6,-0.02,-0.39,0.88,-6.93,-2.73,-7.95
7,-0.03,-0.38,0.88,-8.55,-1.73,-6.05
8,-0.03,-0.37,0.88,-10.34,-2.3,-4.82
9,-0.04,-0.38,0.89,-10.89,-2.18,-3.21
10,-0.02,-0.39,0.89,-10.91,-1.66,-0.58
11,0.02,-0.38,0.89,-11.79,-1.27,2.34
12,0.01,-0.36,0.88,-14.66,2.26,-0.02
13,0.01,-0.38,0.89,-15.16,1.47,-4.5
14,0.0,-0.42,0.91,-12.53,-1.73,-7.43
15,-0.01,-0.44,0.93,-8.06,-4.7,-11.66
16,-0.02,-0.45,0.93,-3.84,-7.44,-16.01
17,-0.02,-0.47,0.92,-0.92,-8.91,-16.0
18,-0.04,-0.48,0.94,0.92,-7.58,-14.18
19,-0.04,-0.47,0.93,1.47,-6.83,-10.24
20,-0.02,-0.46,0.93,-0.09,-4.72,-7.79
21,-0.01,-0.45,0.92,-1.76,-3.09,-7.05
22,-0.01,-0.44,0.94,-2.67,-2.34,-7.02
23,-0.02,-0.45,0.94,-0.74,-2.6,-5.19
24,-0.03,-0.44,0.94,2.49,-2.95,-2.9
25,-0.04,-0.43,0.93,4.79,-3.8,-1.88
26,-0.03,-0.41,0.91,5.45,-4.46,-0.99
27,-0.02,-0.4,0.91,4.85,-4.21,-0.35
28,-0.01,-0.39,0.91,4.06,-3.44,-0.16
29,-0.01,-0.4,0.91,3.86,-3.67,0.44
30,-0.01,-0.4,0.92,3.32,-3.6,0.05
31,0.01,-0.4,0.89,3.39,-2.99,-0.38
32,0.01,-0.39,0.91,3.15,-2.97,-2.11
33,0.0,-0.4,0.91,3.44,-2.5,-2.27
34,-0.01,-0.41,0.89,4.01,-2.6,-2.64
35,-0.02,-0.4,0.89,4.31,-4.48,-2.66
36,-0.02,-0.41,0.88,3.56,-7.05,-2.51
37,0.0,-0.39,0.88,2.03,-7.75,-2.75
38,0.03,-0.39,0.88,0.21,-7.89,-2.62
39,0.04,-0.39,0.9,-1.98,-6.36,-2.69
40,0.05,-0.39,0.92,-2.53,-5.05,-1.86
41,0.06,-0.4,0.92,-2.68,-2.06,-2.27
42,0.05,-0.39,0.93,-2.48,-0.46,-3.66
43,0.05,-0.4,0.92,-1.45,-0.19,-5.56
44,0.05,-0.39,0.92,-0.64,-0.11,-7.14
45,0.05,-0.38,0.91,-0.15,-0.37,-9.05
46,0.02,-0.38,0.91,0.52,-0.06,-10.03
47,0.0,-0.37,0.9,0.31,-0.55,-9.41
48,-0.0,-0.36,0.9,-1.21,0.31,-8.72
49,-0.01,-0.35,0.89,-2.6,0.59,-8.5
50,-0.02,-0.35,0.89,-3.64,0.37,-8.04
51,-0.01,-0.34,0.86,-4.98,-0.41,-5.92
52,-0.02,-0.34,0.86,-6.3,-1.51,-6.18
53,-0.02,-0.35,0.87,-7.21,-3.61,-5.88
54,0.0,-0.36,0.87,-7.97,-4.11,-5.26
55,0.03,-0.35,0.87,-9.81,-2.53,-7.15
56,0.03,-0.36,0.86,-10.39,-3.4,-9.01
57,0.02,-0.39,0.87,-11.05,-5.15,-11.9
58,0.02,-0.4,0.88,-11.34,-7.09,-12.96
59,0.04,-0.41,0.89,-11.86,-6.36,-13.02
60,0.04,-0.41,0.91,-11.7,-3.47,-12.94
61,0.03,-0.42,0.92,-10.92,-1.08,-11.6
62,0.02,-0.42,0.92,-9.65,1.32,-10.31
63,0.02,-0.42,0.9,-9.16,1.53,-9.56
64,0.02,-0.4,0.9,-8.27,1.85,-9.89
65,0.01,-0.4,0.9,-7.53,1.23,-10.21
66,0.0,-0.4,0.89,-6.74,-1.69,-9.9
67,-0.0,-0.4,0.9,-6.05,-2.81,-9.11
68,0.0,-0.41,0.92,-5.72,-2.7,-7.05
69,0.0,-0.41,0.91,-5.11,-1.16,-5.53
70,0.0,-0.4,0.91,-4.32,-0.04,-4.23
71,0.0,-0.41,0.9,-3.65,0.73,-2.79
72,0.02,-0.4,0.89,-2.78,-0.58,-2.69
73,0.02,-0.41,0.89,-3.58,-0.01,-5.31
74,0.01,-0.41,0.9,-3.82,-2.09,-6.63
75,0.01,-0.41,0.89,-4.31,-3.44,-7.46
76,0.01,-0.42,0.89,-5.4,-3.44,-6.64
77,0.01,-0.43,0.88,-7.66,-3.65,-5.24
78,-0.01,-0.45,0.9,-9.15,-2.57,-4.4
79,0.01,-0.46,0.91,-8.66,-2.25,-3.49
80,0.02,-0.46,0.92,-6.79,-1.51,-3.7
81,0.0,-0.46,0.91,-5.23,-0.8,-6.25
82,-0.01,-0.46,0.9,-3.09,-1.79,-7.9
83,-0.02,-0.45,0.89,-1.68,-2.35,-8.75
84,-0.03,-0.44,0.88,-1.44,-4.62,-7.05
85,-0.04,-0.42,0.87,-2.37,-5.77,-5.23
86,-0.04,-0.42,0.87,-3.8,-5.85,-3.24
87,-0.03,-0.42,0.88,-4.56,-8.4,-0.92
88,-0.03,-0.42,0.88,-5.12,-10.32,0.59
89,-0.01,-0.42,0.89,-6.83,-11.24,1.92
90,0.0,-0.43,0.89,-8.99,-10.89,3.11
91,0.01,-0.43,0.9,-11.51,-9.57,4.16
92,0.03,-0.46,0.93,-12.99,-6.87,4.68
93,0.04,-0.45,0.94,-13.85,-4.2,4.34
94,0.0,-0.47,0.95,-10.8,-1.92,3.19
95,0.01,-0.49,0.95,-8.12,-2.76,0.66
96,-0.0,-0.49,0.94,-4.92,-3.07,-3.33
97,-0.01,-0.48,0.94,-2.62,-5.21,-5.07
98,-0.02,-0.48,0.92,-1.63,-5.09,-5.28
99,-0.01,-0.46,0.91,-1.87,-5.76,-5.08
100,-0.02,-0.46,0.91,-3.82,-5.49,-4.07
101,-0.03,-0.45,0.9,-6.66,-4.96,-2.18
102,-0.07,-0.45,0.9,-10.05,-2.31,0.21
103,-0.09,-0.45,0.9,-13.03,0.76,1.41
104,-0.14,-0.47,0.91,-15.4,1.52,3.16
105,-0.16,-0.5,0.89,-16.05,1.03,5.97
106,-0.23,-0.51,0.89,-14.76,-3.69,7.18
107,-0.27,-0.54,0.89,-12.62,-8.6,7.98
108,-0.29,-0.54,0.89,-11.5,-10.49,10.29
109,-0.34,-0.54,0.86,-11.05,-13.06,13.14
110,-0.4,-0.56,0.83,-12.2,-11.08,16.82
111,-0.49,-0.58,0.8,-15.42,-9.79,23.25
112,-0.62,-0.59,0.76,-20.56,-11.07,32.98
113,-0.74,-0.62,0.72,-28.3,-10.34,48.14
114,-0.84,-0.62,0.66,-41.36,-9.24,65.12
115,-1.0,-0.67,0.62,-55.13,-9.68,81.53
116,-1.21,-0.82,0.6,-65.38,-17.05,92.44
117,-1.38,-0.98,0.6,-70.99,-25.8,107.85
118,-1.42,-1.18,0.63,-65.31,-32.17,125.5
119,-1.47,-1.34,0.62,-53.86,-38.36,138.45
120,-1.56,-1.4,0.61,-36.08,-49.88,154.6
121,-1.55,-1.47,0.51,-15.2,-56.67,173.01
122,-1.58,-1.47,0.3,-2.02,-60.69,185.38
123,-1.44,-1.27,0.34,-1.05,-80.48,221.14
124,-1.41,-1.13,0.23,1.66,-89.69,242.06
125,-1.08,-1.09,0.15,-0.02,-111.21,250.13
126,-0.77,-0.96,0.2,-6.1,-118.97,250.13
127,-0.32,-1.03,0.39,-10.09,-125.17,250.13
128,0.03,-1.0,0.42,-9.13,-143.11,250.13
129,0.44,-0.88,0.49,-14.0,-129.76,250.13
130,0.8,-0.91,0.62,-35.63,-142.54,234.68
131,1.01,-0.9,0.74,-44.65,-131.27,211.15
132,1.16,-0.95,0.84,-58.34,-122.27,195.53
133,1.43,-1.1,1.06,-68.55,-87.95,183.75
134,1.44,-1.29,1.25,-58.74,-44.79,168.93
135,1.2,-1.55,1.39,-11.2,-31.94,139.73
136,0.85,-1.57,1.28,50.22,-42.04,106.76
137,0.66,-1.39,1.13,104.07,-67.24,85.92
138,0.73,-1.17,0.93,134.27,-84.88,77.63
139,0.94,-0.86,0.75,136.05,-80.55,78.98
140,1.14,-0.57,0.61,109.09,-63.82,81.76
141,1.33,-0.4,0.58,69.53,-36.99,84.21
142,1.43,-0.36,0.65,39.98,-19.11,79.14
143,1.36,-0.34,0.71,18.83,-11.21,64.9
144,1.25,-0.37,0.79,6.95,-11.33,50.08
145,1.15,-0.37,0.86,1.75,-15.91,39.18
146,1.08,-0.34,0.91,1.03,-26.69,31.64
147,1.03,-0.29,0.93,-0.65,-25.44,22.34
148,1.09,-0.29,1.03,8.67,-24.48,18.63
149,1.15,-0.26,1.05,12.27,-15.49,13.98
150,1.11,-0.22,1.04,23.53,2.39,6.59
151,0.93,-0.15,0.97,34.79,8.04,-3.76
152,0.79,-0.09,0.9,38.54,10.04,-12.16
153,0.68,-0.04,0.85,38.55,9.61,-17.57
154,0.7,0.06,0.82,33.69,9.24,-24.72
155,0.67,0.09,0.79,23.37,19.64,-37.35
156,0.53,0.04,0.8,11.89,25.25,-46.31
157,0.36,-0.03,0.81,6.74,25.58,-52.02
158,0.21,-0.12,0.81,5.96,19.63,-60.09
159,0.11,-0.23,0.85,6.82,8.27,-66.63
160,0.11,-0.3,0.87,7.14,-1.52,-70.1
161,0.1,-0.34,0.88,6.66,-5.33,-72.34
162,0.11,-0.4,0.92,3.21,-6.59,-70.42
163,0.16,-0.44,0.95,-2.44,-2.69,-65.07
164,0.19,-0.46,0.98,-7.48,3.45,-63.28
165,0.22,-0.48,1.01,-7.99,6.6,-65.21
166,0.15,-0.47,1.01,-4.95,7.37,-66.73
167,0.11,-0.46,1.02,-2.58,4.21,-66.4
168,0.14,-0.44,1.02,-0.74,3.6,-65.68
169,0.15,-0.41,1.0,-2.18,2.89,-67.34
170,0.17,-0.42,1.0,-4.51,7.94,-68.99
171,0.18,-0.42,0.98,-9.51,15.66,-68.66
172,0.15,-0.42,0.95,-15.16,21.55,-68.22
173,0.1,-0.41,0.91,-19.58,22.04,-67.24
174,0.09,-0.44,0.9,-23.02,20.48,-68.21
175,0.05,-0.47,0.92,-22.18,20.26,-69.99
176,-0.02,-0.49,0.91,-20.2,17.7,-69.54
177,-0.05,-0.47,0.88,-22.45,12.79,-64.68
178,0.01,-0.48,0.88,-25.41,12.71,-62.91
179,0.06,-0.53,0.94,-24.63,18.07,-60.74
180,0.1,-0.56,0.94,-18.91,27.4,-60.63
181,0.11,-0.55,0.95,-10.92,35.57,-63.08
182,0.06,-0.52,0.92,-2.83,42.27,-65.09
183,-0.06,-0.49,0.87,2.76,41.0,-66.73
184,-0.11,-0.44,0.81,5.18,34.16,-65.51
185,-0.1,-0.4,0.77,-0.08,29.8,-64.11
186,-0.09,-0.4,0.77,-9.14,29.44,-60.31
187,-0.1,-0.42,0.78,-15.82,29.24,-54.47
188,-0.12,-0.45,0.78,-20.68,25.63,-50.46
189,-0.09,-0.49,0.82,-21.59,23.84,-46.28
190,-0.1,-0.49,0.82,-21.44,24.02,-45.03
191,-0.09,-0.48,0.82,-18.76,25.6,-43.26
192,-0.1,-0.47,0.82,-20.6,25.24,-45.09
193,-0.09,-0.44,0.81,-20.87,22.95,-48.63
194,-0.08,-0.44,0.83,-21.33,23.89,-52.31
195,-0.06,-0.49,0.87,-19.61,26.08,-53.23
196,-0.03,-0.52,0.93,-13.37,27.45,-53.15
197,-0.0,-0.52,0.89,-12.32,35.56,-49.11
198,-0.05,-0.49,0.92,-9.12,38.56,-46.67
199,-0.07,-0.48,0.91,-2.92,39.0,-47.4
200,-0.11,-0.47,0.87,0.55,38.05,-46.81
201,-0.2,-0.48,0.86,3.28,37.63,-47.17
202,-0.22,-0.49,0.84,3.79,31.53,-42.23
203,-0.17,-0.48,0.83,3.57,28.05,-39.87
204,-0.13,-0.45,0.8,0.78,26.33,-42.74
205,-0.15,-0.43,0.78,-2.44,23.66,-49.1
206,-0.16,-0.41,0.81,-2.65,19.28,-53.4
207,-0.17,-0.39,0.83,-1.26,16.23,-55.99
208,-0.14,-0.37,0.84,-1.99,20.44,-57.12
209,-0.14,-0.38,0.85,-4.33,26.53,-56.34
210,-0.18,-0.4,0.87,-5.6,31.51,-47.74
211,-0.19,-0.44,0.84,-4.44,33.6,-40.4
212,-0.21,-0.47,0.81,-0.97,31.0,-36.95
213,-0.2,-0.48,0.81,3.3,24.15,-37.42
214,-0.18,-0.45,0.8,5.57,17.24,-39.46
215,-0.15,-0.39,0.79,4.63,11.3,-45.14
216,-0.1,-0.33,0.78,-3.43,11.53,-53.59
217,-0.09,-0.35,0.82,-9.72,15.4,-57.24
218,-0.13,-0.39,0.87,-15.01,17.32,-54.09
219,-0.13,-0.43,0.88,-18.85,23.46,-49.78
220,-0.16,-0.5,0.9,-18.17,25.43,-46.78
221,-0.21,-0.56,0.9,-14.62,25.63,-43.56
222,-0.23,-0.58,0.88,-9.41,20.77,-39.47
223,-0.22,-0.56,0.86,-5.54,16.42,-35.75
224,-0.21,-0.51,0.84,-4.24,11.2,-33.11
225,-0.17,-0.44,0.83,-6.78,9.33,-31.87
226,-0.11,-0.41,0.85,-10.77,10.24,-30.95
227,-0.06,-0.39,0.87,-14.85,13.97,-32.44
228,-0.07,-0.43,0.9,-15.95,16.38,-32.79
229,-0.09,-0.46,0.91,-13.95,16.26,-29.76
230,-0.09,-0.5,0.89,-10.89,14.16,-27.43
231,-0.09,-0.52,0.87,-7.92,10.8,-25.82
232,-0.07,-0.55,0.88,-5.21,7.66,-27.09
233,-0.07,-0.51,0.88,-3.91,5.98,-28.36
234,-0.07,-0.51,0.87,-3.31,6.44,-27.73
235,-0.04,-0.49,0.89,-4.69,9.15,-27.13
236,-0.04,-0.48,0.9,-5.24,13.67,-25.2
237,-0.05,-0.5,0.88,-5.92,15.76,-24.08
238,-0.06,-0.5,0.88,-6.62,14.33,-23.3
239,-0.06,-0.51,0.89,-6.55,12.02,-19.6
240,-0.06,-0.52,0.88,-5.45,13.63,-17.99
241,-0.09,-0.54,0.87,-3.49,12.86,-16.66
242,-0.07,-0.54,0.88,-1.57,12.69,-12.08
243,-0.04,-0.5,0.87,-0.71,15.02,-10.75
244,-0.03,-0.47,0.86,-0.63,15.37,-12.24
245,-0.03,-0.43,0.85,-1.65,14.76,-16.61
246,-0.04,-0.42,0.83,-2.05,14.46,-21.63
247,-0.06,-0.44,0.84,-2.07,12.05,-26.97
248,-0.08,-0.46,0.85,-0.85,8.69,-31.44
249,-0.07,-0.46,0.85,-0.85,5.78,-34.48
250,-0.06,-0.45,0.86,-1.56,4.54,-34.85
251,-0.1,-0.48,0.87,-1.95,3.27,-34.52
252,-0.13,-0.51,0.88,-1.4,0.45,-31.05
253,-0.13,-0.5,0.87,-1.27,-0.08,-27.47
254,-0.09,-0.49,0.88,-2.72,2.37,-24.35
255,-0.09,-0.48,0.89,-4.31,6.69,-22.1
256,-0.11,-0.47,0.89,-5.03,8.73,-19.88
257,-0.14,-0.48,0.88,-5.16,9.16,-17.64
258,-0.12,-0.47,0.9,-5.15,9.94,-14.4
259,-0.12,-0.47,0.87,-8.08,11.35,-14.69
260,-0.15,-0.48,0.87,-8.85,10.54,-14.47
261,-0.16,-0.5,0.88,-7.92,7.82,-14.11
262,-0.15,-0.49,0.87,-7.22,6.56,-13.01
263,-0.13,-0.5,0.86,-7.73,7.27,-14.28
264,-0.11,-0.5,0.86,-7.65,7.4,-15.91
265,-0.13,-0.52,0.86,-7.68,7.21,-18.13
266,-0.17,-0.55,0.88,-4.64,2.72,-16.75
267,-0.16,-0.55,0.88,-1.78,-1.11,-15.5
268,-0.12,-0.55,0.88,-1.66,-1.62,-15.47
269,-0.1,-0.53,0.88,-1.33,-1.31,-15.01
270,-0.08,-0.52,0.87,-2.24,-1.52,-15.24
271,-0.12,-0.55,0.89,-2.02,-1.53,-15.53
272,-0.15,-0.56,0.88,0.66,-4.17,-15.18
273,-0.13,-0.56,0.89,2.62,-5.31,-13.45
274,-0.11,-0.54,0.89,3.64,-4.17,-11.99
275,-0.08,-0.53,0.88,2.5,-1.97,-10.31
276,-0.06,-0.52,0.9,0.98,0.95,-6.74
277,-0.06,-0.52,0.9,0.34,4.18,-5.23
278,-0.08,-0.52,0.9,0.44,5.72,-3.59
279,-0.11,-0.53,0.88,2.14,5.05,-2.46
280,-0.12,-0.52,0.87,3.05,2.66,-3.11
281,-0.1,-0.52,0.87,5.4,1.01,-3.4
282,-0.11,-0.51,0.84,4.65,-1.31,-4.76
283,-0.1,-0.5,0.85,4.08,-4.07,-5.17
284,-0.09,-0.49,0.84,2.98,-4.58,-5.76
285,-0.07,-0.48,0.84,1.72,-4.6,-6.45
286,-0.06,-0.48,0.85,0.9,-3.83,-5.89
287,-0.06,-0.47,0.86,0.13,-4.1,-3.69
288,-0.05,-0.46,0.86,-0.86,-1.76,-2.6
289,-0.04,-0.45,0.86,-1.89,-0.18,-0.28
290,-0.04,-0.43,0.84,-3.64,2.43,-0.24
291,-0.02,-0.42,0.84,-4.83,5.24,-0.27
292,-0.03,-0.43,0.84,-6.16,5.86,-3.58
293,-0.02,-0.44,0.85,-6.31,5.37,-4.07
294,-0.04,-0.45,0.85,-4.53,4.04,-6.81
295,-0.03,-0.44,0.86,-3.53,1.87,-10.54
296,-0.02,-0.45,0.87,-3.06,0.54,-13.39
297,-0.02,-0.45,0.86,-3.03,0.78,-14.34
298,-0.03,-0.43,0.86,-2.93,2.27,-13.93
299,-0.02,-0.43,0.86,-3.58,3.49,-12.92
300,-0.03,-0.42,0.86,-5.4,4.92,-10.23
301,-0.0,-0.41,0.86,-7.24,6.46,-7.9
302,-0.01,-0.42,0.86,-9.22,8.37,-8.92
303,-0.03,-0.43,0.85,-10.13,7.87,-10.63
304,-0.03,-0.45,0.86,-9.15,5.27,-12.43
305,-0.02,-0.47,0.85,-8.66,4.31,-15.47
306,-0.03,-0.48,0.87,-7.02,1.66,-18.08
307,-0.05,-0.49,0.88,-4.43,-0.47,-18.09
308,-0.04,-0.51,0.87,-2.27,-2.63,-17.81
309,-0.03,-0.51,0.89,-0.62,-1.72,-14.91
310,-0.04,-0.51,0.89,1.28,0.55,-10.92
311,-0.05,-0.51,0.88,2.16,0.38,-7.46
312,-0.05,-0.49,0.86,2.54,0.68,-4.19
313,-0.05,-0.47,0.87,1.64,1.78,-3.4
314,-0.06,-0.47,0.86,2.85,0.18,-1.96
315,-0.06,-0.47,0.86,2.66,0.85,-0.97
316,-0.04,-0.46,0.87,0.89,1.73,0.65
317,-0.02,-0.46,0.88,0.66,3.05,2.85
318,-0.04,-0.48,0.88,1.44,3.82,2.57
319,-0.06,-0.48,0.87,3.14,1.55,3.11
320,-0.05,-0.48,0.87,3.8,0.15,1.94
321,-0.04,-0.47,0.87,3.57,-1.96,0.75
322,-0.04,-0.47,0.86,3.21,-2.44,0.52
323,-0.05,-0.48,0.87,2.43,-2.47,0.22
324,-0.04,-0.47,0.88,2.19,-2.1,1.57
325,-0.06,-0.48,0.88,3.09,-0.95,2.57
326,-0.07,-0.48,0.88,4.12,-0.97,3.16
327,-0.06,-0.46,0.87,3.79,-0.36,3.42
328,-0.06,-0.45,0.87,3.24,-0.29,3.17
329,-0.07,-0.45,0.87,2.36,-1.05,2.18
330,-0.04,-0.44,0.86,1.66,-0.98,2.58
331,-0.04,-0.44,0.86,1.27,-0.05,0.37
332,-0.05,-0.45,0.87,1.3,-1.27,-0.85
333,-0.05,-0.46,0.87,2.45,-3.44,-1.07
334,-0.04,-0.46,0.88,3.63,-4.54,-0.08
335,-0.04,-0.46,0.86,3.45,-3.4,-0.36
336,-0.04,-0.45,0.87,2.19,-2.7,-0.72
337,-0.03,-0.45,0.87,1.86,-2.83,-0.29
338,-0.04,-0.45,0.87,0.98,-2.56,-0.84
339,-0.06,-0.46,0.86,1.12,-4.5,-1.76
340,-0.05,-0.45,0.86,0.44,-6.12,-2.41
341,-0.03,-0.44,0.85,-0.82,-7.13,-2.97
342,-0.03,-0.44,0.86,-1.99,-6.38,-2.85
343,-0.04,-0.45,0.87,-2.3,-7.01,-1.98
344,-0.03,-0.44,0.87,-2.95,-7.61,-2.28
345,-0.03,-0.44,0.87,-3.66,-7.3,-3.31
346,-0.04,-0.45,0.88,-3.02,-8.65,-3.8
347,-0.04,-0.44,0.87,-3.24,-9.18,-4.18
348,-0.02,-0.44,0.88,-3.37,-8.69,-4.02
349,-0.01,-0.45,0.88,-3.39,-7.7,-3.6
350,-0.02,-0.45,0.89,-2.62,-7.9,-3.45
351,0.0,-0.45,0.9,-3.23,-7.56,-3.72
352,0.02,-0.46,0.9,-3.31,-5.79,-3.84
353,0.02,-0.46,0.91,-2.86,-4.7,-4.11
354,0.0,-0.47,0.91,-1.64,-3.82,-3.89
355,0.01,-0.47,0.91,-0.23,-3.47,-3.16
356,0.02,-0.45,0.9,-0.15,-2.73,-2.8
357,0.01,-0.45,0.9,-0.59,-1.43,-2.62
358,0.0,-0.44,0.88,-0.05,-2.21,-3.01
359,-0.02,-0.44,0.88,-0.05,-3.44,-3.38
360,-0.01,-0.44,0.88,0.15,-3.72,-3.95
361,-0.02,-0.44,0.87,-0.16,-3.75,-3.99
362,-0.02,-0.43,0.86,-0.13,-3.82,-3.31
363,-0.02,-0.44,0.86,-1.31,-3.11,-2.92
364,-0.03,-0.45,0.87,-2.62,-4.44,-2.58
365,-0.03,-0.46,0.87,-2.61,-4.37,-2.09
366,-0.02,-0.46,0.87,-2.69,-4.22,-0.77
367,-0.02,-0.46,0.87,-3.7,-3.63,-1.58
368,-0.0,-0.46,0.87,-5.6,-2.47,-3.02
369,-0.02,-0.47,0.88,-5.4,-2.98,-3.4
370,-0.04,-0.46,0.89,-4.98,-4.18,-1.99
371,-0.02,-0.46,0.88,-5.34,-3.16,-1.26
372,-0.01,-0.46,0.88,-6.29,-2.82,-2.2
373,0.0,-0.46,0.89,-6.73,-2.38,-3.73
374,-0.0,-0.47,0.9,-5.2,-2.08,-3.18
375,-0.03,-0.48,0.9,-2.69,-2.69,-2.55
376,-0.01,-0.45,0.9,-2.39,-1.82,-2.68
377,0.0,-0.44,0.88,-2.82,-0.57,-2.28
378,0.01,-0.43,0.9,-3.94,1.6,-1.98
379,-0.02,-0.44,0.87,-3.24,0.5,-1.61
380,-0.02,-0.43,0.86,-2.37,-1.43,-1.19
381,-0.03,-0.42,0.86,-3.36,-2.44,-0.77
382,-0.01,-0.42,0.85,-3.99,-3.1,-2.59
383,-0.01,-0.43,0.86,-4.78,-2.57,-4.8
384,-0.03,-0.44,0.86,-4.89,-4.25,-4.89
385,-0.04,-0.45,0.87,-3.96,-6.12,-4.14
386,-0.03,-0.46,0.86,-4.42,-7.36,-3.73
387,-0.01,-0.47,0.86,-5.76,-8.02,-2.07
388,0.02,-0.47,0.86,-7.12,-6.17,-2.92
389,0.01,-0.49,0.88,-7.81,-5.86,-4.21
390,0.01,-0.49,0.89,-6.63,-5.89,-3.37
391,0.02,-0.49,0.9,-5.22,-4.62,-1.92
392,0.02,-0.49,0.9,-3.43,-2.21,-2.66
393,0.01,-0.49,0.9,-2.18,-1.6,-4.68
394,0.0,-0.49,0.89,-0.74,-2.95,-4.66
395,0.0,-0.48,0.89,0.15,-3.32,-4.96
396,0.01,-0.47,0.88,-0.89,-3.21,-5.82
397,0.02,-0.46,0.89,-2.21,-3.08,-6.1
398,0.01,-0.47,0.89,-2.57,-1.54,-5.51
399,0.01,-0.47,0.89,-2.05,-0.79,-4.21
400,0.02,-0.46,0.9,-2.05,0.66,-2.79
