,accel_x,accel_y,accel_z,gyro_x,gyro_y,gyro_z
0,-0.02,-0.27,0.97,4.85,-7.3,8.29
1,-0.02,-0.28,0.97,6.69,-8.18,8.78
2,-0.01,-0.26,0.97,7.68,-7.28,10.76
3,-0.02,-0.26,0.98,7.53,-6.92,10.54
4,-0.03,-0.25,0.97,7.18,-4.95,12.4
5,-0.01,-0.24,0.96,6.94,-3.56,12.65
6,-0.02,-0.24,0.97,6.65,-3.5,11.79
7,-0.02,-0.23,0.96,6.51,-4.77,9.89
8,-0.03,-0.23,0.97,6.21,-5.44,8.09
9,-0.02,-0.23,0.96,5.95,-4.98,8.37
10,-0.02,-0.23,0.96,4.85,-5.81,7.59
11,-0.02,-0.23,0.95,3.4,-6.81,6.34
12,-0.02,-0.23,0.96,2.57,-7.53,5.63
13,-0.01,-0.22,0.95,1.62,-7.84,4.44
14,0.0,-0.23,0.96,1.8,-8.49,4.63
15,-0.01,-0.23,0.97,1.82,-8.7,3.95
16,0.01,-0.23,0.98,1.84,-8.58,3.57
17,0.02,-0.22,0.97,1.73,-6.14,4.43
18,0.02,-0.22,0.97,0.76,-4.6,3.68
19,0.02,-0.21,0.95,0.29,-3.71,3.79
20,0.01,-0.21,0.96,-0.08,-3.98,2.69
21,0.0,-0.21,0.96,-0.69,-4.69,1.72
22,-0.01,-0.22,0.96,-0.88,-5.5,1.04
23,0.0,-0.22,0.96,0.08,-5.12,1.76
24,0.01,-0.22,0.97,-0.13,-3.67,2.59
25,0.02,-0.22,0.97,-0.86,-2.69,1.71
26,0.03,-0.22,0.96,-1.04,-1.66,1.44
27,0.02,-0.21,0.95,-1.18,-0.47,1.11
28,0.02,-0.21,0.93,-2.53,-1.54,-0.9
29,0.02,-0.22,0.95,-2.92,-2.48,-1.39
30,0.02,-0.2,0.94,-3.9,-2.11,-1.34
31,0.02,-0.2,0.94,-4.58,-2.14,-2.09
32,0.02,-0.22,0.95,-5.17,-1.82,-2.05
33,0.02,-0.22,0.96,-4.53,-2.57,-1.79
34,0.02,-0.23,0.98,-3.43,-2.61,-2.53
35,0.02,-0.23,0.98,-2.55,-1.82,-1.85
36,0.02,-0.22,0.97,-2.73,-1.12,-2.79
37,0.02,-0.22,0.96,-3.23,-0.41,-3.02
38,0.01,-0.22,0.96,-3.07,-0.31,-2.41
39,0.02,-0.21,0.96,-4.17,0.54,-2.67
40,0.02,-0.22,0.96,-4.77,0.85,-2.91
41,0.02,-0.21,0.96,-5.41,0.65,-3.89
42,0.02,-0.22,0.97,-5.53,-0.61,-5.36
43,0.02,-0.23,0.98,-4.88,-1.94,-6.64
44,0.01,-0.25,0.98,-4.61,-2.44,-7.3
45,0.0,-0.26,0.98,-3.42,-2.85,-6.1
46,0.01,-0.26,1.0,-2.68,-1.99,-5.53
47,0.01,-0.25,1.0,-1.88,-0.28,-4.6
48,0.02,-0.24,1.0,-1.76,2.05,-3.51
49,0.01,-0.24,0.98,-1.66,3.12,-2.76
50,0.01,-0.24,0.98,-0.99,2.23,-3.72
51,0.0,-0.22,0.98,-0.25,1.24,-4.34
52,0.0,-0.23,0.96,0.25,0.8,-5.19
53,-0.01,-0.23,0.98,0.92,0.08,-6.03
54,0.0,-0.23,0.96,1.33,0.44,-6.22
55,-0.0,-0.22,0.97,1.06,1.77,-5.27
56,0.0,-0.22,0.96,0.69,3.72,-5.04
57,0.0,-0.23,0.96,2.37,3.95,-2.09
58,-0.0,-0.21,0.96,3.47,5.16,0.56
59,-0.01,-0.22,0.95,3.12,5.38,0.95
60,-0.02,-0.22,0.95,4.0,3.07,2.02
61,-0.03,-0.22,0.96,5.21,1.47,2.5
62,-0.01,-0.23,0.96,5.98,1.55,4.15
63,-0.02,-0.23,0.96,6.4,2.03,4.53
64,-0.02,-0.22,0.96,6.47,1.54,5.98
65,-0.01,-0.22,0.96,6.3,2.31,6.26
66,-0.02,-0.22,0.96,6.08,0.89,5.14
67,-0.01,-0.2,0.96,6.36,1.36,6.08
68,0.01,-0.21,0.98,4.34,0.47,4.76
69,0.01,-0.19,0.95,4.48,-2.07,2.83
70,0.0,-0.19,0.96,3.42,-4.59,0.46
71,-0.01,-0.2,0.97,2.86,-8.03,-1.97
72,-0.01,-0.2,0.97,1.5,-9.3,-3.89
73,0.0,-0.21,0.97,1.09,-9.08,-4.17
74,-0.01,-0.21,0.97,0.17,-6.6,-1.88
75,0.0,-0.21,0.98,-0.64,-5.98,-0.47
76,-0.0,-0.21,0.99,0.14,-4.76,0.53
77,0.0,-0.21,0.99,0.66,-5.29,1.43
78,0.01,-0.2,0.98,0.6,-5.84,1.79
79,0.01,-0.2,0.99,1.34,-4.78,1.91
80,0.02,-0.2,0.98,1.76,-2.53,4.22
81,0.03,-0.19,0.97,2.45,-1.69,5.31
82,0.02,-0.18,0.96,1.47,-0.13,5.32
83,0.02,-0.19,0.95,1.11,-0.81,4.21
84,0.03,-0.19,0.95,0.5,-1.97,4.4
85,0.02,-0.19,0.96,-0.24,-1.87,4.19
86,0.01,-0.19,0.96,-0.87,-2.76,4.82
87,0.01,-0.2,0.96,-1.85,-1.89,4.81
88,0.02,-0.19,0.96,-2.31,-0.71,5.98
89,0.02,-0.19,0.97,-3.05,-0.5,5.4
90,0.01,-0.19,0.96,-2.95,-0.75,4.61
91,0.02,-0.19,0.96,-2.73,-1.18,4.94
92,0.01,-0.18,0.96,-3.16,-1.68,5.43
93,0.01,-0.18,0.96,-3.75,-1.68,4.36
94,0.02,-0.18,0.96,-4.31,-1.05,3.08
95,0.02,-0.18,0.95,-5.02,-0.44,1.84
96,0.02,-0.18,0.97,-6.68,-1.95,0.57
97,0.01,-0.18,0.96,-7.03,-3.21,-4.06
98,-0.0,-0.19,0.96,-7.37,-1.61,-3.18
99,-0.01,-0.19,0.96,-7.5,-1.05,-1.41
100,-0.0,-0.19,0.96,-8.31,0.02,-0.31
101,0.0,-0.19,0.96,-8.2,-0.35,0.82
102,0.02,-0.2,0.98,-7.73,0.46,0.36
103,-0.0,-0.25,1.04,-4.89,-7.01,-8.79
104,0.01,-0.21,0.99,-4.22,-3.66,-6.15
105,0.02,-0.21,0.99,-4.22,-2.8,-8.15
106,0.02,-0.21,0.98,-2.91,-1.18,-7.63
107,0.03,-0.2,0.96,-3.11,1.6,-7.21
108,0.01,-0.2,0.96,-3.2,1.9,-7.32
109,-0.01,-0.2,0.97,-2.81,1.46,-7.41
110,-0.01,-0.2,0.95,-2.73,0.79,-6.76
111,-0.0,-0.19,0.96,-3.37,0.93,-6.5
112,-0.0,-0.18,0.95,-4.19,1.18,-5.43
113,-0.0,-0.18,0.93,-5.4,1.71,-5.69
114,0.0,-0.18,0.94,-6.63,1.05,-5.98
115,-0.0,-0.19,0.95,-7.49,-0.27,-6.95
116,0.01,-0.2,0.95,-7.63,-1.6,-8.0
117,-0.0,-0.2,0.96,-7.69,-2.02,-8.6
118,-0.01,-0.22,0.97,-7.98,-2.76,-9.37
119,-0.01,-0.23,0.98,-7.67,-2.33,-9.79
120,-0.0,-0.23,0.99,-6.79,-1.37,-8.98
121,-0.0,-0.22,0.98,-6.51,-0.6,-8.32
122,-0.01,-0.21,0.98,-6.58,0.83,-7.83
123,-0.02,-0.23,0.99,-6.21,0.36,-7.07
124,-0.03,-0.22,0.98,-6.5,-0.39,-6.8
125,-0.03,-0.22,0.98,-5.75,-1.27,-6.05
126,-0.02,-0.22,0.98,-6.55,-0.9,-5.58
127,-0.02,-0.23,0.98,-6.34,-1.4,-6.11
128,-0.03,-0.24,1.0,-5.85,-1.43,-6.92
129,-0.04,-0.23,0.98,-5.34,-1.53,-8.27
130,-0.06,-0.23,0.97,-6.47,-2.54,-11.47
131,-0.1,-0.23,0.97,-6.95,-5.5,-14.83
132,-0.14,-0.23,0.97,-5.24,-10.13,-18.33
133,-0.15,-0.25,0.97,-4.82,-12.27,-16.47
134,-0.17,-0.25,0.96,-5.59,-13.46,-14.06
135,-0.15,-0.25,0.98,-6.22,-11.0,-6.57
136,-0.14,-0.21,0.95,-9.5,-4.25,0.96
137,-0.17,-0.19,0.97,-12.15,-1.59,4.28
138,-0.23,-0.21,0.96,-14.98,-3.61,1.03
139,-0.29,-0.23,0.98,-15.37,-12.63,-6.27
140,-0.38,-0.28,1.02,-12.21,-24.33,-12.38
141,-0.42,-0.33,1.06,-6.79,-33.79,-14.35
142,-0.47,-0.4,1.1,-1.9,-38.31,-16.07
143,-0.5,-0.44,1.1,4.61,-44.37,-12.91
144,-0.56,-0.46,1.12,11.47,-48.46,-9.7
145,-0.61,-0.51,1.15,18.42,-51.0,-6.6
146,-0.65,-0.53,1.1,25.93,-53.26,-4.69
147,-0.71,-0.6,1.1,28.69,-53.95,0.13
148,-0.79,-0.65,1.06,37.83,-58.35,8.05
149,-0.76,-0.68,1.06,40.18,-65.92,13.06
150,-0.69,-0.7,1.04,39.21,-57.81,17.37
151,-0.69,-0.72,0.84,32.41,-47.25,19.06
152,-0.63,-0.74,1.0,20.57,-40.85,28.73
153,-0.55,-0.8,0.98,25.91,-32.67,39.02
154,-0.58,-0.86,0.98,24.66,-24.55,51.87
155,-0.64,-0.87,0.99,25.26,-20.93,69.15
156,-0.6,-0.86,0.98,26.2,-12.26,97.17
157,-0.59,-0.85,0.99,25.95,-8.92,119.92
158,-0.58,-0.82,1.03,28.76,-7.71,149.66
159,-0.48,-0.76,1.07,28.73,-8.37,181.31
160,-0.23,-0.66,0.97,22.58,-0.6,218.7
161,-0.07,-0.56,0.92,25.21,-4.68,232.65
162,0.11,-0.4,0.87,18.08,-20.27,230.5
163,0.3,-0.34,0.82,16.45,-40.16,209.67
164,0.37,-0.32,0.89,28.74,-65.82,183.7
165,0.43,-0.27,0.9,43.84,-87.45,160.83
166,0.58,-0.19,0.85,49.07,-91.98,153.11
167,0.69,-0.09,0.78,47.9,-90.24,148.54
168,0.85,-0.0,0.68,39.8,-84.44,145.45
169,1.0,0.02,0.6,26.79,-73.82,139.41
170,1.03,-0.01,0.57,17.69,-70.42,127.14
171,1.05,-0.1,0.62,9.52,-70.31,111.82
172,1.05,-0.2,0.72,8.04,-70.05,100.92
173,1.05,-0.27,0.81,13.15,-64.02,95.88
174,1.07,-0.27,0.82,13.73,-53.24,96.17
175,1.11,-0.2,0.74,13.74,-46.76,96.25
176,1.14,-0.11,0.68,10.42,-40.98,95.98
177,1.27,-0.04,0.68,-1.13,-39.18,82.12
178,1.41,-0.05,0.73,-13.59,-26.9,63.27
179,1.27,-0.09,0.8,-12.6,-15.84,48.59
180,1.12,-0.12,0.84,-5.73,-13.33,37.17
181,1.06,-0.13,0.83,4.69,-14.64,28.06
182,0.94,-0.11,0.8,12.0,-13.02,20.38
183,0.83,-0.08,0.76,15.21,-12.56,18.05
184,0.8,-0.04,0.74,14.53,-11.49,17.69
185,0.78,0.01,0.7,10.66,-9.69,15.07
186,0.78,0.03,0.69,5.91,-9.43,11.31
187,0.75,0.03,0.7,1.73,-12.28,3.81
188,0.74,0.03,0.73,-1.76,-15.61,-6.23
189,0.73,0.03,0.77,-3.08,-15.8,-12.89
190,0.7,0.02,0.81,-3.99,-13.0,-17.6
191,0.69,0.02,0.83,-6.46,-8.54,-20.21
192,0.71,0.02,0.83,-10.0,-1.69,-22.89
193,0.68,0.01,0.85,-13.47,4.62,-27.05
194,0.62,0.0,0.86,-15.67,8.7,-29.5
195,0.56,-0.01,0.87,-17.34,11.06,-32.5
196,0.49,-0.03,0.87,-20.04,11.95,-33.08
197,0.46,-0.07,0.89,-20.77,13.66,-30.62
198,0.42,-0.09,0.91,-20.52,15.15,-30.05
199,0.4,-0.11,0.92,-20.67,15.72,-29.86
200,0.36,-0.13,0.93,-18.52,14.21,-31.11
201,0.32,-0.16,0.93,-13.86,10.14,-32.78
202,0.3,-0.15,0.92,-11.87,5.56,-32.69
203,0.27,-0.16,0.91,-8.52,5.31,-26.71
204,0.27,-0.17,0.93,-6.71,2.66,-19.95
205,0.27,-0.19,0.93,-2.93,0.03,-12.93
206,0.28,-0.19,0.9,-0.76,-0.56,-5.74
207,0.3,-0.16,0.87,3.35,0.25,1.38
208,0.3,-0.11,0.89,-0.65,-4.06,1.01
209,0.34,-0.08,0.87,-3.59,-1.33,5.03
210,0.37,-0.05,0.86,-3.65,0.26,4.24
211,0.42,-0.05,0.8,-9.47,1.54,-4.82
212,0.43,0.01,0.84,-18.61,4.64,-12.66
213,0.42,-0.01,0.88,-25.51,6.48,-25.79
214,0.39,-0.06,0.94,-28.34,8.83,-36.71
215,0.34,-0.13,0.98,-30.02,13.0,-42.89
216,0.25,-0.19,1.01,-30.5,15.59,-47.93
217,0.19,-0.25,1.04,-27.75,16.02,-48.94
218,0.14,-0.27,1.05,-25.08,16.36,-46.78
219,0.1,-0.27,1.04,-22.61,15.66,-43.4
220,0.08,-0.27,1.03,-19.71,14.89,-37.81
221,0.07,-0.27,1.02,-18.37,12.75,-34.4
222,0.08,-0.25,1.0,-18.47,11.46,-33.22
223,0.08,-0.27,1.0,-18.31,10.06,-33.34
224,0.12,-0.28,1.01,-17.58,11.48,-34.95
225,0.14,-0.3,1.01,-15.75,11.98,-35.53
226,0.17,-0.31,1.03,-13.36,14.48,-36.27
227,0.17,-0.3,1.04,-10.33,17.4,-38.11
228,0.18,-0.27,1.03,-7.41,20.08,-40.05
229,0.17,-0.22,1.0,-5.13,23.79,-41.11
230,0.17,-0.18,0.95,-5.9,28.18,-39.61
231,0.15,-0.17,0.93,-9.63,29.51,-39.13
232,0.14,-0.17,0.92,-14.26,28.6,-39.9
233,0.12,-0.19,0.89,-16.92,25.95,-43.83
234,0.13,-0.24,0.99,-19.29,19.94,-44.58
235,0.11,-0.24,1.0,-17.24,17.14,-46.37
236,0.11,-0.25,1.03,-17.26,16.66,-44.51
237,0.15,-0.23,1.03,-15.44,18.56,-40.37
238,0.16,-0.22,1.03,-14.04,24.51,-35.65
239,0.17,-0.21,1.02,-13.18,27.17,-33.71
240,0.18,-0.2,1.0,-10.59,28.6,-31.03
241,0.15,-0.22,0.98,-8.4,24.99,-34.14
242,0.14,-0.24,0.99,-6.88,19.02,-37.52
243,0.13,-0.24,0.99,-5.43,14.23,-39.2
244,0.14,-0.22,0.99,-5.02,12.92,-37.91
245,0.18,-0.21,0.97,-5.69,15.9,-34.92
246,0.21,-0.19,0.98,-6.35,18.19,-31.69
247,0.22,-0.18,0.97,-6.63,21.73,-29.79
248,0.22,-0.18,0.96,-7.62,23.17,-31.35
249,0.22,-0.17,0.97,-7.63,22.48,-33.81
250,0.2,-0.19,0.97,-6.92,22.23,-35.58
251,0.19,-0.19,0.99,-7.39,21.54,-37.78
252,0.21,-0.19,1.0,-6.4,21.64,-36.82
253,0.2,-0.19,1.02,-6.64,23.7,-35.98
254,0.21,-0.18,1.01,-7.84,27.85,-33.66
255,0.22,-0.18,1.01,-7.02,32.27,-30.6
256,0.21,-0.18,1.0,-8.85,35.08,-31.15
257,0.21,-0.19,1.0,-8.66,36.63,-31.39
258,0.19,-0.2,1.0,-6.73,35.41,-33.32
259,0.18,-0.19,0.99,-5.13,33.47,-36.77
260,0.19,-0.19,0.99,-3.47,33.31,-37.53
261,0.17,-0.18,0.97,-2.69,34.27,-36.9
262,0.16,-0.17,0.97,-4.18,36.08,-38.13
263,0.14,-0.19,0.95,-4.85,37.92,-40.22
264,0.12,-0.2,0.95,-5.51,38.0,-42.28
265,0.09,-0.22,0.95,-6.01,36.88,-45.25
266,0.05,-0.23,0.95,-6.1,34.07,-47.43
267,0.02,-0.24,0.96,-6.62,31.69,-49.71
268,-0.01,-0.25,0.96,-6.82,28.9,-50.45
269,-0.04,-0.26,0.99,-7.32,25.21,-49.97
270,-0.06,-0.26,0.97,-5.61,24.61,-48.03
271,-0.08,-0.26,0.96,-5.05,24.24,-44.85
272,-0.12,-0.27,0.95,-4.95,21.6,-41.98
273,-0.13,-0.25,0.94,-6.56,18.89,-37.96
274,-0.13,-0.25,0.93,-8.07,17.18,-33.89
275,-0.13,-0.25,0.94,-9.44,15.3,-30.62
276,-0.1,-0.25,0.95,-9.74,14.13,-29.27
277,-0.07,-0.24,0.96,-8.14,14.21,-26.24
278,-0.07,-0.24,0.97,-6.66,14.63,-24.94
279,-0.06,-0.23,0.95,-5.76,14.73,-23.92
280,-0.04,-0.24,0.95,-5.22,15.34,-21.41
281,-0.04,-0.22,0.94,-4.82,15.23,-20.4
282,-0.03,-0.22,0.94,-3.5,14.53,-18.21
283,-0.02,-0.21,0.94,-3.35,13.24,-17.93
284,-0.01,-0.2,0.92,-3.59,11.85,-17.72
285,-0.01,-0.2,0.93,-2.98,10.18,-16.98
286,-0.0,-0.2,0.93,-1.85,8.57,-16.22
287,-0.01,-0.19,0.93,-1.33,6.82,-16.26
288,0.0,-0.19,0.94,-1.42,6.22,-15.28
289,0.01,-0.18,0.93,-2.22,6.2,-14.76
290,0.02,-0.18,0.92,-4.44,6.46,-16.53
291,0.01,-0.17,0.93,-6.34,6.69,-17.76
292,-0.01,-0.19,0.95,-7.42,5.38,-20.5
293,-0.01,-0.21,0.97,-6.91,3.95,-23.01
294,-0.01,-0.22,0.98,-6.69,2.88,-25.31
295,-0.02,-0.22,0.98,-6.43,3.37,-25.91
296,-0.02,-0.22,0.99,-6.05,4.31,-24.67
297,-0.03,-0.23,1.01,-5.17,5.68,-23.15
298,-0.04,-0.23,1.02,-4.37,7.7,-20.53
299,-0.02,-0.23,1.01,-3.34,9.7,-17.4
300,-0.02,-0.23,1.0,-1.08,10.41,-13.81
301,-0.01,-0.21,0.98,-0.39,11.14,-10.69
302,0.0,-0.19,0.95,-1.12,10.98,-10.41
303,0.01,-0.19,0.95,-2.01,10.99,-11.5
304,0.01,-0.2,0.95,-1.7,10.75,-12.53
305,0.01,-0.2,0.96,-1.64,11.18,-12.91
306,0.02,-0.2,0.96,-1.4,11.78,-12.66
307,0.01,-0.2,0.96,-1.92,12.09,-13.35
308,0.02,-0.19,0.96,-2.14,12.39,-12.79
309,0.01,-0.19,0.94,-1.69,12.28,-12.11
310,0.0,-0.2,0.94,-1.9,11.34,-11.42
311,-0.01,-0.2,0.95,-1.11,9.09,-10.57
312,-0.04,-0.21,0.97,-0.98,5.75,-12.15
313,-0.06,-0.22,0.97,0.53,2.26,-12.46
314,-0.06,-0.23,0.97,1.21,-0.02,-11.37
315,-0.04,-0.22,0.96,0.45,-0.2,-9.75
316,-0.03,-0.21,0.96,-0.7,0.84,-8.28
317,-0.02,-0.21,0.97,-1.62,1.83,-7.0
318,-0.04,-0.2,0.97,-2.53,1.24,-6.98
319,-0.04,-0.21,0.98,-1.95,-0.15,-7.84
320,-0.05,-0.22,0.98,-1.13,-1.66,-7.96
321,-0.05,-0.22,0.98,-0.75,-2.98,-7.82
322,-0.02,-0.21,0.97,0.32,-3.08,-6.51
323,-0.0,-0.21,0.97,0.87,-1.82,-3.86
324,0.01,-0.2,0.97,0.76,-0.5,-2.21
325,0.03,-0.19,0.96,0.44,1.57,-0.54
326,0.04,-0.18,0.96,-1.12,3.53,0.27
327,0.04,-0.17,0.95,-2.74,4.66,-1.71
328,0.04,-0.18,0.97,-3.22,5.42,-4.5
329,0.04,-0.18,0.99,-3.28,4.93,-8.05
330,0.03,-0.18,0.99,-2.69,5.21,-11.17
331,0.01,-0.18,0.98,-1.96,4.6,-14.44
332,-0.01,-0.18,0.98,-1.79,4.13,-16.15
333,-0.02,-0.2,0.99,-3.47,3.02,-18.31
334,-0.05,-0.2,0.99,-3.47,2.69,-17.74
335,-0.05,-0.21,1.01,-2.46,1.82,-16.85
336,-0.05,-0.22,1.0,-2.56,2.27,-15.29
337,-0.05,-0.21,1.0,-2.24,2.73,-13.4
338,-0.04,-0.21,1.0,-1.54,3.46,-10.34
339,-0.02,-0.2,0.98,-0.12,5.74,-4.47
340,-0.01,-0.2,0.98,-0.59,7.21,-3.83
341,-0.01,-0.19,0.97,-1.31,7.89,-4.6
342,0.01,-0.19,0.99,-1.02,8.76,-5.92
343,-0.01,-0.19,0.97,-0.91,7.71,-8.63
344,-0.03,-0.19,0.96,-1.02,5.56,-11.43
345,-0.05,-0.21,0.96,-0.87,2.53,-12.52
346,-0.06,-0.2,0.96,-0.72,0.76,-12.39
347,-0.07,-0.2,0.95,-1.64,0.99,-10.01
348,-0.06,-0.19,0.96,-2.98,2.02,-7.34
349,-0.06,-0.18,0.95,-4.28,2.89,-5.21
350,-0.04,-0.17,0.94,-4.79,3.01,-2.64
351,-0.05,-0.16,0.94,-6.25,1.9,-3.44
352,-0.05,-0.16,0.92,-7.57,0.4,-4.24
353,-0.05,-0.16,0.91,-8.23,-1.89,-5.64
354,-0.06,-0.18,0.93,-9.5,-3.72,-6.54
355,-0.04,-0.18,0.93,-11.26,-3.78,-6.07
356,-0.04,-0.2,0.94,-12.25,-4.07,-6.97
357,-0.04,-0.22,0.98,-11.4,-4.85,-8.26
358,-0.03,-0.23,0.99,-9.63,-6.17,-9.82
359,-0.02,-0.23,1.01,-8.11,-5.35,-8.77
360,-0.01,-0.24,1.01,-6.47,-3.15,-6.82
361,0.02,-0.24,1.01,-2.73,0.01,-0.58
362,-0.02,-0.23,1.0,-2.97,1.78,-1.05
363,-0.02,-0.23,1.0,-2.89,2.04,-0.8
364,-0.0,-0.22,0.98,-1.27,1.26,-0.8
365,-0.02,-0.21,0.99,-1.18,0.79,-1.37
366,-0.02,-0.21,0.98,-1.33,0.32,-1.08
367,-0.02,-0.21,0.97,-2.37,-0.29,-1.66
368,-0.02,-0.22,0.98,-2.42,-0.79,-1.71
369,-0.01,-0.22,0.98,-1.6,-0.5,-0.97
370,-0.0,-0.21,0.98,-1.86,0.11,-0.19
371,0.02,-0.2,0.95,-3.42,1.71,0.31
372,0.02,-0.19,0.95,-4.15,1.89,-0.42
373,0.0,-0.19,0.95,-3.99,0.78,-1.26
374,-0.01,-0.2,0.95,-4.92,-1.41,-2.44
375,-0.01,-0.21,0.97,-6.11,-3.54,-5.24
376,-0.01,-0.21,0.97,-5.98,-4.61,-6.19
377,-0.01,-0.22,0.98,-5.66,-3.43,-6.03
378,-0.02,-0.23,0.98,-4.03,-3.02,-4.67
379,-0.03,-0.23,1.0,-3.73,-1.92,-4.3
380,-0.03,-0.24,1.0,-2.21,-0.57,-3.02
381,-0.03,-0.22,0.98,-1.69,1.35,-0.94
382,-0.04,-0.22,0.97,-2.21,1.88,-0.15
383,-0.03,-0.21,0.97,-2.77,2.8,0.37
384,-0.03,-0.2,0.95,-3.98,4.63,2.3
385,-0.04,-0.21,0.95,-5.08,5.55,3.36
386,-0.02,-0.2,0.95,-6.77,7.19,4.56
387,-0.0,-0.18,0.94,-7.82,7.96,5.43
388,0.01,-0.17,0.94,-8.44,7.2,5.11
389,-0.0,-0.17,0.93,-9.13,5.21,3.09
390,-0.01,-0.17,0.93,-9.16,1.86,-0.78
391,-0.01,-0.19,0.95,-7.51,-1.92,-2.93
392,0.0,-0.19,0.96,-5.14,-3.59,-4.03
393,0.0,-0.19,0.95,-4.78,-3.59,-5.11
394,0.0,-0.19,0.96,-5.11,-1.86,-5.15
395,-0.0,-0.2,0.96,-5.43,0.25,-4.16
396,-0.01,-0.2,0.95,-4.6,1.15,-2.31
397,-0.02,-0.19,0.94,-5.08,1.46,-1.44
398,-0.01,-0.19,0.94,-6.09,0.34,-1.55
399,-0.01,-0.2,0.94,-7.15,-0.92,-2.71
