,accel_x,accel_y,accel_z,gyro_x,gyro_y,gyro_z
0,0.01,-0.2,0.95,-7.41,-2.57,-3.6
1,0.02,-0.2,0.95,-8.71,-2.4,-5.04
2,0.01,-0.21,0.97,-8.83,-2.37,-5.18
3,0.02,-0.23,0.97,-8.43,-2.73,-6.11
4,0.02,-0.23,0.99,-8.21,-3.01,-7.13
5,0.03,-0.24,0.99,-7.58,-1.77,-5.79
6,0.04,-0.24,1.0,-6.36,-0.16,-4.53
7,0.04,-0.24,0.99,-5.46,0.44,-5.09
8,0.02,-0.25,1.01,-3.96,0.95,-5.59
9,0.01,-0.24,0.99,-3.31,2.58,-5.58
10,0.02,-0.24,0.99,-3.37,3.21,-6.49
11,0.03,-0.23,0.97,-3.63,3.87,-8.08
12,0.03,-0.23,0.99,-3.05,4.57,-8.0
13,0.0,-0.23,0.97,-2.15,4.61,-8.73
14,0.01,-0.22,0.96,-2.54,4.09,-9.54
15,-0.01,-0.21,0.96,-2.82,4.11,-10.41
16,-0.01,-0.21,0.96,-3.13,4.04,-9.91
17,-0.0,-0.21,0.94,-4.75,4.36,-9.8
18,0.01,-0.21,0.94,-6.1,4.73,-10.31
19,-0.01,-0.21,0.95,-6.71,4.94,-10.84
20,-0.02,-0.22,0.96,-6.14,4.15,-11.25
21,-0.02,-0.23,0.96,-5.44,2.58,-11.37
22,-0.03,-0.22,0.96,-5.14,2.69,-10.62
23,-0.03,-0.23,0.96,-5.18,3.58,-10.18
24,-0.03,-0.22,0.97,-4.2,4.1,-9.06
25,-0.01,-0.22,0.95,-3.23,4.25,-9.34
26,-0.01,-0.22,0.96,-3.88,4.78,-8.6
27,-0.02,-0.22,0.95,-4.05,4.61,-9.08
28,-0.04,-0.23,0.96,-3.27,4.02,-8.57
29,-0.04,-0.22,0.96,-2.69,3.26,-7.34
30,-0.04,-0.22,0.95,-3.66,2.9,-7.06
31,-0.04,-0.22,0.95,-4.35,3.08,-5.92
32,-0.03,-0.22,0.94,-5.46,3.96,-5.16
33,-0.04,-0.23,0.95,-6.37,2.63,-5.36
34,-0.04,-0.23,0.96,-5.88,1.08,-6.44
35,-0.02,-0.24,0.97,-5.85,0.31,-7.76
36,-0.01,-0.23,0.97,-5.66,-0.4,-9.47
37,-0.0,-0.24,0.98,-5.38,-0.02,-10.69
38,-0.02,-0.25,0.98,-4.63,1.18,-11.53
39,-0.03,-0.25,0.99,-3.5,2.66,-11.4
40,-0.03,-0.25,0.98,-2.39,4.53,-10.33
41,-0.05,-0.25,0.98,-2.24,5.63,-9.6
42,-0.06,-0.23,0.96,-1.09,6.57,-6.55
43,-0.06,-0.22,0.96,-2.6,6.44,-6.18
44,-0.05,-0.22,0.94,-4.62,6.79,-5.76
45,-0.05,-0.22,0.94,-5.24,6.21,-5.92
46,-0.05,-0.23,0.94,-5.62,4.57,-6.85
47,-0.06,-0.24,0.96,-5.54,3.04,-8.77
48,-0.05,-0.24,0.94,-4.12,2.51,-7.87
49,-0.06,-0.24,0.95,-3.6,2.47,-6.99
50,-0.04,-0.24,0.95,-2.84,2.47,-4.42
51,-0.04,-0.25,0.95,-2.98,2.91,-3.03
52,-0.04,-0.25,0.94,-3.15,3.57,-2.69
53,-0.06,-0.24,0.96,-2.34,2.27,-2.51
54,-0.04,-0.25,0.96,-2.79,1.37,-3.05
55,-0.04,-0.25,0.95,-2.54,1.15,-3.21
56,-0.05,-0.24,0.95,-2.4,0.81,-1.58
57,-0.03,-0.24,0.95,-2.79,1.0,-0.11
58,-0.03,-0.24,0.96,-2.34,0.69,0.39
59,-0.03,-0.25,0.97,-2.78,-0.07,-0.89
60,-0.02,-0.25,0.98,-2.95,-1.26,-2.39
61,-0.02,-0.26,0.98,-3.17,-2.1,-4.01
62,-0.02,-0.26,0.99,-2.5,-2.57,-4.25
63,-0.02,-0.27,0.99,-1.31,-2.4,-3.91
64,-0.01,-0.27,0.99,0.34,-1.39,-1.12
65,-0.0,-0.25,1.0,1.55,0.61,1.18
66,0.0,-0.24,0.97,1.27,2.74,2.8
67,-0.0,-0.24,0.96,0.35,2.99,1.3
68,0.01,-0.24,0.97,0.66,2.45,-0.28
69,0.0,-0.24,0.97,1.98,1.83,0.5
70,-0.01,-0.26,0.97,2.89,0.86,-0.4
71,-0.03,-0.25,0.96,2.19,0.57,-1.73
72,-0.03,-0.25,0.97,2.18,1.11,-1.13
73,-0.03,-0.25,0.97,2.94,1.76,-1.08
74,-0.05,-0.24,0.97,3.53,2.18,-0.8
75,-0.04,-0.23,0.96,3.24,3.09,-0.83
76,-0.04,-0.21,0.94,1.5,3.63,-1.38
77,-0.03,-0.2,0.94,1.08,3.71,0.03
78,-0.04,-0.2,0.94,-0.52,3.44,-1.31
79,-0.04,-0.19,0.92,-1.15,2.42,-1.0
80,-0.04,-0.19,0.93,-2.65,1.78,-2.0
81,-0.04,-0.19,0.93,-4.53,1.23,-3.89
82,-0.04,-0.2,0.94,-5.48,0.36,-5.08
83,-0.03,-0.19,0.93,-6.66,1.05,-4.59
84,-0.04,-0.2,0.93,-7.32,1.87,-4.56
85,-0.04,-0.2,0.94,-7.3,2.24,-5.76
86,-0.04,-0.2,0.94,-6.83,1.34,-6.89
87,-0.03,-0.21,0.95,-6.39,0.85,-6.66
88,-0.04,-0.22,0.94,-5.63,0.23,-7.56
89,-0.05,-0.23,0.96,-4.91,-0.37,-8.37
90,-0.04,-0.24,0.97,-4.18,0.0,-7.6
91,-0.03,-0.24,0.96,-3.63,0.64,-7.61
92,-0.04,-0.24,0.96,-3.94,1.33,-7.86
93,-0.04,-0.24,0.96,-4.06,0.76,-8.23
94,-0.05,-0.24,0.96,-3.72,0.73,-7.96
95,-0.05,-0.23,0.96,-3.49,0.0,-7.9
96,-0.05,-0.22,0.95,-3.89,-0.31,-8.47
97,-0.06,-0.22,0.95,-4.46,-0.63,-8.06
98,-0.05,-0.23,0.95,-5.53,-0.72,-7.88
99,-0.05,-0.23,0.95,-6.54,-1.39,-8.37
100,-0.06,-0.24,0.96,-7.12,-2.27,-9.02
101,-0.04,-0.24,0.97,-6.4,-2.91,-9.37
102,-0.04,-0.25,0.97,-6.05,-2.56,-10.54
103,-0.04,-0.26,0.98,-3.88,-3.01,-9.51
104,-0.05,-0.26,0.98,-2.83,-2.91,-9.63
105,-0.06,-0.26,0.97,-2.31,-2.27,-9.4
106,-0.06,-0.26,0.96,-1.89,-1.21,-8.66
107,-0.05,-0.24,0.96,-2.43,0.54,-7.78
108,-0.05,-0.24,0.95,-3.37,2.16,-7.06
109,-0.06,-0.23,0.94,-3.83,1.86,-6.97
110,-0.05,-0.23,0.93,-3.47,0.76,-6.37
111,-0.05,-0.21,0.94,-3.39,0.11,-5.63
112,-0.05,-0.21,0.93,-3.51,-0.21,-4.97
113,-0.05,-0.21,0.91,-4.64,0.27,-4.37
114,-0.04,-0.21,0.92,-6.56,-0.45,-5.23
115,-0.04,-0.23,0.93,-7.34,-1.3,-6.4
116,-0.03,-0.23,0.94,-7.69,-2.35,-7.99
117,-0.03,-0.24,0.95,-7.5,-3.37,-8.87
118,-0.04,-0.25,0.95,-7.21,-3.99,-10.11
119,-0.05,-0.26,0.96,-7.02,-4.27,-10.58
120,-0.07,-0.26,0.95,-7.52,-4.46,-10.06
121,-0.1,-0.26,0.94,-8.67,-4.76,-9.37
122,-0.11,-0.27,0.94,-9.38,-5.67,-8.86
123,-0.12,-0.28,0.97,-8.96,-7.42,-7.24
124,-0.08,-0.28,0.96,-7.99,-6.25,-4.31
125,-0.08,-0.27,0.97,-7.39,-4.25,-0.53
126,-0.07,-0.26,0.96,-7.56,-2.18,2.65
127,-0.08,-0.24,0.93,-8.11,-1.63,3.02
128,-0.09,-0.24,0.92,-9.02,-2.93,1.34
129,-0.1,-0.23,0.92,-10.44,-5.58,-1.31
130,-0.12,-0.24,0.91,-11.73,-8.9,-4.95
131,-0.17,-0.26,0.91,-13.34,-13.89,-9.49
132,-0.21,-0.28,0.92,-14.91,-18.96,-14.76
133,-0.24,-0.32,0.93,-15.11,-24.89,-21.24
134,-0.33,-0.34,0.94,-14.85,-33.63,-30.65
135,-0.42,-0.4,0.95,-11.92,-44.73,-39.78
136,-0.52,-0.48,0.99,-10.48,-55.33,-43.5
137,-0.6,-0.58,1.03,-8.73,-59.93,-40.28
138,-0.66,-0.63,1.05,-5.62,-59.18,-28.19
139,-0.73,-0.72,1.06,-2.79,-55.93,-11.26
140,-0.79,-0.8,1.1,2.15,-56.76,5.88
141,-0.85,-0.89,1.1,11.78,-60.33,22.16
142,-0.89,-0.96,1.15,20.72,-61.79,41.89
143,-0.89,-0.99,1.17,32.01,-59.85,65.08
144,-0.87,-1.01,1.17,43.5,-55.44,88.05
145,-0.77,-1.0,1.15,54.98,-44.68,111.41
146,-0.69,-0.94,1.09,64.13,-34.34,133.92
147,-0.62,-0.88,1.0,70.39,-28.79,151.47
148,-0.59,-0.81,0.92,72.23,-30.91,165.17
149,-0.52,-0.74,0.77,68.25,-33.46,176.4
150,-0.48,-0.64,0.74,66.42,-47.87,178.35
151,-0.43,-0.56,0.66,63.7,-55.6,179.4
152,-0.39,-0.51,0.63,58.03,-60.21,186.68
153,-0.29,-0.42,0.58,51.63,-59.52,199.6
154,-0.16,-0.31,0.52,34.67,-51.73,218.12
155,-0.01,-0.14,0.43,17.8,-48.51,230.54
156,0.21,-0.09,0.37,0.73,-47.02,234.94
157,0.42,-0.08,0.35,-15.81,-56.07,220.56
158,0.53,-0.1,0.38,-25.98,-80.66,199.59
159,0.74,-0.16,0.52,-34.15,-106.67,175.2
160,0.92,-0.22,0.74,-34.76,-124.5,146.87
161,1.17,-0.3,0.92,-30.59,-128.21,125.16
162,1.33,-0.34,1.09,-20.15,-107.02,113.61
163,1.35,-0.4,1.18,-10.4,-83.91,99.08
164,1.26,-0.41,1.2,-1.7,-67.01,85.27
165,1.14,-0.4,1.17,8.66,-51.98,72.07
166,1.04,-0.38,1.11,19.44,-47.32,59.64
167,0.96,-0.33,1.02,25.27,-44.39,48.11
168,0.86,-0.31,0.95,28.47,-42.06,39.5
169,0.76,-0.29,0.91,30.47,-42.05,36.76
170,0.74,-0.25,0.85,28.79,-41.24,39.85
171,0.74,-0.21,0.82,24.27,-37.94,43.21
172,0.76,-0.16,0.77,16.37,-34.45,45.71
173,0.8,-0.11,0.77,7.33,-29.16,43.93
174,0.82,-0.1,0.78,0.49,-24.34,39.49
175,0.83,-0.1,0.81,-2.42,-20.48,32.37
176,0.81,-0.09,0.82,-2.41,-19.95,21.82
177,0.78,-0.1,0.84,0.29,-19.89,13.93
178,0.77,-0.09,0.83,1.94,-19.89,5.37
179,0.75,-0.08,0.83,2.54,-18.23,-0.26
180,0.72,-0.09,0.83,2.35,-15.3,-3.86
181,0.68,-0.08,0.82,1.37,-13.34,-6.98
182,0.66,-0.1,0.84,0.81,-10.49,-8.7
183,0.65,-0.09,0.85,0.15,-6.12,-9.68
184,0.64,-0.08,0.85,-2.12,-0.88,-11.33
185,0.6,-0.08,0.85,-3.4,3.04,-12.98
186,0.57,-0.08,0.86,-4.98,4.37,-15.34
187,0.55,-0.09,0.86,-5.96,5.41,-17.98
188,0.52,-0.09,0.87,-6.94,5.09,-20.68
189,0.5,-0.08,0.88,-8.59,5.99,-24.45
190,0.49,-0.09,0.89,-9.22,6.85,-27.44
191,0.46,-0.1,0.91,-9.73,7.46,-30.02
192,0.44,-0.11,0.93,-10.1,8.78,-32.53
193,0.43,-0.13,0.93,-10.28,10.13,-33.98
194,0.39,-0.15,0.93,-10.42,11.09,-35.09
195,0.38,-0.17,0.94,-10.63,12.23,-35.61
196,0.38,-0.17,0.92,-11.4,14.52,-34.56
197,0.37,-0.18,0.93,-13.18,17.92,-34.86
198,0.34,-0.19,0.92,-13.59,20.13,-34.82
199,0.3,-0.19,0.92,-13.6,20.44,-34.69
200,0.29,-0.16,0.89,-14.99,19.52,-34.27
201,0.28,-0.16,0.88,-18.53,20.44,-33.5
202,0.26,-0.17,0.86,-22.89,20.82,-32.6
203,0.26,-0.18,0.87,-25.56,20.72,-29.79
204,0.22,-0.18,0.89,-28.39,21.24,-29.09
205,0.22,-0.2,0.91,-29.68,19.07,-28.42
206,0.2,-0.2,0.92,-29.86,16.15,-29.26
207,0.18,-0.2,0.94,-30.3,13.83,-28.75
208,0.18,-0.19,0.94,-29.85,12.85,-26.56
209,0.2,-0.18,0.97,-30.18,13.43,-24.91
210,0.22,-0.17,0.97,-30.89,15.11,-24.05
211,0.24,-0.17,0.99,-31.57,16.97,-25.32
212,0.24,-0.2,1.02,-28.34,17.41,-27.42
213,0.24,-0.24,1.04,-22.49,17.71,-28.6
214,0.25,-0.26,1.03,-15.26,16.99,-29.23
215,0.21,-0.27,1.03,-9.02,15.5,-30.85
216,0.22,-0.27,1.0,-4.33,14.38,-30.45
217,0.2,-0.25,0.98,-1.85,13.59,-28.06
218,0.18,-0.24,0.94,-0.79,11.58,-25.59
219,0.18,-0.21,0.94,-2.64,10.13,-22.9
220,0.22,-0.18,0.9,-6.56,10.25,-20.86
221,0.29,-0.16,0.88,-14.8,14.23,-22.73
222,0.33,-0.15,0.87,-23.11,21.4,-26.37
223,0.31,-0.18,0.9,-28.02,25.4,-32.17
224,0.25,-0.23,0.94,-28.55,25.02,-38.72
225,0.23,-0.27,0.98,-24.74,22.34,-43.34
226,0.22,-0.29,0.99,-20.24,20.87,-45.53
227,0.2,-0.3,0.98,-17.78,20.23,-47.27
228,0.19,-0.31,1.0,-14.74,21.05,-46.09
229,0.17,-0.3,0.98,-13.95,23.56,-44.1
230,0.17,-0.27,0.95,-16.05,26.51,-41.86
231,0.17,-0.27,0.96,-17.84,28.74,-38.85
232,0.16,-0.26,0.94,-20.86,28.69,-38.43
233,0.16,-0.25,0.93,-21.98,28.42,-38.07
234,0.14,-0.26,0.93,-23.18,26.22,-38.66
235,0.16,-0.25,0.92,-25.38,25.94,-38.56
236,0.16,-0.25,0.94,-27.88,25.73,-39.6
237,0.17,-0.27,0.96,-28.68,26.57,-40.31
238,0.18,-0.29,0.98,-27.36,28.76,-39.09
239,0.17,-0.31,1.0,-25.35,31.08,-37.75
240,0.19,-0.31,1.0,-23.19,33.95,-37.48
241,0.17,-0.33,0.99,-20.58,35.89,-38.18
242,0.14,-0.33,0.98,-17.98,34.02,-40.35
243,0.11,-0.35,0.95,-14.95,30.41,-43.08
244,0.09,-0.34,0.96,-13.02,24.77,-44.42
245,0.09,-0.34,0.93,-10.08,21.51,-44.85
246,0.07,-0.32,0.92,-10.15,19.12,-46.15
247,0.06,-0.33,0.93,-10.76,18.22,-43.98
248,0.06,-0.32,0.93,-11.56,19.38,-39.93
249,0.1,-0.32,0.91,-13.24,21.57,-34.74
250,0.09,-0.32,0.9,-16.37,22.79,-32.35
251,0.07,-0.34,0.91,-17.6,21.76,-32.07
252,0.06,-0.36,0.93,-16.66,19.87,-32.03
253,0.06,-0.36,0.96,-13.53,17.26,-30.32
254,0.06,-0.37,0.98,-10.73,16.02,-29.47
255,0.07,-0.38,0.98,-6.3,15.45,-29.27
256,0.07,-0.36,0.98,-2.49,15.49,-25.63
257,0.08,-0.34,0.96,0.32,15.12,-24.16
258,0.08,-0.31,0.94,-0.59,15.58,-23.83
259,0.07,-0.3,0.92,-2.18,16.27,-23.85
260,0.07,-0.31,0.92,-3.51,15.79,-23.63
261,0.06,-0.31,0.93,-3.86,14.27,-24.77
262,0.05,-0.31,0.93,-3.42,10.74,-26.73
263,0.03,-0.33,0.94,-2.06,6.4,-29.17
264,0.01,-0.36,0.97,3.14,1.3,-28.87
265,0.02,-0.36,0.99,4.72,-2.81,-28.14
266,0.06,-0.32,0.98,5.02,-1.13,-24.27
267,0.13,-0.29,0.95,3.57,3.31,-22.25
268,0.17,-0.28,0.95,1.82,8.27,-20.47
269,0.17,-0.27,0.95,0.01,10.86,-22.7
270,0.17,-0.27,0.97,-0.69,12.95,-26.96
271,0.14,-0.29,0.98,0.86,13.08,-30.06
272,0.11,-0.3,0.98,2.34,11.98,-32.77
273,0.07,-0.31,0.97,4.24,9.71,-35.21
274,0.04,-0.3,0.97,4.82,7.81,-35.28
275,0.02,-0.29,0.96,4.76,7.34,-32.92
276,0.01,-0.29,0.94,3.39,8.05,-30.37
277,0.01,-0.28,0.93,1.78,9.18,-25.59
278,0.01,-0.28,0.92,-0.89,10.84,-20.74
279,0.01,-0.27,0.9,-3.07,11.4,-16.79
280,0.02,-0.27,0.9,-4.51,11.35,-14.16
281,0.04,-0.27,0.91,-5.03,11.91,-13.39
282,0.06,-0.26,0.92,-4.69,11.81,-14.03
283,0.08,-0.26,0.93,-4.21,13.08,-14.74
284,0.08,-0.25,0.93,-3.56,13.92,-16.32
285,0.08,-0.25,0.92,-3.79,14.47,-19.11
286,0.1,-0.24,0.92,-3.85,15.5,-21.0
287,0.08,-0.24,0.91,-4.37,15.82,-23.52
288,0.06,-0.24,0.91,-4.72,14.79,-24.8
289,0.06,-0.23,0.91,-5.4,13.8,-25.0
290,0.05,-0.23,0.91,-6.41,12.92,-24.82
291,0.06,-0.24,0.92,-6.99,12.79,-23.48
292,0.06,-0.25,0.94,-6.71,13.05,-22.62
293,0.06,-0.27,0.96,-4.86,12.58,-23.06
294,0.08,-0.26,0.97,-3.2,13.27,-22.81
295,0.08,-0.28,0.99,0.7,12.31,-24.6
296,0.08,-0.29,0.99,5.39,11.24,-25.85
297,0.06,-0.28,0.95,8.73,9.27,-29.79
298,0.07,-0.28,0.94,10.51,7.76,-30.45
299,0.05,-0.27,0.93,11.17,7.69,-29.44
300,0.06,-0.25,0.91,9.38,8.31,-27.65
301,0.07,-0.24,0.92,6.46,10.16,-25.48
302,0.08,-0.24,0.91,3.74,11.82,-23.16
303,0.07,-0.25,0.92,1.24,12.86,-21.98
304,0.09,-0.25,0.92,0.07,14.27,-19.49
305,0.05,-0.26,0.93,-1.24,13.98,-19.62
306,0.05,-0.27,0.94,-1.02,13.26,-18.47
307,0.05,-0.27,0.94,-1.51,12.36,-17.58
308,0.05,-0.26,0.93,-3.16,11.83,-16.72
309,0.07,-0.27,0.94,-4.36,11.27,-16.86
310,0.07,-0.27,0.95,-6.03,10.28,-16.75
311,0.06,-0.28,0.97,-6.82,8.37,-17.75
312,0.04,-0.28,0.96,-6.51,6.38,-18.36
313,0.04,-0.3,0.98,-6.62,4.23,-19.18
314,0.05,-0.3,0.99,-5.61,3.89,-17.95
315,0.05,-0.31,1.0,-5.23,3.95,-18.76
316,0.05,-0.32,1.02,-4.6,5.14,-19.2
317,0.03,-0.33,1.01,-2.31,5.13,-18.95
318,0.01,-0.34,1.03,0.27,5.03,-18.38
319,-0.01,-0.34,1.02,2.54,5.06,-16.18
320,-0.01,-0.34,1.02,5.14,5.63,-13.12
321,-0.01,-0.33,1.01,7.25,6.46,-9.92
322,-0.03,-0.34,1.02,10.71,5.64,-6.78
323,-0.05,-0.34,1.01,14.72,3.92,-4.08
324,-0.06,-0.34,1.01,18.09,1.98,-1.61
325,-0.07,-0.33,1.01,22.56,-1.11,4.06
326,-0.06,-0.3,1.0,26.27,-1.19,9.51
327,-0.06,-0.28,0.99,28.41,-0.51,14.86
328,-0.02,-0.25,0.97,28.19,1.34,19.46
329,0.0,-0.22,0.95,27.8,3.15,24.28
330,0.04,-0.19,0.93,28.29,5.04,26.37
331,0.05,-0.17,0.92,26.93,5.31,25.66
332,0.08,-0.15,0.9,25.31,5.02,23.34
333,0.09,-0.14,0.89,22.37,3.58,17.48
334,0.12,-0.13,0.88,17.82,2.28,10.47
335,0.14,-0.13,0.88,13.98,1.13,4.17
336,0.12,-0.13,0.89,9.08,-0.14,-2.89
337,0.11,-0.15,0.9,4.34,0.0,-8.16
338,0.1,-0.15,0.9,0.76,0.63,-11.99
339,0.09,-0.15,0.91,-2.6,1.38,-14.51
340,0.05,-0.17,0.93,-5.05,1.63,-15.9
341,0.02,-0.18,0.95,-6.79,0.73,-15.79
342,0.01,-0.19,0.97,-8.02,1.11,-14.45
343,0.03,-0.18,0.96,-9.66,2.67,-12.3
344,0.03,-0.19,0.95,-11.09,3.81,-10.62
345,0.03,-0.19,0.98,-12.07,4.34,-11.2
346,0.02,-0.2,0.98,-11.56,2.79,-12.14
347,-0.01,-0.23,0.98,-10.22,-0.61,-14.01
348,-0.02,-0.24,0.99,-8.11,-3.4,-15.53
349,-0.03,-0.25,1.0,-5.98,-5.15,-14.82
350,-0.02,-0.26,1.0,-5.6,-4.53,-12.03
351,-0.02,-0.26,0.99,-5.6,-2.8,-8.5
352,-0.02,-0.26,0.99,-6.01,-0.66,-5.1
353,-0.02,-0.25,0.99,-5.95,0.02,-2.96
354,-0.03,-0.24,0.99,-5.41,-0.53,-1.76
355,-0.02,-0.24,0.98,-5.95,-0.23,-0.31
356,-0.01,-0.23,0.97,-5.94,-0.22,0.01
357,-0.02,-0.23,0.98,-5.32,-0.59,-0.24
358,-0.02,-0.24,1.0,-3.98,-2.13,-1.15
359,-0.03,-0.23,0.99,-2.51,-3.49,-1.02
360,-0.0,-0.21,0.98,-1.92,-2.73,0.0
361,0.02,-0.2,0.96,-2.08,-0.59,2.35
362,0.02,-0.19,0.95,-3.1,-0.27,2.59
363,0.01,-0.2,0.96,-3.08,-0.98,3.29
364,0.01,-0.2,0.95,-2.56,-3.27,2.2
365,0.03,-0.19,0.95,-3.57,-4.38,1.5
366,0.05,-0.19,0.96,-4.37,-3.95,1.38
367,0.06,-0.2,0.96,-4.95,-3.56,1.75
368,0.07,-0.21,0.97,-5.1,-3.38,0.54
369,0.07,-0.21,0.98,-4.11,-2.82,1.05
370,0.11,-0.19,0.97,-3.23,0.34,2.85
371,0.14,-0.17,0.96,-4.39,3.39,1.95
372,0.12,-0.18,0.95,-4.66,4.79,0.24
373,0.11,-0.18,0.95,-3.79,4.02,-2.18
374,0.09,-0.17,0.94,-3.83,2.26,-4.85
375,0.07,-0.19,0.94,-4.31,1.18,-6.37
376,0.06,-0.2,0.94,-5.11,-0.4,-8.03
377,0.05,-0.21,0.96,-6.27,-0.62,-7.67
378,0.05,-0.22,0.97,-7.25,-0.31,-7.21
379,0.04,-0.22,0.97,-7.21,0.05,-6.25
380,0.03,-0.23,0.97,-7.66,-0.56,-6.25
381,0.02,-0.24,0.96,-7.21,-1.11,-5.51
382,0.02,-0.23,0.97,-6.52,-2.15,-4.18
383,0.03,-0.23,0.97,-6.28,-1.82,-3.29
384,0.05,-0.22,0.97,-6.48,-1.34,-2.72
385,0.02,-0.23,0.98,-6.44,-2.12,-3.26
386,0.04,-0.23,0.98,-6.41,-2.29,-3.64
387,0.05,-0.22,0.98,-6.49,-1.63,-2.91
388,0.05,-0.22,0.98,-6.54,-0.65,-3.47
389,0.04,-0.22,0.99,-6.31,-0.78,-4.18
390,0.05,-0.22,0.99,-5.76,-1.03,-3.9
391,0.06,-0.22,0.98,-5.77,-0.21,-4.64
392,0.06,-0.22,0.98,-6.22,0.47,-5.54
393,0.06,-0.22,0.99,-6.08,0.63,-5.68
394,0.06,-0.22,0.98,-5.69,1.03,-6.12
395,0.06,-0.22,0.97,-4.92,0.7,-6.11
396,0.07,-0.22,0.98,-4.49,1.4,-5.77
397,0.05,-0.22,0.97,-3.21,1.21,-5.53
398,0.05,-0.23,0.97,-1.95,1.43,-4.12
399,0.05,-0.22,0.96,-1.69,2.21,-3.6
400,0.03,-0.21,0.94,-3.15,2.02,-4.1
