,accel_x,accel_y,accel_z,gyro_x,gyro_y,gyro_z
0,-0.11,-0.29,1.07,6.15,3.0,-11.48
1,-0.11,-0.29,1.05,8.74,-1.24,-10.37
2,-0.08,-0.27,1.01,9.29,-3.02,-8.52
3,-0.05,-0.26,0.99,9.09,-2.27,-4.7
4,-0.04,-0.26,0.99,7.81,-0.83,-1.56
5,-0.02,-0.26,0.98,8.47,0.63,2.03
6,-0.01,-0.25,0.95,8.63,1.2,5.13
7,0.0,-0.24,0.94,7.76,-0.06,4.89
8,0.02,-0.23,0.93,6.87,-1.54,4.73
9,0.04,-0.22,0.92,5.27,-0.49,4.12
10,0.04,-0.21,0.92,4.39,0.18,2.31
11,0.01,-0.2,0.92,4.21,-1.51,-0.05
12,0.0,-0.2,0.93,4.47,-3.84,-1.14
13,-0.0,-0.19,0.92,4.24,-5.27,-0.58
14,-0.0,-0.19,0.94,2.53,-6.58,-0.44
15,0.01,-0.19,0.93,0.36,-7.25,-0.11
16,0.02,-0.18,0.93,-2.12,-7.44,-0.21
17,0.02,-0.18,0.97,-3.17,-8.8,-0.88
18,0.0,-0.2,0.99,-2.0,-13.08,-3.26
19,0.03,-0.21,1.0,-0.25,-16.42,-5.42
20,0.05,-0.21,1.0,0.94,-17.0,-8.32
21,0.07,-0.22,1.0,1.65,-15.02,-10.84
22,0.07,-0.22,1.01,3.02,-12.52,-11.48
23,0.06,-0.22,0.99,3.92,-8.11,-11.18
24,0.01,-0.22,0.96,5.31,-6.46,-8.85
25,-0.03,-0.21,0.94,5.27,-8.17,-5.9
26,-0.02,-0.2,0.9,3.94,-9.8,-1.41
27,-0.02,-0.19,0.88,0.05,-10.31,-0.08
28,0.01,-0.19,0.88,-4.67,-9.12,2.38
29,0.04,-0.18,0.88,-9.67,-7.65,3.95
30,0.05,-0.2,0.91,-12.73,-6.72,3.43
31,0.05,-0.21,0.95,-13.21,-6.47,2.5
32,0.05,-0.23,0.97,-12.06,-6.85,1.47
33,0.05,-0.22,0.98,-10.11,-9.14,1.15
34,0.05,-0.21,0.98,-8.51,-9.07,-0.12
35,0.05,-0.21,0.99,-6.34,-11.59,-0.68
36,0.05,-0.22,1.01,-4.26,-13.32,-3.25
37,0.05,-0.24,1.02,-1.11,-16.15,-4.49
38,0.06,-0.23,1.02,0.84,-16.92,-4.28
39,0.06,-0.23,1.01,1.85,-16.45,-4.15
40,0.07,-0.22,1.0,2.37,-17.27,-3.98
41,0.08,-0.21,0.99,2.05,-16.47,-3.03
42,0.1,-0.21,0.99,1.23,-13.61,-1.86
43,0.12,-0.22,1.0,1.44,-8.73,0.01
44,0.14,-0.21,1.0,1.11,-2.11,1.41
45,0.15,-0.21,0.99,0.89,3.88,0.68
46,0.13,-0.21,0.97,0.37,7.57,-0.59
47,0.12,-0.21,0.98,0.65,9.69,-5.17
48,0.07,-0.2,0.98,1.89,9.31,-9.26
49,0.04,-0.21,0.97,4.23,6.13,-10.79
50,0.05,-0.19,0.94,5.12,3.81,-11.63
51,0.05,-0.18,0.92,3.71,2.01,-13.18
52,0.06,-0.18,0.94,2.2,1.65,-12.95
53,0.06,-0.18,0.94,0.77,2.1,-14.21
54,0.06,-0.18,0.94,-0.21,2.73,-14.74
55,0.08,-0.19,0.95,-1.23,5.19,-15.61
56,0.08,-0.19,0.94,-2.22,5.21,-16.56
57,0.06,-0.2,0.96,-1.4,4.13,-16.02
58,0.09,-0.2,0.96,-0.92,3.71,-15.47
59,0.1,-0.2,0.96,-1.1,6.56,-17.2
60,0.08,-0.2,0.95,-0.82,7.68,-18.31
61,0.05,-0.2,0.95,-0.96,7.47,-19.37
62,0.03,-0.2,0.95,-1.23,5.18,-19.27
63,0.02,-0.21,0.95,-1.95,3.82,-18.69
64,0.01,-0.21,0.95,-1.7,1.18,-17.02
65,0.01,-0.2,0.95,-2.12,-1.42,-15.18
66,0.03,-0.21,0.95,-3.3,-1.02,-14.07
67,0.05,-0.2,0.96,-4.07,-0.05,-13.02
68,0.07,-0.21,0.98,-4.09,1.23,-12.43
69,0.08,-0.21,0.99,-3.76,4.15,-12.08
70,0.09,-0.21,1.0,-2.6,5.47,-12.47
71,0.11,-0.22,1.0,-1.44,7.18,-13.6
72,0.1,-0.22,1.0,0.1,8.09,-15.14
73,0.07,-0.22,1.0,0.94,7.49,-17.63
74,0.05,-0.22,0.99,1.94,5.4,-19.99
75,0.05,-0.21,0.99,2.3,4.23,-22.89
76,0.03,-0.21,0.98,2.11,2.78,-23.11
77,0.02,-0.21,0.98,1.88,3.65,-22.07
78,0.01,-0.21,0.98,1.27,3.91,-20.87
79,-0.0,-0.21,0.97,0.46,4.61,-19.88
80,0.01,-0.21,0.97,-0.55,6.05,-18.6
81,0.01,-0.21,0.99,-0.3,6.92,-16.85
82,0.01,-0.21,0.98,0.54,6.69,-15.25
83,0.0,-0.2,0.97,0.59,6.48,-14.99
84,0.01,-0.2,0.96,-0.2,4.57,-14.98
85,0.02,-0.2,0.96,-0.26,4.72,-14.5
86,0.03,-0.2,0.96,-0.1,3.6,-13.25
87,0.02,-0.2,0.98,0.18,3.87,-12.44
88,0.03,-0.19,0.96,0.98,3.15,-11.74
89,0.06,-0.19,0.95,0.37,3.7,-11.01
90,0.06,-0.18,0.96,0.17,3.69,-10.98
91,0.08,-0.19,0.97,-0.17,5.69,-11.68
92,0.08,-0.18,0.97,-0.63,6.34,-12.1
93,0.06,-0.18,0.96,-0.73,5.55,-13.47
94,0.04,-0.19,0.97,0.07,3.69,-13.43
95,0.01,-0.19,0.95,0.11,1.66,-14.79
96,0.02,-0.2,0.95,0.24,-1.46,-14.34
97,0.01,-0.19,0.95,-0.6,-1.52,-14.44
98,0.01,-0.19,0.95,-1.94,-1.8,-13.17
99,0.02,-0.2,0.97,-3.31,0.19,-11.47
100,0.02,-0.2,0.97,-3.43,1.23,-9.95
101,0.02,-0.2,0.98,-3.21,0.82,-9.79
102,0.02,-0.2,0.98,-3.02,-0.05,-10.83
103,0.02,-0.21,0.98,-2.29,-0.94,-11.11
104,0.02,-0.21,0.98,-1.95,-0.27,-11.7
105,0.0,-0.21,0.98,-1.44,-1.27,-11.35
106,0.01,-0.21,0.98,-1.23,-1.85,-10.89
107,0.02,-0.21,0.98,-1.04,-1.16,-10.08
108,0.01,-0.21,0.98,-1.21,-0.31,-9.22
109,0.01,-0.21,0.99,-1.97,1.38,-7.97
110,-0.0,-0.2,0.97,-2.34,0.36,-6.5
111,0.01,-0.2,0.99,-2.01,-1.92,-4.76
112,0.03,-0.19,0.98,-1.6,-1.88,-4.27
113,0.04,-0.19,0.97,-1.33,-1.24,-4.15
114,0.05,-0.18,0.98,-0.62,0.42,-3.82
115,0.05,-0.19,0.96,-0.13,1.63,-5.24
116,0.03,-0.19,0.95,-0.49,1.37,-6.18
117,0.03,-0.18,0.95,-1.32,1.37,-6.25
118,0.03,-0.19,0.96,-1.58,2.15,-5.1
119,0.03,-0.18,0.96,-1.45,1.62,-4.96
120,0.03,-0.18,0.96,-2.12,2.66,-5.08
121,0.04,-0.18,0.95,-2.58,2.44,-5.44
122,0.03,-0.18,0.95,-2.54,1.68,-5.2
123,0.03,-0.18,0.94,-3.39,0.98,-5.12
124,0.03,-0.18,0.95,-3.96,1.25,-4.79
125,0.02,-0.18,0.95,-4.53,1.51,-4.85
126,0.03,-0.18,0.95,-5.05,1.76,-5.66
127,0.02,-0.18,0.95,-5.68,1.7,-6.56
128,0.02,-0.18,0.96,-6.71,2.79,-7.27
129,0.02,-0.19,0.95,-6.93,3.28,-6.93
130,-0.01,-0.18,0.95,-7.33,3.09,-7.06
131,-0.01,-0.17,0.96,-8.75,3.18,-7.09
132,-0.03,-0.17,0.95,-10.79,6.0,-6.11
133,-0.06,-0.19,0.98,-12.18,9.04,-3.99
134,-0.06,-0.22,0.99,-11.37,9.77,-2.1
135,-0.07,-0.21,0.95,-11.48,13.73,-1.79
136,-0.06,-0.21,0.98,-12.45,18.33,-1.91
137,-0.12,-0.22,0.97,-10.6,21.38,-4.05
138,-0.2,-0.23,0.96,-7.91,25.31,-7.15
139,-0.27,-0.22,0.94,-6.21,26.31,-10.18
140,-0.39,-0.19,0.92,-5.88,26.31,-12.53
141,-0.51,-0.17,0.88,-5.66,22.08,-13.13
142,-0.59,-0.12,0.84,-10.53,17.77,-13.66
143,-0.66,-0.07,0.85,-18.18,15.55,-13.85
144,-0.7,-0.05,0.87,-28.86,14.06,-15.54
145,-0.76,-0.11,0.93,-32.16,19.72,-14.76
146,-0.9,-0.19,1.01,-33.66,18.57,-11.55
147,-0.9,-0.26,1.11,-29.98,15.29,-4.2
148,-0.85,-0.3,1.17,-24.02,17.85,7.94
149,-0.79,-0.33,1.21,-20.22,22.48,21.41
150,-0.74,-0.32,1.15,-17.11,28.01,36.53
151,-0.67,-0.31,1.11,-13.98,38.88,48.49
152,-0.64,-0.33,1.11,-13.63,48.37,65.37
153,-0.67,-0.33,1.05,-10.66,46.5,72.86
154,-0.63,-0.3,0.99,-3.04,35.61,78.34
155,-0.53,-0.28,0.88,-2.54,17.66,75.59
156,-0.53,-0.29,0.79,-5.53,-4.79,72.56
157,-0.49,-0.39,0.81,-8.08,-28.66,71.02
158,-0.34,-0.45,0.92,-7.83,-45.59,75.19
159,-0.11,-0.48,0.9,-13.93,-41.79,80.95
160,0.1,-0.5,0.96,-15.34,-24.23,90.15
161,0.19,-0.44,0.97,-24.07,-2.63,97.05
162,0.3,-0.48,1.13,-27.91,14.65,101.38
163,0.29,-0.45,1.02,-27.68,21.98,100.21
164,0.28,-0.48,1.0,-23.1,16.73,90.81
165,0.28,-0.47,1.0,-14.63,9.98,81.2
166,0.29,-0.44,0.93,-8.25,-0.3,67.85
167,0.26,-0.45,0.95,-3.37,-7.7,60.32
168,0.24,-0.43,0.89,-1.02,-7.56,59.78
169,0.29,-0.4,0.89,-1.08,-3.82,60.4
170,0.33,-0.34,0.89,-4.24,3.34,62.29
171,0.34,-0.31,0.83,-7.89,4.53,60.37
172,0.38,-0.3,0.84,-11.26,4.43,51.18
173,0.39,-0.29,0.86,-14.73,4.5,48.4
174,0.37,-0.29,0.87,-17.98,6.48,46.5
175,0.36,-0.31,0.92,-16.92,6.83,42.15
176,0.29,-0.31,0.94,-14.52,3.08,36.54
177,0.24,-0.3,0.93,-10.48,0.6,34.26
178,0.2,-0.3,0.92,-10.07,-1.73,29.54
179,0.15,-0.26,0.93,-9.11,-9.4,27.61
180,0.16,-0.27,0.92,-7.78,-12.0,31.78
181,0.19,-0.26,0.95,-13.73,-11.24,32.59
182,0.22,-0.24,0.99,-15.34,-12.56,31.29
183,0.21,-0.24,1.03,-15.04,-13.12,27.43
184,0.2,-0.26,1.06,-12.82,-12.07,26.13
185,0.21,-0.27,1.06,-10.33,-11.0,24.68
186,0.19,-0.26,1.05,-8.69,-7.95,20.95
187,0.17,-0.28,1.05,-7.13,-5.0,19.23
188,0.14,-0.28,1.04,-4.44,-1.91,17.96
189,0.09,-0.3,1.01,-1.15,-2.35,15.98
190,0.06,-0.31,0.99,2.1,-6.18,16.17
191,0.08,-0.29,0.95,3.5,-8.36,16.05
192,0.1,-0.26,0.92,2.5,-8.98,14.4
193,0.13,-0.21,0.89,-0.33,-9.46,12.28
194,0.11,-0.2,0.91,-3.71,-6.3,9.51
195,0.11,-0.21,0.92,-6.15,-5.2,10.1
196,0.13,-0.2,0.93,-8.21,-2.76,9.37
197,0.11,-0.2,0.94,-9.12,-3.02,5.67
198,0.1,-0.21,0.95,-9.18,-2.39,2.73
199,0.1,-0.21,0.95,-8.87,0.21,-0.32
200,0.06,-0.22,0.96,-8.0,-1.57,-3.07
201,0.03,-0.22,0.96,-7.31,-2.64,-5.5
202,0.01,-0.23,0.96,-5.55,-1.16,-5.98
203,-0.0,-0.24,0.95,-4.39,-2.15,-6.37
204,0.02,-0.25,0.95,-3.93,-1.53,-6.21
205,-0.02,-0.26,0.94,-2.47,-1.99,-6.11
206,-0.07,-0.27,0.92,-1.01,-6.08,-3.56
207,-0.08,-0.26,0.91,-1.6,-11.41,-0.97
208,-0.02,-0.24,0.91,-3.17,-9.37,0.82
209,0.05,-0.24,0.9,-5.74,-5.36,0.15
210,0.02,-0.25,0.92,-7.95,-1.69,-1.7
211,-0.05,-0.26,0.93,-6.95,-4.19,-2.82
212,-0.09,-0.26,0.92,-4.9,-10.66,-3.95
213,-0.09,-0.24,0.92,-3.18,-18.17,-4.4
214,-0.1,-0.24,0.9,-2.15,-21.74,-2.05
215,-0.11,-0.26,0.93,-2.35,-23.98,2.6
216,-0.12,-0.27,0.96,-0.73,-23.93,10.86
217,-0.08,-0.27,0.97,0.55,-23.44,16.18
218,-0.04,-0.25,0.95,2.66,-25.39,17.11
219,-0.0,-0.23,0.93,3.76,-29.71,13.29
220,0.02,-0.21,0.92,4.62,-33.65,6.87
221,0.0,-0.22,0.94,5.62,-37.69,1.6
222,-0.02,-0.21,0.96,6.47,-40.4,0.51
223,-0.02,-0.21,0.96,3.79,-37.31,1.56
224,0.05,-0.19,0.97,1.87,-28.63,2.29
225,0.05,-0.18,0.95,-3.5,-23.21,-0.95
226,0.0,-0.2,0.96,-5.95,-22.74,-3.9
227,-0.03,-0.22,0.98,-5.97,-21.41,-3.62
228,-0.07,-0.24,0.98,-5.94,-21.47,-1.12
229,-0.05,-0.25,1.01,-4.44,-19.38,2.27
230,-0.07,-0.25,0.99,-2.2,-18.6,4.56
231,-0.06,-0.27,1.01,-0.56,-15.49,7.98
232,-0.06,-0.27,1.03,0.18,-12.94,8.73
233,-0.05,-0.27,1.02,-0.22,-12.0,13.51
234,-0.03,-0.3,1.03,3.04,-8.66,15.51
235,-0.06,-0.29,1.02,5.01,-13.41,12.22
236,-0.06,-0.26,0.99,5.63,-20.33,11.48
237,-0.01,-0.24,0.95,0.31,-23.35,6.67
238,0.07,-0.21,0.96,-0.81,-16.55,5.18
239,0.19,-0.2,0.98,-5.33,-5.76,-1.39
240,0.21,-0.19,0.99,-9.02,12.87,-6.67
241,0.14,-0.24,1.01,-10.31,24.06,-14.76
242,0.05,-0.3,1.05,-5.96,26.47,-22.88
243,-0.04,-0.3,1.03,2.0,21.1,-27.95
244,-0.11,-0.28,0.98,7.63,11.13,-30.98
245,-0.16,-0.23,0.9,8.11,3.58,-31.79
246,-0.13,-0.21,0.89,4.64,-4.56,-27.75
247,-0.11,-0.2,0.89,-0.05,-5.29,-23.05
248,-0.09,-0.2,0.88,-4.79,-4.27,-18.79
249,-0.02,-0.23,0.95,-7.45,2.22,-15.05
250,0.05,-0.26,0.99,-6.85,11.64,-15.22
251,0.07,-0.26,1.01,-6.27,15.63,-15.08
252,0.08,-0.26,1.0,-3.09,16.44,-17.44
253,0.05,-0.23,0.96,-1.71,15.87,-23.94
254,0.01,-0.22,0.94,-1.18,13.37,-31.15
255,-0.03,-0.21,0.94,-1.82,8.32,-34.98
256,-0.06,-0.23,0.93,-2.21,4.24,-33.85
257,-0.08,-0.24,0.93,-1.92,-1.0,-32.89
258,-0.08,-0.26,0.94,-0.78,-4.98,-30.43
259,-0.06,-0.26,0.96,-0.18,-5.1,-26.47
260,-0.05,-0.25,0.95,0.19,-2.16,-23.53
261,-0.02,-0.24,0.94,-0.85,4.34,-22.08
262,-0.01,-0.22,0.93,-3.04,10.69,-19.85
263,0.01,-0.2,0.92,-5.86,15.81,-19.14
264,0.01,-0.19,0.91,-8.67,17.35,-21.76
265,0.01,-0.2,0.93,-9.7,16.57,-25.34
266,-0.02,-0.21,0.94,-8.9,14.1,-30.64
267,-0.03,-0.23,0.95,-6.26,8.77,-35.21
268,-0.04,-0.25,0.97,-3.08,6.57,-37.98
269,-0.06,-0.26,0.98,-1.27,5.66,-38.66
270,-0.08,-0.24,0.95,0.5,4.44,-37.15
271,-0.08,-0.23,0.95,1.0,2.14,-36.53
272,-0.07,-0.23,0.93,0.4,-1.16,-35.37
273,-0.06,-0.23,0.93,-1.6,-2.92,-34.79
274,-0.07,-0.23,0.95,-2.86,-4.18,-33.5
275,-0.09,-0.27,0.97,-1.71,-3.9,-32.64
276,-0.11,-0.28,0.98,-1.7,-8.37,-34.92
277,-0.11,-0.29,0.98,-2.57,-10.07,-34.66
278,-0.12,-0.29,1.0,-1.6,-10.85,-32.9
279,-0.08,-0.28,1.0,-1.73,-6.17,-30.74
280,-0.08,-0.3,1.02,-1.85,1.83,-28.7
281,-0.08,-0.3,1.04,-0.27,9.07,-23.71
282,-0.09,-0.3,1.04,1.64,15.36,-17.33
283,-0.11,-0.29,0.99,3.0,17.18,-15.44
284,-0.14,-0.29,0.96,5.06,12.69,-15.42
285,-0.16,-0.26,0.93,4.32,4.59,-16.71
286,-0.14,-0.24,0.92,2.13,-2.98,-17.89
287,-0.13,-0.24,0.91,0.24,-7.41,-18.02
288,-0.08,-0.24,0.95,-0.69,-8.21,-16.6
289,-0.06,-0.24,0.96,-0.21,-5.66,-15.06
290,-0.04,-0.24,0.98,0.02,0.09,-13.71
291,-0.04,-0.26,0.99,1.53,4.51,-11.16
292,-0.06,-0.25,0.97,2.26,6.1,-11.16
293,-0.07,-0.24,0.95,2.6,4.1,-11.79
294,-0.06,-0.23,0.93,1.84,2.67,-11.18
295,-0.06,-0.22,0.93,0.0,2.34,-11.73
296,-0.07,-0.22,0.94,-0.3,1.22,-12.49
297,-0.07,-0.22,0.95,0.09,-1.18,-13.65
298,-0.06,-0.22,0.96,0.4,-2.47,-13.96
299,-0.04,-0.22,0.95,0.27,-2.25,-15.72
300,-0.05,-0.21,0.93,-0.66,-2.63,-16.78
301,-0.04,-0.21,0.93,-2.01,-1.21,-17.92
302,-0.03,-0.21,0.94,-3.0,1.62,-18.51
303,-0.05,-0.22,0.94,-4.89,5.22,-18.49
304,-0.06,-0.23,0.95,-4.33,5.29,-18.72
305,-0.08,-0.24,0.96,-3.89,3.58,-17.86
306,-0.06,-0.23,0.95,-3.29,3.52,-15.89
307,-0.08,-0.23,0.95,-4.24,1.22,-16.37
308,-0.07,-0.23,0.95,-4.24,0.79,-14.36
309,-0.07,-0.24,0.96,-3.69,2.29,-14.15
310,-0.07,-0.24,0.98,-3.27,1.39,-14.05
311,-0.07,-0.26,0.98,-1.65,-1.14,-12.37
312,-0.06,-0.26,0.97,-2.18,-0.66,-11.66
313,-0.06,-0.26,0.99,-2.31,-1.15,-10.78
314,-0.05,-0.26,0.99,-2.46,-0.18,-10.98
315,-0.03,-0.26,1.0,-1.6,1.52,-11.4
316,-0.02,-0.25,0.99,-0.55,4.35,-11.12
317,-0.0,-0.25,1.0,0.31,7.04,-11.6
318,-0.01,-0.25,0.99,1.67,7.12,-15.38
319,-0.02,-0.25,1.0,4.53,4.46,-19.02
320,-0.02,-0.25,0.99,7.31,2.28,-22.53
321,-0.03,-0.24,0.95,8.63,-0.21,-24.6
322,-0.04,-0.23,0.93,8.2,-2.53,-25.21
323,-0.07,-0.24,0.9,5.86,-4.54,-25.17
324,-0.08,-0.22,0.9,2.49,-4.65,-23.11
325,-0.06,-0.22,0.92,0.38,-3.0,-19.42
326,-0.05,-0.23,0.93,-0.39,-1.43,-15.15
327,-0.06,-0.22,0.94,-2.17,0.73,-12.45
328,-0.05,-0.23,0.95,-2.11,3.27,-11.38
329,-0.04,-0.23,0.96,-2.33,4.84,-9.69
330,-0.04,-0.23,0.96,-1.59,8.06,-7.79
331,-0.05,-0.23,0.96,-2.18,8.93,-6.9
332,-0.03,-0.22,0.95,-2.19,9.04,-6.24
333,-0.03,-0.22,0.96,-0.89,7.09,-7.56
334,-0.05,-0.22,0.94,-1.07,4.4,-10.64
335,-0.06,-0.22,0.93,-1.61,0.79,-14.04
336,-0.06,-0.22,0.94,-2.18,-0.51,-16.52
337,-0.07,-0.22,0.93,-3.11,-0.61,-18.24
338,-0.07,-0.22,0.93,-4.37,-0.05,-17.56
339,-0.06,-0.22,0.92,-6.66,1.89,-17.5
340,-0.06,-0.23,0.92,-8.93,3.65,-17.18
341,-0.07,-0.23,0.93,-10.53,4.92,-15.21
342,-0.04,-0.23,0.95,-11.63,7.08,-13.69
343,-0.02,-0.24,0.96,-11.18,8.02,-13.47
344,-0.04,-0.24,0.97,-9.83,6.01,-15.18
345,-0.05,-0.24,0.96,-6.51,2.87,-14.97
346,-0.05,-0.25,0.96,-4.89,-0.62,-17.37
347,-0.04,-0.24,0.97,-4.11,-1.8,-17.15
348,-0.03,-0.24,0.98,-3.86,-1.02,-16.74
349,-0.04,-0.25,0.98,-2.66,-3.23,-17.57
350,-0.06,-0.25,0.99,-1.36,-5.47,-18.07
351,-0.04,-0.25,0.99,-0.11,-6.6,-17.24
352,-0.05,-0.26,0.99,0.4,-5.18,-16.83
353,-0.06,-0.26,0.99,1.13,-6.18,-16.93
354,-0.06,-0.26,0.98,2.82,-6.77,-14.11
355,-0.07,-0.25,0.96,2.76,-7.01,-12.52
356,-0.05,-0.24,0.94,1.82,-8.29,-10.42
357,-0.04,-0.23,0.94,0.38,-7.44,-9.37
358,-0.03,-0.23,0.95,0.11,-7.2,-8.95
359,-0.03,-0.23,0.94,0.36,-8.15,-9.56
360,-0.02,-0.23,0.95,0.51,-9.12,-10.05
361,0.02,-0.21,0.94,-0.34,-7.92,-11.63
362,0.04,-0.21,0.94,-1.14,-6.08,-14.61
363,0.02,-0.23,0.95,-0.88,-4.76,-17.26
364,-0.01,-0.24,0.96,-0.25,-6.74,-19.45
365,-0.02,-0.24,0.96,1.39,-7.97,-19.84
366,-0.05,-0.24,0.95,2.18,-8.47,-20.18
367,-0.06,-0.25,0.94,2.79,-8.26,-16.53
368,-0.08,-0.25,0.92,1.22,-8.45,-13.32
369,-0.07,-0.24,0.93,-0.05,-7.82,-9.5
370,-0.02,-0.23,0.93,-1.58,-5.53,-6.58
371,0.01,-0.22,0.95,-2.43,-3.21,-6.38
372,0.02,-0.23,0.95,-2.04,-0.81,-6.44
373,0.0,-0.24,0.95,-1.21,-0.4,-6.86
374,-0.01,-0.25,0.96,-0.56,-1.95,-7.66
375,0.01,-0.25,0.98,0.69,-0.46,-7.69
376,0.02,-0.25,0.99,2.27,2.46,-6.64
377,0.03,-0.26,0.99,4.76,4.66,-6.53
378,0.03,-0.24,0.99,6.41,6.95,-6.11
379,0.04,-0.23,0.98,6.81,9.73,-7.82
380,0.01,-0.25,0.89,9.73,8.83,-8.46
381,0.05,-0.22,0.98,7.26,13.61,-9.97
382,0.04,-0.21,1.0,6.53,15.44,-10.62
383,0.01,-0.23,1.0,8.97,14.97,-10.39
384,-0.07,-0.23,0.96,10.28,11.14,-10.57
385,-0.08,-0.22,0.96,9.79,6.6,-8.89
386,-0.07,-0.22,0.97,7.65,6.69,-5.61
387,-0.05,-0.22,0.99,8.56,8.02,-2.21
388,-0.03,-0.21,0.97,7.15,10.19,0.88
389,-0.02,-0.21,0.99,6.16,12.8,4.98
390,-0.02,-0.21,1.0,6.47,12.44,4.82
391,-0.01,-0.21,1.0,6.94,9.63,1.61
392,-0.01,-0.21,1.02,9.27,6.91,-0.95
393,0.01,-0.2,1.01,10.37,4.68,-3.28
394,-0.0,-0.2,1.0,11.67,2.73,-4.88
395,-0.01,-0.19,0.97,11.86,1.87,-6.23
396,-0.03,-0.2,0.97,12.13,2.08,-5.3
397,-0.05,-0.19,0.96,9.67,1.5,-4.47
398,-0.06,-0.18,0.97,8.38,2.08,-2.63
399,-0.05,-0.19,0.97,8.37,2.53,-1.4
