,accel_x,accel_y,accel_z,gyro_x,gyro_y,gyro_z
0,-0.19,-0.43,0.86,-2.69,-6.79,3.98
1,-0.18,-0.43,0.87,-2.87,-7.53,4.53
2,-0.18,-0.41,0.86,-3.49,-7.81,4.93
3,-0.16,-0.41,0.88,-4.53,-7.87,4.86
4,-0.14,-0.39,0.88,-5.57,-6.12,3.27
5,-0.14,-0.41,0.89,-6.34,-4.99,0.17
6,-0.15,-0.43,0.89,-5.87,-5.24,-2.09
7,-0.16,-0.43,0.9,-4.97,-4.5,-2.89
8,-0.16,-0.43,0.89,-5.44,-4.69,-4.44
9,-0.16,-0.44,0.91,-5.75,-4.11,-6.25
10,-0.16,-0.46,0.9,-5.04,-4.5,-8.18
11,-0.17,-0.46,0.9,-3.3,-5.79,-9.1
12,-0.16,-0.47,0.9,-1.61,-4.97,-10.02
13,-0.16,-0.48,0.89,-0.05,-5.25,-11.28
14,-0.16,-0.47,0.88,1.22,-4.68,-12.2
15,-0.12,-0.44,0.88,0.86,-6.45,-11.25
16,-0.12,-0.45,0.86,-1.95,-2.4,-11.14
17,-0.14,-0.46,0.87,-2.69,0.07,-10.88
18,-0.14,-0.46,0.86,-2.8,0.34,-10.37
19,-0.13,-0.46,0.86,-4.18,2.6,-9.04
20,-0.13,-0.46,0.87,-4.72,4.89,-9.07
21,-0.15,-0.45,0.86,-4.77,5.58,-9.56
22,-0.15,-0.46,0.86,-4.84,5.45,-10.76
23,-0.13,-0.46,0.85,-5.2,6.84,-13.15
24,-0.16,-0.47,0.85,-4.23,6.45,-15.59
25,-0.17,-0.47,0.85,-3.09,3.82,-17.57
26,-0.13,-0.45,0.85,-2.85,-0.95,-18.55
27,-0.13,-0.46,0.85,-3.92,2.05,-20.54
28,-0.13,-0.46,0.86,-4.45,4.22,-21.53
29,-0.16,-0.45,0.86,-4.88,6.04,-20.34
30,-0.14,-0.44,0.86,-5.6,6.65,-19.34
31,-0.12,-0.44,0.85,-7.08,9.76,-20.92
32,-0.12,-0.45,0.84,-8.4,12.63,-23.21
33,-0.15,-0.45,0.85,-8.36,12.98,-24.29
34,-0.16,-0.46,0.86,-6.83,11.46,-24.68
35,-0.17,-0.47,0.85,-5.66,10.6,-25.37
36,-0.18,-0.47,0.84,-4.34,8.45,-25.37
37,-0.2,-0.48,0.85,-2.93,4.7,-23.82
38,-0.2,-0.47,0.85,-1.83,1.15,-20.15
39,-0.18,-0.47,0.84,-2.06,0.92,-17.01
40,-0.17,-0.48,0.83,-4.44,-0.11,-16.02
41,-0.16,-0.49,0.87,-3.08,1.95,-10.93
42,-0.15,-0.48,0.86,-2.59,2.79,-7.8
43,-0.17,-0.47,0.85,-3.18,4.7,-5.11
44,-0.17,-0.47,0.85,-3.03,6.15,-3.41
45,-0.18,-0.47,0.84,-2.31,5.66,-1.88
46,-0.18,-0.47,0.84,-2.47,4.79,-1.69
47,-0.19,-0.48,0.84,-2.25,3.53,-1.55
48,-0.19,-0.48,0.85,-1.54,2.05,-1.46
49,-0.18,-0.47,0.84,-1.18,2.47,-1.46
50,-0.18,-0.47,0.84,-1.87,1.47,-2.07
51,-0.19,-0.47,0.85,-2.62,0.83,-1.6
52,-0.18,-0.48,0.85,-2.54,0.21,-0.95
53,-0.17,-0.48,0.85,-2.5,-0.56,-0.16
54,-0.18,-0.48,0.85,-1.87,0.49,0.87
55,-0.17,-0.47,0.85,-1.38,-0.65,0.59
56,-0.16,-0.47,0.85,-1.37,0.73,-0.21
57,-0.16,-0.48,0.85,-1.21,0.75,-1.08
58,-0.16,-0.48,0.85,-0.99,0.36,-2.82
59,-0.14,-0.47,0.85,-1.47,-1.04,-5.4
60,-0.17,-0.49,0.85,-1.72,0.82,-7.53
61,-0.19,-0.49,0.86,-1.09,0.27,-6.89
62,-0.18,-0.49,0.85,-0.98,0.51,-4.79
63,-0.17,-0.48,0.86,-1.27,2.04,-3.24
64,-0.18,-0.48,0.86,-1.09,4.19,-2.1
65,-0.19,-0.48,0.85,-0.73,2.98,-0.92
66,-0.19,-0.48,0.85,0.01,1.86,-0.39
67,-0.19,-0.47,0.84,0.23,1.16,-0.43
68,-0.19,-0.46,0.84,0.33,0.36,0.78
69,-0.19,-0.46,0.84,0.23,0.21,1.81
70,-0.16,-0.45,0.83,-0.53,0.11,1.87
71,-0.15,-0.44,0.83,-1.4,0.14,-1.51
72,-0.17,-0.45,0.83,-1.44,0.12,-4.89
73,-0.18,-0.46,0.84,-0.95,-1.89,-4.3
74,-0.16,-0.45,0.83,-1.19,-2.44,-3.41
75,-0.15,-0.46,0.84,-2.6,-0.91,-5.66
76,-0.16,-0.47,0.85,-1.95,0.11,-5.31
77,-0.17,-0.48,0.85,-0.98,0.05,-4.04
78,-0.16,-0.45,0.84,-1.31,0.53,-4.11
79,-0.14,-0.43,0.83,-2.79,1.16,-4.93
80,-0.17,-0.43,0.84,-4.05,2.13,-5.56
81,-0.18,-0.44,0.83,-5.26,2.24,-5.69
82,-0.18,-0.45,0.84,-6.32,1.27,-5.14
83,-0.18,-0.46,0.84,-6.37,0.72,-5.82
84,-0.2,-0.47,0.84,-6.31,0.93,-6.95
85,-0.21,-0.48,0.85,-5.72,-0.02,-5.92
86,-0.2,-0.48,0.85,-5.37,0.77,-4.89
87,-0.2,-0.48,0.85,-5.14,0.24,-5.21
88,-0.2,-0.48,0.85,-4.72,-0.02,-4.73
89,-0.19,-0.49,0.85,-3.82,-1.64,-2.99
90,-0.18,-0.48,0.85,-4.01,-1.19,-2.91
91,-0.18,-0.48,0.84,-3.76,-1.16,-3.45
92,-0.2,-0.48,0.83,-3.53,-1.42,-2.76
93,-0.19,-0.48,0.83,-3.2,-2.53,-2.4
94,-0.16,-0.47,0.84,-3.24,-4.14,-2.92
95,-0.17,-0.47,0.84,-3.77,-3.4,-3.03
96,-0.16,-0.47,0.84,-3.63,-2.45,-3.55
97,-0.17,-0.47,0.85,-3.56,-0.85,-3.4
98,-0.17,-0.47,0.85,-2.97,-0.11,-3.2
99,-0.17,-0.46,0.84,-2.6,-0.65,-3.35
100,-0.16,-0.46,0.82,-3.16,-2.21,-4.19
101,-0.15,-0.46,0.83,-3.72,-1.89,-5.67
102,-0.16,-0.46,0.83,-4.2,-2.04,-7.04
103,-0.16,-0.47,0.85,-4.28,-1.64,-7.27
104,-0.16,-0.47,0.84,-4.06,-1.21,-5.79
105,-0.17,-0.47,0.84,-4.12,0.04,-4.61
106,-0.18,-0.48,0.85,-3.6,-0.37,-4.44
107,-0.17,-0.48,0.84,-3.19,-1.73,-3.92
108,-0.16,-0.47,0.84,-3.26,-0.69,-4.51
109,-0.16,-0.48,0.84,-3.67,-1.96,-6.53
110,-0.17,-0.49,0.85,-3.96,-3.51,-6.06
111,-0.18,-0.49,0.85,-3.56,-2.54,-4.91
112,-0.17,-0.49,0.85,-3.55,-2.8,-4.12
113,-0.17,-0.5,0.87,-3.11,-1.91,-3.63
114,-0.16,-0.5,0.86,-3.2,-1.26,-1.8
115,-0.16,-0.49,0.86,-2.9,0.11,-1.14
116,-0.16,-0.49,0.87,-2.51,-0.57,-1.69
117,-0.16,-0.49,0.87,-1.3,-1.48,-1.87
118,-0.16,-0.48,0.86,-1.27,-2.73,-2.51
119,-0.16,-0.48,0.86,-1.51,-2.16,-2.85
120,-0.16,-0.48,0.85,-1.82,-2.08,-3.42
121,-0.15,-0.48,0.86,-1.81,-2.68,-3.15
122,-0.16,-0.49,0.85,-1.21,-0.92,-2.82
123,-0.17,-0.49,0.85,-0.44,-1.51,-2.68
124,-0.16,-0.48,0.85,-0.99,-2.47,-3.24
125,-0.18,-0.48,0.84,-1.69,-1.3,-3.62
126,-0.18,-0.48,0.84,-2.55,-0.89,-3.89
127,-0.19,-0.48,0.84,-3.82,-1.4,-3.56
128,-0.21,-0.47,0.83,-5.42,-0.41,-3.66
129,-0.24,-0.45,0.82,-7.12,0.5,-4.85
130,-0.31,-0.44,0.8,-10.08,0.98,-8.24
131,-0.42,-0.47,0.77,-11.89,-1.29,-14.62
132,-0.62,-0.51,0.71,-12.94,-9.09,-23.31
133,-0.84,-0.55,0.65,-13.31,-30.56,-35.15
134,-1.08,-0.62,0.55,-9.96,-58.82,-47.88
135,-1.23,-0.7,0.44,-6.96,-89.33,-63.37
136,-1.4,-0.78,0.47,-6.56,-111.18,-67.26
137,-1.55,-0.82,0.43,-12.43,-117.25,-50.37
138,-1.76,-0.87,0.36,-32.18,-113.46,-20.62
139,-2.0,-0.93,0.29,-62.5,-104.26,27.56
140,-2.0,-1.11,0.22,-107.99,-70.61,89.45
141,-2.0,-1.36,0.25,-139.55,-52.9,165.05
142,-2.0,-1.6,0.3,-147.41,-38.04,235.96
143,-2.0,-1.75,0.23,-141.84,-29.88,250.13
144,-2.0,-1.93,0.1,-99.01,-31.79,250.13
145,-2.0,-2.0,-0.12,-48.17,-36.05,250.13
146,-2.0,-1.97,-0.47,-12.68,-45.73,250.13
147,-1.54,-2.0,-0.95,18.82,-69.98,250.13
148,-0.94,-1.61,-1.29,-12.34,-106.53,250.13
149,-0.27,-1.17,-1.51,-80.29,-197.59,250.13
150,0.62,-1.11,-1.42,-172.26,-250.14,250.13
151,2.0,-1.56,-0.24,-215.79,-250.14,250.13
152,2.0,-2.0,1.38,-242.88,-250.14,160.36
153,2.0,-2.0,2.0,-179.97,-250.14,109.77
154,2.0,-2.0,2.0,-59.86,-117.15,86.4
155,2.0,-2.0,2.0,71.09,-46.88,94.06
156,2.0,-1.72,2.0,152.5,-49.89,72.37
157,1.59,-1.12,1.39,177.79,-46.25,37.37
158,1.51,-0.71,0.95,144.3,-32.98,45.31
159,1.3,-0.51,0.58,92.85,-14.75,72.8
160,1.12,-0.38,0.42,34.83,-18.52,85.13
161,0.96,-0.38,0.41,6.82,-44.32,73.3
162,1.01,-0.33,0.58,2.04,-82.05,51.44
163,1.27,-0.23,0.74,5.32,-91.33,36.51
164,1.4,-0.14,0.88,11.27,-77.0,19.02
165,1.47,-0.09,0.97,18.85,-58.4,-0.93
166,1.3,-0.11,0.96,22.21,-34.49,-21.82
167,1.12,-0.14,0.9,17.37,-13.24,-30.49
168,0.95,-0.24,0.87,9.28,9.85,-37.21
169,0.75,-0.35,0.84,3.05,28.08,-43.66
170,0.53,-0.44,0.79,-0.35,42.83,-49.2
171,0.27,-0.5,0.76,0.9,52.92,-52.73
172,0.04,-0.51,0.69,5.15,53.27,-56.63
173,-0.14,-0.49,0.65,9.03,47.74,-62.82
174,-0.24,-0.46,0.62,8.38,40.56,-62.77
175,-0.28,-0.42,0.63,3.42,37.4,-59.62
176,-0.28,-0.41,0.62,-3.37,36.95,-56.94
177,-0.25,-0.41,0.66,-9.58,32.79,-54.78
178,-0.22,-0.44,0.71,-14.57,31.33,-53.25
179,-0.17,-0.46,0.75,-18.42,30.41,-53.38
180,-0.17,-0.48,0.81,-20.3,33.39,-54.23
181,-0.23,-0.56,0.86,-13.81,28.65,-54.3
182,-0.32,-0.6,0.86,-5.37,21.47,-56.26
183,-0.3,-0.58,0.91,1.45,13.55,-52.73
184,-0.36,-0.57,0.84,4.55,6.55,-46.43
185,-0.29,-0.51,0.83,1.6,4.34,-39.79
186,-0.2,-0.45,0.84,-4.95,6.44,-35.13
187,-0.19,-0.44,0.88,-13.02,13.13,-33.24
188,-0.19,-0.44,0.91,-20.95,14.53,-30.93
189,-0.15,-0.45,0.98,-20.9,24.25,-28.5
190,-0.19,-0.49,0.98,-21.46,30.76,-28.58
191,-0.2,-0.51,1.0,-17.8,34.78,-28.64
192,-0.24,-0.53,0.98,-12.66,36.18,-31.44
193,-0.32,-0.55,0.98,-6.17,34.29,-32.0
194,-0.37,-0.55,0.94,-2.12,31.35,-27.64
195,-0.37,-0.54,0.93,0.04,31.63,-21.25
196,-0.37,-0.51,0.87,0.02,28.5,-15.43
197,-0.39,-0.47,0.84,0.05,18.76,-12.66
198,-0.37,-0.46,0.83,2.94,14.14,-7.57
199,-0.35,-0.5,0.84,1.36,8.3,4.75
200,-0.39,-0.42,0.82,2.73,0.19,1.42
201,-0.29,-0.5,0.83,1.31,-1.96,5.08
202,-0.24,-0.51,0.82,-1.6,-2.39,6.58
203,-0.18,-0.54,0.84,-3.16,-1.79,4.61
204,-0.18,-0.56,0.85,-5.6,0.09,2.62
205,-0.16,-0.56,0.86,-3.68,2.37,3.88
206,-0.13,-0.56,0.88,-0.85,3.71,1.46
207,-0.18,-0.51,0.79,-8.21,-2.41,-5.06
208,-0.12,-0.57,0.89,1.72,9.44,-2.48
209,-0.16,-0.59,0.89,7.15,5.59,-2.26
210,-0.12,-0.56,0.88,9.34,4.02,-2.21
211,-0.11,-0.52,0.85,11.27,3.66,-5.9
212,-0.12,-0.51,0.84,12.89,0.82,-11.34
213,-0.1,-0.47,0.84,12.77,-0.87,-14.56
214,-0.08,-0.42,0.84,10.6,1.0,-16.18
215,-0.08,-0.42,0.84,6.64,2.24,-18.89
216,-0.06,-0.43,0.87,7.89,5.97,-20.17
217,-0.08,-0.44,0.87,10.07,3.4,-20.22
218,-0.07,-0.43,0.87,12.13,1.01,-21.32
219,-0.07,-0.45,0.85,12.92,0.76,-24.73
220,-0.09,-0.45,0.83,15.86,-2.31,-27.4
221,-0.09,-0.44,0.82,16.21,-5.08,-28.63
222,-0.1,-0.42,0.8,14.46,-7.59,-28.72
223,-0.08,-0.41,0.8,11.82,-7.76,-28.55
224,-0.07,-0.42,0.81,8.2,-5.35,-28.08
225,-0.08,-0.42,0.82,5.44,-4.45,-26.18
226,-0.08,-0.42,0.82,1.47,-5.2,-25.27
227,-0.05,-0.41,0.82,-0.34,-5.45,-21.51
228,-0.05,-0.44,0.84,-1.99,-1.36,-21.85
229,-0.06,-0.43,0.83,-3.96,2.15,-23.69
230,-0.09,-0.45,0.84,-5.86,6.95,-23.38
231,-0.13,-0.45,0.85,-5.24,7.25,-19.21
232,-0.15,-0.45,0.82,-5.18,9.39,-16.29
233,-0.15,-0.44,0.81,-7.46,8.99,-12.94
234,-0.15,-0.43,0.82,-8.24,8.97,-9.74
235,-0.15,-0.41,0.8,-9.9,8.7,-9.36
236,-0.14,-0.39,0.81,-11.95,8.57,-9.05
237,-0.15,-0.39,0.82,-13.95,6.02,-6.68
238,-0.14,-0.37,0.81,-15.98,14.44,-7.18
239,-0.14,-0.41,0.81,-18.39,12.09,-10.6
240,-0.14,-0.44,0.8,-19.25,12.27,-15.85
241,-0.14,-0.48,0.83,-16.23,4.75,-19.28
242,-0.14,-0.51,0.85,-13.59,4.85,-22.18
243,-0.13,-0.5,0.87,-12.13,7.5,-21.24
244,-0.14,-0.52,0.86,-12.73,10.56,-21.95
245,-0.12,-0.51,0.85,-13.92,11.1,-20.86
246,-0.12,-0.52,0.87,-14.73,11.63,-19.21
247,-0.11,-0.55,0.86,-13.9,15.22,-18.65
248,-0.09,-0.56,0.89,-11.95,15.33,-19.35
249,-0.1,-0.59,0.9,-6.65,17.6,-16.22
250,-0.17,-0.59,0.89,-2.98,19.13,-18.66
251,-0.17,-0.56,0.9,1.09,18.94,-18.44
252,-0.2,-0.54,0.87,4.18,18.35,-17.27
253,-0.18,-0.5,0.86,3.85,16.18,-15.44
254,-0.17,-0.49,0.82,0.96,17.43,-14.71
255,-0.16,-0.51,0.83,-1.87,17.12,-14.87
256,-0.17,-0.54,0.84,-3.29,15.42,-13.97
257,-0.17,-0.54,0.84,-4.16,14.84,-12.65
258,-0.15,-0.53,0.85,-3.82,13.34,-11.13
259,-0.17,-0.51,0.84,-4.28,12.79,-15.85
260,-0.13,-0.53,0.87,-2.53,14.27,-19.27
261,-0.13,-0.54,0.9,-0.48,16.77,-20.91
262,-0.13,-0.54,0.88,2.13,19.75,-20.24
263,-0.13,-0.54,0.87,4.43,21.52,-19.34
264,-0.13,-0.54,0.86,5.37,22.83,-18.47
265,-0.15,-0.54,0.83,5.31,21.51,-18.79
266,-0.17,-0.53,0.82,4.93,19.91,-19.99
267,-0.19,-0.49,0.82,3.69,15.08,-19.96
268,-0.2,-0.47,0.83,1.54,11.32,-19.27
269,-0.18,-0.46,0.83,0.05,11.05,-17.5
270,-0.16,-0.48,0.83,-1.44,11.24,-16.53
271,-0.15,-0.48,0.83,-2.94,12.18,-15.34
272,-0.12,-0.49,0.83,-4.52,14.98,-15.29
273,-0.14,-0.51,0.83,-4.29,15.64,-16.04
274,-0.15,-0.52,0.82,-2.1,13.53,-15.92
275,-0.14,-0.49,0.82,-1.73,12.12,-16.14
276,-0.11,-0.48,0.82,-2.53,12.36,-15.53
277,-0.12,-0.48,0.83,-3.22,14.64,-16.65
278,-0.1,-0.48,0.84,-3.19,15.9,-15.36
279,-0.1,-0.49,0.83,-3.12,16.83,-14.84
280,-0.11,-0.48,0.83,-3.12,15.56,-16.59
281,-0.13,-0.49,0.82,-2.77,14.44,-18.32
282,-0.13,-0.48,0.82,-3.05,13.71,-21.01
283,-0.12,-0.47,0.82,-4.27,14.82,-22.87
284,-0.11,-0.49,0.83,-5.45,17.09,-23.56
285,-0.12,-0.51,0.83,-6.05,19.18,-24.67
286,-0.15,-0.54,0.83,-4.37,18.86,-25.53
287,-0.16,-0.56,0.83,-1.61,17.88,-27.01
288,-0.17,-0.56,0.82,1.02,14.0,-27.38
289,-0.18,-0.55,0.81,2.24,12.89,-27.55
290,-0.2,-0.54,0.81,3.35,12.44,-26.5
291,-0.19,-0.54,0.81,3.95,12.26,-25.64
292,-0.2,-0.52,0.82,3.99,11.73,-24.55
293,-0.21,-0.52,0.82,4.37,10.92,-20.9
294,-0.19,-0.51,0.8,4.35,9.98,-17.75
295,-0.15,-0.51,0.8,3.78,11.26,-16.94
296,-0.12,-0.51,0.81,2.83,9.34,-11.08
297,-0.23,-0.51,0.74,-2.21,16.34,-15.5
298,-0.22,-0.52,0.78,-2.47,11.94,-15.15
299,-0.27,-0.54,0.78,-0.65,5.37,-17.45
300,-0.25,-0.52,0.79,3.19,-5.13,-20.22
301,-0.21,-0.53,0.8,5.49,-10.61,-22.25
302,-0.16,-0.51,0.79,3.05,-6.89,-23.62
303,-0.2,-0.53,0.81,0.72,-1.46,-23.03
304,-0.21,-0.54,0.81,1.96,1.41,-17.68
305,-0.24,-0.57,0.85,2.69,0.68,-15.99
306,-0.18,-0.52,0.82,2.08,8.95,-14.55
307,-0.17,-0.54,0.82,-0.65,13.24,-13.95
308,-0.17,-0.51,0.81,-1.66,18.42,-12.94
309,-0.17,-0.53,0.83,-2.59,21.44,-11.91
310,-0.19,-0.52,0.81,-0.92,23.89,-12.77
311,-0.21,-0.53,0.82,0.84,22.01,-14.17
312,-0.22,-0.52,0.8,2.85,19.47,-15.82
313,-0.23,-0.51,0.79,3.49,16.96,-20.05
314,-0.21,-0.5,0.79,2.74,16.85,-20.83
315,-0.23,-0.51,0.81,1.99,17.63,-20.65
316,-0.23,-0.52,0.81,1.92,12.21,-18.75
317,-0.25,-0.55,0.8,2.54,12.93,-18.02
318,-0.25,-0.54,0.82,4.31,11.54,-14.84
319,-0.27,-0.54,0.8,5.44,10.29,-13.92
320,-0.25,-0.53,0.8,6.76,10.05,-11.08
321,-0.25,-0.51,0.78,5.48,11.14,-7.96
322,-0.23,-0.5,0.81,3.6,13.37,-4.6
323,-0.21,-0.49,0.81,1.39,15.97,-1.15
324,-0.2,-0.48,0.8,0.85,14.14,-0.66
325,-0.2,-0.49,0.8,1.15,9.27,-3.87
326,-0.24,-0.52,0.79,5.54,5.19,-8.34
327,-0.26,-0.53,0.79,9.98,0.28,-13.22
328,-0.26,-0.54,0.79,13.97,-6.07,-18.18
329,-0.27,-0.52,0.77,15.83,-10.41,-21.94
330,-0.29,-0.5,0.77,17.25,-13.96,-23.14
331,-0.28,-0.48,0.77,18.21,-16.06,-21.67
332,-0.29,-0.48,0.78,17.68,-15.08,-18.1
333,-0.28,-0.49,0.79,17.63,-16.83,-10.78
334,-0.25,-0.49,0.81,18.27,-18.2,-4.02
335,-0.23,-0.49,0.82,18.73,-17.53,-0.99
336,-0.23,-0.52,0.82,21.31,-19.15,-2.29
337,-0.23,-0.54,0.85,29.08,-21.27,-6.83
338,-0.21,-0.55,0.87,37.49,-26.74,-11.2
339,-0.19,-0.52,0.86,43.02,-29.44,-16.5
340,-0.16,-0.45,0.82,44.92,-31.23,-19.21
341,-0.1,-0.39,0.82,41.06,-30.55,-18.49
342,-0.05,-0.35,0.82,30.54,-20.21,-20.37
343,-0.04,-0.36,0.84,21.72,-9.73,-22.47
344,-0.08,-0.39,0.87,14.66,-3.85,-24.78
345,-0.12,-0.41,0.87,10.66,-2.06,-25.86
346,-0.15,-0.42,0.88,7.02,-0.52,-25.2
347,-0.16,-0.44,0.89,3.82,0.64,-22.49
348,-0.17,-0.45,0.91,0.31,0.76,-17.92
349,-0.16,-0.46,0.93,-2.38,-0.19,-11.88
350,-0.12,-0.45,0.93,-4.95,6.39,-5.6
351,-0.11,-0.44,0.92,-8.22,12.25,-1.48
352,-0.1,-0.44,0.93,-9.04,15.27,0.55
353,-0.1,-0.44,0.92,-9.08,16.44,-2.5
354,-0.09,-0.44,0.92,-8.99,16.85,-8.85
355,-0.11,-0.44,0.91,-6.49,13.25,-13.5
356,-0.13,-0.45,0.92,-3.18,9.66,-16.75
357,-0.13,-0.46,0.92,-1.32,5.82,-17.61
358,-0.13,-0.46,0.9,-0.47,7.05,-15.95
359,-0.12,-0.46,0.91,0.26,5.89,-14.34
360,-0.12,-0.46,0.89,0.52,6.34,-13.29
361,-0.11,-0.47,0.89,0.94,7.63,-11.35
362,-0.11,-0.46,0.88,1.49,8.2,-10.95
363,-0.1,-0.46,0.89,1.89,7.4,-9.89
364,-0.08,-0.46,0.87,1.7,8.62,-10.37
365,-0.06,-0.45,0.88,0.84,10.77,-10.7
366,-0.06,-0.47,0.89,2.99,9.3,-10.43
367,-0.07,-0.48,0.91,6.78,9.29,-12.1
368,-0.09,-0.47,0.9,11.37,6.08,-14.08
369,-0.08,-0.46,0.9,14.63,2.2,-16.41
370,-0.07,-0.45,0.9,16.73,-1.05,-18.66
371,-0.06,-0.44,0.9,18.45,-4.67,-21.61
372,-0.07,-0.44,0.9,19.4,-5.42,-21.27
373,-0.08,-0.45,0.91,21.33,-5.62,-20.53
374,-0.09,-0.46,0.92,24.44,-6.59,-17.48
375,-0.11,-0.46,0.9,26.74,-5.85,-15.91
376,-0.11,-0.45,0.9,29.64,-6.17,-14.04
377,-0.11,-0.44,0.89,30.05,-5.24,-13.91
378,-0.11,-0.43,0.89,30.08,-5.31,-16.19
379,-0.09,-0.42,0.9,28.67,-5.39,-19.99
380,-0.09,-0.43,0.91,30.08,-7.13,-24.85
381,-0.1,-0.44,0.91,32.8,-5.97,-30.14
382,-0.11,-0.44,0.9,34.89,-6.75,-33.18
383,-0.13,-0.42,0.89,36.74,-10.11,-36.86
384,-0.16,-0.41,0.89,38.71,-11.8,-38.9
385,-0.19,-0.41,0.9,40.82,-15.53,-42.81
386,-0.22,-0.4,0.89,46.44,-29.1,-48.34
387,-0.21,-0.4,0.9,50.54,-39.85,-54.0
388,-0.17,-0.38,0.9,56.12,-46.76,-57.19
389,-0.14,-0.35,0.9,56.05,-49.76,-57.66
390,-0.11,-0.3,0.89,52.95,-45.12,-51.93
391,-0.1,-0.28,0.87,46.1,-38.66,-43.53
392,-0.08,-0.28,0.86,39.37,-30.01,-34.76
393,-0.12,-0.29,0.89,34.92,-24.25,-26.92
394,-0.15,-0.32,0.92,35.1,-22.25,-21.18
395,-0.17,-0.3,0.91,39.28,-26.53,-17.99
396,-0.2,-0.32,0.89,43.69,-33.98,-15.33
397,-0.16,-0.3,0.89,47.24,-33.18,-14.08
398,-0.17,-0.28,0.85,44.79,-37.93,-15.0
399,-0.11,-0.25,0.86,38.63,-37.0,-14.15
