,accel_x,accel_y,accel_z,gyro_x,gyro_y,gyro_z
0,-0.04,-0.17,0.98,-6.82,-2.04,2.44
1,-0.04,-0.17,0.96,-6.56,-1.81,1.18
2,-0.03,-0.16,0.96,-5.1,-3.08,0.24
3,-0.04,-0.16,0.96,-4.19,-1.11,0.02
4,-0.05,-0.16,0.94,-3.02,-3.24,-0.79
5,-0.07,-0.16,0.94,-2.92,-8.01,-2.0
6,-0.07,-0.16,0.94,-2.99,-10.31,-2.39
7,-0.07,-0.17,0.93,-4.05,-11.05,-2.34
8,-0.06,-0.18,0.94,-7.32,-10.97,-1.8
9,-0.07,-0.18,0.95,-11.1,-11.17,1.35
10,-0.08,-0.21,0.97,-12.55,-12.22,1.51
11,-0.07,-0.22,0.99,-12.12,-13.31,0.18
12,-0.05,-0.23,1.02,-9.29,-16.62,0.03
13,-0.02,-0.23,1.04,-7.89,-16.47,-1.08
14,-0.01,-0.22,1.04,-6.85,-14.23,-2.83
15,0.01,-0.21,1.04,-5.98,-11.5,-2.86
16,0.0,-0.2,1.03,-6.16,-7.53,-1.89
17,-0.0,-0.22,1.02,-6.08,-5.07,-0.05
18,-0.02,-0.21,0.99,-5.83,-3.55,1.18
19,-0.02,-0.2,0.98,-6.54,-2.04,2.51
20,-0.03,-0.19,0.97,-7.23,-0.93,2.66
21,-0.05,-0.21,0.95,-7.68,0.15,2.6
22,-0.08,-0.21,0.94,-9.44,1.1,3.11
23,-0.08,-0.22,0.94,-11.24,-0.14,5.29
24,-0.09,-0.23,0.94,-11.58,-0.5,6.47
25,-0.08,-0.24,0.93,-10.71,-1.65,6.2
26,-0.06,-0.23,0.93,-9.54,-8.27,2.54
27,-0.06,-0.25,0.95,-6.5,-11.4,-3.19
28,-0.06,-0.26,0.96,-1.66,-15.02,-6.61
29,-0.02,-0.25,0.95,-0.24,-15.06,-7.23
30,0.01,-0.22,0.95,-1.94,-9.6,-4.89
31,0.02,-0.22,0.95,-4.98,-3.48,-3.02
32,-0.0,-0.22,0.94,-7.12,1.09,1.23
33,-0.01,-0.22,0.92,-7.8,2.24,5.39
34,0.01,-0.19,0.91,-9.5,2.27,7.17
35,0.02,-0.2,0.93,-10.64,3.92,7.65
36,0.04,-0.22,0.95,-8.72,5.68,5.73
37,0.05,-0.22,0.95,-5.19,6.62,3.78
38,0.04,-0.21,0.94,-1.57,3.5,-2.11
39,0.04,-0.17,0.92,-1.4,0.01,-8.9
40,0.03,-0.19,0.92,-3.15,-1.27,-13.0
41,0.02,-0.2,0.93,-4.5,0.19,-13.31
42,0.0,-0.22,0.95,-5.42,3.31,-11.31
43,-0.0,-0.23,0.95,-5.53,6.95,-8.43
44,-0.01,-0.23,0.96,-5.46,10.27,-4.97
45,-0.01,-0.21,0.97,-6.25,14.66,-0.84
46,-0.03,-0.2,0.97,-5.63,16.99,2.37
47,-0.05,-0.19,0.93,-5.98,17.25,0.86
48,-0.07,-0.19,0.92,-5.75,14.85,0.85
49,-0.06,-0.18,0.92,-5.53,13.21,0.28
50,-0.06,-0.18,0.93,-5.79,11.4,-0.92
51,-0.06,-0.18,0.94,-7.11,9.86,-1.47
52,-0.05,-0.18,0.94,-8.69,7.2,-0.6
53,-0.03,-0.17,0.95,-11.59,8.27,0.76
54,-0.01,-0.2,0.96,-12.82,10.83,-0.21
55,-0.01,-0.21,0.98,-14.14,13.88,-1.59
56,-0.0,-0.22,0.97,-15.63,17.11,-2.1
57,-0.03,-0.24,0.97,-16.71,15.69,-4.08
58,-0.06,-0.27,0.98,-15.82,12.27,-6.88
59,-0.08,-0.28,0.99,-13.45,7.63,-9.28
60,-0.07,-0.29,1.01,-11.11,3.66,-10.12
61,-0.09,-0.28,1.01,-9.24,2.74,-7.06
62,-0.06,-0.26,1.0,-8.5,2.6,-4.21
63,-0.02,-0.24,0.98,-10.37,4.51,-4.55
64,-0.04,-0.23,0.98,-11.92,7.12,-6.47
65,-0.06,-0.23,0.97,-12.55,7.16,-6.6
66,-0.07,-0.22,0.96,-12.27,7.25,-5.68
67,-0.06,-0.21,0.95,-12.24,7.88,-6.4
68,-0.07,-0.22,0.95,-12.98,7.03,-8.02
69,-0.06,-0.24,0.95,-13.94,4.43,-9.11
70,-0.06,-0.26,0.95,-14.55,3.82,-11.76
71,-0.06,-0.27,0.96,-14.76,4.37,-13.34
72,-0.05,-0.29,0.98,-14.89,6.13,-13.71
73,-0.05,-0.29,0.96,-14.41,8.86,-14.53
74,-0.09,-0.31,0.96,-12.79,10.21,-15.89
75,-0.11,-0.32,0.95,-11.29,8.26,-15.07
76,-0.15,-0.33,0.93,-10.05,6.74,-14.74
77,-0.16,-0.33,0.94,-8.1,4.44,-13.21
78,-0.15,-0.32,0.94,-6.86,3.16,-11.34
79,-0.14,-0.3,0.92,-7.6,3.98,-9.31
80,-0.13,-0.28,0.92,-9.76,4.95,-8.68
81,-0.12,-0.28,0.92,-12.27,5.08,-8.69
82,-0.12,-0.27,0.92,-14.76,7.08,-8.63
83,-0.11,-0.29,0.93,-16.05,7.64,-9.89
84,-0.13,-0.31,0.94,-14.64,5.85,-12.74
85,-0.12,-0.32,0.95,-11.66,3.27,-15.36
86,-0.12,-0.33,0.97,-8.83,1.34,-15.87
87,-0.11,-0.34,0.96,-5.97,0.47,-14.53
88,-0.12,-0.34,0.97,-4.24,3.36,-13.23
89,-0.12,-0.34,0.95,-3.15,4.44,-10.75
90,-0.13,-0.32,0.95,-2.82,4.52,-8.44
91,-0.11,-0.32,0.93,-4.13,3.56,-7.4
92,-0.1,-0.32,0.94,-5.48,4.43,-6.26
93,-0.1,-0.33,0.95,-6.32,3.3,-4.33
94,-0.1,-0.35,0.95,-5.27,2.37,-2.85
95,-0.09,-0.33,0.95,-4.22,1.56,-3.18
96,-0.08,-0.32,0.95,-3.52,2.02,-3.45
97,-0.08,-0.31,0.95,-3.06,2.73,-4.02
98,-0.06,-0.31,0.94,-2.47,2.28,-5.9
99,-0.04,-0.3,0.95,-3.11,4.34,-7.68
100,-0.05,-0.3,0.95,-2.85,6.11,-8.8
101,-0.08,-0.3,0.95,-1.34,5.79,-9.32
102,-0.09,-0.3,0.93,-0.27,5.35,-9.22
103,-0.09,-0.29,0.93,-0.08,4.26,-8.29
104,-0.09,-0.28,0.93,-0.79,3.22,-6.4
105,-0.1,-0.28,0.92,-1.58,2.51,-4.98
106,-0.11,-0.28,0.91,-2.94,2.03,-4.51
107,-0.13,-0.29,0.92,-3.34,0.36,-4.05
108,-0.16,-0.31,0.91,-2.47,-1.53,-2.24
109,-0.15,-0.31,0.9,-1.58,-2.89,-0.5
110,-0.15,-0.31,0.9,-1.37,-4.89,-0.44
111,-0.14,-0.3,0.91,-2.19,-5.58,-1.08
112,-0.14,-0.29,0.91,-3.11,-5.51,-1.34
113,-0.17,-0.3,0.91,-3.7,-6.1,-1.35
114,-0.18,-0.31,0.92,-3.79,-7.4,-0.63
115,-0.17,-0.3,0.92,-4.21,-7.88,1.79
116,-0.16,-0.3,0.93,-4.48,-8.85,3.66
117,-0.15,-0.3,0.94,-5.08,-9.48,4.53
118,-0.14,-0.3,0.96,-4.69,-9.24,4.92
119,-0.14,-0.31,0.95,-5.29,-6.9,3.82
120,-0.13,-0.32,0.94,-5.6,-6.47,2.27
121,-0.15,-0.34,0.95,-5.76,-6.18,1.08
122,-0.18,-0.36,0.95,-5.15,-4.82,-0.21
123,-0.2,-0.37,0.95,-4.05,-4.31,-0.09
124,-0.23,-0.38,0.92,-4.85,-1.31,0.11
125,-0.28,-0.4,0.9,-5.95,2.53,0.6
126,-0.33,-0.43,0.88,-5.69,3.85,0.86
127,-0.42,-0.48,0.84,-4.92,4.55,2.72
128,-0.52,-0.54,0.81,-3.5,1.66,5.92
129,-0.62,-0.58,0.77,1.34,-6.52,10.52
130,-0.66,-0.57,0.75,6.57,-16.75,14.6
131,-0.6,-0.52,0.73,6.19,-20.66,18.3
132,-0.56,-0.47,0.69,0.81,-17.76,22.02
133,-0.55,-0.39,0.73,-11.16,-12.26,30.31
134,-0.54,-0.3,0.75,-24.98,-6.85,46.74
135,-0.56,-0.25,0.77,-40.15,-0.72,62.26
136,-0.59,-0.26,0.8,-48.4,-4.14,72.24
137,-0.57,-0.28,0.82,-51.74,-7.87,79.03
138,-0.54,-0.32,0.84,-48.63,-11.91,78.06
139,-0.56,-0.43,0.84,-36.74,-28.52,67.95
140,-0.63,-0.54,0.85,-13.26,-50.6,57.79
141,-0.65,-0.57,0.86,2.34,-75.34,54.69
142,-0.45,-0.55,0.9,17.31,-95.03,64.2
143,-0.28,-0.52,0.94,18.4,-97.5,69.99
144,-0.17,-0.51,0.95,9.02,-86.15,87.25
145,-0.1,-0.56,0.99,0.76,-67.99,98.65
146,-0.14,-0.62,0.94,2.63,-58.66,108.34
147,-0.21,-0.65,0.85,10.27,-59.22,112.93
148,-0.23,-0.62,0.77,16.37,-69.56,117.41
149,-0.21,-0.54,0.76,19.18,-91.69,115.15
150,-0.09,-0.52,0.77,20.51,-115.32,101.35
151,0.17,-0.49,0.89,23.63,-119.91,99.92
152,0.37,-0.46,0.98,26.47,-113.6,96.55
153,0.46,-0.4,0.99,19.2,-95.66,93.22
154,0.49,-0.38,1.0,14.51,-70.35,100.55
155,0.46,-0.39,0.96,11.35,-57.6,98.15
156,0.41,-0.34,0.9,8.69,-36.15,100.75
157,0.4,-0.25,0.88,-0.61,-21.32,107.89
158,0.41,-0.18,0.81,-16.87,-11.56,111.53
159,0.26,-0.21,0.75,-30.11,-7.68,101.17
160,0.17,-0.29,0.86,-23.6,-23.96,89.01
161,0.27,-0.34,0.9,-7.78,-40.85,76.81
162,0.37,-0.35,0.95,-2.31,-33.89,68.53
163,0.41,-0.37,1.01,1.71,-28.83,65.85
164,0.45,-0.31,1.02,0.98,-22.6,63.54
165,0.45,-0.27,1.02,-5.57,-12.6,63.45
166,0.44,-0.27,1.04,-13.38,-2.42,63.34
167,0.46,-0.29,1.09,-18.52,7.8,61.04
168,0.43,-0.3,1.12,-21.76,23.21,61.0
169,0.36,-0.29,1.13,-16.74,26.53,57.82
170,0.34,-0.29,1.14,-14.2,36.11,55.05
171,0.27,-0.29,1.1,-13.3,46.93,55.44
172,0.16,-0.3,1.04,-11.15,44.73,49.63
173,0.07,-0.33,1.08,1.89,28.68,38.21
174,0.19,-0.31,1.11,17.22,23.24,35.17
175,0.26,-0.26,1.09,16.07,34.14,34.07
176,0.25,-0.25,1.05,6.38,45.68,36.55
177,0.21,-0.26,1.03,-2.71,53.5,35.35
178,0.12,-0.29,1.0,-3.61,52.4,31.53
179,0.05,-0.31,0.97,-0.91,43.27,27.63
180,0.06,-0.32,0.97,3.1,31.12,25.21
181,0.11,-0.32,0.97,10.08,22.95,22.4
182,0.15,-0.33,0.97,15.76,14.88,17.21
183,0.2,-0.32,0.96,19.9,11.47,16.46
184,0.29,-0.29,0.95,19.25,14.81,15.92
185,0.26,-0.29,0.95,16.49,18.0,15.59
186,0.22,-0.27,0.94,19.53,11.92,14.35
187,0.23,-0.23,0.9,21.79,7.76,14.0
188,0.22,-0.2,0.88,20.09,5.05,13.93
189,0.27,-0.15,0.87,15.33,4.18,13.21
190,0.3,-0.13,0.87,9.89,6.99,10.66
191,0.28,-0.11,0.87,8.21,5.4,5.68
192,0.26,-0.11,0.87,7.07,4.78,0.96
193,0.24,-0.1,0.87,6.24,3.95,-3.17
194,0.22,-0.08,0.87,5.46,3.24,-6.31
195,0.21,-0.08,0.88,3.49,4.31,-9.82
196,0.21,-0.08,0.89,0.36,4.97,-14.99
197,0.2,-0.08,0.91,-2.54,5.5,-19.55
198,0.18,-0.08,0.92,-7.38,8.73,-21.61
199,0.18,-0.11,0.95,-11.9,11.69,-24.42
200,0.17,-0.14,0.96,-14.98,14.44,-27.82
201,0.14,-0.16,0.97,-16.91,16.73,-30.81
202,0.12,-0.19,0.98,-17.94,19.05,-31.54
203,0.11,-0.21,0.98,-19.21,22.85,-32.8
204,0.09,-0.25,1.0,-17.99,26.24,-35.58
205,0.05,-0.29,0.99,-13.22,25.03,-40.36
206,0.02,-0.32,0.99,-8.3,22.32,-40.76
207,0.04,-0.32,0.98,-3.17,21.37,-38.78
208,0.05,-0.29,0.95,0.15,21.89,-39.25
209,0.06,-0.27,0.94,1.09,22.47,-42.55
210,0.02,-0.26,0.91,-0.16,24.15,-46.48
211,-0.05,-0.28,0.9,-2.34,23.51,-48.66
212,-0.07,-0.3,0.92,-4.11,21.08,-45.21
213,-0.04,-0.34,0.95,-4.67,21.55,-42.79
214,-0.04,-0.36,0.98,-2.52,20.64,-43.35
215,-0.04,-0.36,1.0,0.53,20.12,-44.27
216,-0.03,-0.33,0.98,5.17,20.58,-47.05
217,-0.03,-0.3,0.97,9.0,19.24,-50.28
218,-0.05,-0.27,0.95,9.53,20.13,-51.27
219,-0.07,-0.25,0.94,6.42,21.55,-48.94
220,-0.08,-0.25,0.94,3.27,23.5,-44.61
221,-0.07,-0.26,0.93,1.06,25.66,-43.68
222,-0.08,-0.29,0.94,1.17,23.24,-44.49
223,-0.07,-0.28,0.95,2.25,20.34,-46.66
224,-0.04,-0.26,0.94,3.5,21.52,-51.84
225,-0.07,-0.28,0.94,2.63,24.56,-59.2
226,-0.11,-0.31,0.92,-0.69,28.97,-58.55
227,-0.15,-0.35,0.93,-3.75,33.27,-55.6
228,-0.19,-0.37,0.94,-3.91,36.89,-49.35
229,-0.23,-0.4,0.93,-4.13,39.76,-43.15
230,-0.28,-0.43,0.92,-4.07,37.43,-35.03
231,-0.33,-0.45,0.92,-2.6,30.86,-27.41
232,-0.3,-0.4,0.9,-1.33,26.32,-27.52
233,-0.21,-0.37,0.92,6.53,23.87,-38.09
234,-0.19,-0.34,0.93,10.95,18.69,-48.35
235,-0.18,-0.3,0.93,12.64,22.77,-54.44
236,-0.24,-0.28,0.92,9.92,27.52,-53.43
237,-0.3,-0.28,0.9,4.67,30.55,-46.86
238,-0.33,-0.29,0.88,-2.27,30.92,-40.31
239,-0.32,-0.31,0.87,-8.04,32.2,-34.66
240,-0.3,-0.34,0.89,-10.22,31.93,-30.4
241,-0.26,-0.35,0.92,-9.52,31.56,-28.44
242,-0.22,-0.32,0.93,-5.94,34.15,-31.53
243,-0.21,-0.29,0.93,-2.5,34.44,-40.66
244,-0.22,-0.27,0.92,-1.85,37.33,-45.6
245,-0.31,-0.28,0.88,-3.45,40.3,-46.0
246,-0.37,-0.32,0.86,-4.45,39.73,-41.36
247,-0.39,-0.35,0.82,-4.06,38.92,-34.95
248,-0.38,-0.39,0.8,-3.89,39.27,-28.76
249,-0.38,-0.42,0.79,-2.45,34.76,-22.82
250,-0.33,-0.39,0.78,0.29,28.01,-20.5
251,-0.29,-0.32,0.79,4.19,24.27,-24.21
252,-0.28,-0.31,0.78,6.32,26.95,-33.71
253,-0.32,-0.28,0.79,6.11,27.69,-39.17
254,-0.36,-0.26,0.79,4.21,29.1,-38.81
255,-0.41,-0.29,0.78,2.01,27.88,-35.48
256,-0.46,-0.32,0.79,1.35,20.55,-29.6
257,-0.46,-0.34,0.78,1.76,11.6,-23.15
258,-0.47,-0.36,0.75,2.63,2.39,-16.29
259,-0.44,-0.35,0.76,2.98,-8.25,-12.86
260,-0.36,-0.3,0.8,1.66,-11.99,-12.77
261,-0.32,-0.26,0.82,-0.6,-11.76,-14.63
262,-0.31,-0.25,0.84,-5.07,-4.1,-14.41
263,-0.33,-0.27,0.84,-8.42,-0.65,-11.09
264,-0.36,-0.29,0.86,-8.23,-5.92,-10.84
265,-0.33,-0.32,0.87,-4.87,-14.05,-12.82
266,-0.3,-0.33,0.88,-1.18,-18.4,-18.56
267,-0.31,-0.35,0.88,2.05,-24.15,-23.24
268,-0.33,-0.33,0.89,2.42,-30.27,-23.27
269,-0.28,-0.32,0.88,-1.64,-26.89,-19.86
270,-0.25,-0.32,0.9,-4.6,-21.17,-15.53
271,-0.2,-0.35,0.93,-6.5,-13.52,-13.64
272,-0.21,-0.36,0.94,-6.14,-7.99,-11.74
273,-0.21,-0.36,0.95,-3.18,-2.37,-10.92
274,-0.25,-0.35,0.93,0.02,0.71,-13.29
275,-0.28,-0.35,0.93,3.87,0.48,-15.78
276,-0.3,-0.37,0.91,6.47,-0.67,-17.82
277,-0.32,-0.36,0.89,5.99,-1.85,-17.97
278,-0.32,-0.36,0.87,4.41,-0.44,-17.56
279,-0.34,-0.38,0.85,4.57,-2.59,-18.31
280,-0.39,-0.42,0.86,7.19,-9.95,-19.29
281,-0.4,-0.42,0.87,9.92,-18.05,-17.86
282,-0.31,-0.37,0.88,10.82,-21.24,-17.6
283,-0.23,-0.3,0.9,8.22,-17.39,-19.23
284,-0.19,-0.29,0.92,3.4,-11.5,-18.39
285,-0.22,-0.31,0.93,0.5,-4.41,-16.99
286,-0.25,-0.33,0.93,3.31,-3.57,-16.85
287,-0.26,-0.34,0.92,9.67,-6.85,-20.36
288,-0.27,-0.34,0.92,17.46,-13.89,-24.18
289,-0.28,-0.31,0.89,19.1,-19.68,-26.02
290,-0.26,-0.27,0.9,15.05,-19.05,-23.86
291,-0.24,-0.26,0.9,10.73,-16.42,-19.6
292,-0.23,-0.27,0.9,6.94,-11.53,-16.79
293,-0.22,-0.29,0.91,4.34,-6.01,-14.84
294,-0.23,-0.3,0.88,2.73,-3.56,-13.56
295,-0.27,-0.31,0.89,2.31,-6.87,-12.96
296,-0.27,-0.29,0.88,2.02,-9.67,-11.84
297,-0.25,-0.28,0.88,0.24,-14.01,-11.28
298,-0.19,-0.25,0.91,-3.53,-13.73,-10.27
299,-0.15,-0.28,0.92,-4.36,-12.53,-10.56
300,-0.14,-0.3,0.95,-5.21,-10.21,-13.32
301,-0.13,-0.31,0.94,-4.91,-7.88,-14.02
302,-0.13,-0.31,0.93,-4.0,-6.27,-14.26
303,-0.12,-0.28,0.93,-3.31,-8.8,-15.64
304,-0.13,-0.27,0.92,-4.77,-6.34,-18.18
305,-0.13,-0.29,0.93,-5.92,-4.11,-18.7
306,-0.15,-0.31,0.94,-6.0,-0.53,-19.46
307,-0.17,-0.33,0.93,-5.73,2.88,-19.26
308,-0.2,-0.36,0.94,-4.4,2.29,-18.54
309,-0.22,-0.37,0.93,-2.38,-0.6,-18.83
310,-0.24,-0.36,0.92,-1.34,-3.82,-19.08
311,-0.23,-0.36,0.92,-2.02,-6.01,-16.77
312,-0.2,-0.37,0.94,-3.54,-2.8,-12.52
313,-0.19,-0.37,0.94,-5.35,1.37,-9.43
314,-0.18,-0.37,0.93,-7.05,7.5,-5.5
315,-0.19,-0.36,0.93,-7.97,9.73,-2.35
316,-0.18,-0.34,0.93,-7.53,6.36,1.44
317,-0.2,-0.33,0.9,-7.46,7.89,1.71
318,-0.2,-0.32,0.89,-7.42,6.44,-0.19
319,-0.22,-0.32,0.88,-7.41,3.8,-1.95
320,-0.23,-0.33,0.88,-7.87,1.46,-5.06
321,-0.22,-0.34,0.88,-8.55,-0.84,-6.22
322,-0.18,-0.34,0.89,-8.73,-2.67,-7.28
323,-0.2,-0.36,0.89,-8.1,-3.22,-9.15
324,-0.21,-0.36,0.89,-6.82,-6.02,-9.8
325,-0.2,-0.35,0.9,-4.15,-9.16,-9.21
326,-0.22,-0.37,0.91,8.75,-27.63,-1.81
327,-0.13,-0.33,0.92,-4.4,-8.36,-9.63
328,-0.14,-0.33,0.92,-4.69,-5.6,-7.29
329,-0.18,-0.37,0.92,-2.44,-4.83,-7.68
330,-0.16,-0.35,0.93,-3.41,-1.69,-6.12
331,-0.16,-0.36,0.93,-4.34,1.76,-5.17
332,-0.15,-0.35,0.93,-4.77,3.31,-5.11
333,-0.14,-0.32,0.93,-4.79,3.25,-4.15
334,-0.13,-0.32,0.92,-5.77,5.44,-4.99
335,-0.16,-0.32,0.88,-4.27,15.78,-6.15
336,-0.13,-0.32,0.95,-8.31,11.24,-3.77
337,-0.18,-0.31,0.93,-5.61,12.26,0.76
338,-0.2,-0.32,0.93,-5.23,9.03,-4.05
339,-0.17,-0.31,0.92,-3.33,4.74,-3.5
340,-0.16,-0.32,0.92,-0.31,1.98,-2.61
341,-0.15,-0.31,0.92,0.6,1.18,-5.5
342,-0.15,-0.29,0.9,-0.05,0.82,-5.95
343,-0.13,-0.29,0.9,-0.82,0.2,-3.67
344,-0.13,-0.29,0.91,-1.99,-0.47,0.23
345,0.1,-0.39,1.2,-16.69,5.28,33.53
346,-0.26,-0.31,0.84,-1.72,4.6,0.96
347,-0.15,-0.29,0.9,-6.8,-0.38,-8.05
348,-0.19,-0.32,0.88,-7.79,-2.57,-1.21
349,-0.15,-0.33,0.91,-7.5,-3.55,0.09
350,-0.11,-0.32,0.92,-7.11,-1.13,-1.99
351,-0.1,-0.32,0.94,-9.54,3.85,-3.89
352,-0.11,-0.35,0.96,-9.47,7.93,-4.38
353,-0.13,-0.35,0.94,-8.18,9.52,-3.26
354,-0.12,-0.34,0.92,-8.58,12.16,-3.44
355,-0.11,-0.31,0.9,-9.99,14.42,-5.37
356,-0.13,-0.31,0.89,-12.11,14.82,-10.99
357,-0.13,-0.31,0.9,-11.51,15.38,-14.67
358,0.13,-0.18,1.24,-21.14,29.07,9.69
359,-0.18,-0.35,0.93,-8.45,14.04,-19.06
360,-0.19,-0.29,0.9,-0.66,4.89,-27.19
361,-0.19,-0.36,0.88,-2.27,5.85,-7.34
362,-0.19,-0.33,0.87,-6.96,11.76,1.76
363,-0.21,-0.33,0.87,-6.24,2.98,0.3
364,-0.21,-0.34,0.9,-1.82,1.09,-6.76
365,-0.19,-0.36,0.91,-7.82,4.08,-1.54
366,-0.21,-0.37,0.89,-5.15,2.84,4.68
367,-0.19,-0.35,0.9,-3.29,0.47,3.98
368,-0.17,-0.33,0.9,-3.09,-0.65,2.08
369,-0.18,-0.34,0.89,-0.8,-2.47,1.75
370,-0.17,-0.33,0.9,-1.77,-2.25,-0.02
371,-0.18,-0.33,0.89,-1.87,-2.68,-2.37
372,-0.17,-0.33,0.89,-3.2,-3.42,-4.55
373,-0.19,-0.35,0.89,-2.82,-5.27,-5.82
374,-0.22,-0.38,0.9,2.21,-10.26,-2.24
375,-0.17,-0.37,0.93,0.37,-5.62,-0.96
376,-0.16,-0.36,0.93,0.89,-2.85,3.12
377,-0.18,-0.37,0.92,0.54,0.11,2.72
378,-0.18,-0.35,0.92,1.47,-0.5,3.22
379,-0.21,-0.34,0.89,1.55,-2.66,2.73
380,-0.23,-0.36,0.88,3.08,-7.4,0.14
381,-0.22,-0.36,0.89,4.15,-12.83,-1.93
382,-0.21,-0.36,0.89,4.75,-15.37,-2.88
383,-0.17,-0.33,0.89,2.57,-12.76,1.5
384,-0.18,-0.33,0.9,-1.33,-11.71,2.31
385,-0.19,-0.32,0.89,-1.35,-12.7,1.05
386,-0.11,-0.27,0.94,-3.41,-17.63,5.22
387,-0.14,-0.31,0.89,-7.72,-9.92,2.27
388,-0.16,-0.32,0.91,-6.47,-8.66,0.35
389,-0.19,-0.33,0.9,-2.61,-13.15,0.43
390,-0.17,-0.3,0.9,-3.01,-16.0,-0.72
391,-0.12,-0.29,0.9,-3.11,-22.0,2.82
392,-0.13,-0.3,0.92,-4.69,-18.21,1.08
393,-0.14,-0.31,0.93,-4.4,-13.4,1.25
394,-0.12,-0.33,0.94,-2.45,-12.55,0.95
395,-0.13,-0.32,0.92,-0.22,-13.97,2.37
396,-0.13,-0.32,0.92,0.16,-13.14,1.94
397,-0.14,-0.31,0.92,-0.45,-10.69,0.88
398,-0.12,-0.31,0.92,-1.53,-8.49,-0.73
399,-0.11,-0.29,0.93,-3.04,-6.34,-2.16
400,-0.1,-0.3,0.93,-4.5,-3.1,-4.57
