,accel_x,accel_y,accel_z,gyro_x,gyro_y,gyro_z
0,-0.27,-0.43,0.83,-2.05,1.96,-2.18
1,-0.29,-0.44,0.82,-2.92,2.37,0.46
2,-0.3,-0.43,0.82,-2.63,0.12,2.81
3,-0.28,-0.43,0.82,-2.69,-2.24,2.98
4,-0.27,-0.42,0.83,-3.34,-3.98,3.25
5,-0.26,-0.42,0.83,-4.27,-4.62,3.41
6,-0.26,-0.43,0.84,-5.17,-5.11,4.23
7,-0.24,-0.43,0.86,-4.18,-4.85,5.56
8,-0.23,-0.43,0.86,-3.31,-7.53,4.86
9,-0.23,-0.43,0.86,-3.41,-7.3,4.79
10,-0.23,-0.42,0.85,-2.5,-8.14,5.59
11,-0.21,-0.41,0.86,-3.42,-9.73,5.75
12,-0.2,-0.4,0.87,-4.53,-8.92,5.73
13,-0.19,-0.4,0.87,-5.15,-8.38,6.56
14,-0.18,-0.4,0.87,-5.93,-6.79,8.11
15,-0.17,-0.41,0.88,-6.24,-5.24,8.79
16,-0.16,-0.41,0.89,-5.34,-4.46,7.55
17,-0.15,-0.41,0.88,-4.1,-4.83,5.16
18,-0.16,-0.41,0.89,-2.98,-4.28,2.52
19,-0.17,-0.41,0.88,-1.89,-4.63,-0.37
20,-0.18,-0.41,0.87,-1.6,-4.0,-2.45
21,-0.18,-0.41,0.87,-1.76,-5.61,-2.72
22,-0.18,-0.41,0.86,-2.69,-4.37,-2.03
23,-0.19,-0.41,0.86,-3.14,-5.92,-1.14
24,-0.19,-0.42,0.86,-4.21,-6.9,-0.79
25,-0.2,-0.41,0.86,-4.5,-5.49,0.42
26,-0.2,-0.41,0.85,-3.8,-5.59,0.43
27,-0.2,-0.41,0.86,-3.16,-6.95,0.6
28,-0.18,-0.41,0.87,-2.88,-6.61,0.52
29,-0.19,-0.4,0.87,-2.63,-5.48,-0.27
30,-0.17,-0.39,0.86,-2.84,-6.47,-0.59
31,-0.18,-0.4,0.86,-3.73,-5.22,-0.88
32,-0.16,-0.41,0.88,-3.02,-5.43,-1.9
33,-0.17,-0.42,0.88,-1.96,-4.79,-2.36
34,-0.15,-0.41,0.88,-2.18,-5.37,-4.18
35,-0.16,-0.42,0.88,-2.41,-7.61,-5.18
36,-0.15,-0.42,0.88,-2.95,-6.11,-4.86
37,-0.16,-0.43,0.88,-2.79,-6.12,-5.31
38,-0.15,-0.42,0.9,-3.59,-5.34,-4.48
39,-0.15,-0.42,0.9,-3.16,-1.98,-3.12
40,-0.15,-0.43,0.9,-2.44,0.64,-2.85
41,-0.17,-0.43,0.9,-1.04,0.69,-2.7
42,-0.17,-0.42,0.88,-1.18,-1.49,-3.63
43,-0.17,-0.42,0.88,-1.87,-0.56,-4.42
44,-0.17,-0.43,0.89,-1.36,0.6,-4.56
45,-0.18,-0.42,0.88,-0.47,1.77,-3.47
46,-0.18,-0.42,0.87,0.58,0.63,-2.75
47,-0.17,-0.41,0.86,-0.98,1.26,-3.95
48,-0.17,-0.42,0.88,-1.49,1.02,-4.3
49,-0.18,-0.42,0.88,-0.68,1.51,-3.6
50,-0.18,-0.42,0.87,0.61,1.99,-2.82
51,-0.19,-0.4,0.85,-0.11,3.87,-3.15
52,-0.21,-0.39,0.84,-1.01,2.57,-4.24
53,-0.21,-0.4,0.84,-2.89,0.33,-4.4
54,-0.21,-0.41,0.85,-2.89,-1.39,-4.55
55,-0.19,-0.42,0.85,-3.13,-2.24,-4.38
56,-0.2,-0.4,0.85,-3.4,-1.83,-3.63
57,-0.2,-0.4,0.84,-4.26,-1.43,-3.41
58,-0.19,-0.4,0.85,-5.42,-3.43,-3.14
59,-0.18,-0.41,0.87,-5.07,-3.66,-4.48
60,-0.17,-0.42,0.87,-4.22,-3.13,-4.89
61,-0.17,-0.41,0.87,-4.69,-2.82,-6.02
62,-0.16,-0.42,0.88,-5.87,-1.25,-5.95
63,-0.17,-0.44,0.89,-5.14,-0.86,-5.1
64,-0.15,-0.43,0.9,-4.56,1.37,-4.89
65,-0.16,-0.43,0.91,-3.47,2.1,-4.81
66,-0.17,-0.43,0.88,-3.26,2.23,-6.09
67,-0.19,-0.43,0.9,-2.88,1.91,-6.13
68,-0.19,-0.44,0.89,-2.02,1.24,-6.25
69,-0.18,-0.42,0.89,-1.83,0.6,-5.49
70,-0.18,-0.42,0.88,-2.48,1.05,-5.84
71,-0.18,-0.43,0.89,-2.42,1.02,-6.69
72,-0.18,-0.44,0.89,-1.28,1.89,-6.18
73,-0.17,-0.43,0.89,0.04,3.75,-5.82
74,-0.19,-0.43,0.88,0.56,4.41,-7.5
75,-0.2,-0.43,0.87,0.85,3.37,-7.32
76,-0.21,-0.43,0.86,0.58,2.85,-6.69
77,-0.21,-0.41,0.86,-0.23,1.0,-5.92
78,-0.21,-0.42,0.85,-1.95,0.42,-6.08
79,-0.2,-0.43,0.87,-2.5,-0.05,-5.39
80,-0.2,-0.42,0.86,-7.6,-2.53,-6.61
81,-0.19,-0.43,0.87,-4.35,-1.37,-5.27
82,-0.2,-0.43,0.86,-1.77,0.02,-5.6
83,-0.21,-0.43,0.86,-1.41,-0.09,-5.01
84,-0.22,-0.43,0.86,-0.97,0.19,-2.65
85,-0.22,-0.42,0.86,-1.43,-0.76,-1.99
86,-0.22,-0.42,0.85,-1.38,-1.05,-2.19
87,-0.22,-0.42,0.85,-1.26,-1.81,-2.11
88,-0.2,-0.42,0.86,-0.87,-2.3,-2.1
89,-0.19,-0.41,0.87,-1.38,-1.81,-2.14
90,-0.19,-0.41,0.86,-3.75,-1.11,-2.15
91,-0.18,-0.41,0.86,-2.15,0.13,-0.73
92,-0.17,-0.4,0.87,-1.69,-0.11,-1.07
93,-0.18,-0.4,0.87,-2.08,-0.13,-1.29
94,-0.19,-0.41,0.87,-1.48,-0.44,-1.18
95,-0.18,-0.4,0.87,-1.38,-0.55,-2.09
96,-0.19,-0.4,0.86,-1.58,-0.32,-3.37
97,-0.2,-0.4,0.86,-2.04,-0.37,-3.37
98,-0.2,-0.39,0.84,-4.46,3.1,-3.97
99,-0.17,-0.39,0.87,-4.62,0.82,-1.6
100,-0.17,-0.38,0.84,-9.07,-0.11,-1.83
101,-0.16,-0.39,0.89,-7.51,3.91,-2.78
102,-0.15,-0.4,0.87,-6.02,2.12,-4.18
103,-0.15,-0.4,0.87,-3.87,-0.08,-5.71
104,-0.15,-0.41,0.87,-4.11,-1.47,-6.12
105,-0.16,-0.42,0.87,-4.32,-2.15,-6.71
106,-0.18,-0.44,0.87,-5.12,-1.34,-7.07
107,-0.18,-0.44,0.88,-4.41,-2.33,-5.73
108,-0.18,-0.45,0.87,-4.56,-1.84,-4.16
109,-0.19,-0.46,0.87,-4.89,0.36,-3.32
110,-0.19,-0.46,0.88,-3.69,-0.38,-2.34
111,-0.21,-0.45,0.88,-2.82,0.24,-1.69
112,-0.21,-0.45,0.87,-1.65,-1.45,-2.31
113,-0.21,-0.45,0.88,-0.37,-2.95,-2.02
114,-0.22,-0.43,0.87,-0.85,-1.95,-2.3
115,-0.19,-0.43,0.86,-1.27,-1.08,-1.37
116,-0.21,-0.43,0.86,-1.67,-0.73,-2.26
117,-0.22,-0.44,0.86,-0.93,-1.95,-3.27
118,-0.21,-0.42,0.85,-0.15,-4.74,-4.15
119,-0.21,-0.42,0.84,-0.34,-5.09,-4.6
120,-0.21,-0.42,0.85,-0.43,-4.96,-4.41
121,-0.19,-0.41,0.86,-0.87,-4.74,-3.6
122,-0.19,-0.41,0.85,-1.43,-4.33,-2.92
123,-0.18,-0.41,0.85,-1.84,-3.87,-2.71
124,-0.19,-0.41,0.85,-2.21,-4.09,-2.21
125,-0.18,-0.41,0.86,-2.37,-4.74,-2.06
126,-0.16,-0.4,0.87,-2.45,-5.57,-2.12
127,-0.15,-0.4,0.86,-3.17,-2.93,-2.27
128,-0.15,-0.4,0.87,-3.58,-1.53,-2.45
129,-0.16,-0.41,0.87,-3.54,-0.45,-2.58
130,-0.18,-0.41,0.86,-2.5,-0.89,-3.36
131,-0.17,-0.41,0.86,-2.17,-2.19,-4.24
132,-0.17,-0.4,0.86,-2.66,-1.24,-4.21
133,-0.16,-0.4,0.86,-3.29,-1.6,-4.45
134,-0.17,-0.41,0.86,-3.77,-0.73,-4.42
135,-0.2,-0.42,0.86,-3.91,-0.55,-4.57
136,-0.19,-0.41,0.87,-4.56,-0.92,-5.05
137,-0.19,-0.42,0.86,-4.49,-1.15,-5.51
138,-0.2,-0.42,0.86,-5.24,-1.41,-6.22
139,-0.21,-0.43,0.85,-5.45,-2.17,-6.17
140,-0.24,-0.44,0.87,-5.34,-1.19,-4.92
141,-0.24,-0.44,0.86,-5.61,-0.29,-4.5
142,-0.26,-0.43,0.85,-6.47,-1.18,-4.5
143,-0.27,-0.43,0.85,-7.21,-1.63,-3.69
144,-0.28,-0.42,0.85,-9.36,-2.09,-4.36
145,-0.3,-0.43,0.85,-11.53,-1.02,-4.57
146,-0.32,-0.42,0.85,-12.87,1.02,-5.98
147,-0.36,-0.43,0.84,-14.53,2.69,-7.54
148,-0.41,-0.45,0.82,-16.5,3.37,-13.47
149,-0.49,-0.49,0.78,-16.08,1.29,-26.31
150,-0.62,-0.57,0.74,-11.09,-5.77,-46.97
151,-0.88,-0.66,0.68,-0.92,-23.84,-70.82
152,-1.11,-0.69,0.63,9.16,-45.7,-86.67
153,-1.29,-0.71,0.55,10.85,-63.19,-87.04
154,-1.39,-0.7,0.48,-0.27,-72.31,-69.41
155,-1.52,-0.74,0.43,-20.84,-80.76,-36.85
156,-1.55,-0.74,0.43,-48.76,-54.11,13.68
157,-1.64,-0.87,0.39,-76.81,-37.25,74.62
158,-1.71,-1.03,0.43,-99.78,-3.32,133.96
159,-1.83,-1.22,0.4,-105.89,14.54,190.44
160,-1.9,-1.26,0.28,-105.76,26.85,231.74
161,-1.92,-1.31,0.15,-99.74,15.2,250.13
162,-1.84,-1.44,0.08,-84.86,5.34,250.13
163,-1.68,-1.47,-0.06,-62.48,-11.41,250.13
164,-1.49,-1.44,-0.31,-50.98,-33.24,250.13
165,-1.21,-1.34,-0.54,-52.25,-42.44,250.13
166,-0.8,-1.27,-0.55,-72.57,-59.91,250.13
167,-0.66,-0.9,-0.68,-109.65,-113.4,250.13
168,0.0,-1.05,-0.57,-164.47,-136.56,250.13
169,0.13,-1.26,-0.13,-193.82,-189.94,250.13
170,0.61,-1.83,0.37,-166.67,-250.14,250.13
171,1.6,-2.0,1.2,-104.69,-250.14,181.1
172,1.79,-2.0,1.69,-37.31,-250.14,136.29
173,1.94,-1.62,1.9,21.71,-225.5,121.77
174,2.0,-1.25,1.91,50.52,-183.19,116.11
175,1.84,-0.93,1.72,51.31,-125.52,117.75
176,1.64,-0.56,1.67,51.18,-88.15,87.23
177,1.55,-0.57,1.58,37.46,-49.6,80.31
178,1.12,-0.45,1.38,42.69,-38.38,69.41
179,1.04,-0.42,1.27,33.22,-28.45,54.73
180,0.87,-0.49,1.12,24.16,-18.84,46.66
181,0.75,-0.5,1.06,17.46,-22.5,38.89
182,0.66,-0.53,0.96,8.95,-30.44,29.38
183,0.52,-0.51,0.83,-2.87,-44.91,19.91
184,0.54,-0.5,0.82,-15.35,-54.9,17.6
185,0.56,-0.5,0.82,-21.3,-53.63,19.79
186,0.67,-0.52,0.89,-20.71,-50.43,19.72
187,0.74,-0.55,0.96,-16.74,-43.56,12.04
188,0.79,-0.52,0.99,-6.89,-33.87,1.02
189,0.76,-0.43,0.99,2.11,-20.92,-14.02
190,0.7,-0.39,0.97,10.47,-10.64,-22.5
191,0.57,-0.3,0.92,15.11,0.99,-30.97
192,0.46,-0.24,0.87,14.1,7.66,-36.54
193,0.35,-0.21,0.82,7.88,17.05,-38.23
194,0.28,-0.22,0.81,0.12,24.31,-40.28
195,0.21,-0.25,0.81,-7.0,30.11,-42.51
196,0.1,-0.33,0.83,-18.13,31.26,-44.74
197,0.06,-0.4,0.86,-11.89,37.48,-44.64
198,0.01,-0.4,0.84,-9.7,38.17,-48.8
199,-0.05,-0.42,0.85,-7.99,39.66,-50.8
200,-0.11,-0.47,0.84,-7.53,37.96,-51.72
201,-0.14,-0.49,0.86,-6.92,36.85,-50.4
202,-0.18,-0.48,0.84,-8.03,35.47,-51.29
203,-0.21,-0.5,0.84,-7.21,29.83,-49.87
204,-0.27,-0.49,0.85,-6.85,23.3,-48.5
205,-0.3,-0.5,0.84,-7.16,14.37,-45.67
206,-0.24,-0.49,0.84,-10.65,8.44,-43.26
207,-0.17,-0.47,0.83,-14.76,6.65,-41.29
208,-0.14,-0.48,0.85,-18.06,3.09,-41.36
209,-0.09,-0.48,0.87,-19.28,0.21,-43.08
210,-0.06,-0.44,0.9,-21.12,1.43,-48.53
211,-0.01,-0.46,0.96,-16.26,0.06,-53.24
212,-0.02,-0.5,1.0,-8.53,6.27,-52.88
213,-0.02,-0.53,1.0,-1.64,15.67,-51.56
214,-0.05,-0.55,0.98,3.6,24.67,-47.4
215,-0.11,-0.55,0.93,6.53,28.06,-43.07
216,-0.15,-0.53,0.9,8.27,26.8,-41.74
217,-0.2,-0.48,0.89,8.93,24.31,-39.29
218,-0.22,-0.45,0.86,7.11,21.08,-37.44
219,-0.15,-0.46,0.9,8.04,28.0,-30.53
220,-0.16,-0.45,0.86,4.77,30.83,-28.85
221,-0.17,-0.46,0.84,6.23,29.44,-30.5
222,-0.17,-0.48,0.86,10.38,25.31,-33.67
223,-0.18,-0.45,0.85,13.64,21.4,-38.95
224,-0.19,-0.42,0.86,17.25,20.08,-41.69
225,-0.22,-0.42,0.85,19.28,20.4,-42.1
226,-0.23,-0.41,0.83,19.25,21.95,-37.38
227,-0.25,-0.45,0.81,19.01,19.88,-32.36
228,-0.25,-0.43,0.79,18.78,22.74,-26.05
229,-0.2,-0.42,0.78,19.88,17.03,-25.11
230,-0.21,-0.4,0.77,19.43,14.21,-27.72
231,-0.23,-0.32,0.79,18.18,7.48,-34.0
232,-0.25,-0.29,0.8,17.24,1.73,-38.42
233,-0.26,-0.29,0.81,12.71,0.18,-38.49
234,-0.23,-0.33,0.82,10.04,1.41,-35.07
235,-0.16,-0.39,0.83,7.72,4.23,-29.89
236,-0.18,-0.42,0.83,5.74,8.51,-27.83
237,-0.15,-0.41,0.83,3.28,12.49,-24.73
238,-0.14,-0.38,0.83,0.81,15.74,-26.36
239,-0.19,-0.37,0.84,-2.95,17.57,-28.31
240,-0.22,-0.37,0.84,-5.07,19.85,-27.99
241,-0.22,-0.41,0.83,-6.23,18.96,-25.4
242,-0.27,-0.41,0.8,-8.24,18.92,-27.57
243,-0.27,-0.45,0.8,-7.01,12.46,-27.55
244,-0.27,-0.49,0.8,-4.2,4.12,-28.0
245,-0.25,-0.47,0.8,-1.6,-4.37,-28.93
246,-0.24,-0.41,0.83,0.34,-6.83,-28.39
247,-0.21,-0.38,0.83,-1.76,-7.86,-29.47
248,-0.18,-0.36,0.86,-5.97,-8.69,-25.97
249,-0.11,-0.37,0.88,-10.32,-2.05,-20.63
250,-0.03,-0.4,0.9,-14.17,6.58,-18.92
251,-0.02,-0.44,0.9,-14.78,16.17,-23.11
252,-0.03,-0.49,0.89,-11.59,21.98,-27.77
253,-0.08,-0.51,0.89,-6.34,22.15,-34.52
254,-0.15,-0.5,0.88,0.02,18.64,-40.05
255,-0.2,-0.47,0.89,5.38,11.88,-43.31
256,-0.21,-0.41,0.87,6.26,7.4,-43.37
257,-0.2,-0.39,0.87,3.57,7.09,-41.41
258,-0.19,-0.42,0.88,0.05,9.56,-37.06
259,-0.19,-0.46,0.9,-1.05,11.77,-31.66
260,-0.16,-0.49,0.9,-0.37,13.71,-30.32
261,-0.14,-0.49,0.89,1.02,17.75,-32.08
262,-0.17,-0.47,0.88,1.98,17.95,-35.27
263,-0.23,-0.47,0.89,2.26,16.69,-36.32
264,-0.25,-0.47,0.88,3.56,13.75,-30.01
265,-0.26,-0.44,0.87,0.54,14.74,-29.72
266,-0.23,-0.48,0.88,-1.11,17.32,-25.38
267,-0.22,-0.5,0.88,-0.89,20.15,-21.84
268,-0.2,-0.52,0.88,1.02,20.33,-20.35
269,-0.2,-0.5,0.86,2.98,18.89,-21.6
270,-0.22,-0.48,0.84,3.64,17.19,-23.0
271,-0.22,-0.44,0.83,1.9,15.53,-22.79
272,-0.2,-0.43,0.82,-0.37,17.53,-21.95
273,-0.19,-0.42,0.83,-2.69,20.56,-22.34
274,-0.18,-0.43,0.83,-3.86,22.33,-23.07
275,-0.19,-0.44,0.83,-3.0,21.73,-25.37
276,-0.21,-0.44,0.82,-2.43,20.91,-28.76
277,-0.21,-0.45,0.82,-1.0,17.0,-29.88
278,-0.2,-0.44,0.82,-2.03,13.82,-30.85
279,-0.2,-0.44,0.85,-2.02,12.98,-29.96
280,-0.18,-0.44,0.85,-3.53,11.8,-28.7
281,-0.18,-0.46,0.86,-3.78,15.01,-23.08
282,-0.19,-0.43,0.84,-3.35,15.4,-21.91
283,-0.18,-0.46,0.85,-3.64,18.24,-21.61
284,-0.19,-0.46,0.83,-1.79,18.37,-21.86
285,-0.21,-0.46,0.82,-1.4,16.32,-24.18
286,-0.21,-0.45,0.81,-1.4,14.49,-25.14
287,-0.22,-0.45,0.81,-1.82,9.77,-25.79
288,-0.22,-0.42,0.81,-4.4,8.04,-24.88
289,-0.22,-0.42,0.81,-6.73,9.45,-22.63
290,-0.22,-0.44,0.82,-8.97,9.04,-19.77
291,-0.19,-0.46,0.83,-9.88,7.78,-17.61
292,-0.19,-0.48,0.83,-10.47,6.85,-16.37
293,-0.2,-0.49,0.86,-8.54,5.4,-15.36
294,-0.17,-0.48,0.85,-5.58,5.12,-15.37
295,-0.17,-0.48,0.85,-3.98,5.78,-17.02
296,-0.15,-0.44,0.83,-4.51,5.8,-21.8
297,-0.16,-0.45,0.85,-6.57,9.15,-23.91
298,-0.16,-0.46,0.86,-6.98,10.33,-23.11
299,-0.18,-0.47,0.87,-6.02,13.2,-23.9
300,-0.19,-0.5,0.86,-5.1,13.15,-24.17
301,-0.21,-0.51,0.85,-3.77,12.56,-18.7
302,-0.24,-0.51,0.84,-3.19,12.1,-18.49
303,-0.24,-0.5,0.85,-1.74,9.34,-17.58
304,-0.22,-0.48,0.86,-1.12,7.54,-15.85
305,-0.18,-0.46,0.86,-2.7,9.67,-13.33
306,-0.16,-0.46,0.87,-3.55,13.35,-10.92
307,-0.16,-0.45,0.88,-3.84,14.26,-13.18
308,-0.16,-0.47,0.87,-2.74,14.76,-16.52
309,-0.18,-0.49,0.87,-0.35,13.29,-19.96
310,-0.18,-0.5,0.87,1.54,12.6,-23.4
311,-0.2,-0.49,0.87,3.45,11.22,-24.96
312,-0.21,-0.49,0.86,4.36,10.05,-24.59
313,-0.2,-0.48,0.86,4.55,9.09,-21.11
314,-0.2,-0.47,0.85,3.17,8.88,-19.73
315,-0.18,-0.48,0.85,1.92,10.47,-15.98
316,-0.17,-0.48,0.85,0.49,12.64,-13.13
317,-0.17,-0.48,0.84,-0.08,16.04,-12.15
318,-0.18,-0.48,0.84,-0.21,17.84,-13.52
319,-0.22,-0.47,0.84,-0.03,16.97,-13.19
320,-0.22,-0.47,0.82,0.21,14.73,-13.05
321,-0.17,-0.47,0.82,-1.01,16.22,-14.59
322,-0.18,-0.5,0.85,-0.96,17.85,-18.19
323,-0.2,-0.53,0.85,2.11,20.09,-22.89
324,-0.21,-0.53,0.86,6.29,13.04,-25.08
325,-0.24,-0.51,0.82,7.63,10.91,-26.73
326,-0.24,-0.49,0.82,7.33,9.08,-26.34
327,-0.22,-0.47,0.83,6.15,6.99,-26.14
328,-0.18,-0.47,0.82,4.59,5.82,-25.44
329,-0.16,-0.47,0.84,1.48,10.82,-23.97
330,-0.18,-0.51,0.86,2.04,12.84,-22.53
331,-0.19,-0.51,0.86,3.6,13.08,-22.4
332,-0.21,-0.51,0.84,4.08,15.16,-22.43
333,-0.22,-0.5,0.85,5.5,11.61,-22.55
334,-0.19,-0.48,0.84,5.49,11.77,-22.47
335,-0.18,-0.47,0.85,4.56,14.57,-21.7
336,-0.17,-0.48,0.86,3.59,16.68,-19.0
337,-0.21,-0.49,0.84,3.28,19.9,-15.32
338,-0.24,-0.48,0.83,3.6,18.11,-13.67
339,-0.25,-0.48,0.82,4.12,14.75,-14.37
340,-0.26,-0.49,0.82,5.76,10.27,-16.65
341,-0.23,-0.49,0.82,7.64,6.54,-20.21
342,-0.22,-0.47,0.83,8.54,4.84,-23.91
343,-0.23,-0.48,0.83,9.73,4.11,-27.12
344,-0.21,-0.47,0.83,10.3,3.34,-28.34
345,-0.21,-0.48,0.83,9.92,4.79,-28.85
346,-0.21,-0.48,0.84,9.28,7.51,-28.74
347,-0.23,-0.49,0.83,9.95,8.63,-28.07
348,-0.25,-0.48,0.83,10.56,10.7,-26.26
349,-0.26,-0.49,0.83,10.43,10.27,-23.87
350,-0.29,-0.48,0.82,9.54,8.42,-20.82
351,-0.3,-0.47,0.81,7.79,7.73,-17.48
352,-0.28,-0.46,0.81,5.61,7.75,-13.32
353,-0.26,-0.46,0.81,4.75,7.18,-12.46
354,-0.25,-0.45,0.82,3.34,7.18,-12.93
355,-0.25,-0.44,0.81,2.7,6.07,-13.69
356,-0.24,-0.46,0.85,5.29,5.95,-15.34
357,-0.22,-0.44,0.84,5.92,0.14,-15.75
358,-0.2,-0.43,0.83,5.21,2.04,-14.42
359,-0.19,-0.42,0.84,3.82,4.12,-14.86
360,-0.18,-0.41,0.82,1.11,6.71,-14.76
361,-0.17,-0.42,0.83,-0.73,11.21,-13.82
362,-0.18,-0.43,0.83,-2.08,13.91,-14.32
363,-0.22,-0.46,0.83,-0.92,14.52,-13.01
364,-0.25,-0.46,0.83,0.56,10.89,-16.44
365,-0.25,-0.48,0.83,1.4,8.9,-16.08
366,-0.26,-0.45,0.82,2.39,5.46,-15.6
367,-0.26,-0.45,0.82,0.92,2.44,-14.56
368,-0.27,-0.45,0.82,1.03,-1.23,-12.58
369,-0.25,-0.44,0.82,0.33,-2.62,-11.25
370,-0.23,-0.45,0.82,-0.35,-1.98,-7.89
371,-0.24,-0.44,0.84,-1.12,-2.15,-6.87
372,-0.23,-0.45,0.84,-2.79,-1.08,-5.07
373,-0.22,-0.46,0.84,-2.52,0.33,-3.82
374,-0.19,-0.47,0.85,-1.29,0.38,-2.73
375,-0.19,-0.47,0.86,0.54,1.34,-3.03
376,-0.19,-0.46,0.86,2.49,2.21,-3.78
377,-0.2,-0.46,0.84,3.63,2.22,-4.89
378,-0.21,-0.46,0.84,4.1,1.82,-5.64
379,-0.22,-0.46,0.83,3.94,0.31,-5.77
380,-0.22,-0.45,0.82,2.65,-1.21,-6.01
381,-0.22,-0.46,0.82,2.93,0.1,-6.16
382,-0.24,-0.47,0.83,4.07,-1.4,-7.11
383,-0.26,-0.46,0.83,4.93,-3.17,-6.87
384,-0.24,-0.44,0.82,3.89,-3.92,-3.7
385,-0.23,-0.43,0.8,1.85,-3.89,-1.44
386,-0.22,-0.43,0.8,-0.27,-4.0,-0.79
387,-0.22,-0.42,0.79,-2.45,-4.24,-0.28
388,-0.22,-0.42,0.81,-5.47,-4.44,-0.8
389,-0.21,-0.45,0.83,-5.55,-6.46,2.8
390,-0.21,-0.45,0.82,-5.15,-7.26,3.8
391,-0.19,-0.45,0.84,-4.54,-8.24,4.52
392,-0.18,-0.45,0.84,-4.2,-9.44,4.19
393,-0.19,-0.45,0.84,-4.64,-8.53,2.89
394,-0.18,-0.46,0.85,-3.76,-7.39,4.18
395,-0.17,-0.45,0.85,-2.17,-6.18,4.28
396,-0.17,-0.45,0.84,-2.31,-5.78,3.95
397,-0.18,-0.45,0.85,-1.71,-6.53,2.66
398,-0.18,-0.44,0.85,-1.69,-7.38,3.49
399,-0.17,-0.43,0.86,-1.97,-8.21,3.77
