,accel_x,accel_y,accel_z,gyro_x,gyro_y,gyro_z
0,-0.05,-0.18,0.96,-3.08,8.73,-12.34
1,-0.05,-0.19,0.97,-3.02,7.11,-13.91
2,-0.06,-0.2,0.97,-2.47,5.84,-15.17
3,-0.06,-0.2,0.97,-2.36,4.18,-16.26
4,-0.07,-0.21,0.98,-1.42,3.19,-16.3
5,-0.08,-0.2,0.97,-2.85,3.12,-15.07
6,-0.04,-0.21,0.98,-5.85,6.64,-10.59
7,-0.04,-0.2,0.98,-0.67,8.22,-7.55
8,-0.04,-0.19,0.97,-2.63,8.69,-7.59
9,-0.04,-0.19,0.96,-2.65,9.85,-6.35
10,-0.04,-0.18,0.96,-2.85,7.6,-6.86
11,-0.03,-0.18,0.96,-2.97,6.34,-7.83
12,-0.03,-0.18,0.96,-3.77,4.79,-9.69
13,-0.01,-0.19,0.97,-3.14,5.17,-10.05
14,-0.0,-0.19,0.97,-3.17,6.38,-11.27
15,-0.02,-0.2,0.97,-2.57,5.26,-13.37
16,-0.03,-0.2,0.97,-2.47,3.95,-15.08
17,-0.05,-0.2,0.97,-2.01,1.32,-16.51
18,-0.05,-0.21,0.97,-1.63,0.23,-17.05
19,-0.05,-0.21,0.97,-1.45,-0.63,-16.53
20,-0.03,-0.21,0.98,-0.5,-0.05,-17.27
21,-0.04,-0.2,0.99,0.24,-0.11,-18.4
22,-0.04,-0.21,0.99,0.95,-0.97,-19.52
23,-0.05,-0.21,0.98,0.68,-2.39,-18.97
24,-0.06,-0.21,0.98,2.66,-1.2,-14.31
25,-0.03,-0.18,0.96,1.09,0.08,-13.42
26,0.02,-0.18,0.96,0.14,5.82,-11.01
27,-0.02,-0.18,0.98,-0.39,7.61,-11.39
28,-0.03,-0.18,0.98,1.56,5.39,-12.41
29,-0.03,-0.17,0.97,2.02,3.22,-15.4
30,-0.04,-0.16,0.97,2.96,2.47,-16.12
31,-0.04,-0.16,0.96,3.17,3.18,-16.23
32,-0.05,-0.16,0.95,3.92,3.92,-14.06
33,-0.05,-0.14,0.93,4.01,5.99,-11.97
34,-0.04,-0.13,0.92,3.56,7.99,-10.65
35,-0.03,-0.13,0.89,2.02,8.36,-10.51
36,-0.03,-0.12,0.86,0.15,7.22,-11.43
37,-0.0,-0.13,0.88,-2.4,4.1,-13.47
38,-0.03,-0.12,0.84,-8.32,2.95,-16.22
39,-0.05,-0.15,0.88,-10.47,-1.56,-17.84
40,-0.06,-0.17,0.9,-12.33,-4.63,-19.53
41,-0.06,-0.18,0.92,-13.12,-7.6,-21.2
42,-0.08,-0.21,0.97,-13.03,-10.3,-21.63
43,-0.07,-0.23,1.01,-11.98,-11.3,-20.74
44,-0.07,-0.24,1.02,-11.11,-9.43,-18.86
45,-0.08,-0.24,1.04,-10.27,-7.73,-16.69
46,-0.07,-0.25,1.04,-8.65,-4.27,-13.58
47,-0.08,-0.24,1.04,-7.07,-1.63,-11.25
48,-0.09,-0.25,1.04,-5.7,0.25,-8.75
49,-0.08,-0.24,1.05,-4.26,1.56,-6.73
50,-0.06,-0.23,1.03,-3.41,4.24,-4.82
51,-0.04,-0.23,1.03,-2.63,6.51,-3.44
52,-0.04,-0.24,1.02,-1.27,5.88,-3.84
53,-0.03,-0.23,1.02,0.36,4.67,-5.14
54,-0.02,-0.22,1.0,1.64,4.1,-6.62
55,-0.01,-0.21,1.01,2.59,4.73,-7.76
56,-0.03,-0.22,0.99,3.95,3.95,-8.45
57,-0.04,-0.21,0.98,4.53,3.51,-9.09
58,-0.04,-0.2,0.97,4.35,3.65,-8.63
59,-0.05,-0.2,0.96,4.12,3.79,-8.47
60,-0.05,-0.19,0.94,3.39,2.91,-8.41
61,-0.05,-0.19,0.95,2.34,1.84,-8.82
62,-0.05,-0.18,0.95,1.36,0.52,-8.75
63,-0.05,-0.19,0.94,0.45,-0.4,-8.89
64,-0.05,-0.19,0.96,0.12,-1.15,-9.2
65,-0.05,-0.2,0.97,0.24,-2.24,-9.02
66,-0.05,-0.21,0.97,0.95,-2.73,-8.73
67,-0.06,-0.19,0.98,1.35,-1.95,-8.1
68,-0.05,-0.19,0.98,1.5,-0.6,-6.56
69,-0.05,-0.19,0.98,1.54,1.55,-4.56
70,-0.05,-0.18,0.97,1.16,2.76,-3.38
71,-0.04,-0.17,0.96,0.99,3.53,-2.99
72,-0.06,-0.17,0.95,0.6,3.37,-3.47
73,-0.07,-0.17,0.96,1.12,0.45,-3.81
74,-0.07,-0.18,0.97,0.95,-0.78,-4.1
75,-0.06,-0.18,0.96,1.02,-0.75,-3.03
76,-0.04,-0.17,0.97,0.53,0.44,-2.54
77,-0.03,-0.17,0.96,0.06,1.34,-2.69
78,-0.02,-0.17,0.98,-0.09,2.07,-3.34
79,-0.02,-0.15,0.97,-0.05,2.4,-3.98
80,-0.01,-0.16,0.94,-0.08,1.76,-5.18
81,-0.02,-0.16,0.95,-0.54,0.21,-6.44
82,-0.01,-0.16,0.96,-1.11,-0.77,-7.29
83,-0.01,-0.17,0.96,-1.84,0.98,-6.95
84,-0.02,-0.17,0.96,-2.24,2.09,-7.77
85,-0.02,-0.18,0.98,-1.88,1.61,-8.24
86,-0.03,-0.19,0.97,-1.49,0.72,-9.56
87,-0.03,-0.18,0.98,-1.36,0.57,-9.97
88,-0.05,-0.18,0.97,-1.53,-0.12,-10.63
89,-0.06,-0.19,0.97,-1.5,-0.55,-10.66
90,-0.06,-0.18,0.97,-1.24,-0.94,-9.17
91,-0.05,-0.18,0.98,-1.57,0.38,-8.45
92,-0.03,-0.17,0.98,-1.67,2.5,-7.24
93,-0.04,-0.18,0.98,-1.67,3.19,-7.02
94,-0.04,-0.18,0.98,-1.02,3.53,-7.06
95,-0.06,-0.18,0.99,-1.08,2.37,-9.38
96,-0.06,-0.17,0.97,-0.85,2.15,-9.66
97,-0.08,-0.18,0.97,-1.5,0.95,-10.35
98,-0.07,-0.17,0.96,-2.09,0.79,-9.63
99,-0.07,-0.17,0.97,-3.43,1.96,-9.57
100,-0.08,-0.18,0.96,-3.16,1.69,-8.64
101,-0.07,-0.17,0.97,-2.63,1.6,-8.28
102,-0.07,-0.18,0.98,-1.89,2.54,-7.48
103,-0.08,-0.18,0.97,-1.98,2.43,-6.88
104,-0.09,-0.18,0.96,-1.77,1.0,-7.36
105,-0.09,-0.19,0.97,-1.18,-1.21,-7.29
106,-0.09,-0.19,0.97,-1.12,-1.46,-6.2
107,-0.07,-0.19,0.97,-1.56,-0.68,-5.24
108,-0.06,-0.18,0.97,-1.52,-0.31,-3.81
109,-0.05,-0.18,0.97,-1.27,-0.24,-3.44
110,-0.04,-0.17,0.97,-1.21,-0.2,-3.24
111,-0.03,-0.17,0.96,-0.85,-0.42,-1.74
112,-0.03,-0.17,0.96,-1.79,-0.16,-3.36
113,-0.05,-0.17,0.97,-1.8,-1.23,-4.37
114,-0.04,-0.17,0.95,-1.91,-1.76,-4.68
115,-0.04,-0.17,0.96,-2.41,-2.23,-4.93
116,-0.04,-0.18,0.97,-2.56,-1.55,-4.56
117,-0.05,-0.17,0.97,-2.72,-1.34,-4.57
118,-0.05,-0.18,0.97,-2.78,-1.7,-3.69
119,-0.06,-0.18,0.98,-3.04,-2.38,-4.16
120,-0.05,-0.19,0.98,-2.66,-2.81,-3.85
121,-0.05,-0.19,0.99,-2.11,-2.5,-3.69
122,-0.04,-0.19,0.98,-1.27,-2.13,-3.15
123,-0.03,-0.19,0.98,-0.76,-1.29,-3.01
124,-0.02,-0.18,0.97,-1.02,0.76,-2.73
125,-0.03,-0.17,0.96,-1.18,0.87,-3.44
126,-0.03,-0.17,0.95,-1.18,-0.55,-5.02
127,-0.04,-0.16,0.95,-0.95,-2.3,-4.81
128,-0.03,-0.16,0.93,-1.86,-2.16,-4.21
129,-0.04,-0.16,0.93,-3.55,-2.2,-4.22
130,-0.03,-0.15,0.94,-4.53,-1.44,-4.19
131,-0.01,-0.14,0.94,-5.94,-0.79,-3.76
132,-0.02,-0.13,0.92,-7.1,-0.91,-3.82
133,-0.02,-0.14,0.92,-9.03,-1.61,-6.06
134,-0.03,-0.14,0.93,-10.6,-3.58,-8.12
135,-0.03,-0.14,0.92,-11.64,-4.5,-9.74
136,-0.04,-0.16,0.94,-13.01,-5.05,-10.79
137,-0.06,-0.17,0.96,-13.49,-6.66,-12.91
138,-0.07,-0.19,0.98,-11.61,-9.6,-14.78
139,-0.08,-0.19,0.99,-10.04,-10.92,-16.44
140,-0.08,-0.18,0.98,-9.1,-11.89,-16.65
141,-0.1,-0.18,0.96,-9.63,-11.3,-16.48
142,-0.14,-0.17,0.95,-11.08,-13.37,-18.02
143,-0.18,-0.17,0.94,-12.05,-16.74,-19.91
144,-0.2,-0.17,0.91,-13.48,-20.7,-21.58
145,-0.24,-0.17,0.93,-16.09,-25.21,-26.36
146,-0.3,-0.19,0.91,-18.33,-32.78,-33.27
147,-0.41,-0.2,0.91,-21.08,-44.03,-44.37
148,-0.57,-0.24,0.94,-21.08,-60.42,-55.22
149,-0.71,-0.3,1.02,-19.16,-82.17,-66.07
150,-0.84,-0.38,1.06,-10.73,-99.52,-73.11
151,-1.02,-0.45,1.12,-5.66,-108.97,-72.84
152,-1.18,-0.56,1.19,1.6,-116.24,-66.99
153,-1.31,-0.7,1.26,10.11,-117.67,-54.44
154,-1.45,-0.91,1.27,20.05,-116.61,-39.56
155,-1.51,-1.18,1.38,38.15,-105.5,-17.1
156,-1.58,-1.55,1.45,53.15,-99.03,13.11
157,-1.6,-1.89,1.56,69.94,-96.53,48.11
158,-1.46,-2.0,1.71,102.44,-45.2,116.75
159,-1.33,-2.0,1.64,117.46,-9.37,176.05
160,-1.15,-2.0,1.58,133.36,29.63,230.73
161,-0.9,-2.0,1.46,151.3,50.69,250.13
162,-0.65,-2.0,1.16,163.46,65.0,250.13
163,-0.28,-1.75,0.9,166.07,84.68,250.13
164,0.22,-1.31,0.58,144.69,120.61,250.13
165,1.02,-1.0,0.56,158.05,196.78,250.13
166,1.29,-0.26,0.06,68.68,210.07,250.13
167,1.4,0.13,-0.54,9.24,128.47,250.13
168,1.53,0.23,-0.33,-39.45,0.95,250.13
169,1.7,0.1,0.15,-37.88,-98.27,250.13
170,2.0,0.01,0.63,-18.99,-144.08,192.92
171,2.0,0.04,0.93,-21.68,-129.74,151.4
172,2.0,0.08,1.17,-38.29,-69.5,148.24
173,2.0,0.08,1.3,-48.91,2.5,166.8
174,1.8,-0.03,1.12,-55.76,39.27,154.47
175,1.55,-0.08,1.02,-57.87,55.11,156.7
176,1.48,-0.07,0.97,-58.62,57.51,157.96
177,1.7,-0.04,1.02,-71.15,30.34,111.24
178,1.67,-0.18,1.24,-45.8,-3.81,41.08
179,1.19,-0.35,1.37,11.02,-41.29,-18.77
180,0.71,-0.35,1.31,65.4,-78.65,-45.07
181,0.59,-0.17,1.05,88.51,-86.54,-39.86
182,0.67,0.04,0.78,70.85,-61.11,-20.34
183,0.7,0.16,0.58,31.03,-19.53,0.09
184,0.61,0.16,0.58,-6.86,11.76,17.57
185,0.45,0.07,0.68,-28.0,18.44,23.61
186,0.39,-0.03,0.81,-32.79,12.11,20.08
187,0.34,-0.11,0.94,-24.0,-1.0,10.83
188,0.33,-0.14,0.99,-10.43,-11.73,-0.55
189,0.35,-0.13,1.02,2.11,-12.9,-9.86
190,0.36,-0.09,0.99,10.37,-9.32,-14.93
191,0.31,-0.04,0.92,11.76,-4.44,-19.72
192,0.26,-0.0,0.88,8.89,-0.14,-22.82
193,0.2,-0.0,0.88,3.16,2.27,-22.72
194,0.15,-0.0,0.9,-0.47,3.43,-23.25
195,0.12,-0.01,0.92,-3.82,2.81,-20.58
196,0.11,-0.01,0.94,-5.41,1.21,-19.82
197,0.09,-0.01,0.98,-5.05,-2.27,-19.34
198,0.1,-0.01,0.98,-2.73,-5.24,-17.88
199,0.13,0.02,0.97,-1.44,-8.52,-18.39
200,0.14,0.03,0.96,-2.15,-11.8,-19.12
201,0.17,0.04,0.95,-4.02,-16.03,-22.09
202,0.2,0.03,0.97,-3.89,-16.96,-23.54
203,0.21,0.02,0.98,-3.88,-18.28,-24.79
204,0.21,0.01,0.98,-3.24,-18.08,-24.98
205,0.21,-0.01,0.98,-2.16,-16.61,-22.79
206,0.19,-0.04,0.98,-0.55,-15.53,-19.13
207,0.18,-0.07,0.98,0.69,-16.73,-15.62
208,0.18,-0.08,0.96,0.44,-16.44,-10.89
209,0.24,-0.04,0.94,-5.08,-12.27,-4.96
210,0.28,-0.01,0.92,-12.34,-6.13,-3.67
211,0.3,0.0,0.94,-17.33,-0.76,-3.31
212,0.34,-0.0,0.95,-21.47,3.56,-7.59
213,0.35,-0.03,0.99,-20.43,5.38,-12.48
214,0.35,-0.06,1.04,-15.95,6.67,-17.32
215,0.35,-0.05,1.04,-12.11,6.81,-23.45
216,0.32,-0.03,1.02,-9.0,6.46,-28.37
217,0.27,0.0,0.99,-8.15,5.25,-31.03
218,0.23,0.02,0.98,-10.34,3.02,-31.64
219,0.22,0.01,0.98,-13.43,2.63,-32.07
220,0.19,-0.01,1.0,-15.56,2.94,-32.35
221,0.2,-0.05,1.01,-15.79,2.71,-32.95
222,0.19,-0.08,1.03,-15.47,1.3,-37.39
223,0.2,-0.1,1.05,-13.28,-0.78,-43.3
224,0.21,-0.11,1.05,-10.5,-2.1,-49.9
225,0.22,-0.1,1.03,-8.89,-0.17,-54.32
226,0.23,-0.1,1.02,-8.66,6.26,-56.89
227,0.2,-0.1,1.01,-9.25,13.28,-58.84
228,0.18,-0.11,1.01,-8.47,17.67,-58.55
229,0.14,-0.12,0.99,-8.37,22.04,-58.47
230,0.13,-0.12,0.99,-7.69,23.25,-57.82
231,0.1,-0.13,0.98,-8.11,23.93,-59.78
232,0.06,-0.14,0.97,-8.37,20.53,-62.19
233,0.02,-0.16,0.97,-8.69,15.53,-63.07
234,-0.02,-0.17,0.98,-8.33,10.8,-61.37
235,-0.02,-0.17,0.99,-8.43,6.71,-58.9
236,0.03,-0.14,0.99,-11.15,6.85,-57.67
237,0.08,-0.14,1.01,-13.98,12.6,-58.11
238,0.09,-0.14,1.04,-13.48,18.82,-55.97
239,0.09,-0.13,1.06,-12.32,25.57,-55.22
240,0.1,-0.14,1.05,-8.8,30.31,-55.12
241,0.07,-0.14,1.04,-4.23,30.46,-57.44
242,0.04,-0.12,1.0,-1.12,26.05,-62.35
243,0.03,-0.12,0.99,1.17,22.52,-64.79
244,0.01,-0.11,0.96,2.04,18.06,-65.64
245,0.01,-0.1,0.94,1.02,15.84,-64.3
246,0.02,-0.08,0.93,-1.11,16.56,-61.47
247,0.04,-0.09,0.92,-3.47,19.38,-58.7
248,0.03,-0.09,0.93,-6.02,18.4,-58.84
249,0.03,-0.1,0.94,-6.78,17.75,-58.51
250,0.0,-0.11,0.95,-6.45,16.51,-60.57
251,-0.01,-0.12,0.96,-5.43,14.84,-61.37
252,0.02,-0.11,0.96,-5.48,16.73,-63.17
253,0.01,-0.12,0.98,-4.8,18.92,-63.95
254,-0.0,-0.13,0.98,-5.05,21.12,-65.63
255,-0.01,-0.13,0.98,-4.81,23.18,-66.53
256,-0.03,-0.15,0.99,-3.18,22.56,-65.66
257,-0.05,-0.15,1.0,-2.56,23.75,-64.73
258,-0.05,-0.14,0.99,-1.23,23.85,-63.4
259,-0.05,-0.13,0.99,-0.79,24.27,-61.85
260,-0.05,-0.12,0.99,-0.29,25.59,-59.18
261,-0.05,-0.11,0.98,-0.51,26.38,-56.77
262,-0.06,-0.1,0.96,-1.04,26.85,-54.79
263,-0.05,-0.1,0.95,-1.58,27.65,-53.3
264,-0.05,-0.08,0.95,-2.18,27.05,-52.6
265,-0.06,-0.09,0.95,-3.49,25.46,-53.37
266,-0.07,-0.08,0.94,-4.68,22.85,-55.02
267,-0.09,-0.09,0.95,-5.94,19.64,-57.1
268,-0.12,-0.11,0.96,-5.17,13.73,-58.11
269,-0.13,-0.12,0.98,-4.5,9.47,-59.14
270,-0.13,-0.14,0.97,-3.86,7.34,-56.87
271,-0.14,-0.13,0.96,-4.85,6.37,-54.49
272,-0.13,-0.13,0.96,-6.4,6.52,-50.84
273,-0.14,-0.13,0.98,-7.34,8.01,-47.37
274,-0.12,-0.13,0.99,-7.95,10.14,-42.77
275,-0.11,-0.13,0.99,-8.37,12.56,-40.73
276,-0.12,-0.13,1.0,-6.95,12.69,-38.64
277,-0.09,-0.13,1.01,-5.53,13.22,-36.77
278,-0.09,-0.13,1.0,-4.06,12.41,-36.83
279,-0.08,-0.12,1.01,-3.31,12.08,-38.12
280,-0.07,-0.11,1.0,-1.76,12.53,-38.3
281,-0.06,-0.11,0.99,-0.56,14.3,-38.09
282,-0.08,-0.11,0.98,0.31,14.69,-38.27
283,-0.1,-0.11,0.97,1.44,13.48,-38.38
284,-0.11,-0.11,0.97,2.5,12.06,-38.56
285,-0.13,-0.12,0.95,3.59,9.96,-37.21
286,-0.14,-0.11,0.95,3.32,8.53,-35.15
287,-0.12,-0.08,0.94,2.31,9.98,-31.68
288,-0.11,-0.06,0.94,0.66,13.37,-27.44
289,-0.09,-0.06,0.92,-1.48,17.51,-24.27
290,-0.09,-0.06,0.93,-3.14,19.53,-23.28
291,-0.11,-0.07,0.92,-3.93,18.36,-25.01
292,-0.12,-0.08,0.93,-4.26,13.78,-27.64
293,-0.13,-0.08,0.93,-4.7,8.28,-30.09
294,-0.14,-0.09,0.94,-5.66,4.74,-30.98
295,-0.14,-0.11,0.96,-6.39,4.16,-29.7
296,-0.13,-0.11,0.97,-6.66,5.59,-26.65
297,-0.12,-0.1,0.97,-7.35,7.92,-23.15
298,-0.12,-0.1,0.97,-7.97,9.42,-21.1
299,-0.11,-0.1,0.97,-7.55,9.93,-18.6
300,-0.11,-0.09,0.97,-7.97,9.3,-18.8
301,-0.11,-0.1,0.97,-7.76,8.1,-19.69
302,-0.11,-0.1,0.97,-7.82,7.79,-19.95
303,-0.11,-0.11,0.97,-8.08,7.0,-21.11
304,-0.12,-0.12,0.97,-8.31,5.19,-22.34
305,-0.12,-0.14,0.98,-7.6,2.9,-23.39
306,-0.14,-0.14,0.99,-6.82,0.67,-23.84
307,-0.14,-0.15,0.99,-6.6,-0.13,-23.2
308,-0.15,-0.15,1.01,-6.37,-0.07,-21.85
309,-0.15,-0.16,1.01,-6.1,0.55,-20.02
310,-0.17,-0.17,1.02,-4.78,0.56,-18.1
311,-0.17,-0.17,1.01,-4.47,1.74,-14.54
312,-0.17,-0.16,1.0,-4.5,3.79,-11.69
313,-0.17,-0.16,1.0,-4.0,4.22,-8.71
314,-0.16,-0.16,1.01,-3.3,4.47,-5.6
315,-0.13,-0.14,1.0,-2.12,5.44,-4.16
316,-0.12,-0.13,0.99,-1.27,4.5,-3.4
317,-0.14,-0.12,0.99,-0.77,3.83,-4.1
318,-0.13,-0.12,0.97,-0.79,2.4,-4.73
319,-0.15,-0.12,0.97,-0.59,-0.08,-5.7
320,-0.14,-0.12,0.98,-0.5,-1.14,-4.89
321,-0.13,-0.12,0.96,-1.73,-0.57,-3.66
322,-0.1,-0.12,0.97,-2.31,0.03,-2.46
323,-0.1,-0.12,0.97,-2.04,0.49,-1.87
324,-0.11,-0.12,0.97,-1.28,0.78,-1.82
325,-0.09,-0.11,0.98,-0.91,0.85,-1.91
326,-0.1,-0.1,0.96,-0.28,0.73,-2.24
327,-0.1,-0.1,0.96,-0.41,0.31,-2.29
328,-0.12,-0.1,0.96,-0.72,0.49,-1.47
329,-0.08,-0.08,0.94,-1.93,1.76,0.02
330,-0.07,-0.08,0.94,-3.07,2.71,1.49
331,-0.08,-0.07,0.94,-3.76,2.56,0.94
332,-0.06,-0.07,0.94,-4.16,1.42,0.24
333,-0.05,-0.07,0.94,-4.79,1.02,-1.11
334,-0.05,-0.07,0.95,-5.59,0.21,-3.44
335,-0.07,-0.08,0.94,-6.39,-1.03,-4.67
336,-0.06,-0.1,0.95,-6.42,-2.21,-5.01
337,-0.05,-0.1,0.95,-7.05,-2.82,-4.45
338,-0.06,-0.1,0.96,-7.9,-1.71,-4.5
339,-0.06,-0.12,0.97,-8.37,-1.68,-4.1
340,-0.06,-0.12,0.97,-8.29,-1.37,-4.18
341,-0.08,-0.12,0.97,-8.28,-1.91,-6.15
342,-0.08,-0.13,1.0,-7.12,-3.87,-7.27
343,-0.07,-0.14,0.99,-6.02,-4.38,-7.47
344,-0.06,-0.14,0.99,-5.15,-3.86,-6.89
345,-0.07,-0.13,0.98,-4.97,-2.24,-6.79
346,-0.08,-0.13,0.98,-4.22,-2.03,-5.47
347,-0.07,-0.13,0.97,-3.55,-1.82,-3.82
348,-0.07,-0.12,0.97,-4.47,-1.7,-3.68
349,-0.06,-0.12,0.97,-4.97,-1.76,-4.41
350,-0.04,-0.13,0.97,-5.47,-2.39,-4.94
351,-0.05,-0.13,0.98,-5.72,-2.82,-5.78
352,-0.06,-0.13,0.99,-5.35,-3.84,-7.34
353,-0.06,-0.13,0.99,-4.89,-4.22,-7.47
354,-0.05,-0.13,0.99,-4.86,-3.41,-7.28
355,-0.07,-0.12,0.99,-4.98,-2.56,-7.5
356,-0.08,-0.12,1.0,-4.76,-1.85,-7.67
357,-0.09,-0.13,1.0,-4.49,-2.47,-7.9
358,-0.09,-0.13,0.99,-3.49,-2.74,-7.24
359,-0.1,-0.13,0.99,-3.07,-2.38,-6.9
360,-0.09,-0.13,0.98,-3.24,-2.07,-6.63
361,-0.08,-0.12,0.97,-4.05,-1.72,-6.94
362,-0.09,-0.13,0.97,-4.56,-0.83,-6.63
363,-0.09,-0.12,0.97,-5.0,-1.41,-6.4
364,-0.1,-0.13,0.97,-4.84,-1.41,-6.5
365,-0.1,-0.14,0.97,-4.21,-1.14,-5.92
366,-0.11,-0.14,0.99,-3.54,-1.62,-4.98
367,-0.12,-0.14,0.99,-2.93,-1.27,-4.21
368,-0.1,-0.13,0.98,-2.73,-0.18,-2.42
369,-0.09,-0.12,0.97,-3.89,1.75,-2.41
370,-0.1,-0.12,0.97,-3.88,1.84,-2.02
371,-0.11,-0.13,0.97,-3.95,-0.15,-2.16
372,-0.1,-0.12,0.95,-4.5,-1.34,-2.54
373,-0.09,-0.12,0.97,-5.01,-2.44,-1.55
374,-0.1,-0.14,0.98,-3.76,-2.89,-1.15
375,-0.1,-0.14,0.99,-2.94,-3.94,-0.31
376,-0.05,-0.12,0.97,-3.24,-0.96,1.34
377,-0.05,-0.12,0.98,-3.51,1.69,2.31
378,-0.05,-0.12,0.97,-3.42,2.43,1.7
379,-0.04,-0.12,0.97,-2.5,1.05,0.92
380,-0.02,-0.11,0.96,-2.91,0.03,-1.5
381,-0.03,-0.12,0.97,-3.73,-0.83,-3.5
382,-0.04,-0.12,0.96,-3.1,-1.96,-3.42
383,-0.03,-0.12,0.98,-4.0,-0.81,-3.6
384,-0.02,-0.12,0.98,-4.52,0.7,-4.35
385,-0.02,-0.13,0.99,-4.08,1.37,-4.1
386,-0.01,-0.12,0.99,-3.27,1.08,-5.17
387,-0.01,-0.11,0.98,-2.82,0.85,-5.85
388,-0.01,-0.11,0.98,-2.47,1.26,-6.56
389,0.0,-0.11,0.96,-2.9,2.55,-7.09
390,0.0,-0.11,0.96,-3.02,3.18,-6.6
391,0.02,-0.11,0.96,-2.76,4.34,-6.34
392,0.02,-0.11,0.96,-3.16,5.76,-8.44
393,0.03,-0.11,0.96,-3.22,5.82,-10.76
394,0.02,-0.11,0.95,-2.95,5.53,-13.52
395,-0.0,-0.11,0.94,-4.0,4.9,-16.44
396,-0.01,-0.13,0.95,-4.9,4.24,-17.99
397,-0.03,-0.13,0.96,-4.43,3.86,-18.04
398,-0.03,-0.13,0.97,-4.58,5.17,-18.0
399,-0.03,-0.14,0.97,-4.73,7.01,-17.69
400,-0.04,-0.14,0.98,-4.73,7.7,-17.95
