,accel_x,accel_y,accel_z,gyro_x,gyro_y,gyro_z
0,0.09,-0.28,0.95,-7.43,1.02,-9.41
1,0.07,-0.3,0.95,-7.76,3.0,-1.71
2,0.06,-0.3,0.95,-8.21,1.05,0.59
3,0.04,-0.31,0.93,-7.38,-3.8,-5.56
4,0.07,-0.31,0.94,-7.38,-2.27,-10.96
5,0.05,-0.31,0.95,-7.86,-2.13,-13.37
6,0.08,-0.3,0.96,-5.89,-2.65,-3.79
7,0.07,-0.3,0.94,-7.03,-1.07,3.57
8,0.06,-0.32,0.95,-7.12,-1.08,6.37
9,0.05,-0.31,0.96,-5.93,-3.82,2.22
10,0.07,-0.32,0.96,-4.09,-3.14,-1.56
11,0.08,-0.3,0.95,-3.35,-1.72,-4.31
12,0.09,-0.29,0.94,-3.82,-3.14,-1.42
13,0.08,-0.31,0.95,-5.05,-3.24,3.79
14,0.08,-0.32,0.95,-4.53,-3.15,1.11
15,0.09,-0.32,0.97,-2.44,-2.73,0.63
16,0.07,-0.29,0.96,-4.13,-2.03,-4.58
17,0.08,-0.33,0.98,-3.95,1.62,-7.19
18,0.07,-0.32,0.97,-1.44,0.88,-6.21
19,0.06,-0.31,0.96,-1.69,1.03,-5.6
20,0.07,-0.31,0.94,-3.08,1.9,-7.92
21,0.07,-0.31,0.96,-2.27,0.27,-7.05
22,0.07,-0.31,0.96,-1.14,-0.55,-6.22
23,0.07,-0.3,0.96,-0.85,-0.4,-5.34
24,0.09,-0.3,0.95,-0.73,0.79,-4.12
25,0.08,-0.3,0.94,-0.63,2.0,-4.4
26,0.06,-0.31,0.94,-0.7,2.08,-4.42
27,0.06,-0.31,0.94,-1.26,1.38,-5.52
28,0.08,-0.3,0.93,-3.24,1.11,-9.11
29,0.09,-0.29,0.93,-3.47,1.11,-7.51
30,0.08,-0.3,0.93,-3.27,2.15,-5.08
31,0.09,-0.29,0.93,-3.1,1.28,-4.32
32,0.09,-0.29,0.93,-1.94,-0.35,-3.05
33,0.08,-0.3,0.93,-1.88,-0.15,-5.24
34,0.07,-0.3,0.94,-2.27,-0.6,-5.26
35,0.08,-0.29,0.93,-1.49,-2.72,-3.96
36,0.08,-0.3,0.94,-2.54,-2.46,-4.61
37,0.07,-0.3,0.95,-3.27,-1.6,-4.73
38,0.08,-0.3,0.96,-3.23,-1.67,-2.18
39,0.09,-0.3,0.95,-3.02,-1.02,-0.6
40,0.09,-0.29,0.94,-3.63,0.09,-2.29
41,0.07,-0.3,0.94,-3.44,0.83,-4.4
42,0.09,-0.29,0.94,-2.91,0.05,-3.69
43,0.09,-0.29,0.94,-2.65,0.72,-2.96
44,0.08,-0.3,0.94,-3.1,1.43,-4.43
45,0.07,-0.3,0.95,-3.09,1.15,-4.95
46,0.09,-0.3,0.94,-3.05,0.12,-3.83
47,0.08,-0.31,0.95,-3.42,1.51,-5.16
48,0.06,-0.31,0.95,-2.64,0.34,-5.46
49,0.07,-0.32,0.95,-1.97,-0.92,-5.65
50,0.08,-0.31,0.95,-0.61,-1.85,-4.66
51,0.08,-0.32,0.95,-1.02,-1.02,-2.77
52,0.07,-0.31,0.95,-0.74,-0.18,-3.5
53,0.07,-0.31,0.95,-0.46,0.06,-5.27
54,0.07,-0.3,0.95,-1.08,-0.3,-6.02
55,0.07,-0.31,0.95,-2.08,-0.14,-6.71
56,0.07,-0.3,0.94,-2.13,-0.63,-7.02
57,0.11,-0.29,0.94,-1.56,-1.53,-3.34
58,0.08,-0.3,0.94,-2.08,0.44,-3.44
59,0.07,-0.31,0.94,-1.73,1.1,-5.18
60,0.06,-0.31,0.95,-1.32,0.6,-6.79
61,0.09,-0.29,0.94,-1.73,-0.47,-5.0
62,0.07,-0.29,0.93,-2.89,0.79,-5.05
63,0.07,-0.3,0.93,-3.44,-0.09,-4.19
64,0.07,-0.3,0.94,-3.16,-0.24,-3.79
65,0.07,-0.31,0.94,-2.89,-0.11,-3.13
66,0.07,-0.3,0.94,-2.15,-0.61,-2.79
67,0.06,-0.29,0.93,-2.18,-0.44,-4.19
68,0.07,-0.3,0.93,-1.73,-1.08,-3.15
69,0.09,-0.3,0.95,-1.98,-0.08,-2.15
70,0.08,-0.29,0.93,-1.98,1.36,-3.78
71,0.07,-0.29,0.93,-2.23,1.23,-5.76
72,0.07,-0.27,0.93,-2.55,-1.63,-5.26
73,0.09,-0.28,0.92,-3.36,-2.56,-1.58
74,0.08,-0.29,0.93,-3.62,-1.73,-4.33
75,0.08,-0.29,0.94,-3.43,-2.56,-6.15
76,0.09,-0.29,0.93,-3.4,-2.61,-4.73
77,0.09,-0.31,0.94,-3.4,-2.27,-1.93
78,0.08,-0.31,0.95,-3.68,-0.8,-2.86
79,0.07,-0.31,0.94,-3.85,-0.4,-3.31
80,0.06,-0.31,0.94,-4.35,0.01,-4.05
81,0.09,-0.3,0.96,-3.2,-3.5,0.63
82,0.07,-0.32,0.96,-2.24,-3.04,-1.77
83,0.08,-0.31,0.96,-1.41,-2.93,-3.93
84,0.08,-0.31,0.96,-1.37,-2.31,-4.12
85,0.09,-0.31,0.96,-1.53,-1.54,-1.37
86,0.08,-0.31,0.96,-1.06,-0.23,-4.37
87,0.09,-0.3,0.96,-0.02,-0.95,-6.25
88,0.11,-0.29,0.95,0.98,-2.78,-2.34
89,0.1,-0.28,0.94,0.6,-2.47,0.54
90,0.08,-0.3,0.93,0.41,-1.48,-1.85
91,0.07,-0.3,0.93,0.27,-2.77,-3.37
92,0.08,-0.3,0.94,-1.18,-2.56,-2.83
93,0.08,-0.3,0.94,-2.0,-1.39,-4.0
94,0.1,-0.28,0.93,-1.87,-1.04,-3.1
95,0.08,-0.28,0.93,-2.49,0.81,-3.49
96,0.08,-0.29,0.94,-2.1,0.81,-1.37
97,0.08,-0.29,0.93,-2.13,-0.14,-1.5
98,0.07,-0.28,0.93,-3.08,-0.02,-2.22
99,0.07,-0.28,0.94,-3.89,0.23,-2.41
100,0.06,-0.28,0.93,-3.85,-0.31,-2.1
101,0.08,-0.29,0.95,-4.37,0.55,-4.33
102,0.08,-0.29,0.94,-4.21,0.27,-5.61
103,0.09,-0.29,0.93,-3.74,-1.44,-4.07
104,0.07,-0.29,0.94,-3.93,-0.32,-4.79
105,0.07,-0.3,0.94,-3.45,-0.3,-5.44
106,0.09,-0.28,0.93,-3.0,-0.91,-2.69
107,0.08,-0.29,0.94,-3.43,0.04,-1.44
108,0.07,-0.29,0.94,-4.16,0.79,-1.32
109,0.06,-0.29,0.93,-5.66,1.67,-2.96
110,0.06,-0.28,0.93,-6.49,1.93,-4.5
111,0.06,-0.28,0.93,-6.26,1.15,-3.19
112,0.06,-0.29,0.94,-6.85,-0.1,-0.18
113,0.06,-0.29,0.94,-8.1,-0.53,-1.8
114,0.08,-0.29,0.94,-7.41,-0.04,-2.54
115,0.07,-0.29,0.94,-6.95,-0.31,-3.35
116,0.07,-0.29,0.94,-6.31,-1.89,-3.62
117,0.07,-0.29,0.93,-7.27,-1.21,-6.43
118,0.07,-0.27,0.92,-8.61,-1.02,-6.19
119,0.02,-0.27,0.91,-11.34,-1.36,-8.34
120,0.0,-0.28,0.91,-13.92,-3.74,-9.02
121,-0.03,-0.27,0.89,-17.18,-5.73,-9.85
122,-0.09,-0.29,0.9,-21.5,-7.18,-11.98
123,-0.16,-0.32,0.89,-24.49,-10.7,-11.54
124,-0.27,-0.4,0.9,-26.86,-20.24,-5.91
125,-0.45,-0.51,0.9,-27.4,-26.23,1.93
126,-0.62,-0.6,0.91,-26.13,-38.45,22.5
127,-0.73,-0.64,0.9,-42.51,-39.7,56.56
128,-0.82,-0.73,0.95,-65.67,-24.25,97.73
129,-0.9,-0.95,1.08,-82.0,0.27,132.76
130,-1.17,-1.16,1.33,-83.7,-2.22,146.6
131,-1.3,-1.25,1.38,-66.69,12.16,145.82
132,-1.51,-1.33,1.37,-35.85,7.55,128.73
133,-1.73,-1.33,1.32,-10.83,-20.63,112.83
134,-1.78,-1.34,1.26,3.95,-39.6,105.36
135,-1.94,-1.45,1.17,24.05,-45.13,114.86
136,-2.0,-1.44,1.04,32.08,-52.01,141.06
137,-2.0,-1.35,0.85,33.95,-45.42,177.85
138,-2.0,-1.28,0.63,30.52,-45.63,217.39
139,-1.83,-1.21,0.46,26.55,-22.83,247.31
140,-1.46,-1.16,0.28,27.45,2.09,250.13
141,-1.14,-1.1,0.03,32.37,11.52,250.13
142,-0.73,-1.05,-0.16,43.89,-31.92,250.13
143,-0.32,-0.94,-0.32,43.77,-100.02,227.19
144,0.21,-0.8,-0.33,31.86,-169.67,218.97
145,1.03,-0.44,-0.24,7.73,-222.98,238.18
146,2.0,-0.3,-0.01,-39.34,-238.65,239.45
147,2.0,-0.38,0.43,-81.99,-186.29,198.76
148,2.0,-0.63,0.87,-119.31,-146.6,150.45
149,2.0,-1.09,1.66,-91.48,-130.16,113.67
150,2.0,-1.36,2.0,-17.58,-122.26,80.76
151,2.0,-1.25,1.86,53.23,-70.44,57.37
152,2.0,-1.07,1.63,101.68,-33.5,52.57
153,1.91,-0.82,1.14,115.48,-9.29,52.32
154,1.56,-0.57,0.79,102.89,-0.95,53.89
155,1.4,-0.39,0.57,77.28,10.36,66.23
156,1.29,-0.3,0.5,55.79,13.34,64.35
157,1.32,-0.2,0.52,49.18,-4.95,44.13
158,1.56,-0.03,0.62,49.11,-12.31,27.85
159,1.59,0.1,0.66,43.44,1.89,8.16
160,1.44,0.17,0.67,43.08,20.85,-12.89
161,1.19,0.17,0.64,42.53,29.62,-29.26
162,1.02,0.15,0.6,30.66,32.5,-38.04
163,0.88,0.08,0.58,20.0,38.72,-43.6
164,0.75,0.0,0.6,11.05,39.1,-55.37
165,0.59,-0.05,0.6,-0.15,41.54,-68.66
166,0.4,-0.12,0.67,-7.31,47.26,-69.39
167,0.21,-0.17,0.73,-11.37,46.03,-63.77
168,0.1,-0.18,0.74,-10.2,43.82,-57.94
169,-0.02,-0.24,0.74,-5.01,36.37,-59.13
170,-0.08,-0.31,0.76,-3.82,29.31,-57.43
171,-0.09,-0.35,0.81,-0.85,25.31,-55.35
172,-0.09,-0.33,0.82,1.93,18.24,-56.19
173,-0.03,-0.3,0.83,-2.94,14.79,-62.02
174,-0.02,-0.29,0.89,-6.6,14.42,-62.36
175,-0.02,-0.28,0.92,-10.4,11.21,-57.39
176,0.03,-0.27,0.93,-16.24,15.75,-50.81
177,0.06,-0.27,0.95,-19.75,20.5,-44.11
178,0.09,-0.27,0.97,-21.18,23.11,-41.71
179,0.06,-0.26,0.97,-20.78,23.93,-40.18
180,-0.01,-0.23,0.95,-21.31,14.02,-40.92
181,0.04,-0.26,1.03,-10.99,17.51,-38.83
182,0.0,-0.26,1.0,-4.53,15.26,-41.58
183,0.01,-0.26,0.98,0.51,13.58,-43.19
184,0.04,-0.24,0.97,4.31,11.46,-43.65
185,0.03,-0.22,0.91,4.98,7.05,-45.79
186,0.03,-0.2,0.88,-2.38,4.4,-48.86
187,0.05,-0.14,0.9,-15.52,7.46,-46.56
188,-0.01,-0.18,0.93,-25.31,12.67,-40.84
189,-0.07,-0.27,0.97,-30.72,13.99,-35.51
190,-0.08,-0.36,1.02,-30.3,15.95,-27.34
191,-0.06,-0.45,1.07,-25.34,18.78,-19.15
192,-0.07,-0.51,1.1,-13.1,18.07,-14.6
193,-0.03,-0.49,1.07,-2.73,12.15,-19.82
194,-0.01,-0.44,1.02,3.05,11.87,-29.21
195,-0.0,-0.38,1.02,5.03,10.8,-34.44
196,-0.0,-0.33,1.0,5.52,9.21,-35.87
197,-0.01,-0.27,0.97,3.38,5.81,-34.12
198,-0.0,-0.26,0.97,0.61,2.74,-31.36
199,0.05,-0.27,0.93,-2.7,2.86,-26.39
200,0.06,-0.27,0.94,-7.18,4.08,-26.81
201,0.05,-0.27,1.0,-6.94,3.71,-27.31
202,0.05,-0.29,0.98,-5.91,7.21,-29.24
203,0.09,-0.29,0.97,-7.66,12.5,-30.72
204,0.12,-0.3,0.98,-8.92,19.53,-34.07
205,0.06,-0.34,0.99,-8.57,23.47,-38.21
206,-0.02,-0.36,0.99,-5.13,18.44,-37.16
207,-0.01,-0.36,0.97,-3.39,15.77,-37.3
208,-0.01,-0.33,0.99,-0.4,10.81,-39.31
209,-0.01,-0.31,0.98,1.63,7.47,-39.18
210,-0.02,-0.31,0.97,1.45,6.82,-38.49
211,0.04,-0.28,0.95,-1.79,10.66,-33.73
212,0.06,-0.28,0.95,-4.61,15.37,-32.25
213,0.05,-0.3,0.94,-5.76,16.86,-32.82
214,0.03,-0.29,0.92,-7.44,16.33,-32.64
215,-0.02,-0.29,0.93,-8.78,14.93,-30.75
216,-0.03,-0.31,0.93,-9.05,12.43,-28.66
217,-0.03,-0.34,0.95,-5.4,11.52,-26.64
218,-0.01,-0.36,0.96,-0.24,11.82,-24.38
219,-0.0,-0.35,0.94,2.15,14.05,-24.04
220,-0.04,-0.33,0.91,2.52,13.31,-25.11
221,-0.08,-0.31,0.91,1.1,9.6,-24.3
222,-0.08,-0.29,0.88,-4.31,11.55,-23.11
223,-0.01,-0.27,0.94,-6.39,13.62,-20.5
224,0.01,-0.31,0.95,-7.06,19.01,-20.0
225,0.03,-0.34,0.98,-6.89,21.8,-17.17
226,-0.02,-0.39,0.96,-3.35,25.1,-15.56
227,-0.06,-0.38,0.95,-0.24,21.61,-16.23
228,-0.03,-0.36,0.92,1.8,17.41,-18.8
229,-0.07,-0.31,0.83,2.9,10.49,-27.21
230,-0.07,-0.25,0.88,4.73,2.67,-37.05
231,0.0,-0.21,0.88,1.38,-0.19,-37.67
232,0.04,-0.23,0.91,-3.52,13.29,-25.58
233,0.05,-0.27,0.94,-7.12,29.84,-18.05
234,0.03,-0.3,0.93,-11.13,38.11,-12.76
235,-0.05,-0.33,0.93,-10.96,35.85,-14.51
236,-0.08,-0.33,0.91,-7.57,29.68,-18.92
237,-0.06,-0.33,0.92,-3.45,26.76,-23.09
238,-0.06,-0.31,0.92,-0.49,25.98,-27.15
239,-0.05,-0.29,0.93,-0.26,27.69,-27.85
240,-0.09,-0.27,0.89,-3.8,30.82,-26.84
241,-0.09,-0.26,0.89,-7.89,29.57,-24.38
242,-0.06,-0.27,0.88,-9.56,31.36,-24.42
243,-0.08,-0.31,0.9,-7.95,33.02,-25.11
244,-0.11,-0.35,0.9,-3.98,27.58,-23.76
245,-0.11,-0.37,0.92,1.33,18.55,-21.08
246,-0.09,-0.34,0.92,4.57,15.27,-18.67
247,-0.07,-0.31,0.92,4.14,16.12,-17.21
248,-0.01,-0.26,0.92,0.88,22.18,-17.31
249,0.01,-0.25,0.92,-2.82,28.85,-22.4
250,-0.07,-0.29,0.93,-1.82,29.73,-31.06
251,-0.12,-0.33,0.93,3.68,23.36,-34.34
252,-0.16,-0.32,0.93,6.18,16.42,-31.4
253,-0.15,-0.29,0.93,5.27,12.01,-27.4
254,-0.13,-0.27,0.93,4.47,11.62,-25.63
255,-0.15,-0.29,0.95,3.68,13.73,-21.71
256,-0.18,-0.31,0.95,4.96,12.47,-13.78
257,-0.17,-0.29,0.93,6.98,12.71,-9.66
258,-0.13,-0.27,0.91,7.53,8.42,-8.46
259,-0.15,-0.28,0.89,3.95,7.05,-8.84
260,-0.15,-0.28,0.9,2.15,3.31,-9.13
261,-0.12,-0.28,0.93,-1.2,1.61,-10.73
262,-0.12,-0.31,0.95,-1.82,5.06,-15.69
263,-0.14,-0.31,0.95,0.11,1.98,-18.74
264,-0.13,-0.31,0.94,0.95,0.02,-21.35
265,-0.13,-0.3,0.93,1.82,-5.47,-23.92
266,-0.13,-0.32,0.94,4.16,-9.15,-26.44
267,-0.16,-0.34,0.93,5.76,-12.85,-30.4
268,-0.15,-0.35,0.96,6.3,-16.68,-28.29
269,-0.12,-0.34,0.99,6.97,-17.26,-23.79
270,-0.08,-0.32,0.99,7.71,-17.7,-19.58
271,-0.05,-0.32,0.99,7.77,-15.6,-17.72
272,-0.06,-0.31,0.97,5.56,-12.01,-21.3
273,-0.06,-0.31,0.97,1.04,-6.47,-22.66
274,-0.11,-0.33,0.99,1.23,-5.54,-21.38
275,-0.12,-0.33,0.99,4.6,-8.83,-21.87
276,-0.09,-0.31,0.98,5.98,-7.15,-21.21
277,-0.07,-0.29,0.97,7.04,-5.92,-20.78
278,-0.04,-0.25,0.94,7.82,-4.72,-19.34
279,-0.06,-0.26,0.92,6.31,-2.56,-16.54
280,-0.06,-0.24,0.89,5.05,-3.03,-15.05
281,-0.07,-0.24,0.89,1.28,-5.37,-16.76
282,-0.05,-0.26,0.91,2.01,-10.84,-14.93
283,-0.02,-0.25,0.92,0.16,-11.98,-13.39
284,0.0,-0.27,0.94,-1.99,-8.86,-14.6
285,0.0,-0.29,0.96,1.62,-7.11,-16.55
286,-0.0,-0.29,0.93,4.05,-5.89,-17.2
287,-0.05,-0.29,0.93,5.09,-6.62,-17.34
288,-0.06,-0.27,0.91,5.5,-8.81,-18.73
289,-0.06,-0.26,0.91,2.03,-8.45,-17.5
290,-0.07,-0.24,0.9,-1.11,-10.05,-14.4
291,-0.05,-0.23,0.9,-5.4,-10.05,-11.17
292,-0.07,-0.26,0.93,-6.32,-9.22,-12.34
293,-0.04,-0.29,0.95,-4.95,-10.34,-13.59
294,-0.02,-0.3,1.0,-2.37,-13.08,-14.98
295,0.02,-0.29,1.01,0.66,-13.88,-15.77
296,0.01,-0.29,1.02,4.95,-13.99,-18.31
297,-0.01,-0.31,1.0,10.59,-17.67,-24.22
298,-0.02,-0.28,0.98,12.54,-18.85,-26.73
299,0.0,-0.27,0.92,6.23,-13.42,-32.17
300,-0.04,-0.27,0.93,1.91,-13.86,-30.46
301,-0.05,-0.3,0.96,0.17,-16.93,-28.5
302,-0.03,-0.3,0.97,0.34,-16.32,-24.58
303,0.01,-0.31,0.99,-0.79,-12.62,-21.13
304,0.01,-0.31,1.01,-1.11,-8.39,-16.79
305,0.0,-0.31,1.01,2.49,-4.85,-11.23
306,-0.01,-0.32,0.99,6.15,-0.16,-6.79
307,-0.04,-0.32,0.99,11.2,-0.85,-3.39
308,-0.03,-0.31,0.99,18.82,-8.14,-1.98
309,-0.01,-0.32,0.99,26.0,-13.18,-4.79
310,0.01,-0.3,0.97,29.07,-12.44,2.58
311,-0.04,-0.32,0.96,29.33,-4.21,-0.19
312,-0.09,-0.32,0.96,33.75,-8.56,2.9
313,-0.08,-0.27,0.9,34.71,-11.31,6.85
314,-0.04,-0.22,0.9,32.22,-8.1,14.81
315,-0.04,-0.21,0.9,25.17,-4.18,17.3
316,-0.09,-0.2,0.92,24.81,-2.6,17.6
317,-0.06,-0.16,0.88,21.84,-4.82,14.85
318,0.0,-0.12,0.89,17.31,-0.78,10.43
319,0.01,-0.13,0.9,10.51,4.13,3.44
320,-0.02,-0.14,0.92,6.73,4.8,-3.25
321,-0.04,-0.15,0.94,5.86,3.15,-7.65
322,-0.04,-0.13,0.94,3.69,1.59,-12.62
323,-0.04,-0.11,0.94,-2.17,2.4,-20.51
324,-0.04,-0.12,0.95,-5.73,0.1,-24.23
325,-0.05,-0.14,0.98,-7.01,-4.89,-24.64
326,-0.07,-0.16,0.99,-7.44,-10.42,-24.95
327,-0.05,-0.17,1.0,-8.27,-15.01,-20.34
328,-0.03,-0.19,1.01,-8.3,-13.99,-20.18
329,-0.0,-0.22,1.05,-7.4,-13.73,-19.47
330,0.04,-0.23,1.06,-4.34,-11.18,-17.96
331,0.03,-0.24,1.06,-2.96,-10.6,-18.07
332,0.02,-0.24,1.04,-1.55,-6.7,-21.36
333,0.03,-0.24,1.03,-1.11,-3.52,-20.42
334,0.04,-0.23,1.02,-2.4,2.13,-17.58
335,0.05,-0.21,1.01,-3.78,4.58,-13.15
336,0.05,-0.21,1.0,-5.61,9.56,-13.94
337,0.03,-0.22,1.0,-6.53,12.11,-14.46
338,0.01,-0.22,1.0,-4.92,13.07,-14.82
339,-0.0,-0.21,0.98,-2.36,11.36,-14.41
340,0.01,-0.2,0.95,-2.34,7.45,-15.05
341,0.04,-0.16,0.95,-3.53,6.07,-16.93
342,0.06,-0.17,0.92,-7.21,7.21,-16.84
343,0.05,-0.17,0.94,-8.31,8.43,-18.6
344,0.06,-0.16,0.93,-8.34,7.73,-19.91
345,0.05,-0.17,0.92,-9.45,8.0,-22.11
346,0.03,-0.18,0.93,-9.48,5.84,-20.51
347,0.02,-0.19,0.93,-8.57,4.28,-18.75
348,0.04,-0.17,0.94,-6.99,2.01,-16.16
349,0.02,-0.19,0.94,-7.28,-0.05,-16.27
350,0.03,-0.2,0.95,-6.24,-2.4,-14.69
351,0.04,-0.19,0.94,-6.61,-3.99,-13.98
352,0.04,-0.18,0.94,-5.83,-6.71,-11.7
353,0.05,-0.18,0.94,-5.95,-15.49,-11.8
354,0.11,-0.17,0.94,-3.45,-13.9,-10.11
355,0.1,-0.2,0.97,-3.76,-10.11,-11.2
356,0.07,-0.19,0.96,-2.73,-13.28,-5.3
357,0.11,-0.22,0.98,1.9,-10.24,-5.49
358,0.09,-0.19,0.96,-0.11,-14.14,-5.69
359,0.09,-0.2,0.95,-3.46,-8.92,-6.24
360,0.08,-0.22,0.97,-3.64,-7.34,-8.08
361,0.04,-0.24,0.96,-4.97,-9.05,-10.08
362,0.02,-0.25,0.97,-5.36,-10.03,-13.37
363,0.02,-0.26,0.99,-4.62,-12.53,-10.98
364,0.02,-0.27,1.0,-5.5,-11.89,-9.82
365,0.02,-0.28,1.01,-5.13,-11.87,-7.02
366,0.05,-0.27,1.02,-3.74,-10.1,-2.2
367,0.06,-0.27,1.01,-7.32,-0.11,-4.31
368,0.09,-0.26,1.02,-8.79,8.55,-4.66
369,0.07,-0.26,1.01,-8.08,11.07,-7.65
370,0.04,-0.25,1.0,-7.06,12.03,-12.94
371,0.0,-0.26,0.99,-6.65,10.73,-17.03
372,-0.03,-0.26,0.99,-3.56,9.33,-17.48
373,-0.04,-0.27,0.99,-5.84,4.5,-14.2
374,0.0,-0.25,1.0,-4.87,4.34,-7.89
375,0.0,-0.24,0.99,-4.94,4.55,-5.15
376,0.0,-0.24,0.97,-6.5,6.64,-6.81
377,-0.01,-0.25,0.97,-6.73,5.08,-5.39
378,-0.01,-0.24,0.98,-5.23,1.66,-2.85
379,0.01,-0.23,0.98,-4.6,0.88,-2.79
380,0.02,-0.24,0.98,-3.66,0.92,-3.54
381,0.02,-0.24,0.98,-2.89,-0.41,-3.6
382,0.04,-0.22,0.96,-3.53,0.05,-2.52
383,0.05,-0.21,0.97,-4.86,0.88,-1.1
384,0.04,-0.22,0.96,-5.26,2.21,-1.86
385,0.02,-0.23,0.96,-4.46,0.92,-2.44
386,0.03,-0.22,0.96,-5.05,1.46,-2.62
387,0.03,-0.22,0.95,-5.73,2.83,-2.25
388,0.03,-0.21,0.95,-5.85,2.37,-0.99
389,0.05,-0.21,0.94,-6.8,1.27,1.72
390,0.04,-0.2,0.94,-8.44,2.41,0.92
391,0.03,-0.2,0.94,-8.89,1.08,0.34
392,0.04,-0.23,0.95,-6.99,-2.05,1.3
393,0.05,-0.21,0.94,-7.56,-4.87,-1.52
394,0.07,-0.22,0.94,-8.82,-2.53,-4.95
395,0.05,-0.22,0.96,-8.35,-2.43,-6.79
396,0.05,-0.24,0.96,-5.76,-3.59,-3.15
397,0.07,-0.24,0.96,-6.02,-4.14,-1.63
398,0.1,-0.2,0.97,-6.84,-0.61,-3.98
399,0.11,-0.22,0.97,-7.03,2.56,-6.2
