,accel_x,accel_y,accel_z,gyro_x,gyro_y,gyro_z
0,-0.1,-0.24,0.96,-5.18,1.47,-11.21
1,-0.08,-0.23,0.98,-5.1,-0.82,-7.85
2,-0.08,-0.24,0.98,-5.49,0.11,-6.5
3,-0.09,-0.23,0.98,-5.31,0.81,-6.01
4,-0.08,-0.23,0.98,-4.39,0.86,-5.86
5,-0.08,-0.23,0.98,-3.46,-0.4,-5.71
6,-0.07,-0.21,0.97,-3.47,-1.24,-5.02
7,-0.08,-0.21,0.97,-3.75,-0.29,-3.92
8,-0.09,-0.21,0.97,-3.91,-0.76,-3.24
9,-0.07,-0.2,0.97,-3.56,-0.69,-1.83
10,-0.06,-0.19,0.97,-3.52,-1.88,0.18
11,-0.05,-0.19,0.96,-3.63,-1.63,0.5
12,-0.05,-0.19,0.96,-3.25,-1.63,-1.17
13,-0.05,-0.19,0.97,-1.79,-2.91,-0.93
14,-0.04,-0.19,0.96,-1.13,-2.77,-1.69
15,-0.04,-0.18,0.95,-1.45,-2.27,-2.67
16,-0.04,-0.16,0.95,-2.37,-2.44,-2.3
17,-0.04,-0.16,0.93,-5.27,-0.79,-1.11
18,-0.06,-0.17,0.94,-6.79,-0.48,-2.21
19,-0.07,-0.18,0.93,-7.3,-1.77,-3.11
20,-0.08,-0.18,0.93,-7.1,-3.21,-3.76
21,-0.08,-0.17,0.93,-7.11,-6.66,-3.11
22,-0.06,-0.16,0.92,-8.85,-9.45,-0.43
23,-0.08,-0.18,0.91,-10.91,-8.48,-0.6
24,-0.08,-0.19,0.92,-12.16,-10.89,-0.76
25,-0.04,-0.2,0.94,-12.92,-12.45,0.04
26,-0.02,-0.21,0.95,-13.22,-14.19,0.98
27,-0.01,-0.24,0.98,-12.18,-15.84,-0.68
28,-0.01,-0.26,1.0,-10.04,-13.63,-2.02
29,0.0,-0.26,1.01,-7.47,-12.23,-0.95
30,0.01,-0.26,1.02,-5.6,-9.67,0.66
31,0.03,-0.26,1.02,-3.73,-6.53,3.19
32,0.02,-0.24,1.02,-2.15,-5.67,5.23
33,0.02,-0.23,1.01,-0.86,-3.69,5.27
34,0.02,-0.22,0.98,-1.34,-4.15,3.57
35,0.01,-0.21,0.98,-1.94,-1.91,2.94
36,0.02,-0.2,0.98,-2.68,-1.13,0.81
37,0.02,-0.2,0.98,-1.77,0.26,-1.53
38,0.0,-0.21,0.97,-2.55,-0.66,-1.97
39,0.0,-0.2,0.98,-2.15,-1.41,-2.04
40,0.02,-0.2,0.97,-2.05,-3.42,-0.51
41,-0.01,-0.21,0.98,-2.27,-1.05,-1.97
42,-0.01,-0.22,0.97,-1.85,-0.29,-2.38
43,-0.01,-0.22,0.97,-1.48,0.67,-2.45
44,-0.01,-0.21,0.97,-1.42,-0.11,-1.83
45,-0.03,-0.21,0.96,-1.22,-1.06,-1.35
46,-0.03,-0.21,0.96,-1.82,-2.1,-1.73
47,-0.02,-0.21,0.97,-1.7,-2.11,-1.62
48,-0.0,-0.21,0.97,-2.01,-0.5,-1.95
49,-0.0,-0.21,0.96,-1.47,1.18,-1.8
50,-0.02,-0.2,0.96,-1.45,1.82,-3.34
51,-0.03,-0.2,0.95,-2.02,2.93,-5.3
52,-0.05,-0.19,0.94,-2.82,2.13,-6.05
53,-0.06,-0.21,0.94,-3.55,1.22,-5.94
54,-0.05,-0.19,0.94,-4.56,-0.18,-4.52
55,-0.04,-0.19,0.94,-5.68,-0.71,-3.17
56,-0.03,-0.2,0.94,-7.0,-0.77,-3.01
57,-0.01,-0.2,0.96,-7.29,-2.27,-1.56
58,-0.03,-0.22,0.96,-7.62,-0.85,-3.17
59,-0.03,-0.22,0.97,-6.51,-2.21,-3.76
60,-0.02,-0.22,0.97,-6.37,-1.11,-5.34
61,-0.02,-0.23,0.98,-5.93,0.86,-7.06
62,-0.03,-0.23,0.99,-4.35,1.02,-6.41
63,-0.02,-0.23,0.98,-3.06,1.21,-5.18
64,-0.01,-0.22,0.98,-2.91,1.21,-2.95
65,-0.01,-0.22,0.97,-3.4,3.3,-2.47
66,0.01,-0.21,0.97,-4.85,4.87,-3.65
67,-0.01,-0.22,0.97,-5.48,6.24,-5.73
68,-0.02,-0.22,0.97,-5.36,4.7,-7.04
69,-0.03,-0.23,0.98,-4.09,2.28,-7.72
70,-0.01,-0.22,0.98,-3.43,1.34,-8.33
71,-0.01,-0.23,0.98,-3.1,2.44,-8.38
72,-0.02,-0.24,0.98,-3.09,4.53,-7.66
73,-0.03,-0.23,0.98,-2.71,4.53,-6.39
74,-0.05,-0.24,0.97,-1.87,3.73,-5.31
75,-0.03,-0.24,0.96,-2.09,3.5,-5.75
76,-0.06,-0.23,0.96,-2.48,2.53,-6.15
77,-0.05,-0.23,0.96,-2.55,0.3,-6.08
78,-0.05,-0.22,0.96,-3.05,-0.65,-3.32
79,-0.04,-0.22,0.96,-4.79,0.58,-1.86
80,-0.03,-0.23,0.97,-5.19,0.41,-1.89
81,-0.04,-0.23,0.97,-4.5,-1.11,-2.12
82,-0.03,-0.24,0.98,-2.6,-2.63,-2.94
83,-0.03,-0.24,0.98,-0.78,-4.47,-2.85
84,-0.03,-0.24,0.97,-0.27,-3.89,-2.5
85,-0.03,-0.23,0.96,0.02,-3.44,-1.07
86,-0.02,-0.22,0.95,-0.48,-3.22,0.44
87,-0.03,-0.2,0.95,-1.95,-1.24,-0.06
88,-0.02,-0.21,0.95,-2.64,-2.27,-0.21
89,-0.03,-0.21,0.96,-3.15,-2.84,-0.72
90,-0.02,-0.21,0.96,-3.1,-2.93,-0.98
91,-0.02,-0.2,0.96,-2.59,-4.35,-1.01
92,0.0,-0.2,0.97,-2.87,-4.19,-1.11
93,-0.01,-0.2,0.96,-3.34,-3.17,-2.09
94,-0.02,-0.22,0.97,-3.24,-3.09,-3.25
95,-0.01,-0.21,0.97,-3.18,-3.92,-1.89
96,-0.0,-0.21,0.96,-3.93,-2.36,-2.44
97,-0.0,-0.2,0.96,-4.07,-2.11,-3.18
98,-0.02,-0.21,0.97,-4.53,-1.53,-2.95
99,-0.01,-0.21,0.97,-5.34,-0.25,-4.93
100,-0.0,-0.21,0.97,-5.5,-1.08,-5.34
101,-0.01,-0.22,0.98,-5.92,0.59,-6.58
102,-0.0,-0.21,0.97,-6.47,0.49,-6.27
103,-0.02,-0.21,0.95,-7.76,2.72,-7.15
104,-0.03,-0.21,0.97,-7.56,1.98,-6.96
105,-0.05,-0.21,0.95,-7.08,0.69,-6.2
106,-0.04,-0.2,0.95,-7.48,-1.5,-5.45
107,-0.03,-0.21,0.94,-8.74,-2.46,-5.4
108,-0.02,-0.21,0.95,-8.79,-2.05,-5.24
109,-0.02,-0.22,0.96,-7.44,-2.22,-4.66
110,-0.0,-0.23,0.96,-7.06,-0.66,-3.96
111,-0.01,-0.22,0.95,-7.66,0.92,-4.18
112,-0.03,-0.23,0.95,-8.44,2.15,-5.66
113,-0.03,-0.24,0.96,-7.98,1.98,-6.73
114,-0.02,-0.25,0.95,-7.8,1.4,-6.7
115,-0.05,-0.24,0.96,-7.92,1.4,-5.66
116,-0.07,-0.26,0.95,-7.72,0.76,-3.02
117,-0.09,-0.26,0.95,-7.79,0.12,0.73
118,-0.09,-0.25,0.95,-8.33,-0.85,3.78
119,-0.07,-0.24,0.94,-10.12,-0.59,7.92
120,-0.05,-0.22,0.94,-13.27,4.21,15.01
121,-0.02,-0.23,0.97,-16.23,13.05,25.49
122,-0.05,-0.23,0.96,-19.98,20.54,29.86
123,-0.06,-0.24,0.97,-21.08,24.63,32.82
124,-0.11,-0.24,0.95,-21.79,24.37,30.34
125,-0.14,-0.24,0.95,-22.3,22.21,22.98
126,-0.22,-0.25,0.95,-21.04,15.35,12.83
127,-0.32,-0.27,0.93,-19.49,1.59,1.46
128,-0.38,-0.27,0.93,-17.69,-6.34,-4.33
129,-0.47,-0.3,0.9,-15.95,-12.0,-8.22
130,-0.56,-0.29,0.88,-16.39,-22.83,-6.76
131,-0.67,-0.26,0.81,-23.39,-29.69,-4.79
132,-0.88,-0.26,0.82,-33.16,-45.33,-0.37
133,-1.13,-0.22,0.74,-48.67,-54.13,8.0
134,-1.33,-0.3,0.7,-69.59,-64.33,19.19
135,-1.58,-0.46,0.75,-90.87,-64.25,36.54
136,-1.83,-0.66,0.85,-111.45,-63.05,56.63
137,-2.0,-0.89,0.95,-124.98,-61.65,75.77
138,-2.0,-1.19,1.08,-121.57,-61.97,98.34
139,-2.0,-1.53,1.11,-95.96,-71.17,123.75
140,-2.0,-1.79,1.04,-58.75,-89.87,156.67
141,-2.0,-1.93,0.84,-22.85,-99.91,200.87
142,-2.0,-2.0,0.73,12.67,-96.08,250.13
143,-2.0,-2.0,0.49,55.55,-68.6,250.13
144,-2.0,-2.0,0.02,85.63,-40.27,250.13
145,-1.43,-2.0,-0.53,93.53,-20.01,250.13
146,-0.9,-1.8,-0.94,69.81,-40.25,250.13
147,-0.02,-1.24,-1.08,1.78,-128.08,250.13
148,1.03,-0.88,-0.88,-67.39,-241.86,250.13
149,2.0,-0.46,-0.59,-145.62,-250.14,250.13
150,2.0,-0.7,0.32,-188.7,-250.14,220.51
151,2.0,-1.06,1.41,-176.5,-250.14,119.0
152,2.0,-1.38,2.0,-98.12,-174.82,80.38
153,2.0,-1.54,2.0,-2.65,-108.4,58.36
154,2.0,-1.48,1.87,72.34,-99.76,33.76
155,1.76,-1.36,1.48,111.1,-122.13,12.37
156,1.61,-1.14,1.02,112.69,-135.22,7.7
157,1.83,-1.12,1.06,87.02,-66.92,28.02
158,1.71,-1.09,0.84,52.22,3.43,55.98
159,1.45,-1.06,0.75,24.28,44.1,76.85
160,1.25,-0.99,0.62,12.71,47.95,77.4
161,1.08,-0.87,0.56,15.69,27.78,66.72
162,1.04,-0.75,0.57,30.89,3.74,50.58
163,1.07,-0.52,0.58,50.49,-24.3,36.14
164,1.2,-0.22,0.58,64.96,-37.68,19.7
165,1.28,0.03,0.44,64.94,-44.56,-0.75
166,1.34,0.15,0.46,55.47,-31.11,-19.68
167,1.39,0.22,0.53,38.76,-19.92,-33.63
168,1.41,0.27,0.59,22.2,0.26,-45.11
169,1.25,0.21,0.61,5.83,23.86,-58.02
170,1.03,0.1,0.66,-9.88,38.34,-66.91
171,0.78,-0.03,0.72,-17.4,44.44,-73.63
172,0.57,-0.16,0.76,-12.49,47.18,-76.02
173,0.41,-0.23,0.79,-0.81,38.14,-77.56
174,0.34,-0.24,0.79,9.75,34.47,-78.59
175,0.3,-0.22,0.77,12.53,37.4,-77.24
176,0.26,-0.18,0.76,9.34,41.24,-74.64
177,0.18,-0.12,0.74,3.66,45.08,-70.55
178,0.14,-0.11,0.74,-6.13,47.03,-67.79
179,0.1,-0.16,0.75,-14.89,48.01,-65.65
180,0.05,-0.23,0.75,-22.15,48.8,-61.95
181,-0.01,-0.3,0.77,-26.73,47.77,-57.29
182,-0.07,-0.35,0.79,-27.14,39.92,-52.11
183,-0.11,-0.36,0.83,-26.55,32.31,-47.87
184,-0.09,-0.37,0.86,-26.01,24.29,-43.91
185,-0.03,-0.36,0.92,-27.86,20.73,-40.79
186,0.03,-0.34,0.96,-29.55,26.6,-40.19
187,0.07,-0.33,0.98,-29.25,32.19,-42.56
188,0.09,-0.34,1.01,-27.35,38.01,-48.78
189,0.05,-0.38,1.03,-20.98,39.95,-53.59
190,-0.01,-0.43,1.02,-13.31,36.05,-56.93
191,-0.05,-0.43,1.01,-4.92,30.25,-58.29
192,-0.09,-0.4,1.0,-0.15,27.87,-56.5
193,-0.14,-0.36,0.96,-1.24,27.0,-50.14
194,-0.18,-0.35,0.96,-6.73,25.76,-40.89
195,-0.19,-0.33,0.94,-12.01,21.73,-27.73
196,-0.14,-0.35,0.93,-16.18,18.52,-15.48
197,-0.05,-0.36,0.93,-18.59,18.53,-8.5
198,0.03,-0.37,0.97,-18.19,19.65,-11.23
199,0.06,-0.35,0.97,-16.08,18.79,-18.44
200,0.06,-0.32,0.96,-13.67,18.5,-27.28
201,0.03,-0.29,0.99,-13.27,19.82,-36.73
202,-0.01,-0.31,0.99,-11.73,19.24,-41.94
203,-0.05,-0.34,1.0,-10.79,20.31,-42.11
204,-0.07,-0.4,1.01,-9.93,18.44,-34.54
205,-0.04,-0.43,1.0,-8.36,16.78,-25.06
206,-0.04,-0.43,0.98,-7.78,18.29,-18.15
207,-0.03,-0.4,0.97,-8.84,20.63,-13.76
208,-0.06,-0.37,0.96,-11.1,22.08,-10.56
209,-0.11,-0.38,0.96,-11.2,21.68,-8.53
210,-0.12,-0.37,0.97,-8.71,18.82,-7.95
211,-0.1,-0.39,0.98,-4.98,17.16,-9.58
212,-0.08,-0.4,0.98,1.76,12.6,-14.15
213,-0.03,-0.4,0.96,8.84,9.77,-14.96
214,-0.02,-0.4,0.98,15.51,3.11,-19.31
215,-0.0,-0.36,0.95,21.25,-0.79,-22.53
216,0.02,-0.31,0.94,20.58,-3.43,-24.27
217,0.03,-0.22,0.96,14.46,1.33,-20.85
218,0.03,-0.2,0.99,8.99,10.92,-18.27
219,0.06,-0.22,1.0,3.54,21.93,-18.32
220,0.05,-0.26,1.0,-3.46,34.98,-16.9
221,0.05,-0.35,1.02,-2.43,39.34,-15.4
222,-0.01,-0.42,1.01,3.0,44.36,-21.97
223,-0.05,-0.43,0.99,13.07,41.44,-30.57
224,-0.1,-0.43,0.95,23.25,34.1,-39.6
225,-0.16,-0.39,0.92,30.47,23.6,-45.87
226,-0.18,-0.27,0.9,30.01,12.33,-47.71
227,-0.14,-0.2,0.92,24.68,9.98,-43.85
228,-0.07,-0.17,0.93,17.85,13.23,-41.6
229,-0.03,-0.21,0.97,13.89,18.88,-40.33
230,-0.01,-0.27,0.97,16.3,20.64,-39.63
231,-0.03,-0.31,0.95,20.44,24.17,-39.13
232,-0.04,-0.33,0.93,26.47,26.95,-38.08
233,-0.1,-0.26,0.91,27.14,22.84,-40.22
234,-0.08,-0.17,0.85,25.59,29.71,-46.4
235,-0.08,-0.12,0.82,17.87,32.56,-47.48
236,-0.11,-0.12,0.81,9.87,32.49,-48.4
237,-0.13,-0.14,0.8,4.86,31.49,-46.97
238,-0.11,-0.18,0.79,0.18,31.63,-44.33
239,-0.15,-0.22,0.79,-3.21,25.24,-43.44
240,-0.14,-0.24,0.82,-3.56,17.41,-41.36
241,-0.16,-0.21,0.81,-6.45,12.58,-40.06
242,-0.1,-0.2,0.87,-10.26,12.45,-36.88
243,-0.09,-0.21,0.9,-15.12,19.15,-34.46
244,-0.02,-0.25,0.98,-15.64,27.39,-28.0
245,-0.0,-0.26,0.97,-16.69,37.06,-26.18
246,-0.03,-0.29,0.96,-15.6,43.46,-29.22
247,-0.09,-0.32,0.95,-11.56,40.53,-34.07
248,-0.13,-0.35,0.94,-7.66,31.76,-40.06
249,-0.16,-0.34,0.96,-4.04,22.47,-45.61
250,-0.17,-0.3,0.96,-1.08,15.61,-48.96
251,-0.14,-0.27,0.96,-0.47,13.54,-48.95
252,-0.13,-0.26,0.95,-2.74,15.05,-45.37
253,-0.13,-0.27,0.95,-6.1,17.14,-40.46
254,-0.13,-0.3,0.94,-8.18,16.31,-35.41
255,-0.16,-0.34,0.93,-7.85,13.39,-32.99
256,-0.16,-0.36,0.95,-5.49,8.32,-31.07
257,-0.13,-0.34,0.97,-4.02,5.07,-29.23
258,-0.1,-0.28,0.98,-4.8,4.44,-25.35
259,-0.06,-0.28,0.99,-8.82,12.98,-23.37
260,-0.07,-0.3,0.99,-11.34,21.6,-22.46
261,-0.11,-0.31,0.98,-11.56,26.18,-22.8
262,-0.16,-0.33,0.96,-9.86,25.98,-24.4
263,-0.2,-0.36,0.94,-6.95,22.12,-28.85
264,-0.21,-0.37,0.94,-4.24,15.29,-29.94
265,-0.24,-0.36,0.92,-2.46,8.73,-30.92
266,-0.23,-0.36,0.92,-0.64,3.49,-29.08
267,-0.2,-0.34,0.92,-1.28,5.0,-27.22
268,-0.18,-0.33,0.92,-2.98,7.7,-22.15
269,-0.16,-0.31,0.91,-5.05,11.25,-15.56
270,-0.17,-0.32,0.9,-5.59,10.52,-11.76
271,-0.14,-0.31,0.9,-5.18,6.92,-10.85
272,-0.1,-0.3,0.91,-5.47,4.57,-14.82
273,-0.08,-0.28,0.92,-6.68,5.5,-19.53
274,-0.07,-0.28,0.94,-5.64,7.7,-21.02
275,-0.08,-0.28,0.94,-4.47,9.07,-23.06
276,-0.09,-0.28,0.93,-4.43,9.4,-26.85
277,-0.09,-0.28,0.92,-4.96,7.9,-28.76
278,-0.08,-0.29,0.92,-5.13,8.18,-31.21
279,-0.11,-0.33,0.93,-3.56,7.49,-34.06
280,-0.13,-0.34,0.94,-0.14,5.43,-36.18
281,-0.14,-0.34,0.95,3.43,3.1,-35.81
282,-0.15,-0.31,0.94,5.01,1.16,-34.45
283,-0.14,-0.29,0.92,4.85,0.09,-33.41
284,-0.13,-0.29,0.91,3.2,-1.94,-32.31
285,-0.15,-0.29,0.91,1.82,-3.73,-30.6
286,-0.12,-0.3,0.93,2.02,-7.95,-30.36
287,-0.1,-0.31,0.94,2.21,-12.34,-31.46
288,-0.11,-0.32,0.95,3.06,-13.4,-31.53
289,-0.08,-0.3,0.92,-0.25,-8.28,-32.21
290,-0.11,-0.32,0.95,-1.99,-4.53,-33.95
291,-0.12,-0.31,0.94,-0.02,-4.3,-33.49
292,-0.15,-0.33,0.94,0.11,-3.8,-33.52
293,-0.14,-0.33,0.93,2.98,-7.52,-32.59
294,-0.14,-0.34,0.92,3.35,-9.76,-34.67
295,-0.15,-0.33,0.94,6.41,-12.12,-36.17
296,-0.11,-0.31,0.94,7.68,-13.72,-36.37
297,-0.11,-0.32,0.93,8.18,-12.95,-37.92
298,-0.11,-0.31,0.94,8.21,-10.87,-39.21
299,-0.13,-0.32,0.93,9.03,-11.18,-38.79
300,-0.16,-0.33,0.91,9.84,-13.79,-38.36
301,-0.17,-0.33,0.91,9.93,-18.15,-38.73
302,-0.16,-0.31,0.91,10.03,-22.81,-37.53
303,-0.14,-0.32,0.9,8.66,-24.31,-35.84
304,-0.1,-0.29,0.91,6.38,-24.41,-31.08
305,-0.08,-0.29,0.93,4.3,-23.99,-25.04
306,-0.04,-0.28,0.92,2.95,-23.31,-20.73
307,-0.01,-0.28,0.91,0.67,-19.05,-16.16
308,0.01,-0.28,0.92,-1.92,-14.36,-12.93
309,0.01,-0.26,0.93,-2.14,-12.1,-11.84
310,0.03,-0.27,0.95,-4.03,-6.37,-12.68
311,0.03,-0.25,0.95,-6.42,-0.02,-12.8
312,0.02,-0.27,0.94,-9.38,5.55,-14.67
313,-0.03,-0.3,0.95,-7.95,6.02,-18.75
314,-0.05,-0.31,0.96,-5.13,0.69,-21.12
315,-0.05,-0.31,0.95,-4.23,-2.73,-23.92
316,-0.04,-0.3,0.95,-4.98,-4.1,-26.85
317,-0.04,-0.32,0.95,-6.28,-5.69,-27.1
318,-0.05,-0.34,0.97,-6.07,-5.7,-26.18
319,-0.05,-0.34,0.96,-4.07,-7.11,-22.43
320,-0.04,-0.35,0.97,-3.11,-5.56,-18.48
321,-0.03,-0.32,0.97,-3.4,-3.78,-15.34
322,-0.01,-0.3,0.95,-4.66,-0.27,-11.36
323,-0.01,-0.29,0.96,-5.67,3.37,-7.43
324,-0.01,-0.28,0.95,-5.61,4.83,-5.59
325,-0.02,-0.28,0.94,-6.22,7.34,-7.46
326,-0.03,-0.28,0.93,-7.05,8.21,-11.81
327,-0.04,-0.29,0.94,-6.54,5.68,-12.53
328,-0.07,-0.3,0.93,-6.13,3.31,-13.53
329,-0.07,-0.32,0.94,-5.56,0.95,-15.43
330,-0.07,-0.33,0.94,-5.26,-2.0,-15.42
331,-0.06,-0.34,0.95,-3.98,-3.79,-12.34
332,-0.05,-0.36,0.96,-3.63,-4.44,-10.17
333,-0.02,-0.36,0.96,-2.6,-3.67,-7.39
334,-0.02,-0.37,0.96,-1.64,-0.82,-5.34
335,-0.01,-0.36,0.97,-0.29,1.93,-4.04
336,0.01,-0.34,0.96,-0.26,5.18,-2.3
337,0.01,-0.32,0.94,-1.6,8.72,-0.99
338,-0.02,-0.31,0.94,-2.69,9.37,-2.2
339,-0.02,-0.31,0.94,-3.06,8.09,-1.95
340,0.02,-0.3,0.96,-2.03,6.25,1.02
341,-0.0,-0.3,0.95,-1.22,8.29,0.44
342,0.0,-0.28,0.95,-0.1,8.44,-0.76
343,-0.0,-0.27,0.95,0.11,8.82,-1.29
344,-0.01,-0.25,0.92,-3.29,9.11,-3.41
345,-0.03,-0.25,0.93,-6.71,9.67,-4.93
346,-0.05,-0.26,0.94,-7.08,8.34,-5.04
347,-0.06,-0.28,0.95,-5.7,7.27,-6.08
348,-0.05,-0.29,0.94,-4.46,5.73,-7.86
349,-0.06,-0.3,0.93,-5.09,5.86,-8.83
350,-0.08,-0.31,0.94,-4.54,4.91,-7.33
351,-0.09,-0.33,0.92,-4.3,1.74,-7.27
352,-0.09,-0.34,0.92,-3.38,-2.34,-5.24
353,-0.05,-0.33,0.92,-3.88,-3.0,-1.63
354,-0.04,-0.33,0.92,-5.89,-2.69,1.16
355,-0.03,-0.34,0.95,-5.99,-2.34,2.89
356,0.01,-0.33,0.96,-4.73,-1.51,5.46
357,0.02,-0.32,0.97,-4.08,2.38,4.62
358,0.01,-0.31,0.95,-3.76,5.36,1.47
359,-0.01,-0.31,0.96,-2.4,4.47,-1.38
360,-0.02,-0.31,0.95,-0.73,1.51,-1.45
361,-0.03,-0.3,0.93,0.31,-1.56,-2.71
362,-0.03,-0.29,0.92,-0.2,-2.42,-2.47
363,-0.03,-0.3,0.92,-1.72,-2.54,-1.76
364,-0.03,-0.3,0.94,-2.76,-2.3,0.63
365,-0.01,-0.3,0.93,-4.27,0.4,2.2
366,0.01,-0.28,0.93,-6.01,2.75,2.27
367,0.0,-0.3,0.94,-6.73,3.03,1.31
368,-0.02,-0.31,0.94,-6.27,2.11,-1.5
369,-0.03,-0.32,0.95,-4.24,0.46,-2.99
370,-0.03,-0.33,0.95,-2.45,0.31,-4.18
371,-0.03,-0.33,0.94,-1.86,0.27,-5.55
372,-0.03,-0.32,0.93,-1.88,0.7,-4.95
373,-0.03,-0.31,0.94,-2.93,1.6,-2.63
374,-0.04,-0.3,0.94,-3.89,1.85,-0.34
375,-0.03,-0.3,0.93,-4.21,1.7,0.94
376,-0.04,-0.3,0.93,-4.1,2.4,0.15
377,-0.04,-0.29,0.93,-4.48,1.35,-0.18
378,-0.04,-0.3,0.92,-4.89,0.69,-0.86
379,-0.04,-0.3,0.92,-6.96,-1.39,-2.41
380,-0.02,-0.29,0.93,-6.04,-0.95,-4.13
381,-0.01,-0.3,0.94,-5.21,-0.33,-3.87
382,-0.02,-0.3,0.95,-5.34,-1.27,-5.73
383,-0.01,-0.3,0.94,-5.34,1.29,-5.68
384,-0.03,-0.31,0.94,-3.71,0.76,-6.47
385,-0.03,-0.31,0.95,-3.73,-2.08,-6.59
386,-0.03,-0.31,0.94,-4.84,-1.3,-6.01
387,-0.03,-0.32,0.94,-5.91,-1.57,-5.31
388,-0.04,-0.32,0.94,-6.09,-2.05,-5.02
389,-0.04,-0.33,0.94,-6.63,-1.99,-4.58
390,-0.03,-0.33,0.94,-7.6,-0.72,-4.99
391,-0.04,-0.34,0.96,-7.02,0.31,-4.19
392,-0.04,-0.33,0.95,-6.52,-0.64,-3.51
393,-0.02,-0.33,0.95,-6.17,-0.6,-2.94
394,-0.0,-0.33,0.95,-5.94,0.87,-3.11
395,0.0,-0.33,0.97,-5.98,3.84,-2.79
396,0.0,-0.33,0.95,-6.31,6.02,-4.07
397,-0.01,-0.32,0.94,-7.0,7.46,-5.44
398,-0.01,-0.32,0.93,-8.22,8.61,-6.11
399,-0.05,-0.3,0.91,-10.02,6.95,-8.31
400,-0.02,-0.31,0.91,-13.28,8.75,-6.69
