,accel_x,accel_y,accel_z,gyro_x,gyro_y,gyro_z
0,0.06,-0.23,0.98,0.42,-6.87,-9.88
1,0.05,-0.23,0.97,0.91,-7.39,-10.16
2,0.05,-0.23,0.98,1.97,-8.3,-9.6
3,0.05,-0.23,0.97,1.6,-7.85,-9.46
4,0.05,-0.23,0.98,1.35,-7.1,-8.67
5,0.06,-0.24,0.98,2.57,-7.41,-6.55
6,0.06,-0.23,0.98,2.81,-6.36,-5.45
7,0.07,-0.21,0.97,1.96,-5.66,-6.24
8,0.08,-0.21,0.98,1.15,-4.65,-6.95
9,0.08,-0.21,0.97,0.5,-3.59,-5.93
10,0.07,-0.2,0.96,-0.08,-2.82,-5.62
11,0.05,-0.2,0.95,-1.07,-3.04,-4.23
12,0.05,-0.19,0.94,-2.6,-2.94,-3.34
13,0.05,-0.2,0.96,-4.27,-2.31,-3.85
14,0.05,-0.21,0.96,-4.11,-3.11,-2.98
15,0.07,-0.21,0.96,-4.37,-4.12,-4.48
16,0.07,-0.22,0.97,-2.46,-4.49,-4.63
17,0.09,-0.21,0.97,-3.02,-4.14,-6.21
18,0.09,-0.21,0.97,-2.09,-3.44,-4.96
19,0.08,-0.22,0.98,-0.95,-2.65,-4.76
20,0.08,-0.21,0.97,-1.05,-1.61,-4.69
21,0.08,-0.21,0.97,-1.89,-0.45,-4.69
22,0.07,-0.21,0.96,-2.77,0.24,-3.92
23,0.07,-0.2,0.96,-3.66,0.2,-3.83
24,0.07,-0.21,0.97,-4.38,0.08,-3.62
25,0.07,-0.21,0.97,-4.43,0.18,-3.18
26,0.08,-0.21,0.97,-4.82,0.85,-3.08
27,0.08,-0.21,0.96,-4.98,1.34,-2.71
28,0.07,-0.23,0.98,-3.84,0.98,-2.91
29,0.08,-0.22,0.98,-2.66,0.15,-2.98
30,0.08,-0.21,0.97,-2.2,0.28,-3.84
31,0.08,-0.22,0.97,-1.78,-0.15,-4.59
32,0.08,-0.22,0.97,-1.26,0.26,-3.56
33,0.08,-0.22,0.96,-1.95,1.0,-3.34
34,0.08,-0.21,0.96,-2.58,1.83,-2.85
35,0.08,-0.2,0.96,-2.93,1.82,-2.04
36,0.08,-0.2,0.97,-2.58,2.09,-0.98
37,0.09,-0.2,0.96,-2.76,2.58,-1.27
38,0.08,-0.21,0.95,-3.15,2.29,-1.43
39,0.09,-0.2,0.95,-3.33,1.87,-2.5
40,0.08,-0.2,0.95,-4.26,0.84,-4.39
41,0.09,-0.19,0.96,-5.01,0.24,-6.27
42,0.09,-0.2,0.95,-5.17,0.26,-7.07
43,0.09,-0.19,0.96,-5.4,0.03,-7.02
44,0.07,-0.21,0.95,-6.02,-0.17,-7.88
45,0.06,-0.21,0.96,-6.51,-0.98,-8.13
46,0.06,-0.21,0.95,-7.21,-1.7,-8.44
47,0.07,-0.22,0.97,-7.42,-2.46,-8.73
48,0.08,-0.22,0.99,-5.94,-2.29,-9.29
49,0.1,-0.22,0.99,-4.95,-0.58,-8.92
50,0.12,-0.21,0.98,-4.76,1.31,-9.04
51,0.12,-0.2,0.97,-4.11,2.53,-8.23
52,0.11,-0.2,0.97,-3.6,3.76,-7.72
53,0.11,-0.2,0.96,-4.04,3.92,-8.73
54,0.11,-0.19,0.96,-5.6,5.08,-9.99
55,0.1,-0.2,0.95,-6.39,4.28,-12.18
56,0.1,-0.2,0.95,-6.89,5.27,-12.13
57,0.09,-0.2,0.96,-6.89,5.16,-13.71
58,0.09,-0.22,0.96,-6.09,4.82,-13.71
59,0.07,-0.21,0.95,-6.58,5.32,-14.19
60,0.08,-0.2,0.95,-6.69,5.04,-13.5
61,0.06,-0.21,0.95,-7.22,5.6,-13.64
62,0.05,-0.21,0.96,-7.55,4.92,-13.4
63,0.03,-0.2,0.94,-8.68,3.85,-14.68
64,0.02,-0.2,0.94,-9.28,2.63,-14.34
65,0.0,-0.2,0.93,-10.43,0.96,-15.13
66,-0.02,-0.2,0.93,-12.02,-1.82,-15.76
67,-0.03,-0.2,0.92,-14.35,-4.26,-16.17
68,-0.06,-0.19,0.9,-17.08,-6.43,-14.29
69,-0.08,-0.18,0.9,-22.69,-8.3,-12.62
70,-0.1,-0.17,0.89,-30.4,-10.61,-13.69
71,-0.14,-0.17,0.89,-35.72,-14.76,-14.86
72,-0.23,-0.21,0.9,-41.49,-23.94,-24.19
73,-0.33,-0.28,0.92,-43.28,-37.2,-36.18
74,-0.45,-0.38,0.96,-40.84,-53.22,-46.73
75,-0.53,-0.49,1.04,-31.93,-69.49,-49.59
76,-0.57,-0.62,1.09,-21.24,-79.11,-44.21
77,-0.58,-0.7,1.15,-10.4,-81.74,-30.69
78,-0.56,-0.77,1.15,-0.15,-77.86,-8.92
79,-0.54,-0.8,1.16,9.13,-69.77,16.19
80,-0.52,-0.79,1.14,18.85,-61.02,42.18
81,-0.48,-0.76,1.07,25.41,-55.05,64.92
82,-0.44,-0.7,1.0,27.59,-53.05,80.35
83,-0.41,-0.65,0.95,29.92,-55.99,91.64
84,-0.37,-0.59,0.9,28.99,-61.95,96.09
85,-0.34,-0.54,0.87,28.18,-70.15,96.31
86,-0.3,-0.51,0.88,26.13,-78.28,95.73
87,-0.29,-0.52,0.87,24.3,-88.69,92.01
88,-0.28,-0.53,0.9,26.85,-96.57,88.24
89,-0.29,-0.54,0.94,25.85,-105.23,84.28
90,-0.28,-0.53,0.96,28.73,-110.85,83.14
91,-0.31,-0.5,0.98,29.16,-108.65,89.5
92,-0.34,-0.54,1.0,44.07,-109.74,102.73
93,-0.39,-0.52,1.07,20.15,-105.63,109.33
94,-0.38,-0.62,1.08,10.69,-103.79,120.72
95,-0.36,-0.73,1.18,7.22,-104.13,131.89
96,-0.27,-0.83,1.24,12.17,-107.67,142.23
97,-0.13,-0.95,1.3,27.69,-106.8,153.79
98,0.07,-1.11,1.29,50.9,-104.45,161.8
99,0.31,-1.19,1.24,73.55,-104.38,162.36
100,0.6,-1.21,1.18,90.43,-87.61,164.23
101,0.75,-1.21,1.08,115.52,-72.84,157.57
102,0.85,-1.14,0.93,137.75,-50.71,155.04
103,0.94,-1.06,0.78,152.61,-25.74,157.89
104,0.93,-0.92,0.56,160.23,-2.29,177.62
105,0.86,-0.7,0.24,151.77,6.6,212.63
106,0.83,-0.37,0.01,124.96,8.79,233.89
107,0.85,-0.23,-0.13,90.64,0.47,234.15
108,0.87,-0.07,-0.05,61.9,-22.98,226.95
109,1.01,0.03,-0.03,46.76,-51.94,209.54
110,1.13,0.09,0.04,35.56,-81.4,172.07
111,1.31,0.11,0.18,31.44,-101.38,136.72
112,1.42,0.06,0.29,26.6,-112.92,102.27
113,1.47,-0.01,0.44,20.07,-109.38,79.56
114,1.46,-0.12,0.54,13.68,-91.13,66.68
115,1.41,-0.18,0.61,5.69,-68.94,66.03
116,1.46,-0.18,0.7,-2.73,-40.66,71.96
117,1.42,-0.19,0.78,-12.54,-5.71,79.36
118,1.34,-0.21,0.82,-16.09,26.79,88.89
119,1.22,-0.18,0.78,-17.71,48.54,91.44
120,1.11,-0.12,0.71,-24.24,61.63,87.97
121,0.99,-0.14,0.71,-26.79,60.56,74.16
122,0.91,-0.15,0.71,-20.21,39.8,47.53
123,0.84,-0.16,0.73,-1.25,6.09,9.6
124,0.79,-0.19,0.78,18.69,-26.37,-28.99
125,0.78,-0.18,0.84,27.47,-40.82,-50.65
126,0.76,-0.17,0.86,21.66,-36.85,-56.62
127,0.73,-0.21,0.91,11.52,-17.38,-47.52
128,0.66,-0.22,0.93,5.66,2.44,-33.02
129,0.6,-0.24,0.92,2.08,18.71,-18.74
130,0.56,-0.22,0.88,-7.25,27.58,-9.83
131,0.5,-0.22,0.87,-10.28,31.32,-4.92
132,0.5,-0.21,0.87,-6.92,26.69,-7.55
133,0.52,-0.19,0.84,1.25,18.37,-14.29
134,0.48,-0.17,0.83,1.69,8.55,-28.61
135,0.49,-0.17,0.85,7.53,-2.76,-37.29
136,0.52,-0.18,0.84,12.47,-6.7,-43.97
137,0.5,-0.17,0.82,5.35,-4.24,-46.4
138,0.5,-0.2,0.84,1.15,2.97,-39.98
139,0.48,-0.2,0.84,-2.64,10.85,-31.45
140,0.45,-0.2,0.83,-9.54,17.94,-23.37
141,0.45,-0.2,0.84,-13.74,22.7,-16.83
142,0.45,-0.19,0.85,-15.1,24.79,-13.39
143,0.48,-0.16,0.86,-16.1,24.67,-14.64
144,0.49,-0.14,0.84,-15.56,22.47,-20.18
145,0.5,-0.16,0.84,-12.94,18.83,-28.06
146,0.49,-0.18,0.87,-8.09,14.11,-36.32
147,0.49,-0.2,0.88,-3.65,10.79,-44.12
148,0.49,-0.2,0.87,0.04,9.37,-48.37
149,0.46,-0.18,0.88,0.9,9.92,-47.88
150,0.44,-0.15,0.88,-2.51,13.85,-45.64
151,0.46,-0.12,0.86,-7.22,20.33,-39.44
152,0.43,-0.12,0.86,-13.03,27.4,-33.67
153,0.4,-0.14,0.87,-17.9,31.53,-29.36
154,0.4,-0.14,0.89,-21.08,34.9,-26.79
155,0.4,-0.15,0.89,-22.53,36.66,-26.43
156,0.39,-0.17,0.9,-21.63,35.66,-29.17
157,0.36,-0.19,0.9,-18.89,31.92,-33.79
158,0.36,-0.2,0.91,-15.34,27.11,-39.73
159,0.36,-0.2,0.92,-12.1,23.47,-44.15
160,0.35,-0.2,0.91,-11.5,21.67,-48.51
161,0.32,-0.21,0.91,-12.69,22.35,-48.53
162,0.31,-0.22,0.91,-14.42,24.42,-46.57
163,0.29,-0.24,0.93,-16.24,26.9,-43.24
164,0.28,-0.26,0.92,-17.51,28.01,-40.23
165,0.28,-0.26,0.91,-18.84,29.02,-37.56
166,0.27,-0.25,0.92,-19.11,29.43,-35.73
167,0.26,-0.25,0.92,-18.63,28.05,-34.49
168,0.26,-0.25,0.94,-17.22,27.22,-34.33
169,0.26,-0.24,0.93,-16.46,26.07,-35.04
170,0.24,-0.23,0.93,-16.69,25.16,-36.18
171,0.23,-0.2,0.93,-15.6,24.54,-37.72
172,0.24,-0.22,0.93,-13.24,21.34,-38.59
173,0.21,-0.24,0.93,-12.24,17.5,-39.73
174,0.2,-0.23,0.93,-11.65,13.6,-40.29
175,0.21,-0.22,0.94,-11.95,12.61,-38.89
176,0.21,-0.23,0.94,-11.78,12.49,-36.83
177,0.23,-0.23,0.95,-12.75,14.48,-34.68
178,0.25,-0.22,0.93,-13.78,16.81,-31.89
179,0.24,-0.22,0.92,-15.08,18.11,-30.69
180,0.23,-0.21,0.93,-15.9,17.15,-30.9
181,0.22,-0.21,0.92,-16.79,14.66,-32.98
182,0.22,-0.22,0.94,-16.32,11.3,-35.99
183,0.21,-0.23,0.97,-15.08,7.89,-40.25
184,0.21,-0.25,0.98,-12.7,5.24,-43.48
185,0.22,-0.28,1.01,-8.69,3.56,-45.58
186,0.21,-0.28,1.01,-5.02,3.73,-45.4
187,0.21,-0.28,1.0,-4.08,6.34,-41.04
188,0.22,-0.27,0.97,-4.74,11.49,-33.82
189,0.23,-0.25,0.95,-6.29,17.11,-25.46
190,0.22,-0.22,0.93,-8.47,21.24,-19.18
191,0.22,-0.22,0.93,-9.24,22.25,-13.33
192,0.22,-0.21,0.93,-9.68,20.73,-11.63
193,0.23,-0.19,0.93,-9.92,16.66,-13.33
194,0.24,-0.19,0.94,-8.98,12.65,-17.15
195,0.25,-0.21,0.96,-6.4,9.66,-21.62
196,0.23,-0.2,0.96,-4.49,6.35,-26.72
197,0.26,-0.19,0.95,-4.77,6.54,-29.4
198,0.25,-0.19,0.95,-5.09,7.21,-31.02
199,0.23,-0.19,0.94,-5.31,7.15,-31.76
200,0.23,-0.18,0.96,-6.5,7.7,-32.16
201,0.25,-0.19,0.97,-8.28,9.46,-32.82
202,0.26,-0.19,0.98,-10.33,13.03,-32.37
203,0.27,-0.19,0.98,-9.95,15.46,-32.26
204,0.24,-0.22,0.98,-8.57,16.3,-35.48
205,0.22,-0.24,0.97,-5.98,14.86,-39.63
206,0.21,-0.26,0.98,-1.72,13.42,-42.57
207,0.21,-0.26,0.97,2.18,13.31,-43.11
208,0.2,-0.23,0.95,2.96,13.53,-42.05
209,0.2,-0.19,0.93,-0.07,16.71,-37.28
210,0.21,-0.16,0.91,-4.02,20.71,-30.15
211,0.18,-0.15,0.92,-9.44,23.62,-25.23
212,0.17,-0.14,0.91,-14.05,23.9,-22.85
213,0.19,-0.16,0.94,-15.52,22.44,-22.93
214,0.16,-0.19,0.96,-13.89,17.98,-27.42
215,0.18,-0.21,0.97,-10.72,14.16,-31.11
216,0.19,-0.22,0.97,-8.39,12.32,-34.15
217,0.18,-0.22,0.98,-6.72,11.52,-34.66
218,0.19,-0.21,0.96,-5.85,12.37,-33.11
219,0.18,-0.2,0.97,-6.53,12.8,-31.53
220,0.2,-0.19,0.96,-7.18,15.36,-28.17
221,0.21,-0.19,0.95,-9.63,18.27,-25.72
222,0.2,-0.19,0.95,-10.69,19.7,-24.64
223,0.19,-0.19,0.95,-11.39,18.53,-24.89
224,0.19,-0.19,0.94,-10.92,16.67,-25.07
225,0.19,-0.2,0.94,-9.63,13.99,-26.92
226,0.18,-0.2,0.95,-8.83,10.74,-30.52
227,0.19,-0.21,0.95,-8.89,8.75,-33.4
228,0.19,-0.2,0.95,-8.86,8.31,-33.85
229,0.19,-0.21,0.95,-9.76,9.31,-33.24
230,0.18,-0.22,0.97,-11.56,10.86,-32.27
231,0.18,-0.22,0.96,-13.95,12.93,-31.38
232,0.19,-0.23,0.96,-13.6,14.95,-30.25
233,0.17,-0.23,0.96,-13.15,14.81,-30.68
234,0.17,-0.23,0.96,-11.63,14.06,-31.43
235,0.16,-0.24,0.97,-9.53,13.49,-30.49
236,0.15,-0.24,0.98,-9.14,13.98,-31.75
237,0.14,-0.24,0.98,-8.6,15.14,-30.51
238,0.15,-0.23,0.98,-8.93,17.03,-27.23
239,0.15,-0.23,0.98,-9.45,19.23,-24.2
240,0.16,-0.24,0.98,-9.31,21.01,-22.01
241,0.16,-0.23,0.98,-8.87,21.56,-20.93
242,0.17,-0.22,0.97,-7.82,20.53,-20.76
243,0.16,-0.22,0.96,-6.5,18.09,-24.85
244,0.15,-0.22,0.96,-4.86,14.83,-27.65
245,0.15,-0.22,0.95,-4.76,12.28,-29.65
246,0.15,-0.21,0.94,-9.27,10.79,-31.49
247,0.18,-0.21,0.96,-7.6,12.48,-28.05
248,0.17,-0.22,0.96,-7.88,12.89,-26.92
249,0.16,-0.23,0.96,-8.08,13.11,-26.68
250,0.15,-0.24,0.97,-7.15,13.15,-27.85
251,0.15,-0.25,0.97,-5.79,13.41,-28.1
252,0.14,-0.25,0.97,-4.82,13.89,-29.21
253,0.13,-0.24,0.96,-4.56,14.31,-30.21
254,0.12,-0.24,0.95,-3.92,13.81,-29.73
255,0.11,-0.24,0.94,-3.91,13.16,-30.33
256,0.1,-0.22,0.93,-5.77,13.03,-30.1
257,0.09,-0.22,0.93,-7.15,12.91,-29.11
258,0.08,-0.22,0.92,-7.44,10.73,-28.49
259,0.08,-0.21,0.93,-7.91,8.15,-32.13
260,0.08,-0.23,0.93,-9.08,5.04,-34.08
261,0.09,-0.23,0.93,-9.34,3.73,-28.31
262,0.09,-0.23,0.96,-11.1,2.43,-28.58
263,0.11,-0.22,0.96,-11.57,2.66,-27.58
264,0.11,-0.21,0.98,-11.68,3.69,-27.4
265,0.11,-0.21,0.98,-11.54,5.05,-27.14
266,0.11,-0.23,0.98,-10.61,6.73,-26.35
267,0.11,-0.22,0.97,-9.86,7.6,-25.05
268,0.11,-0.22,0.97,-9.73,8.05,-23.35
269,0.11,-0.22,0.96,-10.0,8.36,-22.49
270,0.11,-0.22,0.96,-11.48,7.0,-24.76
271,0.15,-0.23,0.96,-10.08,7.48,-17.92
272,0.13,-0.21,0.97,-9.98,8.5,-16.48
273,0.13,-0.22,0.96,-10.87,9.28,-18.4
274,0.13,-0.23,0.97,-10.0,8.66,-19.77
275,0.12,-0.25,0.96,-8.88,7.56,-21.01
276,0.12,-0.26,0.96,-8.57,6.29,-21.13
277,0.13,-0.26,0.96,-8.58,4.88,-22.71
278,0.14,-0.25,0.95,-9.5,3.74,-22.98
279,0.14,-0.25,0.95,-10.18,3.42,-23.66
280,0.14,-0.25,0.96,-10.34,2.98,-24.3
281,0.14,-0.26,0.98,-8.77,3.27,-24.63
282,0.13,-0.25,0.97,-7.14,2.22,-24.92
283,0.1,-0.27,0.98,-6.36,2.12,-27.05
284,0.09,-0.29,0.98,-5.79,1.2,-28.18
285,0.09,-0.28,0.99,-3.82,0.38,-26.5
286,0.1,-0.27,1.03,-4.06,0.76,-25.09
287,0.1,-0.28,0.96,-4.01,6.58,-21.35
288,0.06,-0.26,0.96,-6.5,5.77,-23.84
289,0.09,-0.25,0.98,-8.47,7.39,-20.49
290,0.06,-0.27,0.96,-3.68,8.61,-16.97
291,0.08,-0.25,0.97,-4.01,7.23,-13.94
292,0.07,-0.24,0.95,-2.39,8.4,-10.21
293,0.08,-0.25,0.96,-2.27,7.25,-9.97
294,0.09,-0.25,0.95,-2.2,6.02,-10.5
295,0.08,-0.26,0.94,-0.97,3.76,-11.44
296,0.08,-0.25,0.95,-0.56,2.69,-11.93
297,0.11,-0.25,0.95,-0.4,2.24,-10.98
298,0.11,-0.25,0.97,-0.18,2.27,-9.89
299,0.13,-0.25,0.96,-0.28,3.05,-8.46
300,0.14,-0.23,0.96,-1.11,4.37,-7.26
301,0.15,-0.23,0.97,-0.75,5.01,-7.29
302,0.16,-0.21,0.97,-0.72,5.98,-8.83
303,0.16,-0.21,0.96,-0.51,7.08,-10.66
304,0.14,-0.2,0.95,-1.02,6.84,-12.39
305,0.11,-0.21,0.94,-1.2,5.11,-14.45
306,0.1,-0.22,0.94,-1.74,2.91,-15.51
307,0.09,-0.23,0.94,-2.13,1.37,-15.92
308,0.08,-0.23,0.94,-2.63,-0.22,-15.65
309,0.08,-0.23,0.94,-3.23,-1.11,-14.75
310,0.08,-0.24,0.94,-3.37,-1.64,-11.65
311,0.07,-0.24,0.95,-3.53,-1.27,-9.07
312,0.09,-0.25,0.96,-3.29,-0.4,-7.17
313,0.11,-0.24,0.96,-3.34,1.0,-4.53
314,0.11,-0.23,0.95,-4.14,1.91,-3.79
315,0.12,-0.23,0.96,-3.71,3.31,-3.08
316,0.12,-0.22,0.95,-3.45,3.24,-3.13
317,0.12,-0.21,0.94,-3.9,3.07,-3.76
318,0.12,-0.21,0.95,-4.46,1.76,-5.4
319,0.12,-0.22,0.95,-5.15,1.32,-6.04
320,0.11,-0.23,0.95,-6.09,-0.24,-7.02
321,0.12,-0.24,0.97,-7.3,-0.77,-7.59
322,0.13,-0.24,0.97,-7.29,-0.47,-5.81
323,0.13,-0.24,0.97,-7.26,0.4,-6.18
324,0.13,-0.25,0.99,-6.2,0.15,-6.32
325,0.11,-0.26,0.98,-4.49,-0.47,-7.05
326,0.11,-0.26,0.99,-3.18,-1.35,-7.64
327,0.11,-0.25,0.98,-2.95,-1.18,-7.06
328,0.1,-0.25,0.97,-3.29,-0.51,-5.47
329,0.1,-0.25,0.98,-3.79,-0.37,-4.18
330,0.1,-0.24,0.97,-3.57,-1.48,-4.26
331,0.1,-0.25,0.97,-3.22,-2.53,-5.17
332,0.09,-0.25,0.97,-2.47,-3.05,-5.89
333,0.1,-0.25,0.97,-2.34,-3.44,-5.71
334,0.09,-0.25,0.96,-2.62,-3.49,-5.71
335,0.08,-0.26,0.97,-2.43,-4.15,-5.36
336,0.07,-0.27,0.97,-1.63,-4.56,-4.55
337,0.08,-0.27,0.97,-1.46,-4.05,-2.18
338,0.09,-0.26,0.97,-1.69,-2.27,0.84
339,0.1,-0.25,0.96,-1.55,-1.66,2.65
340,0.11,-0.25,0.96,-1.01,-1.65,3.21
341,0.11,-0.25,0.96,0.04,-2.16,3.04
342,0.13,-0.23,0.97,1.32,-1.92,3.79
343,0.13,-0.23,0.96,1.77,-1.53,3.57
344,0.14,-0.22,0.96,1.34,-1.57,3.59
345,0.15,-0.21,0.95,0.55,-0.89,3.68
346,0.15,-0.2,0.95,-0.44,-1.4,2.71
347,0.16,-0.2,0.94,-0.73,-1.6,1.96
348,0.17,-0.2,0.95,-1.27,-2.08,-0.24
349,0.17,-0.2,0.95,-1.61,-1.99,-1.2
350,0.17,-0.2,0.95,-2.18,-1.84,-2.37
351,0.16,-0.2,0.96,-3.0,-1.55,-3.36
352,0.16,-0.21,0.95,-3.24,-1.11,-3.07
353,0.16,-0.22,0.95,-3.21,-0.77,-3.17
354,0.15,-0.22,0.95,-2.46,-0.81,-3.92
355,0.15,-0.22,0.96,-2.9,-0.31,-3.47
356,0.14,-0.22,0.95,-2.93,-0.13,-2.56
357,0.14,-0.22,0.95,-3.67,-0.34,-2.89
358,0.14,-0.23,0.95,-3.55,-1.04,-2.47
359,0.14,-0.23,0.94,-4.02,-1.12,-2.18
360,0.16,-0.22,0.95,-4.08,-0.4,-0.83
361,0.17,-0.22,0.95,-4.77,-0.07,-1.6
362,0.17,-0.21,0.95,-4.89,0.45,-2.14
363,0.17,-0.21,0.95,-4.84,0.56,-3.54
364,0.16,-0.21,0.96,-4.69,0.44,-4.98
365,0.15,-0.21,0.95,-4.89,0.01,-5.92
366,0.15,-0.22,0.95,-6.04,0.4,-6.54
367,0.16,-0.21,0.96,-6.6,1.01,-5.82
368,0.16,-0.22,0.95,-6.42,1.16,-6.1
369,0.17,-0.21,0.97,-7.23,1.75,-5.96
370,0.17,-0.21,0.96,-7.15,1.89,-6.9
371,0.16,-0.22,0.96,-6.82,1.29,-8.27
372,0.16,-0.23,0.95,-6.79,0.37,-10.48
373,0.16,-0.25,0.96,-6.29,-0.08,-10.9
374,0.16,-0.25,0.97,-6.4,0.04,-11.97
375,0.17,-0.25,0.96,-6.93,1.89,-11.57
376,0.15,-0.26,0.97,-6.15,3.23,-11.18
377,0.15,-0.25,0.98,-5.79,4.44,-11.75
378,0.14,-0.24,0.96,-2.34,2.48,-16.31
379,0.11,-0.28,1.02,-13.74,1.23,-31.24
380,0.13,-0.25,0.96,-2.42,5.88,-7.82
381,0.1,-0.24,0.97,-5.03,5.61,-11.71
382,0.09,-0.25,0.95,-4.16,6.17,-9.47
383,0.09,-0.25,0.94,-4.18,5.73,-8.49
384,0.07,-0.24,0.93,-5.15,5.76,-6.61
385,0.07,-0.24,0.93,-5.92,4.6,-6.68
386,0.06,-0.24,0.93,-5.5,2.69,-5.36
387,0.08,-0.23,0.93,-6.41,1.08,-5.0
388,0.08,-0.23,0.94,-7.79,0.03,-4.46
389,0.09,-0.25,0.94,-6.93,-1.26,-4.21
390,0.08,-0.26,0.97,-5.64,-2.98,-4.17
391,0.11,-0.25,0.97,-5.95,-2.77,-4.47
392,0.12,-0.26,0.97,-6.24,-1.64,-3.67
393,0.11,-0.26,0.98,-5.77,-1.41,-3.11
394,0.1,-0.28,0.97,-4.02,-2.47,-3.04
395,0.11,-0.26,0.98,-4.39,-2.31,-2.78
396,0.12,-0.26,0.98,-4.66,-1.34,-2.09
397,0.12,-0.27,0.99,-4.11,-0.78,-1.42
398,0.12,-0.27,0.99,-3.48,-0.89,-1.05
399,0.13,-0.27,0.97,-2.93,-0.78,-1.61
400,0.12,-0.26,0.98,-2.6,0.03,-1.13
