,accel_x,accel_y,accel_z,gyro_x,gyro_y,gyro_z
0,0.03,-0.28,0.96,-4.92,-2.22,-5.38
1,0.03,-0.29,0.96,-4.37,-2.93,-4.98
2,0.03,-0.31,0.95,-4.45,-3.73,-4.95
3,0.05,-0.3,0.97,-3.64,-3.69,-3.95
4,0.05,-0.3,0.96,-3.59,-2.83,-3.0
5,0.06,-0.29,0.97,-3.82,-1.75,-2.37
6,0.07,-0.29,0.97,-3.37,-0.84,-2.24
7,0.07,-0.28,0.96,-3.36,-0.53,-3.15
8,0.07,-0.28,0.97,-3.14,-0.83,-3.54
9,0.05,-0.28,0.97,-2.33,-0.89,-4.28
10,0.06,-0.28,0.97,-2.33,-0.75,-4.38
11,0.07,-0.28,0.98,-2.15,0.17,-4.32
12,0.06,-0.28,0.97,-1.79,-0.1,-4.57
13,0.05,-0.28,0.96,-1.15,-0.6,-4.92
14,0.06,-0.27,0.96,-0.82,-0.26,-4.39
15,0.06,-0.27,0.95,-0.98,0.02,-3.56
16,0.05,-0.26,0.95,-1.09,0.31,-3.87
17,0.05,-0.25,0.94,-1.17,0.27,-3.22
18,0.06,-0.25,0.93,-1.59,-0.1,-3.05
19,0.06,-0.25,0.93,-2.76,-0.03,-3.18
20,0.06,-0.25,0.93,-3.9,-0.44,-4.11
21,0.06,-0.26,0.94,-4.2,-1.44,-5.87
22,0.05,-0.27,0.95,-3.6,-2.31,-6.5
23,0.04,-0.28,0.94,-3.05,-3.09,-6.4
24,0.05,-0.27,0.95,-3.62,-3.05,-6.86
25,0.05,-0.27,0.95,-3.85,-2.42,-5.93
26,0.04,-0.27,0.95,-3.69,-2.02,-5.01
27,0.03,-0.28,0.95,-3.89,-2.14,-4.73
28,0.05,-0.28,0.96,-4.16,-2.27,-4.24
29,0.04,-0.27,0.95,-4.04,-1.7,-4.0
30,0.04,-0.28,0.96,-3.49,-1.5,-3.06
31,0.05,-0.27,0.95,-3.63,-1.21,-2.22
32,0.06,-0.27,0.95,-3.7,-1.41,-2.26
33,0.07,-0.28,0.98,-2.68,-0.51,-2.37
34,0.09,-0.27,0.97,-1.88,1.54,-1.14
35,0.1,-0.27,0.96,-1.98,3.31,-1.24
36,0.1,-0.27,0.95,-1.86,3.33,-2.19
37,0.09,-0.27,0.96,-1.44,2.92,-3.46
38,0.1,-0.26,0.95,-1.35,2.92,-4.86
39,0.09,-0.26,0.94,-2.2,3.37,-5.92
40,0.07,-0.26,0.93,-2.74,3.3,-6.25
41,0.06,-0.26,0.94,-3.36,3.05,-6.37
42,0.05,-0.26,0.93,-3.98,2.65,-6.05
43,0.04,-0.27,0.93,-4.43,2.08,-6.21
44,0.04,-0.27,0.94,-4.18,0.6,-5.85
45,0.04,-0.27,0.95,-4.33,0.87,-5.66
46,0.04,-0.27,0.94,-4.6,0.11,-5.95
47,0.04,-0.28,0.94,-4.73,-0.72,-5.87
48,0.03,-0.28,0.95,-4.76,-0.77,-5.82
49,0.04,-0.28,0.94,-5.11,-0.25,-4.76
50,0.03,-0.28,0.95,-5.3,-0.22,-4.44
51,0.05,-0.28,0.95,-5.36,0.13,-4.32
52,0.04,-0.28,0.95,-5.11,-0.48,-4.69
53,0.04,-0.29,0.95,-4.61,-1.35,-4.91
54,0.03,-0.29,0.96,-3.82,-2.78,-5.6
55,0.03,-0.29,0.97,-3.72,-2.89,-4.89
56,0.04,-0.29,0.96,-3.36,-2.35,-3.66
57,0.05,-0.28,0.96,-3.32,-1.0,-2.18
58,0.05,-0.28,0.96,-3.11,-0.42,-1.68
59,0.05,-0.27,0.95,-3.07,-0.21,-1.21
60,0.06,-0.27,0.94,-3.57,-0.38,-1.72
61,0.06,-0.27,0.95,-3.92,-0.82,-2.69
62,0.06,-0.27,0.95,-3.93,-1.53,-3.83
63,0.05,-0.27,0.95,-3.5,-1.76,-4.5
64,0.05,-0.27,0.96,-3.06,-2.48,-4.66
65,0.04,-0.29,0.96,-2.9,-2.25,-4.37
66,0.04,-0.29,0.96,-2.57,-1.97,-3.61
67,0.04,-0.29,0.97,-2.46,-1.08,-2.44
68,0.03,-0.29,0.96,-2.01,-1.19,-1.69
69,0.05,-0.27,0.95,-2.32,-0.19,-0.43
70,0.05,-0.27,0.95,-3.19,-0.12,-0.5
71,0.05,-0.28,0.94,-3.02,-0.36,-1.03
72,0.05,-0.27,0.95,-2.23,-1.61,-1.76
73,0.06,-0.27,0.95,-1.9,-1.95,-1.95
74,0.06,-0.27,0.95,-2.89,-1.45,-2.1
75,0.05,-0.27,0.94,-2.89,-1.26,-1.99
76,0.05,-0.27,0.94,-3.14,-1.05,-1.22
77,0.07,-0.27,0.94,-3.72,-0.83,-1.31
78,0.06,-0.26,0.94,-3.85,-0.73,-1.61
79,0.05,-0.27,0.95,-4.15,-1.5,-2.28
80,0.05,-0.27,0.94,-4.01,-2.41,-2.66
81,0.06,-0.28,0.95,-4.19,-2.79,-3.02
82,0.07,-0.28,0.95,-4.08,-2.27,-2.48
83,0.06,-0.28,0.96,-4.24,-1.51,-2.05
84,0.06,-0.28,0.96,-4.5,-1.47,-1.81
85,0.06,-0.28,0.96,-3.7,-2.07,-2.34
86,0.07,-0.28,0.96,-4.05,-2.08,-2.63
87,0.07,-0.29,0.95,-4.23,-1.51,-2.61
88,0.06,-0.29,0.95,-3.98,-1.98,-3.03
89,0.06,-0.29,0.96,-3.36,-2.37,-3.02
90,0.07,-0.28,0.97,-3.59,-1.26,-2.38
91,0.07,-0.28,0.96,-3.08,-0.45,-2.34
92,0.06,-0.29,0.96,-2.28,0.03,-1.82
93,0.07,-0.28,0.94,-1.88,-0.14,-2.46
94,0.07,-0.27,0.95,-2.2,0.25,-2.93
95,0.07,-0.27,0.94,-2.4,0.38,-3.19
96,0.06,-0.27,0.94,-2.11,0.27,-3.15
97,0.06,-0.28,0.94,-2.35,-0.24,-3.29
98,0.07,-0.27,0.94,-3.08,-0.47,-3.5
99,0.07,-0.27,0.94,-3.32,-0.5,-3.61
100,0.06,-0.28,0.95,-3.29,-0.14,-3.15
101,0.06,-0.28,0.94,-3.67,-0.07,-3.57
102,0.06,-0.27,0.94,-4.18,-0.03,-3.76
103,0.05,-0.27,0.93,-4.44,-0.51,-3.99
104,0.04,-0.28,0.94,-4.66,-1.11,-4.3
105,0.04,-0.28,0.94,-4.83,-1.84,-4.38
106,0.05,-0.28,0.96,-4.98,-1.83,-4.28
107,0.05,-0.28,0.96,-4.57,-1.48,-3.54
108,0.05,-0.29,0.97,-4.12,-1.4,-2.89
109,0.05,-0.28,0.96,-3.93,-1.08,-2.27
110,0.06,-0.28,0.95,-4.31,-1.05,-2.05
111,0.06,-0.28,0.95,-4.36,-1.2,-2.19
112,0.06,-0.29,0.95,-4.03,-1.73,-2.89
113,0.07,-0.29,0.96,-3.98,-2.13,-3.46
114,0.06,-0.29,0.97,-3.79,-1.61,-3.34
115,0.06,-0.3,0.96,-3.37,-1.61,-3.23
116,0.05,-0.31,0.97,-2.79,-1.4,-3.4
117,0.06,-0.3,0.96,-2.79,-1.15,-2.89
118,0.07,-0.3,0.96,-2.8,-0.65,-2.63
119,0.07,-0.29,0.96,-2.44,-0.43,-2.28
120,0.07,-0.28,0.96,-2.29,0.03,-2.58
121,0.07,-0.28,0.95,-2.04,0.82,-2.46
122,0.06,-0.28,0.94,-2.14,0.7,-3.16
123,0.06,-0.27,0.95,-2.47,0.27,-2.9
124,0.06,-0.26,0.94,-2.92,-0.5,-3.15
125,0.07,-0.27,0.94,-3.39,-0.77,-3.17
126,0.07,-0.26,0.93,-3.6,-0.47,-3.34
127,0.08,-0.27,0.93,-4.02,0.53,-3.13
128,0.07,-0.27,0.94,-4.08,0.89,-3.76
129,0.07,-0.27,0.93,-4.48,0.37,-4.23
130,0.06,-0.27,0.94,-4.82,0.3,-4.7
131,0.08,-0.27,0.93,-5.31,0.49,-4.53
132,0.07,-0.27,0.93,-5.73,0.82,-4.47
133,0.08,-0.27,0.94,-6.21,1.19,-4.73
134,0.09,-0.27,0.94,-6.13,1.76,-4.44
135,0.09,-0.26,0.93,-6.4,1.79,-5.45
136,0.09,-0.27,0.93,-7.09,2.29,-5.98
137,0.09,-0.26,0.93,-7.5,2.7,-6.51
138,0.08,-0.25,0.92,-8.44,2.83,-7.92
139,0.07,-0.24,0.93,-8.78,1.92,-9.24
140,0.06,-0.24,0.93,-9.63,0.97,-11.08
141,0.06,-0.23,0.91,-10.93,-1.37,-14.56
142,0.04,-0.23,0.91,-11.49,-5.58,-19.61
143,-0.0,-0.25,0.9,-11.32,-11.72,-24.94
144,-0.04,-0.25,0.9,-11.71,-17.18,-29.43
145,-0.07,-0.25,0.89,-13.37,-21.98,-33.27
146,-0.14,-0.26,0.9,-14.11,-26.98,-36.91
147,-0.2,-0.27,0.91,-14.41,-31.72,-38.79
148,-0.25,-0.27,0.93,-14.04,-34.28,-39.06
149,-0.35,-0.28,0.94,-13.3,-36.67,-38.25
150,-0.42,-0.33,0.91,-10.77,-38.17,-34.57
151,-0.49,-0.38,0.9,-11.39,-43.17,-30.12
152,-0.55,-0.45,0.87,-11.24,-48.8,-25.53
153,-0.59,-0.54,0.88,-13.35,-59.3,-21.84
154,-0.6,-0.61,0.9,-16.04,-68.29,-17.21
155,-0.59,-0.69,0.95,-19.66,-76.34,-14.23
156,-0.63,-0.8,1.03,-20.24,-83.98,-13.4
157,-0.68,-0.91,1.19,-16.77,-90.29,-12.71
158,-0.7,-1.04,1.31,-9.32,-92.35,-11.89
159,-0.74,-1.17,1.43,3.82,-88.83,-5.54
160,-0.75,-1.28,1.52,20.87,-76.13,7.34
161,-0.75,-1.36,1.55,39.13,-59.26,25.95
162,-0.73,-1.41,1.48,60.69,-39.31,52.99
163,-0.75,-1.43,1.39,84.79,-22.8,82.58
164,-0.78,-1.4,1.24,100.83,-10.57,110.39
165,-0.73,-1.39,1.07,124.73,-14.66,138.63
166,-0.71,-1.27,0.81,141.51,-16.87,169.55
167,-0.56,-1.14,0.59,146.02,-19.44,202.66
168,-0.39,-0.99,0.41,143.14,-20.36,236.29
169,-0.05,-0.79,0.38,126.22,-13.98,250.13
170,0.38,-0.57,0.25,99.03,-0.18,250.13
171,0.69,-0.43,0.3,59.05,13.73,250.13
172,0.86,-0.27,0.36,29.44,10.73,250.13
173,0.97,-0.19,0.35,2.89,-18.19,250.13
174,1.17,-0.09,0.44,-14.32,-60.44,242.51
175,1.4,-0.13,0.74,-6.74,-90.63,197.22
176,1.59,-0.17,0.96,4.28,-98.08,163.55
177,1.68,-0.22,1.11,12.06,-82.92,138.46
178,1.61,-0.25,1.17,18.18,-55.67,127.81
179,1.46,-0.3,1.14,24.37,-27.13,123.24
180,1.25,-0.32,0.95,24.89,-11.56,130.08
181,0.98,-0.3,0.71,11.57,-14.28,139.54
182,1.0,-0.25,0.57,9.46,-31.47,164.4
183,1.47,-0.09,0.64,-16.02,-47.78,154.95
184,2.0,-0.08,0.95,-26.58,-32.47,112.55
185,1.92,-0.15,1.09,-8.22,-3.05,63.56
186,1.34,-0.27,1.15,19.1,2.59,22.69
187,0.97,-0.33,1.06,51.4,-9.3,-1.07
188,0.81,-0.23,0.86,66.47,-19.35,-15.21
189,0.77,-0.15,0.69,64.96,-24.0,-21.84
190,0.74,-0.07,0.62,50.76,-20.48,-21.73
191,0.72,-0.05,0.63,33.36,-10.52,-16.85
192,0.68,-0.09,0.67,19.92,-1.44,-12.51
193,0.63,-0.14,0.72,13.34,3.74,-10.56
194,0.59,-0.14,0.74,10.23,6.45,-10.86
195,0.58,-0.1,0.73,7.08,7.82,-15.57
196,0.55,-0.08,0.74,4.76,7.06,-24.22
197,0.5,-0.08,0.75,4.66,3.99,-32.79
198,0.43,-0.07,0.76,4.27,-0.37,-40.38
199,0.39,-0.06,0.77,2.85,-4.18,-44.76
200,0.35,-0.06,0.79,-1.31,-6.76,-48.68
201,0.33,-0.06,0.81,-5.55,-5.98,-48.44
202,0.3,-0.09,0.85,-8.82,-2.8,-44.02
203,0.26,-0.1,0.88,-14.18,-1.17,-40.21
204,0.25,-0.12,0.89,-17.11,0.77,-33.48
205,0.23,-0.15,0.92,-18.64,1.27,-27.43
206,0.26,-0.16,0.93,-19.74,1.16,-24.06
207,0.29,-0.15,0.92,-21.86,1.71,-22.67
208,0.32,-0.15,0.94,-22.97,3.87,-21.5
209,0.31,-0.17,0.95,-22.45,6.25,-22.66
210,0.31,-0.19,0.94,-20.62,7.63,-25.49
211,0.31,-0.21,0.93,-17.5,5.97,-27.38
212,0.3,-0.21,0.93,-15.11,4.54,-30.26
213,0.3,-0.18,0.92,-14.44,2.94,-31.32
214,0.28,-0.17,0.91,-14.45,1.48,-32.37
215,0.26,-0.17,0.92,-14.04,1.22,-31.73
216,0.26,-0.15,0.93,-14.5,1.86,-30.27
217,0.28,-0.14,0.92,-16.61,4.3,-30.5
218,0.29,-0.13,0.92,-19.19,8.33,-30.49
219,0.28,-0.13,0.93,-22.32,11.56,-31.22
220,0.28,-0.16,0.94,-23.66,13.89,-32.76
221,0.26,-0.19,0.94,-23.11,13.13,-36.12
222,0.25,-0.19,0.96,-22.23,11.85,-40.33
223,0.26,-0.2,0.97,-20.87,11.94,-43.73
224,0.25,-0.18,0.98,-20.67,13.91,-46.73
225,0.22,-0.19,0.99,-20.82,17.01,-47.27
226,0.21,-0.19,0.99,-21.47,20.59,-45.56
227,0.2,-0.2,0.98,-22.03,23.27,-44.44
228,0.19,-0.22,0.96,-22.63,24.27,-44.08
229,0.17,-0.23,0.96,-22.18,22.4,-46.02
230,0.14,-0.25,0.97,-21.15,18.96,-48.13
231,0.13,-0.27,0.97,-19.15,15.24,-49.92
232,0.13,-0.29,0.99,-16.56,14.16,-50.49
233,0.11,-0.3,0.98,-14.59,13.5,-48.4
234,0.13,-0.29,0.97,-13.59,15.11,-43.98
235,0.12,-0.26,0.96,-15.16,16.47,-39.88
236,0.12,-0.25,0.95,-17.74,17.97,-34.44
237,0.12,-0.24,0.96,-19.65,19.11,-30.53
238,0.13,-0.24,0.97,-21.08,19.39,-29.24
239,0.13,-0.25,0.97,-20.44,18.45,-30.18
240,0.11,-0.28,0.98,-17.46,15.47,-32.66
241,0.1,-0.29,0.99,-13.47,11.7,-33.5
242,0.11,-0.29,0.97,-10.47,9.89,-32.59
243,0.1,-0.28,0.97,-8.73,8.7,-28.34
244,0.1,-0.26,0.95,-8.96,9.02,-22.69
245,0.09,-0.24,0.94,-10.37,10.15,-16.25
246,0.08,-0.23,0.94,-11.58,10.64,-9.37
247,0.09,-0.23,0.94,-11.91,10.47,-2.99
248,0.09,-0.24,0.94,-11.37,9.06,-1.02
249,0.09,-0.23,0.95,-9.92,6.22,0.15
250,0.11,-0.23,0.94,-9.45,2.56,-0.37
251,0.13,-0.21,0.95,-9.7,0.58,-2.0
252,0.2,-0.2,0.97,-12.68,1.73,-4.66
253,0.23,-0.2,0.95,-15.25,4.91,-8.73
254,0.2,-0.21,0.97,-17.34,5.69,-15.92
255,0.18,-0.24,0.99,-16.6,3.95,-23.13
256,0.15,-0.27,0.99,-13.85,0.18,-30.58
257,0.14,-0.29,0.98,-11.59,-3.78,-36.24
258,0.13,-0.28,0.99,-10.5,-5.37,-38.37
259,0.12,-0.28,0.98,-10.99,-4.53,-37.68
260,0.13,-0.29,0.99,-11.41,-0.97,-34.07
261,0.13,-0.29,0.98,-13.79,3.13,-29.79
262,0.15,-0.28,0.98,-16.08,8.73,-25.82
263,0.15,-0.29,0.98,-16.94,12.64,-22.81
264,0.14,-0.31,1.0,-15.98,14.11,-21.02
265,0.13,-0.3,0.99,-14.38,13.54,-20.45
266,0.14,-0.3,0.99,-13.2,12.2,-21.0
267,0.15,-0.29,0.98,-11.95,11.82,-21.86
268,0.16,-0.29,0.98,-11.47,13.19,-23.4
269,0.18,-0.28,0.99,-9.88,14.67,-24.73
270,0.18,-0.29,0.99,-8.48,16.14,-26.4
271,0.17,-0.29,0.99,-6.95,16.83,-27.1
272,0.16,-0.28,0.97,-5.4,19.17,-28.55
273,0.16,-0.28,0.96,-5.07,20.63,-27.62
274,0.13,-0.28,0.94,-4.96,20.37,-26.74
275,0.11,-0.27,0.93,-4.66,19.63,-24.4
276,0.11,-0.28,0.93,-4.92,18.9,-22.39
277,0.1,-0.27,0.91,-5.32,17.65,-20.7
278,0.1,-0.26,0.91,-5.92,15.72,-19.98
279,0.1,-0.26,0.9,-6.51,13.52,-20.24
280,0.11,-0.26,0.92,-6.77,11.09,-20.55
281,0.12,-0.25,0.91,-7.99,9.52,-22.15
282,0.14,-0.25,0.92,-8.92,9.47,-23.91
283,0.12,-0.25,0.93,-10.07,9.31,-25.95
284,0.12,-0.25,0.94,-10.53,8.9,-27.13
285,0.11,-0.27,0.94,-9.61,8.14,-28.23
286,0.1,-0.27,0.95,-9.0,7.37,-29.31
287,0.09,-0.28,0.94,-8.95,7.21,-28.52
288,0.09,-0.27,0.94,-8.4,6.95,-26.42
289,0.09,-0.28,0.94,-8.81,7.37,-22.82
290,0.09,-0.27,0.94,-9.78,7.63,-19.68
291,0.1,-0.27,0.94,-9.85,7.64,-15.7
292,0.11,-0.27,0.95,-9.29,7.74,-11.4
293,0.11,-0.27,0.95,-8.03,7.31,-8.8
294,0.11,-0.27,0.95,-6.66,5.69,-8.92
295,0.1,-0.28,0.95,-4.47,3.1,-8.95
296,0.1,-0.28,0.96,-2.51,0.89,-9.33
297,0.1,-0.28,0.95,-3.33,0.18,-10.31
298,0.12,-0.28,0.96,-3.66,1.44,-10.24
299,0.13,-0.28,0.96,-4.25,3.1,-9.98
300,0.13,-0.27,0.96,-5.18,3.95,-11.24
301,0.13,-0.27,0.96,-5.76,5.05,-12.16
302,0.13,-0.28,0.96,-5.56,5.67,-13.22
303,0.13,-0.28,0.96,-5.04,5.43,-14.29
304,0.13,-0.28,0.95,-4.27,5.02,-14.31
305,0.12,-0.27,0.93,-3.34,4.57,-13.25
306,0.13,-0.27,0.93,-3.31,4.58,-12.82
307,0.13,-0.26,0.93,-4.54,4.15,-13.62
308,0.15,-0.25,0.93,-6.15,4.76,-15.27
309,0.15,-0.26,0.94,-7.17,4.83,-17.31
310,0.14,-0.27,0.94,-6.66,3.68,-20.12
311,0.13,-0.28,0.94,-6.62,1.91,-22.95
312,0.12,-0.27,0.93,-6.05,0.82,-23.76
313,0.11,-0.29,0.95,-6.37,0.92,-22.96
314,0.1,-0.3,0.95,-7.16,0.75,-22.54
315,0.11,-0.3,0.95,-8.02,1.18,-21.07
316,0.1,-0.31,0.97,-7.61,2.55,-18.59
317,0.1,-0.3,0.98,-7.87,4.5,-16.1
318,0.12,-0.3,0.98,-7.24,6.37,-13.59
319,0.11,-0.3,0.98,-6.04,7.41,-12.8
320,0.11,-0.29,0.97,-4.31,7.46,-13.08
321,0.1,-0.3,0.98,-2.69,6.21,-14.16
322,0.1,-0.29,0.97,-0.8,5.23,-14.5
323,0.1,-0.28,0.96,0.18,5.16,-15.08
324,0.11,-0.27,0.95,-0.64,4.71,-15.66
325,0.11,-0.27,0.95,-0.11,5.24,-13.21
326,0.1,-0.26,0.95,-0.72,7.21,-12.53
327,0.12,-0.26,0.94,-1.61,8.66,-11.53
328,0.1,-0.26,0.93,-2.2,9.11,-11.89
329,0.11,-0.25,0.94,-2.35,9.08,-12.0
330,0.11,-0.25,0.93,-2.37,8.55,-12.43
331,0.11,-0.25,0.93,-2.89,6.95,-13.27
332,0.1,-0.25,0.92,-3.29,6.27,-14.21
333,0.1,-0.26,0.93,-3.09,5.69,-13.27
334,0.12,-0.24,0.91,-4.08,6.44,-12.71
335,0.12,-0.25,0.91,-5.3,6.85,-12.9
336,0.12,-0.25,0.91,-6.69,6.89,-13.05
337,0.11,-0.25,0.91,-7.93,6.08,-14.16
338,0.1,-0.25,0.92,-8.38,4.25,-15.22
339,0.09,-0.26,0.93,-8.76,2.77,-16.33
340,0.1,-0.28,0.93,-9.34,1.92,-16.07
341,0.1,-0.28,0.95,-8.74,2.34,-14.53
342,0.11,-0.28,0.95,-9.28,4.52,-12.93
343,0.12,-0.28,0.96,-9.42,6.72,-11.49
344,0.11,-0.28,0.96,-9.18,7.71,-10.98
345,0.13,-0.28,0.95,-9.07,7.81,-11.37
346,0.12,-0.28,0.95,-8.73,7.08,-11.82
347,0.11,-0.28,0.95,-9.3,6.04,-13.05
348,0.11,-0.3,0.95,-9.56,4.6,-14.56
349,0.1,-0.3,0.95,-8.76,1.74,-15.93
350,0.1,-0.31,0.97,-8.69,0.3,-16.01
351,0.1,-0.32,0.97,-7.94,0.01,-15.34
352,0.11,-0.31,0.98,-8.15,0.95,-14.68
353,0.12,-0.31,0.97,-7.93,2.27,-14.43
354,0.13,-0.31,0.97,-6.82,3.95,-12.31
355,0.13,-0.3,0.97,-5.7,4.19,-12.51
356,0.13,-0.3,0.96,-4.73,4.5,-13.09
357,0.11,-0.3,0.95,-3.95,4.11,-13.73
358,0.1,-0.3,0.95,-3.25,3.66,-13.57
359,0.1,-0.3,0.94,-3.05,3.88,-12.19
360,0.09,-0.31,0.94,-3.23,3.78,-10.95
361,0.09,-0.29,0.94,-3.54,3.53,-10.13
362,0.08,-0.31,0.93,-3.24,2.15,-10.34
363,0.08,-0.3,0.95,-3.06,1.37,-10.08
364,0.08,-0.29,0.95,-2.86,2.03,-9.11
365,0.09,-0.28,0.95,-2.92,2.35,-7.95
366,0.1,-0.29,0.93,-3.44,3.52,-6.96
367,0.09,-0.28,0.93,-4.04,2.98,-7.6
368,0.09,-0.29,0.93,-4.07,1.08,-8.05
369,0.09,-0.29,0.94,-3.7,-1.04,-8.61
370,0.09,-0.29,0.94,-3.91,-1.22,-8.27
371,0.09,-0.29,0.95,-4.21,-0.28,-6.16
372,0.09,-0.29,0.95,-4.61,1.07,-4.08
373,0.11,-0.28,0.96,-4.08,2.16,-3.27
374,0.12,-0.27,0.94,-4.21,3.14,-2.77
375,0.14,-0.26,0.94,-4.4,3.67,-3.2
376,0.14,-0.26,0.93,-4.73,3.4,-4.64
377,0.13,-0.26,0.93,-5.64,1.69,-7.18
378,0.12,-0.27,0.93,-5.47,0.7,-8.36
379,0.11,-0.28,0.94,-5.79,0.11,-9.32
380,0.11,-0.29,0.94,-6.53,-0.1,-9.02
381,0.11,-0.3,0.95,-6.5,0.11,-8.23
382,0.11,-0.3,0.95,-5.81,0.89,-7.05
383,0.12,-0.3,0.94,-5.71,1.35,-6.38
384,0.12,-0.3,0.95,-5.81,2.01,-6.6
385,0.11,-0.3,0.95,-5.59,1.66,-6.85
386,0.11,-0.31,0.96,-4.98,1.18,-7.47
387,0.11,-0.31,0.96,-4.7,0.5,-8.48
388,0.1,-0.31,0.95,-3.92,-0.85,-9.47
389,0.09,-0.33,0.95,-3.1,-2.37,-9.58
390,0.09,-0.33,0.96,-2.85,-2.36,-8.82
391,0.1,-0.32,0.96,-3.06,-1.08,-7.06
392,0.11,-0.33,0.96,-2.5,0.18,-5.47
393,0.1,-0.32,0.96,-1.7,0.05,-4.52
394,0.1,-0.31,0.95,-1.57,0.33,-4.26
395,0.1,-0.3,0.95,-1.02,0.18,-4.02
396,0.1,-0.3,0.95,-0.69,0.47,-3.66
397,0.1,-0.29,0.94,-0.85,0.7,-3.37
398,0.1,-0.29,0.94,-0.83,1.4,-2.34
399,0.11,-0.29,0.92,-1.29,2.69,-1.34
