,accel_x,accel_y,accel_z,gyro_x,gyro_y,gyro_z
0,0.01,-0.4,0.92,1.2,-8.8,-1.71
1,0.02,-0.41,0.95,2.13,-10.76,-0.96
2,0.01,-0.41,0.94,2.56,-11.9,0.06
3,0.03,-0.4,0.94,1.84,-10.79,0.61
4,0.04,-0.39,0.94,1.16,-8.77,1.52
5,0.05,-0.39,0.95,0.39,-5.87,2.71
6,0.07,-0.38,0.95,0.44,-3.76,5.36
7,0.07,-0.36,0.95,1.76,-3.37,4.34
8,0.08,-0.35,0.94,3.5,-5.07,3.75
9,0.06,-0.35,0.94,4.42,-3.71,1.92
10,0.07,-0.33,0.93,4.7,-3.16,0.71
11,0.08,-0.32,0.93,5.02,-3.29,0.34
12,0.09,-0.32,0.92,4.62,-2.73,-0.01
13,0.11,-0.31,0.92,3.58,-0.8,0.64
14,0.11,-0.31,0.92,2.61,1.9,-0.08
15,0.1,-0.3,0.91,1.97,2.6,-0.92
16,0.1,-0.3,0.91,-0.08,3.38,-1.25
17,0.07,-0.31,0.91,-1.05,4.26,-3.3
18,0.06,-0.31,0.91,-1.52,2.72,-5.92
19,0.07,-0.31,0.91,-2.66,1.15,-5.18
20,0.06,-0.32,0.92,-3.89,4.31,-6.64
21,0.05,-0.32,0.93,-4.62,4.95,-7.86
22,0.04,-0.33,0.93,-4.59,4.02,-8.24
23,0.03,-0.34,0.92,-4.18,3.69,-9.13
24,0.03,-0.33,0.92,-4.0,2.62,-7.12
25,0.03,-0.33,0.91,-4.92,5.11,-7.18
26,0.03,-0.34,0.9,-6.61,7.85,-7.81
27,0.03,-0.34,0.91,-6.82,7.33,-7.82
28,0.01,-0.34,0.91,-6.82,7.44,-7.9
29,-0.0,-0.34,0.91,-7.51,6.79,-10.9
30,-0.01,-0.34,0.9,-7.44,4.35,-11.92
31,-0.04,-0.35,0.9,-7.78,2.66,-11.2
32,-0.07,-0.34,0.89,-9.15,1.66,-10.43
33,-0.08,-0.34,0.89,-10.5,-0.11,-8.21
34,-0.09,-0.36,0.91,-11.92,-1.5,-5.69
35,-0.1,-0.37,0.92,-11.62,-1.87,-4.36
36,-0.1,-0.38,0.92,-11.0,-2.62,-2.95
37,-0.1,-0.38,0.93,-11.85,-1.93,-0.17
38,-0.08,-0.37,0.92,-11.6,0.0,2.06
39,-0.08,-0.37,0.94,-13.76,2.18,2.65
40,-0.09,-0.38,0.93,-14.56,3.92,3.31
41,-0.11,-0.4,0.94,-13.9,2.21,4.26
42,-0.1,-0.4,0.95,-11.95,-2.48,8.47
43,-0.13,-0.41,0.94,-11.66,-0.18,5.99
44,-0.1,-0.4,0.93,-9.83,0.45,8.06
45,-0.09,-0.39,0.9,-10.9,0.15,7.59
46,-0.09,-0.4,0.9,-12.78,-1.87,6.4
47,-0.08,-0.4,0.9,-12.6,-3.57,6.62
48,-0.09,-0.39,0.9,-12.68,-3.82,6.79
49,-0.13,-0.36,0.87,-15.4,-5.34,5.24
50,-0.16,-0.38,0.84,-19.17,-7.01,1.74
51,-0.22,-0.37,0.81,-22.35,-10.76,-2.26
52,-0.28,-0.4,0.82,-25.94,-16.25,0.7
53,-0.41,-0.4,0.78,-30.48,-18.9,2.69
54,-0.51,-0.44,0.76,-36.82,-22.56,9.79
55,-0.64,-0.48,0.72,-47.22,-22.35,25.45
56,-0.78,-0.56,0.66,-66.85,-14.86,46.69
57,-0.91,-0.73,0.73,-82.39,7.38,73.74
58,-1.14,-0.91,0.75,-91.94,24.21,92.33
59,-1.4,-1.09,0.72,-93.2,32.08,105.41
60,-1.67,-1.32,0.67,-88.83,27.92,113.38
61,-1.92,-1.57,0.64,-81.95,5.52,122.69
62,-2.0,-1.74,0.67,-73.55,-30.29,122.06
63,-2.0,-1.93,0.72,-54.97,-51.03,124.08
64,-2.0,-2.0,0.72,-34.08,-49.26,145.05
65,-2.0,-2.0,0.72,-8.03,-31.02,173.96
66,-2.0,-2.0,0.6,30.02,-7.17,224.09
67,-2.0,-2.0,0.25,59.27,3.71,250.13
68,-1.82,-1.91,-0.15,78.14,10.99,250.13
69,-1.36,-1.63,-0.54,85.21,10.27,250.13
70,-0.73,-1.05,-0.94,47.92,-6.25,250.13
71,0.06,-0.44,-1.12,-21.35,-52.98,250.13
72,0.69,-0.08,-1.23,-122.47,-174.6,250.13
73,1.67,0.02,-0.72,-208.13,-244.63,250.13
74,2.0,-0.59,0.34,-247.69,-250.14,155.05
75,2.0,-1.15,1.46,-210.4,-247.37,70.52
76,2.0,-1.61,2.0,-110.27,-208.18,73.98
77,2.0,-1.62,2.0,-42.87,-144.33,107.65
78,2.0,-1.37,1.86,-18.8,-86.9,127.77
79,1.96,-1.29,1.74,-19.26,-39.98,132.54
80,1.64,-1.35,1.6,-11.39,-46.37,100.68
81,1.46,-1.42,1.59,12.15,-44.63,74.7
82,1.29,-1.42,1.43,31.9,-38.06,70.95
83,1.24,-1.37,1.31,50.55,-26.94,67.93
84,1.14,-1.16,1.11,59.85,-14.88,51.55
85,1.03,-0.97,0.99,90.99,-47.63,46.79
86,1.05,-0.7,0.92,94.27,-59.55,34.89
87,1.17,-0.45,0.88,89.63,-58.97,38.41
88,1.23,-0.14,0.83,65.22,-50.33,38.73
89,1.26,0.09,0.84,48.14,-25.82,27.31
90,1.17,0.14,0.86,32.11,-7.66,7.56
91,1.04,0.13,0.89,22.73,-6.31,-14.89
92,0.93,0.11,0.9,19.61,1.29,-41.33
93,0.85,0.05,0.88,19.15,9.48,-54.11
94,0.77,-0.02,0.92,16.45,22.95,-63.63
95,0.59,-0.1,0.86,18.57,31.4,-68.05
96,0.46,-0.13,0.85,19.7,37.01,-67.78
97,0.34,-0.14,0.8,16.76,40.21,-63.79
98,0.25,-0.15,0.78,10.65,49.98,-64.32
99,0.11,-0.21,0.75,5.03,57.39,-64.99
100,-0.05,-0.29,0.71,2.69,56.73,-67.53
101,-0.14,-0.33,0.69,2.16,49.6,-69.01
102,-0.22,-0.37,0.72,6.01,38.56,-71.26
103,-0.29,-0.4,0.72,9.59,27.66,-74.37
104,-0.36,-0.45,0.74,10.28,15.82,-75.14
105,-0.39,-0.51,0.77,9.94,5.89,-68.65
106,-0.38,-0.51,0.79,4.77,1.01,-61.42
107,-0.33,-0.48,0.83,-1.5,2.43,-50.97
108,-0.29,-0.5,0.85,-6.93,4.19,-47.63
109,-0.22,-0.47,0.9,-11.45,6.86,-45.26
110,-0.18,-0.46,0.94,-16.35,16.0,-43.85
111,-0.21,-0.47,0.96,-16.75,20.35,-44.37
112,-0.23,-0.49,0.98,-14.02,19.64,-42.13
113,-0.24,-0.5,0.99,-9.79,20.36,-36.95
114,-0.21,-0.51,0.97,-7.81,19.14,-34.69
115,-0.18,-0.51,0.96,-7.82,18.56,-32.75
116,-0.18,-0.51,0.94,-11.99,19.34,-28.83
117,-0.16,-0.52,0.94,-16.41,15.59,-24.68
118,-0.16,-0.49,0.95,-20.57,13.51,-23.29
119,-0.14,-0.5,0.98,-21.56,10.68,-18.52
120,-0.13,-0.47,0.98,-19.55,5.76,-14.82
121,-0.06,-0.44,1.04,-21.53,17.72,-18.79
122,-0.11,-0.49,1.05,-13.09,23.55,-24.71
123,-0.14,-0.5,1.03,-1.78,22.73,-28.14
124,-0.18,-0.52,1.01,9.28,18.44,-29.83
125,-0.21,-0.51,1.0,19.98,9.0,-30.4
126,-0.22,-0.45,0.98,26.82,6.22,-26.88
127,-0.27,-0.42,0.94,28.79,9.05,-21.83
128,-0.28,-0.31,0.87,21.45,7.97,-15.47
129,-0.29,-0.25,0.85,9.37,12.73,-11.82
130,-0.33,-0.26,0.8,-3.02,16.08,-10.31
131,-0.33,-0.28,0.78,-13.29,13.86,-5.79
132,-0.28,-0.29,0.79,-20.89,10.84,-4.64
133,-0.25,-0.33,0.8,-22.89,10.43,-3.46
134,-0.26,-0.43,0.82,-19.56,4.41,-1.21
135,-0.22,-0.44,0.87,-10.98,-2.5,4.64
136,-0.12,-0.42,0.9,-1.89,-4.66,8.72
137,-0.03,-0.4,0.94,8.45,-4.15,7.19
138,0.07,-0.38,0.95,17.39,-3.65,4.92
139,0.12,-0.34,0.94,25.72,-2.79,-5.2
140,0.17,-0.33,0.97,32.2,0.28,-15.74
141,0.19,-0.32,0.98,36.62,3.44,-22.37
142,0.21,-0.29,0.97,36.97,11.86,-25.75
143,0.19,-0.23,0.95,33.45,20.81,-27.76
144,0.14,-0.22,0.93,28.08,26.5,-28.27
145,0.09,-0.21,0.93,21.46,28.63,-27.97
146,0.08,-0.21,0.92,15.04,32.6,-26.06
147,0.05,-0.21,0.92,13.02,34.62,-30.16
148,0.03,-0.23,0.91,12.14,30.37,-39.61
149,-0.03,-0.25,0.91,14.48,18.69,-50.16
150,-0.08,-0.25,0.92,17.25,5.65,-60.34
151,-0.08,-0.26,0.92,20.73,-6.45,-66.05
152,-0.08,-0.31,0.93,26.05,-15.35,-66.28
153,-0.07,-0.35,0.93,30.89,-22.06,-62.61
154,-0.07,-0.39,0.91,32.56,-13.8,-56.02
155,-0.06,-0.4,0.87,33.71,-4.86,-46.93
156,-0.09,-0.36,0.8,27.54,2.61,-36.97
157,-0.15,-0.24,0.77,14.13,7.08,-25.85
158,-0.15,-0.13,0.72,-4.0,11.58,-14.47
159,-0.15,-0.12,0.72,-24.04,15.82,-7.94
160,-0.16,-0.18,0.74,-37.68,16.1,-6.76
161,-0.11,-0.26,0.79,-42.87,10.63,-11.42
162,-0.08,-0.36,0.82,-40.23,4.93,-26.88
163,-0.04,-0.44,0.85,-29.33,-0.63,-54.5
164,-0.07,-0.53,0.89,-11.2,-14.46,-84.98
165,-0.1,-0.59,0.93,10.31,-32.53,-106.2
166,-0.14,-0.55,0.94,27.24,-44.08,-115.31
167,-0.09,-0.42,0.94,30.65,-48.6,-108.52
168,-0.04,-0.36,0.95,23.28,-35.41,-93.66
169,-0.02,-0.37,0.95,13.94,-15.7,-75.12
170,-0.02,-0.37,0.93,4.24,9.39,-53.44
171,-0.09,-0.42,0.87,-1.84,20.18,-40.44
172,-0.11,-0.42,0.86,-0.75,22.61,-34.7
173,-0.1,-0.38,0.85,0.48,20.39,-35.69
174,-0.1,-0.35,0.84,3.05,14.28,-49.18
175,-0.08,-0.26,0.81,-0.09,12.73,-64.99
176,-0.04,-0.25,0.86,-9.59,15.85,-74.56
177,-0.05,-0.34,0.94,-12.93,25.38,-78.49
178,-0.07,-0.4,0.99,-10.34,31.7,-78.89
179,-0.1,-0.43,0.98,-3.9,39.37,-80.36
180,-0.19,-0.44,0.93,4.05,38.73,-80.31
181,-0.26,-0.44,0.88,9.19,31.11,-78.66
182,-0.32,-0.44,0.85,12.33,18.98,-75.78
183,-0.36,-0.42,0.84,11.03,5.3,-69.06
184,-0.35,-0.38,0.86,7.79,-3.0,-58.1
185,-0.27,-0.35,0.89,1.56,-5.78,-41.89
186,-0.2,-0.33,0.9,-7.4,3.24,-29.48
187,-0.17,-0.34,0.93,-14.27,18.23,-19.18
188,-0.16,-0.37,0.96,-13.51,29.21,-14.22
189,-0.18,-0.37,0.95,-11.44,38.59,-15.58
190,-0.19,-0.39,0.92,-7.07,40.47,-22.88
191,-0.23,-0.4,0.9,-2.65,33.18,-30.4
192,-0.28,-0.43,0.88,0.35,23.95,-37.18
193,-0.27,-0.43,0.87,3.02,10.11,-36.42
194,-0.27,-0.44,0.89,2.67,4.97,-33.68
195,-0.26,-0.42,0.87,2.09,2.97,-28.89
196,-0.24,-0.39,0.89,-1.07,3.21,-20.36
197,-0.25,-0.35,0.89,-4.62,3.62,-10.73
198,-0.21,-0.34,0.91,-9.36,9.72,-1.63
199,-0.18,-0.35,0.95,-9.01,13.11,3.78
200,-0.12,-0.35,0.96,-8.49,18.89,1.28
201,-0.06,-0.32,0.96,-9.61,25.65,-8.5
202,-0.07,-0.36,0.98,-8.44,28.28,-24.06
203,-0.15,-0.4,1.0,-2.62,24.99,-37.08
204,-0.16,-0.44,0.99,4.04,15.79,-41.85
205,-0.16,-0.42,0.96,6.16,12.07,-39.79
206,-0.16,-0.4,0.94,4.09,11.71,-34.11
207,-0.17,-0.38,0.93,1.72,11.64,-25.78
208,-0.15,-0.39,0.92,-1.63,13.34,-18.51
209,-0.12,-0.39,0.94,-4.44,16.3,-12.53
210,-0.13,-0.39,0.93,-4.66,16.39,-10.95
211,-0.12,-0.38,0.92,-3.79,14.27,-13.24
212,-0.12,-0.38,0.91,-2.73,10.53,-19.37
213,-0.12,-0.38,0.91,-0.87,5.58,-26.56
214,-0.1,-0.38,0.92,0.8,4.29,-33.6
215,-0.08,-0.37,0.92,2.53,2.02,-40.2
216,-0.09,-0.38,0.91,1.02,4.21,-47.43
217,-0.14,-0.4,0.9,2.31,3.24,-55.04
218,-0.15,-0.4,0.9,4.83,-1.53,-59.65
219,-0.17,-0.39,0.87,4.48,-7.27,-60.78
220,-0.19,-0.4,0.87,2.21,-10.21,-63.05
221,-0.21,-0.4,0.87,1.87,-16.84,-59.93
222,-0.18,-0.39,0.89,1.39,-20.98,-53.89
223,-0.15,-0.36,0.89,-1.44,-20.73,-47.99
224,-0.13,-0.37,0.91,-4.67,-18.92,-43.29
225,-0.12,-0.37,0.92,-4.24,-17.64,-37.53
226,-0.07,-0.37,0.94,-3.06,-14.79,-30.16
227,-0.04,-0.36,0.96,-4.91,-3.82,-26.75
228,-0.03,-0.36,0.96,-2.87,1.19,-24.58
229,-0.03,-0.36,0.94,2.43,-2.57,-30.86
230,-0.04,-0.34,0.94,5.79,-6.34,-43.08
231,-0.07,-0.35,0.93,11.12,-8.97,-49.5
232,-0.07,-0.34,0.91,13.89,-10.73,-49.54
233,-0.06,-0.32,0.9,11.6,-10.8,-44.31
234,-0.07,-0.33,0.87,6.84,-7.4,-39.92
235,-0.09,-0.34,0.88,4.16,-7.37,-33.94
236,-0.08,-0.33,0.88,2.03,-6.91,-27.69
237,-0.05,-0.34,0.89,-0.21,-6.05,-23.07
238,-0.05,-0.37,0.91,-2.66,-4.61,-22.62
239,-0.04,-0.38,0.93,-1.06,-3.4,-22.1
240,-0.01,-0.39,0.93,-0.37,-1.47,-22.37
241,-0.0,-0.39,0.94,1.53,0.07,-23.82
242,0.0,-0.4,0.95,3.49,1.94,-24.95
243,0.01,-0.39,0.95,4.08,2.67,-24.49
244,0.02,-0.39,0.95,1.97,4.76,-23.99
245,-0.02,-0.39,0.94,1.07,5.33,-26.62
246,-0.06,-0.4,0.94,2.22,3.24,-28.67
247,-0.08,-0.39,0.94,4.04,1.05,-28.7
248,-0.06,-0.37,0.93,4.86,-2.53,-26.73
249,-0.07,-0.37,0.91,3.24,-2.97,-25.53
250,-0.1,-0.37,0.9,2.61,-5.68,-23.02
251,-0.09,-0.36,0.91,2.45,-9.31,-18.53
252,-0.04,-0.34,0.9,0.34,-12.09,-12.21
253,0.0,-0.35,0.91,-3.57,-9.23,-9.98
254,0.0,-0.36,0.92,-5.52,-7.04,-8.79
255,-0.0,-0.38,0.93,-4.1,-6.41,-7.51
256,0.0,-0.39,0.94,-1.81,-5.27,-7.95
257,-0.01,-0.4,0.95,0.72,-4.82,-8.29
258,-0.01,-0.39,0.95,4.11,-6.04,-6.38
259,-0.0,-0.38,0.94,3.88,-5.18,-4.62
260,-0.01,-0.37,0.93,1.9,-0.98,-3.42
261,-0.02,-0.36,0.92,0.34,0.27,-1.11
262,-0.05,-0.36,0.92,-0.56,1.09,0.73
263,-0.07,-0.37,0.92,-0.12,0.24,2.56
264,-0.07,-0.37,0.93,0.75,-2.04,5.39
265,-0.06,-0.37,0.92,0.02,-1.81,7.17
266,-0.04,-0.35,0.92,-1.24,-0.86,9.64
267,-0.01,-0.34,0.91,-4.55,2.82,13.24
268,0.0,-0.33,0.92,-8.11,6.61,13.27
269,0.01,-0.34,0.92,-9.34,6.69,12.81
270,0.02,-0.33,0.92,-8.1,5.07,11.4
271,0.05,-0.32,0.91,-7.47,3.05,7.77
272,0.05,-0.32,0.91,-8.39,2.0,1.51
273,0.04,-0.33,0.92,-8.1,1.54,-4.66
274,0.02,-0.34,0.92,-6.95,-0.73,-7.92
275,0.03,-0.33,0.92,-7.89,-1.23,-10.33
276,0.03,-0.32,0.92,-8.94,-0.77,-10.79
277,0.02,-0.31,0.92,-8.48,-0.98,-10.05
278,0.01,-0.31,0.91,-10.17,2.2,-7.04
279,-0.01,-0.3,0.9,-11.21,4.11,-3.56
280,-0.02,-0.31,0.9,-10.45,2.9,-0.28
281,-0.0,-0.31,0.9,-9.11,1.53,2.85
282,0.02,-0.33,0.91,-7.67,0.31,7.1
283,0.01,-0.34,0.92,-6.66,2.17,9.21
284,0.02,-0.34,0.91,-5.44,3.21,11.61
285,0.04,-0.35,0.91,-6.03,5.02,10.17
286,0.03,-0.34,0.91,-9.56,7.13,7.05
287,0.01,-0.37,0.91,-10.02,5.21,3.27
288,0.0,-0.4,0.93,-7.29,1.64,0.64
289,0.02,-0.4,0.93,-5.73,0.63,-0.69
290,0.03,-0.39,0.93,-6.65,-0.19,-2.91
291,0.03,-0.38,0.95,-6.98,-2.72,-2.85
292,0.03,-0.38,0.95,-7.11,0.59,-3.71
293,0.03,-0.38,0.96,-7.99,4.46,-3.73
294,0.02,-0.38,0.96,-6.12,6.47,-4.41
295,0.02,-0.39,0.95,-4.56,7.93,-5.69
296,0.01,-0.38,0.95,-2.24,8.54,-7.19
297,0.01,-0.37,0.94,-0.47,7.2,-6.92
298,-0.0,-0.37,0.94,-0.11,8.3,-6.31
299,-0.0,-0.36,0.91,-0.36,7.44,-5.81
300,-0.01,-0.36,0.91,-0.05,4.58,-4.79
301,-0.0,-0.36,0.92,-1.05,1.4,-3.01
302,0.0,-0.35,0.9,-2.21,1.58,-2.95
303,0.0,-0.35,0.9,-3.24,1.98,-4.8
304,-0.0,-0.34,0.9,-3.66,-2.44,-4.74
305,-0.01,-0.34,0.9,-4.33,-2.81,-5.15
306,-0.02,-0.35,0.9,-6.07,0.46,-7.73
307,-0.04,-0.38,0.91,-6.26,0.57,-8.21
308,-0.04,-0.38,0.91,-5.5,-2.67,-5.32
309,-0.03,-0.36,0.9,-5.15,-3.77,-4.81
310,-0.01,-0.37,0.9,-8.04,-2.18,-5.88
311,-0.02,-0.39,0.93,-7.22,-1.95,-4.93
312,-0.03,-0.4,0.92,-5.11,-3.62,-4.15
313,-0.02,-0.39,0.92,-5.28,-1.63,-2.96
314,-0.01,-0.39,0.91,-6.05,0.73,-0.69
315,-0.03,-0.42,0.9,0.4,-14.32,9.4
316,-0.0,-0.24,1.03,-6.02,-3.61,-0.05
317,-0.04,-0.38,0.91,-6.96,2.86,2.25
318,-0.01,-0.36,0.93,-3.4,2.35,3.22
319,-0.0,-0.37,0.9,-4.47,4.21,0.68
320,0.0,-0.37,0.91,-8.43,4.73,-2.65
321,-0.0,-0.38,0.93,-7.27,3.8,-4.66
322,-0.02,-0.4,0.94,3.65,-11.99,0.44
323,0.01,-0.38,0.91,4.69,-22.91,-2.2
324,-0.01,-0.41,0.95,5.32,-15.53,-3.32
325,0.02,-0.39,0.94,-1.14,-2.16,-4.89
326,-0.03,-0.41,0.94,3.68,-9.49,-1.94
327,-0.03,-0.4,0.92,0.7,-7.66,-2.63
328,-0.1,-0.42,0.82,14.05,-48.43,2.34
329,-0.07,-0.42,0.87,-4.78,14.03,8.77
330,-0.04,-0.44,0.92,8.36,-20.04,5.17
331,0.09,-0.34,0.96,-3.72,6.02,-0.95
332,-0.03,-0.4,0.91,1.6,-2.24,0.83
333,-0.02,-0.38,0.92,3.49,-6.27,1.0
334,0.06,-0.33,0.91,8.7,-10.97,25.2
335,0.05,-0.34,0.9,10.43,-9.79,27.49
336,0.02,-0.35,0.9,9.61,-7.22,34.01
337,0.01,-0.34,0.93,12.12,-9.21,36.15
338,0.02,-0.34,0.92,10.4,-9.29,35.92
339,0.01,-0.33,0.91,6.62,-2.76,27.39
340,0.02,-0.32,0.89,6.9,-4.69,18.45
341,0.0,-0.32,0.9,3.24,-5.18,9.39
342,-0.03,-0.3,0.89,-3.05,-15.94,3.54
343,0.0,-0.32,0.92,-3.65,-14.49,-5.02
344,0.01,-0.33,0.91,-7.41,-9.11,-12.63
345,0.04,-0.34,0.92,-7.39,-11.67,-14.63
346,0.03,-0.34,0.93,-7.24,-11.61,-16.31
347,0.04,-0.34,0.94,-6.53,-12.76,-13.15
348,0.03,-0.35,0.94,-7.74,-6.5,-12.62
349,0.03,-0.36,0.93,-9.87,-1.44,-15.02
350,0.03,-0.34,0.93,-9.29,-2.62,-13.37
351,0.04,-0.35,0.94,-9.55,0.16,-14.12
352,0.05,-0.35,0.93,-8.81,1.14,-12.05
353,0.03,-0.35,0.92,-8.04,1.81,-12.62
354,0.02,-0.36,0.93,-7.63,1.67,-14.54
355,0.02,-0.36,0.93,-7.38,1.66,-15.83
356,0.03,-0.36,0.92,-5.85,-1.43,-12.79
357,0.02,-0.37,0.91,-5.73,-1.9,-13.37
358,0.04,-0.36,0.92,-6.0,-2.21,-12.07
359,0.06,-0.36,0.92,-6.23,-1.53,-7.92
360,0.04,-0.37,0.92,-5.16,0.22,-7.76
361,0.02,-0.38,0.93,-2.97,-0.64,-11.93
362,0.02,-0.38,0.93,-1.01,-1.97,-13.07
363,0.03,-0.38,0.93,-0.31,-2.23,-11.59
364,0.01,-0.38,0.92,-1.18,-0.31,-12.83
365,-0.01,-0.38,0.93,-1.89,0.55,-12.02
366,-0.0,-0.39,0.94,-1.34,0.85,-10.11
367,0.0,-0.39,0.94,0.0,1.56,-7.84
368,-0.02,-0.39,0.93,1.85,1.91,-6.87
369,-0.02,-0.38,0.92,2.33,0.89,-5.2
370,-0.03,-0.37,0.92,1.36,1.15,-2.94
371,-0.0,-0.37,0.92,0.79,0.57,-0.98
372,0.01,-0.36,0.92,0.1,-0.79,-0.31
373,0.01,-0.36,0.92,-0.5,-1.7,-1.31
374,0.02,-0.36,0.92,0.07,-2.11,-3.11
375,0.03,-0.37,0.93,1.56,-3.12,-3.76
376,0.01,-0.36,0.92,1.34,-2.31,-5.69
377,0.01,-0.35,0.91,1.02,-2.43,-5.73
378,0.02,-0.35,0.92,1.73,-2.9,-5.27
379,0.03,-0.35,0.94,1.66,-4.98,-6.31
380,0.01,-0.34,0.91,0.9,-4.66,-7.65
381,0.02,-0.34,0.91,0.76,-5.79,-8.52
382,0.01,-0.36,0.92,0.49,-7.69,-11.27
383,0.03,-0.36,0.92,0.73,-9.2,-12.63
384,0.02,-0.36,0.93,0.48,-8.97,-11.57
385,0.02,-0.36,0.93,0.31,-7.99,-10.08
386,0.03,-0.36,0.93,0.56,-7.3,-7.82
387,0.03,-0.35,0.93,-0.73,-4.95,-5.67
388,0.04,-0.35,0.92,-1.62,-2.3,-4.63
389,0.03,-0.35,0.92,-2.21,-1.76,-3.94
390,0.05,-0.36,0.92,-1.64,-3.63,-2.73
391,0.04,-0.34,0.92,-2.16,-4.6,-4.5
392,0.04,-0.35,0.92,-1.9,-5.06,-5.03
393,0.06,-0.34,0.91,-2.15,-5.69,-3.15
394,0.06,-0.34,0.91,-3.91,-3.76,-2.85
395,0.06,-0.33,0.93,-5.19,-2.8,-3.16
396,0.05,-0.33,0.91,-5.76,-2.72,-4.89
397,0.05,-0.33,0.92,-6.45,-4.37,-6.03
398,0.05,-0.33,0.92,-7.05,-5.9,-7.92
399,0.07,-0.33,0.91,-7.21,-7.22,-6.59
400,0.06,-0.34,0.91,-8.15,-6.1,-6.67
