,accel_x,accel_y,accel_z,gyro_x,gyro_y,gyro_z
0,0.04,-0.28,0.91,-0.89,6.17,4.02
1,0.04,-0.28,0.91,-1.53,6.4,3.82
2,0.03,-0.27,0.91,-1.94,6.15,3.71
3,0.02,-0.29,0.89,-2.41,4.37,2.03
4,-0.01,-0.29,0.9,-3.0,2.56,0.52
5,-0.01,-0.28,0.9,-3.18,-0.67,0.27
6,-0.02,-0.28,0.9,-4.24,-1.99,0.67
7,-0.01,-0.3,0.92,-4.75,-3.67,1.11
8,-0.01,-0.31,0.92,-5.22,-5.14,0.98
9,0.0,-0.31,0.93,-5.47,-6.85,1.58
10,0.02,-0.31,0.94,-6.34,-7.14,1.69
11,0.03,-0.33,0.94,-7.28,-4.75,1.76
12,0.04,-0.33,0.95,-7.37,-1.53,1.18
13,0.04,-0.34,0.96,-7.51,1.38,-0.47
14,0.03,-0.35,0.96,-7.45,2.37,-2.21
15,0.0,-0.36,0.96,-6.89,3.27,-4.36
16,-0.01,-0.37,0.95,-5.37,0.42,-5.22
17,-0.01,-0.36,0.96,-5.49,-0.96,-5.07
18,-0.04,-0.36,0.96,-5.45,0.99,-4.31
19,-0.05,-0.35,0.95,-5.49,0.62,-3.27
20,-0.05,-0.36,0.95,-5.18,0.66,-1.32
21,-0.04,-0.35,0.96,-4.89,0.0,-0.33
22,-0.05,-0.36,0.95,-4.63,-0.49,-0.65
23,-0.06,-0.36,0.95,-4.07,-2.21,-0.76
24,-0.06,-0.37,0.96,-2.75,-4.1,-1.11
25,-0.02,-0.35,0.96,-3.0,-4.45,-1.79
26,-0.01,-0.34,0.96,-3.25,-3.45,-2.22
27,-0.02,-0.34,0.96,-3.18,-3.02,-1.42
28,-0.02,-0.35,0.96,-2.28,-4.52,-0.07
29,0.02,-0.34,0.96,-2.22,-4.66,1.34
30,0.02,-0.34,0.97,-2.08,-1.95,0.26
31,0.02,-0.35,0.96,-0.82,-0.08,-1.75
32,0.01,-0.35,0.96,0.7,1.09,-2.38
33,0.01,-0.35,0.96,2.05,-0.15,-1.27
34,0.02,-0.33,0.94,1.72,0.86,-0.89
35,0.01,-0.32,0.92,0.18,3.1,-2.74
36,-0.01,-0.32,0.92,-0.27,3.56,-3.4
37,-0.02,-0.32,0.91,-1.44,2.85,-3.05
38,-0.03,-0.33,0.91,-1.59,2.07,-3.22
39,-0.02,-0.32,0.91,-1.66,1.16,-4.73
40,-0.01,-0.32,0.9,-2.26,0.92,-5.85
41,-0.02,-0.33,0.91,-2.24,-1.21,-5.6
42,-0.02,-0.34,0.9,-2.92,-1.45,-5.18
43,-0.03,-0.34,0.9,-3.66,-0.74,-4.71
44,-0.03,-0.33,0.89,-4.08,-0.86,-4.58
45,-0.03,-0.33,0.89,-5.61,-1.62,-4.02
46,-0.05,-0.34,0.9,-6.39,-3.21,-4.22
47,-0.05,-0.36,0.9,-6.44,-4.82,-4.98
48,-0.04,-0.37,0.92,-5.4,-6.14,-4.47
49,-0.02,-0.36,0.92,-5.1,-5.73,-3.18
50,-0.02,-0.37,0.92,-5.33,-4.55,-2.05
51,-0.01,-0.38,0.92,-4.35,-3.82,-1.4
52,-0.0,-0.36,0.92,-4.15,-2.94,-1.06
53,-0.01,-0.37,0.91,-3.82,-1.98,-0.89
54,-0.02,-0.37,0.92,-2.5,-2.24,-1.81
55,-0.03,-0.37,0.91,-1.92,-4.06,-2.67
56,-0.02,-0.36,0.91,-1.74,-5.38,-1.98
57,-0.0,-0.34,0.91,-2.78,-5.11,-2.25
58,0.01,-0.34,0.92,-4.49,-4.07,-2.71
59,0.0,-0.35,0.92,-5.23,-3.02,-2.44
60,0.0,-0.34,0.92,-5.18,-4.08,-1.82
61,0.0,-0.34,0.93,-5.55,-2.31,-1.29
62,-0.0,-0.34,0.94,-5.3,-1.92,-1.27
63,-0.01,-0.35,0.93,-4.27,-1.73,-1.1
64,0.0,-0.35,0.93,-3.72,-3.59,-1.85
65,0.0,-0.35,0.93,-3.63,-4.01,-2.74
66,0.01,-0.34,0.94,-3.42,-4.21,-3.17
67,0.01,-0.35,0.94,-3.34,-4.08,-2.81
68,0.03,-0.33,0.93,-4.47,-4.08,-1.52
69,0.02,-0.33,0.93,-5.71,-0.98,-1.49
70,0.02,-0.34,0.94,-5.1,-0.69,-1.42
71,0.01,-0.34,0.93,-4.21,-0.48,-1.89
72,0.02,-0.34,0.92,-3.79,-1.67,-2.49
73,0.03,-0.33,0.93,-3.91,-2.0,-4.19
74,0.04,-0.34,0.94,-3.91,-1.05,-6.08
75,0.02,-0.34,0.94,-3.98,0.13,-6.29
76,0.01,-0.35,0.93,-4.78,0.31,-6.47
77,0.02,-0.35,0.94,-5.69,0.15,-5.62
78,0.03,-0.35,0.95,-5.56,1.98,-4.91
79,0.01,-0.35,0.94,-4.85,2.51,-5.2
80,0.01,-0.35,0.94,-4.82,3.19,-5.62
81,0.0,-0.35,0.94,-6.16,1.5,-5.62
82,0.02,-0.35,0.93,-4.38,2.41,-4.95
83,0.02,-0.33,0.94,-5.08,3.98,-5.31
84,0.01,-0.33,0.94,-6.02,4.62,-5.56
85,0.03,-0.33,0.94,-6.09,5.56,-5.63
86,0.02,-0.34,0.93,-6.49,6.72,-8.76
87,0.01,-0.35,0.94,-5.73,6.45,-10.68
88,-0.0,-0.35,0.94,-4.39,4.93,-9.96
89,-0.01,-0.36,0.93,-2.7,4.55,-8.82
90,-0.01,-0.36,0.92,-1.92,4.08,-7.76
91,0.01,-0.34,0.92,-2.2,4.35,-6.82
92,-0.0,-0.34,0.92,-3.44,5.57,-6.82
93,0.01,-0.35,0.93,-4.25,4.75,-6.19
94,-0.0,-0.35,0.92,-5.02,5.85,-5.65
95,-0.02,-0.35,0.92,-5.34,6.16,-6.67
96,-0.03,-0.37,0.91,-5.4,4.88,-8.05
97,-0.04,-0.36,0.92,-5.47,4.02,-7.95
98,-0.04,-0.36,0.92,-5.92,2.88,-7.02
99,-0.03,-0.37,0.92,-6.53,2.08,-7.37
100,-0.03,-0.38,0.93,-6.78,2.02,-8.87
101,-0.03,-0.39,0.92,-6.97,2.56,-8.94
102,-0.02,-0.4,0.93,-6.94,3.73,-8.95
103,-0.04,-0.42,0.93,-5.38,5.32,-10.34
104,-0.07,-0.42,0.93,-3.48,5.11,-11.6
105,-0.08,-0.41,0.92,-1.69,3.92,-10.28
106,-0.09,-0.4,0.9,-1.71,3.38,-9.29
107,-0.08,-0.38,0.89,-2.74,2.44,-7.45
108,-0.08,-0.36,0.9,-4.11,2.04,-5.37
109,-0.06,-0.36,0.91,-4.54,-0.95,-3.36
110,-0.06,-0.37,0.92,-4.62,-1.29,-3.08
111,-0.06,-0.36,0.93,-4.04,-2.95,-3.5
112,-0.05,-0.35,0.92,-3.53,-2.99,-3.21
113,-0.02,-0.34,0.92,-4.04,-3.14,-3.22
114,-0.02,-0.34,0.91,-4.69,-2.26,-4.07
115,-0.01,-0.33,0.92,-5.47,-3.27,-5.31
116,-0.01,-0.32,0.91,-7.06,-2.78,-6.06
117,-0.01,-0.33,0.92,-8.22,-2.8,-5.92
118,-0.02,-0.34,0.93,-8.52,-3.12,-5.7
119,-0.03,-0.36,0.94,-9.61,-3.34,-6.08
120,-0.03,-0.35,0.92,-9.63,-0.37,-6.91
121,-0.05,-0.35,0.92,-9.98,-0.62,-7.07
122,-0.07,-0.35,0.94,-10.54,-1.44,-6.82
123,-0.09,-0.33,0.94,-11.02,-3.0,-5.98
124,-0.13,-0.33,0.95,-11.9,-3.12,-5.95
125,-0.17,-0.3,0.94,-13.6,-4.92,-5.89
126,-0.22,-0.29,0.94,-15.38,-6.82,-5.66
127,-0.28,-0.28,0.94,-18.05,-10.4,-5.96
128,-0.31,-0.27,0.94,-22.3,-13.71,-6.31
129,-0.34,-0.27,0.94,-27.01,-14.69,-5.88
130,-0.37,-0.31,0.96,-31.22,-9.44,-2.02
131,-0.41,-0.36,0.94,-40.34,9.29,4.12
132,-0.56,-0.44,0.9,-64.91,35.12,10.06
133,-0.79,-0.56,0.85,-89.21,65.71,21.37
134,-1.19,-0.72,0.69,-109.1,84.43,32.79
135,-1.65,-0.91,0.56,-118.24,95.48,45.75
136,-2.0,-1.16,0.49,-110.59,72.69,55.61
137,-2.0,-1.37,0.3,-94.53,18.66,64.73
138,-2.0,-1.55,0.15,-74.21,-60.82,89.2
139,-2.0,-1.67,0.03,-61.79,-132.9,130.69
140,-2.0,-1.71,-0.06,-62.66,-166.7,195.21
141,-2.0,-1.68,-0.08,-67.76,-171.17,250.13
142,-1.86,-1.53,-0.2,-81.72,-150.71,250.13
143,-1.24,-1.33,-0.34,-113.29,-102.05,250.13
144,-0.9,-1.4,-0.33,-141.48,-62.15,250.13
145,-0.74,-1.64,-0.25,-152.4,-48.13,250.13
146,-0.55,-1.73,-0.19,-137.78,-69.67,250.13
147,-0.3,-1.88,-0.0,-84.98,-141.71,250.13
148,0.07,-1.93,0.23,-18.92,-239.83,213.65
149,0.77,-1.88,0.51,32.05,-250.14,182.53
150,1.55,-1.58,0.68,47.69,-250.14,191.02
151,1.87,-0.98,0.71,49.7,-231.53,179.2
152,2.0,-0.76,0.84,-13.12,-164.79,182.4
153,2.0,-0.68,1.14,-52.19,-96.52,177.24
154,2.0,-0.78,1.31,-64.37,-45.85,162.05
155,1.87,-0.85,1.32,-64.01,-10.06,139.5
156,1.5,-1.09,1.33,-41.29,0.06,100.66
157,1.1,-1.34,1.24,7.52,-22.6,67.98
158,0.82,-1.4,1.14,60.21,-63.35,46.08
159,0.94,-1.31,0.97,104.08,-94.01,36.49
160,1.1,-1.11,0.74,111.03,-87.65,33.13
161,1.18,-0.95,0.61,90.79,-69.33,41.31
162,1.13,-0.79,0.54,64.29,-55.89,49.83
163,1.07,-0.67,0.47,33.81,-50.6,57.3
164,0.97,-0.61,0.49,12.47,-58.37,57.73
165,0.92,-0.54,0.55,1.63,-76.21,52.7
166,1.02,-0.44,0.67,1.56,-87.56,39.6
167,1.13,-0.34,0.78,6.99,-86.68,24.93
168,1.2,-0.25,0.87,9.98,-79.95,12.66
169,1.23,-0.16,0.95,24.84,-58.9,-3.81
170,1.14,-0.14,0.96,33.78,-40.9,-18.57
171,1.03,-0.18,0.99,40.5,-27.6,-29.81
172,0.91,-0.18,0.97,45.85,-16.04,-40.56
173,0.8,-0.19,0.93,48.27,-8.65,-50.65
174,0.69,-0.2,0.87,46.58,-1.97,-58.44
175,0.58,-0.22,0.84,42.38,4.91,-64.11
176,0.43,-0.22,0.78,31.74,10.91,-65.95
177,0.32,-0.23,0.75,16.04,12.27,-64.04
178,0.23,-0.27,0.73,0.02,14.21,-60.63
179,0.19,-0.31,0.77,-13.41,11.89,-59.18
180,0.18,-0.41,0.82,-20.21,9.44,-54.04
181,0.16,-0.46,0.85,-20.59,1.69,-50.63
182,0.17,-0.46,0.9,-21.42,-0.66,-53.48
183,0.14,-0.5,0.93,-19.96,1.32,-55.72
184,0.13,-0.54,0.95,-16.04,3.5,-53.63
185,0.07,-0.56,0.94,-11.43,2.08,-49.43
186,0.08,-0.56,0.93,-9.05,1.5,-42.27
187,0.11,-0.52,0.91,-9.69,3.98,-41.15
188,0.09,-0.5,0.88,-9.92,5.08,-45.74
189,0.08,-0.45,0.88,-10.68,9.31,-52.45
190,0.06,-0.43,0.87,-11.09,10.46,-53.07
191,0.04,-0.44,0.91,-9.31,9.2,-54.59
192,0.06,-0.46,0.92,-9.53,15.73,-53.53
193,0.03,-0.48,0.93,-7.68,26.17,-51.52
194,0.0,-0.53,0.95,-1.98,28.27,-49.02
195,-0.04,-0.55,0.95,3.53,22.84,-47.26
196,-0.04,-0.53,0.93,10.46,19.98,-50.47
197,-0.03,-0.52,0.91,16.03,17.58,-54.6
198,-0.03,-0.48,0.89,19.98,15.02,-57.15
199,-0.03,-0.43,0.87,20.81,13.22,-58.34
200,-0.01,-0.4,0.85,21.61,11.7,-61.96
201,0.02,-0.38,0.83,20.31,11.64,-66.82
202,0.03,-0.38,0.82,20.86,12.19,-70.63
203,0.01,-0.38,0.82,22.5,10.62,-70.3
204,-0.02,-0.35,0.81,22.6,8.13,-70.88
205,-0.03,-0.29,0.81,21.29,4.73,-71.08
206,-0.02,-0.23,0.79,16.7,-0.47,-71.89
207,0.03,-0.21,0.82,7.97,-4.6,-69.72
208,0.08,-0.25,0.86,-3.82,0.91,-65.27
209,0.12,-0.3,0.89,-15.85,5.3,-58.63
210,0.13,-0.32,0.97,-22.29,12.51,-56.31
211,0.1,-0.41,1.01,-22.61,16.85,-58.38
212,0.1,-0.47,1.05,-15.76,17.77,-60.57
213,0.12,-0.5,1.02,-11.95,23.15,-62.05
214,0.11,-0.54,1.02,-9.21,32.47,-62.19
215,0.05,-0.57,1.0,-5.68,36.04,-61.72
216,0.04,-0.57,0.99,-2.21,35.59,-57.05
217,0.03,-0.55,0.96,-0.5,35.16,-54.89
218,0.03,-0.5,0.95,-0.44,37.98,-52.4
219,0.02,-0.46,0.93,-0.76,41.2,-51.83
220,0.0,-0.45,0.92,-0.31,40.99,-50.11
221,-0.01,-0.43,0.91,0.89,41.24,-47.2
222,-0.0,-0.43,0.87,-1.13,41.7,-45.54
223,-0.0,-0.44,0.86,-2.37,41.18,-43.56
224,-0.0,-0.42,0.87,-2.11,39.08,-41.6
225,-0.0,-0.42,0.87,-0.37,37.5,-42.9
226,-0.02,-0.41,0.89,-0.17,36.21,-46.46
227,-0.02,-0.41,0.91,0.21,32.78,-46.29
228,-0.04,-0.41,0.9,-0.14,33.4,-46.37
229,-0.05,-0.44,0.92,0.65,33.32,-45.4
230,-0.05,-0.47,0.91,3.21,32.13,-42.18
231,-0.06,-0.49,0.9,6.92,27.86,-41.34
232,-0.01,-0.47,0.89,9.63,32.37,-38.72
233,-0.03,-0.44,0.86,7.46,34.39,-34.41
234,-0.06,-0.41,0.88,4.52,33.62,-33.16
235,-0.06,-0.38,0.87,3.51,31.24,-34.92
236,-0.06,-0.35,0.88,1.85,27.83,-36.13
237,-0.06,-0.35,0.88,0.09,24.92,-37.33
238,-0.05,-0.38,0.89,-2.05,22.99,-36.49
239,-0.07,-0.39,0.9,-2.06,18.92,-34.84
240,-0.07,-0.38,0.91,-2.05,14.35,-33.07
241,-0.06,-0.36,0.94,-2.87,10.72,-29.66
242,-0.08,-0.34,0.94,-5.19,8.7,-27.24
243,-0.08,-0.35,0.96,-5.43,4.18,-24.89
244,-0.08,-0.37,0.98,-7.31,-2.4,-21.39
245,-0.05,-0.39,0.97,-11.27,-4.76,-17.05
246,-0.06,-0.39,0.96,-14.02,-9.28,-13.81
247,-0.07,-0.41,0.96,-14.35,-14.9,-15.21
248,-0.1,-0.43,0.95,-11.84,-23.58,-18.57
249,-0.11,-0.43,0.95,-9.13,-34.05,-22.44
250,-0.1,-0.4,0.94,-8.49,-42.43,-25.35
251,-0.09,-0.4,0.94,-8.01,-46.93,-22.66
252,-0.1,-0.42,0.92,-7.23,-49.55,-17.47
253,-0.1,-0.42,0.89,-6.76,-55.15,-13.32
254,-0.07,-0.45,0.88,-4.77,-63.04,-10.31
255,-0.04,-0.47,0.91,0.92,-70.01,-5.85
256,0.01,-0.43,0.88,5.48,-73.89,-2.08
257,0.1,-0.4,0.87,6.2,-69.75,-0.56
258,0.16,-0.38,0.85,6.92,-59.94,-0.25
259,0.24,-0.37,0.85,7.37,-48.05,-0.71
260,0.34,-0.35,0.86,4.44,-28.98,-2.87
261,0.43,-0.36,0.87,3.64,-3.92,-8.11
262,0.46,-0.37,0.9,5.42,22.54,-17.01
263,0.44,-0.43,0.92,13.33,48.84,-25.95
264,0.37,-0.43,0.91,24.35,69.86,-31.15
265,0.27,-0.4,0.89,35.15,85.79,-31.42
266,0.21,-0.31,0.83,40.29,97.36,-25.79
267,0.14,-0.21,0.78,34.33,106.11,-23.02
268,0.07,-0.14,0.74,23.85,111.73,-19.63
269,-0.0,-0.13,0.73,11.59,112.06,-16.55
270,-0.07,-0.16,0.76,4.28,108.18,-15.96
271,-0.13,-0.21,0.8,2.72,99.46,-20.15
272,-0.16,-0.25,0.83,3.91,88.59,-24.99
273,-0.23,-0.25,0.84,5.6,74.46,-29.91
274,-0.25,-0.27,0.85,7.07,60.45,-33.36
275,-0.26,-0.27,0.86,6.58,48.63,-35.51
276,-0.22,-0.26,0.88,3.95,38.44,-33.1
277,-0.18,-0.29,0.88,-0.27,31.77,-29.18
278,-0.16,-0.29,0.9,-7.43,27.24,-24.34
279,-0.1,-0.27,0.91,-14.72,23.71,-20.75
280,-0.07,-0.31,0.94,-21.94,22.08,-22.1
281,-0.05,-0.36,0.99,-24.71,20.8,-26.31
282,-0.06,-0.41,1.01,-24.45,20.56,-31.33
283,-0.08,-0.46,1.05,-19.44,18.27,-36.0
284,-0.1,-0.49,1.06,-11.99,16.5,-39.55
285,-0.1,-0.5,1.04,-6.19,15.97,-40.72
286,-0.13,-0.51,1.02,-0.76,16.82,-40.32
287,-0.15,-0.5,0.98,1.89,16.85,-37.4
288,-0.16,-0.49,0.96,0.41,16.53,-33.84
289,-0.16,-0.44,0.93,-1.92,14.58,-28.38
290,-0.14,-0.4,0.92,-4.48,14.49,-21.67
291,-0.1,-0.39,0.91,-8.73,17.31,-17.44
292,-0.1,-0.38,0.93,-10.69,19.04,-14.39
293,-0.09,-0.37,0.92,-10.95,17.59,-13.68
294,-0.09,-0.36,0.9,-11.92,18.21,-15.83
295,-0.11,-0.36,0.9,-11.54,17.5,-19.01
296,-0.14,-0.38,0.89,-12.26,16.17,-23.11
297,-0.18,-0.42,0.91,-10.18,14.45,-25.37
298,-0.24,-0.43,0.92,-5.81,10.66,-27.48
299,-0.23,-0.43,0.91,-2.43,5.74,-29.86
300,-0.25,-0.43,0.9,-1.23,2.13,-29.75
301,-0.24,-0.42,0.92,0.09,-0.06,-25.31
302,-0.23,-0.4,0.91,0.2,-1.36,-19.6
303,-0.21,-0.38,0.91,-0.84,-1.71,-13.37
304,-0.2,-0.37,0.9,-2.15,-2.23,-8.69
305,-0.18,-0.36,0.89,-4.08,-2.28,-4.83
306,-0.17,-0.35,0.89,-5.27,-3.35,-2.73
307,-0.16,-0.34,0.9,-5.77,-6.05,0.02
308,-0.14,-0.35,0.88,-7.04,-8.92,1.63
309,-0.12,-0.35,0.91,-7.05,-12.27,3.05
310,-0.08,-0.35,0.91,-7.08,-15.79,4.07
311,-0.05,-0.34,0.92,-8.05,-14.99,3.79
312,-0.01,-0.34,0.91,-9.04,-16.32,1.68
313,0.01,-0.34,0.92,-10.92,-16.95,-1.85
314,0.01,-0.35,0.93,-12.0,-15.05,-7.36
315,0.01,-0.38,0.94,-11.47,-12.9,-12.23
316,-0.0,-0.4,0.93,-9.85,-9.58,-18.34
317,-0.02,-0.42,0.94,-5.95,-9.13,-22.6
318,-0.03,-0.43,0.95,-2.28,-7.89,-25.93
319,-0.03,-0.42,0.93,-0.02,-6.62,-27.24
320,-0.04,-0.41,0.92,0.33,-4.9,-26.69
321,-0.04,-0.41,0.92,-0.3,-3.51,-25.44
322,-0.05,-0.41,0.91,-1.44,-1.18,-22.88
323,-0.05,-0.4,0.91,-1.52,1.21,-21.6
324,-0.04,-0.39,0.9,-1.73,2.85,-20.56
325,-0.06,-0.39,0.9,-2.34,4.47,-21.42
326,-0.06,-0.37,0.9,-3.31,5.7,-20.22
327,-0.09,-0.38,0.91,-2.99,6.3,-19.32
328,-0.1,-0.38,0.9,-2.49,5.12,-19.41
329,-0.1,-0.39,0.9,-2.44,2.63,-19.31
330,-0.11,-0.38,0.89,-2.34,0.76,-19.12
331,-0.11,-0.37,0.9,-2.17,-1.71,-18.21
332,-0.12,-0.38,0.9,-2.82,-3.05,-17.33
333,-0.12,-0.4,0.91,-2.12,-3.61,-15.83
334,-0.12,-0.4,0.91,-1.88,-3.76,-14.28
335,-0.1,-0.4,0.92,-0.29,-3.6,-11.61
336,-0.09,-0.39,0.91,0.47,-2.11,-11.52
337,-0.09,-0.38,0.9,0.14,-0.71,-11.53
338,-0.08,-0.37,0.88,-2.42,0.56,-12.6
339,-0.09,-0.38,0.88,-6.14,3.66,-14.5
340,-0.1,-0.38,0.89,-7.82,5.3,-15.95
341,-0.1,-0.39,0.91,-8.08,4.82,-18.55
342,-0.07,-0.39,0.91,-8.58,5.13,-20.94
343,-0.05,-0.38,0.89,-9.44,6.53,-25.6
344,-0.04,-0.38,0.91,-10.63,11.15,-27.56
345,-0.05,-0.4,0.9,-9.53,12.64,-24.89
346,0.02,-0.62,0.84,1.15,-4.4,11.97
347,-0.03,-0.29,0.86,-17.51,16.63,-23.55
348,-0.06,-0.37,0.86,-15.74,17.34,-30.15
349,-0.08,-0.38,0.86,-18.37,17.38,-29.08
350,-0.09,-0.37,0.86,-22.31,21.81,-23.47
351,-0.09,-0.37,0.86,-12.98,7.63,-16.89
352,0.03,-0.34,0.78,-4.38,-8.42,-5.58
353,-0.09,-0.35,0.89,-12.76,-0.61,-7.26
354,-0.02,-0.34,0.85,-16.11,3.37,2.53
355,0.0,-0.32,0.86,-15.81,-5.16,1.1
356,0.16,-0.11,1.03,-7.32,-70.37,10.48
357,-0.05,-0.36,0.98,-28.9,10.54,-11.15
358,-0.02,-0.36,0.87,-12.06,-20.56,-10.64
359,0.08,-0.32,0.94,-12.53,-14.43,-9.97
360,0.03,-0.37,0.91,-15.32,-11.41,-10.07
361,0.01,-0.38,0.93,-13.11,-13.15,-12.04
362,-0.03,-0.41,0.91,-7.76,-21.82,-15.23
363,-0.07,-0.49,0.9,0.42,-39.95,-9.48
364,0.04,-0.45,0.95,-5.6,-25.95,-11.06
365,0.05,-0.47,0.95,-3.06,-25.66,-8.71
366,0.03,-0.47,0.92,-3.6,-25.56,-12.09
367,0.0,-0.47,0.92,-5.89,-22.33,-9.66
368,0.02,-0.47,0.94,-4.85,-23.99,-0.94
369,0.16,-0.4,0.91,10.31,-34.41,45.68
370,0.05,-0.44,0.92,-2.79,-18.18,35.51
371,0.06,-0.45,0.97,0.1,-20.72,34.47
372,0.12,-0.44,0.94,4.67,-19.96,55.96
373,0.08,-0.44,0.96,1.4,-15.6,44.32
374,0.05,-0.46,0.95,0.44,-13.91,21.6
375,0.04,-0.45,0.93,-0.03,-15.85,7.14
376,0.03,-0.45,0.95,-3.98,-17.37,-5.85
377,0.04,-0.45,0.94,-5.61,-13.88,-14.74
378,0.04,-0.45,0.94,-8.78,-9.15,-20.39
379,0.08,-0.44,0.93,-7.02,-5.53,-15.61
380,0.08,-0.43,0.91,-6.28,-2.73,-7.98
381,0.05,-0.42,0.88,-7.25,1.15,-6.81
382,0.03,-0.43,0.89,-7.34,1.87,-8.27
383,0.02,-0.44,0.89,-6.29,1.05,-10.63
384,0.01,-0.43,0.89,-4.34,0.29,-12.11
385,0.02,-0.41,0.88,-4.81,-0.3,-13.31
386,0.03,-0.41,0.89,-4.86,-0.77,-11.66
387,0.02,-0.41,0.9,-4.76,0.06,-10.73
388,0.02,-0.42,0.9,-3.78,0.9,-7.63
389,0.02,-0.41,0.9,-5.07,0.82,-7.56
390,0.05,-0.4,0.9,-6.56,0.6,-8.76
391,0.05,-0.39,0.91,-7.08,1.31,-7.24
392,0.06,-0.4,0.92,-5.94,3.61,-5.69
393,0.06,-0.4,0.91,-6.45,5.56,-8.91
394,0.06,-0.4,0.91,-6.35,6.9,-14.55
395,0.07,-0.4,0.92,-3.5,6.1,-10.92
396,0.04,-0.41,0.91,-2.01,7.79,-7.67
397,0.03,-0.41,0.89,-2.06,6.14,-9.05
398,0.03,-0.4,0.89,-2.32,5.61,-9.51
399,0.03,-0.4,0.87,-3.18,6.49,-7.12
