,accel_x,accel_y,accel_z,gyro_x,gyro_y,gyro_z
0,0.05,-0.02,0.97,-3.1,-0.57,-1.37
1,0.05,-0.02,0.97,-4.09,-0.61,-3.27
2,0.06,-0.02,0.97,-4.71,-2.96,-4.31
3,0.05,-0.04,0.99,-4.99,-3.11,-4.28
4,0.05,-0.04,0.99,-5.06,-2.15,-4.15
5,0.05,-0.04,1.0,-5.06,-1.37,-3.61
6,0.07,-0.04,0.99,-4.82,-3.64,-2.52
7,0.07,-0.04,1.0,-5.03,-1.16,-3.12
8,0.07,-0.05,0.99,-5.56,-1.0,-4.05
9,0.06,-0.06,1.01,-5.26,-1.11,-5.62
10,0.05,-0.07,1.02,-4.13,-1.77,-6.37
11,0.05,-0.07,1.02,-3.23,-1.08,-6.72
12,0.05,-0.07,1.02,-2.31,1.14,-5.85
13,0.06,-0.07,1.0,-1.93,3.17,-5.7
14,0.06,-0.07,1.0,-0.9,2.58,-5.22
15,0.05,-0.06,0.99,-0.97,2.72,-4.71
16,0.05,-0.05,0.99,-1.34,2.69,-4.63
17,0.02,-0.07,0.99,-0.87,1.31,-5.52
18,0.0,-0.07,0.98,-0.89,-2.18,-5.76
19,0.01,-0.06,0.99,-1.08,-2.63,-4.74
20,0.02,-0.07,0.99,-1.48,-2.42,-3.96
21,0.03,-0.07,0.99,-1.24,-1.15,-2.9
22,0.03,-0.06,1.0,-0.57,-0.34,-2.53
23,0.05,-0.04,0.99,-0.16,0.27,-1.31
24,0.05,-0.03,0.97,-0.63,1.76,-1.73
25,0.03,-0.03,0.98,-0.73,0.35,-3.14
26,0.04,-0.03,0.97,-0.61,-1.24,-3.31
27,0.03,-0.02,0.97,-1.38,-0.66,-2.92
28,0.03,-0.02,0.96,-2.37,-0.59,-2.15
29,0.03,-0.03,0.97,-3.35,-0.5,-2.18
30,0.04,-0.04,0.96,-3.76,-1.25,-2.29
31,0.04,-0.04,0.98,-3.92,-1.66,-2.89
32,0.04,-0.05,0.99,-3.33,-1.44,-3.54
33,0.05,-0.06,0.99,-2.85,-1.23,-2.08
34,0.06,-0.05,0.99,-3.31,0.02,-2.42
35,0.06,-0.06,1.0,-2.91,0.25,-2.41
36,0.06,-0.05,1.0,-2.52,0.71,-2.62
37,0.06,-0.05,1.0,-2.46,1.18,-2.82
38,0.07,-0.04,0.99,-2.38,1.29,-2.77
39,0.08,-0.03,0.99,-2.78,2.94,-3.11
40,0.08,-0.04,0.99,-3.37,3.63,-4.32
41,0.08,-0.04,0.99,-3.79,2.89,-6.18
42,0.07,-0.03,0.99,-3.15,2.02,-6.72
43,0.06,-0.03,0.98,-3.43,0.85,-7.18
44,0.04,-0.04,0.98,-3.73,0.04,-6.6
45,0.04,-0.05,0.98,-4.31,-0.69,-5.5
46,0.04,-0.05,0.99,-4.59,-0.48,-4.99
47,0.04,-0.06,0.99,-4.19,-0.63,-4.98
48,0.05,-0.06,1.0,-4.11,-0.07,-4.65
49,0.05,-0.06,0.99,-4.21,0.84,-4.28
50,0.05,-0.06,1.0,-4.27,0.89,-4.88
51,0.05,-0.06,0.98,-3.91,0.98,-5.28
52,0.04,-0.06,0.99,-3.27,-1.37,-4.97
53,0.03,-0.05,0.98,-3.47,-1.02,-5.05
54,0.03,-0.06,0.99,-4.1,-0.78,-4.78
55,0.02,-0.06,0.99,-4.15,-1.05,-5.08
56,0.03,-0.07,1.0,-3.27,-1.82,-5.12
57,0.03,-0.06,1.0,-3.08,-0.58,-3.99
58,0.03,-0.06,0.99,-2.79,0.23,-3.53
59,0.04,-0.06,1.0,-2.15,1.05,-3.53
60,0.05,-0.05,0.98,-1.3,0.15,-2.99
61,0.04,-0.04,0.97,-1.85,1.16,-3.46
62,0.03,-0.04,0.97,-2.97,0.45,-3.8
63,0.02,-0.04,0.97,-4.15,-0.63,-4.19
64,0.02,-0.04,0.97,-4.47,-1.8,-4.06
65,0.02,-0.04,0.98,-4.93,-1.72,-4.32
66,0.01,-0.06,0.99,-5.17,-2.04,-4.17
67,0.02,-0.06,1.0,-4.76,-2.0,-3.73
68,0.01,-0.06,1.0,-4.37,-2.09,-3.52
69,0.02,-0.06,1.0,-4.34,-2.69,-2.18
70,0.01,-0.05,0.99,-4.53,-2.15,-0.98
71,0.01,-0.07,1.0,-3.81,-1.74,-0.3
72,0.03,-0.06,1.01,-4.35,-0.89,-0.08
73,0.04,-0.06,1.01,-3.24,-2.18,0.16
74,0.04,-0.06,1.01,-2.04,-2.47,-0.58
75,0.05,-0.05,1.0,-2.11,-2.21,-1.57
76,0.06,-0.04,0.99,-2.38,-1.31,-2.21
77,0.05,-0.05,1.0,-1.89,-0.42,-2.41
78,0.05,-0.05,0.98,-1.35,-0.79,-1.53
79,0.06,-0.04,0.98,-2.42,0.95,-1.34
80,0.05,-0.04,0.97,-3.29,0.47,-1.76
81,0.04,-0.05,0.97,-3.11,-2.36,-1.79
82,0.05,-0.04,0.98,-3.02,-2.52,-2.38
83,0.06,-0.05,0.98,-3.26,-2.17,-2.89
84,0.06,-0.05,0.99,-3.31,-1.26,-3.05
85,0.06,-0.04,0.97,-3.52,-0.47,-3.25
86,0.06,-0.04,0.98,-3.79,0.15,-3.46
87,0.06,-0.04,0.97,-4.34,0.92,-3.98
88,0.06,-0.04,0.96,-5.18,0.4,-4.63
89,0.05,-0.04,0.98,-5.91,-0.69,-5.23
90,0.05,-0.06,0.99,-5.75,-1.85,-6.31
91,0.05,-0.06,1.01,-5.16,-1.56,-6.19
92,0.06,-0.06,0.99,-5.22,-0.03,-6.05
93,0.05,-0.06,1.0,-5.25,2.19,-5.12
94,0.04,-0.06,0.99,-5.08,1.57,-5.95
95,0.04,-0.06,0.99,-4.75,-0.15,-6.08
96,0.05,-0.07,0.99,-4.68,-0.63,-6.27
97,0.04,-0.07,1.0,-4.18,-0.89,-4.98
98,0.04,-0.07,1.0,-4.19,-0.53,-4.33
99,0.04,-0.06,1.0,-4.16,1.13,-2.98
100,0.05,-0.06,1.0,-3.92,2.97,-2.21
101,0.04,-0.05,1.0,-3.76,3.94,-1.76
102,0.05,-0.05,0.99,-3.35,4.61,-1.89
103,0.04,-0.05,0.98,-3.45,5.04,-1.19
104,0.04,-0.04,0.97,-4.13,4.06,-2.63
105,0.03,-0.05,0.97,-4.19,2.41,-3.31
106,0.03,-0.04,0.96,-4.34,0.62,-4.73
107,0.03,-0.05,0.96,-4.91,-0.53,-5.37
108,0.04,-0.06,0.97,-5.61,0.51,-5.32
109,0.04,-0.06,0.97,-5.45,0.97,-4.84
110,0.04,-0.06,0.97,-5.76,1.79,-4.81
111,0.05,-0.05,0.98,-6.02,2.54,-5.54
112,0.04,-0.05,0.98,-6.46,2.96,-6.48
113,0.03,-0.04,0.97,-6.92,2.36,-7.58
114,0.02,-0.05,0.97,-7.75,1.89,-8.47
115,0.01,-0.05,0.97,-8.14,0.79,-9.03
116,0.0,-0.06,0.98,-8.6,0.95,-8.77
117,0.0,-0.06,0.98,-9.15,1.39,-7.82
118,-0.0,-0.06,0.97,-9.15,0.87,-5.78
119,-0.0,-0.06,0.99,-9.08,1.41,-3.47
120,0.01,-0.05,0.98,-9.19,1.6,-2.07
121,0.02,-0.05,0.98,-9.56,3.12,-1.44
122,0.02,-0.03,0.97,-10.8,5.42,-0.74
123,0.01,-0.02,0.95,-12.3,8.41,0.92
124,-0.0,0.01,0.95,-14.77,12.65,3.0
125,0.0,0.02,0.95,-18.86,22.92,9.26
126,-0.02,0.01,0.95,-22.72,31.6,13.08
127,-0.04,0.02,0.97,-24.64,39.18,14.95
128,-0.08,0.02,0.97,-25.21,43.76,13.65
129,-0.15,0.02,0.93,-25.18,41.65,6.8
130,-0.23,0.04,0.87,-26.91,34.23,-2.66
131,-0.36,-0.03,0.81,-31.5,22.28,-17.05
132,-0.55,-0.13,0.77,-36.24,8.52,-28.66
133,-0.78,-0.25,0.81,-44.02,-8.71,-35.3
134,-0.93,-0.39,0.87,-45.39,-17.69,-27.76
135,-1.06,-0.52,0.9,-44.61,-25.85,-16.03
136,-1.28,-0.62,0.92,-47.38,-38.04,-5.46
137,-1.37,-0.77,0.98,-47.67,-43.61,16.96
138,-1.41,-0.88,1.08,-45.78,-38.6,44.47
139,-1.44,-1.01,1.19,-40.68,-20.89,75.57
140,-1.47,-1.12,1.28,-33.76,3.4,111.63
141,-1.49,-1.21,1.32,-22.56,23.52,145.3
142,-1.51,-1.3,1.28,-10.63,31.24,173.12
143,-1.47,-1.36,1.25,3.66,32.65,198.24
144,-1.39,-1.38,1.2,15.95,25.42,221.89
145,-1.29,-1.31,1.11,23.81,21.49,250.13
146,-0.99,-1.2,1.03,28.97,34.91,250.13
147,-0.63,-1.0,0.85,22.27,40.08,250.13
148,-0.25,-0.8,0.65,8.02,16.21,250.13
149,0.26,-0.73,0.73,3.19,-5.77,250.13
150,0.52,-0.38,0.38,-23.08,-76.4,250.13
151,0.93,-0.4,0.62,-29.06,-114.72,222.88
152,1.14,-0.49,0.97,-22.55,-122.12,195.24
153,1.32,-0.49,1.18,-18.92,-108.47,182.63
154,1.45,-0.46,1.28,-12.22,-77.85,172.09
155,1.44,-0.42,1.3,-2.95,-54.85,158.16
156,1.35,-0.36,1.26,9.08,-44.69,140.8
157,1.28,-0.29,1.18,17.33,-38.33,125.82
158,1.18,-0.22,1.05,23.36,-41.53,104.8
159,1.07,-0.2,0.97,28.21,-44.02,89.69
160,0.93,-0.13,0.87,33.84,-47.71,88.72
161,1.01,-0.06,0.75,17.44,-53.45,93.2
162,1.14,0.02,0.73,-1.24,-63.21,76.58
163,1.27,-0.15,1.09,-4.5,-50.98,57.92
164,1.14,-0.26,1.24,6.04,-24.35,46.02
165,0.82,-0.29,1.28,27.89,-13.37,37.77
166,0.62,-0.21,1.11,48.0,-20.69,26.98
167,0.54,-0.07,0.93,56.77,-25.58,18.97
168,0.49,0.04,0.81,61.41,-24.85,14.98
169,0.48,0.1,0.7,43.86,-22.12,15.33
170,0.41,0.17,0.64,30.77,-18.73,16.3
171,0.38,0.19,0.66,15.3,-17.38,14.56
172,0.4,0.16,0.72,4.3,-14.47,13.7
173,0.39,0.1,0.79,-1.27,-10.69,11.89
174,0.36,0.05,0.85,-1.72,-9.73,6.85
175,0.35,0.02,0.91,2.47,-11.69,0.22
176,0.34,0.03,0.91,7.54,-14.02,-8.63
177,0.32,0.05,0.91,11.89,-16.36,-18.0
178,0.28,0.05,0.89,14.42,-18.45,-23.79
179,0.24,0.07,0.88,13.34,-19.0,-28.0
180,0.2,0.06,0.89,11.43,-19.71,-30.42
181,0.16,0.05,0.93,9.97,-18.96,-30.08
182,0.11,0.03,0.94,9.44,-18.18,-27.4
183,0.1,0.01,0.94,7.03,-17.53,-23.49
184,0.09,0.01,0.93,4.72,-15.92,-18.57
185,0.09,0.01,0.93,1.73,-12.9,-12.79
186,0.12,0.02,0.93,-2.15,-10.34,-8.39
187,0.15,0.02,0.93,-5.61,-6.61,-5.72
188,0.15,0.02,0.96,-7.06,-4.03,-5.16
189,0.16,-0.0,0.97,-6.43,-4.33,-5.31
190,0.17,-0.01,0.98,-5.06,-6.46,-7.23
191,0.2,-0.01,0.97,-3.42,-9.5,-10.66
192,0.22,-0.0,0.97,-1.58,-10.62,-14.88
193,0.23,-0.0,0.96,-0.16,-11.56,-17.38
194,0.22,0.01,0.96,0.15,-12.08,-19.98
195,0.23,0.03,0.95,-0.58,-11.11,-21.99
196,0.23,0.04,0.95,-1.96,-8.5,-22.92
197,0.21,0.06,0.95,-4.34,-4.17,-22.3
198,0.2,0.06,0.96,-7.27,-0.73,-20.63
199,0.21,0.06,0.94,-9.74,2.14,-19.19
200,0.2,0.07,0.95,-12.32,4.08,-19.84
201,0.21,0.07,0.96,-13.54,4.41,-22.21
202,0.18,0.06,0.96,-14.7,2.61,-25.63
203,0.17,0.04,0.97,-13.22,-2.31,-30.02
204,0.14,0.02,0.97,-9.91,-7.02,-34.37
205,0.14,0.01,0.97,-7.47,-11.6,-37.27
206,0.13,0.03,0.98,-7.29,-13.65,-36.11
207,0.17,0.02,0.97,-9.34,-12.37,-34.09
208,0.19,0.01,0.97,-11.55,-6.85,-31.92
209,0.19,0.01,0.99,-13.52,-1.61,-30.53
210,0.19,-0.02,0.99,-14.24,2.9,-28.21
211,0.17,-0.05,0.99,-14.88,5.58,-28.67
212,0.14,-0.04,0.99,-14.93,4.34,-30.56
213,0.12,-0.05,1.0,-13.82,0.72,-32.34
214,0.12,-0.06,1.01,-12.82,-2.56,-33.3
215,0.11,-0.06,1.01,-12.08,-3.98,-33.7
216,0.11,-0.07,1.01,-10.61,-5.25,-33.11
217,0.14,-0.06,1.02,-9.18,-4.87,-32.29
218,0.14,-0.04,1.0,-9.39,-2.76,-31.49
219,0.12,-0.03,0.99,-10.34,-1.24,-30.92
220,0.11,-0.02,0.97,-11.49,0.14,-30.71
221,0.12,-0.02,0.98,-12.98,0.94,-29.92
222,0.14,0.0,0.99,-15.03,3.06,-30.3
223,0.12,-0.01,1.0,-17.02,5.27,-30.08
224,0.13,-0.02,1.01,-16.89,5.27,-30.1
225,0.13,-0.04,1.02,-15.97,6.11,-32.09
226,0.11,-0.05,1.03,-14.76,3.92,-35.4
227,0.1,-0.07,1.04,-12.55,2.3,-37.01
228,0.1,-0.07,1.04,-9.93,0.38,-37.87
229,0.08,-0.08,1.03,-8.31,0.95,-37.26
230,0.08,-0.08,1.02,-6.67,1.82,-36.15
231,0.08,-0.08,1.01,-6.36,2.21,-34.92
232,0.1,-0.08,1.01,-5.86,2.28,-33.31
233,0.09,-0.06,0.99,-6.04,4.46,-31.82
234,0.08,-0.06,0.98,-7.1,5.07,-30.62
235,0.08,-0.04,0.97,-8.89,5.8,-29.24
236,0.09,-0.04,0.96,-10.78,6.81,-26.96
237,0.09,-0.05,0.98,-11.64,7.75,-26.44
238,0.09,-0.06,0.98,-12.05,8.53,-26.5
239,0.09,-0.07,0.98,-11.51,8.89,-26.29
240,0.1,-0.06,0.98,-10.58,8.19,-26.0
241,0.07,-0.06,0.98,-11.11,7.58,-26.15
242,0.06,-0.05,0.97,-10.7,5.68,-25.25
243,0.06,-0.06,0.98,-10.75,4.3,-24.49
244,0.08,-0.07,1.0,-10.95,4.87,-24.09
245,0.1,-0.07,1.0,-11.18,5.94,-23.78
246,0.11,-0.07,1.0,-11.16,6.77,-24.08
247,0.12,-0.08,1.0,-9.93,6.49,-24.08
248,0.1,-0.08,1.0,-9.75,7.27,-24.58
249,0.09,-0.07,1.0,-10.0,6.98,-25.16
250,0.09,-0.06,1.01,-9.79,6.55,-24.74
251,0.08,-0.07,1.0,-9.65,7.15,-22.7
252,0.07,-0.06,1.0,-10.2,7.56,-20.17
253,0.09,-0.06,1.01,-10.22,7.05,-17.8
254,0.1,-0.05,1.01,-10.29,6.56,-16.84
255,0.11,-0.06,1.03,-8.89,5.63,-16.64
256,0.1,-0.07,1.04,-5.97,4.22,-16.7
257,0.1,-0.07,1.06,-3.53,3.45,-17.22
258,0.11,-0.07,1.04,-2.33,4.66,-18.06
259,0.1,-0.07,1.03,-1.88,4.96,-20.4
260,0.1,-0.09,1.01,-1.33,4.23,-22.68
261,0.06,-0.1,1.01,-0.86,3.66,-24.74
262,0.07,-0.11,1.02,0.31,0.84,-25.94
263,0.07,-0.1,1.01,1.77,0.27,-25.24
264,0.05,-0.09,1.0,2.3,-0.61,-24.68
265,0.06,-0.08,0.99,1.62,0.62,-22.01
266,0.07,-0.07,0.98,-0.43,2.62,-19.35
267,0.08,-0.06,0.97,-2.26,4.85,-17.21
268,0.07,-0.07,0.96,-4.29,6.63,-15.92
269,0.06,-0.07,0.95,-5.61,5.47,-17.05
270,0.06,-0.08,0.96,-6.02,3.3,-17.02
271,0.07,-0.08,0.96,-5.53,0.39,-18.72
272,0.06,-0.08,0.96,-5.12,-3.05,-21.78
273,0.08,-0.08,0.96,-5.21,-2.87,-22.73
274,0.08,-0.07,0.97,-5.89,-0.9,-22.44
275,0.08,-0.07,0.96,-7.39,1.14,-21.94
276,0.07,-0.08,0.95,-9.24,4.76,-20.13
277,0.05,-0.08,0.96,-10.15,5.53,-17.75
278,0.04,-0.09,0.96,-10.18,6.03,-14.98
279,0.04,-0.08,0.97,-10.11,4.37,-13.79
280,0.04,-0.08,0.97,-9.38,2.0,-13.21
281,0.05,-0.07,0.96,-9.53,-0.91,-14.15
282,0.06,-0.07,0.97,-9.11,-1.31,-15.02
283,0.08,-0.07,0.98,-8.92,-1.62,-17.31
284,0.07,-0.06,0.99,-9.25,-1.56,-18.88
285,0.07,-0.08,0.98,-9.76,-0.63,-20.25
286,0.06,-0.09,1.0,-9.86,0.22,-21.2
287,0.06,-0.1,1.01,-8.92,1.07,-20.06
288,0.05,-0.1,1.02,-8.25,1.4,-19.31
289,0.04,-0.11,1.04,-7.17,1.85,-18.62
290,0.03,-0.11,1.03,-5.79,1.85,-16.56
291,0.04,-0.11,1.03,-4.83,3.74,-14.41
292,0.08,-0.1,1.02,-4.51,6.92,-13.1
293,0.08,-0.11,1.02,-3.89,8.17,-12.85
294,0.09,-0.11,1.03,-2.53,7.92,-12.63
295,0.09,-0.1,1.01,-1.45,8.11,-14.95
296,0.08,-0.09,1.0,-0.71,7.2,-18.62
297,0.08,-0.08,0.99,-0.57,6.25,-21.14
298,0.05,-0.08,0.98,-0.98,4.32,-24.89
299,0.04,-0.09,0.98,-1.07,2.05,-26.4
300,0.02,-0.1,0.98,-1.11,1.51,-27.84
301,0.02,-0.1,0.99,-1.42,1.96,-26.18
302,0.01,-0.11,0.99,-1.14,3.66,-22.75
303,0.03,-0.1,0.99,-1.81,5.11,-19.34
304,0.04,-0.1,1.0,-2.4,8.65,-14.86
305,0.05,-0.09,0.98,-2.18,10.21,-12.52
306,0.07,-0.09,0.98,-2.81,12.51,-12.42
307,0.07,-0.07,0.98,-2.81,11.97,-14.75
308,0.06,-0.08,0.97,-2.2,10.92,-17.64
309,0.04,-0.09,0.97,-0.98,6.9,-19.48
310,0.02,-0.09,0.97,-0.4,5.19,-19.92
311,0.03,-0.08,0.96,-1.15,6.18,-18.4
312,0.04,-0.07,0.95,-2.66,8.36,-15.51
313,0.04,-0.06,0.95,-4.27,10.4,-12.32
314,0.05,-0.06,0.94,-5.82,11.08,-10.45
315,0.06,-0.05,0.95,-6.95,11.53,-10.82
316,0.07,-0.05,0.96,-7.04,11.73,-9.97
317,0.09,-0.04,0.97,-7.98,13.34,-10.43
318,0.08,-0.04,0.97,-8.1,14.21,-12.66
319,0.06,-0.05,0.97,-6.99,11.69,-16.63
320,0.04,-0.06,0.98,-6.1,8.15,-21.05
321,0.04,-0.07,0.99,-5.08,5.31,-24.28
322,0.02,-0.08,0.99,-4.75,4.37,-25.85
323,0.02,-0.07,0.98,-4.32,3.78,-26.44
324,-0.0,-0.08,0.99,-4.2,2.63,-27.7
325,0.0,-0.08,0.99,-4.09,2.94,-26.64
326,0.01,-0.09,0.98,-4.57,3.9,-25.16
327,0.01,-0.1,0.99,-3.89,4.11,-22.67
328,0.01,-0.1,0.99,-3.73,6.42,-19.23
329,0.02,-0.1,0.99,-4.37,8.43,-16.54
330,0.02,-0.1,0.99,-4.4,9.66,-14.5
331,0.03,-0.1,0.98,-5.1,11.42,-14.13
332,0.04,-0.1,0.98,-4.5,10.61,-14.23
333,0.03,-0.1,1.0,-3.99,11.13,-16.45
334,0.03,-0.09,0.99,-2.89,10.59,-18.27
335,0.02,-0.1,0.99,-2.69,10.64,-19.79
336,0.0,-0.1,0.99,-2.58,9.91,-20.6
337,-0.0,-0.09,0.98,-3.05,9.31,-20.75
338,0.01,-0.09,0.97,-3.01,8.6,-20.64
339,0.02,-0.09,0.99,-3.24,8.76,-20.15
340,0.0,-0.09,0.97,-3.05,8.51,-20.22
341,0.01,-0.09,0.97,-3.47,7.45,-19.8
342,0.02,-0.08,0.98,-2.91,9.46,-19.34
343,0.03,-0.07,0.97,-3.56,11.83,-18.73
344,0.03,-0.08,0.97,-3.47,12.86,-19.09
345,0.01,-0.08,0.97,-3.11,11.4,-19.96
346,-0.0,-0.07,0.96,-3.21,10.43,-20.7
347,-0.02,-0.07,0.95,-3.97,8.1,-22.95
348,-0.02,-0.08,0.95,-3.35,5.1,-23.84
349,-0.03,-0.08,0.96,-4.15,4.94,-23.88
350,-0.04,-0.09,0.96,-4.99,4.34,-24.95
351,-0.05,-0.1,0.97,-5.1,3.88,-23.77
352,-0.04,-0.1,0.98,-5.62,5.35,-21.97
353,-0.03,-0.1,0.98,-6.51,7.44,-19.6
354,-0.04,-0.1,0.98,-7.0,8.72,-18.01
355,-0.03,-0.1,0.99,-6.94,8.9,-16.89
356,-0.02,-0.1,0.99,-6.27,8.4,-16.41
357,-0.03,-0.11,0.99,-6.42,7.73,-17.23
358,-0.03,-0.1,0.99,-5.66,6.47,-18.29
359,-0.04,-0.11,1.0,-4.76,4.33,-18.74
360,-0.05,-0.11,1.0,-4.0,2.34,-19.7
361,-0.05,-0.12,1.0,-3.84,1.99,-19.64
362,-0.04,-0.11,1.0,-3.56,2.34,-18.34
363,-0.03,-0.12,1.01,-3.55,3.7,-16.73
364,-0.03,-0.12,1.0,-3.13,4.49,-15.69
365,-0.02,-0.11,1.0,-2.99,5.94,-14.83
366,-0.02,-0.11,0.99,-2.66,6.37,-14.81
367,-0.02,-0.11,0.99,-2.84,6.16,-15.52
368,-0.04,-0.11,0.98,-2.64,5.38,-15.83
369,-0.03,-0.11,0.98,-2.21,3.87,-16.84
370,-0.04,-0.11,0.98,-1.94,4.22,-15.84
371,-0.06,-0.11,0.98,-1.47,4.87,-15.61
372,-0.08,-0.11,0.97,-1.76,3.66,-15.11
373,-0.07,-0.12,0.97,-1.65,3.05,-14.2
374,-0.07,-0.11,0.98,-1.93,4.28,-12.1
375,-0.06,-0.11,0.97,-2.31,4.74,-9.58
376,-0.06,-0.1,0.97,-3.27,5.66,-8.9
377,-0.05,-0.1,0.98,-3.11,5.34,-8.63
378,-0.04,-0.1,0.98,-2.6,5.79,-8.92
379,-0.05,-0.1,0.98,-2.31,4.48,-9.27
380,-0.04,-0.08,0.98,-3.11,5.3,-8.36
381,-0.03,-0.08,0.96,-4.08,6.16,-8.52
382,-0.03,-0.07,0.97,-4.23,5.65,-8.73
383,-0.02,-0.07,0.98,-5.03,5.73,-8.89
384,-0.01,-0.08,0.98,-4.58,4.4,-9.85
385,-0.01,-0.08,0.98,-4.8,2.09,-10.98
386,-0.01,-0.08,0.98,-5.25,2.34,-12.5
387,-0.01,-0.09,0.99,-4.94,0.85,-15.61
388,-0.02,-0.1,1.0,-4.3,-0.76,-17.31
389,-0.04,-0.1,1.0,-3.75,-1.16,-17.42
390,-0.04,-0.11,1.0,-3.51,-0.82,-16.21
391,-0.04,-0.12,0.99,-3.71,0.3,-14.47
392,-0.04,-0.12,0.99,-3.99,0.89,-12.93
393,-0.03,-0.12,1.01,-3.6,1.85,-11.95
394,-0.03,-0.12,0.99,-3.66,2.92,-11.15
395,-0.03,-0.13,1.0,-3.54,3.12,-11.15
396,-0.03,-0.12,1.0,-2.92,2.47,-11.27
397,-0.04,-0.12,1.0,-2.73,2.08,-11.68
398,-0.05,-0.13,1.0,-2.12,2.47,-11.98
399,-0.07,-0.14,0.99,-0.98,0.58,-12.06
400,-0.08,-0.14,0.99,-0.51,-1.81,-12.49
