,accel_x,accel_y,accel_z,gyro_x,gyro_y,gyro_z
0,-0.14,-0.15,0.97,-4.63,-6.15,-7.3
1,-0.13,-0.15,0.98,-4.73,-7.78,-6.01
2,-0.14,-0.16,0.99,-4.27,-7.94,-4.04
3,-0.13,-0.16,1.0,-3.29,-7.42,-3.21
4,-0.12,-0.16,1.01,-1.94,-6.34,-1.0
5,-0.13,-0.16,1.0,-1.21,-4.96,-0.05
6,-0.13,-0.15,1.0,-0.65,-4.36,1.51
7,-0.15,-0.16,0.98,-0.16,-4.32,3.03
8,-0.15,-0.15,0.98,-0.18,-6.26,3.86
9,-0.16,-0.15,0.97,-0.6,-8.5,4.11
10,-0.13,-0.15,0.98,-0.21,-10.31,5.69
11,-0.12,-0.14,0.99,-0.43,-9.59,7.01
12,-0.1,-0.14,0.99,-0.71,-7.93,8.18
13,-0.09,-0.13,0.99,-0.28,-6.69,9.15
14,-0.09,-0.13,0.99,-0.12,-6.44,8.96
15,-0.09,-0.12,0.97,-0.54,-6.63,8.74
16,-0.09,-0.11,0.97,-1.63,-6.64,7.87
17,-0.08,-0.11,0.97,-2.53,-6.72,6.86
18,-0.07,-0.11,0.97,-3.64,-6.07,6.03
19,-0.07,-0.11,0.99,-4.43,-6.19,4.38
20,-0.07,-0.12,0.99,-4.33,-6.23,3.74
21,-0.08,-0.13,1.0,-3.94,-6.92,3.02
22,-0.07,-0.14,1.01,-2.59,-7.07,3.47
23,-0.08,-0.14,1.0,-1.97,-6.28,3.97
24,-0.08,-0.14,1.0,-1.63,-6.16,4.76
25,-0.07,-0.14,1.0,-0.83,-5.92,6.06
26,-0.07,-0.13,1.0,-0.7,-4.84,6.56
27,-0.07,-0.14,0.99,-0.27,-4.98,6.79
28,-0.07,-0.13,0.98,0.28,-5.2,6.69
29,-0.07,-0.13,0.98,0.89,-5.47,6.81
30,-0.05,-0.13,0.97,0.42,-5.55,7.08
31,-0.05,-0.13,0.97,0.16,-4.76,7.69
32,-0.05,-0.12,0.97,-0.3,-4.83,7.6
33,-0.04,-0.12,0.97,-0.49,-4.57,8.33
34,-0.03,-0.11,0.96,-1.31,-4.37,8.89
35,-0.01,-0.1,0.95,-2.05,-3.42,8.76
36,-0.02,-0.11,0.96,-1.24,-5.63,7.52
37,-0.01,-0.11,0.97,-0.71,-8.84,6.53
38,-0.0,-0.11,0.96,-1.39,-7.99,5.08
39,0.0,-0.1,0.96,-1.91,-7.35,4.7
40,-0.01,-0.11,0.96,-2.42,-7.11,4.47
41,-0.01,-0.11,0.98,-2.82,-7.8,3.64
42,-0.01,-0.11,0.97,-2.85,-7.67,2.63
43,-0.01,-0.12,0.98,-2.85,-7.78,1.75
44,-0.01,-0.11,0.97,-3.33,-7.17,1.9
45,-0.01,-0.11,0.97,-4.24,-6.79,1.53
46,-0.02,-0.12,0.98,-4.15,-6.96,0.89
47,-0.01,-0.12,0.98,-4.56,-7.1,0.31
48,-0.02,-0.13,0.99,-5.05,-7.06,-0.24
49,-0.03,-0.13,0.99,-4.13,-8.02,0.37
50,-0.02,-0.13,0.99,-3.34,-7.84,1.17
51,-0.02,-0.13,0.99,-2.97,-6.39,2.07
52,-0.02,-0.14,0.99,-2.4,-5.56,2.49
53,-0.02,-0.13,1.0,-2.18,-4.91,2.73
54,-0.01,-0.13,0.99,-1.23,-4.24,2.77
55,-0.01,-0.12,0.99,-0.31,-3.4,2.76
56,0.0,-0.11,0.97,-0.13,-2.28,2.69
57,-0.01,-0.11,0.96,-0.7,-2.14,2.3
58,-0.02,-0.11,0.98,-1.36,-2.85,1.29
59,-0.02,-0.11,0.97,-0.88,-4.59,0.78
60,-0.0,-0.1,0.97,-1.64,-4.83,-0.34
61,-0.0,-0.1,0.96,-1.23,-3.76,-0.6
62,-0.02,-0.09,0.96,-1.69,-3.65,-1.08
63,-0.03,-0.09,0.95,-1.69,-3.44,-1.61
64,-0.04,-0.09,0.95,-2.66,-4.22,-2.6
65,-0.05,-0.1,0.96,-3.94,-5.31,-2.87
66,-0.06,-0.11,0.96,-4.25,-6.53,-2.4
67,-0.05,-0.12,0.98,-4.02,-7.16,-1.22
68,-0.04,-0.12,0.99,-4.19,-6.9,-0.3
69,-0.03,-0.13,1.0,-3.57,-5.92,0.54
70,-0.02,-0.12,1.0,-2.65,-5.12,1.94
71,-0.03,-0.12,1.0,-1.44,-4.98,2.25
72,-0.02,-0.12,0.98,-0.38,-5.89,2.12
73,-0.01,-0.11,0.98,0.26,-6.35,1.54
74,-0.01,-0.11,0.98,0.64,-6.94,1.73
75,0.03,-0.1,0.97,0.63,-5.4,1.98
76,0.05,-0.1,0.96,-0.01,-3.21,1.95
77,0.06,-0.09,0.96,-0.62,-2.08,2.02
78,0.08,-0.09,0.96,-1.91,0.29,0.49
79,0.08,-0.08,0.96,-2.92,1.14,-1.3
80,0.06,-0.08,0.96,-4.18,1.31,-3.49
81,0.05,-0.09,0.96,-4.36,-0.07,-5.08
82,0.03,-0.1,0.98,-4.93,-0.18,-7.11
83,0.02,-0.1,0.98,-5.24,-0.31,-7.68
84,0.01,-0.11,0.98,-5.53,0.73,-7.59
85,0.0,-0.12,0.99,-4.96,1.5,-6.33
86,-0.02,-0.13,0.99,-4.11,2.22,-5.88
87,-0.01,-0.12,0.99,-3.43,3.02,-5.37
88,-0.01,-0.12,0.98,-4.27,3.86,-5.02
89,-0.03,-0.12,0.97,-4.67,3.33,-4.99
90,-0.04,-0.13,0.98,-4.79,1.4,-6.02
91,-0.04,-0.13,0.98,-4.77,0.08,-6.28
92,-0.03,-0.13,0.98,-4.4,-1.11,-5.42
93,-0.01,-0.13,0.97,-4.75,-1.44,-4.0
94,-0.01,-0.12,0.98,-4.85,0.08,-3.9
95,-0.02,-0.13,0.99,-3.99,-0.44,-4.44
96,-0.02,-0.13,1.0,-3.07,-0.88,-4.68
97,-0.0,-0.12,0.98,-3.55,0.34,-4.98
98,-0.0,-0.12,0.98,-4.69,1.34,-5.47
99,-0.02,-0.13,0.98,-4.8,0.45,-5.95
100,-0.03,-0.13,1.0,-4.23,-0.9,-6.61
101,-0.03,-0.13,0.99,-3.55,-1.05,-5.79
102,-0.02,-0.12,0.98,-4.1,0.82,-4.99
103,-0.03,-0.13,0.99,-3.37,0.54,-4.52
104,-0.03,-0.13,0.98,-3.05,-0.26,-3.97
105,-0.03,-0.13,0.99,-2.92,-0.55,-4.38
106,-0.04,-0.12,0.98,-2.9,-0.69,-4.51
107,-0.04,-0.13,0.98,-2.91,-0.92,-4.66
108,-0.04,-0.13,0.98,-2.7,-0.82,-3.87
109,-0.02,-0.13,0.98,-2.53,0.11,-2.46
110,-0.02,-0.12,0.97,-2.66,-0.02,-2.16
111,-0.02,-0.12,0.97,-2.42,0.11,-2.02
112,-0.02,-0.12,0.97,-2.83,-0.89,-3.39
113,-0.02,-0.12,0.98,-2.75,-2.62,-3.96
114,-0.01,-0.12,0.98,-3.0,-3.16,-4.63
115,-0.01,-0.13,0.99,-2.97,-3.71,-4.92
116,-0.02,-0.13,1.0,-2.47,-3.17,-5.08
117,-0.01,-0.14,1.0,-1.61,-2.62,-4.73
118,-0.0,-0.13,1.0,0.02,-2.23,-3.24
119,0.01,-0.13,0.98,0.52,0.18,-1.9
120,0.02,-0.11,0.98,0.93,1.99,-0.77
121,0.04,-0.1,0.95,0.32,2.82,-1.34
122,0.06,-0.09,0.95,-0.65,3.96,-0.95
123,0.07,-0.07,0.92,-2.91,6.19,-2.2
124,0.07,-0.07,0.92,-5.47,6.57,-4.44
125,0.05,-0.09,0.94,-7.01,5.38,-6.85
126,0.08,-0.08,0.94,-9.35,4.07,-10.63
127,0.07,-0.09,0.94,-10.73,5.21,-12.8
128,0.06,-0.1,0.96,-12.21,5.05,-14.77
129,0.05,-0.11,0.98,-12.69,6.21,-15.31
130,0.04,-0.12,0.98,-11.89,6.6,-15.2
131,0.02,-0.13,1.0,-10.82,7.31,-15.31
132,0.01,-0.14,1.01,-9.49,7.57,-15.32
133,0.02,-0.14,0.99,-8.52,8.21,-15.49
134,0.02,-0.14,0.99,-7.98,9.59,-15.76
135,0.02,-0.14,0.99,-8.02,9.95,-15.79
136,0.01,-0.13,0.98,-8.12,10.3,-16.11
137,0.01,-0.13,0.96,-8.24,9.64,-16.52
138,0.01,-0.13,0.96,-9.6,9.89,-17.6
139,0.03,-0.12,0.95,-10.92,11.54,-18.11
140,0.03,-0.11,0.95,-12.43,12.95,-19.27
141,0.04,-0.1,0.93,-14.41,14.34,-20.47
142,0.02,-0.1,0.92,-16.92,14.07,-22.99
143,0.01,-0.09,0.93,-18.73,13.16,-25.54
144,-0.02,-0.09,0.91,-20.82,11.17,-29.02
145,-0.05,-0.08,0.91,-23.72,8.86,-31.4
146,-0.1,-0.09,0.9,-26.78,6.44,-33.98
147,-0.14,-0.09,0.9,-30.44,2.23,-36.24
148,-0.18,-0.1,0.87,-33.68,-2.08,-37.15
149,-0.27,-0.13,0.9,-38.4,-10.49,-41.36
150,-0.34,-0.19,0.96,-36.96,-20.44,-44.4
151,-0.4,-0.23,1.01,-33.24,-28.1,-44.98
152,-0.43,-0.25,1.02,-29.08,-30.6,-44.43
153,-0.51,-0.27,1.04,-25.62,-31.87,-44.88
154,-0.61,-0.28,1.03,-25.11,-33.18,-43.08
155,-0.71,-0.28,1.02,-22.14,-36.8,-42.56
156,-0.83,-0.28,1.04,-20.69,-39.07,-40.06
157,-0.92,-0.28,1.02,-21.69,-40.67,-30.92
158,-1.01,-0.28,0.98,-23.91,-44.34,-22.19
159,-1.12,-0.35,1.06,-23.66,-43.49,-11.01
160,-1.2,-0.44,1.05,-19.41,-43.37,0.34
161,-1.26,-0.59,1.08,-12.83,-40.1,10.85
162,-1.36,-0.83,1.08,-1.03,-42.82,23.07
163,-1.35,-1.07,1.17,7.32,-49.07,40.41
164,-1.31,-1.25,1.22,17.39,-51.77,60.19
165,-1.22,-1.39,1.28,29.63,-43.76,90.12
166,-1.14,-1.5,1.28,41.42,-24.44,128.27
167,-1.02,-1.57,1.29,50.75,-1.51,170.58
168,-0.91,-1.59,1.24,64.41,14.11,207.0
169,-0.87,-1.52,1.1,76.82,6.5,227.23
170,-0.68,-1.44,0.91,87.84,-14.7,230.2
171,-0.5,-1.34,0.82,96.32,-40.3,226.5
172,-0.38,-1.21,0.74,104.56,-57.92,234.11
173,-0.2,-1.04,0.64,106.7,-72.74,250.13
174,0.12,-0.84,0.59,104.6,-73.86,250.13
175,0.51,-0.59,0.57,90.24,-55.34,250.13
176,0.84,-0.37,0.48,64.58,-11.37,250.13
177,1.04,-0.04,0.39,33.42,22.47,250.13
178,1.23,0.1,0.24,1.23,34.76,250.13
179,1.28,0.14,0.29,-34.99,3.05,250.13
180,1.28,-0.02,0.59,-43.53,-53.09,204.07
181,1.37,-0.23,0.85,-26.54,-93.25,156.85
182,1.48,-0.27,1.02,-12.48,-108.85,116.92
183,1.59,-0.32,1.13,-0.66,-84.64,100.86
184,1.46,-0.33,1.11,5.92,-54.16,94.37
185,1.3,-0.29,1.02,9.76,-31.18,97.37
186,1.23,-0.18,0.82,8.96,-18.55,103.5
187,1.27,-0.15,0.8,-3.27,-21.22,88.29
188,1.21,-0.24,0.98,-2.77,-19.53,68.18
189,1.01,-0.31,1.13,15.11,-15.59,57.39
190,0.85,-0.28,1.09,34.93,-15.11,53.31
191,0.78,-0.18,0.95,47.56,-14.88,50.08
192,0.72,-0.05,0.81,50.81,-18.39,47.4
193,0.77,0.11,0.69,43.81,-23.26,42.54
194,0.81,0.22,0.63,30.01,-26.38,35.66
195,0.84,0.24,0.62,14.35,-27.42,26.6
196,0.81,0.21,0.69,1.44,-26.7,16.86
197,0.8,0.12,0.77,-5.47,-23.34,7.87
198,0.76,0.04,0.86,-5.14,-19.47,0.98
199,0.74,0.02,0.89,-2.73,-14.24,-6.85
200,0.71,0.04,0.89,-0.5,-10.5,-14.34
201,0.67,0.06,0.88,-0.66,-4.52,-21.06
202,0.6,0.07,0.87,-2.4,0.59,-25.99
203,0.54,0.07,0.85,-4.71,3.62,-30.39
204,0.48,0.06,0.88,-8.11,6.5,-33.47
205,0.4,0.04,0.88,-10.95,6.6,-37.25
206,0.35,0.02,0.9,-12.85,5.11,-40.21
207,0.32,0.02,0.92,-15.18,3.19,-42.85
208,0.27,0.01,0.94,-17.13,1.64,-43.82
209,0.26,-0.04,0.97,-17.21,1.05,-43.2
210,0.27,-0.06,0.98,-17.8,1.78,-43.83
211,0.27,-0.08,0.99,-17.42,2.63,-44.23
212,0.26,-0.11,0.96,-11.98,1.39,-43.4
213,0.26,-0.12,1.01,-11.27,3.25,-40.48
214,0.26,-0.08,0.99,-12.96,3.77,-40.23
215,0.26,-0.07,0.99,-13.93,6.03,-39.4
216,0.24,-0.08,0.99,-13.63,6.43,-39.47
217,0.24,-0.08,0.98,-13.52,6.63,-38.96
218,0.21,-0.11,0.98,-11.99,7.23,-37.31
219,0.25,-0.12,0.97,-12.13,4.57,-37.92
220,0.25,-0.13,0.98,-11.05,1.97,-38.89
221,0.27,-0.14,0.96,-9.32,0.57,-38.07
222,0.28,-0.09,0.96,-10.92,-0.08,-35.93
223,0.28,-0.04,0.94,-13.18,2.28,-32.92
224,0.27,-0.04,0.96,-14.4,5.87,-30.34
225,0.25,-0.03,0.96,-14.07,9.53,-25.82
226,0.26,-0.02,0.93,-14.9,15.07,-24.69
227,0.27,-0.01,0.91,-18.18,17.24,-28.03
228,0.26,-0.0,0.9,-23.5,18.4,-34.74
229,0.2,-0.03,0.91,-27.69,15.56,-42.71
230,0.11,-0.05,0.93,-31.31,7.02,-52.23
231,0.04,-0.13,1.0,-30.94,-2.6,-56.34
232,0.02,-0.14,1.03,-30.18,-9.6,-57.94
233,0.07,-0.18,1.04,-29.13,-5.25,-54.97
234,0.12,-0.2,1.07,-26.82,2.06,-50.81
235,0.1,-0.2,1.08,-23.54,8.59,-47.34
236,0.05,-0.23,1.09,-19.87,11.48,-44.26
237,-0.01,-0.23,1.07,-17.12,9.55,-41.4
238,-0.03,-0.21,1.04,-16.37,4.74,-38.98
239,-0.02,-0.2,1.03,-16.18,2.89,-36.11
240,-0.02,-0.21,1.03,-15.05,1.38,-32.99
241,-0.01,-0.21,1.03,-14.31,1.03,-31.25
242,0.01,-0.21,1.03,-13.83,2.34,-29.38
243,-0.04,-0.2,1.03,-12.31,-0.37,-26.58
244,-0.07,-0.19,1.01,-12.34,-5.57,-21.59
245,-0.05,-0.18,0.99,-13.87,-8.92,-17.66
246,0.01,-0.16,0.97,-15.56,-8.57,-15.76
247,0.05,-0.17,0.98,-17.18,-4.52,-16.02
248,0.07,-0.18,1.01,-15.03,-0.12,-16.96
249,0.1,-0.2,1.03,-11.24,3.42,-19.86
250,0.1,-0.19,1.02,-6.67,4.61,-24.08
251,0.11,-0.19,1.01,-2.95,4.95,-27.49
252,0.11,-0.16,0.99,-1.24,8.21,-28.37
253,0.12,-0.14,0.97,-1.2,12.18,-29.47
254,0.13,-0.13,0.98,-1.03,17.6,-27.11
255,0.14,-0.1,0.96,-2.52,22.99,-24.05
256,0.17,-0.1,0.96,-4.73,27.41,-24.31
257,0.16,-0.1,0.96,-6.0,28.61,-26.83
258,0.14,-0.09,0.96,-6.6,25.39,-32.27
259,0.14,-0.1,0.97,-7.38,22.38,-37.66
260,0.14,-0.1,0.98,-7.44,19.56,-43.9
261,0.12,-0.11,1.0,-7.06,17.84,-50.09
262,0.1,-0.12,1.01,-6.34,15.17,-56.2
263,0.1,-0.12,1.03,-7.21,16.12,-59.15
264,0.08,-0.14,1.01,-6.72,19.16,-58.64
265,0.06,-0.16,1.01,-6.59,21.2,-57.28
266,0.05,-0.15,0.99,-7.03,22.31,-54.06
267,0.03,-0.15,0.99,-7.15,22.92,-52.15
268,-0.01,-0.16,1.0,-6.85,22.48,-52.11
269,-0.02,-0.17,0.98,-5.47,20.41,-52.08
270,-0.04,-0.17,0.98,-4.03,16.89,-53.18
271,-0.05,-0.18,0.98,-2.88,14.78,-53.63
272,-0.05,-0.17,0.98,-2.21,13.03,-52.38
273,-0.05,-0.16,0.97,-3.5,13.82,-50.34
274,-0.03,-0.15,0.98,-3.99,16.13,-45.78
275,-0.0,-0.15,0.99,-4.99,20.09,-41.3
276,0.02,-0.14,1.01,-4.34,25.56,-37.89
277,0.01,-0.14,0.97,-3.47,26.54,-36.96
278,-0.0,-0.13,0.99,-2.24,26.4,-38.3
279,-0.01,-0.13,0.97,-1.54,26.0,-40.22
280,-0.01,-0.13,0.94,1.03,23.85,-41.24
281,-0.02,-0.12,0.95,-1.78,22.38,-42.9
282,-0.04,-0.12,0.96,-2.31,19.26,-42.84
283,-0.03,-0.13,0.97,-2.04,18.6,-41.14
284,-0.05,-0.13,0.96,-2.48,18.4,-39.37
285,-0.05,-0.15,0.96,-2.69,17.28,-37.65
286,-0.06,-0.16,0.98,-1.86,15.47,-35.82
287,-0.06,-0.14,0.98,-1.62,14.5,-34.08
288,-0.05,-0.14,0.97,-0.89,13.85,-31.08
289,-0.04,-0.13,0.98,-0.47,15.79,-28.4
290,-0.02,-0.12,0.97,-1.26,19.9,-25.73
291,-0.03,-0.12,0.97,-0.89,23.44,-22.86
292,-0.02,-0.12,0.97,-0.31,25.48,-22.15
293,-0.03,-0.11,0.97,0.15,24.73,-22.44
294,-0.03,-0.11,0.96,0.4,23.05,-23.69
295,-0.03,-0.09,0.94,-0.08,21.99,-25.25
296,-0.02,-0.1,0.94,-0.6,20.74,-25.67
297,-0.02,-0.09,0.94,-1.67,20.11,-26.92
298,-0.01,-0.1,0.93,-2.55,19.37,-28.43
299,-0.01,-0.1,0.94,-2.61,19.41,-28.75
300,-0.02,-0.09,0.94,-3.54,19.36,-30.11
301,-0.03,-0.1,0.94,-3.9,18.95,-30.89
302,-0.05,-0.1,0.95,-4.48,17.95,-31.22
303,-0.05,-0.1,0.94,-4.11,16.37,-30.94
304,-0.05,-0.11,0.95,-4.57,16.68,-31.1
305,-0.06,-0.1,0.94,-5.44,17.27,-30.17
306,-0.05,-0.11,0.95,-6.52,16.88,-29.75
307,-0.06,-0.11,0.94,-7.56,15.23,-30.21
308,-0.07,-0.12,0.93,-8.67,13.69,-30.92
309,-0.08,-0.12,0.94,-9.56,9.8,-33.35
310,-0.08,-0.14,0.96,-9.54,6.39,-36.44
311,-0.09,-0.15,0.99,-8.76,4.39,-37.6
312,-0.09,-0.17,0.99,-7.25,3.63,-37.37
313,-0.1,-0.18,0.99,-5.9,4.18,-35.89
314,-0.11,-0.18,0.99,-5.95,4.85,-34.71
315,-0.09,-0.18,1.0,-5.58,7.36,-30.95
316,-0.11,-0.18,0.99,-6.3,8.48,-28.98
317,-0.11,-0.17,1.0,-6.07,10.56,-26.62
318,-0.11,-0.18,1.0,-5.15,10.73,-24.77
319,-0.12,-0.17,1.0,-4.51,9.69,-24.08
320,-0.12,-0.17,1.0,-3.16,9.1,-22.58
321,-0.12,-0.16,1.01,-1.96,7.97,-21.75
322,-0.13,-0.17,1.01,-0.95,8.35,-19.63
323,-0.12,-0.16,1.01,0.25,7.31,-17.6
324,-0.1,-0.16,1.0,0.61,7.63,-15.79
325,-0.1,-0.15,1.0,0.7,7.31,-14.76
326,-0.1,-0.15,0.98,1.11,5.95,-14.25
327,-0.1,-0.16,0.99,2.22,5.26,-12.73
328,-0.1,-0.14,0.98,2.38,4.82,-11.99
329,-0.09,-0.14,0.98,1.47,5.78,-10.47
330,-0.09,-0.14,0.97,0.73,5.27,-10.02
331,-0.1,-0.13,0.97,0.1,5.08,-10.36
332,-0.12,-0.15,0.96,-0.75,3.51,-11.17
333,-0.11,-0.16,0.98,-0.03,1.05,-10.43
334,-0.12,-0.16,0.97,0.56,0.58,-8.82
335,-0.1,-0.15,0.97,0.14,2.61,-6.31
336,-0.11,-0.15,0.98,-0.62,4.46,-4.49
337,-0.1,-0.15,0.98,-0.86,5.22,-2.65
338,-0.1,-0.14,0.97,-0.8,5.07,-2.21
339,-0.11,-0.14,0.98,-0.85,3.0,-2.72
340,-0.12,-0.14,0.97,-1.12,2.02,-3.23
341,-0.11,-0.14,0.97,-1.61,0.66,-3.65
342,-0.11,-0.14,0.98,-2.47,0.82,-3.69
343,-0.13,-0.14,0.98,-3.08,0.47,-2.59
344,-0.12,-0.13,0.99,-3.89,0.89,-1.9
345,-0.12,-0.14,0.98,-3.9,-0.58,-1.45
346,-0.13,-0.14,0.99,-3.25,-3.33,-1.39
347,-0.13,-0.15,0.99,-3.06,-4.56,-1.59
348,-0.13,-0.14,1.0,-3.59,-4.63,-0.85
349,-0.13,-0.16,0.99,-3.62,-4.29,0.51
350,-0.12,-0.16,0.99,-3.73,-4.92,1.07
351,-0.12,-0.16,1.0,-3.37,-5.66,1.69
352,-0.11,-0.17,1.0,-2.47,-5.97,1.97
353,-0.1,-0.16,1.01,-2.49,-6.3,2.1
354,-0.09,-0.17,1.01,-2.34,-6.37,1.5
355,-0.09,-0.17,1.02,-1.5,-5.46,1.91
356,-0.09,-0.17,1.01,-1.36,-4.61,2.4
357,-0.09,-0.16,1.01,-1.14,-3.98,2.56
358,-0.1,-0.17,1.01,-0.03,-4.12,2.53
359,-0.11,-0.16,1.01,1.08,-5.02,3.01
360,-0.09,-0.15,1.0,1.69,-4.44,4.6
361,-0.06,-0.14,1.0,3.58,-5.11,7.27
362,-0.09,-0.14,0.99,3.88,-5.6,7.07
363,-0.08,-0.13,0.99,4.22,-5.83,7.67
364,-0.08,-0.13,0.97,4.27,-5.44,8.37
365,-0.07,-0.13,0.97,4.31,-6.04,8.73
366,-0.04,-0.12,0.97,3.96,-6.02,8.58
367,-0.03,-0.11,0.96,3.35,-5.45,8.86
368,-0.02,-0.1,0.95,2.51,-4.99,8.29
369,-0.03,-0.1,0.94,1.36,-5.83,6.82
370,-0.02,-0.1,0.95,0.94,-7.88,4.57
371,-0.01,-0.1,0.95,0.58,-8.11,2.65
372,-0.02,-0.11,0.96,-0.27,-8.11,1.95
373,-0.02,-0.11,0.96,-0.11,-7.8,1.65
374,-0.01,-0.11,0.96,-0.22,-6.6,1.86
375,-0.0,-0.11,0.97,-0.53,-5.29,1.91
376,0.0,-0.1,0.97,-0.37,-4.34,2.86
377,0.01,-0.1,0.96,-0.74,-3.63,1.9
378,0.01,-0.09,0.97,-0.75,-3.05,0.9
379,-0.0,-0.09,0.96,-0.87,-3.73,-0.37
380,-0.02,-0.09,0.96,-1.53,-3.91,-1.6
381,-0.01,-0.09,0.96,-2.12,-4.07,-2.06
382,-0.02,-0.09,0.95,-3.03,-4.82,-2.78
383,-0.05,-0.11,0.96,-3.07,-5.49,-2.56
384,-0.02,-0.11,0.97,-3.33,-5.17,-0.34
385,-0.02,-0.1,0.97,-3.75,-3.03,0.43
386,-0.03,-0.11,0.98,-3.47,-2.95,-0.18
387,-0.03,-0.12,0.97,-2.67,-3.81,-0.29
388,-0.02,-0.11,0.97,-3.26,-3.62,-0.78
389,-0.01,-0.11,0.97,-3.83,-2.24,-0.12
390,-0.03,-0.11,0.97,-4.03,-2.05,-1.15
391,-0.04,-0.13,0.96,-3.67,-3.41,-2.24
392,-0.04,-0.12,0.97,-3.97,-5.32,-3.75
393,-0.03,-0.12,0.97,-3.93,-5.2,-2.66
394,-0.03,-0.13,0.98,-4.66,-3.3,-2.28
395,-0.04,-0.13,0.99,-4.4,-4.12,-2.31
396,-0.04,-0.13,0.99,-3.93,-4.3,-2.11
397,-0.03,-0.14,0.99,-3.46,-3.35,-1.31
398,-0.03,-0.13,0.99,-3.17,-3.01,-1.73
399,-0.04,-0.14,0.99,-1.86,-4.15,-1.13
400,-0.03,-0.14,0.99,-1.27,-3.66,0.24
