,accel_x,accel_y,accel_z,gyro_x,gyro_y,gyro_z
0,-0.82,-0.48,0.15,-3.17,-2.41,-2.52
1,-0.81,-0.49,0.16,-2.76,-2.03,-2.73
2,-0.81,-0.48,0.16,-3.04,-1.94,-2.95
3,-0.81,-0.48,0.16,-3.89,-0.96,-2.47
4,-0.81,-0.48,0.15,-5.16,0.18,-1.6
5,-0.82,-0.49,0.15,-5.8,-0.17,-1.74
6,-0.81,-0.5,0.16,-5.22,-1.05,-2.36
7,-0.82,-0.5,0.16,-4.2,-1.8,-2.66
8,-0.82,-0.5,0.16,-3.22,-2.31,-3.08
9,-0.81,-0.5,0.17,-2.56,-2.19,-2.9
10,-0.81,-0.51,0.16,-2.64,-1.6,-2.71
11,-0.81,-0.5,0.16,-2.5,-1.27,-2.19
12,-0.81,-0.49,0.16,-2.61,-0.95,-1.92
13,-0.81,-0.49,0.16,-2.98,-0.76,-1.88
14,-0.82,-0.5,0.16,-2.99,-1.31,-1.89
15,-0.82,-0.5,0.17,-2.26,-1.76,-2.27
16,-0.81,-0.5,0.17,-1.89,-2.42,-2.31
17,-0.81,-0.51,0.17,-1.68,-1.97,-2.04
18,-0.8,-0.49,0.17,-2.28,-1.27,-2.18
19,-0.81,-0.5,0.16,-2.14,-0.95,-1.61
20,-0.8,-0.5,0.17,-1.93,-1.63,-1.68
21,-0.79,-0.5,0.17,-2.17,-0.97,-1.91
22,-0.79,-0.5,0.18,-2.11,-0.74,-2.28
23,-0.79,-0.5,0.18,-1.52,0.1,-2.27
24,-0.79,-0.5,0.18,-1.25,1.11,-2.22
25,-0.8,-0.5,0.18,-1.42,2.05,-2.08
26,-0.79,-0.5,0.17,-0.94,3.41,-2.21
27,-0.81,-0.5,0.16,-0.05,3.4,-3.29
28,-0.81,-0.49,0.17,0.91,2.37,-4.04
29,-0.82,-0.49,0.15,1.56,1.89,-3.69
30,-0.82,-0.49,0.14,1.12,2.21,-3.8
31,-0.83,-0.48,0.14,0.6,1.69,-3.67
32,-0.83,-0.48,0.13,-0.4,1.65,-2.95
33,-0.84,-0.48,0.12,-1.12,0.32,-2.6
34,-0.85,-0.48,0.12,-1.61,-0.52,-1.46
35,-0.84,-0.49,0.12,-2.32,-1.37,-1.22
36,-0.84,-0.48,0.13,-2.7,-2.38,-1.35
37,-0.84,-0.48,0.13,-3.46,-2.98,-1.08
38,-0.83,-0.47,0.13,-4.4,-3.12,-0.69
39,-0.83,-0.47,0.14,-5.56,-3.4,-0.15
40,-0.83,-0.48,0.14,-6.17,-3.82,-0.05
41,-0.81,-0.48,0.15,-5.94,-4.67,-0.51
42,-0.81,-0.49,0.16,-5.08,-5.68,-0.92
43,-0.8,-0.49,0.17,-4.92,-5.19,-1.4
44,-0.79,-0.49,0.17,-4.89,-4.27,-2.08
45,-0.79,-0.49,0.18,-4.95,-3.7,-2.23
46,-0.79,-0.5,0.18,-4.86,-2.95,-2.02
47,-0.78,-0.5,0.18,-4.45,-2.63,-1.95
48,-0.79,-0.51,0.18,-3.97,-2.03,-2.18
49,-0.79,-0.51,0.18,-2.84,-1.5,-2.4
50,-0.79,-0.51,0.19,-2.56,-0.48,-2.77
51,-0.8,-0.51,0.2,-1.44,-0.2,-3.08
52,-0.79,-0.51,0.18,-0.52,-0.11,-3.21
53,-0.79,-0.5,0.17,-0.56,0.82,-2.91
54,-0.81,-0.5,0.17,-0.56,0.9,-2.66
55,-0.81,-0.5,0.15,0.01,0.92,-2.63
56,-0.81,-0.49,0.16,-0.31,0.92,-2.92
57,-0.82,-0.5,0.16,-0.39,0.48,-2.64
58,-0.82,-0.5,0.15,-0.32,0.27,-2.34
59,-0.82,-0.49,0.14,-1.14,0.63,-2.74
60,-0.82,-0.49,0.16,-1.69,0.9,-2.47
61,-0.83,-0.49,0.15,-1.83,-0.04,-1.58
62,-0.82,-0.48,0.14,-2.14,-0.47,-1.66
63,-0.82,-0.48,0.14,-2.57,-1.02,-1.86
64,-0.82,-0.48,0.14,-2.36,-2.11,-1.67
65,-0.82,-0.48,0.14,-2.82,-2.41,-1.99
66,-0.82,-0.48,0.15,-3.03,-2.27,-2.24
67,-0.81,-0.48,0.16,-3.36,-2.06,-2.11
68,-0.82,-0.48,0.16,-3.44,-2.44,-2.09
69,-0.81,-0.49,0.16,-3.5,-2.59,-2.58
70,-0.81,-0.49,0.16,-4.28,-2.31,-2.36
71,-0.81,-0.5,0.16,-4.21,-2.18,-1.69
72,-0.8,-0.49,0.16,-4.31,-1.87,-2.24
73,-0.81,-0.49,0.17,-4.32,-1.5,-2.53
74,-0.81,-0.5,0.17,-3.36,-2.25,-1.65
75,-0.81,-0.5,0.16,-3.3,-1.54,-1.53
76,-0.8,-0.51,0.16,-3.24,-1.59,-1.76
77,-0.81,-0.51,0.16,-3.02,-1.19,-1.73
78,-0.8,-0.5,0.16,-3.41,-0.73,-1.12
79,-0.81,-0.5,0.17,-3.06,-0.56,-1.76
80,-0.8,-0.5,0.16,-3.32,-0.08,-2.31
81,-0.81,-0.5,0.17,-3.19,0.18,-2.11
82,-0.8,-0.5,0.17,-2.85,0.76,-1.92
83,-0.81,-0.5,0.18,-2.68,1.39,-1.94
84,-0.81,-0.5,0.17,-1.93,0.74,-2.21
85,-0.82,-0.5,0.16,-0.97,-0.69,-2.02
86,-0.82,-0.49,0.15,-1.34,-0.31,-2.27
87,-0.81,-0.49,0.16,-1.98,-0.11,-2.32
88,-0.82,-0.49,0.16,-2.0,-0.52,-1.86
89,-0.82,-0.49,0.15,-2.12,-0.37,-1.86
90,-0.82,-0.5,0.16,-1.86,-0.79,-1.57
91,-0.82,-0.5,0.16,-1.84,-0.83,-1.58
92,-0.82,-0.5,0.16,-1.86,-0.85,-1.74
93,-0.82,-0.5,0.15,-1.75,-0.83,-2.19
94,-0.82,-0.5,0.15,-1.59,-1.36,-2.29
95,-0.82,-0.5,0.16,-1.44,-2.47,-1.53
96,-0.82,-0.49,0.15,-1.91,-2.08,-1.08
97,-0.81,-0.49,0.15,-2.92,-0.87,-0.85
98,-0.82,-0.49,0.17,-2.47,-1.61,-0.89
99,-0.81,-0.49,0.16,-2.21,-1.61,-0.8
100,-0.81,-0.49,0.16,-1.93,-1.61,-0.97
101,-0.81,-0.49,0.16,-1.65,-2.13,-1.53
102,-0.79,-0.48,0.16,-1.62,-2.1,-1.21
103,-0.79,-0.48,0.16,-2.73,-0.76,-1.51
104,-0.8,-0.48,0.15,-2.95,-0.07,-1.92
105,-0.81,-0.49,0.17,-2.53,-1.16,-2.51
106,-0.81,-0.49,0.16,-2.35,-0.77,-2.15
107,-0.81,-0.49,0.17,-2.27,-0.68,-2.09
108,-0.81,-0.49,0.16,-1.91,-1.34,-2.76
109,-0.82,-0.49,0.17,-1.83,-1.19,-1.98
110,-0.82,-0.5,0.16,-2.12,-0.9,-2.21
111,-0.81,-0.49,0.17,-2.4,-1.08,-2.28
112,-0.82,-0.49,0.16,-2.62,-1.04,-1.62
113,-0.81,-0.49,0.17,-2.69,-0.87,-1.56
114,-0.81,-0.49,0.16,-3.05,-0.6,-1.63
115,-0.81,-0.49,0.16,-3.12,-0.21,-1.68
116,-0.81,-0.49,0.17,-2.57,-0.66,-1.5
117,-0.8,-0.48,0.16,-2.23,-0.58,-2.28
118,-0.8,-0.49,0.16,-2.47,0.37,-2.25
119,-0.81,-0.49,0.16,-2.45,0.15,-2.43
120,-0.82,-0.48,0.15,-2.5,0.05,-2.03
121,-0.81,-0.49,0.16,-2.75,0.15,-2.06
122,-0.81,-0.48,0.15,-2.46,-1.04,-2.03
123,-0.81,-0.49,0.15,-3.0,-0.58,-1.96
124,-0.81,-0.49,0.16,-3.68,0.15,-2.34
125,-0.82,-0.5,0.17,-3.09,-0.42,-1.96
126,-0.81,-0.49,0.15,-2.89,0.12,-2.16
127,-0.82,-0.49,0.17,-2.63,-0.51,-1.98
128,-0.82,-0.49,0.16,-2.11,-1.12,-2.29
129,-0.82,-0.49,0.15,-2.6,-0.39,-2.08
130,-0.81,-0.49,0.15,-2.76,-0.73,-1.65
131,-0.82,-0.49,0.15,-2.85,-1.44,-2.3
132,-0.81,-0.5,0.16,-2.95,-1.41,-2.15
133,-0.82,-0.49,0.16,-3.21,-1.11,-2.14
134,-0.81,-0.49,0.15,-3.61,-0.15,-2.08
135,-0.82,-0.49,0.16,-3.35,-0.23,-2.55
136,-0.82,-0.49,0.16,-2.39,-1.44,-2.88
137,-0.82,-0.49,0.15,-2.68,-1.36,-2.54
138,-0.82,-0.5,0.16,-2.95,-1.27,-2.01
139,-0.82,-0.49,0.16,-3.22,-1.8,-1.58
140,-0.8,-0.5,0.16,-2.89,-2.26,-2.02
141,-0.81,-0.49,0.16,-3.03,-1.73,-2.33
142,-0.81,-0.49,0.17,-2.84,-1.24,-2.35
143,-0.81,-0.5,0.17,-2.49,-1.2,-2.49
144,-0.81,-0.49,0.17,-2.29,-0.79,-2.5
145,-0.81,-0.49,0.16,-2.42,-0.26,-2.54
146,-0.82,-0.49,0.16,-2.18,-0.79,-2.56
147,-0.81,-0.49,0.16,-2.4,-1.17,-2.27
148,-0.82,-0.49,0.16,-2.62,-0.77,-2.27
149,-0.82,-0.49,0.16,-2.78,-1.0,-2.41
150,-0.81,-0.49,0.17,-2.8,-0.89,-2.06
151,-0.81,-0.49,0.16,-2.69,-1.07,-1.85
152,-0.81,-0.49,0.15,-2.58,-1.03,-1.79
153,-0.81,-0.5,0.16,-2.6,-0.92,-2.11
154,-0.81,-0.49,0.16,-2.51,-1.44,-2.38
155,-0.82,-0.49,0.16,-2.41,-1.64,-2.34
156,-0.8,-0.49,0.15,-2.83,-1.09,-2.29
157,-0.81,-0.49,0.15,-3.05,-1.12,-2.15
158,-0.82,-0.49,0.16,-2.6,-1.77,-1.98
159,-0.82,-0.49,0.16,-2.68,-2.55,-2.23
160,-0.82,-0.49,0.16,-3.05,-2.1,-1.68
161,-0.81,-0.49,0.16,-2.74,-2.4,-1.61
162,-0.8,-0.49,0.16,-2.7,-2.1,-1.93
163,-0.81,-0.49,0.16,-3.04,-1.02,-1.56
164,-0.81,-0.49,0.17,-3.16,-0.8,-1.87
165,-0.81,-0.49,0.17,-2.93,-0.72,-2.25
166,-0.81,-0.49,0.17,-2.4,-1.16,-2.71
167,-0.8,-0.49,0.17,-2.23,-0.85,-2.92
168,-0.81,-0.49,0.17,-2.49,-0.98,-2.29
169,-0.82,-0.49,0.16,-2.91,-1.08,-2.06
170,-0.82,-0.49,0.17,-3.26,-0.89,-1.47
171,-0.82,-0.5,0.17,-3.37,-0.95,-1.45
172,-0.81,-0.5,0.17,-2.75,-1.19,-1.22
173,-0.81,-0.5,0.16,-2.1,-1.87,-1.7
174,-0.81,-0.49,0.17,-1.86,-1.74,-1.95
175,-0.82,-0.49,0.17,-1.98,-1.7,-1.89
176,-0.8,-0.5,0.16,-2.28,-1.18,-2.09
177,-0.8,-0.49,0.17,-2.91,-0.76,-2.11
178,-0.81,-0.49,0.17,-2.66,-0.46,-1.39
179,-0.81,-0.49,0.16,-2.92,-0.3,-2.07
180,-0.8,-0.49,0.17,-2.32,-0.51,-2.09
181,-0.81,-0.49,0.17,-1.4,-1.47,-2.44
182,-0.81,-0.49,0.16,-1.21,-1.18,-2.58
183,-0.81,-0.49,0.16,-1.31,-0.34,-2.53
184,-0.82,-0.49,0.16,-1.85,0.11,-2.32
185,-0.81,-0.49,0.17,-1.74,-0.63,-1.82
186,-0.82,-0.48,0.16,-2.09,-0.07,-2.09
187,-0.81,-0.49,0.16,-2.23,-0.5,-2.21
188,-0.82,-0.49,0.16,-2.24,-1.11,-2.4
189,-0.81,-0.48,0.15,-2.55,-1.02,-2.27
190,-0.81,-0.49,0.16,-2.51,-0.8,-1.85
191,-0.82,-0.49,0.16,-2.69,-0.73,-1.71
192,-0.81,-0.49,0.15,-2.76,-0.27,-1.94
193,-0.82,-0.49,0.16,-2.46,-0.8,-2.18
194,-0.81,-0.48,0.15,-2.0,-1.62,-2.24
195,-0.81,-0.48,0.16,-2.2,-1.32,-2.02
196,-0.81,-0.49,0.15,-2.66,-0.95,-2.01
197,-0.82,-0.49,0.16,-3.14,-0.74,-1.87
198,-0.82,-0.49,0.16,-3.19,-0.73,-1.11
199,-0.82,-0.49,0.15,-2.83,-1.48,-1.44
200,-0.81,-0.49,0.16,-2.95,-1.61,-1.44
201,-0.81,-0.49,0.17,-2.49,-1.47,-1.66
202,-0.8,-0.49,0.17,-2.48,-1.45,-2.27
203,-0.81,-0.49,0.17,-2.3,-2.29,-2.48
204,-0.8,-0.49,0.17,-2.38,-1.02,-1.52
205,-0.81,-0.5,0.17,-2.76,0.13,-1.72
206,-0.8,-0.5,0.17,-2.34,0.09,-1.91
207,-0.8,-0.49,0.17,-2.2,0.51,-2.14
208,-0.81,-0.5,0.17,-1.56,0.11,-3.03
209,-0.82,-0.49,0.17,-0.4,-1.21,-3.44
210,-0.82,-0.49,0.17,-0.18,-1.97,-3.12
211,-0.81,-0.5,0.16,-1.07,-0.66,-2.44
212,-0.81,-0.48,0.16,-2.34,0.34,-1.69
213,-0.82,-0.5,0.16,-2.52,0.44,-0.77
214,-0.82,-0.49,0.16,-1.95,-0.47,-1.3
215,-0.82,-0.5,0.16,-1.3,-0.92,-2.1
216,-0.82,-0.5,0.16,0.12,-2.41,-3.21
217,-0.81,-0.5,0.17,1.6,-3.39,-3.91
218,-0.81,-0.5,0.17,2.66,-4.5,-5.36
219,-0.82,-0.5,0.16,3.26,-4.93,-5.11
220,-0.81,-0.49,0.17,3.28,-4.01,-6.0
221,-0.82,-0.49,0.17,2.72,-4.14,-5.63
222,-0.81,-0.48,0.17,2.27,-3.85,-4.34
223,-0.81,-0.48,0.16,0.43,-2.89,-3.19
224,-0.81,-0.48,0.17,-1.69,-1.67,-2.15
225,-0.8,-0.48,0.17,-2.43,-1.06,-1.38
226,-0.81,-0.49,0.17,-2.71,-1.24,-2.36
227,-0.8,-0.48,0.17,-2.56,-1.96,-2.46
228,-0.81,-0.49,0.17,-1.63,-1.72,-3.05
229,-0.81,-0.49,0.18,-1.42,-1.63,-2.98
230,-0.8,-0.49,0.18,-1.1,-1.75,-2.98
231,-0.81,-0.49,0.17,-1.15,-1.6,-3.45
232,-0.81,-0.49,0.17,-1.13,-1.76,-3.53
233,-0.81,-0.49,0.18,-1.36,-1.69,-3.31
234,-0.81,-0.49,0.17,-1.81,-1.47,-2.47
235,-0.81,-0.5,0.17,-0.94,-2.08,-3.05
236,-0.81,-0.5,0.17,0.92,-3.3,-4.79
237,-0.8,-0.49,0.18,1.18,-2.91,-5.73
238,-0.8,-0.48,0.17,0.18,-1.78,-4.89
239,-0.8,-0.48,0.17,-1.48,-0.62,-3.63
240,-0.81,-0.49,0.18,-2.1,-0.47,-2.6
241,-0.81,-0.49,0.17,-1.97,-0.88,-2.51
242,-0.81,-0.51,0.17,-1.96,-1.07,-2.67
243,-0.81,-0.5,0.17,-1.99,-1.24,-2.97
244,-0.81,-0.5,0.17,-1.44,-1.3,-2.76
245,-0.81,-0.5,0.18,-1.9,-0.57,-3.11
246,-0.81,-0.5,0.17,-2.05,-0.25,-2.96
247,-0.81,-0.5,0.17,-2.04,-0.34,-2.88
248,-0.81,-0.5,0.17,-2.03,-0.63,-2.8
249,-0.82,-0.5,0.17,-1.53,-0.86,-2.77
250,-0.81,-0.49,0.17,-1.24,-1.55,-3.03
251,-0.82,-0.49,0.17,-2.0,-1.53,-2.74
252,-0.81,-0.49,0.17,-2.48,-0.9,-2.34
253,-0.82,-0.5,0.17,-2.47,-1.19,-2.17
254,-0.81,-0.5,0.18,-2.24,-1.6,-2.44
255,-0.81,-0.51,0.18,-1.17,-2.14,-2.67
256,-0.82,-0.52,0.18,1.26,-3.74,-4.73
257,-0.82,-0.51,0.18,4.98,-6.39,-7.98
258,-0.82,-0.53,0.19,10.95,-10.37,-12.53
259,-0.82,-0.52,0.19,16.04,-13.53,-16.63
260,-0.8,-0.5,0.19,18.98,-14.76,-18.65
261,-0.8,-0.5,0.19,19.33,-15.44,-19.09
262,-0.79,-0.49,0.19,18.25,-15.19,-18.59
263,-0.79,-0.5,0.19,17.34,-14.59,-18.1
264,-0.8,-0.49,0.18,16.37,-14.88,-18.23
265,-0.8,-0.49,0.2,14.5,-14.27,-16.51
266,-0.78,-0.49,0.2,11.76,-12.47,-15.15
267,-0.79,-0.5,0.21,10.44,-11.69,-14.0
268,-0.78,-0.52,0.22,9.08,-10.07,-13.07
269,-0.78,-0.52,0.22,9.08,-9.59,-12.47
270,-0.79,-0.51,0.22,8.81,-9.35,-11.55
271,-0.78,-0.51,0.22,6.77,-7.71,-9.65
272,-0.79,-0.51,0.21,4.22,-6.61,-7.47
273,-0.79,-0.5,0.22,1.21,-5.36,-4.32
274,-0.77,-0.5,0.22,-2.5,-2.89,-1.34
275,-0.78,-0.51,0.22,-4.78,-1.68,0.04
276,-0.77,-0.51,0.23,-6.46,-1.83,0.76
277,-0.76,-0.51,0.24,-7.1,-0.95,1.47
278,-0.75,-0.52,0.25,-6.98,0.4,1.5
279,-0.74,-0.53,0.25,-5.91,1.06,0.73
280,-0.75,-0.52,0.26,-4.44,1.94,-0.63
281,-0.75,-0.52,0.26,-2.28,3.14,-1.44
282,-0.75,-0.52,0.25,-0.69,4.59,-2.1
283,-0.77,-0.52,0.24,0.11,5.27,-2.62
284,-0.78,-0.51,0.22,0.28,6.78,-2.01
285,-0.8,-0.51,0.2,-0.19,7.37,-1.96
286,-0.8,-0.5,0.19,-1.0,6.63,-2.01
287,-0.82,-0.5,0.18,-1.31,5.18,-1.44
288,-0.82,-0.49,0.18,-2.11,4.18,-1.92
289,-0.82,-0.5,0.18,-3.04,3.29,-1.27
290,-0.82,-0.5,0.17,-3.4,2.18,-0.79
291,-0.83,-0.5,0.18,-3.52,0.44,-0.6
292,-0.82,-0.5,0.17,-4.29,-0.1,-0.44
293,-0.82,-0.5,0.18,-5.11,-1.12,-0.65
294,-0.82,-0.51,0.18,-5.1,-2.5,-0.21
295,-0.81,-0.51,0.19,-5.08,-3.46,-0.12
296,-0.8,-0.51,0.19,-5.91,-3.89,-0.21
297,-0.79,-0.5,0.2,-6.4,-4.05,-0.26
298,-0.78,-0.5,0.2,-6.44,-4.9,-0.49
299,-0.77,-0.5,0.22,-6.98,-4.11,0.1
300,-0.77,-0.51,0.23,-6.44,-3.91,-0.54
301,-0.76,-0.52,0.25,-5.51,-2.84,-1.1
302,-0.76,-0.52,0.24,-5.14,-1.67,-1.92
303,-0.77,-0.51,0.24,-4.51,-1.17,-2.89
304,-0.77,-0.52,0.24,-3.55,-0.47,-2.76
305,-0.77,-0.53,0.23,-3.14,0.35,-2.86
306,-0.78,-0.53,0.23,-2.85,0.3,-2.79
307,-0.78,-0.53,0.23,-2.51,0.12,-3.01
308,-0.79,-0.52,0.23,-2.38,0.18,-2.92
309,-0.79,-0.53,0.22,-2.11,0.46,-2.53
310,-0.79,-0.52,0.22,-2.05,0.59,-2.26
311,-0.79,-0.52,0.22,-2.08,0.71,-2.03
312,-0.8,-0.53,0.2,-1.79,0.7,-1.31
313,-0.8,-0.51,0.21,-1.83,0.6,-1.51
314,-0.8,-0.51,0.21,-2.16,0.91,-1.88
315,-0.8,-0.52,0.21,-1.88,-0.18,-1.47
316,-0.8,-0.51,0.2,-2.23,-0.26,-1.29
317,-0.8,-0.51,0.2,-2.86,-0.31,-0.77
318,-0.79,-0.5,0.2,-3.32,-1.29,-0.21
319,-0.79,-0.5,0.21,-3.68,-1.66,0.16
320,-0.78,-0.5,0.22,-4.03,-1.56,-0.66
321,-0.78,-0.5,0.22,-3.91,-1.4,-0.74
322,-0.78,-0.5,0.22,-3.61,-0.73,-1.13
323,-0.78,-0.51,0.23,-2.88,-0.32,-1.4
324,-0.78,-0.51,0.22,-1.95,-0.43,-1.91
325,-0.77,-0.51,0.23,-2.15,-0.13,-1.95
326,-0.77,-0.51,0.22,-2.27,0.7,-1.89
327,-0.78,-0.51,0.22,-1.92,0.78,-2.11
328,-0.79,-0.51,0.2,-1.63,0.79,-2.79
329,-0.79,-0.5,0.21,-1.86,1.62,-3.03
330,-0.8,-0.5,0.21,-1.89,1.08,-2.66
331,-0.8,-0.5,0.2,-2.03,1.11,-2.27
332,-0.8,-0.51,0.2,-2.79,0.76,-1.94
333,-0.81,-0.51,0.2,-3.33,0.17,-1.84
334,-0.81,-0.5,0.18,-3.58,-0.63,-2.04
335,-0.81,-0.51,0.19,-3.61,-1.97,-1.9
336,-0.81,-0.51,0.19,-3.47,-2.65,-1.89
337,-0.8,-0.51,0.2,-3.87,-2.15,-1.86
338,-0.79,-0.51,0.2,-4.11,-2.77,-1.72
339,-0.8,-0.51,0.2,-4.35,-3.06,-1.74
340,-0.79,-0.52,0.22,-4.54,-2.5,-1.92
341,-0.78,-0.52,0.22,-4.55,-2.11,-1.65
342,-0.78,-0.52,0.23,-4.02,-2.37,-1.28
343,-0.78,-0.53,0.23,-3.7,-2.5,-1.13
344,-0.78,-0.52,0.23,-3.24,-1.79,-1.41
345,-0.77,-0.51,0.23,-2.54,-1.68,-1.38
346,-0.78,-0.52,0.23,-1.92,-1.43,-1.42
347,-0.77,-0.52,0.22,-1.19,-0.92,-1.83
348,-0.77,-0.51,0.23,-1.6,0.14,-2.24
349,-0.77,-0.51,0.22,-1.31,0.04,-2.15
350,-0.78,-0.51,0.21,-1.58,0.75,-2.21
351,-0.78,-0.5,0.21,-1.95,1.34,-2.86
352,-0.79,-0.51,0.21,-2.02,0.3,-3.04
353,-0.8,-0.51,0.21,-1.47,0.02,-2.63
354,-0.8,-0.5,0.2,-1.82,0.34,-2.86
355,-0.8,-0.51,0.21,-2.56,0.24,-3.08
356,-0.81,-0.51,0.2,-2.43,-0.5,-1.95
357,-0.8,-0.51,0.2,-3.11,-0.41,-2.02
358,-0.81,-0.51,0.2,-3.31,-0.91,-1.61
359,-0.8,-0.51,0.21,-2.98,-1.97,-1.44
360,-0.8,-0.51,0.2,-2.89,-1.99,-1.67
361,-0.79,-0.5,0.21,-3.29,-1.9,-1.79
362,-0.79,-0.51,0.21,-3.48,-1.76,-1.49
363,-0.79,-0.51,0.22,-4.18,-1.15,-1.47
364,-0.79,-0.51,0.21,-3.95,-0.83,-1.36
365,-0.78,-0.51,0.22,-3.6,-1.23,-1.67
366,-0.78,-0.51,0.22,-3.0,-1.68,-1.85
367,-0.78,-0.5,0.22,-2.5,-1.49,-2.43
368,-0.78,-0.52,0.22,-2.62,-1.14,-2.73
369,-0.78,-0.51,0.23,-2.46,-0.7,-2.69
370,-0.78,-0.51,0.22,-2.76,-0.02,-2.4
371,-0.79,-0.52,0.22,-2.61,0.04,-2.6
372,-0.79,-0.52,0.23,-1.69,-0.26,-2.79
373,-0.79,-0.52,0.22,-1.21,-0.67,-3.02
374,-0.78,-0.52,0.22,-0.69,-0.59,-2.98
375,-0.78,-0.51,0.22,-0.92,0.23,-3.33
376,-0.79,-0.52,0.22,-1.12,0.48,-3.26
377,-0.79,-0.52,0.21,-0.93,1.29,-3.15
378,-0.79,-0.51,0.22,-1.18,2.09,-3.3
379,-0.8,-0.51,0.22,-0.42,1.66,-3.64
380,-0.81,-0.52,0.22,-0.5,0.73,-3.85
381,-0.82,-0.51,0.21,-1.68,-0.6,-3.17
382,-0.81,-0.51,0.23,-2.94,-1.64,-2.56
383,-0.78,-0.51,0.25,-4.9,-0.12,-1.21
384,-0.77,-0.52,0.26,-5.56,2.88,-0.7
385,-0.77,-0.53,0.27,-4.86,6.53,-1.34
386,-0.78,-0.51,0.26,-4.52,9.9,-1.85
387,-0.8,-0.5,0.24,-6.1,13.76,-0.78
388,-0.82,-0.52,0.22,-6.39,15.47,-0.69
389,-0.86,-0.52,0.2,-6.69,15.19,-2.28
390,-0.88,-0.55,0.2,-6.16,11.77,-4.83
391,-0.9,-0.57,0.2,-5.16,7.46,-5.54
392,-0.91,-0.58,0.19,-4.17,2.63,-6.0
393,-0.9,-0.59,0.22,-2.83,-1.25,-5.6
394,-0.89,-0.59,0.23,-0.62,-4.34,-3.8
395,-0.84,-0.59,0.25,-0.77,-3.74,-2.39
396,-0.82,-0.57,0.25,-0.34,-4.1,-0.42
397,-0.78,-0.55,0.25,-0.53,-3.14,-1.65
398,-0.77,-0.53,0.24,-0.66,-1.23,-2.56
399,-0.78,-0.54,0.24,-0.04,0.44,-2.55
