,accel_x,accel_y,accel_z,gyro_x,gyro_y,gyro_z
0,-0.18,-0.26,1.0,-0.76,-0.44,-3.56
1,-0.18,-0.24,0.99,1.33,-0.4,-0.48
2,-0.16,-0.22,0.99,1.79,1.69,1.22
3,-0.17,-0.22,0.97,2.43,2.03,2.79
4,-0.15,-0.2,0.96,3.17,1.24,3.8
5,-0.13,-0.18,0.95,3.58,1.06,4.6
6,-0.12,-0.17,0.96,3.96,0.88,4.5
7,-0.1,-0.15,0.95,3.91,-0.01,3.62
8,-0.09,-0.14,0.94,4.17,-0.53,2.55
9,-0.07,-0.12,0.93,3.1,-0.47,1.66
10,-0.05,-0.11,0.94,0.09,0.28,-1.4
11,-0.06,-0.11,0.93,-0.98,0.14,-3.34
12,-0.07,-0.12,0.94,-1.7,-0.89,-4.18
13,-0.07,-0.12,0.94,-3.32,-0.9,-6.02
14,-0.08,-0.14,0.95,-4.78,-0.98,-6.58
15,-0.09,-0.15,0.95,-4.92,-1.32,-7.69
16,-0.09,-0.16,0.96,-5.59,-1.28,-7.97
17,-0.11,-0.17,0.97,-5.92,-0.65,-8.44
18,-0.11,-0.19,0.97,-5.52,-0.69,-8.29
19,-0.14,-0.19,0.98,-4.73,-0.06,-7.73
20,-0.15,-0.2,0.98,-4.24,0.08,-7.72
21,-0.17,-0.22,0.98,-4.22,0.34,-6.44
22,-0.18,-0.22,0.98,-3.04,0.23,-4.78
23,-0.19,-0.22,0.98,-2.47,0.17,-2.87
24,-0.19,-0.21,0.96,-1.92,0.6,-1.09
25,-0.19,-0.21,0.97,-0.94,0.26,1.07
26,-0.18,-0.21,0.95,-0.07,-0.11,2.4
27,-0.17,-0.19,0.94,0.51,-0.75,4.36
28,-0.15,-0.18,0.95,0.76,-1.24,5.49
29,-0.12,-0.15,0.94,0.12,-1.07,4.92
30,-0.1,-0.14,0.94,-0.3,-1.54,4.05
31,-0.08,-0.14,0.94,-0.16,-1.95,3.23
32,-0.07,-0.12,0.94,-0.63,-2.82,2.25
33,-0.06,-0.11,0.95,-1.82,-2.54,0.01
34,-0.04,-0.12,0.95,-2.92,-2.46,-3.12
35,-0.05,-0.13,0.97,-3.08,-2.63,-4.44
36,-0.05,-0.15,0.97,-3.12,-2.35,-5.8
37,-0.06,-0.15,0.98,-3.25,-1.09,-6.38
38,-0.07,-0.16,0.97,-3.8,0.22,-7.82
39,-0.09,-0.17,0.99,-3.97,0.92,-8.31
40,-0.11,-0.19,0.99,-3.75,1.14,-8.01
41,-0.14,-0.19,0.98,-3.15,1.02,-7.74
42,-0.15,-0.19,0.97,-3.22,1.34,-7.43
43,-0.16,-0.19,0.97,-2.96,1.9,-6.56
44,-0.17,-0.2,0.96,-2.73,1.12,-5.19
45,-0.18,-0.2,0.96,-2.73,0.3,-3.95
46,-0.19,-0.2,0.96,-2.92,0.05,-2.53
47,-0.19,-0.19,0.95,-3.03,-0.8,-1.39
48,-0.19,-0.19,0.93,-3.4,-1.47,-0.03
49,-0.19,-0.18,0.94,-3.86,-1.84,1.29
50,-0.18,-0.19,0.94,-3.47,-2.89,2.73
51,-0.16,-0.19,0.94,-2.05,-3.69,4.51
52,-0.13,-0.18,0.96,-0.96,-4.19,5.15
53,-0.11,-0.16,0.96,-0.58,-3.48,4.72
54,-0.08,-0.15,0.97,-1.62,-2.65,3.63
55,-0.07,-0.15,0.96,-1.73,-1.74,3.0
56,-0.06,-0.16,0.97,-0.6,-2.2,2.18
57,-0.05,-0.15,0.98,-0.22,-1.87,0.7
58,-0.03,-0.14,0.97,-1.03,-0.7,-1.39
59,-0.04,-0.14,0.98,-1.32,0.37,-3.53
60,-0.05,-0.14,0.97,-1.65,0.6,-5.06
61,-0.05,-0.15,0.97,-2.3,1.48,-6.69
62,-0.07,-0.16,0.98,-2.41,1.69,-7.91
63,-0.08,-0.16,0.98,-1.77,1.22,-8.19
64,-0.09,-0.17,0.98,-2.05,1.74,-8.76
65,-0.1,-0.17,0.97,-2.52,2.48,-9.07
66,-0.13,-0.18,0.96,-2.79,2.61,-8.93
67,-0.15,-0.18,0.95,-2.92,2.6,-8.63
68,-0.16,-0.19,0.96,-3.17,1.83,-7.89
69,-0.17,-0.19,0.95,-3.08,1.1,-7.13
70,-0.19,-0.21,0.95,-3.46,0.56,-6.08
71,-0.2,-0.22,0.95,-3.03,-0.18,-4.26
72,-0.21,-0.22,0.95,-2.39,-0.5,-1.97
73,-0.2,-0.21,0.96,-2.39,-0.42,-0.72
74,-0.2,-0.2,0.95,-2.43,-0.77,0.9
75,-0.2,-0.2,0.95,-1.66,-1.51,2.75
76,-0.19,-0.19,0.95,-0.4,-2.69,4.12
77,-0.16,-0.18,0.94,0.19,-3.05,6.05
78,-0.14,-0.16,0.94,-0.19,-3.16,6.68
79,-0.11,-0.14,0.95,-1.21,-2.61,6.71
80,-0.09,-0.14,0.95,-1.44,-1.99,5.6
81,-0.08,-0.13,0.95,-1.11,-2.09,4.23
82,-0.07,-0.13,0.94,-1.09,-2.79,2.79
83,-0.06,-0.12,0.96,-2.2,-2.59,0.52
84,-0.05,-0.12,0.96,-2.78,-2.7,-1.74
85,-0.05,-0.13,0.97,-3.33,-3.02,-3.33
86,-0.05,-0.15,0.98,-3.47,-1.79,-4.56
87,-0.05,-0.16,0.99,-2.45,-0.79,-5.67
88,-0.06,-0.17,0.99,-2.19,0.56,-6.43
89,-0.07,-0.17,0.98,-2.34,1.87,-7.42
90,-0.1,-0.18,0.98,-2.46,2.47,-7.91
91,-0.12,-0.18,0.98,-2.09,2.01,-7.93
92,-0.13,-0.18,0.98,-1.85,1.8,-7.98
93,-0.15,-0.2,0.98,-1.24,1.63,-7.63
94,-0.15,-0.2,0.98,-0.58,1.68,-6.5
95,-0.16,-0.19,0.97,-1.36,2.37,-5.74
96,-0.19,-0.2,0.96,-1.45,2.5,-4.82
97,-0.2,-0.2,0.94,-1.17,1.68,-3.59
98,-0.22,-0.19,0.94,-1.31,0.47,-1.85
99,-0.23,-0.2,0.94,-1.85,-0.67,0.21
100,-0.23,-0.19,0.93,-2.09,-1.71,2.31
101,-0.22,-0.19,0.92,-2.85,-2.76,4.07
102,-0.22,-0.17,0.92,-3.3,-3.73,5.76
103,-0.21,-0.17,0.92,-3.82,-4.97,7.06
104,-0.19,-0.17,0.92,-4.59,-6.51,8.48
105,-0.17,-0.16,0.92,-4.82,-7.94,9.38
106,-0.14,-0.16,0.93,-5.06,-8.63,10.11
107,-0.11,-0.15,0.96,-4.63,-8.44,10.09
108,-0.09,-0.16,0.97,-4.17,-8.36,9.15
109,-0.05,-0.16,0.98,-3.26,-8.14,9.33
110,-0.02,-0.13,0.99,-3.3,-7.37,8.41
111,0.0,-0.12,0.99,-4.13,-5.09,5.75
112,0.0,-0.14,1.0,-3.3,-3.49,2.48
113,0.0,-0.15,1.01,-0.89,-3.26,0.67
114,0.01,-0.14,1.01,-0.35,-2.25,-2.3
115,0.02,-0.12,1.0,-1.35,0.31,-4.85
116,0.01,-0.14,1.01,-2.39,2.28,-7.73
117,-0.01,-0.16,1.01,-1.26,3.47,-9.08
118,-0.03,-0.16,1.0,0.28,4.15,-10.32
119,-0.05,-0.16,0.99,0.29,5.05,-11.8
120,-0.07,-0.16,0.98,-0.29,5.53,-12.76
121,-0.1,-0.16,0.97,-0.79,5.87,-13.05
122,-0.12,-0.17,0.96,-0.76,5.97,-12.83
123,-0.13,-0.18,0.97,-0.52,6.25,-13.04
124,-0.15,-0.18,0.96,-0.83,6.02,-13.0
125,-0.17,-0.18,0.96,-1.37,6.0,-12.9
126,-0.2,-0.19,0.94,-1.11,5.0,-12.08
127,-0.22,-0.19,0.94,-0.44,3.35,-9.62
128,-0.21,-0.19,0.95,-1.53,2.63,-7.97
129,-0.24,-0.19,0.93,-2.65,2.88,-6.53
130,-0.25,-0.2,0.92,-2.69,1.15,-4.31
131,-0.26,-0.19,0.92,-2.73,-0.74,-1.56
132,-0.26,-0.19,0.91,-3.73,-2.7,0.86
133,-0.25,-0.19,0.92,-3.89,-3.91,3.24
134,-0.23,-0.2,0.93,-3.53,-5.56,5.86
135,-0.21,-0.18,0.93,-3.96,-6.14,7.92
136,-0.18,-0.17,0.94,-3.88,-6.21,9.2
137,-0.15,-0.17,0.95,-3.27,-6.76,10.73
138,-0.1,-0.15,0.95,-3.35,-6.82,10.77
139,-0.07,-0.13,0.95,-3.76,-6.21,9.27
140,-0.06,-0.13,0.96,-3.4,-6.28,7.61
141,-0.03,-0.12,0.97,-3.15,-6.03,5.81
142,-0.01,-0.11,0.97,-3.93,-4.93,3.85
143,-0.01,-0.11,0.98,-4.86,-3.52,1.96
144,0.0,-0.12,0.98,-5.02,-2.31,-0.94
145,-0.01,-0.13,0.98,-5.21,-1.15,-2.82
146,-0.01,-0.14,1.0,-4.8,-0.65,-5.11
147,-0.03,-0.15,0.99,-4.5,0.4,-6.9
148,-0.04,-0.16,1.0,-4.3,1.41,-8.22
149,-0.06,-0.16,0.99,-4.18,2.02,-9.17
150,-0.08,-0.18,0.99,-3.92,2.17,-9.56
151,-0.1,-0.18,0.98,-3.32,2.66,-9.97
152,-0.12,-0.19,0.98,-3.04,2.77,-9.89
153,-0.14,-0.19,0.97,-2.9,2.8,-9.66
154,-0.15,-0.2,0.97,-2.72,2.84,-8.82
155,-0.17,-0.2,0.96,-2.53,2.6,-7.71
156,-0.19,-0.19,0.95,-2.69,2.25,-6.5
157,-0.21,-0.2,0.95,-2.84,1.46,-5.34
158,-0.21,-0.2,0.95,-2.63,0.73,-3.4
159,-0.21,-0.19,0.94,-2.58,-0.46,-1.93
160,-0.21,-0.19,0.93,-2.79,-1.41,-0.28
161,-0.21,-0.19,0.93,-2.77,-2.04,1.32
162,-0.19,-0.19,0.93,-2.15,-3.23,3.11
163,-0.18,-0.18,0.94,-1.71,-3.84,4.68
164,-0.15,-0.16,0.94,-2.74,-3.93,5.59
165,-0.13,-0.15,0.93,-3.82,-4.08,5.52
166,-0.11,-0.15,0.95,-4.29,-4.34,4.74
167,-0.09,-0.15,0.96,-3.78,-4.82,3.68
168,-0.07,-0.15,0.96,-2.92,-4.88,2.28
169,-0.05,-0.14,0.97,-2.78,-4.21,0.76
170,-0.04,-0.14,0.97,-3.4,-2.4,-0.74
171,-0.04,-0.14,0.98,-4.19,-1.42,-2.25
172,-0.05,-0.15,0.98,-4.31,-1.03,-3.37
173,-0.05,-0.15,0.97,-4.3,-1.01,-4.7
174,-0.06,-0.16,0.98,-4.89,-0.6,-6.56
175,-0.08,-0.17,0.98,-4.62,-0.32,-7.69
176,-0.09,-0.18,0.98,-3.75,-0.08,-7.92
177,-0.1,-0.19,0.99,-3.25,0.61,-7.97
178,-0.11,-0.2,0.99,-3.1,1.4,-7.52
179,-0.14,-0.21,0.99,-2.36,1.86,-6.72
180,-0.15,-0.2,0.97,-1.96,1.67,-5.58
181,-0.16,-0.2,0.97,-2.12,1.95,-4.59
182,-0.17,-0.2,0.96,-2.05,1.48,-3.73
183,-0.18,-0.19,0.95,-2.11,0.71,-2.22
184,-0.18,-0.19,0.94,-2.38,-0.18,-0.62
185,-0.18,-0.18,0.93,-2.58,-0.9,0.45
186,-0.16,-0.16,0.93,-3.4,-1.56,1.09
187,-0.15,-0.15,0.92,-4.18,-1.98,1.32
188,-0.13,-0.14,0.93,-5.24,-2.55,1.05
189,-0.13,-0.14,0.93,-5.97,-3.77,0.88
190,-0.12,-0.13,0.92,-7.01,-5.18,0.16
191,-0.1,-0.13,0.92,-8.86,-6.24,-0.83
192,-0.1,-0.14,0.93,-10.35,-7.48,-1.98
193,-0.11,-0.15,0.92,-11.51,-8.85,-3.15
194,-0.09,-0.16,0.95,-12.31,-9.86,-3.95
195,-0.08,-0.19,0.97,-11.6,-9.18,-4.66
196,-0.07,-0.22,1.01,-8.34,-7.0,-4.35
197,-0.06,-0.22,1.02,-4.48,-2.75,-3.93
198,-0.05,-0.22,1.03,-2.55,-0.91,-3.2
199,-0.05,-0.2,1.02,-1.02,1.05,-3.24
200,-0.06,-0.19,1.01,-2.69,3.53,-5.38
201,-0.09,-0.21,1.02,-2.56,5.92,-7.02
202,-0.13,-0.23,1.0,2.2,3.67,-6.21
203,-0.13,-0.21,0.98,3.82,2.34,-5.17
204,-0.12,-0.18,0.96,1.19,4.95,-5.11
205,-0.14,-0.19,0.95,-0.34,6.53,-4.68
206,-0.16,-0.21,0.95,1.21,5.41,-3.4
207,-0.18,-0.2,0.94,2.18,4.34,-2.2
208,-0.17,-0.18,0.92,1.59,3.61,-1.82
209,-0.18,-0.17,0.92,0.48,2.27,-1.07
210,-0.17,-0.17,0.91,-0.39,0.94,0.57
211,-0.16,-0.16,0.91,-1.53,-0.51,1.82
212,-0.15,-0.15,0.92,-3.11,-2.6,2.57
213,-0.12,-0.14,0.92,-5.05,-4.15,0.85
214,-0.11,-0.17,0.95,-6.18,-5.3,-0.49
215,-0.1,-0.18,0.97,-4.47,-6.78,-0.18
216,-0.07,-0.18,1.0,-3.57,-5.96,-0.47
217,-0.05,-0.18,1.0,-3.65,-3.46,-1.43
218,-0.05,-0.19,1.01,-3.31,-0.98,-2.33
219,-0.06,-0.19,1.01,-2.08,0.42,-2.98
220,-0.06,-0.19,1.0,-0.57,1.09,-3.28
221,-0.07,-0.18,1.0,-0.26,2.16,-3.97
222,-0.07,-0.18,0.98,-0.2,2.89,-4.47
223,-0.09,-0.18,0.97,0.18,3.54,-4.47
224,-0.1,-0.16,0.96,-0.21,3.79,-5.12
225,-0.11,-0.16,0.95,-1.14,3.95,-5.56
226,-0.14,-0.16,0.93,-1.67,3.34,-5.82
227,-0.15,-0.16,0.92,-2.27,2.31,-5.82
228,-0.16,-0.15,0.92,-3.3,1.17,-5.94
229,-0.17,-0.16,0.91,-4.5,0.01,-5.4
230,-0.18,-0.16,0.92,-5.44,-1.25,-5.18
231,-0.18,-0.19,0.93,-4.22,-2.36,-3.92
232,-0.17,-0.19,0.94,-3.37,-3.27,-2.64
233,-0.17,-0.18,0.93,-4.35,-2.98,-2.68
234,-0.18,-0.19,0.93,-6.24,-3.38,-2.48
235,-0.19,-0.21,0.96,-6.22,-4.79,-0.6
236,-0.19,-0.24,0.97,-5.48,-6.69,0.92
237,-0.17,-0.25,1.0,-4.16,-7.32,2.76
238,-0.14,-0.25,1.02,-2.13,-6.77,4.47
239,-0.11,-0.24,1.02,-1.22,-4.84,6.05
240,-0.08,-0.21,1.02,-1.09,-1.79,6.8
241,-0.06,-0.19,1.01,-0.79,0.6,6.92
242,-0.05,-0.17,0.99,0.4,1.47,6.28
243,-0.04,-0.14,0.98,1.03,1.67,4.42
244,-0.04,-0.12,0.96,0.88,1.72,2.29
245,-0.03,-0.12,0.95,0.36,1.87,0.11
246,-0.03,-0.12,0.94,-0.14,1.75,-2.38
247,-0.03,-0.11,0.92,-1.02,1.71,-4.88
248,-0.04,-0.12,0.92,-2.64,1.87,-6.89
249,-0.06,-0.13,0.93,-3.43,1.35,-9.12
250,-0.08,-0.14,0.93,-4.3,0.32,-10.89
251,-0.1,-0.16,0.95,-5.01,-0.79,-11.91
252,-0.13,-0.19,0.96,-4.67,-1.24,-11.51
253,-0.13,-0.21,0.98,-4.27,-0.93,-11.26
254,-0.15,-0.23,1.0,-3.08,-0.38,-10.22
255,-0.17,-0.23,1.0,-2.21,0.37,-8.99
256,-0.19,-0.24,1.0,-1.92,1.4,-7.15
257,-0.2,-0.25,0.99,-0.97,1.6,-4.53
258,-0.21,-0.24,0.98,-0.07,1.16,-2.18
259,-0.21,-0.23,0.97,0.27,0.91,-0.16
260,-0.21,-0.22,0.96,0.66,1.24,1.63
261,-0.2,-0.2,0.94,1.09,0.46,3.31
262,-0.19,-0.19,0.93,0.76,-0.33,5.07
263,-0.18,-0.17,0.92,0.31,-1.07,6.36
264,-0.16,-0.16,0.92,0.1,-2.37,7.22
265,-0.13,-0.13,0.91,-0.73,-3.07,7.07
266,-0.1,-0.12,0.92,-2.13,-3.24,6.47
267,-0.09,-0.11,0.92,-3.4,-3.4,4.72
268,-0.06,-0.11,0.93,-3.31,-4.06,3.54
269,-0.04,-0.1,0.94,-3.84,-4.73,1.38
270,-0.03,-0.1,0.95,-5.6,-4.11,-1.37
271,-0.03,-0.12,0.96,-6.4,-3.38,-4.03
272,-0.03,-0.15,0.98,-5.31,-2.78,-5.47
273,-0.04,-0.16,0.99,-4.86,-2.18,-7.24
274,-0.04,-0.17,1.0,-5.72,-0.55,-8.94
275,-0.06,-0.2,1.01,-4.99,0.18,-9.53
276,-0.08,-0.21,1.02,-3.32,0.41,-9.34
277,-0.08,-0.21,1.02,-2.64,1.86,-10.02
278,-0.11,-0.21,1.01,-2.18,3.21,-10.08
279,-0.13,-0.23,1.01,-0.65,3.59,-9.41
280,-0.15,-0.22,1.0,0.28,4.3,-8.33
281,-0.17,-0.23,0.97,0.15,4.6,-6.96
282,-0.19,-0.22,0.96,1.04,4.61,-5.28
283,-0.2,-0.22,0.96,1.27,3.85,-3.58
284,-0.21,-0.19,0.95,1.4,3.11,-2.27
285,-0.21,-0.19,0.92,0.76,2.75,-0.22
286,-0.21,-0.18,0.91,0.31,1.46,0.93
287,-0.21,-0.16,0.91,-0.85,0.02,1.94
288,-0.21,-0.16,0.9,-2.2,-1.73,2.72
289,-0.19,-0.15,0.9,-2.98,-3.9,4.21
290,-0.17,-0.14,0.88,-4.26,-6.14,5.11
291,-0.14,-0.13,0.91,-5.91,-6.99,4.79
292,-0.11,-0.13,0.93,-6.85,-7.53,4.38
293,-0.08,-0.13,0.94,-7.7,-7.88,3.33
294,-0.06,-0.14,0.96,-7.96,-7.37,1.71
295,-0.04,-0.15,0.98,-7.25,-7.29,0.02
296,-0.02,-0.16,1.0,-5.69,-6.02,-1.92
297,-0.02,-0.17,1.01,-4.43,-3.79,-3.22
298,-0.02,-0.18,1.03,-3.58,-1.36,-4.97
299,-0.03,-0.2,1.03,-2.38,0.77,-5.85
300,-0.05,-0.21,1.02,-0.8,1.99,-6.32
301,-0.05,-0.21,1.02,0.02,3.22,-6.66
302,-0.07,-0.2,1.01,0.34,4.94,-6.85
303,-0.1,-0.2,1.0,0.73,5.85,-7.21
304,-0.1,-0.19,0.99,1.33,6.46,-7.22
305,-0.13,-0.19,0.97,1.46,6.43,-7.34
306,-0.15,-0.19,0.96,1.47,6.27,-7.76
307,-0.16,-0.19,0.94,1.2,5.69,-7.08
308,-0.18,-0.19,0.93,0.85,4.66,-6.45
309,-0.2,-0.19,0.93,0.69,3.21,-4.91
310,-0.2,-0.17,0.92,-0.21,2.07,-3.51
311,-0.21,-0.17,0.9,-1.63,0.73,-1.87
312,-0.21,-0.17,0.9,-2.69,-1.08,-0.7
313,-0.21,-0.17,0.9,-3.66,-2.88,0.08
314,-0.2,-0.17,0.91,-4.45,-4.4,1.46
315,-0.2,-0.17,0.92,-5.21,-5.79,2.11
316,-0.17,-0.17,0.92,-5.56,-7.66,3.27
317,-0.14,-0.17,0.93,-5.79,-8.56,4.37
318,-0.12,-0.16,0.94,-6.83,-8.01,3.88
319,-0.1,-0.18,0.97,-6.18,-7.76,3.37
320,-0.08,-0.18,0.99,-3.25,-7.83,3.72
321,-0.04,-0.17,1.0,-2.55,-6.28,2.41
322,-0.02,-0.16,1.01,-3.5,-2.49,0.72
323,-0.04,-0.18,1.0,-2.59,-0.56,-0.69
324,-0.04,-0.18,1.0,-0.67,0.12,-1.27
325,-0.04,-0.16,1.0,-0.14,0.88,-2.37
326,-0.05,-0.15,0.99,-0.66,2.08,-4.83
327,-0.06,-0.17,0.98,-0.6,2.11,-6.16
328,-0.07,-0.18,0.98,0.1,2.05,-6.65
329,-0.08,-0.18,0.99,0.6,2.88,-6.69
330,-0.1,-0.18,0.98,1.09,4.24,-7.17
331,-0.12,-0.18,0.97,0.76,4.73,-7.1
332,-0.14,-0.18,0.96,0.4,5.07,-6.67
333,-0.16,-0.19,0.96,0.23,4.76,-6.02
334,-0.18,-0.18,0.94,0.11,3.28,-5.19
335,-0.18,-0.18,0.94,-0.16,2.21,-4.69
336,-0.19,-0.18,0.93,-0.82,1.08,-3.66
337,-0.19,-0.17,0.92,-2.23,-0.12,-2.79
338,-0.19,-0.17,0.92,-2.93,-1.11,-1.69
339,-0.19,-0.17,0.92,-3.6,-2.2,-0.4
340,-0.18,-0.16,0.92,-3.89,-3.37,1.01
341,-0.17,-0.16,0.91,-4.78,-4.91,1.37
342,-0.14,-0.15,0.92,-6.08,-5.9,1.3
343,-0.14,-0.16,0.95,-6.34,-6.76,1.51
344,-0.11,-0.17,0.97,-5.93,-7.22,1.46
345,-0.09,-0.17,0.98,-4.76,-6.73,0.89
346,-0.08,-0.18,0.99,-3.56,-5.27,0.37
347,-0.07,-0.18,1.0,-2.35,-3.74,-0.32
348,-0.06,-0.18,1.0,-1.53,-1.69,-1.15
349,-0.07,-0.19,1.0,-0.95,0.18,-1.31
350,-0.08,-0.18,0.99,-0.08,0.86,-1.76
351,-0.08,-0.18,0.99,0.63,1.31,-1.95
352,-0.09,-0.18,0.99,0.74,2.01,-2.56
353,-0.09,-0.17,0.99,0.78,2.45,-3.37
354,-0.09,-0.17,0.97,1.19,3.03,-3.5
355,-0.1,-0.16,0.97,1.1,3.4,-3.99
356,-0.11,-0.16,0.94,0.73,3.98,-4.45
357,-0.13,-0.15,0.94,0.27,3.74,-4.15
358,-0.15,-0.15,0.93,-0.78,3.42,-4.02
359,-0.16,-0.14,0.92,-1.75,1.98,-4.16
360,-0.16,-0.15,0.91,-2.74,0.19,-4.4
361,-0.16,-0.16,0.92,-3.57,-1.53,-4.09
362,-0.17,-0.16,0.92,-4.83,-2.67,-3.48
363,-0.16,-0.16,0.92,-6.01,-3.28,-3.32
364,-0.17,-0.17,0.93,-6.92,-4.43,-2.92
365,-0.16,-0.18,0.95,-7.24,-5.12,-2.0
366,-0.16,-0.18,0.96,-7.37,-5.79,-1.42
367,-0.15,-0.2,0.97,-6.76,-6.21,-0.65
368,-0.13,-0.22,1.0,-4.6,-6.31,0.16
369,-0.11,-0.22,1.02,-1.52,-5.13,1.19
370,-0.09,-0.21,1.02,0.05,-2.6,0.96
371,-0.09,-0.19,1.02,0.74,0.26,1.34
372,-0.08,-0.2,1.01,1.56,1.52,0.94
373,-0.11,-0.2,1.0,2.55,1.17,1.05
374,-0.11,-0.19,0.99,3.46,0.37,0.77
375,-0.1,-0.18,0.99,3.89,0.45,1.01
376,-0.1,-0.17,0.99,3.84,1.07,0.67
377,-0.1,-0.17,0.97,1.99,0.56,-2.24
378,-0.11,-0.18,0.98,3.38,1.41,-0.1
379,-0.1,-0.17,0.98,3.6,1.62,-1.38
380,-0.1,-0.15,0.96,2.92,3.75,0.18
381,-0.12,-0.13,0.94,2.37,4.96,-0.48
382,-0.12,-0.12,0.92,1.5,4.3,-0.27
383,-0.13,-0.12,0.89,0.77,3.33,-0.35
384,-0.13,-0.09,0.87,-1.08,1.78,-1.5
385,-0.12,-0.08,0.87,-3.1,-0.02,-1.76
386,-0.13,-0.07,0.87,-5.45,-2.04,-3.78
387,-0.12,-0.08,0.87,-8.31,-4.4,-6.45
388,-0.13,-0.11,0.9,-10.6,-6.37,-7.55
389,-0.13,-0.13,0.93,-11.6,-8.04,-7.87
390,-0.12,-0.16,0.95,-12.56,-8.6,-8.23
391,-0.11,-0.2,0.98,-11.27,-8.57,-8.05
392,-0.11,-0.23,1.01,-8.13,-7.85,-6.92
393,-0.1,-0.23,1.04,-5.58,-4.9,-5.84
394,-0.1,-0.24,1.05,-3.34,-1.2,-4.95
395,-0.12,-0.24,1.05,-0.64,1.45,-3.24
396,-0.11,-0.22,1.04,0.65,3.2,-2.46
397,-0.12,-0.21,1.01,0.67,4.85,-1.69
398,-0.13,-0.2,0.99,1.92,4.22,-1.11
399,-0.12,-0.18,0.98,2.66,3.31,-0.79
