,accel_x,accel_y,accel_z,gyro_x,gyro_y,gyro_z
0,-0.03,-0.2,0.97,-1.79,1.66,-5.08
1,-0.04,-0.2,0.97,-1.49,2.01,-5.23
2,-0.05,-0.2,0.97,-0.92,2.68,-4.4
3,-0.05,-0.18,0.95,-1.08,1.95,-4.08
4,-0.05,-0.18,0.94,-1.92,1.32,-4.89
5,-0.06,-0.18,0.95,-2.73,0.79,-5.37
6,-0.06,-0.19,0.95,-2.76,-0.58,-4.68
7,-0.05,-0.18,0.95,-3.33,-0.69,-4.85
8,-0.05,-0.18,0.94,-4.05,0.63,-5.15
9,-0.06,-0.19,0.95,-3.88,-0.3,-4.98
10,-0.06,-0.2,0.95,-4.64,-0.72,-5.31
11,-0.06,-0.18,0.95,-4.74,-1.77,-5.57
12,-0.07,-0.2,0.96,-4.72,-2.27,-6.02
13,-0.06,-0.2,0.97,-4.72,-2.53,-5.69
14,-0.06,-0.21,0.96,-4.53,-3.97,-5.02
15,-0.06,-0.22,0.97,-4.6,-3.29,-4.76
16,-0.06,-0.23,0.98,-4.47,-2.91,-4.02
17,-0.06,-0.23,0.99,-3.52,-2.55,-3.33
18,-0.06,-0.23,1.0,-2.92,-2.16,-2.47
19,-0.06,-0.23,0.99,-1.5,-1.48,-1.56
20,-0.05,-0.22,0.99,-0.34,-0.79,0.78
21,-0.05,-0.22,0.98,-0.18,1.36,1.1
22,-0.05,-0.21,0.98,0.54,1.22,1.98
23,-0.06,-0.22,0.97,1.1,1.56,2.15
24,-0.07,-0.22,0.97,1.85,0.7,1.76
25,-0.05,-0.21,0.98,2.25,-0.07,2.02
26,-0.03,-0.19,0.96,2.19,0.72,2.08
27,-0.03,-0.19,0.97,2.21,1.98,1.17
28,-0.02,-0.18,0.96,2.01,1.5,0.46
29,-0.01,-0.18,0.96,1.95,0.92,1.14
30,-0.01,-0.17,0.96,1.77,0.74,0.66
31,-0.01,-0.16,0.95,1.43,1.05,0.07
32,-0.01,-0.16,0.94,0.55,0.93,-1.57
33,-0.01,-0.16,0.95,-0.32,0.77,-2.44
34,-0.01,-0.15,0.94,-1.41,0.78,-3.38
35,-0.01,-0.15,0.94,-2.35,-0.35,-3.61
36,-0.01,-0.15,0.94,-3.82,-0.96,-4.66
37,-0.01,-0.16,0.94,-5.09,0.15,-6.37
38,-0.02,-0.16,0.95,-5.46,-0.66,-7.31
39,-0.02,-0.17,0.95,-5.8,-2.05,-7.09
40,-0.03,-0.17,0.96,-6.55,-0.84,-7.83
41,-0.04,-0.18,0.96,-7.05,0.05,-8.64
42,-0.05,-0.19,0.96,-6.76,-0.29,-8.86
43,-0.06,-0.2,0.96,-6.63,-1.85,-8.02
44,-0.08,-0.21,0.96,-6.59,-1.66,-8.02
45,-0.09,-0.22,0.97,-6.42,-2.0,-7.98
46,-0.1,-0.22,0.97,-6.14,-2.12,-7.43
47,-0.1,-0.22,0.97,-5.92,-3.56,-5.83
48,-0.1,-0.24,0.99,-5.28,-2.6,-5.09
49,-0.11,-0.24,0.99,-4.69,-2.65,-4.66
50,-0.11,-0.25,0.99,-3.38,-2.76,-2.9
51,-0.1,-0.25,1.0,-1.78,-1.94,-0.07
52,-0.08,-0.23,0.99,-0.92,-2.51,1.77
53,-0.08,-0.23,0.98,-0.47,-0.69,3.17
54,-0.08,-0.23,0.98,-0.08,-0.41,4.57
55,-0.07,-0.21,0.96,0.76,-0.18,5.6
56,-0.05,-0.21,0.97,1.21,0.0,5.28
57,-0.05,-0.2,0.97,1.82,0.11,5.11
58,-0.04,-0.19,0.97,2.73,-2.27,5.31
59,-0.03,-0.19,0.96,2.4,-1.31,5.05
60,-0.02,-0.18,0.96,1.89,-0.75,4.59
61,-0.01,-0.17,0.96,1.48,-1.15,3.99
62,0.0,-0.18,0.97,1.48,-0.16,3.11
63,0.01,-0.17,0.97,1.5,0.23,1.27
64,0.02,-0.15,0.96,0.7,-0.17,-0.27
65,0.03,-0.14,0.95,-0.47,-1.16,-1.23
66,0.03,-0.14,0.96,-1.7,-0.34,-1.43
67,0.01,-0.16,0.96,-2.06,0.85,-2.82
68,0.01,-0.17,0.97,-2.0,0.76,-4.33
69,0.0,-0.16,0.95,-1.85,1.34,-5.24
70,-0.01,-0.15,0.96,-2.17,1.95,-5.85
71,-0.01,-0.16,0.95,-2.48,1.34,-6.98
72,-0.02,-0.16,0.95,-3.43,0.66,-7.59
73,-0.03,-0.17,0.95,-4.39,0.11,-7.86
74,-0.04,-0.18,0.95,-5.32,0.01,-8.5
75,-0.04,-0.18,0.96,-5.92,-1.74,-8.0
76,-0.05,-0.19,0.97,-6.62,-0.9,-8.79
77,-0.07,-0.22,0.97,-6.44,-0.17,-8.41
78,-0.08,-0.23,0.98,-5.89,0.4,-7.65
79,-0.09,-0.24,1.0,-4.37,1.31,-6.72
80,-0.1,-0.25,0.99,-2.87,1.63,-6.4
81,-0.09,-0.26,0.99,-1.29,3.15,-3.68
82,-0.1,-0.24,0.98,-1.43,2.56,-2.71
83,-0.1,-0.24,1.0,-1.29,3.65,-0.57
84,-0.1,-0.23,0.99,-1.34,2.81,-0.93
85,-0.09,-0.22,0.97,-0.85,2.68,1.3
86,-0.08,-0.22,0.98,0.15,2.93,3.41
87,-0.07,-0.22,0.98,1.37,2.52,2.19
88,-0.06,-0.2,0.98,3.13,0.98,1.47
89,-0.06,-0.19,0.97,4.98,-0.94,1.29
90,-0.04,-0.18,0.96,3.67,0.6,2.63
91,-0.03,-0.17,0.96,2.31,0.21,2.62
92,-0.03,-0.17,0.95,2.28,-0.53,1.91
93,-0.03,-0.16,0.95,1.46,-0.24,1.09
94,-0.01,-0.15,0.95,0.67,-1.09,0.77
95,-0.01,-0.15,0.95,-0.42,0.01,-0.6
96,-0.01,-0.15,0.95,-1.01,0.24,-1.11
97,-0.02,-0.15,0.95,-1.93,0.67,-1.84
98,-0.01,-0.14,0.93,-2.69,-0.51,-2.63
99,-0.02,-0.15,0.94,-3.35,-0.36,-4.51
100,-0.02,-0.16,0.94,-3.76,-1.21,-5.18
101,-0.03,-0.16,0.95,-4.12,-1.11,-6.64
102,-0.03,-0.17,0.95,-4.42,-1.89,-7.58
103,-0.04,-0.16,0.96,-4.8,-2.24,-6.91
104,-0.04,-0.17,0.95,-5.73,-2.26,-5.83
105,-0.05,-0.17,0.95,-6.71,-0.87,-6.14
106,-0.06,-0.18,0.96,-7.12,-1.96,-6.62
107,-0.06,-0.18,0.95,-7.69,-1.89,-6.56
108,-0.06,-0.19,0.95,-7.82,-2.94,-6.59
109,-0.06,-0.19,0.97,-8.05,-3.15,-7.24
110,-0.06,-0.19,0.97,-8.27,-3.63,-8.11
111,-0.07,-0.19,0.96,-8.91,-3.58,-7.22
112,-0.08,-0.21,0.97,-9.21,-2.15,-6.69
113,-0.08,-0.21,0.96,-9.52,-2.14,-6.28
114,-0.09,-0.21,0.96,-9.78,-1.57,-5.45
115,-0.09,-0.22,0.97,-9.12,-1.67,-4.47
116,-0.09,-0.21,0.96,-8.19,-1.61,-3.19
117,-0.08,-0.2,0.96,-7.46,-1.8,-1.66
118,-0.08,-0.2,0.96,-7.69,-1.11,-0.23
119,-0.09,-0.2,0.94,-7.87,-2.84,1.63
120,-0.11,-0.21,0.94,-8.63,-4.48,0.86
121,-0.12,-0.22,0.95,-7.99,-6.25,1.27
122,-0.1,-0.24,0.98,-6.91,-8.18,1.5
123,-0.08,-0.25,1.0,-5.71,-8.31,1.73
124,-0.06,-0.25,1.0,-4.44,-6.23,3.51
125,-0.03,-0.24,1.01,-3.56,-4.37,4.2
126,-0.01,-0.23,1.0,-3.33,-2.85,5.98
127,-0.02,-0.24,1.0,-2.86,-0.98,5.5
128,-0.02,-0.24,1.02,-0.35,-1.7,4.66
129,-0.0,-0.24,1.02,2.5,-2.18,2.66
130,0.02,-0.23,1.02,4.15,-1.13,2.16
131,0.02,-0.22,1.02,5.58,-0.74,3.07
132,0.02,-0.21,1.01,6.43,0.21,3.96
133,0.04,-0.19,0.99,5.59,2.63,3.89
134,0.03,-0.19,0.98,5.01,4.5,2.34
135,0.03,-0.18,0.98,4.94,4.67,-0.31
136,0.03,-0.17,0.97,4.69,4.23,-1.89
137,0.02,-0.16,0.96,4.34,3.96,-3.8
138,0.02,-0.15,0.95,3.58,3.24,-5.18
139,0.02,-0.15,0.96,2.05,3.33,-5.79
140,0.01,-0.14,0.94,1.05,4.77,-6.81
141,-0.0,-0.14,0.94,-0.01,3.91,-7.08
142,-0.01,-0.13,0.93,-0.89,4.38,-7.75
143,-0.01,-0.14,0.93,-2.07,4.27,-9.56
144,-0.02,-0.13,0.92,-3.34,4.18,-11.58
145,-0.04,-0.15,0.91,-4.69,4.67,-12.8
146,-0.06,-0.15,0.91,-6.01,4.45,-12.76
147,-0.08,-0.15,0.91,-8.09,4.07,-12.64
148,-0.09,-0.15,0.92,-10.43,3.89,-11.6
149,-0.1,-0.17,0.92,-12.54,3.26,-10.31
150,-0.11,-0.18,0.92,-13.98,0.84,-7.79
151,-0.12,-0.19,0.92,-15.49,-2.23,-9.18
152,-0.12,-0.2,0.94,-14.63,-4.97,-10.17
153,-0.14,-0.23,0.94,-12.49,-7.04,-11.9
154,-0.14,-0.23,0.95,-12.27,-7.16,-9.82
155,-0.15,-0.26,0.96,-11.61,-6.76,-7.57
156,-0.17,-0.26,0.99,-10.26,-6.56,-5.24
157,-0.15,-0.27,0.97,-9.62,-8.91,-4.3
158,-0.14,-0.28,0.99,-8.94,-8.96,-0.99
159,-0.13,-0.29,1.0,-7.69,-9.39,-0.81
160,-0.12,-0.29,1.02,-5.44,-8.95,2.05
161,-0.1,-0.3,1.02,-3.38,-7.29,4.71
162,-0.1,-0.29,1.02,-1.48,-6.17,6.63
163,-0.08,-0.29,1.02,0.71,-5.34,7.48
164,-0.06,-0.27,1.02,2.41,-4.69,8.84
165,-0.03,-0.26,1.01,4.05,-3.12,9.45
166,-0.02,-0.24,1.01,6.63,-1.69,9.21
167,-0.01,-0.23,1.01,9.68,-0.17,8.86
168,-0.0,-0.22,0.99,11.37,0.91,9.83
169,0.01,-0.19,0.99,11.33,2.16,10.22
170,0.04,-0.17,0.98,10.55,2.66,10.87
171,0.05,-0.16,0.98,9.89,3.82,9.71
172,0.06,-0.15,0.95,9.01,5.12,8.4
173,0.06,-0.13,0.96,7.87,5.92,6.21
174,0.07,-0.12,0.96,5.84,6.7,3.14
175,0.07,-0.12,0.95,4.23,5.79,-0.91
176,0.06,-0.12,0.95,2.94,5.35,-4.23
177,0.06,-0.11,0.95,1.53,4.63,-7.02
178,0.05,-0.11,0.94,-0.11,2.7,-9.55
179,0.05,-0.11,0.94,-1.27,1.88,-11.16
180,0.05,-0.11,0.93,-3.02,2.59,-11.21
181,0.05,-0.12,0.93,-4.76,3.8,-12.74
182,0.03,-0.1,0.92,-7.01,4.76,-14.65
183,0.01,-0.11,0.91,-9.24,6.07,-17.94
184,0.0,-0.12,0.91,-11.28,4.89,-19.43
185,-0.02,-0.12,0.91,-13.18,4.13,-21.69
186,-0.04,-0.15,0.91,-14.34,4.09,-24.66
187,-0.06,-0.17,0.93,-14.69,2.31,-26.15
188,-0.07,-0.18,0.93,-15.27,0.57,-26.1
189,-0.09,-0.21,0.93,-15.5,-1.02,-26.58
190,-0.12,-0.24,0.96,-15.22,-3.12,-26.47
191,-0.13,-0.26,0.98,-13.92,-2.79,-24.2
192,-0.15,-0.27,0.98,-13.26,-2.4,-21.62
193,-0.16,-0.27,0.97,-12.78,-2.21,-17.67
194,-0.18,-0.28,0.97,-12.88,-3.6,-13.98
195,-0.2,-0.28,0.96,-13.73,-4.54,-12.09
196,-0.22,-0.3,0.96,-12.52,-7.15,-10.98
197,-0.22,-0.31,0.97,-10.11,-10.65,-8.88
198,-0.21,-0.32,0.97,-8.12,-13.31,-7.15
199,-0.19,-0.31,0.99,-6.23,-13.69,-3.86
200,-0.16,-0.3,0.97,-5.56,-12.47,-0.25
201,-0.16,-0.3,0.97,-5.63,-9.15,4.22
202,-0.16,-0.3,0.97,-4.85,-7.45,9.56
203,-0.14,-0.29,0.98,-3.66,-9.15,14.06
204,-0.13,-0.27,0.96,-3.16,-10.38,17.61
205,-0.1,-0.27,0.97,-2.07,-8.38,19.27
206,-0.08,-0.27,0.98,-0.24,-8.79,20.47
207,-0.06,-0.25,0.98,1.56,-10.14,21.41
208,-0.04,-0.24,0.97,2.27,-8.99,22.92
209,0.0,-0.22,0.98,2.23,-7.74,23.46
210,0.03,-0.21,0.98,1.84,-4.66,21.92
211,0.05,-0.21,0.99,1.47,-0.82,19.88
212,0.06,-0.21,1.0,3.66,1.09,19.8
213,0.06,-0.2,1.0,6.73,2.6,17.17
214,0.07,-0.2,1.0,9.08,3.5,15.12
215,0.07,-0.18,0.99,9.68,5.88,13.57
216,0.07,-0.17,0.97,9.17,4.93,10.97
217,0.06,-0.16,0.96,7.63,4.46,7.89
218,0.06,-0.15,0.96,6.27,5.1,5.67
219,0.06,-0.16,0.97,5.23,4.21,3.32
220,0.06,-0.16,0.97,5.25,3.15,0.86
221,0.06,-0.16,0.96,4.18,3.11,-2.29
222,0.06,-0.15,0.96,3.73,2.89,-4.07
223,0.06,-0.17,0.96,2.5,4.05,-6.23
224,0.04,-0.16,0.96,2.26,3.51,-8.22
225,0.03,-0.16,0.96,1.02,3.77,-10.5
226,0.02,-0.16,0.96,-0.46,5.44,-11.87
227,0.0,-0.16,0.95,-0.85,4.26,-13.05
228,-0.0,-0.16,0.95,-1.94,2.98,-13.53
229,-0.0,-0.15,0.93,-4.25,3.73,-15.77
230,-0.02,-0.14,0.92,-6.98,4.74,-17.36
231,-0.04,-0.15,0.93,-9.02,4.16,-18.38
232,-0.07,-0.17,0.92,-10.27,3.53,-18.95
233,-0.09,-0.18,0.92,-10.96,0.31,-18.95
234,-0.1,-0.19,0.93,-11.24,-2.11,-18.21
235,-0.1,-0.2,0.94,-10.51,-5.12,-16.43
236,-0.1,-0.22,0.95,-9.44,-4.46,-15.39
237,-0.09,-0.22,0.95,-9.12,-4.88,-14.47
238,-0.1,-0.22,0.94,-10.36,-3.05,-13.11
239,-0.12,-0.23,0.96,-11.08,-1.98,-11.57
240,-0.13,-0.25,0.97,-9.93,-3.04,-9.97
241,-0.13,-0.25,0.96,-8.95,-4.49,-9.63
242,-0.12,-0.25,0.96,-8.83,-4.95,-8.6
243,-0.12,-0.26,0.97,-9.89,-5.6,-7.6
244,-0.13,-0.27,0.97,-9.92,-7.72,-6.24
245,-0.13,-0.28,0.98,-9.26,-9.23,-3.83
246,-0.12,-0.3,1.0,-7.0,-8.85,-0.26
247,-0.11,-0.3,1.01,-4.22,-6.75,2.76
248,-0.09,-0.3,1.02,-1.41,-4.91,5.67
249,-0.09,-0.3,1.02,-0.15,-0.47,8.45
250,-0.08,-0.29,1.01,1.83,1.9,11.34
251,-0.07,-0.29,1.01,4.38,1.68,13.36
252,-0.07,-0.29,1.01,7.53,3.19,15.42
253,-0.04,-0.26,1.01,10.89,3.18,16.41
254,-0.01,-0.23,0.99,11.37,3.37,16.67
255,0.01,-0.2,0.97,10.21,5.47,16.18
256,0.01,-0.19,0.96,9.36,6.67,14.69
257,0.02,-0.18,0.96,8.84,5.02,12.0
258,0.02,-0.17,0.96,8.63,4.24,9.34
259,0.02,-0.16,0.94,8.46,2.89,7.82
260,0.02,-0.15,0.95,7.52,2.76,5.88
261,0.04,-0.13,0.94,5.47,2.76,3.73
262,0.04,-0.12,0.94,3.95,2.63,1.64
263,0.04,-0.11,0.92,1.82,1.08,0.99
264,0.04,-0.12,0.93,0.05,2.37,-0.98
265,0.02,-0.12,0.92,-1.24,0.63,-4.46
266,0.01,-0.12,0.92,-2.93,-0.66,-7.11
267,0.0,-0.12,0.91,-4.34,-1.25,-9.16
268,-0.01,-0.14,0.91,-6.2,-1.5,-11.16
269,-0.02,-0.14,0.92,-7.8,-2.11,-13.07
270,-0.02,-0.15,0.92,-10.02,-1.53,-14.0
271,-0.04,-0.15,0.93,-12.38,-0.47,-15.61
272,-0.05,-0.17,0.94,-13.09,-2.13,-15.5
273,-0.07,-0.19,0.94,-12.85,-4.91,-15.87
274,-0.08,-0.21,0.94,-12.78,-5.42,-17.02
275,-0.1,-0.23,0.96,-11.48,-7.4,-17.04
276,-0.11,-0.26,0.98,-9.27,-7.65,-15.58
277,-0.11,-0.27,0.98,-7.35,-7.79,-13.57
278,-0.11,-0.26,0.99,-6.08,-9.38,-11.1
279,-0.11,-0.27,0.99,-6.65,-6.33,-8.73
280,-0.12,-0.29,1.0,-6.09,-5.38,-5.21
281,-0.14,-0.29,1.0,-4.74,-5.95,-2.24
282,-0.12,-0.29,1.01,-3.73,-4.76,0.08
283,-0.11,-0.3,1.01,-1.42,-4.15,2.5
284,-0.1,-0.29,1.02,0.99,-3.63,4.92
285,-0.08,-0.27,1.0,2.23,-1.92,6.87
286,-0.07,-0.27,1.01,4.15,-0.53,7.15
287,-0.07,-0.27,1.01,7.77,-0.2,8.27
288,-0.04,-0.26,1.02,11.57,-0.39,9.95
289,-0.02,-0.23,1.0,13.44,0.5,10.05
290,-0.0,-0.19,0.97,12.42,2.62,10.14
291,-0.0,-0.17,0.96,9.38,5.38,11.24
292,-0.02,-0.18,0.95,7.54,6.82,11.82
293,-0.01,-0.17,0.95,6.85,5.44,11.29
294,0.02,-0.14,0.95,6.05,3.47,10.71
295,0.03,-0.13,0.94,5.06,3.32,8.21
296,0.04,-0.12,0.93,4.61,0.75,6.81
297,0.05,-0.12,0.93,2.89,1.42,4.42
298,0.05,-0.11,0.93,1.47,2.42,1.91
299,0.04,-0.11,0.93,-0.23,1.24,-0.83
300,0.01,-0.11,0.93,-2.3,0.69,-4.06
301,0.0,-0.11,0.91,-3.15,-0.72,-6.64
302,0.0,-0.13,0.93,-4.01,-1.03,-9.27
303,0.01,-0.14,0.94,-4.4,-1.23,-10.44
304,-0.01,-0.14,0.94,-6.08,-0.21,-10.91
305,-0.03,-0.15,0.94,-7.52,0.61,-12.58
306,-0.04,-0.17,0.95,-7.47,0.73,-13.16
307,-0.04,-0.18,0.95,-7.65,-1.02,-12.91
308,-0.05,-0.19,0.97,-7.85,0.18,-13.34
309,-0.06,-0.2,0.97,-7.8,-0.31,-13.24
310,-0.08,-0.21,0.97,-8.05,-0.27,-12.7
311,-0.1,-0.21,0.96,-8.53,-0.21,-12.11
312,-0.11,-0.22,0.97,-8.64,-1.49,-11.37
313,-0.13,-0.24,0.96,-8.02,-1.13,-10.46
314,-0.14,-0.25,0.98,-6.83,-1.71,-9.17
315,-0.13,-0.24,0.98,-5.17,-3.08,-5.98
316,-0.12,-0.25,0.97,-4.49,-3.44,-2.17
317,-0.13,-0.25,0.97,-4.51,-0.69,0.09
318,-0.14,-0.24,0.97,-3.94,-1.66,3.18
319,-0.14,-0.24,0.97,-3.85,-2.21,4.85
320,-0.14,-0.24,0.96,-3.04,-2.69,5.87
321,-0.13,-0.24,0.97,-1.59,-3.5,6.25
322,-0.12,-0.23,0.97,-1.29,-4.3,7.46
323,-0.09,-0.22,0.97,-1.57,-3.93,8.69
324,-0.08,-0.22,0.97,-1.14,-5.05,10.83
325,-0.08,-0.21,0.95,-1.04,-4.92,13.14
326,-0.06,-0.2,0.96,-1.91,-4.74,14.2
327,-0.05,-0.19,0.96,-1.52,-5.31,14.37
328,-0.03,-0.18,0.95,-1.43,-5.91,15.05
329,0.01,-0.16,0.96,-2.59,-6.4,14.3
330,0.03,-0.15,0.95,-4.08,-5.1,11.15
331,0.04,-0.16,0.96,-4.22,-6.05,8.51
332,0.05,-0.15,0.98,-4.02,-6.4,6.72
333,0.06,-0.15,0.97,-4.11,-5.39,4.07
334,0.07,-0.15,0.98,-4.34,-3.79,2.3
335,0.07,-0.15,0.96,-4.88,-2.95,1.31
336,0.07,-0.14,0.96,-5.93,-2.37,-1.22
337,0.07,-0.14,0.97,-6.95,-2.6,-4.89
338,0.07,-0.15,0.96,-7.93,-3.07,-8.11
339,0.05,-0.16,0.96,-8.24,-3.79,-9.08
340,0.05,-0.16,0.97,-8.75,-3.65,-10.5
341,0.06,-0.17,0.97,-9.03,-2.95,-11.53
342,0.04,-0.18,0.97,-9.92,-1.11,-13.25
343,0.04,-0.19,0.98,-10.11,-1.13,-14.81
344,0.02,-0.21,0.99,-8.94,1.1,-16.1
345,0.0,-0.22,1.0,-6.87,1.18,-17.21
346,-0.0,-0.22,1.0,-4.82,2.39,-17.69
347,-0.02,-0.22,0.98,-4.53,4.09,-18.08
348,-0.04,-0.23,0.98,-4.79,6.0,-18.56
349,-0.07,-0.24,0.98,-4.66,5.95,-16.69
350,-0.08,-0.24,0.98,-4.63,5.0,-15.79
351,-0.09,-0.26,0.98,-3.63,2.98,-15.08
352,-0.1,-0.27,0.99,-1.69,2.91,-12.94
353,-0.1,-0.27,0.99,0.41,3.17,-11.19
354,-0.11,-0.26,0.99,1.32,4.89,-9.64
355,-0.12,-0.26,0.98,1.6,6.24,-7.42
356,-0.14,-0.26,0.98,2.11,6.88,-4.62
357,-0.16,-0.27,0.97,3.05,5.82,-2.37
358,-0.16,-0.26,0.95,3.77,4.98,-0.46
359,-0.16,-0.25,0.95,4.07,3.95,2.37
360,-0.15,-0.24,0.93,3.67,2.85,5.26
361,-0.15,-0.22,0.93,2.57,2.64,8.1
362,-0.14,-0.21,0.93,1.79,1.5,9.74
363,-0.13,-0.2,0.93,0.83,-0.45,10.77
364,-0.12,-0.2,0.93,0.66,-2.27,11.27
365,-0.1,-0.19,0.93,0.31,-3.95,11.35
366,-0.09,-0.18,0.93,0.15,-5.8,11.73
367,-0.07,-0.18,0.93,-0.92,-6.41,12.64
368,-0.06,-0.17,0.93,-1.74,-6.91,13.34
369,-0.06,-0.17,0.93,-3.32,-7.39,13.34
370,-0.04,-0.16,0.93,-4.27,-8.12,14.21
371,-0.03,-0.16,0.93,-5.82,-8.87,13.92
372,-0.02,-0.15,0.94,-6.98,-10.18,12.85
373,0.0,-0.15,0.94,-8.05,-11.76,11.79
374,0.03,-0.15,0.94,-9.98,-11.63,9.24
375,0.05,-0.15,0.95,-11.35,-12.5,6.7
376,0.06,-0.15,0.95,-12.43,-11.91,3.58
377,0.05,-0.15,0.95,-12.97,-12.58,0.24
378,0.06,-0.16,0.96,-13.5,-13.89,-3.01
379,0.06,-0.18,0.96,-13.72,-13.31,-5.66
380,0.06,-0.18,0.98,-13.76,-12.89,-7.94
381,0.08,-0.18,0.99,-13.68,-12.33,-9.43
382,0.09,-0.18,0.97,-13.37,-10.38,-11.31
383,0.1,-0.17,0.99,-14.94,-7.13,-12.95
384,0.08,-0.19,0.98,-17.31,-3.72,-13.05
385,0.06,-0.22,0.99,-17.0,-1.37,-17.07
386,0.05,-0.23,0.99,-14.72,-1.64,-19.14
387,0.03,-0.23,1.0,-13.31,-1.76,-21.4
388,0.04,-0.25,1.0,-11.73,-1.19,-25.42
389,0.03,-0.27,1.03,-8.67,-0.05,-25.56
390,0.01,-0.29,1.03,-5.09,2.04,-23.78
391,0.02,-0.28,1.03,-3.32,5.66,-21.16
392,0.01,-0.26,1.01,-3.57,10.53,-20.91
393,-0.03,-0.28,1.02,-2.4,9.05,-21.48
394,-0.03,-0.29,1.02,-0.56,13.55,-21.28
395,-0.05,-0.31,1.02,2.47,14.9,-18.76
396,-0.05,-0.32,1.03,6.36,14.98,-16.78
397,-0.08,-0.3,1.0,9.13,15.37,-14.27
398,-0.09,-0.29,1.0,10.46,15.31,-11.02
399,-0.11,-0.28,0.97,10.24,17.58,-6.09
