,accel_x,accel_y,accel_z,gyro_x,gyro_y,gyro_z
0,-0.0,-0.16,0.88,-10.0,-3.6,-9.07
1,-0.01,-0.17,0.88,-12.34,-7.2,-9.69
2,-0.02,-0.19,0.89,-15.3,-8.9,-10.69
3,-0.02,-0.21,0.9,-18.75,-10.27,-12.1
4,-0.03,-0.25,0.93,-20.88,-11.96,-13.54
5,-0.05,-0.31,0.99,-18.31,-13.73,-13.02
6,-0.04,-0.35,1.03,-12.79,-14.32,-10.6
7,-0.02,-0.37,1.06,-6.71,-12.48,-7.88
8,-0.02,-0.36,1.06,-4.06,-8.32,-5.02
9,0.01,-0.36,1.07,-2.45,-3.37,-0.74
10,0.0,-0.35,1.06,-1.06,0.45,3.5
11,0.01,-0.35,1.06,0.62,4.62,6.74
12,0.02,-0.33,1.06,3.76,6.11,7.64
13,0.02,-0.31,1.03,6.84,7.55,6.63
14,0.02,-0.29,1.0,9.73,7.47,5.3
15,0.03,-0.25,0.97,10.66,6.24,4.89
16,0.05,-0.22,0.95,9.76,7.16,4.19
17,0.05,-0.2,0.92,7.5,7.79,3.66
18,0.04,-0.19,0.91,5.68,7.73,3.02
19,0.05,-0.17,0.9,4.6,5.8,2.97
20,0.04,-0.16,0.89,3.27,4.69,1.32
21,0.03,-0.15,0.89,0.69,3.78,-0.75
22,0.03,-0.14,0.88,-1.64,0.85,-3.16
23,0.02,-0.14,0.85,-4.6,-0.79,-5.41
24,0.01,-0.16,0.87,-7.89,-4.87,-7.42
25,-0.01,-0.16,0.88,-10.71,-6.04,-8.32
26,-0.03,-0.19,0.89,-13.08,-7.53,-8.99
27,-0.03,-0.22,0.91,-15.08,-10.43,-10.11
28,-0.03,-0.24,0.92,-17.79,-12.04,-10.03
29,-0.02,-0.28,0.97,-18.56,-12.08,-10.84
30,-0.04,-0.35,1.04,-13.6,-13.88,-8.33
31,-0.03,-0.38,1.06,-6.58,-12.78,-4.7
32,0.01,-0.36,1.07,-1.6,-10.29,-1.89
33,0.03,-0.35,1.08,-1.36,-3.86,0.67
34,0.02,-0.34,1.06,-0.85,1.98,3.29
35,-0.01,-0.35,1.06,2.06,3.6,6.08
36,0.01,-0.33,1.05,5.46,4.58,7.64
37,0.03,-0.31,1.04,9.08,5.68,6.59
38,0.03,-0.29,1.02,12.47,5.11,6.79
39,0.05,-0.24,0.98,13.41,5.4,7.64
40,0.06,-0.21,0.96,10.95,8.34,7.27
41,0.07,-0.18,0.93,8.85,9.24,5.81
42,0.07,-0.16,0.92,6.98,8.83,2.93
43,0.06,-0.15,0.9,4.94,7.08,-1.26
44,0.05,-0.14,0.89,4.32,4.4,-3.21
45,0.05,-0.15,0.88,2.96,1.95,-5.87
46,0.05,-0.14,0.88,-0.42,0.45,-7.89
47,0.04,-0.16,0.89,-3.11,0.42,-8.59
48,0.03,-0.16,0.9,-5.21,0.16,-8.98
49,0.02,-0.18,0.91,-6.54,-0.53,-9.76
50,0.01,-0.21,0.93,-7.11,-1.82,-10.47
51,-0.0,-0.18,0.92,-8.84,-3.4,-10.37
52,-0.0,-0.21,0.92,-10.15,-3.59,-13.71
53,-0.02,-0.26,0.96,-9.45,-5.51,-14.66
54,-0.01,-0.23,0.96,-10.88,-5.37,-13.56
55,-0.02,-0.27,0.97,-12.46,-3.56,-13.79
56,-0.06,-0.3,0.99,-10.9,-2.86,-11.91
57,-0.06,-0.32,1.0,-7.79,-4.19,-8.74
58,-0.05,-0.31,1.0,-6.77,-2.46,-6.63
59,-0.07,-0.32,1.0,-5.63,-1.29,-3.83
60,-0.07,-0.32,0.99,-3.75,-0.76,0.83
61,-0.06,-0.31,1.0,-3.01,1.56,5.46
62,-0.04,-0.3,0.98,-2.58,4.05,9.36
63,-0.02,-0.27,0.97,-2.55,6.37,11.14
64,0.01,-0.25,0.97,-5.52,10.99,16.89
65,0.02,-0.25,0.97,-10.43,19.21,24.31
66,0.01,-0.27,0.97,-11.23,23.53,26.49
67,0.0,-0.24,0.96,-9.37,23.86,27.13
68,0.01,-0.24,0.96,-9.91,23.98,26.01
69,0.02,-0.23,0.97,-9.5,24.49,25.21
70,0.02,-0.24,0.96,-7.28,23.38,22.34
71,0.01,-0.23,0.95,-4.56,18.71,17.99
72,-0.01,-0.24,0.96,-1.37,11.83,12.98
73,0.0,-0.21,0.94,2.56,5.28,5.26
74,0.02,-0.2,0.93,3.37,0.61,-0.88
75,0.04,-0.19,0.94,1.47,0.09,-3.49
76,0.04,-0.19,0.93,-1.45,1.17,-4.56
77,0.02,-0.22,0.94,-2.7,2.69,-4.86
78,0.0,-0.23,0.95,-2.98,3.53,-5.37
79,-0.01,-0.23,0.95,-3.65,2.21,-7.58
80,-0.03,-0.23,0.94,-3.27,-1.38,-9.6
81,-0.05,-0.25,0.94,-2.16,-4.53,-12.15
82,-0.06,-0.26,0.94,-1.29,-8.74,-14.91
83,-0.06,-0.27,0.94,-0.13,-12.31,-17.05
84,-0.06,-0.27,0.96,1.5,-14.6,-18.61
85,-0.06,-0.26,0.95,2.21,-15.36,-18.63
86,-0.05,-0.27,0.97,1.66,-14.54,-17.03
87,-0.05,-0.27,0.97,1.21,-13.15,-15.11
88,-0.05,-0.27,0.96,2.08,-11.86,-13.21
89,-0.05,-0.26,0.96,2.16,-12.37,-11.35
90,-0.04,-0.26,0.95,1.63,-12.23,-10.58
91,-0.05,-0.26,0.94,2.15,-12.56,-10.25
92,-0.04,-0.27,0.96,4.36,-16.21,-11.11
93,-0.03,-0.26,0.97,8.48,-20.17,-13.53
94,-0.02,-0.25,0.97,12.14,-23.97,-15.92
95,-0.01,-0.25,0.96,13.48,-26.78,-16.98
96,-0.01,-0.25,0.96,13.99,-24.82,-13.1
97,-0.01,-0.26,0.98,15.28,-23.73,-7.63
98,0.02,-0.24,0.97,16.11,-23.64,-1.85
99,0.08,-0.19,0.97,13.51,-19.53,0.14
100,0.14,-0.17,0.97,8.37,-12.02,-1.06
101,0.17,-0.15,0.98,1.27,-3.0,-4.92
102,0.14,-0.18,1.0,-3.36,5.64,-8.08
103,0.08,-0.22,1.0,-2.37,7.82,-8.64
104,0.05,-0.25,1.01,1.96,7.05,-9.28
105,0.05,-0.18,0.97,1.02,4.94,-8.92
106,0.09,-0.19,0.97,-1.47,7.98,-13.4
107,0.03,-0.21,0.97,-2.83,9.76,-15.08
108,0.02,-0.22,0.96,-3.67,9.18,-14.21
109,-0.01,-0.23,0.95,-4.98,10.25,-12.95
110,-0.05,-0.25,0.96,-6.01,10.36,-10.52
111,-0.08,-0.26,0.94,-5.4,7.0,-7.85
112,-0.09,-0.28,0.95,-4.66,4.25,-4.17
113,-0.1,-0.28,0.95,-3.09,1.9,0.23
114,-0.07,-0.25,0.94,-2.97,0.26,4.2
115,-0.03,-0.22,0.94,-5.26,0.83,5.9
116,-0.02,-0.22,0.93,-7.16,1.2,7.48
117,-0.03,-0.21,0.94,-7.14,0.99,8.89
118,-0.02,-0.22,0.94,-6.92,-0.92,8.31
119,-0.01,-0.2,0.93,-6.89,-2.99,7.94
120,0.0,-0.19,0.93,-8.4,-4.03,7.89
121,0.02,-0.2,0.94,-7.92,-6.13,6.21
122,0.07,-0.21,0.98,-5.63,-6.18,3.73
123,0.1,-0.2,1.0,-3.53,-4.53,-0.29
124,0.13,-0.2,1.0,-2.58,-0.77,-3.75
125,0.11,-0.21,1.0,-0.98,3.29,-5.95
126,0.09,-0.22,1.0,0.23,5.44,-7.98
127,0.07,-0.22,0.98,0.89,6.65,-6.77
128,0.05,-0.22,0.99,0.22,7.28,-6.4
129,0.04,-0.22,0.98,-0.96,7.69,-6.07
130,0.04,-0.23,0.97,-1.86,8.62,-6.2
131,-0.0,-0.24,0.97,-2.62,9.11,-5.92
132,-0.04,-0.24,0.97,-2.77,8.27,-5.69
133,-0.04,-0.24,0.95,-3.17,6.7,-5.21
134,-0.06,-0.24,0.95,-3.41,5.09,-4.82
135,-0.08,-0.25,0.94,-3.37,2.47,-3.95
136,-0.09,-0.25,0.94,-3.75,0.44,-2.5
137,-0.08,-0.26,0.94,-4.04,-1.1,-0.62
138,-0.07,-0.24,0.93,-4.51,-3.23,2.18
139,-0.06,-0.23,0.93,-6.31,-2.89,4.11
140,-0.06,-0.22,0.93,-8.14,-2.85,5.28
141,-0.05,-0.22,0.93,-9.05,-4.67,6.13
142,-0.03,-0.23,0.95,-8.96,-5.47,6.99
143,-0.01,-0.24,0.97,-6.07,-6.31,8.17
144,0.04,-0.24,1.0,-2.44,-4.4,6.56
145,0.09,-0.22,1.01,-0.66,0.28,3.82
146,0.1,-0.21,1.01,-0.19,3.81,-0.77
147,0.07,-0.21,0.99,1.26,4.24,-3.96
148,0.06,-0.22,0.99,3.03,2.66,-5.96
149,0.05,-0.22,0.98,3.63,1.41,-7.34
150,0.06,-0.21,0.98,2.82,1.5,-9.27
151,0.05,-0.21,0.98,2.17,1.46,-8.87
152,0.03,-0.22,0.97,0.73,3.19,-7.98
153,0.01,-0.23,0.97,0.08,3.7,-7.52
154,-0.01,-0.22,0.96,-1.32,3.44,-7.04
155,-0.05,-0.23,0.95,-2.02,3.27,-6.43
156,-0.07,-0.24,0.94,-2.53,1.27,-5.6
157,-0.08,-0.24,0.93,-3.69,0.6,-4.33
158,-0.09,-0.24,0.93,-4.79,0.04,-2.49
159,-0.09,-0.24,0.93,-5.03,-3.21,0.03
160,-0.09,-0.24,0.93,-5.61,-4.47,1.74
161,-0.06,-0.23,0.93,-6.23,-5.69,2.65
162,-0.04,-0.21,0.91,-7.85,-7.85,2.76
163,-0.01,-0.19,0.91,-10.73,-7.46,1.81
164,0.01,-0.19,0.91,-13.34,-6.82,-1.35
165,0.02,-0.22,0.95,-11.95,-8.88,-2.47
166,0.04,-0.23,0.99,-7.79,-8.74,-2.74
167,0.08,-0.24,1.01,-4.08,-7.52,-6.6
168,0.11,-0.23,1.02,-0.85,-5.23,-9.04
169,0.09,-0.24,1.03,1.69,-2.16,-9.62
170,0.07,-0.23,1.01,2.42,-0.23,-10.6
171,0.08,-0.22,1.0,1.09,2.56,-11.8
172,0.04,-0.24,1.0,0.66,3.82,-13.15
173,-0.01,-0.26,0.99,1.35,2.56,-11.6
174,-0.02,-0.26,0.98,1.13,2.14,-9.15
175,-0.03,-0.26,0.96,-0.64,2.89,-7.48
176,-0.05,-0.27,0.97,-1.84,2.95,-4.89
177,-0.07,-0.26,0.96,-3.43,3.07,-1.22
178,-0.08,-0.27,0.95,-3.66,2.92,0.6
179,-0.09,-0.27,0.94,-3.29,2.53,3.68
180,-0.09,-0.25,0.92,-3.84,2.11,7.95
181,-0.06,-0.24,0.92,-5.58,0.92,9.99
182,-0.05,-0.22,0.92,-7.07,0.05,12.13
183,-0.04,-0.21,0.91,-7.43,-1.83,12.84
184,-0.01,-0.19,0.91,-7.71,-4.42,10.76
185,0.03,-0.18,0.92,-7.77,-7.07,6.55
186,0.06,-0.18,0.94,-6.49,-9.34,2.66
187,0.11,-0.18,0.96,-4.21,-9.11,-1.79
188,0.15,-0.18,0.99,-2.31,-7.72,-5.17
189,0.16,-0.19,0.99,-0.58,-3.34,-8.89
190,0.12,-0.19,0.99,-0.08,-1.12,-11.85
191,0.1,-0.2,0.98,-0.32,-0.47,-12.9
192,0.07,-0.22,0.98,-0.44,-1.02,-14.39
193,0.04,-0.22,0.97,-1.1,-1.56,-16.82
194,0.03,-0.24,0.97,-1.36,-2.7,-17.4
195,0.0,-0.25,0.98,-2.21,-2.18,-17.07
196,-0.02,-0.28,0.99,-2.45,-0.08,-15.89
197,-0.06,-0.29,0.98,-2.82,0.27,-12.63
198,-0.07,-0.29,0.98,-3.47,2.74,-7.58
199,-0.11,-0.29,0.96,-5.84,4.69,-4.98
200,-0.13,-0.31,0.97,-5.21,3.79,0.23
201,-0.15,-0.32,0.96,-3.15,2.74,5.79
202,-0.12,-0.28,0.94,-3.17,1.06,8.61
203,-0.08,-0.25,0.93,-5.28,1.51,10.47
204,-0.06,-0.24,0.93,-6.54,1.28,11.9
205,-0.06,-0.24,0.93,-5.87,-1.0,12.84
206,-0.04,-0.22,0.92,-4.16,-5.23,11.21
207,0.0,-0.19,0.91,-4.34,-8.39,10.11
208,0.04,-0.18,0.93,-5.91,-9.49,8.73
209,0.09,-0.19,0.95,-4.88,-8.61,5.73
210,0.14,-0.19,0.99,-2.84,-7.66,1.5
211,0.16,-0.18,0.99,-1.24,-5.33,-3.18
212,0.16,-0.17,0.98,-0.27,-2.94,-7.67
213,0.14,-0.18,0.97,-0.21,-2.51,-11.92
214,0.13,-0.19,0.98,-0.3,-2.92,-14.57
215,0.1,-0.21,0.98,-0.71,-2.62,-16.5
216,0.09,-0.22,0.99,-1.4,-2.86,-16.93
217,0.07,-0.24,0.98,-2.54,-1.45,-16.44
218,0.04,-0.26,1.0,-3.55,1.25,-16.55
219,-0.01,-0.29,1.0,-2.71,2.11,-15.89
220,-0.04,-0.29,0.99,-2.15,2.87,-14.05
221,-0.07,-0.3,0.99,-1.97,3.47,-10.6
222,-0.1,-0.31,0.98,-2.41,4.57,-6.56
223,-0.13,-0.32,0.97,-2.44,5.17,-2.53
224,-0.14,-0.31,0.96,-2.11,4.2,2.08
225,-0.12,-0.3,0.94,-1.45,2.59,7.7
226,-0.1,-0.27,0.93,-2.4,3.21,10.27
227,-0.08,-0.25,0.92,-2.98,2.28,12.34
228,-0.07,-0.24,0.91,-3.43,1.18,13.29
229,-0.04,-0.21,0.91,-3.6,-1.17,13.12
230,-0.0,-0.19,0.9,-5.07,-3.76,10.8
231,0.03,-0.18,0.92,-5.21,-5.37,8.53
232,0.08,-0.19,0.96,-4.12,-6.22,5.66
233,0.12,-0.18,0.98,-1.33,-5.96,2.84
234,0.14,-0.16,0.98,0.15,-4.11,-2.32
235,0.15,-0.17,1.0,1.65,-3.56,-6.2
236,0.13,-0.19,0.99,1.73,-0.56,-9.31
237,0.12,-0.2,0.99,1.88,0.47,-11.5
238,0.11,-0.2,0.98,0.84,0.64,-12.15
239,0.07,-0.22,0.98,-1.31,1.92,-13.08
240,0.05,-0.24,0.99,-2.2,2.09,-14.65
241,0.04,-0.26,0.99,-0.9,1.13,-13.89
242,0.01,-0.27,1.0,-0.82,1.92,-12.76
243,-0.02,-0.28,0.99,-1.61,3.53,-12.1
244,-0.06,-0.29,0.98,-1.29,3.4,-10.06
245,-0.07,-0.3,0.97,-0.75,4.12,-7.48
246,-0.11,-0.3,0.96,-0.41,3.98,-5.02
247,-0.14,-0.29,0.94,-0.18,2.74,-1.93
248,-0.14,-0.28,0.94,-0.6,0.92,1.75
249,-0.13,-0.27,0.92,-1.41,-0.23,5.93
250,-0.11,-0.25,0.91,-2.34,-0.95,8.95
251,-0.08,-0.22,0.91,-4.28,-1.79,12.41
252,-0.05,-0.21,0.9,-5.91,-1.85,13.58
253,-0.02,-0.19,0.91,-6.32,-3.98,11.69
254,0.03,-0.19,0.93,-5.85,-6.8,8.82
255,0.06,-0.19,0.95,-4.16,-7.12,5.5
256,0.1,-0.2,0.98,-1.02,-7.27,1.56
257,0.14,-0.19,1.0,1.02,-6.19,-1.24
258,0.15,-0.18,1.0,1.44,-1.79,-4.26
259,0.13,-0.18,0.99,2.09,0.15,-6.74
260,0.12,-0.18,0.98,1.8,0.43,-8.39
261,0.11,-0.19,0.99,0.88,0.88,-10.27
262,0.1,-0.2,0.98,0.63,0.92,-12.85
263,0.08,-0.22,0.99,0.89,1.82,-14.53
264,0.05,-0.24,0.99,0.98,2.07,-15.33
265,0.03,-0.26,1.0,0.77,4.36,-14.79
266,0.0,-0.26,0.99,1.18,6.21,-14.48
267,-0.02,-0.27,0.98,0.89,7.15,-13.78
268,-0.05,-0.26,0.98,0.61,7.04,-12.08
269,-0.07,-0.26,0.95,0.66,5.83,-10.15
270,-0.09,-0.27,0.94,0.01,3.76,-8.8
271,-0.12,-0.26,0.94,-0.76,2.31,-5.71
272,-0.13,-0.26,0.93,-1.41,0.66,-2.49
273,-0.12,-0.26,0.92,-2.37,-1.17,1.56
274,-0.1,-0.24,0.92,-4.44,-1.52,5.7
275,-0.06,-0.22,0.91,-6.9,-1.4,6.82
276,-0.05,-0.21,0.91,-7.85,-3.42,7.04
277,-0.04,-0.2,0.92,-8.47,-6.46,6.46
278,-0.02,-0.2,0.91,-8.32,-8.37,5.11
279,-0.01,-0.19,0.92,-8.78,-11.01,3.47
280,0.03,-0.2,0.94,-8.04,-12.5,1.13
281,0.07,-0.21,0.98,-6.92,-11.6,0.56
282,0.1,-0.23,1.02,-3.91,-8.05,-0.79
283,0.12,-0.24,1.05,0.36,-5.12,-0.47
284,0.14,-0.23,1.04,2.95,1.19,-2.83
285,0.12,-0.23,1.04,4.39,4.86,-5.9
286,0.1,-0.23,1.03,5.89,5.66,-8.48
287,0.08,-0.24,1.02,6.45,6.91,-9.73
288,0.09,-0.25,1.03,7.77,9.39,-10.56
289,0.07,-0.25,1.03,9.18,10.9,-11.24
290,0.03,-0.26,1.01,9.46,14.07,-12.07
291,0.0,-0.25,0.98,9.85,15.82,-11.96
292,-0.03,-0.24,0.96,8.11,17.71,-12.79
293,-0.09,-0.23,0.94,6.71,16.62,-9.86
294,-0.11,-0.23,0.92,6.31,12.57,-7.77
295,-0.14,-0.21,0.88,5.1,7.97,-4.74
296,-0.17,-0.2,0.86,1.46,5.36,-1.65
297,-0.19,-0.19,0.85,-2.02,-0.28,1.51
298,-0.18,-0.2,0.85,-5.87,-5.42,4.21
299,-0.16,-0.25,0.85,-6.55,-10.07,6.93
300,-0.11,-0.21,0.89,-9.01,-12.21,10.67
301,-0.05,-0.18,0.9,-13.53,-13.22,12.37
302,-0.05,-0.19,0.91,-14.9,-14.02,12.41
303,-0.0,-0.21,0.95,-12.69,-18.95,11.05
304,0.06,-0.22,0.99,-9.86,-18.79,8.0
305,0.12,-0.22,1.03,-6.39,-16.14,4.64
306,0.16,-0.21,1.04,-3.72,-10.37,2.73
307,0.17,-0.21,1.05,-2.78,-3.11,0.73
308,0.14,-0.21,1.04,-1.68,1.63,-0.58
309,0.11,-0.21,1.02,-0.4,2.18,-1.5
310,0.09,-0.2,1.0,-0.59,1.95,-2.56
311,0.09,-0.21,1.0,-0.85,1.92,-4.89
312,0.08,-0.21,0.99,-0.63,1.57,-5.92
313,0.07,-0.21,0.99,-0.76,3.0,-6.71
314,0.07,-0.2,0.99,-0.41,4.26,-7.2
315,0.05,-0.2,0.96,-0.8,5.11,-7.5
316,0.03,-0.2,0.95,-1.32,5.28,-8.79
317,0.01,-0.2,0.94,-1.62,4.39,-10.02
318,-0.02,-0.2,0.93,-2.05,3.59,-9.79
319,-0.04,-0.2,0.92,-3.27,1.55,-8.89
320,-0.05,-0.21,0.92,-4.58,0.41,-8.28
321,-0.05,-0.23,0.93,-5.1,-0.45,-7.39
322,-0.06,-0.21,0.92,-6.96,-1.11,-6.11
323,-0.06,-0.23,0.94,-7.68,-0.52,-6.14
324,-0.08,-0.25,0.95,-6.62,-2.98,-5.05
325,-0.07,-0.26,0.96,-5.17,-4.71,-3.33
326,-0.06,-0.26,0.96,-5.68,-3.45,-1.42
327,-0.05,-0.26,0.98,-5.5,-2.02,-0.35
328,-0.04,-0.26,0.98,-4.66,-1.97,1.49
329,-0.04,-0.25,0.98,-3.66,-2.02,1.63
330,-0.02,-0.24,0.98,-2.98,-1.62,1.51
331,-0.01,-0.24,0.97,-1.91,-2.81,1.93
332,0.0,-0.23,0.98,-1.66,-2.5,2.21
333,-0.0,-0.23,0.97,-1.25,-0.97,2.4
334,-0.0,-0.22,0.97,-1.11,-1.48,1.95
335,0.01,-0.21,0.96,-1.39,-2.02,2.82
336,0.01,-0.21,0.96,-2.34,-1.82,3.09
337,0.02,-0.21,0.95,-2.4,-1.54,2.47
338,0.02,-0.2,0.96,-2.37,-1.5,1.44
339,0.04,-0.19,0.96,-2.63,-2.15,1.44
340,0.03,-0.19,0.96,-3.46,-1.63,0.22
341,0.04,-0.2,0.96,-3.18,-1.93,-0.85
342,0.04,-0.21,0.97,-3.04,-2.12,-1.41
343,0.04,-0.22,0.97,-2.58,-1.5,-2.23
344,0.04,-0.22,0.97,-2.16,-1.0,-2.8
345,0.03,-0.22,0.98,-1.47,-1.21,-2.79
346,0.03,-0.23,0.98,-1.52,0.4,-2.75
347,0.02,-0.24,0.99,-0.61,1.08,-3.14
348,0.03,-0.23,0.99,0.53,1.76,-4.31
349,0.02,-0.23,0.99,1.37,2.5,-5.14
350,0.01,-0.23,0.98,2.25,3.98,-4.37
351,0.01,-0.23,0.97,2.16,3.37,-4.52
352,0.02,-0.24,0.97,2.63,3.56,-4.02
353,0.01,-0.18,0.97,0.78,3.66,-2.0
354,0.02,-0.2,0.94,-0.48,3.89,-4.34
355,-0.02,-0.23,0.95,-0.36,3.77,-5.51
356,-0.02,-0.22,0.95,0.65,0.89,-4.24
357,-0.01,-0.2,0.94,-0.67,2.5,-3.31
358,-0.02,-0.2,0.93,-3.11,2.83,-4.34
359,-0.05,-0.21,0.95,-3.06,2.08,-4.17
360,-0.05,-0.22,0.94,-2.95,-0.48,-3.4
361,-0.04,-0.2,0.93,-3.98,-1.37,-3.47
362,-0.05,-0.21,0.94,-5.17,-2.05,-3.93
363,-0.05,-0.21,0.94,-5.95,-2.68,-3.63
364,-0.03,-0.22,0.96,-6.11,-3.88,-2.17
365,-0.03,-0.23,0.96,-5.76,-3.79,-0.7
366,-0.02,-0.23,0.96,-5.64,-3.64,-0.96
367,-0.03,-0.24,0.97,-5.0,-3.76,-0.81
368,-0.01,-0.24,0.97,-4.62,-4.11,-0.95
369,-0.01,-0.25,0.97,-4.21,-3.76,-1.15
370,-0.01,-0.25,0.99,-3.4,-3.18,-0.98
371,0.01,-0.24,0.99,-2.14,-3.24,-0.15
372,0.02,-0.23,0.99,-2.4,-1.68,0.39
373,0.01,-0.23,0.99,-2.36,-0.66,1.23
374,0.02,-0.23,0.98,-1.79,-0.34,0.98
375,0.02,-0.22,0.98,-1.42,-0.27,0.91
376,0.02,-0.21,0.97,-0.99,-0.19,-0.39
377,0.01,-0.21,0.97,-0.94,-0.24,-1.55
378,0.01,-0.2,0.96,-1.24,0.05,-1.58
379,0.02,-0.2,0.96,-1.93,0.47,-1.82
380,0.02,-0.2,0.95,-2.29,0.47,-2.02
381,0.02,-0.21,0.96,-2.5,-0.5,-2.74
382,0.02,-0.21,0.97,-2.47,-0.6,-2.31
383,0.01,-0.21,0.96,-2.34,0.85,-2.63
384,-0.0,-0.21,0.96,-1.76,0.18,-3.11
385,0.0,-0.22,0.96,-2.46,0.37,-3.42
386,-0.01,-0.22,0.96,-2.63,0.42,-3.7
387,-0.0,-0.21,0.96,-2.52,-0.17,-3.84
388,0.01,-0.21,0.97,-2.33,-0.97,-3.34
389,0.02,-0.23,0.97,-2.4,0.07,-3.82
390,0.03,-0.19,0.97,-3.53,0.34,-2.93
391,0.02,-0.21,0.97,-3.2,2.55,-4.65
392,-0.01,-0.24,0.98,-1.89,1.66,-5.55
393,-0.02,-0.22,0.96,-1.11,0.4,-5.18
394,-0.01,-0.21,0.95,-2.62,2.31,-4.76
395,-0.01,-0.22,0.96,-2.57,1.79,-4.24
396,-0.01,-0.2,0.97,-2.23,0.78,-3.44
397,0.01,-0.22,0.95,-3.38,1.19,-4.53
398,-0.02,-0.23,0.96,-2.99,1.98,-5.62
399,-0.04,-0.24,0.96,-1.34,-0.47,-5.76
400,-0.02,-0.23,0.96,-1.47,-1.31,-3.89
