,accel_x,accel_y,accel_z,gyro_x,gyro_y,gyro_z
0,0.05,-0.13,0.98,-4.31,-2.58,-0.96
1,0.06,-0.13,0.98,-3.68,-3.5,-3.21
2,0.06,-0.14,1.0,-3.21,-2.56,-4.85
3,0.06,-0.15,1.0,-2.82,-0.88,-5.95
4,0.05,-0.16,1.0,-2.36,0.99,-6.94
5,0.03,-0.16,1.0,-2.65,2.87,-7.2
6,-0.0,-0.17,1.0,-2.34,3.42,-7.75
7,-0.02,-0.17,1.0,-2.27,3.35,-7.71
8,-0.04,-0.18,0.99,-2.41,3.12,-7.6
9,-0.06,-0.19,0.98,-1.78,2.91,-7.47
10,-0.07,-0.2,0.99,-1.47,2.22,-6.89
11,-0.08,-0.2,0.99,-1.27,2.41,-5.65
12,-0.09,-0.2,0.96,-0.77,2.4,-4.09
13,-0.1,-0.2,0.96,-0.77,2.25,-2.4
14,-0.11,-0.19,0.96,-0.9,2.33,-0.59
15,-0.12,-0.19,0.95,-1.27,1.02,0.62
16,-0.12,-0.18,0.94,-1.21,-0.59,1.61
17,-0.1,-0.18,0.94,-0.9,-2.87,3.38
18,-0.1,-0.16,0.94,-1.55,-3.42,4.07
19,-0.07,-0.16,0.95,-2.47,-3.66,5.2
20,-0.06,-0.16,0.95,-2.26,-4.24,5.94
21,-0.04,-0.14,0.95,-2.51,-4.59,5.44
22,-0.01,-0.13,0.96,-3.44,-4.21,4.87
23,-0.0,-0.13,0.96,-3.48,-4.52,3.53
24,0.01,-0.13,0.96,-3.97,-4.74,2.4
25,0.04,-0.13,0.97,-4.22,-4.65,1.47
26,0.05,-0.12,0.99,-4.59,-5.47,0.05
27,0.06,-0.13,0.98,-4.94,-3.76,-1.3
28,0.05,-0.14,0.99,-4.59,-3.15,-3.26
29,0.05,-0.15,1.0,-4.3,-2.15,-4.64
30,0.04,-0.16,0.99,-3.89,-1.01,-6.0
31,0.04,-0.17,1.01,-3.05,0.11,-6.92
32,0.03,-0.17,1.0,-2.95,1.0,-7.9
33,0.01,-0.16,1.0,-3.33,2.39,-8.3
34,-0.01,-0.18,0.99,-2.84,3.31,-8.24
35,-0.04,-0.19,0.99,-2.25,3.24,-7.93
36,-0.05,-0.19,0.98,-1.66,2.42,-7.18
37,-0.06,-0.2,0.97,-1.66,2.34,-6.85
38,-0.08,-0.2,0.98,-1.75,2.5,-6.37
39,-0.09,-0.2,0.97,-1.8,2.12,-4.66
40,-0.1,-0.19,0.96,-1.63,1.98,-3.15
41,-0.11,-0.19,0.95,-1.71,1.28,-1.69
42,-0.11,-0.18,0.95,-2.42,0.95,-0.44
43,-0.11,-0.18,0.94,-2.56,-0.36,1.11
44,-0.1,-0.17,0.94,-2.34,-2.35,1.66
45,-0.08,-0.17,0.94,-2.58,-3.37,2.47
46,-0.06,-0.16,0.95,-2.72,-4.15,3.17
47,-0.03,-0.15,0.96,-3.37,-3.9,3.24
48,-0.03,-0.15,0.96,-3.98,-2.69,2.59
49,-0.02,-0.14,0.97,-3.6,-3.45,1.63
50,0.0,-0.14,0.97,-3.06,-4.75,1.19
51,0.01,-0.14,0.97,-3.75,-4.81,0.29
52,0.01,-0.15,0.98,-4.02,-4.49,-0.82
53,0.02,-0.15,0.99,-4.29,-3.82,-1.44
54,0.02,-0.16,0.99,-4.69,-2.43,-2.16
55,0.02,-0.17,1.0,-4.15,-1.53,-2.83
56,0.02,-0.17,1.0,-3.33,-1.21,-3.3
57,0.01,-0.17,0.99,-2.69,-0.03,-4.18
58,-0.01,-0.18,0.99,-2.49,0.92,-4.31
59,-0.02,-0.17,0.99,-2.28,0.85,-4.1
60,-0.03,-0.18,0.98,-2.4,1.17,-4.01
61,-0.04,-0.18,0.98,-2.35,1.27,-3.59
62,-0.05,-0.19,0.97,-1.56,-0.1,-3.3
63,-0.06,-0.18,0.96,-1.89,0.5,-3.05
64,-0.07,-0.19,0.96,-2.2,0.48,-2.11
65,-0.07,-0.18,0.97,-2.27,-0.4,-1.25
66,-0.08,-0.18,0.96,-2.29,-0.51,-0.44
67,-0.08,-0.19,0.96,-2.09,-1.27,0.3
68,-0.08,-0.18,0.96,-2.32,-1.82,1.39
69,-0.06,-0.18,0.96,-2.39,-2.34,2.69
70,-0.05,-0.18,0.96,-2.21,-2.6,3.47
71,-0.03,-0.16,0.97,-2.34,-2.21,3.95
72,-0.01,-0.15,0.97,-2.81,-1.61,3.69
73,-0.0,-0.14,0.97,-2.84,-1.89,2.89
74,0.0,-0.14,0.96,-2.9,-2.52,1.73
75,0.01,-0.13,0.98,-2.82,-2.77,0.44
76,0.03,-0.12,0.96,-3.08,-2.34,-1.03
77,0.03,-0.12,0.97,-3.88,-1.77,-2.31
78,0.04,-0.13,0.96,-4.64,-2.16,-3.59
79,0.03,-0.14,0.98,-4.93,-1.6,-4.48
80,0.03,-0.15,0.99,-4.23,-1.83,-5.66
81,0.02,-0.16,0.99,-4.07,-1.27,-6.69
82,0.0,-0.17,0.99,-3.69,-0.21,-7.58
83,-0.01,-0.18,0.99,-3.39,0.56,-7.77
84,-0.03,-0.18,0.99,-3.41,1.24,-7.63
85,-0.04,-0.19,0.99,-3.3,1.39,-6.82
86,-0.05,-0.2,0.98,-3.12,1.32,-6.52
87,-0.06,-0.2,0.99,-2.98,1.76,-5.76
88,-0.07,-0.21,0.98,-2.32,0.81,-4.98
89,-0.08,-0.21,0.98,-1.87,1.35,-3.93
90,-0.09,-0.2,0.97,-1.44,1.24,-2.51
91,-0.09,-0.2,0.97,-1.55,0.65,-1.18
92,-0.09,-0.19,0.95,-1.66,0.24,0.58
93,-0.09,-0.19,0.96,-1.76,0.24,1.76
94,-0.08,-0.17,0.96,-2.31,-0.36,2.37
95,-0.07,-0.17,0.95,-1.88,-2.21,2.57
96,-0.05,-0.16,0.95,-2.37,-2.83,2.62
97,-0.04,-0.15,0.95,-2.34,-3.78,2.25
98,-0.02,-0.14,0.96,-3.08,-3.88,1.81
99,-0.01,-0.15,0.96,-3.69,-3.13,1.56
100,0.0,-0.14,0.96,-4.6,-2.89,1.44
101,0.01,-0.14,0.96,-4.93,-2.8,0.1
102,0.02,-0.15,0.97,-4.84,-3.47,-0.77
103,0.02,-0.16,0.99,-4.4,-3.47,-2.57
104,0.02,-0.16,0.99,-4.25,-2.86,-3.18
105,0.01,-0.17,0.99,-4.17,-1.85,-3.65
106,0.01,-0.17,0.99,-4.22,-0.99,-4.22
107,0.01,-0.18,0.99,-3.51,-0.08,-4.08
108,-0.01,-0.19,0.99,-3.26,0.38,-4.37
109,-0.02,-0.19,0.99,-3.23,0.65,-4.35
110,-0.04,-0.2,0.99,-2.52,0.27,-4.36
111,-0.04,-0.19,0.99,-2.08,0.5,-3.91
112,-0.05,-0.19,0.98,-1.58,0.92,-3.4
113,-0.05,-0.2,0.98,-1.2,1.08,-2.92
114,-0.06,-0.2,0.98,-0.98,1.16,-1.81
115,-0.07,-0.19,0.97,-0.87,1.4,-0.97
116,-0.07,-0.19,0.97,-1.05,0.84,-0.21
117,-0.07,-0.17,0.96,-1.44,-0.17,-0.58
118,-0.06,-0.17,0.95,-1.65,-1.67,0.93
119,-0.05,-0.17,0.95,-1.89,-4.55,2.21
120,-0.04,-0.16,0.95,-2.82,-5.74,2.88
121,-0.04,-0.16,0.95,-3.04,-5.52,3.27
122,-0.03,-0.15,0.95,-3.79,-5.11,2.66
123,-0.02,-0.15,0.96,-3.6,-4.07,2.92
124,-0.01,-0.15,0.96,-3.61,-2.95,2.03
125,0.01,-0.14,0.97,-4.09,-3.68,0.95
126,0.01,-0.15,0.98,-4.25,-2.03,-0.54
127,0.02,-0.16,0.97,-4.02,-1.35,-1.78
128,0.03,-0.15,0.99,-3.75,-1.47,-3.24
129,0.02,-0.16,0.98,-3.47,-0.9,-4.24
130,0.03,-0.17,0.99,-3.21,0.16,-5.4
131,0.03,-0.17,1.0,-2.44,-0.71,-6.15
132,0.02,-0.16,1.0,-3.53,1.67,-5.91
133,0.0,-0.18,1.0,-3.66,3.92,-6.01
134,-0.01,-0.18,0.99,-0.98,-0.72,-6.73
135,-0.02,-0.18,0.98,-1.88,0.67,-7.27
136,-0.04,-0.19,0.98,-1.02,0.31,-6.56
137,-0.06,-0.19,0.98,-0.6,0.15,-5.63
138,-0.06,-0.2,0.97,-1.06,1.46,-4.97
139,-0.06,-0.2,0.96,-1.18,2.07,-4.05
140,-0.08,-0.2,0.95,-1.63,2.15,-3.09
141,-0.08,-0.19,0.96,-1.33,0.75,-2.08
142,-0.08,-0.19,0.96,-1.32,-0.18,-1.21
143,-0.07,-0.19,0.95,-0.86,-0.2,-0.26
144,-0.07,-0.18,0.95,-1.16,-1.0,0.89
145,-0.07,-0.17,0.94,-2.16,-1.87,1.56
146,-0.05,-0.17,0.94,-2.18,-3.15,1.55
147,-0.02,-0.16,0.96,-1.76,-3.58,1.83
148,-0.0,-0.15,0.97,-1.73,-3.11,1.18
149,0.02,-0.14,0.98,-2.05,-2.32,0.56
150,0.02,-0.13,0.98,-2.6,-2.18,-1.06
151,0.04,-0.13,0.98,-2.87,-2.11,-2.47
152,0.02,-0.14,0.98,-2.35,-2.11,-3.5
153,0.04,-0.14,0.99,-2.01,-2.35,-4.47
154,0.03,-0.16,0.99,-2.18,-0.9,-5.44
155,0.02,-0.16,0.99,-2.57,0.54,-6.19
156,0.0,-0.17,1.0,-2.6,1.44,-6.18
157,-0.01,-0.18,0.99,-2.59,2.48,-6.26
158,-0.02,-0.18,0.98,-2.6,3.47,-6.47
159,-0.05,-0.17,0.98,-2.69,2.89,-6.96
160,-0.06,-0.18,0.97,-2.4,2.28,-5.97
161,-0.08,-0.19,0.96,-2.52,1.54,-5.26
162,-0.08,-0.2,0.97,-2.66,0.66,-4.57
163,-0.09,-0.2,0.96,-2.68,0.22,-3.14
164,-0.09,-0.2,0.96,-3.15,0.11,-1.67
165,-0.1,-0.2,0.96,-2.75,-0.77,-0.31
166,-0.1,-0.2,0.96,-2.3,-1.49,1.06
167,-0.09,-0.19,0.96,-1.8,-3.16,1.95
168,-0.07,-0.18,0.96,-2.24,-3.82,2.39
169,-0.06,-0.17,0.96,-2.9,-4.05,3.56
170,-0.04,-0.17,0.96,-2.89,-4.6,3.34
171,-0.01,-0.16,0.97,-2.95,-4.79,3.45
172,0.0,-0.15,0.96,-2.76,-4.19,2.85
173,0.03,-0.14,0.97,-2.6,-3.97,1.91
174,0.04,-0.15,0.99,-2.69,-3.24,1.02
175,0.04,-0.14,0.98,-2.95,-2.95,0.11
176,0.04,-0.14,0.98,-3.27,-1.58,-1.08
177,0.03,-0.15,0.99,-2.83,-1.66,-2.23
178,0.04,-0.15,0.99,-2.66,-0.91,-3.82
179,0.04,-0.16,1.0,-2.5,0.43,-4.69
180,0.03,-0.16,0.99,-2.22,0.71,-5.64
181,0.02,-0.16,0.98,-2.62,2.08,-6.98
182,0.0,-0.16,0.98,-2.4,3.27,-7.33
183,-0.02,-0.17,0.97,-2.03,2.63,-7.56
184,-0.03,-0.18,0.97,-2.26,2.24,-7.48
185,-0.05,-0.18,0.97,-2.0,2.11,-6.92
186,-0.06,-0.19,0.97,-1.55,1.37,-6.15
187,-0.07,-0.19,0.98,-1.62,1.66,-5.38
188,-0.08,-0.2,0.97,-1.69,2.12,-4.04
189,-0.09,-0.19,0.97,-1.76,2.11,-2.55
190,-0.09,-0.19,0.97,-2.08,0.87,-1.66
191,-0.09,-0.19,0.97,-2.27,0.55,-0.69
192,-0.09,-0.2,0.96,-2.29,-0.26,0.58
193,-0.07,-0.17,0.96,-2.02,-2.11,0.63
194,-0.06,-0.17,0.96,-2.08,-2.46,1.02
195,-0.06,-0.17,0.96,-1.91,-2.63,1.56
196,-0.04,-0.17,0.97,-1.84,-2.95,1.71
197,-0.01,-0.15,0.96,-2.2,-2.37,2.05
198,-0.0,-0.14,0.96,-2.7,-2.39,0.94
199,0.0,-0.14,0.97,-2.93,-2.63,0.48
200,0.02,-0.14,0.98,-2.94,-2.44,-0.48
201,0.02,-0.15,0.98,-2.46,-2.98,-1.19
202,0.03,-0.14,0.97,-2.76,-2.28,-2.51
203,0.03,-0.15,0.98,-2.81,-0.94,-3.22
204,0.03,-0.15,0.99,-2.85,-0.35,-4.14
205,0.01,-0.15,0.99,-3.44,0.81,-4.98
206,0.0,-0.16,0.98,-3.28,1.55,-5.21
207,-0.01,-0.17,0.98,-3.17,1.53,-5.62
208,-0.02,-0.18,0.98,-3.28,2.02,-6.15
209,-0.04,-0.19,1.0,-2.74,2.14,-5.82
210,-0.05,-0.2,0.99,-2.1,1.85,-5.39
211,-0.05,-0.2,0.99,-1.76,2.72,-4.21
212,-0.06,-0.21,0.99,-1.11,2.83,-3.13
213,-0.06,-0.2,0.99,0.01,0.91,-2.44
214,-0.07,-0.2,0.98,-0.08,2.32,-1.42
215,-0.08,-0.19,0.97,-0.18,2.58,-0.42
216,-0.08,-0.18,0.96,-0.03,2.21,0.71
217,-0.08,-0.17,0.95,-0.95,2.07,1.82
218,-0.08,-0.16,0.94,-1.53,1.77,2.37
219,-0.07,-0.16,0.93,-2.15,0.7,2.95
220,-0.07,-0.15,0.93,-1.99,-0.79,3.14
221,-0.05,-0.14,0.93,-2.88,-2.29,3.02
222,-0.04,-0.13,0.94,-4.26,-2.79,2.58
223,-0.03,-0.13,0.94,-4.57,-4.17,1.71
224,0.0,-0.14,0.95,-4.56,-4.7,1.02
225,0.01,-0.13,0.97,-4.34,-4.97,-0.95
226,0.03,-0.13,0.98,-4.31,-5.69,-3.02
227,0.03,-0.15,0.99,-4.09,-4.66,-4.1
228,0.02,-0.17,1.0,-3.55,-4.0,-5.02
229,0.03,-0.17,1.01,-2.79,-3.73,-5.33
230,0.03,-0.17,1.02,-2.98,-1.08,-5.56
231,0.02,-0.19,1.01,-2.6,1.21,-6.21
232,0.01,-0.19,1.01,-1.88,2.11,-6.52
233,-0.02,-0.2,1.01,-1.02,2.63,-6.59
234,-0.03,-0.19,0.99,-0.71,2.79,-6.52
235,-0.04,-0.19,0.99,-0.28,3.21,-6.11
236,-0.06,-0.18,0.98,0.32,1.82,-5.43
237,-0.07,-0.18,0.96,-0.14,2.32,-4.85
238,-0.08,-0.18,0.95,-0.82,2.82,-3.47
239,-0.09,-0.18,0.95,-1.36,1.18,-2.24
240,-0.1,-0.18,0.94,-2.36,0.51,-1.5
241,-0.1,-0.16,0.93,-2.84,-0.8,0.24
242,-0.09,-0.17,0.94,-3.44,-1.95,0.68
243,-0.08,-0.16,0.94,-3.99,-3.09,1.15
244,-0.07,-0.16,0.95,-4.08,-4.71,1.4
245,-0.04,-0.15,0.96,-4.51,-4.55,1.72
246,-0.02,-0.15,0.96,-5.11,-3.89,1.19
247,0.0,-0.15,0.98,-4.26,-3.97,0.35
248,0.01,-0.15,0.98,-3.32,-3.55,-0.37
249,0.03,-0.16,0.99,-3.3,-2.46,-1.48
250,0.03,-0.15,0.99,-3.29,-1.43,-2.44
251,0.03,-0.16,1.0,-2.95,-1.15,-2.76
252,0.03,-0.16,1.0,-2.93,0.08,-3.87
253,0.02,-0.16,1.0,-2.6,1.07,-4.13
254,0.01,-0.16,1.0,-2.34,1.49,-5.49
255,-0.0,-0.17,1.0,-2.07,2.21,-6.44
256,-0.02,-0.18,0.99,-1.63,1.98,-6.9
257,-0.03,-0.18,0.98,-1.34,1.63,-7.01
258,-0.05,-0.19,0.97,-1.51,1.84,-6.41
259,-0.06,-0.18,0.98,-1.56,0.86,-5.8
260,-0.07,-0.19,0.97,-1.82,1.48,-4.56
261,-0.08,-0.2,0.97,-1.72,1.5,-3.51
262,-0.09,-0.19,0.96,-1.82,1.19,-2.74
263,-0.1,-0.19,0.95,-2.33,-0.21,-1.48
264,-0.1,-0.19,0.97,-2.6,-0.66,-0.21
265,-0.1,-0.2,0.95,-2.18,-1.11,1.05
266,-0.08,-0.18,0.96,-1.98,-2.15,2.54
267,-0.05,-0.16,0.96,-2.55,-3.76,3.11
268,-0.05,-0.16,0.95,-3.6,-2.64,3.06
269,-0.04,-0.16,0.97,-3.07,-2.93,3.04
270,-0.02,-0.16,0.97,-2.16,-3.41,2.23
271,0.0,-0.15,0.96,-1.79,-4.66,1.09
272,0.02,-0.14,0.97,-1.91,-4.31,-0.13
273,0.03,-0.14,0.99,-2.54,-2.56,-0.89
274,0.03,-0.15,0.98,-2.66,-1.31,-1.35
275,0.05,-0.14,0.98,-2.63,-0.44,-2.13
276,0.03,-0.14,0.99,-2.92,0.7,-4.01
277,0.02,-0.15,0.99,-3.11,0.8,-5.55
278,0.01,-0.16,0.99,-2.18,-0.18,-6.68
279,0.01,-0.16,0.99,-1.83,-0.39,-8.0
280,0.0,-0.17,0.99,-2.3,1.37,-8.12
281,-0.01,-0.18,0.99,-2.21,2.37,-7.97
282,-0.03,-0.18,0.98,-1.39,2.71,-7.69
283,-0.05,-0.18,0.98,-1.21,2.53,-7.56
284,-0.07,-0.19,0.96,-1.51,2.74,-7.24
285,-0.08,-0.19,0.97,-1.15,1.65,-6.33
286,-0.09,-0.19,0.97,-0.57,0.69,-5.65
287,-0.1,-0.2,0.96,-1.24,1.08,-4.11
288,-0.1,-0.2,0.95,-1.66,0.6,-2.68
289,-0.11,-0.2,0.96,-1.82,0.24,-0.53
290,-0.12,-0.2,0.95,-1.85,-0.21,0.58
291,-0.1,-0.18,0.96,-1.24,-2.02,2.28
292,-0.09,-0.17,0.94,-1.38,-3.38,3.3
293,-0.07,-0.16,0.94,-2.32,-3.08,4.55
294,-0.04,-0.15,0.95,-2.73,-4.1,4.64
295,-0.03,-0.15,0.96,-3.21,-4.13,3.8
296,-0.01,-0.14,0.96,-2.56,-4.75,2.87
297,0.01,-0.13,0.96,-1.88,-5.22,1.45
298,0.04,-0.13,0.97,-2.82,-3.86,0.18
299,0.04,-0.12,0.97,-2.89,-3.87,-1.28
300,0.04,-0.13,0.98,-3.5,-3.11,-2.75
301,0.04,-0.14,0.99,-3.89,-1.65,-3.28
302,0.03,-0.15,0.99,-3.11,-1.22,-4.47
303,0.02,-0.16,0.99,-2.98,-0.72,-5.48
304,0.01,-0.17,0.99,-2.8,-0.16,-6.53
305,0.0,-0.17,1.0,-2.52,0.95,-6.79
306,-0.01,-0.18,1.0,-2.27,1.95,-6.95
307,-0.03,-0.18,0.99,-1.91,2.02,-6.95
308,-0.05,-0.18,0.98,-1.48,1.88,-6.53
309,-0.07,-0.19,0.98,-1.43,1.96,-6.04
310,-0.09,-0.19,0.97,-1.36,1.84,-4.81
311,-0.1,-0.19,0.96,-1.36,1.34,-3.53
312,-0.1,-0.19,0.96,-1.5,0.86,-1.89
313,-0.11,-0.19,0.96,-1.6,0.15,-0.88
314,-0.1,-0.18,0.95,-1.53,-0.85,0.89
315,-0.08,-0.17,0.94,-1.76,-1.76,1.98
316,-0.06,-0.16,0.94,-2.43,-2.34,2.06
317,-0.05,-0.15,0.95,-2.86,-3.35,2.0
318,-0.04,-0.15,0.95,-2.98,-3.67,1.65
319,-0.02,-0.15,0.96,-2.98,-3.91,1.36
320,-0.01,-0.14,0.96,-2.85,-4.35,0.87
321,0.0,-0.14,0.96,-3.13,-3.99,-0.19
322,0.02,-0.14,0.97,-3.77,-3.69,-0.62
323,0.02,-0.15,0.99,-3.75,-3.19,-1.57
324,0.02,-0.15,0.99,-3.52,-2.98,-2.27
325,0.02,-0.15,1.0,-3.73,-1.94,-3.55
326,0.01,-0.16,1.0,-3.27,-1.16,-4.46
327,0.0,-0.17,1.01,-2.51,-0.59,-4.92
328,0.0,-0.17,0.99,-1.79,-0.11,-4.81
329,-0.01,-0.18,0.99,-1.47,1.0,-4.77
330,-0.03,-0.18,0.99,-1.2,1.35,-4.73
331,-0.04,-0.19,0.98,-1.48,2.41,-4.6
332,-0.06,-0.18,0.98,-1.15,2.19,-3.98
333,-0.06,-0.18,0.97,-0.85,2.48,-3.15
334,-0.07,-0.18,0.96,-1.37,2.14,-2.32
335,-0.08,-0.17,0.96,-1.95,1.27,-1.93
336,-0.08,-0.17,0.95,-1.98,0.15,-0.76
337,-0.07,-0.17,0.95,-1.72,-1.13,-0.07
338,-0.06,-0.16,0.96,-1.83,-1.6,0.34
339,-0.06,-0.15,0.96,-2.27,-1.78,1.15
340,-0.03,-0.14,0.96,-2.69,-2.18,0.46
341,-0.03,-0.15,0.96,-2.98,-2.46,0.06
342,-0.01,-0.15,0.96,-2.29,-3.74,-0.53
343,-0.0,-0.14,0.97,-1.87,-4.48,-1.81
344,0.01,-0.15,0.97,-2.61,-2.72,-2.27
345,0.01,-0.15,0.98,-2.76,-1.8,-2.98
346,0.01,-0.15,0.98,-2.66,-1.6,-3.32
347,0.0,-0.15,0.98,-3.0,-0.69,-3.84
348,0.0,-0.16,0.99,-2.76,-0.06,-4.83
349,-0.01,-0.16,0.98,-2.42,0.32,-5.55
350,-0.02,-0.17,0.99,-2.31,0.28,-5.6
351,-0.03,-0.18,0.98,-1.76,0.8,-5.14
352,-0.04,-0.18,0.98,-2.13,1.52,-5.11
353,-0.05,-0.18,0.98,-1.85,1.05,-4.23
354,-0.06,-0.18,0.98,-1.38,1.63,-3.17
355,-0.08,-0.18,0.97,-1.33,1.71,-2.61
356,-0.08,-0.18,0.96,-1.37,0.96,-1.24
357,-0.1,-0.17,0.96,-1.4,-0.08,-0.24
358,-0.09,-0.17,0.95,-1.8,-0.48,0.65
359,-0.08,-0.17,0.95,-2.15,-1.73,2.08
360,-0.05,-0.15,0.95,-3.07,-1.51,2.08
361,-0.04,-0.15,0.95,-3.27,-1.88,1.65
362,-0.03,-0.14,0.95,-2.95,-2.82,1.31
363,-0.02,-0.13,0.95,-3.06,-4.03,0.16
364,-0.0,-0.14,0.97,-3.53,-3.5,-0.35
365,0.0,-0.14,0.97,-3.89,-3.19,-1.24
366,0.01,-0.14,0.97,-3.89,-2.92,-1.89
367,0.01,-0.14,0.98,-4.55,-2.28,-2.6
368,0.01,-0.14,0.97,-4.71,-2.11,-3.73
369,0.01,-0.16,0.99,-4.35,-1.5,-4.6
370,-0.01,-0.16,1.0,-3.75,-2.09,-5.29
371,-0.01,-0.17,1.0,-3.71,-2.1,-5.75
372,-0.02,-0.19,1.0,-3.8,-0.68,-5.66
373,-0.04,-0.19,1.0,-2.98,0.11,-5.11
374,-0.05,-0.19,0.99,-2.72,0.87,-4.34
375,-0.06,-0.2,1.0,-2.18,0.89,-3.28
376,-0.07,-0.2,0.99,-1.86,1.56,-2.53
377,-0.07,-0.2,0.98,-1.22,2.08,-1.61
378,-0.09,-0.19,0.97,-0.97,2.01,-0.29
379,-0.08,-0.19,0.97,-1.08,1.62,0.65
380,-0.08,-0.17,0.95,-1.56,1.11,1.82
381,-0.06,-0.16,0.94,-1.96,0.27,2.82
382,-0.06,-0.14,0.93,-2.29,-1.19,2.81
383,-0.04,-0.14,0.94,-2.68,-2.34,2.45
384,-0.03,-0.13,0.94,-3.49,-3.13,1.47
385,-0.02,-0.13,0.94,-3.67,-4.5,1.05
386,-0.01,-0.14,0.96,-3.91,-4.06,-0.21
387,-0.0,-0.13,0.96,-4.44,-3.91,-0.38
388,0.01,-0.15,0.97,-4.34,-4.24,-1.01
389,0.02,-0.15,0.97,-4.63,-3.24,-1.59
390,0.02,-0.16,0.99,-4.18,-2.66,-2.89
391,0.02,-0.16,0.99,-3.69,-2.78,-3.73
392,0.02,-0.17,1.0,-3.14,-2.08,-4.5
393,0.01,-0.17,1.01,-3.3,-0.21,-4.66
394,-0.01,-0.18,1.0,-3.47,0.98,-5.09
395,-0.02,-0.18,1.0,-2.84,0.95,-5.19
396,-0.03,-0.19,1.0,-2.54,0.91,-4.89
397,-0.04,-0.19,0.99,-2.19,1.34,-4.91
398,-0.05,-0.19,0.99,-1.4,1.79,-4.5
399,-0.07,-0.19,0.99,-0.94,2.16,-3.22
