,accel_x,accel_y,accel_z,gyro_x,gyro_y,gyro_z
0,0.21,-0.27,0.98,-0.13,2.25,-4.42
1,0.19,-0.26,0.99,1.54,2.37,-3.36
2,0.18,-0.24,0.97,2.85,2.66,-3.14
3,0.17,-0.23,0.96,3.59,2.61,-4.12
4,0.16,-0.21,0.96,4.63,1.32,-4.53
5,0.16,-0.21,0.95,3.82,0.5,-4.67
6,0.16,-0.19,0.95,3.4,-0.6,-5.02
7,0.16,-0.19,0.95,3.19,-2.2,-5.47
8,0.16,-0.19,0.95,2.62,-1.64,-4.61
9,0.15,-0.2,0.95,1.84,-0.59,-3.59
10,0.15,-0.2,0.95,2.27,-0.99,-2.4
11,0.15,-0.2,0.95,2.06,-0.37,-1.3
12,0.15,-0.19,0.93,1.99,-0.66,-1.46
13,0.15,-0.2,0.94,1.66,-0.32,-2.6
14,0.14,-0.21,0.94,1.8,-0.61,-2.43
15,0.14,-0.21,0.93,1.27,-0.47,-0.98
16,0.15,-0.21,0.94,0.52,0.38,-1.17
17,0.15,-0.22,0.94,0.15,0.38,-1.24
18,0.15,-0.24,0.94,-0.25,1.09,-0.59
19,0.14,-0.23,0.94,-0.81,1.68,-0.02
20,0.13,-0.25,0.93,-0.24,0.9,0.44
21,0.13,-0.25,0.93,-0.29,0.63,1.41
22,0.14,-0.24,0.93,-1.19,0.69,2.0
23,0.14,-0.26,0.95,-1.31,-0.94,2.11
24,0.15,-0.26,0.95,-0.95,-1.81,2.79
25,0.15,-0.26,0.97,-0.18,-2.47,4.89
26,0.16,-0.25,0.97,0.66,-2.38,5.69
27,0.17,-0.25,0.97,1.32,-1.24,7.17
28,0.19,-0.24,0.97,2.18,0.05,7.51
29,0.19,-0.23,0.97,2.78,1.31,8.42
30,0.2,-0.22,0.97,2.22,2.75,8.56
31,0.2,-0.21,0.96,1.44,3.71,8.3
32,0.2,-0.21,0.95,0.55,4.98,7.64
33,0.18,-0.21,0.95,0.34,5.29,6.5
34,0.18,-0.22,0.95,1.44,3.72,5.63
35,0.19,-0.22,0.94,1.79,3.35,5.17
36,0.18,-0.22,0.94,1.67,2.98,4.0
37,0.18,-0.22,0.95,1.77,2.01,4.47
38,0.19,-0.23,0.95,1.34,2.83,5.7
39,0.2,-0.22,0.94,0.32,4.15,5.54
40,0.18,-0.22,0.95,0.76,4.37,4.15
41,0.16,-0.23,0.94,2.36,3.35,4.27
42,0.16,-0.23,0.93,2.54,2.85,4.74
43,0.16,-0.22,0.92,1.41,2.69,4.68
44,0.15,-0.21,0.92,0.15,1.95,4.47
45,0.15,-0.23,0.93,-0.47,0.95,5.61
46,0.14,-0.23,0.94,0.34,0.09,5.79
47,0.16,-0.22,0.93,1.07,-0.65,6.43
48,0.16,-0.22,0.94,0.52,-0.1,5.74
49,0.15,-0.22,0.94,0.44,0.12,4.74
50,0.14,-0.22,0.92,0.75,-1.25,3.66
51,0.14,-0.21,0.93,0.68,-3.5,3.33
52,0.15,-0.2,0.93,-0.85,-3.9,2.5
53,0.13,-0.22,0.94,-1.42,-4.63,3.11
54,0.13,-0.23,0.95,-1.44,-5.95,4.85
55,0.14,-0.23,0.95,-2.02,-5.82,5.98
56,0.15,-0.23,0.95,-2.4,-6.26,5.67
57,0.15,-0.24,0.96,-2.09,-8.01,6.53
58,0.17,-0.22,0.98,-2.32,-8.46,7.15
59,0.19,-0.22,0.98,-2.48,-7.92,7.05
60,0.19,-0.22,0.99,-2.08,-7.1,6.6
61,0.19,-0.22,0.99,-1.7,-6.18,7.27
62,0.19,-0.22,0.99,-0.21,-5.53,7.66
63,0.2,-0.2,0.98,0.17,-4.3,7.95
64,0.19,-0.2,0.97,0.44,-3.56,7.5
65,0.19,-0.2,0.97,0.96,-4.12,6.8
66,0.19,-0.19,0.97,1.02,-5.02,6.55
67,0.2,-0.19,0.96,0.26,-5.38,7.53
68,0.2,-0.19,0.96,-0.32,-4.96,7.11
69,0.2,-0.2,0.96,-0.22,-4.85,6.63
70,0.2,-0.21,0.95,0.01,-4.81,5.74
71,0.2,-0.2,0.95,0.52,-4.58,3.78
72,0.19,-0.2,0.95,-0.47,-4.81,0.97
73,0.17,-0.21,0.95,-0.76,-5.5,0.74
74,0.17,-0.21,0.95,-1.43,-4.9,1.73
75,0.17,-0.21,0.95,-2.81,-4.77,1.72
76,0.16,-0.22,0.95,-2.81,-4.89,1.86
77,0.15,-0.22,0.97,-1.59,-4.59,2.8
78,0.16,-0.21,0.96,-1.11,-3.82,3.18
79,0.15,-0.21,0.95,-0.92,-4.02,1.6
80,0.14,-0.22,0.97,0.23,-5.93,0.97
81,0.13,-0.21,0.96,2.02,-7.8,1.47
82,0.12,-0.22,0.96,2.69,-9.11,3.2
83,0.11,-0.24,0.95,2.82,-10.27,5.65
84,0.09,-0.25,0.97,4.31,-13.18,10.53
85,0.09,-0.29,0.97,5.34,-16.61,16.37
86,0.08,-0.3,0.98,6.27,-18.47,22.5
87,0.1,-0.3,0.98,7.21,-20.95,27.65
88,0.13,-0.3,0.98,9.09,-22.68,31.16
89,0.2,-0.28,1.01,10.76,-22.77,29.73
90,0.26,-0.25,1.0,10.84,-18.75,22.12
91,0.28,-0.23,1.01,10.26,-13.01,13.27
92,0.28,-0.23,1.01,7.58,-6.98,6.88
93,0.26,-0.23,1.02,8.88,0.11,6.08
94,0.21,-0.23,1.0,11.48,3.8,6.33
95,0.21,-0.19,0.98,9.05,7.11,5.81
96,0.17,-0.19,0.97,7.63,7.19,6.96
97,0.17,-0.17,0.97,6.2,5.6,7.11
98,0.16,-0.16,0.95,5.98,4.55,6.53
99,0.16,-0.14,0.95,4.72,3.47,7.08
100,0.14,-0.13,0.92,3.56,1.95,5.08
101,0.16,-0.13,0.95,2.46,0.08,5.66
102,0.15,-0.13,0.94,1.55,-1.73,4.79
103,0.16,-0.13,0.94,0.33,-3.56,4.21
104,0.15,-0.13,0.94,-0.4,-6.37,3.66
105,0.15,-0.15,0.95,-1.55,-8.37,2.98
106,0.16,-0.16,0.95,-1.93,-8.68,2.5
107,0.18,-0.16,0.95,-3.04,-6.4,-0.08
108,0.19,-0.18,0.94,-5.44,-1.7,2.35
109,0.18,-0.17,0.93,-8.62,2.39,7.66
110,0.17,-0.18,0.92,-8.44,0.88,12.34
111,0.27,-0.23,1.11,-2.15,13.49,16.04
112,0.13,-0.2,0.94,-4.62,-3.04,4.78
113,0.18,-0.2,0.95,-5.91,-6.27,6.24
114,0.19,-0.21,0.98,-2.49,-9.05,1.52
115,0.2,-0.21,0.97,0.23,-11.7,-0.36
116,0.2,-0.21,0.96,1.01,-11.79,0.53
117,0.2,-0.21,0.96,0.44,-10.56,2.92
118,0.21,-0.2,0.97,0.11,-9.41,4.89
119,0.21,-0.2,0.96,-0.71,-7.42,5.63
120,0.19,-0.2,0.95,-0.67,-7.87,5.55
121,0.19,-0.21,0.95,0.07,-9.85,6.13
122,0.2,-0.21,0.95,1.48,-11.44,6.24
123,0.21,-0.2,0.94,1.69,-11.86,5.33
124,0.22,-0.18,0.95,-0.39,-12.89,1.94
125,0.23,-0.18,0.94,2.4,-11.28,5.92
126,0.23,-0.18,0.93,0.09,-8.26,4.59
127,0.24,-0.17,0.94,-0.55,-5.91,4.73
128,0.26,-0.17,0.93,-1.91,-3.54,4.41
129,0.25,-0.17,0.93,-2.61,-2.95,4.06
130,0.26,-0.17,0.93,-3.19,-0.98,2.92
131,0.26,-0.15,0.96,-5.07,1.99,1.85
132,0.26,-0.15,0.94,-4.11,3.83,-1.73
133,0.25,-0.15,0.92,-4.43,4.4,-2.11
134,0.22,-0.15,0.93,-6.44,5.89,-2.23
135,0.22,-0.15,0.93,-7.53,6.64,-3.19
136,0.19,-0.15,0.93,-8.69,6.01,-3.04
137,0.18,-0.15,0.94,-9.68,4.96,-2.85
138,0.18,-0.15,0.94,-10.75,4.27,-2.68
139,0.17,-0.16,0.95,-11.27,2.81,-3.08
140,0.15,-0.18,0.96,-10.69,1.02,-3.05
141,0.16,-0.17,0.96,-10.24,-1.23,-3.05
142,0.16,-0.19,0.97,-9.81,-3.47,-3.63
143,0.16,-0.21,0.98,-8.18,-6.42,-4.22
144,0.17,-0.21,1.0,-7.75,-7.66,-3.86
145,0.18,-0.23,0.99,-7.73,-8.23,-3.08
146,0.19,-0.24,1.0,-8.06,-8.57,-2.25
147,0.2,-0.25,1.01,-7.98,-9.0,-1.27
148,0.22,-0.27,1.02,-7.48,-7.85,0.3
149,0.22,-0.28,1.03,-6.14,-6.87,1.15
150,0.23,-0.29,1.03,-3.59,-6.58,1.62
151,0.24,-0.27,1.01,-1.83,-4.46,0.6
152,0.23,-0.28,1.02,-0.84,-2.92,0.96
153,0.22,-0.26,1.01,1.06,-2.4,1.1
154,0.23,-0.25,1.0,2.04,-0.56,2.16
155,0.23,-0.23,0.99,2.37,1.57,2.28
156,0.22,-0.22,0.97,2.55,2.05,2.21
157,0.21,-0.21,0.96,2.75,2.62,1.77
158,0.21,-0.2,0.97,3.44,2.1,2.0
159,0.21,-0.2,0.95,4.11,1.88,1.6
160,0.22,-0.17,0.95,3.04,2.48,1.17
161,0.21,-0.16,0.94,0.95,7.49,1.49
162,0.21,-0.17,0.94,0.41,4.98,2.51
163,0.21,-0.15,0.94,0.33,3.95,1.27
164,0.2,-0.17,0.94,-0.23,3.33,1.67
165,0.2,-0.16,0.93,-0.47,3.42,0.91
166,0.2,-0.16,0.94,-0.54,2.6,0.38
167,0.2,-0.16,0.93,-0.96,1.15,-0.7
168,0.2,-0.16,0.93,-1.98,0.72,-1.37
169,0.19,-0.18,0.94,-1.95,0.4,-1.27
170,0.19,-0.19,0.95,-1.1,-1.08,-1.64
171,0.2,-0.19,0.95,-0.5,-1.9,-2.65
172,0.19,-0.18,0.95,-1.79,-0.06,-3.79
173,0.17,-0.19,0.94,-2.18,-0.13,-3.21
174,0.17,-0.2,0.94,-2.76,-0.65,-1.92
175,0.18,-0.2,0.94,-3.54,-1.04,-2.28
176,0.18,-0.21,0.95,-3.63,-2.01,-3.89
177,0.17,-0.21,0.95,-2.44,-3.26,-3.9
178,0.18,-0.22,0.95,-1.53,-4.02,-3.12
179,0.18,-0.22,0.95,-1.3,-3.5,-1.92
180,0.19,-0.21,0.97,-1.08,-2.41,-0.89
181,0.19,-0.21,0.96,-1.68,-1.36,0.6
182,0.18,-0.21,0.96,-1.02,-1.83,2.27
183,0.18,-0.2,0.95,1.15,-4.54,2.82
184,0.19,-0.17,0.94,0.08,-2.91,1.54
185,0.18,-0.17,0.94,-1.92,-1.44,0.62
186,0.18,-0.17,0.93,-2.39,-2.11,0.79
187,0.19,-0.16,0.93,-2.64,-2.45,-0.67
188,0.2,-0.16,0.94,-3.87,-1.09,-1.86
189,0.19,-0.17,0.93,-4.13,-1.71,-1.82
190,0.19,-0.17,0.94,-4.16,-3.12,-0.72
191,0.19,-0.17,0.93,-5.26,-2.83,-0.89
192,0.19,-0.18,0.95,-5.39,-2.54,-1.47
193,0.2,-0.18,0.95,-5.51,-2.85,-1.26
194,0.2,-0.18,0.95,-6.05,-2.42,-1.91
195,0.2,-0.19,0.95,-6.35,-1.48,-3.12
196,0.2,-0.21,0.96,-5.93,-1.38,-3.41
197,0.2,-0.21,0.95,-5.82,-0.97,-2.69
198,0.21,-0.22,0.96,-5.56,-0.27,-2.18
199,0.2,-0.22,0.97,-5.15,0.08,-1.69
200,0.2,-0.22,0.96,-4.13,0.44,-1.31
201,0.2,-0.22,0.95,-4.08,0.41,-0.85
202,0.19,-0.22,0.95,-4.4,0.02,-1.1
203,0.2,-0.22,0.95,-4.3,0.21,-0.66
204,0.19,-0.22,0.96,-4.18,0.63,-1.04
205,0.19,-0.21,0.96,-3.6,-0.26,-0.57
206,0.19,-0.21,0.95,-3.89,-0.88,-0.2
207,0.2,-0.21,0.96,-4.59,-0.35,-0.28
208,0.19,-0.22,0.96,-4.14,-0.4,0.27
209,0.19,-0.21,0.96,-3.72,-0.67,0.19
210,0.2,-0.21,0.95,-3.38,-0.82,0.15
211,0.2,-0.2,0.96,-3.3,-0.5,0.16
212,0.2,-0.2,0.95,-3.91,-0.53,0.14
213,0.2,-0.2,0.96,-4.56,-0.45,0.11
214,0.2,-0.2,0.95,-4.38,-1.35,0.21
215,0.21,-0.21,0.95,-4.94,-1.37,0.16
216,0.21,-0.21,0.96,-5.69,-0.7,0.06
217,0.2,-0.21,0.97,-4.5,-1.22,0.1
218,0.22,-0.22,0.97,-3.27,-1.24,0.11
219,0.23,-0.2,0.97,-3.37,-0.37,-1.05
220,0.22,-0.21,0.97,-3.51,0.59,-1.18
221,0.21,-0.21,0.97,-2.57,-0.44,-0.62
222,0.21,-0.2,0.97,-2.06,-0.98,-0.52
223,0.22,-0.19,0.97,-2.7,0.35,-1.42
224,0.22,-0.19,0.97,-3.4,0.6,-1.61
225,0.22,-0.19,0.98,-2.94,-0.21,-2.28
226,0.22,-0.19,0.97,-2.8,0.28,-3.36
227,0.21,-0.19,0.98,-3.64,1.27,-3.31
228,0.19,-0.2,0.96,-3.39,1.14,-2.91
229,0.2,-0.2,0.96,-3.76,1.43,-3.27
230,0.2,-0.2,0.96,-3.14,0.2,-3.85
231,0.19,-0.21,0.96,-3.66,0.4,-3.4
232,0.18,-0.21,0.96,-4.19,-0.34,-2.4
233,0.18,-0.21,0.97,-4.25,-0.92,-2.03
234,0.2,-0.22,0.97,-3.26,-0.92,-2.31
235,0.19,-0.22,0.96,-2.92,-0.53,-2.73
236,0.19,-0.23,0.97,-2.15,-0.82,-2.48
237,0.2,-0.22,0.96,-1.09,-0.49,-1.6
238,0.2,-0.21,0.97,-1.07,-0.56,-2.44
239,0.2,-0.21,0.95,-2.27,-0.26,-3.08
240,0.19,-0.21,0.97,-2.08,-0.82,-2.09
241,0.2,-0.22,0.97,-1.23,-1.18,-1.66
242,0.21,-0.21,0.96,-0.98,-0.94,-2.7
243,0.2,-0.2,0.96,-1.19,-0.34,-2.85
244,0.2,-0.2,0.95,-1.03,0.08,-2.6
245,0.19,-0.2,0.96,-0.69,0.11,-2.26
246,0.19,-0.21,0.94,-0.63,-0.2,-2.47
247,0.19,-0.2,0.95,-1.58,-0.15,-2.82
248,0.19,-0.2,0.94,-2.06,-1.02,-2.14
249,0.18,-0.2,0.95,-2.16,-1.93,-1.54
250,0.19,-0.21,0.95,-1.98,-2.06,-1.88
251,0.19,-0.21,0.96,-1.15,-2.07,-1.27
252,0.19,-0.21,0.96,-0.85,-3.16,-0.77
253,0.19,-0.2,0.96,-0.86,-4.02,-0.82
254,0.19,-0.2,0.95,-0.95,-4.73,-0.81
255,0.2,-0.2,0.96,-0.49,-4.62,-0.92
256,0.19,-0.2,0.96,-0.15,-3.5,-3.42
257,0.2,-0.2,0.96,-1.08,-3.04,-2.47
258,0.2,-0.2,0.96,-0.65,-2.42,-3.71
259,0.2,-0.22,0.96,-1.58,-2.04,-1.98
260,0.2,-0.2,0.95,-1.6,-1.8,-2.25
261,0.2,-0.2,0.96,-2.23,-0.3,-2.35
262,0.2,-0.19,0.95,-3.02,0.39,-2.67
263,0.19,-0.2,0.95,-3.68,0.19,-2.92
264,0.18,-0.2,0.95,-3.73,-0.04,-2.95
265,0.19,-0.2,0.95,-3.65,-1.47,-2.47
266,0.19,-0.2,0.96,-3.36,-1.16,-2.31
267,0.19,-0.21,0.95,-3.14,-1.82,-2.61
268,0.19,-0.21,0.96,-3.04,-2.25,-2.79
269,0.2,-0.19,0.96,-3.54,-1.73,-3.01
270,0.2,-0.2,0.96,-3.36,-0.92,-2.93
271,0.19,-0.21,0.96,-2.49,-1.82,-2.69
272,0.2,-0.2,0.96,-2.42,-2.19,-1.86
273,0.19,-0.2,0.96,-2.37,-1.5,-1.15
274,0.2,-0.2,0.96,-2.56,-0.83,-1.07
275,0.21,-0.2,0.96,-3.37,-1.35,-1.77
276,0.21,-0.2,0.95,-2.9,-1.92,-2.4
277,0.21,-0.21,0.95,-2.57,-1.21,-3.31
278,0.2,-0.21,0.95,-2.39,-1.06,-3.51
279,0.2,-0.2,0.95,-3.24,-1.47,-3.27
280,0.2,-0.21,0.95,-3.97,-0.27,-3.02
281,0.19,-0.21,0.96,-3.98,0.52,-2.54
282,0.18,-0.21,0.96,-3.88,0.26,-2.0
283,0.19,-0.21,0.96,-3.69,-0.61,-2.53
284,0.19,-0.21,0.96,-2.92,-0.95,-2.62
285,0.18,-0.21,0.96,-2.58,-0.65,-2.27
286,0.18,-0.2,0.96,-2.66,-1.12,-1.24
287,0.2,-0.21,0.96,-2.76,-1.8,-0.99
288,0.2,-0.21,0.97,-2.94,-1.98,-1.61
289,0.2,-0.21,0.95,-2.66,-1.56,-1.7
290,0.2,-0.21,0.97,-2.52,-2.18,-2.92
291,0.2,-0.22,0.97,-1.98,-3.33,-2.51
292,0.21,-0.22,0.97,-1.54,-3.65,-2.39
293,0.21,-0.21,0.97,-1.7,-2.66,-2.16
294,0.21,-0.21,0.96,-1.51,-1.4,-1.37
295,0.21,-0.21,0.97,-1.15,-1.61,-0.4
296,0.2,-0.21,0.96,-1.59,-0.56,-0.62
297,0.21,-0.2,0.95,-1.96,0.04,-0.64
298,0.2,-0.21,0.95,-1.75,-1.01,-0.85
299,0.21,-0.2,0.95,-1.57,-1.14,-1.6
300,0.21,-0.19,0.95,-1.58,-0.59,-1.79
301,0.2,-0.19,0.95,-1.0,-0.87,-2.27
302,0.2,-0.19,0.94,-1.6,-0.59,-2.1
303,0.2,-0.18,0.94,-2.54,-0.76,-2.45
304,0.21,-0.19,0.95,-2.89,-0.8,-3.34
305,0.2,-0.19,0.94,-2.86,-1.31,-4.06
306,0.2,-0.19,0.95,-2.72,-2.22,-3.95
307,0.2,-0.2,0.96,-2.92,-2.06,-3.46
308,0.21,-0.2,0.95,-3.28,-2.11,-3.29
309,0.21,-0.21,0.96,-3.5,-1.73,-2.58
310,0.2,-0.22,0.96,-3.2,-1.91,-3.01
311,0.21,-0.21,0.96,-3.27,-1.09,-3.05
312,0.21,-0.21,0.97,-2.69,-1.23,-2.92
313,0.21,-0.21,0.97,-2.59,-0.81,-3.39
314,0.21,-0.21,0.97,-3.85,-0.63,-3.7
315,0.22,-0.21,0.97,-1.97,-1.68,-1.89
316,0.21,-0.21,0.97,-1.9,-0.37,-3.79
317,0.21,-0.21,0.97,-2.75,0.18,-3.11
318,0.21,-0.2,0.96,-3.04,0.31,-2.8
319,0.2,-0.2,0.96,-2.61,-0.02,-3.05
320,0.21,-0.21,0.96,-2.19,-0.44,-2.98
321,0.2,-0.2,0.96,-2.45,-0.5,-3.39
322,0.21,-0.2,0.96,-2.93,-0.33,-3.66
323,0.21,-0.21,0.96,-2.99,-0.15,-3.58
324,0.2,-0.22,0.96,-2.19,-0.5,-3.83
325,0.21,-0.2,0.96,-1.81,-0.41,-4.23
326,0.21,-0.21,0.97,-1.56,-0.55,-3.66
327,0.2,-0.2,0.95,-1.65,-0.42,-4.15
328,0.2,-0.18,0.94,-3.22,-0.13,-4.19
329,0.18,-0.19,0.93,-4.05,-0.44,-3.8
330,0.18,-0.2,0.94,-4.46,-1.56,-3.4
331,0.17,-0.21,0.95,-3.48,-3.18,-2.21
332,0.19,-0.2,0.95,-3.31,-3.9,-2.24
333,0.21,-0.19,0.95,-3.66,-3.06,-2.33
334,0.21,-0.19,0.95,-3.18,-2.63,-2.4
335,0.23,-0.18,0.95,-2.89,-1.9,-2.39
336,0.23,-0.19,0.95,-2.34,-1.53,-3.11
337,0.23,-0.18,0.95,-2.43,-0.84,-3.76
338,0.23,-0.17,0.94,-2.98,0.53,-5.44
339,0.22,-0.17,0.93,-2.88,0.65,-6.51
340,0.21,-0.16,0.92,-2.4,-0.44,-7.54
341,0.19,-0.15,0.92,-3.68,-0.59,-8.12
342,0.18,-0.16,0.91,-5.26,-0.38,-8.18
343,0.17,-0.16,0.92,-7.15,-1.85,-8.37
344,0.17,-0.17,0.9,-8.84,-4.42,-9.24
345,0.18,-0.19,0.91,-10.65,-8.05,-10.66
346,0.18,-0.21,0.92,-11.2,-10.83,-11.62
347,0.2,-0.23,0.95,-11.25,-13.03,-12.2
348,0.22,-0.24,0.97,-11.07,-13.67,-12.59
349,0.23,-0.25,0.98,-11.74,-11.73,-12.01
350,0.23,-0.25,0.98,-10.6,-10.03,-10.43
351,0.24,-0.25,0.98,-9.44,-9.75,-9.51
352,0.25,-0.25,0.96,-10.02,-8.66,-9.52
353,0.24,-0.24,0.97,-10.15,-8.34,-9.85
354,0.24,-0.22,0.95,-9.84,-8.63,-10.89
355,0.23,-0.21,0.95,-10.44,-8.62,-11.83
356,0.22,-0.21,0.94,-11.01,-9.64,-12.99
357,0.22,-0.2,0.94,-12.05,-9.99,-12.33
358,0.21,-0.2,0.94,-13.09,-8.82,-10.67
359,0.2,-0.19,0.93,-13.77,-7.57,-7.48
360,0.2,-0.17,0.91,-14.68,-8.21,-6.59
361,0.2,-0.16,0.9,-16.92,-8.77,-6.18
362,0.2,-0.17,0.89,-20.75,-9.79,-8.03
363,0.19,-0.21,0.91,-22.55,-13.16,-9.31
364,0.2,-0.24,0.94,-21.24,-16.34,-12.55
365,0.21,-0.27,0.96,-19.21,-19.16,-14.63
366,0.21,-0.29,0.97,-16.22,-21.0,-14.44
367,0.23,-0.28,0.97,-13.44,-19.63,-13.11
368,0.22,-0.27,0.96,-12.68,-17.47,-11.55
369,0.22,-0.27,0.97,-12.57,-17.12,-9.66
370,0.24,-0.28,0.95,-12.41,-17.7,-8.37
371,0.25,-0.29,0.96,-12.92,-19.87,-8.75
372,0.28,-0.31,0.97,-14.15,-20.67,-11.09
373,0.3,-0.35,1.01,-12.6,-20.84,-12.99
374,0.31,-0.35,1.03,-9.21,-19.4,-13.69
375,0.32,-0.36,1.05,-6.3,-15.97,-13.31
376,0.31,-0.35,1.03,-3.69,-11.0,-11.88
377,0.3,-0.34,1.03,-1.23,-7.06,-9.25
378,0.29,-0.32,1.0,1.23,-3.82,-6.79
379,0.28,-0.3,0.97,3.73,-1.79,-5.06
380,0.28,-0.27,0.95,6.02,-1.28,-4.14
381,0.27,-0.25,0.94,7.78,-1.54,-4.16
382,0.27,-0.25,0.91,9.08,-3.04,-3.92
383,0.28,-0.24,0.89,7.82,-6.9,-4.24
384,0.3,-0.26,0.89,5.09,-8.16,-1.79
385,0.33,-0.27,0.93,4.97,-5.86,1.61
386,0.35,-0.26,0.93,5.1,-1.83,4.48
387,0.37,-0.24,0.93,3.61,2.16,5.38
388,0.4,-0.23,0.96,2.63,7.68,6.13
389,0.39,-0.21,0.96,3.95,12.54,5.6
390,0.39,-0.18,0.95,4.92,15.9,4.41
391,0.38,-0.16,0.94,4.94,19.3,3.36
392,0.35,-0.15,0.92,5.13,21.43,1.21
393,0.33,-0.14,0.9,4.67,20.6,-1.69
394,0.31,-0.14,0.89,3.91,19.17,-4.56
395,0.27,-0.16,0.87,3.77,17.16,-6.97
396,0.27,-0.17,0.88,3.15,13.63,-9.85
397,0.26,-0.19,0.89,1.37,11.72,-8.77
398,0.25,-0.2,0.89,0.95,10.91,-8.05
399,0.25,-0.21,0.89,0.43,10.85,-6.96
400,0.24,-0.21,0.9,1.12,10.31,-6.82
