,accel_x,accel_y,accel_z,gyro_x,gyro_y,gyro_z
0,-0.05,-0.23,0.99,0.95,-0.3,3.98
1,-0.02,-0.21,0.99,0.85,0.46,5.85
2,-0.01,-0.19,0.98,0.18,1.37,6.94
3,0.0,-0.18,0.97,0.36,1.22,5.91
4,0.02,-0.17,0.96,0.97,-0.57,4.18
5,0.04,-0.15,0.96,1.19,-0.54,2.97
6,0.04,-0.15,0.95,0.53,0.0,1.72
7,0.05,-0.14,0.94,-0.18,-0.18,0.11
8,0.06,-0.13,0.95,-1.67,-0.27,-1.12
9,0.04,-0.14,0.94,-3.21,0.82,-2.76
10,0.04,-0.14,0.95,-3.36,-0.6,-4.67
11,0.04,-0.15,0.95,-3.79,-1.86,-6.18
12,0.03,-0.16,0.95,-4.86,-1.48,-7.42
13,0.01,-0.17,0.97,-5.5,-1.88,-8.79
14,-0.01,-0.2,0.97,-5.88,-1.93,-9.24
15,-0.03,-0.21,0.98,-5.95,-2.15,-8.47
16,-0.04,-0.22,0.99,-5.56,-2.47,-8.18
17,-0.05,-0.23,0.99,-5.03,-1.65,-7.37
18,-0.05,-0.25,1.0,-3.65,-1.01,-6.39
19,-0.06,-0.25,1.0,-1.78,-1.76,-4.34
20,-0.06,-0.24,1.0,-1.31,-0.14,-2.59
21,-0.07,-0.24,0.99,-0.35,1.29,-0.18
22,-0.06,-0.23,0.98,0.43,1.41,1.46
23,-0.05,-0.21,0.97,0.08,2.18,2.94
24,-0.03,-0.19,0.96,0.43,1.83,3.16
25,-0.0,-0.17,0.95,0.4,0.34,2.84
26,0.01,-0.15,0.95,-0.13,0.1,1.87
27,0.01,-0.15,0.95,-0.05,-1.56,0.77
28,0.03,-0.15,0.95,-0.96,-1.5,-0.58
29,0.04,-0.14,0.95,-1.78,-0.63,-1.76
30,0.03,-0.15,0.96,-2.04,-0.73,-3.31
31,0.04,-0.15,0.95,-2.71,-1.16,-4.25
32,0.03,-0.15,0.95,-3.62,-0.6,-5.46
33,0.02,-0.17,0.97,-4.47,-0.92,-6.8
34,0.01,-0.17,0.97,-4.82,-1.69,-7.97
35,-0.0,-0.19,0.98,-5.06,-1.87,-8.09
36,-0.02,-0.21,0.98,-4.76,-1.73,-8.18
37,-0.04,-0.22,0.99,-4.27,-2.29,-7.24
38,-0.05,-0.23,0.99,-4.15,-1.46,-5.73
39,-0.05,-0.24,1.0,-3.2,-1.21,-4.56
40,-0.06,-0.23,0.99,-2.69,-0.54,-3.5
41,-0.07,-0.23,0.97,-2.79,-0.54,-2.15
42,-0.08,-0.23,0.97,-2.6,-0.73,-0.99
43,-0.08,-0.22,0.97,-2.27,-1.29,0.44
44,-0.08,-0.21,0.96,-2.92,-0.66,1.81
45,-0.06,-0.2,0.95,-3.08,-1.59,3.21
46,-0.05,-0.18,0.94,-3.4,-3.48,4.46
47,-0.03,-0.17,0.94,-4.8,-3.05,4.82
48,-0.02,-0.17,0.95,-5.61,-3.41,4.08
49,-0.01,-0.16,0.94,-4.98,-5.39,3.67
50,0.01,-0.16,0.95,-4.64,-7.2,3.06
51,0.04,-0.16,0.96,-4.24,-7.03,2.31
52,0.07,-0.15,0.97,-4.46,-5.24,0.53
53,0.08,-0.15,0.98,-4.6,-3.11,-1.51
54,0.08,-0.16,0.98,-3.85,-2.12,-3.34
55,0.07,-0.17,1.0,-3.03,-2.3,-4.5
56,0.06,-0.18,0.99,-3.23,-0.85,-6.07
57,0.04,-0.19,0.99,-3.23,0.13,-6.86
58,0.05,-0.19,1.0,-3.5,1.03,-7.29
59,0.03,-0.19,0.99,-3.63,2.47,-7.48
60,0.02,-0.2,0.98,-3.82,3.54,-7.93
61,-0.01,-0.2,0.98,-3.73,3.81,-8.18
62,-0.02,-0.21,0.98,-3.44,3.26,-8.24
63,-0.04,-0.2,0.97,-2.65,0.88,-7.48
64,-0.04,-0.2,0.96,-2.97,1.11,-7.31
65,-0.05,-0.2,0.94,-3.43,2.14,-6.79
66,-0.06,-0.2,0.95,-4.24,-0.14,-6.62
67,-0.07,-0.2,0.94,-5.36,-2.23,-5.69
68,-0.08,-0.21,0.94,-8.44,-2.76,-4.63
69,-0.1,-0.22,0.95,-8.82,-3.08,-4.53
70,-0.1,-0.24,0.97,-6.78,-6.01,-3.37
71,-0.09,-0.27,1.0,-3.74,-7.01,-1.08
72,-0.07,-0.26,1.0,-0.59,-5.39,1.07
73,-0.05,-0.24,1.01,0.48,-3.52,3.09
74,-0.05,-0.23,0.99,0.51,-1.82,5.44
75,-0.04,-0.23,0.98,1.55,-2.6,8.24
76,-0.02,-0.22,0.98,2.18,-2.09,9.5
77,0.0,-0.2,0.98,3.25,-1.3,8.73
78,0.02,-0.19,0.98,4.72,-1.74,7.55
79,0.04,-0.16,0.97,6.4,-2.57,6.99
80,0.08,-0.14,0.95,4.74,-2.88,5.73
81,0.1,-0.12,0.95,1.62,-0.69,3.72
82,0.09,-0.12,0.95,-0.26,0.4,1.5
83,0.09,-0.12,0.96,-0.95,0.08,-0.9
84,0.08,-0.13,0.94,-2.27,0.71,-3.98
85,0.08,-0.14,0.95,-2.69,0.68,-6.43
86,0.07,-0.14,0.95,-2.97,0.22,-8.52
87,0.07,-0.15,0.96,-3.82,-0.53,-10.08
88,0.04,-0.17,0.97,-4.21,-0.44,-10.36
89,0.03,-0.18,0.98,-4.54,0.88,-11.44
90,0.02,-0.2,0.98,-4.75,1.73,-11.6
91,-0.01,-0.21,0.98,-4.59,1.76,-11.92
92,-0.03,-0.22,0.98,-3.91,1.66,-12.15
93,-0.04,-0.22,0.99,-3.64,1.44,-10.92
94,-0.06,-0.23,0.99,-3.59,2.21,-10.18
95,-0.08,-0.24,0.99,-3.16,2.56,-8.8
96,-0.09,-0.25,0.98,-2.1,1.31,-6.98
97,-0.1,-0.24,0.98,-2.24,1.79,-5.68
98,-0.11,-0.25,0.97,-2.11,1.44,-3.82
99,-0.13,-0.24,0.96,-1.77,0.02,-1.41
100,-0.13,-0.23,0.97,-1.48,-1.6,1.1
101,-0.12,-0.23,0.95,-1.73,-2.58,3.15
102,-0.11,-0.22,0.96,-1.5,-2.76,4.95
103,-0.1,-0.22,0.96,-0.86,-3.22,7.05
104,-0.07,-0.2,0.95,-0.43,-4.27,8.49
105,-0.04,-0.19,0.95,-0.96,-4.03,9.76
106,-0.01,-0.18,0.95,-0.95,-4.33,10.32
107,0.02,-0.17,0.95,-0.41,-5.37,10.41
108,0.04,-0.17,0.97,0.1,-5.39,8.96
109,0.05,-0.16,0.96,0.6,-4.33,8.12
110,0.06,-0.15,0.97,1.27,-4.37,6.69
111,0.09,-0.13,0.96,0.27,-4.37,5.31
112,0.11,-0.12,0.97,-2.21,-1.74,2.11
113,0.11,-0.13,0.98,-3.53,-0.84,-1.21
114,0.11,-0.15,1.0,-2.8,-0.27,-4.05
115,0.1,-0.15,0.99,-2.43,0.47,-6.37
116,0.09,-0.16,0.99,-2.2,0.08,-8.56
117,0.08,-0.17,0.99,-2.95,1.72,-9.79
118,0.06,-0.18,0.99,-3.12,2.15,-10.21
119,0.04,-0.19,0.99,-2.92,2.59,-10.98
120,0.02,-0.2,0.98,-2.7,3.39,-11.53
121,0.01,-0.21,0.99,-2.39,3.47,-11.36
122,-0.02,-0.2,0.99,-2.24,3.85,-11.76
123,-0.04,-0.22,0.98,-2.17,3.76,-11.12
124,-0.07,-0.22,0.97,-2.1,3.67,-10.63
125,-0.08,-0.22,0.97,-1.96,3.29,-9.47
126,-0.09,-0.22,0.96,-2.47,3.28,-7.68
127,-0.1,-0.23,0.95,-2.89,1.92,-5.86
128,-0.12,-0.22,0.95,-3.01,0.84,-3.17
129,-0.12,-0.22,0.95,-2.82,-0.44,-0.56
130,-0.13,-0.22,0.94,-2.59,-2.13,1.28
131,-0.11,-0.21,0.94,-2.17,-3.42,3.14
132,-0.1,-0.2,0.94,-1.83,-4.12,4.59
133,-0.07,-0.19,0.94,-1.66,-4.33,6.18
134,-0.05,-0.17,0.95,-2.55,-4.39,7.33
135,-0.02,-0.16,0.94,-3.68,-4.05,7.53
136,0.01,-0.16,0.95,-3.47,-4.73,6.77
137,0.02,-0.15,0.96,-3.13,-5.14,5.93
138,0.05,-0.14,0.96,-3.08,-4.45,4.64
139,0.07,-0.14,0.98,-3.51,-3.45,2.27
140,0.07,-0.15,0.97,-3.79,-3.15,0.49
141,0.08,-0.15,0.98,-4.02,-2.45,-0.88
142,0.08,-0.16,0.98,-4.44,-1.62,-2.34
143,0.07,-0.16,0.99,-4.45,-0.5,-4.1
144,0.07,-0.17,0.98,-4.85,0.04,-6.05
145,0.06,-0.18,0.98,-5.0,-0.46,-6.8
146,0.04,-0.19,0.99,-4.91,-0.89,-8.08
147,0.03,-0.2,0.99,-4.58,-0.53,-8.5
148,0.0,-0.2,0.99,-4.26,-0.15,-8.65
149,-0.01,-0.22,0.99,-4.17,0.96,-8.56
150,-0.03,-0.22,0.99,-4.17,1.28,-8.22
151,-0.05,-0.23,0.98,-3.69,1.57,-7.57
152,-0.06,-0.23,0.98,-3.31,1.32,-6.4
153,-0.07,-0.23,0.98,-3.25,1.23,-5.63
154,-0.08,-0.23,0.97,-3.21,1.37,-3.8
155,-0.09,-0.23,0.97,-2.77,1.36,-1.89
156,-0.1,-0.23,0.96,-2.31,0.5,-0.32
157,-0.1,-0.22,0.96,-2.21,-1.08,1.37
158,-0.09,-0.21,0.95,-1.83,-2.2,3.21
159,-0.08,-0.21,0.96,-1.31,-3.85,4.77
160,-0.07,-0.2,0.95,-0.98,-3.98,6.51
161,-0.03,-0.18,0.95,-1.21,-3.64,7.45
162,-0.01,-0.17,0.95,-2.38,-2.89,7.39
163,0.02,-0.16,0.95,-2.83,-2.89,6.85
164,0.05,-0.15,0.96,-2.51,-3.27,5.41
165,0.07,-0.15,0.97,-1.63,-4.32,3.52
166,0.09,-0.14,0.98,-1.88,-3.42,1.02
167,0.09,-0.14,0.97,-2.21,-2.82,-1.29
168,0.09,-0.15,0.97,-3.55,-1.92,-3.24
169,0.08,-0.16,0.98,-4.53,-0.4,-4.7
170,0.07,-0.18,0.98,-4.22,-0.73,-5.98
171,0.06,-0.18,0.99,-4.22,0.44,-6.66
172,0.05,-0.18,0.99,-4.59,2.27,-7.78
173,0.04,-0.19,0.98,-3.91,0.88,-8.24
174,0.01,-0.2,0.99,-3.36,0.82,-8.85
175,-0.0,-0.21,0.98,-3.35,1.05,-8.7
176,-0.03,-0.22,0.97,-3.37,0.98,-8.95
177,-0.04,-0.22,0.98,-3.2,0.89,-8.5
178,-0.06,-0.23,0.98,-2.97,0.96,-7.18
179,-0.07,-0.24,0.98,-2.8,1.29,-5.92
180,-0.08,-0.24,0.98,-2.69,1.47,-4.31
181,-0.09,-0.23,0.97,-2.27,1.35,-2.6
182,-0.1,-0.23,0.97,-1.91,1.27,-0.95
183,-0.1,-0.22,0.96,-1.08,-0.11,1.0
184,-0.1,-0.22,0.95,-0.61,-1.44,2.66
185,-0.09,-0.22,0.96,-0.42,-1.6,4.77
186,-0.07,-0.2,0.95,-0.69,-2.52,6.35
187,-0.03,-0.18,0.95,-1.35,-3.24,7.41
188,-0.01,-0.17,0.94,-1.92,-3.94,7.4
189,0.01,-0.16,0.96,-2.15,-3.33,6.72
190,0.03,-0.15,0.95,-1.63,-3.95,5.24
191,0.05,-0.14,0.95,-1.57,-3.6,3.63
192,0.08,-0.14,0.96,-2.11,-3.27,2.17
193,0.07,-0.14,0.96,-2.98,-2.55,-0.27
194,0.08,-0.15,0.96,-3.74,-2.02,-2.03
195,0.08,-0.16,0.98,-3.51,-1.9,-3.98
196,0.08,-0.17,0.98,-3.47,-1.07,-5.73
197,0.08,-0.17,0.99,-3.69,1.05,-7.53
198,0.06,-0.18,0.99,-3.62,1.56,-8.6
199,0.04,-0.19,0.99,-3.05,1.23,-9.13
200,0.02,-0.2,1.0,-2.64,2.46,-9.47
201,0.0,-0.2,0.99,-1.84,2.27,-9.05
202,-0.01,-0.2,0.98,-2.58,2.71,-9.49
203,-0.03,-0.22,0.99,-2.18,3.23,-9.11
204,-0.05,-0.23,0.98,-1.06,2.89,-8.14
205,-0.07,-0.23,0.98,-1.05,3.04,-7.32
206,-0.08,-0.22,0.97,-1.21,3.06,-6.44
207,-0.09,-0.22,0.97,-1.1,1.97,-4.84
208,-0.11,-0.23,0.95,-1.35,1.31,-3.06
209,-0.12,-0.22,0.95,-1.1,0.21,-0.93
210,-0.12,-0.22,0.95,-1.41,-1.11,1.24
211,-0.11,-0.21,0.94,-2.25,-1.41,3.07
212,-0.1,-0.21,0.93,-2.85,-2.28,4.24
213,-0.1,-0.2,0.94,-2.55,-5.5,6.27
214,-0.08,-0.2,0.93,-3.04,-5.4,7.47
215,-0.06,-0.18,0.93,-3.82,-5.53,7.99
216,-0.02,-0.17,0.94,-4.19,-6.64,8.81
217,0.02,-0.16,0.95,-5.23,-7.34,8.61
218,0.05,-0.15,0.95,-6.63,-6.22,7.09
219,0.06,-0.16,0.96,-5.69,-7.02,4.38
220,0.09,-0.16,0.99,-3.32,-8.43,3.08
221,0.12,-0.15,1.0,-3.11,-5.56,1.05
222,0.12,-0.16,0.99,-3.62,-2.14,-1.44
223,0.11,-0.16,1.0,-2.66,-1.36,-3.12
224,0.1,-0.17,1.0,-2.66,0.34,-4.43
225,0.09,-0.18,1.0,-2.44,2.17,-6.61
226,0.07,-0.19,1.0,-1.95,2.03,-7.78
227,0.06,-0.19,1.0,-1.79,3.02,-8.81
228,0.05,-0.19,1.0,-1.65,4.28,-9.71
229,0.04,-0.19,0.99,-1.82,5.45,-10.89
230,0.02,-0.2,1.0,-1.7,6.37,-11.24
231,-0.0,-0.2,0.98,-1.18,6.63,-11.37
232,-0.02,-0.21,0.97,-1.31,7.18,-11.61
233,-0.05,-0.21,0.97,-0.89,4.79,-11.1
234,-0.07,-0.21,0.96,-0.97,4.29,-10.66
235,-0.09,-0.22,0.95,-1.44,3.52,-9.89
236,-0.11,-0.23,0.96,-1.72,1.83,-8.02
237,-0.12,-0.23,0.95,-1.79,0.38,-5.6
238,-0.12,-0.23,0.95,-2.38,0.13,-3.37
239,-0.13,-0.23,0.95,-2.41,-0.07,-1.41
240,-0.13,-0.22,0.95,-2.54,-1.28,1.05
241,-0.12,-0.22,0.95,-2.44,-2.14,2.9
242,-0.11,-0.22,0.95,-2.56,-3.37,4.57
243,-0.08,-0.2,0.95,-2.68,-3.77,6.02
244,-0.05,-0.18,0.95,-3.92,-3.56,7.18
245,-0.02,-0.16,0.95,-4.98,-2.65,7.05
246,0.0,-0.17,0.95,-4.89,-2.78,6.47
247,0.02,-0.17,0.97,-3.78,-3.82,4.99
248,0.05,-0.16,0.98,-2.66,-3.98,3.02
249,0.07,-0.15,0.97,-3.06,-3.96,1.43
250,0.08,-0.15,0.97,-3.89,-2.54,0.45
251,0.08,-0.15,0.98,-4.53,-1.5,-1.47
252,0.08,-0.16,0.98,-3.95,-1.64,-3.22
253,0.06,-0.18,0.99,-2.65,-2.73,-3.97
254,0.07,-0.19,1.0,-2.53,-1.34,-5.33
255,0.06,-0.19,1.0,-1.44,-2.11,-6.42
256,0.06,-0.2,1.0,-1.12,-1.26,-6.46
257,0.03,-0.2,1.0,-1.82,0.94,-7.12
258,0.01,-0.21,0.99,-1.52,2.01,-7.29
259,-0.0,-0.2,0.99,-0.63,-0.47,-7.18
260,-0.03,-0.21,0.98,-0.55,0.15,-7.41
261,-0.04,-0.22,0.97,-0.5,0.44,-6.86
262,-0.06,-0.21,0.98,-0.75,0.49,-6.41
263,-0.07,-0.22,0.97,-1.12,1.05,-5.47
264,-0.09,-0.22,0.96,-0.77,-0.03,-4.01
265,-0.09,-0.23,0.97,0.21,-1.62,-2.42
266,-0.08,-0.22,0.96,0.08,-0.72,-0.63
267,-0.08,-0.21,0.95,0.18,-1.34,1.63
268,-0.08,-0.21,0.94,0.15,-1.31,3.04
269,-0.06,-0.19,0.94,-0.51,-2.08,4.54
270,-0.03,-0.17,0.94,-1.79,-2.05,4.55
271,-0.02,-0.16,0.95,-2.08,-2.8,3.92
272,-0.01,-0.16,0.96,-1.34,-4.45,3.5
273,0.02,-0.15,0.96,-2.06,-3.37,2.7
274,0.05,-0.15,0.97,-2.2,-2.77,1.04
275,0.05,-0.15,0.97,-2.5,-1.63,-0.34
276,0.06,-0.15,0.96,-3.05,-1.05,-1.29
277,0.06,-0.15,0.97,-2.96,-1.84,-2.46
278,0.05,-0.16,0.97,-3.8,-1.48,-4.18
279,0.05,-0.17,0.97,-4.1,-0.81,-4.94
280,0.05,-0.18,0.98,-3.6,-0.86,-5.95
281,0.03,-0.18,0.98,-4.05,0.63,-6.68
282,0.02,-0.19,0.98,-4.15,1.38,-7.31
283,-0.0,-0.19,0.99,-4.18,1.97,-7.72
284,-0.02,-0.19,0.97,-4.06,1.57,-7.6
285,-0.04,-0.21,0.97,-4.45,-0.16,-7.83
286,-0.06,-0.21,0.96,-5.03,-0.81,-7.31
287,-0.07,-0.22,0.96,-5.45,-1.44,-6.79
288,-0.08,-0.24,0.97,-4.92,-2.58,-5.08
289,-0.08,-0.24,0.99,-4.15,-2.34,-3.8
290,-0.07,-0.24,0.98,-3.23,-2.76,-1.51
291,-0.07,-0.25,0.99,-1.08,-1.82,0.15
292,-0.06,-0.23,0.99,0.25,-1.52,2.37
293,-0.05,-0.22,0.98,0.44,-0.77,3.72
294,-0.04,-0.21,0.97,0.25,0.18,4.44
295,-0.02,-0.2,0.97,0.42,0.44,4.53
296,0.01,-0.19,0.97,1.07,-0.31,4.4
297,0.02,-0.17,0.96,1.6,-0.68,3.7
298,0.04,-0.15,0.96,1.24,-0.07,2.72
299,0.06,-0.14,0.95,0.02,0.42,1.13
300,0.06,-0.13,0.94,-1.39,0.55,-0.14
301,0.06,-0.14,0.95,-2.13,0.66,-1.36
302,0.06,-0.14,0.96,-2.43,0.57,-3.14
303,0.05,-0.14,0.95,-3.01,-0.11,-4.94
304,0.05,-0.15,0.96,-3.66,-0.06,-6.5
305,0.03,-0.16,0.96,-4.28,0.14,-7.71
306,0.01,-0.17,0.95,-5.06,0.36,-8.11
307,0.0,-0.18,0.95,-5.71,0.65,-8.31
308,-0.02,-0.19,0.95,-6.6,1.1,-8.47
309,-0.04,-0.19,0.96,-7.36,0.94,-7.88
310,-0.05,-0.2,0.95,-8.08,0.61,-7.6
311,-0.07,-0.21,0.95,-8.53,-1.03,-7.1
312,-0.08,-0.21,0.95,-9.56,-2.65,-6.78
313,-0.09,-0.22,0.95,-10.8,-4.38,-5.95
314,-0.1,-0.24,0.96,-11.25,-5.63,-5.08
315,-0.1,-0.25,0.97,-10.63,-7.89,-3.18
316,-0.1,-0.26,0.99,-9.19,-8.25,-1.69
317,-0.09,-0.29,1.01,-5.64,-7.91,-0.24
318,-0.07,-0.29,1.04,0.05,-7.73,3.08
319,-0.03,-0.27,1.03,2.79,-5.24,5.75
320,0.0,-0.24,1.02,2.61,-1.04,8.34
321,0.0,-0.23,1.0,2.07,1.56,9.79
322,0.01,-0.21,1.0,3.16,1.66,9.98
323,0.03,-0.2,0.99,4.9,1.36,8.77
324,0.06,-0.17,0.98,6.73,-0.01,7.24
325,0.09,-0.14,0.96,5.96,-0.7,4.92
326,0.1,-0.11,0.95,3.65,1.64,2.6
327,0.1,-0.12,0.95,2.08,1.85,1.1
328,0.09,-0.12,0.95,0.97,2.7,-1.19
329,0.09,-0.12,0.94,0.1,2.99,-4.08
330,0.07,-0.13,0.94,-0.75,2.82,-6.43
331,0.06,-0.13,0.94,-1.37,2.04,-8.16
332,0.05,-0.13,0.94,-3.03,2.24,-9.62
333,0.03,-0.14,0.94,-4.31,0.15,-10.83
334,0.01,-0.16,0.94,-5.75,-0.02,-11.54
335,-0.02,-0.18,0.95,-6.36,-1.02,-12.44
336,-0.03,-0.19,0.96,-7.17,-1.12,-12.66
337,-0.06,-0.21,0.97,-7.78,-1.38,-12.22
338,-0.07,-0.23,0.98,-7.84,-1.44,-11.44
339,-0.08,-0.24,0.99,-7.75,-1.09,-10.05
340,-0.09,-0.26,1.0,-7.71,-0.34,-8.41
341,-0.1,-0.28,1.01,-4.85,-1.97,-5.22
342,-0.1,-0.28,1.01,-1.56,-2.02,-2.15
343,-0.09,-0.27,1.02,1.55,-1.62,0.82
344,-0.07,-0.25,1.0,2.35,0.52,2.57
345,-0.08,-0.23,0.98,2.79,1.81,4.98
346,-0.05,-0.22,0.98,3.35,1.84,7.73
347,-0.03,-0.2,0.97,3.54,2.34,8.02
348,-0.0,-0.18,0.97,4.08,1.23,7.1
349,0.01,-0.17,0.96,5.77,-1.66,6.99
350,0.05,-0.13,0.94,4.76,-1.03,5.53
351,0.07,-0.11,0.94,1.82,0.95,2.96
352,0.06,-0.12,0.94,-0.18,1.48,0.78
353,0.06,-0.12,0.93,-1.66,1.65,-0.62
354,0.05,-0.12,0.93,-2.51,0.24,-3.32
355,0.04,-0.13,0.94,-3.52,-0.5,-5.67
356,0.03,-0.14,0.93,-4.55,-2.2,-6.98
357,0.03,-0.14,0.95,-5.66,-2.81,-8.39
358,0.02,-0.17,0.96,-6.66,-2.47,-8.96
359,-0.01,-0.19,0.97,-7.03,-1.8,-9.39
360,-0.01,-0.2,0.98,-6.97,-1.02,-9.0
361,-0.03,-0.21,0.98,-6.82,-1.34,-8.95
362,-0.04,-0.22,0.99,-6.66,-1.47,-8.69
363,-0.06,-0.23,0.99,-6.42,-2.22,-7.5
364,-0.06,-0.23,0.99,-5.96,-3.06,-5.84
365,-0.07,-0.24,0.99,-6.54,-2.74,-4.54
366,-0.08,-0.25,0.99,-5.96,-2.22,-2.61
367,-0.09,-0.25,0.99,-4.44,-2.8,-0.51
368,-0.09,-0.25,1.0,-3.23,-2.9,0.85
369,-0.07,-0.25,1.0,-0.39,-3.18,2.38
370,-0.06,-0.25,1.0,1.96,-2.64,3.92
371,-0.04,-0.22,0.98,2.69,-0.89,6.06
372,-0.0,-0.19,0.97,2.73,-0.53,7.6
373,0.01,-0.19,0.98,2.4,1.61,8.13
374,0.02,-0.17,0.97,3.14,0.75,7.61
375,0.03,-0.17,0.97,4.95,-0.19,6.0
376,0.05,-0.14,0.96,5.07,-0.85,4.72
377,0.07,-0.13,0.96,3.12,0.31,2.57
378,0.08,-0.12,0.95,1.56,0.54,-0.04
379,0.08,-0.13,0.96,1.04,1.05,-1.69
380,0.07,-0.13,0.95,0.09,1.62,-3.73
381,0.07,-0.12,0.95,-1.04,0.9,-5.82
382,0.06,-0.14,0.95,-2.64,1.52,-7.61
383,0.04,-0.15,0.96,-3.47,1.42,-8.95
384,0.02,-0.16,0.96,-4.02,1.33,-9.67
385,0.0,-0.17,0.96,-4.72,1.53,-10.11
386,-0.01,-0.18,0.96,-5.08,2.11,-10.44
387,-0.02,-0.19,0.97,-5.66,2.24,-9.95
388,-0.05,-0.2,0.97,-5.55,2.31,-8.9
389,-0.07,-0.21,0.96,-5.55,1.73,-7.84
390,-0.09,-0.21,0.96,-5.73,0.22,-6.3
391,-0.1,-0.21,0.96,-6.2,-0.69,-5.04
392,-0.11,-0.23,0.95,-6.42,-2.11,-3.7
393,-0.11,-0.24,0.96,-6.0,-4.36,-2.09
394,-0.1,-0.25,0.99,-5.08,-4.73,-0.99
395,-0.1,-0.25,1.0,-2.48,-5.82,0.4
396,-0.08,-0.26,1.01,-0.44,-4.72,2.57
397,-0.07,-0.24,1.01,0.45,-2.79,5.01
398,-0.04,-0.22,1.0,1.46,-0.73,7.18
399,-0.01,-0.21,1.0,1.76,-0.3,8.89
