,accel_x,accel_y,accel_z,gyro_x,gyro_y,gyro_z
0,0.12,-0.18,0.95,-1.4,-1.6,-0.69
1,0.13,-0.17,0.95,-1.87,-2.42,-1.31
2,0.15,-0.18,0.96,-2.98,-2.28,-2.25
3,0.13,-0.19,0.96,-3.04,-1.92,-2.06
4,0.14,-0.19,0.96,-2.48,-2.22,-1.47
5,0.15,-0.18,0.96,-2.73,-2.24,-1.38
6,0.15,-0.18,0.97,-3.92,-1.37,-1.63
7,0.14,-0.19,0.97,-3.5,-1.52,-1.46
8,0.14,-0.2,0.97,-2.6,-1.61,-1.36
9,0.15,-0.2,0.98,-2.87,-0.6,-1.95
10,0.15,-0.19,0.98,-2.99,0.12,-2.0
11,0.14,-0.2,0.97,-2.63,-0.41,-2.59
12,0.14,-0.19,0.97,-2.21,-0.85,-2.03
13,0.14,-0.18,0.97,-2.49,-0.34,-1.92
14,0.14,-0.19,0.96,-2.92,-0.47,-1.58
15,0.14,-0.19,0.97,-2.53,-0.77,-2.12
16,0.14,-0.19,0.97,-2.25,-1.27,-2.66
17,0.14,-0.2,0.96,-2.14,-1.82,-2.96
18,0.14,-0.19,0.96,-2.08,-1.43,-2.42
19,0.14,-0.2,0.97,-2.27,-0.47,-2.37
20,0.14,-0.18,0.97,-2.94,-0.19,-2.02
21,0.14,-0.19,0.96,-2.73,-0.44,-1.95
22,0.13,-0.19,0.97,-2.47,-1.21,-2.05
23,0.14,-0.19,0.96,-2.8,-1.2,-2.34
24,0.14,-0.18,0.95,-2.63,-1.08,-2.4
25,0.14,-0.19,0.96,-2.63,-0.44,-2.32
26,0.14,-0.19,0.97,-2.66,0.12,-1.78
27,0.13,-0.19,0.97,-2.82,0.15,-1.43
28,0.13,-0.19,0.96,-2.82,-0.54,-1.31
29,0.13,-0.19,0.96,-3.07,-0.86,-1.84
30,0.13,-0.19,0.96,-2.61,-1.42,-1.93
31,0.13,-0.19,0.96,-2.46,-1.97,-1.69
32,0.13,-0.19,0.96,-2.95,-1.37,-1.46
33,0.13,-0.2,0.96,-2.89,-0.89,-0.95
34,0.14,-0.2,0.96,-2.83,-0.8,-0.41
35,0.15,-0.19,0.96,-2.88,-0.96,-0.69
36,0.14,-0.2,0.97,-2.28,-1.72,-1.47
37,0.13,-0.19,0.97,-1.82,-1.82,-1.05
38,0.14,-0.19,0.97,-2.13,-1.53,-0.87
39,0.14,-0.19,0.97,-2.61,-1.11,-0.96
40,0.15,-0.19,0.98,-2.6,-1.21,-0.92
41,0.16,-0.2,0.98,-2.39,-0.79,-1.13
42,0.15,-0.19,0.97,-2.4,-0.13,-1.63
43,0.16,-0.19,0.97,-1.95,-0.12,-2.02
44,0.15,-0.19,0.97,-1.99,-0.4,-1.63
45,0.14,-0.19,0.97,-2.52,0.15,-1.78
46,0.15,-0.19,0.97,-2.92,-0.3,-1.37
47,0.14,-0.19,0.97,-3.06,-0.58,-1.97
48,0.14,-0.19,0.97,-2.87,-1.04,-2.52
49,0.14,-0.2,0.97,-2.19,-1.57,-2.64
50,0.15,-0.19,0.98,-1.79,-1.01,-2.46
51,0.14,-0.19,0.97,-1.56,-0.75,-2.55
52,0.14,-0.19,0.97,-1.76,-0.05,-2.44
53,0.14,-0.19,0.97,-2.27,0.21,-1.92
54,0.13,-0.19,0.96,-2.27,0.02,-2.22
55,0.12,-0.19,0.96,-2.34,-0.82,-1.99
56,0.12,-0.2,0.96,-1.59,-1.41,-2.23
57,0.13,-0.2,0.96,-2.18,-1.17,-1.95
58,0.13,-0.2,0.96,-2.05,-0.92,-1.31
59,0.13,-0.19,0.97,-1.85,-0.99,-0.72
60,0.14,-0.18,0.96,-2.37,-0.89,-0.66
61,0.13,-0.19,0.95,-2.58,-0.73,-1.1
62,0.14,-0.19,0.96,-2.27,-1.1,-0.93
63,0.14,-0.18,0.97,-2.53,-1.21,-1.05
64,0.14,-0.18,0.96,-2.78,-1.47,-1.21
65,0.14,-0.18,0.96,-2.89,-1.76,-1.21
66,0.14,-0.18,0.97,-3.65,-1.3,-1.19
67,0.14,-0.18,0.96,-3.63,-1.68,-1.24
68,0.14,-0.18,0.96,-3.4,-2.73,-1.29
69,0.14,-0.19,0.98,-4.05,-1.8,-1.63
70,0.14,-0.19,0.97,-3.85,-1.75,-1.99
71,0.14,-0.2,0.97,-3.47,-1.79,-1.82
72,0.14,-0.19,0.97,-3.55,-1.41,-1.53
73,0.14,-0.19,0.97,-3.6,-1.05,-1.72
74,0.14,-0.2,0.98,-3.35,-0.62,-1.38
75,0.14,-0.2,0.97,-3.09,-0.34,-0.89
76,0.14,-0.2,0.98,-2.49,-0.53,-0.99
77,0.14,-0.19,0.97,-2.69,-0.34,-1.17
78,0.13,-0.2,0.97,-2.92,-0.46,-1.13
79,0.13,-0.19,0.96,-2.6,-1.03,-0.94
80,0.14,-0.19,0.97,-2.65,-1.29,-1.05
81,0.15,-0.19,0.97,-2.5,-0.93,-1.62
82,0.14,-0.19,0.96,-2.56,-0.47,-2.05
83,0.14,-0.18,0.96,-2.96,-0.73,-1.81
84,0.14,-0.19,0.96,-3.32,-1.07,-2.08
85,0.14,-0.19,0.97,-3.68,-1.66,-1.94
86,0.15,-0.2,0.97,-3.07,-2.43,-1.99
87,0.15,-0.2,0.98,-2.37,-2.44,-2.22
88,0.14,-0.2,0.98,-2.27,-1.27,-2.01
89,0.14,-0.2,0.96,-2.38,-1.03,-1.73
90,0.14,-0.19,0.97,-2.56,-0.89,-1.25
91,0.13,-0.19,0.97,-3.09,-1.37,-1.72
92,0.14,-0.2,0.97,-2.8,-1.97,-1.73
93,0.14,-0.2,0.98,-2.42,-1.25,-1.89
94,0.14,-0.2,0.98,-1.85,-1.25,-1.96
95,0.14,-0.2,0.97,-1.78,-0.89,-1.85
96,0.14,-0.19,0.96,-2.36,-0.17,-1.6
97,0.13,-0.19,0.96,-2.73,-0.19,-1.36
98,0.13,-0.19,0.97,-2.66,-0.63,-1.5
99,0.13,-0.2,0.96,-2.02,-1.98,-1.63
100,0.14,-0.2,0.97,-1.77,-2.33,-1.71
101,0.14,-0.2,0.97,-2.09,-1.24,-1.32
102,0.14,-0.19,0.96,-1.88,-1.17,-0.86
103,0.14,-0.19,0.97,-1.97,-1.27,-0.45
104,0.15,-0.2,0.98,-1.58,-0.18,-0.53
105,0.15,-0.21,0.98,0.11,-0.21,-0.75
106,0.16,-0.21,0.99,2.31,-0.92,-1.08
107,0.16,-0.21,0.99,4.55,0.27,-0.34
108,0.16,-0.21,1.0,6.16,2.39,-0.25
109,0.15,-0.23,1.0,8.8,3.34,-0.92
110,0.15,-0.23,1.01,13.35,5.03,2.01
111,0.16,-0.2,0.99,13.27,5.61,2.08
112,0.15,-0.19,0.98,11.89,7.39,1.89
113,0.13,-0.19,0.96,12.04,7.35,3.5
114,0.12,-0.17,0.97,11.24,5.82,4.95
115,0.11,-0.18,0.96,10.99,4.46,5.4
116,0.13,-0.16,0.96,9.27,4.6,3.74
117,0.12,-0.15,0.96,8.02,3.58,1.87
118,0.11,-0.15,0.96,6.62,2.52,2.12
119,0.11,-0.15,0.94,5.15,2.69,1.84
120,0.12,-0.15,0.95,3.08,2.21,-1.05
121,0.1,-0.13,0.93,3.15,0.07,1.75
122,0.11,-0.15,0.94,-0.07,-1.37,0.42
123,0.12,-0.13,0.95,-2.06,-1.95,-0.25
124,0.12,-0.14,0.93,-2.28,-3.42,0.56
125,0.12,-0.14,0.95,-3.63,-3.64,-0.17
126,0.13,-0.15,0.94,-3.89,-3.95,-0.69
127,0.12,-0.15,0.95,-4.5,-4.08,-1.02
128,0.12,-0.14,0.96,-4.95,-3.81,-1.4
129,0.12,-0.15,0.95,-5.25,-4.44,-1.44
130,0.13,-0.14,0.96,-5.6,-5.1,-1.45
131,0.13,-0.15,0.95,-7.03,-4.69,-1.71
132,0.13,-0.16,0.97,-7.28,-4.71,-1.69
133,0.13,-0.16,0.98,-6.53,-5.14,-1.21
134,0.14,-0.17,0.98,-6.31,-5.21,-1.49
135,0.14,-0.17,0.99,-6.47,-3.95,-1.71
136,0.14,-0.18,0.98,-6.3,-3.74,-2.03
137,0.14,-0.18,0.99,-6.19,-3.26,-1.56
138,0.14,-0.19,0.99,-5.7,-2.49,-1.15
139,0.14,-0.18,0.99,-5.49,-2.29,-1.07
140,0.15,-0.18,0.99,-5.02,-2.98,-1.27
141,0.15,-0.18,0.99,-4.66,-1.9,-1.43
142,0.14,-0.18,0.99,-4.0,-1.67,-1.74
143,0.15,-0.18,0.98,-3.33,-2.14,-1.71
144,0.15,-0.17,0.98,-3.31,-0.97,-1.7
145,0.14,-0.17,0.98,-2.6,-0.79,-1.7
146,0.14,-0.17,0.98,-2.02,-1.08,-2.16
147,0.14,-0.17,0.97,-3.05,-1.0,-2.53
148,0.13,-0.17,0.97,-2.79,-1.4,-2.73
149,0.15,-0.18,0.97,-2.11,-1.51,-2.69
150,0.15,-0.17,0.98,-2.31,-0.74,-2.71
151,0.14,-0.17,0.97,-2.27,-0.42,-2.88
152,0.15,-0.18,0.98,-1.55,0.53,-2.53
153,0.14,-0.2,0.99,0.59,1.49,-1.87
154,0.15,-0.2,0.99,3.17,2.7,-1.47
155,0.16,-0.2,1.0,5.6,5.08,-1.43
156,0.15,-0.19,1.0,7.6,6.3,-1.01
157,0.13,-0.19,1.0,8.63,5.7,-1.68
158,0.13,-0.19,0.99,9.55,6.18,-0.48
159,0.12,-0.18,0.97,9.49,4.68,-0.39
160,0.12,-0.17,0.97,8.93,3.98,0.41
161,0.12,-0.16,0.97,7.59,4.4,0.07
162,0.12,-0.16,0.98,6.77,4.24,-0.6
163,0.11,-0.16,0.98,6.35,3.61,0.41
164,0.12,-0.15,0.96,5.46,2.69,-0.05
165,0.11,-0.15,0.96,4.84,3.44,0.79
166,0.11,-0.15,0.97,3.44,3.38,0.39
167,0.1,-0.16,0.97,5.58,2.35,1.76
168,0.11,-0.15,0.97,5.78,2.1,2.29
169,0.12,-0.14,0.96,4.6,2.29,1.63
170,0.11,-0.14,0.95,3.98,1.94,1.6
171,0.12,-0.13,0.96,3.66,1.86,1.24
172,0.12,-0.13,0.95,3.14,1.02,1.32
173,0.11,-0.12,0.95,1.66,0.74,1.54
174,0.12,-0.12,0.95,-0.24,0.67,1.27
175,0.11,-0.13,0.96,-0.72,-0.24,1.01
176,0.13,-0.12,0.96,-1.02,-1.27,0.44
177,0.13,-0.11,0.96,-2.29,-1.29,-0.57
178,0.12,-0.12,0.96,-3.12,-1.74,-2.51
179,0.12,-0.14,0.96,-2.58,-2.64,-2.75
180,0.12,-0.13,0.96,-3.79,-2.83,-2.92
181,0.13,-0.13,0.97,-5.15,-2.53,-4.31
182,0.12,-0.14,0.97,-4.81,-2.95,-2.94
183,0.12,-0.14,0.97,-5.08,-2.94,-2.52
184,0.12,-0.14,0.97,-5.92,-3.41,-3.46
185,0.11,-0.14,0.97,-6.34,-3.7,-3.38
186,0.12,-0.16,0.98,-6.7,-3.96,-2.96
187,0.12,-0.15,0.98,-6.66,-4.05,-2.57
188,0.13,-0.15,0.98,-6.49,-3.36,-3.26
189,0.12,-0.16,0.99,-6.07,-2.39,-2.79
190,0.12,-0.16,0.98,-5.07,-1.99,-2.64
191,0.11,-0.15,0.98,-5.13,-2.11,-2.4
192,0.11,-0.15,0.98,-5.15,-2.01,-2.01
193,0.12,-0.15,0.98,-5.15,-2.02,-2.6
194,0.11,-0.15,0.97,-4.95,-1.65,-2.38
195,0.11,-0.15,0.98,-4.82,-1.77,-2.03
196,0.12,-0.16,0.98,-4.66,-1.8,-1.09
197,0.11,-0.16,0.97,-4.87,-2.01,-0.52
198,0.12,-0.16,0.97,-5.2,-2.85,-0.35
199,0.12,-0.16,0.97,-5.62,-2.36,0.07
200,0.12,-0.16,0.97,-4.79,-2.95,0.14
201,0.13,-0.16,0.98,-4.52,-3.44,-0.12
202,0.13,-0.16,0.98,-3.88,-2.98,-0.98
203,0.14,-0.15,0.98,-3.63,-3.05,-1.52
204,0.14,-0.15,0.98,-3.62,-2.11,-1.78
205,0.14,-0.15,0.97,-3.63,-1.97,-1.81
206,0.14,-0.15,0.98,-3.68,-2.01,-1.47
207,0.13,-0.15,0.97,-3.98,-1.99,-1.45
208,0.14,-0.16,0.99,-3.64,-2.66,-1.76
209,0.14,-0.17,0.98,-3.13,-1.94,-2.27
210,0.13,-0.17,0.97,-2.63,-1.17,-2.34
211,0.12,-0.16,0.98,-2.47,-1.19,-2.27
212,0.12,-0.17,0.97,-2.33,-0.67,-1.47
213,0.12,-0.16,0.98,-3.29,-0.47,-0.89
214,0.12,-0.16,0.97,-3.52,-0.66,-0.31
215,0.13,-0.17,0.98,-3.08,-1.09,-0.44
216,0.13,-0.17,0.99,-2.65,-1.13,-0.89
217,0.13,-0.17,0.97,-2.32,-1.06,-1.12
218,0.12,-0.16,0.97,-1.44,-1.68,-0.95
219,0.13,-0.16,0.98,-1.7,-2.31,-0.31
220,0.14,-0.15,0.97,-2.8,-0.78,-0.56
221,0.13,-0.15,0.97,-2.91,-0.74,-0.69
222,0.13,-0.15,0.97,-2.16,-1.13,-0.8
223,0.12,-0.15,0.97,-1.77,-2.11,-1.74
224,0.14,-0.14,0.97,-1.6,-2.73,-2.71
225,0.14,-0.14,0.97,-1.62,-3.24,-2.45
226,0.15,-0.14,0.98,-2.51,-1.97,-2.28
227,0.15,-0.14,0.98,-3.25,-0.36,-1.98
228,0.14,-0.16,0.98,-3.28,0.12,-1.88
229,0.14,-0.15,0.97,-2.78,-0.13,-2.03
230,0.14,-0.15,0.98,-2.68,0.2,-2.26
231,0.15,-0.15,0.97,-2.69,0.08,-2.87
232,0.14,-0.15,0.97,-2.3,-0.39,-3.47
233,0.14,-0.15,0.97,-2.69,0.31,-3.79
234,0.14,-0.15,0.97,-3.13,1.35,-4.15
235,0.13,-0.15,0.96,-4.63,2.68,-4.79
236,0.12,-0.16,0.96,-3.4,0.83,-4.18
237,0.11,-0.16,0.96,-2.74,-0.46,-3.66
238,0.12,-0.16,0.97,-3.66,-0.39,-3.79
239,0.12,-0.16,0.97,-3.18,-1.05,-3.22
240,0.13,-0.16,0.98,-3.1,-1.0,-3.14
241,0.12,-0.16,0.98,-3.49,0.39,-3.25
242,0.11,-0.17,0.98,-3.06,0.19,-3.54
243,0.11,-0.17,0.97,-1.96,-1.0,-3.37
244,0.11,-0.16,0.97,-2.22,-1.37,-3.0
245,0.11,-0.17,0.97,-2.93,-1.36,-2.63
246,0.11,-0.17,0.98,-2.73,-1.98,-1.86
247,0.12,-0.17,0.97,-2.2,-2.15,-1.24
248,0.13,-0.17,0.98,-2.14,-1.77,-1.17
249,0.13,-0.17,0.99,-1.53,-0.99,-1.53
250,0.13,-0.16,0.97,-1.15,-0.85,-1.85
251,0.13,-0.15,0.96,-1.29,-1.02,-1.79
252,0.13,-0.15,0.96,-2.02,-1.25,-1.46
253,0.13,-0.15,0.96,-2.37,-1.33,-1.6
254,0.13,-0.14,0.96,-2.43,-1.57,-1.94
255,0.14,-0.14,0.96,-2.69,-1.21,-2.06
256,0.14,-0.14,0.96,-3.05,-1.16,-2.59
257,0.14,-0.14,0.96,-3.08,-1.98,-3.6
258,0.14,-0.14,0.96,-3.43,-1.56,-3.82
259,0.13,-0.13,0.97,-3.79,-1.95,-4.01
260,0.13,-0.15,0.96,-4.43,-1.54,-3.63
261,0.13,-0.15,0.97,-4.71,-1.05,-3.72
262,0.13,-0.15,0.97,-4.53,-1.9,-3.9
263,0.13,-0.16,0.97,-4.37,-1.7,-4.26
264,0.13,-0.16,0.98,-4.51,-1.34,-4.08
265,0.12,-0.17,0.98,-4.32,-1.3,-3.85
266,0.13,-0.17,0.98,-3.89,-1.01,-3.31
267,0.12,-0.17,0.98,-3.85,-0.31,-2.79
268,0.12,-0.16,0.98,-3.56,-0.63,-2.69
269,0.12,-0.16,0.98,-3.32,-0.9,-2.85
270,0.12,-0.16,0.98,-3.09,-0.79,-2.73
271,0.13,-0.16,0.97,-3.2,-0.59,-3.01
272,0.12,-0.17,0.97,-3.25,-1.53,-2.76
273,0.12,-0.17,0.98,-2.7,-2.24,-2.63
274,0.14,-0.17,0.98,-3.27,-2.12,-2.61
275,0.13,-0.17,0.99,-3.37,-1.97,-2.4
276,0.13,-0.18,0.98,-2.68,-1.98,-1.87
277,0.13,-0.17,0.99,-2.37,-0.96,-1.84
278,0.12,-0.18,0.99,-1.86,-0.5,-1.44
279,0.13,-0.17,0.98,-1.66,-0.16,-0.66
280,0.13,-0.17,0.98,-2.13,0.31,-0.82
281,0.13,-0.16,0.97,-2.15,0.54,-0.63
282,0.13,-0.16,0.98,-1.44,0.18,-0.65
283,0.13,-0.16,0.97,-1.4,-0.17,-0.9
284,0.13,-0.15,0.97,-2.01,0.21,-1.27
285,0.13,-0.16,0.97,-2.02,-0.3,-1.39
286,0.14,-0.16,0.98,-1.73,-0.82,-1.51
287,0.14,-0.15,0.98,-1.34,-1.28,-1.96
288,0.14,-0.14,0.97,-1.34,-1.55,-2.15
289,0.15,-0.15,0.97,-1.61,-0.6,-1.85
290,0.14,-0.15,0.97,-2.08,-0.35,-2.46
291,0.13,-0.15,0.97,-2.28,-0.85,-2.08
292,0.13,-0.15,0.96,-2.87,-0.88,-2.1
293,0.13,-0.16,0.98,-2.68,-1.46,-2.27
294,0.14,-0.15,0.97,-2.73,-1.77,-2.31
295,0.14,-0.16,0.98,-2.73,-0.87,-3.08
296,0.14,-0.16,0.98,-2.34,-0.67,-3.15
297,0.14,-0.17,0.97,-1.68,-0.43,-2.95
298,0.14,-0.16,0.98,-1.73,-0.32,-2.6
299,0.13,-0.16,0.98,-2.18,0.55,-2.07
300,0.13,-0.16,0.97,-3.06,1.73,-2.11
301,0.12,-0.16,0.98,-2.88,1.63,-2.44
302,0.12,-0.16,0.96,-2.34,0.45,-2.15
303,0.12,-0.16,0.97,-2.13,-0.82,-2.92
304,0.12,-0.16,0.97,-2.18,-0.84,-3.13
305,0.11,-0.16,0.98,-2.26,-0.97,-2.81
306,0.12,-0.17,0.98,-1.73,-0.85,-2.21
307,0.12,-0.16,0.97,-2.21,-0.51,-2.13
308,0.13,-0.16,0.97,-2.66,0.03,-1.77
309,0.12,-0.16,0.98,-2.13,-1.13,-1.83
310,0.12,-0.17,0.98,-1.56,-2.11,-2.3
311,0.12,-0.17,0.97,-1.61,-1.91,-2.11
312,0.13,-0.16,0.97,-1.71,-1.59,-1.95
313,0.11,-0.16,0.98,-1.79,-1.72,-1.4
314,0.12,-0.17,0.98,-2.06,-1.61,-0.6
315,0.13,-0.16,0.98,-2.18,-0.47,-0.27
316,0.13,-0.17,0.98,-2.15,-0.42,-0.58
317,0.12,-0.16,0.97,-1.02,-1.4,-0.6
318,0.12,-0.15,0.97,-0.65,-2.61,-0.72
319,0.14,-0.14,0.98,-1.06,-1.43,-0.86
320,0.14,-0.14,0.96,-1.47,-0.82,-0.96
321,0.13,-0.14,0.96,-1.84,-0.83,-0.9
322,0.13,-0.14,0.96,-2.34,-0.87,-0.82
323,0.13,-0.14,0.95,-3.02,-0.91,-0.84
324,0.14,-0.14,0.98,-3.11,-0.93,-1.23
325,0.14,-0.14,0.97,-2.27,-2.83,-1.39
326,0.16,-0.14,0.98,-2.84,-2.23,-2.09
327,0.15,-0.15,0.98,-3.17,-0.95,-2.45
328,0.14,-0.15,0.97,-3.69,-0.9,-2.99
329,0.14,-0.16,0.98,-3.26,-1.29,-2.94
330,0.14,-0.16,0.99,-3.2,-0.79,-2.4
331,0.14,-0.16,0.98,-2.89,-0.11,-2.51
332,0.14,-0.15,0.98,-2.57,-0.73,-2.8
333,0.14,-0.15,0.98,-1.98,-0.6,-2.89
334,0.13,-0.16,0.97,-2.45,-0.44,-3.25
335,0.12,-0.16,0.98,-2.24,-1.02,-3.29
336,0.12,-0.16,0.98,-2.24,-1.29,-2.73
337,0.13,-0.17,0.98,-2.75,-0.4,-2.72
338,0.13,-0.16,0.97,-2.12,-0.08,-2.65
339,0.13,-0.16,0.97,-1.46,-0.69,-2.12
340,0.14,-0.15,0.97,-2.27,0.22,-2.06
341,0.13,-0.15,0.97,-2.52,0.93,-2.73
342,0.12,-0.15,0.96,-1.91,-0.79,-3.11
343,0.12,-0.16,0.96,-2.47,-1.14,-2.9
344,0.12,-0.16,0.95,-2.76,-1.53,-2.83
345,0.12,-0.16,0.97,-2.71,-1.4,-2.19
346,0.12,-0.16,0.97,-2.82,-1.61,-2.07
347,0.13,-0.16,0.97,-2.93,-1.24,-1.85
348,0.12,-0.16,0.97,-3.24,-0.45,-1.99
349,0.12,-0.16,0.97,-3.05,-0.93,-2.03
350,0.12,-0.16,0.98,-2.73,-1.75,-1.67
351,0.13,-0.16,0.98,-3.02,-1.45,-1.4
352,0.12,-0.17,0.99,-2.95,-1.53,-1.56
353,0.13,-0.16,0.98,-2.42,-1.45,-1.29
354,0.12,-0.16,0.99,-1.89,-1.58,-0.82
355,0.14,-0.16,0.98,-2.16,-1.05,-1.11
356,0.14,-0.15,0.98,-2.92,-0.26,-0.89
357,0.14,-0.15,0.97,-2.99,-0.63,-1.46
358,0.15,-0.14,0.97,-2.86,-0.64,-1.37
359,0.14,-0.15,0.98,-3.18,-1.28,-2.22
360,0.14,-0.15,0.98,-2.78,-1.56,-2.1
361,0.15,-0.15,0.98,-2.46,-0.98,-1.95
362,0.15,-0.15,0.98,-2.53,-0.73,-2.44
363,0.16,-0.15,0.97,-2.77,0.36,-3.37
364,0.15,-0.15,0.98,-2.5,0.43,-3.68
365,0.14,-0.15,0.97,-2.4,-0.11,-4.14
366,0.14,-0.15,0.97,-3.25,0.05,-4.21
367,0.12,-0.16,0.98,-3.79,0.44,-3.76
368,0.13,-0.15,0.98,-3.2,-0.19,-3.49
369,0.13,-0.16,0.98,-3.37,-0.05,-3.85
370,0.12,-0.16,0.97,-3.37,0.47,-3.61
371,0.11,-0.16,0.97,-3.02,-0.13,-3.79
372,0.11,-0.16,0.98,-2.88,-0.71,-3.52
373,0.11,-0.16,0.96,-3.07,-1.06,-3.0
374,0.11,-0.18,0.98,-3.16,-1.15,-2.79
375,0.1,-0.18,0.98,-2.82,-1.39,-1.8
376,0.12,-0.18,0.98,-2.37,-1.05,-1.38
377,0.12,-0.17,0.98,-2.34,-1.04,-0.81
378,0.12,-0.17,0.98,-2.55,-1.01,-0.76
379,0.11,-0.17,0.98,-2.25,-1.03,-0.07
380,0.12,-0.17,0.98,-1.77,-1.15,-0.16
381,0.12,-0.16,0.98,-1.44,-1.59,-0.37
382,0.13,-0.15,0.97,-1.96,-1.52,-0.6
383,0.13,-0.15,0.97,-2.31,-1.19,-0.21
384,0.12,-0.16,0.97,-1.9,-1.88,-0.16
385,0.13,-0.15,0.97,-1.96,-1.81,0.41
386,0.14,-0.15,0.96,-2.59,-1.48,0.4
387,0.14,-0.14,0.96,-2.6,-1.46,-0.12
388,0.14,-0.14,0.97,-2.67,-1.44,-0.36
389,0.14,-0.14,0.97,-3.11,-1.6,-1.38
390,0.14,-0.14,0.97,-3.02,-2.04,-1.41
391,0.14,-0.15,0.97,-3.38,-2.01,-1.59
392,0.14,-0.15,0.98,-3.49,-1.62,-1.44
393,0.14,-0.15,0.97,-3.44,-1.19,-1.12
394,0.14,-0.16,0.97,-3.9,-0.55,-1.1
395,0.14,-0.16,0.98,-3.98,-0.66,-1.32
396,0.13,-0.16,0.98,-3.67,-1.32,-2.08
397,0.14,-0.16,0.97,-3.2,-1.28,-2.75
398,0.14,-0.16,0.97,-2.7,-1.08,-2.69
399,0.13,-0.17,0.98,-2.88,-0.34,-2.28
