,accel_x,accel_y,accel_z,gyro_x,gyro_y,gyro_z
0,0.24,-0.21,0.89,2.15,8.56,-7.69
1,0.25,-0.21,0.89,2.05,6.4,-7.95
2,0.25,-0.21,0.89,1.23,5.18,-8.36
3,0.24,-0.21,0.88,-0.93,4.89,-9.11
4,0.23,-0.22,0.89,-2.29,3.69,-7.46
5,0.22,-0.23,0.9,-3.03,2.94,-5.98
6,0.22,-0.23,0.92,-3.44,1.63,-4.81
7,0.22,-0.23,0.93,-2.98,1.73,-3.34
8,0.23,-0.23,0.95,-2.56,2.41,-1.69
9,0.23,-0.24,0.96,-2.47,2.85,0.12
10,0.23,-0.22,0.97,-2.41,4.1,0.6
11,0.25,-0.21,0.96,-2.5,6.95,0.66
12,0.25,-0.2,0.97,-1.87,9.68,-1.18
13,0.24,-0.2,0.96,-1.15,12.1,-3.33
14,0.24,-0.19,0.96,-1.43,15.46,-4.66
15,0.22,-0.19,0.94,-1.2,17.24,-6.76
16,0.2,-0.19,0.93,-1.06,16.76,-8.69
17,0.18,-0.2,0.93,-1.12,15.0,-8.15
18,0.18,-0.21,0.92,-1.89,13.87,-6.27
19,0.18,-0.21,0.92,-3.85,13.1,-5.64
20,0.19,-0.23,0.93,-5.79,12.1,-4.28
21,0.2,-0.25,0.94,-5.82,12.37,-2.62
22,0.21,-0.27,0.95,-4.69,12.28,-1.99
23,0.21,-0.28,0.96,-3.29,13.47,-1.28
24,0.2,-0.28,0.98,-2.08,15.24,-0.43
25,0.21,-0.27,0.97,-1.92,16.83,0.75
26,0.21,-0.26,0.98,-1.96,19.24,1.25
27,0.19,-0.26,0.97,-0.94,20.34,2.0
28,0.16,-0.25,0.96,0.36,18.93,2.21
29,0.15,-0.24,0.96,1.5,17.29,2.92
30,0.14,-0.23,0.95,2.17,14.76,4.17
31,0.14,-0.23,0.94,2.6,11.86,5.16
32,0.15,-0.23,0.95,1.6,9.82,6.05
33,0.15,-0.23,0.96,1.27,8.5,8.59
34,0.17,-0.23,0.96,1.94,7.05,10.78
35,0.19,-0.22,0.97,3.09,6.07,12.22
36,0.21,-0.21,0.98,4.31,7.24,12.16
37,0.21,-0.21,0.99,5.14,9.02,11.04
38,0.22,-0.21,0.97,6.09,10.17,9.58
39,0.22,-0.21,0.97,6.59,11.53,8.86
40,0.22,-0.2,0.97,5.27,13.05,8.18
41,0.22,-0.2,0.96,3.67,15.69,8.37
42,0.21,-0.19,0.97,2.43,17.56,8.24
43,0.21,-0.19,0.97,2.73,18.45,7.8
44,0.19,-0.19,0.94,2.44,18.66,6.25
45,0.17,-0.18,0.94,1.64,18.6,5.56
46,0.15,-0.19,0.92,1.76,16.57,4.76
47,0.14,-0.19,0.93,1.76,14.11,3.79
48,0.14,-0.18,0.93,1.83,13.5,3.4
49,0.14,-0.18,0.94,1.53,12.15,3.79
50,0.14,-0.16,0.93,-0.54,12.23,4.08
51,0.13,-0.17,0.93,-1.98,12.02,3.66
52,0.12,-0.16,0.93,-2.36,9.35,3.71
53,0.12,-0.16,0.92,-4.33,7.46,1.72
54,0.12,-0.16,0.92,-6.29,5.78,0.14
55,0.11,-0.19,0.93,-8.08,2.13,-1.33
56,0.12,-0.2,0.94,-9.53,0.54,-1.07
57,0.12,-0.21,0.96,-9.94,-0.82,-0.96
58,0.12,-0.22,0.96,-8.71,-1.52,-1.17
59,0.12,-0.22,0.96,-7.6,-2.91,-1.73
60,0.14,-0.2,0.97,-7.5,-2.44,0.75
61,0.15,-0.2,0.96,-8.35,-0.56,1.33
62,0.15,-0.21,0.95,-8.68,-0.92,1.99
63,0.14,-0.22,0.93,-7.97,-2.3,1.98
64,0.14,-0.23,0.96,-7.23,-3.7,0.59
65,0.15,-0.23,0.96,-5.47,-4.07,-0.05
66,0.16,-0.24,0.98,-5.5,-3.8,-0.1
67,0.16,-0.24,0.97,-5.26,-3.52,-0.53
68,0.17,-0.24,0.97,-5.39,-2.43,-1.26
69,0.16,-0.24,0.98,-4.8,-1.68,-0.5
70,0.16,-0.24,0.99,-4.01,-0.44,0.38
71,0.16,-0.26,0.99,-3.43,-0.63,0.76
72,0.16,-0.25,0.99,-2.96,1.49,1.86
73,0.15,-0.25,0.98,-2.72,2.67,3.83
74,0.15,-0.24,0.98,-2.66,2.83,5.82
75,0.15,-0.24,0.98,-2.41,3.47,6.42
76,0.15,-0.22,0.99,-2.04,2.91,5.59
77,0.15,-0.21,0.97,-1.63,1.82,3.73
78,0.13,-0.22,0.98,-1.8,-0.05,0.45
79,0.15,-0.21,0.99,-2.12,-3.07,0.05
80,0.16,-0.21,1.01,-1.66,-2.2,0.36
81,0.17,-0.21,1.01,-2.47,-1.08,-0.28
82,0.18,-0.21,1.03,-2.47,0.06,0.71
83,0.19,-0.2,1.03,-1.69,2.69,1.18
84,0.2,-0.2,1.03,-2.89,7.62,-0.28
85,0.18,-0.19,1.03,-3.46,11.83,-1.56
86,0.15,-0.19,1.02,-3.19,14.99,-3.64
87,0.11,-0.18,1.0,-2.57,15.42,-6.84
88,0.07,-0.2,0.98,-0.71,13.79,-8.0
89,0.03,-0.21,0.96,0.68,10.53,-8.57
90,0.03,-0.21,0.95,0.48,5.31,-8.43
91,0.03,-0.23,0.93,-0.17,1.21,-8.19
92,0.04,-0.25,0.94,-0.39,-1.85,-7.99
93,0.06,-0.27,0.96,0.13,-3.27,-6.81
94,0.08,-0.28,0.96,0.7,-2.96,-5.21
95,0.09,-0.28,0.97,1.33,-1.63,-2.89
96,0.1,-0.27,0.97,1.86,-0.17,-1.27
97,0.1,-0.26,0.96,1.69,1.95,-1.28
98,0.08,-0.26,0.94,1.74,1.73,-0.92
99,0.08,-0.26,0.94,1.83,0.59,-1.18
100,0.08,-0.25,0.94,2.73,-0.28,-1.26
101,0.09,-0.23,0.93,3.5,-1.42,-1.76
102,0.08,-0.22,0.92,2.29,-2.92,-1.0
103,0.08,-0.21,0.93,-0.21,-3.02,1.05
104,0.08,-0.21,0.93,-1.82,-3.29,2.32
105,0.09,-0.21,0.94,-1.95,-4.94,2.6
106,0.1,-0.21,0.94,-1.99,-5.53,2.68
107,0.09,-0.21,0.95,-1.8,-6.74,1.98
108,0.1,-0.21,0.96,-1.31,-8.31,1.56
109,0.12,-0.2,0.97,-1.47,-8.61,2.34
110,0.11,-0.2,0.98,-1.8,-8.44,2.63
111,0.13,-0.19,0.97,-2.5,-8.65,2.79
112,0.14,-0.2,0.98,-3.02,-7.14,2.56
113,0.15,-0.19,0.98,-2.85,-5.63,1.08
114,0.14,-0.2,0.97,-2.24,-6.73,-0.55
115,0.14,-0.2,0.97,-2.42,-6.9,-1.41
116,0.14,-0.2,0.97,-2.0,-6.11,-1.24
117,0.14,-0.21,0.96,-2.03,-6.36,-2.18
118,0.13,-0.21,0.95,-2.86,-7.24,-2.31
119,0.15,-0.22,0.96,-3.63,-5.76,-0.59
120,0.14,-0.23,0.97,-2.45,-6.97,-0.98
121,0.15,-0.23,0.97,-1.91,-8.74,-1.49
122,0.15,-0.23,0.99,-0.53,-8.0,-1.14
123,0.15,-0.24,0.97,-0.37,-6.92,-1.88
124,0.15,-0.24,0.98,1.14,-6.69,-0.15
125,0.16,-0.23,0.98,2.13,-6.75,-0.41
126,0.17,-0.23,0.97,1.96,-5.43,0.07
127,0.15,-0.22,0.98,1.89,-4.52,0.68
128,0.15,-0.23,0.97,2.86,-4.45,0.08
129,0.17,-0.22,0.98,1.18,-1.3,0.06
130,0.17,-0.21,0.97,1.78,-0.14,-0.37
131,0.17,-0.21,0.97,2.79,0.23,-1.31
132,0.16,-0.2,0.97,3.73,0.21,-2.32
133,0.16,-0.18,0.96,2.33,1.17,-2.7
134,0.15,-0.18,0.96,2.41,0.78,-1.83
135,0.14,-0.17,0.96,2.08,0.55,-2.68
136,0.14,-0.17,0.96,1.4,0.84,-2.17
137,0.13,-0.16,0.95,0.76,1.51,-2.01
138,0.13,-0.16,0.95,-0.47,1.21,-2.08
139,0.11,-0.17,0.94,-0.64,0.43,-1.16
140,0.13,-0.17,0.95,-1.14,-0.2,-0.81
141,0.13,-0.18,0.95,-1.04,-0.26,-1.27
142,0.15,-0.19,0.96,-0.8,-0.81,-2.4
143,0.14,-0.19,0.96,0.03,-0.82,-2.85
144,0.14,-0.19,0.95,0.26,-0.23,-2.79
145,0.14,-0.19,0.96,0.15,-0.3,-2.27
146,0.13,-0.2,0.95,-0.63,0.78,-1.44
147,0.13,-0.21,0.95,-0.68,0.59,-1.79
148,0.13,-0.22,0.96,0.51,0.6,-1.2
149,0.14,-0.21,0.96,0.47,0.83,-0.44
150,0.16,-0.2,0.95,-0.27,1.81,-1.38
151,0.15,-0.2,0.96,-1.11,2.27,-2.78
152,0.14,-0.21,0.97,-0.32,1.46,-3.48
153,0.14,-0.2,0.96,0.54,0.21,-2.4
154,0.15,-0.19,0.96,-0.38,2.19,-2.16
155,0.13,-0.19,0.96,-0.85,2.89,-1.95
156,0.13,-0.19,0.95,-1.27,2.56,-1.48
157,0.13,-0.19,0.96,-1.91,2.85,-1.05
158,0.13,-0.19,0.96,-2.1,2.38,-0.74
159,0.13,-0.2,0.97,-1.47,1.58,-0.55
160,0.14,-0.19,0.98,-0.7,1.34,-0.57
161,0.15,-0.18,0.97,-0.24,2.78,-1.73
162,0.16,-0.17,0.97,-1.11,4.13,-1.79
163,0.14,-0.17,0.97,-1.17,5.37,-1.73
164,0.12,-0.16,0.95,-1.8,6.49,-2.18
165,0.1,-0.16,0.94,-2.4,5.85,-2.05
166,0.08,-0.17,0.93,-3.05,3.58,-0.79
167,0.09,-0.17,0.93,-3.88,0.92,-0.16
168,0.1,-0.17,0.94,-4.93,-1.15,0.37
169,0.11,-0.18,0.94,-5.64,-2.9,0.1
170,0.12,-0.18,0.97,-5.83,-4.12,0.21
171,0.13,-0.18,0.97,-6.09,-4.0,0.98
172,0.14,-0.17,0.97,-6.39,-3.69,0.61
173,0.15,-0.17,0.98,-7.15,-3.08,-0.5
174,0.16,-0.19,0.99,-7.0,-1.63,-2.04
175,0.15,-0.19,0.99,-5.98,-0.63,-3.24
176,0.14,-0.2,0.99,-5.32,-0.07,-3.38
177,0.12,-0.2,0.99,-4.53,0.02,-3.62
178,0.12,-0.2,0.99,-3.85,-0.11,-2.99
179,0.12,-0.2,0.97,-4.37,-0.12,-2.66
180,0.12,-0.2,0.97,-5.32,-0.6,-2.79
181,0.1,-0.21,0.97,-5.14,-1.4,-1.9
182,0.11,-0.22,0.97,-4.79,-2.52,-0.97
183,0.1,-0.22,0.97,-4.21,-3.3,-0.69
184,0.11,-0.22,0.97,-3.76,-3.19,0.34
185,0.11,-0.22,0.97,-3.53,-2.79,1.5
186,0.11,-0.22,0.98,-3.28,-1.95,2.6
187,0.11,-0.21,0.97,-2.82,-2.43,3.15
188,0.13,-0.21,0.97,-2.8,-2.68,1.44
189,0.14,-0.21,0.97,-2.76,-2.14,0.62
190,0.13,-0.2,0.97,-2.76,-1.56,-0.45
191,0.13,-0.2,0.98,-2.5,-0.72,-1.5
192,0.13,-0.21,0.99,-1.93,-0.11,-2.19
193,0.13,-0.21,0.99,-1.79,-0.15,-2.15
194,0.14,-0.21,0.98,-2.11,0.51,-1.55
195,0.14,-0.2,0.98,-2.6,1.33,-1.6
196,0.13,-0.2,0.99,-1.84,1.26,-1.47
197,0.13,-0.2,0.98,-1.37,0.88,-1.64
198,0.13,-0.2,0.98,-0.47,0.82,-2.01
199,0.13,-0.2,0.97,0.03,0.47,-2.47
200,0.12,-0.2,0.97,-0.29,-0.04,-2.73
201,0.12,-0.2,0.97,-0.51,-0.66,-2.69
202,0.13,-0.19,0.97,-1.6,-0.51,-2.21
203,0.13,-0.19,0.97,-1.89,0.22,-2.21
204,0.13,-0.2,0.97,-1.74,0.48,-3.82
205,0.12,-0.21,0.97,-0.71,-0.15,-4.43
206,0.13,-0.21,0.98,0.31,-1.35,-4.51
207,0.13,-0.2,0.97,-0.12,-0.21,-4.31
208,0.13,-0.2,0.97,-0.79,0.55,-4.06
209,0.12,-0.2,0.97,-1.63,0.63,-3.6
210,0.12,-0.21,0.96,-1.45,1.09,-2.55
211,0.12,-0.2,0.96,-1.7,1.0,-2.65
212,0.12,-0.19,0.96,-2.34,1.39,-2.75
213,0.12,-0.19,0.97,-1.95,0.95,-2.58
214,0.12,-0.19,0.96,-0.98,0.11,-2.76
215,0.12,-0.18,0.96,-1.34,0.46,-2.92
216,0.13,-0.17,0.96,-1.25,0.18,-3.18
217,0.12,-0.18,0.96,-1.53,-0.42,-3.58
218,0.11,-0.18,0.95,-2.61,-0.52,-3.46
219,0.11,-0.2,0.97,-2.64,-1.22,-2.99
220,0.12,-0.2,0.97,-2.32,-1.82,-2.0
221,0.12,-0.2,0.97,-2.66,-1.31,-1.43
222,0.12,-0.19,0.97,-2.4,-1.59,-1.81
223,0.12,-0.19,0.97,-2.53,-1.34,-2.07
224,0.12,-0.2,0.97,-2.5,-1.11,-2.73
225,0.12,-0.2,0.98,-2.13,-1.66,-3.07
226,0.11,-0.2,0.97,-1.19,-1.85,-1.56
227,0.13,-0.19,0.97,-1.19,-1.29,-1.67
228,0.13,-0.18,0.97,-1.79,-1.02,-1.37
229,0.12,-0.19,0.96,-2.53,0.31,-1.32
230,0.11,-0.19,0.97,-2.57,-0.02,-1.67
231,0.12,-0.19,0.96,-2.18,-2.04,-2.27
232,0.13,-0.19,0.96,-2.62,-2.03,-2.21
233,0.12,-0.19,0.97,-2.31,-2.15,-2.38
234,0.14,-0.19,0.97,-2.22,-2.47,-2.29
235,0.14,-0.2,0.98,-2.51,-1.95,-2.34
236,0.14,-0.21,0.97,-1.98,-0.88,-1.8
237,0.14,-0.2,0.98,-1.66,-0.56,-1.81
238,0.13,-0.19,0.98,-0.68,-0.55,-1.61
239,0.13,-0.2,0.96,-0.78,-0.49,-1.8
240,0.13,-0.19,0.96,-0.84,-0.28,-1.83
241,0.12,-0.19,0.96,-1.56,-0.32,-1.08
242,0.13,-0.18,0.96,-2.09,-1.21,-1.47
243,0.13,-0.18,0.96,-2.79,-0.72,-1.66
244,0.12,-0.18,0.96,-3.18,0.05,-1.69
245,0.12,-0.18,0.96,-2.77,0.13,-1.8
246,0.12,-0.18,0.95,-2.73,-0.12,-1.67
247,0.11,-0.18,0.95,-3.65,-0.17,-2.64
248,0.11,-0.18,0.95,-4.27,-0.79,-2.31
249,0.1,-0.19,0.95,-3.6,-1.77,-1.82
250,0.11,-0.19,0.97,-3.07,-2.27,-1.82
251,0.11,-0.19,0.97,-2.85,-3.15,-1.99
252,0.11,-0.19,0.97,-3.68,-2.15,-1.14
253,0.11,-0.19,0.96,-4.19,-1.66,-0.82
254,0.12,-0.2,0.97,-4.14,-2.15,-0.53
255,0.12,-0.2,0.97,-4.08,-2.31,-1.63
256,0.12,-0.21,0.98,-3.53,-3.75,-2.16
257,0.12,-0.22,0.97,-2.78,-4.02,-2.21
258,0.13,-0.21,0.98,-2.44,-3.47,-1.29
259,0.13,-0.21,0.99,-2.41,-3.21,-0.47
260,0.14,-0.2,0.97,-3.05,-2.43,0.25
261,0.13,-0.2,0.97,-3.36,-1.11,-0.02
262,0.12,-0.2,0.97,-2.22,-2.09,-0.29
263,0.13,-0.2,0.98,-1.65,-2.81,-1.21
264,0.13,-0.2,0.96,-2.58,-3.05,-1.78
265,0.12,-0.19,0.97,-3.3,-2.34,-1.0
266,0.13,-0.2,0.97,-2.99,-2.18,-0.45
267,0.14,-0.2,0.97,-2.82,-1.95,-0.55
268,0.14,-0.2,0.98,-2.92,-1.49,-0.97
269,0.14,-0.19,0.98,-2.93,-0.44,-1.43
270,0.14,-0.2,0.97,-2.03,0.02,-1.69
271,0.14,-0.19,0.97,-1.49,-0.01,-1.89
272,0.14,-0.18,0.96,-1.15,-0.81,-1.69
273,0.14,-0.18,0.95,-1.85,-0.11,-1.45
274,0.13,-0.18,0.96,-2.4,-0.11,-2.06
275,0.13,-0.18,0.95,-2.75,-0.41,-1.91
276,0.14,-0.18,0.96,-3.47,-0.36,-2.49
277,0.14,-0.18,0.96,-3.9,-0.59,-3.34
278,0.13,-0.19,0.98,-3.56,-0.34,-2.99
279,0.13,-0.18,0.97,-3.17,-0.39,-3.08
280,0.14,-0.19,0.97,-2.79,-0.74,-3.5
281,0.13,-0.19,0.96,-3.24,-1.21,-3.27
282,0.12,-0.2,0.97,-4.12,-0.99,-2.82
283,0.11,-0.2,0.97,-4.05,-1.5,-2.46
284,0.12,-0.2,0.97,-3.55,-1.84,-2.85
285,0.13,-0.21,0.97,-3.32,-2.03,-2.79
286,0.13,-0.22,0.97,-3.05,-1.82,-1.59
287,0.13,-0.21,0.96,-2.82,-1.15,-1.24
288,0.14,-0.2,0.97,-3.03,-0.56,-1.05
289,0.13,-0.2,0.97,-2.72,-0.48,-0.79
290,0.14,-0.2,0.97,-3.19,0.21,-1.81
291,0.14,-0.2,0.97,-2.84,0.51,-1.86
292,0.14,-0.2,0.96,-2.0,-0.13,-2.47
293,0.13,-0.19,0.97,-2.24,-0.1,-2.19
294,0.13,-0.18,0.96,-3.4,0.27,-2.33
295,0.13,-0.19,0.97,-3.52,0.3,-2.47
296,0.12,-0.19,0.97,-3.24,-1.05,-2.44
297,0.13,-0.19,0.97,-3.29,-1.02,-2.14
298,0.13,-0.19,0.98,-3.66,-0.01,-2.56
299,0.14,-0.2,0.98,-4.4,-0.34,-1.92
300,0.12,-0.21,0.97,-3.12,0.02,-1.46
301,0.12,-0.21,0.98,-2.65,-0.14,-1.27
302,0.14,-0.21,0.99,-1.24,-1.17,-0.41
303,0.13,-0.21,0.98,-1.44,1.21,-1.27
304,0.13,-0.19,0.96,-2.2,1.89,-0.94
305,0.12,-0.2,0.96,-1.54,1.1,-0.98
306,0.12,-0.19,0.97,-1.29,0.76,-1.64
307,0.12,-0.19,0.96,-1.84,0.1,-1.92
308,0.12,-0.2,0.96,-1.27,-1.75,-1.97
309,0.13,-0.19,0.96,-0.75,-2.24,-2.33
310,0.13,-0.19,0.97,-1.05,-2.1,-2.73
311,0.12,-0.2,0.96,-1.4,-2.54,-2.21
312,0.13,-0.2,0.96,-1.79,-2.58,-2.72
313,0.13,-0.19,0.97,-2.11,-2.21,-2.62
314,0.13,-0.2,0.97,-2.02,-1.54,-2.79
315,0.13,-0.21,0.97,-1.81,-1.32,-2.68
316,0.13,-0.2,0.96,-1.41,-1.47,-2.69
317,0.13,-0.2,0.97,-1.61,-1.01,-2.9
318,0.11,-0.2,0.97,-2.05,-1.44,-2.45
319,0.12,-0.19,0.96,-1.93,-1.58,-1.3
320,0.13,-0.2,0.97,-1.88,-1.4,-0.99
321,0.13,-0.2,0.97,-1.43,-1.73,-1.32
322,0.14,-0.2,0.98,-1.26,-1.11,-1.18
323,0.14,-0.19,0.97,-1.06,-0.26,-1.85
324,0.13,-0.2,0.96,-1.34,0.99,-2.2
325,0.13,-0.19,0.96,-1.98,1.57,-2.06
326,0.11,-0.18,0.96,-2.6,0.66,-2.05
327,0.12,-0.18,0.97,-2.01,-0.09,-1.21
328,0.13,-0.18,0.96,-2.65,0.15,-2.04
329,0.12,-0.19,0.97,-2.72,-0.17,-2.39
330,0.12,-0.19,0.96,-2.31,-0.49,-2.25
331,0.12,-0.19,0.96,-2.14,-0.06,-2.81
332,0.12,-0.2,0.96,-2.76,-0.08,-3.21
333,0.11,-0.19,0.96,-2.82,-0.75,-2.44
334,0.11,-0.19,0.96,-2.98,-0.75,-1.64
335,0.11,-0.19,0.96,-3.27,-1.38,-1.45
336,0.11,-0.21,0.96,-3.29,-1.57,-1.11
337,0.11,-0.2,0.97,-2.85,-1.92,-1.56
338,0.12,-0.2,0.96,-2.42,-2.21,-1.53
339,0.11,-0.2,0.97,-2.02,-2.34,-1.37
340,0.12,-0.2,0.96,-2.89,-2.05,-1.28
341,0.12,-0.2,0.98,-3.27,-2.27,-0.84
342,0.13,-0.21,0.97,-2.37,-2.44,0.24
343,0.13,-0.2,0.97,-2.44,-2.08,0.08
344,0.13,-0.19,0.97,-2.32,-1.72,0.15
345,0.14,-0.19,0.97,-2.01,-1.42,-0.16
346,0.13,-0.18,0.96,-2.04,-0.99,-0.45
347,0.14,-0.18,0.95,-2.74,-0.79,-0.72
348,0.13,-0.18,0.96,-2.79,-2.23,-0.89
349,0.13,-0.18,0.96,-3.17,-2.45,-0.35
350,0.14,-0.19,0.96,-3.88,-1.59,-0.72
351,0.14,-0.19,0.96,-3.33,-1.89,-0.76
352,0.14,-0.19,0.97,-3.14,-1.54,-0.91
353,0.14,-0.18,0.97,-3.26,-1.13,-1.48
354,0.14,-0.18,0.98,-2.97,-1.49,-1.63
355,0.14,-0.19,0.97,-2.95,-1.29,-2.31
356,0.13,-0.2,0.96,-3.48,-1.34,-3.02
357,0.14,-0.2,0.98,-2.92,-2.04,-3.56
358,0.14,-0.21,0.98,-2.14,-2.15,-3.24
359,0.14,-0.2,0.98,-1.88,-1.24,-2.96
360,0.14,-0.2,0.97,-1.95,-0.11,-2.24
361,0.14,-0.2,0.96,-2.23,-0.24,-2.0
362,0.13,-0.19,0.96,-3.08,-0.1,-1.83
363,0.13,-0.2,0.96,-2.83,-0.15,-2.15
364,0.12,-0.2,0.96,-2.46,-1.05,-2.97
365,0.13,-0.2,0.96,-2.14,-1.47,-3.27
366,0.12,-0.2,0.97,-2.24,-1.67,-3.36
367,0.13,-0.2,0.98,-2.44,-1.51,-2.45
368,0.13,-0.2,0.96,-2.47,-1.37,-2.08
369,0.13,-0.2,0.96,-3.15,-0.77,-1.94
370,0.13,-0.19,0.96,-3.4,-0.79,-2.37
371,0.12,-0.2,0.97,-2.83,-1.21,-2.17
372,0.11,-0.19,0.96,-1.82,-2.44,-2.09
373,0.12,-0.19,0.96,-2.11,-1.91,-1.98
374,0.14,-0.19,0.96,-3.03,-0.6,-1.99
375,0.13,-0.19,0.97,-3.3,-0.86,-1.51
376,0.13,-0.19,0.96,-2.57,-0.58,-1.63
377,0.13,-0.19,0.96,-2.53,-0.22,-2.15
378,0.13,-0.19,0.96,-2.22,-0.92,-2.34
379,0.12,-0.19,0.96,-2.42,-1.25,-1.98
380,0.12,-0.18,0.95,-3.29,-0.41,-1.01
381,0.11,-0.18,0.95,-4.02,0.41,-0.58
382,0.11,-0.17,0.94,-5.24,0.56,-0.15
383,0.1,-0.17,0.94,-5.91,-0.52,-0.41
384,0.11,-0.19,0.95,-5.43,-2.37,-0.66
385,0.11,-0.2,0.96,-4.84,-3.77,-1.73
386,0.13,-0.2,0.96,-4.79,-4.46,-2.39
387,0.14,-0.21,0.97,-4.44,-5.07,-2.86
388,0.14,-0.21,0.97,-4.0,-5.66,-2.57
389,0.14,-0.23,0.99,-3.88,-5.24,-2.64
390,0.14,-0.23,1.0,-3.66,-3.7,-2.57
391,0.15,-0.23,0.99,-3.34,-2.5,-1.79
392,0.15,-0.22,1.0,-2.83,-1.47,-0.99
393,0.15,-0.22,1.0,-2.62,-0.3,-0.55
394,0.14,-0.22,0.99,-1.81,0.35,-0.3
395,0.13,-0.21,0.98,-1.44,-0.72,-0.69
396,0.14,-0.2,0.97,-0.6,-0.89,-0.62
397,0.14,-0.2,0.96,-0.56,-0.41,-0.96
398,0.14,-0.19,0.96,-1.07,-1.19,-1.48
399,0.13,-0.19,0.96,-1.42,-1.13,-1.39
