,accel_x,accel_y,accel_z,gyro_x,gyro_y,gyro_z
0,-0.07,-0.15,0.91,-9.42,-3.34,-8.53
1,-0.09,-0.17,0.93,-10.63,-2.74,-8.42
2,-0.11,-0.19,0.94,-11.47,-2.75,-8.56
3,-0.13,-0.2,0.94,-12.12,-4.98,-9.19
4,-0.14,-0.24,0.96,-11.69,-6.62,-10.61
5,-0.15,-0.27,1.0,-8.99,-8.76,-10.29
6,-0.14,-0.3,1.03,-5.64,-9.08,-8.61
7,-0.13,-0.32,1.04,-3.58,-8.92,-7.45
8,-0.13,-0.34,1.08,-1.82,-6.74,-5.14
9,-0.12,-0.35,1.1,1.62,-3.74,-1.23
10,-0.1,-0.33,1.1,4.49,-0.17,2.18
11,-0.09,-0.3,1.08,5.77,5.76,5.12
12,-0.09,-0.27,1.05,7.53,9.05,6.73
13,-0.1,-0.24,1.01,9.19,11.04,7.73
14,-0.09,-0.21,0.97,9.72,10.95,8.13
15,-0.09,-0.17,0.94,9.76,10.74,7.98
16,-0.09,-0.14,0.91,9.3,9.82,7.26
17,-0.08,-0.11,0.88,7.36,8.98,6.72
18,-0.08,-0.08,0.86,4.41,7.44,5.11
19,-0.08,-0.07,0.84,1.61,5.12,3.1
20,-0.08,-0.06,0.83,-1.79,2.69,0.56
21,-0.09,-0.05,0.82,-4.82,0.18,-1.69
22,-0.1,-0.06,0.82,-7.74,-2.63,-3.89
23,-0.09,-0.07,0.83,-10.93,-5.04,-5.6
24,-0.1,-0.08,0.84,-14.02,-7.69,-7.69
25,-0.1,-0.11,0.87,-16.54,-10.42,-9.88
26,-0.11,-0.15,0.9,-18.14,-11.97,-10.57
27,-0.12,-0.2,0.94,-17.49,-13.96,-11.77
28,-0.12,-0.24,0.98,-15.67,-15.58,-11.85
29,-0.11,-0.27,1.02,-13.6,-15.48,-11.25
30,-0.09,-0.31,1.07,-10.15,-14.05,-8.9
31,-0.08,-0.33,1.09,-7.59,-10.4,-6.43
32,-0.06,-0.33,1.12,-5.15,-5.81,-4.22
33,-0.07,-0.33,1.12,-1.75,-1.84,-1.52
34,-0.05,-0.32,1.1,0.26,3.18,0.27
35,-0.06,-0.3,1.07,2.56,6.99,1.7
36,-0.06,-0.26,1.05,5.01,8.37,2.73
37,-0.05,-0.22,1.02,5.95,9.89,2.6
38,-0.05,-0.19,0.98,5.82,11.22,1.79
39,-0.05,-0.17,0.94,5.37,10.66,0.52
40,-0.06,-0.14,0.91,4.49,9.24,-0.98
41,-0.08,-0.13,0.89,2.79,7.61,-2.86
42,-0.09,-0.12,0.87,1.27,6.08,-4.61
43,-0.1,-0.12,0.86,-0.98,3.76,-6.24
44,-0.11,-0.12,0.87,-2.45,0.18,-7.46
45,-0.12,-0.13,0.88,-4.5,-2.42,-8.74
46,-0.13,-0.16,0.87,-6.96,-3.16,-9.64
47,-0.14,-0.17,0.9,-8.39,-4.77,-10.19
48,-0.15,-0.2,0.93,-8.96,-6.55,-10.05
49,-0.16,-0.24,0.96,-7.99,-6.61,-8.82
50,-0.17,-0.25,0.98,-7.36,-6.79,-7.44
51,-0.17,-0.27,0.99,-6.85,-6.21,-5.61
52,-0.19,-0.28,1.0,-6.0,-5.56,-3.27
53,-0.19,-0.29,1.01,-4.5,-6.03,-0.63
54,-0.18,-0.31,1.02,-2.4,-5.08,2.66
55,-0.16,-0.3,1.02,-0.26,-4.05,5.23
56,-0.15,-0.29,1.03,1.66,-1.81,8.24
57,-0.13,-0.27,1.02,3.44,0.15,10.66
58,-0.1,-0.23,0.99,4.2,1.69,12.12
59,-0.08,-0.2,0.98,3.76,2.71,12.74
60,-0.07,-0.18,0.95,3.96,2.3,12.16
61,-0.04,-0.16,0.95,5.1,1.44,12.26
62,-0.01,-0.13,0.94,4.95,-0.02,9.19
63,0.02,-0.11,0.94,3.43,-0.01,6.06
64,0.03,-0.11,0.93,2.24,1.52,2.69
65,0.03,-0.1,0.92,0.69,2.06,-0.72
66,0.03,-0.09,0.92,-0.75,2.04,-4.05
67,0.03,-0.09,0.92,-3.21,2.37,-7.39
68,0.0,-0.1,0.9,-5.46,2.14,-10.63
69,-0.03,-0.12,0.92,-6.89,0.73,-13.05
70,-0.04,-0.14,0.93,-7.37,-0.27,-14.88
71,-0.06,-0.15,0.95,-8.18,-1.15,-16.11
72,-0.08,-0.17,0.95,-9.31,-1.92,-16.97
73,-0.1,-0.19,0.95,-10.36,-1.44,-17.27
74,-0.13,-0.22,0.96,-11.08,-1.19,-16.56
75,-0.15,-0.23,0.97,-12.05,-0.79,-16.17
76,-0.17,-0.25,0.97,-11.66,-1.27,-15.28
77,-0.21,-0.28,0.97,-10.28,-2.78,-13.15
78,-0.21,-0.28,0.97,-10.2,-3.78,-10.87
79,-0.22,-0.3,0.98,-8.64,-4.03,-7.75
80,-0.23,-0.31,0.99,-5.83,-4.92,-4.41
81,-0.22,-0.3,1.0,-3.96,-4.92,-0.71
82,-0.21,-0.3,0.99,-2.54,-3.87,2.88
83,-0.21,-0.3,0.99,-1.4,-2.76,6.18
84,-0.2,-0.28,0.98,-0.56,-2.56,8.63
85,-0.17,-0.26,0.97,1.19,-2.66,11.36
86,-0.14,-0.24,0.97,2.03,-2.69,13.08
87,-0.1,-0.23,0.97,2.91,-2.5,13.69
88,-0.08,-0.21,0.97,4.06,-2.46,13.66
89,-0.05,-0.19,0.97,4.99,-2.12,13.12
90,-0.03,-0.17,0.96,6.57,-2.05,12.47
91,0.0,-0.15,0.96,5.78,-1.11,10.51
92,0.03,-0.13,0.95,3.33,1.43,7.36
93,0.02,-0.13,0.94,2.38,2.54,5.53
94,0.02,-0.12,0.94,1.77,2.5,3.21
95,0.03,-0.12,0.94,-0.08,2.73,0.4
96,0.02,-0.12,0.94,-1.21,3.08,-2.76
97,0.01,-0.12,0.94,-2.53,2.23,-5.77
98,0.0,-0.13,0.95,-3.56,2.15,-8.42
99,-0.01,-0.14,0.95,-4.51,1.76,-10.79
100,-0.03,-0.16,0.95,-5.5,1.15,-13.15
101,-0.05,-0.18,0.95,-6.2,0.64,-14.05
102,-0.08,-0.19,0.95,-5.97,0.77,-13.97
103,-0.09,-0.19,0.96,-6.92,0.78,-14.04
104,-0.12,-0.2,0.95,-7.68,1.48,-13.91
105,-0.15,-0.22,0.95,-8.49,0.53,-13.57
106,-0.17,-0.22,0.95,-8.82,-0.04,-12.29
107,-0.18,-0.21,0.94,-10.89,-0.91,-11.58
108,-0.2,-0.24,0.93,-11.77,-0.95,-10.24
109,-0.21,-0.25,0.92,-11.87,-2.49,-7.83
110,-0.22,-0.23,0.91,-14.07,-4.16,-5.88
111,-0.23,-0.24,0.91,-16.36,-6.26,-4.32
112,-0.24,-0.27,0.93,-16.32,-8.87,-2.94
113,-0.23,-0.31,0.97,-9.89,-13.2,0.71
114,-0.21,-0.31,0.99,-3.98,-14.76,4.76
115,-0.14,-0.28,1.0,-2.82,-11.44,6.75
116,-0.13,-0.29,1.01,-2.41,-7.37,8.47
117,-0.11,-0.28,1.0,-1.55,-5.12,11.94
118,-0.09,-0.26,1.01,-0.47,-3.48,13.89
119,-0.06,-0.25,1.01,1.21,-1.67,14.16
120,-0.05,-0.24,1.01,4.87,-2.01,12.94
121,-0.02,-0.21,1.0,8.11,-3.53,12.3
122,0.02,-0.18,0.99,7.67,-1.21,10.34
123,0.05,-0.16,0.99,6.43,2.7,7.72
124,0.06,-0.15,0.98,5.31,4.97,4.95
125,0.05,-0.14,0.96,3.94,6.45,1.85
126,0.04,-0.13,0.95,3.14,7.37,-0.89
127,0.03,-0.13,0.95,2.17,6.53,-4.06
128,0.01,-0.13,0.94,1.45,5.66,-7.25
129,-0.01,-0.14,0.94,-0.05,4.85,-10.0
130,-0.03,-0.14,0.92,-1.75,4.36,-11.98
131,-0.05,-0.15,0.92,-3.39,3.8,-13.63
132,-0.08,-0.17,0.91,-4.59,3.22,-13.96
133,-0.1,-0.17,0.91,-5.55,2.11,-14.25
134,-0.11,-0.18,0.91,-6.79,0.02,-14.77
135,-0.13,-0.2,0.92,-8.22,0.01,-14.92
136,-0.14,-0.2,0.93,-10.98,0.38,-14.18
137,-0.18,-0.21,0.91,-13.62,0.34,-14.53
138,-0.2,-0.24,0.92,-14.42,-1.95,-13.53
139,-0.21,-0.25,0.93,-13.95,-5.93,-12.13
140,-0.22,-0.26,0.93,-14.91,-7.39,-9.77
141,-0.22,-0.26,0.94,-16.12,-7.95,-6.95
142,-0.22,-0.25,0.93,-17.79,-8.92,-4.5
143,-0.21,-0.28,0.95,-18.46,-11.22,-2.68
144,-0.21,-0.33,0.98,-12.69,-13.11,0.89
145,-0.18,-0.33,1.01,-7.11,-13.26,5.2
146,-0.14,-0.3,1.0,-4.61,-11.04,7.07
147,-0.11,-0.28,1.0,-4.88,-6.99,10.61
148,-0.1,-0.28,0.99,-2.41,-4.38,12.8
149,-0.07,-0.26,1.0,-1.27,-1.76,13.5
150,-0.06,-0.25,1.0,-0.08,0.06,13.84
151,-0.05,-0.23,0.98,1.75,0.37,12.76
152,-0.04,-0.24,1.0,5.91,-0.79,11.8
153,-0.0,-0.23,0.99,10.03,-2.27,10.83
154,0.03,-0.19,1.0,10.27,0.04,8.83
155,0.05,-0.17,0.97,8.73,4.38,6.63
156,0.04,-0.16,0.97,7.47,6.8,3.85
157,0.03,-0.15,0.97,6.53,8.48,1.24
158,0.02,-0.16,0.95,6.63,9.6,-0.84
159,0.01,-0.14,0.94,5.89,9.39,-3.59
160,-0.01,-0.14,0.93,4.62,8.77,-6.17
161,-0.03,-0.14,0.93,3.35,7.19,-8.61
162,-0.05,-0.14,0.9,0.54,6.57,-10.27
163,-0.07,-0.14,0.9,-2.59,5.37,-12.03
164,-0.09,-0.15,0.9,-4.63,3.59,-13.15
165,-0.11,-0.16,0.91,-6.21,1.53,-13.3
166,-0.11,-0.17,0.9,-7.69,-0.11,-13.71
167,-0.13,-0.18,0.9,-8.73,-2.44,-13.63
168,-0.15,-0.19,0.91,-10.68,-2.89,-13.09
169,-0.16,-0.19,0.91,-13.18,-3.78,-12.89
170,-0.16,-0.2,0.91,-16.59,-4.29,-12.63
171,-0.18,-0.21,0.91,-19.67,-4.74,-12.41
172,-0.2,-0.22,0.9,-21.36,-6.95,-12.52
173,-0.2,-0.23,0.89,-24.92,-10.81,-11.31
174,-0.19,-0.24,0.89,-27.66,-14.04,-10.19
175,-0.19,-0.26,0.9,-29.2,-17.41,-9.44
176,-0.17,-0.32,0.95,-28.73,-20.0,-8.08
177,-0.16,-0.37,1.01,-19.53,-22.24,-3.53
178,-0.12,-0.4,1.07,-8.87,-21.89,0.68
179,-0.06,-0.36,1.09,-4.32,-16.43,2.89
180,-0.04,-0.35,1.09,-2.36,-7.33,3.27
181,-0.05,-0.37,1.11,0.96,-1.3,6.37
182,-0.05,-0.35,1.09,4.7,1.73,7.84
183,-0.06,-0.35,1.07,7.96,5.4,9.24
184,-0.06,-0.32,1.05,13.1,5.42,10.22
185,-0.04,-0.29,1.02,16.67,4.98,10.92
186,-0.03,-0.27,1.01,17.74,7.98,11.48
187,-0.01,-0.25,1.0,18.93,10.21,11.06
188,-0.0,-0.21,0.98,19.16,12.12,10.95
189,-0.01,-0.19,0.95,18.05,13.95,10.19
190,-0.01,-0.16,0.94,17.27,15.38,8.35
191,-0.01,-0.15,0.92,16.31,15.77,5.72
192,-0.02,-0.13,0.9,15.18,15.31,3.27
193,-0.03,-0.1,0.88,13.2,12.46,0.14
194,-0.03,-0.09,0.87,8.73,11.4,-2.95
195,-0.05,-0.08,0.85,4.11,9.47,-6.4
196,-0.07,-0.09,0.84,0.34,6.17,-9.19
197,-0.1,-0.09,0.84,-2.98,2.34,-11.03
198,-0.11,-0.11,0.85,-6.75,-1.22,-12.66
199,-0.12,-0.13,0.86,-9.88,-3.82,-13.76
200,-0.13,-0.15,0.88,-12.53,-6.04,-14.07
201,-0.12,-0.17,0.9,-15.42,-7.0,-14.63
202,-0.12,-0.17,0.9,-19.46,-6.69,-14.69
203,-0.15,-0.2,0.91,-22.79,-6.37,-15.98
204,-0.17,-0.24,0.93,-21.96,-8.85,-14.9
205,-0.19,-0.26,0.94,-21.08,-11.6,-14.44
206,-0.19,-0.31,0.97,-17.54,-15.32,-13.69
207,-0.19,-0.34,1.0,-12.12,-18.79,-10.68
208,-0.16,-0.34,1.02,-8.2,-18.05,-6.65
209,-0.13,-0.32,1.03,-6.53,-14.82,-2.68
210,-0.12,-0.33,1.04,-7.65,-9.86,1.05
211,-0.12,-0.33,1.03,-6.98,-6.15,5.12
212,-0.11,-0.33,1.04,-3.62,-5.0,8.26
213,-0.08,-0.32,1.05,0.8,-2.73,10.72
214,-0.06,-0.31,1.05,4.73,-0.57,10.59
215,-0.03,-0.28,1.03,8.02,0.63,9.84
216,-0.04,-0.29,1.03,12.3,2.86,9.08
217,-0.05,-0.29,1.03,19.31,2.89,10.96
218,-0.02,-0.23,1.0,21.51,5.24,11.08
219,0.01,-0.18,0.98,18.03,11.02,10.07
220,-0.0,-0.16,0.95,14.99,14.29,8.47
221,-0.0,-0.15,0.93,12.69,14.4,7.27
222,-0.01,-0.12,0.92,10.82,13.89,4.78
223,-0.02,-0.11,0.9,7.32,13.82,1.3
224,-0.03,-0.1,0.88,4.56,10.6,-2.5
225,-0.05,-0.09,0.87,2.22,7.2,-5.71
226,-0.07,-0.09,0.86,-0.97,4.11,-8.71
227,-0.09,-0.1,0.85,-4.84,1.37,-10.51
228,-0.09,-0.11,0.86,-7.63,-1.28,-11.64
229,-0.11,-0.14,0.87,-10.66,-4.0,-12.69
230,-0.12,-0.15,0.88,-13.45,-6.47,-13.98
231,-0.13,-0.17,0.89,-16.42,-8.29,-14.17
232,-0.13,-0.17,0.9,-21.44,-8.39,-14.79
233,-0.15,-0.2,0.92,-24.5,-9.22,-14.98
234,-0.17,-0.23,0.91,-26.39,-11.64,-14.23
235,-0.18,-0.22,0.92,-29.42,-13.78,-14.55
236,-0.18,-0.24,0.92,-32.73,-13.63,-14.31
237,-0.19,-0.3,0.93,-31.94,-19.92,-13.49
238,-0.17,-0.38,1.02,-22.97,-23.44,-10.22
239,-0.15,-0.41,1.06,-12.48,-24.06,-4.87
240,-0.08,-0.39,1.09,-3.79,-19.55,-0.69
241,-0.04,-0.38,1.11,0.94,-9.55,2.78
242,-0.03,-0.36,1.11,3.1,0.44,6.3
243,-0.05,-0.35,1.1,4.71,7.4,9.43
244,-0.07,-0.35,1.07,10.08,9.33,11.33
245,-0.07,-0.32,1.04,15.54,6.76,12.4
246,-0.04,-0.28,1.02,16.69,8.05,12.23
247,-0.03,-0.26,1.01,17.72,10.11,11.5
248,-0.01,-0.23,0.99,19.56,10.7,10.55
249,0.01,-0.19,0.96,19.37,12.73,10.12
250,-0.01,-0.17,0.94,17.47,15.82,7.85
251,-0.02,-0.15,0.92,15.76,16.21,6.56
252,-0.02,-0.13,0.9,13.54,16.15,4.54
253,-0.03,-0.11,0.88,10.21,16.02,1.05
254,-0.05,-0.1,0.87,7.38,13.19,-2.91
255,-0.07,-0.1,0.85,4.28,8.87,-6.53
256,-0.1,-0.1,0.84,0.74,3.98,-9.22
257,-0.11,-0.1,0.84,-3.24,-0.48,-10.55
258,-0.13,-0.12,0.85,-7.09,-4.18,-11.9
259,-0.12,-0.14,0.87,-10.19,-6.93,-11.95
260,-0.13,-0.17,0.91,-13.31,-8.66,-12.82
261,-0.13,-0.18,0.91,-16.97,-9.37,-13.63
262,-0.13,-0.19,0.92,-21.58,-9.53,-13.67
263,-0.15,-0.21,0.93,-23.95,-10.22,-13.73
264,-0.17,-0.25,0.95,-22.01,-11.93,-13.02
265,-0.17,-0.28,0.97,-21.21,-14.15,-10.37
266,-0.15,-0.32,1.0,-17.48,-14.21,-9.08
267,-0.16,-0.35,1.03,-10.39,-14.82,-5.56
268,-0.13,-0.35,1.06,-3.13,-13.53,-1.56
269,-0.09,-0.34,1.07,0.21,-7.47,1.66
270,-0.07,-0.32,1.07,1.16,-0.14,4.69
271,-0.08,-0.32,1.06,3.32,4.11,7.29
272,-0.08,-0.33,1.05,8.73,5.2,8.9
273,-0.07,-0.35,1.07,19.95,3.75,10.11
274,-0.05,-0.34,1.08,31.11,3.77,12.04
275,0.01,-0.32,1.12,40.63,9.02,12.93
276,0.02,-0.3,1.1,46.88,15.67,15.74
277,0.03,-0.23,1.06,48.37,23.62,15.05
278,0.03,-0.16,1.0,42.34,31.92,15.21
279,-0.01,-0.12,0.94,32.52,37.85,16.4
280,-0.06,-0.12,0.92,29.82,37.05,17.39
281,-0.1,-0.09,0.88,26.52,31.87,14.69
282,-0.1,-0.07,0.87,23.77,26.35,9.27
283,-0.1,-0.05,0.85,20.3,21.53,4.81
284,-0.11,-0.03,0.83,17.36,14.89,-0.39
285,-0.09,-0.01,0.82,11.13,11.67,-7.32
286,-0.12,0.01,0.79,5.66,9.5,-6.71
287,-0.15,-0.0,0.8,-4.05,5.99,-10.37
288,-0.18,-0.01,0.79,-10.27,-0.21,-11.63
289,-0.19,-0.02,0.79,-16.5,-7.69,-12.41
290,-0.18,-0.01,0.78,-26.08,-12.78,-12.0
291,-0.17,-0.02,0.8,-37.31,-15.33,-17.54
292,-0.19,-0.03,0.8,-43.73,-20.47,-20.42
293,-0.2,-0.1,0.82,-50.47,-25.47,-23.3
294,-0.19,-0.16,0.87,-52.19,-26.51,-28.66
295,-0.2,-0.25,0.89,-44.41,-31.05,-25.84
296,-0.18,-0.32,1.01,-37.37,-39.37,-25.17
297,-0.14,-0.35,1.07,-24.19,-38.34,-18.84
298,-0.1,-0.33,1.08,-17.86,-30.57,-12.66
299,-0.08,-0.29,1.04,-17.75,-18.29,-9.89
300,-0.09,-0.28,1.04,-20.73,-12.01,-3.24
301,-0.08,-0.28,1.03,-23.92,-7.76,-1.37
302,-0.13,-0.3,1.01,-25.98,-6.22,0.32
303,-0.15,-0.33,1.03,-22.89,-9.41,1.74
304,-0.14,-0.33,1.02,-17.66,-14.37,3.47
305,-0.11,-0.32,1.01,-13.29,-17.05,3.99
306,-0.05,-0.32,1.04,-8.08,-14.66,6.07
307,-0.02,-0.3,1.05,-3.41,-10.61,7.5
308,0.01,-0.28,1.05,-0.9,-3.52,8.41
309,0.02,-0.27,1.05,2.23,3.46,8.24
310,0.01,-0.26,1.04,6.11,7.4,7.82
311,-0.01,-0.24,1.0,9.02,9.4,5.99
312,-0.02,-0.22,1.0,11.33,10.03,3.98
313,-0.05,-0.22,0.98,13.86,8.21,1.88
314,-0.04,-0.21,0.96,14.24,8.6,1.92
315,-0.03,-0.18,0.94,12.36,7.83,2.58
316,-0.03,-0.15,0.93,9.53,8.26,2.56
317,-0.03,-0.14,0.91,5.32,9.32,0.97
318,-0.04,-0.13,0.91,1.99,8.85,-1.56
319,-0.05,-0.14,0.89,-0.04,6.1,-4.2
320,-0.06,-0.13,0.9,-1.98,3.06,-7.02
321,-0.06,-0.12,0.88,-3.51,-1.01,-9.2
322,-0.08,-0.15,0.88,-5.45,-2.5,-11.02
323,-0.09,-0.16,0.9,-8.03,-3.6,-11.98
324,-0.1,-0.18,0.91,-10.23,-4.87,-12.05
325,-0.11,-0.17,0.91,-13.11,-5.11,-11.97
326,-0.11,-0.18,0.91,-18.45,-4.32,-12.07
327,-0.13,-0.19,0.91,-22.09,-4.64,-12.82
328,-0.16,-0.22,0.9,-23.47,-7.67,-12.79
329,-0.17,-0.21,0.9,-25.7,-11.18,-13.24
330,-0.17,-0.27,0.93,-26.08,-13.15,-13.58
331,-0.18,-0.32,0.97,-20.41,-15.56,-11.41
332,-0.17,-0.37,1.03,-11.27,-18.11,-6.54
333,-0.12,-0.36,1.04,-3.9,-15.74,-2.41
334,-0.09,-0.33,1.05,-1.73,-9.33,0.48
335,-0.09,-0.32,1.04,-1.89,-2.43,3.77
336,-0.1,-0.34,1.04,-0.4,0.79,7.08
337,-0.1,-0.33,1.03,2.85,1.53,10.22
338,-0.08,-0.31,1.02,5.86,2.66,11.53
339,-0.08,-0.31,1.02,11.36,1.86,11.58
340,-0.05,-0.29,1.03,18.46,0.42,13.86
341,-0.02,-0.25,1.02,21.4,3.1,14.03
342,0.02,-0.21,1.0,21.51,7.71,13.21
343,0.04,-0.18,0.98,19.92,11.46,10.33
344,0.04,-0.17,0.98,18.62,15.41,8.82
345,0.03,-0.14,0.94,16.08,18.52,6.52
346,0.01,-0.12,0.92,12.82,19.37,2.52
347,-0.01,-0.12,0.91,11.02,17.35,-1.67
348,-0.03,-0.12,0.89,8.47,13.66,-5.12
349,-0.04,-0.12,0.88,4.93,9.83,-8.55
350,-0.07,-0.12,0.87,2.37,6.31,-10.3
351,-0.08,-0.11,0.86,-1.71,3.45,-11.49
352,-0.08,-0.13,0.87,-6.08,1.37,-12.88
353,-0.1,-0.14,0.88,-8.75,-0.53,-13.95
354,-0.11,-0.15,0.89,-10.95,-2.18,-15.24
355,-0.11,-0.15,0.91,-14.08,-3.44,-16.19
356,-0.11,-0.16,0.91,-19.88,-2.42,-17.55
357,-0.13,-0.19,0.91,-23.63,-3.43,-19.28
358,-0.16,-0.21,0.91,-24.43,-6.81,-18.82
359,-0.2,-0.23,0.91,-27.06,-9.17,-18.44
360,-0.18,-0.23,0.91,-29.85,-11.39,-18.2
361,-0.2,-0.25,0.91,-31.99,-14.69,-16.24
362,-0.2,-0.27,0.91,-33.36,-17.99,-14.84
363,-0.19,-0.3,0.97,-31.86,-22.34,-11.89
364,-0.18,-0.37,1.0,-23.66,-24.1,-10.82
365,-0.17,-0.4,1.03,-14.56,-22.51,-2.74
366,-0.13,-0.37,1.03,-7.66,-19.11,3.64
367,-0.08,-0.33,1.02,-6.92,-14.01,6.4
368,-0.08,-0.32,1.01,-8.07,-9.18,9.05
369,-0.09,-0.32,1.01,-7.16,-6.54,12.01
370,-0.07,-0.32,1.0,-4.69,-6.36,13.56
371,-0.05,-0.31,1.01,0.3,-6.16,14.69
372,-0.02,-0.29,1.01,4.13,-5.7,13.95
373,-0.01,-0.29,1.02,7.07,-3.37,11.15
374,-0.0,-0.3,1.03,13.56,-1.56,10.42
375,0.02,-0.29,1.05,20.85,0.74,10.36
376,0.04,-0.27,1.03,24.35,5.16,9.4
377,0.05,-0.24,1.01,24.96,10.85,8.32
378,0.05,-0.22,1.0,23.78,14.95,6.89
379,0.04,-0.2,0.98,22.31,18.76,6.57
380,0.01,-0.19,0.97,20.02,21.36,3.48
381,-0.01,-0.18,0.95,18.4,20.95,-0.27
382,-0.03,-0.17,0.93,17.84,19.96,-2.37
383,-0.04,-0.15,0.92,15.95,19.04,-4.31
384,-0.06,-0.14,0.91,12.53,19.1,-6.63
385,-0.07,-0.14,0.89,9.33,18.13,-8.3
386,-0.1,-0.13,0.88,6.56,15.89,-8.78
387,-0.12,-0.12,0.86,2.44,13.31,-9.06
388,-0.14,-0.12,0.85,-1.63,9.04,-9.91
389,-0.15,-0.12,0.83,-4.92,4.82,-10.21
390,-0.16,-0.13,0.84,-9.04,-0.5,-11.69
391,-0.17,-0.14,0.85,-11.79,-6.21,-12.01
392,-0.16,-0.14,0.85,-15.7,-8.76,-11.73
393,-0.14,-0.14,0.87,-23.15,-8.98,-12.77
394,-0.15,-0.16,0.87,-28.51,-9.75,-13.48
395,-0.17,-0.17,0.87,-30.73,-13.88,-12.76
396,-0.18,-0.16,0.86,-37.94,-16.13,-13.7
397,-0.17,-0.16,0.84,-45.22,-19.51,-15.18
398,-0.18,-0.18,0.82,-51.54,-24.65,-17.37
399,-0.19,-0.26,0.87,-52.98,-31.52,-19.04
