,accel_x,accel_y,accel_z,gyro_x,gyro_y,gyro_z
0,-0.13,-0.16,0.92,-1.6,-2.51,4.82
1,-0.11,-0.15,0.93,-1.95,-4.3,4.46
2,-0.08,-0.14,0.94,-2.27,-4.07,3.93
3,-0.06,-0.14,0.94,-2.76,-3.11,2.37
4,-0.06,-0.13,0.95,-3.27,-2.64,0.33
5,-0.05,-0.13,0.95,-3.66,-2.75,-1.36
6,-0.05,-0.14,0.96,-3.99,-2.22,-2.89
7,-0.05,-0.15,0.97,-4.65,-1.79,-3.95
8,-0.05,-0.16,0.97,-5.04,-1.76,-5.6
9,-0.06,-0.17,0.98,-4.62,-0.98,-7.11
10,-0.07,-0.19,1.0,-3.72,-0.2,-7.55
11,-0.08,-0.19,0.99,-3.02,-0.11,-7.87
12,-0.1,-0.2,0.99,-2.63,0.95,-7.91
13,-0.13,-0.21,0.99,-2.66,1.91,-7.47
14,-0.15,-0.22,0.98,-2.27,1.98,-6.34
15,-0.16,-0.21,0.97,-1.74,1.86,-5.15
16,-0.17,-0.22,0.97,-1.7,1.87,-4.16
17,-0.18,-0.21,0.95,-1.29,1.99,-2.69
18,-0.18,-0.21,0.95,-0.93,0.98,-1.24
19,-0.18,-0.19,0.93,-1.15,0.67,-0.56
20,-0.19,-0.19,0.93,-2.03,0.07,1.04
21,-0.18,-0.19,0.92,-1.98,-1.12,1.85
22,-0.17,-0.17,0.92,-2.41,-2.76,2.35
23,-0.17,-0.17,0.91,-3.1,-3.57,3.24
24,-0.14,-0.17,0.93,-3.5,-4.05,3.5
25,-0.13,-0.16,0.93,-3.66,-4.41,3.34
26,-0.12,-0.16,0.94,-4.11,-4.27,2.86
27,-0.11,-0.16,0.95,-4.42,-4.41,2.4
28,-0.1,-0.16,0.95,-4.78,-4.96,1.6
29,-0.09,-0.18,0.96,-4.5,-4.92,1.36
30,-0.07,-0.18,0.98,-3.56,-5.15,1.84
31,-0.05,-0.16,0.99,-3.7,-3.73,0.95
32,-0.03,-0.17,1.0,-3.4,-2.4,-0.6
33,-0.03,-0.17,1.01,-2.37,-1.35,-2.26
34,-0.02,-0.16,0.99,-1.96,-0.34,-3.57
35,-0.03,-0.16,1.0,-2.07,0.85,-5.59
36,-0.04,-0.18,0.99,-1.37,1.38,-7.31
37,-0.05,-0.18,1.01,-0.04,1.74,-7.74
38,-0.06,-0.17,1.0,0.48,4.3,-8.89
39,-0.06,-0.17,0.97,0.17,5.32,-9.56
40,-0.09,-0.17,0.96,-0.28,5.75,-10.09
41,-0.11,-0.17,0.96,-0.71,5.36,-9.93
42,-0.13,-0.18,0.95,-0.88,4.24,-10.34
43,-0.15,-0.19,0.95,-1.06,3.45,-10.89
44,-0.16,-0.19,0.94,-0.93,3.23,-10.36
45,-0.18,-0.2,0.95,-1.23,2.6,-9.51
46,-0.19,-0.2,0.94,-1.67,2.2,-8.05
47,-0.21,-0.2,0.93,-1.97,1.6,-6.55
48,-0.22,-0.21,0.94,-1.82,0.39,-4.92
49,-0.22,-0.22,0.93,-1.66,-0.58,-2.98
50,-0.22,-0.21,0.94,-2.21,-1.45,-0.95
51,-0.21,-0.21,0.94,-2.57,-1.95,0.8
52,-0.21,-0.21,0.94,-2.35,-2.57,2.33
53,-0.19,-0.21,0.95,-2.02,-2.63,4.74
54,-0.18,-0.19,0.94,-1.8,-3.24,6.21
55,-0.16,-0.18,0.94,-2.5,-3.46,6.58
56,-0.14,-0.17,0.94,-2.5,-4.44,7.02
57,-0.12,-0.16,0.94,-2.89,-4.83,7.6
58,-0.08,-0.14,0.94,-3.63,-3.89,6.86
59,-0.06,-0.14,0.96,-3.92,-3.65,5.89
60,-0.05,-0.14,0.96,-3.16,-4.06,3.89
61,-0.03,-0.13,0.96,-3.1,-3.5,1.89
62,-0.02,-0.12,0.96,-3.48,-2.56,-0.79
63,-0.02,-0.13,0.97,-4.27,-2.08,-2.8
64,-0.03,-0.14,0.98,-4.2,-1.56,-4.9
65,-0.04,-0.16,0.99,-3.63,-1.21,-6.0
66,-0.05,-0.17,1.0,-3.52,-0.2,-6.82
67,-0.06,-0.17,0.99,-3.94,1.16,-7.82
68,-0.07,-0.18,0.99,-3.32,1.8,-9.11
69,-0.09,-0.2,0.98,-2.34,2.04,-9.47
70,-0.1,-0.2,0.98,-1.51,2.65,-9.15
71,-0.11,-0.19,0.98,-1.65,3.21,-9.1
72,-0.13,-0.19,0.96,-2.06,3.72,-8.39
73,-0.15,-0.2,0.95,-2.4,3.56,-8.27
74,-0.16,-0.2,0.96,-2.43,2.82,-7.97
75,-0.18,-0.2,0.95,-2.31,1.53,-7.46
76,-0.19,-0.2,0.94,-2.35,0.76,-6.4
77,-0.19,-0.2,0.94,-2.79,0.09,-5.36
78,-0.2,-0.2,0.94,-2.69,-1.63,-4.17
79,-0.2,-0.21,0.95,-2.94,-1.31,-2.36
80,-0.2,-0.21,0.95,-3.05,-0.99,-0.3
81,-0.2,-0.21,0.95,-1.66,-1.73,1.07
82,-0.19,-0.2,0.95,-1.69,-2.23,2.09
83,-0.18,-0.19,0.94,-2.03,-2.27,3.12
84,-0.17,-0.19,0.94,-1.73,-2.94,4.4
85,-0.17,-0.18,0.94,-1.34,-4.08,5.38
86,-0.15,-0.17,0.94,-2.03,-4.01,5.91
87,-0.13,-0.17,0.93,-3.15,-3.75,6.92
88,-0.12,-0.17,0.96,-3.1,-4.47,6.87
89,-0.09,-0.16,0.96,-2.37,-4.79,6.21
90,-0.06,-0.15,0.97,-2.08,-4.6,5.35
91,-0.04,-0.14,0.97,-2.39,-4.25,3.79
92,-0.02,-0.14,0.97,-2.56,-2.82,2.19
93,-0.03,-0.14,0.97,-2.35,-2.08,0.44
94,-0.02,-0.14,0.97,-2.41,-1.19,-1.27
95,-0.02,-0.14,0.97,-3.1,-0.43,-4.11
96,-0.02,-0.16,0.98,-2.37,-0.69,-6.21
97,-0.03,-0.17,0.99,-2.09,-0.31,-7.64
98,-0.04,-0.17,0.99,-1.83,0.67,-8.91
99,-0.05,-0.17,0.99,-2.23,1.46,-9.54
100,-0.07,-0.18,0.99,-2.55,2.79,-10.39
101,-0.09,-0.19,0.99,-2.16,3.57,-10.47
102,-0.11,-0.2,0.99,-0.98,3.34,-10.87
103,-0.13,-0.21,0.97,-0.42,3.52,-10.72
104,-0.14,-0.2,0.98,0.17,3.92,-10.34
105,-0.17,-0.21,0.97,0.5,4.5,-9.55
106,-0.18,-0.21,0.96,0.45,4.33,-8.07
107,-0.2,-0.21,0.96,0.05,4.03,-6.64
108,-0.21,-0.21,0.94,-0.16,3.83,-5.05
109,-0.21,-0.2,0.93,-0.18,3.09,-3.39
110,-0.22,-0.19,0.93,-0.71,1.79,-1.89
111,-0.23,-0.19,0.92,-0.76,0.06,-0.07
112,-0.22,-0.18,0.91,-1.44,-1.2,1.47
113,-0.21,-0.18,0.91,-2.31,-2.36,3.03
114,-0.19,-0.18,0.92,-2.58,-3.57,4.52
115,-0.17,-0.16,0.92,-3.27,-4.34,5.55
116,-0.14,-0.15,0.92,-4.44,-4.81,5.73
117,-0.12,-0.15,0.93,-5.05,-5.73,5.38
118,-0.1,-0.14,0.94,-5.66,-6.27,4.93
119,-0.08,-0.16,0.96,-4.86,-6.0,3.21
120,-0.06,-0.15,0.97,-3.89,-6.33,2.53
121,-0.04,-0.15,0.97,-3.89,-5.68,0.79
122,-0.03,-0.15,0.98,-4.38,-3.77,-0.53
123,-0.04,-0.16,1.01,-4.44,-2.46,-2.1
124,-0.04,-0.17,1.0,-3.62,-1.51,-3.02
125,-0.05,-0.18,1.02,-2.73,-0.49,-4.48
126,-0.06,-0.18,1.02,-2.21,0.83,-5.82
127,-0.07,-0.19,1.01,-1.53,1.88,-6.03
128,-0.09,-0.2,1.0,-0.92,3.17,-6.04
129,-0.1,-0.19,0.99,-0.67,3.75,-5.6
130,-0.11,-0.2,0.98,-0.24,3.75,-5.54
131,-0.13,-0.2,0.97,0.66,3.84,-4.95
132,-0.14,-0.19,0.96,1.09,3.43,-4.82
133,-0.16,-0.18,0.96,1.27,3.23,-4.85
134,-0.16,-0.18,0.95,1.03,2.93,-4.11
135,-0.17,-0.17,0.94,0.11,2.82,-3.0
136,-0.18,-0.17,0.92,-0.91,2.54,-2.27
137,-0.18,-0.16,0.92,-2.1,2.05,-1.12
138,-0.18,-0.15,0.92,-6.08,3.27,-0.42
139,-0.22,-0.17,0.91,-5.86,0.38,-0.03
140,-0.2,-0.16,0.91,-2.12,-6.63,-0.01
141,-0.16,-0.16,0.92,-4.75,-5.27,1.24
142,-0.15,-0.16,0.93,-6.99,-4.57,1.85
143,-0.12,-0.15,0.94,-6.31,-6.51,2.36
144,-0.09,-0.14,0.94,-7.27,-5.57,1.4
145,-0.08,-0.14,0.97,-7.56,-5.34,0.15
146,-0.06,-0.16,0.97,-6.43,-5.46,-1.32
147,-0.05,-0.16,0.98,-6.0,-4.78,-3.0
148,-0.04,-0.18,1.0,-4.83,-3.72,-4.35
149,-0.04,-0.18,1.01,-3.07,-1.85,-5.19
150,-0.05,-0.18,0.99,-3.02,0.15,-6.09
151,-0.07,-0.18,1.0,-2.95,1.91,-6.58
152,-0.08,-0.19,1.0,-2.05,1.8,-6.5
153,-0.09,-0.19,0.99,-1.58,1.33,-7.53
154,-0.11,-0.19,0.99,-1.38,1.58,-7.57
155,-0.12,-0.19,0.99,-0.95,2.12,-7.24
156,-0.13,-0.2,0.98,-0.21,2.7,-6.83
157,-0.15,-0.19,0.96,-0.56,3.14,-6.83
158,-0.16,-0.19,0.95,-0.78,2.52,-6.56
159,-0.18,-0.2,0.94,-0.15,0.74,-5.97
160,-0.18,-0.21,0.94,-0.15,-0.46,-4.81
161,-0.18,-0.2,0.95,-0.22,-0.84,-3.57
162,-0.18,-0.2,0.94,-0.31,-0.89,-1.82
163,-0.18,-0.2,0.95,-1.05,-1.33,-0.96
164,-0.19,-0.19,0.94,-1.51,-1.64,0.43
165,-0.18,-0.2,0.95,-1.24,-2.26,1.22
166,-0.18,-0.2,0.95,-0.79,-2.75,2.18
167,-0.16,-0.19,0.96,-0.76,-3.95,3.7
168,-0.15,-0.17,0.95,-0.79,-3.02,4.5
169,-0.13,-0.17,0.95,-1.18,-2.28,5.5
170,-0.11,-0.15,0.95,-1.84,-2.07,5.3
171,-0.09,-0.15,0.95,-2.55,-1.5,4.94
172,-0.09,-0.14,0.95,-2.99,-1.81,3.37
173,-0.08,-0.14,0.95,-2.82,-2.95,2.02
174,-0.07,-0.14,0.96,-2.55,-3.56,0.69
175,-0.05,-0.15,0.96,-2.6,-3.34,-0.17
176,-0.05,-0.15,0.97,-2.35,-3.05,-0.96
177,-0.05,-0.15,0.97,-2.56,-1.4,-2.05
178,-0.05,-0.15,0.97,-2.65,0.0,-3.44
179,-0.06,-0.15,0.97,-3.05,0.31,-5.45
180,-0.08,-0.17,0.96,-3.06,0.73,-7.07
181,-0.1,-0.17,0.96,-2.97,0.47,-7.64
182,-0.11,-0.18,0.97,-2.97,-0.05,-8.0
183,-0.13,-0.19,0.98,-3.25,0.4,-7.78
184,-0.14,-0.2,0.97,-3.24,0.02,-7.07
185,-0.16,-0.21,0.97,-2.47,0.03,-6.01
186,-0.17,-0.21,0.98,-1.8,0.68,-4.26
187,-0.18,-0.21,0.97,-1.27,1.36,-3.24
188,-0.19,-0.21,0.96,-1.03,1.09,-1.76
189,-0.19,-0.2,0.95,-1.27,1.02,-0.62
190,-0.2,-0.19,0.94,-1.63,-0.14,0.39
191,-0.19,-0.19,0.94,-1.68,-0.95,1.66
192,-0.19,-0.18,0.94,-1.79,-1.6,2.75
193,-0.17,-0.17,0.93,-1.6,-1.58,4.25
194,-0.16,-0.17,0.93,-2.1,-1.59,4.81
195,-0.14,-0.16,0.93,-2.43,-2.8,5.37
196,-0.12,-0.16,0.94,-2.69,-3.51,5.9
197,-0.1,-0.14,0.94,-3.24,-3.55,6.14
198,-0.08,-0.13,0.94,-4.01,-3.79,4.4
199,-0.06,-0.13,0.94,-4.61,-3.78,3.18
200,-0.05,-0.13,0.96,-4.4,-4.33,1.68
201,-0.06,-0.14,0.96,-3.76,-5.65,0.67
202,-0.03,-0.13,0.97,-4.47,-4.91,-1.55
203,-0.02,-0.14,0.98,-6.31,-2.44,-4.41
204,-0.03,-0.16,1.0,-5.88,-0.92,-6.47
205,-0.05,-0.17,1.0,-4.42,0.08,-7.34
206,-0.05,-0.18,0.99,-3.47,0.52,-8.06
207,-0.07,-0.18,0.99,-3.16,1.22,-9.09
208,-0.09,-0.19,0.99,-3.27,2.57,-9.07
209,-0.11,-0.19,0.98,-2.69,2.83,-9.52
210,-0.12,-0.19,0.98,-2.59,2.3,-9.64
211,-0.14,-0.19,0.97,-2.5,2.82,-9.79
212,-0.16,-0.2,0.97,-1.96,2.63,-8.98
213,-0.17,-0.2,0.96,-2.08,2.55,-8.19
214,-0.19,-0.21,0.96,-2.22,2.5,-6.95
215,-0.2,-0.21,0.95,-2.11,2.01,-5.4
216,-0.2,-0.21,0.95,-1.76,1.15,-3.53
217,-0.21,-0.21,0.96,-1.97,1.05,-1.4
218,-0.21,-0.21,0.95,-1.55,0.02,0.11
219,-0.21,-0.2,0.95,-1.25,-0.73,2.03
220,-0.21,-0.19,0.94,-1.79,-1.27,3.21
221,-0.2,-0.19,0.94,-1.61,-2.29,4.34
222,-0.19,-0.18,0.93,-1.87,-3.43,5.5
223,-0.18,-0.17,0.93,-2.72,-3.44,6.56
224,-0.17,-0.17,0.92,-3.46,-4.16,7.34
225,-0.16,-0.17,0.93,-3.45,-4.95,8.15
226,-0.14,-0.16,0.93,-4.57,-5.46,8.82
227,-0.13,-0.15,0.94,-4.98,-5.54,9.23
228,-0.11,-0.15,0.95,-5.31,-6.14,8.79
229,-0.09,-0.15,0.95,-6.4,-6.37,6.95
230,-0.09,-0.17,0.97,-5.17,-6.29,6.25
231,-0.09,-0.16,0.96,-4.75,-7.52,6.11
232,-0.07,-0.17,0.98,-5.54,-6.3,4.95
233,-0.06,-0.18,0.98,-3.9,-5.95,6.06
234,-0.04,-0.16,0.99,-3.73,-5.98,5.47
235,-0.04,-0.17,0.99,-4.22,-4.55,3.87
236,-0.03,-0.17,0.99,-2.14,-4.94,2.93
237,-0.02,-0.15,0.99,-2.63,-3.49,0.19
238,-0.02,-0.16,1.01,-3.78,-0.79,-2.21
239,-0.04,-0.17,1.0,-2.18,-0.76,-3.11
240,-0.04,-0.17,0.98,-2.52,0.79,-4.95
241,-0.06,-0.17,0.98,-2.87,1.97,-6.37
242,-0.08,-0.18,0.97,-1.79,1.58,-6.44
243,-0.09,-0.17,0.97,-1.5,0.92,-7.3
244,-0.1,-0.18,0.97,-2.15,1.83,-7.28
245,-0.11,-0.18,0.96,-2.05,1.92,-7.43
246,-0.11,-0.17,0.96,-1.98,1.84,-7.27
247,-0.12,-0.17,0.96,-2.56,2.66,-7.67
248,-0.14,-0.18,0.96,-2.69,2.56,-7.68
249,-0.16,-0.19,0.95,-1.36,1.6,-7.25
250,-0.16,-0.18,0.96,-1.01,0.88,-6.53
251,-0.17,-0.19,0.95,-1.79,1.34,-5.54
252,-0.18,-0.2,0.95,-2.23,1.21,-4.75
253,-0.19,-0.2,0.95,-1.79,0.34,-3.15
254,-0.19,-0.2,0.94,-1.89,-0.05,-1.84
255,-0.19,-0.2,0.94,-2.24,-0.89,-0.42
256,-0.19,-0.19,0.94,-2.42,-1.89,1.07
257,-0.19,-0.19,0.93,-2.76,-2.06,2.44
258,-0.18,-0.19,0.93,-3.37,-2.99,3.16
259,-0.17,-0.19,0.94,-3.15,-4.09,4.4
260,-0.15,-0.17,0.94,-3.15,-4.43,5.32
261,-0.12,-0.17,0.95,-3.82,-4.45,5.4
262,-0.1,-0.16,0.96,-4.15,-3.87,5.34
263,-0.08,-0.15,0.97,-3.31,-4.32,4.77
264,-0.05,-0.15,0.97,-3.74,-3.98,3.03
265,-0.04,-0.14,0.96,-4.05,-2.76,1.55
266,-0.03,-0.14,0.97,-4.24,-2.4,0.47
267,-0.02,-0.13,0.96,-4.67,-2.15,-1.49
268,-0.02,-0.13,0.96,-5.16,-1.7,-4.08
269,-0.02,-0.14,0.97,-5.07,-1.37,-6.41
270,-0.03,-0.16,0.97,-4.46,-1.14,-7.98
271,-0.03,-0.17,0.99,-3.83,-0.22,-8.89
272,-0.06,-0.18,0.99,-3.74,0.82,-9.96
273,-0.08,-0.19,0.99,-3.83,1.18,-11.24
274,-0.1,-0.2,1.0,-3.76,1.69,-11.47
275,-0.11,-0.21,1.0,-2.71,1.93,-11.41
276,-0.13,-0.22,1.0,-1.89,2.47,-10.56
277,-0.14,-0.22,1.0,-0.76,3.33,-9.69
278,-0.15,-0.22,0.98,-0.63,3.66,-8.85
279,-0.17,-0.22,0.97,-0.95,4.35,-8.24
280,-0.2,-0.22,0.97,-0.15,4.55,-5.92
281,-0.21,-0.22,0.96,1.07,3.8,-3.89
282,-0.21,-0.21,0.95,0.87,3.85,-2.13
283,-0.22,-0.2,0.92,0.4,3.6,-0.45
284,-0.22,-0.2,0.92,-0.07,2.11,1.53
285,-0.21,-0.19,0.9,-0.38,0.3,3.32
286,-0.19,-0.17,0.9,-1.11,-1.47,4.66
287,-0.17,-0.16,0.91,-2.71,-2.69,5.39
288,-0.15,-0.14,0.91,-3.85,-4.27,5.6
289,-0.12,-0.14,0.92,-4.82,-5.77,4.76
290,-0.09,-0.13,0.94,-5.63,-5.81,4.01
291,-0.08,-0.14,0.94,-6.21,-5.9,2.13
292,-0.06,-0.15,0.96,-5.57,-5.76,0.92
293,-0.05,-0.15,0.97,-4.76,-5.47,-0.73
294,-0.04,-0.16,0.98,-5.07,-4.75,-2.05
295,-0.04,-0.16,0.99,-5.42,-3.33,-3.4
296,-0.05,-0.17,1.0,-5.11,-3.15,-4.82
297,-0.05,-0.19,1.01,-4.43,-2.34,-5.71
298,-0.07,-0.2,1.01,-3.82,-0.72,-6.2
299,-0.07,-0.21,1.01,-2.67,0.8,-6.44
300,-0.1,-0.21,1.0,-1.26,1.8,-6.66
301,-0.11,-0.21,1.0,-0.79,2.76,-5.85
302,-0.14,-0.21,0.98,-0.37,3.09,-5.27
303,-0.14,-0.21,0.98,0.23,2.97,-4.32
304,-0.17,-0.21,0.96,0.2,2.85,-3.55
305,-0.17,-0.2,0.95,-0.04,2.53,-2.91
306,-0.18,-0.2,0.94,0.15,1.75,-1.92
307,-0.18,-0.19,0.94,0.82,0.44,-0.87
308,-0.17,-0.18,0.93,0.2,0.12,0.18
309,-0.18,-0.17,0.91,-1.13,0.23,1.05
310,-0.18,-0.17,0.92,-1.08,-1.11,2.36
311,-0.17,-0.16,0.92,-1.18,-2.82,3.27
312,-0.15,-0.16,0.91,-2.49,-3.84,3.69
313,-0.14,-0.15,0.93,-3.47,-4.25,3.6
314,-0.12,-0.16,0.94,-3.91,-4.53,3.45
315,-0.1,-0.15,0.94,-4.05,-4.34,2.98
316,-0.09,-0.15,0.96,-3.98,-5.0,2.6
317,-0.06,-0.15,0.96,-4.18,-4.13,1.66
318,-0.05,-0.15,0.97,-4.78,-3.34,0.08
319,-0.05,-0.16,0.98,-4.37,-3.61,-1.49
320,-0.04,-0.16,0.98,-3.86,-3.31,-2.77
321,-0.04,-0.16,0.99,-3.57,-1.9,-3.75
322,-0.03,-0.16,0.99,-3.54,-0.25,-5.33
323,-0.05,-0.17,0.99,-3.28,0.85,-6.2
324,-0.06,-0.17,0.98,-2.57,1.64,-7.5
325,-0.08,-0.18,0.99,-2.31,1.89,-7.87
326,-0.09,-0.18,0.98,-2.15,2.46,-8.63
327,-0.11,-0.19,0.97,-1.98,2.69,-9.04
328,-0.13,-0.21,0.97,-1.7,2.76,-8.6
329,-0.15,-0.21,0.96,-1.55,2.5,-7.76
330,-0.16,-0.21,0.96,-1.57,2.53,-6.76
331,-0.18,-0.21,0.95,-1.37,2.54,-5.08
332,-0.18,-0.21,0.94,-1.42,2.07,-3.65
333,-0.19,-0.2,0.94,-1.47,1.44,-2.75
334,-0.19,-0.2,0.93,-1.42,0.67,-1.18
335,-0.2,-0.2,0.94,-1.5,-0.55,0.11
336,-0.2,-0.19,0.93,-1.65,-1.82,1.17
337,-0.18,-0.18,0.92,-2.29,-1.93,2.73
338,-0.17,-0.17,0.92,-2.95,-2.69,4.17
339,-0.15,-0.16,0.93,-3.76,-3.79,4.54
340,-0.13,-0.16,0.94,-4.46,-4.31,4.13
341,-0.11,-0.15,0.95,-3.79,-5.09,3.42
342,-0.08,-0.15,0.96,-3.03,-5.92,2.64
343,-0.07,-0.15,0.96,-3.61,-4.79,2.09
344,-0.06,-0.15,0.97,-4.79,-3.08,1.08
345,-0.06,-0.16,0.97,-4.31,-3.21,0.26
346,-0.05,-0.16,0.98,-3.51,-2.8,-0.56
347,-0.04,-0.17,0.98,-3.67,-2.11,-2.33
348,-0.04,-0.16,0.99,-3.59,-1.53,-4.54
349,-0.05,-0.18,0.98,-2.96,-0.79,-5.64
350,-0.06,-0.17,0.99,-2.67,0.41,-6.12
351,-0.08,-0.19,0.99,-2.63,1.6,-6.85
352,-0.1,-0.19,0.98,-2.26,2.4,-7.12
353,-0.11,-0.2,0.98,-1.24,2.53,-6.94
354,-0.13,-0.21,0.98,-0.82,2.06,-6.74
355,-0.14,-0.21,0.98,-0.9,2.5,-5.62
356,-0.16,-0.2,0.96,-0.69,2.78,-4.88
357,-0.17,-0.2,0.96,-0.47,2.32,-3.84
358,-0.18,-0.2,0.95,-0.38,1.07,-3.01
359,-0.18,-0.19,0.94,-0.45,0.47,-1.6
360,-0.19,-0.19,0.93,-0.5,-0.59,-0.71
361,-0.18,-0.18,0.93,-1.18,-1.13,0.2
362,-0.17,-0.18,0.93,-1.77,-1.62,1.01
363,-0.18,-0.18,0.92,-2.42,-2.57,2.2
364,-0.16,-0.17,0.93,-2.97,-3.1,2.87
365,-0.14,-0.17,0.94,-3.29,-3.37,3.46
366,-0.13,-0.17,0.94,-3.41,-4.29,3.72
367,-0.11,-0.16,0.94,-3.06,-5.21,3.21
368,-0.08,-0.16,0.96,-3.57,-4.57,2.53
369,-0.07,-0.15,0.96,-3.78,-3.71,1.81
370,-0.06,-0.15,0.97,-3.68,-3.43,0.95
371,-0.05,-0.14,0.97,-4.12,-2.74,-0.79
372,-0.05,-0.16,0.98,-4.04,-1.9,-2.38
373,-0.05,-0.15,0.98,-3.68,-1.96,-3.62
374,-0.04,-0.16,0.99,-2.96,-1.69,-4.73
375,-0.06,-0.17,0.99,-3.12,0.38,-5.85
376,-0.07,-0.18,1.0,-3.05,1.68,-6.76
377,-0.08,-0.18,0.99,-1.85,2.11,-7.34
378,-0.1,-0.19,0.98,-1.73,2.34,-7.16
379,-0.11,-0.19,0.98,-1.73,2.94,-7.48
380,-0.13,-0.2,0.97,-1.11,2.79,-6.66
381,-0.15,-0.2,0.97,-0.49,2.31,-5.68
382,-0.15,-0.2,0.96,-0.49,2.94,-4.8
383,-0.16,-0.2,0.95,-0.8,3.11,-3.96
384,-0.17,-0.19,0.94,-1.15,2.18,-3.15
385,-0.18,-0.19,0.93,-1.35,1.2,-2.02
386,-0.19,-0.19,0.93,-1.5,-0.08,-1.29
387,-0.18,-0.18,0.92,-1.89,-1.35,-0.78
388,-0.18,-0.18,0.93,-1.89,-2.44,0.29
389,-0.16,-0.18,0.93,-1.85,-3.11,1.27
390,-0.15,-0.17,0.94,-3.21,-3.04,1.53
391,-0.15,-0.17,0.95,-3.56,-3.4,2.43
392,-0.13,-0.16,0.94,-3.59,-4.55,2.68
393,-0.1,-0.16,0.94,-3.95,-4.24,2.68
394,-0.08,-0.15,0.95,-3.91,-4.21,1.99
395,-0.07,-0.15,0.97,-3.59,-4.34,0.7
396,-0.05,-0.15,0.98,-3.02,-3.5,-1.17
397,-0.04,-0.15,0.97,-2.84,-2.24,-2.34
398,-0.03,-0.15,0.97,-2.94,-0.69,-3.49
399,-0.03,-0.14,0.97,-3.6,0.44,-5.46
