,accel_x,accel_y,accel_z,gyro_x,gyro_y,gyro_z
0,-0.0,-0.23,0.96,1.11,-1.77,-5.73
1,-0.0,-0.22,0.96,1.02,-2.5,-6.43
2,-0.02,-0.23,0.96,1.33,-4.02,-6.32
3,-0.02,-0.22,0.95,2.76,-7.49,-7.84
4,-0.02,-0.22,0.94,3.62,-11.64,-9.66
5,-0.0,-0.2,0.94,3.48,-12.95,-9.8
6,0.01,-0.2,0.94,-0.15,-9.18,-6.85
7,0.0,-0.21,0.93,-4.21,-4.98,-2.15
8,0.0,-0.21,0.94,-5.12,-4.13,0.56
9,-0.01,-0.21,0.94,-5.2,-4.77,1.61
10,-0.01,-0.22,0.95,-4.24,-7.02,2.62
11,-0.03,-0.23,0.96,-1.85,-12.34,4.48
12,0.01,-0.21,0.95,-0.95,-14.49,5.61
13,0.03,-0.21,0.95,-3.14,-12.35,6.78
14,0.03,-0.22,0.97,-4.96,-9.93,8.37
15,0.03,-0.22,0.98,-6.76,-6.5,10.66
16,0.02,-0.22,0.97,-6.36,-5.13,12.62
17,0.03,-0.24,0.98,-5.45,-3.69,13.55
18,0.03,-0.24,1.0,-4.51,-1.73,14.24
19,0.04,-0.25,1.0,-2.22,0.03,15.11
20,0.09,-0.21,0.99,-3.46,3.43,14.5
21,0.14,-0.19,1.0,-6.77,10.89,11.56
22,0.13,-0.2,1.0,-9.89,19.21,7.47
23,0.08,-0.22,1.0,-8.56,21.99,4.55
24,0.05,-0.22,0.99,-6.4,22.37,3.74
25,0.08,-0.21,0.99,-8.19,25.37,3.47
26,0.07,-0.2,0.96,-9.83,27.44,2.21
27,0.04,-0.21,0.97,-9.51,26.67,0.46
28,0.01,-0.21,0.96,-7.82,22.4,-3.04
29,0.01,-0.21,0.96,-5.73,14.7,-8.41
30,0.01,-0.2,0.94,-3.26,8.39,-13.44
31,0.01,-0.18,0.93,-3.42,4.95,-18.27
32,0.01,-0.18,0.92,-4.24,3.27,-20.04
33,-0.0,-0.2,0.92,-5.12,2.48,-18.85
34,-0.02,-0.18,0.91,-7.26,2.35,-16.24
35,-0.02,-0.19,0.91,-11.34,2.53,-15.21
36,-0.03,-0.21,0.91,-13.53,3.33,-16.0
37,-0.06,-0.21,0.92,-13.63,0.6,-15.66
38,-0.06,-0.24,0.93,-14.11,-3.01,-16.25
39,-0.07,-0.25,0.93,-13.67,-5.15,-17.24
40,-0.09,-0.26,0.93,-13.07,-8.1,-16.79
41,-0.1,-0.27,0.94,-12.69,-9.71,-15.47
42,-0.09,-0.29,0.96,-10.96,-11.36,-12.95
43,-0.11,-0.31,0.98,-8.85,-11.43,-9.09
44,-0.09,-0.32,0.99,-7.56,-10.98,-3.28
45,-0.09,-0.32,1.0,-6.38,-8.47,1.58
46,-0.06,-0.33,1.01,-4.14,-5.56,6.04
47,-0.04,-0.32,1.01,-2.63,-3.34,10.02
48,-0.01,-0.3,1.0,-2.15,-0.46,12.17
49,-0.01,-0.29,1.0,-1.16,-0.2,14.04
50,-0.01,-0.28,0.99,0.08,-0.11,14.04
51,0.01,-0.27,0.99,2.66,-1.47,12.77
52,0.04,-0.25,0.99,5.64,-2.76,11.49
53,0.06,-0.24,0.98,5.91,-1.88,8.43
54,0.07,-0.22,0.98,6.51,0.66,6.11
55,0.07,-0.2,0.97,5.97,1.31,5.56
56,0.06,-0.19,0.95,4.02,3.19,4.29
57,0.06,-0.19,0.94,3.37,2.63,2.06
58,0.07,-0.18,0.94,2.92,0.95,0.08
59,0.08,-0.17,0.93,0.95,1.32,-3.22
60,0.06,-0.17,0.94,-0.65,0.71,-5.93
61,0.06,-0.17,0.93,-1.69,-1.09,-7.42
62,0.06,-0.17,0.93,-2.91,-3.19,-8.24
63,0.05,-0.18,0.93,-5.15,-2.73,-9.79
64,0.03,-0.19,0.94,-6.08,-3.15,-10.97
65,0.02,-0.2,0.95,-6.47,-3.91,-12.54
66,0.02,-0.2,0.94,-6.96,-5.0,-13.76
67,0.01,-0.2,0.94,-9.09,-4.87,-15.44
68,-0.0,-0.22,0.93,-11.8,-4.36,-17.08
69,-0.04,-0.24,0.94,-12.83,-4.5,-16.24
70,-0.04,-0.26,0.96,-12.66,-5.88,-15.44
71,-0.04,-0.27,0.97,-12.34,-6.03,-14.45
72,-0.05,-0.3,0.98,-10.62,-5.15,-14.32
73,-0.06,-0.32,0.99,-7.06,-4.08,-11.33
74,-0.07,-0.33,1.01,-3.06,-2.11,-6.4
75,-0.06,-0.32,0.99,-2.11,0.23,-2.24
76,-0.07,-0.3,0.98,-2.78,1.76,1.34
77,-0.07,-0.31,0.98,-3.45,2.06,3.69
78,-0.09,-0.32,0.99,-2.58,2.31,6.34
79,-0.08,-0.32,0.99,-0.37,1.56,8.21
80,-0.05,-0.31,0.99,1.29,1.69,9.5
81,-0.03,-0.3,0.99,3.41,2.11,11.65
82,-0.02,-0.29,0.98,5.01,2.79,13.76
83,-0.0,-0.26,0.96,6.87,2.69,15.63
84,0.03,-0.22,0.95,6.32,2.02,14.2
85,0.05,-0.19,0.94,4.82,0.15,11.65
86,0.06,-0.19,0.93,3.28,0.73,9.19
87,0.06,-0.19,0.95,3.16,-1.31,6.5
88,0.09,-0.19,0.95,2.81,-1.27,3.67
89,0.08,-0.17,0.95,2.18,0.0,0.93
90,0.09,-0.17,0.94,0.76,-0.89,-1.14
91,0.09,-0.16,0.93,-1.17,-0.05,-2.76
92,0.08,-0.17,0.94,-2.26,0.2,-5.44
93,0.08,-0.18,0.94,-3.3,-0.45,-7.56
94,0.07,-0.17,0.94,-3.48,-1.98,-8.95
95,0.07,-0.19,0.95,-4.56,-0.94,-11.29
96,0.05,-0.21,0.97,-4.87,-0.84,-13.0
97,0.03,-0.23,0.98,-4.33,-0.47,-13.45
98,0.01,-0.24,0.98,-4.29,1.87,-12.92
99,-0.02,-0.26,0.98,-3.58,2.85,-12.69
100,-0.03,-0.27,0.98,-3.08,3.13,-11.45
101,-0.05,-0.28,0.97,-2.5,3.04,-10.0
102,-0.07,-0.28,0.97,-2.16,2.46,-8.4
103,-0.08,-0.29,0.97,-2.0,2.0,-6.37
104,-0.09,-0.28,0.97,-1.61,1.94,-4.4
105,-0.1,-0.29,0.96,-1.74,1.05,-1.85
106,-0.11,-0.29,0.96,-1.18,1.17,0.73
107,-0.11,-0.28,0.94,-0.69,0.55,2.31
108,-0.1,-0.27,0.94,-0.37,-0.73,3.59
109,-0.09,-0.26,0.93,0.24,-1.97,4.63
110,-0.07,-0.25,0.93,-0.04,-2.5,6.92
111,-0.05,-0.23,0.93,-1.34,-2.5,7.79
112,-0.02,-0.22,0.94,-1.95,-3.15,8.44
113,0.0,-0.21,0.94,-2.53,-3.1,8.27
114,0.02,-0.2,0.95,-3.33,-2.98,7.18
115,0.04,-0.19,0.94,-3.78,-3.61,5.0
116,0.05,-0.2,0.96,-4.21,-3.82,3.47
117,0.06,-0.2,0.96,-3.79,-4.92,2.72
118,0.07,-0.2,0.96,-3.78,-4.55,1.27
119,0.07,-0.2,0.97,-4.21,-3.6,-0.73
120,0.07,-0.2,0.97,-3.82,-3.09,-2.18
121,0.08,-0.21,0.98,-4.02,-2.18,-3.4
122,0.08,-0.21,0.99,-3.76,-1.24,-5.55
123,0.06,-0.22,0.98,-3.3,-0.28,-7.5
124,0.05,-0.24,0.99,-2.26,-0.01,-8.05
125,0.04,-0.24,0.98,-2.07,1.53,-8.18
126,0.02,-0.25,0.98,-2.01,2.58,-7.89
127,0.01,-0.25,0.96,-1.39,2.42,-7.12
128,-0.01,-0.25,0.97,-1.65,2.81,-6.66
129,-0.03,-0.26,0.97,-1.47,3.36,-6.29
130,-0.04,-0.26,0.96,-1.13,2.69,-6.24
131,-0.05,-0.26,0.95,-1.18,2.54,-5.65
132,-0.06,-0.25,0.95,-0.73,1.95,-4.09
133,-0.07,-0.25,0.95,-1.02,0.91,-3.07
134,-0.07,-0.25,0.95,-1.63,0.76,-1.89
135,-0.07,-0.24,0.94,-1.6,-0.22,-0.08
136,-0.06,-0.24,0.93,-1.84,-0.71,1.82
137,-0.05,-0.24,0.94,-2.59,-0.52,2.02
138,-0.04,-0.23,0.94,-2.99,-2.53,2.27
139,-0.03,-0.22,0.94,-3.26,-4.08,1.81
140,-0.02,-0.23,0.96,-3.29,-4.39,0.89
141,-0.01,-0.23,0.97,-2.49,-4.17,0.49
142,0.01,-0.23,0.97,-1.89,-2.92,0.23
143,0.02,-0.22,0.97,-2.03,-1.39,0.71
144,0.02,-0.22,0.97,-2.61,-0.29,0.79
145,0.02,-0.23,0.96,-3.05,-0.49,0.43
146,0.03,-0.22,0.96,-2.89,-1.05,0.05
147,0.03,-0.22,0.97,-2.42,-1.92,-0.34
148,0.03,-0.22,0.97,-2.22,-1.24,-1.77
149,0.04,-0.22,0.97,-1.95,-0.77,-2.79
150,0.04,-0.22,0.97,-1.89,-1.27,-2.89
151,0.03,-0.22,0.97,-1.73,0.21,-3.31
152,0.02,-0.23,0.97,-1.43,0.4,-4.22
153,0.02,-0.23,0.96,-1.34,0.15,-4.81
154,0.02,-0.23,0.96,-1.44,0.21,-4.73
155,0.01,-0.23,0.96,-1.69,0.77,-5.19
156,-0.0,-0.23,0.95,-2.18,0.63,-5.49
157,-0.01,-0.23,0.96,-2.4,0.69,-5.76
158,-0.02,-0.23,0.95,-2.6,-0.01,-5.74
159,-0.02,-0.23,0.96,-2.87,0.1,-5.11
160,-0.03,-0.23,0.96,-3.0,-0.11,-4.53
161,-0.03,-0.24,0.96,-2.91,-0.4,-3.0
162,-0.03,-0.25,0.96,-2.74,-0.31,-2.39
163,-0.04,-0.25,0.96,-2.28,-0.87,-2.24
164,-0.04,-0.25,0.96,-1.86,-1.07,-1.02
165,-0.04,-0.25,0.96,-2.03,-0.78,-0.5
166,-0.03,-0.24,0.96,-2.13,-2.19,-0.82
167,-0.02,-0.24,0.97,-1.98,-2.27,-1.14
168,-0.01,-0.23,0.96,-1.87,-3.29,-1.1
169,-0.0,-0.23,0.96,-1.68,-2.66,-0.42
170,0.01,-0.24,0.97,-1.15,-1.28,-0.03
171,0.02,-0.23,0.96,-1.37,-0.23,-0.43
172,0.0,-0.22,0.96,-2.14,0.76,-0.39
173,0.01,-0.22,0.95,-1.87,0.26,-0.58
174,0.01,-0.21,0.95,-1.66,-0.44,-0.85
175,0.0,-0.21,0.95,-2.37,-0.98,-1.81
176,0.0,-0.22,0.94,-2.98,-1.52,-2.89
177,0.01,-0.22,0.96,-2.6,-2.66,-3.21
178,0.01,-0.22,0.96,-2.92,-1.56,-3.4
179,0.0,-0.23,0.97,-2.95,-1.22,-3.61
180,0.0,-0.24,0.97,-3.0,-0.69,-3.11
181,-0.01,-0.24,0.97,-2.66,-0.57,-2.76
182,-0.01,-0.24,0.96,-2.62,-0.85,-3.03
183,-0.01,-0.25,0.96,-2.63,-1.61,-3.19
184,-0.01,-0.25,0.98,-1.39,-2.36,-2.83
185,-0.01,-0.25,0.98,-4.03,-0.6,-3.79
186,-0.01,-0.25,0.98,-1.41,-0.11,-1.21
187,-0.02,-0.26,0.97,0.0,-0.8,-2.84
188,-0.01,-0.25,0.98,-0.64,0.71,-1.16
189,-0.02,-0.24,0.97,-0.6,1.37,-0.3
190,-0.0,-0.23,0.96,-0.31,0.76,0.44
191,0.0,-0.22,0.95,-0.52,-0.08,-0.37
192,0.01,-0.21,0.95,-0.88,-0.16,-1.39
193,0.01,-0.21,0.95,-0.56,0.38,-1.78
194,0.02,-0.21,0.94,-0.79,-0.28,-1.77
195,0.01,-0.2,0.95,-1.36,-0.69,-1.84
196,0.01,-0.2,0.93,-2.16,-0.08,-2.4
197,0.01,-0.2,0.95,-2.57,-0.44,-3.94
198,0.01,-0.2,0.94,-3.15,-2.31,-4.6
199,-0.01,-0.2,0.93,-4.5,-2.11,-5.13
200,-0.0,-0.22,0.95,-5.38,-2.93,-5.94
201,-0.02,-0.23,0.97,-5.35,-2.84,-5.74
202,-0.01,-0.24,0.97,-5.14,-3.45,-4.41
203,-0.02,-0.25,0.98,-4.84,-2.14,-3.77
204,-0.02,-0.27,0.99,-3.08,-1.62,-3.15
205,-0.02,-0.27,0.99,-1.53,-1.0,-2.24
206,-0.02,-0.26,0.98,-1.06,-0.05,-1.98
207,-0.03,-0.25,0.98,-1.17,0.63,-1.2
208,-0.02,-0.24,0.97,-1.52,0.49,0.14
209,-0.02,-0.24,0.97,-1.76,0.66,0.52
210,-0.0,-0.23,0.96,-1.68,0.71,0.27
211,-0.01,-0.22,0.96,-0.89,0.1,-0.39
212,0.01,-0.22,0.95,-0.79,0.03,-0.93
213,0.02,-0.21,0.95,-0.99,-0.56,-1.56
214,0.02,-0.21,0.95,-1.21,-0.82,-2.16
215,0.02,-0.21,0.95,-1.73,-1.82,-1.63
216,0.02,-0.21,0.95,-2.69,-0.95,-2.09
217,0.02,-0.21,0.96,-2.59,-0.34,-3.01
218,0.01,-0.21,0.95,-2.61,-0.84,-3.31
219,0.0,-0.22,0.95,-3.34,-1.31,-3.9
220,-0.01,-0.22,0.96,-3.56,-1.3,-3.92
221,-0.01,-0.23,0.96,-3.21,-2.05,-4.0
222,-0.02,-0.24,0.97,-3.27,-1.59,-4.19
223,-0.02,-0.24,0.97,-2.39,-1.46,-3.49
224,-0.02,-0.24,0.97,-2.09,-1.05,-3.17
225,-0.03,-0.25,0.97,-2.26,-0.49,-2.68
226,-0.02,-0.24,0.96,-2.45,-0.48,-1.99
227,-0.01,-0.24,0.96,-2.03,-0.54,-1.69
228,-0.01,-0.23,0.97,-1.74,-0.89,-0.8
229,-0.0,-0.23,0.97,-1.77,-0.59,-0.76
230,-0.0,-0.22,0.97,-1.68,-0.04,-1.55
231,-0.01,-0.23,0.96,-1.22,0.21,-1.55
232,-0.0,-0.22,0.96,-1.13,-1.21,-1.85
233,0.02,-0.22,0.96,-1.54,-1.11,-1.32
234,0.01,-0.21,0.96,-1.94,0.08,-1.93
235,0.0,-0.22,0.96,-1.82,0.26,-2.1
236,0.0,-0.22,0.96,-1.72,0.48,-2.57
237,-0.01,-0.22,0.96,-2.22,-0.18,-2.52
238,-0.01,-0.22,0.95,-2.65,-0.51,-2.56
239,-0.01,-0.22,0.95,-2.98,-1.25,-3.15
240,-0.01,-0.23,0.96,-2.86,-2.27,-2.63
241,-0.01,-0.23,0.96,-2.96,-1.9,-2.53
242,-0.01,-0.23,0.96,-3.17,-1.44,-2.21
243,-0.02,-0.23,0.96,-3.07,-0.89,-1.79
244,-0.01,-0.23,0.96,-3.35,-1.01,-1.73
245,0.0,-0.23,0.97,-3.41,-1.07,-2.1
246,0.0,-0.23,0.97,-2.92,-1.31,-2.35
247,0.01,-0.23,0.97,-2.34,-0.95,-2.92
248,0.01,-0.22,0.96,-2.01,0.02,-2.91
249,-0.01,-0.23,0.97,-1.82,0.35,-3.16
250,-0.0,-0.24,0.96,-2.07,0.1,-3.14
251,-0.01,-0.23,0.96,-1.74,-0.81,-2.72
252,-0.01,-0.23,0.96,-1.94,-1.35,-2.34
253,-0.02,-0.23,0.95,-2.33,-0.55,-1.92
254,-0.03,-0.24,0.97,-2.42,-1.12,-1.82
255,-0.02,-0.23,0.96,-2.37,-1.15,-0.87
256,-0.03,-0.23,0.95,-3.02,-0.67,-1.27
257,-0.02,-0.23,0.96,-2.76,-1.19,-1.51
258,-0.02,-0.23,0.96,-2.77,-1.63,-1.08
259,-0.01,-0.23,0.96,-2.98,-1.76,-0.97
260,0.0,-0.23,0.96,-2.48,-1.43,-1.28
261,0.01,-0.22,0.96,-2.42,-1.02,-1.92
262,0.02,-0.22,0.97,-2.02,-1.56,-2.0
263,0.01,-0.22,0.96,-1.82,-1.26,-2.33
264,0.01,-0.22,0.97,-1.98,-1.39,-2.27
265,0.02,-0.22,0.96,-2.03,-0.77,-2.02
266,0.01,-0.22,0.96,-2.27,-0.01,-2.2
267,-0.01,-0.22,0.97,-2.35,0.11,-2.44
268,-0.01,-0.22,0.96,-2.5,-0.53,-2.64
269,-0.01,-0.22,0.95,-2.7,-1.63,-2.61
270,-0.02,-0.23,0.96,-2.99,-1.66,-2.97
271,-0.03,-0.23,0.96,-3.64,-1.69,-2.45
272,-0.02,-0.23,0.96,-3.6,-1.78,-2.3
273,-0.03,-0.24,0.96,-3.47,-1.69,-1.39
274,-0.02,-0.24,0.96,-3.32,-1.31,-0.95
275,-0.01,-0.24,0.97,-2.9,-1.66,-0.51
276,-0.02,-0.23,0.96,-2.97,-1.76,0.37
277,-0.01,-0.22,0.96,-3.07,-1.84,0.72
278,0.01,-0.22,0.96,-2.98,-2.67,0.11
279,0.02,-0.22,0.97,-2.67,-2.37,0.0
280,0.04,-0.22,0.98,-1.89,-1.48,-0.96
281,0.04,-0.21,0.97,-2.18,-1.54,-1.61
282,0.04,-0.2,0.97,-2.42,-1.05,-2.12
283,0.03,-0.21,0.96,-2.82,-0.4,-3.67
284,0.03,-0.21,0.97,-2.8,-1.44,-4.25
285,0.03,-0.21,0.97,-3.27,-1.35,-4.12
286,0.02,-0.22,0.96,-3.63,0.1,-4.84
287,0.01,-0.23,0.97,-3.05,0.43,-5.78
288,0.0,-0.23,0.96,-2.85,0.28,-5.77
289,-0.01,-0.23,0.96,-3.16,0.53,-5.45
290,-0.03,-0.24,0.96,-3.12,-0.34,-5.33
291,-0.05,-0.24,0.95,-3.62,-0.76,-4.53
292,-0.04,-0.26,0.96,-3.24,-1.12,-3.89
293,-0.06,-0.26,0.96,-3.39,-0.88,-2.57
294,-0.06,-0.26,0.96,-3.14,-1.56,-1.1
295,-0.07,-0.26,0.95,-2.95,-1.73,-0.15
296,-0.06,-0.26,0.96,-2.57,-2.32,0.87
297,-0.05,-0.25,0.96,-1.67,-3.99,2.98
298,-0.05,-0.24,0.96,-2.0,-3.18,4.47
299,-0.02,-0.24,0.96,-2.47,-2.83,5.83
300,-0.0,-0.23,0.97,-3.01,-2.48,5.25
301,0.02,-0.23,0.97,-2.34,-2.66,4.51
302,0.04,-0.23,0.96,-1.32,-3.59,3.66
303,0.05,-0.21,0.97,-1.89,-2.89,2.19
304,0.06,-0.2,0.97,-1.96,-2.47,-0.04
305,0.06,-0.2,0.97,-2.31,-1.95,-1.07
306,0.08,-0.2,0.99,-2.21,-1.64,-1.51
307,0.08,-0.19,0.99,-2.31,-0.34,-2.61
308,0.08,-0.19,0.98,-2.2,0.84,-4.04
309,0.06,-0.2,0.98,-2.1,1.71,-4.93
310,0.05,-0.2,0.97,-1.96,2.51,-5.76
311,0.04,-0.2,0.96,-1.93,2.23,-7.2
312,0.04,-0.21,0.95,-2.55,2.77,-8.34
313,0.02,-0.21,0.94,-3.43,2.6,-8.86
314,0.01,-0.22,0.95,-3.2,0.76,-9.21
315,0.0,-0.22,0.95,-3.74,0.34,-9.01
316,-0.01,-0.21,0.93,-5.44,1.4,-8.85
317,-0.03,-0.23,0.94,-5.17,1.52,-9.11
318,-0.04,-0.22,0.94,-6.25,0.5,-7.76
319,-0.05,-0.22,0.94,-6.64,0.44,-7.72
320,-0.08,-0.25,0.95,-6.44,-1.07,-7.15
321,-0.09,-0.24,0.94,-6.98,-2.95,-5.53
322,-0.09,-0.25,0.93,-7.95,-2.6,-4.18
323,-0.11,-0.26,0.94,-7.45,-4.47,-3.05
324,-0.1,-0.28,0.95,-6.09,-6.53,-1.59
325,-0.09,-0.29,0.97,-4.72,-7.43,-0.44
326,-0.07,-0.29,0.98,-3.62,-6.82,1.04
327,-0.07,-0.28,0.96,-5.11,-1.99,3.13
328,-0.06,-0.3,0.97,-3.11,-4.47,5.79
329,-0.06,-0.29,0.99,-2.77,-5.66,5.95
330,-0.06,-0.32,0.99,-0.5,-6.89,9.37
331,-0.01,-0.28,0.99,0.31,-5.62,12.61
332,0.03,-0.27,1.0,1.12,-3.1,13.72
333,0.05,-0.24,0.99,0.92,-0.6,13.47
334,0.05,-0.23,0.99,1.47,1.01,10.89
335,0.07,-0.21,0.97,3.44,0.34,9.31
336,0.09,-0.19,0.97,3.22,-0.4,6.6
337,0.12,-0.18,0.97,2.65,0.4,3.76
338,0.11,-0.17,0.96,2.8,1.24,1.84
339,0.12,-0.15,0.95,1.94,0.9,0.73
340,0.12,-0.16,0.96,0.82,2.24,-1.32
341,0.11,-0.16,0.96,0.67,2.61,-3.69
342,0.1,-0.17,0.96,2.39,1.37,-6.31
343,0.11,-0.15,0.94,-0.34,0.29,-8.5
344,0.1,-0.15,0.93,-4.28,3.15,-11.68
345,0.07,-0.18,0.94,-4.97,3.02,-13.08
346,0.06,-0.2,0.96,-4.34,2.35,-13.91
347,0.06,-0.19,0.94,-4.91,3.64,-13.99
348,0.05,-0.19,0.94,-6.92,3.55,-15.73
349,0.02,-0.21,0.95,-7.92,3.83,-16.66
350,-0.0,-0.22,0.94,-8.0,2.96,-17.4
351,-0.02,-0.23,0.95,-8.11,2.24,-17.82
352,-0.03,-0.23,0.95,-8.85,1.31,-17.53
353,-0.05,-0.24,0.95,-10.56,1.71,-17.32
354,-0.08,-0.25,0.94,-11.5,2.15,-15.94
355,-0.11,-0.27,0.94,-12.62,0.32,-15.22
356,-0.13,-0.29,0.95,-11.16,-1.13,-13.39
357,-0.12,-0.29,0.94,-10.38,-2.77,-11.05
358,-0.13,-0.31,0.95,-9.69,-3.48,-10.25
359,-0.14,-0.34,0.98,-5.64,-5.38,-7.34
360,-0.14,-0.35,0.99,-2.15,-5.85,-3.06
361,-0.12,-0.33,0.98,-1.49,-3.52,0.73
362,-0.12,-0.32,0.97,-2.24,-1.95,3.73
363,-0.14,-0.33,0.97,-2.4,-2.59,7.44
364,-0.13,-0.32,0.97,-1.65,-3.93,10.59
365,-0.12,-0.32,0.97,-0.39,-5.09,11.39
366,-0.11,-0.31,0.98,1.57,-5.95,13.33
367,-0.09,-0.31,0.96,3.15,-5.45,16.93
368,-0.05,-0.27,0.96,3.21,-5.31,20.66
369,-0.02,-0.27,0.97,4.27,-4.5,22.69
370,0.0,-0.24,0.96,5.63,-4.86,24.18
371,0.04,-0.2,0.94,4.79,-5.36,22.65
372,0.08,-0.17,0.94,2.66,-5.27,19.3
373,0.09,-0.18,0.94,0.72,-5.14,15.83
374,0.1,-0.17,0.94,0.54,-6.31,12.78
375,0.12,-0.16,0.94,-0.7,-6.94,10.66
376,0.16,-0.16,0.96,-0.95,-6.21,8.24
377,0.16,-0.16,0.96,-0.74,-5.47,4.91
378,0.16,-0.16,0.96,-0.96,-4.74,1.47
379,0.18,-0.14,0.97,-2.39,-2.96,-1.39
380,0.17,-0.14,0.96,-4.7,-0.82,-5.11
381,0.16,-0.16,0.97,-5.7,-0.21,-7.46
382,0.14,-0.18,0.98,-4.4,-0.45,-10.63
383,0.14,-0.19,0.99,-4.08,-0.48,-13.18
384,0.12,-0.19,0.98,-4.57,1.97,-14.99
385,0.1,-0.21,0.98,-5.35,2.82,-16.36
386,0.09,-0.22,0.97,-6.06,3.79,-17.22
387,0.07,-0.21,0.97,-6.77,4.86,-18.23
388,0.05,-0.21,0.96,-8.28,5.61,-20.37
389,0.03,-0.21,0.95,-9.92,6.76,-22.23
390,0.0,-0.23,0.96,-10.34,6.57,-22.47
391,-0.02,-0.24,0.94,-10.63,4.18,-20.63
392,-0.03,-0.23,0.93,-12.74,4.94,-20.15
393,-0.04,-0.22,0.91,-15.25,4.97,-20.89
394,-0.07,-0.25,0.92,-16.77,3.89,-21.49
395,-0.1,-0.26,0.93,-16.35,1.76,-20.92
396,-0.12,-0.3,0.92,-14.16,-1.14,-20.26
397,-0.13,-0.3,0.94,-11.17,-4.05,-18.28
398,-0.12,-0.34,0.96,-8.02,-6.35,-15.05
399,-0.13,-0.35,0.98,-4.87,-5.24,-10.5
400,-0.13,-0.34,0.97,-3.37,-4.08,-6.44
