,accel_x,accel_y,accel_z,gyro_x,gyro_y,gyro_z
0,0.01,-0.24,0.96,-4.23,-1.6,-1.5
1,0.01,-0.24,0.96,-4.16,-1.97,-1.59
2,0.01,-0.24,0.96,-4.18,-1.42,-2.62
3,0.02,-0.24,0.96,-3.73,-1.16,-3.33
4,0.01,-0.25,0.98,-4.07,-0.37,-3.8
5,0.01,-0.25,0.96,-4.02,-0.25,-4.0
6,-0.0,-0.25,0.97,-3.99,-0.63,-4.28
7,-0.0,-0.26,0.96,-4.01,-0.19,-4.42
8,-0.01,-0.26,0.96,-3.92,-0.21,-4.25
9,-0.03,-0.26,0.95,-3.71,-0.82,-3.97
10,-0.03,-0.27,0.95,-3.5,-0.61,-3.34
11,-0.03,-0.28,0.96,-2.87,-0.74,-2.36
12,-0.02,-0.27,0.95,-2.61,-1.19,-2.42
13,-0.02,-0.27,0.96,-2.48,-1.24,-3.41
14,-0.03,-0.27,0.96,-1.99,-2.34,-3.58
15,-0.03,-0.28,0.96,-1.15,-2.66,-2.76
16,-0.02,-0.27,0.97,-1.21,-2.27,-0.81
17,-0.0,-0.26,0.96,-2.18,-0.51,-0.1
18,-0.01,-0.25,0.95,-2.98,0.95,-0.98
19,-0.01,-0.25,0.95,-2.68,-0.08,-0.68
20,-0.01,-0.23,0.94,-2.49,-0.89,-0.85
21,-0.01,-0.23,0.94,-2.85,-1.77,-1.57
22,-0.0,-0.24,0.95,-2.82,-2.25,-2.6
23,0.01,-0.24,0.95,-3.11,-3.11,-3.55
24,-0.0,-0.25,0.95,-3.3,-2.73,-3.57
25,-0.01,-0.25,0.96,-3.25,-2.79,-3.63
26,-0.02,-0.26,0.96,-3.35,-2.15,-4.22
27,-0.03,-0.27,0.95,-2.81,-2.77,-3.73
28,-0.04,-0.28,0.97,-3.11,-2.03,-2.12
29,-0.04,-0.29,0.96,-3.75,-1.18,-0.16
30,-0.04,-0.3,0.98,-3.21,-0.95,1.6
31,-0.04,-0.29,0.97,-2.19,-0.82,3.45
32,-0.03,-0.29,0.96,-1.46,-1.67,4.82
33,-0.03,-0.27,0.95,-1.24,-1.99,6.08
34,-0.03,-0.25,0.94,-1.5,-2.6,8.15
35,-0.03,-0.25,0.94,-2.18,-2.11,10.87
36,-0.05,-0.25,0.94,-3.08,-2.56,13.93
37,-0.06,-0.26,0.95,-2.21,-5.4,17.43
38,-0.06,-0.27,0.95,0.37,-8.6,20.63
39,-0.03,-0.26,0.95,2.21,-11.76,21.26
40,0.01,-0.23,0.94,2.18,-13.8,17.84
41,0.07,-0.21,0.95,0.11,-13.07,12.4
42,0.08,-0.22,0.96,-2.22,-10.5,5.87
43,0.08,-0.22,0.96,-3.47,-8.57,1.6
44,0.09,-0.23,0.99,-3.15,-3.05,-1.49
45,0.04,-0.25,0.98,-3.2,-0.82,-3.99
46,0.02,-0.26,0.99,-2.08,-2.18,-4.06
47,0.01,-0.25,0.97,-1.51,-1.34,-3.6
48,0.01,-0.24,0.97,-2.31,-1.16,-4.37
49,0.02,-0.24,0.96,-2.92,-1.07,-4.51
50,0.02,-0.24,0.96,-2.35,-1.07,-4.88
51,0.02,-0.24,0.96,-2.05,-0.75,-5.69
52,0.02,-0.23,0.95,-2.37,-0.92,-6.47
53,0.0,-0.24,0.94,-2.97,-0.11,-6.56
54,-0.01,-0.25,0.94,-2.91,-0.56,-5.79
55,-0.01,-0.25,0.95,-3.05,-0.31,-4.79
56,-0.0,-0.25,0.95,-3.79,-0.66,-4.66
57,-0.01,-0.26,0.94,-3.79,-0.26,-5.31
58,-0.02,-0.26,0.95,-3.19,-0.95,-5.53
59,-0.0,-0.26,0.96,-3.02,-2.46,-5.97
60,0.0,-0.25,0.95,-3.5,-1.91,-6.41
61,-0.0,-0.26,0.96,-3.21,-1.91,-6.27
62,-0.01,-0.26,0.96,-2.62,-0.83,-5.79
63,-0.02,-0.26,0.96,-2.91,-0.29,-3.92
64,0.01,-0.25,0.95,-3.18,-0.05,-3.02
65,0.02,-0.23,0.96,-3.73,-0.19,-3.31
66,0.02,-0.24,0.96,-3.68,0.61,-4.84
67,0.01,-0.25,0.97,-2.69,0.28,-5.26
68,0.01,-0.25,0.97,-1.98,0.56,-5.23
69,0.0,-0.25,0.95,-2.11,1.26,-5.08
70,-0.01,-0.27,0.96,-2.28,0.56,-5.02
71,-0.03,-0.27,0.96,-1.76,-0.21,-4.18
72,-0.02,-0.28,0.96,-1.38,-0.21,-2.84
73,-0.01,-0.28,0.96,-2.01,-0.44,-1.28
74,-0.02,-0.26,0.96,-2.89,0.23,-1.34
75,-0.03,-0.28,0.96,-2.46,-0.34,-1.44
76,-0.04,-0.29,0.95,-0.68,-1.29,-1.03
77,-0.04,-0.28,0.96,0.27,-1.96,0.15
78,-0.03,-0.27,0.95,-0.05,-2.14,1.69
79,-0.01,-0.26,0.95,-1.3,-1.02,3.11
80,-0.01,-0.25,0.94,-1.77,-0.42,4.29
81,0.0,-0.25,0.95,-1.92,-0.79,5.0
82,0.02,-0.24,0.95,-1.13,-0.73,4.09
83,0.03,-0.23,0.96,-0.35,-0.89,1.57
84,0.03,-0.22,0.94,0.05,-2.05,-0.99
85,0.04,-0.21,0.95,-0.65,-1.39,-2.42
86,0.05,-0.2,0.95,-2.22,-0.82,-3.72
87,0.05,-0.21,0.96,-2.9,-0.3,-5.57
88,0.04,-0.22,0.96,-2.92,-0.52,-6.29
89,0.03,-0.23,0.96,-3.09,-0.41,-6.03
90,0.02,-0.23,0.96,-3.72,0.93,-5.86
91,0.01,-0.24,0.95,-4.46,1.49,-6.23
92,0.0,-0.24,0.96,-4.74,0.82,-6.53
93,-0.01,-0.26,0.95,-4.12,-0.36,-6.5
94,-0.02,-0.28,0.96,-3.26,-0.5,-6.23
95,-0.03,-0.29,0.96,-3.01,-0.47,-6.75
96,-0.03,-0.29,0.94,-3.54,-0.27,-5.6
97,-0.05,-0.29,0.95,-4.02,0.18,-4.44
98,-0.06,-0.29,0.95,-4.64,-0.33,-2.08
99,-0.06,-0.28,0.94,-4.83,-0.61,0.02
100,-0.06,-0.28,0.95,-4.5,-1.43,0.94
101,-0.04,-0.29,0.96,-3.11,-3.24,1.27
102,-0.03,-0.28,0.96,-1.99,-3.58,2.01
103,-0.01,-0.28,0.96,-1.68,-2.44,2.43
104,-0.01,-0.26,0.95,-1.82,-1.82,2.66
105,-0.01,-0.25,0.95,-1.95,-2.15,3.02
106,0.0,-0.25,0.96,-1.74,-2.64,2.69
107,0.02,-0.25,0.96,-1.46,-2.81,2.09
108,0.02,-0.24,0.96,-1.27,-2.81,1.4
109,0.03,-0.23,0.97,-0.97,-2.8,0.95
110,0.05,-0.23,0.97,-1.38,-1.14,0.64
111,0.04,-0.23,0.96,-1.84,-0.02,-1.01
112,0.04,-0.23,0.97,-1.38,-0.06,-1.43
113,0.04,-0.23,0.97,-1.49,0.66,-2.19
114,0.04,-0.23,0.95,-1.5,0.87,-3.31
115,0.04,-0.22,0.96,-2.12,0.99,-4.31
116,0.04,-0.21,0.95,-2.47,0.77,-5.14
117,0.03,-0.22,0.95,-3.06,0.35,-5.0
118,0.03,-0.23,0.96,-3.45,0.56,-6.14
119,0.02,-0.24,0.95,-2.95,0.4,-7.37
120,-0.0,-0.24,0.95,-2.53,0.37,-8.05
121,-0.01,-0.24,0.94,-3.36,0.6,-7.98
122,-0.02,-0.26,0.94,-4.39,0.82,-7.68
123,-0.03,-0.28,0.95,-4.44,0.48,-7.11
124,-0.04,-0.28,0.95,-3.69,-0.44,-5.6
125,-0.04,-0.3,0.94,-3.16,-0.76,-4.15
126,-0.05,-0.3,0.96,-3.19,-0.52,-2.82
127,-0.05,-0.31,0.96,-2.97,-0.34,-1.24
128,-0.06,-0.31,0.97,-2.51,-0.55,0.24
129,-0.05,-0.3,0.95,-1.76,-0.86,1.59
130,-0.04,-0.28,0.95,-1.12,-1.28,1.83
131,-0.03,-0.27,0.95,-1.25,-2.69,2.73
132,-0.03,-0.26,0.95,-0.29,-2.5,3.41
133,-0.0,-0.24,0.96,-0.34,-2.6,3.89
134,0.02,-0.22,0.95,-1.18,-1.76,3.31
135,0.02,-0.22,0.95,-1.37,-1.7,2.22
136,0.04,-0.2,0.95,-1.34,-2.11,1.29
137,0.06,-0.19,0.94,-1.78,-2.63,-0.97
138,0.07,-0.19,0.96,-2.64,-2.02,-2.75
139,0.07,-0.2,0.96,-2.75,-1.29,-3.86
140,0.07,-0.2,0.95,-3.15,-0.73,-5.46
141,0.07,-0.19,0.96,-3.82,-0.04,-7.21
142,0.07,-0.21,0.96,-4.65,0.9,-8.81
143,0.04,-0.23,0.97,-5.13,1.76,-10.0
144,0.03,-0.24,0.97,-4.95,1.66,-10.48
145,0.01,-0.25,0.97,-5.15,1.41,-10.56
146,-0.01,-0.26,0.96,-5.31,1.57,-10.63
147,-0.02,-0.29,0.96,-4.75,1.16,-10.96
148,-0.04,-0.31,0.97,-3.98,1.15,-9.73
149,-0.05,-0.32,0.97,-3.4,1.44,-7.29
150,-0.06,-0.32,0.97,-3.2,1.89,-5.05
151,-0.07,-0.33,0.96,-2.76,0.82,-2.38
152,-0.08,-0.33,0.95,-2.27,0.67,0.16
153,-0.1,-0.33,0.96,-1.28,0.36,2.68
154,-0.08,-0.32,0.95,0.44,-1.11,4.63
155,-0.06,-0.3,0.95,0.89,-1.89,5.05
156,-0.03,-0.27,0.95,1.02,-2.48,5.92
157,-0.01,-0.25,0.94,0.17,-1.57,5.7
158,-0.01,-0.23,0.92,-0.6,-1.65,4.31
159,0.0,-0.22,0.94,-0.59,-2.89,4.34
160,0.01,-0.22,0.94,-1.51,-3.41,3.65
161,0.04,-0.2,0.94,-2.26,-3.28,2.63
162,0.04,-0.19,0.95,-2.71,-3.01,1.05
163,0.05,-0.2,0.96,-3.36,-2.05,0.97
164,0.06,-0.2,0.96,-4.07,-1.27,0.17
165,0.07,-0.2,0.96,-3.94,-1.1,-2.17
166,0.06,-0.21,0.97,-2.95,-1.32,-4.08
167,0.04,-0.23,0.98,-2.69,-1.6,-5.84
168,0.05,-0.23,0.97,-3.31,-0.82,-5.86
169,0.02,-0.25,0.97,-4.08,0.2,-5.4
170,0.02,-0.25,0.97,-4.08,0.84,-5.34
171,0.03,-0.24,0.97,-4.21,1.33,-6.15
172,0.02,-0.25,0.97,-4.18,1.18,-7.44
173,0.01,-0.27,0.97,-3.74,1.47,-7.85
174,0.0,-0.28,0.98,-2.37,1.59,-7.91
175,-0.01,-0.28,0.97,-1.43,1.46,-7.37
176,-0.03,-0.28,0.96,-0.82,1.73,-6.47
177,-0.03,-0.28,0.96,-0.73,1.14,-5.64
178,-0.04,-0.28,0.95,-0.82,0.34,-4.52
179,-0.04,-0.29,0.95,-0.38,-0.24,-3.53
180,-0.06,-0.29,0.95,-0.11,-0.86,-3.64
181,-0.05,-0.29,0.95,0.66,-1.91,-3.44
182,-0.06,-0.29,0.95,1.0,-2.67,-2.55
183,-0.06,-0.28,0.94,1.27,-3.57,-0.66
184,-0.04,-0.26,0.94,1.24,-4.56,2.37
185,-0.02,-0.25,0.94,-1.09,-3.23,3.57
186,-0.01,-0.24,0.94,-1.96,-3.18,3.21
187,-0.0,-0.23,0.94,-1.65,-4.11,1.57
188,0.01,-0.24,0.95,-0.45,-4.85,1.4
189,0.02,-0.23,0.96,0.4,-5.18,0.32
190,0.03,-0.22,0.96,1.08,-4.79,-0.21
191,0.03,-0.21,0.96,-0.04,-4.02,-0.2
192,0.04,-0.22,0.96,-1.19,-2.52,-0.13
193,0.05,-0.21,0.97,-1.49,-1.92,-0.34
194,0.05,-0.21,0.97,-1.48,-2.16,-2.11
195,0.04,-0.23,0.96,-0.55,-2.6,-4.7
196,0.04,-0.23,0.97,1.3,-4.4,-7.14
197,0.03,-0.25,0.98,2.25,-5.19,-9.36
198,0.02,-0.26,0.98,4.08,-6.21,-11.56
199,0.01,-0.28,0.99,6.24,-8.0,-13.23
200,0.0,-0.28,0.99,9.29,-9.29,-14.74
201,-0.01,-0.29,0.98,12.17,-12.43,-15.98
202,-0.02,-0.31,1.0,14.95,-14.98,-17.15
203,-0.04,-0.34,1.0,21.28,-20.92,-22.07
204,-0.05,-0.31,0.99,29.66,-26.54,-22.75
205,-0.04,-0.29,0.98,30.86,-27.5,-20.85
206,-0.04,-0.28,0.97,29.09,-26.53,-14.85
207,-0.02,-0.26,0.97,28.37,-25.92,-10.48
208,-0.0,-0.23,0.96,25.15,-23.34,-4.05
209,0.02,-0.21,0.95,19.98,-19.24,-1.21
210,0.09,-0.2,1.01,18.41,-15.35,2.92
211,0.09,-0.15,0.94,13.47,-13.05,0.1
212,0.09,-0.12,0.92,5.65,-4.83,2.66
213,0.09,-0.1,0.91,-0.73,1.2,4.55
214,0.08,-0.11,0.91,-4.24,3.27,3.42
215,0.06,-0.12,0.91,-3.8,-0.18,-0.48
216,0.06,-0.13,0.91,-1.23,-4.92,-3.85
217,0.08,-0.14,0.92,-1.16,-8.21,-8.07
218,0.08,-0.14,0.95,-1.31,-9.14,-11.14
219,0.1,-0.15,0.97,-0.79,-9.83,-10.4
220,0.11,-0.14,0.96,-4.34,-4.8,-7.91
221,0.11,-0.14,0.97,-9.86,0.41,-5.47
222,0.11,-0.16,0.98,-13.4,3.95,-6.09
223,0.1,-0.19,0.98,-14.4,5.0,-7.96
224,0.06,-0.23,1.0,-12.24,3.75,-9.85
225,0.04,-0.25,1.01,-7.77,0.39,-10.8
226,0.04,-0.26,1.01,-4.4,-0.9,-10.95
227,0.03,-0.27,1.0,-1.22,-2.24,-11.35
228,0.03,-0.26,1.01,-0.09,-3.11,-10.5
229,0.05,-0.25,1.0,-0.49,-2.31,-9.49
230,0.05,-0.25,1.0,-1.24,-1.1,-9.88
231,0.03,-0.25,0.99,-1.21,-0.18,-9.17
232,0.0,-0.26,0.98,-0.58,-0.63,-8.0
233,-0.01,-0.25,0.97,-0.22,-2.02,-4.94
234,-0.02,-0.24,0.96,0.25,-3.93,-1.18
235,-0.01,-0.22,0.96,0.49,-6.19,2.82
236,0.03,-0.19,0.94,1.24,-7.6,4.07
237,0.05,-0.17,0.94,1.0,-8.53,2.8
238,0.07,-0.16,0.93,2.37,-9.98,0.2
239,0.07,-0.14,0.93,1.5,-8.31,2.8
240,0.11,-0.11,0.92,-3.93,-4.16,5.46
241,0.12,-0.11,0.93,-8.6,0.59,5.81
242,0.11,-0.12,0.93,-10.08,2.84,3.32
243,0.1,-0.14,0.94,-10.57,2.79,1.54
244,0.1,-0.16,0.95,-9.39,0.92,-2.05
245,0.09,-0.16,0.97,-7.73,-2.99,-5.21
246,0.09,-0.18,0.96,-7.06,-4.31,-7.68
247,0.08,-0.21,0.98,-6.72,-4.8,-8.93
248,0.08,-0.21,1.0,-7.06,-4.07,-8.37
249,0.08,-0.23,1.0,-8.6,-1.91,-6.84
250,0.08,-0.25,1.02,-8.52,0.75,-4.48
251,0.07,-0.26,1.01,-6.64,1.31,-4.45
252,0.06,-0.26,1.01,-3.98,1.25,-4.66
253,0.06,-0.26,1.0,-1.95,0.76,-5.16
254,0.04,-0.26,1.0,-0.53,0.56,-5.02
255,0.03,-0.26,0.99,1.74,-0.31,-3.88
256,0.03,-0.22,0.97,2.22,-0.06,-1.75
257,0.04,-0.21,0.95,0.55,-0.06,-0.98
258,0.04,-0.19,0.95,-0.95,0.18,0.86
259,0.04,-0.2,0.94,-3.06,1.17,3.06
260,0.03,-0.19,0.94,-3.76,0.52,3.87
261,0.04,-0.18,0.94,-3.13,-1.03,4.21
262,0.04,-0.18,0.93,-3.26,-2.4,4.83
263,0.05,-0.17,0.93,-4.66,-1.77,7.51
264,0.06,-0.15,0.93,-7.29,-0.46,11.42
265,0.06,-0.15,0.91,-10.71,1.62,16.29
266,0.06,-0.16,0.92,-12.91,1.18,18.27
267,0.04,-0.18,0.93,-13.36,-0.82,19.96
268,0.03,-0.2,0.95,-13.79,-3.11,21.84
269,0.03,-0.23,0.95,-13.36,-6.86,20.78
270,0.05,-0.24,0.99,-7.37,-13.65,14.79
271,0.07,-0.24,0.98,-1.7,-19.64,7.96
272,0.09,-0.23,0.99,-1.02,-20.56,3.76
273,0.11,-0.24,1.01,-1.67,-17.67,3.02
274,0.13,-0.23,1.03,-2.99,-11.82,3.9
275,0.13,-0.24,1.01,-4.96,-4.8,2.59
276,0.1,-0.25,1.02,-5.13,-0.62,1.31
277,0.07,-0.27,1.01,-3.44,1.02,1.19
278,0.05,-0.27,1.0,-1.09,0.17,0.37
279,0.05,-0.27,1.0,1.57,-1.41,-0.31
280,0.04,-0.26,0.98,3.31,-3.47,-0.02
281,0.04,-0.25,0.97,2.84,-2.27,0.9
282,0.04,-0.24,0.96,2.94,-2.14,2.48
283,0.05,-0.22,0.95,1.94,-1.18,4.8
284,0.03,-0.2,0.94,0.44,-0.54,6.56
285,0.02,-0.21,0.93,-1.53,-0.61,8.69
286,0.03,-0.2,0.93,-2.46,-1.64,9.83
287,0.05,-0.18,0.93,-2.98,-3.44,9.56
288,0.05,-0.18,0.94,-3.0,-5.71,9.2
289,0.07,-0.18,0.94,-3.48,-6.8,8.68
290,0.09,-0.17,0.95,-3.69,-7.83,6.87
291,0.11,-0.16,0.95,-4.24,-7.83,4.12
292,0.14,-0.17,0.97,-5.11,-6.49,0.83
293,0.15,-0.19,0.98,-5.34,-4.08,-1.61
294,0.14,-0.2,1.0,-4.2,-2.06,-4.03
295,0.13,-0.2,1.01,-3.47,-0.56,-5.21
296,0.12,-0.21,1.01,-2.92,1.24,-4.85
297,0.12,-0.22,0.99,-3.27,2.73,-4.98
298,0.14,-0.2,0.99,-3.76,4.11,-6.66
299,0.14,-0.2,1.0,-4.63,5.58,-10.73
300,0.11,-0.21,0.99,-4.81,6.58,-14.15
301,0.08,-0.22,0.99,-4.22,6.21,-14.62
302,0.07,-0.23,0.98,-3.91,6.68,-12.94
303,0.05,-0.23,0.97,-4.19,6.89,-10.5
304,0.02,-0.24,0.96,-3.89,5.97,-8.44
305,0.02,-0.24,0.95,-3.38,4.73,-6.29
306,0.02,-0.24,0.94,-2.92,3.19,-4.41
307,0.01,-0.23,0.95,-2.11,0.98,-2.96
308,0.03,-0.23,0.95,-1.28,-0.84,-2.27
309,0.03,-0.22,0.95,-1.53,-0.73,-1.18
310,0.05,-0.22,0.95,-1.8,0.18,-0.59
311,0.06,-0.21,0.96,-2.37,0.87,-1.18
312,0.06,-0.2,0.95,-2.16,1.25,-2.11
313,0.05,-0.22,0.97,-1.35,0.11,-2.0
314,0.05,-0.21,0.96,-1.05,0.22,-1.02
315,0.05,-0.2,0.95,-1.51,0.64,-0.59
316,0.07,-0.2,0.96,-3.12,1.05,-0.34
317,0.08,-0.2,0.96,-4.21,1.08,-0.93
318,0.08,-0.2,0.98,-3.63,-0.04,-2.45
319,0.08,-0.2,0.97,-2.85,-0.43,-4.18
320,0.08,-0.21,0.98,-2.21,0.37,-5.06
321,0.07,-0.22,0.98,-1.71,0.54,-4.98
322,0.08,-0.22,0.97,-1.69,1.52,-4.42
323,0.06,-0.22,0.97,-2.11,1.3,-3.45
324,0.05,-0.23,0.98,-2.42,1.05,-3.5
325,0.04,-0.24,0.97,-2.09,0.69,-3.21
326,0.04,-0.24,0.98,-1.1,0.31,-2.2
327,0.05,-0.23,0.96,-0.88,-0.12,-1.14
328,0.04,-0.23,0.97,-0.82,0.04,-1.25
329,0.04,-0.23,0.96,-0.69,-0.56,-1.61
330,0.03,-0.23,0.95,-0.47,-0.85,-0.62
331,0.03,-0.22,0.96,-0.89,-1.39,0.89
332,0.05,-0.2,0.95,-1.53,-0.89,1.4
333,0.06,-0.2,0.95,-2.2,-0.82,0.95
334,0.06,-0.19,0.96,-2.29,-1.27,0.04
335,0.07,-0.18,0.96,-2.38,-1.51,0.24
336,0.09,-0.18,0.96,-3.35,-0.94,-0.58
337,0.1,-0.16,0.96,-4.39,-0.53,-1.95
338,0.11,-0.16,0.96,-4.81,0.21,-2.85
339,0.12,-0.17,0.97,-5.56,0.97,-4.89
340,0.12,-0.17,0.97,-5.66,0.75,-7.59
341,0.12,-0.19,0.98,-5.37,2.18,-9.95
342,0.11,-0.19,0.98,-5.41,3.27,-12.07
343,0.09,-0.21,0.99,-5.31,4.56,-13.55
344,0.09,-0.23,0.99,-4.92,6.06,-13.31
345,0.06,-0.24,0.98,-6.0,7.97,-12.88
346,0.03,-0.26,0.98,-6.39,8.27,-11.03
347,0.0,-0.28,0.99,-4.69,7.27,-8.77
348,-0.01,-0.28,0.97,-2.69,4.58,-6.39
349,-0.03,-0.29,0.98,-1.82,3.69,-4.43
350,-0.03,-0.28,0.97,-0.63,1.34,-0.92
351,-0.02,-0.26,0.96,-0.39,0.27,1.37
352,0.0,-0.25,0.96,-0.41,-0.28,3.4
353,0.01,-0.23,0.95,-1.15,0.18,4.54
354,0.01,-0.24,0.95,-0.47,-0.95,5.74
355,0.03,-0.23,0.95,0.41,-2.15,6.34
356,0.04,-0.21,0.95,0.44,-2.24,6.54
357,0.05,-0.2,0.94,-0.42,-1.35,6.29
358,0.07,-0.18,0.95,-1.49,-1.24,4.92
359,0.07,-0.18,0.95,-2.03,-0.54,3.7
360,0.09,-0.18,0.95,-2.07,-0.97,2.17
361,0.09,-0.17,0.96,-2.78,-1.04,-0.39
362,0.09,-0.17,0.96,-2.85,-1.93,-2.42
363,0.08,-0.17,0.96,-3.87,-2.68,-3.44
364,0.08,-0.18,0.97,-4.89,-1.54,-2.9
365,0.09,-0.19,0.97,-5.73,-1.01,-2.18
366,0.09,-0.19,0.97,-5.84,-0.3,-2.27
367,0.08,-0.19,0.97,-5.8,0.6,-3.7
368,0.08,-0.19,0.96,-5.66,0.9,-4.93
369,0.07,-0.2,0.98,-6.08,0.74,-6.48
370,0.06,-0.21,0.97,-6.11,0.69,-7.22
371,0.04,-0.23,0.97,-5.93,1.14,-7.34
372,0.02,-0.24,0.96,-5.56,0.56,-6.96
373,0.01,-0.26,0.98,-4.87,0.74,-5.63
374,-0.01,-0.26,0.96,-4.43,-1.54,-4.05
375,-0.01,-0.26,0.95,-5.15,-1.94,-1.17
376,-0.02,-0.27,0.96,-5.12,-2.32,0.52
377,-0.01,-0.28,0.95,-3.56,-3.27,2.39
378,-0.01,-0.28,0.96,-3.15,-3.53,4.28
379,-0.01,-0.27,0.97,-2.15,-4.69,5.77
380,0.01,-0.25,0.96,-1.18,-6.31,7.53
381,0.05,-0.22,0.95,-1.57,-5.57,7.92
382,0.06,-0.21,0.97,-2.89,-4.02,6.37
383,0.08,-0.21,0.97,-2.64,-4.19,5.19
384,0.09,-0.2,0.97,-2.21,-3.03,3.32
385,0.09,-0.2,0.97,-2.01,-1.95,2.28
386,0.09,-0.19,0.97,-1.92,-2.0,1.66
387,0.11,-0.19,0.98,-2.29,-0.2,1.47
388,0.1,-0.18,0.97,-3.9,1.19,1.87
389,0.11,-0.18,0.98,-4.66,1.71,1.53
390,0.11,-0.18,0.97,-4.85,2.5,0.69
391,0.1,-0.18,0.97,-6.05,3.47,-0.47
392,0.1,-0.19,0.97,-5.89,3.57,-2.19
393,0.09,-0.19,0.97,-3.89,0.56,-5.11
394,0.09,-0.2,0.96,-3.03,-0.26,-7.12
395,0.09,-0.2,0.98,-3.5,-0.12,-7.84
396,0.08,-0.2,0.96,-4.37,1.18,-7.83
397,0.08,-0.21,0.96,-5.69,2.51,-7.58
398,0.06,-0.21,0.96,-6.16,3.14,-7.63
399,0.05,-0.23,0.97,-5.9,2.72,-8.53
