,accel_x,accel_y,accel_z,gyro_x,gyro_y,gyro_z
0,-0.01,-0.18,0.97,-5.08,0.24,-9.56
1,-0.03,-0.19,0.97,-4.92,0.78,-9.36
2,-0.05,-0.19,0.97,-4.98,0.59,-9.21
3,-0.06,-0.2,0.97,-5.04,0.24,-8.63
4,-0.08,-0.2,0.97,-5.36,-0.2,-7.41
5,-0.09,-0.2,0.97,-5.8,-0.46,-6.32
6,-0.1,-0.21,0.96,-6.46,-2.66,-5.85
7,-0.12,-0.22,0.97,-6.66,-3.34,-4.73
8,-0.12,-0.21,0.96,-7.08,-4.95,-2.61
9,-0.12,-0.2,0.94,-8.51,-5.85,-1.55
10,-0.14,-0.2,0.93,-9.72,-7.66,0.59
11,-0.13,-0.22,0.96,-9.92,-10.82,1.43
12,-0.12,-0.22,0.96,-8.65,-10.73,3.4
13,-0.1,-0.25,0.99,-5.69,-11.42,4.09
14,-0.09,-0.25,0.99,-2.51,-9.91,5.31
15,-0.07,-0.23,1.0,-0.56,-7.93,8.21
16,-0.06,-0.25,1.01,1.07,-4.82,11.02
17,-0.03,-0.21,1.0,1.47,-3.5,14.22
18,0.02,-0.18,0.99,-0.26,-1.4,14.45
19,0.02,-0.2,1.0,1.19,-0.13,12.85
20,0.05,-0.17,1.0,5.18,-2.79,12.08
21,0.11,-0.13,0.99,5.03,-1.95,9.66
22,0.14,-0.12,1.0,3.54,2.16,5.78
23,0.13,-0.13,1.0,4.36,4.72,3.07
24,0.14,-0.11,1.0,5.3,5.71,1.13
25,0.14,-0.1,0.98,3.68,7.46,-1.98
26,0.13,-0.09,0.96,1.78,8.46,-5.22
27,0.1,-0.09,0.95,0.69,6.24,-8.86
28,0.08,-0.1,0.95,-0.37,5.12,-11.56
29,0.05,-0.11,0.95,-0.92,4.4,-13.54
30,0.04,-0.13,0.96,-2.01,3.65,-15.27
31,0.02,-0.14,0.95,-3.57,3.86,-15.87
32,-0.0,-0.16,0.95,-4.59,4.47,-15.68
33,-0.04,-0.18,0.95,-5.07,3.57,-15.56
34,-0.06,-0.17,0.95,-5.9,2.84,-15.37
35,-0.07,-0.19,0.95,-6.96,1.85,-14.97
36,-0.09,-0.19,0.96,-7.0,0.88,-13.92
37,-0.1,-0.2,0.96,-7.14,-0.3,-13.41
38,-0.13,-0.23,0.96,-7.5,-1.05,-12.28
39,-0.14,-0.24,0.97,-6.37,-2.71,-9.21
40,-0.14,-0.25,0.99,-5.19,-2.84,-7.55
41,-0.14,-0.26,1.0,-3.18,-1.92,-4.98
42,-0.14,-0.26,1.0,-0.98,-1.11,-1.92
43,-0.14,-0.24,0.98,-0.73,-0.73,1.26
44,-0.15,-0.24,0.97,-0.88,-0.36,3.73
45,-0.14,-0.24,0.97,-0.27,-1.91,6.88
46,-0.11,-0.22,0.97,0.4,-2.72,8.5
47,-0.07,-0.2,0.97,1.11,-2.82,8.95
48,-0.05,-0.19,0.97,1.92,-2.61,9.43
49,-0.02,-0.17,0.97,1.84,-1.88,9.85
50,0.0,-0.15,0.96,1.15,-1.18,9.4
51,0.02,-0.14,0.96,1.08,-2.44,8.09
52,0.04,-0.13,0.96,0.48,-2.15,6.73
53,0.07,-0.12,0.97,0.59,-2.77,4.56
54,0.08,-0.11,0.97,0.12,-2.59,3.02
55,0.09,-0.1,0.96,-1.13,-1.36,0.34
56,0.1,-0.1,0.96,-2.95,-0.06,-2.31
57,0.08,-0.11,0.97,-3.86,0.6,-4.98
58,0.08,-0.13,0.97,-4.2,0.55,-7.05
59,0.06,-0.13,0.98,-4.76,1.06,-9.2
60,0.05,-0.15,0.97,-4.95,1.68,-11.06
61,0.02,-0.16,0.99,-5.06,1.73,-12.24
62,0.0,-0.17,0.98,-4.82,0.71,-12.59
63,-0.03,-0.19,0.99,-5.04,0.37,-12.52
64,-0.05,-0.2,0.99,-4.73,0.21,-12.5
65,-0.07,-0.21,0.98,-4.38,1.08,-11.34
66,-0.09,-0.22,0.98,-4.02,1.08,-10.08
67,-0.11,-0.24,0.98,-3.18,0.87,-8.2
68,-0.12,-0.25,0.98,-1.7,1.05,-5.53
69,-0.13,-0.23,0.98,-1.12,1.3,-3.72
70,-0.13,-0.23,0.97,-1.16,1.01,-1.46
71,-0.14,-0.23,0.96,-0.66,0.24,1.05
72,-0.15,-0.22,0.95,-0.67,-0.54,3.26
73,-0.14,-0.22,0.95,-0.53,-2.18,5.63
74,-0.11,-0.2,0.94,-0.4,-3.21,7.15
75,-0.08,-0.17,0.94,-1.6,-3.21,7.89
76,-0.05,-0.16,0.95,-2.06,-3.09,7.4
77,-0.03,-0.16,0.96,-1.07,-3.65,7.01
78,-0.01,-0.15,0.97,-0.44,-3.66,7.09
79,0.01,-0.13,0.96,-1.13,-3.12,6.42
80,0.03,-0.13,0.97,-2.01,-3.09,5.09
81,0.04,-0.12,0.97,-2.37,-3.22,3.24
82,0.06,-0.12,0.97,-2.37,-2.68,1.79
83,0.07,-0.13,0.98,-1.92,-2.18,-0.21
84,0.07,-0.13,0.98,-2.53,-1.09,-2.39
85,0.07,-0.13,0.97,-3.34,-0.46,-3.89
86,0.06,-0.13,0.99,-3.83,0.02,-5.34
87,0.05,-0.15,0.99,-3.93,0.38,-6.98
88,0.04,-0.15,0.98,-3.74,-0.5,-8.47
89,0.03,-0.16,0.99,-3.9,0.65,-9.48
90,0.0,-0.17,0.98,-4.17,1.7,-9.85
91,-0.02,-0.17,0.96,-4.21,1.79,-9.96
92,-0.02,-0.16,0.96,-4.84,1.95,-9.53
93,-0.04,-0.17,0.95,-5.88,2.85,-9.73
94,-0.06,-0.18,0.95,-6.33,2.56,-9.29
95,-0.08,-0.17,0.93,-7.1,1.85,-8.56
96,-0.1,-0.17,0.92,-8.47,0.6,-7.19
97,-0.12,-0.17,0.91,-10.66,-0.84,-6.16
98,-0.13,-0.16,0.9,-13.06,-1.69,-4.27
99,-0.13,-0.15,0.88,-15.38,-4.05,-2.15
100,-0.12,-0.13,0.88,-19.18,-6.5,-1.81
101,-0.13,-0.14,0.87,-21.88,-9.37,-1.54
102,-0.11,-0.15,0.89,-22.37,-14.79,-0.66
103,-0.12,-0.16,0.88,-21.92,-19.93,-1.63
104,-0.06,-0.19,0.93,-19.02,-25.84,-2.38
105,-0.01,-0.23,0.97,-17.11,-23.53,-6.02
106,0.0,-0.26,1.03,-13.37,-21.68,-4.98
107,0.03,-0.28,1.07,-10.39,-17.81,-4.46
108,0.04,-0.29,1.09,-8.32,-12.8,-4.65
109,0.06,-0.3,1.12,-7.22,-7.5,-2.94
110,0.04,-0.32,1.13,-3.46,-5.57,-1.08
111,0.06,-0.35,1.14,-0.26,-3.24,1.3
112,0.07,-0.33,1.15,4.22,-0.1,1.22
113,0.08,-0.32,1.15,7.89,4.73,2.18
114,0.08,-0.3,1.13,12.17,9.09,2.41
115,0.06,-0.28,1.1,16.61,11.7,2.98
116,0.07,-0.26,1.07,19.9,15.08,3.27
117,0.06,-0.24,1.03,21.96,19.31,3.63
118,0.04,-0.2,0.99,22.13,20.97,2.85
119,0.03,-0.17,0.96,20.07,22.89,1.84
120,0.01,-0.15,0.92,17.91,23.22,1.2
121,-0.01,-0.12,0.9,16.21,20.89,1.02
122,-0.03,-0.08,0.88,13.11,19.02,-0.53
123,-0.04,-0.07,0.86,10.46,15.53,-1.98
124,-0.06,-0.06,0.85,7.08,11.86,-4.08
125,-0.07,-0.05,0.83,3.45,8.63,-5.4
126,-0.09,-0.04,0.82,-0.21,5.44,-6.05
127,-0.1,-0.05,0.82,-4.39,1.69,-6.61
128,-0.1,-0.05,0.82,-8.3,-1.66,-6.93
129,-0.1,-0.07,0.83,-12.05,-5.85,-7.66
130,-0.1,-0.09,0.84,-14.91,-9.09,-7.65
131,-0.1,-0.1,0.86,-18.27,-12.22,-7.52
132,-0.1,-0.11,0.87,-21.04,-15.08,-7.01
133,-0.09,-0.12,0.87,-25.07,-17.5,-7.95
134,-0.09,-0.15,0.89,-28.34,-20.05,-8.44
135,-0.08,-0.17,0.92,-29.85,-23.98,-9.08
136,-0.07,-0.23,0.96,-28.82,-27.76,-10.6
137,-0.04,-0.31,1.03,-22.57,-28.92,-11.73
138,0.01,-0.34,1.11,-14.26,-27.1,-8.4
139,0.04,-0.34,1.14,-8.52,-20.83,-5.41
140,0.06,-0.33,1.13,-7.39,-11.64,-4.22
141,0.05,-0.36,1.15,-5.5,-5.85,-2.63
142,0.04,-0.37,1.19,-0.77,-0.04,1.56
143,0.03,-0.35,1.16,3.94,5.21,4.53
144,0.04,-0.32,1.13,7.56,7.78,6.04
145,0.04,-0.28,1.09,10.16,10.16,6.11
146,0.03,-0.26,1.05,11.89,12.75,6.1
147,0.02,-0.23,1.01,13.44,13.94,5.72
148,0.02,-0.2,0.99,14.89,13.31,5.69
149,0.02,-0.17,0.96,14.53,13.93,5.5
150,0.03,-0.15,0.94,14.32,14.38,4.34
151,0.01,-0.15,0.93,14.66,13.34,2.85
152,0.02,-0.12,0.91,14.17,13.21,1.77
153,0.01,-0.09,0.89,11.53,12.56,0.61
154,-0.0,-0.07,0.87,8.06,11.3,-1.42
155,-0.02,-0.07,0.85,4.06,8.3,-3.86
156,-0.04,-0.07,0.86,0.69,5.07,-5.67
157,-0.05,-0.07,0.86,-2.02,0.77,-6.85
158,-0.05,-0.09,0.86,-4.79,-2.74,-8.53
159,-0.04,-0.09,0.88,-7.6,-4.68,-10.07
160,-0.06,-0.12,0.9,-10.37,-6.43,-10.56
161,-0.07,-0.15,0.92,-12.2,-8.14,-10.66
162,-0.07,-0.18,0.94,-14.0,-8.99,-10.92
163,-0.08,-0.23,0.99,-11.87,-9.82,-9.81
164,-0.08,-0.26,1.02,-8.13,-9.5,-7.34
165,-0.08,-0.27,1.03,-5.32,-7.88,-5.0
166,-0.07,-0.27,1.04,-3.93,-4.4,-2.19
167,-0.08,-0.27,1.03,-2.82,-2.02,0.57
168,-0.08,-0.27,1.04,-1.08,-0.62,3.0
169,-0.08,-0.27,1.03,1.17,0.29,5.45
170,-0.05,-0.24,1.03,3.03,0.65,7.47
171,-0.02,-0.22,1.0,3.27,1.6,7.6
172,0.01,-0.19,1.0,4.73,2.47,6.82
173,0.01,-0.18,0.98,6.31,2.02,6.07
174,0.03,-0.16,0.99,7.32,2.11,5.24
175,0.05,-0.13,0.97,6.73,2.21,3.4
176,0.07,-0.11,0.96,5.44,3.51,1.21
177,0.06,-0.1,0.94,3.87,4.5,-0.27
178,0.05,-0.1,0.93,2.34,4.08,-1.42
179,0.04,-0.09,0.92,0.66,2.8,-3.89
180,0.04,-0.09,0.91,-2.0,2.18,-6.5
181,0.01,-0.11,0.92,-3.83,0.66,-8.26
182,0.0,-0.12,0.93,-5.36,-1.21,-10.0
183,-0.0,-0.13,0.93,-7.15,-1.97,-10.85
184,-0.03,-0.14,0.93,-8.63,-2.35,-11.18
185,-0.05,-0.15,0.94,-10.09,-3.0,-11.46
186,-0.07,-0.16,0.94,-11.7,-3.76,-11.21
187,-0.08,-0.17,0.94,-14.5,-4.42,-10.85
188,-0.11,-0.19,0.95,-16.61,-5.28,-10.06
189,-0.13,-0.23,0.96,-15.86,-9.07,-8.7
190,-0.13,-0.26,0.98,-14.46,-10.74,-6.5
191,-0.12,-0.26,1.0,-12.65,-12.21,-4.01
192,-0.1,-0.27,1.02,-8.52,-11.98,-1.89
193,-0.09,-0.29,1.04,-3.72,-9.05,1.39
194,-0.06,-0.26,1.03,-1.01,-5.31,4.68
195,-0.05,-0.24,1.01,-1.56,-0.98,7.63
196,-0.06,-0.22,1.0,-2.11,0.12,9.63
197,-0.05,-0.21,0.98,-1.34,-0.98,10.0
198,-0.02,-0.19,0.97,-0.27,-3.79,8.77
199,0.0,-0.18,0.98,0.6,-5.79,5.92
200,0.04,-0.17,0.98,1.83,-7.27,2.98
201,0.06,-0.15,0.98,2.55,-6.98,-0.17
202,0.09,-0.14,0.97,2.03,-4.9,-1.89
203,0.1,-0.13,0.97,1.78,-3.11,-2.84
204,0.11,-0.12,0.98,0.89,-0.56,-3.04
205,0.1,-0.1,0.95,-0.5,2.31,-3.98
206,0.1,-0.1,0.94,-2.18,3.73,-5.78
207,0.07,-0.11,0.93,-3.84,3.99,-7.99
208,0.05,-0.12,0.93,-4.76,2.94,-9.69
209,0.02,-0.13,0.93,-5.75,1.99,-11.67
210,0.01,-0.15,0.94,-7.15,0.53,-12.75
211,-0.02,-0.17,0.95,-8.85,0.15,-13.02
212,-0.03,-0.2,0.97,-9.64,-0.05,-12.37
213,-0.05,-0.22,0.98,-10.66,0.52,-11.27
214,-0.07,-0.26,1.0,-8.01,-0.04,-9.44
215,-0.09,-0.28,1.01,-4.14,0.42,-7.02
216,-0.09,-0.26,1.01,-2.21,0.66,-5.85
217,-0.12,-0.25,0.99,-1.97,-0.1,-3.74
218,-0.14,-0.27,1.0,-1.71,0.78,0.05
219,-0.14,-0.26,0.99,-0.81,0.45,3.53
220,-0.13,-0.25,0.99,0.34,0.2,5.79
221,-0.12,-0.25,0.99,2.44,-0.18,8.11
222,-0.08,-0.24,0.99,3.95,-1.14,10.37
223,-0.05,-0.21,0.98,4.6,-0.41,12.14
224,-0.04,-0.19,0.96,5.15,0.6,13.51
225,-0.02,-0.19,0.98,6.48,0.67,13.15
226,0.01,-0.18,0.98,9.75,-1.03,12.64
227,0.03,-0.15,0.98,10.52,-1.01,11.91
228,0.07,-0.12,0.97,9.74,0.96,10.05
229,0.09,-0.08,0.96,6.8,1.69,6.47
230,0.09,-0.09,0.94,3.66,2.91,3.86
231,0.09,-0.09,0.95,1.87,3.67,0.71
232,0.08,-0.1,0.94,0.61,2.82,-2.73
233,0.07,-0.1,0.95,-0.27,2.08,-5.83
234,0.06,-0.11,0.95,-0.96,1.18,-8.01
235,0.05,-0.12,0.95,-2.18,0.21,-9.92
236,0.04,-0.12,0.96,-4.09,0.94,-11.06
237,0.03,-0.16,0.97,-4.47,1.02,-11.18
238,-0.0,-0.17,0.97,-4.45,1.07,-11.08
239,-0.02,-0.18,0.99,-4.43,1.82,-11.31
240,-0.03,-0.19,0.98,-4.35,1.85,-12.32
241,-0.05,-0.19,0.97,-4.54,1.52,-12.44
242,-0.06,-0.21,0.98,-4.66,0.99,-11.38
243,-0.07,-0.21,0.98,-4.76,0.06,-10.23
244,-0.09,-0.21,0.98,-5.02,0.79,-8.96
245,-0.11,-0.22,0.98,-5.66,1.54,-6.98
246,-0.13,-0.23,0.97,-4.7,1.2,-4.76
247,-0.15,-0.24,0.97,-2.72,-0.84,-2.17
248,-0.14,-0.22,0.97,-1.5,-1.67,0.47
249,-0.14,-0.22,0.95,-0.87,-3.37,2.46
250,-0.11,-0.2,0.96,-1.44,-3.35,4.24
251,-0.1,-0.2,0.96,-1.76,-3.37,6.08
252,-0.08,-0.2,0.97,-1.0,-3.61,7.53
253,-0.05,-0.17,0.97,-0.52,-3.63,7.74
254,-0.03,-0.17,0.97,-0.49,-3.13,7.15
255,-0.02,-0.16,0.98,-0.03,-2.94,6.14
256,0.01,-0.15,0.97,0.27,-3.67,5.5
257,0.02,-0.15,0.98,0.54,-2.32,4.33
258,0.04,-0.15,0.98,1.2,-2.09,3.57
259,0.06,-0.14,0.97,0.88,-1.32,2.36
260,0.06,-0.13,0.97,0.43,-0.44,1.26
261,0.06,-0.13,0.98,0.1,0.18,-0.33
262,0.06,-0.13,0.99,0.28,-0.08,-1.51
263,0.07,-0.13,0.98,-0.56,0.66,-3.26
264,0.07,-0.13,0.98,-0.76,0.5,-5.11
265,0.06,-0.14,0.98,-0.94,1.53,-6.89
266,0.04,-0.14,0.98,-0.95,2.5,-8.08
267,0.03,-0.14,0.98,-2.05,2.92,-9.06
268,0.01,-0.14,0.97,-3.47,3.28,-9.5
269,-0.01,-0.14,0.96,-4.12,2.74,-9.92
270,-0.03,-0.15,0.96,-4.74,1.81,-10.38
271,-0.05,-0.17,0.96,-5.02,0.82,-10.22
272,-0.07,-0.17,0.96,-5.47,0.3,-10.03
273,-0.08,-0.18,0.95,-6.25,0.06,-9.31
274,-0.1,-0.18,0.94,-7.33,-0.51,-8.2
275,-0.11,-0.19,0.94,-8.55,-2.37,-6.91
276,-0.12,-0.2,0.96,-9.63,-3.0,-5.81
277,-0.13,-0.23,0.96,-8.05,-4.42,-3.51
278,-0.14,-0.23,0.97,-6.12,-5.95,-1.46
279,-0.12,-0.22,0.98,-5.14,-5.95,0.69
280,-0.12,-0.22,0.97,-4.57,-6.14,2.74
281,-0.1,-0.22,0.99,-3.6,-5.75,5.18
282,-0.07,-0.21,1.0,-3.01,-6.05,6.57
283,-0.04,-0.21,1.0,-1.84,-5.37,7.77
284,-0.02,-0.2,1.01,-0.64,-5.02,8.59
285,0.01,-0.19,1.01,0.6,-3.36,8.76
286,0.02,-0.18,1.01,1.63,-1.89,8.18
287,0.03,-0.17,1.0,3.21,-1.0,7.14
288,0.05,-0.15,1.0,4.39,0.11,5.92
289,0.07,-0.14,0.99,4.52,1.07,3.5
290,0.06,-0.14,0.99,4.9,2.58,1.98
291,0.05,-0.13,0.98,4.71,3.36,0.32
292,0.06,-0.12,0.96,3.92,4.19,-0.77
293,0.04,-0.11,0.95,1.23,5.05,-1.95
294,0.03,-0.12,0.94,-0.47,5.45,-3.37
295,0.01,-0.12,0.94,-1.61,4.18,-4.57
296,-0.0,-0.11,0.93,-2.79,1.63,-5.66
297,-0.01,-0.12,0.92,-4.66,1.27,-6.98
298,-0.03,-0.13,0.92,-5.73,-0.13,-7.47
299,-0.03,-0.13,0.92,-6.99,-1.47,-7.69
300,-0.04,-0.13,0.92,-8.82,-1.6,-7.34
301,-0.05,-0.13,0.92,-10.25,-2.42,-7.43
302,-0.05,-0.13,0.93,-11.4,-3.6,-7.44
303,-0.06,-0.15,0.93,-13.4,-4.85,-8.08
304,-0.07,-0.16,0.93,-15.62,-7.53,-7.93
305,-0.07,-0.2,0.96,-16.08,-9.22,-8.53
306,-0.07,-0.26,1.03,-11.69,-11.29,-7.18
307,-0.05,-0.27,1.05,-6.69,-10.77,-6.44
308,-0.02,-0.26,1.05,-4.1,-8.04,-5.63
309,-0.02,-0.27,1.06,-2.93,-3.67,-3.13
310,-0.03,-0.28,1.07,-1.19,-0.11,-0.79
311,-0.02,-0.27,1.07,1.22,2.47,1.06
312,-0.02,-0.25,1.05,3.3,5.06,2.57
313,-0.01,-0.23,1.03,5.17,6.58,2.98
314,-0.02,-0.2,1.01,6.38,6.74,3.36
315,-0.01,-0.18,0.99,7.26,7.21,3.02
316,-0.01,-0.16,0.97,7.16,6.92,2.46
317,-0.01,-0.14,0.95,6.31,7.25,1.98
318,-0.01,-0.12,0.93,5.31,6.63,2.09
319,-0.01,-0.11,0.91,3.32,5.92,0.86
320,-0.02,-0.1,0.9,2.16,4.93,-0.08
321,-0.02,-0.08,0.89,0.37,2.86,-1.62
322,-0.02,-0.07,0.89,-2.07,0.47,-2.97
323,-0.03,-0.08,0.88,-5.26,-1.24,-4.44
324,-0.03,-0.09,0.89,-7.51,-3.67,-5.7
325,-0.03,-0.1,0.9,-9.29,-6.75,-6.63
326,-0.03,-0.12,0.91,-11.24,-8.15,-7.38
327,-0.05,-0.15,0.93,-12.84,-9.01,-8.44
328,-0.05,-0.16,0.95,-14.66,-10.61,-8.53
329,-0.05,-0.2,0.98,-15.45,-12.42,-9.05
330,-0.05,-0.25,1.01,-12.6,-11.95,-7.63
331,-0.03,-0.28,1.07,-7.48,-9.76,-5.57
332,-0.02,-0.29,1.07,-3.47,-6.67,-3.76
333,-0.02,-0.28,1.08,-1.32,-1.73,-1.69
334,-0.03,-0.28,1.07,0.09,2.64,1.21
335,-0.03,-0.25,1.06,2.05,4.62,3.62
336,-0.02,-0.23,1.05,3.62,5.77,4.68
337,-0.02,-0.21,1.04,4.89,6.21,5.03
338,-0.0,-0.19,1.02,6.21,5.71,4.53
339,0.02,-0.17,1.0,7.38,6.11,3.5
340,0.02,-0.15,0.97,7.74,6.96,2.44
341,0.01,-0.13,0.95,7.04,6.97,1.55
342,0.01,-0.11,0.93,5.05,6.6,0.1
343,0.01,-0.11,0.93,3.79,6.63,-1.34
344,0.01,-0.1,0.93,3.5,6.36,-2.53
345,-0.0,-0.1,0.91,2.09,4.2,-3.61
346,-0.02,-0.09,0.9,-0.56,3.53,-5.11
347,-0.04,-0.1,0.89,-3.34,1.66,-6.17
348,-0.07,-0.12,0.89,-5.4,-0.5,-6.36
349,-0.09,-0.12,0.9,-7.19,-3.53,-6.56
350,-0.08,-0.14,0.92,-8.99,-6.44,-6.87
351,-0.08,-0.16,0.93,-10.41,-7.26,-6.41
352,-0.07,-0.17,0.95,-10.7,-7.96,-5.48
353,-0.07,-0.2,0.98,-10.2,-9.27,-5.23
354,-0.05,-0.22,1.01,-8.45,-10.6,-4.3
355,-0.04,-0.24,1.04,-5.3,-8.53,-2.5
356,-0.02,-0.24,1.04,-2.93,-5.74,-1.63
357,-0.0,-0.23,1.06,-1.69,-1.96,-0.81
358,-0.01,-0.24,1.05,-0.5,0.92,-0.18
359,-0.01,-0.24,1.06,1.88,2.33,1.08
360,-0.01,-0.22,1.03,3.81,3.98,1.46
361,-0.01,-0.2,1.03,4.96,5.53,1.56
362,-0.01,-0.17,1.0,5.23,5.32,1.88
363,-0.01,-0.17,0.98,5.16,6.19,2.07
364,-0.03,-0.15,0.96,4.37,6.69,2.21
365,-0.02,-0.14,0.94,3.53,5.84,1.34
366,-0.02,-0.12,0.93,2.39,4.42,0.76
367,-0.03,-0.11,0.91,1.17,2.58,-0.37
368,-0.02,-0.09,0.9,-0.6,1.34,-1.38
369,-0.03,-0.09,0.89,-2.66,-0.2,-1.96
370,-0.02,-0.09,0.9,-4.99,-1.87,-3.44
371,-0.03,-0.09,0.9,-7.01,-2.71,-4.36
372,-0.03,-0.1,0.9,-8.99,-4.22,-5.33
373,-0.04,-0.1,0.9,-10.78,-5.73,-6.11
374,-0.05,-0.11,0.91,-12.75,-7.18,-6.68
375,-0.05,-0.13,0.93,-14.44,-9.67,-7.56
376,-0.05,-0.16,0.94,-15.49,-11.29,-7.88
377,-0.04,-0.21,1.0,-13.68,-13.4,-8.12
378,-0.03,-0.25,1.04,-8.91,-13.14,-7.18
379,-0.01,-0.26,1.06,-5.68,-10.15,-6.07
380,-0.01,-0.26,1.07,-4.11,-5.89,-4.88
381,-0.01,-0.27,1.08,-3.07,-2.22,-2.26
382,-0.03,-0.28,1.08,-1.21,0.15,-0.27
383,-0.03,-0.27,1.08,1.78,1.72,1.3
384,-0.01,-0.26,1.07,3.91,3.6,2.37
385,-0.01,-0.22,1.04,5.21,5.79,3.17
386,-0.01,-0.2,1.02,6.47,6.72,3.33
387,0.0,-0.17,0.99,7.18,8.14,3.31
388,-0.0,-0.15,0.98,7.77,8.53,2.85
389,-0.01,-0.14,0.96,7.45,8.61,1.95
390,-0.0,-0.12,0.93,6.66,7.95,1.11
391,-0.01,-0.1,0.91,5.06,6.13,-0.11
392,-0.01,-0.09,0.89,2.28,4.82,-1.58
393,-0.02,-0.08,0.89,-0.44,4.36,-2.44
394,-0.03,-0.08,0.88,-2.56,2.57,-3.63
395,-0.04,-0.08,0.87,-4.88,-0.79,-5.08
396,-0.05,-0.09,0.87,-7.08,-3.42,-6.56
397,-0.06,-0.11,0.89,-9.47,-6.36,-7.68
398,-0.06,-0.14,0.92,-10.59,-9.27,-7.79
399,-0.06,-0.17,0.96,-11.02,-9.92,-7.6
400,-0.06,-0.2,0.98,-9.75,-10.21,-6.98
