,accel_x,accel_y,accel_z,gyro_x,gyro_y,gyro_z
0,-0.02,-0.26,0.95,3.4,-6.99,-4.73
1,-0.02,-0.25,0.95,3.73,-7.5,-5.18
2,-0.02,-0.24,0.95,2.37,-7.53,-5.62
3,-0.01,-0.24,0.95,-0.05,-5.58,-6.37
4,-0.02,-0.26,0.96,-0.69,-5.2,-5.8
5,-0.01,-0.26,0.95,-2.18,-2.87,-3.79
6,-0.02,-0.27,0.96,-2.93,-1.49,-2.01
7,-0.03,-0.28,0.96,-2.58,-1.56,-2.49
8,-0.02,-0.29,0.97,-1.11,-2.6,-2.6
9,-0.03,-0.29,0.97,0.37,-2.92,-2.59
10,-0.03,-0.29,0.96,1.1,-3.22,-2.26
11,-0.03,-0.28,0.95,1.02,-3.02,-1.52
12,-0.04,-0.27,0.95,0.17,-2.78,-1.21
13,-0.04,-0.27,0.95,0.29,-3.96,-0.11
14,-0.04,-0.27,0.94,0.64,-4.85,1.15
15,-0.02,-0.26,0.96,-0.11,-4.56,0.72
16,-0.02,-0.27,0.96,0.17,-4.66,1.18
17,-0.01,-0.27,0.95,0.35,-3.53,1.28
18,-0.0,-0.26,0.96,-0.09,-2.96,1.57
19,-0.0,-0.25,0.95,-0.12,-2.18,1.4
20,-0.01,-0.25,0.95,-0.68,-1.7,1.17
21,-0.01,-0.25,0.96,-0.56,-2.13,0.83
22,-0.02,-0.26,0.96,-0.65,-2.66,1.37
23,-0.02,-0.26,0.96,-0.38,-2.7,1.66
24,-0.02,-0.26,0.96,-0.26,-3.63,1.71
25,-0.01,-0.26,0.97,-0.12,-3.54,2.32
26,-0.02,-0.24,0.94,0.1,-2.85,2.14
27,-0.02,-0.25,0.94,-1.31,-1.37,3.16
28,-0.05,-0.25,0.94,-1.64,-2.48,4.5
29,-0.04,-0.26,0.93,-1.82,-2.82,5.33
30,-0.04,-0.27,0.95,-2.82,-2.66,6.6
31,-0.03,-0.27,0.95,-2.25,-4.53,6.05
32,-0.02,-0.26,0.95,-0.59,-5.51,4.03
33,-0.01,-0.26,0.96,1.03,-8.42,1.31
34,-0.02,-0.26,0.95,1.35,-9.54,-0.08
35,-0.01,-0.25,0.96,-0.12,-11.61,-0.16
36,-0.03,-0.25,0.95,0.27,-12.07,0.73
37,0.01,-0.25,0.95,-1.14,-7.73,0.13
38,0.01,-0.25,0.97,-3.35,-2.92,0.21
39,0.02,-0.27,0.99,-2.61,-0.91,1.33
40,0.01,-0.25,0.97,-2.26,-1.84,-0.66
41,0.02,-0.24,0.97,-3.42,1.17,0.24
42,-0.01,-0.23,0.96,-2.55,-1.18,-0.92
43,0.01,-0.23,0.95,-3.58,0.29,0.31
44,-0.01,-0.24,0.95,-4.18,-1.11,-0.82
45,0.0,-0.24,0.94,-4.34,-0.19,0.14
46,-0.0,-0.26,0.95,-4.27,-0.6,-1.73
47,-0.0,-0.26,0.95,-3.27,-0.79,-1.72
48,-0.01,-0.26,0.96,-1.74,-1.31,-2.22
49,-0.01,-0.27,0.96,-1.47,-0.21,-2.33
50,-0.01,-0.26,0.99,-0.46,0.48,-1.41
51,-0.03,-0.26,0.95,-0.23,-1.08,-1.05
52,-0.03,-0.25,0.94,-1.38,0.2,0.73
53,-0.04,-0.27,0.96,-2.14,0.15,1.89
54,-0.05,-0.26,0.95,-2.44,-1.31,3.52
55,-0.05,-0.27,0.94,-2.99,-2.01,4.18
56,-0.04,-0.25,0.93,-3.47,-1.76,4.19
57,-0.04,-0.26,0.94,-3.57,-2.23,3.02
58,-0.03,-0.26,0.94,-3.97,-1.71,2.45
59,-0.04,-0.28,0.96,-3.27,-2.44,1.5
60,-0.03,-0.27,0.96,-2.04,-2.5,0.41
61,-0.02,-0.26,0.96,-2.51,-1.12,0.2
62,-0.03,-0.28,0.96,-2.45,0.34,0.55
63,-0.03,-0.27,0.95,-3.08,0.82,1.9
64,-0.04,-0.26,0.95,-3.04,-0.56,4.49
65,-0.01,-0.25,0.95,-2.63,-1.79,5.69
66,0.0,-0.24,0.95,-1.56,-3.49,5.46
67,0.03,-0.23,0.95,-0.18,-5.61,4.63
68,0.06,-0.2,0.95,0.01,-5.49,3.63
69,0.07,-0.2,0.95,-0.12,-4.53,3.1
70,0.07,-0.2,0.94,0.32,-5.12,1.88
71,0.09,-0.19,0.95,0.18,-4.82,0.1
72,0.08,-0.2,0.95,-0.91,-5.26,-2.76
73,0.09,-0.21,0.96,-0.75,-4.53,-4.45
74,0.09,-0.21,0.97,-0.12,-4.25,-6.8
75,0.09,-0.22,0.97,-0.13,-2.78,-8.4
76,0.06,-0.23,0.96,-0.08,-2.78,-9.35
77,0.04,-0.25,0.97,1.23,-3.98,-10.38
78,0.04,-0.24,0.97,2.28,-2.93,-10.15
79,0.04,-0.24,0.97,0.37,-0.33,-10.76
80,0.02,-0.25,0.97,-1.68,3.02,-9.58
81,0.01,-0.27,0.97,-2.31,3.5,-8.46
82,0.01,-0.27,0.99,-2.0,3.63,-8.1
83,0.0,-0.27,0.98,0.02,2.9,-8.48
84,0.0,-0.27,0.99,2.72,1.84,-9.7
85,0.01,-0.26,0.96,4.09,1.36,-11.31
86,-0.0,-0.25,0.95,5.43,0.69,-13.38
87,-0.02,-0.24,0.95,7.0,-0.45,-13.81
88,-0.02,-0.23,0.93,6.39,-2.27,-13.87
89,-0.02,-0.23,0.94,5.35,-3.09,-13.77
90,-0.02,-0.23,0.94,3.73,-3.66,-11.65
91,0.0,-0.22,0.95,0.6,-2.14,-9.92
92,0.01,-0.24,0.96,-0.64,-1.68,-8.28
93,0.01,-0.25,0.96,0.17,-1.77,-8.4
94,0.02,-0.24,0.97,0.36,-1.0,-9.95
95,0.03,-0.24,0.97,1.08,-1.6,-11.2
96,0.02,-0.23,0.97,1.02,-1.1,-11.24
97,0.0,-0.25,0.97,2.92,-2.34,-11.62
98,-0.01,-0.25,0.98,6.04,-5.94,-12.22
99,0.0,-0.24,0.97,8.34,-7.48,-12.24
100,-0.0,-0.23,0.96,9.58,-10.03,-12.85
101,-0.0,-0.22,0.96,10.82,-11.41,-14.28
102,-0.01,-0.21,0.95,10.72,-12.92,-14.23
103,0.01,-0.2,0.94,10.03,-14.45,-14.46
104,0.0,-0.2,0.94,8.61,-16.39,-14.19
105,0.01,-0.21,0.94,6.24,-17.71,-15.87
106,-0.02,-0.23,0.95,6.15,-21.09,-17.15
107,-0.0,-0.25,0.97,10.21,-26.25,-19.1
108,0.0,-0.24,0.97,12.63,-30.33,-22.15
109,0.02,-0.24,0.98,14.82,-32.24,-23.18
110,0.02,-0.23,0.98,13.44,-32.79,-23.56
111,0.04,-0.23,0.98,14.02,-29.99,-20.89
112,0.05,-0.21,0.98,10.4,-24.92,-18.85
113,0.07,-0.18,0.98,2.22,-15.52,-13.82
114,0.09,-0.19,0.97,-5.09,-4.96,-9.34
115,0.07,-0.21,1.0,-9.38,0.66,-6.92
116,0.06,-0.21,0.99,-10.87,4.92,-5.06
117,0.04,-0.23,0.98,-10.73,6.91,-4.92
118,0.04,-0.23,0.99,-7.83,5.97,-5.91
119,0.04,-0.22,0.99,-6.02,4.6,-8.31
120,0.06,-0.2,0.97,-5.62,5.6,-9.65
121,0.05,-0.19,0.96,-7.69,10.25,-7.13
122,0.04,-0.19,0.97,-10.4,12.42,-4.23
123,0.01,-0.21,0.96,-12.68,13.49,-1.15
124,0.01,-0.22,0.96,-12.15,12.18,0.5
125,0.01,-0.22,0.96,-11.21,10.85,0.17
126,0.01,-0.23,0.96,-10.4,8.18,-0.57
127,0.01,-0.24,0.96,-9.33,5.94,-1.22
128,0.01,-0.25,0.98,-6.97,3.84,-0.44
129,0.03,-0.25,0.97,-5.2,2.98,-0.31
130,0.04,-0.22,0.97,-4.95,2.53,0.01
131,0.03,-0.23,0.96,-5.03,2.18,-0.01
132,0.03,-0.23,0.95,-5.76,2.3,0.56
133,0.03,-0.23,0.95,-6.37,3.56,2.49
134,0.04,-0.22,0.95,-6.95,3.85,2.81
135,0.05,-0.21,0.95,-7.76,4.35,2.44
136,0.04,-0.22,0.94,-6.76,2.6,1.27
137,0.05,-0.22,0.93,-6.4,1.91,1.56
138,0.04,-0.21,0.93,-6.83,-1.19,0.24
139,0.06,-0.22,0.95,-6.44,-2.31,0.96
140,0.07,-0.22,0.95,-6.73,-4.96,0.66
141,0.11,-0.21,0.94,-8.21,-3.69,-0.9
142,0.11,-0.2,0.96,-7.63,-2.85,-1.94
143,0.12,-0.22,0.97,-5.82,-3.11,-2.21
144,0.14,-0.22,0.97,-5.16,-1.9,-2.42
145,0.13,-0.21,0.97,-4.89,-1.43,-2.69
146,0.14,-0.21,0.97,-4.02,-2.04,-3.29
147,0.16,-0.2,0.98,-4.02,-2.49,-3.86
148,0.18,-0.21,0.99,-3.44,-3.48,-4.18
149,0.23,-0.22,0.99,-1.11,-5.49,-5.07
150,0.3,-0.23,1.01,1.71,-8.18,-4.54
151,0.4,-0.23,1.03,4.31,-10.53,-4.79
152,0.51,-0.2,1.03,7.3,-14.98,-6.61
153,0.66,-0.16,1.04,9.2,-19.15,-10.75
154,0.85,-0.09,1.03,10.73,-16.42,-17.82
155,1.04,-0.04,1.06,6.73,-23.46,-31.06
156,1.22,0.0,1.09,5.79,-26.92,-47.89
157,1.44,0.06,1.09,-0.2,-29.63,-65.18
158,1.7,0.12,1.13,-1.95,-13.62,-86.03
159,1.82,0.13,1.1,-2.27,7.79,-114.57
160,1.8,0.12,1.04,-8.82,33.7,-144.32
161,1.73,0.07,0.98,-15.4,54.02,-161.62
162,1.59,0.01,0.87,-26.82,68.62,-179.22
163,1.46,-0.1,0.86,-35.55,76.87,-190.17
164,1.33,-0.24,0.79,-43.69,81.79,-191.51
165,1.17,-0.38,0.82,-46.66,79.75,-199.99
166,1.02,-0.28,0.75,-42.15,75.16,-196.15
167,0.88,-0.43,0.84,-33.2,63.21,-177.22
168,0.36,-0.71,0.24,-47.1,132.65,-155.69
169,0.48,-0.49,0.84,4.43,13.98,-169.79
170,0.58,-0.67,0.87,-62.69,45.16,-207.23
171,0.23,-1.03,0.9,-20.85,43.89,-180.44
172,0.05,-1.04,0.8,19.05,32.02,-108.69
173,0.13,-0.78,0.85,47.64,20.28,-73.36
174,0.11,-0.69,0.66,41.53,36.43,-38.08
175,-0.14,-0.51,0.44,35.41,95.85,-7.14
176,-0.29,-0.44,0.36,1.18,128.15,-3.02
177,-0.49,-0.56,0.39,-30.85,193.56,21.44
178,-0.95,-0.72,0.41,-31.22,211.21,35.94
179,-1.56,-1.04,0.49,-4.63,158.54,15.02
180,-2.0,-1.18,0.53,30.89,72.34,-40.34
181,-2.0,-1.13,0.6,59.92,-39.98,-107.89
182,-2.0,-0.98,0.7,67.4,-120.81,-150.18
183,-1.8,-0.88,0.87,51.18,-129.73,-139.24
184,-1.4,-0.83,1.06,25.95,-87.82,-100.82
185,-1.05,-0.79,1.22,-0.51,-14.92,-49.96
186,-0.9,-0.73,1.21,-16.53,53.98,-6.59
187,-0.93,-0.68,1.12,-11.68,87.67,22.94
188,-1.05,-0.61,0.97,7.4,77.56,32.53
189,-1.03,-0.46,0.79,22.96,46.79,27.03
190,-0.92,-0.28,0.68,35.37,-2.3,17.97
191,-0.76,-0.13,0.63,36.48,-35.05,9.59
192,-0.57,-0.02,0.6,27.24,-55.3,10.08
193,-0.41,0.02,0.64,9.75,-54.05,19.87
194,-0.33,-0.02,0.7,-8.47,-42.99,30.01
195,-0.29,-0.07,0.75,-20.47,-38.78,34.89
196,-0.26,-0.12,0.79,-28.35,-38.49,35.18
197,-0.21,-0.18,0.87,-27.53,-47.08,28.96
198,-0.15,-0.22,0.94,-19.24,-55.4,14.73
199,-0.09,-0.24,0.97,-9.28,-61.37,2.95
200,-0.03,-0.22,0.99,-3.36,-60.45,0.54
201,0.04,-0.21,1.0,-5.07,-50.54,-2.67
202,0.05,-0.21,1.03,-5.09,-38.44,-3.45
203,0.04,-0.24,1.05,-3.55,-28.5,-6.46
204,0.04,-0.26,1.05,-1.26,-20.66,-5.08
205,0.03,-0.27,1.05,-1.92,-12.05,-2.53
206,0.04,-0.25,1.05,-4.3,-4.63,1.31
207,0.07,-0.24,1.05,-6.47,1.48,1.09
208,0.05,-0.27,1.05,-7.34,6.84,-2.76
209,0.02,-0.29,1.06,-6.66,9.29,-5.92
210,-0.02,-0.28,1.04,-3.56,5.26,-6.02
211,-0.03,-0.25,1.01,-3.01,2.33,-5.79
212,-0.13,-0.28,0.97,-2.34,-0.05,-1.41
213,-0.02,-0.23,1.0,-6.1,4.56,-3.28
214,-0.07,-0.25,0.99,-8.01,7.85,-5.71
215,-0.06,-0.25,0.99,-8.08,10.12,-7.81
216,-0.11,-0.29,0.99,-5.0,7.37,-7.44
217,-0.13,-0.29,0.96,-6.78,10.42,-6.63
218,-0.16,-0.3,0.94,-7.03,6.88,-0.34
219,-0.16,-0.28,0.92,-9.15,1.75,6.08
220,-0.11,-0.24,0.93,-14.31,0.94,10.19
221,-0.07,-0.23,0.93,-19.27,2.76,10.47
222,-0.04,-0.23,0.92,-22.32,4.9,9.3
223,-0.07,-0.26,0.93,-24.66,7.76,8.63
224,-0.08,-0.25,0.92,-26.44,7.69,10.96
225,-0.07,-0.26,0.91,-30.55,14.49,10.66
226,-0.1,-0.29,0.91,-29.64,13.02,10.45
227,-0.16,-0.32,0.92,-23.28,3.37,8.79
228,-0.16,-0.34,0.91,-18.47,-2.18,9.79
229,-0.15,-0.33,0.91,-14.97,-8.86,10.9
230,-0.1,-0.32,0.9,-14.21,-12.89,11.63
231,-0.06,-0.3,0.91,-16.55,-9.47,12.24
232,-0.04,-0.3,0.92,-18.89,-2.74,12.84
233,-0.04,-0.33,0.92,-22.06,4.93,13.76
234,-0.07,-0.35,0.92,-22.76,10.11,16.33
235,-0.11,-0.33,0.89,-22.49,13.05,19.75
236,-0.09,-0.3,0.87,-22.47,13.49,21.76
237,-0.07,-0.29,0.87,-21.81,13.25,21.15
238,-0.05,-0.28,0.86,-21.94,14.17,19.92
239,-0.07,-0.29,0.85,-24.44,16.76,19.73
240,-0.1,-0.29,0.85,-26.31,15.85,20.95
241,-0.14,-0.32,0.82,-25.49,7.92,19.92
242,-0.14,-0.33,0.85,-19.5,-4.33,17.19
243,-0.11,-0.32,0.88,-11.83,-20.68,14.67
244,-0.03,-0.29,0.89,-10.82,-28.26,13.32
245,0.02,-0.3,0.95,-12.9,-25.11,14.96
246,0.03,-0.35,0.95,-15.22,-21.24,18.02
247,0.01,-0.37,0.98,-17.47,-12.47,21.91
248,0.09,-0.33,0.97,-19.46,1.92,27.44
249,0.04,-0.35,0.97,-21.4,10.77,31.62
250,-0.05,-0.37,0.95,-21.52,9.95,34.85
251,-0.09,-0.38,0.94,-17.24,2.28,36.55
252,-0.08,-0.37,0.93,-12.76,-11.13,35.95
253,-0.08,-0.36,0.92,-10.36,-20.39,34.89
254,-0.03,-0.35,0.94,-11.4,-25.25,32.77
255,0.0,-0.35,0.97,-18.5,-20.92,33.64
256,0.04,-0.36,0.97,-9.25,-29.33,32.71
257,0.1,-0.36,1.0,-8.49,-24.67,34.27
258,0.08,-0.35,0.99,-9.53,-15.92,34.87
259,0.03,-0.34,0.96,-8.53,-13.14,35.79
260,-0.07,-0.34,0.85,-5.71,-16.66,43.42
261,-0.06,-0.34,0.9,-11.12,-18.89,40.69
262,-0.08,-0.34,0.89,-11.12,-27.08,41.75
263,-0.08,-0.35,0.89,-10.83,-37.59,42.38
264,-0.03,-0.34,0.92,-11.53,-44.16,43.61
265,0.06,-0.32,0.95,-11.4,-43.09,46.87
266,0.15,-0.32,0.97,-13.57,-37.13,44.26
267,0.19,-0.32,1.01,-15.17,-28.73,38.66
268,0.16,-0.36,1.02,-14.98,-16.19,37.85
269,0.11,-0.39,1.01,-13.33,-8.91,37.31
270,0.12,-0.37,1.01,-10.36,-2.49,42.75
271,0.02,-0.4,0.95,-11.27,-0.81,39.04
272,-0.02,-0.4,0.93,-12.62,-0.66,39.98
273,-0.04,-0.43,0.95,-7.53,-6.76,42.6
274,-0.03,-0.4,0.92,-6.14,-12.24,41.57
275,0.01,-0.37,0.93,-3.73,-13.73,41.28
276,0.04,-0.37,0.93,-3.36,-13.06,39.54
277,0.05,-0.36,0.94,-0.74,-13.94,38.63
278,0.06,-0.35,0.92,1.76,-11.11,37.24
279,0.05,-0.33,0.9,-0.82,-7.68,34.4
280,0.06,-0.32,0.9,-2.23,-6.02,32.4
281,0.04,-0.31,0.88,-5.6,-4.29,30.97
282,0.02,-0.33,0.89,-8.77,-0.87,31.66
283,-0.03,-0.36,0.88,-8.63,-4.84,32.67
284,-0.03,-0.36,0.87,-6.27,-10.4,33.6
285,-0.01,-0.33,0.88,-7.02,-16.34,33.95
286,0.02,-0.33,0.9,-4.68,-21.46,34.08
287,0.05,-0.33,0.92,-2.05,-24.42,34.74
288,0.11,-0.31,0.93,-0.56,-19.27,33.83
289,0.1,-0.3,0.9,-2.82,-19.5,29.01
290,0.16,-0.28,0.95,-1.44,-21.07,30.19
291,0.04,-0.33,0.95,-1.75,-17.13,23.69
292,0.08,-0.31,0.93,-0.5,-19.35,21.63
293,0.06,-0.31,0.92,-2.54,-14.3,20.95
294,0.04,-0.34,0.93,-0.03,-14.84,19.83
295,0.04,-0.34,0.94,2.02,-11.44,19.88
296,0.06,-0.35,0.94,2.07,-3.28,22.75
297,0.08,-0.38,1.02,0.56,6.74,26.93
298,-0.01,-0.4,0.92,-5.47,9.49,29.89
299,-0.09,-0.38,0.89,-15.11,7.88,30.4
300,-0.1,-0.38,0.94,-11.69,-1.06,31.85
301,-0.03,-0.38,0.96,-1.82,-13.05,31.48
302,0.05,-0.35,0.94,-1.92,-16.37,25.96
303,0.08,-0.35,0.98,0.09,-11.47,23.89
304,0.08,-0.35,1.0,9.42,-13.25,21.18
305,0.07,-0.31,0.94,8.04,-13.37,15.51
306,0.04,-0.31,0.91,2.25,-10.04,12.5
307,0.03,-0.33,0.94,2.9,-8.89,13.44
308,0.08,-0.34,1.0,6.58,-1.05,15.99
309,0.01,-0.35,0.93,-3.17,2.44,13.65
310,-0.02,-0.37,0.94,-4.58,6.59,18.95
311,0.0,-0.38,0.98,3.79,7.79,24.1
312,-0.02,-0.34,0.92,2.18,-1.15,19.37
313,0.02,-0.32,0.92,3.15,5.73,21.38
314,-0.02,-0.35,0.95,8.21,-2.54,18.35
315,0.01,-0.33,0.91,9.56,-6.27,14.83
316,0.03,-0.3,0.95,8.05,5.92,17.5
317,-0.01,-0.34,0.92,9.51,-4.78,16.58
318,0.01,-0.25,0.87,0.27,5.24,14.85
319,-0.02,-0.31,0.94,-3.66,3.37,19.95
320,0.02,-0.29,0.9,-2.42,-2.47,17.64
321,0.03,-0.29,0.92,-8.35,4.39,18.08
322,0.01,-0.34,0.96,-4.03,0.45,17.79
323,0.05,-0.35,0.94,-0.99,-2.47,16.05
324,0.03,-0.34,0.95,-1.0,1.0,12.85
325,0.04,-0.36,0.97,5.14,-4.26,13.4
326,0.06,-0.32,0.93,8.73,-5.69,8.82
327,0.08,-0.28,0.93,5.21,-0.15,8.36
328,0.04,-0.3,0.94,3.66,0.69,8.13
329,0.05,-0.3,0.92,2.57,1.6,8.82
330,0.06,-0.29,0.91,-2.43,7.53,9.82
331,0.02,-0.29,0.91,-8.33,11.38,10.34
332,-0.0,-0.32,0.93,-9.45,11.07,11.76
333,-0.02,-0.35,0.94,-5.96,7.76,11.0
334,-0.05,-0.35,0.92,-3.92,2.74,9.97
335,-0.07,-0.33,0.93,-3.63,-1.86,9.7
336,-0.04,-0.34,0.96,0.5,-8.4,10.2
337,0.01,-0.31,0.96,3.18,-10.16,8.5
338,0.03,-0.3,0.97,1.54,-7.25,8.13
339,0.03,-0.3,0.98,1.08,-6.69,8.47
340,0.05,-0.29,0.98,0.71,-3.33,7.54
341,0.04,-0.28,0.97,-0.19,-0.47,6.02
342,0.02,-0.29,0.97,-0.27,-0.75,4.08
343,0.0,-0.29,0.96,0.03,-0.3,2.12
344,-0.02,-0.3,0.94,0.32,-0.5,0.47
345,-0.03,-0.3,0.95,1.21,-0.7,-0.47
346,-0.05,-0.29,0.93,0.56,-0.4,-1.13
347,-0.07,-0.3,0.94,-0.66,-0.12,-0.44
348,-0.06,-0.3,0.94,-0.95,-0.82,0.39
349,-0.07,-0.3,0.94,-0.53,-1.7,0.68
350,-0.07,-0.29,0.93,-0.42,-2.34,0.62
351,-0.07,-0.31,0.95,1.02,-4.05,-1.15
352,-0.08,-0.32,0.95,3.36,-5.17,-1.34
353,-0.07,-0.32,0.93,4.98,-7.07,-0.54
354,-0.05,-0.3,0.93,3.98,-7.11,-1.19
355,-0.03,-0.28,0.94,2.94,-6.85,-1.86
356,-0.02,-0.27,0.95,1.58,-4.15,-0.52
357,-0.02,-0.27,0.94,-0.47,-2.32,1.26
358,-0.02,-0.26,0.93,-0.68,-2.48,0.85
359,-0.02,-0.27,0.95,0.21,-1.63,0.65
360,-0.02,-0.28,0.94,0.27,-2.6,0.86
361,-0.01,-0.27,0.92,1.09,-4.07,-0.44
362,-0.01,-0.27,0.94,3.05,-7.47,-4.61
363,-0.01,-0.27,0.94,4.12,-9.21,-5.36
364,0.0,-0.28,0.93,4.82,-10.23,-6.98
365,0.01,-0.28,0.95,5.62,-8.75,-8.03
366,0.02,-0.28,0.96,6.42,-9.79,-10.42
367,0.02,-0.28,0.96,6.75,-8.23,-9.98
368,0.01,-0.28,0.96,6.92,-6.36,-9.47
369,0.01,-0.28,0.95,6.63,-5.2,-10.59
370,-0.0,-0.27,0.94,5.31,-2.96,-9.95
371,-0.02,-0.27,0.92,4.38,-2.32,-9.55
372,-0.01,-0.26,0.95,3.5,-0.84,-9.44
373,-0.02,-0.27,0.93,2.31,-0.74,-10.57
374,-0.02,-0.27,0.93,1.63,0.33,-10.18
375,-0.04,-0.28,0.93,0.63,1.53,-9.13
376,-0.05,-0.29,0.94,-0.5,1.98,-6.03
377,-0.05,-0.3,0.94,0.25,0.7,-3.6
378,-0.04,-0.29,0.94,-0.08,0.98,-4.14
379,-0.05,-0.29,0.93,1.34,-0.24,-4.29
380,-0.05,-0.29,0.94,2.77,-2.2,-4.74
381,-0.04,-0.28,0.93,5.25,-5.5,-6.79
382,-0.02,-0.27,0.93,5.78,-5.85,-10.75
383,-0.02,-0.28,0.94,5.82,-6.11,-10.73
384,-0.03,-0.27,0.93,4.93,-5.53,-9.56
385,-0.02,-0.25,0.93,3.62,-5.37,-8.96
386,-0.01,-0.25,0.94,1.12,-3.25,-10.05
387,-0.02,-0.25,0.94,-0.38,-1.64,-9.47
388,-0.04,-0.24,0.93,-2.29,-0.3,-7.27
389,-0.04,-0.25,0.94,-4.19,0.2,-6.14
390,-0.02,-0.26,0.95,-4.67,1.05,-7.32
391,-0.03,-0.28,0.97,-3.66,1.07,-7.19
392,-0.05,-0.26,0.95,-3.24,0.58,-6.78
393,-0.05,-0.27,0.96,-2.75,-0.95,-7.16
394,-0.03,-0.28,0.97,-1.67,-0.76,-8.45
395,-0.03,-0.28,0.98,0.2,-0.65,-10.53
396,-0.05,-0.29,0.97,1.17,-0.04,-10.02
397,-0.06,-0.29,0.97,2.39,-1.4,-9.31
398,-0.06,-0.29,0.97,2.73,-1.95,-8.72
399,-0.06,-0.29,0.97,2.69,-0.92,-7.98
