,accel_x,accel_y,accel_z,gyro_x,gyro_y,gyro_z
0,0.01,-0.19,0.99,3.8,10.05,-14.08
1,-0.0,-0.18,0.97,3.74,10.71,-15.95
2,-0.02,-0.17,0.95,3.81,11.47,-15.61
3,-0.03,-0.16,0.95,3.98,12.61,-15.59
4,-0.06,-0.14,0.94,3.32,12.06,-15.24
5,-0.1,-0.15,0.92,2.34,9.85,-15.08
6,-0.13,-0.14,0.91,1.02,6.15,-13.74
7,-0.12,-0.14,0.92,-0.34,1.7,-11.4
8,-0.13,-0.17,0.94,-1.49,-3.41,-11.11
9,-0.12,-0.19,0.98,-1.3,-9.99,-11.59
10,-0.06,-0.2,1.0,0.34,-11.91,-9.42
11,-0.01,-0.19,1.02,1.82,-7.25,-6.96
12,-0.0,-0.18,1.03,2.11,-2.69,-6.44
13,0.01,-0.15,0.99,2.64,2.87,-6.1
14,-0.0,-0.13,0.98,1.17,7.65,-6.36
15,-0.03,-0.13,0.94,-0.11,8.8,-7.5
16,-0.04,-0.12,0.94,-1.46,9.34,-7.31
17,-0.07,-0.13,0.94,-2.0,8.01,-7.05
18,-0.06,-0.14,0.93,-2.56,5.11,-7.55
19,-0.05,-0.15,0.91,-3.2,2.78,-7.34
20,-0.05,-0.14,0.93,-3.42,0.19,-8.09
21,-0.02,-0.14,0.92,-3.47,-0.57,-7.06
22,-0.03,-0.13,0.92,-5.16,-2.44,-7.98
23,-0.03,-0.15,0.94,-6.49,-3.92,-8.39
24,-0.03,-0.17,0.95,-6.98,-3.55,-8.28
25,-0.04,-0.18,0.95,-6.98,-3.82,-7.48
26,-0.03,-0.19,0.97,-7.33,-3.78,-7.4
27,-0.03,-0.22,0.98,-5.9,-2.83,-7.13
28,-0.02,-0.23,1.0,-3.62,-2.24,-8.31
29,-0.03,-0.22,0.98,-0.69,-0.42,-8.08
30,-0.04,-0.19,0.97,1.77,0.18,-8.18
31,-0.04,-0.17,0.96,3.21,-1.04,-7.55
32,-0.05,-0.15,0.94,3.24,-3.14,-7.76
33,-0.05,-0.14,0.93,3.1,-5.69,-8.56
34,-0.02,-0.14,0.93,1.83,-6.13,-7.93
35,-0.0,-0.13,0.94,2.24,-4.32,-7.02
36,-0.01,-0.12,0.93,1.78,-5.98,-5.89
37,0.0,-0.12,0.94,-0.85,-7.76,-6.91
38,0.02,-0.14,0.96,-2.01,-9.61,-7.63
39,0.05,-0.17,1.01,-0.56,-6.96,-5.35
40,0.05,-0.17,1.02,0.5,-3.36,-4.94
41,0.06,-0.15,1.01,0.24,1.8,-3.27
42,0.05,-0.14,1.02,0.23,8.15,-0.94
43,0.03,-0.14,1.01,0.1,11.74,-2.07
44,0.01,-0.14,1.0,1.97,12.36,-2.17
45,-0.02,-0.14,1.0,2.78,10.91,-2.05
46,-0.03,-0.15,0.99,2.39,8.37,-3.46
47,-0.04,-0.14,0.98,0.25,6.02,-5.78
48,-0.04,-0.13,0.99,0.16,7.46,-6.5
49,-0.06,-0.13,0.99,-0.57,6.28,-5.53
50,-0.05,-0.15,0.97,-0.3,6.63,-4.14
51,-0.06,-0.15,0.98,0.99,6.4,-0.82
52,-0.07,-0.13,0.98,3.55,4.18,0.04
53,-0.05,-0.12,0.96,3.7,1.53,1.04
54,-0.05,-0.11,0.96,0.76,-1.1,-0.9
55,-0.04,-0.12,0.96,-0.29,-1.02,-1.2
56,-0.02,-0.13,0.98,-0.49,1.78,0.8
57,-0.04,-0.15,0.97,-1.5,2.91,3.02
58,-0.05,-0.14,0.97,-1.86,5.88,6.25
59,-0.06,-0.13,0.96,-3.05,7.21,9.1
60,-0.08,-0.13,0.95,-4.21,3.88,7.98
61,-0.08,-0.13,0.94,-6.62,0.47,6.51
62,-0.08,-0.14,0.95,-8.0,-0.37,6.07
63,-0.09,-0.17,0.97,-9.36,-5.4,5.18
64,-0.07,-0.19,0.98,-8.97,-8.97,4.44
65,-0.03,-0.19,1.0,-7.79,-10.5,3.23
66,0.02,-0.18,1.01,-6.51,-9.92,1.32
67,0.06,-0.16,1.01,-5.28,-6.66,-0.31
68,0.1,-0.15,1.01,-4.53,-1.6,-0.16
69,0.08,-0.14,0.99,-5.1,2.29,-0.75
70,0.07,-0.15,1.0,-4.96,4.37,-1.76
71,0.06,-0.15,0.98,-5.32,4.27,-2.99
72,0.03,-0.15,0.98,-6.95,1.82,-4.66
73,0.04,-0.15,0.98,-8.88,-1.25,-4.79
74,0.05,-0.17,1.0,-9.69,-2.08,-4.39
75,0.05,-0.19,1.01,-9.44,0.39,-1.34
76,0.06,-0.21,1.01,-8.6,2.22,1.71
77,0.04,-0.23,1.02,-5.49,4.42,4.47
78,0.04,-0.23,1.01,-3.47,5.39,3.93
79,0.03,-0.22,1.01,-1.51,3.75,1.73
80,0.01,-0.22,1.0,-0.29,1.66,-0.01
81,0.0,-0.21,0.99,0.16,-0.01,-0.38
82,0.02,-0.18,0.96,-0.05,-2.12,-3.34
83,0.04,-0.16,0.96,-0.12,-3.11,-7.42
84,0.03,-0.17,0.96,-1.81,-3.44,-10.44
85,0.03,-0.18,0.95,-1.47,-3.56,-9.47
86,0.04,-0.16,0.97,-1.43,-4.74,-12.94
87,0.06,-0.18,0.97,-0.91,-2.52,-12.95
88,0.05,-0.18,0.98,-0.11,0.13,-11.13
89,0.04,-0.17,0.97,1.02,1.24,-10.82
90,0.04,-0.15,0.97,0.41,0.02,-12.59
91,0.05,-0.13,0.94,-0.47,1.24,-12.22
92,0.08,-0.11,0.95,-2.33,0.39,-15.94
93,0.08,-0.14,0.97,-5.17,-0.96,-19.84
94,0.06,-0.16,0.99,-6.47,2.08,-19.48
95,0.04,-0.17,0.99,-8.3,5.63,-14.76
96,0.01,-0.17,0.99,-10.45,8.77,-9.44
97,0.01,-0.19,0.99,-9.79,10.84,-3.07
98,-0.03,-0.19,0.99,-9.79,9.81,-0.98
99,-0.05,-0.2,1.0,-6.6,7.07,0.47
100,-0.05,-0.21,1.0,-3.55,4.58,2.58
101,-0.04,-0.19,0.98,-0.66,2.43,2.32
102,-0.04,-0.17,0.97,1.52,1.02,2.33
103,-0.05,-0.17,0.96,2.36,-0.24,3.06
104,-0.06,-0.16,0.94,2.15,-2.68,6.73
105,-0.06,-0.16,0.94,0.11,-3.92,7.48
106,-0.03,-0.17,1.01,-4.33,-5.06,7.18
107,-0.02,-0.17,0.96,-3.33,-7.23,3.15
108,-0.01,-0.2,0.99,-1.92,-5.14,3.24
109,-0.01,-0.21,0.99,0.02,-4.08,4.73
110,-0.01,-0.2,0.97,1.11,-3.67,5.3
111,-0.01,-0.19,0.96,1.83,-4.68,3.39
112,-0.03,-0.18,0.96,1.3,-4.4,3.06
113,-0.03,-0.17,0.95,0.1,-3.75,4.69
114,-0.04,-0.17,0.94,-2.29,-3.89,3.92
115,-0.03,-0.17,0.94,-4.04,-4.21,4.21
116,-0.03,-0.18,0.95,-4.75,-4.01,4.57
117,-0.03,-0.19,0.95,-5.15,-5.08,4.2
118,-0.02,-0.19,0.96,-4.82,-5.65,4.56
119,0.0,-0.18,0.95,-4.54,-5.38,2.16
120,-0.0,-0.19,0.95,-3.49,-5.18,-1.4
121,0.01,-0.19,0.95,-2.67,-4.63,-2.36
122,0.0,-0.18,0.95,-1.89,-4.09,-3.44
123,-0.01,-0.17,0.94,-1.68,-4.04,-4.32
124,-0.01,-0.17,0.94,-2.95,-4.16,-5.42
125,0.01,-0.16,0.93,-4.46,-4.84,-4.35
126,0.0,-0.17,0.93,-4.7,-3.35,-1.98
127,0.0,-0.17,0.94,-4.79,-2.92,-1.98
128,0.0,-0.18,0.95,-4.94,-3.56,-2.89
129,0.0,-0.19,0.96,-4.22,-2.83,-3.14
130,-0.01,-0.19,0.96,-4.07,-2.47,-3.48
131,-0.01,-0.18,0.97,-5.69,-2.53,-3.53
132,-0.02,-0.17,0.96,-8.44,-1.46,-3.87
133,-0.04,-0.15,0.97,-10.21,-0.08,-2.52
134,-0.05,-0.14,0.98,-11.24,1.62,0.28
135,-0.1,-0.14,0.99,-12.47,3.07,2.5
136,-0.13,-0.16,1.0,-13.65,5.94,4.81
137,-0.21,-0.21,1.0,-11.38,10.02,7.58
138,-0.25,-0.25,0.97,-9.55,11.92,9.83
139,-0.3,-0.24,0.9,-6.99,13.24,14.11
140,-0.32,-0.21,0.85,-3.57,10.91,23.84
141,-0.26,-0.14,0.79,4.92,4.07,40.42
142,-0.11,-0.14,0.71,15.53,-24.27,53.56
143,0.17,-0.19,0.63,29.89,-79.58,51.98
144,0.76,-0.38,0.6,33.28,-164.06,47.0
145,1.95,-0.65,0.69,34.21,-232.44,53.69
146,2.0,-0.78,0.77,18.05,-230.35,56.04
147,2.0,-0.73,1.06,-24.98,-142.75,-29.16
148,2.0,-0.62,1.38,-48.09,-38.82,-150.82
149,2.0,-0.64,1.37,-42.67,80.41,-234.28
150,2.0,-0.67,0.92,-11.16,176.77,-250.14
151,2.0,-0.77,0.33,1.49,216.63,-250.14
152,2.0,-1.0,0.01,-13.47,217.4,-250.14
153,2.0,-1.47,-0.39,-45.36,237.05,-250.14
154,2.0,-1.92,-0.61,-93.06,250.13,-250.14
155,1.41,-2.0,-0.69,-134.29,250.13,-250.14
156,-0.13,-2.0,-0.37,-146.8,250.13,-250.14
157,-1.92,-2.0,-0.39,-122.31,218.78,-250.14
158,-2.0,-2.0,-0.41,-139.13,147.58,-250.14
159,-2.0,-2.0,0.21,-169.22,138.88,-250.14
160,-2.0,-2.0,0.87,-109.5,155.75,-250.14
161,-2.0,-2.0,1.02,-29.87,155.11,-226.3
162,-2.0,-2.0,1.0,41.37,144.34,-186.06
163,-2.0,-2.0,0.92,97.89,95.35,-179.64
164,-2.0,-2.0,0.88,125.69,56.84,-169.84
165,-2.0,-1.94,0.8,125.82,50.73,-125.25
166,-2.0,-1.59,0.67,112.15,78.56,-66.21
167,-2.0,-1.25,0.65,119.98,109.71,-2.17
168,-2.0,-0.79,0.36,94.07,101.19,27.47
169,-1.86,-0.56,0.3,82.33,65.22,24.28
170,-1.46,-0.35,0.46,98.5,42.84,14.56
171,-1.17,-0.14,0.29,110.62,33.44,11.6
172,-0.97,0.04,0.13,88.73,55.08,18.46
173,-0.94,0.18,0.06,69.81,68.98,29.25
174,-0.99,0.2,0.06,53.24,86.54,41.99
175,-1.03,0.18,0.05,39.96,85.7,50.64
176,-1.04,0.18,0.06,25.94,73.37,54.56
177,-1.11,0.17,0.08,8.84,47.42,47.31
178,-1.12,0.01,0.21,-6.6,18.69,44.06
179,-1.09,-0.1,0.31,-15.92,-27.68,37.89
180,-0.97,-0.18,0.41,-21.12,-61.33,33.37
181,-0.8,-0.24,0.52,-15.4,-84.27,32.64
182,-0.68,-0.2,0.54,-15.82,-98.44,31.68
183,-0.5,-0.23,0.61,-26.82,-97.93,36.88
184,-0.36,-0.28,0.75,-36.26,-83.46,45.6
185,-0.25,-0.3,0.82,-35.02,-75.24,54.49
186,-0.16,-0.33,0.89,-30.66,-66.14,58.75
187,-0.13,-0.37,0.93,-25.91,-54.18,59.88
188,-0.09,-0.4,0.97,-21.69,-40.82,63.26
189,-0.14,-0.4,0.95,-14.92,-24.85,69.4
190,-0.23,-0.37,0.89,-10.56,-19.57,74.13
191,-0.29,-0.34,0.86,-10.34,-25.08,77.55
192,-0.32,-0.33,0.83,-10.65,-36.59,74.96
193,-0.24,-0.33,0.85,-9.63,-50.4,71.25
194,-0.19,-0.34,0.89,-10.2,-62.92,59.02
195,-0.13,-0.36,0.95,-4.81,-68.23,53.56
196,-0.07,-0.35,0.96,-3.71,-59.54,54.21
197,-0.03,-0.3,0.94,-1.44,-50.17,59.99
198,-0.02,-0.26,0.92,-4.86,-41.82,62.05
199,-0.03,-0.22,0.9,-7.33,-34.47,65.13
200,-0.08,-0.21,0.91,-12.85,-33.24,62.38
201,-0.06,-0.21,0.92,-11.24,-33.2,66.79
202,-0.08,-0.2,0.93,-9.79,-33.02,68.29
203,-0.07,-0.22,0.95,-8.07,-35.75,70.02
204,-0.05,-0.21,0.95,-5.17,-41.48,68.38
205,-0.03,-0.19,0.98,-4.83,-54.42,59.82
206,0.1,-0.18,1.02,-3.23,-63.15,48.0
207,0.17,-0.16,1.05,-0.76,-61.85,37.35
208,0.21,-0.18,1.06,1.8,-53.44,29.92
209,0.22,-0.17,1.05,4.21,-38.98,30.49
210,0.16,-0.18,1.01,4.45,-20.86,35.87
211,0.05,-0.19,0.97,5.62,-8.57,43.13
212,-0.04,-0.18,0.94,4.65,-6.92,48.11
213,-0.13,-0.18,0.92,2.47,-15.4,50.62
214,-0.12,-0.19,0.93,2.77,-28.67,50.91
215,-0.06,-0.17,0.94,3.33,-38.02,49.65
216,0.01,-0.16,0.94,2.31,-45.09,46.9
217,0.09,-0.15,0.95,-3.82,-46.31,38.21
218,0.18,-0.18,1.04,-3.3,-28.93,45.06
219,0.15,-0.19,0.99,-1.57,-10.98,53.21
220,0.1,-0.18,0.98,-2.02,0.83,58.87
221,0.05,-0.16,0.95,-2.37,8.47,62.77
222,0.0,-0.15,0.92,-4.05,8.56,64.07
223,-0.01,-0.15,0.94,-4.2,1.38,64.64
224,-0.0,-0.15,0.94,-1.21,-8.53,61.39
225,-0.01,-0.14,0.97,5.1,-27.55,49.4
226,0.02,-0.14,0.99,10.86,-44.27,34.73
227,0.09,-0.12,0.99,15.44,-54.76,25.63
228,0.15,-0.1,0.97,16.64,-50.56,23.28
229,0.15,-0.08,0.96,12.53,-42.63,22.98
230,0.12,-0.07,0.96,6.02,-31.18,30.37
231,0.14,-0.07,0.96,-3.33,-16.76,40.66
232,0.15,-0.07,0.97,-11.11,-3.37,50.04
233,0.13,-0.08,0.98,-15.58,2.92,53.6
234,0.14,-0.1,0.97,-18.15,4.73,52.98
235,0.13,-0.12,0.97,-19.68,5.47,50.4
236,0.11,-0.15,0.97,-19.65,4.43,46.65
237,0.1,-0.16,0.98,-16.76,1.6,43.42
238,0.09,-0.18,0.96,-13.06,-0.3,38.71
239,0.06,-0.18,0.96,-10.83,-2.42,32.5
240,0.04,-0.18,0.96,-10.82,-3.85,28.63
241,0.03,-0.18,0.96,-10.85,-2.43,30.39
242,0.04,-0.16,0.94,-11.68,-0.24,34.94
243,0.02,-0.15,0.94,-14.04,2.31,37.14
244,0.0,-0.14,0.92,-16.37,3.18,37.71
245,-0.02,-0.15,0.92,-17.89,1.02,38.79
246,-0.02,-0.15,0.91,-19.66,-3.6,38.51
247,-0.02,-0.15,0.92,-20.4,-9.91,35.03
248,-0.0,-0.16,0.95,-18.69,-13.82,31.4
249,0.0,-0.19,0.96,-15.68,-17.56,30.54
250,-0.0,-0.2,0.98,-13.59,-20.66,29.58
251,0.02,-0.2,0.99,-13.31,-21.24,28.27
252,0.06,-0.19,1.0,-13.82,-20.79,28.43
253,0.05,-0.19,1.0,-14.87,-13.76,31.85
254,0.06,-0.2,1.0,-16.12,-7.79,36.51
255,0.05,-0.21,0.97,-17.29,-1.83,39.49
256,0.02,-0.2,0.96,-20.47,-5.96,36.09
257,0.05,-0.2,0.99,-17.21,-2.18,39.96
258,0.01,-0.18,0.94,-17.04,-2.03,36.8
259,0.02,-0.17,0.96,-18.69,-2.8,37.04
260,-0.01,-0.18,0.96,-19.12,-5.39,34.82
261,0.0,-0.2,0.97,-19.97,-10.53,32.0
262,0.03,-0.19,0.98,-19.08,-9.41,33.56
263,0.05,-0.2,0.98,-17.8,-8.05,33.46
264,0.05,-0.2,0.98,-15.45,-10.47,29.44
265,0.05,-0.21,0.98,-13.33,-11.04,28.66
266,0.04,-0.21,0.99,-11.9,-10.98,26.81
267,0.06,-0.22,1.0,-11.56,-10.27,27.98
268,0.04,-0.22,1.0,-10.72,-8.48,27.79
269,0.03,-0.23,1.01,-9.66,-7.69,28.86
270,0.03,-0.23,1.01,-9.01,-5.95,29.94
271,0.01,-0.22,1.0,-9.01,-5.85,30.49
272,0.02,-0.22,1.0,-9.03,-6.63,31.34
273,0.02,-0.2,1.0,-9.28,-7.66,31.88
274,0.05,-0.2,0.99,-9.24,-7.43,32.52
275,0.05,-0.19,0.99,-8.09,-8.11,29.51
276,0.04,-0.2,1.0,-6.6,-11.56,23.85
277,0.05,-0.22,1.0,-5.82,-13.58,22.24
278,0.06,-0.22,1.0,-2.47,-12.3,21.62
279,0.05,-0.21,1.0,-1.04,-13.76,18.65
280,0.04,-0.21,1.0,0.13,-14.95,15.75
281,0.05,-0.22,0.99,0.95,-14.61,14.65
282,0.05,-0.24,1.0,0.99,-13.09,15.16
283,0.06,-0.23,0.98,0.7,-9.39,17.61
284,0.06,-0.24,0.99,1.95,-7.88,17.09
285,0.04,-0.23,0.99,1.08,-5.44,18.08
286,0.04,-0.21,0.99,1.13,-6.37,16.42
287,0.04,-0.19,0.96,1.02,-7.0,14.02
288,0.05,-0.19,0.97,0.77,-7.04,12.89
289,0.05,-0.2,0.96,0.89,-5.85,14.79
290,0.04,-0.19,0.97,-0.92,-4.05,16.36
291,0.06,-0.2,0.96,-2.47,-1.92,18.24
292,0.04,-0.21,0.97,-2.24,-2.69,16.13
293,0.03,-0.21,0.97,-1.31,-6.92,12.02
294,0.02,-0.21,0.98,-0.4,-11.41,7.79
295,0.01,-0.2,0.98,1.21,-14.33,6.67
296,0.02,-0.2,0.97,1.19,-14.74,5.23
297,0.03,-0.21,0.97,1.81,-14.18,6.99
298,0.04,-0.2,0.97,2.24,-12.04,10.72
299,0.05,-0.19,0.97,3.07,-8.88,13.77
300,0.02,-0.18,0.95,1.97,-10.17,11.56
301,0.03,-0.17,0.95,0.39,-11.63,9.46
302,0.04,-0.17,0.96,-0.14,-11.44,10.53
303,0.05,-0.17,0.96,-1.46,-11.45,10.2
304,0.06,-0.16,0.95,-3.68,-11.39,9.21
305,0.08,-0.16,0.98,-4.02,-10.72,9.08
306,0.08,-0.15,0.97,-3.91,-9.4,7.81
307,0.08,-0.16,0.98,-4.79,-9.32,5.52
308,0.09,-0.17,0.98,-6.31,-7.94,4.5
309,0.09,-0.18,0.98,-6.1,-6.1,4.6
310,0.1,-0.19,0.99,-4.44,-5.62,4.18
311,0.09,-0.2,1.0,-2.27,-6.19,2.18
312,0.09,-0.21,1.01,0.41,-7.21,-0.13
313,0.08,-0.2,1.0,2.92,-8.27,-3.05
314,0.08,-0.19,0.98,3.56,-9.2,-5.89
315,0.06,-0.2,0.97,2.96,-8.33,-6.79
316,0.06,-0.19,0.96,0.98,-6.05,-5.85
317,0.05,-0.19,0.96,-0.98,-2.51,-3.64
318,0.03,-0.19,0.97,-3.4,-1.21,-1.71
319,0.02,-0.19,0.97,-5.01,-0.28,1.37
320,0.04,-0.19,0.97,-4.66,1.48,4.14
321,0.04,-0.18,0.96,-4.35,-0.05,3.35
322,0.06,-0.18,0.97,-3.59,-1.89,2.27
323,0.08,-0.18,0.97,-1.59,-2.76,-0.13
324,0.06,-0.17,0.98,0.08,-5.04,-3.41
325,0.07,-0.18,0.97,0.89,-7.12,-6.3
326,0.07,-0.17,0.97,0.85,-9.13,-8.98
327,0.09,-0.17,0.96,-0.08,-9.76,-10.08
328,0.08,-0.18,0.97,-0.12,-10.69,-8.95
329,0.08,-0.2,0.99,-1.15,-9.84,-7.56
330,0.1,-0.2,0.98,-2.61,-6.29,-2.82
331,0.1,-0.19,0.99,-4.2,-3.06,-0.74
332,0.1,-0.17,0.97,-5.51,0.21,-0.5
333,0.09,-0.18,0.97,-7.21,2.89,-1.17
334,0.07,-0.18,0.97,-6.27,2.14,-3.87
335,0.06,-0.18,0.96,-5.76,-0.5,-7.38
336,0.04,-0.19,0.97,-6.29,-3.81,-11.89
337,0.07,-0.19,0.98,-3.5,-1.56,-7.0
338,0.04,-0.19,0.98,-2.44,-0.07,-4.58
339,0.05,-0.18,0.97,-2.85,0.71,-3.28
340,0.05,-0.18,0.96,-4.48,1.16,-3.22
341,0.04,-0.19,0.97,-5.22,-0.09,-3.85
342,0.03,-0.19,0.96,-5.27,-1.3,-2.64
343,0.01,-0.2,0.97,-5.12,-1.11,1.47
344,0.01,-0.21,0.98,-5.13,-3.14,3.14
345,0.04,-0.2,0.99,-4.46,-2.24,5.01
346,0.06,-0.2,0.99,-3.24,-1.69,6.32
347,0.07,-0.2,0.99,-2.68,-2.32,4.78
348,0.07,-0.18,0.99,-1.47,-2.73,4.84
349,0.05,-0.17,0.97,-1.69,-4.36,2.81
350,0.06,-0.15,0.96,-2.38,-4.73,2.59
351,0.06,-0.16,0.96,-3.18,-4.44,3.09
352,0.07,-0.16,0.97,-3.48,-3.76,4.34
353,0.08,-0.15,0.97,-4.02,-2.47,4.03
354,0.09,-0.15,0.97,-4.73,-0.97,3.62
355,0.1,-0.16,0.97,-3.93,0.86,1.97
356,0.11,-0.16,0.98,-2.11,2.52,2.15
357,0.09,-0.16,0.98,-0.75,1.74,-0.6
358,0.07,-0.17,0.97,-1.09,-0.44,-3.39
359,0.06,-0.19,0.98,-0.66,-0.5,-3.82
360,0.07,-0.17,0.97,-1.19,0.44,-4.9
361,0.05,-0.18,0.97,-2.71,-0.64,-6.54
362,0.04,-0.2,0.98,-3.49,-2.39,-7.7
363,0.04,-0.2,0.98,-3.15,-1.88,-7.49
364,0.06,-0.21,0.98,-2.09,-1.15,-5.8
365,0.05,-0.22,0.99,0.09,-0.18,-4.28
366,0.04,-0.22,1.01,3.02,1.2,-3.89
367,0.04,-0.22,0.99,2.93,0.19,-4.19
368,0.02,-0.2,0.99,3.08,0.69,-3.88
369,0.02,-0.2,0.98,3.1,-0.53,-3.31
370,0.02,-0.2,0.98,4.33,-0.21,0.21
371,0.02,-0.2,0.98,5.21,0.72,2.48
372,0.03,-0.19,0.98,4.23,-0.7,2.44
373,0.04,-0.19,0.97,3.51,0.74,1.92
374,0.05,-0.18,0.98,3.84,0.53,-0.08
375,0.03,-0.18,0.98,4.39,-0.95,-2.31
376,0.02,-0.18,0.97,4.61,-1.47,-0.53
377,0.02,-0.18,0.96,6.12,-1.17,4.08
378,-0.01,-0.17,0.95,5.91,-1.64,5.7
379,0.01,-0.16,0.92,5.08,-3.57,6.89
380,0.03,-0.16,0.96,3.66,-2.78,7.57
381,0.03,-0.16,0.96,3.18,-1.8,9.02
382,0.03,-0.16,0.95,3.42,-2.96,7.67
383,0.02,-0.16,0.95,3.01,-3.37,8.88
384,0.03,-0.15,0.95,2.49,-4.09,9.76
385,0.05,-0.14,0.92,1.66,-4.42,8.06
386,0.05,-0.13,0.93,0.95,-4.35,8.66
387,0.04,-0.14,0.93,-0.36,-3.8,7.29
388,0.04,-0.15,0.94,-1.0,-3.61,9.24
389,0.03,-0.14,0.93,-3.7,-4.15,7.3
390,0.05,-0.15,0.95,-4.65,-5.85,5.85
391,0.05,-0.16,0.97,-3.68,-5.92,7.0
392,0.04,-0.17,0.97,-2.0,-6.24,9.68
393,0.03,-0.16,0.96,-3.15,-7.11,9.16
394,0.02,-0.17,0.98,-3.78,-9.29,9.77
395,0.03,-0.18,0.98,-3.78,-8.24,12.14
396,0.05,-0.18,0.99,-4.0,-11.26,12.9
397,0.06,-0.18,0.98,-3.06,-8.36,12.58
398,0.08,-0.18,1.0,-2.05,-6.0,14.43
399,0.08,-0.18,1.0,-0.79,-3.46,15.94
