,accel_x,accel_y,accel_z,gyro_x,gyro_y,gyro_z
0,0.58,0.14,0.96,11.98,10.94,85.89
1,0.28,0.07,1.03,22.34,14.88,194.57
2,0.11,0.05,1.0,46.55,46.18,221.72
3,0.05,-0.02,0.97,70.62,-13.44,218.9
4,-0.18,-0.06,0.97,43.38,-15.89,157.82
5,0.04,-0.02,1.01,48.17,-20.05,148.02
6,0.07,0.02,0.93,52.11,-0.06,144.1
7,0.07,0.03,0.91,37.07,11.73,109.02
8,0.14,0.04,0.98,38.11,4.49,97.36
9,0.11,0.05,0.98,28.69,5.0,78.97
10,0.04,0.04,0.96,22.5,-2.87,52.24
11,-0.0,0.05,1.01,22.25,-19.37,47.72
12,0.02,0.02,1.05,28.47,-28.14,61.82
13,0.08,0.04,1.0,28.24,-30.31,59.52
14,0.18,0.04,0.98,37.37,-39.1,46.24
15,0.21,0.08,0.87,14.75,-36.98,27.99
16,0.13,0.09,0.95,0.87,-34.09,20.59
17,0.12,0.04,1.01,0.98,-33.08,6.37
18,0.1,0.06,0.97,-7.11,-45.94,-12.02
19,0.09,0.05,0.99,-7.19,-53.49,-27.98
20,0.08,0.1,0.96,-14.5,-62.79,-39.53
21,0.12,0.06,0.96,-19.07,-71.59,-46.36
22,0.2,0.07,1.0,-17.76,-64.96,-43.15
23,0.18,0.05,1.01,-13.76,-54.82,-31.15
24,0.22,0.05,1.05,-9.1,-40.44,-26.15
25,0.25,0.05,1.0,-4.18,-19.85,-15.28
26,0.2,0.08,1.01,-2.27,-12.38,1.31
27,0.2,0.05,1.0,2.95,-10.39,-0.58
28,0.17,0.07,0.97,3.45,-14.28,-3.51
29,0.17,0.09,0.95,0.1,-14.98,-5.03
30,0.16,0.1,0.93,-5.89,-12.27,-7.15
31,0.16,0.1,0.94,-11.27,-7.28,-5.04
32,0.15,0.09,0.92,-17.31,-1.49,-3.56
33,0.14,0.07,0.93,-23.42,2.62,-3.75
34,0.1,0.07,0.94,-28.43,2.25,-4.02
35,0.11,0.04,0.96,-29.3,-0.3,-4.96
36,0.12,0.02,0.99,-28.89,-1.43,-6.5
37,0.12,0.01,1.0,-27.33,-3.15,-9.36
38,0.13,-0.01,1.0,-20.43,-8.73,-8.83
39,0.16,-0.02,1.02,-14.93,-11.35,-12.95
40,0.2,-0.0,1.01,-11.6,-11.97,-13.53
41,0.22,0.01,0.99,-9.69,-10.8,-14.47
42,0.23,0.01,1.01,-9.05,-6.93,-11.9
43,0.25,-0.01,1.02,-6.0,1.56,-9.7
44,0.23,-0.01,1.03,-2.22,4.81,-5.63
45,0.22,0.02,1.0,-1.06,5.75,-3.01
46,0.22,0.04,0.97,-2.24,9.48,-1.0
47,0.23,0.06,0.95,-5.85,12.13,1.16
48,0.24,0.06,0.94,-10.93,14.8,2.79
49,0.26,0.04,0.95,-14.11,18.02,0.71
50,0.25,0.02,0.98,-19.85,11.65,1.24
51,0.26,-0.02,1.01,-11.56,11.63,-2.6
52,0.25,-0.03,1.05,-3.61,4.43,-6.42
53,0.27,-0.03,1.05,5.34,2.55,-7.66
54,0.29,-0.01,1.0,7.46,4.4,-3.46
55,0.31,0.0,0.96,4.02,12.19,0.56
56,0.32,-0.02,0.96,-0.3,18.53,2.36
57,0.36,-0.04,0.98,-1.52,24.9,2.33
58,0.41,-0.04,0.98,-4.13,32.85,1.87
59,0.48,-0.02,0.96,-8.78,43.41,6.05
60,0.53,-0.03,0.95,-14.93,48.57,9.85
61,0.57,-0.09,1.06,-16.56,45.32,5.44
62,0.65,-0.19,1.17,-6.16,28.4,-4.72
63,0.82,-0.21,1.22,15.91,-3.07,-12.53
64,1.09,-0.13,1.2,34.57,-41.83,-19.63
65,1.42,-0.09,1.16,44.31,-51.77,-32.71
66,1.7,-0.03,1.14,45.17,-31.74,-42.44
67,1.79,-0.01,1.08,47.92,0.29,-52.59
68,1.78,0.04,1.01,50.28,20.92,-47.5
69,1.87,0.09,0.88,45.47,46.8,-45.58
70,1.83,0.07,0.8,39.63,55.24,-50.69
71,1.7,0.01,0.78,36.18,55.5,-62.53
72,1.49,-0.05,0.8,36.23,40.15,-72.21
73,1.4,-0.05,0.74,41.9,29.91,-71.63
74,1.31,0.07,0.7,38.2,20.31,-80.97
75,1.43,0.07,0.42,17.03,45.04,-116.13
76,1.45,0.05,0.25,-32.47,114.79,-144.57
77,1.24,-0.12,0.35,-81.21,206.43,-159.8
78,0.29,-0.41,0.56,-115.63,235.83,-190.79
79,-0.69,-0.7,0.78,-122.08,195.15,-222.23
80,-1.53,-0.9,0.91,-68.64,130.35,-250.14
81,-2.0,-0.81,0.88,0.54,36.08,-250.14
82,-2.0,-0.57,0.72,31.89,-40.5,-239.06
83,-2.0,-0.37,0.52,11.85,-22.11,-196.51
84,-2.0,-0.38,0.57,-33.11,51.84,-120.63
85,-2.0,-0.46,0.8,-69.17,93.38,-72.78
86,-2.0,-0.7,1.1,-68.03,81.08,-68.97
87,-2.0,-0.66,1.14,-38.63,-3.85,-64.14
88,-2.0,-0.53,1.08,-3.76,-95.95,-54.48
89,-1.79,-0.31,0.99,14.27,-143.87,-34.01
90,-1.17,-0.11,0.91,12.98,-124.93,-17.59
91,-0.74,0.02,0.9,0.57,-73.6,-2.82
92,-0.46,0.05,0.95,-12.36,-15.96,5.21
93,-0.39,0.03,0.99,-11.44,29.76,20.69
94,-0.42,-0.01,0.99,-1.46,57.25,28.26
95,-0.46,0.03,0.91,9.49,53.04,25.92
96,-0.42,0.1,0.8,16.13,30.98,10.36
97,-0.3,0.16,0.71,18.31,13.13,2.4
98,-0.18,0.19,0.73,11.56,10.5,-1.43
99,-0.13,0.2,0.74,2.41,14.9,-3.28
100,-0.09,0.19,0.75,-6.04,11.61,-2.26
101,-0.07,0.13,0.8,-12.15,11.7,-1.11
102,-0.07,0.07,0.89,-15.35,7.83,-5.1
103,0.01,0.0,0.94,-14.36,11.04,-6.88
104,0.01,-0.04,0.98,-11.89,18.46,-6.9
105,0.0,-0.05,1.01,-5.28,22.22,2.95
106,-0.04,-0.05,0.97,-2.19,22.81,-0.58
107,-0.06,-0.02,0.94,-3.91,20.05,-6.5
108,-0.08,-0.03,0.94,-3.83,18.89,-12.89
109,-0.12,-0.02,0.95,-5.07,14.15,-14.69
110,-0.15,-0.04,0.96,-5.02,6.46,-14.89
111,-0.14,-0.07,1.0,-2.15,4.04,-13.12
112,-0.12,-0.06,1.0,0.76,3.22,-11.99
113,-0.1,-0.02,0.94,-2.32,4.75,-18.67
114,-0.09,0.01,0.9,-9.79,11.89,-22.36
115,-0.12,-0.02,0.9,-18.52,24.12,-28.53
116,-0.2,-0.02,0.89,-30.7,28.69,-27.35
117,-0.29,-0.08,0.94,-27.18,31.4,-25.44
118,-0.38,-0.1,0.98,-19.17,13.12,-18.95
119,-0.36,-0.13,1.01,-9.4,-7.15,-18.93
120,-0.28,-0.1,1.01,-0.83,-21.3,-18.08
121,-0.17,-0.08,0.99,1.37,-16.83,-17.28
122,-0.12,-0.04,0.96,-3.2,-4.8,-14.95
123,-0.13,-0.0,0.95,-9.66,9.02,-9.78
124,-0.15,-0.02,0.95,-15.62,23.34,-8.09
125,-0.22,-0.03,0.97,-19.34,26.82,-10.68
126,-0.27,-0.06,0.98,-17.9,17.12,-11.88
127,-0.33,-0.06,0.99,-14.05,1.75,-14.41
128,-0.29,-0.04,0.99,-10.79,-11.71,-12.78
129,-0.21,-0.03,0.96,-11.57,-14.22,-15.13
130,-0.13,-0.02,0.95,-15.82,-4.31,-14.4
131,-0.15,-0.03,0.95,-22.4,9.48,-9.6
132,-0.23,-0.06,0.99,-26.96,21.09,-3.84
133,-0.32,-0.1,1.01,-24.72,19.18,5.62
134,-0.36,-0.12,1.04,-12.88,1.85,16.82
135,-0.33,-0.12,1.01,-4.9,-16.18,15.34
136,-0.24,-0.08,0.99,0.79,-23.26,10.56
137,-0.15,-0.06,0.98,-0.08,-19.32,8.26
138,-0.1,-0.02,0.96,-6.46,-4.01,11.44
139,-0.1,0.0,0.91,-14.55,9.41,11.6
140,-0.13,0.0,0.9,-21.02,17.56,7.72
141,-0.22,-0.01,0.89,-27.0,15.74,10.82
142,-0.25,-0.05,0.93,-27.48,11.37,13.15
143,-0.23,-0.08,0.98,-25.88,3.86,17.68
144,-0.18,-0.09,1.0,-24.08,-1.33,17.9
145,-0.14,-0.11,1.0,-22.69,-5.92,9.34
146,-0.11,-0.1,1.01,-20.91,-9.68,7.15
147,-0.12,-0.11,1.02,-18.03,-5.57,11.69
148,-0.15,-0.12,1.01,-16.17,0.53,14.11
149,-0.19,-0.11,0.95,-15.82,2.31,16.88
150,-0.22,-0.1,0.93,-16.99,1.81,25.48
151,-0.21,-0.11,0.93,-18.14,-1.18,27.89
152,-0.16,-0.09,0.93,-18.83,-10.13,21.4
153,-0.12,-0.07,0.95,-20.64,-15.78,15.05
154,-0.09,-0.08,0.97,-22.72,-16.34,11.62
155,-0.07,-0.09,0.99,-25.0,-19.49,12.62
156,-0.03,-0.1,1.03,-22.79,-16.74,15.76
157,-0.03,-0.15,1.06,-16.67,-9.86,25.52
158,-0.08,-0.16,1.06,-8.09,-3.09,39.4
159,-0.09,-0.15,1.02,-3.16,-3.75,41.17
160,-0.11,-0.13,0.97,-0.78,-4.55,38.79
161,-0.15,-0.09,0.92,-1.77,-9.71,40.33
162,-0.18,-0.09,0.9,-3.53,-18.37,36.08
163,-0.14,-0.06,0.9,-5.95,-24.4,32.6
164,-0.09,-0.07,0.91,-11.69,-20.76,30.62
165,-0.09,-0.08,0.92,-15.44,-16.01,27.53
166,-0.11,-0.08,0.93,-18.83,-9.62,30.25
167,-0.1,-0.09,0.95,-23.44,-7.11,42.64
168,-0.1,-0.12,0.96,-25.95,-7.79,44.51
169,-0.06,-0.15,1.0,-22.41,-11.14,37.92
170,-0.06,-0.14,1.04,-16.07,-20.33,30.44
171,-0.03,-0.19,1.05,-6.61,-18.57,21.37
172,-0.02,-0.15,1.04,3.62,-16.0,25.32
173,-0.03,-0.12,0.96,-4.6,-15.61,30.69
174,-0.06,-0.1,0.95,-6.55,-9.12,35.06
175,-0.11,-0.07,0.95,-7.75,-11.69,34.3
176,-0.07,-0.07,0.96,-13.85,-14.48,36.4
177,-0.01,-0.1,1.01,-13.69,-10.66,39.6
178,0.01,-0.14,1.04,-11.71,-8.77,38.34
179,0.02,-0.14,1.05,-13.01,-7.57,35.18
180,0.0,-0.14,1.04,-10.81,-4.56,30.9
181,-0.03,-0.12,1.01,-8.3,-6.31,28.67
182,-0.03,-0.12,0.97,-3.08,-3.08,26.81
183,-0.11,-0.11,0.93,-6.2,-6.02,20.01
184,-0.1,-0.1,0.94,-9.37,-5.2,26.22
185,-0.12,-0.14,0.96,-12.22,-0.01,26.98
186,-0.2,-0.17,0.97,-11.14,-2.64,25.86
187,-0.19,-0.19,1.0,-4.62,-13.33,27.76
188,-0.13,-0.2,1.01,0.02,-17.3,25.03
189,-0.09,-0.17,0.99,2.88,-17.72,26.72
190,-0.05,-0.12,0.96,2.47,-14.69,30.52
191,0.01,-0.1,0.93,-0.06,-5.76,35.36
192,-0.01,-0.08,0.91,-6.39,7.03,32.73
193,-0.05,-0.07,0.9,-10.34,7.82,31.18
194,-0.05,-0.08,0.9,-13.14,5.69,28.47
195,-0.05,-0.1,0.94,-11.14,7.4,22.74
196,-0.09,-0.12,0.95,-6.11,0.05,23.44
197,-0.1,-0.13,0.95,-4.12,-4.87,18.76
198,-0.1,-0.12,0.95,-1.88,-10.45,17.47
199,-0.05,-0.1,0.95,-3.36,-9.31,16.89
200,-0.01,-0.1,0.95,-8.91,-1.26,16.79
201,-0.03,-0.12,0.98,-13.12,6.68,15.45
202,-0.06,-0.17,0.99,-11.5,11.98,14.76
203,-0.11,-0.17,1.01,-10.17,5.8,15.01
204,-0.1,-0.18,1.03,-5.18,3.85,13.93
205,-0.12,-0.18,1.02,-1.14,1.32,13.31
206,-0.13,-0.17,1.01,2.57,-1.18,13.15
207,-0.1,-0.14,0.98,3.05,-1.58,16.24
208,-0.08,-0.1,0.97,-0.21,0.34,15.08
209,-0.04,-0.05,0.95,-5.48,2.82,11.96
210,-0.01,-0.06,0.96,-9.33,9.45,7.44
211,-0.05,-0.09,1.0,-7.93,11.2,1.61
212,-0.08,-0.12,1.0,-5.35,5.78,5.65
213,-0.12,-0.13,1.0,-2.37,2.64,1.47
214,-0.14,-0.13,0.99,-0.08,-6.46,-2.27
215,-0.14,-0.13,0.98,2.25,-11.62,-0.67
216,-0.1,-0.13,0.97,2.07,-11.4,1.69
217,-0.09,-0.12,0.97,-0.26,-8.44,3.51
218,-0.06,-0.1,0.98,-1.75,-4.7,6.59
219,-0.04,-0.11,0.97,-2.71,-2.08,6.11
220,-0.06,-0.11,0.97,-3.5,1.27,4.07
221,-0.06,-0.11,0.97,-3.09,-1.47,1.01
222,-0.05,-0.12,0.96,-2.34,-0.81,-4.11
223,-0.08,-0.15,0.97,-1.73,3.48,-5.18
224,-0.11,-0.16,0.97,1.82,-1.99,-4.09
225,-0.12,-0.16,0.97,5.51,-4.77,-4.59
226,-0.08,-0.11,0.96,4.49,-6.85,0.66
227,-0.09,-0.09,0.94,2.17,-12.23,-0.79
228,-0.05,-0.11,0.96,2.93,-11.08,-8.93
229,-0.02,-0.1,1.01,5.63,-10.21,-11.79
230,-0.02,-0.1,1.01,7.26,-8.16,-9.85
231,-0.04,-0.1,0.99,4.44,-4.11,-8.85
232,-0.05,-0.09,0.99,1.72,-0.76,-0.21
233,-0.08,-0.1,0.97,1.79,0.43,1.59
234,-0.1,-0.1,0.98,2.4,-2.0,1.73
235,-0.11,-0.09,1.0,2.85,-8.21,7.03
236,-0.1,-0.09,0.96,2.99,-12.69,10.21
237,-0.11,-0.09,0.96,3.7,-15.56,9.4
238,-0.06,-0.08,0.98,6.99,-18.22,10.92
239,-0.04,-0.1,0.97,6.98,-22.82,9.92
240,0.0,-0.1,1.0,9.5,-20.35,7.24
241,-0.01,-0.09,1.02,10.61,-20.07,4.72
242,0.03,-0.06,1.0,10.06,-19.89,10.33
243,0.06,-0.02,0.98,5.21,-11.22,13.4
244,0.05,-0.02,0.97,-1.42,-3.9,12.83
245,0.02,-0.05,0.99,-4.69,0.25,12.97
246,0.01,-0.07,1.0,-4.94,0.2,10.5
247,-0.01,-0.07,1.0,-3.79,-2.87,3.36
248,-0.02,-0.08,1.01,-1.31,-4.33,-1.51
249,-0.04,-0.09,1.01,1.14,-7.03,-1.79
250,-0.03,-0.08,0.99,1.55,-7.2,-1.28
251,-0.02,-0.05,0.98,0.11,-6.89,-2.15
252,-0.02,-0.06,0.98,-1.67,-3.61,-5.79
253,-0.03,-0.06,0.99,-2.54,-2.82,-4.07
254,-0.04,-0.06,0.97,-5.2,0.0,-0.44
255,-0.05,-0.06,0.96,-7.36,2.89,0.55
256,-0.07,-0.08,0.98,-7.54,-0.27,1.95
257,-0.07,-0.1,0.99,-6.29,-4.2,0.82
258,-0.05,-0.09,0.99,-3.56,-6.24,1.19
259,-0.03,-0.08,0.97,-2.78,-6.18,-1.92
260,0.01,-0.06,0.96,-2.73,-4.96,1.59
261,-0.01,-0.08,0.97,-3.29,0.56,-0.06
262,-0.04,-0.09,0.99,-2.9,0.49,-2.68
263,-0.07,-0.09,0.99,-1.27,-0.51,-2.86
264,-0.06,-0.08,0.97,-1.56,-0.56,-3.04
265,-0.07,-0.06,0.97,-3.68,0.26,-4.08
266,-0.06,-0.06,0.96,-5.49,1.48,-4.24
267,-0.06,-0.07,0.97,-6.41,2.63,-2.05
268,-0.05,-0.08,0.97,-7.04,3.12,-4.37
269,-0.05,-0.08,0.97,-6.15,3.4,-8.18
270,-0.08,-0.08,0.96,-8.39,0.81,-11.11
271,-0.06,-0.09,0.97,-6.74,5.82,-7.76
272,-0.08,-0.1,0.96,-7.34,3.85,-12.41
273,-0.06,-0.09,0.96,-6.53,0.97,-13.24
274,-0.05,-0.08,0.96,-6.47,1.36,-6.73
275,-0.05,-0.09,0.97,-7.88,4.53,-3.63
276,-0.04,-0.07,0.98,-8.26,5.47,-2.9
277,-0.04,-0.08,0.97,-8.43,5.74,-1.03
278,-0.08,-0.09,0.98,-7.93,5.37,1.77
279,-0.09,-0.11,1.0,-6.98,6.15,0.84
280,-0.08,-0.11,0.98,-4.98,4.63,1.8
281,-0.09,-0.1,0.99,-2.85,3.95,4.6
282,-0.09,-0.11,0.98,-2.42,5.03,5.73
283,-0.09,-0.1,0.97,-4.11,6.55,1.16
284,-0.12,-0.09,0.96,-4.18,6.09,-4.11
285,-0.15,-0.1,0.98,-4.65,5.05,-7.89
286,-0.16,-0.1,0.96,-4.83,0.61,-9.76
287,-0.15,-0.09,0.96,-5.25,-3.12,-15.18
288,-0.13,-0.1,0.97,-5.92,-3.63,-17.71
289,-0.11,-0.09,0.98,-4.86,-4.1,-12.24
290,-0.13,-0.1,1.0,-2.49,-4.85,-7.68
291,-0.12,-0.1,0.99,-0.44,-7.72,-8.86
292,-0.11,-0.08,1.0,2.04,-11.13,-0.73
293,-0.11,-0.09,0.99,2.9,-11.33,1.66
294,-0.09,-0.08,0.99,2.61,-11.77,-0.05
295,-0.07,-0.09,0.99,2.5,-10.23,-2.68
296,-0.07,-0.09,0.99,3.2,-9.54,-7.36
297,-0.06,-0.08,1.01,3.36,-10.27,-6.45
298,-0.05,-0.08,1.0,2.47,-8.82,-2.92
