,accel_x,accel_y,accel_z,gyro_x,gyro_y,gyro_z
0,-0.01,-0.26,0.98,-10.56,-2.02,1.96
1,0.01,-0.26,0.99,-9.32,-3.41,-0.09
2,0.02,-0.28,0.99,-6.91,-3.68,0.18
3,0.01,-0.27,1.0,-5.53,-2.84,0.54
4,0.01,-0.25,0.98,-4.69,-2.34,1.24
5,0.01,-0.25,0.98,-4.24,-2.82,0.95
6,0.01,-0.26,0.97,-2.98,-2.8,1.06
7,0.02,-0.23,0.97,-2.11,-3.19,3.18
8,0.02,-0.23,0.96,-2.15,-3.93,3.46
9,0.02,-0.23,0.97,-1.82,-6.46,3.79
10,0.04,-0.27,0.97,-1.65,1.11,8.85
11,0.05,-0.22,0.98,0.31,4.16,13.85
12,-0.03,-0.27,0.96,2.04,9.93,16.02
13,0.02,-0.23,0.97,-1.08,1.36,4.79
14,-0.02,-0.26,0.98,1.53,-1.24,6.47
15,-0.01,-0.26,0.97,1.23,-2.08,3.23
16,0.02,-0.24,0.95,1.57,0.37,4.79
17,-0.0,-0.25,0.97,1.77,2.24,7.35
18,-0.0,-0.25,0.98,0.04,3.8,8.21
19,-0.0,-0.26,0.99,1.03,1.73,8.56
20,-0.01,-0.25,0.98,1.42,1.58,4.3
21,-0.02,-0.24,0.97,2.14,-0.34,-0.47
22,-0.02,-0.24,0.95,3.81,-3.63,0.37
23,-0.04,-0.22,0.94,2.75,-1.82,1.04
24,-0.03,-0.22,0.94,0.63,-4.58,-1.73
25,-0.02,-0.21,0.94,-1.11,-4.19,-1.82
26,-0.01,-0.21,0.93,-3.0,-4.18,-1.62
27,-0.01,-0.2,0.94,-3.6,-3.36,-1.21
28,-0.02,-0.21,0.95,-4.02,-4.22,-2.43
29,-0.02,-0.21,0.93,-4.72,-3.02,-3.71
30,-0.03,-0.21,0.93,-5.74,-5.02,-3.79
31,-0.02,-0.22,0.94,-5.62,-5.95,-3.21
32,-0.01,-0.23,0.96,-5.04,-7.12,-4.13
33,-0.01,-0.25,0.95,-4.85,-7.09,-3.09
34,-0.0,-0.25,0.97,-5.03,-5.22,-1.14
35,-0.02,-0.27,0.98,-4.93,-5.24,-0.39
36,-0.0,-0.26,0.97,-3.47,-4.63,1.41
37,-0.01,-0.25,0.97,-3.57,-3.12,2.81
38,-0.01,-0.24,0.96,-3.95,-2.62,3.64
39,-0.02,-0.24,0.97,-3.92,-2.77,2.76
40,-0.02,-0.25,0.96,-3.37,-4.94,2.38
41,-0.01,-0.25,0.95,-2.13,-5.23,4.74
42,0.0,-0.24,0.96,-2.66,-4.85,5.08
43,-0.01,-0.24,0.97,-3.63,-7.24,1.03
44,0.02,-0.24,0.97,-2.5,-7.02,1.35
45,0.03,-0.23,0.96,-1.26,-4.89,4.39
46,0.03,-0.22,0.97,-1.94,-4.95,2.39
47,0.02,-0.23,0.96,-1.63,-5.96,-0.05
48,0.03,-0.22,0.95,-0.15,-5.05,2.55
49,0.02,-0.21,0.95,-1.8,-3.51,1.91
50,0.02,-0.23,0.96,-3.41,-5.6,-0.99
51,0.02,-0.23,0.96,-3.98,-5.42,-1.92
52,0.05,-0.22,0.95,-2.69,-4.49,2.76
53,0.02,-0.22,0.96,-3.77,-2.53,3.57
54,0.03,-0.22,0.96,-4.76,-3.66,0.18
55,0.03,-0.23,0.96,-3.82,-3.63,-1.04
56,0.03,-0.23,0.96,-3.08,-4.68,-1.6
57,0.02,-0.24,0.96,-4.19,-5.18,-3.15
58,0.04,-0.25,0.97,-4.18,-4.11,-3.74
59,0.04,-0.24,0.98,-3.41,-2.69,-4.18
60,0.03,-0.23,0.97,-2.79,-0.79,-2.73
61,0.02,-0.23,0.96,-2.89,0.54,-1.98
62,0.0,-0.24,0.96,-3.9,-1.12,-3.22
63,0.01,-0.24,0.94,-4.79,-2.13,-4.94
64,0.0,-0.24,0.96,-5.41,-2.83,-5.88
65,0.0,-0.25,0.96,-5.1,-3.28,-5.98
66,0.01,-0.26,0.97,-4.79,-3.69,-5.42
67,0.02,-0.26,0.99,-5.69,-2.64,-1.08
68,0.03,-0.23,0.93,4.05,-2.32,5.25
69,-0.03,-0.24,0.97,-6.14,-3.15,-6.48
70,0.02,-0.26,0.96,0.23,-3.05,4.28
71,0.01,-0.23,0.96,-1.08,-3.34,0.4
72,0.02,-0.24,0.95,-1.47,-6.19,-0.82
73,0.04,-0.24,0.95,-1.34,-3.95,0.71
74,0.03,-0.22,0.95,-0.81,-3.36,1.79
75,0.03,-0.21,0.96,-1.75,-5.27,-0.56
76,0.01,-0.23,0.94,-1.22,-2.15,1.73
77,0.03,-0.21,0.95,-3.56,-4.04,-1.95
78,0.03,-0.23,0.94,-3.63,-2.75,-0.03
79,0.02,-0.23,0.94,-3.59,-2.32,0.53
80,0.02,-0.23,0.95,-5.3,-3.33,-2.19
81,0.03,-0.25,0.94,-1.74,-4.27,-0.88
82,0.04,-0.24,0.96,-0.31,-4.63,-0.29
83,0.05,-0.23,0.96,-3.65,-2.37,-2.57
84,0.05,-0.24,0.96,-3.79,-0.2,-1.99
85,0.04,-0.24,0.97,-3.8,1.3,-3.48
86,0.03,-0.25,0.96,-2.83,0.95,-4.42
87,0.03,-0.25,0.96,0.19,0.23,-2.89
88,0.01,-0.24,0.98,5.12,-16.16,-1.64
89,-0.01,-0.27,0.95,-0.15,0.92,-2.29
90,-0.03,-0.24,1.0,2.32,-7.94,-1.63
91,0.03,-0.24,0.93,-3.69,2.1,-4.83
92,0.0,-0.25,0.96,1.1,-1.3,-0.51
93,-0.01,-0.26,0.95,2.19,-0.08,1.69
94,-0.01,-0.23,0.96,-0.73,-4.1,-5.95
95,0.01,-0.25,0.96,-2.51,-4.5,-6.54
96,0.01,-0.26,0.96,0.53,-3.0,0.82
97,0.0,-0.23,0.96,-1.4,-2.83,-0.24
98,0.02,-0.24,0.96,-2.31,-2.72,-1.44
99,0.03,-0.23,0.95,-1.91,-2.45,-0.73
100,0.02,-0.23,0.95,-2.19,-2.18,-0.08
101,0.01,-0.23,0.95,-1.66,-2.84,0.9
102,0.0,-0.23,0.96,-2.88,-4.07,-1.1
103,0.02,-0.23,0.95,-2.85,-4.27,0.04
104,0.02,-0.23,0.94,-2.3,-4.79,0.19
105,0.02,-0.24,0.95,-0.87,-5.24,1.19
106,0.05,-0.22,0.96,0.08,-4.96,7.56
107,0.16,-0.21,0.91,5.65,12.04,26.96
108,0.05,-0.21,0.97,1.29,10.49,22.63
109,-0.01,-0.21,0.97,1.27,9.41,20.75
110,0.03,-0.25,0.95,0.53,7.05,16.45
111,0.0,-0.22,0.96,0.18,5.56,13.24
112,0.01,-0.23,0.96,1.18,4.38,12.86
113,0.03,-0.24,0.95,4.31,4.6,14.6
114,0.01,-0.24,0.97,5.84,3.74,15.37
115,-0.01,-0.25,0.97,6.86,2.12,12.98
116,-0.02,-0.24,0.98,5.49,-2.57,7.35
117,0.01,-0.23,0.97,2.19,-1.4,3.62
118,0.01,-0.23,0.98,0.88,-0.93,2.98
119,0.02,-0.22,0.97,0.47,-0.97,2.73
120,0.01,-0.22,0.96,-0.35,0.23,1.44
121,0.01,-0.21,0.97,-2.13,-0.21,-0.82
122,0.02,-0.2,0.96,-1.92,-1.12,-1.4
123,0.02,-0.21,0.93,-2.08,3.03,3.4
124,-0.02,-0.21,0.95,-3.9,-0.61,-0.49
125,-0.01,-0.21,0.95,-5.06,-2.81,-2.67
126,0.03,-0.22,0.95,-4.37,-2.05,-0.42
127,0.01,-0.22,0.97,-3.92,-2.04,-0.38
128,0.04,-0.21,0.95,-4.3,-1.95,-2.37
129,0.0,-0.24,0.98,-3.61,-4.49,-1.92
130,0.02,-0.23,0.97,-3.02,-1.91,1.34
131,0.0,-0.24,0.97,-3.27,-1.96,-0.38
132,0.04,-0.22,0.96,-3.9,-0.71,-1.79
133,0.01,-0.22,0.96,-4.9,-1.37,-3.93
134,0.01,-0.23,0.95,-5.44,-1.44,-6.02
135,0.0,-0.23,0.95,-5.5,-3.35,-7.6
136,-0.0,-0.23,0.94,-5.33,-4.12,-8.5
137,-0.01,-0.25,0.92,-5.4,-4.5,-8.87
138,-0.0,-0.25,0.96,-5.46,-7.27,-8.15
139,-0.03,-0.27,0.97,-5.52,-5.25,-7.79
140,-0.03,-0.31,0.97,-6.22,-4.24,-8.74
141,-0.03,-0.33,1.02,-5.44,-10.85,-8.32
142,-0.02,-0.36,1.01,-1.5,-12.75,-3.79
143,-0.0,-0.37,1.05,2.93,-12.44,3.8
144,0.0,-0.38,1.05,9.27,-9.79,3.58
145,0.15,-0.34,1.09,20.95,-19.85,2.79
146,0.27,-0.34,1.08,37.84,-20.08,3.92
147,0.52,-0.3,1.03,53.28,-32.82,-5.93
148,0.84,-0.17,0.95,67.11,-41.47,-23.83
149,1.18,-0.06,0.82,75.33,-56.58,-48.73
150,1.51,0.06,0.73,68.47,-68.5,-71.45
151,1.96,0.17,0.67,36.4,-65.73,-98.89
152,2.0,0.24,0.7,13.06,-42.27,-115.64
153,2.0,0.24,0.69,-25.89,9.85,-119.69
154,2.0,0.17,0.72,-54.98,65.44,-117.85
155,2.0,0.11,0.76,-67.69,93.98,-131.08
156,2.0,0.05,0.81,-72.32,89.15,-173.08
157,2.0,-0.03,0.86,-64.47,81.0,-220.62
158,2.0,-0.1,0.9,-54.48,69.11,-250.14
159,2.0,-0.22,0.99,-47.44,63.32,-250.14
160,2.0,-0.26,0.84,-41.07,79.92,-250.14
161,2.0,-0.21,0.64,-48.11,112.46,-250.14
162,2.0,-0.2,0.33,-73.43,159.7,-250.14
163,2.0,-0.31,0.06,-105.89,226.01,-250.14
164,2.0,-0.58,-0.18,-151.34,250.13,-250.14
165,2.0,-0.89,-0.5,-217.85,250.13,-250.14
166,1.69,-1.33,-0.97,-250.14,250.13,-239.24
167,0.79,-2.0,-1.23,-250.14,250.13,-117.84
168,-0.85,-2.0,-1.01,-163.81,250.13,-151.18
169,-2.0,-2.0,-0.47,27.97,189.75,-250.14
170,-2.0,-2.0,0.24,171.81,-143.15,-250.14
171,-2.0,-2.0,0.23,203.73,-250.14,-250.14
172,-2.0,-2.0,0.41,90.9,-246.56,-250.14
173,-1.8,-2.0,0.65,-52.13,-67.56,-250.14
174,-1.31,-2.0,0.81,-122.7,151.21,-80.63
175,-1.71,-2.0,0.87,-96.56,250.13,100.79
176,-1.92,-2.0,0.7,6.96,250.13,167.47
177,-2.0,-1.99,0.5,99.92,250.13,147.13
178,-2.0,-1.16,-0.08,118.79,222.63,69.15
179,-2.0,-0.69,-0.22,77.56,171.78,17.79
180,-2.0,-0.69,-0.08,45.16,161.89,37.1
181,-1.97,-0.73,0.09,80.08,44.93,-16.09
182,-1.55,-0.41,-0.02,77.15,-32.53,-103.56
183,-1.22,-0.19,-0.19,14.44,-24.47,-101.84
184,-1.09,-0.21,-0.17,-49.32,26.19,-60.39
185,-1.1,-0.3,-0.08,-73.66,55.47,-22.08
186,-0.82,-0.46,0.39,-31.74,107.88,41.49
187,-1.1,-0.67,0.27,24.51,147.24,98.15
188,-1.42,-0.67,0.24,42.95,68.4,71.6
189,-1.41,-0.58,0.16,38.44,-19.35,21.4
190,-1.16,-0.43,0.2,30.99,-81.73,-9.92
191,-0.92,-0.38,0.25,24.47,-98.06,-9.91
192,-0.65,-0.4,0.33,14.27,-96.95,6.73
193,-0.47,-0.43,0.44,2.6,-80.08,23.98
194,-0.3,-0.47,0.52,-0.54,-53.98,45.74
195,-0.25,-0.47,0.57,2.69,-29.5,63.06
196,-0.34,-0.48,0.61,8.04,-21.18,66.16
197,-0.39,-0.46,0.63,10.35,-29.85,53.69
198,-0.44,-0.43,0.61,21.19,-40.43,42.11
199,-0.45,-0.35,0.57,24.69,-58.61,27.69
200,-0.42,-0.34,0.6,18.79,-73.73,21.1
201,-0.4,-0.36,0.64,10.66,-70.44,27.67
202,-0.32,-0.41,0.72,-3.86,-68.15,40.95
203,-0.21,-0.39,0.74,-1.56,-61.49,57.8
204,-0.14,-0.42,0.73,-15.02,-58.42,57.72
205,-0.16,-0.41,0.77,-16.32,-46.71,64.7
206,-0.18,-0.43,0.79,-15.76,-41.31,66.36
207,-0.15,-0.41,0.79,-14.95,-31.92,67.13
208,-0.21,-0.44,0.8,-18.41,-34.63,61.0
209,-0.22,-0.51,0.84,-15.54,-42.5,54.21
210,-0.24,-0.53,0.86,-9.35,-45.86,53.39
211,-0.24,-0.53,0.87,-4.27,-51.29,54.81
212,-0.26,-0.51,0.84,2.04,-51.43,61.89
213,-0.29,-0.45,0.81,1.53,-55.58,67.44
214,-0.27,-0.39,0.78,-3.39,-58.52,68.63
215,-0.22,-0.37,0.74,-6.57,-57.15,73.44
216,-0.15,-0.36,0.79,-9.56,-51.32,82.29
217,-0.14,-0.34,0.79,-13.89,-48.5,87.39
218,-0.1,-0.32,0.83,-20.76,-46.34,89.09
219,-0.07,-0.35,0.87,-19.05,-45.85,90.12
220,-0.07,-0.39,0.87,-14.09,-46.56,86.57
221,-0.07,-0.4,0.87,-8.77,-49.73,81.72
222,-0.09,-0.42,0.87,-5.79,-53.42,71.97
223,-0.08,-0.4,0.85,-2.18,-53.09,70.4
224,-0.04,-0.37,0.86,-1.22,-49.42,79.46
225,-0.03,-0.32,0.82,-8.15,-40.33,83.62
226,-0.01,-0.27,0.85,-15.56,-40.81,87.89
227,0.0,-0.27,0.88,-21.69,-37.92,89.78
228,0.04,-0.29,0.91,-25.4,-32.85,88.48
229,0.03,-0.3,0.94,-30.21,-30.79,81.08
230,0.01,-0.32,0.94,-33.89,-30.69,67.26
231,0.02,-0.36,0.91,-25.44,-34.92,51.54
232,0.07,-0.31,1.0,-29.5,-34.41,36.66
233,-0.0,-0.4,0.9,-19.11,-48.76,20.05
234,-0.01,-0.49,0.88,-6.41,-50.61,26.9
235,-0.07,-0.49,0.91,-5.75,-51.95,36.02
236,-0.03,-0.45,0.91,0.33,-49.23,52.71
237,-0.0,-0.39,0.92,0.82,-49.44,57.25
238,0.09,-0.33,0.91,-4.77,-45.09,60.82
239,0.11,-0.32,0.93,-6.21,-37.96,62.34
240,0.11,-0.3,0.94,-7.47,-32.95,59.06
241,0.1,-0.29,0.92,-6.41,-26.56,59.22
242,0.07,-0.3,0.92,-4.11,-23.47,59.6
243,0.02,-0.3,0.9,0.67,-24.74,55.74
244,-0.03,-0.28,0.89,1.82,-30.14,45.33
245,-0.03,-0.29,0.88,1.23,-38.11,38.65
246,-0.06,-0.32,0.91,2.89,-45.08,37.49
247,-0.05,-0.32,0.94,2.11,-54.98,31.85
248,0.05,-0.34,0.96,1.05,-56.74,28.98
249,0.11,-0.35,0.99,0.34,-51.05,33.23
250,0.16,-0.35,1.01,0.33,-41.97,35.49
251,0.16,-0.35,1.02,1.52,-30.5,37.76
252,0.12,-0.35,1.0,2.98,-19.44,41.38
253,0.05,-0.33,0.96,4.1,-12.18,45.65
254,-0.02,-0.33,0.94,6.24,-13.76,46.05
255,-0.08,-0.32,0.94,5.37,-24.83,37.12
256,-0.04,-0.32,0.92,5.82,-34.14,30.07
257,0.0,-0.31,0.94,7.82,-38.31,27.7
258,0.05,-0.31,0.97,9.24,-40.17,24.8
259,0.07,-0.32,0.98,9.53,-39.08,23.2
260,0.1,-0.32,1.0,9.37,-36.29,22.89
261,0.14,-0.3,0.98,8.61,-29.31,24.16
262,0.12,-0.3,0.97,5.95,-22.11,25.28
263,0.08,-0.31,0.97,3.51,-17.14,28.47
264,0.06,-0.29,0.96,1.93,-14.01,31.23
265,0.06,-0.28,0.94,0.41,-12.55,31.53
266,0.05,-0.29,0.94,-2.34,-12.76,29.56
267,0.04,-0.31,0.95,-3.69,-12.13,31.08
268,0.04,-0.31,0.95,-4.74,-12.63,30.34
269,0.05,-0.31,0.95,-8.28,-13.18,27.75
270,0.06,-0.32,0.94,-10.63,-11.06,26.34
271,0.02,-0.35,0.95,-10.15,-10.92,26.78
272,0.04,-0.34,0.97,-13.34,-7.57,29.32
273,0.04,-0.33,0.96,-10.84,-2.18,36.6
274,0.02,-0.32,0.97,-9.02,-2.4,32.38
275,0.02,-0.3,0.95,-6.76,-2.36,29.41
276,0.01,-0.3,0.96,-4.74,-4.44,25.41
277,0.01,-0.3,0.97,-3.96,-6.92,20.78
278,0.02,-0.29,0.97,-4.14,-7.82,19.42
279,0.06,-0.27,0.97,-5.4,-7.39,18.13
280,0.07,-0.27,0.97,-4.22,-4.47,18.76
281,0.06,-0.28,0.97,-4.66,-2.6,15.66
282,0.06,-0.3,0.97,-5.23,-0.13,12.08
283,0.04,-0.31,0.98,-5.05,2.24,11.2
284,0.04,-0.32,0.97,-3.9,4.18,10.38
285,0.02,-0.33,0.96,-1.6,3.24,9.84
286,-0.04,-0.35,0.97,-1.82,8.17,10.95
287,-0.08,-0.33,0.94,-1.64,7.53,11.24
288,-0.08,-0.31,0.93,-1.63,6.4,13.41
289,-0.09,-0.3,0.92,-2.45,3.12,13.08
290,-0.07,-0.29,0.94,-3.8,-0.52,11.95
291,-0.04,-0.3,0.94,-3.73,-3.53,9.85
292,-0.04,-0.32,0.95,-2.66,-4.04,8.76
293,-0.03,-0.3,0.94,-1.6,-1.81,9.63
294,-0.04,-0.3,0.94,-2.47,-1.03,10.49
295,-0.04,-0.3,0.94,-2.24,2.25,17.31
296,-0.08,-0.28,0.92,-3.02,2.4,18.85
297,-0.05,-0.27,0.91,-3.74,2.52,21.59
298,-0.09,-0.27,0.93,-4.05,-1.44,20.38
299,-0.08,-0.26,0.94,-3.92,-7.37,16.95
300,-0.02,-0.23,0.94,-5.65,-8.21,15.15
301,0.02,-0.24,0.96,-7.79,-6.42,15.63
302,0.03,-0.25,0.97,-8.95,-3.13,15.08
303,0.04,-0.26,0.97,-8.98,2.09,16.9
304,0.03,-0.28,0.98,-8.95,7.63,18.32
305,-0.01,-0.29,0.97,-6.89,10.26,18.57
306,-0.06,-0.29,0.95,-4.99,10.91,18.05
307,-0.08,-0.28,0.92,-5.75,11.63,17.53
308,-0.13,-0.29,0.92,-6.43,12.24,21.02
309,-0.19,-0.31,0.91,-5.71,6.16,21.98
310,-0.17,-0.31,0.92,-5.72,-2.58,19.99
311,-0.1,-0.3,0.92,-4.91,-6.81,18.6
312,-0.11,-0.3,0.94,-4.64,-8.66,17.34
313,-0.1,-0.29,0.93,-3.54,-9.54,17.5
314,-0.1,-0.28,0.93,-3.41,-7.31,20.42
315,-0.12,-0.27,0.91,-3.97,-7.63,21.87
316,-0.13,-0.27,0.9,-4.5,-9.21,20.72
317,-0.15,-0.27,0.88,-4.3,-11.08,20.08
318,-0.16,-0.28,0.88,-5.86,-14.25,17.82
319,-0.15,-0.29,0.89,-6.6,-17.7,16.78
320,-0.11,-0.29,0.89,-7.76,-19.83,17.56
321,-0.1,-0.3,0.9,-6.05,-20.05,19.67
322,-0.11,-0.32,0.94,-6.29,-22.96,16.22
323,-0.08,-0.33,0.93,-5.1,-24.66,15.04
324,-0.05,-0.33,0.95,-3.73,-23.66,16.97
325,-0.02,-0.32,0.94,-2.73,-19.39,20.59
326,-0.06,-0.31,0.94,-2.27,-18.09,21.93
327,-0.02,-0.28,0.93,-2.15,-17.49,21.87
328,-0.02,-0.27,0.92,-2.87,-15.95,21.1
329,-0.02,-0.28,0.94,-2.92,-17.53,19.3
330,-0.02,-0.28,0.95,-2.43,-20.47,15.78
331,-0.01,-0.28,0.94,-0.13,-20.79,14.24
332,0.02,-0.28,0.94,0.7,-19.63,12.89
333,0.02,-0.26,0.95,0.24,-16.56,12.34
334,0.0,-0.26,0.95,-0.24,-14.34,11.34
335,-0.01,-0.25,0.93,-0.07,-11.95,12.87
336,-0.01,-0.24,0.92,-1.59,-8.86,14.84
337,-0.06,-0.23,0.91,-5.04,-9.07,15.68
338,-0.06,-0.24,0.9,-9.81,-9.5,16.58
339,-0.07,-0.25,0.91,-13.63,-9.34,21.73
340,-0.06,-0.27,0.92,-16.63,-11.76,23.07
341,-0.02,-0.29,0.96,-18.38,-14.33,21.44
342,0.03,-0.31,0.98,-17.18,-14.35,18.18
343,0.04,-0.33,0.99,-14.57,-14.73,14.35
344,0.06,-0.33,1.0,-11.5,-13.73,11.82
345,0.05,-0.33,1.0,-7.89,-12.13,11.64
346,0.04,-0.31,0.98,-6.09,-10.77,10.96
347,0.04,-0.3,0.97,-4.95,-7.51,11.33
348,0.0,-0.3,0.97,-6.95,-9.23,8.75
349,-0.0,-0.31,0.97,-7.7,-10.15,8.8
350,0.02,-0.3,0.96,-8.4,-7.33,12.84
351,0.02,-0.29,0.95,-9.76,-5.79,14.57
352,0.01,-0.3,0.96,-9.05,-5.78,14.58
353,-0.01,-0.29,0.95,-8.13,-9.18,10.94
354,0.01,-0.3,0.95,-6.14,-9.02,10.36
355,-0.03,-0.32,0.96,-4.27,-12.98,6.59
356,-0.03,-0.32,0.96,-1.95,-15.71,4.69
357,-0.01,-0.32,0.96,0.69,-17.12,4.64
358,0.01,-0.32,0.95,0.01,-19.24,0.9
359,0.01,-0.33,0.97,-0.2,-18.97,0.79
360,0.02,-0.32,0.98,1.13,-16.76,4.17
361,0.03,-0.3,0.96,0.92,-13.98,7.49
362,0.04,-0.29,0.95,-2.25,-10.87,9.21
363,0.02,-0.32,0.96,-2.53,-9.28,12.96
364,0.04,-0.31,0.95,-2.08,-9.34,14.18
365,0.05,-0.31,0.95,-1.24,-9.14,13.64
366,0.05,-0.31,0.96,-1.43,-10.44,8.83
367,0.06,-0.31,0.94,0.86,-10.4,8.27
368,0.07,-0.3,0.93,2.82,-10.5,7.68
369,0.08,-0.26,0.93,3.23,-10.07,5.66
370,0.08,-0.26,0.93,2.06,-9.24,2.76
371,0.06,-0.27,0.93,2.02,-10.08,1.41
372,0.08,-0.26,0.95,1.88,-11.37,0.98
373,0.1,-0.25,0.94,1.19,-9.46,1.52
374,0.1,-0.25,0.94,-0.55,-7.66,-0.18
375,0.12,-0.25,0.94,-0.6,-8.05,-0.71
376,0.1,-0.26,0.95,-0.21,-4.71,-0.39
377,0.08,-0.26,0.96,-0.61,-5.24,-1.58
378,0.07,-0.26,0.94,-0.19,-3.79,1.01
379,0.04,-0.27,0.93,0.88,-5.07,3.76
380,0.01,-0.27,0.94,-0.11,-6.43,3.77
381,0.03,-0.28,0.93,0.36,-7.79,4.58
382,0.01,-0.28,0.93,0.27,-10.79,2.79
383,0.03,-0.27,0.94,-0.24,-13.7,-0.12
384,0.07,-0.27,0.95,0.56,-14.51,-4.04
385,0.09,-0.26,0.92,0.24,-11.74,-7.11
386,0.07,-0.28,0.95,0.39,-9.16,-9.07
387,0.04,-0.3,0.96,2.12,-10.53,-11.7
388,0.03,-0.3,0.96,4.55,-8.27,-9.13
389,0.02,-0.28,0.97,4.98,-6.94,-7.29
390,0.03,-0.26,0.95,4.67,-5.89,-5.95
391,0.03,-0.25,0.95,2.39,-3.56,-5.01
392,0.01,-0.25,0.95,0.93,-2.73,-2.46
393,0.01,-0.26,0.96,1.44,-2.31,-0.25
394,0.01,-0.26,0.96,1.75,-1.8,1.24
395,0.02,-0.25,0.94,2.07,-3.94,-1.08
396,0.02,-0.25,0.94,2.93,-3.66,-1.92
397,0.0,-0.28,0.94,3.76,-5.13,-4.4
398,-0.0,-0.27,0.98,6.15,-7.21,-5.2
399,-0.0,-0.28,0.93,7.56,-11.21,-8.98
