,accel_x,accel_y,accel_z,gyro_x,gyro_y,gyro_z
0,0.05,-0.25,0.96,3.82,-8.83,-2.0
1,0.07,-0.25,0.95,4.37,-9.25,-1.07
2,0.08,-0.24,0.95,3.82,-8.0,1.02
3,0.07,-0.24,0.95,3.63,-8.1,1.85
4,0.09,-0.24,0.95,3.88,-9.38,-0.3
5,0.07,-0.25,0.93,2.97,-10.04,-3.56
6,0.07,-0.24,0.95,2.47,-8.66,-5.24
7,0.07,-0.24,0.95,3.29,-9.97,-5.92
8,0.08,-0.24,0.95,3.13,-11.42,-7.23
9,0.09,-0.24,0.95,3.48,-12.63,-9.05
10,0.1,-0.25,0.97,4.58,-12.82,-10.35
11,0.09,-0.24,0.96,6.05,-12.17,-10.27
12,0.07,-0.23,0.96,6.93,-12.85,-10.44
13,0.08,-0.24,0.95,8.63,-15.04,-11.69
14,0.08,-0.24,0.97,10.17,-18.3,-15.35
15,0.1,-0.24,0.97,12.05,-20.3,-17.34
16,0.12,-0.23,0.96,12.44,-20.35,-17.4
17,0.12,-0.21,0.95,11.65,-19.03,-16.53
18,0.12,-0.21,0.94,10.21,-15.94,-13.26
19,0.12,-0.2,0.93,8.3,-13.73,-11.15
20,0.13,-0.19,0.95,6.16,-12.15,-10.73
21,0.14,-0.19,0.94,5.66,-11.52,-12.39
22,0.14,-0.2,0.96,5.0,-11.99,-14.15
23,0.14,-0.2,0.96,4.73,-11.43,-14.61
24,0.15,-0.21,0.96,4.78,-11.27,-15.24
25,0.16,-0.2,0.97,5.5,-9.82,-15.6
26,0.15,-0.19,0.97,5.56,-8.92,-16.05
27,0.15,-0.19,0.97,4.07,-6.31,-13.93
28,0.15,-0.19,0.97,2.44,-3.08,-10.98
29,0.14,-0.19,0.97,1.08,-1.27,-8.44
30,0.15,-0.19,0.97,-0.28,0.39,-8.57
31,0.14,-0.19,0.97,-0.34,0.43,-9.51
32,0.13,-0.18,0.97,-0.76,1.66,-9.48
33,0.11,-0.18,0.96,-1.56,2.4,-7.66
34,0.12,-0.18,0.97,-2.85,1.97,-5.4
35,0.11,-0.19,0.96,-3.95,2.7,-4.22
36,0.12,-0.2,0.97,-4.13,2.76,-3.73
37,0.12,-0.2,0.97,-4.16,3.39,-3.43
38,0.11,-0.2,0.97,-4.22,3.35,-2.91
39,0.08,-0.22,0.96,-3.86,2.59,-2.05
40,0.08,-0.21,0.95,-3.71,1.47,-0.8
41,0.05,-0.21,0.94,-3.02,1.31,1.12
42,0.08,-0.2,0.95,-3.4,1.61,-0.98
43,0.09,-0.2,0.96,-4.97,-0.27,1.91
44,0.1,-0.22,0.95,-3.85,1.12,3.51
45,0.1,-0.22,0.97,-2.35,0.5,4.33
46,0.11,-0.24,0.96,-1.4,-0.69,2.19
47,0.13,-0.23,0.97,-0.87,-1.88,-1.78
48,0.14,-0.21,0.97,0.32,-1.08,-3.03
49,0.14,-0.2,0.96,-0.44,-0.92,-3.44
50,0.14,-0.19,0.95,-1.37,-0.12,-3.2
51,0.15,-0.17,0.96,-3.08,0.58,-4.77
52,0.17,-0.18,0.96,-4.26,2.02,-6.69
53,0.2,-0.16,0.95,-7.57,3.58,-11.62
54,0.17,-0.17,0.94,-6.4,4.37,-10.64
55,0.16,-0.17,0.94,-5.27,4.8,-8.21
56,0.18,-0.18,0.92,-0.6,5.18,0.22
57,0.18,-0.35,0.87,27.98,-6.47,40.95
58,-0.01,0.01,1.01,-5.98,-1.91,-9.1
59,0.15,-0.21,0.93,-2.25,0.76,-1.87
60,0.09,-0.2,0.95,-3.18,-1.35,-1.27
61,0.12,-0.19,0.96,-4.2,-2.99,-0.88
62,0.13,-0.2,0.96,-5.69,-1.73,-0.27
63,0.13,-0.22,0.96,-5.98,-0.82,-0.42
64,0.11,-0.23,0.97,-4.96,-2.59,-0.04
65,0.15,-0.22,0.97,-4.73,-2.26,-0.31
66,0.13,-0.22,0.97,-5.27,-0.74,-0.96
67,0.12,-0.23,0.97,-4.53,-0.86,-0.97
68,0.12,-0.22,0.98,-3.36,-1.01,-0.1
69,0.13,-0.22,0.97,-3.4,-1.01,-0.82
70,0.12,-0.21,0.97,-2.8,-2.03,-0.66
71,0.12,-0.2,0.97,-2.57,-2.34,-0.08
72,0.12,-0.2,0.97,-2.39,-2.36,-0.92
73,0.11,-0.19,0.97,-2.27,-3.04,-0.93
74,0.1,-0.2,0.96,-2.08,-3.76,0.74
75,0.11,-0.19,0.97,-2.24,-4.49,0.73
76,0.12,-0.18,0.97,-2.33,-4.72,1.87
77,0.15,-0.17,0.96,-1.05,-3.46,4.83
78,0.11,-0.17,0.96,-2.08,-4.22,3.64
79,0.11,-0.17,0.95,-1.86,-5.16,5.23
80,0.11,-0.18,0.96,-3.21,-5.24,4.95
81,0.11,-0.19,0.97,-3.2,-6.85,3.39
82,0.13,-0.2,0.96,-1.98,-7.0,4.91
83,0.12,-0.19,0.97,-3.64,-8.84,2.72
84,0.11,-0.19,0.97,-3.89,-4.64,0.81
85,0.12,-0.19,0.97,-4.47,-5.33,0.35
86,0.11,-0.2,0.98,-3.46,-5.05,0.63
87,0.13,-0.2,0.98,-2.36,-6.49,-1.5
88,0.15,-0.2,0.98,-2.99,-7.1,-5.45
89,0.16,-0.21,0.98,-1.27,-6.39,-6.53
90,0.21,-0.18,0.99,-0.64,-7.15,-5.85
91,0.15,-0.21,0.97,0.18,-5.5,-9.65
92,0.16,-0.21,0.98,0.5,-6.87,-11.92
93,0.16,-0.2,0.97,1.08,-7.25,-12.19
94,0.16,-0.2,0.96,1.26,-6.44,-11.53
95,0.16,-0.2,0.96,0.51,-5.86,-10.17
96,0.16,-0.2,0.96,1.04,-5.36,-10.1
97,0.15,-0.19,0.95,0.7,-5.78,-11.2
98,0.15,-0.19,0.96,-0.48,-5.57,-11.27
99,0.16,-0.19,0.95,-0.09,-6.1,-9.99
100,0.17,-0.19,0.96,-0.07,-4.84,-8.58
101,0.18,-0.17,0.95,-0.87,-3.26,-5.97
102,0.17,-0.18,0.95,-2.4,-1.11,-4.92
103,0.16,-0.19,0.95,-2.29,-1.92,-4.05
104,0.15,-0.2,0.96,-2.39,-2.11,-4.31
105,0.14,-0.21,0.96,-2.29,-3.76,-4.56
106,0.14,-0.21,0.96,-1.4,-4.53,-4.15
107,0.15,-0.22,0.97,-0.81,-5.17,-4.24
108,0.16,-0.21,0.97,-0.27,-4.35,-4.95
109,0.16,-0.2,0.96,0.2,-2.79,-3.51
110,0.14,-0.2,0.96,-0.45,-2.46,-2.2
111,0.15,-0.2,0.96,-1.3,-3.07,-2.33
112,0.16,-0.2,0.95,-2.08,-1.95,-2.75
113,0.16,-0.2,0.97,-2.47,-2.85,-4.39
114,0.17,-0.2,0.96,-2.37,-2.73,-4.71
115,0.17,-0.2,0.97,-2.03,-1.78,-4.38
116,0.19,-0.19,0.96,-1.56,-0.76,-2.73
117,0.19,-0.19,0.96,-1.31,1.05,-2.66
118,0.19,-0.18,0.95,-2.17,2.3,-2.47
119,0.18,-0.17,0.95,-2.8,2.97,-2.13
120,0.17,-0.17,0.96,-3.73,3.0,-2.31
121,0.16,-0.17,0.95,-4.45,2.9,-3.66
122,0.15,-0.18,0.97,-4.66,1.36,-6.21
123,0.14,-0.19,0.96,-4.92,0.61,-5.88
124,0.14,-0.2,0.97,-4.81,0.69,-5.89
125,0.14,-0.2,0.97,-4.09,0.63,-4.98
126,0.13,-0.2,0.97,-3.92,1.44,-4.67
127,0.13,-0.2,0.97,-3.84,0.87,-4.03
128,0.14,-0.19,0.96,-4.03,1.2,-3.51
129,0.13,-0.19,0.97,-3.95,0.98,-3.41
130,0.12,-0.19,0.96,-3.9,0.45,-2.56
131,0.13,-0.19,0.97,-3.86,0.08,-1.72
132,0.13,-0.18,0.98,-4.2,0.23,-2.53
133,0.13,-0.17,0.97,-4.82,0.69,-2.37
134,0.11,-0.16,0.98,-5.4,2.65,-1.14
135,0.09,-0.16,0.99,-6.95,3.7,0.08
136,0.07,-0.16,0.99,-8.71,4.34,1.6
137,0.06,-0.17,1.0,-9.15,5.39,3.91
138,0.06,-0.19,1.0,-8.61,4.92,4.6
139,0.06,-0.21,1.0,-6.63,4.82,4.34
140,0.08,-0.21,0.99,-3.5,7.1,5.48
141,0.11,-0.18,0.96,-1.37,10.9,8.26
142,0.07,-0.18,0.91,0.29,9.87,7.58
143,0.1,-0.15,0.89,1.61,8.97,11.86
144,0.15,-0.12,0.85,2.44,7.86,14.58
145,0.22,-0.17,0.79,7.8,-13.55,20.04
146,0.37,-0.26,0.73,10.37,-61.13,23.81
147,0.93,-0.33,0.64,18.31,-112.91,20.5
148,1.84,-0.46,0.52,30.31,-154.23,14.21
149,2.0,-0.36,0.39,19.08,-172.79,-15.31
150,2.0,-0.22,0.36,-2.6,-128.9,-75.63
151,2.0,-0.16,0.45,-25.29,-25.89,-135.73
152,2.0,-0.21,0.42,-42.3,73.33,-208.03
153,2.0,-0.3,0.33,-49.1,183.98,-223.67
154,2.0,-0.49,0.12,-64.09,250.13,-241.74
155,2.0,-0.79,-0.07,-83.61,250.13,-250.14
156,2.0,-1.24,-0.13,-122.51,250.13,-250.14
157,2.0,-1.8,-0.16,-149.24,250.13,-250.14
158,1.7,-2.0,-0.07,-154.83,250.13,-250.14
159,-0.02,-2.0,0.2,-111.52,250.13,-250.14
160,-1.78,-2.0,0.44,-17.18,250.13,-250.14
161,-2.0,-2.0,0.31,52.77,141.47,-250.14
162,-2.0,-2.0,0.12,58.76,95.85,-250.14
163,-2.0,-2.0,0.07,9.99,107.63,-250.14
164,-2.0,-2.0,0.38,-23.06,136.29,-250.14
165,-2.0,-2.0,0.59,-19.59,149.24,-223.82
166,-2.0,-2.0,0.81,-2.54,133.14,-213.86
167,-2.0,-2.0,0.89,43.94,108.91,-199.22
168,-2.0,-2.0,0.73,64.76,106.04,-169.76
169,-2.0,-1.76,0.61,51.19,119.64,-98.28
170,-2.0,-1.35,0.57,56.67,89.21,-81.95
171,-1.93,-1.06,0.43,71.43,57.16,-91.15
172,-1.5,-0.69,0.35,75.41,49.87,-74.68
173,-1.39,-0.52,0.29,67.13,73.73,-41.0
174,-1.42,-0.46,0.3,69.5,79.66,-17.22
175,-1.45,-0.35,0.19,83.05,62.19,-22.56
176,-1.48,-0.16,0.14,70.96,41.03,-14.27
177,-1.57,0.04,0.01,39.43,15.16,-15.18
178,-1.33,0.09,0.07,12.95,-15.02,-5.49
179,-1.07,0.06,0.21,-11.15,-16.21,7.44
180,-0.94,-0.04,0.38,-12.54,-21.2,19.69
181,-0.75,-0.1,0.53,-8.83,-25.94,24.53
182,-0.6,-0.13,0.62,-0.27,-25.36,29.31
183,-0.47,-0.16,0.67,8.1,-28.11,31.91
184,-0.41,-0.13,0.65,14.04,-35.45,23.25
185,-0.35,-0.13,0.66,9.73,-38.24,19.05
186,-0.29,-0.16,0.68,9.34,-42.66,19.73
187,-0.18,-0.17,0.77,3.32,-47.79,19.53
188,-0.13,-0.19,0.8,0.73,-45.26,22.09
189,-0.05,-0.21,0.84,-5.4,-38.39,28.47
190,-0.04,-0.26,0.87,-9.4,-27.47,31.55
191,-0.05,-0.3,0.9,-9.27,-21.71,35.32
192,-0.09,-0.32,0.92,-6.82,-15.79,39.31
193,-0.14,-0.32,0.9,-4.34,-12.18,39.89
194,-0.19,-0.3,0.87,-2.95,-8.85,45.43
195,-0.25,-0.28,0.86,-2.95,-11.38,51.2
196,-0.28,-0.23,0.87,-3.82,-17.05,54.6
197,-0.23,-0.2,0.86,-8.98,-24.24,51.05
198,-0.18,-0.19,0.87,-14.44,-27.92,47.25
199,-0.12,-0.22,0.93,-14.82,-24.18,47.3
200,-0.19,-0.21,0.9,-12.66,-27.21,47.11
201,-0.19,-0.19,0.88,-13.62,-29.19,46.73
202,-0.17,-0.17,0.87,-19.0,-21.31,49.98
203,-0.2,-0.18,0.87,-21.82,-16.42,57.8
204,-0.26,-0.18,0.89,-23.64,-20.18,62.22
205,-0.24,-0.2,0.91,-24.93,-28.47,57.89
206,-0.18,-0.2,0.94,-26.31,-34.27,54.95
207,-0.16,-0.23,0.96,-27.7,-36.22,53.73
208,-0.12,-0.25,0.96,-28.34,-36.18,54.53
209,-0.11,-0.27,0.97,-27.46,-34.36,54.4
210,-0.12,-0.3,0.97,-23.63,-31.76,54.43
211,-0.13,-0.29,0.97,-21.01,-31.02,54.67
212,-0.12,-0.28,0.96,-19.37,-29.67,57.82
213,-0.09,-0.29,0.97,-18.15,-26.5,59.31
214,-0.08,-0.29,0.98,-15.22,-26.34,58.75
215,-0.1,-0.29,0.97,-14.32,-28.41,54.05
216,-0.1,-0.29,0.96,-12.62,-29.3,50.11
217,-0.11,-0.3,0.97,-10.59,-28.19,48.79
218,-0.11,-0.29,0.96,-8.23,-28.09,49.44
219,-0.09,-0.27,0.94,-10.17,-31.12,51.24
220,-0.04,-0.25,0.94,-11.55,-28.02,53.88
221,-0.01,-0.22,0.94,-15.22,-21.75,58.05
222,-0.03,-0.22,0.94,-18.69,-16.09,62.08
223,-0.02,-0.22,0.93,-18.93,-13.5,61.06
224,-0.03,-0.23,0.94,-17.65,-15.4,54.57
225,-0.07,-0.26,0.95,-13.11,-21.63,46.47
226,-0.1,-0.28,0.95,-7.53,-28.86,39.83
227,-0.08,-0.27,0.96,-3.14,-34.53,37.2
228,-0.03,-0.26,0.96,-0.97,-35.3,36.94
229,-0.01,-0.24,0.96,0.56,-35.02,38.17
230,0.04,-0.21,0.95,-0.95,-32.05,38.74
231,0.0,-0.22,0.95,-2.92,-26.89,39.4
232,0.01,-0.22,0.94,-6.09,-23.66,40.47
233,-0.02,-0.2,0.93,-6.08,-23.43,40.79
234,0.01,-0.2,0.92,-6.62,-22.28,42.24
235,0.0,-0.22,0.92,-8.63,-21.27,43.92
236,-0.0,-0.22,0.92,-11.88,-22.01,43.44
237,0.04,-0.23,0.94,-14.11,-21.73,41.86
238,0.06,-0.26,0.97,-13.96,-19.92,40.94
239,0.06,-0.27,0.98,-12.4,-17.61,40.78
240,0.08,-0.27,0.98,-10.92,-15.9,38.47
241,0.07,-0.26,1.0,-8.59,-15.31,35.1
242,0.04,-0.26,0.98,-6.0,-15.4,31.27
243,0.03,-0.26,0.98,-4.25,-15.2,29.43
244,0.02,-0.24,0.97,-3.37,-15.64,28.56
245,-0.0,-0.24,0.96,-4.88,-14.03,29.68
246,-0.03,-0.23,0.95,-6.73,-12.79,30.27
247,-0.05,-0.24,0.95,-8.64,-13.65,30.79
248,-0.07,-0.25,0.95,-9.24,-15.59,32.98
249,-0.04,-0.25,0.94,-11.21,-15.47,35.46
250,-0.01,-0.25,0.94,-13.07,-14.84,37.31
251,0.02,-0.24,0.94,-15.02,-14.0,37.92
252,0.05,-0.24,0.94,-16.84,-10.11,38.69
253,0.04,-0.24,0.94,-17.76,-7.63,37.8
254,0.02,-0.25,0.94,-16.68,-8.02,35.85
255,0.0,-0.26,0.96,-15.29,-9.04,33.76
256,0.0,-0.26,0.95,-13.9,-10.86,32.14
257,0.0,-0.26,0.96,-13.31,-11.78,31.25
258,0.01,-0.27,0.94,-13.69,-10.4,30.72
259,0.01,-0.27,0.93,-13.84,-9.54,32.05
260,-0.03,-0.28,0.93,-14.6,-9.69,31.69
261,-0.04,-0.29,0.93,-15.13,-10.95,32.89
262,-0.04,-0.29,0.94,-14.7,-10.31,34.72
263,-0.01,-0.3,0.95,-14.81,-12.47,33.76
264,0.02,-0.29,0.96,-14.13,-11.94,31.56
265,0.02,-0.29,0.96,-13.0,-11.03,30.33
266,0.05,-0.28,0.94,-11.44,-9.95,30.67
267,0.03,-0.27,0.94,-11.82,-7.86,28.26
268,0.02,-0.27,0.94,-10.67,-8.22,25.85
269,0.0,-0.27,0.94,-9.52,-10.5,22.47
270,-0.01,-0.27,0.95,-9.16,-11.97,20.02
271,0.0,-0.27,0.94,-8.93,-11.71,20.97
272,0.01,-0.26,0.95,-12.91,-10.29,24.21
273,-0.01,-0.26,0.95,-12.64,-7.61,25.35
274,0.01,-0.26,0.95,-15.26,-4.07,30.79
275,0.02,-0.27,0.96,-17.4,-1.09,32.92
276,-0.02,-0.3,0.97,-16.21,-4.01,29.7
277,-0.0,-0.32,0.98,-13.03,-7.47,24.37
278,-0.0,-0.33,0.99,-9.31,-9.93,20.41
279,-0.01,-0.32,0.99,-5.75,-12.75,17.46
280,-0.0,-0.3,0.97,-4.37,-13.76,17.38
281,0.01,-0.28,0.96,-3.69,-12.64,18.56
282,0.01,-0.26,0.95,-5.56,-11.53,19.62
283,0.01,-0.26,0.95,-8.5,-9.89,20.83
284,0.01,-0.27,0.96,-10.21,-9.45,22.98
285,0.02,-0.27,0.96,-11.53,-7.9,24.43
286,0.03,-0.28,0.96,-12.14,-5.54,24.5
287,0.01,-0.31,0.95,-9.63,-6.41,23.7
288,-0.01,-0.31,0.96,-8.03,-8.46,20.95
289,-0.01,-0.32,0.95,-6.69,-11.24,18.31
290,-0.01,-0.3,0.95,-5.34,-14.69,15.84
291,0.0,-0.28,0.96,-5.58,-14.9,15.01
292,0.01,-0.29,0.95,-6.72,-12.23,16.26
293,0.01,-0.28,0.96,-8.17,-9.77,19.15
294,0.0,-0.28,0.96,-9.26,-7.78,20.83
295,-0.01,-0.29,0.95,-8.49,-8.42,21.4
296,-0.02,-0.3,0.95,-9.79,-9.91,20.49
297,-0.02,-0.31,0.96,-9.29,-11.11,20.18
298,-0.02,-0.31,0.97,-7.9,-13.16,19.76
299,-0.01,-0.31,0.96,-6.61,-12.11,19.56
300,-0.01,-0.31,0.96,-5.98,-11.33,18.17
301,-0.02,-0.3,0.96,-5.75,-11.24,18.5
302,-0.03,-0.29,0.95,-6.46,-10.31,18.94
303,-0.02,-0.29,0.96,-7.87,-9.52,19.21
304,-0.01,-0.31,0.95,-7.2,-8.76,19.18
305,-0.01,-0.32,0.97,-5.95,-7.11,19.35
306,-0.02,-0.32,0.96,-4.76,-6.81,19.47
307,-0.0,-0.32,0.94,-3.73,-7.26,18.0
308,-0.0,-0.31,0.93,-3.96,-7.02,17.03
309,-0.02,-0.31,0.93,-3.98,-6.95,16.68
310,-0.03,-0.3,0.93,-3.18,-7.56,16.02
311,-0.04,-0.3,0.93,-2.81,-9.14,16.6
312,-0.04,-0.29,0.92,-3.14,-12.26,15.9
313,-0.03,-0.29,0.92,-3.72,-14.34,15.53
314,-0.01,-0.28,0.92,-3.78,-15.84,14.7
315,-0.0,-0.29,0.93,-4.11,-16.47,14.27
316,0.02,-0.29,0.93,-5.05,-15.05,14.0
317,0.03,-0.28,0.94,-6.48,-12.37,16.5
318,0.03,-0.31,0.94,-7.41,-10.37,17.05
319,0.03,-0.32,0.95,-7.25,-8.8,18.89
320,0.03,-0.32,0.96,-6.49,-6.41,19.91
321,0.01,-0.32,0.95,-5.61,-6.62,19.95
322,0.0,-0.31,0.95,-4.92,-7.6,19.38
323,0.01,-0.31,0.95,-4.47,-9.37,17.49
324,0.02,-0.3,0.93,-5.33,-9.91,15.59
325,0.02,-0.31,0.94,-6.45,-8.73,15.38
326,0.0,-0.32,0.95,-6.29,-8.96,14.69
327,0.0,-0.32,0.93,-6.08,-8.33,16.92
328,0.02,-0.32,0.94,-8.22,-10.05,16.85
329,0.02,-0.32,0.94,-5.48,-8.82,16.95
330,0.03,-0.31,0.96,-3.14,-9.61,14.47
331,0.03,-0.31,0.95,-2.56,-10.41,13.54
332,0.03,-0.3,0.93,-2.53,-10.93,12.88
333,0.03,-0.3,0.94,-3.13,-10.77,12.9
334,0.03,-0.29,0.95,-3.58,-10.66,12.76
335,0.05,-0.3,0.95,-4.28,-9.71,11.77
336,0.07,-0.31,0.95,-4.28,-8.59,12.61
337,0.05,-0.3,0.96,-3.93,-6.49,12.61
338,0.04,-0.32,0.96,-2.39,-7.21,11.82
339,0.05,-0.31,0.95,-1.37,-6.6,11.63
340,0.05,-0.3,0.95,-1.14,-5.74,10.59
341,0.04,-0.29,0.95,-1.23,-5.34,9.95
342,0.03,-0.29,0.95,-1.02,-5.53,9.39
343,0.04,-0.29,0.95,-1.26,-5.69,9.21
344,0.04,-0.28,0.95,-1.14,-5.98,8.65
345,0.04,-0.28,0.94,-1.23,-6.2,7.86
346,0.03,-0.29,0.94,-1.37,-7.36,6.57
347,0.04,-0.3,0.94,-0.52,-8.52,5.91
348,0.04,-0.29,0.93,-0.79,-7.8,4.44
349,0.03,-0.3,0.94,-1.04,-7.47,5.11
350,0.02,-0.3,0.93,-1.34,-6.67,6.98
351,0.03,-0.28,0.94,-2.78,-5.37,8.92
352,0.03,-0.3,0.94,-3.17,-5.0,9.92
353,0.02,-0.31,0.95,-2.73,-6.75,7.9
354,0.01,-0.32,0.96,-0.6,-9.69,5.76
355,0.02,-0.32,0.95,1.09,-11.17,4.41
356,0.01,-0.31,0.95,1.36,-11.82,2.69
357,0.01,-0.3,0.95,1.66,-12.73,2.4
358,0.03,-0.3,0.93,0.6,-11.6,3.34
359,0.03,-0.29,0.94,0.07,-9.79,4.26
360,0.02,-0.3,0.94,0.54,-9.73,4.7
361,0.02,-0.29,0.94,0.68,-10.44,4.16
362,0.0,-0.3,0.95,1.56,-11.73,4.76
363,0.01,-0.29,0.95,1.89,-12.93,4.92
364,0.02,-0.3,0.93,2.08,-14.66,4.71
365,0.05,-0.3,0.95,2.58,-14.66,3.77
366,0.06,-0.29,0.96,3.34,-14.19,3.1
367,0.07,-0.28,0.94,3.69,-13.02,1.85
368,0.06,-0.28,0.94,4.82,-13.72,0.23
369,0.05,-0.28,0.95,5.68,-15.42,-1.71
370,0.06,-0.28,0.95,6.66,-17.43,-3.98
371,0.07,-0.28,0.95,8.28,-19.0,-6.42
372,0.07,-0.27,0.95,9.57,-20.47,-7.95
373,0.07,-0.27,0.96,9.56,-20.39,-8.15
374,0.09,-0.26,0.95,8.79,-18.92,-7.47
375,0.09,-0.27,0.95,7.92,-16.91,-6.8
376,0.1,-0.27,0.96,8.32,-15.96,-7.9
377,0.09,-0.28,0.96,9.39,-15.95,-8.7
378,0.08,-0.27,0.96,10.18,-15.66,-9.19
379,0.09,-0.26,0.95,10.14,-15.56,-9.26
380,0.1,-0.26,0.94,8.85,-13.85,-9.18
381,0.1,-0.26,0.95,8.58,-13.05,-8.69
382,0.1,-0.27,0.95,9.62,-13.04,-7.96
383,0.1,-0.25,0.95,9.28,-11.85,-7.53
384,0.09,-0.25,0.94,8.53,-11.32,-6.4
385,0.08,-0.24,0.93,7.4,-10.02,-4.91
386,0.07,-0.24,0.93,5.88,-9.12,-2.81
387,0.07,-0.24,0.93,4.28,-9.15,-1.44
388,0.1,-0.24,0.93,2.95,-8.19,-0.2
389,0.11,-0.23,0.94,1.51,-6.39,1.17
390,0.1,-0.21,0.93,-0.66,-3.41,3.85
391,0.11,-0.21,0.93,-2.74,-1.47,5.73
392,0.11,-0.23,0.95,-4.25,-1.5,6.08
393,0.12,-0.23,0.96,-4.11,-1.66,4.57
394,0.11,-0.24,0.97,-3.44,-2.45,3.02
395,0.11,-0.24,0.96,-3.11,-3.15,1.24
396,0.12,-0.24,0.97,-2.63,-2.59,0.95
397,0.1,-0.24,0.97,-1.95,-2.05,1.33
398,0.09,-0.24,0.96,-2.57,-1.89,1.89
399,0.09,-0.24,0.96,-2.63,-1.21,2.73
