,accel_x,accel_y,accel_z,gyro_x,gyro_y,gyro_z
0,0.02,-0.01,1.01,-10.02,-7.19,5.48
1,0.03,-0.01,1.03,-8.98,-4.54,5.48
2,0.01,-0.02,1.04,-7.82,-1.55,5.79
3,0.02,-0.01,1.05,-5.47,0.27,5.41
4,0.03,-0.01,1.04,-4.04,2.09,4.73
5,0.03,0.01,1.04,-3.6,5.02,3.68
6,0.03,0.02,1.02,-3.85,5.95,1.63
7,0.01,0.02,1.0,-5.36,8.53,0.25
8,0.0,0.01,1.0,-6.53,10.28,-1.21
9,-0.01,0.01,1.0,-7.08,11.8,-2.58
10,-0.02,0.01,1.01,-6.48,12.92,-3.93
11,-0.04,0.01,0.99,-5.63,13.08,-5.16
12,-0.09,-0.01,0.99,-3.77,11.34,-5.09
13,-0.09,-0.01,0.98,-3.08,9.89,-3.72
14,-0.08,0.01,0.97,-2.83,10.34,-2.83
15,-0.08,0.01,0.96,-3.42,10.63,-2.01
16,-0.07,0.03,0.96,-5.0,10.43,-1.94
17,-0.07,0.03,0.96,-5.82,8.75,-2.11
18,-0.06,0.03,0.95,-6.62,7.27,-1.69
19,-0.07,0.03,0.96,-7.62,5.96,-1.82
20,-0.06,0.03,0.97,-8.32,5.3,-2.01
21,-0.06,0.01,0.98,-8.56,5.64,-1.4
22,-0.06,0.01,0.98,-9.17,6.73,-1.35
23,-0.07,-0.01,1.0,-8.76,5.95,-1.63
24,-0.09,-0.01,1.0,-7.53,3.92,-1.98
25,-0.07,-0.01,1.0,-6.24,2.85,-2.12
26,-0.07,-0.01,1.01,-4.54,1.71,-3.28
27,-0.07,-0.02,1.02,-3.66,0.98,-3.47
28,-0.05,-0.01,1.01,-3.0,0.31,-4.08
29,-0.04,-0.01,1.01,-3.62,1.79,-4.71
30,-0.04,-0.02,1.02,-3.37,2.48,-4.77
31,-0.05,-0.01,1.01,-2.85,2.16,-5.4
32,-0.04,-0.0,1.01,-2.52,2.46,-6.65
33,-0.05,-0.01,1.02,-2.22,3.14,-7.6
34,-0.07,-0.02,1.03,-1.15,2.86,-8.4
35,-0.07,-0.03,1.02,0.0,2.07,-8.47
36,-0.09,-0.03,1.01,0.89,2.15,-7.63
37,-0.09,-0.02,1.0,0.94,1.27,-6.67
38,-0.1,-0.01,0.99,0.25,1.57,-5.25
39,-0.11,-0.0,0.98,-0.24,2.05,-3.39
40,-0.1,-0.01,1.0,-0.66,1.62,-2.2
41,-0.08,0.0,0.99,-1.44,1.62,-1.75
42,-0.06,0.01,0.98,-1.56,1.45,-3.01
43,-0.07,0.0,0.96,-1.4,0.1,-4.32
44,-0.08,0.0,0.96,-1.43,-2.47,-5.42
45,-0.1,0.01,0.97,-1.44,-3.27,-5.35
46,-0.09,0.01,0.97,-1.73,-2.42,-4.72
47,-0.1,0.01,0.97,-1.5,-2.06,-4.31
48,-0.09,0.02,0.94,-1.2,-1.46,-4.6
49,-0.08,0.01,0.95,-1.41,-2.05,-5.26
50,-0.09,-0.0,0.96,-1.78,-2.62,-6.0
51,-0.08,-0.0,0.96,-2.21,-1.84,-5.78
52,-0.1,-0.01,0.96,-2.76,-1.2,-5.3
53,-0.11,-0.02,0.98,-3.16,-0.64,-3.72
54,-0.11,-0.02,0.99,-2.7,0.47,-2.25
55,-0.11,-0.02,0.97,-2.69,1.42,-1.02
56,-0.12,-0.02,0.98,-3.06,1.9,0.22
57,-0.11,-0.02,0.98,-2.56,1.6,1.52
58,-0.11,-0.01,0.98,-2.4,1.47,2.29
59,-0.09,-0.0,0.97,-2.85,-0.08,0.56
60,-0.1,0.01,0.97,-2.85,-0.69,-0.49
61,-0.1,-0.0,1.0,-1.93,-2.34,0.23
62,-0.1,0.0,0.98,-1.56,-3.43,0.52
63,-0.07,0.01,0.97,-1.87,-2.32,0.02
64,-0.07,-0.01,0.99,-2.18,-1.52,0.06
65,-0.08,0.0,1.0,-1.82,-1.47,0.67
66,-0.07,-0.0,0.97,-1.72,-1.57,0.49
67,-0.05,0.01,0.98,-1.93,-2.18,-0.98
68,-0.05,0.0,0.99,-1.38,-2.24,-2.08
69,-0.05,0.01,0.99,-0.79,-2.42,-2.82
70,-0.04,0.01,1.0,-0.49,-1.43,-2.86
71,-0.04,0.01,0.99,-0.45,-1.21,-3.3
72,-0.04,0.01,0.98,-0.33,-0.11,-2.97
73,-0.04,0.01,0.97,-1.55,0.15,-3.44
74,-0.06,0.01,0.97,-2.45,-0.22,-3.73
75,-0.06,0.01,0.98,-3.1,0.35,-3.56
76,-0.06,-0.0,0.97,-4.02,-0.02,-3.7
77,-0.06,-0.01,0.98,-4.42,-0.52,-4.24
78,-0.07,-0.01,0.99,-4.07,-1.07,-4.31
79,-0.05,-0.01,1.01,-3.6,-0.79,-5.18
80,-0.05,-0.03,1.03,-2.18,0.22,-5.69
81,-0.07,-0.03,1.02,-0.12,0.39,-5.82
82,-0.08,-0.02,1.01,1.76,0.23,-5.49
83,-0.07,-0.02,0.99,3.11,0.41,-5.04
84,-0.06,0.0,0.98,3.27,0.03,-5.92
85,-0.06,0.01,0.97,2.08,0.16,-7.02
86,-0.07,0.01,0.97,0.47,-0.43,-7.79
87,-0.08,0.02,0.97,-1.05,-0.97,-8.5
88,-0.09,0.01,0.98,-2.43,0.41,-8.3
89,-0.1,-0.0,1.0,-2.68,0.86,-7.36
90,-0.09,-0.0,1.01,-1.93,1.67,-6.89
91,-0.11,-0.01,1.01,-1.0,2.02,-6.87
92,-0.11,-0.01,1.0,0.46,1.25,-5.92
93,-0.11,-0.02,0.99,1.31,0.57,-5.44
94,-0.1,0.0,0.98,1.11,0.89,-5.02
95,-0.12,0.01,0.97,0.63,1.18,-4.67
96,-0.13,0.0,0.96,0.31,0.71,-3.89
97,-0.14,-0.0,0.95,0.15,-0.25,-3.1
98,-0.14,-0.01,0.95,0.04,-1.1,-1.21
99,-0.14,-0.01,0.94,-0.93,-1.75,0.5
100,-0.13,-0.01,0.94,-1.89,-1.19,1.91
101,-0.11,-0.0,0.93,-2.24,-1.07,2.79
102,-0.1,-0.0,0.93,-2.22,-2.34,2.94
103,-0.11,-0.01,0.94,-2.09,-4.39,2.84
104,-0.08,-0.01,0.95,-1.4,-5.35,3.7
105,-0.08,-0.01,0.95,-1.34,-4.89,4.67
106,-0.07,-0.01,0.94,-1.55,-5.51,4.31
107,-0.04,-0.02,0.94,-1.69,-5.43,3.73
108,-0.02,-0.01,0.93,-1.98,-6.18,2.59
109,-0.02,-0.01,0.94,-1.5,-7.02,1.51
110,-0.02,-0.02,0.94,-0.98,-8.47,0.86
111,-0.01,-0.04,0.95,-0.37,-8.95,1.28
112,-0.01,-0.03,0.94,0.28,-9.43,1.7
113,0.0,-0.04,0.94,0.66,-10.41,2.18
114,0.01,-0.05,0.94,1.54,-10.47,3.69
115,0.04,-0.05,0.94,2.69,-10.11,5.01
116,0.08,-0.03,0.93,2.86,-9.66,5.67
117,0.09,0.02,0.92,1.47,-9.79,4.31
118,0.08,0.04,0.92,0.31,-9.62,1.62
119,0.06,0.03,0.94,1.44,-11.47,-0.08
120,0.03,0.01,0.97,3.31,-14.6,-0.97
121,0.01,-0.02,0.99,6.11,-15.82,1.5
122,-0.03,-0.05,1.01,10.13,-16.66,5.31
123,-0.05,-0.07,1.03,14.98,-18.07,12.31
124,-0.07,-0.08,1.02,19.84,-19.66,21.1
125,-0.01,-0.07,0.97,20.44,-24.49,26.81
126,0.12,-0.04,0.95,16.77,-26.56,26.75
127,0.31,0.03,0.93,8.24,-25.84,20.21
128,0.36,0.06,0.94,-0.29,-23.08,14.15
129,0.43,0.09,0.99,-10.16,-25.11,9.18
130,0.55,0.12,1.04,-18.61,-25.3,4.51
131,0.68,0.13,1.09,-24.12,-25.73,-1.15
132,0.82,0.13,1.15,-27.69,-26.69,-9.9
133,0.92,0.13,1.22,-29.48,-26.69,-18.76
134,0.97,0.1,1.27,-27.39,-26.56,-27.56
135,0.94,0.05,1.28,-20.4,-32.3,-35.75
136,0.88,0.01,1.28,-9.5,-43.24,-40.72
137,0.82,-0.04,1.25,2.5,-59.5,-43.28
138,0.78,-0.06,1.18,15.65,-79.94,-44.9
139,0.78,-0.08,1.09,21.64,-99.58,-46.58
140,0.83,-0.09,1.0,20.66,-110.08,-47.36
141,0.82,-0.11,0.92,17.3,-124.14,-51.06
142,0.81,-0.13,0.93,4.92,-133.76,-49.18
143,0.89,-0.18,0.86,0.95,-141.98,-59.63
144,0.97,-0.2,0.8,-1.62,-137.63,-71.79
145,0.99,-0.16,0.75,-8.63,-125.18,-83.53
146,1.1,-0.16,0.72,-16.1,-112.9,-99.02
147,1.19,-0.16,0.7,-25.36,-91.7,-118.18
148,1.29,-0.17,0.67,-36.37,-65.16,-141.56
149,1.36,-0.22,0.69,-49.54,-28.18,-174.35
150,1.23,-0.3,0.69,-72.43,13.86,-193.61
151,1.11,-0.45,0.68,-77.2,31.66,-214.02
152,0.9,-0.58,0.64,-81.05,39.13,-227.91
153,0.75,-0.66,0.6,-85.37,29.82,-238.36
154,0.66,-0.75,0.54,-91.72,-4.62,-250.14
155,0.54,-0.86,0.61,-97.27,-48.01,-250.14
156,0.43,-1.0,0.76,-102.31,-84.09,-250.14
157,0.31,-1.17,1.01,-101.31,-99.53,-250.14
158,0.22,-1.3,1.21,-94.17,-86.39,-250.14
159,0.08,-1.35,1.33,-85.82,-58.01,-250.14
160,-0.13,-1.38,1.34,-76.26,-30.89,-250.14
161,-0.43,-1.4,1.29,-61.74,-27.66,-250.14
162,-0.7,-1.39,1.27,-45.97,-45.34,-250.14
163,-0.83,-1.29,1.22,-33.61,-60.53,-250.14
164,-0.92,-1.18,1.2,-31.38,-67.21,-250.14
165,-0.88,-1.1,1.2,-36.92,-50.89,-247.22
166,-0.88,-1.0,1.18,-49.58,-15.54,-207.92
167,-0.89,-0.9,1.22,-58.71,12.53,-165.63
168,-0.89,-0.8,1.24,-62.26,29.47,-128.83
169,-0.84,-0.67,1.26,-61.05,33.46,-99.14
170,-0.68,-0.52,1.27,-61.35,32.89,-80.85
171,-0.55,-0.39,1.27,-57.97,35.42,-72.46
172,-0.5,-0.33,1.33,-52.18,38.15,-66.8
173,-0.45,-0.29,1.38,-39.35,43.6,-59.38
174,-0.4,-0.19,1.38,-32.05,49.64,-57.0
175,-0.43,-0.13,1.39,-23.02,53.5,-54.35
176,-0.48,-0.05,1.32,-17.54,56.75,-50.99
177,-0.55,-0.0,1.25,-17.37,61.18,-44.08
178,-0.63,0.01,1.22,-20.5,63.9,-30.89
179,-0.66,0.01,1.22,-24.01,65.05,-11.41
180,-0.62,-0.01,1.23,-26.44,63.66,7.68
181,-0.55,-0.07,1.27,-25.17,60.16,22.35
182,-0.47,-0.12,1.28,-20.43,53.82,31.22
183,-0.38,-0.18,1.28,-12.82,43.56,35.18
184,-0.29,-0.21,1.26,-4.47,35.95,36.6
185,-0.21,-0.22,1.25,0.75,31.08,37.86
186,-0.13,-0.21,1.2,6.46,30.4,37.97
187,-0.07,-0.2,1.17,9.79,33.11,38.59
188,-0.04,-0.19,1.14,12.76,38.26,43.18
189,0.01,-0.17,1.09,12.89,45.66,47.44
190,0.06,-0.13,1.06,12.72,54.04,53.1
191,0.11,-0.09,1.04,11.49,60.67,56.44
192,0.13,-0.09,1.0,13.27,62.08,56.76
193,0.13,-0.06,0.95,15.82,57.05,54.15
194,0.13,-0.04,0.92,18.08,44.15,49.19
195,0.15,-0.01,0.88,18.1,29.95,41.27
196,0.15,-0.01,0.86,16.56,19.19,31.58
197,0.12,-0.02,0.89,14.31,14.14,25.87
198,0.07,-0.04,0.9,12.16,12.75,25.02
199,0.06,-0.04,0.9,10.18,15.08,26.31
200,0.03,-0.05,0.88,6.68,16.47,28.35
201,-0.0,-0.04,0.88,1.81,16.3,32.05
202,0.01,-0.05,0.89,-2.59,16.92,35.19
203,0.03,-0.05,0.91,-5.56,15.89,36.39
204,0.06,-0.05,0.94,-7.06,14.76,36.24
205,0.06,-0.06,0.94,-7.31,12.47,33.54
206,0.04,-0.06,0.96,-5.72,6.29,30.76
207,0.01,-0.06,0.96,-4.6,1.21,30.53
208,0.02,-0.06,0.98,-4.63,-1.63,31.25
209,0.06,-0.05,1.0,-5.15,-1.09,30.58
210,0.05,-0.06,1.02,-5.25,3.05,30.12
211,0.03,-0.06,1.02,-5.86,7.1,31.14
212,0.02,-0.07,1.04,-6.0,11.45,33.73
213,0.04,-0.07,1.04,-5.3,14.83,35.56
214,0.05,-0.05,1.04,-4.0,15.58,35.56
215,0.06,-0.03,1.03,-2.87,14.51,34.49
216,0.05,-0.03,1.02,-0.21,11.51,32.29
217,0.04,-0.03,1.02,3.04,7.24,29.8
218,0.03,-0.04,1.01,5.37,6.11,26.66
219,-0.01,-0.04,0.98,7.81,4.92,24.47
220,-0.04,-0.05,0.98,7.58,4.13,25.44
221,-0.08,-0.05,0.95,5.89,6.79,27.6
222,-0.11,-0.06,0.94,4.51,6.52,30.98
223,-0.11,-0.06,0.91,2.56,4.38,32.5
224,-0.08,-0.05,0.91,0.76,1.98,32.21
225,-0.06,-0.05,0.92,0.86,0.1,29.77
226,-0.11,-0.06,0.9,0.48,-3.6,28.21
227,-0.13,-0.07,0.91,0.24,-7.86,30.27
228,-0.15,-0.08,0.91,-0.99,-9.05,33.95
229,-0.15,-0.09,0.9,-4.07,-10.02,37.9
230,-0.09,-0.08,0.93,-7.21,-9.73,41.71
231,-0.03,-0.06,0.96,-9.01,-7.73,43.58
232,-0.01,-0.07,0.98,-9.47,-4.53,43.06
233,-0.01,-0.07,1.0,-8.39,-2.38,42.99
234,-0.04,-0.09,1.01,-4.19,-2.49,43.79
235,-0.07,-0.11,1.0,1.34,-4.15,44.95
236,-0.09,-0.1,0.97,4.66,-5.89,47.08
237,-0.08,-0.1,0.95,5.47,-7.33,49.91
238,-0.04,-0.08,0.94,4.62,-7.89,51.87
239,0.0,-0.06,0.93,1.98,-6.02,53.4
240,0.02,-0.08,0.92,-1.11,-1.82,54.08
241,0.02,-0.07,0.92,-3.24,-0.04,55.19
242,0.02,-0.05,0.91,-4.66,-0.02,56.26
243,0.04,-0.06,0.9,-6.81,-0.44,56.97
244,0.04,-0.06,0.92,-7.66,-3.15,56.95
245,0.04,-0.07,0.93,-8.48,-7.45,56.43
246,0.05,-0.08,0.96,-9.2,-10.6,57.4
247,0.08,-0.08,1.0,-9.69,-10.15,58.82
248,0.14,-0.07,1.03,-10.12,-6.39,60.18
249,0.16,-0.07,1.04,-10.87,-2.87,59.98
250,0.16,-0.07,1.05,-9.55,0.84,60.43
251,0.14,-0.08,1.06,-6.14,-0.32,58.95
252,0.13,-0.09,1.03,-0.41,-5.88,56.15
253,0.11,-0.08,1.0,4.11,-11.71,54.05
254,0.1,-0.07,0.97,5.78,-16.31,53.49
255,0.1,-0.07,0.94,4.66,-17.99,53.15
256,0.1,-0.05,0.92,0.4,-18.31,54.15
257,0.12,-0.05,0.95,-5.71,-15.21,56.06
258,0.15,-0.05,0.98,-11.71,-9.31,58.79
259,0.21,-0.04,1.01,-16.63,-1.78,58.66
260,0.21,-0.02,1.03,-17.76,6.0,57.37
261,0.18,-0.05,1.03,-15.92,9.34,54.59
262,0.11,-0.05,1.01,-13.48,9.44,49.99
263,0.06,-0.09,0.98,-5.79,6.17,48.98
264,0.01,-0.09,0.93,0.21,-1.95,45.56
265,-0.03,-0.09,0.89,3.77,-11.88,43.3
266,-0.02,-0.09,0.86,3.5,-19.98,43.0
267,0.02,-0.09,0.9,0.89,-22.71,45.07
268,0.07,-0.1,0.96,-1.82,-17.85,50.56
269,0.14,-0.09,1.0,-4.3,-8.28,55.73
270,0.17,-0.08,1.0,-6.92,2.74,59.33
271,0.17,-0.07,1.0,-8.74,10.5,61.48
272,0.16,-0.06,1.0,-8.41,10.52,61.73
273,0.15,-0.05,0.98,-6.54,6.5,59.42
274,0.14,-0.07,0.98,-3.95,-0.83,54.92
275,0.12,-0.07,1.0,0.0,-7.51,52.43
276,0.11,-0.08,1.01,4.24,-13.41,51.31
277,0.14,-0.06,1.01,6.21,-15.13,51.8
278,0.17,-0.05,0.98,7.02,-7.98,52.25
279,0.19,-0.04,0.97,1.21,-5.85,52.94
280,0.16,-0.02,0.96,-3.34,-1.64,52.18
281,0.19,-0.02,0.99,-8.02,2.01,53.12
282,0.18,-0.01,1.02,-9.56,5.12,51.77
283,0.2,-0.01,1.02,-9.77,7.54,49.2
284,0.17,-0.02,1.02,-6.68,8.1,45.83
285,0.14,-0.03,1.03,-2.09,2.84,42.08
286,0.11,-0.04,1.02,3.0,-2.16,38.92
287,0.1,-0.05,1.02,7.47,-7.1,36.8
288,0.11,-0.04,1.0,9.21,-8.57,35.68
289,0.1,-0.05,0.98,9.08,-7.77,35.95
290,0.1,-0.05,0.98,6.33,-4.9,37.83
291,0.12,-0.05,0.98,2.05,1.09,39.98
292,0.12,-0.04,0.98,-1.24,5.59,40.43
293,0.12,-0.03,0.98,-3.94,6.08,40.79
294,0.12,-0.02,0.99,-4.88,4.88,39.7
295,0.13,-0.03,0.99,-4.38,2.28,38.33
296,0.09,-0.03,0.99,-4.47,1.8,37.02
297,0.07,-0.03,1.01,-3.61,1.47,37.08
298,0.04,-0.05,1.01,-0.74,-1.06,37.18
299,0.03,-0.06,1.0,1.47,-4.1,37.92
300,0.04,-0.06,0.99,1.08,-5.62,39.37
301,0.08,-0.05,1.0,0.31,-4.5,39.92
302,0.16,-0.05,1.03,-0.48,0.44,38.41
303,0.19,-0.04,1.04,-0.23,5.62,35.49
304,0.16,-0.05,1.04,2.34,7.7,32.7
305,0.13,-0.06,1.02,4.87,4.41,28.78
306,0.12,-0.07,0.99,6.69,1.14,25.12
307,0.1,-0.08,1.0,8.33,0.2,24.27
308,0.09,-0.08,0.99,7.91,-0.1,23.3
309,0.1,-0.07,0.96,6.89,2.16,23.11
310,0.09,-0.06,0.96,5.35,3.7,23.46
311,0.09,-0.07,0.97,3.27,6.24,24.46
312,0.07,-0.07,0.99,1.98,9.88,26.36
313,0.07,-0.08,1.0,2.47,11.92,28.78
314,0.09,-0.07,0.97,1.07,14.83,30.24
315,0.1,-0.06,0.96,-1.69,19.35,30.67
316,0.06,-0.06,0.96,-3.93,21.85,31.85
317,0.05,-0.06,0.96,-4.66,22.02,33.22
318,0.04,-0.05,0.98,-4.03,21.53,34.79
319,0.06,-0.03,0.98,-3.66,20.8,35.61
320,0.09,-0.01,0.97,-3.31,21.37,34.18
321,0.09,0.0,0.96,-2.91,21.31,31.18
322,0.08,0.01,0.95,-2.16,18.85,27.69
323,0.06,0.0,0.94,-0.68,13.36,24.46
324,0.06,0.0,0.94,1.0,8.5,21.08
325,0.06,0.0,0.96,2.0,5.14,17.77
326,0.06,-0.0,0.98,1.73,4.12,15.95
327,0.06,-0.02,0.99,0.89,4.81,16.24
328,0.06,-0.01,1.01,-0.7,7.6,17.21
329,0.07,-0.01,1.0,-3.14,12.57,18.8
330,0.04,-0.01,1.01,-5.76,17.26,20.67
331,0.02,-0.03,1.0,-8.24,18.31,22.34
332,0.03,-0.03,1.01,-8.95,18.56,22.7
333,0.02,-0.03,1.01,-8.38,16.98,21.35
334,0.01,-0.02,1.0,-6.33,12.57,19.95
335,0.01,-0.02,1.0,-4.58,8.14,18.37
336,0.01,-0.02,0.99,-4.05,5.6,18.11
337,0.03,-0.02,0.99,-4.19,3.48,18.09
338,0.04,-0.02,1.0,-3.9,3.49,18.7
339,0.04,-0.01,0.99,-4.2,5.1,19.08
340,0.04,-0.03,0.99,-5.44,6.8,19.57
341,0.05,-0.02,0.99,-6.95,9.21,19.58
342,0.05,-0.04,1.0,-8.5,11.54,18.75
343,0.04,-0.03,0.99,-9.4,12.56,16.53
344,0.04,-0.04,0.99,-8.5,13.01,14.27
345,0.01,-0.04,0.99,-7.54,11.85,12.59
346,0.01,-0.03,0.99,-6.34,10.53,11.34
347,-0.01,-0.03,0.97,-5.73,10.1,11.08
348,-0.01,-0.04,0.98,-6.48,9.5,11.06
349,-0.01,-0.05,0.98,-8.15,10.05,11.12
350,-0.01,-0.05,1.0,-8.77,12.15,11.88
351,-0.01,-0.04,1.0,-8.57,12.08,12.66
352,-0.03,-0.04,0.99,-7.64,10.76,12.56
353,-0.04,-0.03,0.99,-6.05,7.85,12.61
354,-0.04,-0.02,0.96,-5.09,5.15,11.89
355,-0.03,-0.02,0.97,-5.59,2.88,10.95
356,-0.03,-0.02,0.97,-6.53,1.04,9.95
357,-0.03,-0.04,0.99,-7.56,1.14,10.6
358,-0.04,-0.05,1.03,-8.69,3.33,12.29
359,0.01,-0.05,1.05,-8.32,7.18,14.1
360,0.04,-0.04,1.04,-7.43,10.02,13.24
361,0.02,-0.03,1.02,-6.66,8.95,10.05
362,0.03,-0.02,1.01,-5.39,6.69,6.64
363,0.02,-0.01,1.02,-4.15,4.82,4.61
364,0.02,-0.03,1.02,-2.75,3.61,3.04
365,0.02,-0.04,1.03,-1.8,3.88,1.69
366,0.01,-0.04,1.02,-1.98,7.2,2.21
367,-0.01,-0.04,1.01,-3.85,10.88,2.53
368,-0.02,-0.05,1.01,-5.45,14.44,3.6
369,-0.05,-0.05,1.01,-5.21,15.67,4.42
370,-0.07,-0.05,0.98,-3.88,12.07,4.22
371,-0.07,-0.05,0.98,-2.23,9.19,4.01
372,-0.07,-0.04,0.97,-0.73,5.37,3.1
373,-0.07,-0.03,0.96,0.05,2.99,2.8
374,-0.06,-0.01,0.94,-1.3,2.6,2.18
375,-0.06,-0.01,0.94,-3.15,2.34,1.93
376,-0.05,-0.01,0.94,-4.78,3.31,1.49
377,-0.06,-0.01,0.94,-5.71,2.68,0.91
378,-0.08,0.0,0.94,-6.27,0.27,0.69
379,-0.07,-0.0,0.96,-6.99,-0.19,1.4
380,-0.07,-0.0,0.97,-6.71,-0.59,1.98
381,-0.07,-0.02,0.99,-6.4,0.23,3.02
382,-0.06,-0.03,1.0,-5.54,0.77,3.63
383,-0.05,-0.03,1.0,-4.31,0.21,3.72
384,-0.05,-0.02,1.01,-3.38,-0.54,2.97
385,-0.05,-0.02,1.0,-2.56,-2.05,1.99
386,-0.05,-0.02,0.99,-2.13,-3.69,0.86
387,-0.01,-0.02,1.01,-2.19,-3.24,-0.31
388,-0.01,-0.01,1.01,-1.85,-2.02,-2.23
389,-0.03,-0.01,1.0,-2.25,-1.3,-2.81
390,-0.05,-0.02,1.01,-2.34,-1.47,-3.66
391,-0.04,-0.02,1.01,-2.66,-0.38,-4.04
392,-0.05,-0.03,1.02,-2.27,1.0,-4.19
393,-0.07,-0.04,1.02,-1.98,2.01,-3.73
394,-0.09,-0.05,1.02,-0.98,2.6,-2.77
395,-0.1,-0.05,1.01,0.02,1.53,-2.18
396,-0.1,-0.06,1.02,0.85,1.61,-1.88
397,-0.12,-0.06,1.01,1.73,1.53,-0.98
398,-0.11,-0.06,0.99,2.74,1.28,-0.34
399,-0.12,-0.04,0.99,2.92,0.39,0.73
