,accel_x,accel_y,accel_z,gyro_x,gyro_y,gyro_z
0,0.05,-0.2,0.97,-3.7,-1.31,2.24
1,0.04,-0.2,0.98,-3.82,-1.92,3.3
2,0.04,-0.2,0.97,-4.45,-1.82,2.89
3,0.05,-0.21,0.99,-4.96,-1.58,2.81
4,0.07,-0.21,0.99,-3.21,-0.8,5.51
5,0.07,-0.2,0.98,-2.12,0.85,6.46
6,0.07,-0.18,0.97,-2.4,1.67,5.99
7,0.06,-0.18,0.97,-3.05,1.15,4.24
8,0.06,-0.18,0.97,-2.5,0.88,1.82
9,0.06,-0.19,0.96,-1.07,-0.47,1.21
10,0.05,-0.18,0.97,-0.44,-2.73,-1.97
11,0.07,-0.19,0.96,-0.26,-4.24,-5.68
12,0.07,-0.19,0.96,-0.47,-4.76,-7.81
13,0.07,-0.2,0.97,-0.44,-4.44,-7.84
14,0.08,-0.21,0.97,0.34,-2.59,-7.47
15,0.08,-0.21,0.98,0.73,-2.34,-7.17
16,0.05,-0.22,0.99,1.44,-3.47,-7.65
17,0.05,-0.22,0.97,2.2,-4.27,-8.18
18,0.06,-0.22,0.97,1.96,-3.84,-8.65
19,0.06,-0.21,0.97,1.19,-3.31,-8.18
20,0.06,-0.2,0.97,1.02,-2.63,-7.18
21,0.06,-0.19,0.97,1.65,-1.07,-6.41
22,0.06,-0.18,0.95,2.4,-2.41,-8.33
23,0.06,-0.17,0.96,2.87,-4.31,-9.59
24,0.06,-0.16,0.95,2.61,-4.32,-8.64
25,0.06,-0.16,0.95,1.22,-5.03,-9.9
26,0.05,-0.17,0.95,-0.11,-5.25,-9.3
27,0.05,-0.17,0.95,-0.47,-5.39,-7.96
28,0.07,-0.18,0.95,-0.74,-4.98,-5.93
29,0.06,-0.18,0.96,-1.79,-2.63,-3.2
30,0.07,-0.19,0.96,-3.72,-0.72,-1.57
31,0.07,-0.2,0.97,-4.12,0.48,1.14
32,0.06,-0.21,0.99,-3.95,0.73,1.16
33,0.07,-0.2,0.98,-3.4,-0.47,-1.34
34,0.07,-0.19,0.99,-2.95,-0.5,-3.95
35,0.08,-0.19,0.98,-1.76,-1.27,-4.85
36,0.06,-0.19,0.98,-2.31,-2.39,-6.73
37,0.06,-0.19,0.98,-3.37,-2.49,-6.99
38,0.1,-0.19,0.97,-1.79,-1.16,-1.95
39,0.08,-0.18,0.98,-0.74,1.0,0.97
40,0.07,-0.19,0.98,-1.16,-0.21,-0.58
41,0.08,-0.18,0.97,-1.25,0.06,0.11
42,0.07,-0.18,0.99,-0.67,1.91,1.6
43,0.05,-0.18,0.97,-0.46,1.76,0.77
44,0.04,-0.18,0.97,-1.49,0.76,0.26
45,0.04,-0.19,0.97,-1.52,-0.34,0.95
46,0.03,-0.19,0.98,-1.24,-0.98,1.73
47,0.04,-0.19,0.97,-0.39,-1.9,3.14
48,0.04,-0.2,0.97,0.77,-3.39,4.79
49,0.06,-0.19,0.97,2.53,-4.11,8.93
50,0.05,-0.19,0.98,2.74,-4.34,9.91
51,0.05,-0.19,0.97,3.09,-5.23,8.56
52,0.07,-0.18,0.96,3.44,-4.2,10.28
53,0.07,-0.19,0.97,3.43,-4.01,10.02
54,0.07,-0.18,0.97,3.4,-5.6,9.12
55,0.08,-0.17,0.96,3.05,-6.94,7.97
56,0.09,-0.18,0.96,1.96,-6.23,6.21
57,0.1,-0.17,0.95,0.14,-4.94,4.89
58,0.12,-0.17,0.96,-0.05,-2.24,6.11
59,0.12,-0.16,0.97,1.16,-0.6,7.19
60,0.12,-0.16,0.97,1.68,1.12,7.72
61,0.1,-0.16,0.97,3.16,-11.21,3.99
62,0.09,-0.16,0.97,1.21,0.27,4.54
63,0.08,-0.16,0.96,1.92,-2.63,0.91
64,0.09,-0.16,0.96,1.72,-3.85,-1.02
65,0.09,-0.15,0.94,-0.04,-3.71,-1.43
66,0.09,-0.16,0.97,-0.97,-2.27,0.68
67,0.08,-0.16,0.96,-2.92,-2.27,1.08
68,0.08,-0.17,0.97,-3.63,-1.63,0.04
69,0.07,-0.18,0.97,-3.27,-1.27,1.74
70,0.06,-0.18,0.97,-3.29,-1.82,3.14
71,0.06,-0.18,0.97,-3.53,-3.1,2.42
72,0.06,-0.18,0.96,-3.09,-4.16,1.87
73,0.07,-0.18,0.97,-3.77,-5.34,0.82
74,0.07,-0.18,0.98,-4.09,-5.24,0.76
75,0.09,-0.17,0.99,-3.21,-4.72,1.07
76,0.09,-0.17,0.99,-3.0,-6.1,-1.83
77,0.07,-0.18,0.99,-2.99,-6.24,-2.87
78,0.08,-0.18,0.99,-2.72,-4.79,-2.18
79,0.08,-0.18,0.99,-2.48,-3.92,-1.04
80,0.07,-0.18,0.99,-2.95,-2.81,-1.07
81,0.07,-0.18,1.0,-2.51,-2.11,-0.28
82,0.07,-0.18,0.99,-3.17,-2.69,0.54
83,0.07,-0.18,1.0,-3.08,-2.7,0.12
84,0.06,-0.17,0.99,-3.04,-3.1,-1.51
85,0.07,-0.18,0.98,-1.95,-4.2,-0.64
86,0.06,-0.18,0.98,-0.92,-4.55,-0.9
87,0.07,-0.18,0.98,-0.68,-4.66,-0.57
88,0.06,-0.18,0.98,-0.59,-6.0,-0.24
89,0.07,-0.17,0.98,0.39,-7.49,-0.02
90,0.08,-0.17,0.97,0.6,-7.37,1.2
91,0.07,-0.16,0.97,-0.65,-6.11,1.69
92,0.08,-0.16,0.96,-2.92,-5.34,1.14
93,0.1,-0.16,0.97,-3.37,-3.76,1.4
94,0.1,-0.17,0.98,-2.53,-2.98,2.98
95,0.09,-0.18,0.98,-2.31,-2.32,0.91
96,0.1,-0.18,0.98,-1.95,-3.13,-0.16
97,0.09,-0.17,0.98,-1.51,-2.42,-1.12
98,0.09,-0.17,0.96,-1.16,-2.98,-2.45
99,0.1,-0.18,0.96,-1.57,-2.98,-3.34
100,0.1,-0.18,0.97,-1.31,-1.67,-1.41
101,0.1,-0.18,0.97,-1.42,-0.13,0.36
102,0.09,-0.16,0.96,-2.03,1.08,-0.29
103,0.09,-0.17,0.97,-2.21,0.56,-1.27
104,0.09,-0.17,0.97,-2.26,0.98,-1.07
105,0.09,-0.17,0.95,-2.6,1.21,-1.7
106,0.09,-0.18,0.96,-2.78,0.31,-3.3
107,0.07,-0.17,0.96,-2.43,-1.29,-4.17
108,0.09,-0.17,0.97,-1.92,-1.37,-1.83
109,0.09,-0.16,0.96,-2.21,-0.85,-1.42
110,0.09,-0.16,0.97,-2.6,-1.42,-1.57
111,0.09,-0.16,0.96,-2.3,-0.62,-0.79
112,0.09,-0.16,0.97,-2.87,-0.03,-1.37
113,0.08,-0.16,0.97,-3.44,-0.15,-1.5
114,0.08,-0.16,0.97,-3.64,-0.04,-1.15
115,0.09,-0.15,0.96,-3.61,-0.51,-0.69
116,0.09,-0.16,0.96,-3.86,-0.82,-1.76
117,0.1,-0.16,0.97,-3.58,-2.28,-2.0
118,0.09,-0.15,0.98,-3.5,-2.95,-3.16
119,0.1,-0.16,0.97,-3.31,-1.34,-2.55
120,0.1,-0.16,0.97,-3.43,0.01,-1.89
121,0.1,-0.15,0.98,-4.16,-0.74,-2.44
122,0.1,-0.17,0.97,-4.71,-1.1,-3.64
123,0.1,-0.17,0.98,-3.74,-0.22,-3.11
124,0.1,-0.16,0.98,-3.47,0.68,-4.05
125,0.1,-0.16,0.99,-3.85,2.37,-4.41
126,0.09,-0.17,0.98,-4.43,2.95,-4.18
127,0.07,-0.18,0.95,-4.91,6.23,-2.06
128,0.06,-0.17,0.96,-4.93,5.5,-3.27
129,0.05,-0.17,0.96,-5.08,4.76,-3.36
130,0.07,-0.15,0.95,-5.39,5.85,-2.03
131,0.07,-0.15,0.93,-3.92,7.08,0.85
132,0.07,-0.17,0.91,-0.34,8.06,3.9
133,0.05,-0.15,0.9,2.05,9.13,7.46
134,0.05,-0.13,0.85,5.69,10.76,13.99
135,0.07,-0.11,0.79,9.51,12.8,24.82
136,0.19,-0.07,0.71,7.02,12.91,39.04
137,0.48,0.0,0.63,-6.43,14.65,55.66
138,0.92,0.11,0.56,-30.63,15.45,62.63
139,1.47,0.1,0.59,-50.65,19.05,52.7
140,1.96,-0.14,0.77,-49.73,4.4,24.87
141,2.0,-0.46,0.98,-28.26,-22.66,-23.92
142,2.0,-0.64,1.12,2.09,-67.16,-91.24
143,2.0,-0.69,1.16,34.5,-109.75,-176.59
144,2.0,-0.59,1.16,49.31,-117.64,-241.08
145,2.0,-0.47,1.14,56.02,-92.9,-250.14
146,2.0,-0.35,0.99,23.14,-26.69,-250.14
147,2.0,-0.37,0.88,-24.63,60.82,-240.76
148,2.0,-0.46,0.82,-61.5,132.51,-223.5
149,2.0,-0.61,0.81,-82.92,170.74,-218.72
150,2.0,-0.69,0.7,-97.72,200.09,-219.11
151,1.65,-0.73,0.6,-107.17,213.88,-208.62
152,1.14,-0.79,0.5,-114.28,214.83,-200.81
153,0.52,-0.86,0.43,-102.29,207.08,-211.52
154,-0.24,-1.0,0.48,-74.15,176.93,-239.14
155,-0.85,-1.47,0.54,-28.69,121.93,-250.14
156,-1.42,-1.9,0.41,15.08,97.39,-250.05
157,-1.73,-2.0,0.41,38.33,106.75,-185.39
158,-1.99,-2.0,0.28,54.14,196.09,-99.81
159,-2.0,-2.0,0.13,55.04,224.92,-40.73
160,-2.0,-1.55,0.0,51.48,169.69,-57.78
161,-2.0,-1.2,-0.08,23.46,79.66,-113.44
162,-2.0,-0.8,-0.03,1.2,29.3,-146.78
163,-2.0,-0.7,0.12,-26.45,5.27,-169.98
164,-2.0,-0.76,0.33,-68.05,29.9,-147.67
165,-2.0,-0.88,0.55,-92.77,57.99,-108.95
166,-2.0,-0.85,0.68,-100.34,73.11,-74.08
167,-2.0,-0.75,0.79,-94.22,64.76,-56.92
168,-1.77,-0.72,0.9,-75.01,56.82,-47.38
169,-1.49,-0.69,1.04,-45.43,57.42,-38.26
170,-1.23,-0.65,1.14,-22.05,61.27,-20.09
171,-0.99,-0.56,1.17,18.92,76.34,-11.48
172,-0.78,-0.53,1.17,23.18,74.97,-7.24
173,-0.62,-0.49,1.07,25.26,81.7,-4.47
174,-0.53,-0.43,0.98,30.69,80.84,-7.6
175,-0.5,-0.4,0.88,36.2,82.4,-2.65
176,-0.48,-0.31,0.77,29.77,79.95,5.68
177,-0.44,-0.26,0.68,22.12,73.58,7.0
178,-0.47,-0.24,0.61,12.66,70.73,8.11
179,-0.47,-0.24,0.62,10.05,66.11,10.6
180,-0.45,-0.3,0.65,9.05,51.63,7.36
181,-0.49,-0.31,0.67,10.05,38.24,6.65
182,-0.53,-0.29,0.65,11.0,17.59,2.49
183,-0.51,-0.24,0.63,6.4,-2.73,-4.84
184,-0.49,-0.23,0.63,-0.11,-13.42,-7.34
185,-0.46,-0.26,0.7,-5.92,-23.28,-8.02
186,-0.45,-0.32,0.73,-8.62,-27.96,-5.87
187,-0.43,-0.31,0.76,-12.64,-28.24,1.51
188,-0.48,-0.31,0.76,-15.68,-34.14,5.95
189,-0.53,-0.32,0.78,-16.93,-42.35,7.53
190,-0.55,-0.36,0.79,-11.83,-48.11,16.59
191,-0.54,-0.33,0.82,-17.53,-61.82,19.4
192,-0.37,-0.34,0.84,-26.69,-65.59,20.27
193,-0.3,-0.37,0.93,-30.93,-62.49,19.22
194,-0.23,-0.41,0.99,-25.85,-57.39,17.94
195,-0.22,-0.42,0.99,-16.61,-49.5,17.6
196,-0.27,-0.42,0.96,-7.07,-47.96,16.03
197,-0.3,-0.4,0.94,0.25,-54.31,11.52
198,-0.32,-0.37,0.9,4.85,-62.47,8.99
199,-0.34,-0.38,0.89,9.63,-70.86,11.8
200,-0.34,-0.35,0.89,10.19,-74.94,21.01
201,-0.25,-0.31,0.88,4.51,-68.92,30.06
202,-0.14,-0.3,0.86,-2.51,-53.73,39.18
203,-0.09,-0.28,0.85,-8.34,-41.49,42.66
204,-0.06,-0.27,0.87,-11.79,-35.2,44.86
205,-0.07,-0.29,0.88,-12.14,-29.76,44.63
206,-0.07,-0.31,0.92,-9.76,-31.08,37.92
207,-0.08,-0.32,0.93,-4.38,-35.78,30.34
208,-0.09,-0.32,0.94,0.57,-41.65,23.19
209,-0.1,-0.31,0.93,5.6,-44.62,21.37
210,-0.1,-0.29,0.9,7.03,-44.56,23.27
211,-0.1,-0.26,0.9,4.18,-44.47,25.24
212,-0.04,-0.25,0.91,-1.5,-43.28,23.31
213,0.04,-0.26,0.91,-5.73,-33.98,24.36
214,0.06,-0.27,0.92,-9.33,-20.86,24.15
215,0.06,-0.29,0.94,-11.43,-13.83,21.42
216,0.0,-0.32,0.96,-8.83,-12.25,19.01
217,-0.05,-0.34,0.94,-2.94,-7.69,22.66
218,-0.08,-0.31,0.92,0.93,-11.26,25.02
219,-0.08,-0.28,0.9,1.96,-15.31,23.85
220,-0.08,-0.27,0.88,0.46,-20.38,20.04
221,-0.05,-0.26,0.87,-3.0,-19.6,18.11
222,-0.05,-0.29,0.89,-4.98,-16.77,19.54
223,-0.08,-0.31,0.91,-5.9,-14.53,22.76
224,-0.09,-0.31,0.91,-4.97,-17.28,24.04
225,-0.1,-0.3,0.88,-2.79,-23.21,19.56
226,-0.09,-0.31,0.91,-2.6,-29.21,13.18
227,-0.05,-0.32,0.92,-2.44,-30.18,13.49
228,-0.04,-0.3,0.91,-2.26,-26.6,15.03
229,-0.03,-0.29,0.92,-4.73,-23.07,13.6
230,-0.03,-0.31,0.91,-6.62,-17.93,14.95
231,-0.04,-0.31,0.92,-8.4,-15.62,16.88
232,-0.04,-0.33,0.92,-7.82,-14.04,16.98
233,-0.07,-0.33,0.91,-4.98,-15.18,15.18
234,-0.08,-0.34,0.91,-1.73,-16.95,15.32
235,-0.1,-0.33,0.91,-1.1,-20.92,14.18
236,-0.09,-0.29,0.89,-1.4,-24.02,16.46
237,-0.06,-0.28,0.89,-1.82,-24.34,19.09
238,-0.03,-0.28,0.89,-1.76,-22.98,23.81
239,-0.02,-0.26,0.87,0.37,-21.38,24.46
240,-0.02,-0.25,0.85,-0.34,-21.56,22.45
241,-0.04,-0.21,0.81,-1.8,-23.63,18.91
242,-0.04,-0.18,0.78,-6.16,-24.97,15.93
243,-0.04,-0.18,0.8,-12.4,-24.15,16.31
244,-0.02,-0.19,0.82,-20.08,-23.62,18.18
245,-0.01,-0.21,0.86,-24.62,-22.22,16.37
246,0.01,-0.27,0.91,-27.35,-21.95,13.41
247,-0.0,-0.31,0.95,-24.53,-20.92,12.52
248,-0.01,-0.33,0.98,-19.48,-22.66,9.2
249,-0.03,-0.33,0.97,-13.26,-22.12,9.54
250,-0.06,-0.32,0.95,-8.23,-26.57,8.12
251,-0.07,-0.31,0.95,-6.56,-30.56,7.58
252,-0.04,-0.31,0.96,-4.72,-33.58,9.59
253,-0.04,-0.33,0.99,-1.69,-37.02,8.69
254,0.01,-0.32,0.99,0.77,-39.51,4.0
255,0.06,-0.33,0.99,4.47,-35.2,5.27
256,0.04,-0.34,0.98,7.65,-29.53,6.77
257,0.03,-0.3,0.95,8.85,-26.0,6.96
258,0.01,-0.29,0.91,7.95,-23.27,7.49
259,-0.05,-0.27,0.92,6.19,-23.73,11.02
260,-0.03,-0.26,0.91,0.62,-25.34,14.28
261,0.01,-0.23,0.92,-6.0,-25.84,15.47
262,0.06,-0.24,0.96,-9.49,-24.6,14.14
263,0.09,-0.27,0.97,-9.61,-21.02,13.18
264,0.07,-0.29,0.98,-7.52,-15.84,13.08
265,0.06,-0.29,0.98,-5.09,-15.42,11.93
266,0.03,-0.29,0.97,-3.14,-16.89,9.61
267,0.02,-0.29,0.97,-2.9,-16.44,10.56
268,0.03,-0.3,0.98,-4.66,-16.79,11.13
269,0.03,-0.29,0.98,-4.27,-14.6,12.73
270,0.05,-0.31,0.99,-2.91,-9.05,15.8
271,0.04,-0.3,0.99,-0.88,-6.0,17.52
272,0.01,-0.29,0.96,1.43,-7.72,17.02
273,-0.02,-0.28,0.94,2.93,-10.99,16.37
274,-0.03,-0.25,0.91,2.14,-15.73,14.6
275,-0.01,-0.24,0.91,1.43,-19.92,15.6
276,-0.02,-0.25,0.92,-0.06,-22.46,16.32
277,0.03,-0.25,0.93,-2.85,-24.15,14.69
278,0.06,-0.26,0.95,-5.04,-21.25,14.93
279,0.08,-0.29,0.97,-5.49,-16.95,15.49
280,0.08,-0.31,0.98,-2.98,-12.23,18.81
281,0.05,-0.3,0.97,-1.01,-9.02,22.56
282,0.01,-0.3,0.96,0.23,-7.85,25.31
283,0.01,-0.29,0.95,1.07,-10.1,26.8
284,0.01,-0.27,0.95,-0.02,-12.62,27.38
285,0.02,-0.27,0.96,-1.02,-16.7,26.02
286,0.06,-0.29,0.98,0.23,-20.46,22.92
287,0.07,-0.31,1.0,2.78,-20.64,22.66
288,0.1,-0.31,1.0,4.08,-18.91,21.51
289,0.14,-0.3,0.98,4.88,-13.21,21.15
290,0.14,-0.29,0.97,4.72,-7.05,21.4
291,0.1,-0.27,0.96,2.9,-3.18,20.85
292,0.08,-0.27,0.95,0.53,1.67,25.13
293,0.04,-0.27,0.95,-1.27,3.07,27.13
294,0.01,-0.28,0.96,-2.64,0.92,28.19
295,0.01,-0.28,0.94,-3.39,-0.7,29.29
296,0.02,-0.28,0.94,-3.82,-2.42,28.34
297,0.01,-0.29,0.92,-3.58,-6.23,25.97
298,-0.0,-0.31,0.93,-2.95,-10.94,23.53
299,-0.0,-0.32,0.96,-1.36,-15.58,20.91
300,0.05,-0.33,0.96,1.08,-16.24,21.67
301,0.05,-0.31,0.96,2.76,-16.64,21.49
302,0.07,-0.3,0.96,3.24,-15.42,22.13
303,0.09,-0.28,0.95,2.3,-10.97,23.5
304,0.11,-0.26,0.95,-0.5,-4.47,26.14
305,0.08,-0.28,0.95,-3.82,0.91,29.48
306,0.07,-0.29,0.96,-4.3,5.79,33.43
307,0.03,-0.31,0.95,-2.95,6.69,34.17
308,0.01,-0.31,0.94,0.37,4.02,33.11
309,-0.03,-0.3,0.93,3.52,-2.91,29.43
310,-0.02,-0.3,0.93,5.32,-8.47,28.9
311,-0.02,-0.28,0.94,5.71,-13.47,28.59
312,0.01,-0.28,0.94,6.04,-18.56,24.22
313,0.05,-0.28,0.95,7.03,-21.71,17.86
314,0.06,-0.27,0.97,7.34,-20.32,15.5
315,0.07,-0.27,0.98,7.12,-17.75,16.99
316,0.08,-0.26,0.96,7.33,-13.06,19.75
317,0.06,-0.25,0.96,7.03,-7.02,25.66
318,0.06,-0.24,0.95,5.85,-3.82,28.69
319,0.04,-0.24,0.94,3.87,-3.28,28.65
320,0.03,-0.25,0.94,4.27,-3.95,29.82
321,0.01,-0.27,0.96,6.08,-8.13,28.62
322,0.03,-0.27,0.97,8.98,-13.11,25.46
323,0.05,-0.26,0.97,12.15,-16.6,22.07
324,0.07,-0.24,0.97,13.47,-18.36,19.0
325,0.09,-0.23,0.96,14.27,-17.63,17.77
326,0.1,-0.2,0.96,11.52,-14.76,15.47
327,0.11,-0.2,0.95,9.34,-8.54,18.02
328,0.09,-0.22,0.97,8.92,-4.82,20.95
329,0.05,-0.21,0.95,8.24,-3.92,21.49
330,0.04,-0.21,0.95,6.8,-5.73,19.66
331,0.03,-0.23,0.95,6.9,-8.33,18.85
332,0.01,-0.25,0.96,8.05,-13.44,15.79
333,-0.01,-0.25,0.95,9.23,-17.77,13.99
334,0.0,-0.25,0.96,10.49,-19.99,15.5
335,0.02,-0.25,0.96,11.78,-20.21,17.69
336,0.05,-0.23,0.95,10.17,-19.5,19.93
337,0.06,-0.22,0.98,6.99,-16.99,22.02
338,0.09,-0.22,0.98,3.78,-12.3,25.68
339,0.11,-0.21,0.98,1.02,-7.16,27.64
340,0.12,-0.22,1.0,-0.69,-3.88,25.42
341,0.13,-0.23,1.0,0.47,0.18,25.86
342,0.1,-0.23,1.01,2.65,2.14,25.41
343,0.09,-0.24,1.0,3.47,2.53,24.35
344,0.05,-0.24,0.99,5.02,1.66,22.0
345,0.04,-0.25,0.98,7.03,-0.64,20.35
346,0.02,-0.25,0.96,8.27,-3.87,19.91
347,-0.0,-0.24,0.96,9.24,-6.6,21.92
348,0.0,-0.23,0.97,10.95,-12.01,20.22
349,0.03,-0.22,0.96,11.42,-15.27,19.88
350,0.05,-0.22,0.96,9.5,-14.14,20.88
351,0.07,-0.2,0.97,8.57,-13.06,21.7
352,0.09,-0.19,0.96,8.76,-10.03,23.11
353,0.07,-0.2,0.98,8.94,-7.66,23.64
354,0.06,-0.21,0.97,10.73,-7.24,24.96
355,0.02,-0.22,0.96,11.73,-6.69,25.44
356,0.0,-0.21,0.95,10.5,-7.96,25.11
357,0.0,-0.23,0.96,9.87,-10.32,26.07
358,0.01,-0.23,0.97,10.18,-13.18,25.51
359,0.02,-0.23,0.99,10.97,-17.21,24.27
360,0.04,-0.23,0.98,12.72,-20.68,23.69
361,0.06,-0.22,1.0,14.68,-23.32,24.56
362,0.08,-0.2,0.98,16.55,-24.53,25.63
363,0.12,-0.18,0.98,17.8,-24.14,26.46
364,0.16,-0.17,0.98,17.88,-23.34,23.0
365,0.18,-0.15,1.0,16.82,-19.76,18.44
366,0.19,-0.14,0.99,15.6,-13.82,16.6
367,0.18,-0.15,1.0,14.66,-7.39,16.81
368,0.15,-0.16,1.0,14.47,-3.56,16.47
369,0.13,-0.16,0.98,14.02,-0.63,17.84
370,0.09,-0.16,0.98,14.24,-1.4,17.35
371,0.06,-0.17,0.97,13.66,-5.85,13.6
372,0.06,-0.17,0.97,13.68,-9.14,11.37
373,0.08,-0.17,0.98,14.75,-12.32,9.9
374,0.1,-0.16,0.99,14.49,-14.34,7.82
375,0.13,-0.15,0.99,14.08,-12.6,8.67
376,0.14,-0.14,0.99,12.94,-10.26,9.0
377,0.14,-0.14,0.97,10.92,-4.69,11.31
378,0.14,-0.14,0.95,7.82,1.56,15.53
379,0.12,-0.13,0.95,6.53,6.8,20.46
380,0.08,-0.14,0.94,4.69,8.15,21.3
381,0.06,-0.14,0.93,3.02,5.73,21.12
382,0.06,-0.15,0.93,2.48,4.23,20.66
383,0.05,-0.16,0.92,1.76,1.85,18.94
384,0.04,-0.16,0.92,1.85,-2.84,16.07
385,0.04,-0.15,0.93,2.75,-8.09,13.98
386,0.06,-0.15,0.92,3.64,-13.83,10.91
387,0.08,-0.13,0.93,3.71,-17.34,8.48
388,0.11,-0.11,0.92,3.8,-18.18,8.99
389,0.1,-0.1,0.91,2.85,-17.66,9.22
390,0.1,-0.1,0.91,0.18,-17.14,10.86
391,0.1,-0.1,0.93,-2.08,-16.05,13.44
392,0.11,-0.1,0.94,-4.39,-15.23,15.53
393,0.12,-0.11,0.93,-6.82,-16.03,17.31
394,0.12,-0.1,0.95,-8.18,-17.24,18.21
395,0.14,-0.1,0.96,-7.89,-17.45,19.57
396,0.15,-0.12,0.98,-7.08,-20.73,18.57
397,0.17,-0.13,0.98,-5.85,-24.16,15.05
398,0.18,-0.14,0.97,-4.18,-26.97,10.92
399,0.18,-0.14,0.95,-2.34,-32.21,6.0
400,0.18,-0.13,0.94,0.12,-36.51,1.3
