,accel_x,accel_y,accel_z,gyro_x,gyro_y,gyro_z
0,0.05,-0.24,0.99,1.05,1.14,2.55
1,0.04,-0.24,0.99,-0.03,1.44,2.56
2,0.02,-0.23,0.98,-0.21,3.08,1.94
3,0.01,-0.22,0.97,-1.02,3.89,0.56
4,0.01,-0.22,0.97,-2.07,2.31,-0.89
5,0.0,-0.22,0.96,-2.45,0.84,-2.81
6,0.0,-0.24,0.97,-2.56,-0.97,-4.44
7,0.01,-0.26,0.97,-1.81,-2.05,-4.37
8,0.0,-0.26,0.98,-1.2,-1.0,-3.54
9,0.0,-0.26,0.97,-1.09,0.46,-3.75
10,-0.01,-0.26,0.97,-1.17,1.37,-3.24
11,-0.02,-0.27,0.96,-0.88,1.12,-1.29
12,-0.04,-0.28,0.97,-1.04,0.4,-1.15
13,-0.03,-0.27,0.97,-0.38,0.27,-0.28
14,-0.04,-0.27,0.96,-0.02,-0.26,-0.9
15,-0.04,-0.27,0.95,-0.27,-1.01,-1.17
16,-0.04,-0.26,0.95,-0.09,-1.53,-0.5
17,-0.02,-0.25,0.93,0.54,-0.15,3.18
18,-0.03,-0.24,0.93,0.05,-1.85,2.32
19,-0.02,-0.23,0.92,-0.3,-2.52,2.56
20,-0.02,-0.23,0.92,-0.66,-2.76,4.31
21,-0.01,-0.22,0.91,-1.52,-3.8,4.4
22,0.02,-0.21,0.9,-1.87,-4.65,5.12
23,0.02,-0.21,0.88,-1.46,-5.29,5.69
24,0.02,-0.2,0.9,-1.85,-6.85,6.07
25,0.05,-0.2,0.9,-2.02,-8.33,6.15
26,0.07,-0.2,0.92,-2.79,-9.17,4.93
27,0.09,-0.19,0.92,-3.98,-8.51,2.9
28,0.1,-0.2,0.92,-4.73,-6.95,2.53
29,0.09,-0.2,0.94,-6.08,-5.16,2.11
30,0.08,-0.21,0.93,-6.76,-4.81,0.92
31,0.08,-0.21,0.94,-7.85,-5.69,-1.56
32,0.07,-0.22,0.94,-8.67,-7.3,-3.5
33,0.06,-0.23,0.95,-9.39,-9.27,-5.76
34,0.06,-0.24,0.96,-9.11,-9.8,-6.12
35,0.06,-0.24,0.97,-8.22,-7.29,-2.63
36,0.04,-0.25,0.98,-8.66,-6.07,-1.79
37,0.06,-0.26,0.99,-9.36,-4.25,-1.05
38,0.05,-0.27,0.99,-8.53,-3.41,0.67
39,0.05,-0.28,0.99,-6.75,-3.85,1.4
40,0.05,-0.27,0.99,-5.58,-4.76,-0.42
41,0.05,-0.26,0.99,-5.22,-6.11,-2.27
42,0.06,-0.26,1.0,-4.63,-6.18,-2.77
43,0.07,-0.26,0.98,-3.37,-4.89,-1.09
44,0.07,-0.24,0.99,-3.56,-3.15,-0.55
45,0.07,-0.23,0.98,-4.02,-2.25,-0.81
46,0.09,-0.23,0.97,-3.92,-0.25,0.31
47,0.08,-0.22,0.97,-3.54,2.16,0.39
48,0.06,-0.24,0.96,-2.61,0.87,-1.76
49,0.06,-0.23,0.96,-2.72,-0.02,-3.47
50,0.06,-0.23,0.95,-2.8,-1.05,-4.05
51,0.07,-0.24,0.95,-2.38,-0.24,-1.64
52,0.05,-0.26,0.96,-2.21,-1.68,-3.86
53,0.05,-0.26,0.95,-1.93,-2.44,-4.7
54,0.04,-0.26,0.96,-1.01,-3.52,-6.15
55,0.05,-0.26,0.96,-1.11,-2.46,-5.88
56,0.03,-0.26,0.96,-1.45,-2.36,-6.02
57,0.02,-0.26,0.95,-1.91,-3.51,-5.73
58,0.04,-0.26,0.96,-3.01,-2.23,-4.89
59,0.06,-0.25,0.95,-3.49,-0.84,-5.41
60,0.05,-0.25,0.97,-2.31,0.7,-3.89
61,0.03,-0.26,0.96,-0.95,0.22,-4.15
62,0.02,-0.25,0.97,-0.32,-1.76,-5.08
63,0.02,-0.25,0.96,0.28,-3.31,-7.26
64,0.03,-0.25,0.96,1.11,-3.91,-7.59
65,0.02,-0.26,0.95,1.65,-5.1,-8.37
66,0.01,-0.25,0.95,2.05,-8.99,-10.04
67,0.01,-0.25,0.95,2.36,-12.87,-13.47
68,-0.01,-0.25,0.96,2.25,-1.63,-10.18
69,0.04,-0.24,0.95,1.75,-14.89,-16.17
70,0.04,-0.24,0.97,-0.34,-12.98,-16.06
71,0.06,-0.25,0.96,-1.24,-10.71,-15.73
72,0.05,-0.24,0.97,-1.66,-9.92,-12.46
73,0.05,-0.26,0.97,0.51,-7.6,-9.32
74,0.05,-0.25,0.97,2.17,-6.75,-7.54
75,0.07,-0.23,0.96,2.61,-9.37,-6.75
76,0.06,-0.23,0.96,2.46,-8.22,-5.24
77,0.07,-0.23,0.95,2.95,-8.08,-5.24
78,0.07,-0.22,0.96,2.99,-7.95,-5.94
79,0.06,-0.23,0.96,3.38,-8.48,-7.39
80,0.06,-0.23,0.95,4.14,-11.24,-7.49
81,0.08,-0.22,0.95,5.22,-11.67,-3.92
82,0.06,-0.22,0.96,4.17,-10.27,-3.49
83,0.07,-0.22,0.96,3.24,-8.85,-2.05
84,0.08,-0.22,0.96,1.53,-7.26,-3.89
85,0.06,-0.21,0.96,1.24,-5.93,-0.83
86,0.06,-0.23,0.96,1.12,-4.35,1.01
87,0.07,-0.23,0.95,1.75,-4.87,1.05
88,0.05,-0.23,0.96,0.4,-4.98,0.52
89,0.02,-0.23,0.97,-0.6,-6.98,-1.06
90,0.05,-0.23,0.98,-2.3,-2.15,2.05
91,0.04,-0.22,0.97,-3.85,-3.74,0.89
92,0.04,-0.23,0.97,-7.52,-5.92,-1.67
93,0.05,-0.22,0.97,-11.86,-0.02,-5.2
94,0.05,-0.24,0.96,-14.22,0.65,-6.14
95,0.05,-0.23,0.96,-15.89,-7.35,-11.22
96,0.06,-0.23,0.95,-16.9,-9.15,-14.69
97,0.1,-0.31,0.82,18.66,-24.32,12.23
98,0.01,-0.18,1.1,28.57,8.47,55.57
99,-0.05,-0.14,1.02,-14.11,-15.05,-13.94
100,0.18,-0.28,0.95,-3.31,-7.15,-0.02
101,0.11,-0.26,0.98,5.15,5.1,19.84
102,0.09,-0.21,0.98,-0.23,3.09,10.81
103,0.1,-0.26,0.96,3.21,6.4,20.44
104,0.11,-0.23,0.97,7.97,16.06,36.39
105,0.07,-0.21,1.0,2.58,16.34,33.84
106,0.05,-0.21,0.96,2.98,11.0,26.33
107,0.05,-0.21,0.96,1.56,5.75,18.9
108,0.06,-0.21,0.95,0.8,2.48,14.31
109,0.13,-0.22,0.92,8.54,4.12,26.35
110,0.1,-0.22,0.95,14.73,8.79,37.8
111,0.08,-0.18,1.0,16.03,-10.53,35.63
112,0.08,-0.18,0.96,15.17,5.58,40.17
113,0.08,-0.18,0.95,7.92,6.52,26.85
114,0.12,-0.17,0.94,4.82,2.62,19.39
115,0.1,-0.18,0.96,2.44,2.74,13.58
116,0.1,-0.17,0.96,0.23,-1.89,6.42
117,0.12,-0.16,1.01,-0.39,-17.11,3.85
118,0.1,-0.18,0.97,-0.64,0.73,9.6
119,0.1,-0.18,0.93,-2.2,4.97,5.78
120,0.06,-0.19,0.97,-2.66,1.79,1.91
121,0.06,-0.21,0.95,-3.59,0.95,1.38
122,0.04,-0.22,0.95,-4.62,0.61,-1.08
123,0.03,-0.22,0.97,-4.52,-2.27,-3.69
124,0.03,-0.22,0.96,-5.34,-3.72,-5.75
125,0.04,-0.23,0.97,-6.08,-3.79,-5.66
126,0.04,-0.22,0.97,-5.47,-3.38,-5.02
127,0.05,-0.22,0.97,-4.39,-2.5,-3.13
128,0.04,-0.23,0.98,-4.65,-8.01,-5.37
129,0.03,-0.23,0.98,-4.31,-2.15,-3.42
130,0.04,-0.22,0.97,-2.96,-1.52,-1.77
131,0.04,-0.21,0.97,-2.77,-1.94,-1.84
132,0.04,-0.19,0.96,-2.47,-1.4,0.21
133,0.04,-0.19,0.95,-3.81,-0.89,1.85
134,0.04,-0.18,0.95,-3.91,-1.99,3.47
135,0.04,-0.19,0.96,-4.65,2.44,4.99
136,0.04,-0.18,0.94,-6.11,1.67,3.96
137,0.04,-0.17,0.95,-7.15,4.53,5.5
138,0.05,-0.17,0.94,-7.42,7.21,6.83
139,0.05,-0.16,0.96,-7.82,8.44,8.44
140,0.05,-0.16,0.95,-6.27,6.99,13.38
141,-0.01,-0.2,0.94,-2.92,4.28,17.8
142,-0.03,-0.27,0.92,1.9,-7.67,19.4
143,-0.03,-0.37,0.91,8.82,-34.52,16.54
144,0.11,-0.44,0.94,21.27,-70.04,19.03
145,0.44,-0.51,0.94,36.63,-103.12,29.77
146,1.06,-0.54,0.93,46.71,-118.24,38.5
147,1.9,-0.62,0.99,45.95,-94.54,46.94
148,2.0,-0.72,1.08,58.64,-68.54,40.86
149,2.0,-0.77,1.04,76.91,-35.68,13.56
150,2.0,-0.58,0.89,59.03,-29.98,-55.53
151,2.0,-0.39,0.76,31.48,-11.23,-139.15
152,2.0,-0.34,0.82,17.13,-9.42,-223.26
153,2.0,-0.38,0.78,7.2,11.63,-250.14
154,2.0,-0.35,0.65,-7.75,37.54,-250.14
155,2.0,-0.32,0.44,-36.08,91.6,-250.14
156,2.0,-0.34,0.27,-75.67,150.89,-250.14
157,2.0,-0.61,0.12,-112.12,221.33,-250.14
158,2.0,-1.04,0.12,-147.11,250.13,-250.14
159,2.0,-1.29,0.08,-182.24,250.13,-250.14
160,1.45,-1.57,-0.25,-198.89,250.13,-250.14
161,-0.01,-1.93,-0.55,-137.43,250.13,-250.14
162,-1.61,-2.0,-0.44,-38.08,250.13,-250.14
163,-2.0,-2.0,-0.37,52.27,20.66,-250.14
164,-2.0,-2.0,-0.12,63.68,-136.2,-250.14
165,-2.0,-2.0,0.36,38.04,-136.38,-250.14
166,-2.0,-2.0,0.8,-57.65,-17.1,-250.14
167,-2.0,-2.0,0.9,-74.65,159.81,-165.41
168,-2.0,-2.0,0.99,-40.39,250.13,-12.15
169,-2.0,-2.0,0.85,12.3,250.13,80.9
170,-2.0,-1.95,0.54,37.18,223.18,119.57
171,-2.0,-1.17,0.3,39.52,155.11,140.92
172,-2.0,-0.74,0.23,42.06,116.89,155.08
173,-2.0,-0.37,0.26,44.91,80.62,151.66
174,-1.82,-0.13,0.23,43.52,50.53,136.23
175,-1.36,0.06,0.21,24.11,15.18,99.22
176,-0.97,0.02,0.32,25.26,-16.55,62.65
177,-0.67,0.03,0.36,28.66,-45.93,35.65
178,-0.4,0.08,0.36,20.73,-68.36,12.62
179,-0.19,0.09,0.36,0.03,-58.29,-4.9
180,-0.09,0.0,0.43,-13.88,-37.03,-14.08
181,-0.1,-0.12,0.5,-20.04,-11.14,-16.78
182,-0.23,-0.25,0.55,-22.03,3.98,-21.92
183,-0.4,-0.3,0.59,-26.38,0.56,-24.79
184,-0.49,-0.36,0.59,-28.92,-10.18,-25.62
185,-0.53,-0.4,0.62,-29.62,-24.25,-23.86
186,-0.49,-0.42,0.66,-28.53,-37.09,-21.01
187,-0.41,-0.41,0.71,-27.66,-50.94,-21.2
188,-0.3,-0.42,0.71,-26.58,-42.62,-15.27
189,-0.21,-0.42,0.79,-22.15,-45.92,-11.44
190,-0.18,-0.42,0.82,-20.37,-45.42,-9.33
191,-0.13,-0.42,0.84,-10.44,-50.41,-2.52
192,-0.17,-0.38,0.87,-2.31,-57.33,3.44
193,-0.15,-0.33,0.85,5.95,-67.66,3.72
194,-0.1,-0.29,0.86,13.8,-75.5,0.97
195,-0.08,-0.29,0.89,20.87,-82.4,-3.4
196,-0.06,-0.27,0.91,25.56,-85.07,-1.87
197,0.01,-0.21,0.92,20.9,-84.8,2.22
198,0.13,-0.25,0.99,24.13,-66.67,18.07
199,0.13,-0.24,0.93,26.55,-42.24,30.33
200,0.06,-0.21,0.9,12.38,-30.31,28.05
201,0.05,-0.21,0.91,7.64,-25.37,25.71
202,-0.07,-0.21,0.88,8.14,-29.53,20.58
203,-0.08,-0.22,0.91,10.61,-32.57,18.3
204,-0.09,-0.19,0.9,8.42,-36.88,18.35
205,-0.07,-0.2,0.89,4.53,-39.91,21.24
206,-0.01,-0.2,0.9,2.18,-38.88,24.52
207,0.02,-0.2,0.9,-3.17,-34.78,24.44
208,0.07,-0.22,0.9,-6.91,-31.69,23.47
209,0.09,-0.22,0.95,-3.95,-25.05,26.21
210,0.07,-0.23,0.95,0.15,-14.19,30.44
211,0.03,-0.22,0.96,2.48,-10.53,31.86
212,0.01,-0.18,0.96,2.01,-12.06,33.58
213,0.02,-0.17,0.97,0.0,-12.63,35.6
214,0.05,-0.16,0.95,-2.11,-13.61,35.6
215,0.06,-0.16,0.96,-2.62,-13.92,32.26
216,0.06,-0.17,0.97,-3.6,-15.73,29.23
217,0.07,-0.19,0.96,-3.83,-18.22,24.73
218,0.07,-0.21,0.97,-5.56,-20.02,19.56
219,0.05,-0.25,1.0,-6.03,-22.14,14.26
220,0.12,-0.29,1.03,-0.38,-21.79,15.46
221,0.1,-0.31,1.07,4.71,-14.57,18.2
222,0.09,-0.28,1.06,8.91,-10.47,18.79
223,0.08,-0.26,1.03,12.48,-5.09,20.32
224,0.06,-0.24,1.03,14.95,-2.24,18.93
225,0.02,-0.21,0.99,15.98,-2.5,16.47
226,0.01,-0.19,0.97,16.99,-4.0,16.0
227,-0.01,-0.17,0.94,14.64,-5.38,14.27
228,-0.0,-0.16,0.92,10.5,-5.26,13.35
229,0.01,-0.17,0.93,7.09,-0.18,15.54
230,-0.0,-0.18,0.94,4.28,0.61,17.26
231,-0.01,-0.18,0.92,2.34,-0.31,16.76
232,-0.0,-0.18,0.94,1.35,0.23,17.56
233,-0.0,-0.21,0.95,1.12,1.18,15.12
234,0.02,-0.19,0.93,-0.22,1.94,14.17
235,-0.02,-0.21,0.95,-3.89,2.97,11.16
236,-0.05,-0.21,0.94,-7.68,4.97,9.76
237,-0.04,-0.21,0.91,-7.17,5.6,14.6
238,-0.05,-0.21,0.92,-6.53,8.07,22.01
239,-0.05,-0.19,0.91,-8.23,8.28,24.21
240,-0.05,-0.2,0.9,-6.8,7.5,23.68
241,-0.06,-0.19,0.92,-7.49,4.61,20.69
242,-0.08,-0.21,0.9,-6.53,2.14,19.21
243,-0.12,-0.21,0.91,-6.83,-2.07,18.76
244,-0.13,-0.19,0.9,-6.68,-7.15,19.71
245,-0.14,-0.19,0.89,-7.62,-12.21,19.15
246,-0.1,-0.19,0.89,-8.64,-14.69,20.93
247,-0.09,-0.17,0.93,-11.1,-17.15,20.81
248,-0.05,-0.17,0.94,-13.17,-21.69,16.26
249,0.03,-0.18,0.97,-14.37,-21.24,12.05
250,0.04,-0.19,1.01,-15.01,-17.59,8.87
251,0.06,-0.22,1.03,-12.03,-15.29,6.39
252,0.05,-0.23,1.03,-5.34,-9.02,8.85
253,0.04,-0.23,1.01,-0.63,-3.24,10.22
254,-0.02,-0.22,0.99,2.17,1.46,14.35
255,-0.03,-0.21,0.93,5.3,4.78,23.44
256,-0.07,-0.2,0.94,6.68,8.86,34.24
257,-0.11,-0.19,0.93,3.67,6.39,33.37
258,-0.12,-0.18,0.94,0.13,3.03,33.6
259,-0.11,-0.18,0.95,-0.93,0.06,32.79
260,-0.08,-0.18,0.93,-0.66,-3.34,31.15
261,-0.07,-0.19,0.94,-1.02,-6.34,28.48
262,-0.05,-0.19,0.94,-0.78,-9.4,25.02
263,-0.04,-0.2,0.93,-0.85,-11.35,23.75
264,-0.03,-0.2,0.95,-2.04,-11.7,22.02
265,-0.01,-0.21,0.96,-2.67,-12.28,20.35
266,0.0,-0.21,0.97,-1.33,-9.82,22.12
267,-0.01,-0.23,0.98,-0.62,-8.38,22.07
268,-0.03,-0.23,0.96,-0.92,-5.95,23.55
269,-0.06,-0.23,0.96,-2.08,-5.12,27.25
270,-0.1,-0.22,0.95,-4.44,-5.82,30.22
271,-0.08,-0.22,0.94,-4.76,-7.37,33.74
272,-0.08,-0.22,0.92,-5.37,-6.56,36.08
273,-0.09,-0.23,0.92,-5.77,-8.39,36.76
274,-0.09,-0.22,0.91,-7.06,-14.63,34.18
275,-0.08,-0.21,0.92,-8.44,-20.34,31.94
276,-0.04,-0.21,0.95,-10.11,-24.23,28.07
277,0.01,-0.21,0.98,-10.52,-24.67,25.53
278,0.03,-0.22,1.0,-9.0,-24.05,22.02
279,0.05,-0.22,1.01,-6.82,-20.68,19.76
280,0.04,-0.24,1.02,-4.55,-14.86,21.17
281,0.02,-0.24,1.0,-3.04,-9.18,24.12
282,0.01,-0.24,0.99,-3.4,-4.27,28.34
283,-0.03,-0.24,0.98,-5.68,-1.41,32.18
284,-0.02,-0.23,0.97,-8.49,2.38,35.89
285,-0.02,-0.22,0.96,-11.5,6.74,39.89
286,-0.04,-0.23,0.96,-14.31,9.24,42.6
287,-0.07,-0.24,0.95,-15.82,9.34,43.85
288,-0.06,-0.23,0.93,-16.24,6.71,44.08
289,-0.07,-0.23,0.93,-16.21,3.5,41.08
290,-0.06,-0.23,0.93,-16.08,-0.56,35.62
291,-0.06,-0.24,0.94,-14.04,1.95,33.05
292,-0.05,-0.25,0.93,-13.14,-3.59,32.5
293,-0.08,-0.23,0.94,-11.31,-3.67,32.69
294,-0.05,-0.2,0.91,-10.44,-6.52,32.92
295,0.01,-0.19,0.91,-10.98,-2.27,39.48
296,-0.04,-0.21,0.93,-12.49,-1.76,39.18
297,-0.03,-0.21,0.95,-12.82,-3.97,38.01
298,-0.01,-0.21,0.95,-13.03,-3.39,37.66
299,0.0,-0.2,0.97,-12.82,-1.47,37.12
300,-0.01,-0.21,0.95,-12.92,-1.11,34.4
301,-0.02,-0.21,0.96,-13.31,-1.31,33.88
302,-0.02,-0.19,0.96,-14.74,-1.46,34.19
303,-0.01,-0.17,0.95,-16.53,-1.87,31.79
304,-0.01,-0.18,0.96,-16.94,-5.35,26.89
305,0.01,-0.2,0.97,-17.44,-8.39,23.26
306,0.03,-0.2,0.96,-18.65,-7.65,23.56
307,0.06,-0.21,1.0,-17.92,0.08,31.39
308,0.03,-0.22,1.0,-18.36,2.31,30.36
309,0.03,-0.24,1.01,-18.87,4.89,29.06
310,0.02,-0.26,1.01,-19.4,8.86,29.26
311,-0.02,-0.27,1.01,-16.5,8.13,27.83
312,-0.05,-0.28,1.0,-12.62,2.74,21.48
313,-0.06,-0.28,0.98,-10.08,-3.34,16.05
314,-0.08,-0.29,0.98,-6.93,-9.39,12.6
315,-0.09,-0.28,0.98,-6.31,-16.56,8.26
316,-0.04,-0.29,0.99,-7.46,-17.18,6.7
317,-0.02,-0.3,1.01,-8.53,-16.08,7.18
318,-0.01,-0.3,1.01,-8.7,-11.71,11.9
319,-0.01,-0.29,1.0,-8.56,-5.98,17.89
320,-0.04,-0.28,0.99,-9.57,-2.53,21.09
321,-0.01,-0.27,0.97,-10.11,3.44,28.52
322,-0.07,-0.28,0.95,-11.78,5.21,31.28
323,-0.08,-0.28,0.96,-12.06,2.93,31.46
324,-0.08,-0.28,0.96,-11.85,-1.38,28.84
325,-0.07,-0.28,0.98,-10.31,-6.95,25.54
326,-0.06,-0.29,0.99,-7.08,-13.22,19.91
327,-0.03,-0.29,1.0,-3.25,-18.34,14.78
328,-0.01,-0.28,1.01,0.69,-21.23,10.49
329,-0.01,-0.27,1.0,3.39,-22.21,6.54
330,-0.02,-0.26,0.98,4.5,-21.51,4.48
331,0.0,-0.24,0.98,3.66,-18.41,5.53
332,-0.03,-0.25,0.96,1.95,-14.79,9.4
333,-0.04,-0.25,0.96,0.88,-12.45,14.21
334,-0.03,-0.25,0.96,-1.09,-12.26,16.66
335,-0.03,-0.27,0.98,-1.45,-11.85,17.0
336,-0.03,-0.29,0.98,0.27,-14.73,14.14
337,-0.03,-0.29,0.99,2.71,-15.48,11.21
338,-0.04,-0.3,0.97,5.66,-15.92,10.5
339,-0.04,-0.29,0.96,8.69,-17.39,9.49
340,-0.05,-0.27,0.96,10.49,-19.98,8.3
341,-0.03,-0.23,0.94,10.79,-20.71,9.86
342,-0.01,-0.22,0.94,8.6,-21.84,10.53
343,0.04,-0.2,0.94,4.73,-19.75,9.95
344,0.08,-0.19,0.96,2.04,-15.18,10.99
345,0.1,-0.18,0.95,-0.37,-8.29,12.11
346,0.08,-0.19,0.96,-2.37,-1.12,14.79
347,0.05,-0.2,0.94,-2.79,2.24,16.67
348,0.02,-0.2,0.93,-1.92,1.82,14.62
349,-0.01,-0.22,0.93,-0.66,0.73,11.82
350,-0.03,-0.24,0.94,0.25,-2.16,8.58
351,-0.06,-0.24,0.94,1.48,-6.9,5.37
352,-0.07,-0.24,0.94,2.02,-12.54,3.15
353,-0.04,-0.23,0.94,1.29,-14.95,2.37
354,-0.02,-0.22,0.95,0.29,-15.39,0.92
355,0.01,-0.22,0.96,-0.67,-13.23,2.0
356,0.0,-0.23,0.96,-2.55,-9.6,3.72
357,-0.0,-0.23,0.99,-3.95,-6.91,4.8
358,-0.02,-0.24,0.98,-4.59,-5.02,6.6
359,-0.01,-0.24,1.0,-3.37,-2.49,10.89
360,-0.02,-0.24,0.98,-1.76,-0.86,13.63
361,-0.03,-0.23,0.98,-1.35,-0.51,14.8
362,-0.05,-0.22,0.97,-0.69,-2.74,13.92
363,-0.04,-0.21,0.95,0.47,-5.39,14.16
364,-0.03,-0.2,0.94,1.08,-8.4,12.5
365,-0.0,-0.19,0.95,1.59,-9.89,10.37
366,0.01,-0.18,0.94,1.34,-12.68,8.44
367,0.03,-0.19,0.94,1.44,-13.3,6.69
368,0.02,-0.22,0.96,1.5,-14.18,3.87
369,0.02,-0.23,0.97,2.64,-16.98,-0.52
370,0.01,-0.24,0.97,3.92,-17.62,-2.92
371,-0.01,-0.25,0.99,5.68,-18.59,-3.93
372,-0.01,-0.24,0.97,6.38,-19.11,-3.4
373,-0.02,-0.24,0.96,5.72,-19.05,-1.41
374,-0.03,-0.24,0.95,4.86,-18.73,1.03
375,-0.02,-0.22,0.94,2.87,-19.63,2.31
376,-0.0,-0.22,0.93,1.33,-18.22,5.41
377,-0.01,-0.21,0.94,0.33,-17.07,7.16
378,0.01,-0.2,0.94,-0.48,-17.73,7.6
379,0.04,-0.2,0.94,-0.28,-18.34,7.45
380,0.04,-0.21,0.95,0.41,-18.92,4.64
381,0.08,-0.2,0.95,2.4,-19.21,2.98
382,0.06,-0.2,0.96,3.38,-19.86,-0.47
383,0.07,-0.18,0.95,3.76,-19.8,-2.19
384,0.06,-0.18,0.93,2.89,-17.79,-2.14
385,0.06,-0.18,0.93,0.01,-15.78,1.08
386,0.06,-0.19,0.94,-3.78,-11.95,4.97
387,0.06,-0.19,0.95,-7.37,-8.3,8.06
388,0.07,-0.19,0.96,-9.85,-4.62,11.09
389,0.06,-0.2,0.96,-10.06,-1.11,14.37
390,0.04,-0.21,0.97,-9.18,-1.15,14.2
391,0.01,-0.22,0.97,-7.37,-5.22,11.01
392,0.01,-0.23,0.97,-5.69,-10.84,7.5
393,0.04,-0.24,0.97,-4.65,-12.9,5.59
394,0.05,-0.22,0.98,-4.59,-14.3,3.45
395,0.07,-0.22,0.99,-4.4,-15.41,2.0
396,0.1,-0.2,0.98,-4.07,-14.06,3.08
397,0.13,-0.18,0.97,-4.44,-9.73,5.03
398,0.12,-0.19,0.99,-5.66,-8.36,3.27
399,0.12,-0.19,0.98,-5.87,-8.12,1.79
