,accel_x,accel_y,accel_z,gyro_x,gyro_y,gyro_z
0,-0.2,-0.38,0.85,0.32,-2.56,0.25
1,-0.2,-0.38,0.85,0.11,-2.83,-1.13
2,-0.21,-0.39,0.85,0.28,-2.99,-2.14
3,-0.21,-0.39,0.85,0.88,-4.53,-3.07
4,-0.21,-0.39,0.85,1.21,-6.35,-4.74
5,-0.21,-0.41,0.86,2.18,-9.4,-6.48
6,-0.22,-0.43,0.87,4.72,-12.7,-8.76
7,-0.22,-0.46,0.89,10.21,-17.7,-13.34
8,-0.22,-0.47,0.9,17.47,-24.47,-16.77
9,-0.21,-0.44,0.9,21.93,-27.79,-18.94
10,-0.21,-0.43,0.89,24.08,-29.47,-20.7
11,-0.2,-0.42,0.88,24.34,-30.05,-19.89
12,-0.18,-0.4,0.88,22.27,-27.97,-18.92
13,-0.16,-0.38,0.87,18.57,-25.35,-16.93
14,-0.16,-0.38,0.88,15.06,-23.38,-15.76
15,-0.16,-0.38,0.88,11.64,-20.31,-12.78
16,-0.16,-0.39,0.89,10.28,-19.11,-10.65
17,-0.16,-0.4,0.9,11.52,-19.08,-9.4
18,-0.16,-0.4,0.9,13.5,-22.0,-9.9
19,-0.15,-0.38,0.9,16.51,-25.08,-12.07
20,-0.12,-0.38,0.9,19.36,-27.12,-13.69
21,-0.11,-0.36,0.91,22.51,-29.73,-14.39
22,-0.08,-0.34,0.91,23.82,-29.62,-15.76
23,-0.08,-0.32,0.89,23.85,-28.76,-16.62
24,-0.07,-0.3,0.9,23.94,-28.84,-18.86
25,-0.06,-0.29,0.9,23.5,-29.15,-20.66
26,-0.07,-0.3,0.9,23.38,-28.92,-21.18
27,-0.06,-0.3,0.89,22.94,-30.11,-22.9
28,-0.05,-0.28,0.89,19.83,-27.6,-22.65
29,-0.04,-0.3,0.9,15.3,-20.74,-18.98
30,-0.06,-0.31,0.89,7.11,-14.85,-14.82
31,-0.06,-0.33,0.93,3.69,-11.79,-11.03
32,-0.09,-0.36,0.93,2.69,-10.4,-9.82
33,-0.09,-0.37,0.94,3.17,-9.6,-8.27
34,-0.11,-0.38,0.94,5.41,-11.55,-8.77
35,-0.1,-0.38,0.96,8.98,-10.86,-9.23
36,-0.12,-0.4,0.97,14.12,-13.29,-9.56
37,-0.11,-0.41,0.98,20.23,-15.86,-9.67
38,-0.1,-0.38,0.97,25.69,-20.33,-9.55
39,-0.12,-0.38,0.97,33.43,-27.44,-9.98
40,-0.12,-0.35,0.95,40.56,-37.81,-8.75
41,-0.09,-0.33,0.94,44.23,-44.02,-8.45
42,-0.06,-0.3,0.94,44.92,-46.91,-9.02
43,-0.06,-0.29,0.95,48.11,-52.44,-8.47
44,-0.0,-0.28,0.97,49.02,-54.33,-10.28
45,0.06,-0.24,0.98,49.45,-52.99,-10.06
46,0.07,-0.25,1.0,46.74,-43.47,-8.74
47,0.06,-0.29,1.02,53.46,-47.05,-4.59
48,-0.01,-0.26,1.01,60.4,-50.57,-3.03
49,0.18,-0.36,1.18,102.18,-18.03,-6.32
50,-0.12,-0.24,0.93,104.24,-86.76,-0.34
51,0.09,-0.22,0.99,85.47,-54.92,-4.02
52,0.07,-0.12,0.95,70.46,-47.78,-7.6
53,0.09,-0.13,0.94,62.75,-43.41,-13.16
54,0.08,-0.12,0.95,53.75,-36.78,-12.13
55,0.1,-0.12,0.96,43.42,-27.95,-10.02
56,0.12,-0.13,0.99,40.8,-23.63,-6.17
57,0.06,-0.14,0.98,38.83,-20.73,-5.61
58,0.08,-0.15,0.99,37.95,-18.49,-3.44
59,0.08,-0.16,1.0,40.27,-11.85,-3.73
60,0.06,-0.14,1.0,43.58,-19.8,-2.98
61,0.1,-0.15,1.02,55.22,-23.11,-3.23
62,0.02,-0.14,1.02,77.1,-39.9,-1.35
63,0.09,-0.14,1.04,77.69,-41.85,6.57
64,0.08,-0.08,0.96,74.02,-44.82,6.89
65,0.1,-0.09,0.99,74.63,-40.14,4.7
66,0.09,-0.07,0.97,72.13,-41.17,2.27
67,0.1,-0.02,0.91,66.08,-35.39,-0.56
68,0.1,0.01,0.89,58.96,-33.47,-1.4
69,0.12,0.04,0.89,45.82,-24.58,-1.71
70,0.16,0.07,0.91,37.13,-16.11,0.69
71,0.15,0.07,0.89,26.4,-9.66,1.34
72,0.17,0.04,0.92,20.16,-6.72,0.76
73,0.14,0.01,0.95,22.62,-6.18,4.56
74,0.13,-0.02,0.95,25.56,-3.22,2.14
75,0.09,0.01,0.93,26.38,-10.15,1.08
76,0.1,0.03,0.91,29.33,-16.39,3.82
77,0.12,0.05,0.9,29.81,-14.09,7.63
78,0.13,0.07,0.89,28.36,-5.5,10.75
79,0.17,0.11,0.87,21.39,-7.23,16.08
80,0.16,0.11,0.84,9.79,-0.08,17.22
81,0.13,0.09,0.85,-1.52,6.82,18.39
82,0.14,0.07,0.89,-11.49,11.28,26.09
83,0.16,0.06,0.9,-18.84,16.83,25.08
84,0.18,0.04,0.93,-23.05,23.46,18.29
85,0.17,0.02,0.93,-28.1,24.15,6.1
86,0.16,0.02,0.93,-31.7,18.6,-1.3
87,0.14,-0.01,0.99,-29.69,24.58,-4.3
88,0.13,-0.02,1.02,-22.42,18.62,-2.6
89,0.14,-0.01,1.04,-11.73,9.24,3.88
90,0.16,-0.02,1.05,-5.4,11.42,3.2
91,0.17,0.02,1.03,-1.16,10.69,4.84
92,0.12,0.02,0.98,-0.99,11.23,0.83
93,0.14,0.05,0.96,4.16,20.34,-3.36
94,0.02,0.07,0.93,-1.79,17.99,-11.1
95,0.11,0.06,0.92,-3.0,23.37,-18.4
96,0.1,0.06,0.97,-6.02,21.34,-34.76
97,0.06,0.08,0.9,-4.5,-7.22,-41.48
98,0.35,0.19,0.89,-22.69,7.44,-27.6
99,0.28,-0.51,0.55,54.19,-68.16,48.37
100,0.05,0.18,1.01,-13.69,-8.01,-26.76
101,0.13,-0.05,0.96,-3.51,-19.23,-10.82
102,0.13,0.01,1.01,-20.49,-2.97,-17.58
103,0.1,-0.01,0.97,-11.24,-19.57,-18.98
104,0.12,-0.01,1.01,-13.66,-19.37,-14.38
105,0.15,-0.03,1.03,-16.41,-8.6,-10.31
106,0.14,-0.01,1.02,-16.76,-6.79,-7.05
107,0.22,-0.0,1.03,-20.44,-0.4,-5.27
108,0.35,0.04,0.99,-6.02,-6.44,39.73
109,0.23,0.03,1.02,-7.78,-4.37,62.58
110,0.13,-0.05,1.02,-8.55,0.31,51.09
111,0.14,-0.05,1.07,-1.53,-9.6,47.88
112,0.13,-0.07,1.06,2.42,-28.74,45.93
113,0.19,-0.07,1.06,3.6,-17.58,19.36
114,0.26,-0.05,1.05,28.95,-50.79,56.05
115,0.25,-0.0,1.09,19.47,-65.31,42.32
116,0.15,-0.07,1.08,17.19,-53.15,24.62
117,0.14,-0.06,1.12,29.16,-67.05,29.84
118,0.22,-0.07,1.03,23.94,-59.23,17.68
119,0.25,0.01,1.0,18.77,-48.34,10.43
120,0.34,0.03,0.97,12.53,-41.37,26.61
121,0.29,0.01,0.97,7.96,-22.26,27.5
122,0.31,-0.03,1.01,9.71,-22.67,28.62
123,0.4,-0.06,1.02,18.79,-28.58,28.76
124,0.54,-0.07,1.02,23.21,-32.14,25.24
125,0.63,-0.09,1.02,36.15,-44.3,22.35
126,0.78,-0.1,1.0,41.09,-49.6,17.75
127,0.92,-0.08,0.98,42.45,-47.13,13.86
128,1.08,-0.07,0.99,50.47,-57.74,14.92
129,1.31,-0.06,0.95,56.15,-67.54,12.43
130,1.61,-0.04,0.92,64.18,-74.6,-1.34
131,1.93,-0.01,0.85,66.43,-70.15,-25.44
132,2.0,0.02,0.77,61.97,-47.79,-59.52
133,2.0,-0.01,0.67,50.6,-31.66,-85.57
134,2.0,0.02,0.65,49.89,1.96,-107.39
135,2.0,-0.04,0.64,45.72,-3.34,-111.86
136,2.0,-0.14,0.6,47.53,-29.75,-115.8
137,2.0,-0.16,0.32,70.85,-51.11,-132.43
138,2.0,-0.1,0.1,51.17,-16.11,-155.27
139,2.0,-0.1,0.01,3.78,27.15,-185.08
140,2.0,-0.1,-0.05,-55.6,93.05,-209.3
141,1.74,-0.21,0.01,-109.99,108.6,-240.68
142,1.19,-0.26,0.06,-149.82,96.89,-250.14
143,0.91,-0.57,0.22,-189.87,54.5,-250.14
144,0.56,-1.05,0.76,-204.34,32.02,-250.14
145,-0.11,-1.38,1.19,-215.28,20.89,-250.14
146,-0.5,-1.4,1.5,-153.58,11.46,-250.14
147,-0.64,-1.1,1.35,-74.61,-24.32,-250.14
148,-0.67,-0.8,1.02,-59.55,2.4,-239.28
149,-0.66,-0.78,1.01,-81.93,79.58,-205.14
150,-1.06,-0.92,1.13,-99.33,149.02,-174.61
151,-1.8,-1.05,1.21,-74.18,126.8,-187.34
152,-2.0,-1.11,1.33,-39.89,27.55,-211.4
153,-2.0,-0.96,1.4,-38.76,-49.56,-192.92
154,-1.98,-0.93,1.5,-45.72,-62.51,-162.0
155,-1.68,-0.87,1.6,-48.41,-34.87,-121.47
156,-1.45,-0.75,1.57,-29.57,-8.05,-94.11
157,-1.28,-0.6,1.42,-14.73,-2.83,-79.4
158,-1.12,-0.48,1.28,-6.49,0.43,-73.76
159,-1.0,-0.36,1.17,-5.29,17.23,-59.49
160,-0.87,-0.25,1.12,-6.69,17.15,-27.51
161,-0.83,-0.21,0.99,-6.24,11.02,-27.63
162,-0.77,-0.22,1.0,-8.74,-2.29,-38.52
163,-0.77,-0.19,1.0,-19.83,-23.12,-38.7
164,-0.64,-0.17,1.01,-22.61,-31.88,-28.96
165,-0.47,-0.15,1.04,-18.89,-27.35,-23.24
166,-0.32,-0.08,1.03,-17.82,-14.14,-17.74
167,-0.19,-0.04,1.0,-15.36,3.49,-20.26
168,-0.15,-0.02,0.96,-12.38,20.75,-33.5
169,-0.14,0.03,0.89,-17.17,26.21,-25.96
170,-0.12,0.07,0.86,-22.79,27.34,-12.89
171,-0.2,0.04,0.78,-30.78,18.13,-17.74
172,-0.27,-0.01,0.79,-33.95,1.65,-28.85
173,-0.27,-0.06,0.85,-44.46,-7.11,-26.04
174,-0.28,-0.07,0.87,-49.9,-2.43,-13.69
175,-0.24,-0.06,0.87,-57.24,6.05,4.0
176,-0.23,-0.1,0.9,-60.84,9.49,15.32
177,-0.19,-0.15,0.93,-54.54,8.28,16.27
178,-0.16,-0.18,0.96,-48.19,7.24,20.17
179,-0.14,-0.2,0.99,-41.47,11.04,20.73
180,-0.07,-0.23,1.03,-33.41,14.26,25.27
181,-0.03,-0.23,1.07,-24.64,17.46,22.43
182,-0.01,-0.21,1.08,-15.22,14.34,25.82
183,0.01,-0.19,1.04,-10.27,21.19,21.38
184,-0.0,-0.17,1.0,-11.42,25.52,14.85
185,-0.07,-0.14,0.93,-18.98,27.53,9.67
186,-0.13,-0.15,0.91,-29.17,29.69,4.46
187,-0.18,-0.18,0.92,-40.14,30.78,2.73
188,-0.21,-0.17,0.92,-51.49,30.5,8.16
189,-0.2,-0.18,0.92,-58.11,28.11,15.08
190,-0.19,-0.23,0.92,-61.65,17.84,16.34
191,-0.16,-0.28,0.95,-58.82,10.78,12.78
192,-0.14,-0.29,0.98,-51.68,4.89,17.69
193,-0.1,-0.3,1.01,-44.6,4.82,19.56
194,-0.09,-0.28,1.0,-38.49,5.3,22.73
195,-0.05,-0.26,1.0,-33.39,7.09,26.02
196,-0.05,-0.26,0.99,-29.34,12.47,26.89
197,-0.07,-0.22,0.97,-26.1,9.11,39.52
198,-0.07,-0.24,0.95,-28.05,4.92,43.98
199,-0.06,-0.27,0.95,-30.97,4.47,40.27
200,-0.06,-0.31,1.0,-29.96,1.08,33.44
201,-0.06,-0.31,1.03,-19.29,-8.47,33.83
202,-0.04,-0.3,1.03,-7.0,-21.07,36.94
203,0.05,-0.24,0.99,-2.1,-28.76,36.63
204,0.15,-0.19,0.98,-9.02,-25.57,38.26
205,0.2,-0.18,1.0,-19.91,-14.71,41.11
206,0.22,-0.21,1.05,-28.78,-5.21,45.9
207,0.22,-0.23,1.06,-35.08,1.69,47.8
208,0.22,-0.28,1.1,-34.81,4.68,43.83
209,0.22,-0.31,1.12,-24.29,-0.54,43.9
210,0.24,-0.32,1.13,-8.41,-10.47,44.25
211,0.26,-0.29,1.1,6.44,-12.09,40.45
212,0.27,-0.21,1.04,9.91,-8.54,40.95
213,0.24,-0.16,0.98,3.96,-4.24,45.85
214,0.2,-0.18,0.95,-4.8,1.73,47.68
215,0.14,-0.21,0.94,-11.38,3.45,47.57
216,0.09,-0.24,0.95,-12.72,0.03,49.31
217,0.07,-0.28,0.94,-9.66,-6.84,48.79
218,0.1,-0.28,0.95,-6.77,-11.21,46.9
219,0.13,-0.25,0.96,-3.95,-13.61,47.68
220,0.21,-0.2,0.97,-4.46,-13.79,47.92
221,0.24,-0.17,0.94,-10.67,-8.68,42.75
222,0.23,-0.18,0.96,-16.6,-1.13,40.39
223,0.19,-0.21,0.96,-20.41,6.29,44.41
224,0.16,-0.23,0.94,-21.66,15.35,48.81
225,0.11,-0.22,0.9,-22.77,19.29,50.01
226,0.02,-0.22,0.87,-24.75,20.38,50.94
227,-0.06,-0.22,0.82,-26.02,15.89,51.78
228,-0.11,-0.25,0.83,-23.5,6.47,49.52
229,-0.1,-0.27,0.84,-17.71,-6.67,45.34
230,-0.06,-0.27,0.86,-12.28,-14.56,43.85
231,-0.0,-0.26,0.86,-9.96,-19.07,40.71
232,0.04,-0.26,0.89,-11.93,-17.15,43.17
233,0.07,-0.26,0.92,-14.18,-12.1,48.37
234,0.1,-0.24,0.93,-16.7,-4.55,53.05
235,0.14,-0.23,0.94,-18.93,1.95,56.08
236,0.13,-0.22,0.92,-19.82,5.1,52.21
237,0.08,-0.22,0.93,-17.95,2.18,47.56
238,0.07,-0.24,0.92,-14.15,0.14,41.92
239,0.05,-0.25,0.94,-8.48,-2.62,38.24
240,0.05,-0.26,0.93,-4.73,-3.85,34.89
241,0.03,-0.25,0.93,-3.95,-2.18,35.19
242,0.02,-0.24,0.91,-5.57,-0.31,36.33
243,-0.0,-0.24,0.9,-10.24,3.11,37.15
244,-0.0,-0.26,0.91,-14.5,7.16,41.27
245,-0.02,-0.25,0.89,-18.95,8.2,45.53
246,-0.02,-0.28,0.94,-17.62,4.39,39.94
247,-0.01,-0.28,0.95,-8.98,-0.74,35.52
248,-0.02,-0.27,0.93,-4.86,-6.47,33.45
249,-0.04,-0.24,0.92,-0.78,-11.72,32.5
250,-0.03,-0.23,0.91,2.15,-18.85,32.13
251,0.08,-0.25,1.0,4.26,-13.55,31.96
252,0.03,-0.2,0.92,-4.73,-19.34,32.21
253,0.03,-0.24,0.93,-9.52,-17.85,30.97
254,0.05,-0.26,0.96,-13.85,-15.54,32.81
255,0.03,-0.29,0.99,-14.53,-15.09,33.74
256,0.02,-0.32,1.01,-11.47,-16.66,31.6
257,0.03,-0.31,1.01,-6.67,-16.82,30.37
258,0.02,-0.31,1.02,-2.47,-11.78,30.22
259,-0.02,-0.31,0.98,-0.52,-10.08,28.82
260,-0.08,-0.3,0.95,1.21,-9.44,30.63
261,-0.09,-0.28,0.92,1.23,-12.78,33.03
262,-0.1,-0.27,0.91,1.18,-16.31,34.47
263,-0.07,-0.26,0.92,-0.58,-19.8,35.02
264,-0.01,-0.25,0.95,-3.91,-19.61,34.5
265,0.01,-0.26,0.98,-5.61,-18.21,32.67
266,0.02,-0.28,0.99,-5.98,-16.64,31.66
267,0.02,-0.3,1.0,-5.02,-14.56,31.45
268,0.02,-0.3,1.02,-3.02,-12.02,31.07
269,0.01,-0.3,1.01,0.63,-10.11,29.8
270,0.02,-0.29,1.02,4.53,-7.6,27.99
271,0.0,-0.28,0.97,2.88,-9.58,30.6
272,-0.02,-0.26,0.97,3.19,-12.02,32.2
273,-0.01,-0.24,0.97,4.34,-17.73,31.75
274,0.04,-0.21,0.96,1.26,-19.73,31.02
275,0.06,-0.23,0.98,-1.55,-14.92,28.17
276,0.07,-0.24,1.01,0.69,-13.38,28.04
277,0.08,-0.24,0.98,-3.54,-13.65,28.89
278,0.05,-0.25,0.96,-8.26,-1.6,27.38
279,0.03,-0.26,0.97,-8.28,-4.78,28.88
280,0.0,-0.27,0.95,-10.44,-2.5,29.23
281,-0.0,-0.27,0.95,-10.09,-4.42,26.35
282,-0.04,-0.28,0.95,-8.74,-7.02,27.99
283,-0.03,-0.27,0.95,-9.11,-7.95,31.57
284,-0.01,-0.25,0.93,-10.55,-7.72,34.41
285,0.01,-0.23,0.9,-14.63,-6.86,35.26
286,-0.01,-0.23,0.91,-18.08,-4.8,36.17
287,0.0,-0.26,0.93,-17.07,-7.1,36.86
288,0.03,-0.26,0.93,-16.54,-10.11,36.82
289,0.04,-0.27,0.93,-15.57,-10.42,32.85
290,0.05,-0.25,0.92,-16.42,-9.12,30.95
291,0.05,-0.26,0.93,-18.09,-5.69,30.34
292,0.03,-0.28,0.93,-18.53,-2.57,30.16
293,0.04,-0.29,0.95,-18.38,0.21,28.72
294,0.04,-0.29,0.96,-16.33,1.89,26.66
295,0.01,-0.31,0.97,-13.21,2.84,24.07
296,-0.01,-0.32,0.97,-10.41,1.47,23.53
297,0.01,-0.3,0.97,-9.26,-0.38,23.74
298,-0.01,-0.3,0.97,-8.35,0.26,23.54
299,-0.01,-0.31,0.98,-6.18,-0.97,22.33
300,-0.0,-0.32,1.0,-4.51,-0.78,21.27
301,0.02,-0.29,0.99,-2.85,-0.41,19.77
302,0.02,-0.3,0.99,-1.15,-0.35,19.31
303,0.02,-0.28,0.99,-0.4,0.92,17.78
304,0.02,-0.26,0.98,-1.47,2.73,17.11
305,0.04,-0.25,0.96,-5.62,6.44,14.56
306,0.0,-0.25,0.96,-9.42,11.61,17.31
307,-0.04,-0.27,0.95,-10.09,10.92,19.54
308,-0.04,-0.28,0.96,-9.73,8.73,18.55
309,-0.03,-0.27,0.95,-10.11,6.96,16.87
310,-0.06,-0.29,0.95,-6.85,2.52,17.78
311,-0.06,-0.3,0.95,-5.02,1.27,16.89
312,-0.05,-0.31,0.95,-3.31,1.18,16.73
313,-0.06,-0.3,0.94,-2.49,0.25,16.26
314,-0.09,-0.31,0.95,-0.56,-2.95,17.51
315,-0.05,-0.31,0.95,2.43,-6.68,17.01
316,-0.04,-0.27,0.93,0.95,-11.05,16.25
317,-0.03,-0.27,0.93,-1.77,-13.09,15.16
318,-0.02,-0.28,0.94,-2.2,-11.6,15.21
319,0.01,-0.28,0.96,-1.96,-11.41,15.48
320,0.02,-0.27,0.95,-4.11,-9.27,14.32
321,0.03,-0.27,0.98,-6.56,-3.69,14.82
322,0.04,-0.28,0.98,-6.63,-0.2,14.92
323,0.04,-0.29,0.98,-5.82,0.88,13.23
324,0.01,-0.31,0.98,-3.96,1.61,11.46
325,-0.02,-0.3,0.96,-1.5,-0.05,10.25
326,-0.01,-0.29,0.97,1.34,-3.16,7.69
327,-0.02,-0.28,0.97,3.05,-4.79,5.31
328,-0.01,-0.28,0.96,4.89,-7.08,4.49
329,-0.0,-0.28,0.95,5.44,-7.79,3.99
330,-0.01,-0.27,0.95,4.32,-5.63,3.8
331,-0.02,-0.26,0.94,3.89,-5.85,3.54
332,-0.03,-0.26,0.92,2.27,-5.2,3.27
333,-0.04,-0.26,0.91,-1.08,-2.44,4.57
334,-0.05,-0.28,0.92,-3.43,-0.26,6.41
335,-0.07,-0.29,0.92,-4.57,0.15,8.31
336,-0.07,-0.29,0.92,-6.05,-0.08,8.15
337,-0.07,-0.31,0.92,-6.09,-0.92,8.49
338,-0.07,-0.32,0.94,-4.75,-2.05,9.53
339,-0.07,-0.31,0.95,-2.96,-5.9,8.78
340,-0.04,-0.3,0.96,-0.38,-9.04,7.38
341,-0.03,-0.3,0.96,1.95,-10.73,5.0
342,-0.02,-0.28,0.97,4.89,-13.52,3.58
343,-0.0,-0.26,0.96,6.32,-14.53,2.95
344,0.01,-0.25,0.95,5.52,-14.76,2.11
345,0.02,-0.24,0.96,2.94,-12.34,1.67
346,0.02,-0.24,0.95,0.37,-9.11,1.79
347,-0.0,-0.24,0.96,-2.33,-6.11,3.63
348,-0.01,-0.27,0.97,-2.98,-4.44,5.03
349,-0.02,-0.29,0.97,-2.39,-4.75,5.34
350,-0.02,-0.28,0.97,-1.18,-5.62,5.06
351,0.0,-0.28,0.98,0.47,-5.92,3.84
352,0.01,-0.27,0.98,2.89,-7.34,-0.06
353,-0.01,-0.29,0.98,5.58,-8.76,-2.52
354,-0.01,-0.28,0.96,7.74,-9.67,-4.48
355,-0.01,-0.27,0.96,10.21,-10.67,-6.73
356,-0.01,-0.27,0.96,11.16,-10.48,-9.1
357,-0.01,-0.26,0.95,10.66,-8.27,-7.79
358,-0.02,-0.25,0.95,10.08,-8.19,-5.02
359,-0.02,-0.23,0.93,8.55,-8.29,-3.56
360,-0.04,-0.22,0.91,6.01,-9.3,-1.58
361,-0.03,-0.22,0.9,3.95,-11.22,-0.34
362,-0.0,-0.22,0.92,1.79,-12.82,0.02
363,0.01,-0.21,0.93,-1.18,-11.83,-0.67
364,0.02,-0.23,0.95,-2.15,-10.4,-0.17
365,0.03,-0.23,0.96,-3.3,-9.76,-0.69
366,0.08,-0.23,0.97,-4.73,-5.4,-2.06
367,0.05,-0.25,1.0,-3.9,-2.14,-2.28
368,0.02,-0.27,0.99,-1.58,-2.84,-3.85
369,0.02,-0.26,0.99,0.53,-2.97,-3.99
370,0.04,-0.25,0.99,2.18,-3.92,-5.15
371,0.01,-0.25,0.99,2.49,-2.99,-6.85
372,-0.0,-0.26,0.99,4.03,-4.49,-7.91
373,-0.02,-0.26,0.97,7.11,-7.63,-9.56
374,-0.02,-0.25,0.96,8.96,-10.07,-9.52
375,0.01,-0.24,0.96,8.19,-9.0,-10.65
376,0.01,-0.22,0.96,5.15,-4.63,-8.88
377,-0.01,-0.23,0.95,2.16,-0.96,-5.6
378,-0.04,-0.24,0.94,-0.03,0.4,-3.34
379,-0.03,-0.24,0.95,-0.71,-1.82,-2.89
380,0.01,-0.23,0.96,-0.46,-2.65,-3.55
381,0.0,-0.23,0.95,-2.52,1.84,-3.95
382,-0.03,-0.23,0.95,-2.56,2.05,-2.66
383,-0.05,-0.24,0.94,-1.95,-0.47,-2.92
384,-0.05,-0.25,0.95,0.29,-3.97,-3.56
385,-0.02,-0.25,0.95,2.71,-7.56,-5.44
386,-0.01,-0.24,0.95,2.92,-5.99,-5.65
387,-0.04,-0.24,0.94,3.53,-7.53,-5.69
388,-0.03,-0.24,0.94,4.15,-10.36,-6.09
389,-0.02,-0.25,0.96,5.43,-11.03,-6.08
390,0.01,-0.22,0.98,5.94,-11.06,-6.79
391,0.02,-0.21,0.96,3.25,-6.89,-6.71
392,-0.01,-0.22,0.96,1.35,-5.05,-4.54
393,-0.0,-0.23,0.97,0.71,-3.98,-2.54
394,0.01,-0.22,0.97,-0.63,-1.96,-0.96
395,0.03,-0.21,0.96,-2.1,-0.34,-1.18
396,0.01,-0.21,0.96,-3.77,1.98,-1.47
397,-0.0,-0.23,0.96,-2.98,1.11,-1.59
398,0.0,-0.24,0.97,-0.4,-0.13,-2.02
399,0.0,-0.23,0.96,1.61,-3.53,-4.2
400,0.02,-0.21,0.96,2.8,-4.98,-5.45
