,accel_x,accel_y,accel_z,gyro_x,gyro_y,gyro_z
0,0.02,0.01,0.99,1.42,-3.32,1.53
1,0.06,0.02,0.99,1.13,-3.71,2.92
2,0.06,0.03,0.99,-0.74,1.11,-0.21
3,0.05,0.03,0.99,-1.15,1.58,-0.55
4,0.04,0.02,0.98,-1.79,1.39,-1.15
5,0.03,0.02,0.99,-1.35,0.15,-1.17
6,0.03,0.01,0.99,-1.37,-0.83,-2.16
7,0.03,0.02,0.98,-1.5,-1.34,-1.19
8,0.06,0.02,0.98,-2.82,1.09,-1.78
9,0.05,0.02,0.97,-3.73,4.21,-2.14
10,0.04,0.02,0.98,-4.24,4.76,-1.15
11,0.04,0.02,0.97,-4.86,5.44,-1.2
12,0.03,0.03,0.98,-5.08,4.89,-1.85
13,0.03,0.03,0.99,-3.65,3.85,-0.79
14,0.06,0.03,0.98,-2.46,4.56,-2.34
15,0.04,0.03,0.97,-1.17,3.51,-4.3
16,0.02,0.03,0.95,-0.54,0.49,-6.3
17,0.03,0.03,0.93,-1.5,-2.37,-6.69
18,0.03,0.03,0.94,-3.21,-2.94,-6.53
19,0.04,0.02,0.94,-4.82,-1.89,-5.17
20,0.02,0.02,0.95,-7.73,1.09,-5.26
21,0.01,0.01,0.97,-9.67,3.27,-2.6
22,0.01,0.01,0.96,-10.89,5.37,-1.68
23,0.01,0.0,0.98,-11.06,4.98,-1.72
24,-0.0,-0.0,0.99,-10.32,3.19,-1.76
25,-0.01,-0.0,1.0,-8.88,0.45,-2.2
26,0.0,0.01,1.0,-6.9,-1.76,-3.03
27,0.02,0.01,1.0,-5.02,-2.89,-4.11
28,0.03,0.01,1.01,-3.91,-3.34,-3.78
29,0.03,0.01,1.0,-4.08,-1.84,-5.15
30,0.02,0.02,1.0,-4.24,-1.08,-4.17
31,0.02,0.01,1.0,-4.27,-0.62,-3.98
32,0.01,0.01,1.01,-4.18,-1.03,-3.42
33,0.02,0.01,1.02,-3.95,-1.16,-2.53
34,0.02,0.02,1.0,-3.79,-0.63,-2.57
35,0.03,0.02,1.0,-3.94,0.13,-3.04
36,0.02,0.02,0.99,-4.47,0.12,-2.89
37,0.02,0.02,0.99,-4.5,0.4,-2.43
38,0.01,0.01,1.01,-5.05,1.6,-1.82
39,0.0,0.0,1.01,-4.85,1.95,-1.91
40,-0.01,-0.0,1.02,-3.38,1.57,-1.66
41,-0.01,-0.0,1.01,-2.14,0.91,-0.23
42,0.01,0.0,1.0,-1.6,0.09,-0.97
43,0.0,0.01,0.99,-1.89,0.23,-2.63
44,-0.02,-0.0,1.0,-1.07,-0.5,-2.74
45,-0.0,0.01,0.99,-0.25,-1.54,-1.71
46,0.02,0.01,0.98,-0.63,-1.24,-2.92
47,0.01,0.01,0.98,-0.87,-1.31,-3.85
48,-0.0,0.02,0.99,-0.53,-1.3,-3.08
49,0.01,0.01,0.96,-0.13,-1.27,-1.56
50,0.02,0.02,0.97,-2.49,0.02,-3.56
51,-0.0,0.01,0.98,-3.91,0.03,-3.03
52,-0.01,0.01,1.0,-3.56,1.44,-2.19
53,-0.02,0.02,0.97,-3.15,1.43,-0.66
54,-0.01,0.01,0.95,-3.57,-0.49,0.54
55,-0.0,0.01,0.97,-5.89,-0.96,-2.63
56,-0.01,-0.0,1.02,-6.45,0.12,-1.36
57,-0.02,-0.0,1.01,-4.83,2.06,0.55
58,-0.02,0.01,1.0,-3.14,1.9,2.11
59,-0.01,0.01,0.98,-3.57,0.43,1.11
60,0.01,0.01,0.99,-2.98,-1.87,-0.27
61,0.02,0.01,1.0,-1.81,-1.47,-1.82
62,0.01,0.01,0.99,-1.08,-2.69,-2.35
63,0.0,0.01,0.99,-1.64,-3.34,-2.95
64,-0.01,0.03,0.97,-2.15,-4.37,-2.83
65,-0.0,0.02,0.99,-3.62,-4.5,-2.34
66,0.02,-0.0,0.99,-3.94,-2.59,-1.31
67,0.01,0.01,1.0,-5.02,0.18,-1.94
68,-0.01,-0.0,1.01,-4.57,-0.6,-0.29
69,0.0,-0.0,1.01,-3.72,-0.76,-0.63
70,-0.0,-0.01,1.01,-2.37,-0.7,-0.82
71,0.01,-0.02,1.03,-1.15,-1.28,-0.08
72,0.03,-0.02,1.01,-0.81,0.56,-0.82
73,0.01,-0.0,1.01,-0.79,2.56,-1.84
74,-0.02,0.0,1.01,0.29,2.16,0.18
75,-0.0,-0.0,1.01,-0.49,2.89,1.0
76,0.03,0.01,1.01,1.16,4.05,1.89
77,0.07,-0.01,1.01,2.69,7.35,2.02
78,0.0,0.02,0.99,2.91,6.94,1.4
79,-0.0,0.03,0.97,3.3,2.4,2.46
80,-0.0,0.04,0.95,2.19,0.39,1.31
81,-0.02,0.03,0.95,1.83,-0.63,3.1
82,-0.01,0.03,0.97,-0.2,1.02,2.12
83,-0.03,0.01,1.0,-0.19,0.14,2.45
84,-0.02,0.01,1.0,-0.27,0.73,2.43
85,-0.02,0.01,0.99,0.32,0.47,2.67
86,-0.02,0.01,1.0,0.06,0.65,1.59
87,-0.02,0.01,0.99,0.81,-0.5,0.28
88,-0.02,0.01,0.98,1.06,-1.6,-1.0
89,-0.01,0.01,0.99,1.86,-2.53,-1.89
90,-0.01,0.01,0.98,1.93,-3.57,-2.81
91,-0.01,0.01,0.99,1.79,-3.66,-3.0
92,-0.0,0.01,0.98,1.12,-2.53,-1.84
93,-0.0,0.03,0.97,0.6,-1.99,-1.9
94,0.01,0.03,0.97,0.34,-1.95,-1.78
95,0.02,0.03,0.96,-0.74,-1.61,-2.08
96,0.02,0.04,0.97,-1.07,-1.55,-2.56
97,0.02,0.04,0.97,-1.69,-1.47,-2.79
98,0.01,0.03,0.97,-2.06,-1.52,-3.48
99,0.01,0.03,0.98,-2.02,-1.24,-2.9
100,0.02,0.02,0.99,-1.37,-0.95,-2.98
101,0.0,0.02,0.99,-1.31,-0.93,-3.0
102,-0.01,0.02,1.0,-1.19,-0.63,-2.44
103,-0.01,0.02,1.0,-0.81,0.06,-2.43
104,-0.0,0.01,1.01,0.4,1.62,-1.76
105,-0.01,0.02,1.0,1.6,1.63,-1.69
106,-0.0,0.03,0.99,2.02,0.75,-2.22
107,-0.01,0.03,0.98,2.44,0.14,-2.48
108,-0.01,0.03,0.96,1.71,-1.07,-3.09
109,0.0,0.03,0.98,0.82,-2.05,-3.4
110,0.0,0.03,0.97,0.54,-2.24,-3.02
111,0.01,0.04,0.98,0.7,-1.89,-3.11
112,0.0,0.03,0.99,1.26,-2.42,-3.56
113,0.01,0.03,0.98,1.7,-3.23,-4.33
114,0.01,0.04,0.99,2.09,-3.31,-5.0
115,0.01,0.04,0.97,-0.45,-4.01,-6.08
116,0.01,0.02,0.99,0.18,-3.29,-7.52
117,0.0,0.0,1.0,0.53,-5.14,-12.4
118,-0.01,0.02,1.01,0.0,-0.1,-3.61
119,0.01,0.02,0.99,-0.88,1.0,-3.86
120,-0.01,0.02,1.01,0.05,0.56,-2.72
121,-0.01,0.03,1.01,0.55,-0.08,-2.4
122,-0.01,0.03,1.0,1.37,-1.25,-2.71
123,0.0,0.04,0.99,0.56,-0.73,-2.7
124,-0.01,0.03,0.99,0.93,-1.05,-1.84
125,0.0,0.04,0.99,1.07,-1.89,-0.63
126,0.01,0.04,0.99,0.37,-1.7,0.24
127,0.01,0.04,0.98,1.91,-1.6,0.47
128,0.01,0.04,0.99,3.34,-2.36,0.82
129,0.01,0.03,0.97,4.88,-4.0,0.53
130,0.02,0.04,0.97,6.28,-5.46,1.16
131,0.04,0.01,0.99,9.4,-8.38,0.56
132,0.07,0.02,0.97,9.82,-8.71,1.73
133,0.1,0.01,0.96,10.08,-10.63,-0.27
134,0.09,0.01,0.95,9.5,-13.34,-0.82
135,0.1,-0.0,0.97,10.17,-14.79,-0.11
136,0.13,0.01,0.96,10.89,-16.7,1.98
137,0.18,0.01,0.95,10.27,-17.25,5.27
138,0.24,0.02,0.98,9.47,-16.53,8.4
139,0.33,0.03,1.0,9.73,-16.42,11.89
140,0.44,0.06,1.01,8.66,-17.92,12.12
141,0.57,0.08,1.03,7.55,-19.39,8.35
142,0.68,0.11,1.03,9.08,-18.61,1.6
143,0.78,0.12,1.06,9.28,-20.81,-8.73
144,0.83,0.15,1.06,10.59,-23.31,-18.89
145,0.87,0.16,1.07,11.98,-25.7,-28.59
146,0.95,0.17,1.07,12.24,-26.98,-38.15
147,0.99,0.15,1.07,12.96,-26.27,-46.02
148,0.96,0.13,1.09,14.3,-30.99,-52.85
149,0.97,0.09,1.08,16.6,-31.25,-57.5
150,0.99,0.06,1.05,18.66,-33.29,-64.65
151,0.95,0.05,1.03,20.53,-42.66,-73.69
152,0.95,-0.02,1.04,22.14,-41.13,-80.05
153,0.88,-0.05,0.94,15.25,-52.98,-87.38
154,0.86,-0.04,0.93,6.17,-55.08,-93.11
155,0.83,-0.06,0.95,-8.18,-62.15,-98.76
156,0.83,-0.06,0.94,-14.78,-50.09,-95.05
157,0.86,-0.05,0.89,-26.73,-48.54,-88.99
158,0.95,-0.03,0.88,-24.76,-46.16,-94.03
159,1.01,-0.01,0.85,-27.45,-41.1,-102.38
160,1.1,-0.03,0.88,-38.53,-26.95,-115.8
161,1.14,-0.08,0.89,-37.6,-2.02,-128.73
162,1.16,-0.11,0.86,-47.54,23.91,-149.14
163,1.07,-0.18,0.78,-64.52,54.92,-167.42
164,0.98,-0.25,0.7,-83.48,118.58,-173.08
165,0.86,-0.39,0.6,-114.51,190.65,-181.95
166,0.55,-0.56,0.58,-135.06,235.5,-200.59
167,0.07,-0.64,0.46,-145.61,228.78,-226.15
168,-0.41,-0.78,0.42,-139.62,181.27,-228.18
169,-0.7,-0.92,0.76,-131.45,95.14,-250.14
170,-1.12,-1.18,1.15,-79.88,1.09,-250.14
171,-1.04,-1.16,1.3,-35.55,-68.91,-250.14
172,-0.84,-1.01,1.34,-15.49,-54.4,-240.84
173,-0.67,-0.89,1.23,-8.8,2.97,-212.75
174,-0.7,-0.82,1.12,-14.51,53.01,-188.99
175,-0.74,-0.72,1.0,-18.91,93.83,-168.6
176,-0.79,-0.65,0.88,-19.39,121.49,-149.98
177,-0.74,-0.55,0.74,-24.22,133.57,-138.7
178,-0.73,-0.56,0.73,-24.24,136.08,-132.15
179,-0.85,-0.59,0.82,-16.15,110.04,-131.88
180,-0.94,-0.57,0.82,-2.95,75.19,-128.13
181,-0.98,-0.55,0.83,8.98,42.0,-118.71
182,-0.94,-0.5,0.79,13.11,21.8,-113.34
183,-0.9,-0.46,0.8,10.12,15.95,-107.41
184,-0.85,-0.44,0.81,5.09,21.57,-99.02
185,-0.82,-0.44,0.82,-0.41,34.02,-89.22
186,-0.79,-0.43,0.82,-4.27,52.63,-80.47
187,-0.76,-0.41,0.81,-6.92,69.46,-71.07
188,-0.78,-0.36,0.79,-10.18,80.32,-65.29
189,-0.8,-0.36,0.82,-10.79,76.88,-60.41
190,-0.77,-0.35,0.86,-7.07,58.39,-59.88
191,-0.71,-0.35,0.92,-1.01,47.98,-57.44
192,-0.66,-0.34,0.95,3.7,40.9,-53.75
193,-0.59,-0.34,1.0,7.1,46.22,-48.53
194,-0.55,-0.33,1.01,11.66,51.78,-44.52
195,-0.53,-0.33,0.99,15.9,55.34,-44.55
196,-0.58,-0.33,0.94,16.55,57.72,-43.4
197,-0.64,-0.33,0.9,16.07,55.74,-39.52
198,-0.68,-0.31,0.87,16.97,48.94,-32.08
199,-0.67,-0.28,0.86,20.53,39.04,-25.11
200,-0.64,-0.25,0.85,20.89,27.93,-20.14
201,-0.58,-0.23,0.87,27.08,22.85,-13.01
202,-0.5,-0.23,0.91,24.22,17.48,-9.02
203,-0.46,-0.22,0.91,26.89,16.09,-7.4
204,-0.44,-0.2,0.87,29.17,16.76,-4.72
205,-0.45,-0.17,0.85,29.2,15.5,-2.89
206,-0.43,-0.16,0.82,28.73,13.31,-1.28
207,-0.43,-0.15,0.81,28.41,8.07,-0.47
208,-0.44,-0.13,0.79,27.98,-1.02,-0.56
209,-0.43,-0.12,0.79,26.4,-9.95,-0.28
210,-0.42,-0.13,0.79,25.21,-17.24,0.11
211,-0.41,-0.15,0.8,25.31,-22.27,1.26
212,-0.43,-0.14,0.8,24.68,-27.52,2.87
213,-0.43,-0.15,0.8,23.79,-30.7,5.43
214,-0.43,-0.15,0.78,22.37,-32.95,8.73
215,-0.44,-0.15,0.8,20.19,-34.56,12.22
216,-0.43,-0.16,0.81,19.44,-35.79,15.92
217,-0.41,-0.15,0.82,18.6,-36.15,20.01
218,-0.39,-0.15,0.83,18.24,-37.02,23.3
219,-0.36,-0.15,0.82,18.4,-39.85,23.73
220,-0.36,-0.13,0.8,18.82,-45.85,23.44
221,-0.37,-0.12,0.81,17.93,-51.67,25.54
222,-0.34,-0.13,0.85,17.98,-54.77,27.47
223,-0.3,-0.12,0.87,17.73,-54.04,30.33
224,-0.26,-0.11,0.86,18.47,-53.75,30.18
225,-0.25,-0.1,0.85,19.69,-52.72,29.6
226,-0.27,-0.1,0.84,17.66,-52.3,27.59
227,-0.3,-0.07,0.81,15.18,-55.36,27.6
228,-0.29,-0.08,0.82,12.61,-56.94,28.95
229,-0.28,-0.09,0.83,11.47,-58.08,31.42
230,-0.29,-0.09,0.85,10.37,-59.69,35.37
231,-0.23,-0.08,0.86,7.6,-58.6,39.41
232,-0.15,-0.06,0.87,3.85,-51.71,42.42
233,-0.12,-0.06,0.9,0.05,-44.99,41.8
234,-0.12,-0.05,0.93,-1.67,-41.38,42.74
235,-0.12,-0.05,0.96,-0.89,-37.1,44.03
236,-0.12,-0.05,0.95,0.52,-36.68,42.8
237,-0.13,-0.05,0.95,2.35,-39.03,40.83
238,-0.14,-0.05,0.94,5.15,-41.23,41.37
239,-0.15,-0.04,0.93,5.3,-42.68,43.13
240,-0.12,-0.02,0.92,3.06,-44.68,44.44
241,-0.06,-0.02,0.94,0.15,-41.69,46.5
242,-0.04,-0.01,0.95,-2.69,-37.17,47.99
243,-0.03,-0.02,0.97,-4.21,-34.62,48.7
244,0.0,-0.02,0.98,-4.68,-30.81,48.37
245,0.01,-0.02,0.99,-5.27,-29.47,47.68
246,0.02,-0.03,1.0,-3.31,-28.21,45.65
247,-0.0,-0.04,1.01,-1.36,-28.66,44.53
248,0.02,-0.03,1.0,-0.44,-28.44,44.81
249,0.02,-0.03,1.0,0.46,-27.3,45.49
250,0.03,-0.02,1.01,-0.25,-27.27,45.71
251,0.07,-0.01,1.01,-1.8,-25.17,45.96
252,0.1,0.0,1.02,-4.25,-20.23,45.17
253,0.09,-0.0,1.02,-4.78,-18.19,41.51
254,0.04,-0.02,1.02,-2.05,-18.98,39.28
255,0.01,-0.03,0.99,-0.18,-21.17,38.75
256,-0.01,-0.02,0.97,0.69,-23.53,40.47
257,-0.0,-0.01,0.96,-0.11,-25.85,42.37
258,0.07,-0.01,1.0,-3.2,-23.39,43.98
259,0.11,-0.0,1.01,-5.15,-19.11,43.76
260,0.14,0.02,1.02,-5.34,-14.55,42.08
261,0.11,0.01,1.02,-6.0,-10.87,39.77
262,0.07,0.01,1.01,-4.7,-13.73,37.65
263,0.03,-0.0,1.01,-2.6,-17.77,37.68
264,0.05,-0.0,1.0,-2.21,-19.47,39.58
265,0.08,0.01,1.0,-3.06,-17.72,39.27
266,0.07,0.0,1.02,-2.94,-15.3,39.21
267,0.1,0.01,1.03,-2.86,-13.17,40.39
268,0.11,0.02,1.03,-2.49,-11.03,39.7
269,0.1,0.0,1.01,-1.99,-10.25,36.93
270,0.08,-0.01,1.02,0.75,-10.61,35.63
271,0.06,-0.01,1.02,2.85,-12.02,35.53
272,0.07,-0.0,1.02,5.67,-12.31,35.69
273,0.06,0.0,1.0,7.92,-14.33,35.02
274,0.05,-0.0,0.98,8.49,-16.86,34.98
275,0.07,-0.0,0.96,8.1,-17.87,35.71
276,0.06,0.01,0.96,6.91,-18.48,37.13
277,0.09,0.02,0.96,3.85,-17.49,37.83
278,0.1,0.02,0.98,2.52,-13.87,40.15
279,0.13,0.02,0.98,0.1,-9.93,41.28
280,0.15,0.02,0.99,-0.8,-4.46,42.2
281,0.15,0.0,0.99,-1.4,-0.14,41.23
282,0.13,-0.0,0.99,-2.59,-0.89,39.05
283,0.12,0.0,1.0,-2.86,-3.17,36.98
284,0.09,-0.01,1.0,-0.42,-7.21,34.37
285,0.08,-0.0,0.99,2.53,-13.26,33.17
286,0.08,0.0,0.97,3.95,-17.25,33.18
287,0.09,0.01,0.96,3.72,-17.89,33.79
288,0.12,0.01,0.96,2.44,-16.63,33.24
289,0.12,0.02,0.95,0.66,-14.09,34.41
290,0.13,0.02,0.95,-1.96,-10.66,36.18
291,0.15,0.03,0.95,-5.37,-4.67,37.84
292,0.16,0.01,0.97,-8.52,0.95,38.87
293,0.15,0.01,0.98,-11.03,4.21,38.44
294,0.15,0.02,0.99,-12.27,4.71,37.85
295,0.14,0.02,0.99,-10.77,2.17,35.26
296,0.13,0.03,1.02,-7.72,-1.79,32.42
297,0.13,0.02,1.03,-2.62,-5.05,31.21
298,0.15,0.02,1.03,0.85,-5.82,29.86
299,0.14,0.02,1.02,2.37,-5.7,29.02
300,0.13,0.01,1.01,2.73,-3.8,29.5
301,0.12,0.02,0.99,2.36,-1.84,28.91
302,0.12,0.03,0.98,1.67,-1.05,28.96
303,0.11,0.02,0.96,-0.76,-2.17,28.27
304,0.11,0.02,0.97,-3.28,-2.6,28.37
305,0.13,0.02,0.98,-5.57,-2.08,28.54
306,0.15,0.02,1.01,-7.67,0.13,28.27
307,0.15,0.03,1.03,-8.45,3.46,28.15
308,0.14,0.01,1.04,-7.16,5.08,26.94
309,0.13,0.01,1.03,-5.89,4.83,25.51
310,0.12,0.01,1.04,-2.18,2.01,23.05
311,0.11,0.01,1.02,1.3,-2.69,21.76
312,0.09,0.02,1.01,4.3,-5.76,20.2
313,0.08,0.03,1.0,6.73,-7.42,19.65
314,0.07,0.02,0.99,8.71,-8.75,19.41
315,0.07,0.03,0.98,8.96,-8.5,20.01
316,0.07,0.04,0.97,8.11,-7.04,21.24
317,0.07,0.03,0.97,7.18,-6.05,22.64
318,0.05,0.03,0.95,5.01,-4.25,24.53
319,0.05,0.03,0.95,2.6,-1.69,26.98
320,0.07,0.02,0.96,-0.66,1.6,28.97
321,0.07,0.02,0.96,-2.85,4.26,32.42
322,0.08,0.0,0.98,-4.72,6.44,33.92
323,0.09,0.01,0.99,-5.68,5.95,33.73
324,0.11,0.02,1.0,-5.11,5.95,32.68
325,0.11,0.0,1.0,-2.9,4.74,30.33
326,0.09,0.0,1.01,-1.03,1.98,29.82
327,0.09,0.01,1.01,0.58,-0.61,28.37
328,0.09,0.01,1.01,2.73,-3.36,27.57
329,0.09,0.02,1.0,4.7,-5.6,27.23
330,0.09,0.03,0.98,4.81,-7.64,27.95
331,0.13,0.04,0.98,3.88,-7.93,27.29
332,0.14,0.04,0.97,2.82,-5.14,25.92
333,0.13,0.04,0.97,1.28,-3.44,23.73
334,0.11,0.03,0.96,1.07,-3.66,23.74
335,0.11,0.04,0.95,-0.15,-4.44,23.2
336,0.12,0.04,0.98,-1.5,-2.91,23.16
337,0.11,0.04,0.99,-2.74,-1.05,22.6
338,0.11,0.03,1.0,-3.62,1.06,23.19
339,0.09,0.01,1.01,-4.52,3.39,24.88
340,0.09,0.01,1.0,-5.96,5.22,25.92
341,0.12,-0.0,1.02,-6.35,8.54,25.86
342,0.08,-0.0,1.03,-4.28,9.96,27.21
343,0.07,-0.01,1.02,-1.11,6.85,27.63
344,0.06,-0.01,1.03,2.73,3.13,26.76
345,0.09,0.0,1.02,4.92,-0.42,26.07
346,0.1,0.02,1.01,5.89,-3.18,25.56
347,0.13,0.02,0.99,5.83,-4.36,24.89
348,0.16,0.03,0.98,5.23,-3.96,23.53
349,0.19,0.02,0.98,3.73,-3.0,21.17
350,0.16,0.02,0.98,3.24,-1.79,19.86
351,0.16,0.02,0.98,2.92,-0.02,18.41
352,0.13,0.02,0.99,3.56,2.36,16.98
353,0.1,0.01,0.98,4.84,3.91,17.23
354,0.08,0.01,0.97,6.87,3.33,18.05
355,0.09,0.02,0.94,3.92,0.12,16.88
356,0.09,0.02,0.95,2.53,-0.54,17.24
357,0.1,0.02,0.95,-0.08,0.98,20.0
358,0.11,0.04,0.93,-2.97,3.7,20.69
359,0.12,0.04,0.93,-5.35,5.04,21.1
360,0.13,0.04,0.93,-8.37,5.68,21.21
361,0.14,0.04,0.93,-10.67,7.44,20.5
362,0.13,0.02,0.96,-12.05,9.03,19.2
363,0.1,0.02,0.94,-11.24,8.5,16.92
364,0.09,0.01,0.98,-8.98,5.11,16.02
365,0.09,0.01,1.0,-6.31,3.62,16.74
366,0.08,-0.0,1.01,-3.44,4.3,15.11
367,0.06,-0.01,1.01,-0.35,3.95,16.11
368,0.07,0.01,0.98,1.24,3.31,17.56
369,0.08,0.02,0.95,0.66,2.4,18.3
370,0.09,0.03,0.94,-0.62,2.34,18.27
371,0.1,0.03,0.94,-1.56,0.82,18.26
372,0.12,0.04,0.95,-3.12,0.76,18.12
373,0.11,0.05,0.94,-4.27,0.69,17.27
374,0.11,0.04,0.95,-4.73,0.89,16.76
375,0.1,0.04,0.96,-6.42,0.53,15.98
376,0.11,0.03,0.98,-7.53,2.52,16.79
377,0.11,0.02,0.97,-9.29,5.08,16.82
378,0.11,0.01,0.99,-10.0,6.89,16.5
379,0.11,0.0,1.01,-10.61,8.03,16.7
380,0.1,0.01,1.02,-8.98,8.06,15.18
381,0.09,-0.01,1.03,-5.87,6.1,14.22
382,0.09,-0.01,1.04,-1.78,2.96,12.91
383,0.07,-0.01,1.02,1.22,0.12,11.1
384,0.08,0.01,1.0,3.27,-2.9,10.27
385,0.07,0.02,0.98,4.28,-4.8,9.32
386,0.05,0.02,0.96,3.69,-6.15,9.98
387,0.05,0.03,0.95,0.98,-5.05,12.15
388,0.06,0.04,0.94,-2.72,-2.68,14.67
389,0.07,0.04,0.96,-5.63,-0.2,16.69
390,0.08,0.04,0.95,-7.42,0.53,18.64
391,0.09,0.04,0.97,-8.89,0.49,18.83
392,0.12,0.04,0.98,-9.35,0.02,18.52
393,0.12,0.03,0.98,-8.59,-1.13,16.77
394,0.13,0.03,0.99,-8.13,-2.57,14.82
395,0.15,0.02,0.99,-7.25,-3.24,12.76
396,0.13,0.02,0.99,-5.59,-4.49,10.16
397,0.12,0.01,0.99,-4.71,-6.57,7.99
398,0.1,0.0,1.0,-3.71,-7.73,6.88
399,0.11,-0.0,1.0,-3.09,-8.07,6.85
