,accel_x,accel_y,accel_z,gyro_x,gyro_y,gyro_z
0,0.0,-0.24,0.96,3.88,-7.56,-0.8
1,-0.0,-0.25,0.94,4.97,-7.4,0.51
2,-0.02,-0.23,0.95,6.07,-8.95,1.13
3,-0.02,-0.24,0.95,6.2,-10.43,1.54
4,-0.02,-0.25,0.97,5.58,-17.82,2.56
5,0.01,-0.23,0.95,5.24,-11.98,4.2
6,0.04,-0.22,0.93,3.66,-9.05,7.16
7,0.05,-0.22,0.95,1.9,-9.08,6.4
8,0.04,-0.21,0.96,2.19,-5.63,4.89
9,0.05,-0.22,0.95,2.21,-4.92,3.98
10,0.04,-0.21,0.94,1.94,-3.16,4.15
11,0.03,-0.21,0.94,0.53,-1.48,4.15
12,0.04,-0.21,0.94,0.4,-2.5,1.18
13,0.01,-0.22,0.95,1.42,-4.15,-1.98
14,0.02,-0.21,0.93,1.23,-6.19,-5.08
15,0.03,-0.21,0.94,0.98,-5.08,-3.84
16,0.01,-0.21,0.94,0.27,-4.24,-1.92
17,0.01,-0.21,0.94,-1.03,-5.18,-1.36
18,0.02,-0.21,0.93,-1.76,-5.89,-1.63
19,0.03,-0.21,0.92,-2.73,-5.66,-1.82
20,0.02,-0.21,0.94,-3.92,-5.34,-3.03
21,0.03,-0.22,0.96,-4.09,-5.28,-3.49
22,0.04,-0.22,0.97,-4.68,-4.25,-3.28
23,0.04,-0.22,0.96,-3.8,-1.98,-2.88
24,0.03,-0.21,0.96,-4.11,-0.89,-2.2
25,0.03,-0.21,0.96,-5.25,0.39,-0.64
26,0.04,-0.21,0.96,-5.4,2.09,1.0
27,0.04,-0.21,0.96,-5.7,2.45,1.34
28,0.03,-0.21,0.97,-6.4,1.21,0.79
29,0.02,-0.22,0.97,-5.95,-0.61,0.32
30,0.03,-0.22,0.97,-5.78,-0.6,1.12
31,0.03,-0.22,0.98,-6.56,-0.05,1.16
32,0.02,-0.22,0.98,-6.96,-0.32,0.63
33,0.04,-0.23,0.98,-7.26,-1.75,-0.56
34,0.04,-0.24,0.99,-5.92,-0.41,-1.46
35,0.03,-0.24,1.0,-4.34,-0.21,-1.53
36,0.04,-0.25,1.0,-3.18,2.01,-0.11
37,0.03,-0.23,1.0,-2.5,2.22,-0.47
38,0.02,-0.23,0.99,-2.54,2.24,-0.96
39,0.02,-0.23,0.99,-2.47,0.95,-1.98
40,0.02,-0.24,0.99,-1.5,0.74,-1.71
41,0.02,-0.23,0.99,-0.3,-0.55,-2.68
42,0.02,-0.23,0.97,0.49,-1.5,-4.04
43,0.03,-0.24,0.98,0.07,-1.27,-4.59
44,0.04,-0.23,0.98,0.43,-1.02,-3.63
45,0.03,-0.22,0.97,0.78,-0.87,-3.8
46,0.02,-0.22,0.98,0.9,-1.26,-3.55
47,0.02,-0.21,0.96,1.56,-1.79,-2.57
48,0.02,-0.21,0.96,1.24,-2.95,-2.87
49,0.02,-0.21,0.95,1.27,-2.96,-3.9
50,0.01,-0.22,0.95,1.22,-3.68,-3.89
51,0.01,-0.22,0.96,1.55,-5.15,-5.78
52,0.02,-0.22,0.95,2.61,-6.53,-7.76
53,0.02,-0.22,0.95,2.75,-6.37,-7.99
54,0.02,-0.22,0.95,2.92,-5.05,-5.64
55,0.02,-0.21,0.94,3.04,-5.34,-5.81
56,0.01,-0.21,0.94,2.19,-5.39,-6.34
57,0.02,-0.2,0.94,1.53,-7.05,-5.86
58,0.01,-0.21,0.94,1.4,-8.18,-6.75
59,0.02,-0.21,0.95,2.16,-10.24,-6.54
60,0.01,-0.21,0.95,2.37,-13.81,-7.29
61,0.03,-0.2,0.95,2.56,-16.4,-7.79
62,0.03,-0.2,0.95,2.11,-17.92,-7.73
63,0.04,-0.2,0.95,1.81,-19.01,-6.49
64,0.05,-0.21,0.95,1.54,-19.07,-6.34
65,0.06,-0.21,0.97,1.55,-19.79,-7.08
66,0.08,-0.22,0.96,2.24,-22.71,-8.7
67,0.07,-0.21,0.97,2.73,-21.73,-11.04
68,0.06,-0.22,0.97,2.15,-22.12,-10.87
69,0.06,-0.23,0.98,3.68,-24.72,-10.47
70,0.06,-0.22,0.96,4.85,-24.75,-9.57
71,0.03,-0.21,0.97,4.08,-32.21,-14.56
72,0.08,-0.23,0.96,5.82,-37.96,-17.24
73,0.1,-0.2,0.98,6.76,-35.63,-14.54
74,0.11,-0.2,0.97,6.26,-35.9,-15.43
75,0.12,-0.21,0.98,8.54,-35.5,-15.43
76,0.13,-0.19,0.96,7.69,-30.01,-11.94
77,0.13,-0.2,0.97,6.63,-27.9,-11.64
78,0.16,-0.2,0.99,6.73,-25.56,-11.24
79,0.16,-0.19,0.99,6.76,-22.94,-10.84
80,0.17,-0.18,0.98,6.58,-21.43,-11.92
81,0.18,-0.18,0.97,4.89,-18.42,-11.23
82,0.16,-0.16,0.99,4.38,-21.02,-12.82
83,0.16,-0.17,0.96,3.31,-14.58,-10.48
84,0.15,-0.18,0.96,2.34,-12.16,-10.0
85,0.14,-0.18,0.96,0.77,-10.21,-9.44
86,0.15,-0.18,0.96,-0.81,-4.63,-6.93
87,0.14,-0.18,0.96,-0.87,-2.07,-4.71
88,0.12,-0.19,0.96,-0.32,-2.34,-2.44
89,0.11,-0.18,0.96,-1.01,-2.89,-1.85
90,0.12,-0.18,0.96,0.12,-4.44,-1.6
91,0.12,-0.19,0.96,-0.5,-4.6,-2.19
92,0.13,-0.18,0.95,0.31,-2.45,0.45
93,0.13,-0.19,0.96,0.47,-2.27,0.37
94,0.13,-0.18,0.97,0.31,-1.7,0.73
95,0.12,-0.18,0.97,-0.66,-0.21,1.82
96,0.12,-0.18,0.96,-1.13,-0.93,2.87
97,0.11,-0.19,0.96,0.18,-1.73,5.86
98,0.06,-0.2,0.96,1.47,-7.5,6.09
99,0.07,-0.21,0.96,2.85,-15.35,4.41
100,0.08,-0.21,0.97,5.05,-22.64,3.54
101,0.12,-0.21,0.97,6.85,-28.02,1.82
102,0.12,-0.2,0.97,7.98,-27.82,0.9
103,0.14,-0.18,0.96,7.67,-31.32,-1.82
104,0.16,-0.17,0.96,7.22,-31.72,-4.45
105,0.16,-0.16,0.95,6.38,-31.79,-6.17
106,0.14,-0.14,0.94,1.95,-34.29,-11.56
107,0.17,-0.15,0.93,-2.09,-33.11,-11.6
108,0.2,-0.15,0.92,-5.27,-26.09,-7.09
109,0.21,-0.14,0.94,-6.04,-20.99,-3.06
110,0.2,-0.17,0.94,-8.95,-14.53,2.94
111,0.21,-0.17,0.93,-8.73,-13.73,5.82
112,0.21,-0.18,0.93,-6.9,-11.9,9.57
113,0.24,-0.18,0.91,-4.06,-12.42,12.13
114,0.23,-0.16,0.94,-2.77,-12.02,12.08
115,0.23,-0.17,0.93,-3.07,-9.11,11.68
116,0.23,-0.17,0.94,-3.95,-8.32,10.47
117,0.24,-0.17,0.94,-5.27,-4.05,9.98
118,0.24,-0.17,0.94,-5.73,-2.54,10.94
119,0.22,-0.17,0.96,-1.98,-2.94,10.91
120,0.22,-0.18,0.97,-5.09,-2.98,8.89
121,0.21,-0.18,0.97,-2.74,-4.7,6.95
122,0.21,-0.18,0.97,-2.13,-6.34,3.62
123,0.2,-0.18,0.97,-2.28,-8.76,1.29
124,0.22,-0.17,0.97,-2.65,-8.44,1.6
125,0.23,-0.16,0.97,-3.78,-4.47,3.02
126,0.22,-0.16,0.99,-4.37,-2.94,3.41
127,0.22,-0.17,0.97,-4.95,-3.15,2.63
128,0.21,-0.17,0.97,-4.94,-3.21,2.34
129,0.21,-0.18,0.99,-4.19,-3.6,3.52
130,0.2,-0.18,1.0,-3.31,-3.79,3.48
131,0.2,-0.18,1.0,-2.8,-4.45,1.9
132,0.21,-0.17,1.0,-2.4,-3.09,1.32
133,0.19,-0.17,1.01,-1.68,-3.48,0.35
134,0.18,-0.16,1.0,-0.76,-4.98,-0.48
135,0.16,-0.15,1.0,-1.0,-4.95,-0.97
136,0.16,-0.16,1.0,-1.73,-4.95,-0.64
137,0.16,-0.17,1.0,-2.38,-5.78,-0.72
138,0.15,-0.17,1.02,-3.03,-5.79,-0.05
139,0.13,-0.17,1.03,-2.24,-5.64,0.76
140,0.09,-0.17,1.02,-1.28,-7.11,2.37
141,0.07,-0.21,1.01,-0.57,-10.62,2.88
142,0.07,-0.25,0.98,-1.5,-15.74,3.97
143,0.08,-0.32,0.99,-0.31,-22.39,5.51
144,0.1,-0.38,1.03,6.41,-28.77,12.73
145,0.18,-0.43,1.03,15.73,-34.43,26.94
146,0.34,-0.49,0.97,31.18,-40.03,51.31
147,0.59,-0.56,0.91,56.96,-47.24,74.69
148,0.93,-0.5,0.7,72.34,-55.36,91.89
149,1.46,-0.45,0.54,82.82,-67.95,103.79
150,2.0,-0.32,0.23,87.29,-75.14,90.49
151,2.0,-0.22,0.02,85.28,-80.37,61.19
152,2.0,0.1,0.0,45.75,-81.66,1.11
153,2.0,0.45,-0.18,0.94,-42.72,-72.02
154,2.0,0.68,-0.28,-50.27,40.2,-154.13
155,2.0,0.52,-0.37,-89.06,134.66,-234.97
156,2.0,0.17,-0.55,-113.36,192.23,-250.14
157,2.0,-0.37,-0.72,-131.57,231.63,-250.14
158,2.0,-1.11,-0.76,-157.15,250.13,-250.14
159,2.0,-1.8,-0.73,-204.05,250.13,-250.14
160,2.0,-2.0,-0.64,-248.52,250.13,-250.14
161,1.31,-2.0,-0.43,-250.14,250.13,-250.14
162,0.05,-2.0,-0.17,-250.14,250.13,-250.14
163,-1.35,-2.0,0.24,-172.71,250.13,-250.14
164,-2.0,-2.0,0.34,-34.3,250.13,-250.14
165,-2.0,-2.0,0.23,35.34,231.08,-250.14
166,-2.0,-2.0,0.14,32.87,213.18,-250.14
167,-2.0,-2.0,0.18,14.2,178.24,-250.14
168,-2.0,-2.0,0.31,13.76,130.28,-230.4
169,-2.0,-2.0,0.5,26.02,67.18,-194.49
170,-2.0,-2.0,0.58,32.64,33.42,-158.05
171,-2.0,-1.75,0.52,50.72,26.31,-101.85
172,-2.0,-1.25,0.47,51.83,21.95,-43.76
173,-2.0,-0.8,0.43,43.2,19.52,-7.42
174,-1.59,-0.54,0.47,36.54,15.37,0.53
175,-1.21,-0.4,0.54,56.76,21.58,8.77
176,-1.01,-0.32,0.46,82.4,23.63,6.08
177,-0.9,-0.23,0.42,89.48,8.38,-6.82
178,-0.85,-0.1,0.37,85.99,-3.28,-12.33
179,-0.83,0.01,0.27,49.24,-13.02,-1.9
180,-0.86,0.07,0.24,14.73,-22.97,12.02
181,-0.84,0.09,0.36,-10.35,-30.5,29.63
182,-0.74,0.02,0.44,-19.36,-32.7,47.89
183,-0.65,-0.05,0.51,-25.01,-35.63,62.03
184,-0.57,-0.19,0.69,-33.66,-43.82,67.31
185,-0.41,-0.28,0.69,-34.4,-48.81,68.47
186,-0.3,-0.37,0.82,-27.24,-48.39,67.31
187,-0.25,-0.42,0.85,-19.37,-48.12,66.36
188,-0.25,-0.42,0.83,-18.95,-47.46,72.68
189,-0.3,-0.42,0.8,-16.66,-47.68,78.78
190,-0.32,-0.41,0.8,-16.4,-53.03,78.13
191,-0.29,-0.45,0.82,-12.79,-63.0,79.37
192,-0.21,-0.46,0.89,-4.48,-71.23,83.21
193,-0.11,-0.45,0.92,7.34,-77.77,87.31
194,0.02,-0.43,0.95,12.5,-76.25,87.55
195,0.14,-0.4,0.96,12.21,-67.66,88.11
196,0.2,-0.37,0.95,11.48,-58.95,86.73
197,0.19,-0.35,0.96,9.66,-52.8,84.2
198,0.14,-0.34,0.92,12.65,-44.79,83.82
199,0.1,-0.34,0.89,13.18,-45.76,82.66
200,0.05,-0.32,0.86,12.32,-48.29,80.63
201,0.05,-0.3,0.85,10.04,-50.78,79.15
202,0.08,-0.3,0.85,7.14,-48.18,81.16
203,0.08,-0.28,0.83,3.5,-43.14,87.76
204,0.09,-0.3,0.84,1.68,-40.33,90.19
205,0.08,-0.3,0.83,-1.21,-42.04,85.11
206,0.14,-0.29,0.83,-2.06,-42.18,84.37
207,0.16,-0.26,0.85,-3.41,-42.98,84.35
208,0.18,-0.24,0.85,-5.34,-43.91,81.45
209,0.2,-0.2,0.86,-9.78,-42.45,81.96
210,0.2,-0.19,0.88,-15.65,-40.7,85.03
211,0.21,-0.21,0.93,-18.33,-39.75,85.95
212,0.24,-0.25,0.97,-17.07,-39.55,83.27
213,0.26,-0.28,1.01,-13.15,-41.56,78.91
214,0.29,-0.29,1.07,-5.89,-49.86,70.67
215,0.33,-0.3,1.09,5.25,-57.56,56.39
216,0.37,-0.29,1.11,12.24,-58.19,44.07
217,0.4,-0.29,1.12,17.95,-51.66,40.27
218,0.38,-0.27,1.12,22.6,-46.3,36.5
219,0.39,-0.23,1.08,21.92,-38.13,34.95
220,0.38,-0.21,1.07,19.44,-25.58,39.35
221,0.34,-0.2,1.05,16.53,-16.67,43.82
222,0.28,-0.18,1.0,12.45,-12.86,44.13
223,0.24,-0.18,0.99,8.4,-11.45,42.21
224,0.19,-0.19,0.98,9.2,-12.66,40.04
225,0.19,-0.18,0.97,9.56,-16.77,35.9
226,0.18,-0.19,0.98,9.31,-22.79,26.91
227,0.18,-0.2,0.99,10.23,-26.15,22.55
228,0.19,-0.2,0.97,10.03,-23.36,24.56
229,0.18,-0.17,0.97,6.96,-20.44,28.72
230,0.18,-0.17,0.97,2.62,-17.42,29.91
231,0.2,-0.18,0.97,0.85,-15.25,31.75
232,0.2,-0.2,0.98,1.35,-13.85,31.63
233,0.18,-0.21,0.99,3.02,-14.98,27.92
234,0.19,-0.24,1.02,4.97,-16.47,25.6
235,0.21,-0.25,1.02,7.44,-16.69,26.55
236,0.21,-0.24,1.02,10.21,-15.44,26.43
237,0.23,-0.22,0.99,11.5,-11.18,28.46
238,0.22,-0.2,0.98,11.03,-6.81,32.93
239,0.2,-0.2,0.97,10.36,-6.6,31.08
240,0.2,-0.19,0.95,8.85,-7.59,27.15
241,0.19,-0.19,0.94,5.89,-7.0,25.94
242,0.19,-0.21,0.96,3.53,-5.8,25.85
243,0.18,-0.22,0.97,1.73,-4.08,26.26
244,0.17,-0.21,0.96,1.27,-2.11,26.59
245,0.15,-0.21,0.97,-0.02,-1.53,25.68
246,0.14,-0.22,0.96,-0.4,0.26,28.42
247,0.12,-0.23,0.98,1.23,-0.71,29.41
248,0.13,-0.22,0.96,3.49,-3.03,27.37
249,0.12,-0.24,0.97,5.33,-6.0,25.02
250,0.13,-0.24,0.97,8.73,-9.67,22.02
251,0.13,-0.21,0.96,10.15,-12.32,18.9
252,0.16,-0.19,0.96,9.29,-11.23,19.31
253,0.16,-0.17,0.97,8.01,-8.82,21.65
254,0.16,-0.16,0.95,5.62,-5.67,25.77
255,0.14,-0.16,0.95,5.18,-5.01,28.61
256,0.15,-0.15,0.94,4.55,-5.21,28.13
257,0.14,-0.16,0.95,3.36,-7.01,27.66
258,0.15,-0.16,0.97,3.76,-9.21,27.05
259,0.16,-0.16,0.97,4.3,-9.62,26.5
260,0.19,-0.16,0.96,3.38,-10.24,23.73
261,0.19,-0.18,0.98,3.69,-8.79,24.12
262,0.19,-0.18,1.0,4.62,-8.18,23.6
263,0.18,-0.19,1.0,6.08,-8.51,21.05
264,0.15,-0.19,0.99,7.41,-10.49,18.41
265,0.14,-0.2,0.99,8.94,-12.21,16.21
266,0.14,-0.2,0.99,10.62,-11.49,17.09
267,0.14,-0.2,0.97,10.95,-9.34,18.98
268,0.12,-0.21,0.96,9.27,-7.04,23.24
269,0.12,-0.19,0.95,8.61,-4.85,27.98
270,0.12,-0.17,0.94,7.61,-4.08,29.14
271,0.13,-0.15,0.94,6.55,-3.87,29.42
272,0.11,-0.14,0.93,6.21,-6.69,28.13
273,0.11,-0.14,0.94,5.05,-9.91,25.57
274,0.13,-0.16,0.96,6.58,-14.4,23.95
275,0.14,-0.15,0.97,7.05,-17.37,21.61
276,0.17,-0.15,0.97,7.45,-16.07,23.98
277,0.19,-0.13,0.97,6.52,-13.08,24.06
278,0.18,-0.14,0.97,5.78,-11.91,23.98
279,0.19,-0.14,0.97,5.0,-11.31,23.3
280,0.2,-0.13,0.97,4.56,-9.18,22.72
281,0.21,-0.12,0.98,3.85,-7.41,20.79
282,0.21,-0.12,0.98,2.97,-6.31,20.02
283,0.2,-0.12,0.98,3.38,-5.63,20.5
284,0.19,-0.13,0.99,3.85,-6.73,17.51
285,0.2,-0.13,0.99,3.33,-6.54,16.11
286,0.19,-0.15,0.98,3.5,-7.34,13.89
287,0.19,-0.14,0.98,2.58,-5.19,14.28
288,0.19,-0.14,0.98,0.92,-3.0,15.9
289,0.17,-0.14,0.96,0.95,-1.37,16.98
290,0.16,-0.15,0.96,1.3,-2.23,15.81
291,0.16,-0.15,0.95,2.02,-3.56,14.65
292,0.16,-0.15,0.95,3.63,-5.13,12.15
293,0.15,-0.16,0.96,3.92,-9.17,8.26
294,0.16,-0.15,0.94,4.44,-10.02,7.6
295,0.14,-0.15,0.95,2.57,-12.16,5.95
296,0.13,-0.14,0.94,0.73,-7.68,10.95
297,0.14,-0.15,0.93,-1.7,-6.39,15.83
298,0.14,-0.15,0.94,-3.49,-4.79,17.06
299,0.14,-0.15,0.95,-5.88,-7.18,17.0
300,0.15,-0.15,0.93,-4.24,-8.79,14.48
301,0.16,-0.15,0.94,-5.09,-10.0,12.98
302,0.17,-0.15,0.96,-5.27,-9.47,13.94
303,0.2,-0.15,0.94,-6.16,-8.02,14.95
304,0.19,-0.14,0.95,-3.51,-4.73,16.01
305,0.18,-0.14,0.94,-3.48,-6.83,12.98
306,0.16,-0.15,0.96,-3.05,-9.15,10.6
307,0.18,-0.16,0.96,0.09,-9.05,12.05
308,0.19,-0.15,0.97,0.68,-8.28,11.3
309,0.17,-0.15,0.99,3.21,4.44,16.37
310,0.2,-0.15,0.97,4.44,4.52,19.18
311,0.17,-0.14,0.95,2.91,3.91,16.29
312,0.17,-0.14,0.97,2.81,2.09,15.44
313,0.17,-0.14,0.96,3.15,5.43,17.19
314,0.18,-0.13,0.96,4.18,5.06,19.0
315,0.19,-0.12,0.95,1.53,10.56,23.71
316,0.18,-0.13,0.98,-0.01,12.98,27.45
317,0.17,-0.12,0.95,-0.22,8.67,25.65
318,0.17,-0.13,0.96,-2.55,10.44,22.12
319,0.18,-0.13,0.97,-0.85,10.12,21.76
320,0.2,-0.13,0.98,0.11,9.74,19.0
321,0.2,-0.12,0.98,-0.05,12.24,19.65
322,0.22,-0.11,0.96,0.51,16.94,25.23
323,0.18,-0.12,0.95,-1.77,21.64,28.3
324,0.12,-0.12,0.96,-6.17,26.26,27.18
325,0.12,-0.13,0.97,-0.24,14.93,26.69
326,0.09,-0.15,0.95,-0.73,7.14,23.71
327,0.13,-0.18,1.01,10.05,6.0,23.42
328,0.08,-0.13,0.93,-3.98,-3.04,21.36
329,0.08,-0.15,0.98,-6.49,-4.34,21.11
330,0.12,-0.15,0.98,-7.0,-0.26,27.41
331,0.12,-0.16,0.97,-8.75,2.7,28.21
332,0.12,-0.15,0.98,-6.93,3.0,25.19
333,0.11,-0.15,0.99,-6.63,0.79,19.75
334,0.11,-0.16,1.0,-4.91,1.76,16.9
335,0.16,-0.16,1.02,-0.51,7.47,17.43
336,0.15,-0.16,1.01,3.28,12.5,21.57
337,0.14,-0.17,1.0,5.63,16.56,26.54
338,0.14,-0.13,1.0,6.67,24.1,34.62
339,0.12,-0.12,0.99,5.54,30.28,38.58
340,0.12,-0.12,0.98,6.97,33.54,45.28
341,0.07,-0.1,0.97,9.82,33.32,44.95
342,0.03,-0.1,0.95,4.79,26.56,35.79
343,0.04,-0.12,0.91,3.35,18.47,31.75
344,0.05,-0.09,0.95,0.11,19.53,31.47
345,0.04,-0.1,0.96,0.0,9.44,25.93
346,0.07,-0.12,0.98,-2.12,9.93,28.72
347,0.06,-0.13,0.98,-0.5,11.79,31.83
348,0.09,-0.13,0.94,5.82,8.53,34.0
349,0.08,-0.13,0.95,9.38,4.74,35.94
350,0.15,-0.14,0.92,15.45,14.72,48.76
351,0.1,-0.08,0.93,12.4,20.37,48.44
352,0.01,-0.05,0.98,1.44,10.8,35.79
353,0.02,-0.07,0.96,-0.99,1.08,27.14
354,0.06,-0.09,0.99,-1.96,-0.16,23.77
355,0.08,-0.09,0.99,-4.56,-4.34,18.94
356,0.09,-0.11,1.01,-2.11,-8.35,18.57
357,0.1,-0.09,1.0,-2.6,-8.53,14.98
358,0.13,-0.09,0.98,-2.86,-5.75,12.95
359,0.11,-0.09,0.99,-6.88,-0.41,10.57
360,0.15,-0.21,0.93,-0.79,5.7,16.36
361,0.2,-1.02,0.97,59.85,-60.76,-250.14
362,0.18,0.49,0.77,59.0,12.16,-21.14
363,0.1,0.13,0.93,14.53,7.82,-20.95
364,0.07,0.04,0.92,-15.37,-5.8,-36.98
365,0.05,0.04,0.93,-30.85,-14.78,-46.11
366,0.05,-0.1,0.97,-39.34,-31.73,-51.88
367,0.13,-0.12,1.06,-47.0,-41.48,-57.18
368,0.18,-0.13,1.01,-54.5,-36.49,-55.77
369,0.24,-0.14,0.97,-57.88,-16.89,-52.29
370,0.2,-0.26,0.94,-57.95,-2.4,-57.92
371,0.05,-0.27,0.98,-51.25,-11.21,-47.76
372,0.27,-0.3,0.66,-24.6,13.48,-24.92
373,0.18,-0.4,0.58,-2.02,5.45,-20.92
374,0.07,-0.26,1.0,-6.21,4.86,-5.86
375,0.1,-0.13,1.16,-18.98,-2.41,-12.79
376,0.09,-0.18,1.0,-11.65,5.48,-9.05
377,0.08,-0.18,1.0,-11.89,9.06,-3.44
378,0.06,-0.21,0.98,-12.05,3.23,-5.53
379,0.06,-0.23,0.99,-7.25,6.18,-1.08
380,0.07,-0.21,1.0,-7.88,5.09,-4.84
381,0.08,-0.22,0.98,-1.89,4.26,-1.91
382,0.02,-0.23,0.99,1.58,4.43,0.92
383,0.03,-0.2,0.99,4.47,-0.93,4.87
384,0.08,-0.19,0.96,9.15,7.86,15.27
385,0.17,-0.16,0.93,16.12,21.56,37.52
386,0.05,-0.14,0.97,15.29,28.2,42.13
387,0.1,-0.09,0.93,11.12,35.24,48.35
388,0.07,-0.09,0.93,8.81,47.47,57.71
389,0.06,-0.08,0.93,9.41,49.75,56.19
390,0.01,-0.08,0.94,9.77,38.95,51.63
391,-0.04,-0.08,0.88,4.16,32.68,40.26
392,-0.01,-0.08,0.95,9.33,14.79,31.53
393,-0.03,-0.09,0.93,6.71,11.04,31.34
394,-0.0,-0.05,0.93,7.04,3.08,23.31
395,0.05,-0.05,0.96,13.3,-13.24,14.38
396,0.09,-0.0,0.89,13.2,-11.43,8.8
397,0.06,0.04,0.9,13.4,-27.62,-6.54
398,0.01,0.05,0.89,10.05,-35.1,-10.34
399,0.02,-0.02,0.93,8.92,-41.49,-9.91
400,0.01,-0.02,0.92,0.86,-26.74,-1.98
