,accel_x,accel_y,accel_z,gyro_x,gyro_y,gyro_z
0,0.06,-0.17,0.97,-2.24,-1.74,-3.84
1,0.06,-0.17,0.99,-1.66,-2.21,-4.31
2,0.06,-0.17,0.98,-1.64,-1.63,-5.15
3,0.08,-0.18,0.98,-1.82,-1.95,-3.44
4,0.06,-0.18,0.99,-2.15,-0.86,-2.89
5,0.05,-0.19,0.98,-2.69,-0.32,-2.33
6,0.06,-0.19,0.99,-2.5,-0.76,-1.56
7,0.05,-0.21,0.99,-1.46,0.95,-2.05
8,0.05,-0.21,1.0,0.03,1.24,-3.81
9,0.07,-0.19,0.98,0.83,0.18,-3.96
10,0.09,-0.16,0.96,0.85,1.47,-2.77
11,0.07,-0.15,0.96,-0.36,2.81,-5.68
12,0.06,-0.16,0.95,-1.02,3.2,-7.18
13,0.05,-0.17,0.95,-1.4,3.86,-6.87
14,0.04,-0.17,0.95,-0.66,1.81,-7.29
15,0.04,-0.17,0.96,-0.92,0.12,-9.41
16,0.05,-0.17,0.96,-1.5,-0.05,-10.66
17,0.04,-0.19,0.97,-1.06,-0.77,-12.13
18,0.05,-0.18,0.97,-0.03,-2.33,-12.59
19,0.06,-0.16,0.96,0.34,-2.01,-12.17
20,0.05,-0.16,0.97,-0.52,-1.34,-13.4
21,0.06,-0.16,0.98,-1.32,-1.7,-13.79
22,0.05,-0.18,0.97,-2.02,0.55,-14.76
23,0.03,-0.2,0.97,-2.56,2.0,-15.18
24,0.03,-0.2,0.98,-2.86,2.91,-15.38
25,0.02,-0.21,0.98,-2.37,3.61,-12.82
26,0.01,-0.2,0.98,-1.79,2.62,-12.05
27,0.02,-0.2,0.97,-0.5,0.37,-12.79
28,0.02,-0.19,0.97,0.18,-2.89,-10.55
29,0.02,-0.18,0.97,-0.69,-4.44,-8.22
30,0.02,-0.18,0.97,-0.66,-3.97,-5.88
31,0.03,-0.19,0.98,-0.21,-4.36,-1.7
32,0.02,-0.19,0.97,0.15,-4.47,-0.08
33,0.03,-0.19,0.97,0.12,-6.25,1.19
34,0.05,-0.18,0.98,0.63,-8.13,1.18
35,0.06,-0.18,0.98,0.09,-7.61,2.31
36,0.08,-0.17,0.98,-1.11,-5.18,2.41
37,0.07,-0.16,0.99,-2.27,-3.38,1.25
38,0.08,-0.16,0.98,-2.93,-0.85,0.83
39,0.06,-0.16,0.97,-1.92,-1.59,0.24
40,0.06,-0.17,0.97,-3.14,-1.21,-0.48
41,0.05,-0.18,0.97,-3.49,0.52,0.53
42,0.05,-0.18,0.97,-3.32,0.47,1.82
43,0.06,-0.18,0.97,-2.91,-0.66,2.91
44,0.06,-0.17,0.96,-2.95,0.21,3.86
45,0.08,-0.16,0.97,-2.8,-0.29,4.17
46,0.09,-0.15,0.96,-3.09,0.03,2.79
47,0.07,-0.16,0.96,-2.91,-0.06,1.3
48,0.06,-0.16,0.95,-3.22,-1.7,-0.5
49,0.07,-0.16,0.97,-3.67,-0.85,-1.15
50,0.07,-0.17,0.97,-4.5,-0.06,-1.49
51,0.07,-0.18,0.97,-4.49,0.03,-1.44
52,0.07,-0.18,0.97,-5.28,0.81,-0.47
53,0.07,-0.17,0.99,-5.99,2.42,0.36
54,0.07,-0.17,0.98,-6.58,3.98,0.89
55,0.07,-0.18,0.97,-7.11,5.49,1.44
56,0.07,-0.18,0.98,-7.25,5.65,1.3
57,0.07,-0.17,0.97,-6.1,5.38,-0.58
58,0.05,-0.18,0.98,-4.82,4.76,-2.27
59,0.06,-0.17,0.98,-3.96,1.85,-2.65
60,0.07,-0.18,0.98,-4.1,1.7,-1.45
61,0.06,-0.18,0.98,-4.69,4.17,-0.91
62,0.06,-0.17,0.97,-5.26,4.25,-2.31
63,0.06,-0.18,0.97,-5.75,4.49,-3.49
64,0.07,-0.19,0.98,-5.51,3.79,-3.27
65,0.08,-0.19,0.99,-5.0,3.9,-3.4
66,0.08,-0.18,0.99,-5.53,5.5,-3.68
67,0.07,-0.18,0.98,-6.16,6.99,-4.94
68,0.05,-0.18,0.99,-5.44,6.73,-6.4
69,0.04,-0.19,0.98,-3.56,4.04,-7.5
70,0.04,-0.18,0.99,-2.36,1.89,-9.08
71,0.05,-0.18,0.99,-1.92,1.49,-9.71
72,0.04,-0.19,0.99,-1.34,2.11,-9.49
73,0.03,-0.19,1.0,-1.53,2.98,-9.27
74,0.03,-0.2,0.99,-0.82,1.11,-8.42
75,0.02,-0.21,0.99,-0.15,0.56,-7.82
76,0.01,-0.21,0.99,0.59,0.85,-6.96
77,0.01,-0.2,0.99,0.95,0.9,-6.38
78,0.0,-0.2,0.98,1.58,0.99,-6.06
79,0.0,-0.2,0.98,1.7,-0.22,-5.63
80,-0.0,-0.2,0.96,2.6,-0.39,-5.15
81,-0.0,-0.18,0.96,2.76,-0.75,-5.09
82,-0.0,-0.18,0.95,2.05,-2.19,-4.8
83,-0.0,-0.19,0.95,1.89,-2.91,-4.49
84,-0.0,-0.19,0.95,3.23,-3.89,-5.02
85,-0.01,-0.19,0.95,3.59,-5.08,-4.31
86,0.02,-0.17,0.95,3.64,-9.25,-2.26
87,0.02,-0.17,0.95,1.96,-6.5,-1.93
88,0.02,-0.17,0.95,0.94,-5.99,-2.12
89,0.02,-0.17,0.94,-0.21,-5.41,-1.82
90,0.03,-0.16,0.96,-0.57,-6.08,-1.17
91,0.05,-0.17,0.96,-0.02,-5.84,-1.73
92,0.05,-0.16,0.96,-0.5,-4.08,-2.11
93,0.05,-0.16,0.96,-1.69,-2.99,-1.31
94,0.04,-0.16,0.95,-2.71,-3.48,-0.73
95,0.08,-0.16,0.97,-2.45,-7.06,0.08
96,0.07,-0.16,0.97,-3.32,-4.04,-1.69
97,0.06,-0.16,0.97,-3.15,-4.15,-2.74
98,0.06,-0.18,0.98,-3.05,-3.18,-2.67
99,0.07,-0.18,0.99,-1.16,-3.69,-2.47
100,0.07,-0.18,0.99,-0.2,-4.75,-3.31
101,0.09,-0.17,0.99,-0.37,-2.91,-3.65
102,0.08,-0.18,1.0,-0.45,-1.19,-3.66
103,0.09,-0.16,0.99,1.82,-1.69,-3.46
104,0.1,-0.16,0.98,1.54,-2.27,-4.0
105,0.08,-0.15,0.96,-0.05,-0.95,-5.73
106,0.06,-0.17,0.98,-0.99,-0.76,-6.11
107,0.06,-0.17,0.97,-1.03,-1.38,-5.05
108,0.05,-0.17,0.98,-1.14,-1.89,-4.97
109,0.06,-0.17,0.99,-1.16,-2.7,-5.73
110,0.06,-0.17,0.99,-0.34,-2.73,-6.63
111,0.06,-0.17,0.99,0.73,-4.02,-6.39
112,0.07,-0.17,0.99,1.02,-3.97,-6.61
113,0.06,-0.17,0.98,0.87,-3.44,-6.68
114,0.06,-0.17,0.98,1.63,-4.57,-6.98
115,0.06,-0.17,0.99,1.76,-4.73,-7.5
116,0.05,-0.17,0.98,1.61,-4.88,-7.47
117,0.05,-0.18,0.99,1.91,-5.34,-8.02
118,0.04,-0.18,0.99,3.11,-6.54,-8.97
119,0.03,-0.18,0.98,4.02,-8.54,-9.13
120,0.03,-0.17,0.98,3.79,-11.15,-8.94
121,0.04,-0.17,0.97,3.73,-13.31,-6.88
122,0.03,-0.17,0.97,1.65,-15.64,-6.16
123,0.07,-0.17,0.95,-1.85,-10.91,-6.33
124,0.07,-0.17,0.98,2.65,-15.09,-1.95
125,0.07,-0.19,0.99,1.85,-13.26,-3.62
126,0.08,-0.18,0.99,1.03,-10.47,-0.27
127,0.09,-0.17,0.98,1.44,-9.73,2.41
128,0.09,-0.17,0.97,0.76,-8.33,2.24
129,0.12,-0.17,0.98,1.37,-8.67,1.93
130,0.11,-0.16,0.97,2.94,-9.34,1.61
131,0.14,-0.15,0.98,3.71,-11.2,0.82
132,0.16,-0.17,0.99,5.17,-12.07,1.98
133,0.18,-0.19,0.99,8.35,-15.65,1.95
134,0.24,-0.17,0.99,10.86,-21.42,1.76
135,0.33,-0.17,0.99,12.25,-26.18,2.35
136,0.43,-0.18,0.97,13.51,-28.4,1.91
137,0.54,-0.17,0.95,15.03,-27.02,2.44
138,0.65,-0.18,0.95,13.76,-31.93,-0.76
139,0.79,-0.2,0.98,17.11,-37.4,-2.78
140,0.96,-0.2,0.97,21.87,-39.42,-3.11
141,1.14,-0.17,0.96,23.74,-45.18,-8.33
142,1.32,-0.13,0.94,25.06,-46.98,-18.5
143,1.54,-0.06,0.91,24.55,-43.1,-28.32
144,1.71,0.0,0.85,25.37,-38.14,-37.39
145,1.79,-0.0,0.78,25.79,-31.95,-44.4
146,1.83,-0.03,0.72,29.05,-32.72,-53.82
147,1.87,0.02,0.62,26.71,-38.97,-64.54
148,1.95,0.08,0.52,15.59,-40.44,-80.37
149,2.0,0.09,0.46,-1.27,-22.19,-94.63
150,2.0,0.04,0.45,-20.73,-1.58,-106.61
151,2.0,0.06,0.42,-39.71,20.52,-124.04
152,2.0,0.11,0.42,-70.88,62.4,-141.69
153,1.93,0.09,0.3,-114.34,99.86,-188.73
154,1.65,-0.22,0.43,-139.47,109.54,-250.14
155,1.16,-0.68,0.51,-125.73,144.37,-250.14
156,0.36,-1.03,0.63,-72.02,145.0,-250.14
157,-0.68,-1.37,0.49,-29.67,129.55,-250.14
158,-1.57,-1.32,0.25,-14.77,37.95,-198.79
159,-2.0,-1.32,0.41,-71.33,0.85,-173.78
160,-2.0,-1.72,0.96,-112.71,-47.31,-179.77
161,-2.0,-1.95,1.69,-119.28,-32.27,-165.9
162,-2.0,-2.0,2.0,-91.25,13.57,-117.05
163,-2.0,-1.9,2.0,-49.27,61.75,-78.91
164,-2.0,-1.63,2.0,-18.95,104.45,-37.95
165,-2.0,-1.31,1.75,9.79,114.47,-0.6
166,-2.0,-0.93,1.37,24.67,96.79,21.98
167,-1.68,-0.57,1.05,37.4,59.57,24.61
168,-1.17,-0.2,0.85,40.1,23.98,32.66
169,-0.65,-0.02,0.78,31.03,21.71,32.99
170,-0.31,0.04,0.78,25.95,33.05,32.79
171,-0.14,0.06,0.79,20.94,45.88,34.11
172,-0.12,0.07,0.73,19.02,56.15,31.19
173,-0.11,0.06,0.72,15.98,47.27,24.7
174,-0.13,0.09,0.68,13.81,35.18,21.11
175,-0.13,0.09,0.69,7.82,14.53,15.08
176,-0.08,0.07,0.7,0.33,-0.34,9.33
177,-0.05,0.03,0.75,-10.93,-13.21,4.12
178,0.01,-0.04,0.86,-13.67,-14.35,0.18
179,0.02,-0.1,0.95,-15.53,-10.99,0.0
180,0.03,-0.17,1.0,-15.17,-9.63,-1.5
181,-0.01,-0.2,1.0,-13.08,-7.44,-0.76
182,-0.01,-0.23,1.03,-6.09,-5.92,2.19
183,-0.02,-0.23,1.03,-4.87,-4.88,3.66
184,0.0,-0.23,1.02,-2.56,0.45,3.48
185,0.02,-0.22,1.02,-0.89,4.44,0.8
186,0.03,-0.2,1.02,1.24,9.72,1.37
187,0.03,-0.2,1.02,2.73,15.64,-0.21
188,-0.0,-0.2,0.99,2.04,20.78,-2.03
189,-0.05,-0.21,0.98,-0.51,21.77,-3.33
190,-0.1,-0.22,0.97,-2.93,18.27,-3.55
191,-0.1,-0.24,0.99,-3.42,15.96,-4.27
192,-0.13,-0.24,0.97,-6.67,11.15,-8.98
193,-0.1,-0.22,0.98,-8.67,7.72,-7.21
194,-0.06,-0.22,1.01,-11.23,9.67,-5.38
195,-0.06,-0.22,1.02,-14.15,16.63,-7.45
196,-0.09,-0.26,1.02,-14.82,22.86,-9.81
197,-0.12,-0.26,0.98,-14.11,27.79,-9.4
198,-0.19,-0.28,0.96,-12.8,31.66,-4.85
199,-0.23,-0.27,0.91,-11.52,25.74,-0.16
200,-0.25,-0.25,0.86,-10.95,17.89,7.53
201,-0.25,-0.22,0.84,-14.18,7.19,14.24
202,-0.2,-0.19,0.85,-18.34,-1.21,15.93
203,-0.13,-0.2,0.89,-19.79,-9.47,13.53
204,-0.06,-0.22,0.94,-19.32,-10.38,12.47
205,-0.05,-0.22,0.97,-17.58,-8.47,9.42
206,-0.01,-0.21,0.97,-15.66,-4.12,9.66
207,0.0,-0.2,0.96,-14.02,3.43,8.57
208,-0.04,-0.2,0.95,-13.51,8.34,7.66
209,-0.09,-0.23,0.94,-15.12,10.07,7.91
210,-0.1,-0.22,0.92,-17.98,11.8,10.45
211,-0.14,-0.22,0.9,-18.33,7.64,13.06
212,-0.17,-0.22,0.89,-17.93,0.79,15.11
213,-0.15,-0.21,0.86,-17.25,-10.05,15.21
214,-0.14,-0.23,0.87,-15.65,-22.31,14.14
215,-0.08,-0.24,0.91,-13.72,-31.69,12.74
216,0.01,-0.22,0.95,-11.19,-38.84,11.17
217,0.11,-0.2,0.98,-10.5,-38.24,10.53
218,0.14,-0.21,1.0,-14.29,-25.22,12.93
219,0.16,-0.2,1.02,-19.17,-8.79,14.06
220,0.16,-0.23,1.02,-20.37,2.82,15.5
221,0.09,-0.25,1.01,-21.2,11.43,14.23
222,-0.02,-0.29,0.97,-20.2,12.57,16.08
223,-0.11,-0.31,0.95,-16.59,7.4,18.98
224,-0.15,-0.29,0.91,-13.78,-5.16,23.01
225,-0.09,-0.27,0.93,-11.4,-17.77,21.74
226,-0.01,-0.27,0.96,-8.89,-24.65,21.19
227,0.05,-0.26,0.98,-8.97,-23.77,21.26
228,0.09,-0.25,1.0,-12.53,-16.52,21.05
229,0.1,-0.25,0.99,-15.95,-6.09,22.65
230,0.06,-0.25,0.97,-16.68,0.21,26.0
231,0.01,-0.26,0.96,-17.05,4.31,27.24
232,-0.04,-0.27,0.92,-14.87,3.05,25.27
233,-0.08,-0.27,0.9,-11.52,-1.89,24.08
234,-0.13,-0.28,0.88,-10.89,-9.76,24.76
235,-0.11,-0.26,0.88,-9.01,-20.92,26.37
236,-0.05,-0.25,0.9,-9.23,-26.65,27.27
237,-0.0,-0.26,0.93,-13.54,-26.91,29.55
238,0.06,-0.25,0.97,-16.36,-23.83,33.4
239,0.1,-0.25,0.99,-17.05,-16.98,34.95
240,0.11,-0.25,1.0,-17.56,-9.6,35.03
241,0.12,-0.25,1.01,-16.55,-6.7,33.0
242,0.08,-0.26,0.99,-13.64,-6.56,26.63
243,0.06,-0.25,0.96,-8.81,-10.4,21.13
244,0.04,-0.26,0.96,-5.4,-14.3,17.86
245,0.05,-0.25,0.95,-3.08,-19.05,16.85
246,0.07,-0.23,0.93,-1.6,-17.08,16.98
247,0.08,-0.2,0.92,-6.34,-13.01,18.34
248,0.07,-0.22,0.9,-12.29,-5.62,20.97
249,0.06,-0.24,0.92,-17.49,-4.34,23.5
250,0.01,-0.27,0.92,-18.68,-1.54,26.23
251,-0.02,-0.31,0.93,-17.83,-4.84,27.56
252,-0.01,-0.31,0.94,-14.5,-10.39,27.4
253,-0.01,-0.32,0.94,-9.2,-13.91,25.14
254,-0.01,-0.32,0.95,-5.22,-16.31,25.04
255,-0.01,-0.31,0.94,-4.0,-15.93,25.44
256,-0.01,-0.29,0.92,-4.21,-14.43,27.95
257,0.0,-0.27,0.92,-6.51,-11.69,30.4
258,0.03,-0.28,0.93,-10.41,-11.76,30.04
259,0.04,-0.28,0.97,-8.76,-15.53,29.02
260,0.04,-0.31,1.0,-5.55,-15.19,26.82
261,0.04,-0.31,1.01,-2.53,-16.7,25.24
262,0.07,-0.3,1.01,1.92,-17.11,22.81
263,0.1,-0.28,1.02,3.85,-14.13,22.05
264,0.07,-0.26,0.98,-2.46,-14.31,21.85
265,0.07,-0.27,0.99,-7.24,-7.25,24.4
266,0.08,-0.29,1.02,-2.31,-8.04,25.6
267,0.08,-0.27,1.0,-1.75,-8.07,21.22
268,0.07,-0.28,1.0,-3.79,-1.04,20.81
269,0.06,-0.28,1.0,-2.15,1.98,21.44
270,0.02,-0.3,0.99,-1.49,2.66,19.73
271,-0.0,-0.3,0.98,0.02,4.67,19.76
272,-0.01,-0.29,0.95,1.4,1.31,19.44
273,-0.0,-0.29,0.97,2.69,4.42,21.52
274,0.0,-0.28,0.93,2.67,0.91,21.02
275,-0.04,-0.25,0.87,-4.75,2.59,20.35
276,-0.08,-0.29,0.85,-7.61,2.81,20.3
277,-0.11,-0.33,0.91,-3.62,-3.82,20.47
278,-0.11,-0.33,0.88,-1.82,-5.76,19.93
279,-0.1,-0.32,0.9,-1.47,-5.17,21.7
280,-0.09,-0.32,0.9,-0.76,-6.89,23.36
281,-0.06,-0.29,0.9,-1.07,-6.41,26.07
282,-0.03,-0.26,0.89,-3.47,-7.94,27.37
283,-0.0,-0.25,0.91,-5.1,-7.69,28.12
284,0.02,-0.26,0.93,-6.78,-8.74,27.05
285,0.04,-0.26,0.92,-7.98,-6.48,25.55
286,0.06,-0.26,0.94,-6.95,-3.27,22.65
287,0.08,-0.26,0.97,-5.06,-2.24,19.76
288,0.06,-0.26,0.96,-5.02,1.88,16.86
289,0.03,-0.27,0.96,-5.08,3.15,13.84
290,0.01,-0.28,0.96,-2.59,1.52,11.4
291,-0.01,-0.28,0.94,-0.65,-0.02,10.89
292,-0.02,-0.28,0.93,-0.61,-0.67,12.32
293,-0.01,-0.27,0.92,-2.92,-0.79,13.56
294,0.0,-0.26,0.92,-5.42,-0.08,17.11
295,0.02,-0.26,0.92,-8.4,2.16,20.81
296,0.04,-0.25,0.94,-10.78,2.38,21.18
297,0.03,-0.25,0.95,-10.8,4.92,22.06
298,0.03,-0.26,0.94,-10.54,5.41,19.7
299,0.02,-0.26,0.92,-10.98,7.82,17.17
300,-0.02,-0.28,0.92,-10.44,7.29,15.01
301,-0.04,-0.29,0.91,-10.47,3.82,12.33
302,-0.05,-0.31,0.92,-9.77,2.75,11.41
303,-0.08,-0.32,0.92,-6.79,-2.55,9.65
304,-0.07,-0.33,0.92,-4.27,-8.47,7.63
305,-0.06,-0.34,0.94,-1.99,-11.69,7.74
306,-0.03,-0.34,0.96,0.08,-13.61,9.14
307,0.01,-0.31,0.98,0.71,-16.12,11.69
308,0.02,-0.29,0.98,-2.67,-11.29,12.25
309,0.02,-0.29,0.99,-5.06,-5.08,13.18
310,0.01,-0.3,0.99,-6.95,-3.26,10.84
311,-0.02,-0.32,0.99,-7.14,-0.95,10.91
312,-0.03,-0.34,0.99,-4.31,-1.8,10.02
313,-0.05,-0.34,0.99,-2.84,-2.61,9.74
314,-0.05,-0.34,0.99,-0.25,-5.52,10.62
315,-0.04,-0.32,0.98,2.31,-7.08,10.32
316,-0.04,-0.3,0.97,4.17,-9.85,8.31
317,-0.0,-0.28,0.96,5.95,-13.02,4.8
318,0.01,-0.28,0.97,7.37,-11.6,4.84
319,0.01,-0.28,0.97,6.34,-8.02,5.95
320,0.0,-0.28,0.97,5.18,-6.41,6.53
321,-0.01,-0.28,0.96,3.44,-4.48,6.51
322,-0.02,-0.28,0.96,1.45,-2.59,7.38
323,-0.02,-0.27,0.97,1.27,-1.6,7.14
324,-0.02,-0.27,0.97,0.23,1.2,7.08
325,-0.03,-0.28,0.95,-1.31,1.89,7.49
326,-0.04,-0.3,0.97,-0.22,1.83,7.55
327,-0.03,-0.3,0.97,3.03,1.37,7.98
328,-0.01,-0.29,0.98,7.2,-2.51,6.83
329,-0.01,-0.26,0.96,8.31,-6.21,4.1
330,-0.03,-0.27,0.94,8.3,-6.23,1.94
331,-0.03,-0.27,0.96,10.35,-7.65,0.15
332,-0.02,-0.26,0.94,11.29,-8.37,-0.72
333,0.0,-0.24,0.93,7.23,-4.22,1.2
334,-0.0,-0.23,0.91,1.11,-0.85,4.23
335,-0.03,-0.23,0.9,-4.85,2.33,7.23
336,-0.03,-0.25,0.93,-6.77,3.71,8.86
337,-0.04,-0.28,0.93,-5.33,2.66,8.7
338,-0.03,-0.29,0.94,-2.82,0.73,8.11
339,-0.05,-0.29,0.94,-0.76,-2.31,7.53
340,-0.06,-0.29,0.93,2.08,-7.15,6.38
341,-0.03,-0.27,0.93,4.05,-12.32,4.99
342,0.0,-0.26,0.94,5.79,-15.53,2.23
343,0.03,-0.25,0.96,6.94,-17.34,0.32
344,0.04,-0.25,0.96,5.55,-14.6,-0.22
345,0.03,-0.24,0.96,4.02,-12.73,0.25
346,0.03,-0.24,0.96,1.73,-10.63,0.8
347,0.04,-0.25,0.95,-1.64,-5.62,1.69
348,0.02,-0.24,0.95,-4.55,-3.17,4.39
349,0.01,-0.26,0.95,-5.68,-1.57,5.15
350,-0.01,-0.28,0.96,-3.82,-1.25,5.0
351,-0.01,-0.28,0.95,-0.79,-2.8,3.6
352,0.0,-0.27,0.96,1.94,-4.31,1.49
353,0.0,-0.27,0.95,2.85,-5.7,-0.44
354,-0.0,-0.26,0.95,4.81,-7.86,-1.12
355,0.0,-0.25,0.94,6.31,-11.01,-1.79
356,0.01,-0.24,0.94,4.52,-8.78,-1.26
357,0.02,-0.23,0.94,2.51,-7.15,-0.79
358,0.03,-0.23,0.94,1.56,-6.79,-0.74
359,0.03,-0.24,0.95,1.4,-6.81,-0.8
360,0.03,-0.25,0.94,1.39,-4.95,-0.17
361,0.02,-0.24,0.94,2.51,-5.56,0.44
362,0.03,-0.24,0.93,2.34,-5.57,-0.5
363,0.04,-0.24,0.93,2.76,-5.81,0.28
364,0.05,-0.24,0.92,3.44,-6.66,0.24
365,0.07,-0.23,0.92,2.95,-4.46,0.58
366,0.07,-0.23,0.92,3.25,-3.61,0.24
367,0.07,-0.21,0.91,3.03,-3.73,-0.24
368,0.06,-0.18,0.91,1.55,-6.31,-1.15
369,0.06,-0.16,0.91,-1.36,-8.66,-4.39
370,0.04,-0.15,0.92,-4.94,-8.06,-6.48
371,0.01,-0.17,0.94,-6.72,-11.01,-9.15
372,0.0,-0.21,1.0,-5.94,-13.76,-10.96
373,-0.0,-0.24,1.02,-3.19,-17.52,-13.41
374,0.01,-0.26,1.04,0.6,-18.8,-15.39
375,0.01,-0.28,1.07,4.31,-19.44,-16.21
376,0.02,-0.29,1.07,5.82,-15.6,-17.93
377,0.01,-0.28,1.06,5.52,-9.4,-15.39
378,-0.03,-0.29,1.05,6.73,-9.02,-13.09
379,-0.03,-0.28,1.04,8.07,-9.37,-10.79
380,-0.04,-0.27,1.02,8.1,-7.76,-7.86
381,-0.04,-0.26,1.0,7.48,-6.5,-4.75
382,-0.03,-0.25,0.99,5.87,-6.4,-2.11
383,-0.02,-0.25,0.98,4.78,-6.23,-0.5
384,-0.02,-0.25,0.98,5.39,-6.89,1.44
385,-0.02,-0.24,0.97,5.51,-10.48,1.4
386,-0.0,-0.23,0.95,6.12,-9.57,2.74
387,0.01,-0.22,0.94,6.05,-9.11,2.45
388,0.01,-0.21,0.92,5.6,-8.98,2.45
389,0.02,-0.2,0.92,4.0,-8.05,2.69
390,0.05,-0.18,0.92,1.99,-10.25,1.88
391,0.06,-0.17,0.92,-1.32,-7.41,0.98
392,0.05,-0.2,0.93,-2.8,-3.66,0.92
393,0.02,-0.22,0.95,-0.89,-3.14,0.37
394,0.02,-0.22,0.96,2.05,-6.56,0.73
395,0.05,-0.21,0.95,3.21,-6.33,-0.55
396,0.02,-0.21,0.93,2.24,-7.1,-1.95
397,0.02,-0.21,0.94,2.36,-9.04,-2.82
398,0.0,-0.22,0.96,2.66,-11.64,-2.85
399,0.01,-0.22,0.95,1.94,-10.66,-2.02
400,0.02,-0.21,0.95,-0.24,-9.22,-0.44
