,accel_x,accel_y,accel_z,gyro_x,gyro_y,gyro_z
0,0.06,-0.2,0.98,-5.76,-7.6,2.31
1,0.07,-0.2,0.98,-5.48,-6.01,1.23
2,0.08,-0.21,0.99,-5.24,-3.27,3.19
3,0.07,-0.2,0.99,-5.02,-1.55,0.77
4,0.06,-0.19,0.99,-5.47,-1.31,-2.11
5,0.06,-0.2,0.98,-5.39,-0.55,-2.67
6,0.05,-0.2,0.98,-5.37,0.91,-0.74
7,0.04,-0.22,0.99,-5.52,-1.89,-4.14
8,0.04,-0.23,1.0,-5.21,-3.06,-7.56
9,0.04,-0.23,1.0,-3.93,-2.06,-7.38
10,0.04,-0.22,1.0,-3.14,-0.18,-5.36
11,0.04,-0.21,0.99,-3.25,1.39,-3.92
12,0.01,-0.21,0.99,-3.3,0.62,-4.65
13,0.01,-0.22,0.99,-2.86,-0.76,-5.13
14,0.01,-0.21,0.98,-2.74,-1.15,-3.43
15,0.03,-0.21,0.97,-3.04,-1.97,-3.7
16,0.02,-0.22,0.99,-2.85,-1.47,-2.93
17,0.02,-0.22,0.99,-1.94,-1.63,-4.41
18,0.03,-0.22,0.98,-1.09,-2.24,-5.82
19,0.02,-0.2,0.97,-1.77,-2.02,-6.44
20,-0.0,-0.2,0.96,-1.92,-2.96,-7.65
21,0.01,-0.2,0.96,-2.91,-4.15,-9.04
22,0.02,-0.19,0.95,-3.17,-5.25,-9.24
23,0.04,-0.2,0.97,-3.03,-4.06,-8.76
24,0.01,-0.21,0.97,-1.4,-3.35,-8.63
25,0.01,-0.22,0.98,-2.16,-4.15,-9.19
26,0.03,-0.23,0.96,-1.47,-3.12,-6.2
27,0.01,-0.21,0.97,-1.22,-1.86,-3.54
28,0.01,-0.21,0.97,-1.21,-2.4,-3.44
29,0.01,-0.21,0.97,-1.28,-3.22,-4.62
30,0.01,-0.21,0.97,-0.92,-4.16,-5.5
31,0.03,-0.21,0.96,-0.82,-4.63,-5.46
32,0.03,-0.21,0.97,-0.52,-4.56,-4.9
33,0.03,-0.22,0.97,0.04,-2.08,-1.98
34,0.02,-0.22,0.98,1.2,-1.11,-1.92
35,0.02,-0.22,0.98,1.37,-0.5,-1.41
36,0.01,-0.22,0.97,1.3,0.1,0.14
37,0.01,-0.22,0.98,1.71,0.44,2.11
38,0.02,-0.23,0.97,2.1,-0.47,1.94
39,0.02,-0.22,0.97,2.23,-1.03,1.2
40,0.03,-0.2,0.96,2.56,-0.04,3.53
41,0.02,-0.2,0.95,2.37,0.43,4.37
42,0.02,-0.2,0.96,1.93,0.03,3.06
43,0.02,-0.19,0.94,1.54,-1.19,1.4
44,0.03,-0.19,0.94,1.51,-2.28,-0.07
45,0.05,-0.19,0.94,2.27,-2.47,0.63
46,0.05,-0.19,0.95,2.59,-1.89,1.95
47,0.06,-0.19,0.96,2.18,-1.17,0.96
48,0.07,-0.19,0.96,1.5,-0.87,-0.98
49,0.07,-0.19,0.96,2.25,-0.46,-0.6
50,0.06,-0.19,0.95,0.85,-2.11,-2.09
51,0.06,-0.18,0.95,0.4,-0.66,-2.85
52,0.06,-0.17,0.94,-0.47,-0.39,-2.66
53,0.08,-0.17,0.94,-1.57,0.29,-1.69
54,0.08,-0.16,0.94,-3.1,1.83,-1.49
55,0.07,-0.18,0.94,-3.35,0.62,-2.48
56,0.05,-0.18,0.95,-3.4,0.01,-3.57
57,0.04,-0.19,0.94,-4.07,-0.68,-4.01
58,0.03,-0.19,0.95,-5.22,-1.16,-5.34
59,0.03,-0.2,0.95,-6.23,-1.84,-5.21
60,0.03,-0.2,0.96,-5.59,-1.05,-4.75
61,0.03,-0.21,0.97,-5.38,-1.31,-5.45
62,0.02,-0.21,0.97,-5.0,-2.08,-6.74
63,0.01,-0.22,0.98,-4.82,-3.24,-5.95
64,0.01,-0.22,0.98,-4.13,-3.52,-4.89
65,0.02,-0.22,0.98,-3.75,-3.87,-4.67
66,0.03,-0.23,0.99,-3.26,-3.57,-4.04
67,0.02,-0.22,0.98,-2.96,-2.49,-1.62
68,0.01,-0.22,0.99,-3.66,-2.4,-1.66
69,0.02,-0.21,0.98,-2.92,-1.08,-0.3
70,0.02,-0.21,0.98,-2.24,-0.38,1.25
71,0.01,-0.21,0.97,-2.11,-2.19,0.36
72,0.03,-0.21,0.98,-1.92,-3.08,0.63
73,0.02,-0.2,0.98,-1.07,-2.84,1.7
74,0.02,-0.2,0.97,-0.85,-3.83,1.45
75,0.04,-0.18,0.97,-1.18,-4.14,1.7
76,0.03,-0.18,0.97,-1.48,-3.92,1.73
77,0.05,-0.17,0.97,-1.91,-3.23,1.07
78,0.05,-0.19,0.97,-1.82,-2.57,1.41
79,0.04,-0.19,0.98,-1.63,-2.11,1.13
80,0.04,-0.19,0.98,-1.73,-2.1,0.83
81,0.05,-0.2,0.97,-1.93,-2.31,-0.09
82,0.04,-0.19,0.98,-2.36,-1.37,-0.74
83,0.04,-0.2,0.98,-1.82,-0.11,-0.96
84,0.03,-0.2,0.98,-1.21,-0.58,-0.79
85,0.05,-0.2,0.97,-0.71,-0.59,-0.63
86,0.04,-0.21,0.99,-0.99,-1.73,-1.53
87,0.04,-0.22,0.98,-0.3,-2.4,-1.73
88,0.05,-0.21,0.98,0.33,-2.32,-1.98
89,0.05,-0.19,0.98,-0.45,-1.9,-2.67
90,0.06,-0.19,0.97,0.06,-0.88,-2.02
91,0.06,-0.18,0.96,0.52,0.97,0.34
92,0.04,-0.18,0.96,0.44,0.27,-0.22
93,0.05,-0.19,0.96,0.11,-1.18,-1.74
94,0.05,-0.19,0.95,-3.19,-10.47,-4.66
95,0.05,-0.18,0.94,-0.41,-3.12,-3.48
96,0.06,-0.19,0.95,-0.74,-2.57,-3.28
97,0.07,-0.17,0.95,-1.22,-2.43,-4.07
98,0.06,-0.17,0.96,-2.08,-1.25,-3.51
99,0.06,-0.19,0.96,-2.25,-1.21,-3.13
100,0.04,-0.18,0.95,-2.54,-0.88,-3.44
101,0.05,-0.18,0.96,-3.41,-2.11,-5.15
102,0.05,-0.18,0.96,-3.92,-1.95,-5.64
103,0.05,-0.19,0.96,-3.69,-0.55,-4.84
104,0.06,-0.18,0.96,-3.56,0.65,-2.53
105,0.05,-0.18,0.97,-4.27,2.09,-1.11
106,0.04,-0.2,0.95,-4.31,1.53,-2.01
107,0.04,-0.2,0.96,-4.24,1.24,-1.25
108,0.05,-0.21,0.96,-3.85,0.09,-2.66
109,0.04,-0.2,0.96,-3.47,-1.11,-4.63
110,0.06,-0.19,0.95,-2.82,-0.76,-4.87
111,0.05,-0.19,0.94,-2.63,-0.04,-3.87
112,0.05,-0.18,0.93,-3.86,0.4,-2.11
113,0.06,-0.17,0.91,-4.76,0.23,-0.87
114,0.08,-0.15,0.9,-6.54,1.89,0.44
115,0.08,-0.15,0.9,-8.71,1.16,1.8
116,0.1,-0.13,0.86,-12.09,-1.47,-0.09
117,0.15,-0.12,0.85,-15.42,1.96,2.0
118,0.19,-0.14,0.85,-18.37,0.22,2.44
119,0.2,-0.18,0.84,-15.95,-5.21,3.06
120,0.29,-0.25,0.85,-11.33,-20.25,1.34
121,0.48,-0.28,0.85,-4.23,-39.9,-1.7
122,0.76,-0.28,0.86,2.91,-59.2,-7.93
123,1.15,-0.24,0.93,9.45,-74.34,-16.87
124,1.75,-0.18,0.98,8.4,-73.71,-36.82
125,2.0,-0.11,1.02,-6.14,-54.7,-61.54
126,2.0,0.0,1.06,-10.77,-23.0,-88.66
127,2.0,0.04,1.09,-7.16,8.42,-119.1
128,2.0,0.02,1.04,2.32,41.7,-167.13
129,2.0,0.02,0.95,-7.61,73.46,-217.28
130,2.0,-0.03,0.77,-18.72,111.51,-245.97
131,2.0,0.07,0.57,-35.48,133.79,-250.14
132,2.0,0.23,0.27,-53.51,162.44,-250.14
133,2.0,0.27,0.07,-84.37,188.34,-250.14
134,2.0,-0.09,-0.14,-107.3,237.79,-250.14
135,2.0,-0.58,-0.28,-125.18,250.13,-250.14
136,2.0,-0.97,-0.47,-148.47,250.13,-250.14
137,2.0,-1.39,-0.74,-183.54,250.13,-250.14
138,1.94,-2.0,-0.96,-221.22,250.13,-250.14
139,0.35,-2.0,-0.95,-164.11,250.13,-250.14
140,-1.76,-2.0,-0.36,-1.34,193.01,-250.14
141,-2.0,-2.0,-0.05,84.47,-103.14,-250.14
142,-2.0,-2.0,0.23,62.42,-225.17,-250.14
143,-2.0,-2.0,0.73,-91.51,-150.47,-250.14
144,-1.62,-2.0,1.17,-213.85,90.1,-250.14
145,-1.54,-2.0,1.43,-185.38,250.13,9.54
146,-2.0,-2.0,1.26,-61.82,250.13,225.31
147,-2.0,-2.0,0.54,72.31,250.13,250.13
148,-2.0,-2.0,-0.04,123.47,250.13,250.13
149,-2.0,-0.81,-0.52,156.94,250.13,191.35
150,-2.0,-0.37,-0.62,168.66,206.85,80.83
151,-2.0,-0.11,-0.57,163.8,110.79,2.22
152,-1.85,0.05,-0.65,113.85,77.45,1.9
153,-1.58,-0.02,-0.52,41.88,17.33,-27.54
154,-1.23,-0.04,-0.32,43.92,-35.95,-78.37
155,-0.84,0.1,-0.27,70.19,-36.89,-96.63
156,-0.88,0.15,-0.45,40.23,-6.05,-94.53
157,-1.06,0.07,-0.46,-13.53,21.08,-64.09
158,-1.34,-0.11,-0.33,-53.95,33.51,-33.63
159,-1.5,-0.35,-0.08,-53.43,32.56,-4.27
160,-1.34,-0.54,0.19,-25.89,5.77,26.79
161,-1.3,-0.63,0.23,2.5,-5.15,49.4
162,-1.27,-0.63,0.22,6.7,-24.24,67.9
163,-1.14,-0.5,0.23,-1.64,-78.12,44.87
164,-0.88,-0.36,0.27,-15.1,-116.56,16.4
165,-0.61,-0.34,0.34,-17.36,-121.22,11.3
166,-0.41,-0.34,0.44,-21.79,-104.82,25.24
167,-0.32,-0.36,0.49,-30.74,-85.57,38.4
168,-0.29,-0.41,0.56,-36.88,-70.23,52.56
169,-0.32,-0.46,0.6,-35.91,-63.42,57.15
170,-0.36,-0.47,0.67,-37.14,-64.42,52.28
171,-0.42,-0.52,0.68,-37.18,-78.52,43.3
172,-0.3,-0.49,0.87,-27.82,-78.33,43.21
173,-0.27,-0.53,0.78,-12.39,-73.95,53.46
174,-0.28,-0.48,0.78,-11.01,-80.51,46.55
175,-0.3,-0.45,0.71,-15.58,-98.29,26.67
176,-0.18,-0.45,0.8,-16.81,-89.02,32.72
177,-0.2,-0.45,0.83,-13.18,-77.26,46.69
178,-0.18,-0.45,0.85,-13.6,-72.27,56.89
179,-0.17,-0.43,0.87,-16.57,-71.53,62.32
180,-0.14,-0.42,0.87,-22.63,-69.26,65.6
181,-0.06,-0.42,0.87,-24.66,-64.94,66.49
182,-0.05,-0.41,0.87,-26.59,-59.93,64.53
183,-0.07,-0.4,0.89,-27.11,-59.89,58.44
184,-0.1,-0.39,0.89,-31.15,-76.23,43.15
185,-0.13,-0.37,0.91,-20.14,-69.92,41.05
186,-0.12,-0.4,0.89,-17.78,-75.42,38.49
187,-0.13,-0.39,0.87,-18.16,-77.82,38.95
188,-0.05,-0.36,0.86,-21.23,-77.7,39.01
189,-0.01,-0.36,0.86,-29.24,-68.13,44.42
190,0.01,-0.39,0.89,-42.07,-57.36,51.32
191,0.04,-0.41,0.89,-50.05,-42.57,66.95
192,0.02,-0.44,0.92,-48.98,-32.73,74.45
193,-0.0,-0.46,0.91,-44.99,-34.7,67.06
194,-0.0,-0.48,0.89,-38.12,-40.01,55.47
195,-0.06,-0.49,0.9,-30.75,-47.17,48.34
196,-0.06,-0.5,0.9,-23.8,-53.7,41.39
197,-0.05,-0.49,0.91,-17.59,-60.78,36.27
198,0.01,-0.5,0.93,-13.48,-56.66,36.26
199,0.04,-0.48,0.94,-9.73,-47.21,41.42
200,0.06,-0.48,0.91,-2.28,-33.47,49.94
201,0.0,-0.46,0.89,3.99,-26.95,53.69
202,-0.06,-0.48,0.89,8.97,-29.48,48.63
203,-0.09,-0.49,0.88,8.6,-41.82,41.65
204,-0.07,-0.49,0.89,12.27,-47.36,38.76
205,-0.07,-0.5,0.87,15.05,-49.95,38.67
206,-0.03,-0.48,0.87,12.61,-50.96,38.59
207,0.01,-0.47,0.89,8.29,-51.62,34.51
208,0.07,-0.47,0.86,7.37,-45.25,37.31
209,0.15,-0.46,0.89,7.34,-41.6,40.76
210,0.22,-0.46,0.93,10.13,-30.0,43.23
211,0.17,-0.45,0.95,14.23,-17.52,43.53
212,0.11,-0.45,0.97,16.56,-7.6,37.85
213,0.1,-0.44,0.92,24.06,6.14,44.76
214,0.0,-0.39,0.88,25.05,12.37,45.28
215,-0.08,-0.35,0.85,21.68,15.49,45.66
216,-0.19,-0.33,0.81,19.53,13.73,50.85
217,-0.24,-0.29,0.78,14.18,4.05,53.11
218,-0.23,-0.28,0.82,6.66,-9.85,51.47
219,-0.15,-0.29,0.86,2.37,-21.91,47.55
220,-0.06,-0.3,0.91,-0.06,-31.77,38.0
221,0.05,-0.3,0.96,0.69,-35.69,29.21
222,0.09,-0.32,1.0,2.02,-33.63,21.21
223,0.11,-0.32,1.04,5.43,-27.82,17.55
224,0.13,-0.32,1.03,10.21,-19.37,19.53
225,0.06,-0.28,1.03,14.76,-14.18,22.05
226,0.07,-0.23,1.0,10.3,-8.09,16.0
227,0.06,-0.21,1.01,18.47,-13.35,18.0
228,0.04,-0.23,1.02,16.82,-15.14,11.27
229,0.05,-0.24,1.02,16.57,-13.95,9.65
230,0.05,-0.23,1.01,15.92,-9.79,11.79
231,0.03,-0.22,0.99,13.92,-8.12,10.95
232,-0.0,-0.22,0.97,10.5,-7.03,9.17
233,-0.01,-0.22,0.96,4.59,-5.4,9.24
234,-0.02,-0.22,0.95,-0.02,-2.02,11.26
235,-0.05,-0.24,0.96,-5.65,0.26,10.77
236,-0.05,-0.26,0.96,-9.95,4.05,15.3
237,-0.07,-0.28,0.96,-10.53,8.72,22.41
238,-0.1,-0.3,0.96,-11.79,11.08,24.25
239,-0.13,-0.31,0.95,-11.37,11.45,27.82
240,-0.14,-0.33,0.94,-10.96,8.9,29.0
241,-0.14,-0.35,0.93,-9.53,6.05,31.24
242,-0.16,-0.35,0.93,-7.53,3.34,30.56
243,-0.16,-0.37,0.92,-5.24,-0.83,29.45
244,-0.17,-0.37,0.94,-4.56,-6.4,26.38
245,-0.17,-0.36,0.92,-2.47,-9.38,25.86
246,-0.17,-0.34,0.91,-4.07,-11.55,27.02
247,-0.16,-0.33,0.91,-6.75,-11.58,28.53
248,-0.16,-0.33,0.91,-9.01,-10.27,32.82
249,-0.17,-0.34,0.91,-8.58,-9.65,35.62
250,-0.16,-0.33,0.91,-9.87,-11.94,34.27
251,-0.18,-0.36,0.92,-9.63,-14.5,33.88
252,-0.19,-0.37,0.94,-6.71,-21.08,29.92
253,-0.16,-0.36,0.95,-5.08,-28.48,25.06
254,-0.11,-0.35,0.95,-0.92,-31.68,23.14
255,-0.09,-0.34,0.98,1.44,-28.61,24.33
256,-0.1,-0.32,0.97,2.98,-24.92,25.03
257,-0.09,-0.3,0.96,1.85,-20.72,28.08
258,-0.1,-0.3,0.95,1.88,-16.59,32.26
259,-0.12,-0.3,0.96,-0.19,-14.73,32.1
260,-0.11,-0.29,0.95,-0.54,-13.98,33.69
261,-0.12,-0.28,0.95,-0.59,-10.63,37.18
262,-0.14,-0.3,0.96,-0.11,-12.74,37.88
263,-0.16,-0.31,0.95,2.4,-14.92,36.39
264,-0.15,-0.3,0.95,4.45,-20.66,35.69
265,-0.14,-0.3,0.97,6.41,-28.19,31.39
266,-0.09,-0.28,0.96,8.79,-33.18,24.85
267,-0.06,-0.26,0.97,10.97,-33.0,22.26
268,-0.02,-0.26,0.95,12.34,-30.39,22.44
269,-0.02,-0.24,0.94,10.56,-23.27,22.55
270,-0.02,-0.24,0.93,8.83,-18.13,24.8
271,-0.05,-0.23,0.91,5.74,-13.73,25.56
272,-0.08,-0.22,0.88,2.69,-10.26,26.35
273,-0.11,-0.23,0.86,2.07,-9.46,27.78
274,-0.15,-0.26,0.84,-0.3,-13.56,29.02
275,-0.19,-0.29,0.85,-3.8,-23.06,26.33
276,-0.15,-0.29,0.86,-4.66,-30.05,25.79
277,-0.13,-0.3,0.89,-4.82,-36.5,22.97
278,-0.07,-0.31,0.91,-6.35,-41.02,18.63
279,-0.02,-0.29,0.94,-7.02,-44.18,19.45
280,0.04,-0.29,0.95,-6.73,-39.56,18.95
281,0.08,-0.27,0.95,-5.95,-35.33,14.31
282,0.1,-0.26,0.99,-10.54,-30.18,2.21
283,0.12,-0.26,0.98,-10.98,-20.44,2.91
284,0.13,-0.25,1.01,-17.1,-5.59,10.47
285,0.09,-0.26,0.97,-13.99,-0.06,20.47
286,0.05,-0.25,1.0,-16.36,7.57,29.27
287,0.03,-0.28,1.01,-18.27,13.71,37.49
288,0.0,-0.26,1.01,-15.77,14.34,41.88
289,-0.03,-0.28,1.0,-10.34,9.72,43.62
290,-0.04,-0.27,0.99,-5.42,4.23,43.11
291,-0.06,-0.27,0.99,0.59,-4.95,36.85
292,-0.06,-0.27,0.99,5.53,-15.37,28.81
293,-0.06,-0.27,0.98,10.17,-26.55,20.33
294,-0.03,-0.26,0.99,13.6,-35.47,9.98
295,0.01,-0.26,0.99,14.25,-39.16,2.79
296,0.01,-0.27,0.99,13.95,-39.86,-1.66
297,0.03,-0.29,1.01,13.69,-37.78,-1.49
298,0.05,-0.28,1.0,12.85,-31.31,4.47
299,0.05,-0.27,1.0,11.51,-24.78,11.14
300,0.06,-0.25,1.0,9.39,-18.97,16.2
301,0.09,-0.24,0.97,7.69,-12.11,20.54
302,0.08,-0.23,0.98,4.99,-4.76,23.21
303,0.07,-0.25,0.96,5.96,-0.23,25.7
304,0.02,-0.26,0.95,8.95,-0.02,22.75
305,-0.03,-0.26,0.94,10.88,-5.48,14.21
306,-0.05,-0.26,0.94,13.21,-11.69,6.41
307,-0.06,-0.24,0.92,14.25,-16.76,1.06
308,-0.05,-0.22,0.9,13.06,-19.34,-1.21
309,-0.05,-0.22,0.91,9.85,-19.84,-0.64
310,-0.05,-0.22,0.91,7.26,-19.79,2.16
311,-0.03,-0.22,0.94,4.71,-20.39,3.03
312,0.03,-0.22,0.94,3.76,-18.08,3.26
313,0.05,-0.22,0.96,5.13,-14.47,4.71
314,0.05,-0.22,0.97,5.82,-13.38,2.56
315,0.06,-0.2,0.94,7.11,-10.89,6.18
316,0.05,-0.2,0.94,8.78,-7.43,9.15
317,0.03,-0.19,0.94,6.25,-7.08,7.23
318,0.03,-0.19,0.93,3.75,-6.52,6.29
319,0.03,-0.21,0.94,1.44,-6.03,4.25
320,0.04,-0.22,0.94,0.47,-4.95,6.31
321,0.04,-0.23,0.94,0.47,-2.89,8.66
322,0.03,-0.23,0.95,-0.07,-1.83,9.92
323,0.03,-0.21,0.98,-3.34,1.08,12.95
324,0.01,-0.22,0.93,-0.6,1.82,16.79
325,0.01,-0.2,0.93,-1.02,2.62,20.28
326,0.01,-0.19,0.93,-0.95,0.37,19.3
327,0.01,-0.19,0.93,-0.93,-2.93,15.3
328,0.02,-0.19,0.93,0.13,-6.33,11.35
329,0.03,-0.18,0.95,1.37,-11.04,7.52
330,0.06,-0.16,0.95,1.73,-14.08,2.78
331,0.08,-0.15,0.94,1.98,-15.67,-2.76
332,0.08,-0.16,0.96,-0.25,-18.15,-9.48
333,0.11,-0.17,0.98,-1.61,-17.66,-12.92
334,0.12,-0.17,0.98,-0.27,-13.91,-11.44
335,0.11,-0.2,0.98,-0.15,-10.21,-10.15
336,0.12,-0.25,1.02,4.6,-5.45,3.24
337,0.11,-0.24,0.99,14.73,1.99,19.32
338,0.02,-0.12,1.03,-3.31,-3.91,-12.63
339,0.07,-0.24,0.98,-0.88,-2.53,-6.12
340,0.05,-0.24,0.98,7.7,-15.48,1.39
341,0.02,-0.28,1.02,1.18,4.94,6.97
342,0.09,-0.2,0.99,6.06,0.95,8.97
343,-0.01,-0.24,1.01,4.03,4.05,-1.07
344,0.02,-0.22,0.97,6.48,-1.48,-5.05
345,0.05,-0.2,0.98,8.8,3.36,-0.4
346,-0.04,-0.21,1.0,11.96,-2.36,-5.41
347,0.01,-0.18,0.99,7.89,-0.44,-6.07
348,0.09,-0.16,0.95,15.84,-2.25,8.83
349,-0.07,-0.12,1.0,12.61,-9.44,4.82
350,0.04,-0.16,0.95,7.53,-7.19,-0.66
351,0.06,-0.17,0.89,14.29,-6.64,9.09
352,-0.01,-0.14,1.01,12.29,-11.02,3.8
353,0.02,-0.16,0.93,10.02,-10.06,-2.64
354,0.0,-0.14,0.96,6.33,-18.11,-14.58
355,0.05,-0.18,0.97,5.9,-15.81,-14.61
356,0.07,-0.17,0.95,11.3,-11.49,-3.95
357,0.03,-0.15,0.95,6.22,-7.92,-7.8
358,0.06,-0.15,0.96,1.68,-8.99,-10.6
359,0.08,-0.17,0.95,0.83,-4.85,-2.72
360,0.06,-0.16,0.95,1.28,0.77,6.26
361,0.04,-0.14,0.94,-1.5,1.73,5.91
362,0.02,-0.15,0.94,-2.91,0.37,2.63
363,0.02,-0.16,0.94,-0.73,-1.82,3.02
364,0.02,-0.15,0.93,1.98,-5.34,2.3
365,0.01,-0.14,0.94,2.98,-10.22,-0.78
366,0.02,-0.13,0.92,4.05,-17.15,-3.18
367,0.31,-0.13,0.84,26.02,3.15,48.18
368,-0.02,-0.16,0.97,28.98,-1.79,48.5
369,0.03,-0.15,0.97,32.66,-14.21,39.47
370,0.07,-0.16,0.98,28.19,-16.87,23.44
371,0.03,-0.14,1.02,26.47,-21.69,17.08
372,0.11,-0.08,0.97,16.36,-14.6,14.42
373,0.07,-0.12,1.0,11.27,-8.12,16.88
374,0.06,-0.13,1.01,6.02,-5.0,13.14
375,0.07,-0.15,0.97,1.98,1.21,14.18
376,0.06,-0.14,1.02,-1.43,-3.9,8.57
377,0.04,-0.14,1.01,-2.63,0.38,6.94
378,0.01,-0.16,1.02,-2.9,-1.56,1.66
379,-0.0,-0.15,1.03,-2.5,-7.44,-5.33
380,0.03,-0.15,1.0,-1.09,-12.39,-6.72
381,0.03,-0.15,1.01,0.01,-14.08,-8.32
382,0.04,-0.14,1.01,1.18,-14.98,-8.47
383,0.03,-0.13,1.01,0.89,-15.5,-10.1
384,0.03,-0.14,1.01,1.88,-12.17,-6.89
385,0.05,-0.12,1.0,0.02,-9.89,-4.73
386,0.07,-0.13,0.94,-2.24,-6.82,-3.36
387,0.06,-0.12,1.0,-2.82,-4.95,-1.24
388,0.06,-0.12,0.99,-2.15,-3.18,2.34
389,0.06,-0.13,0.99,-0.76,-2.97,5.31
390,0.05,-0.13,0.99,-1.47,-3.16,4.21
391,0.05,-0.14,0.99,-0.96,-5.71,2.33
392,0.07,-0.14,1.0,0.7,-6.28,1.94
393,0.12,-0.12,0.99,3.8,-4.5,9.44
394,0.06,-0.11,0.99,3.42,1.44,11.47
395,0.04,-0.12,0.98,3.41,0.34,8.38
396,0.05,-0.11,0.98,3.57,0.49,8.06
397,0.06,-0.12,0.96,2.42,-1.85,6.09
398,0.04,-0.13,0.97,2.29,-0.98,5.09
399,0.03,-0.12,0.97,1.74,-4.13,1.02
400,0.02,-0.13,0.98,1.53,-6.39,-2.66
