,accel_x,accel_y,accel_z,gyro_x,gyro_y,gyro_z
0,-0.07,-0.28,0.96,-4.21,-0.69,-4.03
1,-0.08,-0.29,0.97,-3.6,-0.31,-3.44
2,-0.07,-0.28,0.97,-2.96,0.59,-3.27
3,-0.09,-0.28,0.97,-2.34,1.3,-2.89
4,-0.09,-0.28,0.96,-1.7,-0.08,-3.16
5,-0.08,-0.28,0.96,-1.67,-1.82,-3.77
6,-0.08,-0.27,0.96,-1.46,-2.37,-3.55
7,-0.08,-0.27,0.96,-1.74,-1.57,-3.4
8,-0.09,-0.29,0.95,-1.5,-1.76,-3.42
9,-0.08,-0.29,0.95,-0.23,-2.79,-3.42
10,-0.08,-0.29,0.95,0.5,-2.71,-2.72
11,-0.08,-0.28,0.95,1.28,-3.56,-2.45
12,-0.08,-0.27,0.95,1.41,-4.6,-2.79
13,-0.08,-0.27,0.95,1.62,-5.93,-2.41
14,-0.08,-0.27,0.94,0.81,-6.23,-2.05
15,-0.06,-0.28,0.96,0.57,-6.18,-2.53
16,-0.05,-0.29,0.96,0.16,-4.21,-2.21
17,-0.05,-0.28,0.97,-0.56,-0.85,-1.18
18,-0.04,-0.28,0.97,-0.18,1.63,-1.59
19,-0.04,-0.28,0.96,0.1,2.21,-2.89
20,-0.05,-0.27,0.96,1.37,1.73,-3.88
21,-0.06,-0.26,0.95,1.61,1.09,-3.77
22,-0.06,-0.26,0.94,0.4,2.46,-3.6
23,-0.07,-0.27,0.93,-0.48,3.32,-3.64
24,-0.08,-0.27,0.95,-0.24,3.08,-2.09
25,-0.09,-0.27,0.94,0.38,1.87,-1.36
26,-0.08,-0.26,0.93,-0.02,0.5,-0.71
27,-0.08,-0.26,0.92,-0.64,0.55,-1.44
28,-0.08,-0.25,0.92,-1.22,1.01,-1.34
29,-0.08,-0.25,0.92,-1.96,0.9,-1.21
30,-0.08,-0.25,0.91,-2.98,2.08,-1.11
31,-0.09,-0.25,0.93,-2.99,2.4,-0.87
32,-0.08,-0.25,0.93,-3.4,1.69,-1.06
33,-0.08,-0.24,0.92,-4.08,2.34,-0.94
34,-0.09,-0.25,0.93,-3.36,0.78,-1.29
35,-0.08,-0.23,0.93,-3.8,-1.31,-2.13
36,-0.08,-0.24,0.93,-3.89,-2.31,-1.59
37,-0.08,-0.24,0.94,-3.67,-2.53,-1.63
38,-0.08,-0.25,0.95,-3.37,-2.49,-1.97
39,-0.07,-0.25,0.94,-2.73,-2.37,-1.92
40,-0.07,-0.25,0.95,-3.07,-2.25,-2.17
41,-0.07,-0.26,0.95,-2.76,-3.01,-2.74
42,-0.06,-0.26,0.96,-2.57,-3.22,-3.27
43,-0.07,-0.26,0.96,-2.75,-2.81,-3.56
44,-0.08,-0.27,0.96,-2.08,-3.31,-3.95
45,-0.08,-0.28,0.95,-1.31,-3.81,-3.69
46,-0.08,-0.28,0.95,-0.84,-4.16,-4.37
47,-0.07,-0.28,0.97,-0.51,-4.63,-3.67
48,-0.08,-0.29,0.96,-0.42,-3.03,-2.11
49,-0.07,-0.29,0.96,-0.04,-2.24,-1.74
50,-0.06,-0.27,0.97,-0.63,-0.82,-1.68
51,-0.08,-0.27,0.95,-0.66,0.85,-1.87
52,-0.08,-0.27,0.94,-1.01,0.31,-1.55
53,-0.08,-0.27,0.93,-1.05,0.5,-1.52
54,-0.07,-0.26,0.93,-0.72,-0.42,-1.95
55,-0.08,-0.26,0.93,-0.44,-0.98,-1.68
56,-0.08,-0.25,0.92,-0.53,-0.71,-1.2
57,-0.08,-0.25,0.92,-0.58,-1.32,-0.66
58,-0.08,-0.25,0.91,-0.9,-2.29,-0.18
59,-0.07,-0.24,0.92,-1.53,-2.73,0.21
60,-0.06,-0.25,0.92,-1.97,-3.89,0.17
61,-0.05,-0.24,0.94,-2.5,-3.66,-0.15
62,-0.04,-0.25,0.93,-3.02,-3.9,-1.03
63,-0.05,-0.25,0.95,-3.44,-4.03,-0.7
64,-0.04,-0.25,0.95,-3.83,-0.8,-1.69
65,-0.04,-0.26,0.97,-3.53,-2.76,-2.87
66,-0.05,-0.25,0.97,-3.48,-2.33,-3.74
67,-0.05,-0.26,0.96,-4.73,-0.86,-3.98
68,-0.07,-0.27,0.96,-4.93,-0.23,-3.98
69,-0.07,-0.28,0.97,-3.86,-0.69,-4.3
70,-0.07,-0.28,0.99,-2.66,-0.93,-4.3
71,-0.07,-0.28,0.98,-1.88,-1.21,-3.73
72,-0.07,-0.27,0.97,-2.1,-0.25,-4.0
73,-0.07,-0.27,0.96,-2.47,0.38,-4.25
74,-0.08,-0.28,0.96,-2.14,0.49,-3.15
75,-0.07,-0.27,0.96,-1.89,-0.51,-4.0
76,-0.08,-0.27,0.96,-1.5,-0.89,-3.69
77,-0.08,-0.26,0.95,-1.31,-0.11,-3.58
78,-0.08,-0.27,0.95,-1.53,0.14,-2.36
79,-0.09,-0.27,0.94,-1.61,-0.58,-1.83
80,-0.1,-0.28,0.95,-1.61,-1.4,-1.56
81,-0.08,-0.27,0.94,-1.14,-1.19,-1.23
82,-0.08,-0.27,0.95,-0.59,-1.42,-1.32
83,-0.06,-0.25,0.94,-1.05,-0.69,-2.44
84,-0.06,-0.24,0.93,-1.46,-1.63,-3.21
85,-0.08,-0.25,0.93,-1.99,-1.75,-2.21
86,-0.08,-0.25,0.91,-2.83,-1.94,-1.69
87,-0.08,-0.24,0.92,-3.15,-3.66,-2.37
88,-0.06,-0.25,0.93,-3.37,-4.87,-2.66
89,-0.05,-0.25,0.94,-3.45,-3.54,-2.66
90,-0.04,-0.24,0.94,-3.56,-2.54,-3.08
91,-0.05,-0.23,0.94,-3.89,-2.3,-3.27
92,-0.07,-0.24,0.93,-4.68,-3.28,-4.4
93,-0.08,-0.26,0.93,-4.62,-3.54,-4.07
94,-0.08,-0.28,0.95,-4.04,-3.82,-3.42
95,-0.07,-0.28,0.97,-3.31,-4.05,-3.82
96,-0.07,-0.28,0.97,-3.07,-3.92,-3.09
97,-0.08,-0.28,0.96,-3.69,-2.54,-1.87
98,-0.07,-0.28,0.97,-4.76,-0.77,-1.16
99,-0.08,-0.29,0.96,-3.88,-1.05,0.35
100,-0.08,-0.29,0.97,-2.42,-1.86,0.13
101,-0.07,-0.29,0.97,-0.66,-3.47,-0.24
102,-0.07,-0.29,0.97,1.05,-5.6,-1.46
103,-0.07,-0.27,0.97,1.07,-5.07,-1.56
104,-0.06,-0.27,0.96,0.75,-5.25,-1.05
105,-0.06,-0.28,0.96,-0.05,-4.85,-0.21
106,-0.07,-0.28,0.95,0.05,-3.97,0.93
107,-0.07,-0.27,0.95,0.35,-4.24,1.34
108,-0.07,-0.26,0.94,0.12,-4.12,1.86
109,-0.09,-0.27,0.94,0.37,-4.49,2.72
110,-0.08,-0.26,0.93,0.03,-4.47,3.05
111,-0.09,-0.25,0.91,-0.38,-5.6,3.31
112,-0.08,-0.25,0.92,-2.32,-5.87,4.05
113,-0.07,-0.24,0.93,-3.22,-6.18,4.39
114,-0.04,-0.25,0.94,-3.5,-5.83,4.26
115,-0.03,-0.24,0.94,-2.76,-5.46,2.28
116,-0.04,-0.24,0.97,-2.01,-5.82,0.63
117,-0.04,-0.24,0.97,-1.7,-4.87,0.18
118,-0.05,-0.25,0.97,-0.31,-4.44,0.24
119,-0.05,-0.24,0.96,-2.45,-3.51,0.33
120,-0.05,-0.24,0.95,-3.15,-4.54,0.66
121,-0.04,-0.26,0.98,-2.63,-6.24,2.24
122,-0.05,-0.25,0.96,-3.0,-4.7,0.6
123,-0.05,-0.24,0.94,-3.53,-3.11,1.98
124,-0.05,-0.25,0.94,-3.57,-2.92,2.33
125,-0.05,-0.24,0.94,-3.06,-3.34,3.25
126,-0.06,-0.23,0.93,-4.31,-4.98,3.81
127,-0.05,-0.23,0.93,-4.94,-7.41,2.93
128,-0.04,-0.23,0.94,-4.58,-9.15,2.22
129,-0.01,-0.26,0.97,-3.63,-9.33,0.94
130,0.02,-0.27,0.97,-2.53,-8.21,-1.62
131,0.01,-0.27,1.0,-1.31,-4.93,-2.14
132,0.02,-0.27,1.0,0.34,-4.49,-4.02
133,0.01,-0.26,1.0,0.52,-1.79,-4.72
134,0.0,-0.27,1.0,0.11,0.5,-5.12
135,-0.01,-0.27,0.99,0.84,1.61,-4.79
136,-0.02,-0.28,0.98,1.61,2.5,-5.41
137,-0.03,-0.26,0.98,2.73,2.01,-6.1
138,-0.03,-0.25,0.95,2.59,2.34,-5.66
139,-0.05,-0.24,0.95,2.0,1.94,-5.69
140,-0.06,-0.24,0.94,1.76,0.63,-5.37
141,-0.07,-0.24,0.91,0.92,-0.02,-5.01
142,-0.08,-0.24,0.91,0.27,-1.12,-4.58
143,-0.1,-0.24,0.91,-0.92,-2.18,-3.93
144,-0.09,-0.24,0.89,-2.49,-3.09,-2.63
145,-0.11,-0.24,0.89,-4.25,-5.68,-0.15
146,-0.1,-0.25,0.88,-5.4,-8.47,2.6
147,-0.08,-0.26,0.9,-7.11,-10.63,4.99
148,-0.07,-0.29,0.91,-5.25,-15.41,7.81
149,-0.03,-0.3,0.91,-3.73,-19.99,11.39
150,0.02,-0.34,0.92,-2.47,-22.63,17.73
151,0.13,-0.34,0.93,-1.15,-28.24,26.03
152,0.27,-0.27,0.95,-3.42,-35.78,33.8
153,0.49,-0.23,0.99,-4.02,-45.37,37.15
154,0.8,-0.17,1.1,-3.64,-54.37,29.72
155,1.18,-0.13,1.24,0.63,-65.53,9.43
156,1.54,-0.04,1.29,5.52,-67.45,-14.55
157,1.82,0.02,1.38,8.87,-57.57,-44.82
158,1.98,0.06,1.4,16.17,-34.24,-67.6
159,2.0,0.07,1.36,25.11,-26.46,-84.37
160,2.0,0.09,1.27,32.48,-21.18,-88.89
161,2.0,0.07,1.15,32.24,-13.01,-93.62
162,2.0,-0.01,1.02,20.79,-1.18,-105.73
163,1.87,-0.13,0.94,5.78,11.73,-120.88
164,1.74,-0.18,0.87,-14.67,29.75,-132.34
165,1.52,-0.33,0.82,-36.45,55.8,-147.34
166,1.26,-0.5,0.79,-58.26,79.73,-162.6
167,0.86,-0.8,0.78,-77.98,100.79,-178.64
168,0.25,-1.16,0.81,-68.21,106.18,-180.79
169,-0.52,-1.4,0.84,-28.09,76.83,-170.66
170,-0.88,-1.33,0.74,21.9,39.98,-139.66
171,-1.03,-1.12,0.66,62.2,4.37,-151.95
172,-1.12,-0.94,0.6,67.5,-0.38,-174.32
173,-1.23,-0.86,0.65,44.84,18.58,-174.47
174,-1.35,-0.99,0.8,12.52,50.71,-158.18
175,-1.56,-1.15,0.88,-4.99,89.3,-127.97
176,-1.83,-1.29,0.93,-4.82,101.26,-98.55
177,-2.0,-1.24,0.89,8.29,78.69,-69.06
178,-1.93,-1.08,0.84,19.73,52.63,-45.01
179,-1.67,-0.79,0.79,28.41,26.66,-24.25
180,-1.35,-0.54,0.77,26.97,8.88,-13.03
181,-1.03,-0.38,0.79,25.05,2.91,-4.56
182,-0.76,-0.26,0.81,25.11,5.43,0.87
183,-0.51,-0.17,0.82,20.64,23.81,5.31
184,-0.41,-0.14,0.81,16.95,41.21,6.47
185,-0.4,-0.12,0.79,19.51,46.95,4.52
186,-0.41,-0.08,0.75,22.18,40.95,4.01
187,-0.46,-0.05,0.67,22.73,28.57,1.78
188,-0.55,0.02,0.56,15.63,6.21,-4.73
189,-0.47,0.01,0.64,9.25,-9.44,-2.95
190,-0.42,-0.02,0.67,-0.21,-17.79,-2.08
191,-0.36,-0.06,0.74,-9.63,-19.33,1.69
192,-0.3,-0.1,0.81,-15.27,-20.5,7.47
193,-0.19,-0.15,0.9,-16.82,-21.73,13.05
194,-0.08,-0.19,0.98,-13.69,-19.21,13.88
195,-0.01,-0.21,1.02,-8.62,-8.29,10.38
196,0.01,-0.2,1.03,-3.13,2.22,9.92
197,-0.03,-0.18,0.98,0.28,10.21,7.74
198,-0.05,-0.17,0.97,0.98,13.4,7.4
199,-0.07,-0.17,0.95,1.12,13.82,6.21
200,-0.06,-0.19,0.96,0.47,13.5,5.25
201,-0.05,-0.19,0.97,0.56,11.16,3.6
202,-0.03,-0.19,0.99,-1.21,13.35,2.33
203,-0.03,-0.19,0.98,-4.61,19.17,2.05
204,-0.06,-0.21,0.98,-4.51,25.6,3.8
205,-0.1,-0.2,0.97,-6.16,31.27,3.34
206,-0.16,-0.22,0.95,-7.16,34.31,2.58
207,-0.21,-0.23,0.94,-7.28,30.43,2.85
208,-0.23,-0.21,0.93,-6.63,23.69,3.04
209,-0.22,-0.22,0.94,-5.66,16.73,2.91
210,-0.22,-0.21,0.95,-6.06,12.74,2.6
211,-0.21,-0.21,0.95,-7.46,13.37,2.26
212,-0.17,-0.2,0.97,-12.35,19.92,1.66
213,-0.17,-0.21,0.98,-17.37,30.2,1.4
214,-0.22,-0.24,0.97,-19.63,39.41,2.64
215,-0.26,-0.23,0.96,-19.51,41.27,4.21
216,-0.31,-0.24,0.95,-18.46,37.43,5.53
217,-0.33,-0.24,0.93,-16.95,31.05,9.01
218,-0.31,-0.23,0.94,-14.05,22.12,9.42
219,-0.3,-0.23,0.9,-12.0,13.69,8.63
220,-0.3,-0.21,0.89,-12.48,4.95,7.61
221,-0.25,-0.21,0.91,-15.88,1.45,8.53
222,-0.2,-0.21,0.92,-18.94,3.02,9.2
223,-0.18,-0.21,0.92,-20.52,4.63,10.66
224,-0.17,-0.22,0.9,-22.53,9.14,10.23
225,-0.19,-0.23,0.89,-25.16,13.53,12.58
226,-0.22,-0.25,0.91,-27.45,11.17,13.64
227,-0.22,-0.27,0.9,-24.9,5.02,16.68
228,-0.23,-0.27,0.89,-22.32,-1.69,18.59
229,-0.17,-0.23,0.91,-21.36,-8.11,16.19
230,-0.1,-0.23,0.93,-21.3,-9.64,12.8
231,-0.08,-0.23,0.93,-21.74,-7.66,10.46
232,-0.08,-0.24,0.93,-25.22,-5.76,8.54
233,-0.11,-0.27,0.94,-23.89,-6.5,8.53
234,-0.13,-0.27,0.94,-19.69,-11.44,8.98
235,-0.1,-0.26,0.95,-18.05,-14.4,10.62
236,-0.09,-0.26,0.96,-16.56,-17.28,11.98
237,-0.06,-0.26,0.96,-16.04,-18.25,13.2
238,-0.04,-0.26,0.96,-17.34,-13.79,12.92
239,-0.05,-0.26,0.96,-19.1,-7.6,12.64
240,-0.04,-0.25,0.95,-22.05,-1.19,11.85
241,-0.06,-0.25,0.94,-24.47,5.18,12.59
242,-0.13,-0.28,0.92,-25.84,3.83,13.32
243,-0.16,-0.3,0.92,-24.95,-2.74,15.1
244,-0.18,-0.31,0.92,-23.82,-8.73,17.75
245,-0.17,-0.31,0.93,-21.8,-14.55,19.55
246,-0.13,-0.31,0.94,-20.66,-17.14,20.14
247,-0.05,-0.3,0.97,-22.02,-14.02,17.4
248,-0.02,-0.29,0.98,-21.89,-7.14,13.81
249,-0.05,-0.31,0.97,-21.47,-0.68,12.05
250,-0.12,-0.32,0.94,-23.03,4.81,15.09
251,-0.18,-0.34,0.92,-23.35,1.76,19.05
252,-0.21,-0.36,0.92,-20.98,-3.66,21.83
253,-0.21,-0.36,0.93,-18.25,-9.6,23.41
254,-0.17,-0.35,0.93,-17.5,-14.79,22.65
255,-0.15,-0.35,0.93,-17.53,-16.56,23.64
256,-0.14,-0.34,0.94,-16.84,-16.82,24.59
257,-0.12,-0.33,0.94,-16.12,-16.73,25.5
258,-0.09,-0.31,0.94,-16.39,-14.78,23.96
259,-0.09,-0.31,0.94,-17.44,-12.57,25.18
260,-0.09,-0.31,0.93,-20.27,-7.21,26.91
261,-0.09,-0.32,0.94,-20.95,-3.85,27.6
262,-0.11,-0.33,0.93,-20.4,-5.75,25.97
263,-0.11,-0.33,0.94,-19.02,-7.77,24.41
264,-0.1,-0.34,0.96,-16.06,-10.95,22.5
265,-0.09,-0.34,0.95,-13.24,-13.81,20.98
266,-0.07,-0.33,0.95,-11.95,-12.02,21.24
267,-0.09,-0.32,0.93,-13.44,-6.93,22.16
268,-0.12,-0.33,0.91,-14.99,-2.92,22.57
269,-0.18,-0.35,0.9,-14.58,-4.66,24.26
270,-0.21,-0.36,0.88,-12.09,-10.64,25.71
271,-0.19,-0.35,0.88,-10.29,-17.39,26.52
272,-0.15,-0.33,0.87,-8.99,-23.72,24.05
273,-0.1,-0.32,0.91,-9.82,-23.61,25.01
274,-0.07,-0.31,0.92,-11.83,-20.49,23.54
275,-0.07,-0.31,0.92,-15.61,-16.11,22.4
276,-0.08,-0.32,0.92,-18.27,-9.85,23.83
277,-0.13,-0.35,0.93,-17.71,-6.99,24.11
278,-0.18,-0.37,0.9,-17.3,-8.17,23.38
279,-0.18,-0.38,0.91,-13.66,-13.59,21.6
280,-0.2,-0.4,0.91,-8.32,-19.27,22.55
281,-0.18,-0.37,0.91,-4.9,-25.1,24.08
282,-0.13,-0.33,0.9,-4.89,-28.12,24.31
283,-0.09,-0.32,0.92,-6.18,-26.72,24.42
284,-0.06,-0.33,0.92,-9.58,-20.95,23.15
285,-0.06,-0.34,0.95,-8.74,-18.95,25.44
286,-0.07,-0.34,0.95,-8.09,-14.97,24.65
287,-0.1,-0.34,0.91,-12.15,-8.18,24.58
288,-0.13,-0.34,0.9,-13.76,-4.63,24.74
289,-0.19,-0.38,0.88,-14.14,-5.37,24.93
290,-0.26,-0.39,0.86,-12.4,-9.94,26.57
291,-0.26,-0.4,0.87,-9.76,-18.66,30.12
292,-0.22,-0.38,0.89,-7.27,-28.62,31.84
293,-0.13,-0.35,0.92,-5.94,-33.25,32.54
294,-0.05,-0.34,0.95,-7.75,-31.76,31.41
295,0.03,-0.35,1.02,-6.53,-23.11,34.23
296,0.09,-0.36,1.08,-5.4,-7.33,37.47
297,0.06,-0.36,1.05,-9.64,6.79,38.43
298,0.0,-0.37,1.05,-7.15,19.75,42.27
299,-0.13,-0.35,0.92,-9.9,8.0,34.66
300,-0.16,-0.33,0.92,-11.33,-0.58,31.42
301,-0.16,-0.34,0.94,-1.31,-14.21,27.12
302,-0.11,-0.33,0.93,0.89,-24.86,23.48
303,-0.07,-0.33,0.94,1.81,-25.55,21.73
304,-0.04,-0.33,0.95,4.23,-25.02,23.7
305,-0.01,-0.31,0.95,3.98,-23.76,24.43
306,0.0,-0.29,0.94,2.21,-16.05,26.68
307,0.01,-0.28,0.92,-4.2,-12.54,27.88
308,0.01,-0.27,0.93,-9.5,-8.1,28.52
309,0.01,-0.31,0.96,-8.73,-5.41,26.95
310,0.02,-0.33,0.98,-4.89,-5.73,21.75
311,-0.01,-0.33,0.94,-5.08,-3.31,19.22
312,-0.03,-0.33,0.93,-5.82,-2.84,15.75
313,-0.04,-0.33,0.93,-3.63,-0.98,15.53
314,-0.05,-0.33,0.93,-0.15,1.15,15.19
315,-0.11,-0.33,0.85,-6.36,-1.69,13.9
316,-0.13,-0.32,0.83,-10.78,-1.4,12.8
317,-0.13,-0.36,0.9,-7.46,0.5,14.28
318,-0.17,-0.39,0.88,-4.09,-11.56,13.46
319,-0.1,-0.36,0.9,-6.11,-9.63,17.57
320,-0.09,-0.37,0.95,-7.85,-4.38,24.52
321,-0.04,-0.32,0.94,-4.75,-10.4,20.26
322,0.03,-0.3,0.98,-6.3,-1.77,16.82
323,-0.01,-0.35,0.99,-1.21,-2.66,13.28
324,-0.03,-0.33,0.95,-2.58,1.17,9.46
325,-0.05,-0.34,0.96,-1.94,5.54,8.09
326,-0.08,-0.34,0.94,0.73,5.15,5.89
327,-0.08,-0.32,0.91,-2.89,12.24,6.29
328,-0.14,-0.34,0.89,-5.54,14.31,6.24
329,-0.22,-0.36,0.89,-4.79,10.18,7.63
330,-0.22,-0.37,0.89,-0.02,3.0,10.85
331,-0.18,-0.35,0.88,3.42,-3.78,13.23
332,-0.14,-0.31,0.88,1.18,-5.79,12.95
333,-0.1,-0.28,0.87,-2.64,-1.15,14.89
334,-0.09,-0.28,0.91,-3.76,-3.04,15.74
335,-0.04,-0.27,0.91,-6.02,0.26,14.86
336,-0.05,-0.29,0.92,-7.82,5.48,13.82
337,-0.07,-0.32,0.93,-4.5,1.82,10.31
338,-0.06,-0.31,0.93,-1.03,-0.7,6.73
339,-0.08,-0.31,0.92,-0.73,0.21,5.1
340,-0.08,-0.31,0.93,-1.56,-0.88,3.55
341,-0.09,-0.31,0.93,-3.65,-0.21,4.72
342,-0.1,-0.31,0.93,-6.23,2.07,7.26
343,-0.1,-0.33,0.94,-8.6,5.1,10.06
344,-0.1,-0.33,0.96,-7.32,3.76,8.58
345,-0.09,-0.33,0.95,-7.56,6.08,6.49
346,-0.11,-0.34,0.96,-6.22,8.37,5.04
347,-0.14,-0.35,0.93,-5.74,6.12,1.85
348,-0.13,-0.33,0.9,-3.41,3.5,-0.21
349,-0.13,-0.32,0.91,-7.73,9.85,0.74
350,-0.15,-0.36,0.93,-1.98,5.37,1.35
351,-0.13,-0.32,0.89,-1.13,5.6,-0.05
352,-0.17,-0.32,0.87,-4.23,7.73,0.11
353,-0.2,-0.33,0.87,-3.34,2.5,0.31
354,-0.18,-0.33,0.87,-2.31,-1.22,-1.92
355,-0.18,-0.34,0.87,-1.55,-2.97,-2.99
356,-0.18,-0.35,0.88,0.01,-6.44,-1.8
357,-0.16,-0.33,0.89,1.45,-9.85,0.33
358,-0.11,-0.3,0.91,1.62,-11.58,0.97
359,-0.08,-0.28,0.92,0.81,-11.31,0.56
360,-0.06,-0.29,0.94,-0.44,-10.11,0.37
361,-0.05,-0.29,0.95,-0.84,-7.44,0.85
362,-0.04,-0.3,0.97,-0.85,-5.45,-0.95
363,-0.04,-0.3,0.97,0.51,-5.3,-2.0
364,-0.05,-0.3,0.96,1.73,-4.79,-3.51
365,-0.04,-0.29,0.96,1.06,-2.13,-4.38
366,-0.03,-0.28,0.96,0.3,0.05,-6.64
367,-0.04,-0.29,0.96,0.53,1.19,-9.14
368,-0.06,-0.3,0.96,2.87,4.08,-10.48
369,-0.09,-0.31,0.95,2.47,3.35,-10.85
370,-0.12,-0.31,0.92,1.37,2.94,-9.63
371,-0.13,-0.31,0.92,2.0,1.56,-9.77
372,-0.13,-0.3,0.92,2.73,-1.91,-10.66
373,-0.13,-0.31,0.93,2.47,-2.82,-11.0
374,-0.14,-0.33,0.94,4.5,-3.37,-9.78
375,-0.13,-0.32,0.92,5.62,-3.89,-9.72
376,-0.12,-0.3,0.91,3.77,-0.56,-10.56
377,-0.14,-0.31,0.91,2.46,1.7,-9.15
378,-0.14,-0.31,0.9,1.82,2.15,-8.52
379,-0.16,-0.32,0.9,2.22,1.39,-8.52
380,-0.16,-0.31,0.91,3.28,-0.62,-9.2
381,-0.15,-0.31,0.91,4.62,-2.02,-9.3
382,-0.14,-0.29,0.91,3.58,-2.07,-8.93
383,-0.13,-0.29,0.89,0.83,0.6,-8.14
384,-0.14,-0.29,0.89,-1.63,2.82,-6.43
385,-0.15,-0.3,0.9,-2.95,3.24,-5.69
386,-0.17,-0.32,0.9,-4.38,3.82,-5.13
387,-0.18,-0.34,0.9,-3.96,0.89,-4.11
388,-0.17,-0.34,0.91,-3.08,-0.66,-3.63
389,-0.16,-0.33,0.92,-1.88,-2.41,-4.16
390,-0.16,-0.32,0.91,-1.4,-2.35,-4.5
391,-0.15,-0.32,0.9,-1.4,-2.7,-4.34
392,-0.15,-0.32,0.91,-1.95,-2.34,-3.66
393,-0.16,-0.33,0.92,-2.31,-2.79,-2.7
394,-0.15,-0.32,0.93,-1.82,-3.34,-3.11
395,-0.13,-0.32,0.92,-1.15,-3.11,-3.06
396,-0.13,-0.32,0.94,-0.7,-2.79,-3.02
397,-0.13,-0.32,0.92,-0.94,-1.41,-3.34
398,-0.14,-0.3,0.91,-1.53,-0.37,-3.5
399,-0.14,-0.3,0.91,-2.09,-0.79,-3.25
