,accel_x,accel_y,accel_z,gyro_x,gyro_y,gyro_z
0,0.01,-0.13,0.97,-11.07,-1.11,1.34
1,-0.0,-0.14,0.99,-10.76,0.37,2.08
2,0.01,-0.15,0.99,-10.0,-0.37,1.56
3,0.01,-0.15,1.01,-8.47,-1.82,2.11
4,0.02,-0.16,1.01,-6.33,-1.67,1.27
5,0.01,-0.15,1.01,-4.71,-1.51,1.39
6,0.02,-0.15,1.0,-3.98,-2.15,1.48
7,0.04,-0.13,0.99,-3.75,-2.56,0.91
8,0.04,-0.13,0.98,-4.35,-1.8,1.31
9,0.03,-0.13,0.98,-5.76,-0.61,1.83
10,0.04,-0.13,0.99,-6.98,-1.15,3.17
11,0.08,-0.13,0.99,-7.51,1.19,3.89
12,0.07,-0.14,1.0,-7.91,3.69,3.76
13,0.05,-0.14,1.0,-7.76,2.64,2.34
14,0.04,-0.15,1.01,-6.8,0.44,1.4
15,0.06,-0.15,1.02,-5.56,-1.22,-0.75
16,0.04,-0.15,1.02,-2.84,-1.68,-2.15
17,0.03,-0.15,1.03,-0.52,-2.15,-1.18
18,0.04,-0.13,1.0,-0.65,-2.67,-2.58
19,0.05,-0.14,0.99,-1.01,-2.37,-2.46
20,0.04,-0.15,0.99,-0.98,-1.15,-2.11
21,0.03,-0.15,0.99,-1.24,-2.18,-2.24
22,0.03,-0.14,0.99,-1.63,-2.66,-3.54
23,0.04,-0.14,0.99,-1.79,-2.83,-4.35
24,0.04,-0.13,0.98,-2.0,-2.6,-4.43
25,0.03,-0.14,0.98,-1.82,-2.95,-5.79
26,0.01,-0.14,0.98,-1.44,-3.79,-5.92
27,-0.0,-0.14,0.98,-2.05,-6.01,-5.63
28,0.01,-0.14,0.99,-0.89,-7.3,-5.09
29,-0.0,-0.13,0.97,-0.67,-5.82,-1.97
30,0.02,-0.13,0.96,-1.92,-4.92,-1.81
31,0.02,-0.13,0.96,-3.38,-4.47,-1.65
32,0.03,-0.12,0.98,-3.98,-2.8,-1.76
33,0.02,-0.12,0.97,-3.94,-2.32,-1.69
34,0.03,-0.14,0.98,-3.03,-1.27,-0.43
35,0.05,-0.13,0.98,-2.92,-1.46,-2.18
36,0.06,-0.14,0.99,-2.66,0.3,-2.74
37,0.03,-0.13,0.99,-1.75,0.59,-3.18
38,0.02,-0.13,0.98,-1.69,0.22,-3.58
39,0.02,-0.14,0.98,-1.17,0.71,-3.85
40,0.0,-0.14,0.97,-1.08,0.25,-3.82
41,-0.01,-0.14,0.96,-0.89,-0.74,-3.3
42,-0.0,-0.13,0.97,-1.71,0.16,-2.47
43,-0.01,-0.14,0.98,-1.96,0.62,-1.07
44,-0.01,-0.15,0.98,-1.95,-0.43,-1.02
45,-0.01,-0.14,0.98,-1.79,-0.8,0.15
46,0.02,-0.14,0.99,-1.64,0.52,1.1
47,0.02,-0.12,0.97,-1.6,0.98,1.15
48,0.02,-0.13,0.97,-1.86,-0.21,-0.25
49,0.01,-0.12,0.97,-2.01,-1.14,-0.49
50,0.02,-0.12,0.98,-2.02,-1.53,0.12
51,0.04,-0.12,0.98,-1.85,-0.43,0.98
52,0.05,-0.11,0.97,-2.42,1.08,0.27
53,0.04,-0.11,0.97,-2.42,0.79,0.0
54,0.05,-0.1,0.97,-2.44,0.4,-1.02
55,0.05,-0.11,0.95,-3.45,-0.13,-2.15
56,0.04,-0.11,0.96,-4.47,-1.37,-3.36
57,0.03,-0.13,0.97,-4.85,-2.13,-3.97
58,0.01,-0.13,0.98,-4.89,-2.16,-3.47
59,0.01,-0.15,0.99,-4.95,-1.27,-2.83
60,0.01,-0.16,1.01,-3.85,-0.75,-2.79
61,-0.0,-0.17,1.01,-3.05,1.15,-0.85
62,0.0,-0.17,1.01,-2.06,1.79,0.33
63,0.02,-0.16,0.99,-1.58,1.91,0.9
64,0.02,-0.16,0.97,-1.34,1.49,0.16
65,-0.0,-0.15,0.98,-1.4,-0.08,-0.03
66,0.01,-0.14,0.97,-1.13,-0.95,0.6
67,-0.01,-0.14,0.98,-0.65,-1.42,0.97
68,-0.01,-0.14,0.98,0.1,-2.4,0.78
69,-0.01,-0.14,0.98,0.89,-3.17,1.12
70,-0.02,-0.12,0.97,1.62,-3.15,2.6
71,-0.01,-0.13,0.98,1.4,-3.89,3.34
72,-0.01,-0.12,0.96,-0.17,-4.76,4.04
73,0.01,-0.11,0.95,-1.71,-3.52,4.91
74,0.02,-0.11,0.96,-2.81,-3.5,4.43
75,0.02,-0.12,0.97,-3.63,-4.36,4.56
76,0.02,-0.12,0.98,-2.67,-4.73,4.42
77,0.01,-0.13,0.99,-1.66,-6.07,4.1
78,0.01,-0.12,0.99,-1.24,-6.76,5.55
79,0.02,-0.12,0.98,-0.55,-7.02,6.21
80,0.04,-0.13,0.98,-0.24,-6.66,6.19
81,0.02,-0.15,1.0,-0.44,-6.07,6.91
82,0.02,-0.15,1.01,0.4,-7.2,7.47
83,0.02,-0.15,1.0,1.61,-6.67,8.66
84,0.04,-0.15,1.02,2.44,-6.13,8.56
85,0.05,-0.14,1.01,3.65,-5.82,8.3
86,0.05,-0.15,1.0,4.84,-5.61,7.27
87,0.04,-0.13,1.0,4.31,-6.02,7.68
88,0.03,-0.14,0.99,3.54,-8.26,7.58
89,0.03,-0.13,1.0,5.04,-7.21,9.81
90,0.03,-0.12,1.0,4.73,-7.18,11.7
91,0.04,-0.14,1.0,4.02,-6.49,13.75
92,0.03,-0.12,1.0,6.4,-6.92,16.24
93,0.05,-0.12,1.01,7.81,-9.17,19.29
94,0.07,-0.09,0.98,7.9,-7.26,19.55
95,0.08,-0.09,0.98,6.74,-7.65,18.82
96,0.12,-0.08,0.96,5.05,-6.05,15.71
97,0.12,-0.08,0.97,4.02,-5.15,12.04
98,0.11,-0.08,0.97,3.88,-4.91,9.28
99,0.09,-0.1,0.97,4.18,-5.74,8.33
100,0.06,-0.11,0.97,3.48,-7.18,7.1
101,0.04,-0.13,0.99,2.46,-6.25,8.31
102,0.03,-0.14,0.98,1.73,-4.53,11.37
103,-0.0,-0.15,0.99,1.21,-2.51,15.5
104,-0.03,-0.16,0.97,1.34,-2.51,19.96
105,-0.05,-0.16,0.96,0.02,-3.1,24.66
106,-0.01,-0.16,0.95,-2.71,-3.21,28.25
107,0.08,-0.14,0.96,-6.66,1.87,29.42
108,0.12,-0.14,0.96,-9.81,11.95,28.37
109,0.11,-0.13,0.95,-13.02,16.53,26.18
110,0.1,-0.12,0.96,-13.42,17.94,23.96
111,0.06,-0.13,0.96,-11.81,13.82,21.91
112,0.07,-0.12,0.98,-9.2,3.85,19.53
113,0.11,-0.14,0.98,-5.35,-4.53,17.53
114,0.13,-0.14,0.98,0.4,-10.13,15.82
115,0.14,-0.13,0.96,3.69,-17.31,14.19
116,0.17,-0.13,0.94,7.61,-21.47,14.1
117,0.17,-0.1,0.91,7.91,-26.03,12.36
118,0.18,-0.05,0.85,6.87,-31.33,10.91
119,0.22,-0.01,0.83,3.05,-33.41,6.7
120,0.22,0.02,0.81,-3.52,-38.7,0.53
121,0.22,0.01,0.81,-6.22,-41.96,-5.95
122,0.2,-0.02,0.83,-7.61,-45.6,-9.24
123,0.19,-0.07,0.83,-9.25,-47.9,-11.06
124,0.19,-0.13,0.86,-10.79,-50.98,-10.97
125,0.19,-0.19,0.87,-10.85,-54.71,-9.4
126,0.22,-0.23,0.87,-12.05,-56.7,-6.29
127,0.26,-0.28,0.87,-12.97,-59.86,-1.35
128,0.35,-0.3,0.86,-16.54,-60.7,5.53
129,0.46,-0.31,0.87,-22.53,-55.54,12.99
130,0.61,-0.3,0.88,-30.85,-48.98,18.47
131,0.83,-0.29,0.92,-38.18,-37.66,19.31
132,0.98,-0.28,0.92,-45.08,-24.08,15.82
133,1.11,-0.29,0.93,-50.89,-13.02,7.76
134,1.19,-0.31,0.93,-55.11,-6.89,-3.53
135,1.29,-0.32,0.99,-61.52,0.36,-7.63
136,1.37,-0.34,1.03,-63.21,5.37,-17.08
137,1.43,-0.39,1.06,-61.07,7.54,-27.93
138,1.47,-0.42,1.06,-53.7,-0.7,-40.47
139,1.48,-0.41,1.03,-51.76,-12.69,-54.79
140,1.56,-0.46,0.99,-56.09,-19.36,-82.26
141,1.58,-0.51,1.04,-46.27,-24.24,-101.14
142,1.67,-0.52,0.98,-52.56,-17.5,-129.04
143,1.63,-0.56,0.93,-52.95,-5.17,-157.24
144,1.63,-0.6,0.94,-51.49,9.66,-173.44
145,1.67,-0.61,0.92,-49.79,33.83,-195.93
146,1.68,-0.63,0.95,-40.31,55.98,-218.22
147,1.75,-0.68,0.81,-31.35,92.05,-250.14
148,1.6,-0.73,0.8,-32.28,121.4,-250.14
149,1.49,-0.86,0.72,-31.08,155.56,-250.14
150,1.22,-0.95,0.59,-31.78,190.15,-250.14
151,0.94,-1.08,0.48,-31.4,230.98,-250.14
152,0.46,-1.3,0.48,-28.82,250.13,-250.14
153,-0.06,-1.43,0.34,-16.05,236.83,-250.14
154,-0.68,-1.55,0.19,-6.07,198.15,-250.14
155,-1.23,-1.59,0.07,-5.58,148.53,-250.14
156,-1.71,-1.67,0.16,-11.19,97.59,-250.14
157,-1.9,-1.64,0.33,-26.47,75.8,-250.14
158,-1.8,-1.6,0.61,-38.16,98.34,-249.82
159,-1.71,-1.56,0.76,-38.95,143.01,-211.8
160,-1.68,-1.48,0.79,-39.62,173.73,-180.98
161,-1.65,-1.36,0.82,-43.14,189.54,-159.33
162,-1.6,-1.22,0.83,-41.04,181.56,-148.21
163,-1.51,-1.11,0.83,-32.68,161.66,-143.12
164,-1.44,-1.01,0.84,-19.68,134.27,-140.04
165,-1.4,-0.91,0.83,-9.25,108.91,-135.15
166,-1.32,-0.85,0.82,0.84,94.27,-123.76
167,-1.27,-0.76,0.83,2.79,88.47,-112.32
168,-1.28,-0.71,0.88,4.82,83.3,-97.11
169,-1.29,-0.66,0.94,15.21,78.79,-80.01
170,-1.25,-0.61,0.97,30.16,63.9,-63.22
171,-1.17,-0.56,0.92,44.59,53.47,-46.3
172,-1.03,-0.5,0.84,54.08,50.44,-31.09
173,-0.9,-0.46,0.75,57.2,49.37,-18.69
174,-0.8,-0.41,0.66,55.53,46.28,-10.42
175,-0.73,-0.37,0.59,51.68,36.87,-6.68
176,-0.68,-0.36,0.57,46.98,25.91,-3.57
177,-0.64,-0.31,0.54,38.78,9.82,-0.75
178,-0.59,-0.3,0.56,31.84,-1.51,2.56
179,-0.56,-0.29,0.59,24.6,-9.44,7.79
180,-0.53,-0.29,0.63,18.19,-16.06,14.19
181,-0.48,-0.27,0.69,12.34,-16.47,21.91
182,-0.43,-0.27,0.74,8.36,-14.25,28.42
183,-0.41,-0.28,0.78,7.95,-13.19,34.27
184,-0.4,-0.26,0.8,9.97,-17.44,37.19
185,-0.38,-0.24,0.77,12.11,-25.68,38.25
186,-0.38,-0.22,0.76,13.74,-36.56,38.89
187,-0.37,-0.22,0.74,14.15,-46.93,39.65
188,-0.33,-0.2,0.73,12.14,-57.01,39.93
189,-0.27,-0.21,0.76,15.34,-59.15,44.31
190,-0.22,-0.2,0.78,6.64,-55.5,47.34
191,-0.17,-0.21,0.79,1.37,-51.82,48.17
192,-0.17,-0.21,0.82,-1.42,-50.21,48.72
193,-0.14,-0.21,0.86,-2.49,-49.7,50.73
194,-0.11,-0.21,0.88,-3.24,-45.91,51.63
195,-0.1,-0.21,0.9,-2.98,-43.02,51.92
196,-0.07,-0.2,0.92,-2.86,-41.17,54.09
197,-0.03,-0.2,0.93,-1.5,-35.75,54.95
198,-0.01,-0.21,0.94,-0.89,-29.28,52.75
199,-0.04,-0.22,0.94,2.14,-28.79,48.6
200,-0.11,-0.22,0.91,5.35,-33.45,45.06
201,-0.14,-0.2,0.86,5.69,-39.81,43.95
202,-0.18,-0.21,0.84,5.14,-46.57,42.95
203,-0.22,-0.23,0.84,5.08,-54.18,45.21
204,-0.21,-0.23,0.84,4.16,-59.6,50.95
205,-0.14,-0.23,0.85,0.64,-56.04,57.82
206,-0.1,-0.23,0.86,-3.31,-50.67,63.36
207,-0.05,-0.2,0.88,-8.5,-48.83,69.13
208,-0.0,-0.18,0.9,-13.08,-44.74,72.23
209,0.05,-0.18,0.92,-15.88,-41.66,72.85
210,0.07,-0.18,0.95,-16.3,-40.66,71.58
211,0.09,-0.18,0.96,-16.85,-41.66,69.58
212,0.11,-0.19,0.97,-16.48,-40.66,65.82
213,0.09,-0.21,0.99,-13.76,-44.18,60.4
214,0.07,-0.21,1.0,-11.24,-50.27,58.85
215,0.11,-0.21,1.02,-9.98,-48.76,57.82
216,0.13,-0.2,1.03,-9.85,-43.94,57.33
217,0.14,-0.21,1.04,-9.85,-39.2,57.97
218,0.16,-0.22,1.03,-9.89,-32.66,57.41
219,0.15,-0.21,1.02,-9.15,-30.05,54.25
220,0.12,-0.2,1.02,-8.81,-34.08,53.08
221,0.17,-0.2,1.04,-8.0,-32.79,51.1
222,0.18,-0.21,1.05,-5.32,-31.06,47.77
223,0.16,-0.21,1.06,-1.66,-31.89,44.36
224,0.13,-0.2,1.04,1.53,-30.51,42.68
225,0.1,-0.21,1.01,4.45,-29.61,41.61
226,0.08,-0.19,0.99,5.18,-30.48,42.99
227,0.09,-0.17,0.97,3.86,-28.04,46.31
228,0.12,-0.17,0.97,0.79,-23.39,48.19
229,0.13,-0.18,0.98,-0.66,-20.01,48.89
230,0.14,-0.17,0.97,-2.53,-18.73,47.66
231,0.16,-0.15,0.97,-4.3,-17.15,44.53
232,0.13,-0.16,1.0,-3.56,-18.38,41.58
233,0.11,-0.16,1.0,-2.17,-21.31,40.73
234,0.11,-0.16,1.0,-1.63,-22.3,39.97
235,0.14,-0.15,0.98,-2.77,-19.66,38.76
236,0.13,-0.15,0.98,-4.39,-15.74,38.83
237,0.11,-0.14,0.99,-5.85,-14.95,38.83
238,0.1,-0.15,1.0,-4.69,-13.91,39.6
239,0.09,-0.17,1.0,-2.81,-13.85,38.94
240,0.09,-0.17,1.0,-1.52,-15.38,39.52
241,0.1,-0.16,0.99,-2.53,-15.42,39.79
242,0.12,-0.15,0.99,-4.56,-13.43,39.61
243,0.11,-0.15,1.0,-5.53,-12.26,39.18
244,0.1,-0.15,1.01,-4.15,-13.23,38.09
245,0.09,-0.15,1.01,-1.75,-16.13,35.73
246,0.07,-0.17,1.0,1.56,-19.93,33.91
247,0.04,-0.17,1.0,5.48,-24.56,34.19
248,0.07,-0.17,0.99,6.96,-25.8,35.66
249,0.11,-0.17,0.98,6.77,-20.69,36.44
250,0.11,-0.17,0.94,4.65,-17.14,37.52
251,0.1,-0.17,0.94,0.41,-15.73,37.79
252,0.11,-0.17,0.94,-2.54,-14.74,38.63
253,0.11,-0.18,0.94,-4.71,-14.31,37.61
254,0.1,-0.18,0.95,-6.2,-14.56,36.27
255,0.08,-0.19,0.97,-6.04,-15.01,34.73
256,0.06,-0.19,1.0,-4.17,-17.62,34.81
257,0.06,-0.19,1.01,-1.71,-20.0,35.8
258,0.09,-0.18,1.01,-0.61,-18.08,38.63
259,0.14,-0.17,1.02,-1.08,-14.05,39.63
260,0.15,-0.17,1.02,-0.66,-10.24,39.69
261,0.14,-0.17,1.01,0.65,-7.66,40.31
262,0.12,-0.16,0.99,3.88,-10.76,38.95
263,0.14,-0.16,0.99,5.3,-14.83,39.48
264,0.14,-0.14,0.96,5.92,-17.95,36.72
265,0.15,-0.16,0.96,6.92,-19.51,35.99
266,0.15,-0.15,0.96,4.59,-18.92,34.4
267,0.18,-0.15,0.96,2.75,-14.19,34.97
268,0.16,-0.14,0.95,1.65,-12.25,33.65
269,0.16,-0.15,0.96,-0.21,-10.52,32.68
270,0.13,-0.16,0.99,-0.69,-10.32,32.79
271,0.1,-0.16,0.99,0.19,-12.53,32.86
272,0.12,-0.17,1.02,1.85,-13.64,34.65
273,0.13,-0.16,1.02,3.27,-11.79,36.71
274,0.15,-0.15,1.01,4.12,-9.44,38.15
275,0.16,-0.15,1.01,4.08,-8.01,39.46
276,0.19,-0.15,0.98,3.85,-5.21,38.34
277,0.16,-0.14,0.98,2.49,-3.72,36.52
278,0.13,-0.16,0.98,1.92,-3.61,37.04
279,0.11,-0.17,0.99,1.01,-2.84,36.69
280,0.08,-0.19,0.98,-0.4,-1.23,37.08
281,0.07,-0.2,0.98,-3.47,1.37,39.6
282,0.05,-0.2,0.97,-6.71,5.95,43.38
283,0.04,-0.2,0.98,-10.11,11.54,47.83
284,0.06,-0.2,1.0,-13.49,10.74,49.98
285,0.06,-0.2,1.01,-11.22,9.19,50.02
286,0.07,-0.18,1.02,-5.95,2.66,48.18
287,0.08,-0.16,1.02,0.84,-5.15,45.14
288,0.09,-0.15,0.99,6.68,-11.48,43.25
289,0.1,-0.13,0.97,9.47,-14.75,41.34
290,0.13,-0.12,0.94,8.8,-13.95,41.03
291,0.14,-0.11,0.93,6.49,-11.0,41.54
292,0.14,-0.13,0.92,3.96,-9.75,40.7
293,0.12,-0.12,0.9,0.51,-8.69,40.76
294,0.12,-0.13,0.94,-1.35,-10.56,40.57
295,0.15,-0.16,0.95,-3.08,-8.71,39.56
296,0.14,-0.16,0.97,-2.92,-7.17,39.36
297,0.15,-0.15,0.99,-2.93,-6.02,38.66
298,0.17,-0.16,1.02,-2.52,-3.4,37.09
299,0.18,-0.17,1.04,-0.5,-2.24,35.69
300,0.19,-0.16,1.04,2.11,-1.65,33.77
301,0.18,-0.16,1.03,5.94,-1.05,32.34
302,0.19,-0.13,1.0,7.72,-0.92,30.65
303,0.19,-0.13,0.97,8.02,-1.01,29.19
304,0.18,-0.12,0.95,7.0,-0.67,27.15
305,0.17,-0.11,0.93,6.21,-2.18,25.94
306,0.18,-0.1,0.91,3.95,-4.4,24.36
307,0.15,-0.11,0.89,1.21,-5.82,22.49
308,0.14,-0.11,0.91,-2.26,-5.4,22.85
309,0.14,-0.14,0.92,-5.69,-3.0,22.66
310,0.11,-0.15,0.93,-6.7,-1.24,22.73
311,0.1,-0.16,0.94,-7.53,-1.87,22.65
312,0.1,-0.17,0.95,-7.13,-2.13,21.76
313,0.09,-0.17,0.97,-5.5,-3.11,21.65
314,0.1,-0.17,0.97,-4.14,-4.3,21.96
315,0.12,-0.16,0.96,-4.4,-3.95,21.3
316,0.14,-0.15,0.98,-4.41,-3.27,20.34
317,0.13,-0.14,0.97,-4.46,-3.31,19.59
318,0.13,-0.14,0.98,-5.36,-3.1,18.49
319,0.13,-0.15,0.98,-5.1,-1.19,17.71
320,0.1,-0.15,0.98,-4.31,-1.22,16.24
321,0.08,-0.15,0.98,-3.14,-4.41,16.0
322,0.08,-0.16,0.96,-2.66,-5.91,15.43
323,0.08,-0.16,0.95,-2.64,-7.64,14.68
324,0.09,-0.15,0.96,-3.24,-9.47,14.41
325,0.1,-0.16,0.96,-3.75,-8.15,14.56
326,0.1,-0.15,0.96,-4.7,-8.29,14.56
327,0.11,-0.16,0.98,-4.95,-7.4,14.56
328,0.12,-0.16,0.99,-5.24,-6.31,15.73
329,0.14,-0.16,0.99,-4.39,-2.74,16.95
330,0.15,-0.17,1.0,-5.63,-0.18,17.06
331,0.15,-0.17,1.01,-5.28,0.69,17.43
332,0.16,-0.17,1.01,-5.36,1.9,17.37
333,0.16,-0.17,1.01,-5.86,2.82,16.47
334,0.16,-0.18,1.01,-3.98,2.85,15.63
335,0.14,-0.18,1.02,-3.14,2.06,14.9
336,0.13,-0.17,1.01,-1.55,0.64,13.76
337,0.12,-0.17,1.0,0.05,-0.15,13.65
338,0.13,-0.17,0.98,1.85,-0.13,12.72
339,0.12,-0.16,0.97,1.88,-1.38,10.98
340,0.13,-0.15,0.95,0.56,-3.28,8.16
341,0.13,-0.14,0.95,-0.08,-2.91,7.78
342,0.12,-0.16,0.95,-1.43,-1.65,7.47
343,0.1,-0.16,0.97,-2.94,-0.23,7.84
344,0.09,-0.17,0.97,-4.22,-0.32,8.22
345,0.1,-0.17,0.98,-4.56,0.53,8.73
346,0.12,-0.18,1.0,-4.89,2.42,9.56
347,0.12,-0.18,1.01,-4.34,2.66,8.3
348,0.13,-0.17,1.01,-3.85,3.15,7.19
349,0.13,-0.17,1.01,-1.67,2.37,5.83
350,0.11,-0.16,1.0,-0.32,0.4,4.53
351,0.12,-0.16,0.99,0.53,0.39,4.11
352,0.1,-0.16,0.99,0.4,0.8,3.6
353,0.08,-0.16,0.99,1.43,-0.81,3.45
354,0.09,-0.15,0.98,2.22,-1.24,4.53
355,0.1,-0.15,0.96,1.92,-0.6,5.4
356,0.1,-0.16,0.96,0.79,0.35,5.64
357,0.08,-0.16,0.96,-0.73,1.77,6.42
358,0.1,-0.17,0.96,-1.68,3.34,8.02
359,0.11,-0.16,0.95,-3.67,3.86,7.15
360,0.1,-0.16,0.96,-4.23,3.27,6.0
361,0.09,-0.16,0.97,-4.05,1.69,5.66
362,0.1,-0.16,0.98,-3.63,0.49,4.9
363,0.09,-0.16,0.98,-3.64,0.99,4.78
364,0.09,-0.16,0.99,-2.55,2.44,3.84
365,0.1,-0.16,0.99,-2.8,2.55,4.67
366,0.09,-0.16,0.97,-2.38,1.75,3.35
367,0.09,-0.14,0.98,-2.75,2.51,3.1
368,0.09,-0.13,0.97,-3.05,2.76,3.54
369,0.09,-0.14,0.95,-3.73,1.61,3.45
370,0.09,-0.14,0.94,-5.34,1.04,2.95
371,0.08,-0.15,0.95,-6.7,0.45,2.44
372,0.09,-0.15,0.98,-7.09,1.47,3.07
373,0.08,-0.16,0.96,-6.28,0.54,1.81
374,0.07,-0.17,0.98,-5.53,-1.09,0.87
375,0.05,-0.18,1.01,-3.34,-1.44,1.37
376,0.07,-0.18,1.01,-1.53,-1.94,1.64
377,0.09,-0.18,1.01,0.54,0.8,3.19
378,0.08,-0.17,0.98,-1.23,3.51,2.89
379,0.07,-0.17,0.98,-2.14,3.5,3.0
380,0.07,-0.17,0.99,-3.08,3.11,2.92
381,0.09,-0.17,1.01,-3.27,2.79,2.41
382,0.09,-0.17,1.01,-2.79,3.67,1.79
383,0.08,-0.17,1.01,-2.01,5.07,1.63
384,0.06,-0.18,1.01,-1.27,4.53,1.67
385,0.06,-0.17,1.01,-0.32,4.67,1.98
386,0.06,-0.17,1.0,1.25,4.61,1.68
387,0.08,-0.16,0.99,1.86,3.23,0.64
388,0.07,-0.16,0.99,3.31,2.29,-0.28
389,0.08,-0.16,0.97,3.73,1.3,-0.5
390,0.08,-0.16,0.96,2.82,0.31,-1.33
391,0.09,-0.15,0.96,1.87,0.05,-1.53
392,0.09,-0.14,0.96,0.69,0.25,-1.25
393,0.1,-0.13,0.96,-0.23,-0.07,-1.63
394,0.1,-0.14,0.96,-0.81,0.07,-2.11
395,0.09,-0.14,0.97,-1.3,0.72,-2.21
396,0.09,-0.14,0.97,-1.95,2.18,-1.85
397,0.08,-0.14,0.96,-2.75,3.23,-1.88
398,0.08,-0.14,0.96,-3.4,2.67,-2.52
399,0.06,-0.15,0.97,-3.41,2.15,-2.26
