,accel_x,accel_y,accel_z,gyro_x,gyro_y,gyro_z
0,-0.02,-0.21,0.95,9.35,-23.56,10.84
1,0.01,-0.21,0.95,7.18,-21.18,6.41
2,0.03,-0.18,0.95,5.1,-19.67,1.45
3,0.02,-0.19,0.94,2.95,-15.73,-1.68
4,0.01,-0.19,0.96,1.49,-13.6,-1.6
5,0.0,-0.2,0.97,1.48,-12.42,-2.61
6,0.01,-0.19,0.96,0.54,-13.9,-2.8
7,0.03,-0.17,0.96,-0.27,-13.95,-1.05
8,0.04,-0.17,0.96,-1.68,-11.76,1.6
9,0.03,-0.18,0.97,-2.78,-7.73,1.45
10,0.03,-0.21,0.98,1.24,-5.31,2.46
11,0.02,-0.2,0.98,0.86,-5.06,4.05
12,0.0,-0.2,0.96,-1.37,-3.96,3.47
13,0.01,-0.2,0.97,-1.21,-4.65,0.33
14,0.01,-0.21,0.96,-1.63,-5.06,-3.24
15,0.01,-0.2,0.96,-2.14,-4.69,-5.94
16,0.03,-0.2,0.95,-3.57,-4.08,-6.37
17,0.0,-0.2,0.96,-4.73,-3.18,-8.53
18,0.0,-0.22,0.96,-5.16,-3.31,-8.86
19,0.01,-0.22,0.97,-5.04,-3.35,-6.41
20,-0.01,-0.22,0.98,-4.65,-3.21,-4.85
21,0.01,-0.21,0.97,-5.17,-1.75,-3.76
22,0.01,-0.21,0.96,-5.72,-1.53,-4.39
23,0.01,-0.21,0.96,-5.34,-1.24,-3.29
24,0.01,-0.2,0.96,-5.4,-0.73,-2.99
25,0.01,-0.21,0.96,-4.46,-0.39,-1.73
26,-0.0,-0.2,0.96,-4.15,0.38,-2.09
27,-0.01,-0.2,0.97,-3.85,-0.18,-2.55
28,-0.0,-0.2,0.95,-3.57,-1.18,-2.69
29,-0.01,-0.2,0.96,-4.57,-1.86,-3.46
30,0.0,-0.21,0.97,-4.12,-3.27,-3.72
31,0.01,-0.21,0.97,-3.91,-4.21,-2.89
32,0.02,-0.21,0.98,-3.56,-3.67,-2.24
33,0.02,-0.21,0.98,-3.54,-2.56,-2.84
34,0.02,-0.2,0.98,-3.5,-3.18,-3.51
35,0.03,-0.2,0.98,-3.76,-3.92,-3.08
36,0.02,-0.2,0.98,-3.56,-4.03,-2.4
37,0.03,-0.21,0.99,-2.95,-4.18,-3.4
38,0.02,-0.22,0.99,-2.27,-3.58,-4.14
39,0.02,-0.22,0.98,-1.95,-3.48,-4.89
40,0.05,-0.21,0.99,-1.57,-4.06,-1.98
41,0.02,-0.22,0.98,-1.94,-2.08,-2.36
42,0.02,-0.22,0.98,-1.32,-2.62,-2.89
43,0.02,-0.22,0.96,-1.51,-2.56,-2.87
44,0.03,-0.23,0.96,-2.15,-0.79,-4.05
45,0.03,-0.22,0.97,-1.5,-0.28,-5.26
46,0.04,-0.21,0.96,-0.72,-0.79,-3.99
47,0.04,-0.2,0.96,-1.76,0.31,-3.0
48,0.02,-0.2,0.95,-2.51,-0.05,-3.31
49,0.02,-0.21,0.95,-2.44,-0.75,-2.92
50,0.01,-0.21,0.96,-2.25,-2.5,-3.05
51,0.02,-0.22,0.97,-1.78,-3.13,-3.12
52,0.01,-0.22,0.98,-1.08,-2.69,-4.27
53,0.01,-0.21,0.98,-1.08,-1.96,-4.66
54,0.02,-0.21,0.97,-1.11,-2.49,-4.06
55,0.02,-0.22,0.98,-0.57,-1.36,-3.27
56,0.0,-0.21,0.98,0.23,-0.94,-4.1
57,-0.0,-0.22,0.98,0.92,-1.36,-4.75
58,0.04,-0.21,0.98,1.12,-3.27,0.18
59,0.0,-0.19,0.97,-0.24,-1.52,-0.06
60,0.01,-0.2,0.97,-1.27,-0.95,0.24
61,-0.0,-0.21,0.97,-1.27,-0.41,0.85
62,0.0,-0.21,0.97,-0.41,-1.71,2.19
63,-0.0,-0.21,0.96,0.09,-1.18,1.24
64,-0.01,-0.2,0.96,0.46,-2.4,0.52
65,0.0,-0.2,0.95,1.71,-2.99,1.4
66,0.02,-0.2,0.97,1.68,-4.68,2.11
67,0.02,-0.2,0.96,1.26,-4.12,2.3
68,0.02,-0.19,0.96,0.49,-3.74,3.02
69,0.03,-0.19,0.96,1.15,-1.4,4.27
70,0.01,-0.18,0.95,0.66,-2.91,4.13
71,0.02,-0.19,0.96,-0.43,-3.05,3.59
72,0.02,-0.18,0.94,-1.13,-3.4,2.6
73,0.02,-0.18,0.94,-1.64,-5.1,3.27
74,0.02,-0.19,0.96,-2.21,-5.59,3.86
75,0.02,-0.19,0.96,-2.34,-5.53,3.47
76,0.03,-0.18,0.96,-2.42,-4.73,2.27
77,0.04,-0.19,0.96,-2.44,-3.89,-1.3
78,0.05,-0.2,0.97,-1.9,-3.31,-3.4
79,0.04,-0.19,0.96,-1.92,-3.76,-4.58
80,0.03,-0.2,0.97,-2.5,-3.68,-5.65
81,0.02,-0.2,0.96,-2.43,-1.95,-6.21
82,0.04,-0.2,0.99,-2.04,-0.52,-5.41
83,0.02,-0.19,0.97,-1.83,0.29,-4.89
84,0.03,-0.19,0.97,-1.44,0.3,-4.21
85,0.05,-0.16,0.96,-1.54,4.34,-2.27
86,0.05,-0.17,0.95,-1.27,1.68,-5.18
87,0.02,-0.15,0.94,-2.4,4.06,-7.4
88,0.06,-0.15,0.96,-3.31,-3.77,-6.11
89,0.06,-0.16,0.95,-6.08,-1.69,-3.61
90,0.05,-0.18,0.95,-5.79,-3.72,-4.02
91,0.04,-0.18,0.97,-6.37,-3.36,-3.16
92,0.05,-0.19,0.96,-7.6,-2.3,-2.96
93,0.05,-0.2,0.97,-7.3,-1.34,-4.1
94,0.05,-0.2,0.96,-7.34,-2.59,-5.35
95,0.05,-0.21,0.97,-8.0,-3.6,-5.92
96,0.04,-0.24,0.98,-8.18,-2.76,-5.73
97,0.05,-0.24,1.0,-6.7,-1.23,-5.16
98,0.05,-0.24,1.0,-5.44,-1.85,-3.92
99,0.05,-0.24,1.0,-5.13,-1.53,-3.16
100,0.05,-0.24,1.01,-4.4,0.08,-3.57
101,0.04,-0.23,1.0,-3.57,0.46,-3.74
102,0.03,-0.23,0.99,-2.04,0.76,-3.51
103,0.03,-0.23,0.98,-1.57,-0.5,-2.98
104,0.02,-0.24,0.98,-1.19,-0.69,-2.62
105,0.03,-0.22,0.97,-0.5,-1.66,-1.18
106,0.05,-0.2,0.97,-2.25,1.4,-1.62
107,0.03,-0.2,0.96,-3.34,2.68,-1.21
108,0.01,-0.21,0.96,-3.52,0.8,-1.15
109,0.01,-0.2,0.96,-3.44,-0.91,-0.82
110,0.01,-0.2,0.96,-3.36,-1.29,-0.83
111,0.02,-0.2,0.96,-3.27,-2.18,-1.44
112,0.05,-0.2,0.96,-3.6,-3.18,-2.38
113,0.05,-0.21,0.97,-4.05,-2.07,-2.87
114,0.04,-0.2,0.97,-3.33,-2.61,-2.99
115,0.03,-0.21,0.96,-3.37,-3.71,-3.62
116,0.06,-0.21,0.97,-4.01,-4.4,-4.05
117,0.06,-0.19,0.98,-5.39,-2.3,-3.98
118,0.05,-0.21,0.98,-5.4,-1.88,-3.57
119,0.05,-0.22,0.98,-5.11,-2.69,-3.96
120,0.06,-0.23,0.99,-5.05,-4.26,-4.64
121,0.06,-0.24,1.01,-3.21,-5.92,-5.39
122,0.08,-0.24,1.01,-1.44,-8.0,-5.64
123,0.11,-0.23,1.02,-0.46,-9.26,-6.05
124,0.15,-0.22,1.01,-0.23,-10.21,-7.97
125,0.18,-0.23,1.02,0.13,-7.94,-9.7
126,0.2,-0.22,1.02,-0.34,-5.85,-11.46
127,0.24,-0.19,1.01,-1.4,-2.47,-12.76
128,0.24,-0.17,0.98,-1.5,2.07,-16.76
129,0.23,-0.18,0.96,-2.21,5.87,-19.79
130,0.2,-0.17,0.94,-3.89,6.5,-21.55
131,0.18,-0.15,0.9,-7.4,4.59,-22.73
132,0.18,-0.15,0.88,-11.37,0.52,-23.73
133,0.2,-0.14,0.86,-15.67,-3.73,-24.48
134,0.2,-0.18,0.88,-16.66,-6.73,-25.59
135,0.22,-0.27,0.92,-8.58,-14.05,-23.27
136,0.29,-0.28,0.92,0.31,-22.38,-17.25
137,0.39,-0.26,0.91,4.97,-29.1,-16.76
138,0.53,-0.24,0.89,5.02,-32.03,-19.27
139,0.64,-0.24,0.93,5.65,-34.66,-22.89
140,0.87,-0.16,0.93,2.24,-33.72,-30.6
141,1.13,-0.11,0.98,-3.22,-32.88,-38.56
142,1.42,-0.1,1.05,-20.32,-12.72,-59.33
143,1.57,-0.18,1.09,-22.58,7.58,-82.68
144,1.65,-0.23,1.13,-16.84,23.84,-102.31
145,1.71,-0.23,1.07,-11.02,38.31,-122.68
146,1.72,-0.19,1.0,-9.79,48.01,-144.57
147,1.69,-0.19,0.92,-6.95,46.18,-166.34
148,1.68,-0.24,0.91,0.25,46.6,-186.61
149,1.67,-0.29,0.9,5.72,31.27,-199.04
150,1.66,-0.27,0.88,5.79,21.96,-206.98
151,1.79,-0.3,0.93,5.48,31.93,-209.34
152,1.75,-0.35,0.82,-1.24,36.65,-224.24
153,1.62,-0.45,0.8,-7.4,37.35,-241.78
154,1.57,-0.53,0.74,-8.45,64.27,-250.14
155,1.67,-0.49,0.68,-10.56,107.47,-250.14
156,1.46,-0.56,0.57,-32.77,178.68,-250.14
157,0.96,-0.7,0.22,-63.68,230.22,-250.14
158,0.3,-0.87,0.17,-62.24,225.59,-250.14
159,-0.36,-1.1,0.02,-46.11,194.16,-250.14
160,-1.08,-1.41,-0.15,-54.82,134.77,-250.14
161,-1.51,-1.83,0.18,-80.75,125.79,-250.14
162,-1.6,-2.0,0.61,-117.22,157.62,-183.03
163,-1.82,-2.0,0.89,-125.95,213.51,-113.66
164,-2.0,-2.0,1.0,-74.61,234.52,-101.38
165,-2.0,-2.0,0.8,11.42,157.34,-106.65
166,-2.0,-1.89,0.48,78.82,33.22,-125.94
167,-2.0,-1.32,0.28,104.09,-59.37,-132.08
168,-2.0,-1.06,0.25,72.84,-124.34,-103.94
169,-1.94,-0.84,0.46,33.79,-98.56,-55.66
170,-1.52,-0.84,0.67,16.0,-93.92,-12.5
171,-1.09,-0.64,0.76,1.87,-72.15,14.79
172,-0.74,-0.51,0.8,-7.17,-43.42,28.66
173,-0.6,-0.44,0.87,-8.54,-19.98,35.93
174,-0.54,-0.38,0.87,1.95,-8.29,39.63
175,-0.49,-0.26,0.78,9.76,-12.04,38.24
176,-0.4,-0.16,0.7,13.39,-21.57,35.37
177,-0.24,-0.1,0.74,5.11,-22.75,28.53
178,-0.14,-0.13,0.82,2.44,-18.01,26.79
179,-0.11,-0.2,0.9,4.6,-14.57,24.73
180,-0.1,-0.24,0.95,6.45,-10.21,21.4
181,-0.11,-0.27,0.98,4.56,-2.54,22.23
182,-0.15,-0.32,0.99,2.73,8.24,24.17
183,-0.19,-0.35,0.99,3.24,13.94,29.31
184,-0.24,-0.38,0.98,6.58,16.82,34.3
185,-0.3,-0.37,0.94,9.86,13.78,37.1
186,-0.29,-0.33,0.91,10.67,7.13,39.4
187,-0.23,-0.29,0.9,9.76,0.35,40.07
188,-0.2,-0.28,0.91,7.92,-3.77,36.52
189,-0.19,-0.29,0.91,5.99,-5.15,32.39
190,-0.19,-0.29,0.91,4.44,-4.31,31.05
191,-0.2,-0.29,0.91,2.07,0.15,30.37
192,-0.22,-0.3,0.91,0.87,3.25,29.73
193,-0.25,-0.31,0.92,1.74,0.73,32.27
194,-0.23,-0.3,0.91,0.85,-3.62,30.56
195,-0.21,-0.31,0.94,-1.35,-6.61,27.88
196,-0.2,-0.34,0.93,-3.13,-7.11,25.01
197,-0.19,-0.33,0.94,-5.75,-8.85,23.03
198,-0.19,-0.32,0.9,-8.79,-4.84,21.97
199,-0.2,-0.34,0.88,-13.73,0.41,20.11
200,-0.26,-0.41,0.87,-17.47,3.08,20.64
201,-0.28,-0.42,0.87,-20.88,10.44,28.94
202,-0.31,-0.43,0.86,-20.87,9.17,39.76
203,-0.3,-0.42,0.86,-19.25,1.78,47.72
204,-0.23,-0.4,0.86,-17.37,-5.6,50.95
205,-0.17,-0.37,0.88,-15.64,-9.14,49.69
206,-0.13,-0.36,0.88,-12.64,-13.75,46.21
207,-0.08,-0.34,0.88,-10.16,-15.45,41.38
208,-0.08,-0.33,0.88,-8.86,-13.92,41.26
209,-0.12,-0.3,0.87,-7.74,-13.87,46.33
210,-0.1,-0.28,0.86,-9.65,-13.84,54.0
211,-0.05,-0.27,0.85,-15.24,-11.15,57.5
212,-0.04,-0.27,0.87,-20.84,-7.79,59.62
213,-0.04,-0.28,0.89,-24.66,-7.44,63.5
214,-0.01,-0.31,0.9,-28.64,-3.37,66.05
215,0.0,-0.31,0.9,-31.18,4.94,68.88
216,-0.04,-0.31,0.89,-31.15,7.48,70.1
217,-0.1,-0.3,0.87,-30.01,4.05,72.85
218,-0.12,-0.3,0.87,-26.36,-6.17,75.33
219,-0.1,-0.32,0.89,-21.9,-16.19,73.67
220,-0.05,-0.32,0.9,-19.08,-23.66,71.84
221,-0.03,-0.34,0.93,-19.22,-26.7,69.97
222,0.03,-0.34,0.93,-20.84,-24.81,70.93
223,0.08,-0.33,0.95,-27.85,-15.11,72.02
224,0.07,-0.35,0.98,-33.49,-1.43,77.18
225,0.05,-0.36,0.99,-36.62,9.65,83.27
226,-0.01,-0.36,0.97,-37.6,11.69,85.15
227,-0.03,-0.37,0.95,-35.95,10.12,83.97
228,-0.09,-0.37,0.93,-30.45,2.37,80.67
229,-0.11,-0.36,0.93,-24.15,-14.05,77.34
230,-0.04,-0.33,0.94,-21.17,-27.02,72.41
231,0.03,-0.32,0.96,-18.13,-31.73,65.96
232,0.08,-0.32,0.99,-16.24,-29.33,61.19
233,0.08,-0.31,1.0,-15.15,-22.02,59.88
234,0.07,-0.32,0.99,-15.56,-14.49,58.6
235,0.04,-0.31,0.97,-16.69,-8.02,58.95
236,-0.01,-0.33,0.97,-17.31,-5.0,57.24
237,-0.07,-0.34,0.93,-15.6,-9.18,52.81
238,-0.12,-0.36,0.92,-10.8,-21.11,44.17
239,-0.12,-0.37,0.96,0.8,-39.72,37.51
240,-0.04,-0.37,0.99,14.54,-55.98,27.14
241,0.03,-0.35,0.99,24.87,-62.16,15.1
242,0.04,-0.32,0.98,30.73,-60.69,8.03
243,0.04,-0.3,0.96,31.51,-56.24,6.92
244,0.01,-0.29,0.93,26.21,-47.64,10.91
245,-0.02,-0.26,0.89,16.6,-37.98,19.31
246,-0.04,-0.26,0.87,5.89,-32.66,29.15
247,-0.04,-0.26,0.89,-2.31,-30.24,37.47
248,-0.0,-0.28,0.92,-5.73,-31.14,37.96
249,0.02,-0.29,0.95,-4.13,-33.45,34.4
250,0.04,-0.31,0.98,3.11,-36.66,27.88
251,0.03,-0.31,0.99,13.05,-38.31,20.19
252,-0.0,-0.29,0.96,23.15,-44.76,11.47
253,-0.02,-0.24,0.94,29.73,-51.2,6.61
254,-0.01,-0.22,0.94,32.16,-54.11,6.98
255,0.03,-0.17,0.94,27.23,-50.54,12.28
256,0.08,-0.15,0.97,14.29,-42.04,19.9
257,0.11,-0.16,1.03,4.89,-28.25,28.28
258,0.1,-0.16,0.98,-11.63,-18.94,35.09
259,0.04,-0.19,1.0,-16.51,-5.42,40.96
260,0.01,-0.22,1.0,-14.33,-7.46,37.89
261,0.0,-0.23,0.96,-11.98,-7.17,35.24
262,-0.05,-0.24,0.93,-11.56,-7.05,29.8
263,-0.1,-0.26,0.92,-7.49,-13.18,28.2
264,-0.14,-0.27,0.9,-5.07,-22.83,26.66
265,-0.1,-0.27,0.91,-2.15,-27.89,29.19
266,-0.04,-0.26,0.93,-3.57,-29.45,30.37
267,-0.02,-0.25,0.94,-6.34,-26.06,34.21
268,0.02,-0.25,0.99,-2.68,-18.59,39.15
269,0.0,-0.24,0.93,-8.27,-14.25,45.23
270,0.04,-0.21,0.92,-18.18,-5.14,54.19
271,0.02,-0.23,0.94,-22.43,3.88,55.91
272,0.03,-0.25,0.96,-16.48,-5.78,53.44
273,0.1,-0.24,0.97,-15.81,-6.56,48.66
274,0.15,-0.24,0.97,-18.92,-3.26,45.68
275,0.13,-0.22,0.95,-21.27,-2.9,41.18
276,0.12,-0.24,1.01,-16.44,-5.26,36.65
277,0.18,-0.23,1.02,-8.09,-10.55,27.66
278,0.21,-0.22,0.99,-8.29,-3.11,21.1
279,0.15,-0.25,0.99,-8.76,2.99,18.94
280,0.11,-0.27,0.98,-7.02,4.42,18.98
281,0.09,-0.27,0.95,-9.85,11.44,18.89
282,0.04,-0.27,0.94,-13.21,15.02,22.85
283,-0.02,-0.28,0.92,-17.42,17.11,27.18
284,-0.05,-0.3,0.92,-15.95,14.86,31.56
285,-0.05,-0.3,0.93,-13.14,9.12,32.44
286,0.01,-0.26,0.93,-12.51,5.5,30.42
287,0.03,-0.28,0.96,-11.5,5.02,26.69
288,0.04,-0.29,0.98,-8.28,1.2,24.12
289,0.07,-0.29,0.98,-7.24,3.32,21.6
290,0.05,-0.31,1.0,-7.82,5.45,20.31
291,0.01,-0.29,0.94,-12.37,5.58,16.92
292,-0.01,-0.33,0.99,-6.0,3.61,18.27
293,0.02,-0.32,0.99,-1.84,1.72,16.02
294,0.01,-0.29,0.95,-5.45,7.63,17.43
295,-0.02,-0.29,0.97,-5.24,5.24,19.6
296,-0.0,-0.27,0.97,-2.97,-0.11,17.03
297,0.01,-0.27,0.98,-0.7,-3.44,12.21
298,0.02,-0.27,0.98,2.43,-7.22,7.36
299,0.03,-0.28,0.98,5.32,-9.15,4.73
300,0.03,-0.27,0.98,6.6,-9.69,2.76
301,0.03,-0.27,0.96,6.06,-6.31,3.68
302,0.03,-0.25,0.95,4.63,-1.5,4.95
303,-0.0,-0.25,0.93,1.85,1.88,5.4
304,-0.02,-0.26,0.92,-1.17,5.16,7.71
305,-0.06,-0.27,0.92,-3.02,5.33,10.3
306,-0.06,-0.28,0.91,-3.99,3.72,12.84
307,-0.06,-0.29,0.94,-2.86,1.06,15.02
308,-0.06,-0.3,0.95,0.71,-2.14,16.79
309,-0.05,-0.28,0.95,4.57,-4.64,17.28
310,-0.03,-0.27,0.94,7.92,-6.2,16.14
311,-0.03,-0.26,0.93,9.35,-8.21,15.42
312,-0.02,-0.23,0.92,9.34,-7.92,13.82
313,0.01,-0.2,0.92,8.24,-7.42,8.95
314,0.03,-0.18,0.91,5.84,-7.47,2.24
315,0.01,-0.19,0.93,1.52,-4.69,-3.11
316,-0.01,-0.22,0.94,-1.04,-4.0,-3.19
317,-0.02,-0.21,0.95,-4.2,-2.53,-2.94
318,-0.02,-0.22,0.97,-7.08,-1.5,-1.56
319,-0.0,-0.23,0.98,-9.08,0.01,-2.21
320,-0.01,-0.24,1.0,-8.8,1.02,-2.54
321,0.0,-0.26,1.01,-5.92,1.3,-4.18
322,0.0,-0.26,1.01,-3.3,1.79,-5.74
323,-0.01,-0.26,1.02,-0.5,2.03,-7.47
324,-0.02,-0.27,1.01,2.43,0.88,-9.15
325,-0.04,-0.26,0.98,5.35,-1.15,-11.97
326,-0.05,-0.26,0.99,6.54,-2.15,-12.33
327,-0.06,-0.27,0.99,7.38,-2.51,-12.39
328,-0.05,-0.26,0.98,7.04,-2.01,-10.43
329,-0.06,-0.26,0.97,5.39,-0.35,-9.95
330,-0.05,-0.25,0.96,2.9,3.37,-7.53
331,-0.06,-0.25,0.96,0.8,6.58,-5.92
332,-0.09,-0.26,0.94,-0.51,7.67,-2.61
333,-0.11,-0.26,0.94,-1.52,7.4,-1.06
334,-0.11,-0.27,0.94,-0.53,5.2,-1.11
335,-0.11,-0.27,0.93,0.01,3.61,-2.06
336,-0.12,-0.26,0.94,0.52,1.65,-1.44
337,-0.12,-0.25,0.93,0.63,-0.05,0.27
338,-0.09,-0.24,0.94,0.93,-0.88,0.89
339,-0.09,-0.23,0.95,2.24,-2.57,0.8
340,-0.08,-0.22,0.96,2.47,-3.12,0.06
341,-0.08,-0.22,0.94,1.97,-4.51,-1.05
342,-0.07,-0.22,0.95,1.83,-5.92,-3.02
343,-0.06,-0.21,0.97,0.16,-4.17,-5.08
344,-0.05,-0.21,0.96,-1.11,-2.21,-4.84
345,-0.07,-0.22,0.95,-2.87,-0.49,-2.47
346,-0.08,-0.24,0.95,-4.24,-0.2,-2.25
347,-0.09,-0.25,0.96,-3.1,-1.93,-2.02
348,-0.09,-0.25,0.97,-1.37,-2.95,-1.02
349,-0.08,-0.25,0.95,-1.08,-3.38,-0.17
350,-0.08,-0.25,0.96,-1.06,-3.86,0.66
351,-0.07,-0.26,0.95,-0.73,-2.7,-0.97
352,-0.07,-0.25,0.95,0.47,-2.69,-1.56
353,-0.08,-0.25,0.94,0.79,-2.85,-0.74
354,-0.07,-0.24,0.93,1.07,-3.85,-0.9
355,-0.08,-0.25,0.94,2.05,-5.17,-3.18
356,-0.06,-0.23,0.94,3.5,-6.76,-3.81
357,-0.06,-0.22,0.93,2.37,-7.18,-2.92
358,-0.04,-0.21,0.91,-2.35,-0.24,-4.69
359,-0.06,-0.23,0.93,1.17,-8.54,-0.79
360,-0.02,-0.2,0.95,-2.73,-4.53,-4.77
361,-0.04,-0.22,0.95,-5.24,-1.61,-1.72
362,-0.05,-0.23,0.95,-6.04,-0.92,-0.73
363,-0.06,-0.24,0.96,-5.05,-1.83,-0.35
364,-0.03,-0.24,0.98,-3.87,-2.02,-2.11
365,-0.03,-0.23,0.99,-2.21,-2.18,-2.5
366,-0.05,-0.24,0.98,-2.43,-1.66,-1.98
367,-0.05,-0.25,0.99,-2.01,-1.09,-1.3
368,-0.05,-0.25,0.98,-1.76,-0.24,-2.11
369,-0.01,-0.22,0.98,-2.81,3.68,-4.65
370,-0.06,-0.25,0.98,0.95,-0.72,-3.69
371,-0.06,-0.24,0.96,-0.28,0.52,-2.69
372,-0.06,-0.23,0.96,-0.34,0.25,-1.6
373,-0.06,-0.22,0.96,-0.27,-0.68,-1.86
374,-0.05,-0.21,0.95,0.38,-3.32,-2.98
375,-0.05,-0.21,0.94,0.44,-4.4,-3.31
376,-0.05,-0.21,0.93,-0.77,-4.18,-4.4
377,-0.04,-0.22,0.95,-1.13,-3.38,-5.7
378,-0.04,-0.23,0.96,0.5,-4.05,-5.55
379,-0.04,-0.21,0.96,0.76,-3.92,-6.04
380,-0.05,-0.21,0.95,-0.99,-3.16,-5.91
381,-0.05,-0.22,0.97,-1.18,-3.56,-4.61
382,-0.05,-0.23,0.97,-0.41,-3.62,-4.47
383,-0.04,-0.22,0.96,-0.72,-2.42,-4.37
384,-0.05,-0.21,0.95,-1.99,-2.37,-4.5
385,-0.05,-0.22,0.96,-2.82,-2.15,-4.74
386,-0.05,-0.23,0.95,-3.3,-1.39,-3.64
387,-0.06,-0.23,0.96,-2.87,-2.31,-2.65
388,-0.06,-0.23,0.96,-2.73,-2.37,-2.81
389,-0.06,-0.24,0.96,-2.09,-2.76,-2.75
390,-0.05,-0.23,0.96,-1.27,-4.53,-2.9
391,-0.05,-0.23,0.94,-1.18,-5.6,-3.3
392,-0.05,-0.22,0.95,-1.27,-5.84,-3.45
393,-0.05,-0.22,0.96,-1.56,-5.82,-3.4
394,-0.05,-0.23,0.96,-2.05,-5.44,-3.24
395,-0.04,-0.23,0.96,-2.21,-4.48,-3.87
396,-0.04,-0.23,0.96,-2.61,-3.74,-3.69
397,-0.04,-0.25,0.96,-2.75,-3.53,-3.44
398,-0.06,-0.25,0.96,-2.6,-2.66,-2.77
399,-0.04,-0.25,0.97,-2.39,-1.93,-2.33
400,-0.04,-0.24,0.97,-2.29,-0.85,-2.38
