,accel_x,accel_y,accel_z,gyro_x,gyro_y,gyro_z
0,-0.14,-0.29,0.92,-2.37,-0.4,-3.8
1,-0.14,-0.29,0.91,-2.35,-0.15,-3.68
2,-0.13,-0.3,0.92,-2.26,-0.11,-4.57
3,-0.13,-0.3,0.92,-1.66,-0.5,-5.18
4,-0.13,-0.29,0.92,-1.09,-0.76,-5.51
5,-0.14,-0.3,0.92,-1.71,-0.34,-5.43
6,-0.13,-0.29,0.92,-2.54,0.45,-4.4
7,-0.12,-0.28,0.93,-3.8,0.93,-4.37
8,-0.12,-0.29,0.94,-5.42,2.31,-4.16
9,-0.13,-0.3,0.94,-5.69,2.3,-3.63
10,-0.14,-0.3,0.95,-4.83,1.5,-4.53
11,-0.13,-0.31,0.95,-3.56,1.89,-5.33
12,-0.14,-0.3,0.95,-2.27,0.74,-6.05
13,-0.14,-0.3,0.94,-2.37,1.65,-5.77
14,-0.14,-0.3,0.94,-2.6,1.49,-5.4
15,-0.15,-0.3,0.94,-2.88,0.95,-4.38
16,-0.15,-0.32,0.95,-2.79,-0.02,-4.26
17,-0.15,-0.31,0.94,-1.93,0.17,-4.42
18,-0.15,-0.32,0.94,-1.33,0.3,-4.81
19,-0.16,-0.32,0.93,-0.98,0.07,-4.25
20,-0.17,-0.32,0.93,-1.19,0.86,-3.24
21,-0.18,-0.32,0.91,-1.93,0.15,-1.6
22,-0.18,-0.32,0.9,-2.46,-0.27,-0.5
23,-0.18,-0.32,0.9,-3.04,0.05,0.43
24,-0.17,-0.32,0.9,-2.88,-0.01,0.55
25,-0.19,-0.32,0.9,-1.96,-1.16,1.17
26,-0.17,-0.32,0.89,-1.21,-2.06,1.0
27,-0.15,-0.3,0.9,-1.98,-1.66,-0.56
28,-0.15,-0.3,0.9,-2.05,-2.11,-0.89
29,-0.14,-0.28,0.9,-2.77,-1.73,-1.12
30,-0.15,-0.28,0.91,-4.14,-1.54,-0.31
31,-0.13,-0.29,0.92,-4.82,-1.02,0.08
32,-0.13,-0.29,0.91,-5.05,-0.92,-0.34
33,-0.13,-0.3,0.92,-4.65,-1.33,-0.9
34,-0.14,-0.3,0.92,-4.2,-2.76,-1.74
35,-0.15,-0.31,0.92,-3.69,-4.19,-1.87
36,-0.16,-0.31,0.92,-3.08,-5.49,-0.69
37,-0.14,-0.32,0.92,-3.61,-6.37,0.11
38,-0.14,-0.32,0.94,-4.44,-5.44,1.29
39,-0.13,-0.34,0.95,-3.78,-5.01,2.37
40,-0.13,-0.35,0.96,-2.38,-4.27,3.32
41,-0.12,-0.34,0.95,-0.68,-4.79,2.74
42,-0.13,-0.32,0.97,0.28,-5.07,1.89
43,-0.12,-0.32,0.95,-0.05,-3.33,1.76
44,-0.11,-0.31,0.95,-0.6,-1.77,0.79
45,-0.12,-0.31,0.94,-0.86,-1.19,-0.35
46,-0.13,-0.31,0.93,-0.79,-1.01,-0.81
47,-0.14,-0.31,0.93,-0.79,-1.07,-1.44
48,-0.15,-0.32,0.93,-0.6,-1.94,-1.53
49,-0.14,-0.31,0.92,-0.33,-2.28,-0.79
50,-0.13,-0.3,0.93,-0.6,-1.73,-0.55
51,-0.13,-0.3,0.92,-1.25,-1.04,0.01
52,-0.13,-0.3,0.92,-2.33,-0.6,0.67
53,-0.13,-0.3,0.91,-2.07,-1.05,0.54
54,-0.12,-0.3,0.93,-0.92,-2.61,-0.56
55,-0.13,-0.29,0.92,-0.18,-2.45,-1.63
56,-0.11,-0.3,0.92,-0.15,-3.41,-1.99
57,-0.1,-0.29,0.93,-0.89,-1.95,-1.9
58,-0.09,-0.29,0.93,-0.72,0.36,-2.88
59,-0.1,-0.29,0.94,-0.52,1.43,-3.77
60,-0.11,-0.29,0.92,-0.99,3.08,-3.83
61,-0.12,-0.28,0.93,-1.51,3.62,-4.24
62,-0.12,-0.28,0.93,-1.81,3.78,-5.34
63,-0.14,-0.28,0.93,-2.44,4.89,-5.32
64,-0.14,-0.29,0.93,-2.74,3.99,-5.41
65,-0.14,-0.29,0.93,-3.69,4.25,-5.85
66,-0.16,-0.32,0.93,-3.31,3.64,-5.69
67,-0.16,-0.32,0.92,-1.65,2.22,-6.46
68,-0.16,-0.31,0.92,-0.81,1.61,-6.18
69,-0.17,-0.3,0.91,-1.13,1.87,-5.3
70,-0.17,-0.29,0.9,-2.69,1.23,-5.24
71,-0.16,-0.29,0.9,-3.0,0.68,-5.18
72,-0.16,-0.3,0.91,-3.53,-0.61,-4.95
73,-0.17,-0.31,0.92,-4.16,-0.63,-4.69
74,-0.16,-0.32,0.92,-3.02,-0.98,-4.49
75,-0.17,-0.33,0.92,-1.95,-1.49,-4.11
76,-0.17,-0.31,0.92,-2.2,-2.15,-3.63
77,-0.17,-0.31,0.92,-2.79,-2.89,-2.79
78,-0.17,-0.32,0.93,-2.48,-3.98,-2.34
79,-0.16,-0.32,0.92,-2.3,-4.31,-1.84
80,-0.15,-0.31,0.92,-2.03,-4.28,-0.4
81,-0.16,-0.32,0.92,-1.79,-3.85,0.47
82,-0.14,-0.31,0.92,-2.05,-3.32,0.62
83,-0.15,-0.31,0.92,-2.79,-2.61,1.44
84,-0.14,-0.3,0.91,-3.02,-2.7,1.44
85,-0.13,-0.29,0.91,-2.95,-2.94,0.63
86,-0.13,-0.29,0.91,-2.46,-2.95,-0.38
87,-0.13,-0.29,0.92,-2.5,-4.17,-1.23
88,-0.12,-0.29,0.92,-2.38,-3.65,-1.65
89,-0.12,-0.3,0.93,-2.08,-2.9,-1.18
90,-0.11,-0.29,0.92,-2.4,-2.3,-1.52
91,-0.12,-0.3,0.92,-2.79,-1.49,-1.47
92,-0.13,-0.31,0.93,-3.38,-2.48,-1.41
93,-0.14,-0.31,0.93,-3.29,-2.69,-1.75
94,-0.14,-0.32,0.94,-2.05,-3.0,-2.15
95,-0.14,-0.32,0.92,-0.79,-3.46,-1.86
96,-0.13,-0.31,0.93,-0.31,-2.76,-1.42
97,-0.14,-0.3,0.93,-0.07,-2.74,-1.63
98,-0.13,-0.3,0.93,-0.55,-2.68,-1.67
99,-0.14,-0.3,0.92,-0.82,-3.51,-1.87
100,-0.12,-0.29,0.92,-2.05,-2.08,-2.37
101,-0.14,-0.31,0.93,-1.76,-1.89,-2.43
102,-0.14,-0.32,0.93,-0.53,-2.16,-2.55
103,-0.14,-0.32,0.92,0.68,-3.4,-2.73
104,-0.15,-0.3,0.93,0.84,-3.75,-2.28
105,-0.14,-0.3,0.92,0.59,-4.05,-1.72
106,-0.14,-0.28,0.91,-0.85,-3.21,-0.95
107,-0.14,-0.28,0.92,-1.47,-3.02,-0.69
108,-0.14,-0.3,0.92,-2.57,-2.14,-0.9
109,-0.15,-0.3,0.93,-1.63,-3.53,-0.56
110,-0.15,-0.3,0.92,-1.64,-2.98,0.57
111,-0.14,-0.3,0.92,-2.0,-3.25,0.08
112,-0.14,-0.3,0.93,-0.85,-4.31,0.16
113,-0.12,-0.29,0.94,0.07,-4.44,0.5
114,-0.12,-0.28,0.91,-0.98,-4.81,-0.5
115,-0.11,-0.28,0.93,-1.82,-2.86,-0.73
116,-0.1,-0.29,0.93,-0.08,-4.14,-2.15
117,-0.11,-0.29,0.95,-1.14,-3.62,-2.94
118,-0.11,-0.29,0.93,-1.66,-2.14,-3.03
119,-0.11,-0.3,0.95,-0.64,-2.1,-4.05
120,-0.11,-0.29,0.93,-0.44,-2.22,-5.07
121,-0.12,-0.28,0.91,-1.0,-1.07,-4.55
122,-0.13,-0.29,0.91,-1.18,-2.3,-4.27
123,-0.14,-0.29,0.92,-1.53,-2.58,-3.01
124,-0.15,-0.3,0.92,-1.26,-3.81,-2.36
125,-0.14,-0.29,0.91,-1.49,-4.85,-1.76
126,-0.14,-0.3,0.92,-1.48,-4.42,-0.87
127,-0.12,-0.29,0.91,-1.53,-4.12,-1.31
128,-0.12,-0.28,0.91,-1.61,-4.1,-1.2
129,-0.12,-0.29,0.91,-0.56,-4.36,-1.56
130,-0.09,-0.28,0.93,0.79,-5.05,-3.5
131,-0.11,-0.28,0.91,2.27,-7.77,-6.16
132,-0.12,-0.28,0.91,3.15,-11.02,-8.18
133,-0.12,-0.28,0.92,4.44,-13.39,-9.02
134,-0.09,-0.28,0.92,4.18,-13.37,-9.72
135,-0.08,-0.28,0.93,4.72,-13.09,-10.67
136,-0.09,-0.29,0.93,5.65,-13.16,-11.27
137,-0.09,-0.29,0.93,6.07,-13.64,-10.65
138,-0.09,-0.28,0.91,5.15,-12.73,-9.8
139,-0.08,-0.27,0.91,2.32,-10.24,-7.98
140,-0.07,-0.27,0.91,-1.81,-7.6,-5.81
141,-0.06,-0.27,0.93,-6.18,-4.37,-2.82
142,-0.06,-0.3,0.95,-8.47,-1.22,-0.79
143,-0.06,-0.31,0.93,-7.68,-1.44,-0.24
144,-0.05,-0.33,0.95,-6.61,-2.61,-0.18
145,-0.01,-0.34,0.97,-3.7,-8.17,-2.89
146,0.04,-0.37,0.97,2.03,-14.73,-3.95
147,0.11,-0.38,0.98,7.19,-25.13,-2.75
148,0.25,-0.35,1.01,12.1,-36.47,-1.85
149,0.42,-0.3,1.07,16.98,-46.71,-4.21
150,0.65,-0.27,1.16,21.72,-61.56,-11.59
151,0.87,-0.24,1.21,30.21,-65.1,-17.85
152,1.1,-0.25,1.31,36.45,-69.26,-27.21
153,1.29,-0.21,1.32,42.85,-68.74,-45.83
154,1.52,-0.15,1.29,45.4,-58.14,-60.53
155,1.66,-0.15,1.29,46.34,-39.15,-79.27
156,1.71,-0.21,1.27,47.59,-21.23,-93.82
157,1.67,-0.2,1.18,47.47,-9.22,-102.47
158,1.56,-0.15,1.07,40.18,-9.55,-101.24
159,1.42,-0.18,1.0,31.93,-16.41,-93.31
160,1.38,-0.18,0.97,27.55,-32.91,-82.85
161,1.35,-0.17,0.87,18.59,-37.05,-79.97
162,1.32,-0.17,0.8,11.42,-42.78,-82.4
163,1.33,-0.19,0.84,-12.34,-32.42,-79.82
164,1.43,-0.19,0.85,-26.63,-7.28,-71.66
165,1.23,-0.28,0.78,-43.03,19.79,-108.27
166,0.73,-0.39,0.72,-45.76,11.69,-173.15
167,0.34,-0.58,0.65,-29.88,-4.62,-199.34
168,-0.07,-0.77,0.63,15.08,-40.3,-225.59
169,-0.21,-0.75,0.6,53.86,-63.4,-248.38
170,-0.08,-0.64,0.63,24.32,-4.47,-222.35
171,-0.2,-0.8,0.81,-42.44,103.73,-179.85
172,-0.72,-1.07,0.75,-56.12,184.57,-132.95
173,-1.61,-1.32,0.76,-44.58,192.77,-127.46
174,-2.0,-1.36,0.57,-17.22,127.26,-165.44
175,-2.0,-1.34,0.58,0.42,34.19,-194.61
176,-2.0,-1.3,0.66,6.34,-44.54,-180.04
177,-2.0,-1.17,0.82,-6.08,-75.5,-140.9
178,-1.55,-0.99,1.01,-28.11,-48.4,-90.79
179,-1.25,-0.93,1.18,-38.07,-3.31,-49.65
180,-1.1,-0.93,1.23,-33.59,34.12,-24.97
181,-1.0,-0.8,1.18,-21.4,54.58,-7.35
182,-0.89,-0.6,1.06,-18.57,75.63,9.29
183,-0.87,-0.52,0.91,-12.22,73.81,18.79
184,-0.78,-0.42,0.83,-0.15,49.78,19.31
185,-0.65,-0.28,0.78,10.29,29.1,6.11
186,-0.47,-0.19,0.77,13.6,16.08,0.12
187,-0.34,-0.1,0.75,8.9,17.97,5.11
188,-0.27,-0.04,0.75,-4.42,23.85,12.11
189,-0.25,-0.06,0.78,-14.47,27.38,19.96
190,-0.24,-0.1,0.8,-20.25,22.54,23.05
191,-0.17,-0.13,0.85,-21.46,14.79,19.52
192,-0.16,-0.19,0.91,-13.48,3.37,12.03
193,-0.15,-0.22,0.95,-3.68,-5.66,8.57
194,-0.12,-0.21,0.96,1.91,-7.63,5.35
195,-0.11,-0.18,0.96,0.4,-3.69,4.56
196,-0.12,-0.19,0.98,-3.33,2.27,6.29
197,-0.12,-0.24,1.02,-6.91,9.08,7.87
198,-0.14,-0.29,1.05,-7.27,11.21,8.38
199,-0.15,-0.32,1.06,-6.57,12.73,8.8
200,-0.17,-0.33,1.04,-5.37,10.24,10.87
201,-0.16,-0.32,1.04,-4.22,5.74,12.13
202,-0.13,-0.31,1.04,-3.72,3.5,12.44
203,-0.1,-0.3,1.05,-3.02,2.8,9.93
204,-0.06,-0.3,1.04,-2.9,7.16,6.2
205,-0.04,-0.31,1.04,-2.38,11.98,4.6
206,-0.05,-0.31,1.03,-1.41,14.5,2.53
207,-0.06,-0.31,1.03,0.54,14.34,1.85
208,-0.06,-0.3,1.02,0.25,14.39,3.01
209,-0.08,-0.3,1.01,-1.21,13.86,8.46
210,-0.07,-0.3,1.0,-1.95,11.09,11.85
211,-0.03,-0.28,1.0,-2.05,10.3,11.44
212,-0.01,-0.28,0.99,-1.11,11.37,8.4
213,-0.03,-0.28,1.0,0.91,11.95,6.44
214,-0.03,-0.27,0.99,2.72,11.69,5.65
215,-0.03,-0.24,0.96,2.37,13.38,3.85
216,-0.06,-0.21,0.92,-0.2,13.89,3.47
217,-0.1,-0.22,0.9,-5.05,10.53,5.39
218,-0.14,-0.22,0.87,-12.6,7.17,6.59
219,-0.13,-0.24,0.91,-17.79,1.07,7.18
220,-0.12,-0.3,0.94,-16.33,-0.35,7.46
221,-0.11,-0.33,0.96,-10.95,-3.31,8.88
222,-0.09,-0.33,0.96,-6.92,-4.72,11.68
223,-0.06,-0.3,0.95,-6.22,-1.89,14.11
224,-0.06,-0.28,0.93,-7.24,3.15,16.76
225,-0.06,-0.26,0.92,-11.32,3.24,16.34
226,-0.06,-0.26,0.92,-13.58,3.66,15.39
227,-0.08,-0.28,0.91,-13.26,3.43,14.34
228,-0.11,-0.29,0.9,-13.3,-0.85,15.5
229,-0.1,-0.28,0.91,-13.63,-5.05,17.12
230,-0.05,-0.28,0.93,-12.15,-7.11,18.35
231,-0.03,-0.28,0.94,-10.06,-8.34,18.34
232,-0.02,-0.27,0.95,-9.95,-6.66,18.44
233,-0.01,-0.27,0.95,-9.47,-5.15,17.75
234,-0.01,-0.26,0.95,-10.76,-1.68,19.13
235,0.0,-0.25,0.94,-14.15,3.95,21.25
236,-0.03,-0.24,0.92,-17.02,6.89,22.23
237,-0.06,-0.24,0.91,-19.69,7.91,22.48
238,-0.08,-0.26,0.92,-20.37,7.76,23.39
239,-0.09,-0.27,0.9,-21.48,6.22,21.38
240,-0.12,-0.29,0.91,-20.46,3.21,20.76
241,-0.12,-0.29,0.9,-17.92,0.04,18.72
242,-0.1,-0.3,0.92,-16.2,0.4,20.62
243,-0.1,-0.29,0.93,-16.05,0.98,22.78
244,-0.07,-0.31,0.93,-15.71,2.49,26.31
245,-0.05,-0.3,0.93,-14.87,4.73,26.48
246,-0.05,-0.29,0.93,-15.7,6.2,25.92
247,-0.05,-0.29,0.92,-16.62,6.9,26.75
248,-0.09,-0.27,0.89,-20.1,7.98,26.31
249,-0.13,-0.29,0.89,-21.63,6.22,27.31
250,-0.16,-0.3,0.89,-21.25,1.62,29.01
251,-0.17,-0.31,0.88,-20.85,-2.0,29.58
252,-0.14,-0.3,0.88,-21.38,-3.12,29.95
253,-0.13,-0.32,0.9,-22.04,-4.31,30.81
254,-0.11,-0.3,0.9,-21.75,-4.09,31.21
255,-0.11,-0.32,0.91,-21.03,-1.79,31.11
256,-0.15,-0.33,0.91,-20.64,-1.82,33.72
257,-0.17,-0.33,0.91,-20.62,-3.7,37.3
258,-0.16,-0.34,0.91,-19.54,-6.98,39.51
259,-0.14,-0.34,0.9,-18.58,-9.68,41.4
260,-0.1,-0.32,0.91,-20.17,-10.02,41.96
261,-0.08,-0.31,0.93,-22.51,-6.4,42.24
262,-0.07,-0.32,0.95,-22.45,-3.93,43.15
263,-0.04,-0.32,0.97,-21.07,-2.7,43.68
264,-0.04,-0.32,0.96,-20.4,0.65,42.27
265,-0.05,-0.33,0.99,-17.53,-0.34,38.38
266,-0.09,-0.33,0.97,-13.57,-2.8,34.0
267,-0.1,-0.34,0.94,-8.18,-5.58,30.17
268,-0.09,-0.33,0.92,-4.73,-6.91,27.61
269,-0.09,-0.33,0.9,-6.5,-4.01,30.75
270,-0.1,-0.33,0.9,-9.57,-0.66,34.66
271,-0.1,-0.33,0.87,-12.95,0.21,36.69
272,-0.1,-0.32,0.88,-14.99,-2.85,37.95
273,-0.07,-0.33,0.91,-13.6,-5.02,37.12
274,-0.09,-0.32,0.9,-12.49,-9.74,34.41
275,-0.07,-0.31,0.9,-12.28,-15.91,32.02
276,-0.03,-0.31,0.91,-14.95,-14.41,30.98
277,-0.02,-0.32,0.92,-17.19,-9.56,31.16
278,-0.03,-0.36,0.94,-17.59,-4.85,33.24
279,-0.05,-0.35,0.93,-19.91,-1.28,33.25
280,-0.07,-0.35,0.92,-21.42,-3.44,29.32
281,-0.06,-0.37,0.94,-18.42,-4.88,25.61
282,-0.07,-0.39,0.95,-15.55,-7.58,23.51
283,-0.07,-0.38,0.92,-13.66,-6.19,22.73
284,-0.08,-0.37,0.92,-12.97,-8.18,21.22
285,-0.07,-0.38,0.91,-12.69,-7.33,18.37
286,-0.1,-0.39,0.91,-10.9,-7.22,17.21
287,-0.1,-0.37,0.91,-9.92,-5.98,17.02
288,-0.1,-0.37,0.92,-9.8,-1.44,18.94
289,-0.12,-0.38,0.92,-12.5,1.1,20.43
290,-0.15,-0.39,0.91,-11.37,1.76,22.09
291,-0.19,-0.39,0.87,-11.4,4.04,23.42
292,-0.2,-0.4,0.93,-9.92,0.91,24.06
293,-0.21,-0.4,0.92,-7.53,-2.35,27.18
294,-0.2,-0.38,0.89,-11.91,-10.95,24.58
295,-0.22,-0.38,0.89,-10.79,-12.46,28.27
296,-0.14,-0.36,0.92,-4.33,-23.5,26.24
297,-0.05,-0.32,0.93,-6.03,-20.78,21.84
298,-0.05,-0.32,0.93,-7.21,-15.6,19.31
299,-0.07,-0.33,0.93,-4.83,-16.37,16.51
300,-0.08,-0.32,0.93,-3.66,-17.63,14.05
301,-0.07,-0.34,0.94,-3.31,-17.86,12.16
302,-0.06,-0.35,0.94,-4.52,-14.56,13.03
303,-0.07,-0.35,0.94,-5.6,-10.09,15.26
304,-0.09,-0.36,0.93,-9.11,-6.59,16.58
305,-0.08,-0.37,0.94,-11.72,-0.74,19.79
306,-0.12,-0.38,0.94,-13.4,1.17,21.68
307,-0.15,-0.38,0.91,-13.76,-0.9,23.83
308,-0.14,-0.39,0.92,-10.97,-3.02,23.57
309,-0.16,-0.39,0.9,-8.12,-9.17,20.52
310,-0.12,-0.36,0.9,-6.89,-14.02,17.37
311,-0.06,-0.35,0.92,-3.82,-13.72,14.98
312,-0.04,-0.35,0.96,-0.91,-7.63,13.06
313,-0.09,-0.34,0.89,-6.27,-5.98,10.53
314,-0.1,-0.33,0.89,-11.94,-0.37,11.18
315,-0.12,-0.37,0.94,-7.83,-0.54,12.85
316,-0.1,-0.38,0.94,-6.16,0.92,14.55
317,-0.1,-0.36,0.93,-7.69,-1.27,11.21
318,-0.1,-0.37,0.96,-4.76,1.98,11.18
319,-0.11,-0.39,0.97,1.27,-4.63,8.24
320,-0.04,-0.35,0.96,1.97,-2.31,5.3
321,-0.07,-0.35,0.95,0.22,5.47,5.66
322,-0.12,-0.36,0.94,1.22,2.69,5.15
323,-0.13,-0.34,0.9,-0.27,3.33,6.33
324,-0.19,-0.33,0.88,-3.63,4.05,8.31
325,-0.21,-0.36,0.88,-1.9,-2.52,10.9
326,-0.19,-0.36,0.88,-1.76,-5.36,12.3
327,-0.19,-0.38,0.88,-0.9,-7.5,12.09
328,-0.18,-0.37,0.88,0.86,-10.85,11.69
329,-0.12,-0.34,0.91,1.21,-12.51,11.43
330,-0.09,-0.32,0.91,0.32,-11.18,10.08
331,-0.09,-0.33,0.91,-1.57,-7.7,9.76
332,-0.07,-0.33,0.93,-3.69,-3.96,10.65
333,-0.09,-0.33,0.92,-5.24,-1.4,10.15
334,-0.13,-0.35,0.91,-4.37,-0.69,9.82
335,-0.13,-0.36,0.94,-1.37,-3.02,9.56
336,-0.13,-0.36,0.93,1.79,-5.02,6.14
337,-0.15,-0.35,0.9,4.45,-7.22,4.86
338,-0.13,-0.33,0.91,5.89,-10.15,2.09
339,-0.11,-0.32,0.92,5.16,-8.72,-0.15
340,-0.13,-0.33,0.92,3.53,-7.88,-0.35
341,-0.11,-0.32,0.91,1.46,-5.41,2.13
342,-0.13,-0.33,0.91,-1.85,-1.62,3.99
343,-0.15,-0.35,0.92,-0.93,-3.29,5.39
344,-0.14,-0.36,0.93,0.56,-3.63,6.5
345,-0.15,-0.36,0.93,1.29,-2.69,6.06
346,-0.15,-0.35,0.91,3.85,-5.53,5.01
347,-0.16,-0.33,0.89,4.18,-7.02,4.08
348,-0.18,-0.35,0.89,4.53,-9.76,3.36
349,-0.18,-0.35,0.89,7.2,-13.45,4.28
350,-0.17,-0.34,0.88,7.18,-14.44,5.5
351,-0.17,-0.33,0.89,7.24,-19.58,4.85
352,-0.16,-0.31,0.88,5.98,-20.96,4.76
353,-0.12,-0.3,0.9,3.9,-19.96,6.15
354,-0.1,-0.31,0.92,3.19,-18.11,7.01
355,-0.08,-0.31,0.92,0.29,-12.87,7.31
356,-0.08,-0.31,0.94,-1.06,-8.96,7.71
357,-0.07,-0.31,0.94,-1.07,-6.93,6.69
358,-0.08,-0.33,0.95,0.79,-6.97,3.53
359,-0.09,-0.32,0.95,3.6,-8.2,1.37
360,-0.08,-0.32,0.95,6.05,-10.18,-0.89
361,-0.09,-0.3,0.95,8.21,-11.53,-2.83
362,-0.07,-0.29,0.96,7.37,-10.21,-4.6
363,-0.08,-0.29,0.96,6.17,-6.95,-4.05
364,-0.09,-0.28,0.96,4.84,-4.67,-2.5
365,-0.1,-0.27,0.94,2.98,-2.54,-1.11
366,-0.1,-0.26,0.93,0.24,-0.16,0.65
367,-0.1,-0.27,0.94,-2.91,1.44,4.08
368,-0.09,-0.27,0.93,-6.44,3.73,5.89
369,-0.11,-0.29,0.95,-8.9,1.92,4.34
370,-0.13,-0.32,0.93,-6.79,1.41,3.93
371,-0.11,-0.33,0.95,-4.53,0.66,2.71
372,-0.11,-0.34,0.95,-1.33,-0.71,0.75
373,-0.12,-0.35,0.94,1.1,-2.49,-0.4
374,-0.1,-0.33,0.94,0.1,0.24,1.08
375,-0.11,-0.32,0.93,-1.15,2.18,3.56
376,-0.13,-0.33,0.93,-1.39,2.92,5.32
377,-0.13,-0.33,0.91,-0.46,2.42,6.13
378,-0.12,-0.31,0.92,0.99,-0.78,4.47
379,-0.11,-0.3,0.92,1.5,-1.85,2.82
380,-0.14,-0.29,0.89,0.64,-3.18,3.71
381,-0.11,-0.26,0.88,0.66,-3.94,2.64
382,-0.09,-0.26,0.88,-0.02,-5.85,0.58
383,-0.07,-0.26,0.91,-3.26,-1.95,1.04
384,-0.1,-0.26,0.9,-4.79,-1.37,0.59
385,-0.1,-0.28,0.91,-6.5,-0.56,2.34
386,-0.13,-0.3,0.91,-4.82,-4.02,1.66
387,-0.13,-0.31,0.92,-2.63,-6.2,1.16
388,-0.11,-0.31,0.92,-0.48,-6.99,1.6
389,-0.11,-0.3,0.92,-0.07,-7.9,0.95
390,-0.1,-0.29,0.93,-0.22,-7.14,0.44
391,-0.1,-0.29,0.93,0.09,-6.89,0.35
392,-0.1,-0.31,0.94,-0.08,-6.17,0.76
393,-0.09,-0.31,0.94,0.11,-4.86,0.85
394,-0.08,-0.3,0.95,1.05,-4.04,0.92
395,-0.08,-0.29,0.96,1.18,-3.89,0.7
396,-0.07,-0.26,0.96,-0.33,-3.08,-1.89
397,-0.09,-0.26,0.95,-0.98,-1.02,-1.73
398,-0.09,-0.27,0.95,-1.39,0.02,-2.6
399,-0.09,-0.27,0.95,-2.19,1.17,-2.65
400,-0.11,-0.28,0.93,-2.82,1.12,-3.69
