,accel_x,accel_y,accel_z,gyro_x,gyro_y,gyro_z
0,0.13,-0.18,0.99,-4.9,-1.82,0.44
1,0.12,-0.18,0.98,-4.4,-2.99,1.31
2,0.12,-0.18,0.98,-3.91,-4.11,1.52
3,0.12,-0.17,0.98,-3.28,-5.85,1.08
4,0.13,-0.18,0.98,-3.2,-7.44,1.25
5,0.13,-0.18,0.98,-3.51,-7.95,0.56
6,0.15,-0.18,0.98,-4.15,-7.59,0.28
7,0.16,-0.18,0.97,-4.73,-7.21,-1.27
8,0.17,-0.19,0.98,-5.18,-7.53,-3.15
9,0.17,-0.18,1.01,-4.15,-6.82,-5.01
10,0.15,-0.19,1.02,-2.11,-5.58,-5.24
11,0.14,-0.21,1.03,0.24,-5.21,-4.08
12,0.14,-0.2,1.03,1.69,-5.06,-4.23
13,0.14,-0.2,1.02,2.78,-4.56,-3.63
14,0.15,-0.18,1.01,4.08,-1.87,-2.55
15,0.14,-0.18,0.99,3.67,0.38,-2.46
16,0.14,-0.17,0.97,3.63,1.5,-2.51
17,0.15,-0.16,0.95,3.07,1.11,-3.82
18,0.14,-0.16,0.94,2.63,1.13,-4.63
19,0.14,-0.15,0.95,1.26,1.17,-5.08
20,0.14,-0.16,0.96,1.25,0.97,-5.57
21,0.13,-0.17,0.96,1.23,0.59,-5.6
22,0.12,-0.17,0.95,0.76,1.15,-4.97
23,0.13,-0.18,0.95,0.41,0.03,-4.66
24,0.13,-0.19,0.95,-0.38,-0.72,-4.37
25,0.14,-0.19,0.97,-0.52,0.36,-3.31
26,0.15,-0.19,0.98,-0.95,2.06,-2.66
27,0.16,-0.19,0.97,-0.31,3.47,-3.34
28,0.16,-0.18,0.97,0.62,4.27,-3.47
29,0.15,-0.18,0.98,-0.28,2.73,-4.82
30,0.15,-0.18,0.97,0.53,2.12,-4.87
31,0.15,-0.18,0.98,0.82,3.03,-4.79
32,0.15,-0.17,0.97,2.04,5.65,-3.93
33,0.15,-0.17,0.96,0.57,5.93,-4.48
34,0.15,-0.17,0.95,0.17,4.81,-5.18
35,0.15,-0.16,0.95,-0.44,4.56,-5.27
36,0.14,-0.16,0.95,-0.94,2.86,-6.28
37,0.14,-0.16,0.96,-1.51,1.32,-6.6
38,0.13,-0.17,0.98,-1.05,1.15,-5.94
39,0.14,-0.17,0.98,-0.24,0.87,-6.65
40,0.12,-0.17,0.97,-1.02,-0.37,-6.5
41,0.12,-0.17,0.96,-0.77,0.37,-4.39
42,0.12,-0.16,0.95,-1.47,0.46,-4.27
43,0.12,-0.16,0.96,-2.28,0.65,-2.82
44,0.11,-0.17,0.95,-3.21,-0.14,-2.13
45,0.13,-0.16,0.95,-3.24,-0.53,-2.44
46,0.14,-0.15,0.96,-3.09,-0.95,-2.94
47,0.14,-0.16,0.96,-3.38,-1.34,-3.97
48,0.14,-0.16,0.96,-3.23,-1.82,-4.59
49,0.13,-0.16,0.98,-2.89,-2.11,-4.69
50,0.13,-0.17,1.0,-2.45,-0.49,-3.85
51,0.14,-0.17,1.0,-1.0,0.64,-2.64
52,0.14,-0.16,0.99,-1.05,1.37,-0.56
53,0.14,-0.18,0.99,0.2,-0.03,0.68
54,0.13,-0.17,0.98,1.38,-2.3,-0.49
55,0.13,-0.17,0.98,1.57,-3.44,-1.24
56,0.13,-0.18,0.98,1.1,-2.98,-2.1
57,0.13,-0.18,0.98,0.97,-2.49,-1.05
58,0.1,-0.18,1.0,1.66,-3.01,1.0
59,0.12,-0.17,0.98,1.68,-4.11,0.55
60,0.13,-0.16,0.97,1.4,-3.21,0.48
61,0.14,-0.16,0.97,0.73,-2.27,1.05
62,0.13,-0.16,0.97,0.87,-1.15,0.33
63,0.13,-0.16,0.97,0.92,-2.16,0.73
64,0.14,-0.15,0.95,0.98,-2.35,0.56
65,0.14,-0.15,0.95,-0.36,-1.52,0.56
66,0.13,-0.15,0.95,-0.99,-2.6,0.02
67,0.14,-0.15,0.95,-2.2,-1.69,-0.52
68,0.14,-0.16,0.96,-2.09,0.67,0.97
69,0.13,-0.16,0.97,-1.69,1.85,1.4
70,0.12,-0.16,0.96,-2.24,1.02,0.83
71,0.12,-0.16,0.97,-2.95,1.18,0.79
72,0.11,-0.16,0.98,-2.82,1.22,1.5
73,0.11,-0.16,0.99,-1.82,0.65,2.07
74,0.14,-0.16,0.98,-0.99,1.04,1.8
75,0.14,-0.15,0.98,-0.31,2.42,0.74
76,0.12,-0.15,0.97,-0.45,2.24,0.41
77,0.12,-0.15,0.96,-0.54,1.6,0.55
78,0.12,-0.14,0.96,-1.52,0.92,-0.47
79,0.12,-0.15,0.95,-2.78,1.02,-0.76
80,0.11,-0.15,0.96,-3.76,0.44,-1.71
81,0.12,-0.16,0.98,-3.73,0.33,-1.47
82,0.13,-0.17,0.99,-3.27,0.75,-2.1
83,0.12,-0.17,1.0,-2.34,1.47,-1.21
84,0.11,-0.16,1.0,-1.85,0.78,-1.66
85,0.13,-0.16,1.0,-1.15,0.63,-2.7
86,0.12,-0.16,0.99,-0.72,0.02,-3.11
87,0.13,-0.16,0.99,-0.01,-1.1,-3.47
88,0.12,-0.17,0.99,0.78,-1.39,-3.79
89,0.13,-0.15,1.0,1.66,-1.25,-3.22
90,0.14,-0.15,0.98,1.88,-1.11,-4.08
91,0.14,-0.14,0.98,1.79,-0.73,-4.16
92,0.12,-0.14,0.96,0.49,0.41,-4.2
93,0.12,-0.15,0.96,-0.2,-0.25,-3.63
94,0.13,-0.15,0.97,-1.08,0.69,-3.47
95,0.12,-0.15,0.97,-1.5,1.72,-3.13
96,0.12,-0.16,0.97,-1.44,1.63,-2.44
97,0.13,-0.15,0.98,-1.23,1.38,-1.86
98,0.12,-0.15,0.98,-0.95,1.17,-1.55
99,0.13,-0.14,0.97,-0.8,1.1,-1.06
100,0.13,-0.14,0.97,-1.15,1.22,-1.17
101,0.12,-0.13,0.96,-0.88,1.69,-1.21
102,0.12,-0.14,0.97,-0.95,1.46,-0.76
103,0.13,-0.14,0.97,-0.52,0.72,-1.04
104,0.14,-0.14,0.97,-0.11,0.86,-1.48
105,0.13,-0.14,0.96,-0.18,0.14,-2.79
106,0.12,-0.14,0.95,-0.53,-1.53,-3.5
107,0.12,-0.14,0.96,-1.09,-1.82,-3.73
108,0.13,-0.15,0.97,-1.36,-1.74,-2.57
109,0.12,-0.15,0.97,-1.39,-1.96,-2.78
110,0.11,-0.15,0.97,-1.98,-1.35,-2.66
111,0.1,-0.16,0.99,-1.6,-1.02,-1.94
112,0.11,-0.16,0.99,-0.84,-0.2,-0.13
113,0.11,-0.16,0.98,-1.38,-0.66,-0.1
114,0.1,-0.17,0.99,-1.22,-0.95,0.72
115,0.09,-0.17,1.0,-1.04,-3.93,1.69
116,0.1,-0.15,0.99,-0.43,-1.53,3.07
117,0.12,-0.16,0.99,-0.18,-1.2,2.57
118,0.13,-0.16,0.99,0.22,-2.05,1.94
119,0.13,-0.16,1.0,1.63,-3.69,0.33
120,0.13,-0.16,0.99,2.69,-3.64,0.44
121,0.14,-0.16,1.0,3.36,-3.4,-0.07
122,0.15,-0.15,0.99,3.76,-0.86,0.09
123,0.14,-0.15,0.99,3.06,2.67,0.18
124,0.14,-0.16,1.0,2.93,4.28,0.86
125,0.14,-0.16,1.0,4.12,3.34,1.31
126,0.13,-0.16,1.0,4.89,3.15,2.05
127,0.14,-0.16,1.0,5.75,2.05,2.68
128,0.15,-0.16,1.01,7.21,1.92,3.38
129,0.17,-0.16,1.01,9.21,2.02,3.72
130,0.16,-0.17,1.01,11.6,1.98,5.11
131,0.17,-0.18,1.03,15.11,1.78,9.59
132,0.2,-0.19,1.03,18.14,3.02,15.47
133,0.25,-0.19,1.01,19.73,4.65,20.58
134,0.33,-0.19,1.0,21.56,6.85,25.23
135,0.46,-0.19,0.96,22.57,9.97,27.33
136,0.6,-0.18,0.95,21.76,13.14,28.85
137,0.76,-0.16,0.92,17.75,18.41,28.62
138,0.92,-0.15,0.9,9.91,27.24,23.66
139,0.98,-0.16,0.84,2.79,34.66,17.56
140,1.02,-0.16,0.86,-7.49,42.94,13.53
141,1.04,-0.18,0.85,-12.1,42.79,8.03
142,1.09,-0.18,0.84,-18.82,42.45,0.27
143,1.14,-0.18,0.85,-26.92,44.05,-10.19
144,1.18,-0.2,0.85,-28.51,42.37,-23.36
145,1.19,-0.24,0.84,-32.95,31.9,-41.43
146,1.25,-0.26,0.87,-32.17,18.78,-62.89
147,1.25,-0.28,0.84,-28.76,-5.79,-85.18
148,1.21,-0.31,0.83,-28.82,-33.71,-102.07
149,1.21,-0.31,0.82,-31.8,-59.86,-119.96
150,1.29,-0.29,0.84,-40.36,-79.35,-131.51
151,1.36,-0.32,0.81,-47.49,-75.69,-139.27
152,1.49,-0.37,0.82,-56.88,-65.64,-151.51
153,1.55,-0.42,0.8,-69.21,-55.88,-168.41
154,1.65,-0.46,0.81,-86.66,-36.93,-191.5
155,1.72,-0.52,0.83,-102.92,-3.93,-217.51
156,1.69,-0.59,0.91,-97.79,37.02,-245.23
157,1.58,-0.72,0.99,-91.1,71.73,-250.14
158,1.38,-0.84,0.99,-79.66,88.65,-250.14
159,1.13,-0.96,0.9,-57.12,96.33,-250.14
160,0.76,-1.12,0.72,-45.15,93.38,-250.14
161,0.39,-1.38,0.6,-35.6,85.76,-250.14
162,-0.16,-1.57,0.55,-19.86,55.17,-250.14
163,-0.77,-1.64,0.5,-14.14,-6.84,-250.14
164,-1.2,-1.73,0.51,-9.15,-39.75,-250.14
165,-1.42,-1.73,0.51,-19.86,-53.63,-250.14
166,-1.47,-1.79,0.7,-39.85,-2.41,-228.13
167,-1.48,-1.86,1.03,-40.53,75.85,-186.22
168,-1.52,-1.86,1.28,-54.87,141.64,-162.03
169,-1.7,-1.75,1.53,-50.85,174.3,-144.68
170,-1.82,-1.6,1.63,-28.73,146.12,-137.81
171,-1.74,-1.37,1.51,-7.14,90.31,-138.55
172,-1.61,-1.14,1.4,8.87,50.0,-139.89
173,-1.48,-0.97,1.3,16.75,29.65,-130.69
174,-1.3,-0.81,1.24,17.4,29.94,-110.31
175,-1.1,-0.64,1.17,19.66,44.78,-86.82
176,-0.94,-0.48,1.09,22.87,58.38,-64.79
177,-0.8,-0.34,1.01,22.89,64.46,-49.52
178,-0.67,-0.23,0.94,23.95,63.99,-41.6
179,-0.63,-0.16,0.9,24.89,57.11,-37.15
180,-0.57,-0.1,0.88,26.18,43.69,-35.37
181,-0.5,-0.06,0.85,26.81,31.32,-32.81
182,-0.44,-0.03,0.83,26.44,25.97,-29.22
183,-0.42,-0.03,0.79,23.45,25.08,-23.64
184,-0.38,-0.03,0.81,18.31,27.04,-15.82
185,-0.35,-0.06,0.82,13.89,29.27,-11.89
186,-0.37,-0.1,0.82,10.99,24.85,-10.1
187,-0.4,-0.12,0.85,9.3,14.48,-6.92
188,-0.39,-0.14,0.86,7.67,2.79,-2.7
189,-0.33,-0.15,0.88,4.12,-4.77,1.79
190,-0.26,-0.16,0.91,-1.08,-6.73,5.5
191,-0.2,-0.18,0.97,-4.34,-5.3,8.18
192,-0.19,-0.2,0.99,-3.61,-5.27,10.96
193,-0.16,-0.23,1.04,-2.53,-5.02,14.27
194,-0.14,-0.25,1.04,1.37,-6.14,16.18
195,-0.14,-0.26,1.03,6.68,-7.88,18.87
196,-0.12,-0.25,1.05,21.57,-3.19,27.27
197,-0.08,-0.21,1.0,19.24,-4.42,28.71
198,-0.03,-0.18,0.95,18.23,-1.2,31.5
199,-0.0,-0.12,0.91,20.04,5.22,33.03
200,0.04,-0.14,0.89,16.99,9.93,36.65
201,0.05,-0.12,0.86,11.63,13.87,37.27
202,0.05,-0.11,0.86,11.31,15.54,37.5
203,0.01,-0.1,0.84,8.57,14.36,36.4
204,0.01,-0.1,0.84,4.36,11.29,34.42
205,-0.01,-0.1,0.87,3.7,8.4,33.92
206,-0.04,-0.1,0.88,2.75,3.99,34.91
207,-0.02,-0.1,0.88,1.53,-0.15,34.19
208,0.01,-0.11,0.91,0.34,-4.03,33.04
209,0.05,-0.11,0.94,1.89,-5.75,32.84
210,0.06,-0.1,0.93,2.15,-6.22,30.79
211,0.04,-0.1,0.93,1.05,-6.6,30.78
212,0.04,-0.11,0.94,0.16,-5.98,33.61
213,0.06,-0.12,0.95,-0.47,-3.58,35.59
214,0.08,-0.11,0.96,-2.25,-1.86,35.56
215,0.12,-0.12,0.97,-4.08,1.85,35.69
216,0.13,-0.12,0.98,-4.5,5.89,33.96
217,0.09,-0.14,0.99,-3.5,6.13,30.29
218,0.04,-0.13,0.99,0.02,0.64,27.71
219,0.01,-0.13,0.99,2.82,-5.37,27.09
220,0.0,-0.14,0.98,5.72,-10.61,25.44
221,-0.01,-0.14,0.98,8.56,-14.34,26.34
222,-0.01,-0.14,0.97,10.51,-14.53,25.71
223,-0.01,-0.15,0.96,11.93,-12.62,27.81
224,-0.02,-0.14,0.94,11.29,-11.25,29.75
225,-0.03,-0.13,0.91,8.68,-11.43,33.53
226,-0.0,-0.14,0.91,6.26,-8.41,36.37
227,-0.01,-0.14,0.93,6.25,-5.69,39.85
228,0.01,-0.14,0.93,4.85,-2.43,42.2
229,-0.01,-0.13,0.93,-1.18,-1.01,43.9
230,-0.04,-0.15,0.94,0.07,-3.16,46.34
231,-0.04,-0.13,0.92,-1.37,-10.86,44.59
232,-0.04,-0.14,0.92,-1.62,-17.98,43.24
233,-0.03,-0.14,0.92,-0.78,-24.32,42.79
234,-0.02,-0.12,0.9,-1.18,-27.03,43.15
235,0.02,-0.12,0.91,-3.88,-28.83,43.07
236,0.03,-0.12,0.93,-6.02,-27.7,43.38
237,0.03,-0.12,0.93,-8.16,-26.03,44.82
238,0.04,-0.12,0.95,-10.13,-24.7,46.79
239,0.06,-0.12,0.97,-10.8,-21.63,47.16
240,0.05,-0.13,0.97,-10.21,-20.38,48.45
241,0.08,-0.13,0.99,-10.39,-17.14,50.15
242,0.08,-0.13,1.0,-10.4,-14.08,48.37
243,0.07,-0.13,1.0,-9.07,-13.56,47.78
244,0.06,-0.13,0.99,-7.69,-14.13,46.6
245,0.05,-0.13,0.99,-6.11,-14.23,45.47
246,0.03,-0.13,0.98,-3.81,-17.61,42.82
247,0.02,-0.14,0.97,-2.5,-21.5,40.73
248,0.01,-0.14,0.95,-2.41,-25.17,39.72
249,0.0,-0.14,0.95,-3.34,-27.47,40.82
250,0.02,-0.15,0.95,-5.2,-26.5,42.41
251,0.04,-0.15,0.97,-6.11,-24.23,45.22
252,0.05,-0.16,0.99,-6.45,-21.82,48.37
253,0.07,-0.16,1.02,-6.02,-20.4,49.75
254,0.1,-0.17,1.03,-5.15,-19.1,50.03
255,0.1,-0.18,1.03,-2.85,-17.28,50.77
256,0.09,-0.17,1.02,-0.56,-18.93,50.82
257,0.1,-0.16,1.02,0.81,-20.85,49.12
258,0.1,-0.15,1.0,1.75,-21.6,47.74
259,0.09,-0.15,0.99,2.92,-23.29,46.12
260,0.07,-0.15,1.0,3.21,-26.4,46.62
261,0.1,-0.14,1.0,3.15,-26.95,48.53
262,0.12,-0.15,1.0,2.95,-25.44,50.65
263,0.13,-0.16,1.0,2.78,-22.37,51.71
264,0.12,-0.15,0.98,2.8,-22.2,51.79
265,0.13,-0.15,0.97,2.59,-21.93,51.73
266,0.13,-0.16,1.01,3.77,-20.73,51.89
267,0.14,-0.16,0.98,5.97,-21.68,50.1
268,0.11,-0.17,0.96,7.88,-21.92,48.38
269,0.09,-0.17,0.94,10.01,-23.74,48.39
270,0.09,-0.17,0.91,11.39,-26.86,48.26
271,0.08,-0.16,0.88,10.44,-29.15,48.32
272,0.08,-0.15,0.86,7.45,-30.48,50.06
273,0.08,-0.16,0.87,3.85,-30.65,52.24
274,0.08,-0.17,0.91,1.4,-28.41,56.45
275,0.09,-0.18,0.95,1.04,-24.82,62.57
276,0.14,-0.18,0.98,0.07,-19.09,69.09
277,0.2,-0.17,0.98,-0.89,-11.21,72.55
278,0.23,-0.15,0.97,-1.81,-7.21,74.11
279,0.27,-0.13,0.95,-3.49,-6.76,73.02
280,0.3,-0.12,0.97,-4.45,-7.02,68.07
281,0.29,-0.12,0.99,-2.65,-7.96,62.98
282,0.27,-0.12,1.01,-0.03,-10.44,56.59
283,0.25,-0.13,1.03,4.69,-12.79,51.01
284,0.21,-0.13,1.03,9.99,-15.98,47.2
285,0.19,-0.12,1.01,13.6,-18.55,46.15
286,0.23,-0.1,1.0,12.79,-14.6,45.94
287,0.23,-0.09,0.98,11.18,-10.54,46.85
288,0.26,-0.08,0.97,7.63,-5.48,49.26
289,0.27,-0.08,0.97,2.37,0.53,50.53
290,0.28,-0.08,0.99,-0.63,5.18,49.84
291,0.26,-0.08,1.02,-2.13,5.74,47.38
292,0.24,-0.09,1.02,0.08,2.49,44.39
293,0.21,-0.09,1.01,2.75,-2.94,40.21
294,0.2,-0.09,1.02,5.9,-8.05,35.6
295,0.19,-0.09,1.02,10.25,-12.31,32.75
296,0.19,-0.09,1.01,12.97,-16.02,31.58
297,0.2,-0.09,0.97,13.52,-17.47,32.46
298,0.23,-0.08,0.97,11.05,-15.23,33.65
299,0.26,-0.08,0.96,6.92,-11.95,34.63
300,0.28,-0.07,0.94,2.63,-7.88,35.66
301,0.3,-0.09,0.95,0.06,-4.98,35.34
302,0.31,-0.08,0.95,-3.35,-2.05,33.88
303,0.3,-0.1,0.96,-4.11,-0.06,30.95
304,0.28,-0.12,0.98,-3.6,0.53,30.1
305,0.27,-0.13,0.99,-3.18,0.18,28.53
306,0.28,-0.13,0.99,-2.69,2.84,27.0
307,0.28,-0.13,0.98,-0.98,4.31,25.86
308,0.24,-0.14,0.99,1.05,2.43,24.49
309,0.25,-0.12,0.97,2.54,0.02,22.75
310,0.26,-0.13,0.97,3.58,-0.06,21.3
311,0.24,-0.12,0.96,3.76,-0.26,18.86
312,0.23,-0.12,0.97,4.13,0.36,17.81
313,0.23,-0.12,0.96,5.3,0.99,18.82
314,0.23,-0.1,0.95,3.01,1.52,17.04
315,0.21,-0.1,0.94,2.36,2.3,18.08
316,0.22,-0.09,0.95,-0.21,3.42,18.91
317,0.24,-0.08,0.96,-3.07,5.55,19.63
318,0.25,-0.08,0.98,-4.64,8.4,20.98
319,0.24,-0.09,0.99,-5.69,8.69,20.24
320,0.25,-0.09,0.99,-6.07,8.19,18.54
321,0.24,-0.09,1.01,-5.04,7.09,15.99
322,0.24,-0.08,1.01,-3.95,4.85,12.77
323,0.27,-0.07,1.02,-2.27,3.76,9.43
324,0.26,-0.07,1.0,-1.21,3.63,4.12
325,0.23,-0.08,1.01,-0.46,1.31,0.24
326,0.22,-0.1,1.01,0.34,0.24,-1.75
327,0.2,-0.11,1.03,0.39,0.39,-3.37
328,0.16,-0.11,1.05,1.63,0.4,-3.72
329,0.15,-0.12,1.06,3.4,1.4,-2.89
330,0.13,-0.11,1.04,4.66,2.41,-1.24
331,0.13,-0.11,1.03,6.76,2.75,-0.16
332,0.13,-0.12,1.02,7.53,4.05,1.88
333,0.14,-0.11,0.98,7.29,4.58,3.2
334,0.14,-0.09,0.97,7.12,3.46,3.71
335,0.13,-0.09,0.95,5.86,2.33,3.31
336,0.13,-0.08,0.94,3.55,1.45,3.92
337,0.14,-0.08,0.95,2.0,1.85,4.62
338,0.15,-0.08,0.95,0.45,4.37,5.81
339,0.14,-0.08,0.96,-0.6,6.38,6.92
340,0.13,-0.09,0.95,-1.64,8.13,8.02
341,0.13,-0.08,0.96,-2.05,8.71,7.73
342,0.11,-0.08,0.96,-1.46,7.92,7.14
343,0.11,-0.08,0.97,-0.33,5.96,6.88
344,0.12,-0.09,0.97,0.82,4.53,6.36
345,0.11,-0.09,0.97,1.62,4.09,6.63
346,0.1,-0.09,0.96,1.37,2.56,7.62
347,0.11,-0.08,0.97,0.27,1.84,8.6
348,0.13,-0.07,0.97,-1.1,3.08,9.61
349,0.15,-0.07,0.96,-2.72,4.33,9.63
350,0.15,-0.07,0.97,-3.61,4.97,9.34
351,0.14,-0.06,0.97,-4.37,3.82,9.16
352,0.16,-0.06,0.98,-4.85,3.4,9.55
353,0.19,-0.05,1.0,-5.19,3.69,8.58
354,0.2,-0.06,1.0,-5.36,3.4,6.72
355,0.19,-0.06,1.01,-4.56,2.5,4.64
356,0.18,-0.07,1.0,-3.89,0.63,2.71
357,0.19,-0.08,1.02,-3.12,0.79,1.98
358,0.17,-0.09,1.01,-2.77,0.85,0.4
359,0.13,-0.1,1.02,-2.35,-0.81,-0.13
360,0.11,-0.11,1.04,-0.49,-2.15,0.29
361,0.08,-0.12,1.03,1.33,-3.46,1.24
362,0.08,-0.13,1.02,2.6,-3.82,1.66
363,0.08,-0.13,1.03,3.83,-3.93,2.03
364,0.08,-0.12,1.0,4.82,-5.66,1.77
365,0.09,-0.12,1.0,5.18,-7.08,2.02
366,0.09,-0.11,0.98,4.35,-6.77,2.78
367,0.11,-0.1,0.98,3.01,-4.96,3.79
368,0.11,-0.09,0.99,2.04,-3.08,4.05
369,0.12,-0.08,0.98,1.73,-1.99,4.76
370,0.14,-0.07,0.98,2.48,-1.11,4.41
371,0.15,-0.06,0.98,2.41,-1.11,3.79
372,0.15,-0.06,0.96,2.3,-1.13,3.18
373,0.15,-0.05,0.94,1.77,-1.25,2.31
374,0.16,-0.05,0.94,1.03,-0.93,1.46
375,0.17,-0.06,0.94,-0.29,0.49,1.01
376,0.15,-0.06,0.93,-1.61,-0.2,0.61
377,0.15,-0.06,0.94,-2.77,-0.66,0.23
378,0.16,-0.05,0.93,-3.91,-0.76,-0.06
379,0.16,-0.05,0.93,-5.69,0.93,0.36
380,0.16,-0.05,0.94,-7.27,2.73,0.26
381,0.14,-0.06,0.95,-7.56,3.71,0.93
382,0.15,-0.06,0.96,-8.05,2.64,-0.22
383,0.16,-0.08,0.98,-7.63,2.56,-0.91
384,0.14,-0.08,0.98,-6.53,2.19,-1.09
385,0.14,-0.08,0.98,-5.95,1.5,-1.47
386,0.14,-0.08,0.97,-5.77,1.06,-1.79
387,0.15,-0.07,0.97,-6.87,1.53,-1.42
388,0.15,-0.07,0.96,-7.63,0.92,-2.37
389,0.14,-0.07,0.98,-7.76,0.01,-2.89
390,0.14,-0.08,0.99,-7.53,-0.24,-3.69
391,0.13,-0.07,0.98,-6.75,0.05,-4.7
392,0.11,-0.08,0.97,-6.79,0.23,-5.31
393,0.11,-0.09,0.98,-7.19,0.71,-5.04
394,0.11,-0.08,0.97,-7.79,1.93,-4.08
395,0.13,-0.08,0.98,-9.11,2.79,-4.27
396,0.13,-0.08,0.99,-9.63,3.24,-5.49
397,0.12,-0.09,1.01,-7.94,2.76,-5.67
398,0.11,-0.09,1.01,-6.56,0.36,-6.97
399,0.09,-0.1,1.0,-5.24,-1.49,-8.44
