,accel_x,accel_y,accel_z,gyro_x,gyro_y,gyro_z
0,-0.11,-0.25,0.9,-7.15,-12.26,-4.66
1,-0.08,-0.25,0.92,-13.06,-10.05,1.61
2,-0.05,-0.27,0.96,-16.09,-8.7,6.54
3,-0.02,-0.3,0.99,-15.53,-7.03,9.24
4,0.01,-0.31,1.0,-13.49,-6.34,8.18
5,0.04,-0.32,1.0,-10.69,-5.27,7.25
6,0.05,-0.32,1.01,-7.51,-4.71,5.95
7,0.06,-0.32,1.01,-6.11,-4.4,1.88
8,0.08,-0.31,1.01,-5.33,-4.05,-3.17
9,0.08,-0.3,1.01,-5.6,-0.92,-4.47
10,0.07,-0.31,1.01,-5.73,3.83,-2.62
11,0.06,-0.31,1.0,-5.05,5.31,-1.46
12,0.03,-0.31,1.0,-3.89,6.03,0.0
13,0.02,-0.31,1.0,-3.05,4.58,0.4
14,0.01,-0.3,1.0,-2.76,1.91,-0.07
15,0.01,-0.31,1.0,-0.7,1.14,1.29
16,0.01,-0.3,0.98,-0.36,0.43,2.85
17,0.03,-0.28,0.98,-0.53,0.22,3.24
18,0.03,-0.29,0.96,0.34,-0.95,0.44
19,0.03,-0.28,0.95,1.29,-2.21,-2.85
20,0.04,-0.28,0.96,2.45,-4.34,-6.24
21,0.05,-0.27,0.94,3.17,-3.99,-7.44
22,0.03,-0.28,0.92,2.02,-2.5,-7.97
23,0.01,-0.3,0.94,0.98,-1.83,-7.69
24,0.0,-0.33,0.93,1.16,-1.07,-5.94
25,-0.01,-0.32,0.92,1.2,-0.43,-4.05
26,-0.02,-0.3,0.91,-1.56,-0.04,-3.76
27,-0.02,-0.29,0.91,-3.06,-0.75,-3.69
28,-0.04,-0.29,0.9,-3.65,-0.31,-3.96
29,-0.05,-0.29,0.91,-5.09,-1.24,-2.57
30,-0.07,-0.31,0.92,-7.22,-2.82,-1.85
31,-0.05,-0.31,0.91,-8.05,-3.79,-2.18
32,-0.04,-0.32,0.92,-7.63,-1.48,0.03
33,-0.05,-0.33,0.95,-7.18,-2.51,-0.66
34,-0.04,-0.33,0.96,-5.18,-3.85,-1.76
35,-0.04,-0.33,0.96,-3.48,-3.7,-2.98
36,-0.02,-0.33,0.96,-2.69,-2.25,0.05
37,-0.03,-0.32,0.94,-2.24,-1.1,1.21
38,-0.03,-0.32,0.95,-1.44,-1.46,0.21
39,-0.02,-0.3,0.94,-0.85,-1.41,1.24
40,-0.04,-0.29,0.93,-0.99,-2.24,1.05
41,-0.01,-0.27,0.94,-2.58,-1.71,0.56
42,0.0,-0.27,0.94,-3.24,0.76,2.79
43,-0.0,-0.28,0.93,-3.6,2.3,2.56
44,-0.0,-0.29,0.93,-3.02,2.78,2.3
45,-0.01,-0.28,0.93,-2.24,1.25,1.28
46,-0.0,-0.29,0.91,-2.61,-0.69,-0.86
47,-0.01,-0.28,0.93,-3.41,-0.34,-0.98
48,0.0,-0.28,0.93,-3.73,0.2,-0.25
49,0.02,-0.28,0.91,-3.73,1.16,0.01
50,-0.0,-0.3,0.91,-4.02,0.76,-0.98
51,-0.02,-0.3,0.91,-3.65,-1.83,-2.46
52,-0.01,-0.31,0.92,-3.07,-4.08,-2.8
53,0.0,-0.3,0.91,-3.89,-4.81,-1.94
54,0.0,-0.29,0.91,-5.66,-3.71,-0.77
55,0.0,-0.28,0.92,-6.49,-2.56,-0.02
56,-0.02,-0.29,0.92,-7.05,-3.06,-1.15
57,-0.01,-0.3,0.93,-6.63,-2.98,0.18
58,-0.02,-0.31,0.92,-6.47,-2.01,1.82
59,-0.03,-0.31,0.93,-6.71,-4.21,1.56
60,-0.01,-0.32,0.94,-6.41,-6.07,0.98
61,0.02,-0.31,0.94,-6.98,-4.98,2.37
62,0.02,-0.3,0.94,-7.08,-3.53,2.95
63,0.02,-0.3,0.96,-6.95,-4.21,0.88
64,0.03,-0.3,0.96,-6.15,-5.34,-0.47
65,0.02,-0.31,0.95,-5.0,-4.44,1.15
66,0.03,-0.32,0.96,-3.89,-4.34,-0.55
67,0.02,-0.32,0.97,-3.93,-5.22,-1.91
68,0.02,-0.31,0.95,-3.65,-3.72,-1.36
69,0.01,-0.31,0.97,-3.47,-1.16,0.52
70,-0.01,-0.31,0.97,-3.89,-1.34,0.65
71,-0.02,-0.32,0.96,-4.05,-2.49,0.98
72,-0.01,-0.33,0.96,-2.76,-2.91,2.31
73,-0.0,-0.33,0.97,-1.77,-2.53,3.23
74,0.0,-0.33,0.98,-1.32,-3.18,1.42
75,0.02,-0.32,0.97,-0.91,-3.63,-1.59
76,0.03,-0.3,0.97,-0.2,-2.0,-2.21
77,0.0,-0.31,0.96,0.02,-0.6,-2.85
78,-0.0,-0.31,0.96,-0.54,-0.15,-2.82
79,0.0,-0.31,0.94,-0.16,0.79,-0.7
80,-0.0,-0.31,0.95,-0.4,1.92,0.71
81,0.0,-0.31,0.94,-0.55,1.21,-0.44
82,0.01,-0.31,0.95,0.34,0.73,-0.73
83,-0.0,-0.3,0.93,0.34,2.89,1.97
84,-0.01,-0.29,0.93,-0.47,3.54,2.2
85,-0.02,-0.29,0.92,-1.19,2.6,1.59
86,-0.02,-0.28,0.92,-1.82,1.21,1.16
87,-0.0,-0.28,0.92,-2.35,0.86,-0.49
88,-0.01,-0.3,0.93,-2.4,1.17,-1.24
89,-0.02,-0.31,0.95,-2.34,0.74,-0.83
90,-0.02,-0.31,0.94,-2.08,0.13,-1.08
91,-0.02,-0.32,0.94,-1.4,1.53,1.21
92,-0.02,-0.33,0.95,-1.59,1.53,2.66
93,-0.03,-0.32,0.93,-1.72,0.23,2.57
94,-0.02,-0.31,0.95,-1.97,-0.21,2.39
95,-0.02,-0.31,0.93,-2.23,-0.98,2.14
96,-0.02,-0.31,0.93,-1.31,-2.49,1.24
97,-0.01,-0.3,0.93,-0.66,-2.96,0.44
98,-0.02,-0.31,0.93,-0.87,-2.92,0.5
99,-0.03,-0.3,0.93,-0.98,-3.71,0.02
100,-0.02,-0.29,0.93,-2.1,-3.31,0.83
101,-0.01,-0.3,0.94,-3.43,-2.73,0.42
102,-0.0,-0.31,0.95,-3.31,-2.18,-0.12
103,0.02,-0.32,0.95,-1.41,-1.16,1.55
104,0.02,-0.31,0.94,-0.16,0.61,2.29
105,0.01,-0.3,0.94,-0.39,0.59,1.46
106,-0.0,-0.29,0.93,-0.5,1.02,1.61
107,-0.0,-0.28,0.92,-1.86,1.68,3.31
108,-0.02,-0.28,0.93,-2.96,1.17,2.85
109,-0.01,-0.29,0.93,-3.1,-0.15,1.99
110,-0.01,-0.28,0.93,-3.0,-0.56,0.5
111,0.01,-0.29,0.93,-2.85,-0.49,0.93
112,-0.01,-0.29,0.94,-3.86,-1.08,0.42
113,-0.0,-0.3,0.94,-4.5,-1.95,0.06
114,0.01,-0.3,0.95,-4.27,-1.4,1.08
115,0.01,-0.3,0.95,-4.41,-0.55,1.61
116,0.0,-0.3,0.95,-3.24,-0.9,-0.44
117,0.0,-0.31,0.96,-1.82,-1.91,-2.1
118,0.0,-0.31,0.95,-1.56,-2.37,-2.61
119,-0.01,-0.3,0.95,-1.65,-2.31,-2.05
120,-0.0,-0.3,0.94,-1.21,-2.89,-2.08
121,0.02,-0.3,0.94,-0.87,-1.68,0.15
122,-0.0,-0.29,0.93,-1.04,-0.56,0.4
123,0.01,-0.29,0.92,-1.09,-0.27,-0.14
124,-0.02,-0.27,0.92,-1.49,-1.24,-1.17
125,-0.02,-0.27,0.92,-2.53,-1.87,-2.01
126,-0.02,-0.27,0.92,-3.9,-2.46,-2.91
127,-0.02,-0.27,0.93,-4.72,-1.76,-2.5
128,-0.02,-0.29,0.94,-4.98,-0.95,-1.56
129,-0.04,-0.29,0.95,-6.6,-2.1,-0.54
130,-0.06,-0.29,0.95,-6.22,-0.55,-0.56
131,-0.05,-0.3,0.96,-5.82,0.02,0.42
132,-0.05,-0.3,0.95,-6.66,-0.1,-0.94
133,-0.05,-0.31,0.94,-7.01,-0.17,0.37
134,-0.02,-0.33,0.95,-7.38,0.78,2.48
135,-0.01,-0.34,0.98,-6.64,0.87,4.58
136,0.01,-0.34,0.99,-4.07,-0.93,6.4
137,0.08,-0.36,0.98,3.61,-5.63,13.3
138,0.19,-0.38,0.96,15.45,-13.58,22.57
139,0.34,-0.41,0.91,30.74,-33.56,34.6
140,0.64,-0.47,0.88,56.37,-56.58,50.5
141,1.25,-0.41,0.65,74.19,-75.46,67.28
142,2.0,-0.33,0.33,75.85,-76.02,107.78
143,2.0,0.0,0.34,64.32,-77.27,129.75
144,2.0,0.65,0.31,-47.27,-33.16,46.63
145,2.0,0.79,0.66,-81.15,80.31,-77.31
146,2.0,0.34,1.14,-83.35,143.19,-216.71
147,2.0,-0.39,1.43,-53.95,166.08,-250.14
148,2.0,-0.86,1.16,-16.79,175.27,-250.14
149,2.0,-1.27,0.96,-8.58,216.97,-250.14
150,2.0,-1.7,0.7,-55.66,250.13,-250.14
151,2.0,-2.0,0.43,-115.39,250.13,-250.14
152,1.51,-2.0,0.3,-139.05,250.13,-250.14
153,-0.84,-2.0,0.3,-67.02,250.13,-250.14
154,-2.0,-2.0,-0.1,104.27,198.03,-250.14
155,-2.0,-2.0,-0.28,169.91,44.99,-250.14
156,-2.0,-2.0,-0.52,129.36,2.47,-250.14
157,-2.0,-2.0,-0.61,52.98,24.48,-250.14
158,-2.0,-2.0,-0.4,-3.58,84.87,-152.06
159,-2.0,-2.0,-0.26,-22.12,103.26,-10.73
160,-2.0,-2.0,-0.17,-15.69,75.3,53.2
161,-2.0,-1.72,-0.14,-1.91,-1.75,78.15
162,-2.0,-1.02,0.0,22.36,-27.88,70.31
163,-2.0,-0.6,0.02,29.27,-53.45,61.71
164,-1.7,-0.29,-0.12,19.5,-21.38,106.66
165,-1.45,-0.13,-0.1,-10.69,-35.19,118.44
166,-1.01,-0.1,0.13,-19.34,-67.33,86.64
167,-0.55,-0.09,0.31,-5.58,-75.85,69.32
168,-0.25,-0.14,0.42,3.76,-48.15,74.98
169,-0.24,-0.15,0.5,17.61,-22.98,79.4
170,-0.27,-0.1,0.5,25.97,-13.57,74.4
171,-0.29,-0.07,0.46,27.43,-26.78,61.51
172,-0.28,-0.1,0.59,8.56,-46.14,47.92
173,-0.14,-0.13,0.62,2.36,-41.82,42.53
174,-0.01,-0.2,0.69,-3.17,-37.23,44.75
175,0.01,-0.25,0.72,-15.45,-23.73,49.47
176,0.02,-0.31,0.74,-17.28,-15.92,51.29
177,-0.05,-0.36,0.76,-19.66,-17.8,49.69
178,-0.09,-0.42,0.77,-22.76,-19.26,51.66
179,-0.1,-0.48,0.82,-21.34,-20.64,56.34
180,-0.12,-0.49,0.86,-22.18,-32.32,58.34
181,-0.07,-0.5,0.91,-18.85,-42.5,57.6
182,0.0,-0.51,0.95,-20.19,-50.25,55.2
183,0.08,-0.54,0.99,-21.03,-52.18,49.07
184,0.14,-0.55,1.01,-24.46,-49.42,47.11
185,0.19,-0.57,1.03,-26.99,-35.68,56.62
186,0.22,-0.59,1.07,-24.97,-19.24,72.87
187,0.16,-0.53,1.04,-27.56,-0.74,85.67
188,0.12,-0.5,0.97,-26.23,15.69,93.46
189,0.02,-0.48,0.97,-16.91,24.08,103.18
190,-0.06,-0.44,0.96,-5.23,22.08,98.71
191,-0.12,-0.4,0.96,2.21,12.89,85.62
192,-0.12,-0.38,0.92,5.27,-2.06,74.35
193,-0.11,-0.35,0.93,5.76,-9.68,70.31
194,-0.09,-0.33,0.93,5.47,-16.37,65.72
195,-0.06,-0.29,0.91,1.31,-18.13,60.73
196,-0.01,-0.28,0.93,-4.13,-12.22,64.8
197,-0.02,-0.26,0.91,-7.19,-6.94,70.47
198,-0.03,-0.25,0.91,-11.54,-4.96,73.07
199,-0.04,-0.25,0.92,-18.91,-5.34,73.83
200,-0.04,-0.28,0.93,-22.07,-11.62,73.2
201,-0.06,-0.3,0.95,-17.73,-12.07,67.73
202,-0.05,-0.34,0.96,-12.07,-21.44,57.11
203,-0.07,-0.38,0.94,-5.13,-28.23,47.8
204,-0.1,-0.41,0.92,-1.86,-31.44,43.5
205,-0.14,-0.42,0.91,-1.92,-32.55,46.72
206,-0.14,-0.42,0.91,-5.45,-32.22,54.3
207,-0.12,-0.37,0.91,-10.98,-30.73,61.82
208,-0.04,-0.34,0.92,-17.7,-27.98,65.24
209,0.06,-0.34,0.96,-19.91,-20.68,67.73
210,0.08,-0.36,1.0,-17.8,-12.74,66.9
211,0.08,-0.39,1.0,-10.72,-8.82,64.76
212,0.04,-0.39,0.99,-3.61,-10.53,57.48
213,0.02,-0.39,0.95,2.01,-12.9,50.38
214,-0.01,-0.36,0.92,3.87,-16.94,45.89
215,-0.03,-0.36,0.89,1.82,-22.82,40.98
216,-0.02,-0.35,0.9,-1.24,-26.56,37.75
217,-0.01,-0.34,0.93,-4.34,-29.52,34.31
218,0.03,-0.35,0.94,-4.4,-28.33,33.37
219,0.06,-0.34,0.98,-3.76,-27.04,32.05
220,0.06,-0.36,0.97,-2.35,-23.62,29.39
221,0.05,-0.37,0.99,-1.16,-19.19,29.99
222,0.03,-0.38,0.98,0.69,-13.66,32.36
223,-0.01,-0.38,0.97,2.56,-11.31,32.88
224,-0.05,-0.37,0.95,2.74,-12.15,29.9
225,-0.07,-0.36,0.93,1.09,-13.77,29.39
226,-0.06,-0.35,0.91,-2.01,-13.76,30.52
227,-0.03,-0.33,0.92,-5.9,-11.66,34.31
228,-0.03,-0.32,0.93,-7.73,-8.62,36.86
229,-0.03,-0.33,0.93,-8.34,-7.06,37.21
230,-0.04,-0.34,0.93,-7.96,-8.63,35.66
231,-0.04,-0.35,0.93,-7.07,-11.67,32.53
232,-0.04,-0.35,0.93,-5.79,-16.11,27.88
233,-0.02,-0.34,0.94,-5.44,-17.34,24.09
234,0.03,-0.33,0.93,-3.89,-12.95,25.37
235,-0.02,-0.32,0.94,-2.88,-11.49,24.79
236,-0.04,-0.33,0.94,-1.89,-13.32,21.34
237,-0.05,-0.33,0.94,-0.18,-15.4,22.26
238,-0.04,-0.32,0.94,1.6,-19.55,17.92
239,-0.02,-0.3,0.94,1.83,-21.62,13.53
240,-0.03,-0.29,0.94,1.89,-22.77,12.89
241,-0.03,-0.29,0.94,1.13,-22.5,12.0
242,0.01,-0.28,0.94,0.53,-18.84,13.23
243,-0.01,-0.28,0.95,1.53,-17.27,13.56
244,-0.01,-0.29,0.96,1.8,-18.08,10.54
245,0.01,-0.27,0.95,1.62,-17.09,9.26
246,0.02,-0.26,0.94,1.53,-12.16,9.58
247,-0.0,-0.26,0.94,-0.33,-10.44,7.25
248,-0.01,-0.27,0.94,-0.85,-9.92,6.6
249,-0.03,-0.27,0.94,-0.63,-12.15,3.86
250,-0.02,-0.28,0.93,0.11,-14.53,-1.02
251,-0.04,-0.29,0.95,0.44,-15.5,-4.72
252,-0.04,-0.31,0.96,0.75,-17.47,-7.12
253,-0.04,-0.32,0.97,1.5,-16.82,-6.63
254,-0.02,-0.32,0.96,2.43,-13.95,-2.13
255,-0.04,-0.31,0.95,2.46,-9.02,2.18
256,-0.06,-0.31,0.94,2.16,-10.9,1.07
257,-0.06,-0.31,0.94,1.42,-13.61,-0.4
258,-0.04,-0.29,0.96,0.82,-13.47,-1.11
259,0.01,-0.27,0.95,-0.63,-8.0,2.03
260,-0.01,-0.28,0.95,-0.86,-4.94,4.4
261,-0.03,-0.29,0.96,-0.51,-6.99,1.73
262,-0.02,-0.29,0.95,0.54,-8.35,-0.24
263,-0.0,-0.27,0.95,1.89,-6.67,0.17
264,-0.03,-0.27,0.95,2.78,-6.21,-1.64
265,-0.05,-0.27,0.95,3.5,-8.72,-5.21
266,-0.07,-0.27,0.94,3.77,-9.55,-4.7
267,-0.07,-0.25,0.93,3.41,-9.81,-4.95
268,-0.04,-0.24,0.92,1.73,-5.79,-3.37
269,-0.07,-0.24,0.94,0.27,-4.98,-2.38
270,-0.06,-0.26,0.93,0.04,-7.23,-4.21
271,-0.06,-0.27,0.93,0.25,-6.95,-3.26
272,-0.06,-0.26,0.92,0.08,-6.37,-3.96
273,-0.06,-0.27,0.93,-0.21,-7.2,-5.51
274,-0.07,-0.28,0.92,-1.02,-8.53,-5.88
275,-0.06,-0.26,0.92,-1.85,-8.6,-5.57
276,-0.05,-0.28,0.92,-2.4,-5.6,-4.4
277,-0.07,-0.29,0.93,-2.8,-5.75,-5.57
278,-0.06,-0.3,0.94,-3.18,-7.4,-5.16
279,-0.04,-0.3,0.95,-2.58,-6.8,-3.18
280,-0.04,-0.29,0.96,-2.58,-5.27,-3.99
281,-0.05,-0.29,0.95,-1.85,-4.21,-3.66
282,-0.05,-0.29,0.96,-1.44,-4.25,-3.0
283,-0.04,-0.28,0.95,-1.65,-1.93,-2.5
284,-0.06,-0.28,0.94,-2.93,-1.53,-2.54
285,-0.08,-0.29,0.94,-3.33,-3.49,-2.85
286,-0.07,-0.3,0.95,-2.96,-5.45,-3.2
287,-0.05,-0.29,0.94,-2.11,-3.73,-2.51
288,-0.07,-0.29,0.93,-2.94,-2.97,-1.24
289,-0.08,-0.29,0.93,-3.14,-4.44,-0.62
290,-0.08,-0.29,0.93,-3.4,-6.89,-1.55
291,-0.06,-0.29,0.93,-3.58,-5.65,-2.24
292,-0.09,-0.31,0.94,-3.26,-8.58,-3.26
293,-0.06,-0.32,0.95,-1.67,-11.34,-3.61
294,-0.04,-0.31,0.96,0.27,-12.01,-4.46
295,-0.02,-0.29,0.96,1.96,-12.56,-8.31
296,-0.02,-0.28,0.95,2.05,-10.27,-8.89
297,-0.03,-0.28,0.95,1.86,-8.18,-6.31
298,-0.03,-0.27,0.94,0.45,-8.36,-7.61
299,-0.03,-0.28,0.96,0.05,-7.0,-6.26
300,0.01,-0.25,0.93,-0.86,-3.11,-8.68
301,-0.02,-0.26,0.94,-3.89,-0.2,-9.18
302,-0.02,-0.25,0.92,-3.91,0.98,-7.2
303,0.01,-0.24,0.91,-4.82,3.54,-1.44
304,-0.01,-0.23,0.93,-7.08,5.89,-1.9
305,-0.03,-0.24,0.94,-7.89,5.95,-2.95
306,-0.03,-0.25,0.94,-6.84,4.34,-3.66
307,-0.03,-0.28,0.94,-4.92,5.02,-0.43
308,-0.05,-0.27,0.93,-4.35,7.2,2.74
309,-0.06,-0.27,0.93,-4.13,5.38,1.73
310,-0.08,-0.27,0.92,-4.46,2.6,-0.7
311,-0.06,-0.27,0.93,-5.92,1.95,-0.82
312,-0.04,-0.27,0.93,-6.18,2.52,1.16
313,-0.05,-0.28,0.95,-5.85,1.7,1.08
314,-0.03,-0.29,0.94,-4.81,0.98,0.69
315,-0.03,-0.29,0.95,-4.53,1.18,-0.11
316,-0.03,-0.3,0.95,-4.92,1.66,-1.76
317,-0.02,-0.29,0.95,-4.4,2.69,-0.46
318,-0.03,-0.28,0.94,-4.18,4.08,2.02
319,-0.05,-0.28,0.94,-4.69,4.28,1.9
320,-0.04,-0.29,0.95,-5.33,3.76,2.18
321,-0.05,-0.29,0.95,-5.13,3.84,3.58
322,-0.05,-0.29,0.95,-4.36,3.53,2.54
323,-0.04,-0.28,0.96,-4.53,3.28,0.89
324,-0.04,-0.29,0.96,-4.47,2.33,-1.65
325,-0.05,-0.3,0.96,-3.82,1.43,-3.69
326,-0.07,-0.3,0.97,-2.41,0.24,-4.64
327,-0.05,-0.3,0.95,-1.47,0.48,-3.11
328,-0.07,-0.29,0.96,-1.16,2.88,2.05
329,-0.09,-0.29,0.94,-1.08,2.16,1.95
330,-0.1,-0.28,0.93,-1.73,0.14,-0.34
331,-0.09,-0.29,0.94,-1.49,-2.11,-0.32
332,-0.09,-0.29,0.96,-1.5,-3.7,0.64
333,-0.09,-0.3,0.95,-1.77,-5.67,-1.47
334,-0.06,-0.31,0.96,-1.22,-6.48,-2.47
335,-0.04,-0.31,0.95,1.05,-5.27,-2.6
336,-0.06,-0.3,0.97,0.78,-5.43,-2.66
337,-0.05,-0.29,0.97,1.02,-5.2,-2.85
338,-0.06,-0.28,0.96,2.22,-4.46,-0.11
339,-0.06,-0.27,0.94,2.69,-3.48,2.02
340,-0.07,-0.27,0.94,2.23,-4.94,1.57
341,-0.07,-0.27,0.94,1.51,-5.98,0.94
342,-0.06,-0.27,0.96,2.15,-8.06,-0.9
343,-0.06,-0.28,0.95,3.7,-9.99,-3.91
344,-0.04,-0.28,0.96,4.67,-10.63,-5.56
345,-0.03,-0.28,0.96,4.74,-10.77,-5.15
346,-0.03,-0.28,0.97,4.91,-10.16,-6.3
347,-0.02,-0.28,0.97,5.47,-9.79,-7.73
348,-0.02,-0.28,0.97,5.24,-7.95,-7.9
349,-0.03,-0.27,0.98,6.17,-6.65,-8.15
350,-0.03,-0.27,0.96,7.03,-4.86,-7.62
351,-0.03,-0.27,0.95,7.63,-4.23,-7.67
352,-0.06,-0.27,0.95,7.31,-5.98,-9.14
353,-0.06,-0.28,0.95,8.9,-8.76,-11.16
354,-0.06,-0.27,0.95,9.74,-10.98,-12.12
355,-0.05,-0.26,0.94,8.99,-12.29,-13.14
356,-0.03,-0.27,0.94,7.86,-12.92,-12.39
357,-0.02,-0.27,0.96,7.14,-10.16,-9.05
358,-0.02,-0.27,0.94,7.27,-7.21,-6.63
359,-0.03,-0.27,0.94,7.5,-8.05,-6.02
360,-0.02,-0.26,0.95,8.4,-9.73,-8.22
361,-0.01,-0.26,0.95,8.43,-10.63,-9.5
362,-0.02,-0.25,0.95,8.03,-11.17,-11.33
363,0.0,-0.25,0.94,7.05,-10.12,-9.85
364,-0.01,-0.23,0.94,5.38,-7.59,-8.29
365,-0.02,-0.24,0.94,2.85,-6.08,-6.79
366,-0.01,-0.23,0.94,1.32,-4.22,-3.88
367,-0.02,-0.24,0.94,0.43,-4.45,-3.47
368,-0.01,-0.24,0.94,-0.89,-3.73,-3.12
369,0.0,-0.25,0.96,-0.78,-3.4,-2.65
370,0.01,-0.25,0.96,0.51,-3.26,-2.91
371,0.0,-0.25,0.95,0.4,-3.35,-4.0
372,-0.02,-0.24,0.95,0.32,-4.12,-4.66
373,0.0,-0.23,0.95,-0.64,-3.51,-4.37
374,-0.01,-0.23,0.93,-1.64,-1.03,-0.63
375,-0.01,-0.24,0.95,-2.21,-0.8,0.34
376,-0.02,-0.25,0.96,-2.93,-3.21,-1.97
377,-0.0,-0.26,0.97,-1.92,-3.76,-2.01
378,0.0,-0.25,0.97,-0.76,-2.89,-1.56
379,-0.01,-0.24,0.96,-1.56,-3.04,-2.14
380,-0.02,-0.24,0.95,-2.58,-2.41,-0.35
381,-0.01,-0.24,0.95,-3.45,-2.67,0.84
382,-0.02,-0.23,0.95,-0.86,-3.51,-0.56
383,-0.01,-0.23,0.94,-1.21,-5.49,-0.95
384,-0.02,-0.24,0.96,-1.75,-6.15,-0.48
385,-0.01,-0.24,0.95,-1.27,-4.89,1.23
386,-0.01,-0.23,0.95,-1.7,-3.77,1.87
387,-0.01,-0.22,0.95,-2.46,-3.63,2.11
388,-0.01,-0.22,0.95,-2.43,-2.63,4.06
389,-0.02,-0.23,0.95,-2.22,-3.64,3.95
390,-0.03,-0.23,0.95,-2.34,-6.47,1.91
391,-0.01,-0.24,0.97,-2.37,-8.98,-0.27
392,0.01,-0.26,0.98,-2.02,-9.09,0.18
393,0.01,-0.26,0.99,-2.07,-8.23,0.05
394,0.02,-0.27,0.98,-0.96,-6.19,0.69
395,0.03,-0.27,1.0,0.9,-4.39,2.56
396,0.01,-0.27,0.98,2.23,-3.86,2.33
397,-0.0,-0.27,0.98,3.38,-5.68,0.29
398,0.01,-0.26,0.95,3.92,-5.96,-1.08
399,-0.01,-0.25,0.96,4.08,-7.05,-2.01
