,accel_x,accel_y,accel_z,gyro_x,gyro_y,gyro_z
0,0.07,-0.17,0.93,2.02,-8.25,-3.24
1,0.06,-0.17,0.94,-1.05,-9.31,-2.73
2,0.1,-0.16,0.95,-2.85,-8.33,-0.78
3,0.1,-0.17,0.95,-4.49,-5.34,2.0
4,0.1,-0.16,0.97,-5.19,-6.19,0.27
5,0.12,-0.17,0.98,-4.63,-6.08,-1.61
6,0.13,-0.17,0.98,-3.95,-1.98,-1.27
7,0.11,-0.17,0.98,-4.22,-1.73,-3.81
8,0.1,-0.17,0.98,-3.99,-0.53,-3.84
9,0.07,-0.17,0.99,-4.63,-0.4,-3.85
10,0.07,-0.18,0.99,-4.82,-1.6,-5.12
11,0.07,-0.2,0.99,-4.02,-1.46,-4.78
12,0.05,-0.21,0.97,-2.41,-1.23,-5.1
13,0.05,-0.21,0.99,-2.5,-2.24,-5.55
14,0.05,-0.22,1.0,-1.6,0.21,-1.75
15,0.03,-0.23,1.01,-0.33,1.37,1.53
16,0.02,-0.23,1.0,0.98,0.18,1.17
17,0.03,-0.21,0.99,0.85,-1.67,0.54
18,0.02,-0.2,0.98,1.56,-2.69,-0.59
19,0.03,-0.2,0.98,1.52,-2.55,-0.18
20,0.03,-0.19,0.98,1.55,-2.7,1.73
21,0.04,-0.19,0.97,1.11,-3.59,1.11
22,0.04,-0.19,0.98,1.27,-3.63,1.39
23,0.04,-0.19,0.98,2.18,-3.78,3.12
24,0.06,-0.19,0.98,2.44,-2.4,6.15
25,0.06,-0.18,0.97,0.76,-1.48,5.61
26,0.09,-0.17,0.97,-1.77,13.9,4.83
27,0.09,-0.17,0.96,-1.28,0.52,0.96
28,0.05,-0.18,0.97,-2.72,-0.24,-0.7
29,0.04,-0.18,0.95,-3.23,-2.89,-5.12
30,0.04,-0.18,0.95,-4.67,-4.63,-6.01
31,0.04,-0.18,0.95,-6.47,-7.19,-8.44
32,0.07,-0.18,0.94,-6.93,-5.78,-6.18
33,0.07,-0.18,0.97,-6.56,-4.77,-6.28
34,0.07,-0.19,0.96,-6.5,-4.74,-6.95
35,0.07,-0.19,0.97,-6.95,-4.64,-9.18
36,0.08,-0.2,0.97,-6.54,-5.06,-9.06
37,0.08,-0.19,0.97,-6.42,-4.09,-9.73
38,0.06,-0.19,0.97,-6.95,-3.46,-10.17
39,0.07,-0.21,0.97,-6.92,-2.86,-9.73
40,0.07,-0.21,0.97,-4.82,-2.11,-7.96
41,0.06,-0.2,0.96,-3.75,-1.66,-6.07
42,0.05,-0.19,0.96,-2.98,-2.8,-5.82
43,0.05,-0.18,0.96,-3.56,-3.86,-7.2
44,0.05,-0.19,0.96,-4.37,-4.46,-6.98
45,0.05,-0.19,0.97,-5.21,-4.53,-7.27
46,0.07,-0.2,0.96,-4.18,-3.69,-4.03
47,0.05,-0.2,0.97,-3.07,-4.41,-2.89
48,0.06,-0.2,0.97,-2.82,-5.05,-3.7
49,0.07,-0.19,0.96,-3.29,-4.54,-1.64
50,0.07,-0.2,0.96,-3.14,-2.31,2.92
51,0.07,-0.19,0.97,-3.47,-1.95,3.95
52,0.07,-0.19,0.98,-3.27,-2.7,2.79
53,0.08,-0.2,0.96,-2.99,-2.65,2.34
54,0.1,-0.19,0.97,-2.39,-3.24,0.5
55,0.09,-0.18,0.97,-0.76,-2.99,0.27
56,0.09,-0.18,0.96,-0.11,-1.34,1.79
57,0.08,-0.18,0.96,-1.34,-0.05,3.63
58,0.08,-0.17,0.95,-2.66,-0.56,2.69
59,0.08,-0.18,0.97,-3.42,-1.47,-0.19
60,0.08,-0.19,0.97,-4.21,-2.31,-1.89
61,0.08,-0.19,0.97,-4.15,-1.99,-0.8
62,0.1,-0.2,0.98,-3.16,0.82,1.64
63,0.1,-0.2,0.98,-3.44,2.24,0.19
64,0.08,-0.2,0.97,-3.78,2.31,-0.82
65,0.07,-0.2,0.97,-4.27,2.27,-0.38
66,0.07,-0.21,0.97,-4.19,2.63,0.17
67,0.06,-0.2,0.97,-4.28,3.33,0.68
68,0.06,-0.2,0.97,-4.52,2.02,-1.16
69,0.05,-0.19,0.97,-5.08,2.15,0.13
70,0.05,-0.2,0.97,-5.24,1.05,0.69
71,0.07,-0.2,0.96,-3.62,-0.34,1.3
72,0.08,-0.19,0.96,-3.19,0.47,0.55
73,0.08,-0.19,0.97,-2.36,2.07,2.66
74,0.05,-0.19,0.98,-3.36,1.3,1.91
75,0.07,-0.19,0.97,-3.46,0.79,2.86
76,0.04,-0.19,0.97,-4.67,-1.19,0.53
77,0.07,-0.2,0.99,-3.8,-2.67,-1.15
78,0.09,-0.2,0.99,-3.98,-1.3,-3.31
79,0.08,-0.2,0.99,-4.22,-0.72,-4.03
80,0.06,-0.21,0.98,-2.78,-1.88,-3.82
81,0.07,-0.2,0.99,-3.03,-3.63,-5.56
82,0.08,-0.2,0.99,-2.24,-3.15,-4.68
83,0.05,-0.22,0.99,-2.1,-2.92,-3.3
84,0.05,-0.22,0.98,-1.28,-3.5,0.22
85,0.04,-0.23,0.99,-0.31,-6.4,-1.58
86,0.03,-0.22,0.98,0.66,-10.57,-5.07
87,0.07,-0.21,0.98,3.05,-12.4,-6.92
88,0.08,-0.18,0.95,2.11,-10.85,-7.26
89,0.08,-0.18,0.96,1.21,-10.66,-7.92
90,0.08,-0.17,0.98,2.92,-12.94,-9.28
91,0.09,-0.17,0.94,0.21,-3.47,-2.49
92,0.09,-0.17,0.96,-1.47,-1.75,-2.18
93,0.07,-0.18,0.97,-2.44,-1.76,-2.95
94,0.08,-0.19,0.97,-3.73,-1.17,-2.63
95,0.08,-0.19,0.97,-3.63,0.27,-1.56
96,0.08,-0.19,0.98,-3.5,0.56,-2.05
97,0.07,-0.19,0.97,-3.24,0.26,-2.56
98,0.07,-0.19,0.97,-3.3,1.65,-0.96
99,0.08,-0.2,0.98,-2.99,2.67,0.45
100,0.09,-0.2,0.98,-1.95,2.64,-0.64
101,0.1,-0.2,0.98,-0.88,3.36,-1.56
102,0.1,-0.19,0.98,-0.79,5.76,-0.88
103,0.08,-0.19,0.96,-0.73,6.2,-0.66
104,0.07,-0.18,0.94,-1.2,4.64,-1.44
105,0.06,-0.18,0.94,-1.86,2.6,-2.36
106,0.06,-0.18,0.94,-2.89,0.67,-3.92
107,0.09,-0.19,0.94,-3.98,1.03,-4.72
108,0.07,-0.18,0.95,-3.98,2.56,-2.85
109,0.07,-0.19,0.96,-4.6,2.93,-3.84
110,0.06,-0.19,0.96,-4.36,2.18,-3.85
111,0.05,-0.2,0.96,-4.53,1.24,-4.59
112,0.06,-0.2,0.96,-4.24,-5.6,-6.33
113,0.05,-0.19,0.97,-5.16,0.35,-6.25
114,0.06,-0.19,0.97,-5.14,-0.26,-6.27
115,0.06,-0.19,0.96,-4.73,1.24,-5.05
116,0.06,-0.19,0.96,-5.54,1.27,-5.64
117,0.04,-0.19,0.97,-5.47,-0.81,-6.27
118,0.04,-0.19,0.96,-5.44,1.27,-4.34
119,0.04,-0.19,0.97,-6.28,0.25,-4.51
120,0.05,-0.19,0.97,-7.25,0.25,-4.16
121,0.04,-0.21,0.99,-7.3,-0.63,-5.07
122,0.04,-0.21,0.99,-7.02,-0.21,-3.39
123,0.02,-0.22,0.99,-6.36,-0.26,-1.95
124,0.02,-0.22,0.98,-6.15,-0.86,0.11
125,0.03,-0.23,0.99,-6.08,-1.89,0.84
126,0.05,-0.22,0.99,-6.76,-1.11,1.4
127,0.06,-0.24,1.0,-6.02,0.27,3.19
128,0.09,-0.23,1.0,-4.47,2.49,5.96
129,0.12,-0.23,0.99,-1.14,9.44,17.98
130,0.09,-0.23,0.98,-1.24,12.27,24.3
131,0.16,-0.22,0.99,1.9,11.79,36.18
132,0.23,-0.28,0.92,7.02,12.36,51.05
133,0.42,-0.28,0.87,12.85,-3.89,69.21
134,0.8,-0.4,0.81,27.64,-20.21,102.63
135,1.38,-0.36,0.58,26.98,-52.02,119.37
136,2.0,-0.21,0.5,-0.57,-94.38,108.74
137,2.0,-0.1,0.54,-23.9,-114.84,80.47
138,2.0,0.02,0.67,-51.08,-98.98,33.31
139,2.0,0.0,0.79,-56.06,-51.96,-27.41
140,2.0,0.0,0.67,-55.21,4.74,-97.37
141,2.0,0.01,0.48,-54.79,56.85,-216.82
142,2.0,-0.26,0.36,-40.78,106.96,-250.14
143,2.0,-0.97,0.24,-37.95,148.69,-250.14
144,2.0,-1.62,0.08,-56.11,188.98,-250.14
145,2.0,-2.0,-0.1,-84.72,237.22,-250.14
146,2.0,-2.0,-0.22,-133.08,250.13,-250.14
147,0.9,-2.0,-0.3,-160.43,250.13,-250.14
148,-0.96,-2.0,-0.0,-158.21,250.13,-250.14
149,-2.0,-2.0,0.43,-101.25,146.33,-250.14
150,-2.0,-2.0,0.35,-23.23,94.18,-250.14
151,-2.0,-2.0,0.62,-8.52,86.4,-250.14
152,-2.0,-2.0,0.74,-12.0,128.37,-250.14
153,-2.0,-2.0,0.83,2.07,176.73,-180.67
154,-2.0,-2.0,0.9,48.15,165.85,-79.73
155,-2.0,-2.0,0.83,95.5,95.45,-33.99
156,-2.0,-2.0,0.63,122.53,34.73,-0.11
157,-2.0,-1.47,0.41,120.6,20.63,42.95
158,-2.0,-0.86,0.26,94.35,26.06,94.02
159,-2.0,-0.37,0.15,80.51,28.13,130.9
160,-1.58,-0.12,0.13,70.99,21.29,133.96
161,-1.19,-0.0,0.11,61.11,8.58,118.98
162,-0.87,-0.0,0.12,48.43,3.79,108.61
163,-0.65,-0.05,0.14,36.34,7.87,112.56
164,-0.52,0.03,0.25,23.8,8.54,118.27
165,-0.39,0.11,0.26,9.32,-2.19,111.68
166,-0.28,0.17,0.31,-2.4,-23.24,96.2
167,-0.19,0.2,0.36,-15.69,-44.83,75.5
168,-0.08,0.17,0.44,-24.53,-60.93,61.52
169,0.01,0.11,0.47,-32.28,-65.5,54.08
170,0.13,0.06,0.54,-46.96,-69.93,48.47
171,0.12,-0.04,0.59,-55.69,-61.92,47.23
172,0.12,-0.16,0.65,-62.47,-52.83,43.93
173,0.07,-0.27,0.72,-76.5,-31.08,57.53
174,0.04,-0.4,0.79,-83.02,-19.32,86.2
175,0.06,-0.44,0.87,-90.54,-16.56,104.11
176,0.14,-0.46,0.92,-96.25,-18.74,102.17
177,0.23,-0.5,1.02,-97.93,-24.69,89.71
178,0.29,-0.54,1.06,-91.4,-26.12,78.14
179,0.28,-0.56,1.08,-79.23,-22.11,71.09
180,0.26,-0.54,1.05,-67.18,-18.85,64.49
181,0.23,-0.54,1.02,-57.95,-14.19,61.32
182,0.13,-0.53,0.98,-46.55,-7.71,63.88
183,0.07,-0.49,1.0,-38.91,-6.82,68.77
184,0.06,-0.45,0.99,-29.04,-9.39,71.64
185,0.09,-0.41,1.02,-22.83,-15.21,69.39
186,0.11,-0.36,1.03,-20.89,-22.52,57.37
187,0.15,-0.34,1.03,-23.16,-23.52,50.85
188,0.16,-0.34,1.04,-26.16,-19.18,51.3
189,0.15,-0.34,1.04,-26.33,-12.34,52.37
190,0.13,-0.33,1.03,-25.2,-7.18,52.69
191,0.11,-0.33,1.01,-21.53,-3.37,51.13
192,0.03,-0.32,0.96,-16.95,-1.62,49.87
193,-0.04,-0.34,0.95,-14.57,-8.85,44.73
194,-0.07,-0.33,0.95,-11.03,-23.15,39.14
195,-0.05,-0.33,0.94,-7.44,-35.8,32.8
196,-0.02,-0.33,0.95,-5.4,-45.68,23.67
197,0.01,-0.33,0.95,-4.89,-50.05,16.49
198,0.04,-0.33,0.95,-6.22,-46.53,15.34
199,0.04,-0.34,0.94,-9.78,-36.91,21.63
200,0.01,-0.36,0.95,-14.11,-30.32,26.58
201,0.01,-0.38,0.97,-18.28,-25.81,31.27
202,0.05,-0.39,0.97,-19.78,-18.6,37.13
203,0.05,-0.42,1.0,-20.49,-10.0,45.39
204,0.03,-0.45,1.02,-18.76,-8.31,47.89
205,0.04,-0.45,1.01,-12.47,-10.48,43.84
206,0.06,-0.45,1.03,-5.64,-14.25,36.45
207,0.02,-0.44,1.02,0.58,-20.67,29.41
208,0.03,-0.42,1.0,4.25,-25.21,25.26
209,0.05,-0.39,0.98,5.09,-24.02,23.89
210,0.05,-0.38,0.96,3.82,-20.25,26.18
211,0.04,-0.38,0.97,1.69,-18.91,26.14
212,0.03,-0.4,0.97,0.58,-16.82,24.55
213,0.05,-0.38,0.98,-0.15,-11.98,27.37
214,0.04,-0.37,0.95,-0.55,-6.15,31.96
215,0.01,-0.38,0.95,-0.89,-5.07,30.14
216,-0.04,-0.39,0.94,-0.52,-9.31,26.15
217,-0.04,-0.41,0.94,2.34,-14.31,22.76
218,0.0,-0.41,0.95,5.19,-16.87,22.79
219,-0.02,-0.43,0.97,7.69,-20.75,18.65
220,-0.01,-0.43,0.98,9.47,-22.88,16.92
221,0.02,-0.42,0.98,10.5,-21.07,18.4
222,0.04,-0.41,0.96,10.56,-14.17,23.04
223,0.0,-0.4,0.96,8.34,-10.28,24.82
224,-0.01,-0.41,0.95,6.85,-10.39,28.43
225,0.0,-0.4,0.94,7.11,-9.57,31.27
226,-0.0,-0.38,0.94,6.56,-10.11,28.56
227,0.02,-0.37,0.94,4.78,-10.39,28.15
228,0.02,-0.37,0.94,6.56,-12.31,28.3
229,0.03,-0.35,0.94,8.47,-15.27,23.71
230,0.03,-0.34,0.94,9.02,-16.05,19.75
231,0.05,-0.33,0.92,8.8,-14.45,17.92
232,0.06,-0.33,0.92,6.78,-7.36,23.62
233,0.01,-0.35,0.92,5.48,-6.85,24.13
234,-0.01,-0.35,0.92,5.81,-8.27,23.42
235,-0.01,-0.37,0.93,6.31,-8.91,23.16
236,-0.03,-0.37,0.92,8.03,-11.73,21.58
237,-0.02,-0.34,0.91,8.17,-13.39,20.18
238,-0.02,-0.33,0.91,8.34,-14.34,18.8
239,-0.01,-0.33,0.91,9.76,-16.21,18.11
240,0.01,-0.32,0.9,10.18,-14.62,20.99
241,0.01,-0.31,0.9,8.71,-12.46,25.02
242,0.01,-0.29,0.91,7.18,-11.69,24.16
243,-0.0,-0.28,0.91,8.92,-14.35,23.73
244,0.0,-0.28,0.9,9.44,-15.72,21.31
245,-0.0,-0.3,0.91,8.31,-16.34,19.37
246,-0.02,-0.31,0.92,9.05,-20.58,18.02
247,-0.02,-0.31,0.92,9.69,-27.5,13.87
248,0.05,-0.3,0.93,10.56,-27.96,13.18
249,0.07,-0.3,0.94,9.72,-22.05,15.74
250,0.06,-0.3,0.95,8.54,-18.73,16.95
251,0.07,-0.32,0.96,7.67,-15.29,18.6
252,0.08,-0.3,0.95,6.76,-9.44,23.47
253,0.07,-0.3,0.94,5.02,-7.29,22.19
254,0.05,-0.31,0.96,4.87,-9.67,17.02
255,0.06,-0.3,0.95,5.74,-9.76,14.72
256,0.06,-0.29,0.95,6.47,-8.17,13.67
257,0.06,-0.28,0.93,6.75,-6.53,12.66
258,0.02,-0.29,0.93,7.14,-7.18,13.4
259,-0.01,-0.27,0.92,7.2,-9.25,11.98
260,-0.01,-0.28,0.93,6.78,-12.16,9.87
261,-0.0,-0.27,0.92,7.26,-14.05,10.91
262,-0.0,-0.28,0.93,7.65,-16.95,10.79
263,0.03,-0.26,0.94,6.85,-17.41,9.47
264,0.07,-0.25,0.94,6.12,-15.12,11.34
265,0.07,-0.24,0.94,5.86,-12.34,11.7
266,0.09,-0.23,0.95,4.95,-10.19,10.22
267,0.07,-0.24,0.95,4.52,-9.46,8.25
268,0.06,-0.25,0.96,5.82,-9.89,7.06
269,0.04,-0.25,0.96,5.84,-11.97,3.15
270,0.05,-0.25,0.96,5.98,-11.41,3.31
271,0.04,-0.26,0.95,4.76,-9.27,5.73
272,0.04,-0.27,0.97,3.72,-7.89,7.69
273,0.02,-0.28,0.95,3.15,-7.81,8.54
274,0.02,-0.29,0.97,3.89,-8.07,8.65
275,0.02,-0.29,0.96,5.07,-9.36,7.24
276,0.02,-0.28,0.96,5.64,-10.84,4.53
277,0.03,-0.27,0.95,6.2,-10.7,3.68
278,0.02,-0.26,0.94,5.02,-8.32,5.62
279,0.01,-0.26,0.94,2.95,-7.46,8.04
280,0.03,-0.26,0.94,1.82,-5.93,11.2
281,0.04,-0.26,0.95,2.04,-3.65,13.85
282,0.03,-0.25,0.95,2.21,-3.88,12.82
283,0.03,-0.23,0.94,2.92,-6.09,10.25
284,0.04,-0.23,0.96,3.25,-9.99,4.35
285,0.04,-0.24,0.96,3.17,-10.79,1.36
286,0.04,-0.25,0.96,3.28,-9.55,3.03
287,0.04,-0.25,0.97,2.37,-8.63,2.92
288,0.07,-0.24,0.95,1.24,-5.43,4.89
289,0.06,-0.23,0.96,0.94,-2.6,7.49
290,0.06,-0.23,0.97,1.12,-3.17,5.26
291,0.07,-0.23,0.96,1.57,-2.73,4.3
292,0.06,-0.24,0.97,2.47,-2.46,3.73
293,0.05,-0.24,0.97,3.33,-2.66,1.51
294,0.06,-0.24,0.96,4.37,-2.05,2.86
295,0.05,-0.24,0.95,4.86,0.15,5.85
296,0.05,-0.23,0.95,3.99,1.63,7.34
297,0.04,-0.23,0.95,3.03,1.63,9.45
298,0.07,-0.21,0.95,1.92,4.39,12.22
299,0.07,-0.2,0.95,1.99,6.4,12.48
300,0.07,-0.21,0.96,2.64,6.41,11.95
301,0.07,-0.2,0.94,3.57,8.03,12.35
302,0.05,-0.18,0.93,3.66,8.08,10.69
303,0.04,-0.17,0.92,3.78,5.14,7.09
304,0.03,-0.16,0.92,2.58,4.17,3.43
305,0.03,-0.15,0.93,-0.32,5.85,3.05
306,0.01,-0.17,0.94,-2.98,7.76,4.27
307,-0.0,-0.17,0.93,-5.07,8.5,4.15
308,-0.03,-0.19,0.95,-6.11,8.37,2.78
309,-0.04,-0.22,0.96,-6.19,7.68,1.41
310,-0.04,-0.25,0.98,-6.95,7.24,1.31
311,-0.04,-0.26,0.99,-6.89,8.07,1.58
312,-0.04,-0.26,1.0,-6.21,9.46,5.51
313,-0.04,-0.27,1.01,-4.59,13.85,13.44
314,-0.05,-0.25,1.0,-3.25,14.11,14.84
315,-0.03,-0.26,0.99,-2.95,11.03,13.05
316,-0.02,-0.26,0.97,-2.26,7.08,8.26
317,-0.04,-0.26,1.0,-3.65,5.27,7.88
318,-0.05,-0.26,0.99,-2.73,4.15,8.05
319,-0.05,-0.25,1.0,-2.39,0.8,8.16
320,-0.07,-0.27,1.0,-1.06,1.23,10.5
321,-0.03,-0.25,1.0,0.45,0.34,18.04
322,-0.03,-0.24,1.0,-0.18,-1.22,19.13
323,-0.02,-0.23,1.0,0.3,-5.19,16.53
324,0.01,-0.22,1.01,1.21,-9.15,12.02
325,0.04,-0.22,1.02,3.58,-8.41,9.47
326,0.02,-0.22,1.03,6.18,-7.91,9.05
327,0.01,-0.19,1.03,8.5,-7.98,10.84
328,0.02,-0.17,1.02,8.85,-7.64,14.24
329,0.01,-0.16,1.01,5.99,-7.73,12.89
330,-0.01,-0.18,1.0,1.08,-4.31,13.92
331,-0.07,-0.23,1.0,-1.92,1.2,19.08
332,-0.15,-0.31,1.0,2.75,0.95,27.04
333,-0.27,-0.41,1.01,10.98,-5.64,35.97
334,-0.36,-0.44,0.98,19.87,-25.55,41.85
335,-0.29,-0.43,0.95,31.15,-48.11,45.14
336,-0.15,-0.31,0.92,39.45,-76.0,40.23
337,0.04,-0.16,0.88,46.11,-82.14,28.42
338,0.18,-0.04,0.86,43.37,-85.48,18.21
339,0.28,0.04,0.86,36.89,-77.74,13.48
340,0.34,0.1,0.85,29.75,-65.49,12.5
341,0.33,0.13,0.83,19.67,-53.98,10.17
342,0.31,0.11,0.82,4.39,-45.25,5.41
343,0.34,0.04,0.87,-8.5,-37.71,1.44
344,0.35,-0.03,0.9,-17.2,-29.49,-2.93
345,0.38,-0.11,0.93,-27.53,-18.75,-9.84
346,0.39,-0.2,0.98,-34.98,-7.66,-16.12
347,0.36,-0.29,1.04,-37.21,8.76,-16.36
348,0.28,-0.38,1.04,-33.01,24.31,-16.66
349,0.19,-0.44,1.03,-25.54,36.2,-11.45
350,0.13,-0.45,1.0,-18.01,43.81,-5.25
351,0.09,-0.42,0.94,-12.52,47.17,-5.32
352,0.07,-0.4,0.92,-7.15,47.96,-8.27
353,0.04,-0.37,0.89,-1.76,47.98,-10.97
354,0.02,-0.33,0.84,4.2,48.21,-10.98
355,-0.04,-0.29,0.81,7.87,45.41,-16.8
356,-0.07,-0.26,0.78,7.14,40.71,-22.74
357,-0.14,-0.22,0.79,1.37,36.27,-25.4
358,-0.22,-0.16,0.88,-3.72,31.34,-19.8
359,-0.17,-0.15,0.83,-6.4,32.45,-15.39
360,-0.16,-0.14,0.86,-11.02,30.21,-12.46
361,-0.13,-0.16,0.87,-14.32,27.85,-12.77
362,-0.12,-0.19,0.89,-14.07,29.02,-13.74
363,-0.14,-0.21,0.93,-10.23,25.71,-15.4
364,-0.16,-0.19,0.93,-7.35,18.67,-17.59
365,-0.14,-0.16,0.91,-8.39,14.44,-15.81
366,-0.1,-0.13,0.91,-11.35,10.13,-12.73
367,-0.03,-0.11,0.9,-15.46,6.34,-9.61
368,0.03,-0.13,0.89,-19.72,3.97,-7.56
369,0.1,-0.13,0.9,-22.98,2.75,-7.29
370,0.14,-0.14,0.9,-25.94,3.86,-9.76
371,0.13,-0.16,0.89,-30.3,6.17,-17.02
372,0.1,-0.19,0.94,-33.42,6.06,-25.75
373,0.04,-0.25,0.98,-31.4,6.01,-30.6
374,-0.04,-0.28,1.0,-27.87,3.88,-29.98
375,-0.06,-0.28,1.0,-25.26,0.96,-24.19
376,-0.07,-0.25,0.99,-23.56,-3.66,-22.15
377,-0.06,-0.22,0.98,-22.22,-7.91,-20.8
378,-0.02,-0.2,0.99,-19.69,-12.94,-19.27
379,0.03,-0.2,1.01,-18.03,-18.15,-18.73
380,0.04,-0.2,1.01,-17.11,-19.89,-19.47
381,0.1,-0.22,1.02,-16.27,-18.06,-17.98
382,0.14,-0.23,1.01,-16.12,-14.6,-18.52
383,0.16,-0.25,1.02,-18.29,-8.19,-20.21
384,0.19,-0.27,1.01,-19.6,1.97,-19.97
385,0.15,-0.3,1.02,-18.83,13.84,-20.15
386,0.08,-0.34,1.01,-21.85,21.14,-17.02
387,0.04,-0.35,1.0,-22.15,26.87,-12.6
388,-0.01,-0.36,0.99,-19.18,28.06,-13.3
389,-0.06,-0.39,0.96,-15.91,27.69,-14.21
390,-0.14,-0.41,0.94,-10.69,20.07,-16.22
391,-0.17,-0.38,0.93,-7.17,11.68,-18.47
392,-0.15,-0.33,0.93,-5.81,5.05,-16.92
393,-0.13,-0.29,0.93,-5.7,3.31,-13.36
394,-0.1,-0.25,0.93,-5.55,3.93,-11.1
395,-0.09,-0.23,0.92,-4.76,3.5,-13.61
396,-0.09,-0.23,0.92,-4.36,0.25,-15.73
397,-0.14,-0.25,0.9,-3.63,-3.12,-19.1
398,-0.14,-0.26,0.92,-0.98,-8.21,-18.5
399,-0.14,-0.27,0.91,-0.46,-11.68,-15.38
400,-0.12,-0.26,0.9,-2.44,-12.76,-9.56
