,accel_x,accel_y,accel_z,gyro_x,gyro_y,gyro_z
0,-0.02,-0.18,0.97,-1.37,-2.49,1.95
1,-0.01,-0.18,0.97,-0.33,-3.1,3.34
2,-0.01,-0.16,0.98,0.26,-3.0,3.98
3,-0.01,-0.16,0.96,0.63,-3.24,4.3
4,0.0,-0.14,0.96,-0.07,-3.07,4.08
5,-0.01,-0.13,0.96,-0.61,-1.9,3.85
6,0.0,-0.14,0.97,-0.82,0.34,3.91
7,0.01,-0.15,0.97,-0.68,2.85,7.83
8,0.01,-0.14,0.98,-1.79,4.82,7.98
9,0.0,-0.15,0.97,-0.85,6.34,6.84
10,-0.01,-0.12,0.95,-1.19,1.18,3.58
11,-0.02,-0.14,0.97,-1.83,-1.42,-0.27
12,-0.03,-0.14,0.98,-2.48,-2.78,-2.09
13,-0.03,-0.16,0.98,-2.44,-5.57,-1.55
14,-0.03,-0.16,0.98,-3.24,-5.73,-0.43
15,-0.03,-0.16,0.99,-4.13,-5.31,0.05
16,-0.03,-0.16,0.99,-4.19,-6.02,-0.45
17,-0.02,-0.17,0.99,-3.47,-6.05,-1.5
18,-0.02,-0.18,1.0,-2.32,-5.9,-1.28
19,-0.01,-0.17,0.99,-1.57,-5.94,-0.15
20,-0.02,-0.16,0.98,-2.11,-4.47,-0.7
21,-0.03,-0.15,0.98,-2.21,-4.14,-0.63
22,-0.04,-0.16,0.97,-2.15,-5.15,-0.18
23,-0.02,-0.15,0.97,-1.84,-5.73,-0.23
24,-0.02,-0.14,0.96,-2.5,-6.45,-0.51
25,-0.02,-0.14,0.96,-2.65,-8.39,-1.24
26,-0.03,-0.16,0.98,-2.43,-8.41,-1.4
27,-0.01,-0.15,0.97,-2.12,-7.76,-0.66
28,-0.01,-0.15,0.97,-2.21,-7.08,-0.56
29,-0.01,-0.16,0.98,-2.18,-6.2,-1.64
30,-0.02,-0.16,0.99,-2.11,-5.63,-1.47
31,-0.01,-0.16,0.97,-2.17,-5.45,-0.78
32,-0.01,-0.16,0.96,-2.33,-6.18,0.11
33,-0.01,-0.16,0.97,-2.03,-6.25,0.53
34,-0.01,-0.16,0.98,-1.79,-6.02,0.21
35,-0.0,-0.15,0.97,-1.92,-6.02,0.48
36,-0.01,-0.15,0.98,-2.26,-6.24,0.96
37,0.0,-0.15,0.97,-2.59,-7.31,0.07
38,-0.0,-0.16,0.98,-2.66,-6.89,-0.1
39,-0.0,-0.17,0.99,-2.05,-6.51,0.24
40,0.0,-0.17,0.99,-1.71,-6.76,-0.51
41,0.01,-0.15,0.97,-2.15,-6.47,2.66
42,0.02,-0.16,0.98,-2.3,-5.76,2.41
43,0.01,-0.15,0.98,-2.13,-5.53,1.47
44,0.01,-0.14,0.97,-2.61,-4.45,1.3
45,0.02,-0.15,0.97,-3.45,-3.27,1.88
46,0.01,-0.15,0.98,-2.88,-3.82,2.85
47,0.01,-0.15,0.98,-2.34,-4.02,1.98
48,0.01,-0.16,0.98,-1.72,-4.1,1.02
49,0.0,-0.16,0.98,-1.91,-4.47,1.23
50,0.01,-0.15,0.98,-2.44,-3.61,1.53
51,0.01,-0.15,0.98,-2.68,-3.87,1.72
52,0.01,-0.15,0.99,-3.06,-3.89,1.24
53,0.0,-0.15,0.99,-2.75,-4.0,2.02
54,0.02,-0.15,1.0,-2.27,-3.65,3.04
55,0.02,-0.15,0.99,-1.84,-3.11,2.53
56,0.02,-0.14,0.98,-1.77,-3.15,2.85
57,0.02,-0.12,0.97,-2.24,-3.08,2.09
58,0.02,-0.12,0.97,-2.34,-3.66,0.92
59,0.03,-0.13,0.96,-2.78,-4.08,-0.34
60,0.02,-0.14,0.97,-2.9,-3.77,-0.79
61,0.02,-0.15,0.99,-2.74,-4.35,-0.49
62,0.02,-0.16,0.99,-2.11,-3.76,0.56
63,0.02,-0.16,0.99,-1.67,-3.02,0.5
64,0.02,-0.16,0.98,-2.34,-2.2,0.74
65,0.02,-0.15,0.98,-2.78,-1.56,1.07
66,0.02,-0.16,0.99,-2.39,-1.21,1.73
67,0.01,-0.17,0.98,-1.82,-0.8,1.3
68,0.01,-0.17,0.99,-0.91,-1.45,0.34
69,0.02,-0.16,0.97,-0.4,-1.53,0.13
70,0.02,-0.15,0.97,-0.69,-1.49,0.12
71,0.01,-0.15,0.97,-1.3,-1.08,0.41
72,0.01,-0.15,0.97,-2.07,-0.99,0.31
73,0.01,-0.14,0.97,-2.57,-0.89,0.52
74,0.02,-0.14,0.96,-2.69,-1.47,0.5
75,0.01,-0.15,0.96,-2.57,-1.56,-0.42
76,0.02,-0.15,0.96,-2.56,-1.71,-1.03
77,0.02,-0.15,0.97,-2.19,-3.09,-0.54
78,0.02,-0.15,0.97,-2.11,-3.24,-0.79
79,0.03,-0.15,0.98,-1.63,-3.88,-1.08
80,0.04,-0.15,0.98,-1.26,-3.56,-1.08
81,0.05,-0.14,0.98,-1.2,-2.56,-2.15
82,0.05,-0.14,0.97,-1.78,-1.13,-2.97
83,0.03,-0.14,0.97,-2.47,-2.03,-4.89
84,0.03,-0.15,0.97,-1.76,-1.4,-2.25
85,0.03,-0.14,0.97,-1.96,-1.27,-2.68
86,0.03,-0.14,0.97,-1.98,-1.38,-3.36
87,0.03,-0.14,0.97,-2.03,-0.68,-3.75
88,0.03,-0.14,0.97,-1.77,-0.79,-3.63
89,0.02,-0.14,0.97,-1.98,-0.98,-3.82
90,0.02,-0.14,0.96,-2.23,-1.23,-4.24
91,0.02,-0.15,0.97,-1.97,-1.74,-3.89
92,0.02,-0.14,0.96,-2.17,-2.26,-4.34
93,0.01,-0.14,0.96,-2.61,-1.85,-4.28
94,0.01,-0.15,0.96,-3.11,-2.73,-4.4
95,0.0,-0.16,0.97,-3.12,-3.74,-4.29
96,0.0,-0.16,0.98,-3.51,-4.2,-4.15
97,0.01,-0.16,0.98,-3.31,-3.85,-4.56
98,0.01,-0.17,1.0,-3.22,-3.55,-4.38
99,0.01,-0.17,0.99,-3.31,-2.71,-3.44
100,0.01,-0.17,1.0,-2.62,-2.4,-2.79
101,0.01,-0.17,0.99,-2.25,-2.1,-1.85
102,0.01,-0.16,0.99,-1.81,-2.24,-1.82
103,0.02,-0.16,0.99,-1.48,-2.01,-1.75
104,0.01,-0.15,0.99,-2.14,-1.5,-1.66
105,0.02,-0.14,0.97,-2.73,-0.92,-1.37
106,0.01,-0.14,0.97,-3.4,-0.98,-1.83
107,0.02,-0.15,0.97,-3.7,-2.48,-3.31
108,0.02,-0.16,0.98,-2.89,-3.17,-2.75
109,0.03,-0.15,0.99,-1.74,-3.36,-1.5
110,0.04,-0.15,0.99,-1.22,-3.1,-1.63
111,0.05,-0.14,0.98,-1.35,-2.09,-2.22
112,0.04,-0.14,0.97,-1.9,-1.17,-2.55
113,0.04,-0.14,0.98,-2.69,-0.57,-2.78
114,0.04,-0.15,0.99,-2.79,-0.5,-3.34
115,0.03,-0.16,0.99,-1.89,-0.67,-4.11
116,0.03,-0.15,0.99,-1.4,-1.26,-4.76
117,0.02,-0.16,0.99,-0.86,-1.61,-4.24
118,0.02,-0.16,0.99,-0.2,-1.11,-4.03
119,0.02,-0.15,0.98,-0.37,-1.01,-3.56
120,0.02,-0.15,0.98,-0.67,-0.85,-3.5
121,0.02,-0.15,0.98,-1.15,-0.88,-3.02
122,0.02,-0.15,0.98,-1.54,-0.21,-2.26
123,0.02,-0.15,0.98,-1.25,-1.01,-2.16
124,0.02,-0.15,0.97,-1.47,-1.24,-2.49
125,0.02,-0.15,0.97,-0.81,-2.23,-2.51
126,0.02,-0.16,0.96,-0.68,-3.27,-2.6
127,0.04,-0.15,0.96,-0.73,-4.56,-2.51
128,0.05,-0.14,0.97,-1.56,-4.38,-1.96
129,0.05,-0.14,0.96,-2.14,-4.26,-1.63
130,0.06,-0.15,0.98,-1.98,-5.95,-1.79
131,0.09,-0.15,1.0,0.53,-10.58,-0.69
132,0.14,-0.15,1.02,4.62,-16.52,-0.06
133,0.2,-0.18,1.04,11.09,-24.24,2.31
134,0.3,-0.16,1.04,16.83,-34.39,3.27
135,0.46,-0.14,1.02,21.19,-42.89,4.84
136,0.61,-0.15,1.03,24.57,-49.79,5.96
137,0.77,-0.17,1.04,29.27,-57.69,8.21
138,0.99,-0.13,1.04,32.55,-63.45,9.1
139,1.22,-0.06,1.03,31.63,-66.56,1.99
140,1.44,0.01,0.98,27.44,-58.21,-8.4
141,1.53,0.06,0.91,21.17,-39.72,-14.93
142,1.55,0.07,0.83,11.33,-20.3,-26.54
143,1.52,0.05,0.75,-0.03,-3.94,-34.4
144,1.47,0.01,0.66,-11.17,3.53,-39.74
145,1.38,-0.1,0.62,-16.53,-2.25,-48.6
146,1.36,-0.19,0.6,-24.03,-27.12,-51.79
147,1.42,-0.25,0.58,-21.23,-57.73,-55.03
148,1.64,-0.26,0.57,-35.98,-53.94,-92.05
149,1.66,-0.16,0.58,-26.16,-117.74,-114.0
150,1.97,-0.05,0.67,-48.36,-112.33,-188.21
151,2.0,-0.07,0.78,-78.76,-69.65,-250.14
152,1.94,-0.33,0.87,-108.69,6.99,-250.14
153,1.35,-0.84,1.12,-123.76,90.15,-250.14
154,1.03,-2.0,1.33,-120.08,250.13,-250.14
155,-1.93,-1.99,0.73,-0.79,151.33,-249.66
156,-1.42,-1.53,1.02,-13.26,122.71,-193.7
157,-2.0,-1.32,0.62,-26.12,160.01,-170.18
158,-2.0,-1.08,0.58,-36.43,55.4,-177.73
159,-2.0,-0.96,0.86,-34.44,-19.12,-162.49
160,-2.0,-0.83,1.05,-29.46,-34.21,-133.53
161,-1.95,-0.83,1.15,-34.02,-46.72,-122.49
162,-1.63,-0.9,1.41,-33.47,-49.05,-98.05
163,-1.41,-0.93,1.52,-14.58,-43.97,-64.14
164,-1.08,-0.86,1.55,-4.97,-3.9,-25.41
165,-0.76,-0.71,1.52,9.5,47.11,0.15
166,-0.63,-0.55,1.33,20.9,74.51,14.75
167,-0.42,-0.38,1.16,30.53,91.62,27.04
168,-0.27,-0.17,0.97,39.38,98.05,25.08
169,-0.16,-0.06,0.83,46.23,98.27,16.4
170,-0.14,0.05,0.69,51.22,93.5,6.74
171,-0.22,0.12,0.55,41.21,83.69,-2.47
172,-0.27,0.14,0.5,24.69,62.42,-7.32
173,-0.25,0.1,0.56,9.89,39.27,-5.22
174,-0.18,0.06,0.66,0.02,22.66,-1.88
175,-0.11,0.01,0.75,-5.61,6.98,-2.62
176,-0.06,-0.01,0.82,-11.29,-8.48,-11.99
177,0.04,-0.06,0.92,-8.98,-12.27,-14.9
178,0.06,-0.11,0.99,-1.03,-9.34,-16.53
179,0.07,-0.09,1.0,4.02,-7.47,-18.47
180,0.1,-0.09,1.0,2.5,0.63,-21.97
181,0.08,-0.09,1.0,-2.61,13.15,-22.4
182,0.02,-0.12,1.02,-6.5,23.91,-20.65
183,-0.04,-0.16,1.01,-8.33,30.54,-15.49
184,-0.1,-0.19,0.99,-10.93,35.87,-9.19
185,-0.18,-0.21,0.97,-13.35,36.62,-2.95
186,-0.24,-0.21,0.94,-15.1,27.21,1.5
187,-0.24,-0.2,0.94,-15.99,14.58,4.56
188,-0.22,-0.22,0.96,-15.65,6.19,6.07
189,-0.17,-0.21,1.0,-15.56,0.72,8.11
190,-0.14,-0.21,1.0,-18.31,-2.71,6.73
191,-0.09,-0.24,1.06,-17.2,3.04,10.03
192,-0.13,-0.25,1.04,-15.74,7.27,12.74
193,-0.13,-0.25,1.03,-15.31,11.44,12.98
194,-0.14,-0.27,1.02,-14.46,15.52,13.95
195,-0.18,-0.28,1.01,-12.69,16.24,17.55
196,-0.16,-0.26,1.0,-12.97,16.07,22.53
197,-0.15,-0.25,0.99,-12.69,18.44,26.34
198,-0.17,-0.24,0.97,-14.38,18.53,29.58
199,-0.15,-0.23,0.97,-16.78,16.95,31.71
200,-0.13,-0.22,0.98,-18.2,13.47,32.82
201,-0.08,-0.19,0.98,-21.9,15.5,34.08
202,-0.06,-0.19,1.0,-24.25,15.46,31.37
203,-0.03,-0.21,1.01,-21.85,14.14,27.5
204,-0.03,-0.19,1.0,-19.15,12.21,24.04
205,-0.01,-0.19,1.0,-16.57,11.63,20.34
206,-0.01,-0.2,0.99,-13.35,13.26,18.22
207,-0.03,-0.17,0.99,-11.34,13.87,20.89
208,-0.04,-0.14,0.95,-10.92,13.54,21.48
209,-0.02,-0.11,0.93,-13.95,16.2,19.24
210,-0.06,-0.12,0.92,-16.05,17.8,19.02
211,-0.11,-0.14,0.89,-18.28,13.91,19.19
212,-0.13,-0.14,0.88,-21.56,9.82,20.61
213,-0.16,-0.18,0.89,-22.82,4.9,25.12
214,-0.19,-0.19,0.89,-20.54,-6.15,31.31
215,-0.14,-0.2,0.93,-21.66,-11.35,31.01
216,-0.07,-0.19,0.95,-20.5,-17.13,30.89
217,-0.01,-0.19,0.98,-19.2,-17.73,29.41
218,0.03,-0.2,1.02,-18.19,-12.95,28.53
219,0.04,-0.21,1.02,-17.34,-5.69,26.53
220,0.03,-0.19,1.01,-17.94,3.74,27.0
221,-0.02,-0.2,0.97,-21.1,11.14,26.18
222,-0.08,-0.21,0.95,-23.62,15.55,28.66
223,-0.13,-0.22,0.9,-23.39,10.34,28.64
224,-0.16,-0.24,0.9,-21.6,3.81,28.6
225,-0.19,-0.23,0.89,-19.18,-6.34,28.11
226,-0.15,-0.24,0.9,-16.88,-16.81,27.34
227,-0.1,-0.24,0.91,-16.89,-21.32,26.76
228,-0.06,-0.25,0.95,-17.5,-21.79,28.85
229,-0.04,-0.26,0.97,-17.29,-19.16,32.53
230,-0.0,-0.24,0.98,-17.77,-15.14,35.04
231,0.0,-0.23,0.98,-17.2,-10.97,37.09
232,0.03,-0.22,0.98,-15.72,-8.34,33.59
233,0.03,-0.2,0.97,-16.63,-6.28,28.64
234,-0.0,-0.21,0.95,-16.97,-3.47,27.16
235,-0.04,-0.23,0.94,-17.4,-1.63,27.11
236,-0.07,-0.23,0.92,-18.66,-3.27,27.0
237,-0.11,-0.24,0.92,-20.08,-5.06,27.98
238,-0.11,-0.26,0.93,-19.67,-7.15,32.25
239,-0.09,-0.27,0.96,-17.05,-12.34,35.27
240,-0.04,-0.25,0.98,-15.95,-11.69,36.37
241,0.02,-0.25,1.0,-13.0,-5.8,36.68
242,-0.01,-0.26,0.97,-15.44,-5.63,34.03
243,-0.01,-0.25,0.97,-18.41,3.75,33.72
244,-0.07,-0.26,0.96,-16.02,5.23,31.69
245,-0.09,-0.29,0.95,-12.7,2.82,29.27
246,-0.11,-0.28,0.93,-14.73,0.39,26.31
247,-0.14,-0.29,0.91,-15.54,-3.84,26.11
248,-0.14,-0.29,0.92,-16.94,-9.92,24.98
249,-0.12,-0.29,0.93,-16.02,-9.88,27.92
250,-0.11,-0.3,0.92,-15.71,-10.5,29.37
251,-0.1,-0.29,0.93,-15.27,-9.78,30.28
252,-0.1,-0.29,0.93,-15.89,-11.62,30.45
253,-0.07,-0.29,0.95,-13.0,-14.46,31.56
254,-0.02,-0.29,0.97,-8.32,-13.76,31.92
255,0.01,-0.25,0.97,-8.18,-12.8,30.49
256,0.02,-0.25,0.99,-9.41,-9.39,27.99
257,0.01,-0.26,1.0,-5.63,-4.36,29.48
258,-0.01,-0.26,0.96,-8.24,-4.48,25.11
259,-0.06,-0.26,0.95,-10.99,-2.98,24.68
260,-0.06,-0.28,0.98,-5.26,-5.92,24.14
261,-0.02,-0.26,0.98,-3.45,-4.69,22.52
262,-0.04,-0.26,0.96,-6.92,-4.27,17.63
263,-0.11,-0.29,0.97,-9.11,-1.32,16.88
264,-0.16,-0.34,0.99,-0.56,-6.87,20.66
265,-0.14,-0.31,0.98,8.44,-15.94,22.58
266,-0.08,-0.26,0.96,9.62,-17.12,23.32
267,-0.07,-0.22,0.93,3.89,-16.05,22.76
268,-0.05,-0.23,0.95,0.63,-13.43,23.87
269,-0.02,-0.23,0.97,2.81,-10.24,25.35
270,-0.03,-0.24,0.96,2.65,-7.79,23.94
271,-0.04,-0.24,0.92,0.01,-5.56,19.85
272,-0.05,-0.23,0.92,-2.17,0.25,18.92
273,-0.09,-0.25,0.91,0.08,-2.61,18.76
274,-0.1,-0.25,0.89,-4.04,-0.09,17.52
275,-0.12,-0.27,0.91,-5.49,2.91,21.19
276,-0.13,-0.28,0.91,-2.83,-1.36,22.47
277,-0.12,-0.27,0.9,-3.53,-1.41,22.96
278,-0.13,-0.27,0.9,-2.18,-3.96,23.62
279,-0.13,-0.26,0.9,-0.92,-6.3,25.19
280,-0.11,-0.24,0.9,-0.93,-7.65,26.58
281,-0.07,-0.23,0.91,-1.54,-8.78,27.92
282,-0.07,-0.22,0.92,-2.52,-14.05,26.87
283,-0.02,-0.2,0.94,3.04,-19.96,22.91
284,-0.02,-0.17,0.87,-11.02,-14.9,14.65
285,-0.04,-0.26,0.95,-11.82,-13.64,16.83
286,-0.03,-0.3,0.99,1.18,-23.73,12.98
287,0.06,-0.27,1.0,-0.46,-14.41,12.87
288,0.03,-0.28,1.01,-4.91,-6.22,13.71
289,-0.02,-0.29,1.0,-6.72,-5.73,15.98
290,-0.02,-0.29,1.0,-7.15,0.11,18.04
291,-0.04,-0.28,1.01,-5.6,0.13,19.91
292,-0.04,-0.27,0.97,-8.27,2.11,20.34
293,-0.05,-0.26,0.97,-7.91,1.82,21.44
294,-0.03,-0.25,0.97,-6.1,-1.85,19.65
295,-0.01,-0.24,0.96,-6.86,-0.14,17.64
296,-0.02,-0.24,0.97,-5.47,-0.44,16.97
297,-0.02,-0.23,0.96,-3.69,-1.02,15.47
298,-0.02,-0.22,0.95,-5.1,-0.67,13.56
299,-0.04,-0.21,0.95,-7.55,0.25,12.26
300,-0.06,-0.21,0.95,-6.34,-3.92,11.64
301,-0.04,-0.24,0.96,-5.63,-5.02,9.84
302,-0.04,-0.25,0.97,-4.89,-4.73,10.48
303,-0.03,-0.25,0.97,-4.08,-5.39,10.91
304,-0.03,-0.25,0.97,-2.29,-6.28,9.95
305,-0.03,-0.24,0.97,-1.49,-7.37,8.51
306,-0.01,-0.24,0.98,-1.43,-6.86,7.44
307,-0.02,-0.23,0.98,-0.14,-6.47,5.21
308,-0.01,-0.23,0.98,1.26,-5.94,3.29
309,-0.01,-0.24,0.98,2.48,-5.24,1.84
310,-0.0,-0.22,0.98,2.79,-5.3,0.02
311,-0.0,-0.22,0.97,1.74,-2.58,-0.37
312,-0.01,-0.22,0.96,0.57,-0.34,-0.55
313,-0.02,-0.21,0.95,-1.0,1.36,-0.52
314,-0.03,-0.21,0.95,-2.34,2.93,-0.63
315,-0.06,-0.22,0.94,-2.63,2.54,-1.34
316,-0.07,-0.22,0.94,-3.13,1.71,-1.62
317,-0.06,-0.22,0.94,-3.68,2.04,-2.06
318,-0.06,-0.23,0.93,-3.44,2.02,-3.03
319,-0.06,-0.23,0.94,-2.98,1.56,-5.15
320,-0.06,-0.24,0.95,-2.27,1.71,-5.7
321,-0.06,-0.25,0.95,-1.7,1.1,-5.79
322,-0.07,-0.25,0.95,-1.65,3.33,-4.77
323,-0.08,-0.24,0.93,-2.31,3.44,-5.16
324,-0.09,-0.25,0.93,-2.42,4.39,-5.71
325,-0.1,-0.25,0.92,-2.22,3.91,-5.74
326,-0.11,-0.26,0.92,-2.21,3.32,-5.6
327,-0.12,-0.25,0.91,-3.52,2.78,-5.47
328,-0.13,-0.26,0.91,-3.64,2.49,-3.08
329,-0.11,-0.24,0.93,-4.38,1.11,-2.18
330,-0.1,-0.23,0.94,-4.48,0.94,-1.93
331,-0.1,-0.22,0.96,-3.32,-1.34,-2.74
332,-0.09,-0.22,0.96,-2.44,-2.84,-3.28
333,-0.08,-0.22,0.97,-2.65,-1.77,-4.7
334,-0.09,-0.23,0.97,-2.02,-1.96,-4.6
335,-0.09,-0.24,0.97,-0.97,-1.66,-5.15
336,-0.08,-0.24,0.97,-0.89,0.66,-6.37
337,-0.08,-0.25,0.98,0.46,-0.85,-6.85
338,-0.09,-0.25,0.98,1.25,0.01,-6.94
339,-0.1,-0.24,0.97,1.47,0.8,-6.44
340,-0.09,-0.25,0.98,1.43,1.97,-5.99
341,-0.1,-0.25,0.97,1.83,3.01,-5.41
342,-0.1,-0.25,0.97,2.44,3.92,-4.69
343,-0.09,-0.25,0.96,2.02,5.19,-4.31
344,-0.11,-0.25,0.95,1.29,6.82,-5.53
345,-0.11,-0.25,0.94,0.47,9.18,-5.83
346,-0.12,-0.26,0.95,1.16,8.57,-6.02
347,-0.12,-0.26,0.94,3.54,6.76,-7.11
348,-0.12,-0.26,0.94,4.79,5.98,-7.44
349,-0.12,-0.25,0.92,3.97,6.64,-6.68
350,-0.13,-0.23,0.91,2.26,6.66,-6.5
351,-0.14,-0.22,0.92,0.64,6.49,-5.05
352,-0.14,-0.23,0.92,-0.7,6.13,-4.13
353,-0.14,-0.24,0.92,-1.75,3.49,-3.56
354,-0.14,-0.25,0.92,-1.99,3.01,-3.53
355,-0.14,-0.25,0.94,-0.53,1.3,-3.52
356,-0.13,-0.26,0.94,-0.31,1.32,-4.18
357,-0.12,-0.24,0.92,-1.37,1.22,-2.12
358,-0.14,-0.24,0.92,-2.6,-0.15,-1.49
359,-0.14,-0.23,0.92,-3.6,-1.55,0.92
360,-0.13,-0.22,0.92,-4.01,-3.5,1.7
361,-0.12,-0.22,0.94,-4.97,-4.93,1.05
362,-0.11,-0.23,0.95,-4.34,-5.5,0.73
363,-0.1,-0.22,0.97,-3.61,-6.45,-0.37
364,-0.09,-0.23,0.97,-3.53,-5.73,-1.17
365,-0.1,-0.24,0.97,-3.07,-4.53,-1.09
366,-0.1,-0.23,0.98,-2.46,-3.86,-0.04
367,-0.11,-0.23,0.97,-2.16,-3.49,0.74
368,-0.1,-0.22,0.97,-2.28,-3.21,0.69
369,-0.1,-0.21,0.97,-2.97,-1.75,0.64
370,-0.1,-0.22,0.97,-3.26,-1.0,1.08
371,-0.12,-0.23,0.97,-3.09,-1.18,1.48
372,-0.12,-0.24,0.96,-2.05,-2.41,1.07
373,-0.1,-0.22,0.97,-1.95,-2.11,0.61
374,-0.11,-0.22,0.96,-1.54,-3.32,-0.08
375,-0.1,-0.22,0.98,-1.53,-2.35,-0.1
376,-0.1,-0.23,0.98,-0.39,-2.34,0.27
377,-0.08,-0.23,0.98,-0.28,-0.58,0.39
378,-0.09,-0.22,0.97,-0.27,0.32,0.69
379,-0.1,-0.21,0.96,-0.34,-1.31,-0.31
380,-0.09,-0.21,0.96,-0.7,-0.38,-0.53
381,-0.09,-0.22,0.96,-0.34,-0.4,-0.91
382,-0.09,-0.22,0.96,-0.49,0.49,-0.95
383,-0.09,-0.22,0.96,-1.24,1.17,-1.7
384,-0.1,-0.23,0.96,-0.49,1.4,-1.6
385,-0.09,-0.22,0.95,1.08,-0.3,-2.02
386,-0.09,-0.22,0.95,0.46,0.2,-2.45
387,-0.1,-0.23,0.95,0.56,0.27,-2.36
388,-0.1,-0.22,0.94,1.33,-0.64,-3.53
389,-0.09,-0.21,0.94,0.76,1.15,-3.09
390,-0.1,-0.22,0.94,0.08,0.12,-2.74
391,-0.09,-0.21,0.94,-0.78,0.67,-2.66
392,-0.09,-0.21,0.94,-0.66,-0.32,-3.16
393,-0.1,-0.21,0.93,-0.67,-0.66,-3.46
394,-0.1,-0.21,0.93,-1.66,0.24,-4.11
395,-0.09,-0.19,0.93,-2.79,0.05,-5.0
396,-0.1,-0.21,0.94,-3.88,0.77,-4.63
397,-0.11,-0.23,0.94,-3.91,0.45,-3.94
398,-0.11,-0.22,0.94,-3.33,-0.65,-5.05
399,-0.12,-0.22,0.94,-2.53,-1.6,-5.53
400,-0.12,-0.23,0.95,-2.14,-2.66,-5.8
