,accel_x,accel_y,accel_z,gyro_x,gyro_y,gyro_z
0,0.17,-0.3,0.92,-6.04,-2.76,-2.79
1,0.16,-0.31,0.94,-6.21,-2.78,-2.7
2,0.16,-0.32,0.93,-5.71,-2.82,-1.46
3,0.15,-0.33,0.93,-4.73,-3.07,-0.82
4,0.15,-0.33,0.94,-4.63,-3.64,-1.36
5,0.15,-0.32,0.94,-4.53,-4.34,-2.66
6,0.16,-0.32,0.93,-3.75,-4.31,-3.5
7,0.17,-0.32,0.94,-2.64,-4.33,-3.56
8,0.16,-0.32,0.94,-2.99,-2.6,-4.34
9,0.15,-0.32,0.94,-2.63,-1.58,-3.8
10,0.15,-0.3,0.94,-2.75,-1.02,-4.73
11,0.13,-0.3,0.95,-9.05,-19.66,-4.1
12,0.14,-0.27,0.96,-5.92,-0.82,-6.31
13,0.15,-0.3,0.95,-5.16,-0.44,-4.9
14,0.16,-0.31,0.94,-4.95,0.1,-3.63
15,0.15,-0.32,0.95,-4.58,1.15,-3.02
16,0.14,-0.32,0.96,-3.83,1.03,-2.46
17,0.14,-0.32,0.96,-3.25,2.42,-1.94
18,0.14,-0.33,0.94,-2.97,2.47,-1.18
19,0.12,-0.32,0.94,-2.71,1.98,-1.2
20,0.12,-0.33,0.94,-1.73,0.78,-1.46
21,0.12,-0.33,0.94,-0.85,0.23,-0.22
22,0.14,-0.32,0.94,-1.09,-0.67,-2.2
23,0.15,-0.32,0.94,-0.53,-0.76,-2.98
24,0.16,-0.32,0.94,-0.49,0.79,-2.58
25,0.15,-0.32,0.94,-0.55,0.8,-2.98
26,0.14,-0.32,0.93,-0.76,0.45,-3.5
27,0.16,-0.31,0.93,-0.63,-0.36,-2.85
28,0.15,-0.31,0.93,-0.66,0.95,-1.57
29,0.16,-0.31,0.93,-0.77,0.54,-2.1
30,0.15,-0.31,0.93,-0.11,0.54,-2.84
31,0.15,-0.3,0.93,0.53,-0.5,-4.1
32,0.15,-0.29,0.91,-0.15,-0.63,-5.46
33,0.15,-0.29,0.91,-1.19,-0.9,-6.81
34,0.16,-0.29,0.92,-1.49,-0.15,-6.69
35,0.15,-0.3,0.92,-1.49,0.53,-5.92
36,0.15,-0.3,0.93,-0.98,0.18,-6.26
37,0.16,-0.3,0.92,-0.57,-0.84,-4.94
38,0.15,-0.3,0.93,-1.01,-0.82,-3.85
39,0.15,-0.3,0.92,-1.25,-0.69,-3.69
40,0.14,-0.3,0.94,-1.46,-0.34,-3.92
41,0.13,-0.3,0.93,-1.57,-1.3,-4.21
42,0.14,-0.31,0.92,-1.64,-2.21,-4.89
43,0.13,-0.31,0.93,-1.63,-2.9,-4.63
44,0.14,-0.31,0.93,-1.82,-3.01,-4.6
45,0.14,-0.31,0.93,-2.21,-1.4,-4.86
46,0.14,-0.31,0.93,-2.23,-1.33,-4.73
47,0.15,-0.31,0.92,-1.34,-1.53,-2.5
48,0.14,-0.3,0.93,-1.02,0.19,-1.88
49,0.14,-0.29,0.93,-1.05,-0.34,-3.44
50,0.14,-0.29,0.92,-1.5,-0.36,-3.6
51,0.14,-0.3,0.92,-1.7,-0.19,-2.29
52,0.14,-0.3,0.92,-1.85,-0.18,-1.46
53,0.13,-0.3,0.92,-2.51,0.39,-0.74
54,0.14,-0.3,0.93,-2.89,-0.48,-1.6
55,0.15,-0.31,0.93,-2.92,-1.26,-2.43
56,0.16,-0.31,0.93,-3.19,-1.4,-3.44
57,0.17,-0.32,0.92,-2.97,-1.23,-2.44
58,0.15,-0.31,0.92,-3.37,-0.62,-2.64
59,0.14,-0.3,0.91,-3.85,-1.08,-1.67
60,0.13,-0.3,0.91,-5.47,-2.23,-1.75
61,0.15,-0.3,0.93,-6.48,-2.96,-2.02
62,0.16,-0.32,0.93,-5.94,-3.47,-1.98
63,0.18,-0.32,0.94,-4.47,-2.02,-0.8
64,0.18,-0.31,0.93,-3.92,-1.76,-1.26
65,0.19,-0.3,0.94,-3.21,-0.5,0.45
66,0.17,-0.3,0.92,-2.72,0.54,1.43
67,0.16,-0.28,0.92,-3.73,0.21,1.02
68,0.17,-0.29,0.91,-4.96,-0.79,0.01
69,0.16,-0.29,0.93,-5.8,-1.68,-0.47
70,0.17,-0.3,0.93,-5.62,-2.53,-1.28
71,0.17,-0.3,0.94,-5.63,-2.19,-2.24
72,0.18,-0.31,0.95,-5.02,-1.18,-2.35
73,0.19,-0.32,0.94,-3.76,-0.55,-1.06
74,0.18,-0.32,0.95,-3.87,1.27,-0.69
75,0.15,-0.32,0.94,-4.06,0.11,-1.98
76,0.16,-0.32,0.94,-3.7,-0.31,-2.63
77,0.16,-0.33,0.95,-3.12,0.54,-1.68
78,0.16,-0.32,0.94,-2.73,0.64,-0.27
79,0.17,-0.31,0.94,-3.05,1.34,-0.36
80,0.16,-0.3,0.93,-3.82,1.95,-0.08
81,0.15,-0.3,0.93,-4.4,0.72,-0.82
82,0.15,-0.3,0.93,-4.19,0.11,-1.66
83,0.15,-0.3,0.93,-4.25,-1.48,-2.67
84,0.15,-0.31,0.93,-4.29,-3.02,-4.82
85,0.16,-0.31,0.93,-4.97,-2.13,-4.58
86,0.15,-0.32,0.93,-4.7,-1.71,-4.02
87,0.14,-0.31,0.93,-4.61,-2.27,-3.7
88,0.15,-0.31,0.93,-5.46,-1.56,-1.58
89,0.14,-0.31,0.94,-5.78,-2.1,-1.2
90,0.14,-0.32,0.94,-5.6,-2.73,-1.97
91,0.15,-0.34,0.95,-4.71,-3.3,-2.44
92,0.17,-0.34,0.97,-3.13,-3.73,-4.33
93,0.17,-0.33,0.96,-2.5,-3.68,-5.9
94,0.15,-0.33,0.95,-2.77,-3.22,-5.5
95,0.15,-0.33,0.95,-1.85,-4.18,-4.51
96,0.16,-0.33,0.95,-1.93,-2.68,-2.63
97,0.15,-0.33,0.96,-1.47,-2.06,-2.5
98,0.15,-0.33,0.96,-1.17,-2.74,-3.24
99,0.14,-0.34,0.96,0.25,-2.69,-3.14
100,0.13,-0.33,0.96,0.63,-3.72,-3.79
101,0.13,-0.34,0.96,1.2,-3.16,-3.56
102,0.12,-0.33,0.95,1.52,-2.67,-2.15
103,0.12,-0.33,0.94,1.71,-1.82,-0.73
104,0.11,-0.32,0.94,2.15,-2.47,-0.09
105,0.11,-0.31,0.92,1.95,-3.05,-0.09
106,0.11,-0.3,0.92,1.55,-4.83,0.05
107,0.13,-0.3,0.93,2.54,-5.64,1.33
108,0.15,-0.3,0.92,3.57,-6.14,1.65
109,0.16,-0.3,0.93,4.16,-7.25,-0.24
110,0.16,-0.28,0.91,3.03,-6.64,-0.74
111,0.16,-0.29,0.91,1.6,-5.98,-0.52
112,0.18,-0.28,0.92,1.5,-5.98,0.07
113,0.18,-0.28,0.92,0.95,-4.3,0.95
114,0.17,-0.28,0.91,0.6,-4.03,0.92
115,0.17,-0.28,0.91,-0.62,-4.43,-0.46
116,0.17,-0.28,0.91,-1.46,-4.24,-1.05
117,0.17,-0.29,0.91,-1.6,-4.4,-0.44
118,0.17,-0.29,0.92,-1.79,-3.36,-0.21
119,0.17,-0.3,0.92,-1.21,-3.9,-0.47
120,0.16,-0.29,0.91,-1.21,-2.48,0.73
121,0.14,-0.29,0.91,-1.53,-3.36,-0.46
122,0.14,-0.3,0.92,-1.57,-5.31,-1.12
123,0.14,-0.3,0.93,-1.05,-5.92,-0.51
124,0.14,-0.31,0.93,-1.21,-6.54,0.15
125,0.16,-0.31,0.94,-0.92,-5.82,0.42
126,0.17,-0.31,0.94,-1.17,-5.28,0.99
127,0.16,-0.32,0.95,-1.34,-3.47,2.12
128,0.16,-0.33,0.95,-0.97,-4.21,2.78
129,0.15,-0.34,0.96,-0.86,-4.6,2.21
130,0.16,-0.34,0.95,-0.14,-3.87,2.45
131,0.18,-0.33,0.95,0.67,-3.11,3.88
132,0.19,-0.31,0.93,0.8,-1.75,4.27
133,0.19,-0.3,0.92,0.66,-0.53,4.95
134,0.18,-0.29,0.91,0.54,-1.44,4.05
135,0.19,-0.28,0.89,-0.59,-3.56,3.44
136,0.2,-0.28,0.9,-0.99,-5.55,4.12
137,0.23,-0.3,0.9,0.31,-12.72,4.34
138,0.32,-0.34,0.88,4.64,-22.92,6.8
139,0.43,-0.36,0.88,8.21,-37.3,9.13
140,0.69,-0.37,0.84,12.63,-52.5,10.87
141,0.98,-0.34,0.81,18.13,-65.92,8.83
142,1.4,-0.37,0.62,38.18,-73.89,-0.89
143,1.86,-0.28,0.69,26.25,-78.15,-16.27
144,2.0,-0.31,0.59,29.24,-78.53,-44.33
145,2.0,-0.19,0.46,12.84,-68.34,-70.05
146,2.0,-0.23,0.41,8.0,-50.55,-99.65
147,2.0,-0.27,0.36,-4.78,-20.85,-118.56
148,2.0,-0.33,0.26,-18.28,11.89,-138.53
149,2.0,-0.37,0.09,-36.62,68.85,-182.77
150,2.0,-0.43,0.01,-61.87,138.53,-241.92
151,2.0,-0.61,-0.04,-85.15,217.46,-250.14
152,2.0,-1.0,-0.33,-92.31,250.13,-250.14
153,2.0,-1.34,-0.52,-100.38,250.13,-250.14
154,2.0,-1.56,-0.67,-106.19,250.13,-250.14
155,1.99,-1.7,-0.77,-139.46,250.13,-250.14
156,1.48,-1.83,-0.79,-181.4,250.13,-250.14
157,0.86,-2.0,-0.91,-210.07,250.13,-250.14
158,-0.69,-2.0,-0.65,-179.85,250.13,-250.14
159,-2.0,-2.0,-0.0,-29.53,250.13,-250.14
160,-2.0,-2.0,-0.1,113.69,119.35,-250.14
161,-2.0,-2.0,-0.38,102.36,-54.94,-250.14
162,-2.0,-2.0,-0.22,-9.92,-77.31,-250.14
163,-2.0,-2.0,0.31,-97.36,82.84,-132.21
164,-2.0,-2.0,0.7,-132.46,250.13,25.09
165,-2.0,-2.0,0.87,-126.98,250.13,105.44
166,-2.0,-2.0,0.77,-14.53,250.13,107.62
167,-2.0,-2.0,0.5,103.57,236.53,-13.85
168,-2.0,-1.91,0.14,146.34,-11.79,-153.09
169,-2.0,-1.39,0.19,111.79,-64.71,-161.56
170,-2.0,-1.19,0.26,132.85,-57.15,-94.24
171,-1.75,-0.75,0.04,123.03,-6.61,-35.56
172,-1.56,-0.37,-0.18,60.15,85.66,42.89
173,-1.87,-0.13,-0.19,16.95,44.08,58.69
174,-1.6,-0.12,-0.22,-11.43,10.78,48.42
175,-1.42,-0.17,-0.1,-18.89,-33.81,42.11
176,-1.1,-0.18,0.05,-30.76,-52.07,51.5
177,-0.7,-0.24,0.18,-34.24,-61.98,63.83
178,-0.65,-0.35,0.27,-31.6,-61.17,74.97
179,-0.55,-0.35,0.33,-28.12,-75.21,76.93
180,-0.51,-0.35,0.34,-29.28,-93.26,72.51
181,-0.45,-0.4,0.41,-29.19,-99.29,64.81
182,-0.33,-0.38,0.42,-28.0,-112.6,69.89
183,-0.23,-0.38,0.45,-35.07,-110.34,81.5
184,-0.14,-0.45,0.56,-39.17,-108.63,93.89
185,-0.06,-0.56,0.68,-37.05,-97.77,109.97
186,-0.01,-0.52,0.76,-40.12,-97.06,116.4
187,0.05,-0.52,0.76,-39.76,-99.15,114.99
188,0.14,-0.48,0.8,-43.21,-92.94,110.76
189,0.19,-0.48,0.8,-40.43,-84.76,110.7
190,0.22,-0.48,0.8,-40.38,-71.54,113.02
191,0.27,-0.5,0.81,-37.44,-56.02,115.02
192,0.11,-0.5,0.78,-42.26,-50.89,118.33
193,0.02,-0.51,0.79,-44.6,-57.15,115.67
194,0.01,-0.56,0.8,-37.73,-62.79,108.36
195,0.05,-0.57,0.86,-28.5,-72.53,104.59
196,0.08,-0.57,0.88,-24.08,-71.18,102.41
197,0.1,-0.57,0.86,-17.63,-68.55,103.0
198,0.07,-0.53,0.84,-11.85,-68.48,101.21
199,0.07,-0.45,0.83,-8.57,-65.6,98.59
200,0.07,-0.42,0.81,-9.36,-59.84,100.77
201,-0.03,-0.41,0.81,-8.09,-60.03,100.25
202,-0.05,-0.36,0.8,-8.84,-69.29,97.43
203,0.01,-0.34,0.84,-11.62,-75.21,95.85
204,0.11,-0.32,0.87,-16.89,-72.11,96.06
205,0.2,-0.32,0.92,-22.34,-63.95,95.84
206,0.27,-0.36,0.98,-23.74,-50.48,96.38
207,0.28,-0.43,0.98,-23.45,-37.85,102.5
208,0.15,-0.45,0.97,-5.95,-41.3,93.65
209,0.16,-0.4,0.98,-2.44,-42.34,81.2
210,0.06,-0.42,0.98,9.05,-52.05,72.47
211,0.08,-0.38,0.98,15.24,-60.08,66.56
212,0.11,-0.35,0.93,15.18,-59.26,62.3
213,0.13,-0.36,0.92,10.47,-54.21,64.11
214,0.17,-0.37,0.92,1.08,-38.49,60.63
215,0.11,-0.39,0.91,-9.98,-24.32,66.23
216,0.07,-0.43,0.9,-25.59,-11.81,71.76
217,0.01,-0.48,0.91,-22.95,-6.45,79.12
218,-0.04,-0.49,0.91,-23.76,-6.55,83.07
219,0.0,-0.49,0.92,-23.23,-12.97,75.77
220,-0.0,-0.54,0.97,-14.61,-19.29,64.83
221,-0.01,-0.54,0.98,0.8,-31.43,52.61
222,0.0,-0.49,0.94,14.83,-40.01,42.38
223,0.0,-0.4,0.87,19.85,-41.44,36.51
224,-0.0,-0.34,0.83,17.66,-36.78,40.02
225,-0.02,-0.31,0.82,10.18,-34.45,46.46
226,-0.04,-0.29,0.78,-1.19,-32.24,53.56
227,0.04,-0.27,0.78,-14.14,-27.1,55.95
228,0.08,-0.31,0.84,-24.07,-23.42,53.79
229,0.1,-0.38,0.9,-26.09,-24.29,49.27
230,0.17,-0.42,0.94,-24.07,-18.79,43.88
231,0.15,-0.45,0.96,-23.25,-15.35,40.0
232,0.13,-0.51,0.97,-16.53,-9.42,34.5
233,0.01,-0.54,0.95,-6.93,-12.45,30.05
234,-0.08,-0.53,0.9,0.64,-19.57,28.46
235,-0.08,-0.47,0.88,3.94,-26.22,26.65
236,-0.07,-0.42,0.88,0.64,-32.88,30.76
237,0.04,-0.41,0.89,-3.12,-31.14,36.38
238,0.09,-0.4,0.91,-4.05,-27.8,38.19
239,0.09,-0.42,0.92,-1.21,-29.66,38.01
240,0.08,-0.42,0.92,1.63,-33.05,39.1
241,0.1,-0.4,0.82,11.11,-57.76,29.75
242,0.22,-0.39,0.86,1.39,-55.18,17.37
243,0.3,-0.41,0.92,0.92,-52.29,16.18
244,0.32,-0.43,0.95,0.89,-51.46,13.89
245,0.39,-0.39,0.98,-0.58,-43.75,13.3
246,0.37,-0.41,0.98,-0.13,-37.62,11.24
247,0.4,-0.42,0.98,0.73,-29.67,10.92
248,0.37,-0.43,0.99,1.63,-25.09,8.57
249,0.33,-0.43,0.99,6.82,-23.02,6.69
250,0.3,-0.4,0.97,10.35,-21.48,5.87
251,0.26,-0.35,0.95,9.8,-17.23,4.12
252,0.24,-0.33,0.94,9.99,-10.69,3.12
253,0.16,-0.33,0.9,6.44,-10.02,1.63
254,0.12,-0.32,0.91,2.79,-14.16,2.07
255,0.08,-0.3,0.91,1.84,-15.44,5.44
256,0.07,-0.3,0.92,1.25,-21.14,8.1
257,0.08,-0.28,0.9,-0.31,-26.15,10.29
258,0.11,-0.29,0.92,-1.93,-28.87,8.72
259,0.16,-0.29,0.94,-2.39,-30.59,3.18
260,0.17,-0.34,0.95,-0.92,-33.21,2.69
261,0.21,-0.35,0.96,2.6,-33.03,1.05
262,0.2,-0.31,0.95,4.81,-30.8,-4.75
263,0.21,-0.34,0.97,0.82,-22.5,-3.6
264,0.21,-0.36,1.0,2.77,-18.59,-1.28
265,0.13,-0.38,0.97,2.63,-15.18,-0.17
266,0.13,-0.38,0.99,5.36,-15.86,-1.18
267,0.11,-0.36,1.01,5.06,-18.42,1.96
268,0.17,-0.35,0.98,7.02,-17.09,1.99
269,0.15,-0.33,0.97,4.11,-14.66,-2.21
270,0.17,-0.32,0.98,2.98,-13.98,-3.96
271,0.14,-0.33,0.98,3.66,-10.02,-3.82
272,0.14,-0.32,0.96,1.37,-9.31,-6.11
273,0.15,-0.32,0.95,-0.23,-5.5,-5.24
274,0.15,-0.32,0.96,-1.56,1.23,-7.05
275,0.15,-0.36,0.97,-0.5,6.3,-8.19
276,0.12,-0.35,0.95,0.5,8.16,-9.26
277,0.06,-0.35,0.95,2.96,7.6,-10.71
278,0.04,-0.36,0.94,5.41,5.26,-11.62
279,0.01,-0.35,0.94,6.92,-0.82,-15.28
280,0.06,-0.34,0.92,8.62,-7.98,-19.58
281,0.03,-0.34,0.92,7.4,-9.55,-19.61
282,0.03,-0.35,0.92,7.93,-8.07,-17.04
283,0.02,-0.36,0.92,7.04,-8.8,-14.63
284,0.05,-0.36,0.91,6.59,-5.49,-8.92
285,0.06,-0.34,0.9,4.83,-1.94,-5.22
286,0.07,-0.34,0.92,5.24,0.5,-1.17
287,0.04,-0.34,0.93,5.55,-0.02,-1.66
288,0.02,-0.37,0.93,4.33,-4.51,3.39
289,0.03,-0.33,0.93,7.82,-2.02,-2.11
290,0.06,-0.32,0.93,8.82,-3.15,-2.69
291,0.08,-0.31,0.92,10.36,-4.24,-3.43
292,0.08,-0.31,0.93,11.55,-4.28,-3.79
293,0.07,-0.28,0.92,11.56,-5.21,-4.48
294,0.08,-0.27,0.93,10.5,-5.4,-4.43
295,0.07,-0.25,0.92,8.54,-4.49,-2.3
296,0.08,-0.24,0.91,6.44,-3.17,0.79
297,0.06,-0.22,0.91,3.39,-0.89,2.92
298,0.05,-0.23,0.92,0.59,-1.01,2.46
299,0.06,-0.24,0.92,-1.56,-4.36,2.3
300,0.05,-0.25,0.93,-2.69,-6.44,2.12
301,0.05,-0.26,0.94,-3.25,-9.82,1.37
302,0.08,-0.28,0.96,-3.23,-10.87,2.08
303,0.09,-0.3,0.96,-2.99,-13.0,1.76
304,0.11,-0.29,0.97,-2.27,-13.91,1.86
305,0.13,-0.29,0.97,-1.44,-13.35,2.11
306,0.15,-0.3,0.98,-1.31,-10.87,3.46
307,0.17,-0.3,0.98,-0.43,-8.98,3.99
308,0.19,-0.29,0.98,0.1,-6.5,4.66
309,0.18,-0.29,0.97,-0.38,-4.96,4.5
310,0.18,-0.29,0.98,0.03,-3.71,1.82
311,0.19,-0.3,0.99,1.95,-2.14,-0.66
312,0.19,-0.32,1.0,6.76,1.27,0.42
313,0.13,-0.32,1.0,9.8,4.79,0.51
314,0.1,-0.32,0.98,14.05,6.22,2.66
315,0.08,-0.3,0.97,17.37,7.2,7.79
316,0.04,-0.28,0.95,19.1,5.56,10.29
317,0.03,-0.28,0.93,20.24,1.5,9.25
318,0.03,-0.28,0.94,22.54,-4.02,9.99
319,-0.01,-0.3,0.92,27.18,-16.18,10.11
320,0.07,-0.24,0.9,21.97,-13.87,8.85
321,0.08,-0.21,0.9,16.71,-14.34,10.47
322,0.1,-0.2,0.91,13.49,-11.52,11.88
323,0.12,-0.2,0.9,8.18,-11.8,8.25
324,0.16,-0.21,0.91,4.08,-10.08,3.16
325,0.18,-0.23,0.93,2.94,-6.92,-0.99
326,0.19,-0.25,0.95,3.79,-2.62,0.34
327,0.16,-0.27,0.96,3.92,1.62,1.15
328,0.09,-0.28,0.96,3.5,2.62,0.92
329,0.1,-0.28,0.96,2.85,2.05,0.83
330,0.12,-0.26,0.95,2.24,1.9,0.5
331,0.13,-0.26,0.95,1.73,1.85,-0.98
332,0.13,-0.24,0.95,0.26,2.27,-2.22
333,0.12,-0.24,0.95,-0.02,4.03,-0.54
334,0.1,-0.26,0.94,-0.13,4.58,1.27
335,0.1,-0.23,0.93,-0.5,3.37,2.39
336,0.08,-0.23,0.93,-1.88,2.69,3.25
337,0.08,-0.24,0.92,-3.28,-1.17,0.37
338,0.1,-0.25,0.93,-3.62,-4.24,-0.18
339,0.1,-0.26,0.93,-4.15,-6.89,-0.98
340,0.12,-0.26,0.93,-4.85,-8.43,-2.87
341,0.16,-0.26,0.93,-4.39,-8.02,-1.95
342,0.17,-0.24,0.93,-4.77,-5.66,-0.66
343,0.23,-0.18,0.89,-7.72,-7.51,7.23
344,0.18,-0.22,0.91,-4.57,-0.63,7.75
345,0.15,-0.21,0.92,-5.91,2.22,7.28
346,0.15,-0.21,0.93,-7.92,-2.17,8.86
347,0.14,-0.21,0.93,-8.86,1.05,6.71
348,0.15,-0.23,0.93,-11.47,1.38,8.34
349,0.2,-0.23,0.92,-12.21,6.72,12.68
350,0.18,-0.25,0.95,-12.09,12.98,15.01
351,0.14,-0.25,0.96,-12.1,13.36,13.07
352,0.12,-0.25,0.94,-11.72,14.5,14.02
353,0.08,-0.25,0.93,-12.34,13.08,11.89
354,0.05,-0.28,0.94,-13.62,8.62,6.47
355,0.06,-0.29,0.95,-13.69,3.56,3.6
356,0.06,-0.3,0.96,-12.67,2.89,4.33
357,0.08,-0.31,0.97,-11.49,3.64,6.61
358,0.08,-0.31,0.96,-9.6,6.11,9.96
359,0.07,-0.29,0.96,-9.48,6.86,13.93
360,0.06,-0.28,0.96,-10.89,11.82,14.44
361,0.08,-0.28,0.95,-12.03,12.4,12.26
362,0.09,-0.29,0.96,-11.02,13.76,8.47
363,0.07,-0.3,0.96,-10.56,11.35,1.38
364,0.06,-0.3,0.97,-8.03,5.64,-5.06
365,0.06,-0.28,0.96,-5.92,0.5,-11.57
366,0.06,-0.27,0.96,-4.97,-2.17,-15.39
367,0.09,-0.25,0.95,-4.72,-2.57,-13.51
368,0.08,-0.24,0.96,-4.92,0.38,-11.68
369,0.09,-0.24,0.95,-5.17,2.27,-9.87
370,0.09,-0.25,0.96,-5.4,3.55,-9.5
371,0.09,-0.25,0.96,-5.13,3.92,-9.07
372,0.07,-0.26,0.98,-4.76,5.1,-9.02
373,0.04,-0.26,0.97,-4.33,4.08,-8.66
374,0.05,-0.25,0.97,-3.76,2.61,-7.76
375,0.04,-0.27,0.98,-3.3,1.66,-9.77
376,0.03,-0.3,1.01,-0.69,-3.28,-13.27
377,0.06,-0.3,1.0,5.16,-5.18,-9.92
378,0.02,-0.3,1.0,5.27,-5.99,-12.31
379,0.02,-0.31,1.01,4.62,-6.73,-12.3
380,0.02,-0.3,1.0,5.12,-5.86,-9.31
381,-0.0,-0.32,1.02,6.04,-3.27,-4.96
382,-0.01,-0.3,1.01,6.37,-4.6,-1.84
383,-0.0,-0.32,1.0,7.11,-4.15,3.98
384,-0.01,-0.32,1.0,7.32,-5.64,5.93
385,-0.01,-0.33,1.0,8.08,-7.72,5.61
386,0.03,-0.33,0.99,11.15,-8.48,9.31
387,0.03,-0.33,0.99,14.97,-9.75,13.6
388,0.03,-0.32,0.97,16.14,-12.11,13.81
389,0.06,-0.31,0.95,18.73,-9.49,16.28
390,0.05,-0.28,0.94,18.83,-9.56,15.95
391,0.04,-0.26,0.91,17.99,-12.58,14.23
392,0.08,-0.22,0.9,15.12,-11.05,16.05
393,0.11,-0.22,0.9,12.98,-8.55,18.28
394,0.08,-0.23,0.91,12.6,-6.51,19.55
395,0.09,-0.22,0.9,10.37,-5.5,18.96
396,0.09,-0.21,0.88,9.44,-4.69,19.02
397,0.11,-0.21,0.89,8.39,-2.2,19.16
398,0.08,-0.2,0.89,7.31,-2.69,16.5
399,0.08,-0.19,0.88,7.83,-2.66,14.42
