,accel_x,accel_y,accel_z,gyro_x,gyro_y,gyro_z
0,0.11,-0.22,1.02,-7.47,0.19,-2.92
1,0.12,-0.23,1.05,-6.55,2.06,-1.76
2,0.12,-0.22,1.04,-3.93,0.92,-2.01
3,0.1,-0.22,1.04,-2.71,3.02,-1.98
4,0.1,-0.2,1.03,0.24,1.5,-0.79
5,0.09,-0.19,1.0,1.85,1.43,-1.14
6,0.08,-0.19,0.96,2.62,1.22,-1.24
7,0.08,-0.18,0.95,2.24,2.54,0.98
8,0.08,-0.17,0.93,0.15,3.27,2.48
9,0.11,-0.16,0.95,-1.48,4.13,3.18
10,0.11,-0.14,0.94,-2.6,4.21,3.2
11,0.11,-0.14,0.93,-3.18,2.51,2.63
12,0.11,-0.14,0.94,-3.02,0.39,1.49
13,0.11,-0.15,0.96,-2.85,0.46,2.77
14,0.13,-0.16,0.96,-2.6,1.57,4.17
15,0.16,-0.18,0.99,-1.63,6.1,11.02
16,0.1,-0.18,0.95,-1.64,6.21,10.4
17,0.13,-0.17,0.98,-1.01,6.03,13.69
18,0.13,-0.17,1.01,1.11,8.34,19.11
19,0.13,-0.19,1.01,3.07,9.89,19.75
20,0.1,-0.18,0.99,3.23,10.08,18.77
21,0.11,-0.18,1.01,3.66,7.95,15.66
22,0.09,-0.17,0.99,4.89,5.21,13.66
23,0.09,-0.17,0.98,4.93,4.23,11.86
24,0.1,-0.16,0.97,4.89,3.4,11.66
25,0.1,-0.14,0.95,4.19,2.5,10.53
26,0.09,-0.15,0.96,3.36,0.64,9.26
27,0.09,-0.15,1.05,3.59,1.56,10.94
28,0.12,-0.11,0.97,5.15,-2.75,6.13
29,0.08,-0.13,0.94,4.17,0.68,4.28
30,0.06,-0.12,0.94,1.33,-2.85,3.4
31,0.1,-0.14,0.92,-1.62,-3.95,0.15
32,0.11,-0.14,0.95,-4.03,-0.33,-0.8
33,0.1,-0.15,0.96,-4.92,-1.21,-1.83
34,0.1,-0.15,0.97,-4.84,-0.18,-3.2
35,0.1,-0.16,0.99,-4.07,-0.45,-3.56
36,0.09,-0.15,0.99,-3.09,-3.44,-4.34
37,0.11,-0.14,0.97,-1.86,-4.77,-5.76
38,0.1,-0.14,0.96,-2.78,-6.56,-8.88
39,0.09,-0.15,0.98,-3.02,-7.83,-9.74
40,0.09,-0.16,0.99,-2.68,-7.47,-9.15
41,0.09,-0.17,1.0,-2.39,-5.57,-7.18
42,0.07,-0.18,1.01,-1.89,-3.68,-5.43
43,0.05,-0.18,1.01,-1.21,-2.05,-2.06
44,0.05,-0.18,1.0,-1.03,-0.76,0.33
45,0.06,-0.17,1.0,-0.66,0.66,2.88
46,0.07,-0.17,0.97,-1.11,1.69,3.69
47,0.07,-0.17,0.98,-1.55,1.84,4.38
48,0.07,-0.15,0.98,-1.56,1.63,4.69
49,0.08,-0.16,0.98,-1.16,1.74,4.48
50,0.08,-0.16,1.0,-0.5,2.2,3.75
51,0.06,-0.16,1.0,0.5,2.15,4.45
52,0.08,-0.16,1.0,2.04,1.6,4.95
53,0.1,-0.15,0.99,3.09,0.4,4.05
54,0.11,-0.15,0.98,3.37,0.25,3.06
55,0.12,-0.14,0.98,4.49,-0.73,2.08
56,0.12,-0.13,0.97,3.69,-0.11,1.09
57,0.11,-0.13,0.95,3.33,-0.71,0.1
58,0.09,-0.13,0.94,1.81,-1.48,-0.29
59,0.09,-0.12,0.94,-0.15,-1.75,0.4
60,0.09,-0.13,0.95,-2.01,-0.78,1.38
61,0.1,-0.13,0.95,-3.37,-0.27,2.08
62,0.09,-0.14,0.97,-3.48,-0.23,1.35
63,0.09,-0.15,0.98,-2.34,-2.27,0.65
64,0.1,-0.15,0.97,-0.95,-3.32,-0.03
65,0.12,-0.15,0.97,-0.39,-1.56,-0.71
66,0.1,-0.14,0.96,-0.58,-0.35,-1.01
67,0.1,-0.14,0.95,-1.45,-0.93,-1.47
68,0.1,-0.14,0.95,-2.53,-0.99,-1.73
69,0.09,-0.13,0.96,-3.05,-0.59,-1.17
70,0.09,-0.14,0.96,-3.92,-0.04,-0.69
71,0.09,-0.14,0.94,-5.07,0.58,-1.5
72,0.08,-0.14,0.96,-5.38,-0.78,-0.87
73,0.08,-0.14,0.96,-6.02,-1.23,0.05
74,0.09,-0.14,0.97,-6.66,-0.69,-0.11
75,0.09,-0.15,0.98,-6.67,-0.05,-0.23
76,0.1,-0.15,0.98,-6.44,0.35,-0.86
77,0.11,-0.15,1.0,-5.45,1.44,-0.95
78,0.09,-0.16,1.0,-4.18,0.68,-2.48
79,0.08,-0.16,0.99,-2.6,-1.24,-2.8
80,0.08,-0.16,0.98,-2.53,-1.69,-2.96
81,0.08,-0.16,0.99,-3.13,-1.33,-1.88
82,0.08,-0.15,0.99,-3.83,-0.32,-1.99
83,0.07,-0.16,0.98,-4.5,0.32,-1.49
84,0.08,-0.16,0.99,-4.63,0.65,-0.82
85,0.09,-0.17,1.01,-3.91,1.11,0.02
86,0.1,-0.17,1.02,-2.8,1.96,1.3
87,0.09,-0.16,1.0,-2.1,3.37,2.34
88,0.09,-0.15,1.0,-1.27,4.0,3.3
89,0.08,-0.15,0.99,-1.05,4.23,3.63
90,0.07,-0.16,0.98,-0.21,3.27,5.08
91,0.08,-0.15,0.98,-0.08,2.57,4.52
92,0.08,-0.14,0.98,-0.64,2.57,3.72
93,0.08,-0.14,0.98,-0.91,2.49,3.42
94,0.08,-0.13,0.98,-1.25,1.7,2.73
95,0.09,-0.13,0.98,-1.27,0.92,2.57
96,0.09,-0.13,0.98,-1.61,1.25,1.82
97,0.09,-0.13,0.98,-2.25,1.6,0.66
98,0.1,-0.14,0.99,-2.66,2.98,0.49
99,0.1,-0.13,0.99,-2.66,2.95,-1.18
100,0.1,-0.14,0.99,-2.85,3.62,-1.57
101,0.09,-0.15,0.98,-2.1,2.27,-2.34
102,0.09,-0.14,0.98,-2.34,1.95,-2.94
103,0.08,-0.15,0.99,-1.79,2.04,-2.44
104,0.08,-0.16,1.0,-0.46,1.53,-1.55
105,0.05,-0.16,0.97,-0.11,-0.47,-1.41
106,0.04,-0.17,0.98,-0.39,-0.65,0.82
107,0.01,-0.14,1.01,2.63,12.79,1.84
108,0.01,-0.18,0.99,5.68,-3.87,5.33
109,0.01,-0.17,0.97,3.73,-5.56,7.99
110,0.03,-0.15,0.96,1.83,-1.29,9.95
111,0.02,-0.14,0.95,-2.59,-1.94,9.12
112,0.03,-0.15,0.98,0.3,2.52,11.83
113,0.07,-0.14,0.98,0.3,4.52,10.68
114,0.07,-0.14,0.98,1.03,5.82,9.86
115,0.07,-0.14,0.98,0.45,5.98,8.23
116,0.07,-0.12,0.96,0.78,5.85,7.47
117,0.06,-0.13,0.98,1.4,4.01,7.82
118,0.07,-0.12,0.96,1.72,2.56,7.63
119,0.08,-0.12,0.94,1.44,0.83,6.95
120,0.08,-0.12,0.94,1.01,0.18,6.31
121,0.09,-0.13,0.97,-0.07,-0.87,5.49
122,0.08,-0.14,0.97,0.01,-0.97,5.87
123,0.07,-0.15,0.98,1.14,-0.95,6.51
124,0.07,-0.16,0.99,1.59,-2.69,7.14
125,0.05,-0.16,0.99,2.32,-4.27,7.81
126,0.06,-0.17,1.0,3.8,-4.4,9.8
127,0.05,-0.17,1.0,3.67,-6.24,9.69
128,0.06,-0.17,1.0,5.05,-2.75,11.18
129,0.04,-0.18,1.0,6.02,-4.27,11.85
130,0.04,-0.17,0.99,7.72,-6.18,13.03
131,0.04,-0.18,1.0,10.57,-7.75,15.62
132,0.03,-0.18,1.0,13.57,-10.95,17.04
133,-0.0,-0.2,0.99,19.11,-18.51,15.21
134,-0.14,-0.26,1.04,29.33,-29.8,20.14
135,-0.19,-0.31,1.06,42.44,-41.17,32.68
136,-0.16,-0.34,1.05,57.25,-51.94,46.63
137,-0.01,-0.29,0.95,65.02,-53.36,59.5
138,0.19,-0.25,0.83,65.89,-43.44,67.89
139,0.33,-0.24,0.78,61.23,-32.02,69.23
140,0.46,-0.21,0.66,53.56,-35.79,70.83
141,0.67,-0.18,0.59,41.41,-37.94,70.5
142,0.91,-0.14,0.53,21.85,-39.73,64.59
143,1.12,-0.12,0.5,1.98,-44.12,51.36
144,1.35,-0.1,0.55,-16.42,-48.95,38.57
145,1.61,-0.08,0.62,-39.6,-44.32,22.6
146,1.8,-0.09,0.67,-52.69,-35.41,1.39
147,1.92,-0.1,0.73,-62.69,-36.75,-25.86
148,2.0,-0.13,0.78,-69.21,-40.52,-58.87
149,2.0,-0.15,0.85,-72.79,-38.43,-94.87
150,2.0,-0.18,0.92,-71.21,-41.37,-128.69
151,2.0,-0.21,0.95,-70.61,-52.79,-166.76
152,2.0,-0.28,0.96,-65.95,-57.97,-199.15
153,2.0,-0.38,0.91,-66.67,-59.61,-223.33
154,2.0,-0.51,0.85,-73.44,-48.76,-238.77
155,2.0,-0.63,0.75,-82.09,-44.5,-248.92
156,2.0,-0.75,0.68,-96.27,-43.43,-248.98
157,2.0,-0.79,0.62,-100.41,-25.85,-250.14
158,2.0,-0.93,0.58,-119.74,-7.41,-250.14
159,2.0,-1.16,0.48,-121.02,25.18,-250.14
160,1.8,-1.46,0.35,-133.22,59.47,-250.14
161,1.3,-1.81,0.33,-144.76,82.73,-250.14
162,0.53,-2.0,0.42,-146.68,87.42,-250.14
163,-0.3,-2.0,0.6,-137.69,38.13,-250.14
164,-1.1,-2.0,0.91,-113.71,12.75,-250.14
165,-1.31,-2.0,1.15,-102.5,4.99,-250.14
166,-1.44,-2.0,1.24,-91.47,35.62,-250.14
167,-1.76,-2.0,1.3,-84.07,56.76,-250.14
168,-2.0,-2.0,1.36,-76.21,67.7,-231.58
169,-2.0,-1.93,1.43,-73.31,72.17,-208.38
170,-2.0,-1.75,1.66,-63.51,73.93,-192.31
171,-2.0,-1.53,1.66,-49.11,74.24,-177.16
172,-1.99,-1.28,1.61,-45.11,63.05,-160.05
173,-1.88,-1.07,1.48,-32.85,56.04,-141.73
174,-1.72,-0.85,1.43,-24.51,49.53,-119.15
175,-1.45,-0.67,1.33,-14.27,49.5,-98.7
176,-1.22,-0.5,1.21,-12.7,54.03,-85.34
177,-1.17,-0.4,1.15,-9.56,60.69,-73.95
178,-1.09,-0.35,1.15,2.47,55.61,-58.85
179,-0.96,-0.32,1.14,19.95,45.68,-46.31
180,-0.85,-0.24,1.03,34.11,40.71,-36.65
181,-0.76,-0.19,0.9,36.92,46.59,-23.41
182,-0.7,-0.17,0.82,30.61,61.63,-4.41
183,-0.62,-0.16,0.81,21.15,74.05,16.26
184,-0.52,-0.16,0.78,14.51,85.05,31.98
185,-0.48,-0.16,0.75,8.98,87.04,43.2
186,-0.42,-0.17,0.75,4.84,81.36,51.76
187,-0.32,-0.16,0.75,3.05,67.01,51.95
188,-0.27,-0.14,0.75,1.02,46.38,47.74
189,-0.18,-0.14,0.81,-0.24,25.99,41.95
190,-0.11,-0.14,0.86,-2.22,13.12,38.69
191,-0.06,-0.15,0.94,-3.67,9.29,37.37
192,-0.05,-0.16,1.0,-3.99,11.4,38.08
193,-0.03,-0.19,1.06,-1.33,14.86,40.29
194,-0.01,-0.2,1.06,3.5,23.11,43.44
195,0.01,-0.19,1.04,5.46,33.73,48.14
196,0.02,-0.19,0.99,6.98,43.63,50.1
197,-0.01,-0.18,0.96,9.51,44.82,52.58
198,0.0,-0.15,0.91,5.4,39.2,53.71
199,-0.01,-0.16,0.86,7.45,30.39,52.49
200,-0.02,-0.15,0.85,3.73,15.08,48.88
201,-0.04,-0.14,0.86,2.74,4.05,46.79
202,-0.03,-0.16,0.88,2.26,-3.86,47.47
203,-0.01,-0.16,0.9,1.41,-12.08,45.33
204,0.0,-0.17,0.92,1.45,-17.15,45.15
205,0.02,-0.18,0.95,1.81,-16.71,46.73
206,0.01,-0.21,0.97,2.06,-13.66,51.2
207,0.02,-0.22,1.01,1.57,-9.2,57.97
208,0.09,-0.22,1.01,0.14,-1.75,61.65
209,0.11,-0.21,1.0,-0.96,4.19,63.87
210,0.13,-0.21,1.01,-1.79,7.8,63.63
211,0.13,-0.23,1.01,-0.89,7.73,61.89
212,0.08,-0.23,1.0,1.53,0.1,58.53
213,0.06,-0.23,0.99,3.9,-11.92,54.71
214,0.1,-0.23,0.98,6.44,-20.17,51.72
215,0.1,-0.22,0.96,6.74,-24.67,48.24
216,0.11,-0.2,0.97,4.69,-26.56,47.95
217,0.13,-0.2,0.97,2.33,-22.43,50.25
218,0.14,-0.2,0.99,0.39,-17.9,52.34
219,0.16,-0.2,1.01,-0.98,-14.31,53.8
220,0.2,-0.2,1.02,0.12,-9.75,54.59
221,0.2,-0.17,1.0,0.15,-7.0,52.15
222,0.19,-0.16,0.99,1.59,-6.89,48.26
223,0.19,-0.15,0.99,2.63,-10.53,45.29
224,0.15,-0.14,0.98,5.83,-15.99,40.85
225,0.13,-0.14,0.95,9.16,-22.83,36.63
226,0.11,-0.13,0.92,10.81,-30.07,32.97
227,0.13,-0.13,0.9,10.84,-34.05,32.65
228,0.15,-0.12,0.88,6.21,-32.33,33.34
229,0.17,-0.12,0.9,-1.31,-24.55,35.02
230,0.17,-0.14,0.95,-7.23,-14.6,39.7
231,0.18,-0.16,0.98,-10.66,-5.14,44.48
232,0.18,-0.16,1.01,-11.61,0.44,46.37
233,0.21,-0.15,1.0,-10.85,2.09,44.52
234,0.19,-0.15,0.98,-4.11,-0.37,39.15
235,0.15,-0.15,0.96,0.89,-12.31,32.88
236,0.13,-0.15,0.94,5.27,-24.48,28.76
237,0.12,-0.14,0.91,8.57,-32.39,27.26
238,0.15,-0.14,0.88,4.6,-33.63,28.52
239,0.2,-0.13,0.9,-1.18,-25.71,31.15
240,0.22,-0.13,0.93,-7.81,-14.02,34.38
241,0.22,-0.13,0.97,-12.05,-6.85,36.53
242,0.2,-0.14,0.96,-11.15,-3.54,36.73
243,0.15,-0.14,0.95,-9.03,-9.84,35.07
244,0.12,-0.15,0.92,-5.6,-18.12,33.89
245,0.1,-0.16,0.89,-4.1,-26.23,33.03
246,0.11,-0.17,0.86,-4.71,-27.77,35.19
247,0.1,-0.17,0.86,-9.44,-27.56,37.73
248,0.12,-0.18,0.87,-15.25,-23.65,42.93
249,0.15,-0.19,0.9,-19.82,-16.6,46.57
250,0.16,-0.18,0.94,-24.41,-11.7,49.3
251,0.16,-0.18,0.97,-26.31,-8.53,50.05
252,0.16,-0.19,1.0,-26.16,-6.86,48.6
253,0.17,-0.19,1.03,-23.14,-4.06,46.42
254,0.16,-0.19,1.03,-19.91,-7.17,45.15
255,0.16,-0.2,1.01,-16.88,-11.31,40.44
256,0.16,-0.2,1.03,-14.03,-11.93,37.84
257,0.14,-0.2,1.04,-11.62,-12.05,36.63
258,0.16,-0.21,1.07,-10.74,-9.54,36.82
259,0.18,-0.19,1.05,-9.94,-4.55,35.89
260,0.14,-0.19,1.05,-7.14,-2.19,35.14
261,0.11,-0.21,1.03,-3.24,-2.69,34.58
262,0.08,-0.21,0.99,0.58,-5.77,33.59
263,0.08,-0.21,0.96,1.99,-9.02,32.79
264,0.07,-0.2,0.93,0.03,-10.47,32.88
265,0.1,-0.19,0.92,-2.36,-10.37,34.28
266,0.13,-0.19,0.93,-7.17,-10.09,34.28
267,0.15,-0.2,0.95,-10.48,-8.26,35.53
268,0.16,-0.2,0.96,-12.6,-5.86,36.77
269,0.14,-0.22,0.98,-14.43,-5.66,37.58
270,0.15,-0.22,1.0,-13.5,-5.78,38.31
271,0.16,-0.21,1.0,-10.67,-5.01,37.64
272,0.16,-0.22,0.99,-8.43,-7.29,35.18
273,0.15,-0.22,0.98,-6.36,-10.6,33.47
274,0.17,-0.22,0.98,-4.98,-11.74,32.64
275,0.19,-0.22,0.99,-4.86,-11.61,31.87
276,0.18,-0.23,0.99,-4.83,-9.67,31.22
277,0.2,-0.22,1.01,-4.17,-6.69,30.91
278,0.19,-0.21,0.99,-2.97,-4.37,30.08
279,0.16,-0.22,0.98,-0.85,-7.28,27.29
280,0.14,-0.22,0.99,2.17,-11.46,25.7
281,0.14,-0.22,0.99,2.98,-12.44,25.57
282,0.16,-0.22,0.97,1.99,-9.54,27.02
283,0.13,-0.22,0.96,-0.5,-6.37,27.68
284,0.14,-0.23,0.97,-2.71,-3.09,29.42
285,0.15,-0.22,0.98,-3.94,-0.79,29.86
286,0.18,-0.22,0.99,-4.47,1.17,29.28
287,0.16,-0.21,1.0,-3.18,1.5,27.67
288,0.14,-0.21,1.01,-0.46,-0.92,24.54
289,0.12,-0.22,1.01,3.69,-4.6,21.16
290,0.09,-0.22,1.01,7.79,-10.61,18.87
291,0.09,-0.22,1.0,11.62,-13.15,18.87
292,0.08,-0.22,0.97,13.02,-13.11,19.86
293,0.09,-0.2,0.96,12.07,-11.47,22.57
294,0.11,-0.19,0.92,9.12,-8.63,23.73
295,0.12,-0.18,0.92,5.54,-6.66,25.16
296,0.13,-0.17,0.92,2.21,-4.89,26.09
297,0.14,-0.18,0.94,-0.84,-2.95,27.91
298,0.15,-0.17,0.95,-3.08,0.2,28.73
299,0.13,-0.17,0.95,-4.88,0.47,27.83
300,0.13,-0.19,0.97,-4.86,-1.08,26.73
301,0.13,-0.2,0.99,-3.66,-1.43,25.56
302,0.13,-0.2,0.98,-2.13,-2.17,23.81
303,0.13,-0.19,0.96,-1.03,-2.47,21.77
304,0.12,-0.2,0.97,0.69,-5.44,19.9
305,0.16,-0.2,0.99,1.18,-6.15,19.15
306,0.16,-0.21,0.98,1.89,-3.44,19.66
307,0.14,-0.21,0.97,1.38,-1.69,20.41
308,0.15,-0.21,0.97,-0.32,2.11,20.18
309,0.13,-0.21,0.96,-2.4,4.64,20.08
310,0.1,-0.21,0.97,-2.42,1.89,19.21
311,0.09,-0.21,1.0,-0.68,-0.64,18.25
312,0.1,-0.21,0.99,1.87,-3.42,16.68
313,0.08,-0.21,0.98,3.88,-5.69,15.57
314,0.1,-0.2,0.98,4.93,-7.29,15.4
315,0.12,-0.2,0.96,4.82,-5.76,15.89
316,0.11,-0.21,0.95,3.72,-3.66,16.9
317,0.1,-0.2,0.93,1.47,-2.19,18.02
318,0.11,-0.19,0.94,-0.85,0.33,19.19
319,0.11,-0.19,0.95,-2.23,2.33,19.6
320,0.1,-0.18,0.95,-2.26,1.82,19.29
321,0.1,-0.18,0.95,-2.28,0.0,18.06
322,0.09,-0.18,0.94,-1.3,-1.22,15.56
323,0.08,-0.19,0.95,1.17,-5.46,14.37
324,0.09,-0.19,0.95,2.11,-6.98,13.08
325,0.11,-0.2,0.94,1.85,-6.53,12.98
326,0.13,-0.2,0.95,0.59,-3.6,13.2
327,0.12,-0.2,0.96,0.04,-1.95,12.85
328,0.11,-0.21,0.96,0.59,-0.67,13.56
329,0.1,-0.21,0.97,0.68,-0.31,14.37
330,0.11,-0.21,0.96,0.61,0.8,14.9
331,0.1,-0.21,0.96,-0.02,2.25,15.08
332,0.1,-0.21,0.96,0.03,4.58,15.22
333,0.08,-0.22,0.95,1.47,3.47,14.69
334,0.06,-0.21,0.92,3.08,-2.04,13.6
335,0.07,-0.2,0.9,3.31,-6.02,14.13
336,0.12,-0.2,0.92,1.51,-9.05,11.21
337,0.14,-0.2,0.92,-1.03,-5.68,12.02
338,0.13,-0.2,0.93,-3.92,-2.31,13.23
339,0.14,-0.19,0.95,-7.06,-0.64,14.44
340,0.14,-0.19,0.95,-8.92,0.34,14.23
341,0.17,-0.2,0.99,-9.37,1.81,15.19
342,0.18,-0.2,1.0,-9.32,2.99,13.35
343,0.18,-0.21,1.03,-6.42,1.84,11.1
344,0.17,-0.21,1.04,-1.69,-0.27,9.24
345,0.18,-0.21,1.04,3.35,-1.95,6.92
346,0.15,-0.21,1.02,7.24,-2.2,4.56
347,0.12,-0.2,0.99,8.96,-5.44,1.28
348,0.12,-0.19,0.98,9.9,-8.53,-0.34
349,0.1,-0.19,0.94,8.79,-10.13,-2.05
350,0.1,-0.17,0.92,6.24,-10.08,-1.94
351,0.1,-0.15,0.92,3.74,-9.47,-1.03
352,0.12,-0.16,0.93,0.41,-9.11,-0.81
353,0.11,-0.16,0.96,-1.27,-6.13,2.2
354,0.11,-0.16,0.96,-2.08,-5.31,3.31
355,0.11,-0.16,0.95,-2.73,-5.49,3.4
356,0.12,-0.17,0.96,-2.99,-7.82,1.89
357,0.1,-0.17,0.96,-2.78,-10.73,0.5
358,0.09,-0.18,0.96,-2.91,-13.67,-0.69
359,0.1,-0.19,0.98,-2.96,-15.46,-1.82
360,0.1,-0.19,1.0,-2.1,-15.37,-1.64
361,0.09,-0.2,1.01,-1.5,-13.8,-0.11
362,0.12,-0.2,1.02,-0.67,-10.25,2.97
363,0.14,-0.2,1.02,-0.08,-6.43,5.44
364,0.15,-0.19,1.02,0.5,-3.86,6.69
365,0.15,-0.19,1.01,1.73,-4.36,6.65
366,0.16,-0.18,0.99,2.86,-5.43,5.6
367,0.16,-0.17,0.98,3.45,-7.61,3.08
368,0.16,-0.17,0.99,4.42,-8.95,1.57
369,0.15,-0.16,0.99,5.69,-9.34,-0.4
370,0.15,-0.17,0.99,7.09,-9.05,-1.86
371,0.13,-0.15,0.97,7.14,-8.98,-2.16
372,0.16,-0.15,0.97,6.57,-6.49,-0.5
373,0.14,-0.14,0.96,5.6,-4.19,0.32
374,0.15,-0.14,0.95,4.08,-2.24,1.83
375,0.14,-0.14,0.94,1.79,0.32,3.04
376,0.12,-0.13,0.95,0.0,2.03,4.64
377,0.12,-0.14,0.94,-1.36,1.56,5.75
378,0.12,-0.14,0.94,-2.69,1.98,6.77
379,0.13,-0.15,0.96,-6.09,0.82,5.72
380,0.1,-0.15,0.97,-5.99,-0.4,5.01
381,0.15,-0.18,1.0,1.53,-2.66,5.11
382,0.17,-0.18,1.01,-1.27,-0.11,4.31
383,0.16,-0.18,1.02,-1.44,2.99,3.98
384,0.17,-0.17,1.03,-0.5,4.92,4.51
385,0.16,-0.18,1.04,1.27,5.99,2.1
386,0.14,-0.18,1.04,3.85,2.56,-0.13
387,0.16,-0.19,1.03,7.12,2.69,-2.97
388,0.13,-0.17,1.03,9.28,0.04,-2.82
389,0.12,-0.18,1.03,10.6,-1.04,-4.62
390,0.13,-0.17,1.02,12.99,-0.29,-5.52
391,0.12,-0.17,1.0,14.89,-2.29,-7.61
392,0.11,-0.17,0.99,15.52,-4.5,-9.02
393,0.11,-0.16,0.98,16.43,-6.21,-9.27
394,0.11,-0.16,0.95,15.92,-7.83,-9.02
395,0.11,-0.16,0.95,14.63,-9.23,-8.16
396,0.1,-0.15,0.94,11.77,-9.22,-8.01
397,0.12,-0.14,0.93,8.0,-6.94,-3.57
398,0.16,-0.12,0.94,4.47,-2.5,-1.69
399,0.17,-0.12,0.95,0.73,2.76,1.69
