,accel_x,accel_y,accel_z,gyro_x,gyro_y,gyro_z
0,-0.08,-0.28,0.96,2.53,-1.6,-6.31
1,-0.09,-0.28,0.94,1.75,-2.64,-4.2
2,-0.08,-0.28,0.94,1.75,-2.76,-2.78
3,-0.07,-0.27,0.95,1.64,-3.55,-2.02
4,-0.06,-0.26,0.93,-0.02,-3.49,-0.48
5,-0.04,-0.25,0.93,-1.82,-2.79,-0.21
6,-0.04,-0.27,0.95,-1.5,-3.67,-0.31
7,-0.04,-0.27,0.95,0.22,-4.69,0.11
8,-0.03,-0.26,0.95,0.05,-4.21,0.92
9,-0.02,-0.26,0.96,0.4,-4.92,0.39
10,-0.01,-0.26,0.97,2.05,-4.76,-0.46
11,-0.0,-0.25,0.95,1.73,-3.98,-1.06
12,-0.01,-0.25,0.96,1.63,-4.13,-1.54
13,-0.01,-0.26,0.96,1.75,-4.45,-1.22
14,-0.02,-0.26,0.96,1.91,-4.63,-1.47
15,-0.0,-0.25,0.96,1.67,-3.65,-0.39
16,-0.01,-0.25,0.96,0.89,-3.02,0.66
17,-0.0,-0.25,0.96,0.31,-3.02,0.37
18,-0.02,-0.26,0.95,-0.23,-3.03,0.79
19,-0.01,-0.27,0.96,-0.21,-3.85,1.45
20,-0.01,-0.27,0.96,0.37,-3.71,1.54
21,-0.01,-0.26,0.96,1.63,-4.54,1.02
22,-0.01,-0.26,0.96,1.73,-3.63,0.06
23,0.0,-0.25,0.96,1.29,-2.79,-0.33
24,0.0,-0.23,0.95,1.08,-1.67,-1.32
25,-0.0,-0.24,0.94,0.33,-1.48,-2.6
26,-0.01,-0.24,0.95,-0.77,-0.14,-3.11
27,-0.02,-0.24,0.94,-0.59,-0.09,-3.56
28,-0.03,-0.24,0.94,-0.65,-1.29,-4.33
29,-0.01,-0.24,0.93,-0.74,-2.24,-4.84
30,-0.03,-0.24,0.94,-1.16,-2.27,-5.33
31,-0.03,-0.25,0.95,-0.58,-3.79,-5.3
32,-0.03,-0.26,0.95,-0.34,-4.1,-4.62
33,-0.02,-0.26,0.96,0.03,-3.21,-3.64
34,-0.02,-0.25,0.94,-0.33,-1.27,-3.23
35,-0.03,-0.24,0.94,-1.73,-0.16,-1.85
36,-0.03,-0.23,0.94,-3.23,-0.4,-1.56
37,-0.03,-0.23,0.93,-4.47,-1.78,-0.53
38,-0.02,-0.23,0.94,-4.95,-2.83,-0.89
39,-0.02,-0.24,0.94,-4.41,-3.31,-1.5
40,-0.01,-0.24,0.95,-4.45,-4.31,-2.37
41,-0.01,-0.25,0.97,-3.1,-5.34,-3.58
42,0.01,-0.25,0.97,-2.55,-3.95,-3.49
43,0.0,-0.26,0.96,-2.63,-2.88,-2.65
44,-0.01,-0.26,0.96,-2.8,-2.44,-2.34
45,-0.01,-0.26,0.97,-2.84,-1.68,-1.72
46,-0.01,-0.25,0.96,-2.43,-1.6,-1.57
47,-0.01,-0.25,0.96,-2.18,-1.73,-1.89
48,-0.01,-0.25,0.95,-1.72,-2.71,-2.82
49,-0.01,-0.26,0.96,-0.79,-4.49,-3.58
50,0.0,-0.26,0.95,-0.53,-4.51,-3.79
51,-0.0,-0.26,0.96,-0.47,-4.07,-4.86
52,-0.02,-0.27,0.96,0.14,-3.79,-4.29
53,-0.01,-0.26,0.96,0.5,-3.39,-3.76
54,-0.01,-0.25,0.95,0.44,-3.4,-4.37
55,-0.01,-0.26,0.95,0.56,-3.24,-3.7
56,-0.01,-0.27,0.96,1.18,-3.97,-2.73
57,-0.02,-0.26,0.95,2.05,-4.85,-2.88
58,-0.0,-0.25,0.95,2.79,-6.32,-3.09
59,0.01,-0.25,0.95,2.19,-5.27,-4.13
60,0.0,-0.26,0.97,1.68,-4.92,-4.6
61,-0.02,-0.28,0.97,3.6,-7.11,-4.97
62,0.0,-0.25,0.96,4.69,-7.67,-3.79
63,0.02,-0.24,0.96,3.26,-6.52,-3.1
64,0.01,-0.23,0.96,2.06,-4.89,-3.16
65,0.02,-0.22,0.96,1.17,-3.89,-2.85
66,0.01,-0.21,0.96,-0.69,-2.97,-2.47
67,0.01,-0.22,0.96,-2.37,-0.88,-1.37
68,0.01,-0.24,0.97,-2.45,-0.66,-1.31
69,0.01,-0.24,0.97,-2.45,-0.04,-1.31
70,0.01,-0.25,0.98,-2.52,-0.37,-2.07
71,0.0,-0.23,0.97,-2.71,0.39,-1.56
72,-0.0,-0.24,0.98,-2.52,0.02,-1.55
73,-0.01,-0.24,0.98,-2.06,-0.02,-1.21
74,0.0,-0.25,0.98,-1.33,0.11,-0.88
75,0.0,-0.25,0.98,-0.54,-0.73,-0.62
76,0.01,-0.25,0.97,-0.56,-0.14,-0.91
77,0.01,-0.24,0.97,-1.02,1.53,-0.99
78,0.0,-0.24,0.97,-0.81,2.66,-1.66
79,-0.0,-0.24,0.97,0.39,1.93,-1.75
80,-0.01,-0.25,0.97,0.56,3.02,-0.86
81,0.01,-0.24,1.0,0.37,4.4,-0.37
82,-0.02,-0.23,0.95,0.79,3.42,-1.52
83,-0.02,-0.24,0.97,-0.74,6.25,1.09
84,-0.02,-0.24,0.96,-0.86,5.65,0.74
85,-0.01,-0.23,0.96,-2.47,7.46,2.44
86,-0.02,-0.24,0.97,-2.4,8.12,2.34
87,-0.01,-0.24,0.96,-3.11,11.36,3.4
88,-0.03,-0.25,0.95,-4.92,16.68,4.55
89,-0.0,-0.21,0.95,-5.32,29.76,7.31
90,-0.07,-0.24,0.95,-9.87,25.2,10.34
91,0.05,-0.17,0.93,-15.58,26.05,14.14
92,-0.02,-0.24,0.93,-5.44,12.66,1.28
93,-0.04,-0.19,0.91,-0.3,5.32,-7.98
94,-0.05,-0.23,0.88,3.99,-0.56,-7.15
95,-0.05,-0.21,1.04,1.46,-4.24,-3.2
96,-0.08,-0.27,0.93,-3.36,5.66,-1.75
97,-0.04,-0.24,0.9,6.37,-3.08,1.16
98,-0.05,-0.19,0.94,-3.62,1.88,-5.36
99,-0.08,-0.25,0.93,-0.11,-0.84,-1.73
100,-0.02,-0.25,0.95,-0.12,-2.37,0.31
101,-0.01,-0.25,0.97,-1.04,-0.88,-1.56
102,-0.04,-0.24,0.97,-0.69,-3.18,0.88
103,-0.03,-0.24,0.97,-2.37,0.15,-0.15
104,-0.02,-0.22,0.97,-2.86,1.05,-0.94
105,-0.05,-0.24,0.97,0.56,-5.6,-2.0
106,-0.02,-0.23,0.96,-0.4,-3.66,0.12
107,-0.01,-0.25,0.99,0.73,-0.11,-1.29
108,-0.03,-0.25,0.96,-0.99,-2.59,-1.57
109,-0.03,-0.24,0.96,-1.44,-3.05,-1.12
110,-0.01,-0.25,0.98,0.95,-0.7,0.85
111,-0.04,-0.24,0.94,-0.56,-3.11,-1.05
112,-0.03,-0.22,0.94,-1.86,-2.3,-1.49
113,-0.03,-0.24,0.95,0.82,-1.27,-0.4
114,-0.03,-0.23,0.93,-0.44,-4.9,-0.06
115,-0.03,-0.22,0.92,-2.01,-5.34,-0.11
116,-0.03,-0.23,0.92,-1.34,-5.77,-0.6
117,-0.03,-0.23,0.94,0.52,-7.34,-1.59
118,-0.02,-0.22,0.94,0.18,-6.89,-2.1
119,-0.03,-0.22,0.92,0.13,-7.22,-2.57
120,-0.03,-0.21,0.93,-0.42,-8.02,-3.63
121,-0.04,-0.23,0.94,0.38,-11.13,-4.2
122,-0.0,-0.23,1.0,-2.25,-11.88,-8.38
123,-0.02,-0.24,0.95,0.99,-11.42,-4.18
124,-0.01,-0.24,0.94,-0.51,-8.48,-5.04
125,-0.0,-0.24,0.94,0.41,-8.97,-4.4
126,0.01,-0.22,0.94,-1.02,-8.49,-4.14
127,0.01,-0.21,0.94,-2.1,-8.04,-4.1
128,0.01,-0.22,0.95,-2.19,-8.92,-3.13
129,0.02,-0.22,0.94,-2.93,-8.92,-2.83
130,0.02,-0.22,0.95,-3.75,-7.84,-2.66
131,0.04,-0.22,0.95,-3.79,-8.08,-3.85
132,0.07,-0.21,0.97,-4.11,-7.7,-5.32
133,0.1,-0.21,0.98,-3.65,-8.27,-6.51
134,0.14,-0.23,1.0,-1.55,-10.79,-7.32
135,0.22,-0.23,1.02,3.39,-16.82,-4.41
136,0.36,-0.21,1.06,10.44,-24.4,-0.6
137,0.6,-0.15,1.08,11.49,-31.75,-0.82
138,0.87,-0.09,1.12,10.63,-33.74,-4.47
139,1.09,-0.07,1.18,5.47,-28.56,-15.55
140,1.27,-0.05,1.2,5.73,-13.4,-24.38
141,1.33,-0.08,1.16,7.77,1.69,-39.12
142,1.36,-0.02,1.1,2.87,18.13,-48.63
143,1.29,-0.03,1.0,-1.27,32.41,-57.68
144,1.21,-0.04,0.95,-0.69,33.08,-61.48
145,1.14,-0.09,0.87,0.11,28.55,-66.2
146,1.04,-0.17,0.82,-0.65,22.13,-69.22
147,0.89,-0.26,0.77,-0.27,5.64,-65.82
148,0.82,-0.34,0.75,5.72,-28.33,-55.6
149,0.91,-0.31,0.74,9.85,-56.16,-43.23
150,1.02,-0.26,0.71,4.47,-64.92,-48.18
151,1.21,-0.29,0.84,-11.06,-45.67,-55.76
152,1.23,-0.4,0.96,-23.87,-5.95,-77.55
153,0.96,-0.6,1.09,-33.66,-18.98,-106.72
154,0.92,-0.7,1.15,-32.41,-48.56,-138.72
155,0.97,-0.78,1.1,-25.41,3.92,-164.76
156,0.96,-0.72,1.11,-48.47,104.87,-158.07
157,0.5,-1.02,1.31,-12.33,145.63,-103.93
158,-0.0,-1.01,1.08,18.58,182.37,-52.73
159,-0.66,-0.77,0.65,42.97,200.59,-32.19
160,-1.15,-0.49,0.35,45.15,172.38,-30.71
161,-1.82,-0.41,0.16,19.53,137.95,-40.17
162,-2.0,-0.51,0.43,-13.93,53.11,-63.23
163,-2.0,-0.57,0.68,-28.63,15.02,-83.13
164,-1.99,-0.73,1.01,-39.58,6.74,-96.13
165,-2.0,-0.78,1.12,-13.07,-5.76,-95.41
166,-1.89,-0.62,1.06,5.01,-12.56,-95.7
167,-1.79,-0.52,0.98,9.31,-15.08,-92.7
168,-1.65,-0.44,0.92,9.46,-29.89,-80.66
169,-1.38,-0.37,0.85,5.95,-39.06,-70.94
170,-1.1,-0.35,0.87,4.16,-42.69,-62.39
171,-0.84,-0.34,0.88,6.7,-35.44,-60.97
172,-0.64,-0.28,0.86,6.55,-14.41,-39.14
173,-0.57,-0.25,0.83,4.49,-2.05,-11.54
174,-0.45,-0.16,0.81,2.56,-4.67,2.69
175,-0.31,-0.1,0.75,0.53,-7.78,10.22
176,-0.19,-0.05,0.75,-0.04,-6.65,5.22
177,-0.1,-0.04,0.77,-3.15,-9.22,-3.65
178,-0.04,-0.03,0.78,-1.72,-14.46,-11.6
179,0.0,-0.04,0.8,-4.49,-12.35,-17.0
180,0.04,-0.07,0.83,-8.08,-9.58,-25.53
181,-0.01,-0.14,0.86,-12.48,-1.86,-30.82
182,-0.1,-0.25,0.91,-8.5,2.78,-30.39
183,-0.12,-0.29,0.93,-2.26,0.69,-23.05
184,-0.12,-0.29,0.93,-1.55,4.17,-13.82
185,-0.1,-0.26,0.92,-3.31,12.27,-7.47
186,-0.11,-0.26,0.94,-4.27,18.67,-4.37
187,-0.1,-0.23,0.95,-6.01,27.08,-3.05
188,-0.09,-0.23,0.93,-6.58,23.56,-3.84
189,-0.08,-0.24,0.94,-7.88,21.97,-4.79
190,-0.07,-0.26,0.95,-6.02,19.26,-1.34
191,-0.02,-0.23,0.95,-5.63,12.67,-0.02
192,0.02,-0.22,0.98,-6.65,12.76,-3.07
193,0.03,-0.22,0.97,-10.02,18.53,-8.34
194,0.01,-0.22,0.97,-13.05,22.23,-11.82
195,-0.03,-0.24,0.96,-17.11,24.26,-11.77
196,-0.08,-0.24,0.96,-22.42,30.71,-10.71
197,-0.14,-0.28,0.95,-24.01,32.39,-8.02
198,-0.17,-0.3,0.94,-23.95,26.85,-3.24
199,-0.2,-0.31,0.95,-22.12,21.82,3.06
200,-0.19,-0.31,0.93,-21.48,17.9,4.16
201,-0.21,-0.3,0.92,-24.05,16.22,6.16
202,-0.21,-0.32,0.92,-25.08,12.34,7.5
203,-0.22,-0.33,0.93,-24.34,9.16,8.39
204,-0.2,-0.35,0.94,-23.11,6.27,8.16
205,-0.16,-0.34,0.96,-21.15,2.79,7.3
206,-0.11,-0.32,0.98,-19.14,-1.24,4.21
207,-0.07,-0.32,0.98,-17.44,-2.41,1.3
208,-0.06,-0.3,0.98,-17.44,0.29,-1.37
209,-0.05,-0.31,0.98,-18.68,6.85,-2.5
210,-0.08,-0.33,0.97,-20.85,19.0,-0.31
211,-0.13,-0.35,0.93,-22.91,32.03,4.75
212,-0.22,-0.36,0.89,-24.08,37.63,12.11
213,-0.27,-0.34,0.85,-26.3,28.99,22.04
214,-0.31,-0.31,0.8,-32.83,22.3,25.34
215,-0.27,-0.31,0.81,-36.12,6.53,29.19
216,-0.19,-0.31,0.85,-37.79,-8.42,27.08
217,-0.1,-0.32,0.92,-38.63,-11.15,24.45
218,-0.01,-0.33,0.96,-37.4,-6.92,21.37
219,0.01,-0.36,0.98,-33.49,1.11,15.56
220,0.01,-0.39,1.02,-28.22,15.11,11.29
221,-0.05,-0.39,0.96,-22.39,34.49,8.22
222,-0.16,-0.37,0.91,-20.49,51.91,13.45
223,-0.31,-0.36,0.78,-23.86,50.95,17.68
224,-0.46,-0.36,0.74,-26.02,33.37,24.08
225,-0.49,-0.37,0.73,-26.04,9.02,25.27
226,-0.44,-0.37,0.72,-28.47,-12.51,26.19
227,-0.35,-0.4,0.8,-26.66,-33.57,25.93
228,-0.25,-0.42,0.86,-23.04,-45.47,24.27
229,-0.13,-0.45,0.93,-18.92,-44.43,24.18
230,-0.06,-0.45,0.95,-15.27,-37.31,22.24
231,-0.0,-0.45,1.0,-8.99,-23.45,23.58
232,-0.05,-0.43,0.97,-2.95,-17.31,23.26
233,-0.1,-0.4,0.94,1.09,-15.57,23.15
234,-0.15,-0.39,0.89,2.01,-15.4,21.99
235,-0.18,-0.4,0.89,2.21,-20.6,22.11
236,-0.2,-0.39,0.88,3.41,-30.82,21.44
237,-0.15,-0.39,0.91,6.36,-42.16,21.27
238,-0.11,-0.38,0.9,6.29,-41.29,22.51
239,-0.08,-0.37,0.91,2.67,-36.95,27.45
240,-0.06,-0.36,0.92,-2.11,-30.6,31.95
241,-0.04,-0.38,0.94,-4.54,-24.99,34.71
242,-0.03,-0.38,0.96,-3.31,-20.96,33.15
243,-0.02,-0.4,0.98,1.16,-21.97,29.29
244,-0.05,-0.4,0.98,6.75,-23.51,25.84
245,-0.04,-0.39,0.98,12.88,-27.5,25.02
246,-0.02,-0.38,0.95,16.7,-28.39,22.61
247,-0.03,-0.36,0.94,18.9,-28.62,20.4
248,-0.05,-0.33,0.92,22.27,-31.94,16.53
249,-0.03,-0.31,0.91,24.74,-38.18,9.36
250,-0.03,-0.31,0.91,24.62,-41.5,3.53
251,-0.04,-0.32,0.92,25.18,-41.59,1.61
252,-0.04,-0.34,0.92,25.82,-40.28,4.27
253,-0.05,-0.34,0.93,26.63,-40.12,7.66
254,-0.05,-0.33,0.94,24.79,-40.17,17.67
255,-0.02,-0.32,0.93,20.89,-39.17,26.02
256,0.07,-0.28,0.97,17.09,-39.02,31.05
257,0.12,-0.26,0.98,13.74,-37.15,28.97
258,0.14,-0.24,0.99,12.63,-34.31,23.71
259,0.17,-0.24,1.01,12.83,-27.92,16.04
260,0.14,-0.25,0.97,11.48,-19.3,13.42
261,0.08,-0.26,0.95,10.67,-11.06,10.61
262,0.02,-0.28,0.92,11.21,-3.68,11.69
263,-0.06,-0.28,0.88,7.39,0.56,14.62
264,-0.11,-0.29,0.87,6.15,-3.01,22.08
265,-0.13,-0.26,0.85,6.06,-12.18,28.66
266,-0.09,-0.23,0.85,3.02,-22.61,32.76
267,-0.01,-0.18,0.87,-1.5,-29.25,32.59
268,0.06,-0.18,0.9,-2.82,-32.47,31.11
269,0.11,-0.19,0.92,-2.33,-30.03,26.56
270,0.13,-0.2,0.95,-1.55,-26.86,25.06
271,0.19,-0.22,0.96,0.55,-13.67,24.97
272,0.13,-0.27,1.02,-0.99,-2.45,28.28
273,0.08,-0.31,0.99,-1.35,5.74,30.34
274,-0.02,-0.29,0.93,-9.31,0.25,31.44
275,-0.05,-0.3,0.91,-10.34,-1.6,33.37
276,-0.05,-0.31,0.94,-5.02,-11.32,33.56
277,0.01,-0.3,0.96,-2.72,-20.5,33.06
278,0.07,-0.28,0.96,-2.51,-22.91,33.49
279,0.13,-0.25,0.97,-3.04,-18.74,31.38
280,0.18,-0.25,1.0,-3.61,-16.34,27.96
281,0.2,-0.24,1.02,-3.82,-9.69,25.82
282,0.21,-0.24,1.02,-6.69,2.55,25.98
283,0.15,-0.25,0.99,-10.17,5.76,22.32
284,0.11,-0.27,0.98,-9.3,7.4,20.68
285,0.09,-0.27,0.97,-7.2,8.03,17.95
286,0.07,-0.27,0.95,-9.64,11.17,17.46
287,0.02,-0.28,0.96,-12.86,10.42,16.76
288,0.01,-0.3,0.96,-9.52,13.44,20.56
289,-0.03,-0.29,0.93,-11.83,10.63,18.16
290,-0.06,-0.3,0.92,-15.01,12.79,18.82
291,-0.07,-0.33,0.95,-10.07,7.95,20.38
292,-0.06,-0.33,0.94,-8.15,5.7,21.4
293,-0.04,-0.33,0.96,-8.05,4.3,23.0
294,-0.03,-0.29,0.93,-8.69,0.24,18.39
295,-0.03,-0.31,0.98,-9.92,4.02,21.49
296,0.02,-0.31,0.99,-3.31,-2.47,19.73
297,0.05,-0.29,0.96,-5.62,-0.53,17.44
298,0.01,-0.29,0.96,-8.6,3.28,18.02
299,0.03,-0.31,0.99,1.24,-2.9,17.6
300,0.07,-0.27,0.96,3.34,-7.37,14.18
301,0.08,-0.22,0.93,-1.18,-3.14,11.05
302,0.06,-0.25,0.96,-1.7,-0.53,12.71
303,0.07,-0.27,0.98,1.6,-7.34,10.21
304,0.1,-0.24,0.97,-0.47,-3.31,9.93
305,0.1,-0.23,0.97,-6.94,6.65,12.28
306,0.08,-0.26,0.99,-5.44,7.18,11.64
307,0.07,-0.27,0.98,-4.47,4.29,7.06
308,0.05,-0.28,0.96,-6.33,8.07,5.26
309,0.01,-0.31,0.96,-5.21,10.69,5.36
310,-0.03,-0.34,0.96,-2.1,8.96,2.84
311,-0.05,-0.34,0.95,0.7,6.77,1.96
312,-0.06,-0.32,0.92,0.4,8.4,3.0
313,-0.07,-0.31,0.92,-0.53,7.18,4.91
314,-0.07,-0.31,0.91,-0.7,3.44,4.75
315,-0.05,-0.3,0.91,-1.11,4.26,7.1
316,-0.05,-0.29,0.91,-1.72,2.27,8.41
317,-0.03,-0.28,0.93,-1.51,-2.75,8.18
318,-0.03,-0.27,0.92,-2.01,-4.66,9.24
319,-0.01,-0.24,0.94,-2.0,-5.25,9.57
320,0.02,-0.23,0.94,-2.71,-4.58,7.98
321,0.02,-0.23,0.96,-3.75,-2.47,6.53
322,0.03,-0.23,0.96,-3.56,-0.85,6.05
323,0.04,-0.24,1.01,-2.86,0.53,4.56
324,0.03,-0.23,0.96,-3.18,-1.57,-0.51
325,0.03,-0.22,0.98,-3.2,-2.16,-1.9
326,0.03,-0.24,0.98,-0.69,-3.46,-3.56
327,0.03,-0.23,0.98,-1.38,-3.6,-6.09
328,0.03,-0.25,1.0,-0.99,-1.92,-6.32
329,0.02,-0.25,0.99,-0.16,-2.02,-7.52
330,0.02,-0.26,1.01,-0.76,0.45,-9.34
331,0.01,-0.26,0.99,-0.89,3.09,-10.54
332,-0.01,-0.25,0.99,-0.93,5.24,-10.47
333,-0.02,-0.27,0.97,-1.6,6.8,-10.57
334,-0.04,-0.28,0.97,-1.17,7.92,-10.71
335,-0.06,-0.28,0.96,-0.82,6.26,-10.47
336,-0.07,-0.28,0.95,-1.04,5.91,-10.64
337,-0.09,-0.28,0.94,-0.79,5.25,-10.05
338,-0.08,-0.27,0.92,-2.21,5.24,-9.66
339,-0.07,-0.28,0.93,-2.65,4.8,-9.47
340,-0.09,-0.29,0.93,-2.85,4.03,-7.78
341,-0.1,-0.29,0.91,-2.76,3.27,-6.38
342,-0.1,-0.29,0.91,-2.34,3.4,-5.38
343,-0.09,-0.29,0.9,-1.47,1.24,-4.03
344,-0.08,-0.28,0.89,-1.57,-1.24,-3.68
345,-0.08,-0.27,0.88,-2.96,-1.53,-2.09
346,-0.07,-0.27,0.9,-3.15,-2.66,-2.44
347,-0.07,-0.27,0.89,-3.85,-2.44,-1.53
348,-0.06,-0.28,0.91,-3.24,-2.69,-1.21
349,-0.05,-0.28,0.91,-2.98,-2.32,-1.49
350,-0.04,-0.27,0.9,-3.39,-1.02,-1.63
351,-0.04,-0.28,0.92,-4.22,0.44,-1.66
352,-0.04,-0.28,0.92,-4.37,3.42,-1.39
353,-0.03,-0.28,0.93,-2.77,-0.35,-1.03
354,-0.01,-0.26,0.94,-3.44,-0.4,-3.4
355,-0.02,-0.27,0.94,-4.18,1.32,-5.55
356,-0.04,-0.26,0.93,-5.65,0.37,-8.34
357,-0.03,-0.27,0.97,-3.54,1.5,-7.65
358,-0.05,-0.28,0.96,-3.25,1.98,-8.54
359,-0.05,-0.29,0.96,-2.64,1.05,-8.98
360,-0.04,-0.29,0.99,-0.77,1.02,-9.51
361,-0.05,-0.29,0.96,-0.83,1.87,-9.99
362,-0.07,-0.29,0.97,-1.44,2.96,-9.06
363,-0.07,-0.28,0.97,-2.25,3.4,-8.19
364,-0.06,-0.28,0.96,-3.51,3.78,-8.05
365,-0.07,-0.28,0.97,-3.19,6.16,-7.76
366,-0.07,-0.28,0.96,-3.3,5.75,-7.17
367,-0.07,-0.28,0.96,-2.62,4.11,-7.0
368,-0.07,-0.29,0.97,-1.35,4.16,-7.92
369,-0.06,-0.28,0.97,-0.02,3.79,-7.85
370,-0.06,-0.28,0.97,-0.05,3.85,-9.13
371,-0.06,-0.28,0.96,-0.31,4.24,-9.45
372,-0.08,-0.28,0.96,0.53,4.4,-8.62
373,-0.07,-0.27,0.96,0.64,4.67,-8.19
374,-0.06,-0.25,0.95,0.09,3.58,-8.65
375,-0.08,-0.27,0.96,0.87,2.37,-8.43
376,-0.08,-0.27,0.95,-0.08,3.04,-8.48
377,-0.09,-0.27,0.94,-1.3,4.6,-7.67
378,-0.09,-0.28,0.94,-1.09,5.64,-7.21
379,-0.1,-0.3,0.95,-0.29,4.8,-7.44
380,-0.1,-0.31,0.95,1.15,3.85,-7.75
381,-0.11,-0.31,0.95,1.61,5.15,-6.4
382,-0.12,-0.29,0.93,1.73,3.96,-4.56
383,-0.11,-0.27,0.93,1.0,2.34,-4.96
384,-0.11,-0.27,0.92,0.12,2.44,-3.79
385,-0.12,-0.28,0.92,-0.2,1.56,-3.89
386,-0.11,-0.28,0.92,-0.48,0.69,-4.18
387,-0.12,-0.28,0.92,-0.46,-0.26,-3.47
388,-0.11,-0.28,0.91,-0.52,-1.36,-2.17
389,-0.09,-0.27,0.91,-1.56,-1.6,-1.56
390,-0.09,-0.26,0.91,-2.03,-2.16,-0.39
391,-0.08,-0.26,0.91,-2.37,-2.33,-0.76
392,-0.07,-0.26,0.92,-2.22,-2.21,-0.62
393,-0.06,-0.25,0.91,-2.9,-1.66,-1.87
394,-0.07,-0.25,0.92,-3.11,-1.98,-2.59
395,-0.07,-0.26,0.93,-3.73,-3.26,-3.06
396,-0.07,-0.26,0.94,-4.09,-2.89,-3.76
397,-0.07,-0.27,0.95,-3.95,-2.51,-4.04
398,-0.06,-0.27,0.95,-3.5,-3.05,-3.93
399,-0.07,-0.27,0.94,-3.47,-2.53,-3.99
400,-0.07,-0.27,0.96,-4.18,-1.15,-3.95
