,accel_x,accel_y,accel_z,gyro_x,gyro_y,gyro_z
0,0.09,-0.13,1.03,-6.98,0.89,-5.6
1,0.1,-0.13,1.01,-7.66,1.56,-8.18
2,0.09,-0.14,1.03,-6.86,3.77,-5.46
3,0.1,-0.15,1.02,-7.1,6.53,-7.69
4,0.04,-0.15,1.02,-6.0,6.01,-6.69
5,0.02,-0.16,1.03,-3.74,4.02,-6.66
6,0.03,-0.17,1.04,-1.1,3.7,-4.02
7,0.03,-0.15,1.03,1.29,5.04,-3.24
8,-0.01,-0.14,1.01,4.19,3.74,-2.18
9,-0.01,-0.13,0.98,5.64,0.18,0.18
10,0.01,-0.12,0.94,3.45,-2.12,1.36
11,0.01,-0.11,0.93,-0.08,-2.8,3.51
12,0.05,-0.11,0.95,-1.73,-2.85,5.36
13,0.05,-0.09,0.96,-4.8,-2.47,5.08
14,0.06,-0.09,0.98,-3.9,-3.73,5.08
15,0.08,-0.09,0.99,-3.91,-4.85,3.84
16,0.09,-0.09,1.0,-3.11,-4.73,3.66
17,0.1,-0.09,1.02,-1.27,-4.24,3.51
18,0.11,-0.09,1.02,-0.26,-2.52,3.08
19,0.13,-0.09,1.01,0.32,-1.23,1.73
20,0.11,-0.09,0.99,0.87,-1.86,-1.65
21,0.08,-0.1,0.99,1.73,-3.91,-2.75
22,0.07,-0.1,0.99,1.6,-4.65,-3.56
23,0.07,-0.1,1.0,0.89,-4.05,-3.08
24,0.06,-0.11,0.99,0.53,-2.88,-2.78
25,0.04,-0.12,0.99,0.02,-3.14,-2.12
26,0.07,-0.12,1.0,0.42,-2.34,-1.59
27,0.08,-0.12,0.99,0.75,-1.41,-2.24
28,0.06,-0.12,0.99,1.05,-1.75,-2.67
29,0.06,-0.12,0.98,1.25,-1.47,-2.73
30,0.06,-0.12,0.99,1.07,0.14,-2.02
31,0.05,-0.12,0.99,1.06,1.65,-1.24
32,0.05,-0.11,0.98,0.63,1.92,-1.35
33,0.04,-0.11,0.97,0.84,1.39,-1.84
34,0.02,-0.1,0.96,1.56,-0.75,-0.59
35,0.04,-0.1,0.97,0.92,-1.69,-1.93
36,0.03,-0.09,0.96,-0.09,-2.09,-1.82
37,0.03,-0.1,0.97,-0.7,-2.25,-1.2
38,0.02,-0.11,0.98,-0.65,-2.15,-0.38
39,0.03,-0.11,0.99,-0.17,-1.74,0.21
40,0.04,-0.1,0.98,-0.5,-2.31,0.31
41,0.05,-0.1,0.98,-1.32,-2.38,-0.79
42,0.04,-0.1,0.98,-1.92,-2.57,-1.15
43,0.05,-0.1,1.0,-1.5,-2.44,0.27
44,0.06,-0.11,1.0,-0.95,-0.9,0.14
45,0.06,-0.11,1.0,-0.65,-0.79,0.66
46,0.06,-0.11,1.0,-0.82,1.44,0.66
47,0.05,-0.11,0.99,-0.24,0.86,-0.16
48,0.06,-0.11,0.98,0.49,-0.82,-0.02
49,0.06,-0.1,0.99,0.0,-0.53,-0.52
50,0.06,-0.1,0.97,0.21,-1.0,-0.95
51,0.06,-0.1,0.98,0.16,-1.82,-0.84
52,0.08,-0.09,0.96,-0.36,-2.63,-2.11
53,0.06,-0.1,1.01,-0.02,0.53,-1.47
54,0.07,-0.08,0.95,0.18,-4.85,-4.98
55,0.07,-0.08,0.94,-0.97,-3.37,-3.66
56,0.07,-0.08,0.93,-1.94,-4.05,-3.95
57,0.09,-0.07,0.96,-3.65,-4.87,-4.79
58,0.08,-0.08,0.96,-4.69,-1.76,-3.97
59,0.08,-0.07,0.97,-5.31,-1.16,-3.73
60,0.08,-0.08,0.97,-5.76,-1.75,-4.22
61,0.07,-0.09,0.98,-5.37,-1.15,-4.91
62,0.05,-0.1,1.01,-3.16,-2.81,-4.33
63,0.06,-0.1,1.0,-1.95,-3.49,-4.01
64,0.08,-0.1,1.0,-1.69,-1.22,-4.13
65,0.07,-0.1,1.0,-1.72,-0.02,-4.24
66,0.07,-0.1,1.0,-1.15,-0.3,-4.06
67,0.08,-0.1,1.0,-1.34,0.05,-3.84
68,0.08,-0.11,0.99,-2.03,0.15,-4.53
69,0.08,-0.11,1.0,-2.01,-0.01,-5.59
70,0.07,-0.11,0.99,-1.62,-0.31,-5.97
71,0.06,-0.12,1.0,-0.61,-0.73,-6.23
72,0.06,-0.11,1.0,0.46,-1.06,-5.9
73,0.05,-0.1,0.99,0.81,-0.08,-5.04
74,0.05,-0.1,0.98,1.21,0.5,-4.6
75,0.06,-0.1,0.98,0.66,0.81,-3.86
76,0.05,-0.09,0.95,-0.55,0.74,-4.29
77,0.04,-0.09,0.96,-1.21,-0.83,-4.08
78,0.03,-0.1,0.97,-1.1,-1.22,-3.04
79,0.02,-0.09,0.98,-1.8,-0.88,-1.46
80,0.04,-0.09,0.97,-2.29,0.37,-0.27
81,0.05,-0.08,0.97,-3.2,0.97,0.35
82,0.05,-0.08,0.96,-3.67,-0.07,-0.85
83,0.06,-0.08,0.98,-3.66,-0.82,-0.62
84,0.06,-0.09,0.99,-3.1,-0.47,-1.02
85,0.08,-0.09,0.99,-2.75,-0.45,-2.07
86,0.08,-0.09,0.99,-2.86,0.47,-3.66
87,0.07,-0.1,1.0,-2.0,1.27,-3.79
88,0.07,-0.1,1.01,-1.44,2.96,-2.94
89,0.07,-0.1,1.01,-1.19,4.1,-2.75
90,0.07,-0.09,1.0,-1.05,3.63,-3.27
91,0.05,-0.1,1.0,-0.42,3.41,-4.09
92,0.04,-0.1,0.99,-0.14,2.5,-3.73
93,0.05,-0.09,0.99,0.11,1.89,-3.49
94,0.05,-0.08,0.98,-0.04,2.31,-2.73
95,0.03,-0.08,0.97,-0.31,2.09,-2.21
96,0.04,-0.08,0.96,-1.19,1.05,-2.27
97,0.05,-0.07,0.94,-3.2,0.52,-3.08
98,0.05,-0.06,0.93,-4.4,0.53,-3.57
99,0.03,-0.07,0.92,-6.72,-2.36,-4.9
100,0.04,-0.07,0.93,-9.02,-2.94,-3.71
101,0.03,-0.07,0.92,-12.43,-1.81,-3.32
102,0.02,-0.08,0.93,-16.87,1.08,-2.8
103,-0.01,-0.11,0.91,-19.6,-1.05,0.21
104,-0.01,-0.13,0.99,-19.52,-2.21,-0.46
105,-0.03,-0.15,1.02,-17.75,-2.15,0.84
106,-0.02,-0.15,1.06,-14.5,-1.56,2.27
107,-0.02,-0.16,1.09,-9.73,-3.31,4.18
108,0.02,-0.16,1.05,-5.25,-2.59,6.13
109,0.03,-0.13,1.01,-1.75,0.88,9.5
110,0.06,-0.1,0.98,-2.92,1.76,8.92
111,0.09,-0.11,0.99,-1.02,-1.12,9.96
112,0.09,-0.09,0.98,-1.44,-0.93,6.79
113,0.1,-0.09,0.98,-0.77,-2.92,5.66
114,0.1,-0.09,0.98,-0.19,-5.57,3.4
115,0.11,-0.1,1.0,0.98,-6.68,2.5
116,0.14,-0.1,1.02,2.36,-4.38,1.07
117,0.14,-0.1,1.02,4.33,-2.03,-0.25
118,0.13,-0.1,0.99,5.36,-0.83,-2.92
119,0.1,-0.1,1.0,6.71,-1.08,-4.96
120,0.09,-0.11,1.0,7.17,-2.39,-6.89
121,0.1,-0.1,1.01,7.53,-0.89,-7.85
122,0.09,-0.1,1.0,7.94,-0.07,-8.04
123,0.08,-0.11,1.0,7.53,1.82,-8.13
124,0.06,-0.11,0.99,6.8,3.48,-7.49
125,0.06,-0.12,0.99,6.99,5.47,-7.69
126,0.03,-0.12,0.98,7.32,3.74,-7.27
127,0.04,-0.12,0.98,8.43,1.85,-6.19
128,0.04,-0.13,0.97,9.96,0.76,-5.69
129,0.05,-0.12,0.97,10.22,-0.82,-4.56
130,0.09,-0.11,0.94,9.02,-0.69,-3.56
131,0.13,-0.09,0.95,8.79,-0.32,-2.8
132,0.12,-0.09,0.94,8.45,-0.77,-1.6
133,0.17,-0.09,0.97,8.27,-3.27,-0.17
134,0.28,-0.1,0.99,8.12,-2.43,2.85
135,0.43,-0.13,1.04,9.26,-1.96,4.98
136,0.58,-0.11,1.02,8.91,-0.7,3.26
137,0.72,-0.09,1.0,12.34,-8.42,-2.66
138,0.84,-0.07,0.99,14.27,-16.32,-11.43
139,1.0,-0.04,1.07,12.24,-17.94,-14.98
140,1.17,-0.02,1.03,12.44,-19.27,-22.45
141,1.33,0.03,1.06,7.34,-12.72,-30.44
142,1.5,0.04,1.04,0.41,-3.92,-47.71
143,1.63,0.02,1.09,-4.92,6.81,-67.36
144,1.7,0.03,1.11,-8.8,13.61,-85.93
145,1.82,0.02,1.14,-16.61,17.66,-112.08
146,1.9,-0.03,1.19,-17.57,32.83,-139.09
147,1.84,-0.1,1.2,-10.65,28.23,-168.69
148,1.75,-0.19,1.24,-1.05,21.32,-194.03
149,1.71,-0.28,1.22,7.31,16.89,-218.21
150,1.6,-0.38,1.18,14.32,13.98,-241.49
151,1.42,-0.49,1.13,18.77,7.53,-250.14
152,1.27,-0.57,1.09,19.51,6.11,-250.14
153,1.15,-0.61,1.07,21.36,9.78,-250.14
154,1.07,-0.62,1.0,21.66,20.22,-250.14
155,1.0,-0.63,0.9,19.23,35.18,-250.14
156,0.82,-0.66,0.77,16.13,47.73,-250.14
157,0.65,-0.68,0.67,9.37,60.2,-250.14
158,0.49,-0.69,0.55,-4.56,70.68,-250.14
159,0.39,-0.7,0.46,-26.05,80.98,-250.14
160,0.32,-0.74,0.41,-50.47,102.6,-250.14
161,0.17,-0.87,0.36,-76.79,138.59,-250.14
162,-0.08,-1.13,0.39,-101.58,159.63,-250.14
163,-0.47,-1.41,0.54,-104.03,162.68,-250.14
164,-0.88,-1.67,0.8,-79.7,144.36,-250.14
165,-1.21,-1.8,0.99,-52.53,102.05,-250.14
166,-1.37,-1.88,1.0,-19.44,72.08,-250.14
167,-1.58,-1.89,0.97,0.4,61.97,-250.14
168,-1.69,-1.79,0.94,5.61,67.49,-217.56
169,-1.67,-1.66,0.84,0.36,77.11,-175.1
170,-1.7,-1.51,0.77,-4.5,81.73,-139.15
171,-1.73,-1.38,0.75,-3.12,62.6,-108.2
172,-1.67,-1.24,0.75,4.8,30.21,-83.38
173,-1.52,-1.13,0.74,14.21,-0.72,-66.24
174,-1.37,-1.02,0.72,19.2,-30.36,-54.34
175,-1.16,-0.92,0.73,19.11,-41.88,-47.08
176,-1.0,-0.81,0.77,15.91,-39.39,-41.73
177,-0.92,-0.74,0.8,15.28,-38.19,-37.5
178,-0.83,-0.67,0.86,19.76,-34.08,-29.85
179,-0.79,-0.63,0.91,26.68,-25.92,-22.08
180,-0.78,-0.61,0.94,40.19,-21.58,-9.62
181,-0.74,-0.55,0.87,55.41,-21.5,2.84
182,-0.7,-0.47,0.76,61.63,-19.05,14.38
183,-0.64,-0.39,0.66,59.95,-13.07,23.51
184,-0.61,-0.33,0.59,53.41,-8.39,32.68
185,-0.57,-0.31,0.56,46.25,-6.56,39.24
186,-0.55,-0.29,0.55,39.6,-10.05,42.28
187,-0.5,-0.25,0.56,33.1,-14.41,45.71
188,-0.44,-0.22,0.58,26.63,-16.96,49.58
189,-0.41,-0.18,0.61,18.59,-20.5,53.54
190,-0.36,-0.17,0.67,12.63,-23.28,57.02
191,-0.31,-0.16,0.72,8.95,-29.12,57.24
192,-0.25,-0.12,0.77,7.15,-35.26,57.47
193,-0.17,-0.11,0.81,5.84,-36.5,56.45
194,-0.12,-0.09,0.86,5.33,-34.98,55.08
195,-0.09,-0.08,0.89,4.31,-33.2,53.69
196,-0.07,-0.08,0.92,4.38,-28.85,52.53
197,-0.06,-0.08,0.93,4.01,-23.82,49.92
198,-0.12,-0.07,0.94,5.89,-22.7,48.89
199,-0.15,-0.06,0.93,6.4,-25.51,50.8
200,-0.12,-0.07,0.95,7.18,-24.6,55.3
201,-0.1,-0.04,0.93,4.86,-23.69,58.64
202,-0.03,-0.03,0.93,2.25,-21.26,59.16
203,0.02,-0.02,0.94,0.05,-15.41,57.92
204,0.01,-0.04,0.95,1.88,-14.29,56.12
205,-0.05,-0.05,0.93,4.21,-17.74,53.64
206,-0.11,-0.05,0.89,5.47,-24.05,54.44
207,-0.06,-0.03,0.92,2.34,-26.17,58.7
208,0.02,-0.03,0.95,-0.32,-23.54,61.36
209,0.09,-0.03,0.97,-1.17,-19.17,61.78
210,0.12,-0.02,0.97,-2.67,-16.27,59.44
211,0.12,-0.01,0.95,-3.31,-16.21,54.99
212,0.09,-0.0,0.95,-4.41,-18.78,52.04
213,0.07,-0.02,0.95,-4.83,-21.37,50.25
214,0.06,-0.03,0.97,-4.8,-23.5,49.23
215,0.07,-0.04,0.98,-4.99,-26.4,49.93
216,0.11,-0.05,0.99,-6.06,-25.76,51.07
217,0.16,-0.05,1.01,-7.72,-22.63,51.39
218,0.2,-0.04,1.02,-9.66,-18.66,50.61
219,0.21,-0.04,1.02,-10.91,-15.29,47.75
220,0.22,-0.05,1.03,-11.4,-14.9,44.27
221,0.21,-0.05,1.03,-10.93,-15.27,40.32
222,0.18,-0.06,1.03,-8.66,-17.76,35.92
223,0.17,-0.06,1.07,-6.02,-19.29,35.75
224,0.18,-0.06,1.08,-3.52,-19.78,37.19
225,0.21,-0.07,1.08,-2.42,-15.31,38.05
226,0.23,-0.05,1.07,-1.37,-10.22,38.29
227,0.24,-0.04,1.06,-0.45,-6.81,37.84
228,0.25,-0.03,1.04,-0.56,-4.87,35.05
229,0.23,-0.02,1.02,-0.06,-6.81,31.15
230,0.2,-0.01,1.01,0.76,-10.42,28.24
231,0.2,-0.01,1.0,0.95,-11.95,24.85
232,0.17,-0.02,1.02,1.32,-10.89,23.28
233,0.14,-0.04,1.02,2.13,-11.26,22.95
234,0.13,-0.04,1.01,2.47,-11.09,23.92
235,0.13,-0.05,1.0,2.55,-8.47,24.43
236,0.13,-0.05,0.99,2.53,-8.49,22.87
237,0.11,-0.04,0.98,3.35,-9.34,21.34
238,0.07,-0.05,0.96,4.5,-11.24,20.79
239,0.07,-0.04,0.94,4.24,-14.56,19.95
240,0.07,-0.03,0.94,2.96,-14.68,20.2
241,0.05,-0.03,0.94,0.11,-14.78,21.56
242,0.07,-0.03,0.94,-2.59,-12.63,23.0
243,0.07,-0.03,0.96,-3.85,-10.93,24.37
244,0.08,-0.03,0.96,-4.4,-11.23,25.92
245,0.12,-0.04,0.96,-6.3,-8.93,26.17
246,0.11,-0.04,0.97,-7.27,-6.44,25.15
247,0.11,-0.03,0.97,-8.85,-5.79,24.0
248,0.11,-0.03,0.99,-9.41,-4.32,22.94
249,0.1,-0.04,0.99,-8.28,-4.02,21.53
250,0.08,-0.04,1.0,-6.73,-4.85,19.11
251,0.08,-0.05,1.02,-4.54,-6.95,18.16
252,0.09,-0.05,1.02,-1.76,-6.21,17.01
253,0.08,-0.05,1.01,0.79,-5.8,16.26
254,0.06,-0.05,0.99,1.45,-4.95,16.61
255,0.06,-0.04,0.96,-0.5,-2.24,18.4
256,0.07,-0.03,0.95,-4.27,1.55,21.14
257,0.05,-0.02,0.95,-7.95,3.26,22.74
258,0.05,-0.04,0.97,-10.47,3.04,24.71
259,0.04,-0.05,1.0,-12.2,2.53,26.11
260,0.06,-0.06,1.04,-12.46,2.45,28.15
261,0.07,-0.06,1.06,-11.53,3.37,30.08
262,0.12,-0.05,1.08,-9.37,4.95,30.29
263,0.16,-0.04,1.08,-7.22,7.68,27.8
264,0.14,-0.06,1.06,-3.27,6.81,24.52
265,0.09,-0.06,1.05,0.15,3.21,22.23
266,0.11,-0.07,1.03,1.79,1.56,20.44
267,0.1,-0.06,1.03,2.27,2.77,19.99
268,0.06,-0.07,1.02,3.02,3.54,19.78
269,0.05,-0.07,1.01,3.95,2.82,19.97
270,0.05,-0.06,1.01,4.11,3.31,19.73
271,0.04,-0.06,0.98,4.1,3.02,18.96
272,-0.0,-0.07,0.97,4.82,0.34,19.58
273,0.01,-0.07,0.96,4.67,-2.23,20.67
274,0.01,-0.08,0.94,3.78,-3.01,19.55
275,-0.02,-0.08,0.94,3.79,-6.56,20.15
276,-0.01,-0.08,0.94,1.99,-8.95,21.63
277,0.0,-0.08,0.93,0.14,-7.98,23.57
278,-0.01,-0.08,0.93,-1.81,-8.13,25.67
279,-0.0,-0.08,0.95,-3.19,-8.76,27.68
280,0.03,-0.07,0.95,-4.49,-8.5,30.47
281,0.06,-0.05,0.96,-5.23,-6.96,31.57
282,0.09,-0.04,0.97,-6.01,-7.43,31.92
283,0.11,-0.05,0.98,-5.73,-6.53,32.79
284,0.1,-0.05,0.98,-5.77,-6.56,32.4
285,0.12,-0.04,0.98,-5.4,-5.79,31.77
286,0.12,-0.05,0.98,-4.21,-5.37,30.89
287,0.1,-0.06,0.98,-3.65,-5.19,30.4
288,0.09,-0.07,0.98,-2.52,-5.61,30.51
289,0.08,-0.05,0.98,-1.8,-6.25,30.67
290,0.1,-0.04,0.98,-2.31,-5.73,30.54
291,0.1,-0.04,0.97,-2.89,-5.19,30.2
292,0.1,-0.05,0.97,-3.21,-5.44,29.66
293,0.12,-0.05,0.96,-4.98,-5.23,29.42
294,0.14,-0.04,0.96,-7.64,-2.93,29.34
295,0.13,-0.05,0.97,-9.28,-1.15,27.92
296,0.11,-0.06,1.0,-9.51,-1.41,26.07
297,0.08,-0.08,1.03,-7.8,-2.1,25.6
298,0.1,-0.08,1.02,-6.05,-2.12,25.36
299,0.1,-0.08,1.02,-3.88,-1.94,24.75
300,0.1,-0.08,1.01,-2.53,-1.81,24.32
301,0.1,-0.08,1.0,-2.76,-1.11,22.69
302,0.08,-0.07,1.0,-2.94,-1.23,21.49
303,0.05,-0.09,0.98,-2.0,-3.84,20.81
304,0.03,-0.09,0.98,-2.66,-6.05,22.0
305,0.05,-0.08,0.99,-4.41,-5.27,24.44
306,0.07,-0.08,0.99,-6.08,-1.35,26.75
307,0.08,-0.07,1.0,-7.56,1.57,28.11
308,0.07,-0.08,1.01,-8.43,3.43,29.05
309,0.06,-0.1,1.02,-7.03,3.33,29.14
310,0.07,-0.09,1.04,-4.07,1.4,28.14
311,0.06,-0.09,1.05,-0.31,-0.59,28.04
312,0.07,-0.09,1.04,2.76,0.02,28.04
313,0.08,-0.08,1.02,4.44,1.76,28.37
314,0.07,-0.07,1.0,5.24,2.36,27.87
315,0.08,-0.06,0.99,5.63,2.47,27.96
316,0.06,-0.06,0.96,5.22,1.41,26.35
317,0.05,-0.05,0.96,4.98,-2.6,23.75
318,0.02,-0.06,0.95,5.7,-5.29,21.95
319,0.0,-0.07,0.93,6.67,-8.17,21.38
320,-0.01,-0.08,0.93,7.13,-9.96,22.6
321,-0.01,-0.07,0.89,5.91,-10.85,25.53
322,0.03,-0.07,0.88,2.69,-8.11,28.4
323,0.07,-0.07,0.87,-1.2,-4.55,30.72
324,0.08,-0.06,0.87,-5.61,-2.11,31.79
325,0.05,-0.06,0.88,-9.98,-1.48,32.45
326,0.04,-0.08,0.92,-13.02,-1.7,33.34
327,0.04,-0.09,0.95,-13.68,-1.79,32.48
328,-0.0,-0.1,0.97,-12.48,-6.34,33.56
329,0.02,-0.09,1.0,-12.35,-8.33,35.06
330,0.07,-0.1,1.01,-10.95,-5.45,37.75
331,0.11,-0.08,1.02,-11.33,-2.37,38.95
332,0.15,-0.06,1.03,-11.31,0.56,41.05
333,0.18,-0.05,1.02,-13.22,4.44,41.59
334,0.21,-0.04,1.03,-14.02,7.75,39.05
335,0.19,-0.05,1.02,-13.24,8.66,34.51
336,0.15,-0.06,1.03,-11.28,6.14,31.1
337,0.13,-0.07,1.03,-7.93,3.39,27.98
338,0.11,-0.06,1.03,-4.96,0.45,25.4
339,0.14,-0.07,1.03,-2.01,1.4,23.12
340,0.14,-0.06,1.02,1.6,0.24,22.34
341,0.12,-0.06,1.01,3.1,-0.56,20.97
342,0.1,-0.06,0.98,2.6,-0.12,19.31
343,0.07,-0.07,0.99,1.79,-1.49,18.0
344,0.04,-0.08,0.98,2.5,-3.91,17.11
345,0.03,-0.07,0.98,3.47,-7.34,16.43
346,-0.0,-0.07,0.97,4.05,-11.53,16.6
347,0.02,-0.05,0.97,4.43,-14.26,18.17
348,0.06,-0.03,0.97,2.28,-12.97,20.9
349,0.11,-0.03,0.99,0.36,-9.91,22.48
350,0.12,-0.03,0.99,-0.24,-7.76,23.25
351,0.13,-0.03,1.0,-0.49,-8.44,22.51
352,0.15,-0.04,1.01,-0.19,-7.21,21.98
353,0.15,-0.04,1.01,1.47,-8.07,20.1
354,0.15,-0.04,1.02,2.76,-10.11,17.56
355,0.15,-0.04,1.0,4.04,-10.89,15.45
356,0.14,-0.04,0.99,4.53,-11.24,13.34
357,0.13,-0.03,0.99,4.69,-11.63,11.72
358,0.11,-0.04,1.0,4.79,-12.24,12.05
359,0.1,-0.04,0.99,4.03,-12.03,13.29
360,0.12,-0.04,0.99,3.01,-10.07,14.4
361,0.11,-0.03,0.99,1.73,-8.51,15.85
362,0.12,-0.02,0.99,0.07,-7.16,17.28
363,0.14,-0.02,0.99,-1.16,-5.89,18.03
364,0.16,-0.01,1.0,-1.7,-4.71,18.2
365,0.2,-0.0,1.0,-1.76,-2.66,17.56
366,0.2,0.01,0.99,-2.79,-0.98,14.79
367,0.17,-0.01,0.98,-2.53,-2.66,11.95
368,0.15,-0.02,0.99,-2.41,-4.86,9.69
369,0.13,-0.03,1.0,-2.13,-5.79,7.57
370,0.12,-0.05,1.0,-1.89,-5.16,6.04
371,0.08,-0.06,1.0,0.11,-5.24,5.65
372,0.05,-0.06,1.0,2.29,-7.9,6.06
373,0.07,-0.05,0.99,1.76,-8.17,8.55
374,0.09,-0.04,0.98,-0.79,-4.42,11.03
375,0.1,-0.05,0.99,-3.1,-0.05,12.02
376,0.09,-0.06,1.0,-3.21,1.28,14.21
377,0.09,-0.04,0.99,-2.89,0.58,14.63
378,0.1,-0.03,1.01,-2.23,-0.11,14.66
379,0.11,-0.03,1.05,-4.57,0.06,16.19
380,0.12,-0.02,0.98,-2.38,-3.35,13.34
381,0.17,-0.02,0.97,-3.27,-0.75,10.89
382,0.13,-0.03,0.96,-3.67,1.63,10.71
383,0.12,-0.03,0.97,-3.94,-1.39,9.85
384,0.14,-0.03,0.97,-4.6,0.19,9.48
385,0.13,-0.04,0.95,-5.24,1.69,9.11
386,0.13,-0.02,0.95,-7.37,2.22,8.47
387,0.14,-0.03,0.93,-9.98,3.91,8.88
388,0.13,-0.05,0.96,-12.58,4.76,9.18
389,0.14,-0.07,1.0,-13.58,7.76,9.69
390,0.11,-0.08,1.03,-11.4,10.15,10.57
391,0.08,-0.09,1.05,-7.98,10.53,11.57
392,0.09,-0.08,1.05,-5.47,7.38,10.61
393,0.1,-0.08,1.03,-4.27,7.07,8.76
394,0.08,-0.08,1.02,-3.4,6.56,7.54
395,0.06,-0.08,0.99,-2.5,6.46,7.5
396,0.05,-0.08,0.98,-2.79,2.95,6.74
397,0.06,-0.07,0.99,-3.32,0.31,8.18
398,0.08,-0.06,0.97,-4.37,1.4,8.79
399,0.09,-0.05,0.97,-6.76,1.66,8.74
