,accel_x,accel_y,accel_z,gyro_x,gyro_y,gyro_z
0,0.11,-0.15,1.0,2.43,-0.63,-5.8
1,0.1,-0.15,0.99,3.4,-1.32,-4.39
2,0.11,-0.14,0.98,3.56,-0.34,-2.75
3,0.12,-0.12,0.97,2.5,2.0,-0.49
4,0.11,-0.12,0.96,1.5,3.54,1.86
5,0.12,-0.11,0.95,0.44,3.41,4.13
6,0.14,-0.11,0.94,-1.17,2.54,5.19
7,0.15,-0.11,0.94,-2.08,1.2,4.98
8,0.15,-0.11,0.96,-2.98,-0.13,4.52
9,0.15,-0.12,0.96,-3.6,-1.18,3.18
10,0.15,-0.13,0.96,-3.66,-2.19,2.32
11,0.13,-0.14,0.98,-2.6,-4.04,1.39
12,0.14,-0.14,0.97,-1.78,-5.76,0.72
13,0.13,-0.15,0.99,-0.87,-6.88,0.72
14,0.14,-0.15,0.99,0.11,-6.67,1.66
15,0.16,-0.14,0.96,-0.37,-5.05,3.18
16,0.16,-0.14,0.96,-1.29,-2.79,4.13
17,0.16,-0.13,0.96,-1.6,-2.86,5.03
18,0.18,-0.13,0.97,-1.23,-3.36,5.38
19,0.21,-0.12,0.96,-0.66,-2.69,4.79
20,0.21,-0.11,0.96,-0.35,-2.0,4.08
21,0.23,-0.09,0.94,-0.63,-2.48,2.52
22,0.22,-0.08,0.94,-1.61,-3.05,0.95
23,0.22,-0.08,0.94,-3.47,-1.73,-0.46
24,0.22,-0.09,0.94,-3.97,-2.44,-1.66
25,0.21,-0.11,0.96,-4.56,-3.01,-3.1
26,0.21,-0.12,0.98,-4.61,-1.82,-2.92
27,0.2,-0.13,0.99,-4.18,-0.22,-3.43
28,0.2,-0.14,0.99,-3.79,1.04,-3.25
29,0.19,-0.14,0.99,-2.64,0.9,-3.47
30,0.18,-0.15,0.98,-2.25,0.74,-5.08
31,0.17,-0.15,0.99,-1.94,-0.17,-6.07
32,0.16,-0.15,0.99,-1.19,-1.22,-6.58
33,0.16,-0.15,0.99,-0.73,-1.85,-7.89
34,0.16,-0.16,0.99,0.17,-2.82,-8.54
35,0.16,-0.15,0.99,0.47,-3.47,-8.44
36,0.15,-0.14,0.98,0.22,-3.05,-7.63
37,0.15,-0.13,0.98,-0.44,-1.92,-6.15
38,0.14,-0.14,0.98,-1.12,-0.73,-5.6
39,0.14,-0.14,0.98,-1.69,-0.24,-4.42
40,0.14,-0.15,0.97,-2.37,-0.15,-3.28
41,0.13,-0.15,0.98,-2.27,-0.07,-2.34
42,0.14,-0.15,0.99,-2.36,-0.77,-1.63
43,0.14,-0.14,0.98,-2.1,-0.4,-1.56
44,0.14,-0.15,0.99,-1.58,-0.02,-0.69
45,0.13,-0.14,0.98,-1.53,0.16,-0.46
46,0.12,-0.14,0.97,-1.07,-0.57,-0.89
47,0.12,-0.13,0.97,-0.94,-1.54,-0.56
48,0.13,-0.13,0.96,-1.14,-1.3,0.47
49,0.14,-0.13,0.96,-1.79,-1.16,1.34
50,0.15,-0.13,0.97,-2.23,-0.95,1.88
51,0.16,-0.12,0.97,-2.57,-0.45,2.49
52,0.16,-0.11,0.97,-2.95,-0.47,1.75
53,0.17,-0.11,0.96,-3.35,-0.89,1.6
54,0.18,-0.1,0.96,-3.4,-1.2,0.5
55,0.18,-0.11,0.96,-2.9,-1.39,-0.11
56,0.17,-0.12,0.97,-3.4,-2.14,-1.37
57,0.16,-0.13,0.98,-3.48,-1.94,-1.27
58,0.16,-0.13,0.98,-3.48,-0.89,-0.85
59,0.15,-0.14,0.98,-4.09,-0.47,-0.1
60,0.14,-0.14,0.99,-3.89,-0.4,0.45
61,0.15,-0.14,0.98,-3.5,-0.42,0.73
62,0.14,-0.15,1.0,-2.53,-0.66,1.02
63,0.15,-0.15,1.01,-1.66,-0.6,1.64
64,0.16,-0.15,1.0,-0.6,-0.23,1.2
65,0.15,-0.14,0.99,0.13,-0.36,1.1
66,0.16,-0.13,0.99,0.73,-0.35,1.4
67,0.16,-0.12,0.99,0.93,-0.44,0.53
68,0.16,-0.12,0.98,0.78,-0.92,0.47
69,0.16,-0.12,0.97,1.0,-1.05,0.09
70,0.16,-0.12,0.98,1.15,-0.98,0.17
71,0.15,-0.12,0.96,1.16,-0.83,0.31
72,0.15,-0.12,0.96,0.66,-1.42,0.19
73,0.15,-0.12,0.95,-0.41,-2.02,0.09
74,0.16,-0.12,0.95,-1.31,-2.34,0.5
75,0.15,-0.12,0.94,-2.06,-3.15,0.83
76,0.16,-0.12,0.96,-2.81,-3.1,0.92
77,0.14,-0.13,0.97,-2.97,-3.27,1.3
78,0.16,-0.14,0.98,-2.34,-3.31,1.69
79,0.16,-0.14,0.98,-1.79,-2.62,1.83
80,0.17,-0.13,0.97,-1.57,-2.06,1.55
81,0.17,-0.13,0.97,-0.82,-2.76,1.13
82,0.16,-0.13,0.96,-0.45,-3.88,0.77
83,0.16,-0.13,0.97,0.12,-4.18,0.87
84,0.15,-0.13,0.96,-0.33,-4.58,1.24
85,0.16,-0.13,0.96,-0.39,-4.21,1.53
86,0.17,-0.13,0.97,-0.53,-2.85,2.89
87,0.2,-0.13,0.97,-0.18,-0.91,2.69
88,0.19,-0.12,0.96,-0.01,-0.29,1.76
89,0.18,-0.1,0.95,-0.5,-1.25,0.95
90,0.18,-0.1,0.96,-0.89,-2.02,-0.35
91,0.19,-0.11,0.97,-1.05,-1.99,-1.25
92,0.19,-0.12,0.98,-0.54,-1.88,-0.82
93,0.19,-0.11,0.98,0.55,-1.6,-1.6
94,0.19,-0.11,0.98,1.66,-2.27,-2.69
95,0.18,-0.11,0.98,2.82,-3.37,-3.53
96,0.18,-0.11,0.98,4.35,-4.76,-3.58
97,0.18,-0.11,0.99,3.61,-6.89,-5.06
98,0.2,-0.11,0.96,5.47,-6.83,-5.82
99,0.18,-0.1,0.96,3.7,-5.71,-5.17
100,0.19,-0.11,0.96,2.6,-4.86,-5.73
101,0.18,-0.11,0.96,0.79,-4.33,-5.95
102,0.17,-0.12,0.95,0.21,-5.13,-5.6
103,0.15,-0.13,0.98,0.27,-3.41,-4.23
104,0.17,-0.14,0.98,-1.42,-3.09,-1.82
105,0.16,-0.14,0.98,-0.58,-3.46,-0.16
106,0.16,-0.15,0.99,1.08,-4.75,-0.24
107,0.19,-0.16,1.0,0.75,-1.31,2.04
108,0.17,-0.13,0.97,0.91,-4.18,-0.05
109,0.18,-0.14,0.97,-1.14,-3.12,-0.66
110,0.19,-0.13,1.0,-0.76,-3.0,0.15
111,0.19,-0.13,0.99,-0.76,-2.56,-0.44
112,0.2,-0.12,0.99,-1.07,-2.01,-1.06
113,0.2,-0.12,0.99,-0.95,-2.02,-1.71
114,0.21,-0.11,1.0,-1.27,-1.37,-2.38
115,0.2,-0.11,1.0,-1.56,-1.09,-2.89
116,0.2,-0.11,1.0,-1.19,-1.97,-3.59
117,0.21,-0.12,0.99,-1.05,-3.08,-4.66
118,0.21,-0.11,0.99,-0.72,-3.47,-5.13
119,0.21,-0.11,0.99,-0.79,-3.89,-5.49
120,0.22,-0.1,0.98,-1.18,-3.56,-5.78
121,0.23,-0.1,0.98,-1.56,-2.28,-5.95
122,0.25,-0.09,0.98,-1.65,-1.26,-6.56
123,0.25,-0.1,0.97,-2.02,-1.42,-7.61
124,0.25,-0.1,0.96,-2.14,-1.32,-8.4
125,0.24,-0.1,0.95,-2.59,-1.56,-8.15
126,0.25,-0.1,0.94,-3.76,-1.94,-7.47
127,0.25,-0.12,0.94,-2.98,-0.86,-5.17
128,0.26,-0.14,0.94,-2.5,0.18,-2.77
129,0.28,-0.13,0.91,-2.33,0.61,1.43
130,0.33,-0.12,0.89,-5.24,4.15,8.02
131,0.42,-0.12,0.86,-7.04,7.46,13.21
132,0.56,-0.11,0.85,-11.33,13.86,17.34
133,0.7,-0.1,0.82,-18.34,21.85,20.27
134,0.82,-0.1,0.8,-24.07,28.39,19.46
135,0.92,-0.1,0.8,-28.3,30.32,15.58
136,1.01,-0.09,0.77,-33.33,28.88,4.64
137,1.05,-0.1,0.82,-34.52,22.25,-8.25
138,1.09,-0.1,0.82,-32.65,9.95,-25.29
139,1.16,-0.09,0.82,-31.89,-2.0,-46.29
140,1.18,-0.1,0.82,-30.05,-12.5,-68.12
141,1.19,-0.1,0.8,-30.27,-23.25,-90.16
142,1.2,-0.09,0.79,-28.11,-31.29,-111.24
143,1.16,-0.06,0.75,-29.76,-43.61,-129.21
144,1.12,-0.05,0.74,-32.44,-55.71,-138.89
145,1.09,-0.06,0.73,-35.31,-66.14,-145.24
146,1.0,-0.08,0.71,-36.24,-76.93,-141.55
147,1.01,-0.1,0.71,-42.35,-86.52,-135.11
148,1.14,-0.11,0.62,-55.47,-80.6,-126.5
149,1.42,-0.11,0.61,-78.66,-54.11,-123.49
150,1.44,-0.24,0.56,-100.03,-24.82,-136.05
151,1.33,-0.41,0.63,-112.02,-6.82,-149.71
152,1.17,-0.54,0.7,-119.82,-11.38,-166.56
153,1.13,-0.63,0.77,-123.07,-12.71,-181.89
154,1.1,-0.73,0.85,-123.13,10.42,-194.42
155,1.03,-0.86,0.93,-117.6,56.2,-209.44
156,0.79,-1.0,1.04,-104.85,109.33,-217.82
157,0.46,-1.04,1.09,-90.08,152.67,-225.84
158,0.15,-1.04,0.98,-74.0,171.76,-239.11
159,-0.18,-1.02,0.82,-62.07,173.1,-250.14
160,-0.58,-1.08,0.71,-52.4,163.02,-250.14
161,-1.01,-1.11,0.64,-47.5,139.73,-250.14
162,-1.26,-1.08,0.61,-50.4,115.12,-226.43
163,-1.31,-1.03,0.61,-60.67,97.08,-185.63
164,-1.22,-0.96,0.64,-70.52,89.98,-147.11
165,-1.15,-0.92,0.7,-77.5,83.1,-118.02
166,-1.02,-0.92,0.78,-86.75,69.32,-105.04
167,-1.01,-0.97,0.87,-86.86,53.86,-95.67
168,-0.95,-1.03,1.0,-82.34,30.77,-98.08
169,-0.97,-1.09,1.14,-68.27,9.08,-95.63
170,-0.95,-1.1,1.24,-52.01,-7.79,-87.01
171,-0.88,-1.1,1.22,-37.79,-14.93,-72.08
172,-0.84,-1.06,1.26,-28.78,-12.55,-55.73
173,-0.79,-1.04,1.31,-17.59,-12.6,-41.08
174,-0.74,-1.01,1.25,-9.03,-19.02,-32.62
175,-0.67,-0.95,1.25,3.24,-25.97,-26.63
176,-0.58,-0.9,1.19,15.05,-31.93,-22.05
177,-0.52,-0.79,1.16,26.11,-34.94,-15.27
178,-0.43,-0.69,1.09,33.47,-33.31,-4.47
179,-0.33,-0.6,1.01,38.27,-29.36,5.47
180,-0.24,-0.54,0.95,39.95,-23.49,13.33
181,-0.2,-0.49,0.91,38.37,-20.19,17.24
182,-0.18,-0.45,0.87,35.28,-20.31,19.84
183,-0.18,-0.42,0.88,34.38,-23.75,23.76
184,-0.16,-0.39,0.88,35.81,-30.02,27.44
185,-0.13,-0.39,0.88,37.44,-35.66,32.65
186,-0.09,-0.37,0.87,38.22,-39.07,36.0
187,-0.04,-0.35,0.87,39.14,-43.38,36.09
188,-0.05,-0.32,0.84,38.16,-49.55,32.93
189,-0.08,-0.3,0.83,36.85,-60.82,32.42
190,-0.05,-0.29,0.83,36.32,-77.53,34.82
191,0.03,-0.27,0.84,34.44,-90.89,41.34
192,0.2,-0.23,0.86,30.97,-99.11,49.9
193,0.41,-0.19,0.88,26.41,-93.26,52.89
194,0.55,-0.19,0.92,24.21,-81.37,53.92
195,0.61,-0.21,0.95,23.15,-65.93,54.75
196,0.63,-0.23,0.96,23.25,-53.1,54.15
197,0.63,-0.24,0.97,24.87,-44.02,52.82
198,0.6,-0.23,0.97,27.06,-37.68,49.33
199,0.61,-0.23,0.96,28.18,-33.33,49.87
200,0.64,-0.22,0.96,27.96,-25.92,46.82
201,0.64,-0.25,0.94,30.98,-21.9,38.5
202,0.56,-0.26,0.93,32.98,-20.09,32.12
203,0.47,-0.24,0.91,34.83,-20.61,28.96
204,0.42,-0.24,0.87,36.04,-23.69,27.58
205,0.38,-0.22,0.85,35.98,-25.28,31.3
206,0.41,-0.22,0.81,34.11,-24.64,37.42
207,0.47,-0.2,0.79,29.18,-20.81,40.3
208,0.5,-0.2,0.81,25.18,-14.31,43.16
209,0.53,-0.2,0.8,22.14,-9.12,45.23
210,0.56,-0.19,0.81,17.52,-2.09,45.37
211,0.56,-0.17,0.85,15.18,-0.91,43.37
212,0.53,-0.18,0.87,16.77,-4.54,37.34
213,0.49,-0.2,0.87,20.97,-11.75,28.27
214,0.46,-0.22,0.88,25.37,-20.02,24.33
215,0.44,-0.23,0.87,27.47,-22.53,23.44
216,0.43,-0.24,0.84,26.89,-20.77,25.44
217,0.46,-0.22,0.84,25.3,-16.05,29.45
218,0.48,-0.21,0.81,23.22,-10.43,33.68
219,0.52,-0.17,0.83,18.92,-5.82,34.91
220,0.5,-0.18,0.85,15.98,0.11,36.6
221,0.5,-0.18,0.86,14.79,4.1,37.51
222,0.5,-0.18,0.87,12.23,8.11,37.08
223,0.48,-0.16,0.87,12.34,6.73,32.79
224,0.45,-0.16,0.88,13.58,-1.74,27.35
225,0.42,-0.16,0.89,14.76,-11.02,22.34
226,0.47,-0.16,0.91,14.54,-14.56,19.18
227,0.48,-0.16,0.92,13.47,-10.64,17.09
228,0.46,-0.17,0.96,13.38,-4.8,17.2
229,0.42,-0.18,0.97,13.29,0.05,18.35
230,0.4,-0.17,0.96,14.44,0.57,18.08
231,0.37,-0.16,0.96,16.42,-2.08,16.74
232,0.34,-0.16,0.95,18.18,-5.75,15.46
233,0.33,-0.15,0.95,18.04,-7.53,14.5
234,0.33,-0.16,0.93,19.41,-8.15,15.49
235,0.36,-0.14,0.93,18.81,-6.19,19.99
236,0.39,-0.14,0.92,16.53,-1.66,23.79
237,0.4,-0.14,0.92,13.92,3.21,25.06
238,0.39,-0.15,0.95,12.18,5.42,25.62
239,0.37,-0.14,0.94,12.52,3.15,24.82
240,0.37,-0.14,0.96,14.35,1.55,23.06
241,0.37,-0.14,0.96,16.93,0.44,22.62
242,0.37,-0.13,0.95,18.11,0.47,20.91
243,0.35,-0.14,0.95,19.77,1.05,21.31
244,0.36,-0.15,0.94,19.84,2.6,23.92
245,0.38,-0.13,0.93,18.16,5.84,25.0
246,0.37,-0.13,0.92,17.7,8.6,24.49
247,0.35,-0.14,0.93,17.74,7.44,23.13
248,0.35,-0.15,0.94,19.21,5.66,21.68
249,0.35,-0.14,0.93,19.95,5.07,20.48
250,0.37,-0.15,0.94,19.44,6.88,20.79
251,0.37,-0.15,0.94,18.38,10.34,20.32
252,0.35,-0.14,0.94,18.47,12.95,19.47
253,0.34,-0.14,0.93,18.78,15.15,19.94
254,0.33,-0.13,0.93,18.1,17.92,20.65
255,0.31,-0.13,0.92,18.98,20.89,22.41
256,0.27,-0.11,0.92,18.17,20.98,23.72
257,0.25,-0.11,0.92,17.26,18.21,24.99
258,0.26,-0.12,0.91,15.67,16.65,27.27
259,0.25,-0.12,0.91,14.57,16.83,32.36
260,0.28,-0.13,0.89,11.34,15.36,34.48
261,0.3,-0.12,0.92,8.68,15.91,36.76
262,0.34,-0.13,0.92,7.5,16.31,37.11
263,0.34,-0.14,0.96,5.98,17.34,37.28
264,0.35,-0.15,0.98,7.92,14.7,36.64
265,0.37,-0.14,0.98,9.55,10.98,32.02
266,0.36,-0.14,1.0,11.71,9.02,29.58
267,0.36,-0.15,1.01,13.89,6.89,26.59
268,0.34,-0.15,1.0,16.37,5.73,24.98
269,0.33,-0.14,0.99,17.56,4.72,24.08
270,0.31,-0.14,0.97,19.17,3.39,24.61
271,0.3,-0.13,0.94,19.26,1.95,24.05
272,0.31,-0.13,0.94,17.26,1.85,24.65
273,0.3,-0.13,0.94,15.24,2.76,26.1
274,0.3,-0.12,0.93,13.76,3.85,26.92
275,0.29,-0.13,0.94,13.34,4.03,28.47
276,0.3,-0.12,0.95,13.16,5.22,30.54
277,0.33,-0.12,0.96,12.34,6.94,30.74
278,0.36,-0.11,0.96,12.38,8.0,30.83
279,0.34,-0.1,0.95,12.22,9.08,28.66
280,0.33,-0.11,0.96,13.16,7.49,26.85
281,0.32,-0.11,0.96,14.54,4.75,25.91
282,0.32,-0.1,0.95,15.45,3.08,22.87
283,0.3,-0.1,0.96,17.02,0.66,21.63
284,0.3,-0.09,0.94,17.37,-1.93,20.34
285,0.3,-0.08,0.94,17.78,-2.72,18.6
286,0.3,-0.08,0.93,17.02,-1.71,18.43
287,0.3,-0.08,0.94,16.2,0.73,21.07
288,0.31,-0.08,0.92,13.76,4.63,23.15
289,0.32,-0.08,0.92,11.38,8.24,23.51
290,0.28,-0.08,0.92,9.6,10.32,25.11
291,0.28,-0.08,0.92,8.49,10.57,25.83
292,0.28,-0.08,0.94,7.51,10.35,25.78
293,0.28,-0.08,0.94,6.43,11.85,25.79
294,0.27,-0.09,0.95,6.01,12.54,26.04
295,0.25,-0.09,0.97,6.24,11.95,26.11
296,0.25,-0.08,0.96,7.11,10.93,25.59
297,0.25,-0.07,0.96,8.18,9.05,24.91
298,0.25,-0.06,0.95,8.37,6.85,22.87
299,0.25,-0.06,0.96,9.86,5.05,22.44
300,0.26,-0.05,0.94,10.21,4.09,21.98
301,0.28,-0.05,0.92,9.63,3.76,21.66
302,0.27,-0.03,0.92,8.64,3.08,21.15
303,0.25,-0.05,0.94,8.4,1.06,20.25
304,0.24,-0.05,0.93,8.38,-1.29,19.79
305,0.25,-0.05,0.95,7.87,-0.7,20.07
306,0.25,-0.05,0.94,7.18,0.85,20.56
307,0.24,-0.04,0.94,5.72,2.74,21.71
308,0.24,-0.04,0.93,4.5,4.98,23.43
309,0.24,-0.04,0.92,3.83,6.03,24.56
310,0.23,-0.03,0.93,3.58,5.47,25.05
311,0.22,-0.05,0.92,4.2,3.12,24.9
312,0.23,-0.03,0.91,4.23,0.6,24.02
313,0.24,-0.03,0.91,3.85,-0.46,23.47
314,0.26,-0.02,0.9,2.98,-0.22,23.46
315,0.26,-0.02,0.89,1.89,0.27,23.64
316,0.26,-0.03,0.89,0.27,0.83,24.84
317,0.28,-0.04,0.91,-1.55,2.83,27.31
318,0.31,-0.04,0.92,-3.69,7.66,29.33
319,0.32,-0.05,0.93,-5.6,11.48,29.35
320,0.31,-0.05,0.95,-5.65,11.11,27.3
321,0.31,-0.07,0.97,-4.07,8.44,24.02
322,0.32,-0.07,0.98,-1.71,4.93,18.76
323,0.32,-0.06,0.98,1.22,1.16,13.45
324,0.32,-0.07,1.0,2.35,0.89,10.09
325,0.3,-0.06,0.99,2.77,2.39,8.94
326,0.3,-0.06,1.0,3.16,4.76,9.08
327,0.31,-0.05,0.98,2.17,7.44,8.68
328,0.3,-0.04,0.97,1.56,8.68,8.21
329,0.3,-0.03,0.96,-0.44,9.0,7.17
330,0.28,-0.03,0.96,-1.23,7.54,5.95
331,0.28,-0.04,0.96,-1.12,5.26,3.41
332,0.27,-0.04,0.96,-2.02,2.88,1.01
333,0.26,-0.04,0.97,-2.67,1.94,-0.08
334,0.25,-0.04,0.97,-2.66,2.56,0.21
335,0.25,-0.05,0.95,-3.62,2.99,0.0
336,0.23,-0.04,0.95,-5.03,3.35,0.35
337,0.22,-0.05,0.96,-5.87,2.83,1.06
338,0.2,-0.06,0.95,-6.63,1.45,1.86
339,0.19,-0.06,0.96,-7.22,0.0,3.37
340,0.2,-0.07,0.96,-6.77,-0.73,4.14
341,0.21,-0.07,0.97,-6.65,-0.6,5.6
342,0.22,-0.07,0.97,-7.53,-0.85,6.02
343,0.23,-0.06,0.97,-7.94,-1.25,6.04
344,0.23,-0.07,0.98,-7.46,-2.21,6.49
345,0.23,-0.07,0.98,-7.6,-2.83,6.05
346,0.25,-0.08,0.99,-7.79,-3.23,5.95
347,0.25,-0.08,0.98,-8.01,-3.03,4.79
348,0.23,-0.1,0.99,-7.3,-4.4,3.56
349,0.23,-0.09,1.0,-6.45,-5.88,2.6
350,0.24,-0.1,1.01,-5.38,-5.54,3.15
351,0.25,-0.09,1.01,-5.24,-3.16,3.16
352,0.25,-0.08,1.01,-4.66,-0.5,2.85
353,0.26,-0.09,1.01,-3.43,1.24,2.32
354,0.24,-0.09,1.01,-1.96,1.56,1.27
355,0.23,-0.09,1.0,-0.68,0.26,-0.53
356,0.22,-0.08,1.01,0.32,-1.42,-2.11
357,0.22,-0.07,1.01,0.94,-1.92,-2.76
358,0.2,-0.09,0.99,1.71,-3.15,-2.99
359,0.21,-0.08,0.99,1.97,-3.5,-1.98
360,0.22,-0.07,0.98,1.71,-2.03,-1.27
361,0.22,-0.07,0.98,1.44,-0.39,-0.02
362,0.22,-0.07,0.97,1.21,-0.47,0.32
363,0.25,-0.07,0.96,0.79,-0.34,-0.37
364,0.26,-0.08,0.97,0.21,0.38,-1.22
365,0.26,-0.07,0.98,0.53,0.11,-3.19
366,0.25,-0.07,0.97,1.04,-0.85,-4.73
367,0.22,-0.08,0.99,1.85,-1.77,-5.59
368,0.24,-0.07,0.98,2.41,-1.95,-5.05
369,0.23,-0.06,0.97,2.0,0.4,-4.63
370,0.23,-0.06,0.95,1.44,0.96,-4.11
371,0.21,-0.06,0.96,0.34,1.0,-4.02
372,0.2,-0.05,0.96,-0.21,1.27,-4.05
373,0.19,-0.05,0.95,-0.22,0.09,-3.4
374,0.2,-0.05,0.93,-1.09,-0.94,-3.81
375,0.18,-0.05,0.93,-2.66,-1.15,-3.76
376,0.18,-0.05,0.93,-3.44,-1.73,-2.71
377,0.17,-0.06,0.92,-4.21,-1.94,-1.97
378,0.17,-0.07,0.94,-4.89,-2.1,-0.8
379,0.17,-0.06,0.95,-4.94,-1.66,0.49
380,0.18,-0.07,0.94,-5.27,-1.48,1.59
381,0.18,-0.07,0.94,-6.11,-2.69,2.11
382,0.19,-0.08,0.96,-6.77,-2.97,2.41
383,0.2,-0.07,0.97,-6.79,-1.85,3.4
384,0.2,-0.08,0.96,-6.43,-0.8,4.38
385,0.2,-0.08,0.97,-6.79,-0.37,3.95
386,0.21,-0.09,0.99,-6.1,-0.56,4.31
387,0.21,-0.08,0.99,-4.74,-0.14,3.88
388,0.22,-0.07,0.99,-4.15,0.13,3.02
389,0.21,-0.07,0.99,-3.17,-0.25,2.73
390,0.22,-0.07,0.99,-2.89,-0.08,2.55
391,0.23,-0.06,0.98,-2.6,0.29,2.11
392,0.22,-0.06,0.98,-2.82,-0.02,0.98
393,0.21,-0.06,0.98,-2.6,-0.36,0.66
394,0.21,-0.08,0.98,-2.52,-0.18,0.4
395,0.2,-0.07,1.0,-2.95,0.18,0.33
396,0.2,-0.08,1.0,-2.57,0.69,1.34
397,0.2,-0.07,0.99,-2.29,1.34,2.4
398,0.23,-0.07,1.0,-1.87,2.54,2.77
399,0.23,-0.06,0.98,-1.44,2.66,2.75
400,0.23,-0.04,0.96,-1.61,2.49,2.0
