,accel_x,accel_y,accel_z,gyro_x,gyro_y,gyro_z
0,0.17,-0.06,0.94,-4.77,9.21,-4.51
1,0.18,-0.07,0.93,-5.67,9.32,-4.4
2,0.21,-0.08,0.92,-5.92,9.9,-5.72
3,0.2,-0.09,0.93,-6.45,11.14,-8.02
4,0.17,-0.11,0.94,-6.74,9.47,-9.89
5,0.13,-0.12,0.95,-6.78,8.85,-10.64
6,0.11,-0.14,0.96,-6.48,8.13,-10.91
7,0.08,-0.15,1.0,-5.54,6.84,-10.75
8,0.07,-0.16,1.0,-4.58,7.1,-8.44
9,0.07,-0.16,1.0,-3.56,6.96,-6.82
10,0.06,-0.15,1.0,-3.47,6.08,-5.2
11,0.06,-0.15,0.99,-4.11,5.54,-3.05
12,0.07,-0.14,0.99,-4.53,5.74,-1.84
13,0.09,-0.12,1.0,-4.79,5.66,-0.72
14,0.09,-0.11,1.01,-3.82,5.17,-0.44
15,0.11,-0.1,1.01,-2.86,4.64,-1.34
16,0.11,-0.09,1.01,-1.31,3.19,-1.73
17,0.11,-0.08,1.0,0.08,1.76,-2.26
18,0.11,-0.06,0.98,-0.37,1.95,-2.82
19,0.13,-0.06,0.98,-0.92,3.47,-1.92
20,0.11,-0.07,0.95,-2.43,3.64,-2.11
21,0.1,-0.08,0.95,-3.95,2.44,-1.45
22,0.1,-0.1,0.97,-4.64,2.95,-1.08
23,0.1,-0.1,0.98,-5.18,4.46,-0.97
24,0.09,-0.1,0.99,-4.92,3.13,-0.42
25,0.1,-0.11,0.99,-3.27,0.93,-0.47
26,0.1,-0.11,0.99,-2.27,1.24,-0.34
27,0.1,-0.11,1.0,-1.26,0.48,-0.98
28,0.1,-0.1,0.97,-0.22,-0.65,-0.75
29,0.09,-0.1,0.96,-0.95,-1.34,-0.6
30,0.1,-0.1,0.96,-2.35,-1.44,-0.33
31,0.09,-0.11,0.97,-3.2,-0.79,0.8
32,0.11,-0.11,0.98,-4.35,-0.08,1.21
33,0.11,-0.11,0.99,-4.47,-0.27,1.11
34,0.1,-0.1,1.0,-3.85,-1.03,1.58
35,0.12,-0.11,1.0,-2.31,-1.15,2.04
36,0.12,-0.1,0.99,-1.53,-1.17,1.84
37,0.12,-0.1,0.99,-1.33,-2.5,1.03
38,0.12,-0.09,0.98,-1.31,-2.41,1.16
39,0.13,-0.09,0.97,-2.14,-2.05,0.96
40,0.13,-0.08,0.96,-3.91,-2.41,0.26
41,0.12,-0.09,0.99,-4.63,-2.33,0.37
42,0.14,-0.09,1.0,-4.84,-0.82,0.33
43,0.12,-0.1,1.01,-3.89,-1.15,-0.52
44,0.12,-0.11,1.01,-3.01,-2.36,-0.73
45,0.13,-0.11,1.02,-2.29,-1.65,-1.04
46,0.13,-0.11,1.01,-1.3,-1.23,-2.27
47,0.11,-0.11,1.01,-0.51,-2.89,-2.05
48,0.1,-0.12,1.02,0.06,-2.59,-2.11
49,0.12,-0.12,1.0,0.37,-0.73,-1.29
50,0.1,-0.11,1.0,0.1,-0.16,-0.86
51,0.1,-0.12,1.0,0.18,-0.26,-0.33
52,0.1,-0.11,0.99,0.78,0.5,0.08
53,0.1,-0.11,1.0,1.51,-0.56,0.31
54,0.12,-0.1,0.99,1.77,-0.47,0.95
55,0.13,-0.09,0.99,2.0,0.09,0.37
56,0.12,-0.09,0.97,2.03,-0.44,-0.08
57,0.12,-0.08,0.96,1.61,-1.91,-0.65
58,0.14,-0.07,0.97,0.85,-0.55,-0.35
59,0.14,-0.07,0.95,-0.8,2.1,-0.2
60,0.15,-0.06,0.94,-2.73,3.1,-0.23
61,0.14,-0.06,0.93,-4.02,4.15,0.6
62,0.14,-0.06,0.94,-4.91,4.09,-0.38
63,0.13,-0.06,0.93,-4.97,2.06,-2.46
64,0.1,-0.07,0.95,-3.38,-0.82,-2.99
65,0.1,-0.08,0.95,-2.82,-1.99,-2.9
66,0.08,-0.08,0.94,-4.38,-2.76,-3.15
67,0.08,-0.09,0.94,-4.11,-1.16,-1.27
68,0.09,-0.11,0.95,-5.05,-2.06,-0.19
69,0.08,-0.11,0.96,-5.73,-1.95,0.46
70,0.08,-0.12,0.98,-6.19,-1.7,1.52
71,0.09,-0.12,0.99,-6.58,-1.39,1.4
72,0.1,-0.13,1.02,-5.99,-1.77,1.09
73,0.09,-0.14,1.03,-4.36,-2.18,0.76
74,0.11,-0.14,1.03,-3.14,-1.81,0.75
75,0.11,-0.14,1.03,-2.56,-0.24,1.83
76,0.1,-0.13,1.03,-1.63,0.15,2.18
77,0.11,-0.13,1.02,-1.26,0.89,2.66
78,0.11,-0.13,1.03,-0.6,0.89,2.98
79,0.1,-0.12,1.01,-0.73,1.5,3.15
80,0.1,-0.11,1.01,-0.6,1.79,3.71
81,0.1,-0.11,1.01,0.36,2.13,3.81
82,0.1,-0.11,1.01,1.45,1.63,4.19
83,0.1,-0.1,0.99,1.95,0.43,3.56
84,0.11,-0.09,0.99,1.66,0.63,3.42
85,0.12,-0.09,0.99,1.36,1.76,3.76
86,0.12,-0.08,0.98,1.11,2.26,3.92
87,0.13,-0.08,0.97,0.98,1.89,2.69
88,0.13,-0.08,0.96,0.65,0.41,0.83
89,0.12,-0.07,0.97,0.56,-0.78,-0.3
90,0.13,-0.08,0.97,0.59,-1.06,-0.35
91,0.13,-0.09,0.97,0.05,-1.11,-0.08
92,0.11,-0.09,0.96,-0.5,-0.97,0.13
93,0.11,-0.09,0.96,-1.49,-0.94,0.44
94,0.11,-0.1,0.97,-1.81,-0.44,0.92
95,0.1,-0.1,0.97,-2.42,-0.38,1.22
96,0.1,-0.1,0.96,-2.22,-0.09,1.54
97,0.11,-0.09,0.98,-2.46,0.13,1.45
98,0.12,-0.1,0.96,-2.25,0.38,0.98
99,0.12,-0.09,0.96,-2.08,-1.08,-0.24
100,0.12,-0.08,0.97,-1.89,-2.05,-0.57
101,0.13,-0.09,0.96,-2.43,-1.6,-0.34
102,0.13,-0.08,0.96,-3.43,-1.37,-0.78
103,0.12,-0.09,0.97,-4.39,-0.66,-1.12
104,0.12,-0.09,0.98,-4.28,-0.37,-0.96
105,0.12,-0.09,0.98,-4.05,0.24,-0.95
106,0.11,-0.09,0.98,-3.95,0.82,-0.85
107,0.11,-0.1,0.98,-3.89,0.81,-0.39
108,0.11,-0.1,0.98,-3.89,1.08,-0.61
109,0.11,-0.09,0.99,-3.63,0.54,-0.6
110,0.09,-0.1,0.99,-2.69,-0.32,-0.17
111,0.09,-0.09,0.98,-2.73,-1.5,-0.73
112,0.11,-0.09,0.98,-3.34,-1.03,-0.6
113,0.13,-0.09,0.99,-4.11,0.29,-1.37
114,0.11,-0.09,0.98,-4.3,0.82,-1.4
115,0.1,-0.09,1.0,-3.63,-0.08,-1.65
116,0.1,-0.1,1.01,-2.7,-1.0,-1.0
117,0.11,-0.1,1.0,-1.83,-0.85,-1.3
118,0.09,-0.11,1.0,-0.05,-0.82,-0.56
119,0.07,-0.12,1.02,2.47,-1.6,0.58
120,0.06,-0.13,1.02,5.4,-0.64,3.23
121,0.07,-0.12,1.02,7.44,1.25,5.93
122,0.1,-0.1,0.99,8.0,4.09,6.56
123,0.1,-0.1,0.97,7.5,5.34,6.95
124,0.09,-0.09,0.95,5.41,3.33,6.6
125,0.09,-0.08,0.94,2.09,2.23,4.5
126,0.08,-0.09,0.97,-0.91,1.56,4.18
127,0.06,-0.09,1.0,-2.03,0.68,6.05
128,0.05,-0.09,0.99,1.33,-2.48,7.38
129,0.09,-0.1,1.02,1.47,2.83,10.85
130,0.08,-0.1,1.02,1.82,5.7,13.67
131,0.06,-0.1,1.03,4.13,6.56,15.62
132,0.04,-0.11,1.02,4.5,8.71,19.7
133,0.04,-0.12,1.02,6.82,11.8,27.19
134,0.05,-0.12,1.01,9.05,12.41,34.37
135,0.09,-0.12,0.98,9.63,13.8,40.17
136,0.11,-0.1,0.93,8.38,12.5,41.99
137,0.15,-0.11,0.91,7.76,9.29,42.27
138,0.21,-0.11,0.89,5.6,7.27,41.33
139,0.3,-0.11,0.87,3.09,8.44,39.1
140,0.37,-0.1,0.86,0.57,8.37,35.14
141,0.41,-0.09,0.84,-2.88,7.44,31.16
142,0.45,-0.09,0.82,-6.44,3.53,26.82
143,0.48,-0.09,0.83,-10.16,-2.34,25.63
144,0.55,-0.08,0.83,-16.17,-6.44,25.46
145,0.64,-0.06,0.87,-24.09,-7.06,25.44
146,0.83,-0.06,0.91,-32.99,-5.35,22.0
147,1.08,-0.05,0.99,-40.84,4.27,15.51
148,1.3,-0.05,1.05,-46.76,17.81,3.32
149,1.51,-0.07,1.13,-52.91,24.18,-14.49
150,1.63,-0.09,1.19,-52.82,19.89,-37.45
151,1.71,-0.2,1.27,-48.8,7.26,-65.74
152,1.69,-0.26,1.3,-43.11,-7.33,-87.63
153,1.67,-0.38,1.33,-38.21,-27.67,-102.46
154,1.63,-0.43,1.3,-34.7,-36.85,-111.01
155,1.72,-0.49,1.23,-30.69,-43.0,-120.49
156,1.92,-0.58,1.16,-31.92,-43.18,-141.85
157,1.96,-0.68,1.07,-36.47,-28.76,-168.84
158,1.99,-0.73,1.08,-40.33,-3.39,-193.69
159,2.0,-0.83,1.12,-41.17,20.96,-231.74
160,2.0,-0.91,1.12,-33.13,66.34,-250.14
161,1.93,-0.93,1.07,-26.21,115.55,-250.14
162,1.65,-1.15,0.93,-2.92,145.89,-250.14
163,1.28,-1.29,0.71,20.71,155.68,-250.14
164,0.87,-1.39,0.38,33.38,145.29,-250.14
165,0.38,-1.48,0.05,35.89,109.29,-250.14
166,-0.1,-1.53,-0.22,26.42,71.08,-250.14
167,-0.41,-1.51,-0.26,-6.63,43.35,-250.14
168,-0.58,-1.55,-0.12,-38.38,55.13,-250.14
169,-0.83,-1.56,0.13,-66.86,112.64,-250.14
170,-1.17,-1.57,0.27,-85.11,169.5,-250.14
171,-1.46,-1.55,0.28,-88.49,188.18,-250.14
172,-1.56,-1.51,0.27,-86.44,170.91,-231.48
173,-1.64,-1.52,0.41,-77.63,141.75,-229.77
174,-1.66,-1.54,0.57,-65.82,114.76,-224.01
175,-1.69,-1.54,0.73,-52.18,98.25,-212.83
176,-1.76,-1.46,0.84,-49.17,94.82,-192.99
177,-1.75,-1.41,0.94,-36.43,92.32,-163.51
178,-1.73,-1.29,0.94,-26.78,85.23,-134.18
179,-1.54,-1.13,0.96,-19.01,75.56,-111.05
180,-1.35,-1.02,1.02,-9.03,68.58,-94.55
181,-1.21,-0.93,1.05,4.35,63.3,-85.34
182,-1.11,-0.83,1.06,19.19,56.82,-76.75
183,-1.04,-0.74,1.03,31.98,56.34,-67.53
184,-1.06,-0.64,0.91,40.23,55.2,-51.01
185,-1.04,-0.52,0.79,40.12,46.18,-38.34
186,-1.01,-0.46,0.71,38.49,39.26,-25.4
187,-1.01,-0.4,0.64,36.32,26.47,-13.61
188,-0.98,-0.35,0.59,31.33,10.92,-2.27
189,-0.92,-0.33,0.58,25.5,3.44,9.51
190,-0.89,-0.31,0.61,17.12,3.27,25.9
191,-0.85,-0.3,0.64,6.43,5.66,42.13
192,-0.74,-0.31,0.68,-5.15,10.38,55.53
193,-0.63,-0.29,0.74,-14.25,16.43,63.73
194,-0.52,-0.29,0.79,-20.54,19.45,65.95
195,-0.48,-0.3,0.81,-22.34,14.03,62.14
196,-0.48,-0.31,0.84,-19.53,-0.84,55.53
197,-0.46,-0.31,0.86,-14.64,-16.44,48.85
198,-0.41,-0.29,0.89,-9.75,-30.43,41.97
199,-0.35,-0.3,0.92,-3.85,-40.69,37.14
200,-0.34,-0.3,0.95,2.52,-47.59,32.47
201,-0.32,-0.32,0.98,7.23,-47.66,33.0
202,-0.28,-0.32,0.99,9.82,-38.61,36.04
203,-0.28,-0.31,0.98,10.11,-29.63,37.85
204,-0.3,-0.31,0.96,11.5,-20.61,41.73
205,-0.32,-0.31,0.93,12.85,-13.64,46.35
206,-0.34,-0.3,0.89,12.07,-9.44,53.68
207,-0.31,-0.28,0.88,9.03,-4.04,59.28
208,-0.27,-0.23,0.85,4.95,0.71,63.51
209,-0.21,-0.22,0.85,0.92,9.17,67.25
210,-0.2,-0.22,0.86,-2.79,11.31,67.26
211,-0.21,-0.23,0.87,0.04,3.41,64.98
212,-0.22,-0.24,0.84,1.67,-12.53,61.43
213,-0.23,-0.24,0.8,5.71,-34.42,55.66
214,-0.22,-0.22,0.8,6.24,-50.21,50.82
215,-0.19,-0.23,0.85,4.75,-55.48,49.8
216,-0.17,-0.23,0.87,2.73,-51.0,54.89
217,-0.14,-0.22,0.89,-2.84,-43.1,61.08
218,-0.06,-0.22,0.91,-7.1,-32.11,66.34
219,-0.05,-0.23,0.92,-10.33,-22.78,68.35
220,-0.11,-0.22,0.88,-11.83,-23.29,69.0
221,-0.17,-0.22,0.84,-11.59,-33.61,69.24
222,-0.18,-0.21,0.82,-12.16,-44.85,69.56
223,-0.14,-0.2,0.82,-15.64,-49.6,71.84
224,-0.07,-0.18,0.84,-25.75,-42.66,76.21
225,-0.05,-0.23,0.87,-35.88,-25.63,85.92
226,-0.07,-0.28,0.92,-44.62,-7.79,97.46
227,-0.06,-0.29,0.95,-51.57,7.0,106.44
228,-0.07,-0.3,0.96,-53.14,13.15,111.17
229,-0.08,-0.29,0.95,-48.18,4.06,107.02
230,-0.04,-0.27,0.95,-38.69,-14.01,97.43
231,-0.01,-0.27,0.96,-28.88,-31.94,82.71
232,0.01,-0.26,0.97,-18.15,-47.03,69.94
233,-0.01,-0.28,0.96,-10.73,-52.55,61.85
234,-0.03,-0.29,0.97,-6.54,-50.95,58.89
235,-0.05,-0.29,0.95,-7.55,-44.13,60.99
236,-0.04,-0.27,0.93,-10.64,-36.29,66.12
237,-0.01,-0.24,0.92,-15.93,-27.81,71.05
238,0.02,-0.23,0.94,-20.18,-21.56,74.29
239,0.05,-0.2,0.95,-22.98,-16.78,74.77
240,0.02,-0.2,0.96,-23.03,-16.33,72.27
241,0.03,-0.21,0.97,-21.34,-19.79,67.48
242,0.04,-0.21,0.99,-18.21,-22.89,60.1
243,0.01,-0.22,0.98,-12.83,-28.03,53.03
244,-0.02,-0.23,0.99,-5.81,-35.1,49.24
245,0.01,-0.22,1.0,-2.44,-36.55,48.61
246,0.03,-0.21,0.98,-4.21,-31.01,49.33
247,0.01,-0.21,0.96,-6.4,-26.38,52.71
248,0.02,-0.22,0.95,-11.66,-21.63,56.44
249,0.05,-0.21,0.95,-17.6,-14.89,59.44
250,0.05,-0.21,0.97,-21.51,-11.34,59.13
251,0.03,-0.23,0.99,-21.3,-12.15,56.27
252,0.01,-0.25,1.03,-16.6,-17.98,51.0
253,-0.0,-0.25,1.03,-9.56,-25.03,46.24
254,0.0,-0.25,1.04,-1.72,-32.11,40.08
255,0.02,-0.23,1.02,3.02,-35.65,37.11
256,0.03,-0.23,1.0,5.01,-34.61,36.18
257,0.03,-0.22,0.98,4.19,-32.5,36.06
258,0.03,-0.22,0.97,2.08,-30.01,37.67
259,0.04,-0.22,0.97,-1.31,-24.57,40.78
260,0.08,-0.21,0.99,-6.0,-17.79,43.25
261,0.08,-0.22,1.0,-9.43,-12.46,44.6
262,0.09,-0.23,1.02,-10.73,-10.09,44.52
263,0.07,-0.24,1.04,-9.72,-11.25,42.59
264,0.07,-0.24,1.06,-6.21,-14.54,40.44
265,0.06,-0.25,1.05,-1.22,-16.98,36.15
266,0.04,-0.26,1.04,4.34,-21.85,32.69
267,0.05,-0.26,1.03,8.28,-23.95,30.73
268,0.07,-0.26,1.01,10.02,-21.21,30.21
269,0.06,-0.25,0.98,9.34,-20.12,28.5
270,0.06,-0.24,0.96,8.84,-19.04,26.69
271,0.03,-0.24,0.96,6.82,-17.27,28.44
272,0.02,-0.23,0.97,3.99,-14.21,30.19
273,0.01,-0.24,0.97,1.98,-12.2,30.6
274,-0.0,-0.23,0.98,2.22,-11.99,31.44
275,0.0,-0.23,0.97,3.05,-13.28,29.48
276,-0.01,-0.23,0.97,4.36,-16.84,26.16
277,0.02,-0.21,0.96,4.85,-15.55,23.7
278,0.02,-0.2,0.95,5.37,-15.04,23.73
279,0.01,-0.19,0.94,6.52,-15.98,24.41
280,0.0,-0.19,0.93,6.84,-16.35,23.84
281,-0.01,-0.18,0.95,7.29,-15.5,23.76
282,-0.01,-0.16,0.93,7.4,-15.54,24.98
283,0.0,-0.15,0.91,5.73,-14.72,25.54
284,0.02,-0.14,0.92,3.4,-14.02,27.34
285,0.02,-0.13,0.91,0.37,-11.35,28.08
286,0.05,-0.14,0.91,-2.4,-7.82,28.91
287,0.01,-0.15,0.91,-4.54,-6.48,28.92
288,0.01,-0.15,0.92,-4.86,-9.07,28.37
289,-0.0,-0.16,0.94,-2.98,-12.29,27.0
290,-0.01,-0.17,0.94,-1.45,-16.35,24.58
291,-0.01,-0.17,0.94,-0.7,-21.31,21.52
292,-0.02,-0.18,0.95,0.86,-22.08,21.34
293,-0.03,-0.18,0.96,1.65,-21.85,23.22
294,-0.02,-0.19,0.96,0.43,-20.29,26.08
295,0.02,-0.17,0.97,-1.92,-15.11,30.69
296,0.05,-0.16,0.97,-3.96,-9.04,33.56
297,0.05,-0.17,0.97,-5.37,-7.37,34.04
298,0.06,-0.15,0.97,-5.18,-9.3,32.31
299,0.06,-0.14,0.96,-4.25,-9.85,30.64
300,0.05,-0.15,0.97,-3.75,-12.13,28.59
301,0.03,-0.15,0.97,-3.16,-14.79,28.91
302,0.08,-0.15,0.97,-3.5,-13.37,28.7
303,0.07,-0.16,0.97,-4.15,-11.85,28.59
304,0.08,-0.17,0.97,-5.04,-10.74,29.12
305,0.09,-0.16,0.99,-6.31,-10.32,28.53
306,0.09,-0.16,1.0,-7.03,-9.01,28.04
307,0.09,-0.17,1.01,-7.24,-8.42,26.82
308,0.09,-0.17,1.02,-6.1,-9.24,24.4
309,0.08,-0.16,1.01,-3.3,-10.88,21.91
310,0.06,-0.18,1.0,0.35,-14.58,16.8
311,0.02,-0.2,1.01,3.85,-21.43,14.31
312,0.05,-0.19,1.01,5.02,-22.08,14.18
313,0.05,-0.21,1.0,4.02,-17.9,15.92
314,0.05,-0.2,0.99,1.23,-14.82,18.53
315,0.06,-0.19,1.02,-0.04,-11.59,22.68
316,0.08,-0.18,1.02,-0.96,-6.37,25.69
317,0.09,-0.16,1.02,-1.23,-3.79,26.95
318,0.1,-0.15,1.01,-0.31,-2.91,26.64
319,0.11,-0.13,1.0,1.53,-5.6,23.04
320,0.09,-0.13,0.97,4.52,-10.51,18.31
321,0.08,-0.14,0.96,8.07,-15.53,13.95
322,0.06,-0.14,0.93,9.77,-20.59,10.6
323,0.07,-0.14,0.92,8.53,-20.93,10.5
324,0.06,-0.15,0.9,5.22,-17.33,11.55
325,0.07,-0.15,0.91,2.18,-13.43,13.79
326,0.07,-0.16,0.92,-0.84,-10.12,15.84
327,0.09,-0.16,0.95,-0.87,-8.34,14.78
328,0.1,-0.16,0.97,2.17,-10.35,11.34
329,0.14,-0.15,0.99,7.32,-15.28,6.05
330,0.18,-0.14,1.01,13.68,-18.82,-0.89
331,0.18,-0.15,1.01,19.43,-24.37,-7.3
332,0.16,-0.14,1.0,23.55,-28.5,-12.64
333,0.15,-0.14,1.0,26.32,-29.31,-16.12
334,0.11,-0.13,0.99,27.09,-28.83,-18.6
335,0.09,-0.13,1.0,27.05,-25.93,-17.09
336,0.08,-0.12,0.97,25.78,-21.45,-13.44
337,0.06,-0.11,0.98,23.08,-18.22,-7.5
338,0.1,-0.11,0.96,18.54,-13.07,-0.55
339,0.13,-0.11,0.96,12.23,-6.67,2.86
340,0.15,-0.09,0.96,6.49,-2.99,4.57
341,0.16,-0.09,0.95,4.05,-4.08,3.58
342,0.18,-0.09,1.0,1.56,-1.86,2.88
343,0.18,-0.07,1.01,2.61,-5.21,-0.18
344,0.16,-0.08,1.03,5.79,-9.37,-3.18
345,0.14,-0.08,1.03,7.98,-10.71,-5.89
346,0.11,-0.1,1.02,10.94,-11.06,-6.2
347,0.08,-0.1,1.02,10.55,-9.0,-4.71
348,0.07,-0.1,1.02,9.74,-3.56,-0.6
349,0.07,-0.09,1.01,7.34,3.58,4.32
350,0.08,-0.07,0.98,4.32,8.4,8.16
351,0.09,-0.06,0.96,1.34,11.27,9.99
352,0.08,-0.05,0.95,-1.89,11.18,11.08
353,0.08,-0.05,0.94,-5.0,8.68,12.39
354,0.12,-0.04,0.96,-8.96,6.96,11.72
355,0.15,-0.04,0.97,-10.17,7.1,10.48
356,0.16,-0.05,0.99,-10.59,6.08,9.08
357,0.15,-0.06,1.03,-8.32,3.51,7.44
358,0.18,-0.07,1.05,-4.76,3.89,4.96
359,0.15,-0.08,1.06,-1.56,4.54,4.17
360,0.12,-0.09,1.04,1.25,6.47,3.68
361,0.09,-0.1,1.04,3.98,5.71,4.45
362,0.09,-0.09,1.04,5.98,5.14,5.34
363,0.1,-0.09,1.02,6.97,7.15,6.08
364,0.1,-0.09,0.98,7.41,7.41,5.08
365,0.09,-0.09,0.95,6.15,5.76,3.04
366,0.09,-0.1,0.93,3.28,4.38,0.39
367,0.05,-0.11,0.95,0.34,2.15,-1.92
368,0.02,-0.12,0.97,-1.45,-0.31,-2.67
369,0.01,-0.12,1.02,-0.88,-1.48,-1.21
370,0.03,-0.12,1.03,-0.25,-0.88,0.29
371,0.07,-0.12,1.04,1.85,1.82,1.27
372,0.09,-0.11,1.04,3.69,2.86,0.99
373,0.09,-0.08,1.03,5.3,2.25,1.08
374,0.1,-0.07,1.0,6.21,1.09,-0.05
375,0.1,-0.06,0.99,6.32,1.09,-1.09
376,0.09,-0.06,0.98,5.56,1.05,-2.02
377,0.09,-0.07,0.97,4.69,1.44,-2.84
378,0.09,-0.07,0.97,4.73,0.44,-4.32
379,0.07,-0.06,0.97,5.44,-1.44,-5.21
380,0.06,-0.07,0.97,6.25,-4.11,-6.33
381,0.05,-0.07,0.97,7.17,-4.56,-5.47
382,0.07,-0.06,0.98,6.69,-2.1,-4.48
383,0.07,-0.07,0.98,6.33,2.7,-2.89
384,0.06,-0.06,0.97,6.04,5.21,-0.56
385,0.07,-0.07,0.96,4.63,5.76,-0.15
386,0.08,-0.07,0.95,2.85,5.77,-1.22
387,0.1,-0.06,0.95,1.55,5.6,-1.66
388,0.08,-0.05,0.94,0.0,5.24,-2.94
389,0.07,-0.05,0.95,-0.84,3.98,-2.6
390,0.08,-0.05,0.97,-1.75,4.94,-1.68
391,0.1,-0.06,0.97,-2.08,6.88,-0.96
392,0.08,-0.06,0.97,-2.53,9.55,-1.05
393,0.07,-0.06,1.0,-2.18,12.14,-0.43
394,0.07,-0.07,1.02,-0.73,14.68,1.87
395,0.09,-0.06,1.01,0.61,19.22,2.3
396,0.07,-0.05,1.0,3.36,19.42,1.9
397,0.05,-0.04,0.97,3.6,17.36,0.79
398,0.05,-0.04,0.97,2.6,15.6,0.04
399,0.02,-0.05,0.97,2.47,12.04,-1.37
