,accel_x,accel_y,accel_z,gyro_x,gyro_y,gyro_z
0,-0.11,-0.33,0.93,-4.36,7.45,-4.17
1,-0.1,-0.32,0.94,-3.47,6.11,-4.1
2,-0.1,-0.32,0.93,-3.15,4.69,-5.28
3,-0.11,-0.31,0.93,-2.25,4.0,-4.53
4,-0.11,-0.3,0.91,-2.03,1.27,-6.02
5,-0.11,-0.31,0.92,-2.24,0.01,-6.17
6,-0.11,-0.31,0.92,-2.34,-2.02,-5.47
7,-0.1,-0.31,0.92,-2.4,-1.87,-4.71
8,-0.09,-0.31,0.92,-3.03,-0.62,-5.05
9,-0.09,-0.3,0.93,-3.25,-0.6,-5.57
10,-0.08,-0.31,0.94,-3.28,0.21,-5.65
11,-0.1,-0.31,0.94,-2.88,-0.09,-5.59
12,-0.09,-0.3,0.93,-2.05,-1.11,-7.74
13,-0.09,-0.3,0.94,-4.07,2.05,-7.11
14,-0.1,-0.32,0.94,-3.69,1.53,-5.47
15,-0.1,-0.32,0.94,-2.98,0.79,-5.72
16,-0.12,-0.31,0.93,-2.54,0.1,-5.67
17,-0.1,-0.31,0.93,-2.45,0.34,-5.54
18,-0.11,-0.33,0.93,-2.59,-2.18,-4.44
19,-0.1,-0.31,0.94,-3.24,-1.19,-4.75
20,-0.07,-0.31,0.95,-4.11,1.11,-5.82
21,-0.09,-0.32,0.95,-5.33,4.56,-5.43
22,-0.09,-0.35,0.95,-4.44,6.32,-5.2
23,-0.09,-0.34,0.95,0.2,8.23,-4.94
24,-0.1,-0.32,0.93,-1.45,4.08,-6.24
25,-0.09,-0.31,0.93,-0.24,-0.02,-7.02
26,-0.1,-0.36,0.88,15.46,-14.83,2.11
27,-0.1,-0.31,0.93,3.27,-1.27,-5.47
28,-0.08,-0.33,0.93,3.46,0.67,-4.98
29,-0.09,-0.32,0.94,2.97,-0.24,-6.94
30,-0.09,-0.3,0.93,2.98,0.01,-8.43
31,-0.1,-0.31,0.93,3.3,-1.46,-7.84
32,-0.13,-0.3,0.87,4.06,-0.62,-2.48
33,-0.06,-0.29,0.92,5.28,-3.53,-2.88
34,-0.08,-0.3,0.92,11.27,-12.8,-0.98
35,-0.07,-0.27,0.93,0.58,-0.57,-1.68
36,-0.07,-0.28,0.93,0.11,-0.89,-0.93
37,-0.09,-0.29,0.92,-1.4,-0.2,0.55
38,-0.09,-0.28,0.92,-0.87,-3.27,-0.01
39,-0.09,-0.29,0.93,-0.8,-2.68,-0.99
40,-0.11,-0.31,0.94,0.96,-4.76,-0.92
41,-0.1,-0.3,0.93,2.03,-5.18,-1.16
42,-0.09,-0.3,0.95,2.11,-5.51,-2.75
43,-0.09,-0.29,0.94,3.47,-9.48,2.66
44,-0.09,-0.28,0.93,1.39,-10.48,4.12
45,-0.1,-0.29,0.94,1.12,-12.66,6.03
46,-0.06,-0.27,0.93,1.69,-12.62,8.05
47,-0.08,-0.28,0.93,0.52,-12.15,4.74
48,-0.07,-0.29,0.93,0.46,-14.15,4.57
49,-0.07,-0.29,0.93,-0.35,-15.79,3.6
50,-0.07,-0.3,0.95,-4.79,-11.45,-0.87
51,-0.07,-0.32,0.95,-2.89,-8.75,-2.93
52,-0.06,-0.3,0.96,-1.76,-9.3,-4.09
53,-0.07,-0.29,0.95,-1.79,-8.35,-6.34
54,-0.09,-0.3,0.94,-1.41,-5.9,-7.82
55,-0.09,-0.3,0.93,-0.71,-5.14,-6.8
56,-0.09,-0.29,0.92,-0.88,-3.95,-6.21
57,-0.08,-0.29,0.93,-0.53,-4.93,-5.84
58,-0.07,-0.28,0.92,-0.61,-6.69,-5.18
59,-0.07,-0.27,0.92,-1.67,-6.15,-4.2
60,-0.06,-0.28,0.94,-2.39,-4.82,-4.6
61,-0.05,-0.28,0.93,-2.69,-4.27,-4.73
62,-0.05,-0.3,0.95,-2.26,-3.88,-3.31
63,-0.05,-0.29,0.94,-1.95,-3.82,-3.58
64,-0.05,-0.29,0.94,-1.56,-4.62,-3.78
65,-0.06,-0.29,0.93,-1.64,-4.74,-4.6
66,-0.07,-0.3,0.94,-1.56,-5.35,-4.54
67,-0.06,-0.3,0.95,-1.42,-4.88,-3.91
68,-0.06,-0.3,0.95,-1.15,-3.44,-3.95
69,-0.05,-0.29,0.94,-1.13,-2.95,-4.73
70,-0.05,-0.29,0.94,-1.4,-3.63,-4.18
71,-0.07,-0.28,0.93,-1.6,-3.11,-3.76
72,-0.05,-0.28,0.93,-2.68,-2.02,-4.99
73,-0.05,-0.29,0.95,-2.55,-1.62,-4.56
74,-0.04,-0.29,0.95,-1.73,-2.56,-4.56
75,-0.05,-0.29,0.96,-2.1,-2.16,-4.31
76,-0.06,-0.3,0.95,-0.95,-2.72,-4.05
77,-0.05,-0.29,0.95,-0.3,-2.96,-4.6
78,-0.06,-0.3,0.96,-0.53,-1.78,-4.89
79,-0.06,-0.3,0.95,0.2,-1.89,-5.11
80,-0.07,-0.3,0.94,0.39,-3.05,-4.77
81,-0.07,-0.28,0.94,-0.11,-2.79,-3.6
82,-0.07,-0.29,0.93,-0.71,-3.48,-3.76
83,-0.06,-0.29,0.94,-0.63,-4.16,-3.53
84,-0.05,-0.29,0.93,-1.36,-4.29,-3.44
85,-0.06,-0.29,0.94,-0.52,-4.79,-3.17
86,-0.03,-0.29,0.94,0.07,-4.76,-2.81
87,-0.03,-0.29,0.93,-0.91,-3.29,-3.14
88,-0.04,-0.29,0.95,-0.56,-3.3,-3.7
89,-0.05,-0.29,0.94,0.06,-2.95,-3.46
90,-0.05,-0.28,0.93,-0.19,-3.22,-3.06
91,-0.05,-0.28,0.94,-0.31,-3.86,-3.27
92,-0.05,-0.28,0.94,-0.98,-4.18,-2.33
93,-0.04,-0.28,0.94,-0.67,-4.8,-2.9
94,-0.03,-0.28,0.94,-0.87,-4.53,-3.36
95,-0.03,-0.28,0.95,-0.64,-3.78,-3.56
96,-0.03,-0.28,0.95,-0.51,-3.75,-3.9
97,-0.03,-0.28,0.95,-0.73,-4.01,-4.07
98,-0.03,-0.29,0.95,0.98,-4.25,-3.72
99,-0.04,-0.28,0.94,0.75,-4.47,-4.43
100,-0.04,-0.28,0.95,1.05,-4.06,-3.73
101,-0.03,-0.28,0.94,2.16,-5.01,-4.27
102,-0.03,-0.28,0.95,1.68,-5.76,-5.29
103,-0.02,-0.27,0.95,1.5,-4.66,-5.64
104,-0.02,-0.27,0.95,0.69,-4.5,-5.61
105,-0.03,-0.27,0.95,-0.77,-2.89,-5.54
106,-0.02,-0.28,0.96,0.37,-3.57,-4.84
107,-0.01,-0.28,0.95,0.61,-4.19,-5.05
108,-0.02,-0.28,0.96,0.89,-3.58,-4.56
109,-0.02,-0.29,0.99,3.57,-5.66,-3.92
110,-0.01,-0.29,0.97,5.49,-6.37,-4.37
111,0.0,-0.29,0.97,8.15,-8.61,-3.51
112,0.01,-0.29,0.97,10.12,-11.24,-4.05
113,0.05,-0.32,0.98,12.53,-13.21,-1.95
114,0.06,-0.32,0.99,16.55,-16.66,0.34
115,0.11,-0.33,0.98,20.24,-21.2,4.76
116,0.2,-0.3,0.97,20.7,-23.56,8.43
117,0.32,-0.26,0.96,19.36,-24.45,10.58
118,0.44,-0.26,0.98,17.1,-24.18,9.11
119,0.56,-0.23,1.0,15.69,-23.44,9.07
120,0.71,-0.21,1.02,12.5,-24.03,5.48
121,0.86,-0.21,1.05,10.15,-22.08,2.18
122,0.96,-0.18,1.09,12.24,-26.33,-1.14
123,1.2,-0.18,1.19,26.75,-33.94,-7.22
124,1.42,-0.21,1.3,35.98,-31.17,-19.92
125,1.66,-0.26,1.37,57.57,-24.45,-34.0
126,1.83,-0.26,1.35,85.21,-40.32,-37.5
127,2.0,-0.15,1.34,105.18,-36.76,-59.38
128,2.0,-0.0,1.19,119.73,-33.08,-109.45
129,2.0,0.1,1.06,113.93,-28.44,-171.31
130,2.0,0.13,0.96,96.5,-8.07,-223.11
131,2.0,0.08,0.96,64.24,21.13,-250.14
132,1.99,0.04,0.88,16.63,92.33,-250.14
133,1.62,-0.22,0.87,-55.15,137.96,-250.14
134,1.42,-0.49,0.81,-88.84,152.43,-250.14
135,1.12,-0.57,0.68,-96.05,226.42,-250.14
136,0.59,-0.71,0.37,-121.89,250.13,-240.24
137,-0.12,-1.18,0.38,-116.92,250.13,-238.93
138,-0.79,-1.62,0.61,-42.18,171.03,-219.96
139,-0.96,-1.42,0.7,75.1,65.19,-184.5
140,-0.63,-0.71,0.33,81.32,26.18,-189.26
141,-0.28,-0.38,0.36,43.82,46.22,-169.07
142,-0.16,-0.44,0.43,10.07,104.78,-142.86
143,-0.06,-0.48,0.36,-41.51,198.86,-93.25
144,-0.17,-0.68,0.21,-101.77,250.13,-42.71
145,-1.01,-1.11,0.06,-99.05,250.13,-16.2
146,-2.0,-1.56,-0.07,-16.69,228.41,-41.52
147,-2.0,-1.69,-0.22,91.32,-12.31,-129.89
148,-2.0,-1.35,-0.34,154.34,-250.14,-213.09
149,-2.0,-0.97,-0.14,122.29,-250.14,-214.44
150,-1.62,-0.94,0.4,43.44,-250.14,-128.32
151,-0.83,-1.11,1.11,-39.31,-184.99,-26.38
152,-0.69,-1.32,1.53,-79.87,-33.01,41.37
153,-0.82,-1.15,1.54,-61.18,45.91,63.62
154,-0.95,-0.96,1.24,-24.93,55.81,49.62
155,-0.95,-0.64,0.92,-5.16,36.85,29.47
156,-0.87,-0.49,0.78,5.35,4.87,2.18
157,-0.76,-0.35,0.75,16.6,-26.16,-17.41
158,-0.52,-0.28,0.78,12.7,-32.43,-25.64
159,-0.39,-0.24,0.82,6.5,-19.09,-25.13
160,-0.37,-0.22,0.85,3.73,0.05,-18.02
161,-0.36,-0.22,0.83,1.37,13.89,-11.81
162,-0.36,-0.22,0.8,-4.19,24.15,-7.02
163,-0.46,-0.25,0.77,-1.92,27.78,0.21
164,-0.5,-0.26,0.76,3.11,17.23,4.38
165,-0.49,-0.21,0.75,5.54,3.69,8.89
166,-0.44,-0.14,0.75,5.6,-7.49,7.92
167,-0.41,-0.14,0.78,5.44,-17.91,5.93
168,-0.37,-0.15,0.81,4.18,-22.69,7.81
169,-0.3,-0.15,0.84,-2.92,-17.19,10.06
170,-0.28,-0.19,0.89,-6.49,-10.18,14.15
171,-0.29,-0.24,0.92,-6.84,-2.7,17.19
172,-0.29,-0.25,0.94,-6.11,0.88,18.02
173,-0.3,-0.24,0.95,-3.98,-0.34,18.53
174,-0.3,-0.24,0.96,-0.89,-5.34,18.84
175,-0.28,-0.22,0.98,1.77,-12.24,17.37
176,-0.24,-0.21,0.96,4.08,-19.03,15.27
177,-0.2,-0.19,0.95,1.17,-23.1,10.03
178,-0.15,-0.21,1.0,-1.44,-19.5,3.81
179,-0.15,-0.2,0.98,-9.73,-10.79,0.52
180,-0.14,-0.22,0.99,-18.56,2.94,-0.81
181,-0.19,-0.26,1.01,-25.4,11.95,0.35
182,-0.23,-0.31,1.02,-27.64,15.02,2.12
183,-0.26,-0.33,1.03,-26.02,12.05,3.72
184,-0.28,-0.39,1.04,-20.1,2.61,1.9
185,-0.27,-0.41,1.07,-9.08,0.55,4.1
186,-0.23,-0.4,1.06,-2.63,-2.63,2.01
187,-0.19,-0.35,1.04,1.37,-1.03,-0.26
188,-0.25,-0.33,1.0,3.86,-0.98,-2.71
189,-0.27,-0.33,0.97,3.89,-2.4,-0.18
190,-0.26,-0.32,0.96,1.76,-0.76,3.18
191,-0.23,-0.3,0.93,-2.64,1.41,6.1
192,-0.18,-0.29,0.91,-9.31,4.95,4.34
193,-0.19,-0.3,0.91,-16.05,10.82,1.6
194,-0.22,-0.29,0.9,-20.6,10.52,0.67
195,-0.23,-0.32,0.89,-22.9,9.11,-0.28
196,-0.27,-0.36,0.89,-21.77,5.59,0.66
197,-0.28,-0.39,0.91,-18.06,1.57,3.8
198,-0.25,-0.4,0.92,-14.5,0.98,7.42
199,-0.19,-0.38,0.9,-14.96,7.52,11.47
200,-0.15,-0.34,0.87,-18.59,17.55,14.98
201,-0.18,-0.33,0.85,-22.04,25.08,15.71
202,-0.26,-0.31,0.8,-23.49,25.26,21.4
203,-0.32,-0.3,0.77,-25.12,17.94,29.94
204,-0.32,-0.29,0.75,-29.89,9.79,35.1
205,-0.31,-0.32,0.77,-34.09,2.92,40.06
206,-0.29,-0.37,0.8,-33.78,-1.34,46.09
207,-0.27,-0.41,0.84,-27.24,-4.87,50.76
208,-0.25,-0.39,0.83,-21.03,-4.18,56.76
209,-0.2,-0.34,0.82,-17.36,-3.44,60.71
210,-0.14,-0.28,0.8,-18.24,0.32,63.5
211,-0.14,-0.25,0.79,-20.15,1.92,64.46
212,-0.13,-0.25,0.78,-23.13,2.28,62.54
213,-0.16,-0.26,0.79,-25.15,2.5,63.37
214,-0.22,-0.26,0.76,-24.6,-1.39,62.77
215,-0.26,-0.26,0.75,-24.66,-8.76,64.29
216,-0.25,-0.25,0.75,-26.11,-13.82,67.08
217,-0.22,-0.27,0.75,-27.22,-15.18,68.27
218,-0.19,-0.29,0.76,-28.25,-11.9,69.91
219,-0.19,-0.31,0.76,-28.0,-13.4,71.62
220,-0.2,-0.3,0.74,-29.23,-16.97,73.08
221,-0.18,-0.29,0.77,-28.78,-26.72,73.19
222,-0.13,-0.29,0.79,-28.27,-36.48,69.72
223,-0.07,-0.3,0.84,-28.84,-38.64,66.34
224,-0.03,-0.31,0.88,-27.3,-36.2,63.05
225,-0.02,-0.32,0.89,-26.17,-31.06,61.29
226,-0.06,-0.33,0.89,-25.63,-27.86,60.69
227,-0.07,-0.32,0.89,-23.98,-27.56,60.71
228,-0.1,-0.32,0.88,-21.84,-30.89,60.62
229,-0.11,-0.32,0.88,-20.43,-39.41,58.17
230,-0.09,-0.33,0.92,-14.89,-49.72,54.35
231,-0.06,-0.31,0.95,-7.06,-60.56,49.96
232,0.02,-0.3,0.96,-2.86,-65.58,45.92
233,0.08,-0.26,0.95,-8.01,-57.12,45.42
234,0.09,-0.26,0.95,-20.48,-39.93,51.94
235,0.09,-0.29,0.97,-32.17,-25.45,61.04
236,0.06,-0.31,0.98,-40.4,-14.61,63.64
237,-0.02,-0.32,0.97,-43.03,-14.23,58.67
238,-0.01,-0.4,1.04,-36.16,-18.21,54.72
239,-0.06,-0.45,1.04,-24.81,-26.83,45.08
240,-0.06,-0.48,1.04,-11.91,-34.95,37.98
241,-0.06,-0.47,1.01,-4.31,-36.75,33.78
242,-0.08,-0.45,0.96,-2.42,-32.44,31.95
243,-0.13,-0.44,0.92,-5.87,-25.87,34.2
244,-0.21,-0.43,0.9,-11.29,-23.05,43.79
245,-0.24,-0.4,0.87,-16.88,-24.95,56.46
246,-0.19,-0.39,0.86,-20.44,-33.01,63.18
247,-0.13,-0.35,0.92,-18.47,-44.85,63.72
248,-0.04,-0.36,0.97,-13.34,-46.06,59.82
249,0.07,-0.36,1.02,-5.66,-45.6,54.46
250,0.11,-0.33,1.04,-2.93,-36.49,52.73
251,0.06,-0.29,0.92,-11.12,-34.56,49.75
252,0.05,-0.26,0.92,-21.71,-21.15,52.91
253,-0.02,-0.28,0.91,-22.24,-23.87,54.3
254,-0.02,-0.28,0.9,-31.16,-27.94,52.19
255,-0.01,-0.34,0.98,-32.18,-28.4,54.29
256,0.01,-0.37,1.01,-31.24,-32.37,54.47
257,0.08,-0.37,1.09,-26.76,-35.63,52.2
258,0.18,-0.37,1.11,-18.48,-26.59,48.72
259,0.15,-0.36,1.09,-16.1,-26.62,35.56
260,0.13,-0.39,1.06,-12.34,-18.02,34.79
261,0.06,-0.37,1.0,-12.28,-13.38,29.24
262,-0.0,-0.38,0.96,-13.32,-7.54,31.4
263,-0.03,-0.37,0.92,-18.25,-4.98,31.46
264,-0.12,-0.39,0.92,-23.79,-0.82,36.32
265,-0.15,-0.4,0.9,-23.51,-8.34,38.88
266,-0.16,-0.43,0.91,-21.44,-14.34,40.31
267,-0.12,-0.45,0.95,-14.33,-23.37,41.72
268,-0.02,-0.42,0.98,-9.17,-25.2,41.61
269,0.06,-0.38,1.0,-8.29,-16.82,37.2
270,0.1,-0.39,1.01,-5.23,-10.56,33.08
271,0.08,-0.37,0.99,-3.16,-4.59,29.02
272,0.04,-0.35,0.95,-6.01,3.4,28.02
273,-0.0,-0.34,0.92,-4.6,1.09,26.44
274,-0.04,-0.33,0.9,-6.83,-0.11,25.71
275,-0.03,-0.34,0.9,-7.95,-5.37,27.5
276,0.0,-0.33,0.9,-9.66,-7.98,29.24
277,0.04,-0.34,0.94,-13.76,-6.33,28.59
278,0.09,-0.36,0.97,-11.79,-5.1,26.85
279,0.11,-0.38,0.99,-6.24,-4.76,22.85
280,0.08,-0.35,0.96,-2.95,-2.67,18.51
281,0.04,-0.35,0.94,-1.37,-2.0,17.05
282,0.04,-0.32,0.91,-0.45,-3.83,15.22
283,0.03,-0.33,0.93,-1.35,-3.93,12.0
284,0.02,-0.34,0.94,-1.42,-1.76,12.69
285,0.0,-0.35,0.95,-2.14,-0.82,15.41
286,0.02,-0.32,0.93,-3.55,1.09,18.86
287,0.05,-0.33,0.93,-5.53,3.21,17.93
288,0.07,-0.32,0.96,-2.76,3.21,13.94
289,0.06,-0.3,0.95,0.37,3.04,7.94
290,0.04,-0.29,0.95,2.18,2.67,4.09
291,0.03,-0.29,0.94,2.57,5.04,2.12
292,0.03,-0.3,0.95,0.95,8.65,0.35
293,-0.0,-0.31,0.94,-0.77,12.81,-0.45
294,-0.03,-0.33,0.93,-3.26,17.08,0.44
295,-0.04,-0.34,0.93,-7.36,20.69,0.54
296,-0.07,-0.37,0.92,-7.59,26.3,0.18
297,-0.1,-0.39,0.91,-6.21,27.24,-1.76
298,-0.15,-0.4,0.9,-2.53,26.87,-3.48
299,-0.19,-0.41,0.89,1.64,24.08,-2.24
300,-0.23,-0.4,0.88,4.51,20.92,2.61
301,-0.22,-0.36,0.86,6.39,14.67,7.53
302,-0.19,-0.32,0.85,5.25,9.02,7.84
303,-0.16,-0.3,0.86,4.87,5.01,6.66
304,-0.14,-0.31,0.86,4.22,0.68,5.01
305,-0.12,-0.29,0.87,4.19,-2.16,3.92
306,-0.13,-0.31,0.89,6.76,-6.32,1.43
307,-0.13,-0.32,0.9,11.57,-13.37,-1.66
308,-0.13,-0.32,0.9,14.53,-17.82,-2.71
309,-0.11,-0.29,0.9,15.63,-20.07,-1.31
310,-0.09,-0.27,0.9,11.61,-18.88,0.05
311,-0.07,-0.28,0.92,6.02,-14.5,2.47
312,-0.07,-0.27,0.94,1.07,-8.81,3.98
313,-0.09,-0.28,0.94,-3.42,-4.5,4.85
314,-0.11,-0.3,0.94,-6.61,-1.66,4.89
315,-0.12,-0.34,0.95,-6.95,-0.28,4.44
316,-0.14,-0.36,0.97,-3.11,-1.89,3.32
317,-0.15,-0.38,0.96,2.08,-4.68,-0.34
318,-0.17,-0.37,0.95,6.65,-7.7,-2.61
319,-0.19,-0.37,0.94,11.96,-12.77,-4.95
320,-0.18,-0.35,0.92,16.27,-17.24,-6.37
321,-0.16,-0.31,0.92,16.31,-19.28,-8.78
322,-0.11,-0.28,0.9,12.73,-16.15,-9.19
323,-0.1,-0.27,0.92,7.81,-9.39,-7.69
324,-0.11,-0.29,0.91,3.76,-5.72,-6.76
325,-0.13,-0.31,0.91,2.0,-3.91,-6.13
326,-0.14,-0.31,0.92,1.98,-2.63,-4.6
327,-0.14,-0.32,0.92,2.76,-2.64,-3.89
328,-0.14,-0.31,0.92,4.53,-4.4,-5.05
329,-0.15,-0.3,0.91,6.91,-7.18,-6.14
330,-0.15,-0.3,0.91,8.33,-9.34,-5.63
331,-0.15,-0.29,0.9,9.72,-11.68,-5.21
332,-0.14,-0.27,0.9,10.77,-15.93,-5.23
333,-0.13,-0.26,0.9,9.24,-18.45,-5.79
334,-0.1,-0.24,0.91,5.54,-18.61,-5.5
335,-0.06,-0.24,0.91,-0.85,-11.39,-4.64
336,-0.05,-0.25,0.94,-7.4,-2.57,-3.46
337,-0.07,-0.29,0.96,-9.97,0.98,-3.67
338,-0.08,-0.32,0.97,-9.84,3.05,-6.19
339,-0.12,-0.36,0.99,-6.58,2.89,-6.4
340,-0.14,-0.36,1.01,-0.6,0.61,-6.33
341,-0.14,-0.37,1.01,5.67,-2.69,-7.1
342,-0.13,-0.35,1.0,11.05,-4.93,-7.19
343,-0.12,-0.33,0.99,12.79,-4.77,-8.53
344,-0.1,-0.3,0.98,12.14,-3.22,-8.18
345,-0.1,-0.27,0.97,10.12,-0.58,-7.24
346,-0.1,-0.27,0.96,8.15,3.06,-6.6
347,-0.1,-0.25,0.95,5.08,5.22,-6.92
348,-0.1,-0.23,0.94,1.98,5.76,-7.15
349,-0.1,-0.24,0.94,0.7,6.37,-8.73
350,-0.13,-0.26,0.95,0.73,5.45,-8.72
351,-0.11,-0.27,0.95,-0.01,6.03,-7.64
352,-0.1,-0.25,0.94,-0.95,7.59,-7.29
353,-0.11,-0.27,0.94,0.53,7.53,-6.42
354,-0.13,-0.27,0.92,2.44,4.79,-6.79
355,-0.12,-0.27,0.92,4.57,3.35,-9.27
356,-0.12,-0.27,0.91,6.97,-0.16,-11.35
357,-0.13,-0.26,0.9,7.24,-3.73,-12.89
358,-0.13,-0.25,0.9,6.4,-4.66,-14.09
359,-0.13,-0.26,0.89,4.35,-2.9,-12.13
360,-0.11,-0.26,0.9,0.12,1.73,-7.71
361,-0.1,-0.25,0.9,-5.47,6.01,-4.67
362,-0.11,-0.25,0.9,-10.6,9.55,-1.66
363,-0.12,-0.28,0.92,-8.98,6.67,0.93
364,-0.13,-0.29,0.93,-9.4,6.05,-1.52
365,-0.13,-0.3,0.92,-7.39,6.26,-3.66
366,-0.13,-0.28,0.93,-6.8,7.55,-4.96
367,-0.16,-0.29,0.92,-5.41,3.54,-5.69
368,-0.16,-0.28,0.92,-5.61,1.66,-4.95
369,-0.15,-0.28,0.93,-7.84,2.71,-3.98
370,-0.17,-0.3,0.95,-8.02,1.5,-4.37
371,-0.17,-0.3,0.95,-7.56,1.24,-3.98
372,-0.15,-0.31,0.96,-6.6,1.87,-2.76
373,-0.15,-0.32,0.97,-5.39,1.42,-4.6
374,-0.16,-0.31,0.95,-3.75,0.44,-3.51
375,-0.14,-0.28,0.95,-4.31,-0.4,-5.69
376,-0.16,-0.29,0.94,-4.89,0.07,-5.04
377,-0.14,-0.33,0.93,11.33,-24.52,14.49
378,-0.2,-0.23,0.96,-1.85,-5.85,-5.25
379,-0.15,-0.31,0.93,3.24,-10.4,-3.48
380,-0.15,-0.29,0.94,1.13,-8.4,-4.72
381,-0.14,-0.29,0.92,2.6,-10.63,-4.22
382,-0.14,-0.28,0.93,2.04,-9.85,-2.73
383,-0.12,-0.27,0.94,1.92,-9.66,0.24
384,-0.11,-0.29,0.92,4.02,-11.33,2.66
385,-0.1,-0.27,0.92,4.62,-10.01,3.97
386,-0.1,-0.26,0.91,1.68,-6.48,3.51
387,-0.11,-0.26,0.91,0.21,-5.47,2.96
388,-0.12,-0.28,0.92,0.98,-6.82,3.73
389,-0.12,-0.28,0.91,1.08,-7.77,3.37
390,-0.12,-0.28,0.92,2.3,-10.31,3.47
391,-0.11,-0.27,0.91,3.92,-14.28,1.19
392,-0.09,-0.31,0.84,4.41,-1.1,0.4
393,-0.11,-0.29,0.88,5.5,-11.88,-0.03
394,-0.08,-0.25,0.91,1.34,-14.31,-2.54
395,-0.11,-0.27,0.92,0.12,-15.5,-1.18
396,-0.09,-0.25,0.93,-2.89,-12.37,-2.16
397,-0.1,-0.28,0.92,-3.68,-11.44,-1.92
398,-0.1,-0.28,0.94,-4.46,-12.55,3.77
399,-0.06,-0.26,0.94,-2.24,-15.72,13.7
400,-0.03,-0.22,0.92,-2.1,-18.92,23.69
