,accel_x,accel_y,accel_z,gyro_x,gyro_y,gyro_z
0,-0.03,-0.07,0.96,-0.18,2.47,-2.78
1,-0.03,-0.06,0.95,-1.94,3.78,-2.89
2,-0.03,-0.07,0.96,-3.52,4.09,-2.04
3,-0.05,-0.08,0.96,-4.15,3.87,-2.41
4,-0.05,-0.07,0.96,-4.18,1.74,-3.66
5,-0.04,-0.07,0.96,-5.17,2.34,-4.5
6,-0.05,-0.07,0.96,-5.7,2.3,-5.63
7,-0.02,-0.08,0.99,-6.04,-1.42,-6.04
8,-0.02,-0.08,1.02,-7.43,-0.19,-4.77
9,-0.06,-0.07,0.98,-8.68,1.5,-4.28
10,-0.08,-0.09,0.99,-6.96,-0.75,-2.31
11,-0.08,-0.09,0.98,-5.41,-2.01,-1.6
12,-0.08,-0.08,0.99,-3.56,-3.21,-1.44
13,-0.07,-0.08,1.0,-0.89,-5.8,-2.41
14,-0.04,-0.06,1.0,0.21,-5.34,-2.14
15,-0.04,-0.05,0.98,0.22,-5.72,-0.74
16,-0.04,-0.06,0.98,-0.02,-6.79,-2.16
17,-0.04,-0.06,0.99,-0.08,-4.95,-3.44
18,-0.05,-0.05,0.99,-1.03,-3.36,-2.95
19,-0.04,-0.05,0.98,-1.95,-4.71,-1.46
20,-0.04,-0.04,0.98,-4.45,-6.63,-2.67
21,-0.04,-0.05,0.98,-5.39,-3.76,-3.22
22,-0.05,-0.07,0.98,-6.04,-2.1,-2.79
23,-0.06,-0.07,0.99,-5.97,-2.76,-1.76
24,-0.06,-0.1,1.0,-3.93,-5.23,-1.42
25,-0.06,-0.11,1.01,-0.77,-5.89,-2.39
26,-0.04,-0.09,1.01,0.26,-5.0,-2.34
27,-0.03,-0.07,0.99,-0.76,-2.43,-0.87
28,-0.03,-0.09,1.0,-1.05,-2.73,-1.72
29,-0.03,-0.1,1.0,1.23,-6.25,-4.39
30,-0.02,-0.1,1.01,2.34,-4.19,-3.57
31,-0.02,-0.08,0.99,0.69,-1.45,-2.36
32,-0.03,-0.08,1.0,-0.01,-2.5,-1.76
33,-0.03,-0.1,1.0,0.85,-4.77,-1.64
34,-0.01,-0.08,0.98,0.93,-3.48,-2.65
35,-0.02,-0.08,0.98,-0.5,-1.37,-2.57
36,-0.01,-0.08,0.98,-1.44,-0.17,-1.85
37,-0.02,-0.08,0.97,-1.28,-0.1,-2.63
38,-0.02,-0.08,0.97,0.59,-2.67,-3.61
39,-0.02,-0.07,0.97,1.14,-4.4,-3.5
40,-0.02,-0.06,0.96,-1.36,-1.49,-1.92
41,-0.03,-0.06,0.95,-2.71,-1.0,-2.58
42,-0.04,-0.08,0.97,-2.43,-1.48,-2.82
43,-0.03,-0.08,0.97,-1.16,-3.23,-3.02
44,-0.03,-0.07,0.97,-0.98,-5.98,-3.45
45,-0.04,-0.08,0.97,-0.71,-4.43,-2.92
46,-0.04,-0.09,1.0,1.6,-6.59,-2.75
47,-0.01,-0.06,1.0,3.21,-12.41,-4.37
48,-0.0,-0.04,0.98,1.18,-8.29,-4.43
49,-0.01,-0.06,0.99,-1.79,-4.79,-3.93
50,-0.03,-0.07,1.0,-1.63,-5.08,-3.53
51,-0.01,-0.06,0.99,-1.02,-6.31,-4.74
52,-0.02,-0.07,0.99,-1.86,-3.45,-4.66
53,-0.03,-0.07,1.0,-2.44,-2.05,-3.36
54,-0.04,-0.08,1.0,-2.04,-1.38,-3.08
55,-0.03,-0.08,1.0,-0.89,-3.9,-3.98
56,-0.03,-0.07,0.99,-0.76,-2.4,-2.81
57,-0.03,-0.08,1.0,-1.07,-0.58,-2.71
58,-0.04,-0.09,0.99,-0.24,-0.74,-2.37
59,-0.02,-0.08,1.0,0.72,-3.46,-1.52
60,-0.02,-0.07,0.99,0.82,-3.37,-2.75
61,-0.02,-0.06,0.99,0.31,-3.92,-1.97
62,-0.01,-0.07,0.99,-0.18,-1.84,-1.85
63,-0.01,-0.06,0.98,-0.51,-0.82,-2.51
64,-0.01,-0.06,0.97,-0.76,-0.84,-3.44
65,-0.01,-0.06,0.98,-0.89,-2.36,-3.6
66,-0.02,-0.06,0.97,-0.18,-3.61,-4.03
67,-0.03,-0.07,0.97,0.98,-6.31,-3.6
68,-0.02,-0.08,0.98,2.05,-6.22,-2.47
69,-0.0,-0.06,0.97,1.59,-4.85,-2.62
70,-0.0,-0.05,0.98,0.34,-3.19,-2.52
71,-0.0,-0.05,0.98,-0.48,-3.03,-2.51
72,-0.02,-0.06,0.98,-1.21,-2.15,-1.56
73,-0.02,-0.06,0.98,-0.55,-5.57,-1.33
74,-0.01,-0.06,0.98,-0.02,-7.44,-1.65
75,-0.0,-0.06,0.98,-0.57,-7.48,-1.7
76,-0.0,-0.07,0.99,-0.53,-5.54,-2.31
77,0.0,-0.07,0.98,0.06,-5.11,-2.89
78,0.0,-0.06,0.99,1.02,-4.01,-3.21
79,-0.01,-0.07,0.98,1.47,-4.92,-4.05
80,0.01,-0.06,0.99,2.06,-6.17,-4.42
81,-0.0,-0.06,0.99,2.98,-8.5,-3.93
82,0.01,-0.05,0.99,2.79,-9.52,-3.67
83,0.02,-0.04,0.97,2.56,-9.47,-2.36
84,0.03,-0.03,0.97,0.12,-5.13,-1.64
85,0.02,-0.03,0.97,-0.94,-4.21,-1.26
86,-0.0,-0.03,0.98,-1.17,-4.83,-3.53
87,0.02,-0.05,0.95,0.05,-8.38,-4.34
88,0.03,-0.03,0.99,-0.72,-6.1,-5.07
89,0.02,-0.05,1.0,-1.24,-5.6,-6.93
90,0.02,-0.05,0.99,-1.92,-2.85,-5.74
91,0.02,-0.06,0.99,-1.93,-2.52,-5.82
92,-0.01,-0.07,1.0,-2.41,-1.53,-5.6
93,-0.02,-0.08,0.99,-0.44,-2.97,-4.92
94,-0.01,-0.07,1.0,1.43,-4.05,-3.41
95,-0.02,-0.07,0.99,3.05,-8.4,-1.67
96,-0.01,-0.06,0.98,2.09,-9.96,-2.76
97,-0.01,-0.05,0.97,0.58,-6.69,-4.06
98,-0.02,-0.05,0.97,-0.93,-3.63,-0.92
99,-0.02,-0.07,0.98,-0.73,-4.4,-1.87
100,-0.03,-0.06,0.98,-0.4,-3.55,-2.18
101,-0.01,-0.05,0.97,-1.64,-2.18,-1.17
102,-0.0,-0.04,0.98,-2.69,-3.11,-0.88
103,0.01,-0.05,0.99,-2.48,-3.48,-0.38
104,0.0,-0.06,0.99,-1.88,-2.02,0.08
105,0.01,-0.05,0.99,-1.15,-2.16,0.56
106,0.03,-0.04,0.99,-1.55,-4.53,0.18
107,0.01,-0.05,0.99,-0.64,-4.11,-0.47
108,-0.01,-0.06,1.0,0.02,-5.16,-0.49
109,0.0,-0.05,0.98,-0.23,-4.78,0.5
110,0.01,-0.04,0.98,-0.95,-4.93,-0.15
111,0.01,-0.05,1.0,-0.85,-4.74,0.34
112,0.02,-0.05,1.0,-1.11,-3.79,0.79
113,0.02,-0.05,0.99,-1.37,-3.67,0.8
114,0.04,-0.04,1.0,-0.11,-7.64,1.82
115,0.03,-0.05,1.0,-0.13,-5.77,0.63
116,0.03,-0.04,0.99,-1.13,-3.8,1.13
117,0.03,-0.04,0.99,-2.08,-1.99,1.51
118,0.05,-0.04,0.99,-1.85,-1.36,0.91
119,0.05,-0.05,1.0,-1.61,0.44,-0.06
120,0.04,-0.04,0.99,-1.45,1.53,-0.56
121,0.03,-0.04,0.97,-1.44,1.89,-2.24
122,0.03,-0.04,0.99,-0.07,-1.61,-2.59
123,0.04,-0.03,0.97,-0.22,-2.96,-2.4
124,0.05,-0.03,0.97,-2.22,-0.46,-2.07
125,0.04,-0.03,0.97,-3.29,1.12,-2.18
126,0.05,-0.03,1.0,-2.63,-0.6,-2.69
127,0.06,-0.03,0.99,-2.12,-0.64,-4.64
128,0.05,-0.03,1.0,-1.94,1.26,-4.5
129,0.05,-0.03,1.0,-0.96,0.69,-4.95
130,0.06,-0.02,1.0,-0.64,0.37,-5.03
131,0.06,-0.02,1.0,-0.45,-0.42,-5.47
132,0.07,-0.02,1.0,-0.76,1.48,-6.63
133,0.06,-0.03,1.0,-0.56,2.08,-8.09
134,0.06,-0.03,1.0,0.11,0.24,-8.67
135,0.05,-0.04,1.0,-0.18,1.01,-8.37
136,0.03,-0.05,0.99,-0.43,0.75,-7.69
137,0.01,-0.05,0.99,-1.16,1.21,-7.11
138,0.01,-0.07,0.99,-1.78,2.53,-5.33
139,0.04,-0.07,0.99,-1.44,0.48,-3.47
140,0.07,-0.08,0.99,0.3,-1.8,-3.6
141,0.12,-0.07,0.99,1.14,-3.39,-3.43
142,0.19,-0.07,1.01,1.2,-4.86,-4.72
143,0.26,-0.09,1.01,1.78,-4.91,-5.98
144,0.29,-0.08,0.99,-4.55,-7.16,-8.51
145,0.38,-0.07,1.02,-3.63,-1.17,-9.08
146,0.42,-0.11,1.01,-5.76,-3.37,-13.2
147,0.48,-0.14,1.07,-5.37,-8.09,-12.54
148,0.57,-0.15,1.07,-5.56,-8.41,-12.69
149,0.65,-0.18,1.12,-5.32,-12.67,-12.98
150,0.79,-0.21,1.21,-5.79,-20.5,-7.66
151,0.88,-0.26,1.32,4.68,-23.76,-2.66
152,1.01,-0.22,1.37,17.61,-33.24,15.4
153,1.14,-0.18,1.36,31.65,-33.96,27.98
154,1.32,-0.12,1.27,42.36,-35.73,33.47
155,1.4,-0.07,1.18,56.07,-41.45,28.29
156,1.42,-0.04,1.01,56.66,-34.26,19.38
157,1.52,0.03,0.98,53.24,-16.01,16.36
158,1.62,0.07,0.86,28.63,19.51,10.16
159,1.49,0.05,0.83,3.61,47.02,-19.41
160,1.46,0.03,0.99,-11.6,83.33,-42.76
161,1.41,-0.02,1.1,-13.47,133.08,-61.13
162,1.18,-0.16,1.13,-19.57,177.04,-112.9
163,0.58,-0.42,1.13,-16.01,159.54,-168.51
164,0.09,-0.54,0.98,17.82,112.07,-165.98
165,-0.5,-0.45,0.58,48.76,87.77,-125.79
166,-0.94,-0.3,0.22,53.21,35.89,-109.59
167,-1.09,-0.09,0.09,30.7,-3.15,-115.31
168,-1.31,-0.01,0.48,-1.74,-37.05,-171.51
169,-0.96,0.08,0.6,-39.86,-19.68,-161.47
170,-1.03,-0.03,0.94,-83.91,19.87,-164.59
171,-1.33,-0.45,1.1,-79.03,44.79,-165.55
172,-1.91,-0.77,1.36,-41.64,3.31,-175.61
173,-1.97,-0.78,1.29,19.89,-54.94,-164.05
174,-1.66,-0.48,1.22,43.42,-70.77,-148.49
175,-1.27,-0.27,1.12,36.78,-46.18,-127.76
176,-1.1,-0.19,1.14,18.37,-5.24,-109.47
177,-1.01,-0.2,1.07,11.06,33.34,-81.84
178,-1.09,-0.28,0.93,12.58,47.59,-61.76
179,-1.13,-0.25,0.81,19.26,40.13,-40.21
180,-1.06,-0.19,0.69,34.7,15.5,-25.4
181,-0.92,-0.06,0.59,44.16,-10.04,-25.08
182,-0.65,0.11,0.54,43.62,-26.33,-24.35
183,-0.48,0.22,0.52,25.71,-16.44,-21.82
184,-0.38,0.2,0.55,8.63,1.03,-10.47
185,-0.43,0.12,0.59,-2.03,10.33,-2.98
186,-0.43,0.08,0.63,-4.2,6.05,5.89
187,-0.37,0.1,0.64,-4.39,-2.11,9.63
188,-0.29,0.11,0.68,-7.62,-4.32,10.77
189,-0.22,0.09,0.73,-11.09,-11.6,10.85
190,-0.13,0.09,0.8,-12.84,-18.14,9.75
191,-0.07,0.05,0.87,-14.24,-20.05,4.06
192,-0.03,0.0,0.94,-13.48,-18.18,-1.61
193,-0.02,-0.03,0.98,-12.6,-13.92,-2.98
194,-0.02,-0.04,1.0,-11.42,-12.63,-2.73
195,0.04,-0.02,0.98,-12.46,-5.97,-1.69
196,0.02,-0.01,1.01,-16.47,-4.18,-0.32
197,0.01,-0.05,1.03,-19.59,1.56,1.95
198,-0.04,-0.06,1.02,-21.59,6.37,6.24
199,-0.03,-0.05,1.03,-20.43,5.18,6.95
200,-0.03,-0.05,1.02,-19.09,1.94,2.83
201,-0.01,-0.05,1.04,-18.2,6.15,1.95
202,-0.04,-0.06,1.03,-14.21,4.08,-4.36
203,-0.03,-0.04,1.03,-10.33,1.34,-8.78
204,-0.04,-0.03,1.01,-9.76,3.26,-10.01
205,-0.08,-0.04,0.98,-11.34,6.31,-9.79
206,-0.13,-0.06,0.98,-14.11,9.63,-5.58
207,-0.2,-0.06,0.93,-17.32,10.89,0.02
208,-0.24,-0.06,0.92,-21.11,10.43,4.67
209,-0.26,-0.07,0.91,-25.62,10.31,7.9
210,-0.29,-0.1,0.92,-26.85,7.17,12.0
211,-0.29,-0.11,0.93,-26.44,1.99,15.31
212,-0.24,-0.11,0.96,-25.09,-4.3,18.81
213,-0.18,-0.09,0.98,-21.76,-8.24,18.78
214,-0.1,-0.05,0.98,-22.36,-6.96,19.11
215,-0.07,-0.03,1.0,-27.21,1.33,18.76
216,-0.07,-0.04,0.99,-31.21,8.66,19.29
217,-0.11,-0.07,1.02,-28.69,10.07,15.42
218,-0.12,-0.05,0.98,-26.81,5.37,18.65
219,-0.15,-0.07,0.97,-25.68,6.17,19.18
220,-0.23,-0.11,0.95,-23.47,3.17,18.83
221,-0.22,-0.1,0.98,-18.56,-4.88,20.16
222,-0.21,-0.08,0.96,-17.58,-11.66,16.82
223,-0.17,-0.08,0.97,-17.69,-17.19,14.69
224,-0.14,-0.08,0.99,-19.42,-12.4,13.5
225,-0.15,-0.1,0.99,-21.69,-5.95,13.86
226,-0.16,-0.11,0.99,-23.41,0.4,14.69
227,-0.17,-0.12,0.97,-25.98,8.11,15.0
228,-0.2,-0.14,0.96,-29.37,9.33,18.05
229,-0.28,-0.12,0.89,-36.31,2.12,14.47
230,-0.11,-0.13,0.99,-21.85,8.32,27.2
231,-0.27,-0.14,0.91,-18.8,2.27,27.28
232,-0.26,-0.14,0.88,-17.35,-3.61,28.54
233,-0.25,-0.14,0.89,-17.44,-10.0,31.95
234,-0.2,-0.15,0.91,-16.25,-15.85,34.14
235,-0.16,-0.15,0.92,-13.96,-19.13,33.93
236,-0.11,-0.14,0.95,-12.02,-23.11,34.53
237,-0.08,-0.15,0.97,-12.99,-15.23,37.89
238,-0.08,-0.14,0.97,-14.91,-12.74,39.05
239,-0.04,-0.13,0.97,-13.71,-14.1,38.05
240,0.02,-0.14,0.96,-13.1,-9.01,39.6
241,0.0,-0.11,0.95,-19.65,-8.19,38.9
242,0.01,-0.12,0.97,-20.47,-10.79,38.09
243,0.03,-0.13,0.99,-20.21,-7.46,35.73
244,0.01,-0.13,0.99,-19.73,-3.95,34.63
245,-0.01,-0.15,1.0,-18.98,-1.89,31.03
246,-0.07,-0.16,0.96,-18.36,0.63,28.45
247,-0.12,-0.18,0.94,-17.4,3.11,26.76
248,-0.14,-0.2,0.94,-16.05,-0.08,28.89
249,-0.16,-0.2,0.93,-15.45,-7.09,29.19
250,-0.14,-0.19,0.93,-13.86,-10.8,30.92
251,-0.14,-0.18,0.86,-13.73,-11.82,32.5
252,-0.08,-0.16,0.95,-14.73,-13.32,32.65
253,-0.06,-0.17,0.96,-17.77,-9.15,32.13
254,-0.09,-0.2,0.97,-20.57,-7.72,31.26
255,-0.09,-0.21,0.99,-21.63,-5.59,35.01
256,-0.13,-0.25,0.98,-17.94,-4.84,36.44
257,-0.12,-0.24,0.97,-14.89,-11.31,37.88
258,-0.05,-0.21,1.03,-15.81,-18.87,38.15
259,-0.1,-0.22,0.98,-12.3,-12.08,37.33
260,-0.08,-0.21,0.96,-11.02,-19.11,38.15
261,-0.01,-0.22,0.97,-8.97,-16.57,38.21
262,-0.0,-0.19,0.97,-7.14,-15.53,39.49
263,0.04,-0.17,0.98,-6.69,-13.97,38.14
264,0.05,-0.15,0.97,-9.89,-10.18,39.07
265,0.05,-0.14,0.96,-15.3,-2.96,38.72
266,-0.02,-0.13,0.96,-17.21,-7.65,35.96
267,-0.04,-0.18,0.96,-14.75,-13.59,33.96
268,-0.01,-0.19,1.0,-9.42,-25.0,31.84
269,0.03,-0.18,1.01,-3.76,-25.74,29.25
270,0.11,-0.17,1.08,6.07,-17.44,29.34
271,0.08,-0.13,1.02,2.65,-13.28,25.21
272,0.14,-0.13,1.07,-3.94,2.2,27.06
273,0.09,-0.14,1.05,-11.85,14.34,24.1
274,0.02,-0.16,1.03,-17.78,25.24,25.99
275,-0.06,-0.22,1.03,-20.44,26.03,24.76
276,-0.11,-0.26,1.04,-15.46,23.09,25.38
277,-0.1,-0.28,1.07,-4.44,17.47,28.33
278,-0.11,-0.29,1.02,3.18,9.66,28.27
279,-0.08,-0.24,1.02,7.24,5.27,26.95
280,-0.06,-0.23,0.99,10.01,5.53,29.69
281,-0.11,-0.17,0.91,3.33,-1.27,26.11
282,-0.07,-0.17,0.92,3.85,-4.21,26.78
283,-0.06,-0.16,0.95,7.79,-8.92,29.2
284,-0.02,-0.18,0.93,7.98,-12.05,26.51
285,-0.02,-0.17,0.97,4.81,-12.46,25.49
286,-0.01,-0.2,1.0,9.16,-13.7,27.34
287,0.01,-0.19,1.02,11.35,-12.69,28.72
288,0.06,-0.19,1.0,10.05,-6.66,29.36
289,0.03,-0.16,0.99,6.01,7.76,29.54
290,-0.01,-0.16,0.96,5.37,10.4,31.54
291,-0.1,-0.16,0.89,3.98,8.54,28.76
292,-0.13,-0.17,0.91,3.4,-2.54,29.0
293,-0.15,-0.17,0.94,12.33,-24.73,30.05
294,-0.07,-0.12,0.85,4.29,-30.68,21.31
295,-0.01,-0.15,0.96,4.66,-37.5,16.84
296,0.04,-0.16,1.0,15.78,-45.18,15.01
297,0.14,-0.14,1.03,13.4,-33.84,15.56
298,0.15,-0.14,1.04,6.47,-21.74,15.56
299,0.13,-0.13,1.03,-0.3,-5.87,18.94
300,0.1,-0.12,1.01,-9.18,6.08,19.87
301,0.04,-0.14,1.0,-12.45,13.07,22.36
302,-0.0,-0.16,0.99,-12.28,13.18,24.13
303,-0.03,-0.18,0.98,-10.77,8.44,22.63
304,-0.06,-0.19,0.99,-5.03,-0.84,20.02
305,-0.02,-0.15,0.98,1.27,-8.24,17.36
306,0.04,-0.1,0.97,0.29,-9.24,13.26
307,0.05,-0.1,0.98,-2.03,-7.48,10.08
308,0.06,-0.12,0.98,-0.56,-6.67,7.56
309,0.09,-0.12,1.0,-2.94,-6.27,6.72
310,0.06,-0.12,1.0,-5.11,-2.91,5.22
311,0.04,-0.15,1.02,-5.6,1.91,5.34
312,0.04,-0.14,1.02,-6.64,4.26,5.73
313,0.04,-0.16,1.03,-6.06,3.78,4.47
314,0.04,-0.15,1.04,-4.24,3.29,4.04
315,0.04,-0.16,1.04,-1.95,2.07,2.03
316,0.05,-0.15,1.04,-0.67,2.47,-0.08
317,0.05,-0.14,1.03,0.7,3.63,-2.26
318,0.02,-0.14,1.01,3.17,5.76,-4.11
319,0.02,-0.14,0.99,5.02,7.03,-6.68
320,-0.0,-0.12,0.97,4.91,8.99,-9.66
321,-0.03,-0.12,0.95,4.02,10.53,-9.56
322,-0.05,-0.1,0.93,3.06,7.73,-7.53
323,-0.05,-0.08,0.93,2.55,3.84,-8.36
324,-0.06,-0.08,0.93,1.7,0.79,-8.03
325,-0.04,-0.08,0.94,2.4,-3.57,-8.16
326,0.01,-0.06,0.95,1.35,-4.05,-9.14
327,0.01,-0.07,0.95,1.07,-4.44,-12.08
328,0.0,-0.09,0.97,1.22,-4.11,-14.48
329,-0.0,-0.11,0.98,3.02,-4.7,-15.48
330,-0.01,-0.12,0.98,3.83,-2.39,-14.76
331,-0.03,-0.13,0.99,4.76,-1.72,-14.73
332,-0.04,-0.11,0.98,5.24,-2.73,-12.47
333,-0.06,-0.11,0.97,5.25,-3.53,-10.54
334,-0.06,-0.11,0.98,4.44,-3.56,-9.31
335,-0.05,-0.11,0.97,3.29,-3.98,-7.48
336,-0.04,-0.11,0.98,1.34,-0.63,-7.98
337,-0.02,-0.11,0.99,0.63,3.32,-9.29
338,-0.02,-0.11,0.99,0.64,4.91,-11.92
339,-0.03,-0.12,1.01,2.34,4.79,-15.36
340,-0.05,-0.13,1.0,2.79,4.56,-17.61
341,-0.06,-0.12,1.01,5.07,4.46,-19.44
342,-0.12,-0.14,0.99,7.05,2.1,-20.22
343,-0.11,-0.13,0.98,8.09,1.02,-17.82
344,-0.11,-0.13,0.99,9.28,-1.32,-14.18
345,-0.1,-0.11,0.98,8.51,-1.4,-10.98
346,-0.09,-0.11,0.97,6.37,0.12,-9.14
347,-0.08,-0.1,0.97,4.28,1.12,-7.12
348,-0.09,-0.1,0.97,2.69,2.8,-5.85
349,-0.09,-0.1,0.97,2.28,1.13,-5.79
350,-0.09,-0.1,0.96,0.58,3.76,-6.24
351,-0.08,-0.1,0.94,1.19,2.37,-6.15
352,-0.1,-0.12,0.97,3.63,-0.74,-8.99
353,-0.11,-0.12,0.97,6.12,-4.39,-11.04
354,-0.09,-0.11,0.97,8.34,-7.22,-11.71
355,-0.09,-0.09,0.97,8.42,-6.69,-10.6
356,-0.08,-0.09,0.97,6.66,-5.2,-7.71
357,-0.09,-0.08,0.96,4.44,-5.01,-5.11
358,-0.05,-0.08,0.97,2.42,-5.21,-0.66
359,-0.05,-0.06,0.96,1.5,-6.18,0.78
360,-0.05,-0.08,0.98,2.13,-6.95,-0.95
361,-0.06,-0.08,0.98,4.7,-11.21,-1.56
362,-0.04,-0.07,0.97,6.11,-12.29,-3.18
363,-0.02,-0.04,0.96,6.01,-13.6,-5.1
364,0.0,-0.02,0.96,2.84,-10.14,-5.63
365,0.01,-0.01,0.97,-2.54,-5.58,-7.05
366,-0.0,-0.02,0.97,-5.7,-0.59,-5.34
367,-0.03,-0.05,0.98,-7.4,1.13,-4.12
368,-0.05,-0.07,0.98,-7.06,1.59,-5.15
369,-0.07,-0.1,0.99,-3.73,-1.3,-6.42
370,-0.09,-0.11,1.01,1.16,-7.94,-6.92
371,-0.08,-0.12,1.0,3.6,-10.04,-7.79
372,-0.08,-0.12,1.01,6.89,-10.97,-7.62
373,-0.07,-0.11,1.01,8.25,-11.69,-8.31
374,-0.04,-0.08,0.99,6.28,-7.23,-7.18
375,-0.03,-0.07,1.0,2.3,-2.1,-7.47
376,-0.05,-0.08,1.0,1.26,-0.98,-6.63
377,-0.06,-0.08,0.98,-0.79,1.67,-6.53
378,-0.07,-0.07,0.97,-3.37,3.34,-6.5
379,-0.07,-0.06,0.97,-6.1,4.64,-6.05
380,-0.07,-0.07,0.96,-8.15,4.9,-5.15
381,-0.06,-0.08,0.97,-9.12,4.62,-5.25
382,-0.07,-0.08,0.97,-8.5,3.28,-5.16
383,-0.09,-0.1,0.97,-7.2,0.2,-4.21
384,-0.07,-0.08,0.97,-4.59,-1.39,-1.92
385,-0.07,-0.08,0.95,-3.62,-2.88,-0.93
386,-0.05,-0.08,0.97,-3.64,-3.0,-2.29
387,-0.04,-0.06,0.96,-2.39,-4.94,-0.61
388,-0.03,-0.06,0.96,-3.11,-4.37,-0.65
389,-0.03,-0.06,0.96,-3.15,-2.77,-2.12
390,-0.03,-0.07,0.97,-2.7,-4.26,-2.89
391,-0.04,-0.06,0.96,-3.53,-4.67,-3.66
392,-0.03,-0.06,0.96,-5.0,-3.17,-4.45
393,-0.04,-0.06,0.96,-6.34,-3.03,-6.27
394,-0.03,-0.06,0.97,-6.89,-3.44,-7.31
395,-0.03,-0.07,0.98,-7.67,-3.65,-7.89
396,-0.03,-0.07,0.99,-8.22,-3.56,-8.74
397,-0.05,-0.08,0.99,-9.15,-3.71,-12.18
398,-0.01,-0.1,1.04,-8.06,-2.41,-9.18
399,-0.04,-0.13,1.02,-6.62,-1.53,-9.4
