,accel_x,accel_y,accel_z,gyro_x,gyro_y,gyro_z
0,0.11,-0.24,0.97,-7.87,-12.22,-15.79
1,0.13,-0.25,0.99,-8.07,-9.08,-13.96
2,0.14,-0.25,0.97,-6.56,-6.03,-8.85
3,0.12,-0.26,0.99,-4.52,-3.76,-6.77
4,0.1,-0.26,1.0,-3.26,-2.98,-5.49
5,0.09,-0.27,0.99,-1.56,-2.73,-4.32
6,0.09,-0.26,0.98,1.13,-2.13,-0.69
7,0.08,-0.25,0.97,1.57,-0.79,1.5
8,0.07,-0.23,0.97,1.5,-1.5,1.7
9,0.07,-0.23,0.97,1.98,-3.63,1.81
10,0.07,-0.22,0.96,1.84,-5.62,1.52
11,0.08,-0.22,0.95,1.08,-6.73,0.31
12,0.09,-0.23,0.95,1.3,-8.41,0.02
13,0.1,-0.23,0.95,2.03,-9.79,0.56
14,0.11,-0.22,0.94,2.31,-8.44,2.79
15,0.12,-0.22,0.94,2.58,-6.69,3.74
16,0.13,-0.23,0.94,2.82,-6.34,4.9
17,0.11,-0.22,0.94,2.51,-6.46,4.29
18,0.11,-0.23,0.94,2.56,-6.87,4.31
19,0.12,-0.23,0.95,2.69,-6.95,5.77
20,0.1,-0.23,0.94,3.08,-9.18,5.93
21,0.11,-0.21,0.94,3.1,-11.19,4.71
22,0.14,-0.2,0.93,0.99,-9.98,5.5
23,0.13,-0.21,0.93,-0.76,-8.65,4.84
24,0.14,-0.21,0.95,-1.95,-8.06,4.77
25,0.15,-0.21,0.96,-2.35,-6.06,4.83
26,0.13,-0.21,0.96,-2.85,-5.98,4.56
27,0.12,-0.21,0.95,-2.91,-5.85,4.86
28,0.13,-0.22,0.95,-2.56,-7.41,4.74
29,0.13,-0.23,0.96,-1.63,-7.27,4.41
30,0.14,-0.23,0.98,-1.17,-7.71,2.44
31,0.14,-0.23,0.97,-0.35,-6.98,2.25
32,0.13,-0.22,0.98,0.52,-6.4,3.13
33,0.12,-0.22,0.97,0.61,-6.09,2.64
34,0.13,-0.23,0.98,0.82,-6.42,3.09
35,0.13,-0.24,0.99,1.12,-6.84,1.69
36,0.13,-0.22,0.99,0.56,-7.62,-0.11
37,0.14,-0.23,0.99,-0.02,-6.36,-0.15
38,0.13,-0.23,0.98,0.11,-6.9,-0.2
39,0.16,-0.23,0.98,2.12,-5.58,3.53
40,0.12,-0.22,0.98,2.79,-3.18,4.5
41,0.13,-0.22,0.97,2.02,-4.28,4.36
42,0.13,-0.23,0.98,4.07,-4.02,4.94
43,0.13,-0.21,0.97,6.39,-5.49,4.86
44,0.13,-0.2,0.96,6.05,-5.24,4.62
45,0.14,-0.19,0.95,4.84,-4.35,3.71
46,0.16,-0.18,0.94,2.46,-4.45,2.66
47,0.16,-0.18,0.94,1.88,-3.52,2.29
48,0.16,-0.18,0.94,1.91,-1.89,2.56
49,0.14,-0.2,0.94,1.97,-2.32,1.89
50,0.14,-0.2,0.95,2.31,-3.62,0.57
51,0.16,-0.19,0.95,2.5,-4.53,-1.03
52,0.16,-0.2,0.94,2.5,-3.85,-1.53
53,0.17,-0.2,0.95,2.29,-4.49,-1.4
54,0.18,-0.19,0.94,1.5,-2.58,0.48
55,0.15,-0.2,0.95,0.22,-0.5,1.11
56,0.15,-0.21,0.94,0.08,-0.5,1.8
57,0.16,-0.21,0.95,0.43,-0.69,1.2
58,0.16,-0.21,0.95,0.39,-0.91,-0.31
59,0.15,-0.22,0.96,0.96,-0.92,-0.58
60,0.14,-0.22,0.96,2.35,0.01,0.11
61,0.14,-0.21,0.96,1.74,0.32,1.61
62,0.14,-0.2,0.95,0.53,0.52,3.66
63,0.14,-0.2,0.94,1.02,-0.57,5.33
64,0.14,-0.21,0.97,1.5,-1.16,5.84
65,0.14,-0.22,0.98,3.21,-0.56,8.09
66,0.14,-0.22,0.98,5.65,-0.66,9.9
67,0.17,-0.2,0.97,6.5,-0.43,9.54
68,0.17,-0.19,0.95,5.97,-0.95,7.0
69,0.18,-0.17,0.96,4.47,-2.94,2.37
70,0.19,-0.17,0.96,3.25,-2.76,-0.7
71,0.19,-0.18,0.96,1.37,-2.56,-3.33
72,0.2,-0.17,0.96,-0.37,0.26,-2.79
73,0.19,-0.18,0.98,-1.48,3.38,-2.73
74,0.16,-0.18,0.97,-1.67,4.74,-2.0
75,0.17,-0.17,0.96,-0.93,3.39,-1.48
76,0.15,-0.16,0.97,-1.82,3.81,-2.51
77,0.14,-0.16,0.96,-3.4,2.87,-3.62
78,0.14,-0.16,0.96,-4.31,0.56,-4.91
79,0.15,-0.17,0.97,-5.37,0.47,-6.77
80,0.15,-0.18,0.97,-5.37,1.6,-6.15
81,0.14,-0.18,0.97,-5.18,1.69,-4.95
82,0.14,-0.18,0.97,-6.59,2.18,-4.85
83,0.13,-0.18,0.97,-7.46,1.64,-5.38
84,0.14,-0.2,0.97,-7.41,-0.53,-7.14
85,0.14,-0.22,0.98,-6.37,-1.62,-7.8
86,0.15,-0.21,0.97,-4.81,-1.35,-7.95
87,0.14,-0.2,0.97,-4.73,-0.84,-7.28
88,0.14,-0.2,0.96,-5.56,1.21,-4.96
89,0.12,-0.21,0.97,-5.76,2.74,-1.85
90,0.11,-0.21,0.96,-5.62,1.69,-1.64
91,0.12,-0.2,0.96,-6.08,2.11,-2.02
92,0.11,-0.19,0.96,-6.46,1.31,-1.97
93,0.11,-0.18,0.95,-4.98,0.07,-3.05
94,0.1,-0.19,0.96,-5.33,-3.78,-4.22
95,0.12,-0.19,0.95,-4.8,-3.14,-3.51
96,0.13,-0.17,0.96,-4.74,-3.19,-2.79
97,0.13,-0.16,0.97,-5.24,-1.68,-1.3
98,0.11,-0.16,0.95,-5.52,0.34,-1.11
99,0.1,-0.16,0.95,-5.58,-0.56,-2.17
100,0.09,-0.18,0.97,-6.76,-1.47,-3.22
101,0.08,-0.2,0.97,-6.43,-1.63,-2.7
102,0.08,-0.21,0.98,-6.13,-1.41,-1.53
103,0.09,-0.22,0.97,-5.08,0.83,1.6
104,0.07,-0.21,0.97,-4.03,1.71,2.94
105,0.07,-0.2,0.95,-3.23,1.76,3.76
106,0.07,-0.19,0.94,-2.65,2.94,4.47
107,0.05,-0.18,0.94,-2.29,3.22,5.64
108,0.04,-0.17,0.92,-3.42,2.45,6.61
109,0.05,-0.16,0.91,-5.95,3.11,7.95
110,0.04,-0.17,0.92,-7.62,2.18,8.92
111,0.08,-0.16,0.94,-9.94,2.69,6.35
112,0.08,-0.17,0.95,-10.8,3.76,5.62
113,0.09,-0.18,0.98,-11.08,4.29,5.6
114,0.07,-0.17,0.98,-13.72,5.21,5.47
115,0.08,-0.19,0.99,-16.67,8.47,6.51
116,0.06,-0.21,1.01,-19.38,16.11,8.16
117,0.02,-0.27,1.03,-22.24,16.81,10.11
118,0.02,-0.32,1.03,-24.5,19.56,20.79
119,-0.02,-0.37,1.04,-24.85,27.01,34.42
120,0.02,-0.4,1.02,-27.4,38.1,63.78
121,0.11,-0.45,0.95,-32.75,51.26,106.4
122,0.23,-0.6,0.88,-34.64,52.13,142.3
123,0.26,-0.92,0.76,-21.55,7.63,163.94
124,0.63,-1.23,0.66,19.31,-71.87,161.44
125,1.41,-1.31,0.49,30.56,-190.8,134.72
126,2.0,-1.28,0.33,26.71,-250.14,52.44
127,2.0,-1.13,0.37,30.04,-250.14,-44.31
128,2.0,-0.76,0.31,8.58,-147.4,-107.34
129,2.0,-0.6,0.23,-21.51,26.71,-138.43
130,2.0,-0.8,-0.01,-49.17,171.16,-162.22
131,2.0,-1.11,-0.22,-66.01,250.13,-191.48
132,2.0,-1.47,-0.36,-72.6,250.13,-239.05
133,2.0,-1.82,-0.51,-81.22,250.13,-250.14
134,2.0,-2.0,-0.79,-107.03,250.13,-250.14
135,1.23,-2.0,-0.84,-124.32,250.13,-250.14
136,-0.51,-2.0,-0.66,-105.71,250.13,-250.14
137,-1.98,-2.0,-0.34,-73.12,250.13,-250.14
138,-2.0,-2.0,-0.2,-26.51,153.85,-250.14
139,-2.0,-2.0,0.08,-14.61,87.59,-250.14
140,-2.0,-2.0,0.54,-9.74,87.63,-250.14
141,-2.0,-2.0,0.93,-13.5,158.48,-248.27
142,-2.0,-2.0,1.14,10.16,190.33,-199.01
143,-2.0,-2.0,1.24,63.05,134.48,-189.62
144,-2.0,-2.0,1.17,101.27,31.77,-199.44
145,-2.0,-1.54,1.1,111.63,-43.02,-184.24
146,-2.0,-1.12,1.12,113.64,-44.95,-149.29
147,-2.0,-0.77,1.08,135.08,-9.77,-98.34
148,-1.49,-0.25,0.91,112.91,50.56,-54.59
149,-1.33,0.07,0.58,90.11,109.44,-20.37
150,-1.33,0.24,0.46,99.13,111.41,5.22
151,-1.19,0.49,0.29,104.92,94.11,5.91
152,-1.15,0.5,0.09,97.17,75.31,-2.6
153,-1.0,0.53,0.08,89.02,66.98,20.39
154,-1.11,0.59,0.02,67.47,47.23,31.88
155,-1.19,0.59,-0.02,34.37,6.65,27.82
156,-1.08,0.53,0.03,3.1,-35.97,19.77
157,-0.86,0.39,0.16,-19.32,-66.47,10.09
158,-0.65,0.21,0.32,-32.18,-85.05,4.0
159,-0.47,-0.02,0.47,-37.65,-87.82,9.02
160,-0.29,-0.21,0.6,-38.63,-73.19,29.21
161,-0.21,-0.32,0.7,-41.24,-58.38,46.64
162,-0.21,-0.4,0.72,-44.57,-38.4,62.08
163,-0.29,-0.47,0.74,-47.65,-34.39,63.73
164,-0.3,-0.47,0.76,-47.57,-44.69,62.92
165,-0.25,-0.47,0.8,-49.0,-59.05,53.7
166,-0.1,-0.47,0.85,-49.67,-70.27,38.6
167,0.02,-0.48,0.91,-48.78,-72.41,27.2
168,0.14,-0.49,0.97,-44.95,-69.95,22.82
169,0.22,-0.51,0.99,-34.6,-56.23,31.02
170,0.24,-0.53,1.01,-27.76,-36.19,39.27
171,0.2,-0.51,0.99,-22.56,-14.31,50.47
172,0.13,-0.47,0.95,-14.4,0.13,57.53
173,0.04,-0.43,0.93,-11.79,6.6,60.74
174,-0.05,-0.38,0.88,-7.65,12.92,60.34
175,-0.13,-0.36,0.84,-5.33,6.79,60.27
176,-0.24,-0.32,0.84,-3.67,-16.47,44.51
177,-0.18,-0.28,0.85,-4.73,-38.63,28.03
178,-0.07,-0.29,0.88,-5.56,-50.71,18.1
179,0.03,-0.31,0.92,-5.14,-54.87,16.2
180,0.08,-0.3,0.94,-3.77,-46.5,21.97
181,0.11,-0.3,0.94,-5.79,-35.23,28.0
182,0.1,-0.28,0.93,-9.14,-24.3,35.78
183,0.05,-0.27,0.93,-11.56,-17.49,39.15
184,-0.0,-0.28,0.94,-12.79,-18.37,38.58
185,-0.01,-0.3,0.92,-13.24,-23.62,33.77
186,0.02,-0.31,0.94,-13.08,-28.63,28.14
187,0.06,-0.33,0.95,-9.6,-34.15,22.03
188,0.11,-0.34,0.96,-6.27,-34.6,16.64
189,0.12,-0.33,0.95,-5.24,-30.6,13.24
190,0.1,-0.32,0.95,-5.18,-23.97,14.57
191,0.09,-0.29,0.92,-10.17,-14.08,22.89
192,0.07,-0.28,0.89,-15.86,0.44,33.24
193,0.04,-0.28,0.88,-26.18,18.01,51.36
194,-0.01,-0.28,0.86,-34.33,25.56,60.95
195,-0.03,-0.31,0.86,-33.95,23.08,58.67
196,-0.07,-0.36,0.9,-28.36,8.89,47.17
197,-0.1,-0.38,0.9,-21.28,-13.02,31.73
198,-0.05,-0.37,0.89,-16.95,-27.16,22.79
199,0.0,-0.37,0.89,-15.56,-32.03,18.91
200,0.07,-0.36,0.9,-16.03,-31.7,20.72
201,0.11,-0.34,0.92,-17.63,-22.42,25.76
202,0.1,-0.35,0.94,-19.44,-12.83,32.73
203,0.07,-0.36,0.92,-21.04,-4.55,39.79
204,0.04,-0.35,0.93,-20.81,-2.94,43.16
205,0.04,-0.35,0.94,-19.47,-8.34,39.18
206,0.05,-0.36,0.96,-15.89,-14.52,31.22
207,0.06,-0.37,0.96,-11.41,-18.85,22.62
208,0.04,-0.39,0.97,-8.08,-20.7,18.5
209,0.04,-0.38,0.96,-7.28,-17.16,20.96
210,0.02,-0.38,0.95,-6.9,-13.53,24.02
211,-0.01,-0.37,0.93,-8.56,-11.12,26.47
212,-0.02,-0.36,0.92,-10.14,-10.33,30.86
213,-0.06,-0.38,0.91,-11.51,-10.1,32.65
214,-0.11,-0.4,0.92,-12.48,-15.16,31.96
215,-0.09,-0.39,0.93,-12.03,-19.7,32.26
216,-0.05,-0.39,0.94,-8.91,-24.33,29.63
217,-0.02,-0.4,0.92,-7.18,-25.98,25.19
218,-0.03,-0.41,0.93,-5.96,-27.11,22.8
219,-0.03,-0.39,0.92,-4.55,-29.03,22.21
220,0.03,-0.36,0.91,-5.32,-27.86,22.71
221,0.05,-0.35,0.91,-10.12,-18.79,24.83
222,0.04,-0.35,0.91,-15.27,-10.63,30.13
223,0.02,-0.36,0.92,-17.86,-4.24,36.27
224,-0.0,-0.37,0.92,-19.88,-0.31,42.03
225,-0.03,-0.39,0.93,-19.94,-0.63,43.69
226,-0.06,-0.4,0.95,-16.4,-7.77,38.18
227,-0.04,-0.41,0.95,-11.27,-15.62,31.18
228,-0.03,-0.4,0.96,-6.05,-20.56,25.62
229,-0.01,-0.39,0.95,-3.17,-21.14,23.87
230,-0.02,-0.37,0.95,-2.52,-19.66,26.07
231,-0.01,-0.36,0.93,-3.6,-16.5,29.44
232,-0.0,-0.35,0.94,-5.78,-13.49,31.43
233,-0.02,-0.37,0.94,-7.33,-13.26,31.47
234,-0.04,-0.38,0.94,-7.56,-14.97,31.48
235,-0.03,-0.38,0.93,-7.13,-16.02,30.44
236,-0.03,-0.4,0.93,-7.31,-17.15,28.5
237,-0.04,-0.41,0.95,-4.14,-22.38,26.27
238,-0.02,-0.4,0.94,-2.88,-24.63,24.56
239,0.03,-0.4,0.95,-2.69,-24.17,23.87
240,0.05,-0.39,0.94,-2.56,-22.77,25.68
241,0.06,-0.39,0.95,-2.01,-19.88,26.83
242,0.07,-0.39,0.95,-1.56,-16.41,26.71
243,0.07,-0.38,0.95,-0.49,-13.85,26.1
244,0.05,-0.37,0.93,-0.3,-12.42,25.04
245,0.04,-0.35,0.91,-0.06,-13.99,23.71
246,0.01,-0.36,0.93,1.22,-15.57,21.78
247,0.01,-0.36,0.92,0.6,-18.56,18.62
248,0.04,-0.36,0.92,0.05,-19.11,17.25
249,0.05,-0.35,0.93,0.05,-18.36,17.79
250,0.06,-0.36,0.93,-0.48,-15.21,19.74
251,0.04,-0.35,0.93,-1.66,-13.03,21.17
252,0.03,-0.37,0.92,-2.42,-12.27,21.32
253,0.02,-0.39,0.93,-1.32,-13.47,20.15
254,0.02,-0.39,0.93,0.65,-15.48,17.66
255,0.01,-0.39,0.94,2.87,-17.78,16.48
256,0.01,-0.38,0.94,4.02,-19.43,15.74
257,0.03,-0.38,0.94,3.62,-18.86,16.48
258,0.06,-0.36,0.94,3.62,-17.16,17.35
259,0.07,-0.36,0.94,2.95,-15.21,17.28
260,0.08,-0.36,0.94,3.02,-13.25,18.31
261,0.1,-0.35,0.94,3.11,-9.59,19.96
262,0.09,-0.35,0.95,4.29,-9.71,19.22
263,0.05,-0.36,0.95,5.28,-9.75,18.15
264,0.04,-0.35,0.93,5.93,-10.42,16.7
265,0.04,-0.35,0.93,7.0,-12.4,14.92
266,0.04,-0.34,0.93,6.6,-13.89,13.23
267,0.04,-0.35,0.92,5.61,-15.37,12.11
268,0.04,-0.36,0.92,6.57,-14.05,12.98
269,0.09,-0.33,0.92,5.27,-14.94,10.76
270,0.1,-0.33,0.92,3.58,-11.24,13.21
271,0.08,-0.34,0.92,2.79,-11.49,10.59
272,0.07,-0.34,0.9,3.33,-9.49,8.71
273,0.05,-0.32,0.91,3.24,-9.38,8.29
274,0.01,-0.32,0.9,2.41,-9.39,8.73
275,0.01,-0.34,0.92,1.17,-9.03,9.7
276,0.01,-0.34,0.91,0.11,-9.31,12.69
277,0.01,-0.35,0.92,-0.66,-9.98,15.72
278,0.01,-0.35,0.93,-1.3,-11.86,17.56
279,0.04,-0.36,0.94,-1.05,-13.62,18.69
280,0.08,-0.34,0.96,-0.21,-15.22,18.04
281,0.09,-0.34,0.95,2.63,-15.15,15.5
282,0.12,-0.32,0.95,2.91,-17.26,14.53
283,0.11,-0.32,0.93,4.08,-11.43,11.31
284,0.11,-0.31,0.95,3.66,-10.34,10.81
285,0.08,-0.32,0.94,3.67,-9.06,10.47
286,0.08,-0.3,0.93,3.05,-6.97,11.62
287,0.06,-0.3,0.94,2.66,-6.63,11.51
288,0.04,-0.3,0.94,2.48,-6.32,12.37
289,0.02,-0.31,0.93,2.24,-6.85,12.81
290,0.0,-0.3,0.92,1.95,-8.97,13.66
291,0.0,-0.32,0.92,2.79,-14.39,11.95
292,0.02,-0.32,0.93,4.64,-18.95,9.63
293,0.03,-0.33,0.96,7.01,-22.63,6.79
294,0.05,-0.32,0.95,8.92,-23.02,6.14
295,0.08,-0.32,0.94,8.68,-22.22,6.74
296,0.09,-0.32,0.94,7.89,-18.59,8.62
297,0.08,-0.33,0.96,7.89,-16.56,9.69
298,0.08,-0.34,0.95,7.69,-14.8,8.88
299,0.09,-0.33,0.96,7.3,-12.09,9.84
300,0.07,-0.32,0.96,8.15,-12.52,8.66
301,0.09,-0.32,0.96,10.12,-14.0,8.35
302,0.09,-0.32,0.95,10.95,-12.6,9.01
303,0.11,-0.32,0.95,11.87,-12.42,8.32
304,0.13,-0.3,0.94,12.76,-12.8,7.3
305,0.13,-0.29,0.94,12.03,-11.6,5.8
306,0.15,-0.28,0.93,12.33,-8.27,5.29
307,0.13,-0.27,0.93,11.52,-5.21,5.3
308,0.11,-0.26,0.93,10.56,-4.35,4.63
309,0.1,-0.27,0.91,8.06,-3.05,5.13
310,0.1,-0.28,0.91,6.45,-2.64,6.39
311,0.08,-0.3,0.93,6.64,-3.59,7.01
312,0.09,-0.29,0.94,7.53,-5.57,6.37
313,0.11,-0.28,0.94,8.53,-8.83,4.47
314,0.1,-0.29,0.94,9.84,-9.99,-0.11
315,0.09,-0.31,0.95,13.87,-14.37,-4.63
316,0.08,-0.32,0.96,18.98,-21.18,-10.5
317,0.11,-0.3,0.96,22.87,-26.43,-14.02
318,0.13,-0.27,0.94,24.57,-29.14,-16.89
319,0.14,-0.25,0.95,25.49,-30.79,-18.38
320,0.16,-0.23,0.94,25.02,-28.78,-16.57
321,0.19,-0.2,0.93,22.21,-24.27,-14.72
322,0.22,-0.19,0.93,18.08,-17.66,-11.34
323,0.21,-0.2,0.93,16.38,-12.42,-9.16
324,0.22,-0.17,0.92,13.99,-9.68,-8.34
325,0.2,-0.18,0.92,11.87,-6.29,-9.91
326,0.18,-0.18,0.94,10.58,-7.64,-11.33
327,0.18,-0.2,0.94,9.7,-7.8,-12.43
328,0.18,-0.2,0.94,8.82,-6.37,-11.87
329,0.18,-0.19,0.93,7.07,-6.47,-11.76
330,0.18,-0.2,0.93,4.24,-6.03,-10.98
331,0.17,-0.21,0.94,2.94,-5.26,-11.31
332,0.17,-0.22,0.95,3.03,-5.08,-11.37
333,0.18,-0.22,0.95,3.14,-4.89,-12.82
334,0.2,-0.22,0.96,1.92,0.27,-11.05
335,0.18,-0.23,0.96,1.92,4.04,-9.66
336,0.17,-0.21,0.95,1.27,5.82,-8.56
337,0.16,-0.2,0.95,-0.75,8.05,-8.35
338,0.13,-0.21,0.96,-1.37,9.27,-8.42
339,0.11,-0.22,0.96,-1.37,6.52,-8.67
340,0.12,-0.21,0.97,-1.92,5.29,-8.63
341,0.12,-0.22,0.97,-2.27,4.97,-7.75
342,0.15,-0.22,0.97,-2.7,8.92,-5.51
343,0.14,-0.22,0.99,-2.87,11.78,-3.63
344,0.11,-0.23,0.98,-1.19,11.44,-4.09
345,0.09,-0.25,0.97,-2.05,7.78,-4.73
346,0.09,-0.24,0.99,0.3,5.05,-7.89
347,0.08,-0.23,0.98,1.89,3.56,-9.02
348,0.08,-0.23,0.97,2.66,0.08,-10.52
349,0.09,-0.22,0.97,3.31,-0.5,-10.3
350,0.09,-0.22,0.97,3.2,0.4,-10.18
351,0.1,-0.23,0.96,3.34,0.6,-8.42
352,0.09,-0.22,0.97,4.44,0.96,-7.14
353,0.09,-0.22,0.97,4.96,-0.08,-7.51
354,0.11,-0.22,0.96,5.46,-0.69,-6.95
355,0.13,-0.21,0.97,7.36,-0.26,-7.69
356,0.13,-0.2,0.98,8.21,-1.15,-9.75
357,0.14,-0.2,0.96,10.5,-0.31,-11.54
358,0.15,-0.19,0.95,11.7,0.0,-12.7
359,0.14,-0.17,0.95,10.87,0.79,-13.68
360,0.14,-0.16,0.94,8.77,2.63,-12.33
361,0.13,-0.17,0.95,6.75,3.91,-10.4
362,0.13,-0.17,0.95,4.69,6.21,-7.79
363,0.12,-0.18,0.95,2.17,8.09,-6.08
364,0.11,-0.18,0.96,0.94,9.33,-5.05
365,0.09,-0.21,0.97,0.31,9.15,-4.33
366,0.08,-0.22,0.98,1.54,10.14,-3.02
367,0.07,-0.23,1.0,3.63,9.06,-3.18
368,0.11,-0.25,1.02,10.32,8.63,-5.34
369,0.08,-0.22,1.01,13.46,5.87,-8.09
370,0.09,-0.23,1.0,14.61,5.88,-7.73
371,0.07,-0.21,1.0,15.37,5.58,-7.27
372,0.06,-0.19,0.98,15.27,5.21,-5.68
373,0.07,-0.15,0.97,14.07,5.76,-3.85
374,0.07,-0.13,0.96,11.31,2.97,-2.53
375,0.07,-0.13,0.96,8.15,3.76,-2.08
376,0.06,-0.13,0.96,5.61,3.69,-0.92
377,0.07,-0.15,0.97,4.42,1.18,-1.31
378,0.08,-0.16,0.98,2.05,1.65,-0.04
379,0.07,-0.17,0.98,1.47,4.99,4.04
380,0.06,-0.18,1.0,5.83,8.62,6.16
381,0.05,-0.19,0.99,5.24,3.66,5.18
382,0.08,-0.18,0.99,5.3,6.26,7.9
383,0.08,-0.19,0.99,6.37,6.93,5.65
384,0.08,-0.2,0.98,6.56,7.16,2.82
385,0.09,-0.18,0.97,6.12,6.78,2.82
386,0.1,-0.16,0.94,6.27,8.61,1.14
387,0.15,-0.1,0.95,6.41,13.06,-2.0
388,0.1,-0.12,0.94,0.83,16.13,-4.2
389,0.08,-0.13,0.93,-4.7,18.32,-8.93
390,0.07,-0.12,0.93,-8.7,24.75,-8.21
391,0.07,-0.16,0.96,-5.91,23.53,-4.81
392,0.08,-0.15,0.95,-5.21,20.08,-0.45
393,0.29,-0.2,0.88,14.91,31.99,30.24
394,0.01,-0.09,0.96,-12.91,20.75,6.98
395,-0.05,-0.22,0.88,-7.56,16.36,10.38
396,0.01,-0.16,0.99,-18.54,14.98,14.54
397,0.04,-0.2,1.01,-13.79,16.14,18.62
398,0.0,-0.25,0.98,-4.91,9.97,22.92
399,0.01,-0.23,1.01,-9.23,12.98,21.53
