,accel_x,accel_y,accel_z,gyro_x,gyro_y,gyro_z
0,0.04,-0.07,0.98,-1.26,-9.66,-0.79
1,0.07,-0.08,0.99,-1.82,-8.02,1.25
2,0.07,-0.08,0.98,-2.63,-6.02,2.39
3,0.09,-0.08,0.99,-3.67,-3.89,3.41
4,0.09,-0.08,1.0,-4.24,-2.39,3.5
5,0.09,-0.07,1.01,-3.75,-2.25,2.42
6,0.08,-0.07,1.01,-2.44,-4.27,1.6
7,0.07,-0.07,1.0,-0.37,-6.44,0.52
8,0.08,-0.07,1.0,1.32,-7.5,-0.48
9,0.11,-0.06,0.98,1.55,-6.24,-0.27
10,0.1,-0.05,0.98,0.15,-3.72,-0.69
11,0.1,-0.04,0.96,-1.89,-1.05,-0.21
12,0.09,-0.06,0.96,-4.08,1.77,0.79
13,0.07,-0.05,0.97,-4.89,3.07,1.66
14,0.06,-0.05,0.97,-4.92,3.18,2.05
15,0.07,-0.05,0.96,-5.05,2.61,1.52
16,0.05,-0.05,0.95,-4.68,0.09,0.86
17,0.04,-0.05,0.95,-4.82,-2.44,1.15
18,0.06,-0.06,0.96,-4.85,-3.74,1.63
19,0.08,-0.05,0.96,-6.15,-1.91,2.86
20,0.09,-0.06,0.96,-6.84,-0.78,3.38
21,0.09,-0.07,0.98,-7.35,-1.37,3.85
22,0.09,-0.07,0.99,-7.5,-1.15,3.59
23,0.09,-0.08,1.0,-6.59,-0.92,3.49
24,0.1,-0.08,1.0,-6.14,0.15,2.89
25,0.1,-0.09,1.01,-5.21,-0.11,1.0
26,0.1,-0.08,1.02,-3.98,-1.53,-0.14
27,0.1,-0.09,1.01,-2.32,-3.17,-1.27
28,0.11,-0.08,1.01,-1.91,-2.81,-3.05
29,0.11,-0.09,1.02,-1.53,-1.98,-3.82
30,0.09,-0.09,1.03,-1.18,-0.5,-4.53
31,0.08,-0.1,1.03,-0.63,0.13,-4.89
32,0.06,-0.1,1.02,0.44,-0.15,-5.47
33,0.05,-0.1,1.02,2.04,-0.73,-6.43
34,0.04,-0.09,1.01,3.08,-2.08,-7.02
35,0.05,-0.09,1.0,4.51,-4.31,-6.67
36,0.05,-0.07,0.99,4.44,-5.3,-6.05
37,0.06,-0.06,0.98,3.9,-5.8,-5.39
38,0.09,-0.05,0.98,2.68,-4.66,-5.15
39,0.06,-0.06,0.98,1.61,-2.6,-4.64
40,0.04,-0.06,0.97,0.27,-2.23,-3.27
41,0.03,-0.06,0.98,-0.74,-2.12,-2.05
42,0.02,-0.06,0.97,-1.48,-1.82,0.27
43,0.04,-0.06,0.96,-2.97,-0.63,2.82
44,0.04,-0.05,0.97,-4.75,-0.15,4.68
45,0.05,-0.05,0.98,-5.86,0.37,6.24
46,0.07,-0.06,0.98,-6.63,0.36,6.15
47,0.08,-0.06,1.0,-6.03,-0.56,4.78
48,0.08,-0.07,1.01,-5.37,-1.33,4.01
49,0.12,-0.07,1.01,-4.68,-1.47,3.1
50,0.1,-0.07,1.01,-3.05,-1.01,1.71
51,0.11,-0.07,1.01,-1.53,-2.31,0.01
52,0.09,-0.07,1.0,-0.67,-3.08,-1.75
53,0.09,-0.06,1.01,1.01,-3.65,-3.32
54,0.1,-0.05,1.0,1.89,-3.55,-4.75
55,0.09,-0.05,0.99,2.1,-3.09,-5.31
56,0.08,-0.05,0.98,1.79,-2.5,-4.6
57,0.08,-0.04,0.96,-0.33,-1.22,-3.98
58,0.07,-0.05,0.97,-2.6,0.02,-2.28
59,0.05,-0.04,0.98,-4.27,0.81,-0.79
60,0.06,-0.05,0.99,-5.57,1.24,0.27
61,0.05,-0.05,1.0,-6.06,1.52,1.32
62,0.06,-0.06,1.0,-5.6,1.24,1.77
63,0.07,-0.06,1.01,-4.2,0.33,1.16
64,0.08,-0.06,1.01,-3.47,0.07,0.59
65,0.08,-0.07,1.01,-2.87,-0.55,-0.18
66,0.09,-0.07,1.02,-2.73,-1.48,-1.4
67,0.08,-0.07,1.01,-1.66,-2.44,-1.71
68,0.05,-0.07,1.01,-0.93,-2.77,-1.68
69,0.07,-0.08,1.0,-1.08,-2.34,-1.02
70,0.06,-0.07,1.0,-1.13,-0.95,-0.21
71,0.07,-0.07,0.99,-2.11,-0.6,0.72
72,0.07,-0.07,0.99,-2.31,0.01,1.12
73,0.07,-0.07,0.99,-2.77,0.47,1.81
74,0.07,-0.07,1.0,-3.24,0.45,1.5
75,0.07,-0.07,1.01,-2.33,0.03,1.63
76,0.07,-0.07,1.01,-1.25,0.23,2.13
77,0.08,-0.07,1.01,-0.66,0.6,1.75
78,0.07,-0.07,1.01,0.77,0.6,1.28
79,0.08,-0.05,0.99,1.85,-0.63,-0.31
80,0.07,-0.05,0.98,2.05,-1.1,-1.36
81,0.07,-0.05,0.98,1.28,-0.36,-1.63
82,0.07,-0.05,0.97,0.26,0.79,-1.11
83,0.08,-0.05,0.99,-0.25,1.93,-0.64
84,0.08,-0.05,0.99,-0.91,2.87,-0.68
85,0.07,-0.06,0.99,-0.5,3.19,-0.77
86,0.08,-0.05,0.99,0.16,3.56,-1.35
87,0.08,-0.05,0.99,1.09,3.92,-2.65
88,0.09,-0.05,0.98,2.71,3.64,-3.75
89,0.07,-0.05,0.98,3.43,3.31,-4.95
90,0.06,-0.05,0.96,3.51,2.94,-4.63
91,0.05,-0.05,0.96,3.47,2.69,-4.23
92,0.05,-0.05,0.96,3.53,4.15,-3.57
93,0.04,-0.05,0.95,2.0,4.82,-2.98
94,0.04,-0.05,0.95,0.87,4.79,-2.76
95,0.03,-0.04,0.95,0.84,3.31,-2.63
96,0.03,-0.05,0.96,0.85,2.27,-1.85
97,0.03,-0.05,0.97,0.37,2.02,-1.19
98,0.04,-0.05,0.97,0.05,0.56,-1.29
99,0.04,-0.05,0.98,-0.22,-0.24,-1.62
100,0.03,-0.05,0.98,-0.72,-0.73,-1.22
101,0.05,-0.04,0.99,-1.29,-1.14,-0.63
102,0.07,-0.04,1.01,-1.66,-0.14,0.06
103,0.08,-0.04,1.01,-2.1,-0.45,-0.37
104,0.07,-0.04,1.0,-2.54,-0.79,-1.05
105,0.07,-0.04,1.0,-3.04,-1.87,-1.17
106,0.07,-0.05,1.01,-3.15,-2.67,-2.11
107,0.07,-0.05,1.03,-2.87,-3.92,-3.01
108,0.07,-0.06,1.04,-1.6,-4.82,-3.51
109,0.09,-0.06,1.03,-0.15,-4.64,-3.26
110,0.09,-0.05,1.04,0.21,-4.22,-3.73
111,0.08,-0.05,1.02,0.4,-2.92,-3.47
112,0.07,-0.05,1.02,-0.02,-1.89,-2.6
113,0.07,-0.06,1.04,0.75,-1.68,-2.28
114,0.07,-0.07,1.05,2.01,-0.89,-1.55
115,0.08,-0.07,1.03,3.28,-1.02,-1.3
116,0.08,-0.06,1.02,3.78,-0.18,-1.38
117,0.08,-0.05,1.0,3.73,0.36,-1.59
118,0.06,-0.03,0.98,3.23,-0.7,-1.67
119,0.07,-0.03,0.98,2.34,-1.03,-2.69
120,0.07,-0.03,0.98,1.99,-1.14,-3.35
121,0.07,-0.03,0.99,2.26,-0.77,-3.5
122,0.06,-0.06,1.01,2.98,0.92,-2.93
123,0.06,-0.05,1.0,4.08,0.66,-4.47
124,0.06,-0.04,0.97,4.41,0.08,-5.31
125,0.04,-0.03,0.98,4.86,-0.95,-6.07
126,0.05,-0.03,0.97,5.21,-1.98,-5.09
127,0.05,-0.02,0.96,4.24,-1.95,-5.24
128,0.05,-0.03,0.96,4.53,-2.04,-5.08
129,0.06,-0.03,0.97,4.21,-3.07,-4.24
130,0.07,-0.02,0.95,3.66,-3.3,-3.95
131,0.09,-0.03,0.94,2.69,-4.32,-4.23
132,0.11,-0.02,0.94,1.37,-4.53,-4.17
133,0.11,-0.02,0.95,-0.62,-5.11,-4.37
134,0.12,-0.02,0.95,-2.27,-4.72,-3.26
135,0.16,-0.05,0.95,-2.89,-3.5,-1.29
136,0.19,-0.06,0.94,-3.49,-3.5,-1.21
137,0.22,-0.06,0.92,-3.95,-5.18,-1.5
138,0.26,-0.06,0.93,-6.13,-7.06,-0.9
139,0.31,-0.04,0.91,-9.02,-7.94,-0.54
140,0.36,-0.06,0.94,-11.26,-7.57,-0.91
141,0.41,-0.05,0.94,-11.98,-10.86,-1.86
142,0.48,-0.05,0.94,-13.63,-16.58,-5.05
143,0.55,-0.04,0.93,-15.82,-21.92,-7.89
144,0.65,-0.03,0.94,-19.05,-25.69,-12.37
145,0.74,-0.01,0.95,-24.08,-27.04,-16.88
146,0.86,0.0,0.96,-30.44,-24.2,-22.91
147,0.92,0.0,1.0,-37.05,-18.4,-30.08
148,0.95,-0.03,1.05,-40.79,-11.0,-39.27
149,0.98,-0.06,1.09,-43.88,-3.62,-47.16
150,0.97,-0.11,1.11,-44.83,1.26,-56.36
151,0.97,-0.16,1.16,-42.95,5.82,-65.32
152,0.97,-0.23,1.18,-33.63,8.98,-74.74
153,0.99,-0.25,1.22,-27.73,7.14,-88.49
154,1.0,-0.28,1.21,-22.18,1.11,-105.38
155,0.97,-0.33,1.21,-16.4,-4.48,-123.24
156,0.92,-0.37,1.22,-9.27,-9.76,-139.33
157,0.83,-0.4,1.23,-0.86,-14.05,-150.77
158,0.76,-0.42,1.24,8.66,-17.66,-158.16
159,0.7,-0.45,1.28,20.31,-20.02,-159.46
160,0.61,-0.42,1.2,32.01,-24.55,-160.15
161,0.6,-0.37,1.12,36.79,-26.61,-157.91
162,0.59,-0.31,1.04,35.24,-27.47,-156.87
163,0.53,-0.25,0.9,25.15,-26.05,-158.12
164,0.56,-0.23,0.89,14.37,-17.99,-153.98
165,0.57,-0.23,0.87,-1.15,-1.03,-149.17
166,0.58,-0.22,0.81,-18.07,18.43,-147.68
167,0.6,-0.2,0.77,-38.44,45.08,-149.87
168,0.55,-0.23,0.77,-54.13,66.5,-153.48
169,0.44,-0.3,0.77,-61.96,83.2,-159.28
170,0.27,-0.4,0.85,-61.44,86.09,-165.66
171,0.09,-0.51,0.91,-48.69,72.17,-177.15
172,-0.11,-0.6,0.92,-27.76,42.63,-191.05
173,-0.21,-0.62,0.88,-8.01,9.31,-205.77
174,-0.32,-0.62,0.85,2.02,-16.84,-213.54
175,-0.37,-0.6,0.79,0.85,-22.6,-210.71
176,-0.44,-0.58,0.75,-10.19,-9.34,-199.84
177,-0.53,-0.59,0.74,-26.95,16.67,-177.79
178,-0.63,-0.62,0.74,-42.34,51.76,-149.52
179,-0.75,-0.65,0.74,-56.89,81.87,-122.08
180,-0.85,-0.66,0.76,-65.11,92.39,-102.95
181,-0.95,-0.66,0.8,-65.92,83.35,-93.02
182,-0.96,-0.65,0.88,-58.11,59.95,-88.05
183,-0.9,-0.62,0.93,-49.45,37.84,-86.86
184,-0.8,-0.59,0.96,-42.8,24.57,-87.11
185,-0.73,-0.57,1.01,-39.15,22.53,-84.47
186,-0.69,-0.55,1.04,-36.59,28.78,-78.89
187,-0.69,-0.51,1.04,-32.79,35.65,-70.62
188,-0.67,-0.47,1.05,-29.06,38.86,-59.97
189,-0.6,-0.42,1.03,-25.68,41.16,-51.02
190,-0.54,-0.36,1.04,-23.41,45.04,-42.56
191,-0.47,-0.33,1.04,-18.94,48.78,-38.82
192,-0.44,-0.32,1.03,-11.63,53.47,-34.66
193,-0.44,-0.28,0.98,-8.0,57.15,-32.08
194,-0.45,-0.26,0.94,-4.56,60.16,-26.55
195,-0.47,-0.23,0.92,-2.79,59.6,-21.79
196,-0.46,-0.21,0.86,-1.02,55.24,-17.06
197,-0.44,-0.17,0.85,-1.63,46.18,-15.34
198,-0.42,-0.17,0.87,-1.44,37.24,-13.55
199,-0.42,-0.18,0.9,2.58,24.54,-14.21
200,-0.39,-0.19,0.93,6.25,14.71,-11.53
201,-0.35,-0.18,0.95,9.29,8.64,-9.12
202,-0.3,-0.16,0.95,10.73,5.57,-5.95
203,-0.25,-0.13,0.94,10.73,4.69,-3.87
204,-0.22,-0.13,0.94,9.34,5.77,-3.08
205,-0.21,-0.12,0.94,8.44,6.77,-3.22
206,-0.21,-0.12,0.93,7.52,5.79,-1.7
207,-0.2,-0.12,0.94,6.52,4.19,0.12
208,-0.18,-0.13,0.95,7.22,3.59,0.51
209,-0.17,-0.14,0.95,8.89,3.65,0.34
210,-0.18,-0.14,0.95,9.97,5.04,0.82
211,-0.18,-0.14,0.94,11.66,6.02,0.8
212,-0.2,-0.14,0.89,12.75,7.11,0.11
213,-0.25,-0.13,0.86,13.34,5.49,0.6
214,-0.27,-0.13,0.84,11.66,-0.09,2.37
215,-0.26,-0.14,0.84,8.77,-4.25,6.11
216,-0.24,-0.15,0.87,6.52,-5.77,9.72
217,-0.21,-0.16,0.89,4.59,-3.56,12.43
218,-0.19,-0.16,0.9,4.49,-0.52,13.38
219,-0.19,-0.15,0.88,4.14,1.06,12.73
220,-0.22,-0.14,0.87,2.69,-1.86,11.78
221,-0.23,-0.15,0.87,2.53,-7.56,9.99
222,-0.23,-0.16,0.87,3.4,-13.32,9.48
223,-0.22,-0.17,0.86,2.62,-17.11,9.75
224,-0.23,-0.17,0.86,0.22,-17.43,11.72
225,-0.22,-0.17,0.87,-1.15,-16.94,13.92
226,-0.24,-0.16,0.88,-3.28,-17.53,17.71
227,-0.22,-0.16,0.88,-6.02,-18.82,21.71
228,-0.21,-0.15,0.9,-7.08,-20.18,25.43
229,-0.17,-0.15,0.92,-8.4,-21.06,28.03
230,-0.14,-0.16,0.94,-9.02,-18.93,29.11
231,-0.1,-0.16,0.97,-8.85,-15.23,29.98
232,-0.09,-0.16,0.98,-6.24,-11.97,30.71
233,-0.11,-0.15,0.96,-3.83,-9.33,29.31
234,-0.14,-0.13,0.93,-3.08,-10.56,28.44
235,-0.16,-0.13,0.91,-3.02,-14.69,27.6
236,-0.17,-0.13,0.91,-3.0,-20.65,28.48
237,-0.15,-0.13,0.92,-4.73,-26.26,29.89
238,-0.12,-0.14,0.92,-6.95,-26.76,32.77
239,-0.08,-0.15,0.96,-8.2,-24.35,32.99
240,-0.04,-0.16,0.96,-8.84,-20.29,33.83
241,-0.05,-0.16,0.96,-9.44,-15.47,33.89
242,-0.07,-0.15,0.96,-9.58,-13.57,34.08
243,-0.09,-0.17,0.96,-8.53,-13.63,34.42
244,-0.12,-0.17,0.95,-7.2,-16.92,35.05
245,-0.11,-0.17,0.95,-7.69,-19.64,36.5
246,-0.12,-0.16,0.95,-7.94,-20.36,38.15
247,-0.11,-0.16,0.94,-8.69,-20.76,39.73
248,-0.11,-0.16,0.94,-10.81,-21.08,42.37
249,-0.09,-0.16,0.93,-13.27,-22.14,44.85
250,-0.07,-0.18,0.93,-15.6,-23.05,46.15
251,-0.05,-0.17,0.95,-18.6,-25.98,47.02
252,-0.03,-0.19,0.96,-20.86,-27.85,47.44
253,0.01,-0.2,1.0,-21.41,-28.63,45.75
254,0.02,-0.22,1.03,-18.7,-25.7,43.67
255,0.03,-0.22,1.04,-14.03,-22.55,42.4
256,0.02,-0.22,1.04,-9.45,-20.22,42.23
257,0.01,-0.2,1.01,-6.34,-19.74,42.16
258,0.02,-0.19,1.0,-5.05,-19.95,41.21
259,0.03,-0.21,0.98,-4.89,-19.11,40.84
260,0.03,-0.19,0.99,-5.03,-17.99,40.21
261,0.04,-0.19,0.99,-6.35,-20.2,39.76
262,0.03,-0.19,0.99,-5.81,-18.69,39.71
263,0.02,-0.17,0.99,-3.47,-19.63,38.72
264,0.02,-0.16,0.95,-2.24,-22.65,36.48
265,0.01,-0.15,0.94,-1.61,-26.97,34.57
266,-0.0,-0.15,0.94,-2.02,-32.34,33.89
267,0.02,-0.15,0.94,-4.4,-36.52,35.11
268,0.06,-0.15,0.96,-7.33,-35.88,37.16
269,0.11,-0.15,0.97,-10.47,-32.23,39.48
270,0.15,-0.16,1.0,-12.87,-25.52,41.57
271,0.16,-0.16,1.02,-13.48,-18.08,41.8
272,0.16,-0.17,1.03,-12.89,-10.55,39.72
273,0.12,-0.17,1.03,-10.93,-6.52,38.17
274,0.07,-0.18,1.03,-7.69,-6.95,36.02
275,0.02,-0.18,1.03,-3.28,-13.89,33.98
276,0.01,-0.19,1.01,0.94,-20.73,32.54
277,0.04,-0.17,1.01,3.2,-24.35,32.66
278,0.08,-0.16,0.98,3.85,-25.2,31.72
279,0.09,-0.16,0.98,3.44,-22.51,31.38
280,0.08,-0.16,0.98,2.72,-20.48,31.34
281,0.07,-0.16,0.98,2.78,-19.98,31.47
282,0.07,-0.16,0.98,3.55,-20.73,32.21
283,0.09,-0.16,0.98,3.66,-19.77,32.53
284,0.09,-0.16,0.97,2.73,-18.94,33.34
285,0.11,-0.15,0.97,1.98,-16.66,34.2
286,0.1,-0.14,0.98,0.63,-14.76,35.02
287,0.11,-0.15,0.98,0.08,-12.38,35.69
288,0.11,-0.15,1.0,0.95,-9.2,35.19
289,0.06,-0.15,0.96,3.16,-11.0,34.11
290,0.05,-0.14,0.94,4.47,-15.5,32.4
291,0.06,-0.14,0.92,3.31,-20.51,31.09
292,0.07,-0.15,0.94,1.4,-24.24,31.34
293,0.1,-0.16,0.95,-1.66,-24.11,33.56
294,0.13,-0.18,0.99,-4.02,-20.59,35.57
295,0.15,-0.18,1.01,-4.4,-15.05,36.85
296,0.14,-0.19,1.03,-2.89,-10.19,37.85
297,0.13,-0.18,1.04,0.52,-8.54,37.22
298,0.11,-0.18,1.02,4.02,-9.79,35.32
299,0.1,-0.17,0.98,5.87,-13.05,32.64
300,0.1,-0.16,0.98,6.75,-16.21,31.29
301,0.07,-0.16,0.98,5.32,-18.69,32.34
302,0.11,-0.17,1.0,3.6,-17.67,34.44
303,0.15,-0.17,1.01,2.02,-13.44,36.68
304,0.15,-0.17,1.02,1.47,-9.15,36.48
305,0.13,-0.16,1.03,3.53,-9.16,35.56
306,0.12,-0.15,1.01,7.62,-11.47,33.48
307,0.11,-0.14,0.97,10.27,-15.15,30.45
308,0.12,-0.13,0.95,10.54,-18.37,28.17
309,0.11,-0.12,0.95,10.39,-21.21,27.09
310,0.11,-0.12,0.95,8.29,-23.67,27.49
311,0.13,-0.13,0.96,5.13,-23.11,30.05
312,0.17,-0.14,0.98,3.22,-19.55,31.59
313,0.19,-0.15,0.99,1.89,-12.56,33.76
314,0.18,-0.16,0.99,2.72,-4.86,35.13
315,0.14,-0.16,0.98,3.85,-1.21,35.82
316,0.1,-0.16,0.95,5.6,-0.85,35.4
317,0.06,-0.16,0.94,7.37,-4.92,34.37
318,0.04,-0.15,0.91,7.88,-11.4,34.5
319,0.07,-0.14,0.9,5.4,-17.91,35.53
320,0.12,-0.13,0.92,1.31,-20.6,35.89
321,0.16,-0.14,0.94,-2.33,-19.53,36.5
322,0.19,-0.15,0.97,-5.11,-15.01,37.82
323,0.19,-0.16,1.0,-5.41,-9.64,38.89
324,0.16,-0.17,1.02,-4.11,-6.28,39.26
325,0.15,-0.17,1.04,-0.44,-6.44,38.28
326,0.15,-0.17,1.03,4.07,-7.52,37.1
327,0.14,-0.16,1.0,7.08,-8.6,36.11
328,0.14,-0.15,0.99,7.31,-7.73,36.16
329,0.15,-0.13,0.98,5.75,-6.26,38.26
330,0.16,-0.12,0.96,2.85,-4.93,39.83
331,0.17,-0.12,0.97,0.31,-3.43,40.66
332,0.19,-0.12,0.98,-1.59,-1.18,39.76
333,0.18,-0.13,1.01,-1.25,0.36,38.31
334,0.16,-0.13,1.0,0.32,-1.13,36.07
335,0.14,-0.14,1.0,2.92,-3.76,34.53
336,0.15,-0.13,0.99,5.18,-5.66,33.11
337,0.15,-0.13,0.99,7.31,-5.76,31.67
338,0.15,-0.12,0.97,9.18,-5.18,32.37
339,0.17,-0.12,0.97,7.35,-4.36,33.1
340,0.19,-0.12,0.97,6.25,-0.88,33.51
341,0.17,-0.11,0.97,5.85,2.33,33.73
342,0.14,-0.12,0.94,7.57,3.1,33.03
343,0.13,-0.13,0.92,7.87,2.15,32.47
344,0.1,-0.11,0.91,7.16,-0.87,31.63
345,0.08,-0.11,0.88,5.88,-4.74,30.21
346,0.08,-0.12,0.88,2.47,-6.31,31.2
347,0.08,-0.12,0.9,-0.6,-5.21,33.37
348,0.08,-0.12,0.93,-3.74,-2.72,36.67
349,0.08,-0.11,0.95,-6.25,-0.53,40.23
350,0.1,-0.11,0.96,-6.18,-1.12,41.98
351,0.12,-0.1,0.97,-7.85,-1.24,41.94
352,0.13,-0.11,0.97,-7.25,-3.38,39.77
353,0.15,-0.11,1.0,-4.28,-5.68,36.47
354,0.15,-0.12,1.0,-2.79,-7.33,34.19
355,0.17,-0.11,1.01,-1.54,-7.53,33.01
356,0.17,-0.12,1.01,-0.21,-5.44,31.44
357,0.16,-0.12,1.02,1.11,-4.11,30.36
358,0.17,-0.11,1.02,3.15,-3.1,29.61
359,0.18,-0.11,1.01,4.8,-1.32,29.0
360,0.18,-0.1,1.0,5.4,0.63,27.53
361,0.16,-0.1,0.99,5.86,0.3,25.86
362,0.14,-0.1,0.97,6.52,-2.16,24.47
363,0.15,-0.09,0.97,5.54,-2.86,24.1
364,0.15,-0.1,0.96,3.73,-2.6,23.95
365,0.15,-0.1,0.97,2.2,-1.77,23.8
366,0.16,-0.1,0.97,0.95,-1.42,23.88
367,0.16,-0.11,0.99,-0.36,-1.82,23.56
368,0.18,-0.12,1.02,0.07,-1.19,23.34
369,0.18,-0.13,1.04,1.78,-0.91,23.08
370,0.2,-0.12,1.03,3.24,1.19,23.67
371,0.2,-0.13,1.03,5.81,4.48,23.63
372,0.21,-0.13,1.05,5.95,6.92,22.27
373,0.18,-0.11,1.02,8.03,7.92,20.07
374,0.15,-0.11,1.0,8.53,5.42,16.86
375,0.14,-0.11,1.0,10.72,1.31,14.24
376,0.13,-0.11,0.98,11.47,-1.79,11.87
377,0.13,-0.11,0.99,11.75,-3.11,11.0
378,0.12,-0.11,0.97,10.08,-2.94,11.25
379,0.13,-0.1,0.97,8.36,-2.46,12.25
380,0.12,-0.1,0.98,7.06,-1.19,13.05
381,0.12,-0.1,0.99,5.66,0.83,15.38
382,0.11,-0.1,0.99,4.4,2.82,17.57
383,0.12,-0.1,0.97,3.44,3.5,18.53
384,0.1,-0.1,0.97,3.31,2.22,18.64
385,0.12,-0.09,0.96,2.69,0.68,18.55
386,0.13,-0.09,0.95,2.5,-0.5,17.57
387,0.13,-0.09,0.97,2.19,-2.11,15.34
388,0.13,-0.09,0.97,2.76,-4.94,13.19
389,0.14,-0.09,0.97,3.06,-6.96,10.66
390,0.14,-0.11,0.98,4.05,-7.52,8.85
391,0.12,-0.1,0.99,4.86,-8.11,9.56
392,0.12,-0.1,0.99,5.24,-6.97,9.91
393,0.15,-0.08,0.97,4.44,-4.64,9.87
394,0.11,-0.08,0.97,4.56,-4.47,10.6
395,0.12,-0.07,0.95,4.01,-5.48,10.85
396,0.15,-0.06,0.95,2.39,-3.57,10.98
397,0.14,-0.06,0.94,2.07,-2.84,9.24
398,0.11,-0.06,0.94,1.98,-4.78,7.27
399,0.11,-0.07,0.94,1.88,-8.36,5.93
400,0.14,-0.06,0.94,1.13,-9.66,5.47
