,accel_x,accel_y,accel_z,gyro_x,gyro_y,gyro_z
0,-0.05,-0.11,0.99,-3.39,-3.97,-2.6
1,-0.05,-0.11,0.99,-1.15,-5.24,-1.64
2,-0.05,-0.09,0.99,-0.76,-7.1,-0.57
3,-0.03,-0.09,0.98,-1.83,-4.46,-1.95
4,-0.03,-0.09,0.99,-2.31,-2.82,-2.91
5,-0.04,-0.1,0.99,-1.63,-2.68,-2.15
6,-0.04,-0.1,1.0,-1.01,-3.58,-1.02
7,-0.05,-0.12,0.99,-0.39,-3.19,-0.71
8,-0.04,-0.11,0.99,0.66,-4.73,-1.08
9,-0.03,-0.11,0.98,0.68,-3.06,-0.88
10,-0.02,-0.1,0.98,0.28,-2.35,-2.93
11,-0.01,-0.1,0.99,-0.15,-2.27,-5.08
12,-0.02,-0.1,0.98,-0.31,-0.21,-4.59
13,-0.05,-0.11,0.96,-1.42,1.7,-3.11
14,-0.05,-0.1,0.97,-1.35,-1.2,-3.13
15,-0.04,-0.1,0.98,-0.86,-2.69,-4.86
16,-0.03,-0.1,0.98,-1.55,-0.23,-4.01
17,-0.05,-0.1,0.98,-3.21,1.05,-2.68
18,-0.08,-0.12,0.99,-1.16,-2.66,-2.0
19,-0.06,-0.11,0.98,1.73,-6.95,-2.94
20,-0.03,-0.11,0.99,2.72,-6.21,-4.08
21,-0.03,-0.09,0.97,1.44,-3.71,-4.72
22,-0.0,-0.07,0.97,-0.63,-3.76,-3.5
23,-0.02,-0.08,0.97,-2.44,-1.25,-5.21
24,-0.03,-0.09,0.98,-3.9,2.03,-4.21
25,-0.05,-0.09,0.98,-4.62,2.21,-3.35
26,-0.06,-0.1,0.98,-4.89,1.73,-2.97
27,-0.06,-0.11,0.98,-3.54,-1.42,-2.68
28,-0.04,-0.11,0.98,-1.4,-0.93,-2.23
29,-0.04,-0.1,0.98,-1.19,-0.44,-2.47
30,-0.04,-0.08,0.97,-0.34,-3.02,-0.71
31,-0.05,-0.1,0.98,0.65,-6.21,0.73
32,-0.04,-0.08,0.96,-0.32,-5.77,1.46
33,-0.04,-0.1,0.97,-1.72,-4.34,0.56
34,-0.03,-0.09,0.97,-2.17,-3.68,-0.37
35,-0.01,-0.09,0.99,-1.76,-2.35,-1.56
36,-0.02,-0.1,0.99,-0.9,-1.18,-1.95
37,-0.03,-0.09,0.98,0.29,-2.46,-1.47
38,-0.03,-0.08,0.97,-0.59,-2.59,-1.68
39,-0.02,-0.08,0.97,-1.08,-2.47,-2.78
40,-0.02,-0.09,0.98,-0.03,-5.66,-3.79
41,-0.03,-0.1,0.98,0.69,-5.45,-3.05
42,-0.01,-0.09,0.98,0.13,-4.91,-1.85
43,-0.02,-0.09,0.98,1.02,-6.34,-1.42
44,-0.03,-0.08,0.97,1.34,-7.76,0.01
45,-0.03,-0.09,0.96,0.19,-6.05,1.34
46,-0.03,-0.08,0.97,-0.31,-6.18,1.5
47,-0.02,-0.08,0.98,0.37,-6.95,1.31
48,-0.01,-0.08,0.99,-0.14,-5.57,-0.33
49,-0.01,-0.09,0.99,0.85,-7.81,-0.77
50,-0.01,-0.09,0.99,3.05,-10.1,-1.82
51,0.0,-0.09,1.0,4.15,-10.58,-4.27
52,0.0,-0.09,1.0,7.57,-14.85,-5.37
53,0.01,-0.08,0.99,7.39,-13.75,-1.69
54,-0.01,-0.06,0.99,7.94,-15.0,-3.82
55,0.03,-0.07,0.99,7.4,-14.74,-0.44
56,-0.0,-0.05,0.97,4.79,-10.47,-3.66
57,0.03,-0.06,0.97,1.63,-7.0,-3.24
58,0.03,-0.05,0.98,0.34,-6.19,-1.31
59,0.01,-0.06,0.98,-1.34,-3.98,-2.58
60,-0.0,-0.07,0.99,-0.14,-6.71,-2.74
61,-0.03,-0.07,1.0,4.75,-15.42,0.37
62,-0.02,-0.11,1.0,11.08,-22.73,-4.71
63,0.02,-0.08,0.98,12.44,-19.38,2.5
64,0.02,-0.06,0.99,11.69,-24.02,1.63
65,-0.0,-0.07,0.99,15.89,-28.16,5.91
66,0.02,-0.08,0.97,16.89,-33.85,5.72
67,0.04,-0.04,0.99,13.14,-27.81,8.28
68,0.02,-0.05,0.98,10.11,-22.05,10.93
69,0.02,-0.05,0.98,6.58,-16.69,8.26
70,0.01,-0.07,0.99,3.92,-13.69,4.07
71,0.01,-0.08,0.98,3.56,-11.97,-0.06
72,0.03,-0.07,1.0,2.17,-7.92,0.02
73,0.02,-0.07,0.99,-0.44,-2.92,-2.16
74,0.02,-0.06,0.99,-2.29,0.85,-4.78
75,0.04,-0.06,0.99,-2.82,1.62,-3.46
76,0.01,-0.06,0.98,-3.08,2.37,-2.6
77,0.02,-0.06,0.99,-3.39,1.46,-2.21
78,0.01,-0.06,0.98,-3.23,1.11,-1.5
79,0.02,-0.05,0.98,-3.33,1.27,-0.6
80,0.01,-0.05,0.98,-2.72,0.45,3.29
81,-0.01,-0.05,0.98,-2.46,-3.95,4.72
82,0.0,-0.05,0.99,-0.93,-6.92,8.44
83,0.02,-0.06,0.98,0.26,-7.08,9.66
84,0.03,-0.04,0.98,0.25,-10.38,4.71
85,0.04,-0.04,1.0,2.44,-6.44,2.59
86,0.03,-0.05,0.98,0.56,-7.98,0.97
87,0.05,-0.04,0.99,-0.02,-6.43,-2.67
88,0.08,-0.03,0.99,0.0,-8.68,-3.12
89,0.09,-0.02,0.99,0.07,-7.63,-1.11
90,0.08,-0.02,0.98,-0.96,-6.66,-0.32
91,0.08,-0.02,0.98,-2.17,-6.6,0.37
92,0.05,-0.04,0.99,-2.82,-5.43,-0.51
93,0.05,-0.05,1.0,-2.39,-6.79,-0.76
94,0.06,-0.05,0.99,-2.22,-6.21,-1.66
95,0.08,-0.04,0.99,-2.27,-7.09,-3.66
96,0.1,-0.04,1.0,-2.62,-4.15,-3.96
97,0.09,-0.06,1.0,-0.46,-4.85,-2.72
98,0.08,-0.07,0.99,1.17,-6.43,-1.58
99,0.07,-0.06,0.99,1.99,-4.75,-2.05
100,0.07,-0.05,0.99,2.2,-5.7,-1.65
101,0.08,-0.04,0.98,1.73,-3.79,-2.25
102,0.08,-0.04,0.99,2.08,-4.8,-2.74
103,0.08,-0.04,0.99,2.76,-5.36,-3.98
104,0.09,-0.03,1.0,2.28,-5.18,-2.79
105,0.09,-0.02,0.99,0.93,-2.92,-3.84
106,0.11,-0.03,1.0,1.44,-4.32,-2.9
107,0.08,-0.04,0.99,1.21,-4.21,-3.45
108,0.09,-0.03,1.0,0.21,-2.47,-3.08
109,0.11,-0.05,1.0,-0.18,-2.37,-3.86
110,0.11,-0.06,1.02,0.45,-1.7,-7.05
111,0.11,-0.06,1.03,2.25,-0.87,-8.32
112,0.11,-0.05,1.03,3.93,-0.04,-10.79
113,0.11,-0.04,1.02,5.41,-0.26,-11.89
114,0.1,-0.03,1.0,6.27,-2.12,-10.99
115,0.12,-0.01,0.98,5.18,-1.79,-10.82
116,0.11,0.01,0.97,2.92,0.63,-10.47
117,0.08,0.01,0.97,0.31,3.26,-10.03
118,0.06,0.01,0.97,-0.95,2.42,-10.25
119,0.05,0.0,0.97,-1.23,1.74,-10.79
120,0.04,-0.01,0.97,-1.62,0.16,-10.75
121,0.07,0.0,0.98,-3.69,0.77,-9.49
122,0.03,-0.03,0.98,-4.53,0.83,-10.33
123,0.01,-0.02,0.97,-4.25,-1.78,-9.61
124,0.03,-0.03,0.99,-3.37,-4.21,-5.44
125,0.06,-0.05,0.99,-2.6,-5.66,-2.08
126,0.11,-0.06,0.99,-3.18,-3.7,-3.12
127,0.16,-0.08,0.99,-2.73,-2.78,-3.33
128,0.22,-0.09,0.98,-1.79,-4.07,0.44
129,0.3,-0.07,0.97,-4.37,-4.0,3.31
130,0.4,-0.03,0.98,-7.45,-5.93,4.76
131,0.55,0.02,1.01,-11.29,-7.78,2.83
132,0.74,0.07,1.06,-16.54,-12.17,-2.18
133,0.94,0.08,1.11,-18.34,-12.15,-2.0
134,1.14,0.07,1.2,-29.31,-8.04,-0.43
135,1.32,0.05,1.29,-34.18,0.56,-4.73
136,1.47,0.03,1.31,-33.67,22.5,-2.18
137,1.48,0.01,1.29,-27.18,43.17,-5.58
138,1.56,0.1,1.19,-21.66,47.66,-18.83
139,1.59,0.21,1.05,-17.99,56.72,-39.11
140,1.53,0.15,0.97,-13.02,59.63,-58.87
141,1.32,0.07,0.86,-4.06,52.55,-71.69
142,1.18,0.03,0.81,7.42,30.11,-73.64
143,1.14,0.07,0.67,18.69,14.5,-78.48
144,1.14,0.23,0.55,9.68,23.31,-64.82
145,1.19,0.37,0.34,-9.73,59.56,-53.74
146,1.33,0.43,0.19,-40.85,136.24,-39.9
147,1.21,0.3,0.01,-74.79,224.31,-23.96
148,0.68,-0.04,0.05,-115.9,250.13,-59.85
149,0.16,-0.38,0.25,-144.36,250.13,-65.75
150,-0.67,-0.94,0.47,-145.27,250.13,-31.53
151,-1.96,-1.58,0.79,-76.44,142.44,-76.5
152,-2.0,-1.72,0.95,42.99,-90.29,-214.9
153,-2.0,-1.37,0.92,127.12,-250.14,-250.14
154,-1.74,-0.97,0.91,144.68,-250.14,-250.14
155,-1.2,-0.75,1.2,75.4,-209.92,-250.14
156,-0.99,-1.03,1.59,-26.75,-46.05,-153.08
157,-1.43,-1.34,1.85,-85.52,91.1,-59.01
158,-1.81,-1.4,1.74,-54.45,127.85,1.34
159,-1.79,-1.13,1.5,2.47,91.96,2.56
160,-1.59,-0.74,1.09,51.54,60.05,7.46
161,-1.45,-0.34,0.75,73.78,21.43,-7.58
162,-1.16,0.01,0.53,66.93,-8.6,-25.1
163,-0.9,0.17,0.45,43.12,-13.24,-21.22
164,-0.72,0.17,0.53,22.02,-5.62,-8.65
165,-0.62,0.15,0.56,10.39,3.38,4.53
166,-0.55,0.12,0.58,4.66,7.37,11.69
167,-0.47,0.11,0.61,0.24,3.79,19.42
168,-0.39,0.1,0.64,4.42,-4.18,22.97
169,-0.31,0.08,0.68,8.08,-11.21,21.47
170,-0.23,0.09,0.68,8.05,-18.29,18.14
171,-0.2,0.08,0.72,5.96,-18.92,16.73
172,-0.16,0.04,0.77,3.42,-25.47,17.56
173,-0.13,0.01,0.81,-2.89,-25.64,12.84
174,-0.08,-0.02,0.87,-7.49,-23.27,11.51
175,-0.06,-0.05,0.9,-10.52,-20.87,7.61
176,-0.04,-0.1,0.97,-15.98,-17.4,4.85
177,-0.0,-0.13,1.0,-16.24,-16.66,9.88
178,-0.01,-0.15,1.04,-16.17,-15.93,9.82
179,0.02,-0.18,1.08,-11.7,-12.89,7.56
180,-0.0,-0.18,1.09,-5.19,-13.61,3.34
181,0.01,-0.18,1.09,0.26,-11.39,1.11
182,-0.01,-0.16,1.06,0.95,-2.9,-3.16
183,-0.03,-0.15,1.03,1.1,1.17,-4.12
184,-0.09,-0.14,0.99,-0.5,2.65,-2.73
185,-0.15,-0.14,0.97,-2.85,0.0,-2.52
186,-0.17,-0.14,0.95,-5.35,-4.41,-4.56
187,-0.16,-0.15,0.97,-5.64,-9.01,-4.34
188,-0.13,-0.14,0.97,-6.5,-14.56,-2.24
189,-0.06,-0.1,1.01,-7.25,-13.33,-2.02
190,-0.08,-0.12,0.98,-8.07,-11.73,-1.55
191,-0.09,-0.1,0.97,-10.63,-4.95,3.97
192,-0.1,-0.1,0.96,-13.64,-0.15,5.72
193,-0.11,-0.11,0.96,-16.28,1.31,4.63
194,-0.14,-0.11,0.96,-17.15,-0.09,0.32
195,-0.13,-0.13,0.98,-16.95,-4.88,-3.08
196,-0.12,-0.16,1.0,-14.34,-8.42,-2.21
197,-0.12,-0.18,1.01,-11.38,-8.37,-5.54
198,-0.12,-0.18,1.02,-4.11,-13.2,-0.85
199,-0.13,-0.16,1.01,0.85,-15.99,6.02
200,-0.08,-0.15,0.99,-0.56,-8.33,9.06
201,-0.09,-0.12,0.96,-4.1,-2.47,13.19
202,-0.1,-0.12,0.95,-6.85,-1.18,14.75
203,-0.09,-0.12,0.95,-8.78,2.42,17.53
204,-0.1,-0.11,0.95,-10.14,-1.04,15.9
205,-0.1,-0.13,0.95,-9.73,-3.01,10.81
206,-0.09,-0.13,1.02,-10.01,-4.79,3.38
207,-0.07,-0.16,0.99,-7.64,-5.15,5.24
208,-0.04,-0.14,1.01,-6.02,-5.3,8.89
209,-0.07,-0.13,0.98,-4.6,-4.57,9.59
210,-0.07,-0.13,0.97,-4.28,-4.44,9.98
211,-0.05,-0.11,0.98,-5.21,-0.61,10.0
212,-0.05,-0.11,0.98,-6.49,1.89,12.15
213,-0.06,-0.11,0.95,-9.41,8.23,16.01
214,-0.1,-0.11,0.94,-13.85,12.12,17.65
215,-0.13,-0.13,0.94,-14.03,8.37,18.34
216,-0.13,-0.13,0.94,-13.15,3.51,15.91
217,-0.13,-0.15,0.93,-12.27,0.56,14.31
218,-0.12,-0.15,0.95,-9.15,-6.76,14.72
219,-0.11,-0.16,0.95,-8.15,-11.11,11.18
220,-0.05,-0.14,0.97,-6.08,-12.24,11.78
221,-0.0,-0.12,0.98,-8.03,-6.17,13.68
222,0.03,-0.11,0.99,-11.89,2.44,13.4
223,0.01,-0.12,0.99,-15.95,9.41,12.64
224,-0.03,-0.14,0.98,-14.86,15.71,17.01
225,-0.08,-0.16,0.98,-12.8,12.98,21.53
226,-0.14,-0.16,0.93,-11.92,6.8,19.15
227,-0.11,-0.15,0.93,-11.07,0.28,19.14
228,-0.09,-0.15,0.93,-10.58,-2.09,21.08
229,-0.09,-0.16,0.91,-11.72,-3.4,20.16
230,-0.05,-0.16,0.93,-10.58,-6.61,18.76
231,-0.04,-0.15,0.93,-9.96,-5.15,17.03
232,-0.05,-0.16,0.91,-13.08,1.8,17.21
233,-0.1,-0.17,0.89,-17.05,6.85,20.87
234,-0.15,-0.19,0.88,-21.53,9.11,25.2
235,-0.13,-0.19,0.88,-23.53,5.34,31.18
236,-0.13,-0.21,0.91,-23.4,-1.36,31.89
237,-0.12,-0.22,0.93,-20.37,-9.41,28.14
238,-0.11,-0.23,0.95,-15.92,-16.82,26.08
239,-0.06,-0.21,0.96,-13.76,-16.33,26.57
240,-0.01,-0.2,0.92,-13.51,-9.74,26.98
241,-0.06,-0.21,0.93,-15.31,-6.57,19.98
242,-0.07,-0.24,0.92,-15.61,-2.21,20.25
243,-0.16,-0.27,0.9,-14.73,-2.26,20.75
244,-0.18,-0.25,0.89,-11.35,-14.24,26.73
245,-0.13,-0.26,0.91,-8.19,-21.16,27.27
246,-0.07,-0.23,0.94,-11.48,-26.05,27.42
247,0.04,-0.2,1.0,-10.45,-28.27,23.81
248,0.11,-0.18,1.02,-12.61,-21.33,23.98
249,0.13,-0.19,1.05,-12.78,-11.07,25.17
250,0.05,-0.21,1.02,-13.27,-7.19,21.67
251,0.03,-0.21,0.98,-13.08,-5.83,22.7
252,-0.06,-0.23,0.95,-12.92,-6.76,21.79
253,-0.11,-0.26,0.95,-10.47,-10.69,20.38
254,-0.11,-0.26,0.96,-7.08,-16.44,25.11
255,-0.09,-0.24,0.97,-3.54,-27.98,31.32
256,0.03,-0.2,1.01,-2.42,-24.79,39.1
257,0.09,-0.17,1.04,-5.06,-22.16,36.3
258,0.09,-0.17,1.04,-10.5,-19.53,36.09
259,0.16,-0.17,1.08,-5.78,-10.99,36.15
260,0.14,-0.17,1.06,-8.47,-7.53,33.08
261,0.11,-0.2,1.07,-8.78,2.04,30.34
262,0.04,-0.21,1.03,-5.24,-1.23,26.38
263,-0.02,-0.24,1.02,-4.91,-3.16,21.52
264,-0.08,-0.24,1.0,-1.36,-7.48,24.36
265,-0.11,-0.26,0.99,1.23,-13.78,23.76
266,-0.11,-0.26,0.99,2.67,-20.15,22.87
267,-0.03,-0.22,1.01,4.28,-24.69,23.38
268,0.06,-0.18,1.01,-0.2,-20.05,25.78
269,0.12,-0.16,1.04,-2.78,-11.61,31.21
270,0.1,-0.19,1.03,-2.73,-5.88,32.25
271,0.08,-0.18,1.03,-1.88,-7.16,29.18
272,0.05,-0.19,1.01,1.56,-5.59,22.66
273,-0.02,-0.21,0.97,3.85,-4.43,19.36
274,-0.05,-0.22,0.97,8.28,-9.9,19.44
275,-0.02,-0.21,0.98,8.08,-9.28,20.37
276,-0.04,-0.19,0.93,3.58,-10.44,23.6
277,-0.09,-0.19,0.91,-2.6,-9.04,21.66
278,-0.01,-0.17,0.99,-0.1,-13.23,33.03
279,0.04,-0.19,0.95,-2.4,-11.72,32.6
280,0.04,-0.18,0.96,-7.31,-2.34,28.79
281,0.03,-0.21,0.99,-0.95,-6.94,27.22
282,0.01,-0.2,0.97,1.68,-7.7,25.15
283,-0.02,-0.19,0.92,1.27,-5.69,18.48
284,-0.01,-0.18,0.94,1.91,-6.45,20.06
285,-0.02,-0.2,0.94,0.92,-6.27,19.76
286,-0.03,-0.21,0.93,-2.38,-3.57,20.97
287,-0.03,-0.22,0.93,-3.4,-1.45,23.46
288,-0.01,-0.22,0.95,-2.76,-1.72,23.09
289,0.02,-0.21,0.95,-3.3,0.49,20.37
290,0.01,-0.21,0.96,-2.47,0.77,19.7
291,0.0,-0.21,0.97,1.6,0.33,20.62
292,0.02,-0.19,0.95,2.34,-3.68,20.88
293,0.01,-0.16,0.89,-1.09,-5.38,14.79
294,-0.02,-0.16,0.92,-7.02,0.87,11.84
295,-0.03,-0.19,0.97,3.69,-17.31,14.05
296,0.09,-0.15,0.98,7.05,-18.78,8.83
297,0.13,-0.13,0.97,-1.21,-6.18,9.52
298,0.06,-0.15,1.0,-2.81,-5.77,11.54
299,0.06,-0.16,1.0,-0.85,-4.13,11.66
300,0.04,-0.15,1.0,0.24,-2.89,8.61
301,0.02,-0.15,1.0,1.08,-2.68,10.31
302,-0.0,-0.15,0.97,0.32,-6.12,10.47
303,0.03,-0.15,0.99,0.0,-7.01,8.69
304,0.02,-0.16,1.01,-0.02,-4.99,5.37
305,0.05,-0.17,1.02,-0.52,-2.32,5.85
306,0.04,-0.18,1.01,-1.77,0.92,6.89
307,0.02,-0.18,1.0,-1.27,1.21,7.05
308,0.01,-0.18,0.98,0.7,-4.11,7.82
309,0.01,-0.17,0.99,1.3,-5.21,6.47
310,0.05,-0.16,0.99,0.33,-2.62,4.53
311,0.07,-0.15,0.99,-0.85,-0.9,5.47
312,0.07,-0.17,1.0,-1.25,0.82,5.89
313,0.03,-0.17,1.0,0.2,0.47,3.69
314,0.01,-0.17,0.97,0.42,-3.08,1.31
315,0.03,-0.15,0.97,-0.63,0.25,-1.07
316,0.05,-0.13,0.97,-1.23,0.72,-2.89
317,0.05,-0.15,0.98,-1.64,3.43,-3.98
318,0.03,-0.17,1.0,-0.96,6.25,-4.34
319,0.02,-0.19,0.98,3.13,3.55,-5.77
320,0.02,-0.17,0.96,4.66,0.31,-5.94
321,0.02,-0.15,0.95,2.68,2.58,-8.48
322,0.02,-0.14,0.95,-0.03,4.24,-10.03
323,-0.01,-0.15,0.94,-0.52,3.88,-10.45
324,-0.03,-0.17,0.94,0.44,-0.34,-10.32
325,-0.01,-0.18,0.96,1.4,-3.31,-9.85
326,-0.01,-0.17,0.96,2.06,-2.0,-9.66
327,-0.0,-0.17,0.96,0.4,0.65,-7.35
328,0.02,-0.15,0.96,-3.11,4.32,-6.25
329,0.03,-0.15,0.96,-4.89,5.55,-6.76
330,0.0,-0.17,0.96,-4.53,6.77,-7.63
331,-0.04,-0.19,0.98,-2.98,6.84,-7.98
332,-0.06,-0.21,0.97,0.67,4.07,-7.61
333,-0.06,-0.19,0.95,3.19,-1.21,-4.15
334,-0.05,-0.17,0.93,2.51,-2.34,-1.61
335,-0.03,-0.16,0.95,2.28,-5.77,2.64
336,-0.05,-0.16,0.95,1.57,-6.93,5.08
337,-0.0,-0.14,0.96,0.37,-8.85,4.25
338,0.04,-0.12,0.96,-1.4,-7.44,0.74
339,0.04,-0.12,0.98,-2.5,-3.07,0.08
340,0.05,-0.14,1.0,-0.44,-5.05,-2.32
341,0.04,-0.13,1.01,0.05,-6.02,-4.02
342,0.03,-0.13,1.0,0.67,-4.15,-4.6
343,0.01,-0.15,0.99,1.62,-3.58,-5.71
344,-0.0,-0.16,1.0,3.4,-5.88,-7.52
345,0.01,-0.15,1.01,4.92,-6.77,-6.15
346,-0.0,-0.14,0.99,5.1,-10.13,-5.7
347,0.03,-0.15,1.01,4.89,-12.38,-4.01
348,0.03,-0.15,1.01,4.85,-8.66,-4.28
349,0.03,-0.14,1.01,3.55,-6.47,-3.65
350,0.04,-0.13,1.0,2.21,-3.42,-4.22
351,0.04,-0.12,0.99,-0.76,0.75,-5.12
352,0.03,-0.13,1.0,-2.05,2.18,-5.95
353,0.01,-0.15,1.01,0.98,-2.01,-5.75
354,-0.02,-0.15,1.0,2.82,-2.44,-8.57
355,-0.02,-0.15,0.99,5.2,-3.76,-8.96
356,-0.01,-0.14,0.99,7.2,-6.13,-9.56
357,0.0,-0.14,0.97,8.7,-7.42,-10.08
358,-0.01,-0.13,0.97,9.98,-8.69,-9.56
359,0.0,-0.14,0.97,10.02,-10.06,-7.61
360,0.02,-0.12,0.97,8.86,-8.35,-9.06
361,0.03,-0.12,0.97,7.57,-7.27,-10.9
362,0.03,-0.11,0.97,5.99,-7.33,-8.56
363,0.01,-0.12,0.97,3.8,-5.34,-7.27
364,-0.01,-0.14,0.98,2.76,-3.9,-6.79
365,-0.01,-0.14,0.98,2.66,-3.68,-7.52
366,-0.02,-0.15,0.98,3.61,-4.05,-7.76
367,-0.02,-0.16,0.99,6.63,-7.89,-8.28
368,-0.04,-0.15,0.99,9.6,-11.23,-10.27
369,-0.02,-0.13,0.97,8.83,-9.86,-9.29
370,-0.01,-0.12,0.96,7.0,-7.4,-9.05
371,0.0,-0.11,0.96,4.27,-5.38,-7.79
372,0.0,-0.11,0.97,0.94,-2.28,-5.73
373,-0.01,-0.11,0.96,-1.48,1.26,-3.05
374,-0.01,-0.12,0.97,-2.2,1.55,-3.08
375,0.0,-0.12,0.96,-1.86,-1.85,-2.92
376,0.01,-0.11,0.97,-2.31,-0.69,-2.31
377,0.0,-0.11,0.97,-3.3,-0.85,-2.02
378,0.0,-0.12,0.98,-3.24,-0.33,-1.77
379,0.01,-0.12,0.98,-3.44,-0.41,-0.82
380,0.0,-0.11,0.98,-3.49,-0.79,-0.71
381,0.0,-0.12,0.98,-3.02,-0.96,-0.15
382,0.01,-0.12,0.98,-2.66,-0.32,0.48
383,0.01,-0.13,0.98,-1.56,-1.05,0.06
384,0.0,-0.12,0.98,-1.11,-1.94,-0.4
385,0.02,-0.1,0.96,-1.22,-2.42,-1.67
386,0.01,-0.1,0.98,-1.27,-2.05,-2.87
387,0.02,-0.1,0.98,-1.22,-1.94,-2.73
388,0.03,-0.1,0.98,-2.09,-0.05,-3.92
389,0.04,-0.09,0.99,-4.15,1.86,-3.77
390,0.03,-0.11,0.98,-5.28,4.83,-3.27
391,0.01,-0.12,0.99,-3.18,0.95,-4.21
392,-0.0,-0.12,0.99,-2.53,-0.17,-4.56
393,0.01,-0.1,0.97,-3.79,1.4,-3.99
394,0.01,-0.1,0.98,-4.73,1.3,-3.27
395,0.0,-0.12,0.98,-4.8,1.83,-3.8
396,0.02,-0.13,1.0,-4.81,1.34,-2.5
397,0.0,-0.12,0.99,-4.21,2.54,0.08
398,0.02,-0.12,0.99,-3.99,2.45,0.18
399,0.01,-0.12,0.99,-5.57,4.92,-0.41
400,0.01,-0.12,0.99,-5.21,1.79,-0.5
