,accel_x,accel_y,accel_z,gyro_x,gyro_y,gyro_z
0,-0.13,-0.31,0.93,10.78,-2.44,-7.79
1,-0.14,-0.32,0.92,10.82,-4.71,-9.82
2,-0.14,-0.31,0.91,9.43,-5.6,-9.36
3,-0.14,-0.31,0.91,7.4,-4.89,-6.38
4,-0.14,-0.3,0.9,3.92,-2.87,-3.98
5,-0.15,-0.3,0.9,1.76,-3.18,-1.64
6,-0.15,-0.3,0.9,1.13,-5.08,0.61
7,-0.12,-0.28,0.9,0.55,-6.54,1.95
8,-0.1,-0.27,0.91,0.14,-8.21,0.92
9,-0.1,-0.28,0.91,0.62,-11.29,-1.37
10,-0.1,-0.3,0.94,3.6,-15.23,-3.82
11,-0.09,-0.3,0.95,8.89,-21.08,-7.12
12,-0.08,-0.3,0.96,13.96,-27.14,-11.41
13,-0.02,-0.28,0.95,14.21,-25.57,-16.98
14,-0.03,-0.25,0.95,13.78,-21.89,-14.65
15,-0.03,-0.23,0.95,10.63,-18.25,-14.02
16,-0.03,-0.23,0.95,6.59,-15.46,-13.05
17,-0.03,-0.25,0.95,1.18,-10.07,-10.74
18,-0.03,-0.26,0.96,-3.19,-4.93,-7.79
19,-0.04,-0.27,0.97,-6.76,-1.47,-5.6
20,-0.06,-0.3,0.97,-8.13,0.07,-4.74
21,-0.08,-0.31,0.97,-6.73,0.11,-4.59
22,-0.09,-0.32,0.97,-3.82,-1.98,-6.08
23,-0.09,-0.31,0.96,-0.76,-3.64,-7.56
24,-0.09,-0.32,0.96,1.89,-4.5,-8.05
25,-0.09,-0.31,0.95,4.18,-4.8,-7.94
26,-0.09,-0.3,0.94,4.73,-4.4,-7.23
27,-0.11,-0.3,0.93,5.11,-5.95,-6.45
28,-0.11,-0.29,0.92,4.24,-6.82,-4.82
29,-0.1,-0.28,0.91,2.34,-5.8,-3.67
30,-0.11,-0.28,0.92,1.43,-6.02,-3.25
31,-0.11,-0.29,0.94,2.25,-7.63,-2.78
32,-0.1,-0.29,0.93,1.71,-8.44,-3.47
33,-0.07,-0.27,0.92,0.08,-4.85,-3.79
34,-0.08,-0.27,0.94,0.15,-4.02,-3.82
35,-0.09,-0.28,0.94,2.73,-7.84,-6.02
36,-0.07,-0.27,0.95,4.2,-9.06,-7.05
37,-0.05,-0.25,0.94,4.41,-8.59,-8.02
38,-0.03,-0.25,0.92,1.95,-4.09,-7.54
39,-0.05,-0.23,0.92,-0.44,-1.97,-5.87
40,-0.06,-0.24,0.92,-3.17,0.75,-3.99
41,-0.08,-0.25,0.91,-4.55,1.29,-3.56
42,-0.1,-0.26,0.92,-4.25,-0.98,-3.24
43,-0.1,-0.27,0.93,-2.73,-5.91,-2.79
44,-0.09,-0.26,0.92,-2.08,-8.63,-1.69
45,-0.07,-0.27,0.93,-3.06,-8.28,-0.84
46,-0.09,-0.29,0.94,-1.79,-10.65,-0.86
47,-0.1,-0.3,0.96,2.44,-16.95,-1.17
48,-0.08,-0.31,0.95,7.13,-21.32,-1.98
49,-0.06,-0.29,0.96,9.68,-23.66,-2.32
50,-0.02,-0.27,0.96,10.52,-22.95,-3.69
51,-0.02,-0.27,0.97,11.7,-23.75,-6.91
52,-0.03,-0.28,0.98,14.76,-27.69,-11.11
53,-0.04,-0.27,0.97,18.79,-33.85,-13.05
54,-0.0,-0.25,0.97,21.35,-37.65,-15.44
55,0.04,-0.23,0.97,23.21,-39.44,-18.39
56,0.04,-0.22,0.97,24.69,-39.98,-21.54
57,0.04,-0.19,0.96,25.22,-42.91,-25.02
58,0.04,-0.22,0.96,25.87,-43.64,-28.02
59,0.03,-0.2,0.95,27.63,-46.66,-31.78
60,0.03,-0.19,0.94,29.33,-51.29,-34.61
61,0.04,-0.16,0.93,28.11,-54.56,-36.49
62,0.05,-0.16,0.94,26.4,-58.23,-36.3
63,0.06,-0.16,0.92,23.56,-58.88,-34.29
64,0.08,-0.16,0.93,18.29,-57.81,-31.76
65,0.1,-0.21,0.97,14.88,-55.34,-27.24
66,0.1,-0.24,1.01,16.46,-54.51,-23.41
67,0.11,-0.26,1.01,18.73,-53.44,-24.16
68,0.11,-0.26,1.02,21.44,-50.47,-27.67
69,0.09,-0.25,1.01,24.43,-51.06,-31.02
70,0.1,-0.23,1.01,27.63,-51.15,-31.92
71,0.12,-0.21,0.99,26.9,-48.18,-30.15
72,0.14,-0.18,0.98,21.84,-40.03,-24.92
73,0.15,-0.16,0.96,14.46,-30.97,-19.56
74,0.14,-0.14,0.95,6.29,-23.11,-15.33
75,0.15,-0.14,0.95,-0.9,-14.79,-12.27
76,0.14,-0.16,0.95,-6.46,-7.24,-11.46
77,0.12,-0.17,0.96,-8.66,-1.47,-10.0
78,0.12,-0.18,0.97,-8.19,-0.29,-7.92
79,0.13,-0.17,0.96,-7.76,3.19,-5.82
80,0.15,-0.16,0.96,-8.27,7.11,-4.69
81,0.14,-0.16,0.96,-11.01,14.75,-2.4
82,0.14,-0.17,0.96,-13.37,23.82,1.12
83,0.15,-0.18,0.97,-13.89,29.19,2.86
84,0.15,-0.18,0.98,-15.56,24.28,2.08
85,0.13,-0.17,0.97,-15.53,22.18,-0.23
86,0.13,-0.18,0.97,-2.81,11.1,1.47
87,0.12,-0.19,0.95,-9.69,11.96,-1.34
88,0.13,-0.19,0.96,-7.57,7.83,-5.98
89,0.12,-0.18,0.96,-14.54,16.14,-5.2
90,0.1,-0.19,0.96,-10.21,11.23,-8.31
91,0.13,-0.19,0.97,-12.77,11.16,-9.13
92,0.22,-0.21,0.99,-15.3,4.98,4.37
93,-0.07,0.05,0.95,-3.37,10.01,4.27
94,0.12,-0.18,0.97,-11.5,15.45,6.08
95,0.11,-0.16,0.94,-10.89,21.34,1.02
96,0.12,-0.18,0.98,-8.37,8.44,-5.94
97,0.1,-0.16,0.95,-11.05,12.4,-2.27
98,0.06,-0.2,0.96,-5.11,2.92,-1.49
99,0.2,-0.15,1.21,-7.26,-14.92,20.58
100,0.06,-0.18,0.97,-2.59,-13.63,10.31
101,-0.04,-0.26,0.89,3.86,-22.91,-7.31
102,0.12,-0.2,0.99,-1.32,-16.3,14.45
103,0.05,-0.23,0.97,2.83,-17.78,-3.62
104,0.1,-0.22,0.98,3.18,-18.12,7.2
105,0.05,-0.23,0.95,6.84,-26.02,4.32
106,0.07,-0.22,0.97,11.18,-33.54,6.15
107,0.17,-0.19,1.03,9.13,-34.61,16.31
108,0.1,-0.19,0.94,12.51,-39.88,12.68
109,0.32,-0.08,0.95,19.37,-51.31,57.88
110,0.22,-0.11,1.02,11.12,-47.08,69.36
111,0.17,-0.13,0.97,13.89,-49.76,75.95
112,0.13,-0.19,0.99,10.5,-49.55,55.6
113,0.05,-0.17,1.0,-1.33,-54.63,35.13
114,0.04,-0.15,1.0,-1.79,-56.89,30.22
115,0.06,-0.15,0.99,-3.65,-58.79,31.68
116,0.03,-0.19,1.06,-3.21,-51.34,30.17
117,0.04,-0.21,1.01,0.3,-51.45,25.98
118,0.18,-0.2,1.03,-0.53,-50.28,25.03
119,0.21,-0.22,1.01,0.21,-36.46,13.44
120,0.21,-0.24,1.03,0.98,-28.59,7.37
121,0.18,-0.25,1.02,3.56,-19.55,6.83
122,0.13,-0.24,1.01,8.03,-17.63,10.33
123,0.15,-0.25,1.01,19.32,-25.58,21.67
124,0.17,-0.21,0.93,30.15,-26.74,26.98
125,0.19,-0.15,0.88,27.41,-23.85,30.98
126,0.2,-0.11,0.84,19.31,-20.27,34.65
127,0.22,-0.09,0.8,13.31,-16.82,34.35
128,0.24,-0.06,0.78,7.43,-18.66,32.06
129,0.29,-0.05,0.77,0.56,-23.07,29.11
130,0.36,-0.07,0.79,-4.59,-29.39,29.05
131,0.44,-0.11,0.85,-5.34,-36.89,30.12
132,0.57,-0.17,0.9,-1.81,-41.7,33.05
133,0.75,-0.21,0.95,5.43,-43.39,34.47
134,1.01,-0.21,0.92,9.34,-39.27,32.34
135,1.32,-0.23,0.93,12.37,-31.82,28.26
136,1.57,-0.19,0.91,7.58,-10.99,14.32
137,1.71,-0.15,0.9,-4.88,5.92,-3.84
138,1.85,-0.13,0.88,-13.02,33.99,-21.34
139,1.89,-0.16,0.87,-16.68,42.97,-38.72
140,1.93,-0.21,0.81,-13.94,55.24,-58.4
141,1.97,-0.24,0.78,-3.82,61.86,-65.01
142,2.0,-0.25,0.67,5.05,47.86,-61.11
143,2.0,-0.29,0.52,14.72,45.16,-59.78
144,2.0,-0.26,0.37,10.02,42.41,-58.77
145,2.0,-0.25,0.25,-2.85,40.64,-59.45
146,2.0,-0.32,0.14,-18.0,31.34,-77.08
147,2.0,-0.39,0.12,-35.08,28.26,-101.46
148,2.0,-0.27,0.07,-69.91,43.86,-132.69
149,2.0,-0.37,0.07,-102.42,61.57,-201.04
150,2.0,-0.52,0.18,-137.14,107.44,-250.14
151,2.0,-0.77,0.25,-157.18,154.15,-250.14
152,1.8,-1.13,0.25,-161.66,163.47,-250.14
153,1.13,-1.56,0.61,-157.27,167.91,-250.14
154,0.33,-1.89,0.76,-134.5,180.29,-250.14
155,-0.61,-2.0,0.98,-84.2,158.37,-250.14
156,-1.26,-1.92,0.88,-48.04,141.37,-169.82
157,-1.59,-1.82,0.67,-5.27,136.47,-90.83
158,-1.95,-1.75,0.63,-1.81,130.06,-71.71
159,-2.0,-1.76,0.93,-23.51,130.54,-88.08
160,-2.0,-1.85,1.23,-39.15,156.13,-125.1
161,-2.0,-1.95,1.4,-11.9,170.63,-169.59
162,-2.0,-1.86,1.41,37.57,149.81,-196.81
163,-2.0,-1.48,1.17,64.2,127.69,-165.71
164,-2.0,-1.04,0.93,64.98,102.0,-108.33
165,-2.0,-0.7,0.72,66.25,55.27,-54.73
166,-2.0,-0.42,0.52,58.47,23.28,-29.46
167,-1.68,-0.29,0.49,43.06,20.37,-11.02
168,-1.32,-0.11,0.47,34.84,-7.95,-14.05
169,-0.94,0.02,0.46,28.62,-44.2,-20.83
170,-0.58,0.01,0.52,21.62,-55.5,-34.76
171,-0.31,-0.04,0.56,20.0,-40.05,-38.33
172,-0.27,-0.08,0.67,14.55,-22.16,-39.66
173,-0.31,-0.1,0.67,8.62,2.15,-36.78
174,-0.39,-0.14,0.67,3.44,18.5,-26.05
175,-0.48,-0.14,0.66,-0.95,15.7,-15.1
176,-0.48,-0.11,0.67,-1.0,2.33,0.14
177,-0.42,-0.13,0.72,-2.53,-14.11,5.96
178,-0.33,-0.17,0.77,-8.48,-24.13,6.4
179,-0.23,-0.24,0.87,-14.97,-28.02,6.02
180,-0.17,-0.29,0.92,-16.42,-21.28,8.98
181,-0.19,-0.35,0.98,-15.89,-16.89,9.5
182,-0.21,-0.4,1.0,-12.42,-16.6,8.89
183,-0.18,-0.38,1.04,-10.42,-17.71,16.67
184,-0.08,-0.34,1.06,-9.01,-17.6,23.52
185,0.02,-0.33,1.09,-6.69,-15.48,21.64
186,0.11,-0.3,1.12,-0.7,-13.43,16.03
187,0.18,-0.24,1.1,4.12,-7.6,9.89
188,0.17,-0.22,1.05,3.72,0.68,0.65
189,0.1,-0.22,1.02,1.55,7.06,-8.24
190,0.01,-0.23,1.01,0.98,4.93,-15.32
191,-0.05,-0.24,1.0,0.58,1.0,-15.73
192,-0.01,-0.22,1.01,-6.27,1.72,-14.72
193,-0.02,-0.24,1.01,-14.69,9.4,-13.96
194,-0.07,-0.3,1.07,-21.06,18.02,-10.0
195,-0.1,-0.33,1.11,-19.79,20.61,-1.89
196,-0.11,-0.33,1.11,-12.66,18.18,7.18
197,-0.08,-0.31,1.06,-7.08,16.28,6.01
198,-0.09,-0.27,1.03,-4.05,10.52,1.73
199,-0.07,-0.24,1.0,-2.31,1.85,3.76
200,-0.03,-0.24,0.99,0.31,-3.24,6.23
201,-0.0,-0.22,0.98,0.18,-5.61,4.4
202,0.01,-0.23,0.97,-2.79,-0.51,1.71
203,0.01,-0.23,0.96,-5.44,5.98,2.44
204,-0.02,-0.25,0.94,-5.57,14.05,1.21
205,-0.14,-0.27,0.91,-5.92,13.37,1.27
206,-0.23,-0.26,0.83,-6.27,14.24,6.83
207,-0.24,-0.25,0.79,-10.34,6.91,12.92
208,-0.24,-0.24,0.79,-15.47,1.44,17.47
209,-0.18,-0.23,0.81,-21.34,-5.21,22.82
210,-0.12,-0.24,0.87,-21.27,-10.21,31.18
211,-0.05,-0.22,0.89,-20.15,-12.3,35.65
212,0.02,-0.2,0.89,-19.22,-8.76,38.69
213,0.05,-0.2,0.91,-21.41,1.13,37.68
214,0.03,-0.23,0.91,-21.13,10.15,38.24
215,-0.04,-0.25,0.9,-19.79,13.62,40.44
216,-0.1,-0.24,0.91,-16.15,9.74,49.98
217,-0.11,-0.24,0.9,-13.44,3.79,57.36
218,-0.07,-0.22,0.89,-13.43,-5.11,61.31
219,-0.01,-0.23,0.92,-12.18,-11.18,64.46
220,0.03,-0.24,0.93,-13.33,-12.64,64.88
221,0.07,-0.25,0.94,-15.04,-8.3,64.02
222,0.11,-0.27,0.95,-15.51,-1.98,61.17
223,0.12,-0.26,0.95,-14.53,7.83,59.44
224,0.07,-0.25,0.93,-14.57,15.25,54.4
225,0.01,-0.24,0.9,-16.45,17.01,50.47
226,-0.02,-0.25,0.89,-17.58,12.7,46.56
227,-0.04,-0.25,0.88,-17.03,3.76,41.42
228,-0.04,-0.27,0.89,-17.02,-2.87,40.28
229,-0.03,-0.29,0.91,-15.05,-11.4,39.58
230,-0.02,-0.29,0.94,-8.79,-21.45,34.46
231,0.02,-0.28,0.96,-2.69,-28.2,27.94
232,0.04,-0.28,0.96,2.43,-31.5,25.32
233,0.03,-0.27,0.98,7.56,-33.01,23.29
234,0.05,-0.26,0.99,11.24,-35.18,22.85
235,0.1,-0.23,0.97,10.12,-33.04,21.15
236,0.09,-0.23,0.97,8.27,-32.02,19.06
237,0.09,-0.24,1.0,8.38,-35.91,16.76
238,0.11,-0.25,1.0,8.98,-39.67,14.72
239,0.14,-0.23,1.01,8.06,-35.81,14.11
240,0.14,-0.23,1.03,7.66,-29.36,16.57
241,0.12,-0.23,1.0,2.89,-23.38,16.34
242,0.1,-0.24,1.01,2.08,-18.6,17.05
243,0.08,-0.25,1.01,3.54,-20.79,16.34
244,0.07,-0.24,1.0,5.34,-23.96,15.98
245,0.07,-0.24,1.0,6.87,-27.34,13.76
246,0.07,-0.25,1.0,10.96,-33.96,14.69
247,0.09,-0.23,1.01,11.53,-35.92,17.63
248,0.12,-0.21,0.97,8.82,-35.42,19.21
249,0.12,-0.2,0.97,4.53,-31.85,18.77
250,0.13,-0.19,0.98,-1.86,-24.53,19.3
251,0.14,-0.19,0.98,-9.71,-14.22,21.05
252,0.12,-0.22,1.01,-14.8,-3.8,22.42
253,0.08,-0.24,1.01,-17.15,3.34,26.14
254,0.02,-0.27,1.01,-15.33,4.18,30.88
255,0.01,-0.26,0.98,-11.85,1.99,34.37
256,0.02,-0.24,0.96,-9.71,-1.01,34.09
257,0.03,-0.24,0.95,-6.97,-5.46,32.89
258,0.04,-0.22,0.94,-5.11,-9.6,28.97
259,0.06,-0.22,0.93,-4.18,-10.69,25.0
260,0.04,-0.24,0.94,-3.38,-10.76,23.06
261,0.04,-0.24,0.93,-4.79,-7.37,24.67
262,0.04,-0.23,0.92,-6.32,-6.32,26.21
263,0.01,-0.23,0.89,-8.01,-4.85,25.69
264,-0.0,-0.24,0.92,-8.42,-6.78,27.69
265,-0.02,-0.24,0.91,-9.44,-11.38,29.0
266,0.03,-0.23,0.93,-11.79,-14.18,29.31
267,0.06,-0.23,0.96,-13.74,-13.66,29.63
268,0.1,-0.22,0.97,-16.0,-11.28,31.74
269,0.1,-0.23,0.99,-17.68,-5.47,32.62
270,0.1,-0.25,0.99,-17.42,-2.05,32.11
271,0.09,-0.26,1.0,-14.85,0.0,32.18
272,0.08,-0.26,0.98,-11.64,0.85,31.34
273,0.05,-0.24,0.95,-9.41,-0.29,29.95
274,0.03,-0.23,0.94,-7.39,-2.57,27.72
275,0.03,-0.22,0.95,-7.66,-3.18,27.94
276,0.04,-0.19,0.94,-14.4,-3.11,33.72
277,0.05,-0.2,0.94,-21.37,4.56,35.77
278,0.03,-0.23,0.96,-20.21,3.18,35.24
279,0.04,-0.24,0.95,-22.42,0.31,33.03
280,0.01,-0.27,0.97,-17.95,-1.9,32.01
281,0.02,-0.27,0.97,-13.81,-6.21,28.56
282,0.02,-0.28,0.97,-11.37,-4.88,29.82
283,0.04,-0.27,0.95,-7.95,-5.37,29.43
284,0.04,-0.26,0.94,-10.15,-6.53,27.34
285,0.03,-0.28,0.96,-8.16,-6.37,25.48
286,0.04,-0.27,0.96,-6.44,-8.23,23.2
287,0.05,-0.25,0.94,-11.05,-5.33,23.42
288,0.04,-0.27,0.95,-17.0,0.2,25.07
289,-0.0,-0.29,0.96,-19.85,3.39,28.68
290,-0.02,-0.31,0.95,-21.01,4.0,30.44
291,-0.04,-0.33,0.98,-16.73,2.47,30.81
292,-0.03,-0.32,0.96,-15.24,-0.02,29.55
293,-0.02,-0.32,0.97,-11.18,-3.82,27.14
294,-0.06,-0.31,0.95,-6.44,-10.04,23.75
295,-0.03,-0.29,0.95,-6.49,-13.16,25.24
296,-0.0,-0.29,0.96,-6.66,-11.04,27.43
297,0.03,-0.27,0.97,-10.79,-6.18,29.69
298,0.03,-0.29,0.96,-12.45,-0.89,34.48
299,0.02,-0.3,0.96,-11.79,0.05,34.11
300,0.03,-0.28,0.97,-10.67,-0.57,31.83
301,0.01,-0.28,0.96,-8.18,-3.7,28.84
302,0.03,-0.27,0.96,-6.52,-5.27,27.36
303,0.04,-0.27,0.97,-6.41,-3.73,27.25
304,0.03,-0.27,0.94,-9.02,-3.71,25.4
305,0.01,-0.3,0.96,-9.81,-2.87,24.15
306,0.01,-0.31,0.95,-7.48,-3.03,23.69
307,-0.01,-0.32,0.93,-6.47,-2.92,21.86
308,-0.03,-0.32,0.92,-5.9,-4.07,20.98
309,-0.07,-0.33,0.89,-6.04,-4.5,21.24
310,-0.07,-0.33,0.88,-5.93,-5.05,21.79
311,-0.08,-0.32,0.88,-6.02,-7.33,24.18
312,-0.05,-0.29,0.88,-7.67,-9.15,26.54
313,0.0,-0.27,0.9,-9.14,-9.51,27.56
314,0.04,-0.27,0.91,-11.98,-6.95,26.53
315,0.06,-0.29,0.95,-12.15,-5.3,24.34
316,0.05,-0.3,0.96,-10.06,-4.47,23.58
317,0.05,-0.28,0.95,-9.99,-2.59,21.89
318,0.04,-0.28,0.95,-10.5,-0.88,21.56
319,0.02,-0.3,0.94,-11.08,-2.31,20.83
320,0.0,-0.31,0.95,-10.28,-4.17,19.58
321,-0.0,-0.33,0.97,-7.92,-6.5,18.6
322,0.01,-0.33,0.98,-7.16,-5.05,19.93
323,0.02,-0.32,0.98,-6.34,-2.34,20.21
324,0.0,-0.31,0.99,-7.63,0.22,20.17
325,0.0,-0.31,0.98,-8.63,3.47,21.66
326,0.01,-0.3,0.97,-8.63,3.33,20.77
327,-0.01,-0.32,0.97,-8.02,2.69,17.98
328,-0.04,-0.33,0.96,-6.17,1.3,15.11
329,-0.06,-0.36,0.98,-3.2,-2.23,13.91
330,-0.07,-0.36,0.98,2.35,-9.71,12.56
331,-0.03,-0.34,0.99,3.91,-9.89,10.54
332,-0.03,-0.36,1.0,6.74,-12.16,11.31
333,0.01,-0.33,0.97,6.84,-13.01,12.4
334,0.05,-0.3,0.97,3.47,-6.53,12.85
335,0.03,-0.3,0.96,1.95,-1.68,13.68
336,0.02,-0.3,0.94,0.69,0.95,13.46
337,0.0,-0.3,0.92,-0.21,2.37,14.44
338,0.01,-0.3,0.91,-0.76,2.87,13.18
339,0.01,-0.28,0.89,-3.22,4.05,13.12
340,-0.01,-0.28,0.89,-5.31,2.19,11.95
341,-0.01,-0.29,0.9,-5.06,-1.45,10.91
342,0.01,-0.3,0.92,-3.79,-3.5,10.11
343,0.02,-0.3,0.93,-2.85,-3.91,9.2
344,0.03,-0.3,0.92,-3.02,-3.53,8.21
345,0.03,-0.3,0.92,-3.27,-2.82,7.93
346,0.03,-0.3,0.91,-4.09,-1.89,5.98
347,0.03,-0.3,0.93,-4.03,-0.98,4.27
348,0.0,-0.31,0.93,-3.02,-2.45,4.95
349,0.01,-0.29,0.94,-2.3,-4.35,4.98
350,0.01,-0.28,0.92,-2.07,-4.17,3.26
351,-0.0,-0.28,0.91,-2.69,-6.84,2.33
352,0.01,-0.28,0.92,-4.11,-9.29,0.65
353,0.01,-0.29,0.93,-4.44,-9.51,0.92
354,0.02,-0.31,0.95,-3.34,-10.27,0.55
355,0.01,-0.31,0.96,-2.0,-11.21,-0.46
356,0.01,-0.32,0.96,-0.66,-11.69,-0.51
357,0.0,-0.32,0.95,1.53,-12.79,-0.66
358,-0.01,-0.33,0.97,1.91,-14.77,-2.57
359,0.01,-0.33,1.0,4.25,-14.42,0.17
360,-0.03,-0.31,0.95,4.26,-18.5,-0.48
361,-0.01,-0.3,0.96,5.57,-20.38,0.44
362,0.0,-0.28,0.95,6.29,-21.98,-1.07
363,0.02,-0.28,0.95,4.82,-20.82,-3.06
364,0.04,-0.28,0.97,6.02,-19.01,-4.5
365,0.06,-0.27,0.97,6.77,-17.95,-6.01
366,0.06,-0.25,0.95,5.21,-14.34,-9.29
367,0.08,-0.23,0.94,0.52,-6.44,-11.93
368,0.05,-0.25,0.94,-2.25,-2.41,-12.89
369,0.02,-0.26,0.95,-5.5,-0.43,-11.85
370,0.0,-0.28,0.96,-7.96,1.37,-9.05
371,-0.01,-0.32,0.98,-9.55,6.59,-5.47
372,-0.04,-0.34,0.97,-10.14,6.69,-1.18
373,-0.03,-0.33,0.96,-7.67,8.01,1.46
374,-0.06,-0.33,0.95,-4.71,4.8,3.93
375,-0.05,-0.31,0.94,-1.81,0.11,3.91
376,-0.04,-0.29,0.92,0.21,-4.11,2.3
377,-0.04,-0.27,0.9,0.36,-7.03,1.33
378,-0.03,-0.26,0.9,0.53,-10.74,0.85
379,-0.01,-0.26,0.9,-0.27,-12.63,0.89
380,0.02,-0.25,0.91,-3.89,-10.0,-0.23
381,0.03,-0.26,0.93,-6.07,-7.17,-1.21
382,0.04,-0.28,0.96,-5.01,-7.4,-1.43
383,0.04,-0.28,0.95,-3.93,-7.79,-1.05
384,0.06,-0.26,0.96,-3.79,-7.14,-1.5
385,0.07,-0.27,0.97,-3.47,-7.84,-3.23
386,0.06,-0.28,0.99,-1.95,-8.39,-5.25
387,0.05,-0.3,0.99,0.2,-8.52,-6.85
388,0.06,-0.29,1.0,2.94,-8.03,-8.25
389,0.06,-0.29,0.99,3.22,-6.69,-8.85
390,0.06,-0.29,0.97,0.54,-2.44,-7.18
391,0.04,-0.3,0.98,-2.45,2.51,-5.69
392,0.01,-0.3,0.96,-4.76,5.05,-4.1
393,-0.0,-0.3,0.96,-5.69,6.59,-2.87
394,-0.01,-0.31,0.94,-4.91,6.05,-2.89
395,-0.03,-0.31,0.94,-2.52,2.58,-3.38
396,-0.03,-0.3,0.94,-1.27,0.64,-4.51
397,-0.03,-0.3,0.92,-1.11,-0.34,-5.18
398,-0.03,-0.3,0.91,-1.65,-0.39,-4.48
399,-0.02,-0.3,0.92,-2.23,-0.24,-2.69
