,accel_x,accel_y,accel_z,gyro_x,gyro_y,gyro_z
0,0.08,-0.31,0.95,0.72,-5.24,1.66
1,0.09,-0.31,0.96,1.62,-4.61,1.63
2,0.08,-0.31,0.96,1.73,-3.92,1.82
3,0.08,-0.3,0.96,2.87,-2.8,2.79
4,0.06,-0.3,0.96,2.77,0.2,4.07
5,0.02,-0.29,0.95,2.21,0.15,4.82
6,0.03,-0.3,0.94,2.44,-1.16,4.93
7,0.03,-0.31,0.95,3.16,-2.98,3.66
8,0.03,-0.31,0.94,3.3,-5.11,1.63
9,0.03,-0.3,0.94,2.98,-5.87,0.25
10,0.03,-0.31,0.95,2.3,-5.54,-0.1
11,0.05,-0.31,0.94,1.94,-5.08,-0.15
12,0.05,-0.31,0.95,0.92,-2.89,0.47
13,0.03,-0.31,0.95,0.52,-2.56,1.05
14,0.03,-0.31,0.95,0.44,-2.18,1.59
15,0.02,-0.31,0.95,0.46,-3.69,0.51
16,0.03,-0.3,0.95,0.37,-4.7,-0.69
17,0.05,-0.3,0.94,0.95,-4.5,0.63
18,0.04,-0.28,0.94,0.95,-4.79,0.92
19,0.04,-0.29,0.94,1.11,-4.05,2.5
20,0.05,-0.29,0.94,1.47,-5.02,3.21
21,0.06,-0.28,0.95,0.64,-5.16,2.18
22,0.07,-0.3,0.94,1.09,-5.23,1.74
23,0.07,-0.29,0.94,1.65,-5.63,0.73
24,0.07,-0.29,0.93,1.98,-5.15,0.5
25,0.07,-0.28,0.93,1.41,-4.47,0.66
26,0.08,-0.27,0.93,0.68,-3.34,0.76
27,0.06,-0.27,0.93,-0.69,-2.4,1.17
28,0.07,-0.28,0.94,-1.94,-2.73,0.46
29,0.08,-0.28,0.94,-2.44,-2.71,0.4
30,0.07,-0.28,0.94,-2.89,-2.4,-0.08
31,0.08,-0.28,0.95,-2.51,-2.82,-1.1
32,0.06,-0.28,0.96,-3.23,-3.96,-2.72
33,0.06,-0.28,0.95,-3.27,-4.89,-2.42
34,0.06,-0.28,0.96,-3.36,-4.42,-1.95
35,0.07,-0.28,0.95,-3.39,-3.95,-1.4
36,0.07,-0.29,0.96,-2.56,-3.19,-0.65
37,0.06,-0.29,0.96,-2.62,-2.49,-1.01
38,0.06,-0.29,0.96,-1.53,-2.59,-1.02
39,0.04,-0.28,0.96,-1.16,-3.23,-0.56
40,0.04,-0.28,0.96,-1.88,-3.54,-0.66
41,0.04,-0.27,0.95,-2.51,-3.43,0.0
42,0.04,-0.28,0.95,-2.6,-2.68,1.27
43,0.03,-0.29,0.96,-2.5,-3.26,1.34
44,0.02,-0.29,0.95,-1.1,-3.95,2.0
45,0.02,-0.29,0.94,-1.33,-4.57,1.89
46,0.03,-0.29,0.95,-0.96,-4.27,3.18
47,0.03,-0.29,0.95,-1.52,-4.14,3.45
48,0.03,-0.3,0.95,-0.89,-4.75,4.67
49,0.04,-0.29,0.93,0.4,-4.34,7.18
50,0.05,-0.29,0.94,-0.15,-5.58,5.29
51,0.06,-0.28,0.94,-0.08,-6.9,3.32
52,0.06,-0.29,0.94,-0.28,-6.62,3.12
53,0.06,-0.28,0.94,-0.48,-6.32,4.27
54,0.06,-0.29,0.94,-1.03,-5.87,5.79
55,0.07,-0.28,0.93,-1.56,-6.69,5.75
56,0.09,-0.29,0.94,-1.34,-7.02,6.25
57,0.1,-0.29,0.94,-0.7,-6.67,6.85
58,0.09,-0.29,0.94,0.2,-8.36,6.82
59,0.1,-0.27,0.93,0.52,-8.53,5.76
60,0.13,-0.26,0.92,0.44,-8.41,3.69
61,0.13,-0.24,0.92,-1.75,-9.01,1.31
62,0.14,-0.26,0.91,-3.35,-8.04,-0.37
63,0.13,-0.28,0.93,-4.28,-6.98,-1.01
64,0.15,-0.28,0.93,-2.18,-5.26,2.08
65,0.13,-0.27,0.95,-2.12,-3.56,1.12
66,0.13,-0.27,0.95,-2.93,-2.63,-0.3
67,0.13,-0.27,0.94,-2.85,-1.92,-0.64
68,0.12,-0.27,0.95,-3.04,-1.55,-1.26
69,0.11,-0.27,0.95,-3.37,-1.98,-1.96
70,0.11,-0.28,0.96,-4.21,-1.79,-3.24
71,0.1,-0.29,0.96,-4.32,-2.93,-4.82
72,0.11,-0.29,0.97,-3.37,-2.96,-5.18
73,0.09,-0.29,0.96,-3.08,-2.43,-6.08
74,0.08,-0.28,0.97,-3.17,-2.69,-5.76
75,0.09,-0.28,0.96,-1.26,-0.41,-2.08
76,0.06,-0.28,0.95,-1.99,0.0,-1.65
77,0.06,-0.29,0.96,-2.09,-1.05,-1.22
78,0.06,-0.3,0.95,-1.24,-1.82,-1.03
79,0.06,-0.3,0.96,-0.62,-3.84,-1.84
80,0.06,-0.29,0.97,-0.25,-3.79,-1.34
81,0.07,-0.29,0.95,-0.04,-2.76,1.08
82,0.06,-0.28,0.96,-0.76,-2.15,1.67
83,0.06,-0.29,0.95,-0.82,-1.95,2.76
84,0.06,-0.3,0.96,-0.41,-3.08,1.98
85,0.07,-0.3,0.97,0.82,-3.37,1.39
86,0.08,-0.29,0.96,1.47,-3.39,-0.2
87,0.08,-0.29,0.96,1.48,-2.36,-0.85
88,0.08,-0.28,0.96,1.47,-0.35,-0.18
89,0.06,-0.27,0.94,1.12,0.87,0.81
90,0.05,-0.28,0.94,0.47,-1.02,0.51
91,0.06,-0.28,0.94,0.56,-2.45,-0.37
92,0.07,-0.28,0.94,0.86,-2.89,-0.88
93,0.07,-0.28,0.93,-0.04,-3.21,-0.69
94,0.06,-0.27,0.93,-0.99,-2.67,-0.02
95,0.07,-0.27,0.92,-1.15,-2.96,0.85
96,0.07,-0.28,0.93,-1.21,-3.33,0.88
97,0.07,-0.28,0.94,-1.47,-4.29,-0.09
98,0.09,-0.27,0.93,-0.62,-4.15,0.05
99,0.1,-0.27,0.93,-1.43,-3.72,-0.03
100,0.1,-0.26,0.93,-2.24,-3.11,0.3
101,0.11,-0.26,0.92,-2.07,-2.5,1.09
102,0.11,-0.26,0.94,-2.08,-2.47,0.76
103,0.1,-0.27,0.94,-1.56,-2.95,-0.27
104,0.1,-0.27,0.93,-1.63,-3.41,-0.87
105,0.11,-0.26,0.93,-2.02,-2.03,-0.05
106,0.1,-0.25,0.93,-2.63,-1.52,-0.23
107,0.09,-0.25,0.94,-3.49,-2.33,-0.73
108,0.09,-0.26,0.94,-4.16,-2.27,-0.89
109,0.09,-0.27,0.94,-4.33,-3.89,-1.16
110,0.1,-0.28,0.95,-4.12,-2.27,-0.44
111,0.11,-0.28,0.96,-4.02,-3.02,-0.91
112,0.12,-0.28,0.95,-3.55,-2.13,-1.22
113,0.12,-0.27,0.96,-2.44,-0.6,-0.23
114,0.12,-0.27,0.96,-2.39,-1.05,-1.82
115,0.11,-0.28,0.95,-2.98,-0.2,-1.98
116,0.1,-0.27,0.95,-2.99,0.39,-2.13
117,0.08,-0.27,0.96,-3.31,0.17,-2.79
118,0.08,-0.27,0.95,-3.56,0.02,-3.12
119,0.08,-0.27,0.95,-3.74,-0.15,-2.89
120,0.07,-0.27,0.95,-3.82,0.01,-2.77
121,0.07,-0.28,0.95,-3.72,-0.02,-1.85
122,0.06,-0.29,0.95,-3.15,-0.3,-1.16
123,0.06,-0.28,0.95,-2.66,-0.31,-0.82
124,0.04,-0.29,0.96,-3.02,-0.38,-0.9
125,0.03,-0.29,0.96,-2.97,-1.01,0.23
126,0.03,-0.28,0.94,-2.95,-0.26,2.31
127,0.02,-0.27,0.95,-4.18,-0.05,2.79
128,0.02,-0.27,0.95,-4.67,0.25,2.97
129,0.01,-0.26,0.96,-3.93,1.55,4.05
130,-0.02,-0.25,0.95,-3.44,1.08,6.21
131,-0.03,-0.25,0.94,-4.49,1.16,7.92
132,-0.04,-0.25,0.95,-4.89,0.64,10.69
133,-0.03,-0.26,0.93,-6.02,1.63,13.92
134,-0.03,-0.26,0.94,-6.47,2.33,16.56
135,-0.03,-0.26,0.92,-6.19,0.03,18.59
136,0.02,-0.25,0.9,-5.27,-0.6,22.01
137,0.05,-0.25,0.91,-5.34,-3.89,22.29
138,0.08,-0.27,0.88,-4.31,-16.5,22.71
139,0.19,-0.37,0.88,1.26,-34.66,25.94
140,0.36,-0.42,0.86,7.31,-61.95,26.46
141,0.68,-0.55,0.88,20.19,-97.98,29.71
142,1.28,-0.59,0.81,29.4,-114.98,32.64
143,2.0,-0.68,0.6,41.3,-153.86,19.93
144,2.0,-0.4,0.57,8.82,-125.59,-11.98
145,2.0,-0.34,0.56,-12.31,-67.21,-61.82
146,2.0,-0.27,0.65,-30.85,27.25,-84.98
147,2.0,-0.35,0.61,-27.82,95.59,-102.65
148,2.0,-0.5,0.39,-18.16,131.11,-149.18
149,2.0,-0.56,0.24,-5.65,159.6,-196.38
150,2.0,-0.7,0.09,-6.63,171.55,-242.05
151,2.0,-0.87,0.05,-8.66,168.49,-250.14
152,2.0,-1.07,0.03,-20.07,166.34,-250.14
153,2.0,-1.27,0.1,-26.93,161.61,-250.14
154,1.76,-1.36,0.21,-25.54,145.79,-250.14
155,1.25,-1.4,0.23,-24.9,131.38,-250.14
156,0.71,-1.35,0.27,-36.22,121.51,-250.14
157,0.42,-1.43,0.45,-58.0,108.82,-250.14
158,0.14,-1.78,0.69,-69.95,123.02,-250.14
159,-0.15,-2.0,0.88,-54.75,148.5,-218.77
160,-0.56,-2.0,1.05,-24.39,162.54,-182.39
161,-0.76,-2.0,0.9,10.52,179.75,-179.64
162,-0.96,-2.0,0.88,9.97,236.65,-189.66
163,-1.46,-2.0,0.93,17.79,250.13,-221.76
164,-2.0,-2.0,1.01,36.81,250.13,-250.14
165,-2.0,-2.0,0.86,87.37,250.13,-250.14
166,-2.0,-2.0,0.64,129.06,250.13,-247.91
167,-2.0,-1.94,0.46,150.53,181.54,-207.33
168,-2.0,-1.27,0.14,143.89,156.24,-145.6
169,-2.0,-0.68,-0.19,94.21,142.41,-71.21
170,-2.0,-0.5,-0.21,33.76,122.97,-1.08
171,-2.0,-0.42,-0.07,42.56,-30.65,-6.14
172,-2.0,0.05,-0.28,16.87,-100.37,-32.92
173,-1.81,0.28,-0.41,-54.95,-25.58,37.15
174,-1.4,-0.01,-0.1,-87.85,80.69,121.42
175,-1.06,-0.23,0.18,-91.16,158.11,136.92
176,-1.05,-0.47,0.33,-63.53,146.3,120.97
177,-1.22,-0.59,0.33,-5.54,89.05,49.0
178,-1.44,-0.23,0.2,23.75,5.33,-22.14
179,-1.26,0.01,0.09,11.1,-48.56,-41.48
180,-1.08,0.04,0.1,-12.51,-49.27,-40.98
181,-0.93,-0.07,0.24,-30.77,-48.13,-16.16
182,-0.75,-0.19,0.4,-46.52,-34.01,2.63
183,-0.62,-0.27,0.52,-54.39,-23.49,28.73
184,-0.52,-0.34,0.62,-48.5,-24.47,37.31
185,-0.45,-0.4,0.71,-41.03,-44.28,26.31
186,-0.37,-0.44,0.75,-29.95,-60.11,11.62
187,-0.29,-0.48,0.8,-19.18,-69.75,7.18
188,-0.24,-0.48,0.85,-8.97,-69.44,14.4
189,-0.22,-0.48,0.87,-4.73,-63.2,26.82
190,-0.16,-0.45,0.87,0.77,-59.54,36.9
191,-0.08,-0.4,0.86,0.77,-49.19,46.06
192,-0.1,-0.39,0.84,-0.22,-43.21,43.27
193,-0.12,-0.37,0.83,-1.32,-45.79,39.28
194,-0.13,-0.31,0.81,-6.11,-51.44,34.24
195,-0.07,-0.31,0.85,-8.85,-49.53,40.62
196,-0.09,-0.28,0.85,-13.6,-63.22,31.33
197,-0.03,-0.27,0.87,-14.2,-77.68,21.74
198,0.02,-0.3,0.93,-13.52,-74.32,15.12
199,0.04,-0.32,0.95,-8.83,-72.92,14.79
200,0.05,-0.31,0.95,-5.08,-67.4,15.41
201,0.04,-0.29,0.95,-7.47,-60.01,23.15
202,0.03,-0.26,0.96,-8.91,-52.02,25.28
203,0.04,-0.23,0.96,-11.4,-45.99,29.13
204,0.04,-0.21,0.95,-14.5,-41.37,33.44
205,0.06,-0.22,0.94,-19.06,-34.12,36.34
206,0.07,-0.25,0.93,-21.14,-30.03,36.44
207,-0.01,-0.26,0.95,-24.82,-31.4,33.05
208,-0.02,-0.3,0.98,-24.04,-35.8,30.5
209,-0.04,-0.32,0.98,-21.46,-41.57,27.38
210,0.02,-0.32,0.97,-18.93,-43.76,27.1
211,0.05,-0.35,0.98,-17.76,-37.6,26.56
212,0.04,-0.33,0.96,-17.23,-32.27,32.37
213,0.05,-0.33,0.97,-19.27,-22.89,36.7
214,0.0,-0.33,0.95,-19.71,-20.43,38.15
215,-0.02,-0.32,0.95,-19.27,-21.11,39.21
216,-0.03,-0.32,0.94,-18.76,-26.11,37.08
217,0.01,-0.32,0.93,-19.4,-26.85,33.59
218,0.03,-0.32,0.93,-18.85,-25.35,33.4
219,0.05,-0.33,0.92,-14.41,-22.3,34.45
220,0.01,-0.34,0.92,-9.44,-20.66,35.15
221,-0.01,-0.34,0.9,-5.07,-21.03,31.23
222,-0.07,-0.33,0.91,-0.22,-28.41,25.92
223,-0.08,-0.33,0.9,3.97,-37.35,23.18
224,-0.08,-0.31,0.89,7.39,-45.65,21.21
225,-0.05,-0.29,0.89,6.33,-53.15,20.92
226,0.03,-0.26,0.87,3.85,-52.73,27.2
227,0.05,-0.24,0.88,0.24,-44.35,35.49
228,0.06,-0.23,0.87,-3.47,-37.08,40.92
229,0.07,-0.25,0.85,-4.95,-29.08,49.24
230,0.05,-0.22,0.86,-7.41,-24.44,53.83
231,0.04,-0.22,0.85,-10.73,-25.45,53.98
232,0.07,-0.24,0.88,-13.42,-22.81,52.13
233,0.08,-0.25,0.89,-18.04,-22.68,50.46
234,0.11,-0.27,0.91,-18.4,-21.44,41.39
235,0.13,-0.28,0.94,-17.54,-22.32,31.76
236,0.11,-0.3,0.97,-15.76,-20.61,27.26
237,0.08,-0.33,0.97,-11.53,-20.25,26.16
238,0.07,-0.31,0.96,-8.4,-16.01,28.69
239,0.05,-0.3,0.96,-8.18,-13.53,30.23
240,0.04,-0.3,0.94,-8.83,-9.85,32.63
241,0.01,-0.3,0.95,-9.67,-7.49,34.15
242,-0.01,-0.3,0.94,-9.97,-7.89,34.21
243,0.0,-0.3,0.93,-10.07,-8.24,33.47
244,0.0,-0.29,0.92,-11.58,-7.72,32.49
245,-0.02,-0.28,0.93,-13.02,-11.16,31.39
246,0.02,-0.29,0.93,-14.18,-13.24,30.32
247,0.05,-0.29,0.94,-15.4,-13.99,29.4
248,0.05,-0.29,0.94,-15.94,-15.18,25.72
249,0.07,-0.3,0.96,-15.6,-14.64,23.13
250,0.06,-0.3,0.95,-14.76,-11.9,22.1
251,0.06,-0.3,0.94,-13.57,-6.98,24.95
252,-0.0,-0.3,0.94,-13.75,-4.95,25.16
253,-0.05,-0.32,0.91,-14.98,-3.45,28.57
254,-0.09,-0.32,0.91,-15.73,-5.13,33.22
255,-0.09,-0.32,0.91,-17.02,-7.57,36.48
256,-0.07,-0.33,0.92,-19.09,-10.28,37.18
257,-0.01,-0.32,0.91,-20.97,-11.63,35.39
258,0.03,-0.32,0.93,-21.64,-9.95,35.58
259,0.02,-0.35,0.94,-21.43,-7.99,34.82
260,0.0,-0.36,0.95,-21.06,-7.03,33.37
261,0.0,-0.38,0.94,-18.18,-7.34,32.91
262,-0.01,-0.37,0.94,-16.56,-9.93,29.86
263,-0.03,-0.36,0.93,-15.69,-12.47,28.22
264,-0.03,-0.36,0.93,-16.05,-12.79,27.79
265,-0.02,-0.36,0.94,-15.01,-12.63,28.76
266,-0.03,-0.36,0.94,-14.37,-12.27,30.02
267,-0.01,-0.35,0.93,-13.73,-12.24,29.42
268,-0.0,-0.34,0.93,-13.4,-12.43,30.36
269,-0.03,-0.35,0.92,-14.61,-16.27,30.56
270,-0.04,-0.35,0.93,-14.65,-15.85,31.27
271,-0.0,-0.35,0.94,-15.17,-18.95,29.91
272,0.04,-0.35,0.94,-15.9,-18.04,29.53
273,0.06,-0.37,0.95,-15.26,-16.13,30.54
274,0.07,-0.39,0.97,-13.63,-13.74,29.33
275,0.06,-0.4,0.98,-11.98,-11.32,27.28
276,0.04,-0.41,0.96,-9.77,-10.34,24.94
277,-0.01,-0.41,0.95,-7.26,-11.46,23.48
278,-0.03,-0.42,0.95,-4.99,-13.9,24.56
279,-0.05,-0.4,0.93,-5.31,-15.51,26.33
280,-0.05,-0.41,0.93,-6.95,-15.96,28.64
281,-0.05,-0.41,0.93,-8.33,-18.53,30.74
282,-0.03,-0.4,0.94,-8.85,-18.72,32.69
283,-0.01,-0.41,0.94,-8.85,-19.76,32.94
284,-0.01,-0.42,0.96,-7.76,-22.23,28.62
285,0.01,-0.41,0.98,-5.71,-26.48,26.76
286,0.06,-0.41,0.97,-3.41,-27.14,22.5
287,0.08,-0.39,0.98,-2.19,-23.28,20.85
288,0.11,-0.38,0.97,-1.78,-18.76,19.79
289,0.11,-0.37,0.97,-1.41,-11.24,22.54
290,0.1,-0.38,0.97,-0.85,-7.68,23.73
291,0.06,-0.37,0.96,-0.47,-5.71,22.92
292,0.01,-0.37,0.95,-0.43,-6.56,21.16
293,-0.01,-0.38,0.94,0.01,-8.44,19.87
294,-0.03,-0.38,0.93,1.4,-12.05,18.78
295,-0.02,-0.39,0.94,3.0,-15.85,17.55
296,-0.02,-0.39,0.92,3.96,-17.71,16.93
297,-0.02,-0.37,0.92,3.81,-19.08,16.53
298,-0.01,-0.36,0.92,4.34,-19.97,16.77
299,-0.0,-0.35,0.92,3.32,-20.53,14.85
300,0.04,-0.35,0.9,3.36,-19.34,15.73
301,0.01,-0.36,0.91,2.27,-18.34,16.37
302,0.01,-0.36,0.92,1.31,-19.69,16.69
303,0.02,-0.37,0.92,2.44,-20.5,16.57
304,0.04,-0.36,0.93,3.73,-22.67,14.85
305,0.06,-0.35,0.93,4.96,-21.48,16.54
306,0.06,-0.34,0.92,4.56,-20.2,16.68
307,0.06,-0.33,0.91,3.35,-17.76,17.43
308,0.07,-0.3,0.91,1.68,-14.98,18.79
309,0.07,-0.29,0.9,-0.08,-13.75,19.15
310,0.06,-0.31,0.9,-1.43,-14.61,17.1
311,0.05,-0.32,0.91,-1.73,-15.74,15.02
312,0.03,-0.31,0.91,-2.98,-17.5,12.79
313,0.03,-0.33,0.91,-3.87,-21.19,10.56
314,0.04,-0.35,0.92,-2.05,-23.15,10.26
315,0.04,-0.36,0.92,-1.55,-23.98,9.34
316,0.05,-0.37,0.92,-0.41,-26.57,8.37
317,0.07,-0.39,0.95,1.97,-25.27,9.84
318,0.07,-0.39,0.94,3.62,-25.27,8.06
319,0.06,-0.37,0.94,4.95,-23.24,8.0
320,0.04,-0.36,0.94,4.81,-23.37,9.2
321,0.06,-0.33,0.93,4.01,-21.97,10.02
322,0.07,-0.32,0.92,2.32,-22.66,10.05
323,0.08,-0.31,0.92,0.36,-21.6,10.27
324,0.09,-0.31,0.92,-0.5,-19.4,11.9
325,0.1,-0.31,0.93,-1.64,-17.79,12.3
326,0.09,-0.32,0.92,-1.79,-17.51,11.63
327,0.08,-0.32,0.93,-1.4,-17.11,12.07
328,0.08,-0.32,0.93,0.1,-18.04,12.84
329,0.08,-0.32,0.94,0.31,-19.04,10.5
330,0.08,-0.31,0.94,-1.0,-18.6,8.53
331,0.08,-0.32,0.94,-1.44,-17.85,9.41
332,0.1,-0.33,0.96,-0.95,-18.32,8.82
333,0.1,-0.35,0.98,0.32,-17.5,7.63
334,0.11,-0.36,0.96,1.3,-17.02,6.37
335,0.1,-0.35,0.95,2.79,-15.49,8.18
336,0.08,-0.35,0.95,2.83,-14.91,8.79
337,0.1,-0.35,0.95,3.15,-13.02,9.82
338,0.1,-0.34,0.94,2.89,-10.56,9.92
339,0.1,-0.32,0.92,3.65,-10.33,9.54
340,0.1,-0.33,0.92,4.77,-11.3,8.96
341,0.11,-0.32,0.92,4.94,-12.6,7.42
342,0.14,-0.31,0.91,5.8,-12.76,6.54
343,0.14,-0.29,0.93,4.96,-11.13,5.65
344,0.12,-0.3,0.91,4.05,-11.77,3.71
345,0.13,-0.32,0.91,4.4,-11.51,2.21
346,0.12,-0.32,0.91,5.57,-12.05,1.5
347,0.11,-0.31,0.9,5.59,-14.07,0.42
348,0.12,-0.31,0.89,4.08,-15.19,-1.4
349,0.16,-0.31,0.89,3.85,-13.95,1.01
350,0.16,-0.3,0.9,2.85,-11.39,1.9
351,0.17,-0.29,0.89,1.13,-9.79,1.11
352,0.18,-0.28,0.9,-0.53,-7.25,0.56
353,0.17,-0.3,0.92,-2.1,-6.58,-1.0
354,0.16,-0.32,0.93,-1.95,-6.76,-2.05
355,0.17,-0.33,0.92,-0.53,-7.6,-1.78
356,0.16,-0.33,0.93,0.19,-8.14,-2.73
357,0.17,-0.34,0.95,1.92,-8.17,-3.24
358,0.15,-0.35,0.95,4.21,-8.5,-3.52
359,0.14,-0.34,0.95,6.15,-9.84,-4.66
360,0.14,-0.34,0.95,8.18,-11.63,-5.05
361,0.13,-0.33,0.95,9.18,-13.9,-5.69
362,0.15,-0.32,0.95,10.29,-18.27,-4.51
363,0.15,-0.3,0.93,9.92,-15.66,-6.41
364,0.15,-0.28,0.92,9.36,-14.91,-4.68
365,0.18,-0.27,0.93,5.79,-11.74,-6.34
366,0.19,-0.27,0.92,3.47,-9.17,-5.31
367,0.18,-0.27,0.94,1.03,-6.24,-3.39
368,0.19,-0.26,0.93,-1.0,-3.5,-1.31
369,0.19,-0.28,0.94,-3.88,-1.17,-0.79
370,0.2,-0.28,0.95,-4.35,1.44,-0.68
371,0.18,-0.3,0.97,-3.46,3.24,-1.17
372,0.17,-0.32,0.96,-1.64,2.8,-2.98
373,0.15,-0.32,0.95,-0.41,3.18,-3.06
374,0.13,-0.3,0.95,0.87,2.31,-3.53
375,0.13,-0.3,0.94,1.57,2.0,-4.48
376,0.12,-0.3,0.94,1.35,1.92,-5.16
377,0.11,-0.3,0.93,0.47,2.99,-4.46
378,0.12,-0.31,0.93,0.07,4.95,-3.56
379,0.12,-0.31,0.99,0.58,6.13,-1.68
380,0.08,-0.32,0.94,2.25,2.56,-0.47
381,0.1,-0.33,0.95,3.56,0.37,-1.28
382,0.1,-0.3,0.94,4.05,1.16,1.24
383,0.09,-0.3,0.93,4.21,0.18,3.58
384,0.1,-0.29,0.94,4.57,-1.51,5.41
385,0.1,-0.28,0.94,4.6,-4.4,5.12
386,0.12,-0.28,0.93,4.13,-5.92,3.17
387,0.14,-0.26,0.93,3.74,-7.02,0.95
388,0.17,-0.24,0.95,3.16,-7.96,-2.12
389,0.16,-0.24,0.94,2.42,-6.4,-2.87
390,0.14,-0.25,0.95,2.82,-5.27,-2.3
391,0.12,-0.25,0.95,1.95,-5.78,-2.76
392,0.12,-0.25,0.94,0.63,-7.71,-2.84
393,0.12,-0.27,0.96,0.6,-9.18,-1.74
394,0.12,-0.28,0.97,0.22,-10.92,-2.85
395,0.16,-0.28,0.98,1.93,-11.7,-3.06
396,0.15,-0.26,0.97,3.5,-9.75,1.14
397,0.15,-0.29,0.97,4.98,-9.97,-1.86
398,0.15,-0.28,0.97,4.95,-9.16,-3.78
399,0.16,-0.3,0.97,4.38,-8.76,-4.25
