,accel_x,accel_y,accel_z,gyro_x,gyro_y,gyro_z
0,-0.1,-0.08,0.97,-0.82,-0.69,-2.51
1,-0.11,-0.08,0.97,-0.54,-1.02,-1.62
2,-0.11,-0.07,0.96,-2.6,-0.76,-2.4
3,-0.14,-0.06,0.96,-4.85,-1.9,-4.76
4,-0.12,-0.07,0.97,-5.15,-2.27,-2.81
5,-0.12,-0.06,0.96,-5.91,-4.37,-6.37
6,-0.12,-0.07,0.96,-6.67,-5.14,-9.01
7,-0.09,-0.08,0.97,-7.15,-4.72,-10.01
8,-0.11,-0.09,0.98,-7.28,-3.51,-10.66
9,-0.09,-0.1,0.98,-6.55,-2.5,-8.46
10,-0.11,-0.1,1.0,-6.82,-1.56,-8.4
11,-0.11,-0.12,0.99,-5.11,-1.76,-5.46
12,-0.13,-0.12,0.98,-4.76,-2.17,-5.39
13,-0.12,-0.11,0.99,-5.46,-1.21,-5.88
14,-0.14,-0.13,1.0,-4.74,-1.41,-4.4
15,-0.13,-0.12,1.0,-4.2,-2.49,-4.91
16,-0.12,-0.12,0.98,-3.76,-2.06,-4.79
17,-0.12,-0.11,0.99,-3.15,-2.46,-3.57
18,-0.12,-0.12,0.99,-2.24,-3.8,-5.48
19,-0.11,-0.1,0.97,-1.89,-3.65,-4.04
20,-0.11,-0.1,0.97,-2.86,-4.76,-5.76
21,-0.08,-0.09,0.97,-2.88,-4.21,-3.24
22,-0.09,-0.1,0.97,-2.59,-1.56,-0.33
23,-0.09,-0.1,0.97,-1.8,-1.73,-0.38
24,-0.08,-0.08,0.96,-2.47,-1.02,-0.09
25,-0.09,-0.07,0.95,-3.53,-0.76,-0.78
26,-0.08,-0.07,0.94,-4.47,-1.06,-3.12
27,-0.09,-0.06,0.93,-5.88,-1.25,-3.66
28,-0.09,-0.06,0.93,-7.11,-1.53,-3.79
29,-0.08,-0.06,0.94,-8.0,-1.03,-3.82
30,-0.07,-0.05,0.93,-8.8,-0.09,-5.04
31,-0.07,-0.05,0.93,-8.97,0.85,-3.64
32,-0.07,-0.05,0.94,-8.82,2.91,-1.91
33,-0.08,-0.02,0.93,-9.73,3.29,-2.4
34,-0.08,-0.0,0.92,-11.75,5.59,-2.18
35,-0.08,0.01,0.94,-13.85,9.25,0.53
36,-0.1,0.03,0.95,-17.97,13.17,3.98
37,-0.13,0.04,0.97,-24.57,14.05,0.07
38,-0.2,0.04,1.07,-32.76,7.73,-9.73
39,-0.21,0.04,1.19,-38.94,7.11,-16.57
40,-0.19,0.01,1.36,-43.46,7.34,-19.46
41,-0.13,-0.03,1.56,-46.33,10.11,-24.87
42,-0.07,-0.09,1.76,-45.86,18.25,-32.15
43,-0.03,-0.25,2.0,-40.63,26.72,-32.87
44,-0.0,-0.49,2.0,-16.35,32.71,-29.22
45,-0.03,-0.64,2.0,9.09,42.15,-28.71
46,-0.05,-0.74,2.0,42.2,51.66,-17.59
47,-0.15,-0.74,2.0,75.57,55.73,-12.31
48,-0.21,-0.67,2.0,102.42,62.47,-2.42
49,-0.35,-0.54,2.0,119.56,66.24,4.67
50,-0.47,-0.39,1.88,128.1,65.53,12.85
51,-0.56,-0.24,1.71,130.36,64.98,20.95
52,-0.64,-0.09,1.62,128.1,61.95,35.92
53,-0.57,0.13,1.48,122.98,68.65,58.01
54,-0.45,0.42,1.34,101.53,76.73,84.16
55,-0.37,0.65,1.17,71.85,92.11,101.03
56,-0.38,0.75,1.07,42.25,98.59,103.38
57,-0.48,0.66,1.17,24.25,73.57,75.65
58,-0.59,0.46,1.07,29.62,16.06,26.5
59,-0.59,0.24,1.11,48.26,-53.64,-46.14
60,-0.46,0.06,1.11,73.15,-98.09,-90.78
61,-0.34,-0.1,1.04,100.56,-116.14,-122.7
62,-0.24,-0.18,0.98,113.13,-95.99,-118.84
63,-0.29,-0.31,0.95,122.92,-49.36,-72.6
64,-0.4,-0.37,0.92,127.56,-6.73,-1.37
65,-0.35,-0.29,0.8,129.24,22.05,44.96
66,-0.22,-0.14,0.52,114.58,43.17,62.08
67,-0.14,-0.03,0.34,87.14,62.31,70.67
68,-0.12,-0.07,0.29,55.18,60.12,61.24
69,-0.2,-0.17,0.29,38.4,36.9,21.22
70,-0.29,-0.27,0.33,31.59,9.0,-8.58
71,-0.26,-0.38,0.38,23.39,-5.42,-24.3
72,-0.29,-0.5,0.44,21.5,-12.66,-33.34
73,-0.32,-0.51,0.42,21.52,-14.84,-31.83
74,-0.31,-0.44,0.35,12.14,-19.06,-18.79
75,-0.26,-0.44,0.34,4.04,-12.46,-10.63
76,-0.18,-0.52,0.47,1.95,13.92,24.74
77,-0.19,-0.53,0.57,9.37,28.4,64.89
78,-0.14,-0.45,0.53,22.19,31.27,74.29
79,-0.07,-0.36,0.49,38.98,29.49,65.39
80,-0.14,-0.26,0.46,54.99,10.8,40.95
81,-0.11,-0.15,0.42,67.11,-10.62,18.53
82,-0.1,-0.05,0.38,75.95,-20.06,2.63
83,-0.12,0.09,0.35,79.74,-23.5,-0.92
84,-0.1,0.21,0.32,76.72,-15.04,13.13
85,-0.05,0.36,0.24,69.16,-5.44,20.08
86,-0.02,0.51,0.22,58.73,-1.53,25.45
87,-0.04,0.63,0.22,43.15,-4.7,23.11
88,0.05,0.7,0.26,42.16,10.87,21.4
89,0.09,0.77,0.27,13.32,-8.08,13.35
90,0.13,0.8,0.3,-3.57,3.82,16.18
91,0.11,0.76,0.37,-13.94,9.31,14.67
92,0.1,0.7,0.41,-20.64,11.29,9.72
93,0.1,0.62,0.48,-21.36,17.91,3.18
94,0.04,0.51,0.56,-14.82,20.56,3.53
95,0.01,0.45,0.61,-5.78,13.85,1.34
96,-0.02,0.46,0.6,3.53,6.34,-5.0
97,-0.05,0.46,0.57,7.45,-0.89,-14.2
98,-0.09,0.48,0.52,5.15,-8.23,-20.26
99,-0.1,0.48,0.49,-2.41,-12.47,-23.85
100,-0.08,0.45,0.49,-12.65,-13.6,-23.01
101,-0.09,0.4,0.49,-22.1,-13.35,-21.28
102,-0.07,0.37,0.5,-33.27,-15.42,-15.11
103,-0.08,0.33,0.55,-43.05,-13.85,-8.03
104,-0.08,0.31,0.59,-48.62,-10.9,-2.34
105,-0.1,0.31,0.64,-51.41,-12.73,-4.33
106,-0.06,0.26,0.68,-49.72,-14.06,-8.92
107,-0.04,0.23,0.72,-45.41,-16.03,-14.56
108,-0.08,0.21,0.74,-40.88,-18.89,-19.5
109,-0.09,0.2,0.71,-36.37,-16.73,-16.69
110,-0.11,0.2,0.72,-39.92,-16.6,-15.71
111,-0.14,0.21,0.72,-43.51,-16.79,-13.56
112,-0.11,0.21,0.73,-47.82,-8.79,-4.96
113,-0.13,0.18,0.78,-49.48,-0.79,2.93
114,-0.24,0.17,0.83,-49.93,-4.86,-0.58
115,-0.3,0.13,0.85,-44.44,-13.43,-4.85
116,-0.27,0.1,0.86,-38.31,-21.55,-6.56
117,-0.23,0.1,0.9,-33.94,-26.29,-4.69
118,-0.18,0.12,0.93,-30.47,-24.04,-0.55
119,-0.15,0.14,0.91,-30.08,-17.85,0.63
120,-0.17,0.15,0.94,-29.83,-11.76,5.34
121,-0.23,0.2,0.93,-31.54,-17.07,6.08
122,-0.22,0.22,0.95,-31.79,-17.93,3.12
123,-0.18,0.21,0.96,-30.71,-22.98,-1.0
124,-0.13,0.2,0.98,-31.8,-23.36,-2.98
125,-0.07,0.18,1.0,-32.96,-20.79,-7.06
126,-0.07,0.13,1.03,-29.46,-13.59,-10.62
127,-0.1,0.05,1.05,-20.87,-10.29,-10.12
128,-0.21,0.07,1.06,-13.5,-6.21,-6.83
129,-0.32,0.09,1.03,-7.5,-9.9,-3.81
130,-0.35,0.18,0.99,-4.84,-17.13,-7.67
131,-0.28,0.24,0.96,-7.6,-18.48,-10.57
132,-0.21,0.27,0.92,-15.05,-18.63,-14.26
133,-0.2,0.28,0.93,-25.27,-15.26,-10.53
134,-0.21,0.26,0.97,-36.22,-4.37,2.95
135,-0.27,0.22,1.0,-43.4,0.05,9.7
136,-0.24,0.19,1.05,-50.41,-2.17,10.34
137,-0.16,0.12,1.11,-50.27,1.85,9.21
138,-0.1,0.08,1.12,-41.05,4.64,4.32
139,-0.06,0.04,1.19,-37.08,5.28,-2.18
140,-0.1,0.04,1.21,-24.94,5.24,-6.19
141,-0.18,0.05,1.2,-11.06,3.27,-8.22
142,-0.24,0.1,1.16,-1.53,-0.06,-11.09
143,-0.26,0.14,1.08,2.67,-1.82,-13.92
144,-0.27,0.18,1.05,0.12,-3.77,-16.8
145,-0.27,0.21,0.99,-6.11,-4.42,-13.11
146,-0.29,0.21,0.97,-16.11,-6.47,-10.81
147,-0.23,0.19,0.98,-25.58,-7.11,-8.5
148,-0.12,0.17,1.04,-32.54,-0.82,-1.41
149,-0.11,0.12,1.08,-32.73,3.43,0.01
150,-0.12,0.13,1.13,-29.01,2.49,-1.08
151,-0.13,0.14,1.12,-24.47,3.52,-1.32
152,-0.12,0.16,1.09,-22.02,4.77,-5.26
153,-0.14,0.13,1.06,-18.77,8.69,-10.76
154,-0.18,0.12,1.05,-16.18,7.4,-13.21
155,-0.21,0.13,1.01,-15.21,5.33,-11.75
156,-0.21,0.14,0.98,-17.19,3.85,-13.88
157,-0.23,0.15,0.99,-19.95,0.95,-13.78
158,-0.26,0.17,1.01,-23.54,0.42,-13.72
159,-0.23,0.17,0.99,-26.61,1.56,-12.47
160,-0.24,0.15,1.03,-29.27,3.47,-12.53
161,-0.27,0.12,1.04,-28.32,3.07,-9.11
162,-0.25,0.11,1.05,-27.24,2.86,-3.87
163,-0.25,0.1,1.05,-26.06,-0.41,-3.16
164,-0.16,0.13,1.02,-26.32,3.0,-2.08
165,-0.16,0.12,1.03,-26.1,3.34,-4.43
166,-0.17,0.12,1.04,-25.73,-2.29,-10.99
167,-0.15,0.13,1.03,-26.25,-3.18,-15.7
168,-0.13,0.1,1.04,-27.21,0.81,-16.34
169,-0.19,0.08,1.04,-27.9,3.75,-13.59
170,-0.24,0.05,1.02,-28.36,4.56,-9.81
171,-0.24,0.05,1.0,-29.15,4.66,-6.92
172,-0.24,0.02,0.99,-29.37,7.08,-3.0
173,-0.26,-0.0,0.98,-28.11,5.95,-0.73
174,-0.21,0.03,0.96,-27.58,2.55,0.47
175,-0.17,0.04,0.97,-27.66,3.73,-0.18
176,-0.22,0.03,1.01,-27.43,0.47,-6.3
177,-0.2,0.03,0.98,-26.42,0.89,-4.39
178,-0.22,0.01,0.98,-26.85,1.66,-7.07
179,-0.24,-0.04,0.99,-26.67,-0.27,-6.81
180,-0.25,-0.05,1.01,-24.35,-0.75,-3.7
181,-0.24,-0.06,1.0,-22.03,2.85,1.51
182,-0.21,-0.06,1.0,-21.75,3.75,3.41
183,-0.21,-0.06,1.0,-21.08,3.12,2.76
184,-0.17,-0.05,0.99,-20.84,2.33,-0.02
185,-0.18,-0.06,1.02,-19.78,1.76,0.76
186,-0.17,-0.07,1.04,-17.35,3.59,-2.17
187,-0.2,-0.07,1.05,-11.48,5.31,-2.5
188,-0.24,-0.07,1.04,-10.32,5.02,-2.43
189,-0.27,-0.07,1.02,-5.89,3.04,0.68
190,-0.3,-0.07,1.0,-2.38,1.07,5.11
191,-0.29,-0.05,0.97,-1.11,-2.02,8.81
192,-0.23,-0.02,0.94,-2.2,-4.74,7.5
193,-0.23,-0.0,0.94,-2.15,-6.48,3.55
194,-0.24,0.02,0.94,-4.44,-10.63,0.9
195,-0.2,0.04,0.91,-9.17,-8.53,3.68
196,-0.17,0.03,0.92,-12.91,-5.54,1.57
197,-0.17,0.02,0.94,-13.56,-4.91,-2.87
198,-0.16,-0.01,0.93,-14.33,-4.91,-6.24
199,-0.18,-0.05,0.94,-14.26,-5.54,-8.06
200,-0.17,-0.08,0.95,-12.76,-6.24,-5.38
201,-0.17,-0.08,0.93,-11.63,-5.78,-4.69
202,-0.18,-0.07,0.92,-13.42,-6.86,-1.69
203,-0.16,-0.05,0.91,-15.48,-2.49,3.62
204,-0.19,-0.04,0.92,-18.53,1.06,4.66
205,-0.26,-0.05,0.94,-20.5,-0.89,0.63
206,-0.31,-0.07,0.98,-18.15,-5.35,-3.11
207,-0.34,-0.08,0.99,-15.86,-12.95,-4.51
208,-0.31,-0.06,0.99,-14.48,-17.45,-4.44
209,-0.24,-0.04,1.0,-14.61,-18.71,-2.62
210,-0.18,-0.02,1.01,-16.93,-15.29,1.05
211,-0.06,0.0,1.02,-18.91,-5.78,9.37
212,-0.05,0.0,1.01,-19.85,3.63,8.31
213,-0.12,-0.0,1.03,-19.56,4.24,2.48
214,-0.15,-0.02,1.05,-14.68,2.31,5.6
215,-0.16,-0.04,1.03,-13.65,1.95,0.21
216,-0.2,-0.05,1.02,-10.09,-5.69,-2.56
217,-0.21,-0.06,1.03,-8.84,-6.49,2.15
218,-0.22,-0.04,1.03,-6.86,-8.21,3.39
219,-0.18,-0.04,1.01,-6.84,-9.02,3.31
220,-0.12,-0.02,0.99,-7.82,-7.27,1.1
221,-0.12,-0.02,0.98,-9.56,-8.95,-4.89
222,-0.09,-0.02,1.0,-9.75,-11.15,-11.1
223,-0.1,-0.03,0.99,-10.21,-10.18,-15.11
224,-0.15,-0.04,0.99,-10.62,-8.24,-15.7
225,-0.18,-0.05,0.99,-12.02,-7.46,-13.21
226,-0.18,-0.05,0.97,-15.52,-3.75,-5.6
227,-0.17,-0.06,0.96,-19.9,1.53,-3.44
228,-0.21,-0.1,0.99,-22.2,3.81,-4.41
229,-0.21,-0.14,1.01,-19.44,2.75,3.54
230,-0.21,-0.16,1.03,-14.93,2.16,12.35
231,-0.21,-0.16,1.02,-12.43,0.36,8.58
232,-0.18,-0.15,1.02,-8.82,-0.88,8.13
233,-0.15,-0.14,1.02,-2.98,2.64,13.21
234,-0.19,-0.14,1.0,-1.86,2.04,20.19
235,-0.21,-0.14,1.01,2.79,0.01,16.95
236,-0.21,-0.13,0.99,6.48,-5.96,10.61
237,-0.19,-0.1,0.95,7.41,-9.92,4.2
238,-0.17,-0.05,0.94,3.87,-11.99,-1.66
239,-0.1,-0.02,0.92,-1.44,-9.91,-3.94
240,-0.11,-0.01,0.92,-6.08,-5.85,-7.74
241,-0.14,-0.02,0.94,-10.31,-3.47,-9.56
242,-0.14,-0.04,0.94,-12.05,-0.02,-3.15
243,-0.15,-0.06,0.96,-10.98,1.24,0.25
244,-0.17,-0.08,0.98,-9.38,-2.48,-3.95
245,-0.15,-0.09,0.98,-6.5,-4.61,-3.85
246,-0.15,-0.09,0.98,-4.37,-5.48,-4.98
247,-0.16,-0.1,0.99,-2.61,-7.56,-7.56
248,-0.16,-0.1,0.99,-0.66,-8.48,-6.47
249,-0.16,-0.11,1.0,0.74,-8.0,-5.73
250,-0.16,-0.1,0.98,2.21,-7.26,-4.81
251,-0.18,-0.1,0.97,2.56,-7.11,-3.4
252,-0.18,-0.08,0.94,1.15,-5.91,1.6
253,-0.18,-0.07,0.93,-1.78,-3.59,4.08
254,-0.18,-0.08,0.94,-3.8,-1.31,5.76
255,-0.17,-0.09,0.96,-4.93,-0.21,6.62
256,-0.16,-0.09,0.96,-5.24,3.59,9.4
257,-0.18,-0.09,0.97,-4.89,4.39,7.84
258,-0.18,-0.1,0.98,-2.62,3.09,4.36
259,-0.18,-0.08,0.97,-1.08,-0.02,2.29
260,-0.16,-0.07,0.96,-0.8,-0.56,0.48
261,-0.17,-0.07,0.96,-0.07,-2.79,-2.23
262,-0.16,-0.08,0.98,0.55,-5.38,-4.54
263,-0.14,-0.05,0.99,0.37,-4.2,-3.21
264,-0.14,-0.06,0.98,-1.39,-5.32,-5.11
265,-0.13,-0.04,0.98,-5.18,-3.0,-5.35
266,-0.16,-0.07,0.99,-7.25,-1.42,-5.34
267,-0.15,-0.11,1.01,-5.85,1.78,-1.86
268,-0.13,-0.1,1.01,-3.54,6.34,0.02
269,-0.14,-0.11,1.02,-2.08,8.76,3.35
270,-0.17,-0.1,1.0,0.65,7.57,4.39
271,-0.17,-0.09,0.99,3.76,2.56,1.91
272,-0.19,-0.07,0.98,4.27,-1.29,-2.25
273,-0.16,-0.06,0.98,2.36,-3.93,-6.08
274,-0.15,-0.05,0.97,1.01,-4.6,-9.57
275,-0.14,-0.05,0.96,-0.65,-5.18,-8.97
276,-0.14,-0.04,0.97,-2.44,-3.05,-7.9
277,-0.17,-0.07,0.98,-3.62,0.69,-6.59
278,-0.16,-0.1,1.0,-1.86,1.3,1.08
279,-0.19,-0.1,1.02,2.63,-1.0,3.1
280,-0.21,-0.11,1.0,6.13,-2.76,0.87
281,-0.21,-0.1,1.0,8.45,-6.78,0.42
282,-0.22,-0.1,1.0,7.75,-9.12,-2.53
283,-0.17,-0.06,0.99,10.95,-13.43,-3.63
284,-0.16,-0.06,0.98,11.14,-17.63,-8.74
285,-0.14,-0.05,0.98,8.51,-18.03,-16.6
286,-0.1,-0.04,0.96,6.44,-16.28,-19.6
287,-0.1,-0.05,0.97,3.27,-13.9,-17.66
288,-0.14,-0.04,0.97,-0.57,-10.73,-18.89
289,-0.14,-0.04,0.95,-0.63,-1.04,-16.73
290,-0.13,-0.02,0.96,-3.4,1.76,-14.0
291,-0.17,-0.07,0.99,-8.21,-1.46,-10.34
292,-0.18,-0.08,1.0,-8.4,-2.44,-9.6
293,-0.16,-0.08,1.0,-10.65,-1.47,-12.41
294,-0.15,-0.03,1.01,-22.74,1.13,-32.6
295,-0.15,-0.14,0.95,-26.11,-1.94,-42.11
296,-0.17,-0.16,0.95,-5.53,-8.56,-30.77
297,-0.16,-0.12,0.95,-1.06,-13.89,-18.21
298,-0.12,-0.11,0.97,4.05,-11.5,-4.85
