,accel_x,accel_y,accel_z,gyro_x,gyro_y,gyro_z
0,-0.09,-0.42,0.88,0.53,-11.18,-0.37
1,-0.09,-0.42,0.89,0.2,-10.61,1.58
2,-0.08,-0.41,0.9,-2.32,-7.19,4.05
3,-0.05,-0.4,0.89,-5.6,-2.27,6.63
4,-0.06,-0.4,0.89,-8.96,1.44,7.45
5,-0.08,-0.42,0.89,-10.47,1.04,6.92
6,-0.08,-0.43,0.88,-8.24,-1.8,6.54
7,-0.09,-0.43,0.86,-6.82,-5.21,5.76
8,-0.09,-0.41,0.84,-7.31,-6.77,3.44
9,-0.1,-0.42,0.84,-7.32,-10.25,3.28
10,-0.08,-0.41,0.83,-8.05,-13.64,2.19
11,-0.06,-0.4,0.85,-9.7,-14.54,1.45
12,-0.05,-0.41,0.86,-11.06,-14.31,2.95
13,-0.04,-0.42,0.85,-12.04,-13.99,2.19
14,-0.04,-0.42,0.86,-12.81,-14.95,0.62
15,-0.03,-0.45,0.89,-12.2,-14.31,-1.53
16,-0.01,-0.46,0.92,-10.19,-13.53,-1.42
17,-0.01,-0.46,0.93,-6.88,-12.98,-1.62
18,0.01,-0.46,0.94,-6.37,-8.38,0.41
19,0.0,-0.46,0.94,-6.38,-3.39,0.44
20,-0.01,-0.45,0.92,-5.47,-0.53,-0.98
21,-0.03,-0.44,0.9,-5.6,0.92,-2.31
22,-0.04,-0.44,0.9,-5.38,-0.14,-1.46
23,-0.05,-0.45,0.88,-4.85,-0.61,-1.68
24,-0.07,-0.46,0.89,-4.48,-1.31,-1.97
25,-0.06,-0.47,0.89,-3.37,-2.54,-1.68
26,-0.05,-0.45,0.88,-2.79,-3.02,-0.73
27,-0.06,-0.45,0.89,-2.51,-3.01,0.54
28,-0.07,-0.44,0.88,-1.76,-1.71,-1.15
29,-0.06,-0.45,0.88,-1.18,-3.27,-1.42
30,-0.07,-0.45,0.89,-1.44,-3.83,-3.17
31,-0.07,-0.45,0.89,-2.8,-4.1,-5.05
32,-0.06,-0.45,0.88,-3.35,-4.29,-6.86
33,-0.06,-0.46,0.89,-3.87,-4.0,-7.75
34,-0.07,-0.47,0.9,-3.31,-5.21,-7.16
35,-0.06,-0.48,0.9,-2.69,-6.39,-4.16
36,-0.06,-0.49,0.9,-3.24,-5.35,-2.28
37,-0.07,-0.5,0.9,-3.31,-4.58,0.03
38,-0.05,-0.49,0.9,-2.46,-4.31,1.43
39,-0.04,-0.48,0.9,-2.15,-4.18,1.44
40,-0.03,-0.47,0.9,-1.14,-4.47,1.5
41,-0.04,-0.46,0.9,0.46,-5.78,1.05
42,-0.02,-0.44,0.89,0.89,-5.87,0.08
43,-0.02,-0.43,0.88,0.56,-4.79,-1.02
44,-0.02,-0.42,0.89,-0.04,-3.85,-2.79
45,-0.02,-0.41,0.88,-0.76,-3.05,-4.63
46,-0.03,-0.42,0.88,-1.35,-3.09,-3.78
47,-0.03,-0.43,0.88,-1.62,-3.11,-2.86
48,-0.02,-0.42,0.87,-3.15,-2.28,-3.78
49,-0.03,-0.42,0.88,-4.54,-1.71,-0.52
50,-0.04,-0.44,0.89,-4.15,-2.41,0.6
51,-0.03,-0.43,0.88,-3.77,-3.37,-1.12
52,-0.02,-0.43,0.89,-3.5,-2.71,-2.72
53,-0.02,-0.44,0.9,-2.22,-1.15,-3.85
54,-0.02,-0.45,0.9,-1.05,-0.34,-5.61
55,-0.03,-0.45,0.88,0.01,-0.76,-6.73
56,-0.03,-0.44,0.87,0.79,-1.04,-5.38
57,-0.04,-0.44,0.87,0.0,-2.05,-3.19
58,-0.04,-0.42,0.85,-1.72,-2.09,-4.23
59,-0.05,-0.42,0.87,-3.25,-1.76,-5.04
60,-0.05,-0.43,0.87,-4.45,-0.25,-3.29
61,-0.05,-0.45,0.87,-4.61,-0.94,-3.76
62,-0.05,-0.45,0.89,-3.67,-1.05,-3.95
63,-0.05,-0.45,0.89,-3.63,0.15,-4.3
64,-0.06,-0.45,0.88,-2.74,-0.5,-4.76
65,-0.06,-0.46,0.88,-2.29,-1.08,-5.33
66,-0.05,-0.45,0.88,-2.25,-1.6,-5.62
67,-0.05,-0.46,0.88,-1.61,-2.97,-5.82
68,-0.03,-0.45,0.9,-0.85,-5.12,-4.14
69,-0.03,-0.44,0.89,-2.53,-1.72,-3.73
70,-0.05,-0.45,0.9,-2.08,-1.11,-3.27
71,-0.04,-0.45,0.89,-0.75,-3.45,-2.36
72,-0.02,-0.42,0.88,-1.3,-2.76,-2.81
73,-0.03,-0.43,0.88,-1.44,-1.98,-3.66
74,-0.04,-0.43,0.87,-1.66,-2.7,-4.96
75,-0.04,-0.42,0.87,-2.87,-3.13,-4.56
76,-0.02,-0.41,0.88,-3.58,-2.41,-5.31
77,-0.03,-0.43,0.88,-3.44,-2.37,-5.81
78,-0.03,-0.44,0.9,-3.69,-3.42,-5.49
79,-0.01,-0.45,0.9,-3.44,-3.11,-5.9
80,0.01,-0.44,0.91,-3.37,-1.06,-3.85
81,-0.02,-0.46,0.9,-3.02,0.85,-3.19
82,-0.04,-0.46,0.9,-1.34,0.01,-3.7
83,-0.03,-0.45,0.88,-1.16,0.05,-4.24
84,-0.03,-0.43,0.88,-2.39,0.87,-2.97
85,-0.04,-0.43,0.88,-3.27,0.6,-2.9
86,-0.04,-0.43,0.88,-3.37,-0.71,-4.45
87,-0.03,-0.43,0.89,-3.59,-0.53,-5.41
88,-0.03,-0.44,0.89,-2.6,-1.5,-5.57
89,-0.03,-0.45,0.89,-2.1,-1.43,-6.4
90,-0.04,-0.44,0.88,-2.63,-0.45,-6.05
91,-0.05,-0.45,0.88,-2.46,-0.52,-4.55
92,-0.05,-0.45,0.88,-2.4,-0.53,-3.95
93,-0.04,-0.45,0.88,-2.6,-0.27,-3.47
94,-0.04,-0.44,0.88,-2.31,-1.45,-2.01
95,-0.03,-0.44,0.88,-2.96,-1.69,0.36
96,-0.03,-0.44,0.89,-3.09,-1.44,-0.92
97,-0.02,-0.44,0.89,-2.38,-2.09,-2.85
98,-0.02,-0.44,0.89,-2.82,-1.34,-3.28
99,-0.03,-0.44,0.88,-2.94,-0.81,-3.6
100,-0.03,-0.43,0.89,-2.18,-1.98,-3.69
101,-0.02,-0.43,0.88,-2.66,-1.92,-4.6
102,-0.03,-0.43,0.88,-3.42,-1.66,-4.3
103,-0.03,-0.46,0.9,-3.18,-1.76,-3.61
104,-0.02,-0.46,0.9,-1.62,-3.68,-2.67
105,-0.01,-0.44,0.9,-1.73,-2.8,-1.36
106,-0.01,-0.44,0.9,-2.82,-0.52,-1.92
107,-0.02,-0.45,0.9,-2.47,-0.07,-2.67
108,-0.03,-0.45,0.89,-2.62,-0.02,-2.54
109,-0.03,-0.46,0.9,-2.73,0.34,-1.89
110,-0.03,-0.46,0.9,-1.76,0.25,-1.43
111,-0.03,-0.46,0.89,-1.27,1.15,-1.97
112,-0.05,-0.46,0.88,-1.04,0.98,-1.06
113,-0.06,-0.45,0.88,-0.87,0.02,-0.5
114,-0.05,-0.43,0.87,-1.82,-0.44,-0.7
115,-0.04,-0.42,0.88,-2.71,-0.66,-0.46
116,-0.04,-0.42,0.87,-3.0,-1.56,0.48
117,-0.04,-0.42,0.87,-4.49,-0.34,-1.81
118,-0.03,-0.43,0.88,-4.11,-1.2,-2.54
119,-0.04,-0.45,0.88,-3.37,-1.66,-2.96
120,-0.02,-0.45,0.88,-3.33,-1.67,-2.75
121,-0.02,-0.44,0.9,-4.09,-1.37,-1.92
122,-0.01,-0.44,0.9,-3.8,-0.24,-2.01
123,-0.02,-0.44,0.89,-3.14,-0.73,-2.95
124,-0.02,-0.44,0.89,-2.55,-1.12,-4.07
125,-0.02,-0.45,0.89,-2.05,-0.91,-4.79
126,-0.02,-0.45,0.88,-1.58,-1.29,-4.7
127,-0.02,-0.45,0.88,-1.92,-1.31,-3.05
128,-0.03,-0.45,0.88,-2.31,-0.79,-2.08
129,-0.04,-0.44,0.88,-1.86,-1.98,-0.31
130,-0.02,-0.43,0.87,-2.81,-2.02,-0.07
131,-0.02,-0.43,0.88,-3.85,-1.24,-1.08
132,-0.02,-0.44,0.88,-3.73,-0.41,-1.63
133,-0.02,-0.44,0.89,-3.21,-0.21,-1.6
134,-0.02,-0.43,0.87,-2.98,-0.27,-3.29
135,-0.03,-0.43,0.88,-3.03,-0.89,-4.1
136,-0.04,-0.42,0.86,-3.29,-1.33,-5.93
137,-0.02,-0.42,0.86,-3.93,-2.27,-6.45
138,-0.03,-0.42,0.87,-4.91,-1.59,-6.56
139,-0.02,-0.42,0.88,-6.11,-0.21,-5.26
140,-0.02,-0.44,0.88,-5.93,-0.39,-4.66
141,-0.03,-0.43,0.87,-5.43,-1.57,-3.43
142,-0.04,-0.41,0.87,-5.44,-2.82,-3.37
143,-0.03,-0.4,0.86,-6.03,-3.1,-4.92
144,-0.02,-0.39,0.85,-6.82,-3.44,-6.29
145,-0.02,-0.37,0.85,-8.42,-3.78,-5.92
146,-0.0,-0.31,0.87,-12.31,-5.67,-3.11
147,0.01,-0.25,0.9,-19.52,-8.6,-0.52
148,0.04,-0.19,0.97,-32.71,-10.47,4.69
149,0.03,-0.11,1.09,-51.3,-19.85,11.55
150,0.15,0.04,1.28,-80.92,-30.63,29.24
151,0.23,0.18,1.57,-144.27,-21.55,40.73
152,0.09,0.02,2.0,-207.32,11.69,43.5
153,-0.03,-0.92,2.0,-250.14,40.26,41.73
154,-0.11,-2.0,2.0,-229.32,68.56,79.35
155,-0.59,-2.0,2.0,-49.9,36.09,105.9
156,-0.29,-2.0,2.0,175.37,-45.14,68.85
157,-0.08,-2.0,2.0,250.13,-60.24,-8.13
158,0.19,-2.0,2.0,250.13,-6.5,-55.46
159,-0.04,-2.0,2.0,250.13,52.1,-16.89
160,-0.17,-2.0,2.0,250.13,115.56,20.33
161,-0.16,-2.0,1.07,250.13,166.95,69.82
162,-0.2,-1.91,0.12,250.13,183.91,124.66
163,-0.65,-0.87,-0.75,250.13,151.47,148.38
164,-0.73,-0.32,-1.34,250.13,89.4,144.32
165,-0.52,0.06,-1.71,250.13,23.82,157.89
166,-0.17,0.26,-1.79,230.87,-2.67,125.18
167,-0.02,0.55,-1.75,193.82,-20.09,102.82
168,0.17,0.77,-1.67,164.54,-27.09,91.81
169,0.2,0.87,-1.51,127.59,-33.18,75.14
170,0.2,0.92,-1.38,90.99,-29.08,46.55
171,0.14,0.86,-1.26,56.39,-27.17,15.6
172,0.08,0.73,-1.06,36.51,-32.36,-3.14
173,0.06,0.61,-0.89,24.41,-44.02,-8.71
174,0.08,0.5,-0.75,25.37,-53.31,-24.31
175,0.15,0.48,-0.63,30.37,-55.68,-42.39
176,0.27,0.47,-0.43,31.95,-53.57,-49.37
177,0.36,0.41,-0.27,34.87,-40.11,-44.34
178,0.4,0.38,-0.2,31.21,-18.84,-31.7
179,0.45,0.35,0.02,26.67,-5.7,-34.92
180,0.46,0.32,0.2,26.41,14.91,-18.28
181,0.41,0.27,0.3,29.86,26.68,-5.32
182,0.32,0.23,0.4,36.66,39.04,-16.69
183,0.21,0.25,0.35,45.08,39.43,-17.28
184,0.08,0.27,0.32,52.28,30.19,-29.98
185,0.05,0.34,0.35,47.96,20.56,-33.73
186,0.01,0.4,0.29,32.57,17.57,-38.38
187,-0.03,0.45,0.28,16.34,12.58,-36.37
188,-0.04,0.51,0.34,-6.25,4.12,-33.24
189,-0.04,0.47,0.43,-25.21,0.76,-31.21
190,-0.06,0.43,0.54,-41.03,-0.73,-27.26
191,-0.1,0.35,0.69,-57.21,2.73,-22.69
192,-0.13,0.24,0.77,-64.86,3.24,-16.48
193,-0.19,0.12,0.85,-60.09,-3.02,-8.11
194,-0.17,0.09,0.93,-54.11,-11.27,-3.21
195,-0.12,0.1,0.99,-50.44,-15.64,6.34
196,-0.11,0.11,1.02,-46.29,-14.4,11.51
197,-0.07,0.14,1.03,-43.57,-8.06,12.29
198,-0.11,0.24,0.99,-44.67,-3.49,13.94
199,-0.12,0.26,0.96,-46.24,-1.44,7.92
200,-0.14,0.26,0.95,-46.84,-2.0,3.61
201,-0.17,0.22,0.94,-46.5,-5.87,-3.26
202,-0.13,0.2,0.93,-47.78,-6.97,-9.72
203,-0.09,0.19,0.99,-52.02,-5.69,-11.82
204,-0.1,0.15,1.04,-54.02,-1.62,-12.06
205,-0.12,0.1,1.07,-52.89,5.48,-10.56
206,-0.17,0.07,1.08,-51.39,11.51,-8.4
207,-0.23,0.07,1.08,-47.28,12.92,-4.82
208,-0.26,0.08,1.05,-42.49,11.15,-3.02
209,-0.26,0.05,1.02,-38.66,9.76,-3.73
210,-0.27,0.05,1.0,-34.88,7.1,-0.91
211,-0.27,0.03,0.98,-31.53,3.0,0.63
212,-0.27,0.03,0.96,-30.89,-1.16,1.31
213,-0.32,0.06,0.95,-31.45,-5.38,4.71
214,-0.27,0.09,0.94,-34.07,-11.34,-0.51
215,-0.15,0.11,0.96,-38.07,-8.9,-7.24
216,-0.12,0.07,0.99,-40.62,-3.91,-11.04
217,-0.13,0.03,1.02,-41.85,-0.76,-9.82
218,-0.16,0.01,1.04,-42.4,-1.01,-8.77
219,-0.16,-0.03,1.05,-39.52,0.18,-6.34
220,-0.16,-0.04,1.05,-35.94,0.9,-2.64
221,-0.19,-0.04,1.04,-36.27,2.73,0.38
222,-0.22,-0.05,1.03,-36.29,3.46,2.83
223,-0.26,-0.06,1.03,-34.27,-0.61,2.25
224,-0.2,-0.06,1.04,-32.91,-3.05,3.02
225,-0.16,-0.02,1.04,-34.79,0.0,2.39
226,-0.16,-0.01,1.03,-37.15,1.97,0.7
227,-0.18,-0.02,1.03,-36.79,3.06,-3.11
228,-0.23,-0.03,1.04,-33.64,-1.7,-7.11
229,-0.21,-0.04,1.04,-31.34,-5.16,-10.47
230,-0.18,-0.06,1.03,-28.99,-6.12,-11.92
231,-0.18,-0.08,1.01,-29.15,-5.31,-13.05
232,-0.18,-0.09,1.02,-28.32,-6.49,-10.71
233,-0.2,-0.1,1.03,-26.17,-7.53,-9.77
234,-0.18,-0.09,1.03,-25.09,-5.65,-9.21
235,-0.17,-0.08,1.02,-27.27,-0.89,-6.68
236,-0.19,-0.08,1.02,-29.11,3.25,-5.24
237,-0.23,-0.1,1.02,-27.72,3.69,-2.74
238,-0.26,-0.11,1.02,-23.94,1.27,-2.12
239,-0.24,-0.11,1.01,-20.36,-2.05,-4.38
240,-0.22,-0.11,1.01,-17.14,-6.53,-8.07
241,-0.18,-0.09,1.0,-16.47,-9.34,-10.15
242,-0.14,-0.08,1.02,-18.16,-9.19,-10.05
243,-0.11,-0.08,1.02,-20.2,-4.43,-9.98
244,-0.13,-0.1,1.03,-21.39,0.48,-7.05
245,-0.15,-0.12,1.02,-22.31,3.18,-4.52
246,-0.16,-0.12,1.01,-22.93,4.98,-2.4
247,-0.17,-0.12,0.99,-22.47,5.66,-1.96
248,-0.18,-0.13,0.98,-21.9,5.41,-3.55
249,-0.19,-0.14,0.97,-22.1,4.54,-3.82
250,-0.22,-0.15,0.97,-22.07,2.68,-2.98
251,-0.22,-0.15,0.97,-22.28,2.15,-2.75
252,-0.21,-0.15,0.96,-21.89,1.7,-2.22
253,-0.2,-0.16,0.97,-20.84,1.24,-3.06
254,-0.2,-0.15,0.97,-19.9,0.62,-4.13
255,-0.19,-0.16,0.97,-18.38,1.61,-5.62
256,-0.19,-0.14,0.96,-18.27,0.85,-6.27
257,-0.19,-0.14,0.96,-17.67,-0.33,-7.24
258,-0.2,-0.14,0.95,-16.53,-0.6,-7.92
259,-0.2,-0.14,0.95,-15.73,-1.97,-9.06
260,-0.18,-0.13,0.94,-16.1,-1.37,-8.53
261,-0.18,-0.15,0.95,-16.16,-0.47,-6.8
262,-0.16,-0.14,0.96,-16.37,0.44,-4.92
263,-0.14,-0.13,0.95,-17.3,4.36,-2.81
264,-0.17,-0.14,0.94,-16.56,5.56,-2.61
265,-0.19,-0.14,0.93,-14.88,4.24,-2.73
266,-0.2,-0.12,0.92,-15.93,4.79,-3.14
267,-0.19,-0.13,0.9,-17.02,4.26,-2.92
268,-0.22,-0.13,0.9,-17.46,1.34,-3.27
269,-0.21,-0.15,0.91,-17.3,-1.35,-3.5
270,-0.2,-0.15,0.92,-17.09,-2.49,-5.12
271,-0.2,-0.15,0.91,-17.14,-3.5,-4.46
272,-0.19,-0.14,0.92,-17.53,-3.54,-3.76
273,-0.18,-0.15,0.92,-18.7,-2.17,-3.17
274,-0.19,-0.15,0.91,-20.3,-1.24,-2.98
275,-0.17,-0.15,0.93,-21.94,-0.11,-2.27
276,-0.14,-0.14,0.93,-23.27,1.76,-3.22
277,-0.13,-0.13,0.94,-25.31,3.6,-4.51
278,-0.11,-0.13,0.95,-26.28,6.76,-4.44
279,-0.12,-0.15,0.96,-28.77,11.22,-6.18
280,-0.16,-0.18,0.97,-29.55,11.76,-7.55
281,-0.23,-0.31,0.9,-20.79,13.02,-9.63
282,-0.2,-0.24,0.96,-25.66,11.35,-2.01
283,-0.2,-0.22,0.94,-23.39,7.44,-3.53
284,-0.2,-0.21,0.92,-23.19,7.44,-2.97
285,-0.24,-0.21,0.91,-21.46,7.44,-0.95
286,-0.24,-0.22,0.91,-22.52,2.95,0.62
287,-0.22,-0.19,0.93,-24.76,-0.79,-1.94
288,-0.2,-0.19,0.93,-27.35,-1.71,-1.34
289,-0.19,-0.2,0.95,-30.68,-2.47,0.41
290,-0.16,-0.22,0.97,-32.31,-2.05,-0.95
291,-0.19,-0.24,0.95,-35.53,-1.73,-1.69
292,-0.17,-0.25,1.0,-36.22,3.85,0.7
293,-0.22,-0.29,1.0,-32.77,4.26,-5.05
294,-0.25,-0.31,1.0,-28.8,2.2,-4.34
295,-0.27,-0.31,0.99,-26.47,1.98,-3.02
296,-0.26,-0.31,0.98,-25.18,0.32,-2.31
297,-0.24,-0.31,0.99,-23.21,-2.0,-2.08
298,-0.21,-0.32,1.0,-21.05,-2.5,-1.89
299,-0.19,-0.32,0.99,-20.75,-0.46,0.2
300,-0.19,-0.31,0.99,-21.08,1.67,0.5
301,-0.19,-0.3,0.98,-21.82,4.4,0.99
302,-0.22,-0.3,0.97,-22.62,6.32,1.03
303,-0.23,-0.32,0.97,-21.99,4.93,1.4
304,-0.25,-0.34,0.96,-20.1,1.83,2.34
305,-0.24,-0.35,0.96,-18.09,-0.93,2.74
306,-0.21,-0.33,0.96,-16.48,-2.2,4.2
307,-0.2,-0.33,0.95,-15.04,-2.52,3.39
308,-0.16,-0.31,0.94,-14.33,-0.73,3.3
309,-0.16,-0.28,0.91,-14.53,4.52,2.86
310,-0.18,-0.28,0.9,-14.18,2.21,3.13
311,-0.18,-0.28,0.9,-15.02,2.76,3.24
312,-0.19,-0.28,0.89,-16.82,3.98,0.69
313,-0.21,-0.3,0.87,-17.82,4.34,0.32
314,-0.2,-0.32,0.87,-17.28,4.56,2.07
315,-0.2,-0.31,0.84,-17.16,5.94,2.67
316,-0.2,-0.29,0.81,-17.89,6.63,3.86
317,-0.23,-0.28,0.8,-18.4,4.98,4.95
318,-0.26,-0.25,0.78,-20.38,1.33,4.82
319,-0.29,-0.24,0.79,-23.76,-3.01,5.96
320,-0.28,-0.24,0.81,-27.44,-8.66,8.47
321,-0.24,-0.25,0.83,-30.98,-11.11,10.04
322,-0.19,-0.29,0.88,-33.44,-9.86,9.68
323,-0.17,-0.33,0.93,-35.83,-5.54,7.48
324,-0.16,-0.37,0.94,-33.69,-4.85,6.3
325,-0.16,-0.4,0.97,-28.56,-2.24,5.53
326,-0.16,-0.4,0.96,-24.15,-0.93,2.14
327,-0.17,-0.39,0.95,-21.71,0.97,1.92
328,-0.19,-0.4,0.93,-20.15,2.25,2.16
329,-0.2,-0.39,0.94,-19.22,2.74,1.3
330,-0.21,-0.4,0.92,-18.6,2.9,1.55
331,-0.22,-0.4,0.91,-17.98,3.5,2.31
332,-0.21,-0.4,0.91,-16.86,2.87,4.53
333,-0.21,-0.38,0.91,-16.04,2.7,3.31
334,-0.19,-0.36,0.88,-16.4,2.66,1.29
335,-0.2,-0.33,0.88,-17.84,1.75,0.98
336,-0.2,-0.35,0.88,-18.62,1.1,0.37
337,-0.21,-0.36,0.88,-18.81,-0.44,0.5
338,-0.19,-0.35,0.89,-19.09,1.72,0.59
339,-0.2,-0.38,0.88,-18.14,2.11,0.19
340,-0.2,-0.37,0.87,-17.08,1.7,-1.07
341,-0.19,-0.36,0.87,-16.77,1.98,-1.7
342,-0.2,-0.37,0.87,-16.18,-0.23,-1.06
343,-0.19,-0.36,0.88,-14.98,0.15,-2.74
344,-0.19,-0.37,0.88,-13.75,-0.88,-5.1
345,-0.19,-0.38,0.87,-11.33,-1.66,-7.8
346,-0.2,-0.4,0.86,-8.11,-3.3,-10.32
347,-0.21,-0.42,0.84,-3.94,-6.72,-14.81
348,-0.23,-0.38,0.81,-1.84,-10.66,-19.49
349,-0.25,-0.33,0.81,-2.66,-16.16,-23.37
350,-0.24,-0.32,0.81,-6.41,-19.18,-26.04
351,-0.24,-0.34,0.84,-12.3,-19.43,-25.96
352,-0.22,-0.39,0.9,-15.41,-19.79,-24.63
353,-0.19,-0.42,0.94,-17.36,-19.79,-21.92
354,-0.15,-0.43,0.97,-18.58,-14.83,-19.15
355,-0.15,-0.48,0.98,-17.04,-10.08,-16.61
356,-0.13,-0.5,1.03,-18.01,-3.01,-12.37
357,-0.15,-0.51,1.03,-14.39,-0.37,-9.31
358,-0.16,-0.5,1.02,-11.21,4.92,-7.89
359,-0.2,-0.48,1.01,-8.79,6.14,-8.97
360,-0.21,-0.48,0.99,-4.61,4.25,-8.26
361,-0.19,-0.45,0.96,-2.45,3.73,-7.04
362,-0.18,-0.42,0.95,-3.37,6.66,-6.14
363,-0.19,-0.43,0.93,-2.69,6.72,-4.21
364,-0.19,-0.42,0.91,-1.22,6.53,-3.21
365,-0.19,-0.4,0.89,-1.67,6.88,-3.07
366,-0.2,-0.39,0.87,-1.45,7.37,-3.05
367,-0.21,-0.38,0.85,-1.6,6.65,-4.03
368,-0.22,-0.37,0.84,-3.02,4.52,-4.78
369,-0.21,-0.36,0.83,-4.55,2.63,-5.94
370,-0.2,-0.35,0.84,-7.21,1.63,-6.27
371,-0.2,-0.38,0.87,-8.23,-0.24,-7.0
372,-0.19,-0.4,0.87,-8.33,-2.8,-7.53
373,-0.15,-0.4,0.91,-8.24,-1.55,-6.8
374,-0.15,-0.41,0.91,-8.29,0.82,-8.12
375,-0.15,-0.42,0.93,-7.66,3.07,-7.98
376,-0.16,-0.43,0.92,-6.41,4.21,-7.64
377,-0.17,-0.43,0.9,-5.86,5.27,-8.63
378,-0.17,-0.44,0.9,-5.85,5.37,-8.69
379,-0.19,-0.43,0.89,-6.12,4.89,-7.88
380,-0.19,-0.45,0.88,-6.08,4.11,-8.05
381,-0.19,-0.44,0.88,-6.18,2.38,-7.29
382,-0.19,-0.43,0.88,-6.56,1.65,-6.83
383,-0.19,-0.42,0.88,-7.56,3.13,-7.45
384,-0.2,-0.42,0.88,-8.12,2.49,-7.89
385,-0.2,-0.43,0.87,-7.9,1.64,-9.11
386,-0.23,-0.44,0.87,-6.99,0.25,-9.56
387,-0.22,-0.45,0.86,-5.76,-1.59,-9.95
388,-0.21,-0.46,0.86,-4.5,-3.27,-10.23
389,-0.21,-0.46,0.87,-3.82,-2.89,-11.33
390,-0.21,-0.45,0.86,-2.44,-3.63,-11.47
391,-0.22,-0.45,0.86,-2.05,-5.17,-10.68
392,-0.22,-0.45,0.87,-3.11,-4.15,-10.44
393,-0.22,-0.46,0.87,-3.82,-3.39,-9.72
394,-0.21,-0.45,0.86,-4.11,-3.27,-7.63
395,-0.22,-0.47,0.86,-4.93,-2.91,-6.56
396,-0.23,-0.46,0.87,-3.31,-4.46,-5.7
397,-0.22,-0.45,0.86,-1.68,-5.55,-5.0
398,-0.21,-0.43,0.86,-1.21,-6.93,-3.55
399,-0.2,-0.4,0.85,-1.4,-7.47,-3.85
