,accel_x,accel_y,accel_z,gyro_x,gyro_y,gyro_z
0,-0.01,-0.46,0.89,-17.31,12.39,30.77
1,-0.03,-0.47,0.9,-9.09,7.4,35.68
2,-0.02,-0.46,0.89,-5.48,4.68,36.97
3,-0.02,-0.44,0.87,0.85,3.5,36.29
4,-0.02,-0.45,0.88,5.98,3.03,37.45
5,-0.01,-0.44,0.87,13.6,-0.85,45.71
6,-0.03,-0.42,0.88,11.77,0.01,41.71
7,-0.01,-0.42,0.88,8.95,0.21,33.03
8,-0.04,-0.43,0.89,8.6,-1.97,22.42
9,-0.01,-0.42,0.89,12.18,-5.66,32.38
10,-0.04,-0.42,0.89,6.84,-3.84,21.31
11,-0.04,-0.41,0.89,5.59,-9.07,15.85
12,-0.05,-0.41,0.89,6.41,-13.96,14.62
13,-0.04,-0.42,0.9,5.66,-17.51,6.82
14,-0.01,-0.42,0.89,5.0,-18.11,9.86
15,-0.02,-0.42,0.91,3.31,-15.07,8.74
16,-0.02,-0.42,0.91,3.93,-15.31,6.67
17,-0.01,-0.42,0.89,6.21,-15.66,5.7
18,-0.01,-0.41,0.9,4.53,-14.7,3.47
19,0.0,-0.41,0.92,4.43,-13.03,3.7
20,-0.0,-0.42,0.9,3.95,-11.35,-1.6
21,-0.0,-0.41,0.9,4.17,-11.51,-5.38
22,0.0,-0.41,0.9,4.19,-10.05,-3.08
23,-0.01,-0.41,0.9,1.58,-7.54,-5.61
24,-0.02,-0.41,0.89,-0.09,-6.39,-8.46
25,-0.03,-0.42,0.9,-0.44,-5.66,-10.85
26,-0.03,-0.41,0.92,0.21,-4.89,-11.47
27,-0.03,-0.42,0.9,-1.22,-5.74,-13.15
28,-0.01,-0.41,0.88,-1.66,-4.82,-16.11
29,-0.02,-0.4,0.89,-1.58,-7.33,-21.32
30,-0.03,-0.4,0.87,-1.52,-5.14,-25.97
31,-0.0,-0.4,0.88,-4.03,-4.82,-19.32
32,0.02,-0.42,0.9,-4.95,-1.08,-11.18
33,0.0,-0.41,0.91,-9.21,3.48,-14.42
34,-0.0,-0.41,0.92,-6.72,3.18,-7.95
35,0.0,-0.41,0.91,-8.14,3.12,-7.79
36,0.02,-0.4,0.9,-8.18,4.0,3.22
37,0.01,-0.41,0.9,-8.87,5.67,4.31
38,-0.0,-0.42,0.92,-6.76,3.62,4.02
39,-0.02,-0.42,0.92,-4.15,0.47,3.87
40,-0.0,-0.42,0.91,-3.16,-1.83,1.72
41,0.0,-0.41,0.9,-2.0,-2.52,-1.97
42,0.01,-0.41,0.9,-2.11,-3.42,-3.68
43,-0.01,-0.41,0.9,-1.86,-4.07,-5.47
44,0.0,-0.4,0.9,-1.2,-5.94,-3.67
45,0.01,-0.41,0.9,-1.67,-8.11,-6.01
46,0.03,-0.41,0.91,-0.92,-8.9,-4.14
47,0.04,-0.42,0.92,-0.2,-6.75,-2.25
48,0.02,-0.41,0.91,-1.69,-4.72,-4.61
49,0.02,-0.42,0.91,-1.96,-4.08,-8.07
50,0.03,-0.41,0.89,-1.23,-3.57,-8.06
51,0.01,-0.41,0.9,-2.06,-2.57,-8.23
52,0.02,-0.41,0.9,-2.02,-2.61,-5.23
53,0.01,-0.41,0.9,-2.21,-2.32,-6.62
54,0.0,-0.41,0.9,-2.21,-2.66,-7.15
55,0.01,-0.4,0.88,-2.11,-3.24,-6.62
56,-0.0,-0.4,0.88,-2.92,-2.57,-9.71
57,0.01,-0.41,0.9,-3.69,-3.11,-11.28
58,0.01,-0.41,0.9,-4.67,-1.96,-10.98
59,0.01,-0.4,0.89,-5.31,0.37,-11.8
60,0.01,-0.4,0.88,-5.66,-1.16,-12.15
61,0.01,-0.4,0.88,-6.59,-0.92,-12.96
62,0.0,-0.4,0.89,-7.22,-3.06,-11.33
63,0.0,-0.41,0.9,-9.24,-2.47,-11.3
64,0.02,-0.42,0.91,-8.76,-4.0,-6.91
65,0.02,-0.43,0.9,-8.53,-4.12,-7.57
66,0.02,-0.43,0.91,-7.54,-3.93,-7.85
67,0.01,-0.44,0.92,-5.77,-3.88,-12.18
68,0.02,-0.44,0.91,-4.64,-4.04,-9.6
69,0.02,-0.44,0.91,-5.76,-2.51,-8.54
70,0.01,-0.44,0.92,-6.35,-1.65,-9.89
71,0.04,-0.44,0.92,-4.56,-1.6,-10.36
72,0.04,-0.44,0.91,-4.12,0.03,-9.54
73,0.03,-0.44,0.91,-4.2,0.89,-4.02
74,0.03,-0.44,0.92,-4.37,1.79,-3.14
75,0.03,-0.44,0.91,-3.72,1.57,-2.69
76,0.02,-0.45,0.91,-3.44,2.18,-2.88
77,0.0,-0.43,0.91,-2.86,0.56,-3.89
78,0.04,-0.43,0.89,-1.9,-0.48,-1.13
79,0.03,-0.42,0.89,-2.3,0.89,-2.89
80,0.01,-0.43,0.89,-2.38,0.73,-3.8
81,0.0,-0.43,0.89,-2.57,-0.02,-5.08
82,0.01,-0.42,0.89,-1.71,-1.47,-2.57
83,0.03,-0.42,0.88,-2.17,0.07,-2.31
84,0.01,-0.41,0.88,-3.03,-0.22,-4.01
85,0.0,-0.41,0.88,-3.12,-2.05,-4.9
86,0.03,-0.41,0.89,-2.94,-2.39,-0.98
87,0.04,-0.42,0.89,-3.32,-0.11,-0.56
88,0.04,-0.43,0.9,-2.98,0.51,-3.51
89,0.02,-0.43,0.91,-2.28,0.89,-3.71
90,0.02,-0.42,0.9,-1.92,-0.05,-3.3
91,0.02,-0.41,0.89,-2.31,-0.4,-3.09
92,0.02,-0.41,0.88,-3.82,-0.69,-6.22
93,0.0,-0.41,0.89,-4.34,-2.06,-7.66
94,0.05,-0.41,0.9,-2.82,-2.69,-2.34
95,0.04,-0.41,0.89,-4.16,-0.5,-2.87
96,0.02,-0.42,0.9,-4.81,0.18,-5.63
97,0.03,-0.43,0.91,-3.48,-1.72,-3.19
98,0.03,-0.43,0.9,-4.42,-0.21,-3.7
99,0.02,-0.43,0.91,-4.45,-0.81,-6.51
100,0.03,-0.44,0.91,-3.69,-1.8,-9.15
101,0.04,-0.43,0.91,-2.82,-1.84,-8.24
102,0.05,-0.43,0.9,-3.49,0.73,-5.31
103,0.02,-0.43,0.89,-4.11,1.14,-8.33
104,0.06,-0.42,0.89,-2.34,-0.11,-2.15
105,0.04,-0.41,0.89,-3.74,3.68,-3.44
106,0.02,-0.41,0.89,-3.69,1.76,-5.33
107,0.02,-0.42,0.89,-3.25,-0.19,-6.74
108,0.02,-0.42,0.88,-3.52,-0.57,-6.89
109,0.02,-0.42,0.88,-3.79,-1.63,-6.75
110,0.03,-0.42,0.88,-4.08,-1.66,-3.44
111,0.02,-0.43,0.88,-5.55,-0.67,-4.21
112,0.02,-0.42,0.88,-5.67,-1.7,-2.93
113,0.03,-0.43,0.88,-5.61,-0.69,-2.71
114,0.03,-0.43,0.9,-5.73,0.2,-3.85
115,0.02,-0.43,0.9,-4.94,-0.24,-5.47
116,0.02,-0.43,0.9,-4.69,0.19,-7.15
117,0.01,-0.43,0.89,-4.03,-0.96,-7.27
118,0.03,-0.43,0.89,-3.85,-1.78,-6.14
119,0.03,-0.43,0.88,-4.12,-2.11,-4.66
120,0.02,-0.43,0.89,-4.1,-2.54,-4.56
121,0.03,-0.44,0.89,-4.3,-2.53,-4.84
122,0.03,-0.44,0.9,-4.24,-1.63,-4.47
123,0.02,-0.45,0.89,-4.34,-1.42,-5.31
124,0.02,-0.43,0.89,-4.11,-1.13,-6.66
125,0.02,-0.43,0.88,-4.82,-2.44,-7.08
126,0.03,-0.42,0.89,-5.21,-2.61,-4.37
127,0.04,-0.43,0.89,-5.4,-1.78,-2.82
128,0.05,-0.43,0.89,-5.31,-0.99,-1.5
129,0.03,-0.43,0.89,-5.97,0.1,-2.57
130,0.03,-0.42,0.88,-5.84,-0.12,-3.52
131,0.03,-0.43,0.89,-6.47,0.06,-6.79
132,0.04,-0.42,0.9,-6.2,-1.84,-7.58
133,0.04,-0.42,0.87,-6.53,-0.58,-8.66
134,0.03,-0.43,0.89,-7.37,0.11,-9.05
135,0.01,-0.43,0.87,-9.21,-2.85,-10.54
136,0.04,-0.45,0.88,-7.78,-1.82,-8.69
137,0.04,-0.44,0.89,-6.48,-3.15,-7.66
138,0.04,-0.44,0.9,-6.21,-3.53,-8.11
139,0.04,-0.44,0.89,-5.95,-3.4,-5.12
140,0.04,-0.44,0.89,-6.82,-1.51,-4.88
141,0.04,-0.44,0.9,-6.5,-1.99,-4.93
142,0.05,-0.42,0.91,-6.79,-2.36,-2.95
143,0.07,-0.4,0.88,-9.21,-0.32,-0.81
144,0.06,-0.38,0.9,-13.66,3.27,0.82
145,0.05,-0.38,0.93,-17.34,2.64,3.82
146,0.1,-0.37,0.95,-20.65,2.31,7.48
147,0.13,-0.33,1.01,-30.51,5.62,11.77
148,0.12,-0.3,1.1,-42.54,5.56,14.54
149,0.05,-0.33,1.21,-61.21,-3.28,12.2
150,0.06,-0.43,1.41,-88.34,-2.39,15.48
151,0.17,-0.68,1.63,-124.2,-10.98,24.6
152,0.12,-1.28,2.0,-127.08,17.99,7.06
153,0.12,-1.93,2.0,-92.89,37.3,15.41
154,-0.02,-2.0,2.0,-8.7,16.25,27.31
155,0.23,-2.0,2.0,88.98,32.56,38.66
156,0.32,-2.0,2.0,184.02,40.67,46.74
157,0.44,-2.0,2.0,240.8,62.95,41.08
158,0.38,-1.9,2.0,250.13,76.15,36.19
159,0.29,-1.56,1.65,250.13,86.5,36.19
160,0.26,-1.3,1.46,250.13,103.89,30.1
161,0.15,-1.18,1.38,250.13,112.6,27.95
162,0.09,-1.07,1.27,250.13,119.72,33.08
163,0.02,-0.92,1.06,250.13,126.8,37.05
164,0.06,-0.74,0.86,250.13,147.79,48.41
165,-0.08,-0.49,0.55,250.13,139.5,57.47
166,-0.32,-0.24,0.3,250.13,113.9,58.89
167,-0.47,-0.08,0.1,250.13,83.61,57.64
168,-0.54,0.01,-0.03,250.13,57.23,57.29
169,-0.54,0.05,-0.11,243.95,29.93,58.08
170,-0.47,0.06,-0.16,227.27,12.71,61.32
171,-0.38,0.12,-0.22,208.39,-1.08,73.04
172,-0.25,0.23,-0.26,190.18,0.32,85.23
173,-0.26,0.38,-0.4,158.07,-2.53,92.82
174,-0.2,0.49,-0.42,126.85,0.43,96.43
175,-0.14,0.52,-0.38,90.98,4.45,95.52
176,-0.15,0.52,-0.32,63.85,-0.63,82.89
177,-0.07,0.52,-0.22,44.73,-8.79,62.85
178,0.0,0.48,-0.21,34.62,-24.21,33.6
179,0.01,0.46,-0.15,25.73,-32.94,13.85
180,-0.01,0.45,-0.04,21.76,-37.76,-10.35
181,-0.0,0.42,0.0,18.53,-48.8,-18.62
182,0.01,0.43,0.04,13.81,-49.98,-27.62
183,0.05,0.44,0.1,6.23,-48.1,-35.71
184,0.06,0.46,0.13,-2.74,-43.39,-38.1
185,0.07,0.47,0.15,-15.73,-29.38,-37.17
186,0.02,0.45,0.16,-29.33,-15.09,-32.0
187,-0.02,0.42,0.2,-43.37,-3.72,-22.13
188,-0.06,0.39,0.24,-53.69,2.4,-16.36
189,-0.09,0.35,0.27,-58.73,2.21,-16.64
190,-0.08,0.33,0.3,-61.51,0.66,-19.11
191,-0.05,0.32,0.35,-64.35,-5.08,-22.39
192,-0.04,0.32,0.39,-71.57,-4.4,-27.83
193,-0.07,0.29,0.44,-61.82,-18.88,-26.26
194,-0.08,0.27,0.49,-59.57,-22.32,-32.0
195,-0.08,0.26,0.53,-57.05,-23.6,-32.35
196,-0.07,0.23,0.57,-56.23,-22.5,-28.43
197,-0.06,0.2,0.63,-54.49,-17.0,-21.89
198,-0.02,0.21,0.65,-53.73,-11.07,-12.51
199,0.02,0.24,0.66,-55.95,-2.7,-9.0
200,0.02,0.26,0.66,-59.34,4.35,-7.32
201,0.0,0.26,0.67,-62.62,9.66,-8.66
202,-0.01,0.25,0.68,-62.15,13.69,-12.15
203,-0.04,0.23,0.71,-62.82,13.21,-19.88
204,-0.06,0.19,0.75,-58.39,11.54,-22.4
205,-0.09,0.17,0.75,-57.08,7.85,-22.53
206,-0.1,0.19,0.76,-55.37,5.31,-22.24
207,-0.11,0.21,0.73,-58.29,5.73,-25.23
208,-0.13,0.24,0.73,-65.28,7.54,-28.48
209,-0.15,0.19,0.74,-73.14,8.23,-30.38
210,-0.19,0.13,0.77,-78.47,7.03,-32.15
211,-0.26,0.1,0.78,-79.89,0.66,-32.34
212,-0.27,0.07,0.84,-81.3,-2.59,-29.3
213,-0.3,0.04,0.85,-78.68,-9.08,-29.61
214,-0.27,0.03,0.89,-78.65,-13.45,-24.32
215,-0.22,0.0,0.9,-79.02,-15.04,-17.69
216,-0.18,-0.01,0.92,-82.32,-14.5,-11.34
217,-0.17,-0.02,0.94,-85.77,-13.89,-11.98
218,-0.14,-0.04,0.94,-87.79,-15.51,-13.19
219,-0.12,-0.08,0.96,-88.32,-15.9,-21.5
220,-0.13,-0.15,0.99,-85.64,-19.34,-25.97
221,-0.17,-0.2,1.01,-81.31,-21.27,-27.24
222,-0.18,-0.25,1.0,-78.07,-23.46,-29.12
223,-0.17,-0.24,1.01,-79.26,-24.66,-29.41
224,-0.18,-0.25,1.01,-82.27,-24.5,-29.97
225,-0.2,-0.27,1.04,-85.82,-22.52,-26.24
226,-0.24,-0.32,1.08,-84.63,-22.48,-20.15
227,-0.28,-0.36,1.12,-79.44,-25.62,-15.29
228,-0.28,-0.38,1.13,-72.81,-31.4,-10.02
229,-0.23,-0.37,1.12,-69.35,-34.5,-6.3
230,-0.17,-0.36,1.12,-68.31,-35.18,-1.3
231,-0.11,-0.36,1.13,-68.48,-32.34,4.92
232,-0.09,-0.39,1.18,-66.68,-27.66,7.47
233,-0.05,-0.4,1.2,-59.79,-24.06,6.32
234,-0.01,-0.39,1.18,-53.29,-22.04,2.58
235,-0.01,-0.4,1.17,-47.69,-12.96,-7.65
236,-0.08,-0.42,1.15,-40.19,-11.31,-14.03
237,-0.14,-0.41,1.12,-34.55,-14.28,-15.27
238,-0.15,-0.38,1.08,-31.43,-16.39,-11.89
239,-0.15,-0.35,1.06,-30.47,-18.36,-6.65
240,-0.13,-0.34,1.06,-31.79,-18.94,-1.7
241,-0.09,-0.33,1.04,-34.76,-17.96,-0.26
242,-0.07,-0.32,1.05,-36.36,-15.48,0.34
243,-0.06,-0.35,1.07,-34.41,-12.46,2.34
244,-0.08,-0.36,1.09,-30.36,-12.71,-0.22
245,-0.06,-0.37,1.06,-25.01,-15.14,-4.54
246,-0.07,-0.37,1.05,-22.53,-13.27,-8.35
247,-0.11,-0.37,1.04,-20.21,-14.02,-7.63
248,-0.11,-0.37,1.03,-18.18,-17.24,-4.95
249,-0.09,-0.35,1.02,-17.59,-18.51,-2.44
250,-0.06,-0.37,1.01,-18.72,-17.53,-0.52
251,-0.04,-0.37,1.02,-17.19,-17.89,3.06
252,-0.02,-0.37,1.02,-14.79,-18.79,6.83
253,-0.01,-0.36,1.0,-13.88,-20.16,6.72
254,-0.01,-0.34,0.98,-15.76,-18.53,3.6
255,-0.04,-0.34,0.97,-17.06,-16.26,-0.87
256,-0.03,-0.34,0.96,-17.76,-16.6,-3.27
257,-0.04,-0.36,0.96,-17.94,-16.01,-5.4
258,-0.04,-0.36,0.96,-18.2,-17.02,-5.44
259,-0.02,-0.35,0.96,-19.79,-17.92,-3.42
260,-0.01,-0.35,0.96,-21.73,-17.73,-0.67
261,0.0,-0.36,0.96,-22.49,-15.94,-0.21
262,0.01,-0.36,0.97,-22.68,-14.83,0.6
263,0.02,-0.37,0.97,-22.24,-13.31,2.17
264,0.01,-0.38,0.98,-20.18,-11.39,1.76
265,0.0,-0.39,0.97,-17.86,-10.4,-0.18
266,0.01,-0.37,0.95,-18.69,-8.61,-5.06
267,0.02,-0.34,0.95,-21.38,-6.36,-7.77
268,0.02,-0.36,0.96,-21.82,-3.69,-6.94
269,0.01,-0.38,0.97,-22.6,-0.71,-4.38
270,0.01,-0.4,0.97,-25.02,4.71,-0.13
271,-0.02,-0.44,0.99,-26.35,9.53,3.45
272,-0.03,-0.45,1.0,-25.44,12.03,6.69
273,-0.03,-0.46,1.0,-23.92,13.54,7.04
274,-0.05,-0.46,0.99,-20.92,12.82,4.65
275,-0.07,-0.44,0.99,-16.59,7.26,2.38
276,-0.07,-0.41,0.98,-13.95,1.12,0.01
277,-0.04,-0.36,0.97,-11.99,-4.13,0.05
278,-0.05,-0.34,0.91,-13.5,-3.27,-3.52
279,-0.02,-0.35,0.96,-18.22,-2.82,-4.19
280,-0.04,-0.4,0.99,-18.47,-4.44,-6.41
281,-0.06,-0.43,1.01,-16.18,-7.53,-7.66
282,-0.05,-0.45,1.03,-13.41,-9.78,-5.67
283,-0.02,-0.46,1.05,-11.34,-9.53,-7.01
284,-0.0,-0.45,1.03,-8.15,-10.1,-6.76
285,0.03,-0.43,1.03,-6.03,-7.27,-4.2
286,0.02,-0.43,1.01,-4.44,-6.52,-4.53
287,0.02,-0.42,0.99,-2.41,-5.76,-3.78
288,0.02,-0.41,0.97,-1.22,-3.47,-3.5
289,-0.01,-0.41,0.94,-0.97,-3.02,-5.18
290,-0.02,-0.41,0.92,-1.57,-3.82,-7.53
291,-0.02,-0.41,0.91,-2.23,-3.88,-8.08
292,-0.0,-0.4,0.92,-2.65,-2.7,-5.31
293,0.01,-0.39,0.92,-3.35,-0.47,-3.86
294,0.02,-0.38,0.9,-3.98,1.11,-5.12
295,0.02,-0.36,0.9,-4.69,4.53,-4.89
296,-0.02,-0.36,0.9,-4.4,4.34,-6.27
297,-0.03,-0.36,0.88,-4.52,3.59,-7.96
298,-0.03,-0.35,0.88,-3.9,1.9,-7.37
299,-0.03,-0.36,0.89,-4.05,1.15,-8.92
300,-0.04,-0.36,0.88,-4.36,-0.57,-10.09
301,-0.04,-0.37,0.88,-5.03,-2.34,-9.5
302,-0.04,-0.38,0.89,-6.58,-3.24,-9.48
303,-0.04,-0.39,0.89,-7.02,-3.97,-9.38
304,-0.03,-0.4,0.9,-6.76,-4.39,-9.6
305,-0.02,-0.4,0.9,-6.94,-3.67,-8.24
306,-0.03,-0.4,0.9,-8.4,-0.75,-7.5
307,-0.02,-0.4,0.9,-8.24,-0.09,-7.08
308,-0.01,-0.39,0.89,-9.07,0.85,-5.98
309,-0.02,-0.39,0.89,-13.02,3.49,-4.58
310,-0.04,-0.41,0.91,-15.84,4.07,-3.3
311,-0.02,-0.43,0.93,-14.62,4.65,-4.97
312,-0.02,-0.45,0.94,-11.62,2.7,-3.56
313,-0.01,-0.43,0.93,-9.21,2.62,-2.76
314,-0.04,-0.43,0.91,-8.24,2.5,-3.86
315,-0.04,-0.43,0.91,-6.32,0.01,-6.19
316,-0.04,-0.43,0.92,-4.67,-2.34,-7.58
317,-0.02,-0.4,0.89,-3.41,-3.53,-6.03
318,-0.03,-0.4,0.89,-4.86,-1.65,-4.85
319,-0.02,-0.4,0.9,-5.74,-2.22,-5.18
320,-0.01,-0.39,0.89,-6.16,-2.95,-6.69
321,-0.01,-0.38,0.89,-7.34,-3.73,-6.98
322,-0.01,-0.39,0.88,-5.98,-6.45,-10.28
323,-0.0,-0.39,0.89,-6.59,-6.43,-11.06
324,-0.0,-0.4,0.89,-6.82,-7.07,-12.21
325,0.02,-0.41,0.9,-5.67,-6.76,-15.5
326,0.03,-0.41,0.9,-5.92,-5.1,-15.21
327,0.02,-0.42,0.9,-6.32,-3.95,-14.86
328,0.02,-0.42,0.92,-8.06,-3.56,-13.81
329,0.01,-0.42,0.9,-7.51,0.63,-11.63
330,0.04,-0.43,0.92,-10.69,1.63,-8.92
331,0.03,-0.44,0.94,-9.44,1.58,-9.61
332,0.04,-0.43,0.93,-8.98,1.3,-7.96
333,0.02,-0.43,0.93,-9.18,2.85,-6.98
334,-0.0,-0.44,0.94,-7.76,0.75,-6.24
335,0.0,-0.45,0.93,-6.6,0.29,-7.34
336,0.0,-0.45,0.91,-5.73,0.63,-7.19
337,-0.01,-0.45,0.92,-5.67,0.43,-4.71
338,-0.01,-0.45,0.92,-5.48,0.95,-5.11
339,-0.03,-0.44,0.9,-5.95,1.3,-5.02
340,-0.03,-0.45,0.9,-6.97,1.26,-4.66
341,-0.05,-0.46,0.9,-7.48,1.41,-3.66
342,-0.05,-0.47,0.91,-6.9,0.21,-3.81
343,-0.05,-0.46,0.9,-5.87,-1.45,-2.95
344,-0.05,-0.47,0.9,-5.5,-2.04,-2.8
345,-0.05,-0.48,0.89,-5.3,-3.37,-3.73
346,-0.05,-0.5,0.91,-4.7,-5.84,-3.82
347,-0.03,-0.51,0.92,-1.88,-7.43,-3.58
348,-0.01,-0.51,0.93,0.76,-5.69,-1.86
349,-0.0,-0.48,0.93,1.69,-1.96,2.02
350,0.01,-0.46,0.9,1.73,0.85,4.4
351,-0.01,-0.42,0.89,0.86,2.2,5.18
352,0.0,-0.4,0.87,-0.09,2.53,5.31
353,0.02,-0.37,0.87,-2.09,3.02,3.89
354,0.02,-0.36,0.85,-3.43,1.92,0.41
355,0.03,-0.36,0.86,-4.41,0.39,-3.25
356,0.03,-0.37,0.86,-4.53,-1.48,-6.63
357,0.03,-0.38,0.88,-4.56,-2.41,-8.62
358,0.03,-0.41,0.88,-3.78,-3.75,-8.34
359,0.03,-0.43,0.89,-3.82,-3.28,-8.05
360,0.01,-0.44,0.9,-3.72,-1.89,-7.27
361,0.02,-0.46,0.91,-3.35,-2.65,-5.56
362,0.06,-0.41,0.91,-5.63,2.26,-3.35
363,0.01,-0.47,0.94,-4.21,1.92,-2.52
364,0.0,-0.46,0.92,-3.39,2.31,-2.07
365,0.0,-0.46,0.9,-4.15,4.77,0.77
366,-0.01,-0.46,0.9,-4.56,5.3,-0.04
367,-0.03,-0.46,0.89,-3.25,3.59,-2.64
368,-0.03,-0.45,0.89,-2.46,2.69,-4.41
369,-0.05,-0.45,0.89,-2.11,1.54,-5.59
370,-0.05,-0.46,0.89,-1.43,0.56,-5.79
371,-0.04,-0.45,0.89,-1.17,-0.32,-2.68
372,-0.04,-0.44,0.88,-2.85,0.32,-1.86
373,-0.04,-0.44,0.89,-3.01,0.48,-1.25
374,-0.03,-0.44,0.89,-2.63,-0.67,-0.82
375,-0.01,-0.44,0.89,-2.76,-0.29,-0.19
376,-0.01,-0.43,0.88,-2.22,-0.5,-1.05
377,-0.01,-0.44,0.88,-0.96,-2.93,-3.31
378,-0.0,-0.43,0.89,-0.48,-3.69,-4.61
379,0.0,-0.44,0.89,-0.21,-3.17,-4.08
380,0.01,-0.43,0.89,-0.27,-1.9,-3.67
381,0.02,-0.42,0.89,-0.3,-2.4,-1.09
382,0.02,-0.41,0.89,-1.79,0.15,-1.61
383,-0.0,-0.43,0.89,-1.27,-0.53,-3.4
384,-0.0,-0.43,0.89,-0.99,-0.73,-3.65
385,0.01,-0.42,0.87,-2.44,0.18,-1.42
386,-0.01,-0.43,0.88,-3.33,-0.6,-2.89
387,-0.02,-0.43,0.88,-1.92,-3.93,-5.94
388,-0.01,-0.44,0.9,-1.27,-4.63,-5.91
389,0.03,-0.43,0.89,-0.55,-3.89,-2.69
390,0.02,-0.41,0.89,-1.44,-1.26,0.29
391,0.0,-0.41,0.89,-2.73,-0.21,-0.08
392,-0.0,-0.41,0.9,-2.96,-0.58,-1.35
393,0.0,-0.42,0.89,-2.41,-2.41,-3.24
394,0.01,-0.42,0.89,-1.76,-2.5,-4.31
395,0.01,-0.41,0.88,-2.13,-1.65,-3.4
396,0.01,-0.41,0.87,-4.35,-0.79,-4.3
397,-0.01,-0.43,0.89,-4.64,-1.08,-5.66
398,-0.01,-0.44,0.9,-3.15,-2.85,-6.56
399,-0.02,-0.43,0.88,-3.37,-7.6,-6.92
