,accel_x,accel_y,accel_z,gyro_x,gyro_y,gyro_z
0,0.04,0.04,0.94,0.62,-9.62,-2.77
1,0.03,0.04,0.92,-0.16,-12.44,-2.6
2,0.02,0.04,0.92,-0.85,-15.24,-3.43
3,0.02,0.03,0.91,-1.85,-16.53,-3.98
4,0.03,0.03,0.93,-2.69,-16.32,-2.95
5,0.04,0.02,0.95,-5.48,-12.47,-0.34
6,0.08,0.01,0.97,-7.86,-4.9,0.97
7,0.1,0.0,1.01,-8.38,1.53,2.61
8,0.09,-0.01,1.02,-8.28,5.51,1.9
9,0.06,-0.02,1.04,-6.22,8.56,2.38
10,0.04,-0.02,1.04,-4.05,6.63,0.88
11,0.05,-0.01,1.01,-2.09,4.5,-0.97
12,0.05,-0.01,1.03,0.23,3.46,-3.24
13,0.03,0.01,1.0,-0.5,1.26,-5.85
14,0.01,0.0,0.98,1.32,-1.71,-7.16
15,0.01,-0.01,0.99,1.06,-0.39,-5.68
16,0.04,-0.02,1.01,0.17,-1.42,-4.34
17,0.03,-0.02,0.98,-1.33,-1.21,-3.73
18,0.04,-0.02,1.0,-1.92,0.14,-2.21
19,0.03,-0.02,0.99,-2.47,1.12,-2.51
20,0.03,-0.02,0.99,-2.77,0.88,-2.56
21,0.03,-0.02,0.99,-2.27,1.61,-2.13
22,0.03,-0.03,1.0,-2.19,1.69,-3.08
23,0.02,-0.02,1.01,-1.47,1.14,-2.31
24,0.02,-0.02,1.01,-0.93,0.63,-1.76
25,0.02,-0.01,0.99,-0.51,-0.63,-1.52
26,0.03,-0.01,1.0,-1.24,-0.4,-1.03
27,0.04,-0.02,0.99,-1.58,0.53,-0.9
28,0.04,-0.01,1.0,-1.94,0.44,-1.37
29,0.04,-0.01,1.0,-1.65,0.63,-0.85
30,0.05,-0.02,1.01,-1.53,1.85,-0.89
31,0.05,-0.02,1.0,-0.6,2.51,-1.2
32,0.05,-0.01,1.01,0.53,2.26,-2.08
33,0.05,-0.01,1.0,1.7,0.82,-2.34
34,0.04,0.0,0.98,2.5,0.21,-2.85
35,0.05,0.01,0.98,2.31,0.03,-2.87
36,0.05,0.01,0.98,1.26,0.21,-3.53
37,0.04,0.02,0.97,0.31,0.89,-3.44
38,0.04,0.01,0.98,-0.4,1.21,-3.64
39,0.04,0.01,0.96,-0.99,-0.52,-4.13
40,0.03,0.02,0.97,-1.28,-1.24,-4.45
41,0.03,0.01,0.97,-1.34,-1.03,-4.44
42,0.02,0.01,0.97,-3.09,-1.44,-4.87
43,0.02,0.0,0.97,-3.73,-2.76,-4.72
44,0.04,0.0,0.99,-3.59,-1.82,-3.27
45,0.01,0.0,1.0,-4.13,-0.54,-3.11
46,0.01,-0.01,0.98,-3.98,0.16,-2.76
47,0.02,-0.0,0.99,-3.19,1.2,-2.28
48,0.02,-0.0,1.0,-2.01,0.4,-3.12
49,0.02,-0.0,1.0,-1.24,0.19,-3.61
50,0.01,0.0,0.98,-0.85,0.67,-3.78
51,0.03,0.0,0.98,-0.21,0.45,-4.54
52,0.02,0.0,0.98,0.6,0.17,-4.13
53,0.01,0.0,0.98,1.37,-0.19,-3.85
54,0.01,0.01,0.98,0.33,-0.76,-3.66
55,0.02,0.0,0.97,-0.25,-0.93,-3.09
56,0.02,0.01,0.98,-0.75,0.5,-2.15
57,0.0,-0.0,0.99,-1.21,0.95,-0.9
58,0.01,0.0,0.98,-1.66,0.61,-0.04
59,0.02,0.0,0.98,-1.89,0.44,-0.41
60,0.04,0.01,0.98,-1.75,0.6,-1.3
61,0.04,0.01,0.99,-0.94,0.11,-1.61
62,0.02,0.02,0.98,-0.53,-1.06,-1.87
63,0.01,0.02,0.97,-1.22,-2.18,-2.41
64,0.03,0.02,0.97,-2.31,-2.19,-2.2
65,0.03,0.02,0.97,-3.54,-1.56,-2.67
66,0.03,0.02,0.98,-4.61,-1.47,-2.42
67,0.03,0.01,0.98,-5.54,-2.16,-2.48
68,0.03,0.0,0.99,-5.42,-1.6,-2.04
69,0.04,-0.0,1.0,-4.58,-1.18,-1.23
70,0.02,0.0,1.0,-3.75,-0.91,-0.95
71,0.02,0.01,0.99,-3.3,-1.49,-1.21
72,0.02,0.0,0.98,-3.98,-2.08,-1.56
73,0.05,0.0,0.99,-3.43,-1.85,-0.98
74,0.04,0.01,0.99,-3.34,-1.08,-1.31
75,0.03,0.01,0.99,-2.98,-1.28,-0.86
76,0.03,0.0,0.98,-3.11,-1.69,-1.32
77,0.04,0.0,0.99,-2.95,-1.91,-1.09
78,0.03,-0.0,0.99,-2.92,-1.89,-0.68
79,0.04,0.01,0.98,-3.32,-1.06,-0.55
80,0.04,0.01,0.97,-4.13,-0.96,-0.85
81,0.04,0.01,0.98,-5.08,-1.92,-1.63
82,0.05,0.01,0.99,-5.39,-2.21,-1.95
83,0.04,0.01,0.98,-5.56,-2.22,-2.16
84,0.04,0.01,0.98,-5.76,-2.31,-2.4
85,0.04,0.01,0.98,-5.97,-3.4,-2.65
86,0.05,0.01,0.99,-5.0,-2.51,-2.4
87,0.04,0.0,0.99,-4.73,-1.18,-2.47
88,0.03,-0.0,1.0,-4.34,-1.06,-2.35
89,0.05,-0.0,0.99,-3.81,-1.34,-1.5
90,0.04,-0.0,0.99,-3.63,-1.16,-2.27
91,0.03,-0.0,0.99,-3.67,-1.31,-2.18
92,0.02,0.0,0.98,-3.78,-1.76,-2.42
93,0.03,0.0,0.98,-4.71,-2.27,-2.5
94,0.03,-0.0,0.99,-5.18,-2.76,-2.07
95,0.04,-0.0,1.0,-5.21,-1.34,-1.52
96,0.03,-0.01,0.99,-5.05,-0.72,-1.28
97,0.04,-0.0,0.99,-5.11,-1.02,-1.73
98,0.05,-0.0,0.99,-4.81,-1.65,-1.94
99,0.04,-0.0,0.99,-4.67,-2.11,-2.41
100,0.03,-0.01,0.99,-4.7,-1.76,-2.66
101,0.03,-0.01,0.98,-4.84,-2.35,-2.73
102,0.04,-0.01,0.97,-5.54,-3.31,-3.48
103,0.03,-0.02,0.99,-5.79,-3.89,-4.24
104,0.04,-0.02,1.0,-5.18,-2.63,-3.85
105,0.04,-0.02,1.0,-4.73,-1.96,-3.95
106,0.04,-0.02,1.01,-4.35,-1.4,-3.07
107,0.04,-0.01,1.0,-3.54,-0.45,-1.56
108,0.04,-0.01,1.01,-3.42,0.08,-1.4
109,0.03,-0.01,0.98,-3.23,-0.41,-1.58
110,0.04,-0.0,0.98,-3.81,-1.33,-1.8
111,0.05,0.0,0.98,-4.27,-1.55,-2.24
112,0.05,-0.0,0.98,-4.5,-0.34,-1.73
113,0.04,0.0,0.98,-4.74,0.0,-1.79
114,0.05,0.0,0.98,-4.47,-0.79,-2.43
115,0.04,0.01,0.97,-4.25,-0.73,-3.0
116,0.04,0.0,0.96,-4.79,-1.1,-3.98
117,0.04,0.0,0.98,-5.15,-0.88,-4.02
118,0.04,0.01,0.96,-5.79,-1.24,-3.63
119,0.04,0.01,0.97,-6.52,-1.0,-3.43
120,0.03,0.01,0.97,-6.87,-1.27,-2.93
121,0.03,0.01,0.96,-7.27,-1.73,-3.15
122,0.04,0.01,0.97,-7.44,-2.72,-2.85
123,0.02,0.0,0.97,-7.56,-3.15,-2.69
124,0.02,0.01,0.97,-7.78,-3.74,-2.16
125,0.02,0.02,0.98,-8.31,-2.87,-1.11
126,0.03,0.02,0.99,-8.95,-1.76,0.65
127,0.03,0.05,1.0,-10.63,0.29,1.95
128,0.05,0.07,1.01,-13.03,4.34,3.18
129,0.05,0.07,1.01,-14.81,7.56,2.58
130,-0.0,0.06,1.02,-16.72,5.31,0.57
131,-0.02,0.05,1.08,-16.91,0.34,-0.81
132,-0.03,0.02,1.13,-16.94,-3.47,-1.84
133,-0.04,-0.01,1.24,-15.54,-5.05,0.98
134,-0.0,-0.01,1.3,-16.79,-3.7,5.92
135,0.04,0.01,1.39,-21.69,2.09,12.89
136,0.09,0.03,1.49,-27.57,9.43,20.73
137,0.16,0.02,1.61,-32.5,19.49,27.34
138,0.25,-0.03,1.75,-32.18,30.26,31.27
139,0.3,-0.09,1.87,-25.38,39.68,29.22
140,0.33,-0.12,1.93,-14.89,44.66,18.9
141,0.28,-0.17,2.0,5.39,41.97,3.49
142,0.17,-0.22,2.0,30.95,26.21,-17.4
143,0.06,-0.27,2.0,61.92,5.48,-36.0
144,-0.04,-0.27,2.0,87.48,-13.43,-50.27
145,-0.08,-0.24,2.0,104.21,-21.63,-55.24
146,-0.16,-0.24,1.91,114.76,-20.41,-56.09
147,-0.19,-0.21,1.86,121.4,-13.34,-49.46
148,-0.22,-0.16,1.77,122.43,-5.79,-38.39
149,-0.26,-0.12,1.69,117.5,-3.91,-29.04
150,-0.24,-0.09,1.61,112.23,1.76,-17.11
151,-0.2,-0.05,1.57,106.21,6.24,-9.63
152,-0.17,-0.0,1.53,101.41,6.91,-6.03
153,-0.12,0.03,1.57,100.42,3.04,-6.08
154,-0.13,0.02,1.48,104.27,-7.96,-15.05
155,-0.07,0.03,1.46,110.05,-20.27,-22.11
156,0.0,-0.03,1.48,123.66,-28.6,-36.49
157,0.03,-0.04,1.44,135.22,-20.52,-47.92
158,0.01,-0.04,1.4,143.56,-0.5,-56.9
159,-0.11,-0.15,1.4,161.66,14.47,-49.49
160,-0.06,-0.14,1.25,175.22,30.06,-40.77
161,-0.09,-0.13,1.07,184.87,48.2,-32.8
162,-0.16,-0.12,0.84,188.83,58.43,-23.17
163,-0.12,-0.06,0.59,189.32,58.84,-19.84
164,-0.12,0.02,0.32,179.02,58.19,-11.42
165,-0.08,0.11,0.04,156.05,58.21,-6.74
166,-0.05,0.2,-0.13,127.45,53.49,-7.88
167,-0.06,0.24,-0.27,91.15,46.02,-11.93
168,-0.06,0.22,-0.27,58.71,36.84,-17.4
169,-0.13,0.13,-0.11,34.37,35.16,-12.98
170,-0.12,0.11,-0.02,18.56,34.95,-6.13
171,-0.08,0.09,0.08,8.38,38.5,0.43
172,-0.06,0.1,0.14,3.71,38.62,2.6
173,-0.07,0.1,0.19,4.97,39.06,8.63
174,-0.04,0.1,0.18,9.35,36.19,8.96
175,-0.06,0.11,0.19,13.95,28.11,6.08
176,-0.06,0.11,0.19,19.35,18.95,5.06
177,-0.06,0.12,0.17,24.34,10.36,3.81
178,-0.04,0.14,0.16,26.18,5.28,6.21
179,-0.04,0.19,0.17,27.02,4.56,10.51
180,-0.06,0.24,0.18,25.47,7.34,17.06
181,-0.05,0.27,0.25,26.29,11.55,29.86
182,-0.03,0.34,0.18,23.3,16.15,36.7
183,0.02,0.41,0.2,18.12,24.38,44.21
184,0.03,0.5,0.16,9.64,28.11,49.45
185,0.07,0.55,0.16,0.7,29.44,50.97
186,0.07,0.57,0.21,-5.89,26.15,47.97
187,0.09,0.61,0.27,-10.61,17.56,41.09
188,0.07,0.63,0.34,-10.97,5.45,32.78
189,0.06,0.66,0.38,-9.87,-7.56,24.08
190,0.06,0.65,0.43,-6.79,-18.04,18.89
191,0.1,0.67,0.44,-7.05,-24.42,13.21
192,0.13,0.68,0.47,-7.2,-24.0,12.27
193,0.14,0.69,0.49,-7.89,-21.6,13.75
194,0.12,0.7,0.48,-12.55,-21.31,12.98
195,0.09,0.71,0.48,-16.39,-21.77,10.85
196,0.08,0.68,0.52,-18.89,-25.13,10.1
197,0.09,0.68,0.55,-22.49,-27.58,8.37
198,0.11,0.65,0.59,-23.4,-26.19,7.34
199,0.12,0.63,0.64,-23.77,-23.71,5.43
200,0.11,0.6,0.67,-23.72,-24.06,0.9
201,0.07,0.55,0.74,-17.34,-21.67,0.52
202,0.09,0.52,0.74,-11.04,-19.5,0.27
203,0.06,0.51,0.71,-8.08,-20.95,-2.53
204,0.06,0.46,0.7,-5.79,-20.37,-2.66
205,0.05,0.47,0.7,-7.21,-23.41,-3.15
206,0.08,0.47,0.71,-11.61,-20.18,-2.21
207,0.1,0.47,0.74,-15.77,-14.33,0.15
208,0.11,0.46,0.77,-17.78,-9.53,1.23
209,0.12,0.45,0.78,-20.1,-5.98,0.4
210,0.13,0.43,0.78,-20.55,-4.89,-1.67
211,0.1,0.41,0.78,-19.82,-0.49,-2.6
212,0.1,0.38,0.78,-19.48,4.39,-2.58
213,0.1,0.35,0.8,-20.25,10.83,-2.74
214,0.08,0.34,0.8,-20.76,17.21,-1.76
215,0.05,0.35,0.79,-21.66,21.92,-2.35
216,0.0,0.4,0.78,-25.49,23.56,-4.96
217,-0.11,0.41,0.79,-25.69,16.47,-7.38
218,-0.16,0.45,0.79,-26.86,5.67,-11.5
219,-0.2,0.48,0.82,-26.95,-6.5,-13.63
220,-0.18,0.48,0.85,-26.95,-11.06,-12.73
221,-0.16,0.47,0.89,-27.33,-11.19,-8.25
222,-0.12,0.46,0.9,-28.28,-7.21,-0.27
223,-0.05,0.45,0.94,-30.51,1.08,7.95
224,0.01,0.47,0.94,-31.02,9.42,12.31
225,-0.01,0.5,0.92,-32.83,13.09,11.79
226,-0.03,0.49,0.94,-33.29,12.1,8.56
227,-0.05,0.47,0.94,-31.95,5.95,1.34
228,-0.11,0.44,0.94,-29.41,-2.65,-5.5
229,-0.13,0.42,0.96,-26.7,-12.08,-10.4
230,-0.14,0.41,0.97,-26.89,-17.71,-11.87
231,-0.14,0.4,0.99,-27.91,-19.27,-9.06
232,-0.08,0.41,1.01,-29.56,-13.85,-2.5
233,-0.05,0.43,1.01,-32.02,-7.98,3.63
234,-0.02,0.44,1.03,-34.9,-1.89,6.92
235,0.01,0.43,1.05,-35.47,2.98,6.27
236,0.03,0.41,1.07,-31.42,6.76,5.29
237,0.02,0.42,1.04,-27.56,8.14,2.82
238,0.01,0.41,1.01,-24.14,6.97,-2.35
239,-0.02,0.41,0.98,-20.11,3.46,-8.34
240,-0.06,0.42,0.97,-16.5,-1.13,-12.32
241,-0.08,0.41,0.95,-14.64,-4.11,-14.31
242,-0.11,0.42,0.92,-14.43,-5.57,-13.15
243,-0.14,0.44,0.9,-16.82,-9.12,-10.78
244,-0.11,0.45,0.89,-22.12,-7.95,-6.69
245,-0.08,0.45,0.92,-27.2,-2.76,-1.78
246,-0.07,0.45,0.92,-32.24,1.53,0.73
247,-0.11,0.44,0.94,-34.85,2.57,1.31
248,-0.14,0.4,0.97,-33.63,-1.21,2.39
249,-0.13,0.39,0.99,-30.82,-4.23,3.6
250,-0.09,0.39,0.97,-30.13,-4.44,5.65
251,-0.06,0.38,0.98,-29.05,-3.72,7.41
252,-0.02,0.39,0.96,-28.5,-3.56,7.6
253,0.02,0.38,0.96,-28.52,-3.3,7.03
254,0.03,0.39,0.94,-29.58,-0.51,3.98
255,-0.0,0.38,0.93,-30.43,-1.28,0.21
256,-0.01,0.37,0.95,-29.56,-3.71,-0.55
257,-0.02,0.37,0.94,-30.2,-4.88,-2.03
258,-0.0,0.38,0.95,-31.65,-3.34,-2.4
259,0.01,0.36,0.96,-32.2,-1.21,-2.63
260,-0.02,0.34,0.97,-31.36,-1.44,-3.14
261,-0.03,0.34,0.96,-30.29,-3.38,-4.37
262,-0.02,0.32,0.95,-30.06,-3.61,-5.2
263,-0.03,0.3,0.95,-30.25,-3.81,-6.46
264,-0.05,0.27,0.96,-28.82,-3.74,-6.05
265,-0.08,0.26,0.96,-27.03,-4.82,-4.84
266,-0.08,0.24,0.97,-24.07,-5.65,-2.92
267,-0.06,0.24,0.95,-22.38,-5.49,-1.44
268,-0.04,0.25,0.93,-21.31,-5.46,-0.27
269,-0.03,0.24,0.92,-20.56,-6.02,0.31
270,-0.01,0.24,0.92,-20.27,-8.84,-0.15
271,0.03,0.24,0.91,-20.27,-9.43,-0.51
272,0.06,0.25,0.89,-21.24,-7.7,-1.97
273,0.06,0.25,0.87,-23.32,-5.95,-5.58
274,0.05,0.28,0.88,-26.15,-5.89,-10.08
275,0.01,0.29,0.9,-28.67,-8.01,-14.15
276,-0.05,0.28,0.94,-29.29,-11.79,-15.21
277,-0.09,0.28,0.97,-29.51,-16.63,-14.34
278,-0.06,0.28,1.0,-31.19,-16.89,-10.79
279,-0.01,0.26,1.03,-33.21,-12.83,-6.81
280,0.02,0.25,1.06,-33.95,-8.65,-3.25
281,0.03,0.23,1.05,-34.27,-3.13,-0.57
282,0.03,0.23,1.05,-33.69,0.09,-0.09
283,0.04,0.23,1.06,-33.34,0.58,-1.36
284,0.05,0.22,1.06,-30.82,1.38,-3.73
285,0.06,0.22,1.07,-28.26,1.69,-6.05
286,0.03,0.2,1.08,-24.29,0.5,-9.4
287,-0.01,0.19,1.06,-21.26,-1.64,-10.99
288,0.01,0.19,1.05,-19.29,-2.98,-11.79
289,0.01,0.22,1.0,-19.51,-2.67,-13.57
290,0.05,0.22,1.12,-18.81,0.92,-11.6
291,-0.02,0.21,1.02,-19.63,-0.98,-12.08
292,-0.04,0.22,0.98,-19.7,-3.63,-11.09
293,-0.02,0.23,1.05,-22.26,-2.72,-8.49
294,-0.02,0.22,0.99,-20.51,-5.58,-9.84
295,-0.0,0.24,1.0,-24.95,-8.09,-9.75
296,0.04,0.21,1.04,-27.04,-7.56,-8.5
297,0.02,0.22,1.04,-27.74,-6.97,-9.22
298,0.03,0.2,1.05,-27.06,-10.66,-11.29
299,0.08,0.18,0.99,-30.06,-25.14,-18.44
300,0.02,0.18,1.04,-27.92,-23.89,-21.47
301,0.04,0.16,1.05,-27.84,-20.88,-23.98
302,-0.02,0.14,1.05,-27.96,-18.53,-27.92
303,-0.05,0.14,1.04,-23.23,-4.43,-20.4
304,-0.05,0.15,0.99,-18.31,-0.6,-16.83
305,-0.04,0.15,0.98,-16.87,1.02,-16.71
306,-0.08,0.15,0.97,-15.65,2.78,-15.37
307,-0.12,0.14,0.95,-14.63,1.31,-12.6
308,-0.12,0.16,0.95,-14.96,0.27,-8.37
309,-0.09,0.17,0.93,-16.63,0.66,-5.25
310,-0.07,0.16,0.94,-17.96,2.91,-2.21
311,-0.08,0.17,0.96,-21.23,4.4,0.55
312,-0.05,0.16,0.96,-21.63,6.14,2.56
313,-0.05,0.14,0.99,-20.66,8.38,3.37
314,-0.09,0.14,0.96,-16.27,12.67,8.24
315,-0.06,0.13,0.96,-18.47,5.67,5.95
316,-0.04,0.12,0.98,-18.0,4.61,5.92
317,-0.06,0.13,0.94,-21.16,2.03,7.11
318,-0.05,0.13,0.95,-25.5,3.88,11.31
319,-0.02,0.12,0.97,-27.02,3.94,15.42
320,-0.04,0.11,0.95,-29.48,3.85,15.57
321,-0.03,0.14,0.98,-31.27,3.12,13.98
322,-0.02,0.11,1.01,-28.85,-0.72,10.37
323,-0.03,0.1,1.0,-25.18,-2.34,8.57
324,-0.0,0.08,0.98,-21.41,-2.98,5.37
325,-0.0,0.07,1.01,-18.37,-3.35,4.73
326,0.02,0.09,0.99,-17.68,0.36,7.6
327,0.05,0.1,0.99,-21.24,6.18,10.88
328,0.08,0.11,0.99,-24.74,12.53,13.63
329,0.06,0.11,0.98,-27.39,19.25,16.44
330,0.03,0.09,0.97,-29.15,22.92,16.33
331,-0.01,0.07,0.96,-29.38,20.92,13.55
332,-0.05,0.04,0.96,-24.76,17.93,11.82
333,-0.05,0.03,0.94,-23.74,9.47,6.03
334,-0.05,0.03,0.96,-20.95,2.85,4.22
335,-0.06,0.02,0.97,-18.16,-1.28,4.18
336,-0.04,0.03,0.97,-19.6,-1.18,5.76
337,-0.02,0.03,0.98,-22.72,0.11,6.52
338,-0.02,0.03,0.99,-24.02,3.23,7.63
339,-0.04,0.02,0.99,-24.44,4.63,7.79
340,-0.04,0.02,0.99,-23.95,4.47,7.71
341,-0.03,0.03,0.99,-20.59,-0.82,6.06
342,-0.04,0.05,1.01,-20.31,-4.33,3.68
343,-0.01,0.07,1.02,-20.94,-8.13,-2.64
344,-0.02,0.07,1.07,-22.03,-9.76,-4.95
345,-0.05,0.05,1.07,-22.54,-10.44,-9.52
346,-0.08,0.03,1.11,-21.22,-11.63,-10.66
347,-0.12,0.01,1.16,-18.23,-9.35,-7.15
348,-0.11,-0.01,1.18,-16.05,-8.27,-3.05
349,-0.11,-0.03,1.16,-12.31,-4.05,1.24
350,-0.12,-0.02,1.12,-9.74,-3.95,4.11
351,-0.07,-0.02,1.09,-10.32,-5.81,4.4
352,-0.02,-0.02,1.04,-9.35,-8.26,5.81
353,-0.02,-0.03,1.07,-8.48,-8.44,7.14
354,0.01,-0.04,1.05,-7.38,-7.28,6.13
355,0.05,-0.02,1.03,-6.42,-2.78,4.8
356,0.06,-0.03,1.02,-4.76,-1.92,3.53
357,0.04,-0.01,0.96,-0.95,-0.15,1.82
358,0.05,-0.0,0.99,-0.34,3.1,0.31
359,0.02,0.01,0.92,1.44,1.62,-2.17
360,-0.01,0.01,0.91,-3.69,-0.66,-5.8
361,-0.01,0.02,0.92,-4.19,-0.02,-4.61
362,-0.01,0.03,0.91,-7.48,0.73,-2.47
363,0.03,0.05,0.92,-13.07,0.89,-2.08
364,0.03,0.06,0.92,-17.17,2.59,-0.95
365,0.04,0.05,0.95,-19.52,6.11,-1.37
366,0.04,0.04,1.0,-21.49,6.77,-3.95
367,0.01,0.03,1.02,-20.15,5.21,-8.34
368,-0.04,0.0,1.06,-16.19,1.75,-10.18
369,-0.06,-0.02,1.08,-11.5,-3.53,-11.8
370,-0.06,-0.01,1.07,-8.71,-5.92,-12.63
371,-0.06,-0.03,1.07,-6.82,-6.39,-11.76
372,-0.06,-0.04,1.06,-5.39,-6.37,-9.5
373,-0.06,-0.05,1.06,-5.11,-5.54,-7.18
374,-0.04,-0.05,1.06,-3.85,-6.02,-4.53
375,-0.05,-0.06,1.04,-2.76,-4.56,-3.11
376,-0.02,-0.05,1.03,-0.89,-3.8,-1.32
377,0.0,-0.05,1.03,-0.41,-2.12,-1.56
378,0.0,-0.05,1.02,1.37,-1.43,-2.42
379,0.02,-0.04,1.01,2.16,-0.53,-3.63
380,0.04,-0.03,1.02,2.42,0.95,-4.71
381,0.02,-0.03,0.99,1.89,2.24,-5.5
382,-0.01,-0.02,1.0,1.37,2.19,-6.57
383,-0.04,-0.02,0.99,1.34,-0.4,-7.19
384,-0.05,-0.01,0.98,0.07,-2.0,-6.63
385,-0.04,-0.0,0.99,-1.16,-3.14,-5.65
386,-0.04,-0.0,0.99,-1.6,-2.53,-4.7
387,-0.03,-0.0,1.01,-2.81,-0.98,-6.47
388,-0.01,-0.01,0.99,-1.18,-3.27,-6.54
389,-0.01,-0.01,1.0,1.04,-4.7,-5.34
390,-0.01,-0.01,1.0,3.16,-5.96,-5.35
391,-0.01,-0.01,1.0,4.41,-7.4,-6.73
392,-0.0,-0.01,0.98,4.11,-7.07,-6.75
393,-0.0,-0.0,0.97,3.76,-6.16,-7.05
394,-0.0,0.0,0.96,2.32,-6.57,-7.59
395,-0.0,0.0,0.95,1.11,-6.79,-7.53
396,-0.02,0.0,0.96,-1.02,-5.82,-6.44
397,-0.01,-0.0,0.97,-3.73,-3.68,-5.3
398,-0.02,-0.01,0.98,-5.34,-1.34,-3.31
399,-0.03,-0.02,1.0,-5.33,1.76,-1.53
