,accel_x,accel_y,accel_z,gyro_x,gyro_y,gyro_z
0,0.08,-0.37,0.94,-0.79,2.6,-3.5
1,0.08,-0.35,0.93,-0.98,2.77,-4.72
2,0.07,-0.35,0.92,-1.19,2.56,-7.33
3,0.07,-0.36,0.92,-1.42,1.49,-9.32
4,0.04,-0.37,0.9,-1.44,-2.06,-11.49
5,0.05,-0.37,0.91,-3.57,-0.48,-10.84
6,0.06,-0.36,0.9,-3.96,0.41,-12.23
7,0.05,-0.36,0.9,-5.12,0.35,-13.44
8,0.05,-0.35,0.89,-5.56,-1.15,-13.37
9,0.05,-0.36,0.89,-5.98,-1.6,-13.13
10,0.04,-0.36,0.9,-4.82,-3.37,-13.22
11,0.07,-0.36,0.91,-1.84,-6.11,-10.06
12,0.08,-0.35,0.9,-1.87,-4.89,-4.97
13,0.08,-0.36,0.9,-2.62,-4.01,-5.87
14,0.09,-0.35,0.9,-2.51,-4.27,-3.26
15,0.1,-0.35,0.91,-3.56,-2.37,-1.11
16,0.1,-0.35,0.91,-4.15,-1.92,-2.74
17,0.1,-0.34,0.91,-3.66,-3.25,0.15
18,0.09,-0.36,0.91,-5.28,-1.62,1.57
19,0.08,-0.37,0.92,-4.45,-2.32,-0.23
20,0.07,-0.38,0.94,-2.09,-5.63,-2.31
21,0.08,-0.38,0.92,-0.94,-6.37,-2.6
22,0.1,-0.36,0.91,-1.28,-5.69,-2.6
23,0.1,-0.37,0.93,-1.94,-5.76,-1.11
24,0.12,-0.36,0.92,-2.08,-5.75,-0.35
25,0.11,-0.35,0.92,-2.95,-4.93,-0.24
26,0.1,-0.36,0.92,-2.67,-4.44,-1.16
27,0.1,-0.36,0.92,-2.63,-4.66,-2.39
28,0.1,-0.34,0.91,-3.07,-4.4,-4.75
29,0.1,-0.34,0.91,-3.07,-5.21,-5.14
30,0.1,-0.34,0.91,-3.98,-4.96,-6.39
31,0.11,-0.34,0.9,-5.09,-5.95,-6.81
32,0.11,-0.34,0.91,-6.34,-4.7,-7.19
33,0.1,-0.36,0.91,-6.06,-4.47,-4.98
34,0.11,-0.36,0.93,-5.6,-5.07,-3.12
35,0.11,-0.37,0.93,-5.97,-5.68,-2.07
36,0.1,-0.38,0.92,-6.37,-4.22,-2.59
37,0.1,-0.39,0.94,-6.62,-2.27,-4.85
38,0.12,-0.39,0.94,-6.41,-2.08,-4.44
39,0.1,-0.39,0.94,-5.53,-1.76,-3.88
40,0.11,-0.39,0.93,-4.83,-1.75,-2.82
41,0.1,-0.39,0.93,-4.99,-1.22,-3.6
42,0.09,-0.39,0.94,-4.04,-1.21,-4.02
43,0.1,-0.38,0.94,-3.96,-1.32,-3.96
44,0.1,-0.37,0.94,-4.83,0.05,-3.29
45,0.1,-0.38,0.93,-4.64,0.34,-2.5
46,0.08,-0.39,0.94,-3.98,-0.11,-3.66
47,0.1,-0.38,0.93,-2.9,-1.49,-2.5
48,0.09,-0.38,0.92,-3.02,-1.56,-0.66
49,0.09,-0.38,0.92,-2.37,-0.87,-1.63
50,0.09,-0.37,0.93,-1.96,-1.42,-2.25
51,0.11,-0.37,0.91,-1.85,-1.51,-1.35
52,0.09,-0.36,0.91,-2.39,-1.27,-0.64
53,0.09,-0.36,0.91,-2.57,-2.06,-2.69
54,0.1,-0.36,0.9,-3.78,-1.72,-4.16
55,0.09,-0.36,0.9,-4.75,-1.6,-3.51
56,0.09,-0.37,0.9,-4.95,-2.6,-3.54
57,0.09,-0.37,0.89,-5.56,-2.66,-4.31
58,0.1,-0.37,0.89,-6.01,-3.03,-5.19
59,0.09,-0.36,0.89,-6.1,-3.76,-5.53
60,0.1,-0.36,0.89,-6.8,-4.47,-5.53
61,0.1,-0.37,0.89,-6.68,-5.24,-5.08
62,0.1,-0.38,0.9,-5.09,-6.18,-7.63
63,0.1,-0.37,0.91,-7.04,-5.58,-8.08
64,0.11,-0.36,0.88,-6.86,-6.44,-8.41
65,0.11,-0.37,0.89,-8.69,-4.4,-7.47
66,0.11,-0.38,0.89,-9.35,-4.25,-6.65
67,0.1,-0.4,0.9,-8.75,-4.4,-5.58
68,0.11,-0.4,0.91,-6.73,-3.7,-2.6
69,0.13,-0.39,0.93,-7.42,-2.83,1.49
70,0.16,-0.42,0.9,-7.48,-0.94,12.44
71,0.05,-0.39,0.87,2.22,-4.11,8.5
72,0.11,-0.38,0.89,3.61,-4.66,4.49
73,0.16,-0.37,0.88,-6.67,2.89,5.53
74,0.16,-0.36,0.89,-4.4,0.64,7.89
75,0.15,-0.35,0.89,-6.91,0.95,2.94
76,0.14,-0.36,0.9,-8.0,0.89,0.04
77,0.11,-0.36,0.88,-8.62,-1.18,-1.31
78,0.11,-0.37,0.89,-9.03,-3.78,0.97
79,0.11,-0.37,0.9,-8.91,-4.49,-1.72
80,0.14,-0.36,0.9,-8.57,-5.39,0.37
81,0.13,-0.37,0.9,-10.34,-3.24,-2.34
82,0.13,-0.38,0.92,-11.36,-2.47,-2.95
83,0.11,-0.39,0.91,-11.35,-3.6,-3.4
84,0.11,-0.39,0.9,-9.9,-2.93,-3.27
85,0.09,-0.39,0.92,-9.09,-4.55,-4.11
86,0.1,-0.39,0.91,-7.6,-9.56,-2.62
87,0.12,-0.4,0.92,-8.66,-8.18,-2.75
88,0.12,-0.41,0.92,-10.15,-5.73,-3.1
89,0.12,-0.43,0.92,-9.9,-4.89,-4.74
90,0.12,-0.42,0.93,-8.67,-5.07,-3.6
91,0.12,-0.42,0.91,-8.05,-4.01,-4.11
92,0.12,-0.41,0.93,-8.23,-3.22,-4.95
93,0.13,-0.4,0.92,-8.04,-3.55,-5.53
94,0.13,-0.4,0.92,-7.91,-3.03,-5.12
95,0.14,-0.4,0.91,-7.63,-4.41,-1.69
96,0.12,-0.4,0.91,-8.24,-3.09,-2.34
97,0.13,-0.41,0.9,-8.55,-2.65,-2.53
98,0.12,-0.41,0.92,-8.92,-0.57,-3.94
99,0.12,-0.42,0.92,-7.24,-1.15,-4.07
100,0.12,-0.41,0.92,-6.02,-1.7,-3.5
101,0.13,-0.4,0.91,-5.77,-0.93,-1.7
102,0.13,-0.4,0.9,-6.82,-0.24,0.22
103,0.12,-0.41,0.91,-6.53,1.43,-1.29
104,0.12,-0.41,0.89,-7.5,1.24,0.02
105,0.11,-0.4,0.91,-8.5,2.84,-2.85
106,0.11,-0.4,0.9,-7.35,0.74,-2.74
107,0.09,-0.39,0.92,-8.63,-0.31,-3.96
108,0.09,-0.38,0.93,-9.45,-1.1,-2.72
109,0.09,-0.4,0.95,-10.8,-1.6,-3.07
110,0.1,-0.43,0.95,-10.41,0.94,-3.37
111,0.09,-0.45,0.97,-10.41,0.37,-4.32
112,0.1,-0.47,0.98,-7.2,-1.08,-5.15
113,0.1,-0.49,0.99,-4.76,-1.03,-6.48
114,0.1,-0.5,0.98,-0.95,-2.44,-4.21
115,0.13,-0.48,0.98,1.92,-3.09,1.25
116,0.11,-0.49,0.96,1.55,0.76,0.57
117,0.1,-0.49,0.96,1.82,1.07,1.39
118,0.08,-0.46,0.95,2.56,-0.41,4.24
119,0.08,-0.44,0.94,2.57,-1.61,2.82
120,0.11,-0.4,0.94,3.08,-4.13,3.19
121,0.1,-0.39,0.95,2.25,-6.24,1.18
122,0.12,-0.39,0.98,1.86,-8.61,-2.56
123,0.18,-0.36,1.02,1.14,-10.85,-2.15
124,0.22,-0.32,1.07,-3.02,-10.25,-7.07
125,0.28,-0.27,1.15,-6.48,-10.36,-10.7
126,0.36,-0.22,1.26,-12.98,-9.01,-14.18
127,0.43,-0.18,1.43,-19.5,-6.83,-20.98
128,0.49,-0.18,1.65,-23.65,-8.95,-21.02
129,0.49,-0.29,1.94,-25.85,-6.32,-26.18
130,0.43,-0.5,2.0,-21.56,-15.4,-37.24
131,0.48,-0.73,2.0,-21.44,-23.2,-49.49
132,0.5,-1.14,2.0,-18.8,-43.6,-55.36
133,0.74,-1.74,2.0,22.03,-20.44,-30.76
134,0.93,-2.0,2.0,82.87,-8.09,-10.21
135,1.34,-2.0,2.0,153.32,35.4,15.22
136,1.61,-2.0,2.0,221.0,98.22,22.06
137,1.75,-2.0,2.0,250.13,153.72,13.5
138,1.7,-2.0,2.0,250.13,204.79,2.11
139,1.42,-2.0,2.0,250.13,242.13,-12.97
140,1.05,-2.0,1.57,250.13,250.13,-13.53
141,0.57,-1.87,0.86,250.13,250.13,-1.44
142,-0.04,-1.41,-0.23,250.13,250.13,15.27
143,-0.72,-0.95,-0.74,250.13,233.93,28.58
144,-1.13,-0.65,-1.08,250.13,174.93,29.15
145,-1.18,-0.51,-1.19,223.94,138.48,39.99
146,-1.0,-0.43,-1.16,165.18,112.62,70.37
147,-0.83,-0.35,-0.93,135.31,88.78,131.73
148,-0.74,-0.03,-1.03,114.24,69.52,161.58
149,-0.59,0.29,-1.07,82.48,36.66,134.01
150,-0.4,0.44,-1.07,72.15,1.63,98.17
151,0.16,0.41,-0.4,82.85,9.63,71.19
152,-0.05,0.6,-0.79,51.65,-5.59,19.68
153,-0.05,0.6,-0.71,48.11,-13.05,-12.96
154,-0.16,0.41,-0.54,49.56,-44.44,-27.83
155,-0.19,0.33,-0.4,92.25,-59.66,-37.13
156,-0.15,0.33,-0.32,120.14,-76.51,-59.34
157,0.01,0.35,-0.29,125.92,-62.9,-59.08
158,0.08,0.28,-0.19,121.33,-39.94,-42.73
159,0.13,0.26,-0.16,115.63,-15.02,-3.44
160,0.16,0.36,-0.17,104.38,5.14,27.72
161,0.17,0.45,-0.2,85.03,24.27,40.44
162,0.11,0.55,-0.27,58.11,34.7,36.29
163,-0.03,0.68,-0.31,25.88,40.74,33.52
164,-0.18,0.67,-0.27,2.37,25.44,17.21
165,-0.17,0.65,-0.18,-13.85,-10.98,-8.32
166,-0.06,0.63,-0.09,-25.86,-40.58,-36.98
167,0.08,0.6,0.08,-41.43,-50.56,-47.47
168,0.14,0.55,0.19,-58.89,-44.63,-48.14
169,0.17,0.5,0.34,-71.8,-32.13,-40.56
170,0.12,0.41,0.45,-76.73,-24.76,-32.73
171,0.1,0.34,0.51,-74.56,-17.06,-21.51
172,0.03,0.31,0.64,-74.45,-20.73,-11.84
173,-0.01,0.28,0.68,-65.88,-19.96,-0.61
174,-0.01,0.3,0.7,-54.31,-19.0,12.36
175,-0.04,0.35,0.73,-49.34,-21.85,15.66
176,-0.07,0.42,0.7,-45.53,-23.92,17.47
177,-0.03,0.48,0.7,-46.01,-25.96,17.84
178,-0.0,0.5,0.71,-50.35,-23.54,12.8
179,-0.0,0.52,0.72,-56.19,-18.27,9.74
180,-0.0,0.51,0.71,-63.83,-13.07,6.32
181,-0.02,0.48,0.74,-70.38,-9.55,2.89
182,-0.02,0.42,0.78,-75.3,-6.14,7.31
183,-0.04,0.36,0.81,-78.33,-0.73,7.6
184,-0.06,0.33,0.85,-78.38,5.08,10.81
185,-0.09,0.28,0.87,-76.58,8.78,11.89
186,-0.15,0.23,0.86,-70.18,9.44,6.08
187,-0.15,0.22,0.87,-63.98,4.4,-1.86
188,-0.15,0.21,0.86,-56.01,-1.16,-10.15
189,-0.18,0.21,0.87,-47.88,-10.03,-15.98
190,-0.2,0.22,0.9,-50.39,-14.89,-20.09
191,-0.19,0.22,0.89,-48.71,-22.4,-23.94
192,-0.09,0.2,0.88,-51.19,-19.55,-20.71
193,-0.12,0.2,0.9,-54.62,-17.87,-16.83
194,-0.17,0.18,0.96,-55.47,-31.34,-15.11
195,0.02,0.11,0.74,-58.39,13.63,3.85
196,-0.2,0.1,0.97,-62.15,-14.73,-16.57
197,-0.17,0.09,1.04,-61.48,-9.4,-7.13
198,-0.21,0.09,0.97,-52.24,-9.54,-8.77
199,-0.21,0.13,0.96,-44.25,-16.26,-16.73
200,-0.13,0.14,0.94,-47.56,-25.53,-18.85
201,-0.12,0.17,0.95,-49.76,-25.4,-17.14
202,-0.17,0.02,1.08,-58.23,-19.84,-19.34
203,-0.12,0.04,1.01,-41.27,-26.34,-1.76
204,-0.14,-0.03,1.04,-52.6,-26.95,-11.79
205,-0.19,0.02,1.09,-63.67,-46.95,-22.18
206,-0.05,-0.02,1.05,-22.89,-47.5,26.25
207,-0.12,0.08,1.13,-6.28,-32.63,15.33
208,0.02,0.12,0.9,-22.13,-33.51,16.77
209,-0.05,0.06,1.07,-45.37,-28.64,1.23
210,-0.07,0.04,1.12,-46.6,-20.11,-3.55
211,-0.07,0.02,1.11,-44.83,-18.99,-1.92
212,-0.11,0.01,1.11,-39.04,-24.6,-3.29
213,-0.08,0.05,1.12,-33.34,-33.23,-3.28
214,-0.02,0.07,1.1,-38.05,-31.67,-6.58
215,0.01,0.06,1.09,-44.23,-26.63,-6.5
216,-0.0,0.01,1.12,-53.68,-16.82,-5.7
217,-0.0,-0.06,1.11,-53.4,-10.95,-4.79
218,-0.03,-0.07,1.11,-51.8,-6.79,-6.35
219,-0.15,-0.1,1.06,-47.58,-7.69,-8.43
220,-0.2,-0.15,0.96,-39.53,-17.05,-7.78
221,-0.18,-0.09,1.01,-38.81,-25.68,-8.73
222,-0.15,-0.09,1.0,-30.31,-40.23,-9.09
223,-0.06,-0.03,1.04,-32.4,-42.99,-13.11
224,-0.03,0.02,1.05,-41.47,-48.49,-10.72
225,0.03,-0.02,1.08,-45.23,-43.17,-17.53
226,0.06,-0.06,1.06,-44.92,-37.64,-9.05
227,0.06,-0.09,1.1,-50.89,-33.28,-3.92
228,0.11,-0.14,1.13,-48.73,-23.96,0.15
229,0.22,-0.18,1.11,-33.1,-16.81,18.7
230,0.12,-0.15,1.1,-28.16,-8.79,19.47
231,0.16,-0.07,1.05,-15.57,-4.34,31.22
232,0.13,-0.02,1.02,-9.19,-5.76,29.89
233,0.11,-0.04,0.99,-3.87,-6.23,30.88
234,0.13,-0.01,0.99,-12.16,-3.83,29.06
235,0.15,-0.01,0.98,-21.15,1.46,29.28
236,0.13,-0.01,0.97,-23.68,8.03,35.92
237,0.07,-0.04,0.97,-35.21,17.34,31.72
238,-0.01,-0.09,0.94,-42.79,22.4,22.94
239,-0.03,-0.1,0.94,-44.45,21.23,23.17
240,-0.01,-0.09,0.9,-45.08,17.83,16.95
241,0.0,-0.08,0.86,-44.87,14.59,10.82
242,0.04,-0.08,0.86,-44.86,11.4,1.68
243,0.06,-0.05,0.87,-49.06,7.79,-5.63
244,0.08,-0.01,0.89,-52.76,7.79,-4.51
245,0.04,-0.02,0.9,-57.21,9.44,-7.65
246,0.01,-0.08,0.93,-57.48,9.42,-11.97
247,-0.02,-0.13,0.93,-53.66,7.95,-6.15
248,-0.04,-0.18,0.95,-52.72,7.15,5.0
249,-0.03,-0.2,0.97,-51.82,6.4,12.51
250,-0.04,-0.22,0.98,-50.1,4.84,9.71
251,-0.03,-0.22,0.98,-49.94,1.91,2.85
252,-0.04,-0.23,1.0,-50.95,-1.02,-0.96
253,-0.05,-0.25,1.02,-51.73,-2.31,-7.88
254,-0.01,-0.27,1.06,-52.12,-1.98,-12.76
255,0.01,-0.26,1.09,-53.37,1.4,-9.57
256,0.03,-0.29,1.1,-54.27,5.44,-6.39
257,0.04,-0.32,1.12,-52.74,11.27,-6.11
258,0.06,-0.33,1.12,-45.94,14.44,-4.02
259,0.06,-0.33,1.11,-40.25,17.33,-2.19
260,0.05,-0.32,1.07,-37.64,23.45,0.24
261,-0.04,-0.32,1.04,-35.04,27.44,1.45
262,-0.09,-0.32,1.02,-33.15,25.85,1.8
263,-0.13,-0.32,0.98,-31.28,21.06,3.53
264,-0.13,-0.31,0.95,-30.66,15.37,3.09
265,-0.1,-0.28,0.94,-32.74,9.56,-1.29
266,-0.1,-0.28,0.95,-36.08,6.42,-4.49
267,-0.09,-0.28,0.98,-38.37,3.97,-5.45
268,-0.1,-0.31,1.01,-38.68,1.75,-7.66
269,-0.1,-0.33,1.01,-35.28,1.56,-8.09
270,-0.1,-0.34,1.02,-30.53,1.33,-8.77
271,-0.1,-0.34,1.0,-26.8,-0.42,-10.23
272,-0.09,-0.35,0.97,-23.89,-2.26,-6.05
273,-0.11,-0.35,0.96,-23.07,-3.66,-4.79
274,-0.08,-0.34,0.95,-23.67,-4.24,-6.25
275,-0.08,-0.34,0.96,-26.13,-5.13,-3.69
276,-0.08,-0.34,1.04,-30.88,-15.04,-5.55
277,-0.03,-0.34,1.0,-31.24,-4.18,0.54
278,-0.02,-0.36,0.99,-28.79,-2.91,0.47
279,-0.04,-0.36,0.97,-28.16,-3.41,-0.22
280,-0.03,-0.37,0.98,-26.7,-2.72,4.04
281,-0.05,-0.38,0.96,-26.34,-2.98,3.02
282,-0.04,-0.39,0.96,-23.73,-4.41,-0.34
283,-0.04,-0.38,0.96,-22.12,-8.27,-5.61
284,-0.01,-0.38,0.95,-20.83,-9.64,-7.65
285,0.0,-0.39,0.96,-18.31,-8.53,-3.79
286,-0.03,-0.37,0.93,-16.53,-7.77,-0.47
287,-0.04,-0.37,0.92,-18.1,-7.53,6.3
288,-0.08,-0.37,0.92,-23.11,-7.21,10.5
289,-0.09,-0.37,0.92,-26.66,-9.57,15.51
290,-0.06,-0.37,0.94,-28.57,-10.66,12.7
291,-0.02,-0.37,0.94,-30.23,-11.5,10.37
292,0.0,-0.39,0.95,-30.65,-9.11,10.98
293,0.01,-0.41,0.95,-29.66,-7.01,10.56
294,0.02,-0.44,0.97,-26.05,-3.04,8.12
295,0.03,-0.47,0.98,-20.17,0.66,4.12
296,-0.02,-0.47,0.96,-15.82,2.09,4.33
297,-0.06,-0.45,0.95,-14.34,3.47,2.42
298,-0.07,-0.44,0.92,-12.97,-0.59,-0.1
299,-0.05,-0.43,0.92,-12.37,-3.44,-3.93
300,-0.04,-0.43,0.91,-10.69,-7.25,-9.4
301,-0.05,-0.42,0.92,-10.22,-9.82,-11.62
302,-0.03,-0.42,0.91,-11.28,-8.11,-7.19
303,-0.05,-0.42,0.91,-12.53,-6.24,-1.31
304,-0.05,-0.42,0.91,-13.79,-5.92,2.13
305,-0.01,-0.42,0.91,-13.5,-5.7,6.38
306,-0.01,-0.43,0.92,-12.95,-6.18,5.32
307,-0.02,-0.42,0.93,-11.71,-6.89,5.79
308,-0.02,-0.41,0.92,-11.27,-8.13,5.29
309,-0.03,-0.41,0.91,-9.92,-8.39,3.42
310,-0.03,-0.42,0.9,-8.37,-12.34,0.7
311,-0.05,-0.41,0.91,-6.58,-16.82,-2.6
312,-0.05,-0.43,0.9,-5.35,-19.85,-6.42
313,-0.06,-0.43,0.9,-4.15,-24.86,-8.3
314,-0.04,-0.4,0.89,-5.83,-27.79,-8.02
315,-0.01,-0.4,0.89,-7.99,-29.22,-9.63
316,0.0,-0.42,0.93,-9.93,-27.85,-8.76
317,0.06,-0.45,0.96,-7.54,-24.02,2.69
318,0.04,-0.46,0.98,-9.41,-16.31,6.89
319,0.04,-0.48,0.97,-10.95,-10.54,10.74
320,0.03,-0.49,0.97,-9.11,-7.92,15.27
321,-0.0,-0.5,0.95,-5.48,-9.49,15.35
322,-0.0,-0.48,0.93,-2.35,-11.69,12.21
323,-0.01,-0.46,0.91,0.61,-15.29,7.5
324,-0.01,-0.43,0.89,2.89,-19.43,2.07
325,0.0,-0.42,0.87,1.36,-22.33,-2.47
326,0.03,-0.38,0.88,-2.18,-21.79,-3.44
327,0.03,-0.38,0.88,-6.18,-19.23,-4.82
328,0.04,-0.39,0.91,-9.87,-15.98,-4.27
329,0.05,-0.4,0.92,-12.89,-12.43,-3.98
330,0.03,-0.41,0.9,-12.18,-11.86,-6.25
331,0.04,-0.42,0.91,-10.24,-13.89,-11.2
332,0.03,-0.44,0.91,-7.98,-18.73,-16.74
333,0.07,-0.44,0.92,-2.35,-19.18,-15.98
334,0.08,-0.42,0.9,-0.33,-16.6,-13.3
335,0.1,-0.4,0.9,-1.56,-16.14,-15.54
336,0.11,-0.38,0.9,-5.08,-12.72,-16.46
337,0.11,-0.38,0.9,-7.27,-10.08,-15.52
338,0.07,-0.41,0.9,-8.5,-10.79,-15.45
339,0.05,-0.42,0.9,-9.12,-11.8,-14.05
340,0.04,-0.44,0.9,-8.53,-13.35,-15.23
341,0.06,-0.44,0.9,-8.01,-13.89,-12.41
342,0.08,-0.46,0.93,-8.73,-12.37,-9.95
343,0.09,-0.46,0.93,-8.79,-8.82,-3.95
344,0.09,-0.47,0.94,-9.21,-5.82,-0.27
345,0.1,-0.46,0.92,-9.31,-3.59,2.14
346,0.12,-0.44,0.92,-9.69,-1.69,0.05
347,0.1,-0.45,0.93,-8.66,-0.63,-4.15
348,0.07,-0.47,0.94,-6.66,-2.42,-7.37
349,0.07,-0.46,0.92,-5.33,-3.58,-8.28
350,0.08,-0.47,0.92,-4.94,-2.95,-8.93
351,0.07,-0.48,0.91,-3.99,-2.85,-8.28
352,0.06,-0.48,0.91,-2.57,-4.37,-8.98
353,0.07,-0.47,0.9,-1.76,-6.12,-9.22
354,0.08,-0.46,0.9,-1.8,-6.19,-9.79
355,0.09,-0.46,0.91,-2.27,-5.65,-9.74
356,0.11,-0.45,0.91,-2.76,-3.79,-9.15
357,0.12,-0.46,0.93,-2.76,-1.61,-8.68
358,0.11,-0.46,0.92,-2.4,0.34,-7.13
359,0.11,-0.46,0.92,-1.05,1.43,-6.74
360,0.11,-0.45,0.9,-0.47,2.86,-7.52
361,0.08,-0.45,0.9,-0.82,3.56,-6.96
362,0.06,-0.46,0.88,-1.34,3.32,-7.57
363,0.05,-0.45,0.88,-1.9,1.69,-6.92
364,0.05,-0.45,0.87,-2.15,0.26,-6.56
365,0.03,-0.44,0.89,-2.56,-1.28,-6.31
366,0.04,-0.43,0.88,-2.6,-2.34,-6.76
367,0.06,-0.44,0.88,-3.5,-2.35,-6.01
368,0.03,-0.45,0.87,-3.27,-4.15,-7.4
369,0.04,-0.45,0.88,-3.86,-6.75,-8.57
370,0.08,-0.44,0.88,-3.21,-5.83,-4.82
371,0.06,-0.46,0.89,-3.05,-6.77,-3.76
372,0.05,-0.45,0.87,-2.65,-9.85,-4.84
373,0.07,-0.45,0.89,-2.63,-5.34,-3.59
374,0.07,-0.44,0.89,-3.3,-7.38,-4.48
375,0.07,-0.45,0.89,-3.85,-7.47,-5.53
376,0.08,-0.44,0.88,-3.1,-8.65,-3.29
377,0.09,-0.43,0.89,-3.42,-7.94,-2.15
378,0.09,-0.43,0.89,-3.91,-8.05,-2.16
379,0.09,-0.42,0.88,-4.57,-8.3,-1.61
380,0.1,-0.43,0.91,-5.33,-7.45,-1.53
381,0.11,-0.42,0.88,-5.37,-7.78,-1.92
382,0.12,-0.44,0.9,-5.37,-5.69,-2.2
383,0.11,-0.45,0.9,-4.02,-4.62,-1.89
384,0.11,-0.46,0.9,-2.29,-3.54,-0.27
385,0.11,-0.45,0.88,-1.95,-2.23,-0.12
386,0.1,-0.44,0.88,-2.47,-0.53,-0.61
387,0.09,-0.43,0.87,-3.15,-0.51,-0.92
388,0.08,-0.44,0.86,-3.49,-2.21,-0.95
389,0.08,-0.44,0.87,-3.41,-3.93,-2.71
390,0.1,-0.43,0.88,-4.22,-4.49,-2.3
391,0.09,-0.43,0.87,-5.79,-3.5,-0.97
392,0.09,-0.45,0.87,-6.6,-3.38,-1.35
393,0.09,-0.45,0.87,-6.85,-4.11,-1.51
394,0.09,-0.45,0.88,-6.99,-4.65,-1.75
395,0.11,-0.45,0.88,-6.62,-5.27,-2.32
396,0.12,-0.45,0.9,-5.79,-5.24,-3.36
397,0.14,-0.44,0.89,-4.56,-4.77,-3.45
398,0.15,-0.44,0.89,-3.63,-3.44,-2.93
399,0.15,-0.43,0.89,-2.86,-1.47,-2.11
