,accel_x,accel_y,accel_z,gyro_x,gyro_y,gyro_z
0,-0.02,0.1,0.96,-1.85,4.16,-4.66
1,-0.02,0.11,0.96,-3.18,4.91,-5.34
2,-0.01,0.11,0.96,-4.25,6.96,-5.62
3,-0.03,0.12,0.96,-5.31,7.57,-6.27
4,-0.07,0.11,0.95,-5.22,7.44,-5.85
5,-0.1,0.1,0.96,-4.2,4.55,-5.61
6,-0.12,0.1,0.95,-3.55,1.45,-4.76
7,-0.11,0.11,0.94,-3.22,-1.08,-3.3
8,-0.11,0.11,0.94,-3.44,-4.22,-2.92
9,-0.08,0.12,0.93,-4.88,-5.84,-3.45
10,-0.06,0.11,0.94,-6.74,-3.9,-3.4
11,-0.06,0.11,0.95,-8.39,-2.65,-3.0
12,-0.05,0.11,0.97,-9.1,-0.48,-2.92
13,-0.03,0.1,0.97,-9.21,1.79,-3.27
14,-0.06,0.09,0.97,-9.05,1.39,-4.35
15,-0.08,0.08,0.98,-7.56,1.52,-4.17
16,-0.08,0.07,0.99,-5.95,0.62,-3.36
17,-0.08,0.08,0.97,-5.06,0.55,-2.76
18,-0.09,0.08,0.98,-4.6,0.76,-1.33
19,-0.09,0.07,0.96,-4.57,-0.13,-0.95
20,-0.09,0.08,0.96,-4.81,-2.8,-0.78
21,-0.09,0.08,0.96,-6.0,-5.3,-0.28
22,-0.07,0.08,0.97,-6.56,-6.4,0.35
23,-0.03,0.08,1.01,-6.67,-5.56,1.27
24,-0.01,0.08,1.01,-6.12,-3.42,0.76
25,-0.0,0.07,1.02,-5.15,-1.97,0.85
26,-0.0,0.08,1.01,-4.5,-1.16,0.45
27,0.01,0.07,1.01,-4.4,-0.5,-0.54
28,-0.01,0.07,1.01,-4.08,-1.1,-1.84
29,-0.02,0.06,1.0,-3.96,-2.37,-2.94
30,-0.03,0.05,1.02,-2.61,-1.79,-1.95
31,-0.02,0.06,1.0,-2.42,-0.27,-1.79
32,-0.03,0.06,1.0,-1.83,-0.1,-2.15
33,-0.02,0.07,0.99,-1.35,-0.02,-2.92
34,-0.03,0.07,0.99,-1.15,-1.31,-3.59
35,-0.04,0.07,0.98,-2.11,-2.27,-4.15
36,-0.06,0.06,0.98,-2.89,-2.2,-4.0
37,-0.06,0.07,0.98,-3.15,-2.25,-3.34
38,-0.05,0.07,0.99,-3.44,-0.67,-2.76
39,-0.05,0.07,0.98,-3.18,1.15,-2.17
40,-0.06,0.08,0.98,-2.91,0.42,-1.61
41,-0.05,0.08,0.97,-2.82,-0.92,-2.32
42,-0.05,0.09,0.96,-3.5,-2.58,-3.73
43,-0.04,0.09,0.96,-4.27,-3.52,-4.57
44,-0.04,0.08,0.97,-4.62,-4.74,-5.89
45,-0.04,0.07,0.99,-4.2,-5.44,-6.53
46,-0.04,0.07,0.99,-3.5,-5.63,-5.86
47,-0.04,0.07,0.98,-3.87,-4.22,-4.71
48,-0.05,0.07,0.98,-4.73,-2.5,-3.6
49,-0.06,0.07,0.98,-6.15,-1.14,-1.62
50,-0.07,0.06,0.99,-6.37,-1.22,0.63
51,-0.05,0.06,1.0,-6.37,-0.23,2.31
52,-0.04,0.07,1.01,-5.95,0.84,2.89
53,-0.04,0.06,0.99,-5.24,1.36,3.18
54,-0.04,0.07,0.99,-5.57,1.76,2.69
55,-0.03,0.08,0.99,-5.64,1.57,1.62
56,-0.03,0.07,0.98,-6.09,0.69,-0.09
57,-0.02,0.07,0.99,-5.54,-0.54,-2.84
58,-0.02,0.07,0.99,-3.84,-2.66,-5.06
59,-0.02,0.07,0.99,-2.81,-2.98,-6.67
60,-0.02,0.06,0.99,-2.62,-2.82,-7.08
61,-0.03,0.06,0.99,-3.26,-1.47,-7.13
62,-0.05,0.06,0.97,-4.0,-0.56,-6.05
63,-0.07,0.06,0.97,-4.73,0.66,-5.01
64,-0.07,0.06,0.96,-5.82,-0.4,-4.04
65,-0.08,0.06,0.98,-6.83,-0.6,-2.66
66,-0.08,0.06,0.98,-7.36,-1.48,-1.34
67,-0.07,0.06,0.97,-8.08,-1.31,0.71
68,-0.07,0.06,0.97,-8.34,-1.73,1.24
69,-0.05,0.06,0.98,-7.41,-2.16,1.3
70,-0.02,0.06,1.0,-5.85,-1.85,0.54
71,-0.02,0.05,1.01,-3.31,-0.92,-0.4
72,-0.0,0.04,1.02,-1.05,-1.34,-1.39
73,-0.0,0.06,1.01,0.56,-0.76,-2.62
74,0.01,0.06,0.99,1.37,0.12,-3.24
75,-0.01,0.06,0.98,0.97,0.87,-3.4
76,-0.02,0.08,0.97,-0.45,1.82,-4.4
77,-0.03,0.08,0.96,-1.45,2.08,-5.07
78,-0.05,0.08,0.96,-2.32,0.76,-5.47
79,-0.06,0.08,0.96,-3.44,-0.1,-5.66
80,-0.05,0.08,0.96,-4.53,-0.38,-4.5
81,-0.05,0.09,0.97,-6.02,1.51,-2.77
82,-0.06,0.08,0.97,-6.5,1.06,-2.04
83,-0.05,0.07,0.98,-5.98,0.02,-2.06
84,-0.05,0.08,0.97,-5.02,-1.0,-3.61
85,-0.05,0.06,0.98,-4.47,-2.45,-4.5
86,-0.05,0.06,0.99,-3.69,-3.01,-5.34
87,-0.06,0.06,0.98,-3.34,-2.98,-5.24
88,-0.05,0.05,0.99,-3.6,-2.56,-4.8
89,-0.05,0.05,0.99,-3.93,-1.66,-4.13
90,-0.06,0.05,0.98,-4.56,-1.45,-3.92
91,-0.06,0.05,0.99,-4.53,-2.16,-3.51
92,-0.06,0.05,0.99,-4.65,-2.27,-3.55
93,-0.05,0.05,0.99,-4.32,-1.35,-2.76
94,-0.05,0.05,0.99,-4.32,-0.85,-1.87
95,-0.05,0.05,0.99,-4.1,0.01,-1.95
96,-0.06,0.06,0.98,-3.49,-1.47,-2.17
97,-0.04,0.05,0.98,-2.5,-3.07,-2.87
98,-0.04,0.05,0.99,-0.97,-3.65,-3.85
99,-0.03,0.05,0.99,0.25,-3.98,-3.75
100,-0.03,0.05,0.99,0.8,-3.12,-3.73
101,-0.05,0.05,0.99,1.64,-2.77,-3.72
102,-0.05,0.06,0.98,1.53,-2.7,-3.91
103,-0.04,0.06,0.99,1.94,-2.92,-3.21
104,-0.06,0.06,0.97,1.21,-2.53,-2.56
105,-0.04,0.07,0.97,-0.06,-1.02,-1.1
106,-0.05,0.08,0.96,-2.45,0.61,0.85
107,-0.04,0.08,0.97,-4.19,2.44,2.73
108,-0.04,0.08,0.98,-6.27,2.68,2.55
109,-0.04,0.07,0.99,-6.79,2.87,2.18
110,-0.04,0.07,1.0,-5.79,1.83,1.93
111,-0.03,0.07,1.0,-5.0,1.67,1.08
112,-0.04,0.07,0.98,-3.85,1.52,0.19
113,-0.04,0.06,0.98,-3.11,-0.19,-0.73
114,-0.05,0.07,0.99,-2.4,-1.45,-1.76
115,-0.05,0.07,0.98,-2.19,-2.4,-2.08
116,-0.04,0.07,0.98,-2.8,-1.27,-1.62
117,-0.03,0.08,0.96,-4.31,-0.19,-0.92
118,-0.04,0.08,0.95,-5.95,0.58,-1.35
119,-0.03,0.08,0.95,-7.33,1.17,-0.96
120,-0.04,0.07,0.96,-8.08,0.9,-0.64
121,-0.03,0.07,0.97,-7.92,0.44,-0.67
122,-0.04,0.07,0.97,-8.47,0.02,-1.79
123,-0.03,0.07,0.97,-8.4,-0.53,-2.15
124,-0.04,0.07,0.97,-8.82,-1.15,-2.96
125,-0.05,0.07,0.97,-8.98,-1.92,-3.33
126,-0.06,0.06,0.96,-9.8,-3.24,-4.16
127,-0.06,0.06,0.98,-9.77,-4.22,-4.77
128,-0.06,0.06,1.0,-8.59,-3.77,-4.65
129,-0.05,0.06,1.0,-7.76,-3.31,-3.79
130,-0.06,0.07,1.01,-7.92,-2.79,-4.63
131,-0.09,0.09,1.02,-8.99,-3.87,-5.29
132,-0.1,0.11,1.04,-10.61,-4.75,-5.06
133,-0.1,0.12,1.1,-12.12,-5.4,-5.62
134,-0.11,0.15,1.15,-13.08,-8.99,-5.24
135,-0.06,0.18,1.26,-12.37,-11.08,-3.98
136,0.04,0.18,1.39,-10.11,-8.49,-7.1
137,0.1,0.16,1.53,-3.5,-3.79,-11.56
138,0.09,0.13,1.61,10.08,-4.7,-15.6
139,0.08,0.14,1.63,21.46,-11.97,-25.4
140,0.11,0.15,1.68,30.84,-6.64,-27.17
141,0.1,0.19,1.7,34.83,-1.16,-29.5
142,0.07,0.18,1.74,35.64,7.03,-28.45
143,0.04,0.17,1.79,34.52,15.79,-27.79
144,-0.03,0.14,1.83,34.66,23.86,-26.43
145,-0.08,0.11,1.87,37.81,28.84,-25.1
146,-0.18,0.08,1.89,44.21,31.9,-24.27
147,-0.26,0.06,1.83,51.63,30.22,-23.52
148,-0.31,0.07,1.78,58.66,26.54,-22.72
149,-0.36,0.07,1.71,64.36,21.14,-21.57
150,-0.38,0.06,1.67,69.97,14.78,-21.14
151,-0.39,0.07,1.66,77.37,11.27,-18.44
152,-0.35,0.1,1.58,83.43,8.15,-14.95
153,-0.31,0.13,1.55,87.9,10.02,-9.73
154,-0.27,0.14,1.53,92.31,17.43,-4.68
155,-0.2,0.14,1.46,99.2,25.74,0.29
156,-0.17,0.15,1.36,102.87,34.1,3.36
157,-0.15,0.16,1.21,103.53,37.42,1.24
158,-0.18,0.17,1.09,103.65,33.52,-3.79
159,-0.18,0.19,0.98,103.43,26.98,-12.38
160,-0.19,0.18,0.88,102.9,19.82,-20.13
161,-0.2,0.18,0.78,100.71,13.2,-24.38
162,-0.17,0.16,0.68,95.05,11.33,-24.66
163,-0.15,0.14,0.57,85.95,20.4,-20.06
164,-0.16,0.13,0.47,74.12,31.54,-10.53
165,-0.15,0.12,0.38,60.52,40.44,2.25
166,-0.13,0.12,0.28,48.11,47.27,9.83
167,-0.09,0.12,0.2,34.35,50.72,13.63
168,-0.1,0.1,0.14,22.66,41.99,9.05
169,-0.12,0.07,0.12,13.1,23.57,-0.77
170,-0.14,0.05,0.15,6.52,3.07,-8.22
171,-0.12,0.01,0.18,0.72,-12.16,-11.38
172,-0.06,0.02,0.24,-8.72,-14.15,-9.04
173,-0.03,-0.01,0.25,-14.14,-12.0,-3.27
174,-0.03,-0.04,0.33,-19.4,-9.76,0.87
175,-0.02,-0.04,0.4,-19.97,-4.84,6.85
176,0.01,-0.02,0.45,-16.94,-1.98,11.77
177,0.01,-0.0,0.49,-12.04,-1.47,13.21
178,0.03,0.0,0.51,-4.09,-3.96,12.75
179,0.08,0.02,0.53,4.42,-7.21,9.18
180,0.07,0.07,0.51,10.89,-13.9,1.8
181,0.04,0.09,0.52,17.44,-20.65,-3.13
182,0.03,0.08,0.53,23.18,-26.83,-5.21
183,0.04,0.1,0.54,26.71,-26.76,-3.91
184,0.05,0.12,0.53,27.74,-21.01,0.1
185,0.05,0.16,0.54,27.06,-14.8,4.5
186,0.03,0.19,0.52,27.71,-11.95,8.08
187,0.01,0.22,0.52,28.45,-11.67,10.68
188,0.03,0.27,0.53,28.85,-11.49,12.6
189,0.03,0.32,0.5,27.86,-11.72,12.0
190,0.05,0.4,0.47,25.69,-12.6,10.82
191,0.04,0.44,0.48,22.16,-12.66,10.99
192,0.02,0.47,0.49,18.06,-13.66,11.5
193,0.05,0.52,0.5,13.2,-13.64,12.48
194,0.05,0.55,0.53,8.29,-10.02,11.91
195,0.06,0.57,0.54,3.53,-7.4,12.97
196,0.05,0.59,0.55,0.11,-7.13,11.4
197,0.03,0.62,0.56,-2.61,-9.04,6.65
198,-0.02,0.62,0.57,-3.41,-14.25,2.35
199,-0.04,0.61,0.59,-3.66,-19.86,-0.75
200,-0.06,0.59,0.6,-5.74,-23.93,-1.63
201,-0.07,0.58,0.62,-7.4,-21.31,1.24
202,-0.07,0.56,0.63,-10.82,-16.99,5.09
203,-0.08,0.54,0.64,-14.68,-13.27,8.82
204,-0.09,0.53,0.65,-17.56,-12.16,11.02
205,-0.09,0.51,0.66,-19.41,-13.75,11.91
206,-0.07,0.51,0.66,-21.72,-16.06,11.08
207,-0.05,0.5,0.67,-24.34,-19.28,7.22
208,-0.06,0.49,0.7,-26.6,-24.94,3.96
209,-0.03,0.46,0.75,-26.46,-32.79,2.37
210,-0.01,0.44,0.8,-26.63,-33.11,1.27
211,0.05,0.42,0.83,-27.4,-30.55,0.62
212,0.05,0.41,0.86,-28.3,-23.31,-0.72
213,0.01,0.38,0.86,-28.48,-23.23,-2.87
214,-0.04,0.36,0.86,-27.65,-27.64,-4.63
215,-0.03,0.37,0.86,-28.24,-30.79,-6.07
216,-0.06,0.37,0.86,-30.46,-31.98,-6.63
217,-0.05,0.35,0.89,-33.17,-33.24,-5.92
218,-0.05,0.32,0.92,-35.97,-32.02,-4.2
219,-0.05,0.31,0.94,-37.59,-30.5,-1.21
220,-0.02,0.3,0.95,-39.47,-28.6,0.82
221,0.02,0.28,0.97,-39.77,-27.5,0.47
222,0.04,0.26,1.0,-37.67,-26.9,2.02
223,0.03,0.26,1.01,-35.24,-26.63,2.69
224,0.04,0.28,1.0,-35.08,-25.75,2.83
225,0.05,0.31,1.01,-36.68,-22.36,3.18
226,0.07,0.31,1.02,-37.92,-19.04,4.53
227,0.05,0.3,1.03,-38.51,-16.89,3.2
228,0.04,0.29,1.03,-36.99,-18.53,2.75
229,0.02,0.27,1.04,-34.51,-20.49,2.66
230,0.05,0.25,1.03,-32.88,-21.28,3.5
231,0.07,0.23,1.05,-31.56,-18.71,5.48
232,0.1,0.24,1.05,-30.92,-15.98,7.2
233,0.16,0.25,1.05,-31.61,-10.53,8.22
234,0.18,0.27,1.05,-33.18,-1.69,5.76
235,0.13,0.28,1.04,-34.69,2.85,1.95
236,0.04,0.26,1.07,-34.16,1.69,-1.85
237,-0.02,0.23,1.12,-30.03,-2.34,-2.85
238,-0.04,0.21,1.12,-24.83,-5.69,-4.04
239,-0.05,0.2,1.12,-20.24,-8.29,-2.99
240,0.0,0.2,1.09,-18.03,-6.56,-0.06
241,0.0,0.21,1.06,-19.5,-3.54,3.37
242,0.01,0.22,1.07,-21.46,-1.89,6.64
243,0.05,0.24,1.08,-23.37,1.65,9.6
244,0.07,0.24,1.1,-25.4,6.21,10.4
245,0.07,0.24,1.1,-25.54,8.13,8.6
246,0.04,0.23,1.12,-22.23,6.67,7.16
247,0.04,0.21,1.12,-17.03,4.14,5.21
248,0.05,0.2,1.1,-13.73,4.4,3.85
249,0.05,0.21,1.07,-12.21,4.53,3.0
250,0.06,0.23,1.06,-11.57,6.8,3.26
251,0.05,0.23,1.05,-10.85,8.44,3.76
252,0.04,0.23,1.04,-10.24,8.29,4.62
253,0.04,0.24,1.02,-10.95,10.04,5.11
254,0.01,0.23,1.02,-11.35,10.14,6.25
255,-0.03,0.21,1.0,-12.77,7.72,5.95
256,-0.04,0.2,1.0,-12.93,5.79,6.57
257,-0.05,0.19,1.03,-11.4,3.22,9.09
258,-0.05,0.19,1.03,-12.23,3.17,10.84
259,-0.01,0.2,1.04,-11.78,4.56,13.4
260,0.03,0.22,1.05,-11.57,5.66,13.77
261,0.06,0.24,1.06,-9.97,5.84,12.75
262,0.07,0.24,1.06,-8.6,4.94,10.43
263,0.1,0.24,1.03,-7.53,1.9,4.11
264,0.1,0.22,1.06,-4.11,6.51,3.98
265,0.08,0.21,1.04,-2.69,7.63,1.4
266,0.05,0.21,1.03,-0.76,6.43,-0.83
267,0.02,0.21,1.0,0.98,5.87,-1.27
268,0.03,0.21,0.97,0.87,6.9,-0.74
269,0.02,0.21,0.96,-0.63,6.61,0.02
270,0.01,0.22,0.96,-2.34,4.98,0.59
271,0.02,0.22,0.98,-3.63,4.9,1.82
272,0.03,0.21,0.98,-4.56,5.24,2.11
273,0.02,0.21,1.0,-4.85,5.15,2.59
274,0.05,0.2,1.0,-4.31,5.5,2.6
275,0.03,0.21,1.01,-3.52,5.87,1.81
276,0.03,0.21,0.99,-2.4,5.14,1.36
277,0.03,0.21,1.0,-1.61,4.11,0.84
278,0.01,0.22,1.0,-1.39,2.87,0.06
279,0.02,0.22,0.99,-1.75,3.65,1.05
280,0.04,0.22,0.98,-2.37,6.23,1.41
281,0.04,0.21,0.97,-2.64,8.34,1.92
282,0.03,0.2,0.95,-2.98,8.88,2.4
283,0.03,0.2,0.96,-3.58,10.02,3.47
284,0.0,0.2,0.94,-4.09,10.65,4.54
285,-0.02,0.22,0.93,-4.34,8.6,4.22
286,-0.04,0.23,0.93,-5.07,4.69,2.84
287,-0.06,0.22,0.95,-3.83,-0.41,1.13
288,-0.03,0.24,0.96,-2.15,-3.8,0.11
289,0.01,0.26,0.96,-3.07,-1.69,-2.31
290,0.03,0.27,0.94,-5.39,1.22,-4.31
291,0.01,0.26,0.96,-4.63,-0.74,-2.99
292,0.01,0.28,0.95,-4.67,-3.6,-2.85
293,0.04,0.28,0.96,-7.08,-2.63,-2.56
294,0.03,0.26,0.97,-6.42,-0.05,-2.05
295,0.0,0.26,0.96,-7.57,1.11,-3.3
296,0.01,0.23,0.98,-6.64,0.84,-1.66
297,-0.0,0.22,0.99,-4.89,0.89,-0.5
298,0.0,0.22,0.99,-2.7,-0.13,-0.44
299,0.03,0.23,0.98,-2.1,-0.88,-1.73
300,0.06,0.24,0.98,-2.15,-0.47,-6.27
301,0.03,0.24,0.97,-0.53,-3.72,-10.0
302,-0.04,0.25,0.97,-0.1,-5.7,-13.31
303,0.02,0.23,0.98,3.11,-5.08,-8.21
304,-0.0,0.24,0.94,2.66,-5.6,-6.21
305,0.03,0.26,0.93,-0.44,-4.48,-4.11
306,0.02,0.27,0.91,-5.78,-1.51,-3.19
307,0.01,0.29,0.91,-11.56,-0.03,-3.02
308,-0.01,0.27,0.92,-17.11,-0.23,-3.25
309,-0.03,0.24,0.97,-17.99,-2.83,-3.92
310,-0.01,0.23,1.0,-15.0,-6.65,-4.25
311,0.02,0.21,1.01,-11.41,-4.97,-3.83
312,0.02,0.19,1.0,-8.98,-2.87,-2.4
313,0.01,0.17,0.97,-8.77,0.76,-0.32
314,-0.01,0.17,0.94,-10.43,3.87,2.37
315,-0.03,0.15,0.92,-13.33,5.23,3.9
316,-0.05,0.15,0.92,-15.08,4.99,4.32
317,-0.08,0.15,0.93,-14.63,0.34,3.52
318,-0.07,0.15,0.93,-12.31,-6.24,1.44
319,-0.06,0.17,0.93,-10.53,-12.79,-0.82
320,-0.03,0.19,0.95,-9.86,-16.77,-1.47
321,0.01,0.2,0.95,-9.56,-16.66,-1.92
322,0.04,0.22,0.97,-10.37,-15.98,-0.92
323,0.06,0.24,0.97,-9.99,-15.38,0.47
324,0.07,0.26,0.97,-12.92,-12.14,1.24
325,0.1,0.27,0.98,-15.49,-8.54,0.43
326,0.1,0.27,0.99,-15.68,-6.98,-0.28
327,0.09,0.26,0.99,-15.9,-6.18,-2.05
328,0.07,0.25,0.98,-16.23,-5.92,-4.26
329,0.06,0.23,0.99,-17.14,-5.65,-5.48
330,0.08,0.22,0.99,-17.81,-4.17,-6.34
331,0.07,0.19,1.01,-17.85,-0.85,-6.98
332,0.04,0.19,1.03,-17.21,0.58,-7.34
333,0.05,0.18,1.02,-14.05,1.83,-6.04
334,0.01,0.17,1.0,-12.88,1.21,-7.24
335,-0.0,0.17,1.0,-12.13,0.56,-7.47
336,-0.02,0.16,0.99,-11.78,0.05,-7.34
337,-0.02,0.15,0.99,-11.6,-1.11,-5.66
338,-0.02,0.15,0.98,-12.62,-0.53,-4.99
339,-0.03,0.13,0.98,-13.31,-1.68,-4.09
340,-0.03,0.12,0.99,-12.35,-3.75,-2.97
341,-0.0,0.12,0.99,-11.32,-5.8,-3.0
342,0.01,0.13,1.0,-11.11,-5.59,-3.63
343,-0.01,0.12,1.0,-10.31,-6.03,-2.51
344,0.01,0.12,1.02,-8.82,-4.77,-1.31
345,0.01,0.12,1.0,-8.56,-2.73,-0.79
346,0.01,0.11,1.01,-7.56,-2.33,0.31
347,0.02,0.12,1.0,-8.12,-2.53,0.5
348,0.03,0.12,1.0,-9.14,-0.85,1.07
349,0.03,0.12,1.0,-9.85,0.32,1.13
350,0.02,0.13,1.0,-9.73,1.06,1.53
351,-0.01,0.12,1.0,-9.06,0.44,2.08
352,-0.01,0.12,1.0,-8.15,-0.86,2.15
353,0.02,0.13,1.0,-6.71,0.12,2.35
354,0.01,0.14,0.98,-6.34,-0.63,1.56
355,0.03,0.14,0.98,-5.63,-0.12,2.32
356,0.05,0.16,0.98,-5.23,1.13,1.82
357,0.04,0.17,0.96,-4.94,0.86,1.5
358,0.06,0.18,0.96,-5.3,-0.35,-0.28
359,0.04,0.18,0.95,-5.79,0.03,-1.14
360,0.05,0.19,0.94,-7.98,0.3,-2.4
361,0.05,0.19,0.94,-10.57,2.69,-2.4
362,0.03,0.17,0.95,-12.24,2.81,-2.64
363,-0.01,0.17,0.96,-13.76,1.06,-2.33
364,-0.03,0.16,0.97,-14.54,-0.82,-2.51
365,-0.06,0.14,0.98,-14.44,-4.88,-1.43
366,-0.06,0.14,1.0,-15.43,-6.95,-0.15
367,-0.04,0.16,1.0,-18.05,-6.21,0.05
368,-0.05,0.14,1.03,-15.78,-7.53,2.53
369,-0.04,0.13,1.04,-16.69,-9.45,2.12
370,-0.01,0.11,1.06,-13.95,-8.74,3.78
371,0.0,0.1,1.06,-12.98,-6.85,4.37
372,0.01,0.09,1.07,-10.41,-4.75,5.46
373,0.03,0.09,1.04,-8.52,-4.63,6.37
374,0.07,0.1,1.02,-7.93,-3.63,5.63
375,0.09,0.1,1.0,-7.75,-1.85,5.23
376,0.12,0.09,0.98,-8.28,-0.76,4.82
377,0.11,0.1,0.97,-9.67,0.61,3.5
378,0.11,0.08,0.95,-10.14,1.41,1.73
379,0.08,0.07,0.95,-9.37,0.2,-0.61
380,0.06,0.06,0.95,-8.3,-1.78,-1.9
381,0.05,0.07,0.95,-8.26,-2.43,-2.43
382,0.05,0.07,0.95,-8.24,-3.32,-1.59
383,0.05,0.07,0.96,-8.05,-3.53,0.05
384,0.07,0.08,0.95,-8.64,-2.39,0.37
385,0.08,0.1,0.95,-9.5,-2.1,0.22
386,0.1,0.12,0.95,-10.85,-2.45,-1.04
387,0.1,0.13,0.96,-12.94,-2.2,-2.95
388,0.08,0.12,1.01,-13.21,-2.96,-3.66
389,0.07,0.13,1.03,-12.85,-3.4,-3.98
390,0.07,0.13,1.05,-11.97,-3.11,-4.67
391,0.04,0.12,1.07,-10.32,-2.82,-5.15
392,0.03,0.11,1.08,-8.02,-2.67,-4.23
393,0.03,0.1,1.06,-6.39,-1.71,-3.27
394,0.01,0.1,1.05,-5.2,-1.69,-3.65
395,0.01,0.09,1.04,-4.2,-2.22,-3.23
396,0.02,0.09,1.02,-3.83,-1.87,-2.73
397,0.02,0.07,1.0,-3.76,-2.18,-1.69
398,0.02,0.07,1.0,-4.38,-2.66,-0.76
399,0.04,0.06,1.0,-4.95,-3.17,-0.5
