,accel_x,accel_y,accel_z,gyro_x,gyro_y,gyro_z
0,-0.08,0.1,0.97,-1.1,2.33,-1.19
1,-0.08,0.09,0.97,-1.17,1.95,-2.59
2,-0.09,0.09,0.98,-1.56,1.98,-3.2
3,-0.09,0.1,0.98,-1.39,2.5,-4.31
4,-0.1,0.09,0.98,-1.37,2.59,-4.69
5,-0.12,0.09,0.97,-1.27,2.75,-5.27
6,-0.12,0.08,0.98,-0.75,1.45,-5.74
7,-0.12,0.1,0.95,-2.47,0.35,-6.92
8,-0.12,0.09,0.96,-3.96,0.01,-7.89
9,-0.13,0.07,0.98,-4.31,0.46,-8.08
10,-0.15,0.06,0.98,-3.23,-0.31,-6.84
11,-0.15,0.06,0.98,-2.25,0.0,-5.69
12,-0.15,0.06,0.97,-1.92,0.42,-4.5
13,-0.15,0.06,0.97,-1.92,0.34,-4.78
14,-0.16,0.05,0.98,-1.59,-1.02,-4.73
15,-0.15,0.06,0.98,-1.61,-0.64,-4.29
16,-0.13,0.06,0.97,-1.95,1.61,-3.38
17,-0.14,0.07,0.97,-1.68,2.99,-3.47
18,-0.17,0.06,0.97,-0.79,0.78,-4.02
19,-0.16,0.06,0.97,0.15,-1.79,-4.33
20,-0.13,0.07,0.98,0.37,-1.64,-3.32
21,-0.13,0.08,0.96,-0.47,0.73,-2.85
22,-0.15,0.08,0.96,-0.91,0.52,-3.27
23,-0.16,0.08,0.95,-1.79,-1.68,-2.85
24,-0.15,0.08,0.97,-2.25,-1.4,-2.28
25,-0.15,0.08,0.98,-2.56,0.15,-0.79
26,-0.14,0.07,0.97,-2.03,1.88,0.18
27,-0.16,0.06,0.97,-1.39,0.01,0.2
28,-0.16,0.07,0.97,-0.18,-1.77,0.94
29,-0.15,0.08,0.96,0.17,-0.73,2.22
30,-0.14,0.08,0.98,0.19,1.68,2.92
31,-0.16,0.07,0.96,-0.18,-0.15,2.21
32,-0.15,0.07,0.96,0.69,-1.69,2.81
33,-0.15,0.08,0.97,0.27,-1.95,1.85
34,-0.14,0.08,0.98,0.15,-0.98,1.68
35,-0.15,0.08,0.97,0.27,0.27,1.63
36,-0.15,0.08,0.96,0.31,-1.36,0.65
37,-0.14,0.08,0.96,0.21,-1.28,0.72
38,-0.15,0.09,0.96,-0.83,-1.14,0.09
39,-0.14,0.09,0.96,-1.07,-1.24,-0.15
40,-0.13,0.08,0.98,-0.95,-1.49,0.06
41,-0.15,0.09,0.97,-0.8,-1.26,-0.34
42,-0.13,0.08,0.98,-0.56,-0.76,0.56
43,-0.12,0.09,0.98,-0.65,-0.47,0.38
44,-0.12,0.09,0.97,-0.57,0.4,0.49
45,-0.11,0.1,0.97,-0.56,-0.11,0.89
46,-0.1,0.1,0.97,-0.44,0.25,-0.02
47,-0.11,0.11,0.97,-0.25,0.3,-0.22
48,-0.11,0.11,0.97,-0.29,-0.11,-0.98
49,-0.12,0.11,0.97,-0.41,0.02,-1.56
50,-0.11,0.11,0.96,-0.65,0.24,-1.62
51,-0.13,0.11,0.95,-1.55,-0.54,-3.11
52,-0.13,0.12,0.95,-2.52,-0.66,-3.54
53,-0.13,0.12,0.95,-3.69,-0.09,-3.28
54,-0.13,0.11,0.94,-4.92,-0.01,-4.49
55,-0.14,0.11,0.95,-5.05,-1.11,-5.02
56,-0.11,0.1,0.96,-4.81,-1.38,-4.24
57,-0.12,0.11,0.96,-4.53,-0.18,-4.92
58,-0.14,0.1,0.96,-4.08,-0.38,-5.07
59,-0.13,0.1,0.96,-3.92,-0.63,-5.11
60,-0.13,0.1,0.95,-3.98,0.08,-5.63
61,-0.14,0.1,0.97,-4.0,-0.31,-5.37
62,-0.15,0.1,0.95,-3.56,-0.79,-5.16
63,-0.15,0.1,0.96,-3.33,-0.43,-4.84
64,-0.14,0.09,0.97,-2.93,0.61,-4.02
65,-0.15,0.09,0.96,-3.15,0.76,-4.08
66,-0.16,0.09,0.95,-3.11,0.68,-4.07
67,-0.17,0.09,0.95,-3.31,-1.04,-4.08
68,-0.16,0.08,0.96,-3.56,-1.61,-4.13
69,-0.16,0.08,0.96,-3.92,-1.81,-3.92
70,-0.17,0.08,0.96,-4.56,-2.25,-3.39
71,-0.16,0.08,0.96,-5.31,-2.21,-2.06
72,-0.16,0.07,0.97,-6.09,-1.82,-1.07
73,-0.15,0.07,0.97,-6.27,-1.3,-0.34
74,-0.13,0.06,0.98,-6.05,-0.95,0.09
75,-0.14,0.07,0.99,-4.98,-0.47,-0.01
76,-0.14,0.07,0.99,-4.15,-0.18,-0.47
77,-0.14,0.07,0.99,-3.56,-0.18,-1.02
78,-0.13,0.08,0.97,-2.79,-0.61,-1.28
79,-0.13,0.08,0.96,-2.81,-0.51,-1.81
80,-0.15,0.07,0.95,-3.31,-0.92,-2.56
81,-0.14,0.07,0.95,-3.37,-1.1,-1.33
82,-0.15,0.07,0.96,-3.78,0.25,-0.95
83,-0.16,0.07,0.94,-4.21,1.15,-0.25
84,-0.17,0.07,0.94,-4.78,1.36,0.26
85,-0.17,0.08,0.94,-5.24,0.78,0.79
86,-0.17,0.08,0.93,-6.11,-0.45,0.8
87,-0.18,0.08,0.94,-6.38,-1.16,1.74
88,-0.17,0.09,0.94,-7.16,-1.55,2.69
89,-0.16,0.1,0.95,-7.61,-1.66,3.63
90,-0.17,0.1,0.96,-8.18,-1.77,4.13
91,-0.15,0.11,0.95,-9.18,-1.97,4.44
92,-0.13,0.11,0.95,-10.21,-1.58,4.33
93,-0.12,0.11,0.96,-10.05,-1.69,3.74
94,-0.11,0.11,0.97,-9.66,-2.18,2.67
95,-0.11,0.1,0.98,-8.86,-2.61,2.05
96,-0.11,0.1,0.95,-8.31,-3.74,1.17
97,-0.12,0.1,0.95,-8.09,-5.79,0.1
98,-0.12,0.09,0.95,-7.93,-7.2,0.06
99,-0.13,0.09,0.95,-9.0,-7.34,0.26
100,-0.13,0.08,0.95,-10.02,-6.8,0.7
101,-0.13,0.07,0.94,-10.98,-6.52,1.85
102,-0.12,0.07,0.95,-11.83,-5.58,2.78
103,-0.12,0.07,0.95,-12.09,-4.23,2.24
104,-0.15,0.05,0.94,-11.8,-5.15,1.79
105,-0.15,0.06,0.95,-11.37,-5.67,2.43
106,-0.15,0.07,0.94,-13.35,-4.82,2.39
107,-0.15,0.08,0.94,-15.41,-4.8,2.37
108,-0.15,0.09,0.94,-16.76,-4.05,4.51
109,-0.15,0.1,0.94,-18.12,-3.03,5.99
110,-0.14,0.11,0.94,-19.22,-3.18,7.17
111,-0.12,0.11,0.95,-20.71,-1.82,7.39
112,-0.13,0.11,0.95,-21.51,-1.27,7.03
113,-0.12,0.09,0.94,-23.5,-1.21,6.81
114,-0.11,0.08,0.95,-23.93,-2.75,4.84
115,-0.1,0.07,0.96,-23.12,-3.84,3.24
116,-0.09,0.04,0.98,-21.75,-5.79,-0.16
117,-0.1,0.02,1.0,-19.54,-8.21,-2.66
118,-0.09,-0.0,1.02,-17.05,-9.57,-5.05
119,-0.09,-0.02,1.03,-14.98,-10.91,-6.11
120,-0.1,-0.03,1.03,-14.12,-9.69,-6.18
121,-0.1,-0.04,1.05,-13.48,-7.46,-4.95
122,-0.11,-0.05,1.05,-13.19,-6.69,-4.27
123,-0.11,-0.05,1.05,-12.72,-6.21,-3.78
124,-0.12,-0.04,1.07,-12.05,-4.11,-2.95
125,-0.12,-0.04,1.07,-11.03,-2.69,-1.56
126,-0.13,-0.02,1.07,-9.69,-1.82,-0.35
127,-0.13,-0.01,1.07,-8.51,-1.18,0.32
128,-0.12,-0.01,1.07,-7.15,-2.11,0.83
129,-0.11,0.01,1.06,-6.77,-4.53,0.84
130,-0.12,0.03,1.07,-8.26,-5.25,-0.09
131,-0.13,0.05,1.09,-10.53,-7.83,-0.38
132,-0.15,0.04,1.1,-12.84,-5.8,1.19
133,-0.15,0.04,1.14,-12.28,-4.02,3.73
134,-0.15,0.04,1.17,-12.3,-2.21,5.01
135,-0.16,0.07,1.21,-11.59,-2.02,6.11
136,-0.16,0.12,1.22,-13.21,-2.55,4.6
137,-0.18,0.16,1.26,-12.56,0.45,4.17
138,-0.19,0.19,1.32,-14.74,1.84,6.43
139,-0.17,0.16,1.39,-15.79,3.27,5.17
140,-0.16,0.09,1.52,-13.35,0.7,-1.25
141,-0.18,0.01,1.66,-1.38,-4.24,-8.28
142,-0.19,-0.08,1.78,17.27,-14.66,-16.23
143,-0.18,-0.14,1.86,37.69,-24.76,-25.46
144,-0.21,-0.17,1.92,58.88,-31.03,-33.67
145,-0.24,-0.23,1.94,80.84,-36.6,-38.08
146,-0.27,-0.24,1.94,98.53,-40.73,-39.16
147,-0.28,-0.23,1.96,109.96,-36.69,-35.95
148,-0.29,-0.22,1.95,121.21,-29.68,-30.15
149,-0.31,-0.21,1.91,130.73,-22.51,-20.92
150,-0.29,-0.2,1.88,138.88,-15.26,-10.05
151,-0.22,-0.16,1.81,144.5,-3.39,1.08
152,-0.17,-0.13,1.72,147.64,7.24,9.92
153,-0.12,-0.07,1.6,149.56,14.31,14.22
154,-0.11,-0.02,1.5,150.99,18.65,17.59
155,-0.04,0.02,1.42,150.31,22.73,19.84
156,-0.01,0.06,1.33,148.95,29.12,18.5
157,-0.04,0.09,1.23,147.63,31.95,18.08
158,-0.02,0.11,1.14,147.22,36.12,17.94
159,-0.02,0.15,1.03,139.61,39.61,17.34
160,0.01,0.18,0.93,132.99,48.91,18.31
161,0.02,0.22,0.8,125.47,58.8,19.69
162,0.01,0.27,0.69,113.76,66.59,17.41
163,-0.03,0.32,0.58,101.82,70.12,14.29
164,-0.08,0.36,0.43,88.16,67.66,14.29
165,-0.09,0.37,0.32,73.22,60.99,13.47
166,-0.09,0.38,0.29,56.86,55.76,8.73
167,-0.1,0.37,0.26,43.76,51.22,5.35
168,-0.12,0.37,0.23,33.27,47.29,3.6
169,-0.09,0.38,0.39,22.34,39.87,2.56
170,-0.19,0.38,0.28,20.7,34.12,-3.09
171,-0.15,0.4,0.27,18.08,32.6,-3.11
172,-0.11,0.39,0.24,16.76,34.18,-2.15
173,-0.06,0.4,0.21,12.89,39.49,-2.79
174,-0.05,0.42,0.15,8.23,42.52,-4.37
175,-0.06,0.43,0.08,2.02,41.08,-5.31
176,-0.04,0.45,0.03,-5.76,38.65,-4.73
177,-0.07,0.44,0.03,-15.18,34.47,-7.15
178,-0.08,0.41,0.05,-24.34,28.6,-9.7
179,-0.12,0.38,0.11,-30.28,24.72,-9.7
180,-0.14,0.34,0.17,-34.68,20.62,-7.44
181,-0.12,0.31,0.23,-37.22,15.11,-5.76
182,-0.1,0.29,0.28,-37.67,13.98,-3.68
183,-0.1,0.27,0.33,-35.64,12.57,-1.76
184,-0.11,0.26,0.35,-32.09,8.51,-2.32
185,-0.1,0.26,0.38,-25.97,2.92,-1.66
186,-0.11,0.29,0.4,-22.29,-1.29,-2.7
187,-0.14,0.3,0.43,-18.63,-6.44,-3.82
188,-0.14,0.3,0.46,-13.58,-11.91,-3.65
189,-0.11,0.32,0.47,-9.71,-13.66,-1.83
190,-0.08,0.32,0.46,-6.82,-12.92,1.51
191,-0.06,0.34,0.44,-7.17,-13.91,3.79
192,-0.03,0.36,0.46,-8.13,-15.49,4.67
193,-0.0,0.37,0.48,-8.86,-15.29,5.48
194,0.02,0.38,0.52,-7.37,-15.6,5.26
195,0.04,0.39,0.54,-5.6,-15.34,3.81
196,0.02,0.4,0.54,-3.67,-17.11,1.63
197,0.01,0.42,0.56,-1.71,-17.73,0.17
198,0.0,0.44,0.55,-2.57,-21.11,-3.9
199,0.0,0.45,0.56,-2.69,-20.75,-5.16
200,-0.01,0.44,0.59,-2.89,-20.31,-5.42
201,-0.02,0.45,0.61,-3.54,-20.76,-5.46
202,-0.01,0.46,0.61,-5.32,-17.87,-3.82
203,-0.04,0.44,0.64,-6.38,-14.35,-2.05
204,-0.03,0.43,0.66,-6.53,-10.88,0.02
205,0.0,0.41,0.66,-7.36,-4.67,2.16
206,-0.01,0.39,0.67,-7.45,-0.18,2.04
207,-0.05,0.35,0.68,-5.41,1.18,0.5
208,-0.06,0.31,0.7,0.05,3.12,-1.36
209,-0.09,0.27,0.7,6.71,2.88,-4.87
210,-0.12,0.24,0.68,14.32,1.84,-6.34
211,-0.08,0.25,0.64,18.34,1.82,-6.71
212,-0.09,0.28,0.6,17.63,5.31,-6.95
213,-0.12,0.37,0.55,10.76,6.29,-7.98
214,-0.17,0.4,0.58,0.14,5.92,-7.15
215,-0.21,0.42,0.63,-11.1,2.63,-3.33
216,-0.16,0.43,0.69,-22.63,6.19,0.75
217,-0.16,0.42,0.77,-31.83,11.89,1.98
218,-0.19,0.39,0.85,-33.54,13.26,2.14
219,-0.21,0.39,0.88,-31.5,11.15,2.4
220,-0.2,0.43,0.89,-32.04,9.73,-0.26
221,-0.22,0.44,0.89,-32.22,9.61,-1.75
222,-0.25,0.41,0.9,-34.41,8.02,-2.24
223,-0.22,0.42,0.93,-38.67,9.04,-5.65
224,-0.27,0.39,0.96,-38.96,8.69,-7.65
225,-0.32,0.37,0.97,-37.24,4.27,-7.89
226,-0.3,0.35,0.99,-37.49,3.82,-7.0
227,-0.28,0.37,1.03,-40.43,6.44,-5.89
228,-0.28,0.35,1.04,-42.22,11.54,-3.27
229,-0.29,0.33,1.07,-41.19,14.72,-2.05
230,-0.29,0.34,1.07,-38.52,15.18,-5.4
231,-0.36,0.34,1.06,-32.12,10.13,-9.51
232,-0.39,0.32,1.07,-25.73,3.76,-12.18
233,-0.37,0.32,1.05,-21.24,3.23,-11.79
234,-0.33,0.34,1.01,-20.95,5.74,-9.37
235,-0.33,0.37,0.99,-21.9,7.11,-5.48
236,-0.32,0.38,0.98,-23.9,5.35,-1.92
237,-0.29,0.42,0.96,-28.04,4.13,0.81
238,-0.23,0.44,0.96,-34.66,5.63,1.98
239,-0.25,0.46,0.97,-40.92,7.78,1.77
240,-0.29,0.43,1.01,-43.6,7.65,0.41
241,-0.3,0.41,1.04,-42.19,5.94,0.18
242,-0.27,0.38,1.08,-40.0,1.55,-1.52
243,-0.23,0.37,1.08,-33.2,7.23,1.16
244,-0.21,0.36,1.08,-29.76,4.53,-1.57
245,-0.16,0.35,1.06,-26.0,5.76,-4.15
246,-0.16,0.35,1.03,-23.36,7.6,-8.68
247,-0.17,0.32,1.03,-18.84,5.05,-13.47
248,-0.21,0.31,1.0,-14.91,5.44,-17.35
249,-0.25,0.3,0.97,-11.42,4.82,-20.31
250,-0.29,0.29,0.94,-8.11,3.34,-21.56
251,-0.32,0.3,0.92,-5.77,1.57,-20.31
252,-0.31,0.33,0.88,-7.39,1.4,-17.57
253,-0.29,0.35,0.84,-14.03,3.29,-14.47
254,-0.27,0.38,0.83,-23.24,4.63,-11.33
255,-0.22,0.37,0.86,-32.77,9.2,-11.42
256,-0.26,0.35,0.9,-38.02,10.5,-11.31
257,-0.27,0.33,0.93,-40.8,10.38,-12.43
258,-0.3,0.29,0.97,-38.63,8.76,-12.56
259,-0.3,0.27,0.98,-35.21,6.69,-15.47
260,-0.34,0.25,0.98,-29.08,2.95,-18.36
261,-0.37,0.24,0.96,-23.66,-2.52,-21.54
262,-0.41,0.23,0.94,-20.44,-8.26,-21.28
263,-0.43,0.26,0.93,-21.6,-11.22,-18.67
264,-0.38,0.25,0.95,-25.47,-8.18,-14.21
265,-0.36,0.25,0.95,-28.41,-4.14,-10.85
266,-0.36,0.21,0.96,-28.92,-2.15,-7.54
267,-0.35,0.19,0.98,-27.73,-1.89,-5.79
268,-0.35,0.17,0.98,-23.69,-3.42,-5.51
269,-0.36,0.16,0.97,-18.89,-5.29,-4.63
270,-0.34,0.16,0.95,-16.13,-7.03,-3.51
271,-0.32,0.19,0.92,-16.5,-6.94,-3.51
272,-0.3,0.21,0.9,-18.19,-6.44,-3.43
273,-0.29,0.2,0.93,-19.37,-6.69,-3.38
274,-0.32,0.22,0.9,-20.53,-10.15,-5.29
275,-0.31,0.19,0.96,-20.02,-10.63,-5.33
276,-0.33,0.22,0.93,-19.92,-14.68,-5.83
277,-0.32,0.21,0.96,-19.46,-15.56,-4.43
278,-0.32,0.2,0.97,-18.63,-15.64,-1.6
279,-0.31,0.18,0.98,-16.75,-14.62,0.37
280,-0.31,0.19,0.98,-14.33,-14.45,2.17
281,-0.29,0.19,0.97,-11.73,-15.26,2.77
282,-0.28,0.19,0.96,-9.05,-17.46,3.5
283,-0.26,0.2,0.97,-6.74,-20.15,3.38
284,-0.22,0.2,0.98,-5.82,-21.73,4.11
285,-0.17,0.21,1.0,-5.02,-21.62,2.85
286,-0.16,0.24,0.98,-5.44,-22.05,-0.15
287,-0.15,0.25,0.99,-6.54,-20.97,-3.81
288,-0.17,0.23,0.99,-6.26,-20.66,-7.73
289,-0.18,0.2,1.0,-4.92,-21.02,-11.74
290,-0.21,0.18,1.0,-2.43,-21.21,-14.79
291,-0.24,0.15,1.01,1.94,-21.55,-15.4
292,-0.25,0.13,0.98,5.34,-22.13,-15.36
293,-0.26,0.11,0.96,8.61,-23.08,-14.02
294,-0.25,0.11,0.93,10.06,-23.27,-11.08
295,-0.24,0.14,0.91,10.08,-23.85,-7.17
296,-0.2,0.16,0.88,8.1,-22.33,-3.82
297,-0.18,0.17,0.86,5.75,-20.91,-0.34
298,-0.16,0.19,0.85,1.62,-20.91,0.79
299,-0.14,0.22,0.84,-4.22,-20.21,1.12
300,-0.13,0.24,0.84,-9.31,-20.81,0.3
301,-0.13,0.27,0.87,-15.95,-21.43,-1.85
302,-0.1,0.26,0.88,-19.24,-19.85,-2.97
303,-0.12,0.26,0.91,-24.19,-16.91,-3.23
304,-0.13,0.25,0.96,-28.4,-17.79,-3.91
305,-0.13,0.25,1.0,-30.47,-14.89,-3.65
306,-0.16,0.25,1.04,-32.82,-15.02,-4.59
307,-0.17,0.24,1.07,-33.54,-15.12,-6.23
308,-0.2,0.22,1.11,-32.19,-16.05,-6.58
309,-0.22,0.2,1.14,-29.18,-16.96,-7.18
310,-0.21,0.19,1.17,-26.47,-15.65,-6.46
311,-0.22,0.18,1.18,-23.5,-13.79,-5.11
312,-0.23,0.18,1.18,-20.19,-10.79,-3.82
313,-0.22,0.16,1.18,-16.2,-9.1,-1.98
314,-0.2,0.15,1.18,-10.88,-6.98,-1.86
315,-0.18,0.15,1.16,-6.0,-4.99,-3.1
316,-0.16,0.12,1.14,-0.22,-3.33,-5.08
317,-0.16,0.1,1.1,5.89,-3.47,-7.66
318,-0.16,0.09,1.05,11.51,-4.31,-10.41
319,-0.16,0.09,1.02,15.57,-5.11,-12.27
320,-0.16,0.09,0.96,17.09,-3.64,-12.63
321,-0.18,0.1,0.91,15.66,-3.09,-12.47
322,-0.19,0.11,0.89,13.66,-1.85,-10.73
323,-0.21,0.12,0.89,11.82,-0.99,-7.63
324,-0.21,0.14,0.88,8.79,-1.63,-4.97
325,-0.2,0.16,0.88,6.92,-0.49,-1.15
326,-0.15,0.16,0.89,4.67,-0.15,2.37
327,-0.1,0.18,0.9,1.5,1.32,3.43
328,-0.06,0.2,0.92,-1.26,1.9,1.92
329,-0.04,0.22,0.93,-2.62,2.35,-1.78
330,-0.03,0.21,0.95,-2.22,2.78,-6.19
331,-0.06,0.21,0.95,-0.66,1.44,-10.28
332,-0.09,0.21,0.94,0.29,0.05,-13.54
333,-0.12,0.2,0.92,-0.4,-0.31,-15.37
334,-0.15,0.21,0.92,-2.22,0.53,-15.02
335,-0.17,0.2,0.91,-5.73,2.29,-13.91
336,-0.22,0.19,0.9,-8.76,3.11,-12.59
337,-0.25,0.19,0.9,-11.11,1.6,-10.15
338,-0.27,0.16,0.91,-12.5,-1.25,-8.24
339,-0.27,0.16,0.91,-13.91,-4.19,-7.12
340,-0.29,0.17,0.91,-15.88,-6.05,-5.66
341,-0.31,0.16,0.93,-15.92,-9.95,-3.06
342,-0.31,0.15,0.94,-16.02,-13.85,-0.49
343,-0.3,0.13,0.96,-15.02,-16.23,3.66
344,-0.23,0.12,0.98,-14.21,-16.98,8.71
345,-0.16,0.12,0.97,-14.1,-15.51,12.65
346,-0.1,0.13,0.97,-14.67,-13.25,13.47
347,-0.08,0.14,0.95,-15.15,-12.22,12.66
348,-0.06,0.16,0.94,-16.27,-12.53,9.94
349,-0.05,0.17,0.93,-17.76,-13.26,6.32
350,-0.06,0.18,0.94,-18.3,-16.01,2.22
351,-0.07,0.19,0.93,-18.89,-19.33,-2.55
352,-0.05,0.18,0.93,-21.17,-21.27,-6.05
353,-0.06,0.17,0.93,-22.5,-22.54,-7.96
354,-0.07,0.16,0.95,-23.44,-23.66,-9.73
355,-0.08,0.14,0.98,-22.61,-25.09,-10.64
356,-0.06,0.12,1.01,-21.42,-24.68,-11.42
357,-0.08,0.09,1.04,-17.97,-22.96,-10.63
358,-0.07,0.08,1.07,-13.98,-20.46,-9.02
359,-0.06,0.08,1.07,-11.08,-16.63,-8.93
360,-0.06,0.08,1.07,-7.66,-15.4,-8.56
361,-0.07,0.09,1.04,-5.44,-14.5,-9.15
362,-0.05,0.11,1.01,-4.98,-12.92,-9.8
363,-0.06,0.12,1.0,-6.14,-12.38,-10.25
364,-0.06,0.12,0.98,-7.82,-13.03,-11.05
365,-0.06,0.1,0.98,-9.15,-14.42,-12.05
366,-0.05,0.09,1.0,-8.86,-15.66,-13.17
367,-0.04,0.09,1.02,-7.66,-13.67,-14.16
368,-0.04,0.08,1.03,-6.11,-10.55,-14.4
369,-0.05,0.06,1.05,-3.94,-6.5,-14.51
370,-0.06,0.05,1.06,-0.76,-2.35,-13.37
371,-0.09,0.05,1.05,2.34,1.17,-11.75
372,-0.1,0.06,1.03,3.85,4.04,-10.05
373,-0.11,0.08,1.01,4.79,6.08,-8.26
374,-0.12,0.1,0.99,3.82,6.26,-7.82
375,-0.1,0.08,0.97,4.03,4.6,-9.36
376,-0.15,0.09,0.96,5.38,5.79,-7.27
377,-0.15,0.1,0.96,5.39,1.49,-7.15
378,-0.16,0.1,0.95,5.24,2.07,-6.07
379,-0.16,0.11,0.93,4.57,0.69,-5.26
380,-0.18,0.11,0.93,3.89,-1.85,-4.53
381,-0.18,0.1,0.93,3.12,-3.15,-1.73
382,-0.16,0.1,0.94,0.71,-3.61,1.02
383,-0.13,0.1,0.94,-2.96,-2.67,4.58
384,-0.09,0.12,0.97,-5.9,-1.13,5.54
385,-0.07,0.08,0.97,-6.53,0.53,7.2
386,-0.05,0.09,0.98,-7.11,0.75,6.55
387,-0.05,0.09,0.97,-7.42,0.08,4.35
388,-0.05,0.08,0.99,-5.45,-3.11,2.26
389,-0.06,0.1,0.99,-4.17,-4.53,0.69
390,-0.05,0.1,1.0,-3.24,-4.31,0.47
391,-0.04,0.1,1.0,-2.69,-1.79,1.09
392,-0.04,0.11,0.99,-3.44,2.24,2.33
393,-0.04,0.12,0.99,-5.28,3.84,1.67
394,-0.04,0.13,0.97,-6.69,6.72,1.52
395,-0.04,0.12,0.97,-7.99,8.39,1.21
396,-0.04,0.11,0.96,-9.04,8.18,-0.56
397,-0.05,0.11,0.97,-7.92,6.59,-3.47
398,-0.06,0.1,0.99,-3.73,2.05,-7.24
399,-0.07,0.1,0.98,0.59,-2.36,-11.76
