,accel_x,accel_y,accel_z,gyro_x,gyro_y,gyro_z
0,0.07,0.11,0.99,-3.05,2.11,-4.6
1,0.07,0.1,0.99,-3.08,2.24,-4.59
2,0.07,0.11,0.98,-3.15,2.34,-4.92
3,0.05,0.1,0.98,-2.78,1.79,-5.44
4,0.04,0.1,0.97,-2.53,0.13,-5.33
5,0.04,0.1,0.97,-2.6,-0.18,-5.42
6,0.04,0.11,0.98,-2.69,-0.05,-4.94
7,0.03,0.11,0.96,-3.18,0.39,-4.24
8,0.04,0.11,0.97,-4.02,0.66,-3.71
9,0.02,0.11,0.97,-4.2,0.66,-2.47
10,0.03,0.11,0.96,-3.63,0.18,-1.89
11,0.05,0.12,0.95,-4.26,0.42,-1.72
12,0.04,0.12,0.97,-3.93,-0.37,-2.26
13,0.04,0.11,0.96,-4.23,-0.93,-2.15
14,0.04,0.11,0.95,-4.74,-1.17,-2.22
15,0.04,0.12,0.97,-5.4,-1.72,-1.82
16,0.04,0.11,0.97,-6.04,-1.08,-1.46
17,0.03,0.11,0.97,-6.12,-0.8,-1.45
18,0.04,0.11,0.98,-6.2,-1.1,-1.0
19,0.06,0.12,0.98,-5.73,-0.46,-1.18
20,0.05,0.11,0.98,-5.28,-0.02,-1.69
21,0.05,0.11,0.98,-5.3,-0.56,-2.16
22,0.06,0.11,0.98,-5.23,-1.31,-2.56
23,0.05,0.1,0.99,-4.94,-0.63,-2.16
24,0.04,0.1,0.98,-4.89,-1.03,-1.63
25,0.05,0.1,0.99,-5.16,-1.71,-1.31
26,0.05,0.1,0.99,-5.27,-1.0,-0.73
27,0.04,0.1,0.99,-5.04,-0.59,-0.3
28,0.05,0.1,0.99,-5.09,-0.57,-0.46
29,0.07,0.1,1.0,-4.98,-1.44,-0.24
30,0.06,0.09,1.0,-4.39,-0.4,-0.45
31,0.07,0.09,1.0,-4.13,-0.26,-0.1
32,0.09,0.1,0.98,-4.58,-0.27,-1.35
33,0.08,0.1,0.99,-4.25,-0.41,-2.74
34,0.07,0.11,1.0,-3.79,-0.81,-2.95
35,0.07,0.1,0.98,-3.33,-0.86,-3.36
36,0.08,0.1,0.99,-3.48,-0.42,-3.53
37,0.07,0.09,0.99,-3.5,1.13,-3.02
38,0.05,0.1,1.0,-3.21,1.99,-2.94
39,0.06,0.1,0.98,-3.09,1.06,-2.63
40,0.06,0.09,0.98,-3.31,0.77,-2.73
41,0.06,0.09,0.99,-3.37,1.33,-2.88
42,0.05,0.1,0.98,-3.31,0.43,-2.97
43,0.05,0.09,0.99,-3.07,0.05,-2.84
44,0.05,0.09,1.0,-1.99,0.66,-2.39
45,0.06,0.08,0.99,-1.85,0.36,-2.78
46,0.05,0.09,1.01,-1.4,1.48,-3.27
47,0.04,0.09,1.0,-0.2,0.82,-2.95
48,0.05,0.08,1.0,0.66,1.44,-3.02
49,0.04,0.09,0.99,0.77,2.04,-2.57
50,0.04,0.09,0.98,1.48,2.43,-1.79
51,0.04,0.1,0.98,1.56,1.96,-1.4
52,0.05,0.11,0.96,0.95,0.82,-1.55
53,0.05,0.11,0.98,0.38,0.68,-2.0
54,0.05,0.11,0.97,-0.46,0.68,-2.34
55,0.05,0.12,0.97,-1.76,1.05,-2.2
56,0.06,0.12,0.96,-3.33,1.76,-1.97
57,0.05,0.11,0.97,-3.79,2.53,-1.98
58,0.04,0.11,0.97,-3.85,2.15,-1.97
59,0.04,0.11,0.97,-3.84,2.15,-2.05
60,0.05,0.11,0.96,-3.81,1.11,-2.5
61,0.04,0.11,0.95,-4.14,1.4,-3.01
62,0.04,0.11,0.96,-4.72,0.47,-3.04
63,0.03,0.11,0.95,-5.05,0.14,-2.85
64,0.03,0.11,0.95,-5.34,-0.56,-2.56
65,0.02,0.1,0.96,-5.59,-0.63,-1.63
66,0.02,0.1,0.96,-6.47,-2.67,-1.6
67,0.02,0.1,0.96,-7.37,-3.32,-0.95
68,0.03,0.11,0.96,-8.09,-2.79,-0.64
69,0.04,0.1,0.97,-8.44,-2.66,-1.08
70,0.04,0.1,0.98,-8.34,-2.78,-1.4
71,0.04,0.09,0.99,-8.17,-3.28,-1.13
72,0.04,0.09,0.98,-7.71,-2.67,-0.84
73,0.04,0.1,0.99,-7.56,-2.37,-0.47
74,0.05,0.09,0.98,-7.52,-2.4,-0.85
75,0.04,0.09,0.99,-6.74,-2.77,-0.43
76,0.04,0.08,0.98,-6.7,-2.09,0.08
77,0.04,0.09,0.99,-6.87,-2.75,0.07
78,0.04,0.08,0.99,-5.98,-1.92,0.42
79,0.05,0.09,0.99,-5.81,-2.26,0.2
80,0.06,0.08,0.99,-5.4,-2.49,0.33
81,0.07,0.09,0.98,-5.48,-2.46,-0.29
82,0.07,0.09,0.97,-6.16,-2.61,-1.09
83,0.06,0.09,0.98,-6.62,-2.88,-1.85
84,0.06,0.09,0.99,-6.56,-2.88,-1.51
85,0.06,0.09,0.99,-6.2,-2.48,-1.8
86,0.06,0.08,1.01,-5.36,-2.21,-1.71
87,0.06,0.07,1.01,-4.56,-2.13,-1.29
88,0.06,0.07,1.01,-3.2,-1.02,-1.18
89,0.07,0.08,1.0,-3.63,-1.83,-1.61
90,0.07,0.08,1.0,-3.21,-1.79,-1.78
91,0.07,0.08,1.0,-2.92,-1.34,-2.17
92,0.07,0.09,1.0,-2.74,-0.95,-2.43
93,0.08,0.08,1.0,-2.43,-0.76,-2.25
94,0.08,0.09,1.01,-1.99,-0.24,-2.36
95,0.1,0.09,1.0,-2.09,0.29,-2.86
96,0.11,0.09,1.0,-1.96,0.54,-3.37
97,0.1,0.09,1.0,-1.82,1.31,-4.44
98,0.09,0.08,0.99,-1.89,1.52,-5.47
99,0.07,0.08,1.0,-1.85,1.64,-4.92
100,0.07,0.07,1.0,-1.82,2.63,-4.66
101,0.06,0.07,1.0,-1.54,3.95,-4.35
102,0.05,0.07,1.0,-1.31,4.52,-3.39
103,0.04,0.07,0.98,-1.8,5.31,-2.63
104,0.04,0.08,0.98,-2.19,5.52,-2.72
105,0.03,0.08,0.98,-2.28,4.79,-2.2
106,0.04,0.09,0.95,-3.08,4.86,-1.73
107,0.04,0.1,0.96,-4.24,4.08,-1.75
108,0.03,0.1,0.95,-4.78,4.56,-1.55
109,0.03,0.1,0.95,-5.31,4.24,-1.11
110,0.02,0.11,0.95,-6.3,4.73,-0.76
111,0.02,0.11,0.94,-7.59,4.91,-0.03
112,0.03,0.12,0.95,-9.11,5.6,0.38
113,0.01,0.11,0.95,-10.37,5.89,1.11
114,0.02,0.11,0.96,-11.44,5.98,2.12
115,0.04,0.12,0.98,-12.9,5.66,2.57
116,0.03,0.13,0.99,-13.98,7.1,1.37
117,0.02,0.13,1.01,-13.27,8.29,1.3
118,0.02,0.12,1.04,-13.0,9.49,0.34
119,0.02,0.11,1.06,-12.1,10.33,-1.66
120,0.0,0.08,1.09,-10.28,8.73,-4.01
121,-0.03,0.08,1.1,-8.03,3.67,-5.91
122,-0.03,0.06,1.12,-7.42,-0.28,-5.84
123,-0.05,0.08,1.15,-8.82,-4.05,-4.34
124,-0.06,0.11,1.2,-14.83,-6.51,1.58
125,0.02,0.16,1.25,-25.82,-2.18,12.49
126,0.08,0.22,1.35,-40.87,15.16,18.61
127,0.1,0.19,1.47,-53.6,28.35,22.18
128,0.02,0.17,1.61,-56.98,39.96,24.24
129,-0.03,0.05,1.87,-53.76,49.13,28.95
130,-0.08,0.01,1.99,-39.71,46.14,37.51
131,-0.11,-0.02,2.0,-21.11,40.15,32.59
132,-0.1,-0.04,2.0,-0.68,29.58,32.23
133,-0.05,-0.06,2.0,11.86,10.21,24.1
134,-0.06,-0.11,2.0,28.8,3.92,22.63
135,-0.08,-0.13,2.0,42.31,-9.44,12.69
136,-0.08,-0.2,2.0,61.79,-17.11,9.95
137,-0.02,-0.26,2.0,82.39,-20.33,6.54
138,-0.05,-0.29,2.0,106.6,-20.89,4.11
139,-0.01,-0.34,2.0,129.11,-18.31,-1.63
140,-0.01,-0.42,2.0,156.07,-12.27,-7.11
141,-0.05,-0.5,2.0,188.85,6.33,-5.12
142,-0.01,-0.56,2.0,214.89,12.85,-7.44
143,-0.01,-0.58,1.89,238.29,25.44,-9.69
144,-0.02,-0.56,1.64,250.13,41.79,-10.28
145,-0.07,-0.51,1.43,250.13,52.69,-9.67
146,-0.12,-0.41,1.12,250.13,53.03,-8.31
147,-0.12,-0.26,0.73,250.13,49.28,-10.51
148,-0.16,-0.14,0.45,250.13,45.16,-9.64
149,-0.19,-0.07,0.29,250.13,43.31,-8.97
150,-0.22,-0.03,0.24,230.64,45.63,-1.54
151,-0.19,-0.0,0.23,210.51,51.18,9.24
152,-0.11,0.06,0.21,193.15,64.24,20.42
153,-0.03,0.16,0.15,179.39,79.19,30.27
154,0.02,0.32,0.04,164.97,90.58,29.85
155,-0.07,0.4,-0.09,155.68,81.55,27.09
156,-0.2,0.4,-0.33,157.39,44.47,23.63
157,-0.23,0.47,-0.47,145.05,1.81,9.61
158,-0.1,0.46,-0.53,126.51,-37.18,-1.3
159,0.04,0.46,-0.55,102.57,-52.24,-10.46
160,0.12,0.5,-0.56,74.04,-44.19,-12.07
161,0.1,0.51,-0.56,45.78,-27.46,-5.33
162,0.04,0.45,-0.54,18.63,-26.51,-3.22
163,-0.03,0.39,-0.43,-9.59,-17.02,-1.58
164,-0.02,0.31,-0.28,-22.61,-19.08,2.05
165,-0.03,0.28,-0.13,-26.84,-17.61,6.08
166,-0.01,0.28,-0.08,-24.25,-15.36,14.12
167,0.02,0.32,-0.09,-22.24,-21.08,17.89
168,0.09,0.38,-0.13,-24.0,-25.09,19.36
169,0.13,0.43,-0.12,-27.25,-28.3,18.34
170,0.13,0.46,-0.11,-30.44,-32.98,15.51
171,0.17,0.46,-0.06,-32.73,-36.86,14.96
172,0.2,0.45,-0.05,-34.96,-42.31,12.27
173,0.19,0.46,-0.02,-37.6,-48.93,6.52
174,0.18,0.41,0.03,-38.73,-52.31,3.73
175,0.18,0.4,0.12,-37.05,-53.79,2.05
176,0.19,0.37,0.15,-35.97,-53.89,2.47
177,0.21,0.39,0.19,-36.98,-50.97,3.86
178,0.21,0.46,0.25,-37.84,-43.61,5.02
179,0.2,0.49,0.27,-36.83,-38.7,5.56
180,0.18,0.58,0.29,-33.98,-36.78,8.08
181,0.19,0.67,0.29,-32.73,-30.31,14.63
182,0.26,0.68,0.27,-32.44,-27.21,17.39
183,0.33,0.69,0.24,-32.28,-17.56,20.13
184,0.39,0.7,0.23,-40.9,-6.78,16.18
185,0.35,0.73,0.24,-49.67,1.45,4.73
186,0.21,0.71,0.27,-56.31,0.87,-3.58
187,0.08,0.62,0.34,-54.34,-8.18,-7.73
188,0.04,0.56,0.4,-50.55,-18.82,-7.08
189,0.1,0.48,0.41,-47.5,-23.08,-1.74
190,0.26,0.51,0.39,-52.77,-13.62,-1.18
191,0.32,0.6,0.41,-66.2,6.6,-2.75
192,0.24,0.66,0.41,-80.84,24.92,-6.12
193,0.07,0.64,0.51,-91.98,25.46,-12.82
194,-0.06,0.59,0.6,-92.31,15.74,-18.24
195,-0.11,0.55,0.69,-90.1,-0.26,-17.2
196,-0.06,0.51,0.75,-89.3,-5.02,-14.24
197,0.02,0.49,0.81,-92.1,1.06,-18.34
198,-0.02,0.49,0.86,-94.7,10.15,-19.47
199,-0.09,0.46,0.9,-93.89,11.92,-17.31
200,-0.15,0.44,0.95,-92.94,9.52,-14.74
201,-0.14,0.42,1.0,-92.05,6.85,-10.53
202,-0.1,0.41,1.01,-94.08,5.32,-10.05
203,-0.08,0.4,1.06,-94.24,10.04,-6.74
204,-0.03,0.35,1.1,-93.31,11.93,-7.59
205,-0.06,0.32,1.15,-87.87,11.87,-11.27
206,-0.1,0.3,1.15,-80.17,4.75,-14.45
207,-0.12,0.28,1.17,-71.11,-3.0,-18.13
208,-0.14,0.29,1.15,-65.13,-10.91,-17.28
209,-0.1,0.29,1.13,-64.48,-13.84,-14.43
210,-0.04,0.29,1.13,-65.7,-6.68,-8.73
211,-0.0,0.28,1.13,-70.77,2.4,-5.43
212,-0.01,0.26,1.15,-73.25,7.69,-3.35
213,-0.01,0.24,1.18,-70.99,12.42,-2.95
214,-0.07,0.22,1.17,-65.48,8.6,-2.63
215,-0.05,0.2,1.2,-59.92,0.79,-2.6
216,0.01,0.19,1.2,-55.24,-1.64,-1.47
217,0.08,0.17,1.23,-50.96,-0.24,-2.86
218,0.12,0.2,1.21,-48.23,5.77,-6.67
219,0.07,0.21,1.23,-44.77,10.67,-10.96
220,-0.06,0.22,1.25,-39.91,13.4,-12.5
221,-0.14,0.25,1.23,-34.9,11.31,-12.99
222,-0.18,0.25,1.21,-29.88,5.6,-9.52
223,-0.15,0.25,1.19,-27.47,0.24,-6.41
224,-0.08,0.27,1.18,-26.66,-1.0,-5.34
225,-0.04,0.25,1.17,-24.72,1.45,-2.44
226,-0.04,0.25,1.15,-21.93,1.05,-3.95
227,-0.06,0.25,1.16,-18.52,-1.86,-4.76
228,-0.07,0.26,1.14,-16.34,-3.48,-5.15
229,-0.04,0.28,1.13,-16.05,-3.44,-4.38
230,0.0,0.3,1.13,-17.99,-0.27,-3.93
231,0.01,0.3,1.12,-20.16,2.93,-4.71
232,-0.03,0.31,1.13,-19.41,4.87,-4.36
233,-0.04,0.29,1.13,-16.79,3.6,-5.32
234,-0.05,0.28,1.13,-13.4,2.49,-6.23
235,-0.05,0.26,1.11,-9.02,1.1,-7.84
236,-0.06,0.26,1.1,-4.82,-1.16,-8.73
237,-0.07,0.27,1.08,-1.36,-2.95,-7.82
238,-0.07,0.29,1.03,-2.36,-3.8,-7.75
239,-0.05,0.3,1.01,-3.56,-2.46,-5.26
240,-0.02,0.3,0.97,-6.84,-0.28,-5.7
241,-0.04,0.27,0.97,-10.37,0.98,-4.53
242,-0.04,0.26,0.97,-14.08,-0.01,-3.77
243,-0.02,0.25,1.0,-16.87,0.53,-3.31
244,-0.01,0.26,1.02,-17.69,1.64,-3.88
245,-0.05,0.26,1.01,-16.85,-0.23,-4.45
246,-0.05,0.27,1.02,-16.34,-5.52,-5.76
247,-0.08,0.29,1.01,-15.82,-9.95,-6.84
248,-0.07,0.28,1.01,-15.69,-15.43,-6.49
249,-0.05,0.28,1.01,-16.33,-15.95,-5.37
250,-0.02,0.28,1.01,-18.19,-13.73,-3.61
251,-0.01,0.27,1.0,-20.91,-8.74,-0.69
252,-0.0,0.26,1.01,-23.53,-3.63,2.06
253,0.01,0.24,1.03,-24.24,1.39,4.11
254,0.02,0.24,1.04,-23.79,5.18,3.81
255,0.0,0.23,1.03,-20.05,3.27,1.37
256,-0.02,0.23,1.03,-14.21,-4.04,-2.33
257,0.0,0.22,1.03,-9.17,-11.28,-6.39
258,0.02,0.22,1.01,-6.47,-14.98,-10.34
259,0.01,0.21,1.0,-4.73,-17.82,-12.52
260,-0.01,0.21,0.98,-4.92,-19.86,-12.95
261,-0.0,0.2,0.97,-6.22,-17.25,-10.85
262,-0.0,0.21,0.98,-8.08,-14.09,-8.61
263,-0.03,0.18,0.96,-10.44,-12.29,-4.74
264,-0.03,0.2,0.98,-12.82,-7.5,-1.43
265,-0.02,0.19,0.97,-14.04,-8.6,-1.26
266,-0.02,0.2,0.99,-14.25,-9.49,0.2
267,-0.0,0.19,1.01,-13.9,-10.06,0.24
268,0.02,0.19,0.99,-13.27,-9.45,-0.05
269,0.01,0.19,1.0,-12.75,-9.29,-1.45
270,0.01,0.18,1.01,-11.21,-10.65,-1.73
271,0.02,0.18,1.01,-9.7,-10.28,-2.31
272,0.03,0.17,1.02,-7.58,-9.5,-2.89
273,0.02,0.18,1.01,-4.92,-8.26,-3.05
274,0.0,0.19,1.0,-3.99,-8.21,-2.61
275,-0.01,0.2,0.98,-4.27,-7.71,-1.28
276,0.0,0.2,0.96,-5.43,-8.13,0.38
277,0.02,0.21,0.94,-7.73,-5.71,2.11
278,0.03,0.21,0.94,-10.23,-4.38,3.01
279,0.04,0.21,0.95,-11.53,-3.18,3.98
280,0.03,0.2,0.96,-12.11,-1.54,3.81
281,0.04,0.21,0.96,-11.85,-1.47,2.76
282,0.04,0.2,0.97,-10.58,-1.83,1.15
283,0.03,0.2,0.95,-9.05,-4.5,-0.82
284,0.03,0.19,0.95,-8.65,-6.06,-1.44
285,0.05,0.19,0.95,-9.77,-5.47,-1.73
286,0.04,0.18,0.95,-10.95,-4.34,-1.47
287,0.04,0.18,0.95,-12.15,-2.98,-0.69
288,0.06,0.18,0.95,-13.1,-2.09,-0.18
289,0.06,0.17,0.95,-14.05,-1.21,-0.99
290,0.06,0.17,0.95,-14.58,-0.37,-2.12
291,0.06,0.16,0.95,-14.63,-0.08,-2.94
292,0.06,0.15,0.95,-14.73,0.94,-3.5
293,0.04,0.14,0.97,-14.96,2.31,-3.9
294,0.03,0.15,0.96,-14.53,3.74,-3.9
295,-0.01,0.15,0.97,-14.13,3.31,-4.38
296,-0.02,0.15,0.99,-13.09,-0.25,-3.77
297,0.0,0.16,0.99,-13.2,-1.76,-4.12
298,0.02,0.16,0.99,-13.33,-1.27,-5.15
299,0.02,0.18,1.0,-14.79,-2.37,-10.4
300,0.04,0.17,0.99,-11.76,-1.62,-8.76
301,0.02,0.16,0.99,-10.39,-4.38,-8.15
302,0.01,0.17,0.99,-11.02,-4.37,-8.63
303,-0.01,0.18,1.01,-11.04,-3.34,-7.21
304,-0.02,0.19,1.02,-11.27,-6.03,-6.02
305,-0.03,0.19,1.03,-12.04,-5.32,-3.99
306,-0.02,0.18,1.03,-11.77,-7.84,-3.04
307,-0.01,0.16,1.04,-10.45,-9.97,-2.92
308,-0.01,0.15,1.05,-8.45,-11.49,-1.92
309,-0.0,0.14,1.06,-5.08,-13.23,-1.18
310,0.03,0.13,1.04,-2.51,-12.76,-0.18
311,0.05,0.13,1.02,-1.51,-11.84,-0.15
312,0.09,0.13,1.0,-1.53,-10.26,1.02
313,0.14,0.13,0.98,-2.02,-7.27,0.47
314,0.14,0.13,0.98,-3.24,-4.37,-2.11
315,0.13,0.11,0.97,-2.73,-2.84,-4.02
316,0.11,0.11,0.97,-1.68,-2.32,-5.46
317,0.09,0.11,0.97,-0.85,-1.01,-5.69
318,0.07,0.11,0.95,-0.05,0.55,-4.6
319,0.06,0.12,0.94,-0.92,1.11,-3.56
320,0.07,0.14,0.9,-3.82,2.67,-3.03
321,0.07,0.16,0.91,-7.02,2.85,-3.05
322,0.06,0.16,0.91,-9.76,1.37,-3.95
323,0.05,0.16,0.92,-12.01,-1.16,-4.63
324,0.05,0.16,0.96,-13.22,-3.08,-4.31
325,0.04,0.16,0.98,-13.78,-2.96,-3.62
326,0.05,0.16,0.99,-13.7,-2.46,-2.43
327,0.06,0.16,0.99,-14.77,-0.56,-1.04
328,0.05,0.16,0.99,-16.54,2.34,0.13
329,0.04,0.16,0.99,-18.56,5.31,2.18
330,0.04,0.15,1.01,-20.47,7.81,4.31
331,0.05,0.14,1.03,-22.32,12.24,7.11
332,0.06,0.15,1.03,-23.14,16.37,8.97
333,0.08,0.14,1.03,-23.79,19.98,8.6
334,0.06,0.13,1.02,-23.08,21.42,7.63
335,0.06,0.12,1.03,-20.88,17.24,3.27
336,0.05,0.1,1.04,-15.82,9.33,-2.63
337,0.03,0.08,1.05,-10.1,0.77,-9.74
338,0.01,0.07,1.07,-4.74,-4.31,-13.26
339,0.01,0.07,1.06,-0.72,-3.51,-14.07
340,-0.0,0.08,1.04,-0.02,0.81,-12.21
341,-0.01,0.08,1.01,-0.66,4.0,-10.26
342,-0.02,0.09,0.99,-2.44,5.88,-8.49
343,-0.02,0.08,0.98,-4.41,5.8,-7.92
344,-0.01,0.08,1.01,-4.19,4.56,-7.37
345,-0.02,0.07,1.0,-3.47,4.27,-7.37
346,-0.03,0.06,1.02,-2.26,3.58,-6.12
347,-0.03,0.07,1.02,-1.01,3.57,-5.79
348,-0.04,0.06,1.0,-0.04,2.15,-5.37
349,-0.02,0.07,0.99,0.08,0.3,-4.92
350,-0.01,0.07,0.98,-0.71,-0.01,-4.61
351,-0.01,0.07,0.99,-1.0,-1.24,-3.89
352,-0.0,0.07,0.97,-2.93,-0.4,-3.15
353,-0.0,0.07,0.99,-2.21,-0.89,-0.79
354,-0.0,0.08,0.98,-2.44,-0.6,-0.58
355,-0.01,0.08,0.99,-2.85,-1.13,0.24
356,0.0,0.09,0.97,-4.65,-0.61,1.39
357,0.02,0.1,0.99,-6.95,2.84,2.5
358,0.03,0.1,1.0,-8.08,4.94,3.15
359,0.01,0.09,1.01,-7.5,6.12,3.63
360,0.01,0.08,1.02,-5.8,3.15,2.81
361,0.01,0.09,1.02,-3.24,0.17,1.82
362,0.02,0.1,1.01,-0.62,-1.99,0.6
363,0.03,0.11,0.99,1.07,-2.93,-0.33
364,0.04,0.12,0.96,2.05,-3.95,-1.23
365,0.05,0.14,0.96,1.87,-3.74,-1.89
366,0.06,0.15,0.94,1.51,-3.31,-3.27
367,0.07,0.16,0.93,0.12,-3.56,-5.16
368,0.06,0.15,0.93,-0.93,-3.61,-6.66
369,0.05,0.15,0.94,-2.14,-3.56,-7.72
370,0.04,0.14,0.93,-2.58,-4.18,-8.41
371,0.03,0.13,0.94,-3.5,-3.8,-8.56
372,0.0,0.12,0.95,-4.15,-3.23,-7.75
373,-0.02,0.11,0.95,-4.89,-2.53,-6.47
374,-0.02,0.1,0.96,-5.89,-2.1,-5.5
375,0.0,0.1,0.95,-7.48,-1.75,-4.53
376,0.0,0.09,0.98,-8.88,-2.78,-3.93
377,0.0,0.08,0.98,-8.58,-3.46,-3.57
378,0.02,0.07,1.01,-8.2,-4.5,-3.85
379,0.0,0.07,1.02,-6.94,-3.64,-4.08
380,-0.0,0.07,1.03,-4.6,-3.94,-3.88
381,-0.0,0.07,1.02,-3.05,-4.95,-4.34
382,0.01,0.08,1.01,-1.72,-5.51,-4.44
383,-0.0,0.08,1.01,-1.1,-5.73,-3.73
384,0.04,0.09,0.99,-1.86,-5.45,-3.84
385,0.05,0.08,1.0,-2.74,-2.61,-4.21
386,0.03,0.08,1.02,-2.29,-1.39,-3.89
387,0.02,0.08,1.01,-1.12,-0.35,-3.23
388,0.02,0.08,1.01,-1.08,0.89,-3.37
389,0.0,0.08,1.01,-0.47,-0.08,-3.58
390,-0.02,0.09,0.98,0.61,-0.59,-2.48
391,-0.01,0.09,0.97,0.41,-2.14,-1.34
392,0.01,0.1,0.96,-0.88,-2.05,-0.57
393,0.01,0.1,0.97,-2.03,0.32,0.11
394,0.03,0.11,0.95,-3.74,-0.5,-0.2
395,0.03,0.1,0.96,-5.17,-0.45,-0.92
396,0.03,0.1,0.97,-5.08,-1.56,-2.04
397,0.02,0.1,0.98,-4.24,-1.76,-1.86
398,0.02,0.09,0.98,-4.02,-1.11,-2.34
399,0.02,0.1,0.98,-4.01,-0.74,-2.02
400,-0.0,0.1,0.97,-3.86,-1.2,-0.85
