,accel_x,accel_y,accel_z,gyro_x,gyro_y,gyro_z
0,0.03,0.1,1.0,-5.15,-4.35,-3.56
1,-0.0,0.09,1.0,-4.03,-4.89,-3.73
2,-0.01,0.1,1.01,-3.46,-4.29,-2.46
3,-0.01,0.1,0.99,-4.0,-4.21,-1.38
4,0.01,0.1,0.99,-4.13,-4.5,-1.22
5,0.02,0.1,0.99,-3.82,-4.82,-1.64
6,0.02,0.1,0.98,-3.67,-5.61,-1.63
7,0.03,0.1,0.97,-4.15,-5.6,-1.44
8,0.04,0.1,0.97,-5.95,-4.57,-1.31
9,0.05,0.11,0.97,-7.07,-4.4,-2.29
10,0.06,0.1,0.98,-7.92,-4.85,-2.89
11,0.04,0.09,0.98,-9.23,-4.18,-2.68
12,0.03,0.1,0.98,-10.17,-3.91,-2.52
13,0.04,0.09,0.99,-10.66,-3.95,-3.13
14,0.05,0.09,1.0,-9.23,-3.9,-3.44
15,0.05,0.08,1.0,-8.22,-2.69,-4.02
16,0.01,0.07,0.98,-7.4,-3.73,-4.31
17,0.01,0.07,0.99,-6.41,-4.4,-4.41
18,0.01,0.06,1.0,-4.92,-4.96,-4.68
19,0.01,0.07,0.99,-3.58,-5.46,-3.16
20,0.02,0.07,0.97,-4.5,-5.53,-2.18
21,0.03,0.07,0.97,-5.76,-4.82,-1.02
22,0.04,0.08,0.98,-6.37,-4.78,-0.35
23,0.04,0.08,0.98,-7.04,-4.33,0.18
24,0.05,0.08,0.98,-7.98,-3.96,-0.32
25,0.06,0.07,1.0,-7.76,-3.0,-1.21
26,0.05,0.07,1.0,-6.74,-2.1,-1.98
27,0.04,0.07,1.0,-5.44,-2.59,-2.54
28,0.04,0.07,1.0,-5.03,-2.88,-2.83
29,0.05,0.07,1.0,-4.23,-2.53,-2.18
30,0.04,0.07,1.0,-3.7,-1.39,-1.4
31,0.05,0.07,0.99,-3.85,-1.25,-1.85
32,0.06,0.07,1.0,-3.95,-0.81,-2.34
33,0.04,0.08,1.01,-3.6,-0.45,-2.94
34,0.04,0.08,0.99,-3.74,-1.52,-3.17
35,0.05,0.09,0.98,-4.46,-1.49,-3.82
36,0.05,0.09,0.99,-5.34,-0.48,-3.78
37,0.03,0.08,0.98,-6.23,-0.25,-3.26
38,0.03,0.07,0.98,-6.72,-0.34,-2.84
39,0.04,0.08,0.98,-7.37,-0.91,-3.23
40,0.03,0.07,0.98,-7.54,-0.77,-2.73
41,0.02,0.07,0.98,-7.35,-0.9,-1.95
42,0.04,0.07,0.98,-7.83,-0.97,-1.92
43,0.06,0.07,1.0,-6.83,-0.76,-2.22
44,0.05,0.07,0.99,-5.89,-1.24,-3.37
45,0.05,0.07,0.99,-4.51,-1.27,-3.24
46,0.06,0.06,0.99,-4.02,-1.54,-4.72
47,0.06,0.06,1.0,-2.76,-1.1,-4.79
48,0.06,0.06,1.01,-1.85,-0.21,-5.04
49,0.03,0.06,0.99,-1.65,-0.98,-4.91
50,0.04,0.06,0.98,-2.63,-1.52,-5.13
51,0.06,0.06,0.98,-3.57,-1.54,-5.15
52,0.03,0.06,1.0,-4.05,-1.08,-5.16
53,0.04,0.06,0.99,-4.74,-0.93,-3.99
54,0.03,0.06,0.98,-5.33,-0.34,-3.44
55,0.04,0.06,0.98,-5.43,-1.0,-3.77
56,0.05,0.07,0.99,-5.47,-1.66,-5.27
57,0.05,0.07,0.98,-5.6,-1.83,-6.14
58,0.04,0.07,0.97,-6.5,-2.51,-6.84
59,0.04,0.07,0.97,-6.95,-1.63,-7.35
60,0.03,0.07,0.98,-6.32,-1.05,-6.79
61,0.02,0.07,0.98,-6.0,-0.63,-6.63
62,0.04,0.05,0.98,-5.23,-2.12,-5.15
63,0.03,0.06,0.97,-5.23,-2.07,-5.15
64,0.02,0.05,0.99,-5.21,-1.27,-3.72
65,0.02,0.05,0.98,-5.55,-2.08,-3.34
66,0.01,0.05,0.97,-6.27,-2.08,-2.44
67,0.02,0.05,0.97,-7.53,-2.41,-2.26
68,0.03,0.06,0.96,-8.25,-2.69,-1.79
69,0.04,0.06,0.97,-9.23,-3.32,-1.55
70,0.04,0.05,0.98,-10.29,-2.73,-2.18
71,0.03,0.05,1.0,-9.6,-2.65,-1.38
72,0.04,0.05,1.0,-8.51,-1.76,-1.54
73,0.05,0.05,1.01,-7.07,-0.66,-1.1
74,0.04,0.04,1.01,-5.93,-0.79,-1.67
75,0.05,0.05,1.0,-4.83,-1.09,-1.95
76,0.05,0.05,0.99,-4.02,-1.23,-1.63
77,0.05,0.05,0.98,-4.08,-1.82,-2.05
78,0.04,0.05,0.98,-3.99,-2.51,-2.21
79,0.04,0.05,0.98,-4.24,-2.78,-2.15
80,0.04,0.05,0.98,-4.79,-2.32,-1.49
81,0.05,0.05,0.99,-4.94,-1.9,-0.29
82,0.05,0.04,0.98,-5.51,-0.8,-0.21
83,0.04,0.04,0.99,-6.24,-0.1,0.47
84,0.05,0.05,0.99,-6.34,0.44,1.33
85,0.06,0.04,1.0,-6.95,2.4,2.13
86,0.06,0.05,0.99,-7.57,4.02,2.57
87,0.04,0.04,0.99,-7.46,4.28,3.03
88,0.04,0.04,1.0,-7.37,3.6,3.51
89,0.05,0.02,1.0,-8.15,3.82,3.54
90,0.04,0.03,1.0,-7.94,5.99,3.84
91,0.04,0.03,1.01,-7.85,5.4,4.02
92,0.02,0.03,1.0,-7.11,4.47,3.86
93,0.03,0.04,0.99,-6.55,4.27,4.0
94,0.03,0.04,0.98,-6.2,3.99,3.02
95,0.04,0.05,0.98,-5.66,3.01,1.82
96,0.05,0.05,0.97,-4.58,1.2,-0.24
97,0.04,0.04,0.96,-4.09,-1.44,-3.29
98,0.04,0.04,0.96,-3.82,-4.34,-5.31
99,0.02,0.05,0.97,-4.05,-5.57,-5.8
100,0.01,0.05,0.96,-5.21,-5.39,-4.78
101,0.01,0.05,0.97,-6.54,-4.84,-2.65
102,0.02,0.06,0.96,-8.6,-2.75,-0.53
103,0.02,0.08,0.96,-11.29,-1.78,-0.12
104,0.01,0.08,0.95,-13.81,-1.31,0.57
105,0.0,0.09,0.96,-16.63,-1.35,1.56
106,-0.01,0.09,0.97,-18.8,-0.75,2.56
107,0.0,0.07,0.99,-20.62,-0.76,2.18
108,-0.01,0.05,1.01,-20.22,-1.77,1.91
109,0.01,0.05,1.04,-18.4,-4.63,1.21
110,-0.0,0.06,1.05,-16.24,-5.28,1.01
111,0.01,0.08,1.05,-15.51,-5.05,2.49
112,0.06,0.12,1.04,-17.56,-0.98,5.79
113,0.08,0.15,1.05,-22.19,3.15,8.94
114,0.08,0.16,1.05,-28.48,2.49,11.35
115,0.1,0.17,1.1,-36.25,1.5,13.41
116,0.15,0.18,1.21,-44.19,4.86,15.98
117,0.16,0.13,1.28,-48.84,9.39,17.11
118,0.2,0.08,1.4,-48.35,11.13,13.57
119,0.19,0.05,1.5,-42.82,10.53,7.1
120,0.14,0.0,1.59,-30.92,6.22,0.79
121,0.12,-0.03,1.64,-15.66,-0.37,-6.71
122,0.1,-0.05,1.65,-2.24,-5.75,-14.02
123,0.09,-0.08,1.66,10.11,-7.06,-17.91
124,0.08,-0.1,1.66,17.84,-3.08,-18.66
125,0.04,-0.11,1.65,22.44,-1.54,-16.56
126,0.01,-0.13,1.66,26.79,3.56,-12.31
127,-0.02,-0.13,1.68,29.73,5.2,-9.57
128,-0.01,-0.14,1.71,34.66,5.78,-7.66
129,0.02,-0.14,1.73,40.57,2.12,-12.7
130,0.03,-0.14,1.76,47.31,-7.48,-23.6
131,0.03,-0.16,1.82,56.9,-15.32,-33.62
132,0.02,-0.2,1.89,68.2,-14.73,-39.49
133,0.0,-0.26,1.96,81.25,-10.24,-43.33
134,-0.05,-0.28,1.96,97.48,-3.87,-43.63
135,-0.12,-0.28,1.88,112.79,4.73,-39.71
136,-0.12,-0.26,1.78,125.14,10.24,-35.11
137,-0.08,-0.18,1.62,131.52,17.14,-31.29
138,-0.08,-0.1,1.48,132.21,20.9,-29.44
139,-0.05,-0.02,1.36,130.22,23.46,-28.33
140,-0.02,0.02,1.28,124.92,26.37,-29.91
141,0.02,0.04,1.23,121.09,29.6,-33.11
142,-0.02,0.05,1.11,119.05,27.15,-39.31
143,-0.03,0.06,1.04,116.15,26.53,-44.79
144,-0.02,0.06,1.02,113.59,24.46,-46.72
145,-0.04,0.05,0.86,111.6,26.23,-47.38
146,-0.04,0.08,0.75,104.42,30.37,-44.98
147,-0.05,0.11,0.58,90.72,35.49,-41.25
148,-0.0,0.14,0.48,74.32,42.99,-38.09
149,-0.01,0.14,0.42,59.73,48.58,-36.91
150,-0.06,0.13,0.35,47.54,47.61,-37.5
151,-0.09,0.1,0.33,42.85,47.35,-38.76
152,-0.14,0.06,0.32,40.26,38.9,-43.66
153,-0.15,0.02,0.29,42.21,30.28,-45.21
154,-0.15,-0.0,0.24,43.66,27.41,-43.42
155,-0.19,0.02,0.2,40.15,22.37,-38.3
156,-0.16,0.08,0.1,30.69,25.47,-26.82
157,-0.15,0.14,0.07,16.53,29.04,-15.2
158,-0.14,0.17,0.08,0.87,28.21,-2.22
159,-0.12,0.19,0.03,-12.53,30.62,2.64
160,-0.09,0.19,0.11,-23.92,28.89,5.95
161,-0.1,0.18,0.18,-28.66,21.08,7.65
162,-0.11,0.17,0.23,-29.11,14.36,7.26
163,-0.08,0.17,0.33,-26.05,5.21,6.24
164,-0.06,0.19,0.34,-20.61,-1.24,5.52
165,-0.03,0.21,0.36,-15.24,-5.44,7.27
166,-0.02,0.26,0.37,-15.02,-5.84,8.02
167,-0.04,0.29,0.39,-14.98,-6.1,9.89
168,-0.02,0.29,0.42,-13.74,-5.46,13.75
169,-0.01,0.33,0.46,-13.15,-3.56,16.57
170,-0.0,0.36,0.48,-13.32,-2.41,17.48
171,-0.04,0.38,0.5,-12.07,-5.01,17.18
172,-0.03,0.39,0.52,-8.64,-11.03,15.91
173,-0.02,0.41,0.54,-6.59,-14.76,13.17
174,0.01,0.41,0.56,-4.31,-17.41,13.47
175,0.04,0.41,0.6,-2.76,-16.73,13.55
176,0.09,0.44,0.61,-2.01,-13.97,14.27
177,0.11,0.45,0.65,0.55,-9.3,14.88
178,0.09,0.46,0.61,0.77,-7.72,13.44
179,0.08,0.48,0.61,0.49,-8.06,12.21
180,0.09,0.47,0.62,-0.15,-8.25,10.24
181,0.09,0.44,0.61,-1.18,-9.67,6.18
182,0.07,0.42,0.63,-1.54,-11.85,2.65
183,0.04,0.4,0.65,-0.78,-15.0,0.55
184,0.04,0.37,0.66,-0.95,-15.92,-0.28
185,0.03,0.37,0.68,-1.41,-15.79,-0.15
186,0.01,0.37,0.69,-2.98,-12.0,1.06
187,0.01,0.37,0.7,-5.2,-13.08,0.91
188,-0.05,0.36,0.73,-2.74,-12.97,3.75
189,-0.04,0.36,0.75,-4.24,-17.73,1.39
190,-0.03,0.35,0.81,-5.26,-19.4,1.87
191,-0.01,0.35,0.82,-4.53,-14.07,5.92
192,0.04,0.34,0.83,-4.98,-6.46,8.86
193,0.05,0.35,0.83,-5.2,-0.85,9.99
194,0.04,0.36,0.81,-5.05,0.48,9.54
195,0.02,0.37,0.78,-5.68,-0.38,7.27
196,0.01,0.34,0.75,-5.89,-2.31,5.39
197,-0.0,0.3,0.73,-6.14,-3.58,3.8
198,-0.02,0.25,0.72,-6.65,-1.76,5.79
199,-0.04,0.25,0.71,-9.33,1.91,8.17
200,-0.1,0.25,0.71,-13.56,3.05,10.9
201,-0.16,0.24,0.71,-15.75,0.5,13.66
202,-0.19,0.24,0.75,-16.79,-5.98,16.59
203,-0.19,0.24,0.79,-16.96,-11.8,18.78
204,-0.12,0.24,0.83,-17.31,-11.87,22.02
205,-0.04,0.25,0.83,-18.86,-10.86,20.92
206,-0.02,0.27,0.86,-20.14,-9.16,17.31
207,-0.03,0.25,0.9,-17.98,-11.55,13.4
208,-0.02,0.25,0.93,-15.76,-15.57,9.4
209,-0.02,0.26,0.94,-13.47,-16.83,6.54
210,-0.03,0.25,0.96,-12.42,-17.84,4.81
211,-0.03,0.26,0.97,-10.05,-18.76,4.88
212,-0.04,0.25,0.97,-9.19,-19.55,4.98
213,-0.02,0.24,0.98,-7.85,-19.74,5.92
214,-0.01,0.25,0.97,-7.14,-18.85,7.75
215,0.0,0.28,0.94,-8.08,-18.02,8.51
216,0.02,0.32,0.91,-12.27,-16.92,9.77
217,0.03,0.34,0.88,-18.22,-14.98,10.9
218,0.01,0.37,0.88,-25.84,-14.3,10.76
219,-0.02,0.35,0.91,-31.04,-16.4,12.24
220,0.02,0.31,0.99,-34.37,-16.12,13.7
221,0.05,0.29,1.04,-34.5,-13.62,14.36
222,0.02,0.26,1.06,-30.24,-14.34,13.79
223,0.02,0.26,1.06,-24.9,-16.09,13.15
224,0.03,0.3,1.02,-23.69,-15.85,10.72
225,-0.0,0.31,0.99,-24.27,-15.67,10.89
226,-0.04,0.32,0.98,-25.61,-17.88,11.15
227,-0.05,0.32,1.01,-28.24,-21.38,12.28
228,-0.0,0.31,1.03,-32.79,-19.85,15.52
229,0.04,0.28,1.05,-33.89,-16.43,19.65
230,0.14,0.3,1.11,-38.32,-10.04,21.5
231,0.19,0.3,1.11,-41.81,-0.78,18.98
232,0.19,0.29,1.12,-41.54,5.16,14.81
233,0.15,0.29,1.12,-39.15,5.99,7.72
234,0.06,0.27,1.1,-35.18,1.39,1.11
235,-0.01,0.24,1.13,-30.96,-6.63,-4.15
236,-0.02,0.21,1.16,-25.4,-10.93,-6.02
237,-0.03,0.17,1.19,-19.49,-9.81,-4.94
238,-0.05,0.15,1.19,-14.33,-8.44,-2.69
239,-0.02,0.15,1.16,-11.28,-6.42,-1.01
240,-0.0,0.17,1.12,-6.11,-2.31,4.11
241,0.01,0.2,1.06,-5.85,-1.11,4.03
242,-0.01,0.23,1.01,-8.08,-4.21,2.58
243,-0.03,0.27,0.99,-10.89,-8.6,0.71
244,0.0,0.28,1.02,-15.24,-10.64,0.85
245,0.01,0.28,1.05,-19.31,-9.73,1.11
246,0.02,0.26,1.07,-21.26,-7.35,2.11
247,0.03,0.23,1.1,-21.42,-4.19,3.06
248,0.04,0.2,1.1,-18.86,-2.46,2.98
249,0.02,0.18,1.08,-14.58,-2.73,3.21
250,0.04,0.18,1.06,-10.41,-3.85,3.07
251,0.1,0.21,1.03,-9.27,-2.45,2.42
252,0.11,0.23,1.0,-10.82,0.95,0.52
253,0.06,0.25,0.98,-13.11,0.68,-2.25
254,0.02,0.25,0.98,-13.63,-4.85,-5.37
255,-0.0,0.25,0.97,-13.97,-9.63,-7.19
256,0.02,0.25,1.0,-16.5,-8.92,-6.99
257,0.03,0.24,1.02,-18.96,-7.38,-5.34
258,0.06,0.25,1.03,-21.62,-4.66,-2.92
259,0.09,0.24,1.05,-23.96,0.06,-0.5
260,0.09,0.23,1.05,-25.02,5.05,1.35
261,0.08,0.22,1.07,-24.27,4.97,2.0
262,0.09,0.22,1.11,-23.17,6.5,1.66
263,0.08,0.19,1.11,-21.15,7.52,-1.59
264,0.03,0.21,1.12,-17.31,4.41,-5.18
265,0.05,0.2,1.13,-12.06,1.26,-7.44
266,0.05,0.2,1.11,-7.9,-0.93,-9.83
267,0.04,0.2,1.1,-5.49,-1.05,-9.91
268,0.04,0.21,1.09,-3.54,-0.21,-9.4
269,0.05,0.22,1.07,-3.4,1.53,-9.25
270,0.07,0.21,1.07,-2.99,2.24,-8.95
271,0.06,0.22,1.04,-2.93,3.65,-9.18
272,0.05,0.23,1.02,-3.37,3.73,-9.5
273,0.04,0.22,1.01,-4.63,2.6,-10.1
274,0.06,0.21,1.02,-5.02,2.67,-9.8
275,0.03,0.19,1.01,-6.47,3.37,-10.13
276,0.03,0.18,0.99,-9.47,2.38,-11.07
277,0.01,0.17,1.0,-11.64,1.44,-11.73
278,0.02,0.16,1.01,-11.47,-0.09,-10.56
279,0.02,0.16,1.02,-11.99,0.02,-11.32
280,-0.0,0.14,1.03,-10.73,-0.23,-12.4
281,-0.03,0.12,1.02,-7.89,-3.34,-12.45
282,-0.02,0.13,1.01,-6.26,-5.18,-11.79
283,-0.02,0.12,0.99,-5.6,-4.7,-11.15
284,-0.03,0.12,0.97,-6.25,-5.66,-9.8
285,-0.02,0.14,0.97,-7.63,-6.68,-6.77
286,0.0,0.14,0.98,-9.28,-5.26,-3.42
287,0.03,0.14,0.99,-11.04,-3.24,-0.93
288,0.05,0.15,0.99,-12.37,-0.21,-0.24
289,0.06,0.15,1.01,-11.27,0.58,-0.73
290,0.03,0.13,1.0,-9.26,-1.93,-2.03
291,0.03,0.15,0.97,-8.45,-4.59,-2.91
292,0.06,0.16,0.97,-8.92,-4.4,-2.73
293,0.04,0.16,0.97,-10.24,-3.97,-2.9
294,0.05,0.15,0.97,-10.68,-4.15,-2.34
295,0.04,0.15,0.95,-11.2,-4.79,-2.73
296,0.03,0.14,0.95,-10.53,-5.89,-3.05
297,0.04,0.15,0.94,-10.67,-7.21,-3.11
298,0.03,0.15,0.93,-11.24,-7.95,-3.19
299,0.02,0.15,0.92,-12.54,-9.1,-2.6
300,0.04,0.16,0.93,-15.2,-7.39,-2.05
301,0.04,0.16,0.93,-18.63,-6.66,-2.08
302,0.04,0.15,0.95,-19.98,-7.69,-2.44
303,0.04,0.13,0.97,-20.09,-8.37,-3.29
304,0.06,0.13,1.01,-18.58,-8.77,-2.79
305,0.07,0.13,1.0,-17.67,-7.15,-3.24
306,0.09,0.13,0.99,-16.63,-6.81,-3.26
307,0.09,0.14,0.98,-16.22,-5.8,-4.1
308,0.08,0.15,0.97,-16.53,-6.88,-5.57
309,0.07,0.16,0.99,-16.78,-8.44,-5.02
310,0.09,0.15,1.01,-17.02,-6.06,-4.44
311,0.08,0.14,1.02,-17.66,-3.72,-4.26
312,0.07,0.14,0.99,-17.79,-2.29,-4.34
313,0.06,0.13,1.0,-19.79,-2.66,-5.24
314,0.05,0.12,1.02,-19.77,-4.29,-5.28
315,0.04,0.1,1.06,-18.22,-4.79,-5.18
316,0.02,0.1,1.08,-15.51,-6.76,-5.89
317,0.02,0.08,1.1,-12.6,-7.8,-6.24
318,0.01,0.07,1.1,-10.56,-8.41,-5.79
319,0.03,0.06,1.09,-8.85,-6.92,-4.15
320,0.04,0.05,1.08,-7.91,-5.19,-2.37
321,0.05,0.05,1.07,-6.95,-4.05,-1.9
322,0.06,0.04,1.06,-5.32,-2.93,-2.2
323,0.07,0.04,1.03,-3.42,-3.54,-3.31
324,0.06,0.04,1.02,-1.84,-5.22,-4.33
325,0.08,0.04,1.0,0.05,-5.69,-4.09
326,0.05,0.03,0.97,0.46,-6.05,-3.92
327,0.04,0.04,0.95,0.36,-6.09,-1.96
328,0.05,0.05,0.93,-0.89,-5.02,-0.32
329,0.04,0.06,0.91,-2.5,-5.02,0.69
330,0.03,0.07,0.91,-3.72,-7.29,1.07
331,0.06,0.07,0.9,-4.96,-8.27,2.27
332,0.06,0.09,0.92,-9.38,-7.72,2.5
333,0.05,0.1,0.92,-11.44,-8.76,3.32
334,0.07,0.11,0.94,-14.63,-8.89,3.22
335,0.09,0.11,0.99,-15.84,-8.67,3.92
336,0.09,0.1,1.03,-15.91,-9.05,3.51
337,0.11,0.1,1.07,-14.82,-9.57,2.59
338,0.12,0.1,1.08,-12.12,-8.88,-0.85
339,0.11,0.09,1.1,-8.18,-8.03,-0.43
340,0.1,0.08,1.09,-5.12,-7.47,-1.01
341,0.1,0.07,1.1,-1.19,-7.4,-1.76
342,0.11,0.06,1.06,1.45,-6.77,-1.25
343,0.1,0.06,1.06,2.21,-5.13,-1.49
344,0.1,0.07,1.04,3.02,-4.37,-0.92
345,0.11,0.08,1.01,1.78,-1.86,-0.73
346,0.12,0.08,0.99,1.5,0.12,-0.38
347,0.13,0.08,0.99,0.27,0.89,-0.84
348,0.14,0.09,0.98,0.99,1.62,-0.76
349,0.13,0.1,0.98,0.42,1.55,-2.87
350,0.12,0.1,0.96,0.44,2.77,-3.99
351,0.12,0.1,0.96,0.18,1.44,-6.11
352,0.11,0.09,0.96,-0.6,0.09,-7.78
353,0.09,0.08,0.96,-1.85,-0.07,-8.05
354,0.07,0.08,0.98,-2.18,-0.05,-7.18
355,0.07,0.07,0.98,-2.69,0.76,-5.66
356,0.06,0.06,0.98,-2.99,1.76,-4.38
357,0.05,0.06,0.99,-2.69,2.27,-3.53
358,0.05,0.07,0.98,-2.05,0.24,-2.27
359,0.07,0.07,0.98,-2.24,-0.62,-2.25
360,0.09,0.08,0.99,-2.69,-0.34,-1.92
361,0.09,0.08,0.99,-3.35,0.61,-1.04
362,0.09,0.09,0.99,-4.61,1.33,-0.26
363,0.1,0.08,1.01,-5.85,2.61,0.66
364,0.11,0.08,1.0,-6.85,4.5,1.4
365,0.12,0.08,1.0,-7.18,4.96,1.88
366,0.11,0.08,0.99,-7.52,5.42,1.92
367,0.11,0.07,1.0,-7.81,6.47,1.66
368,0.11,0.07,0.99,-8.19,8.2,1.75
369,0.09,0.08,0.99,-8.83,11.1,2.08
370,0.09,0.07,0.98,-9.53,12.48,2.57
371,0.08,0.07,0.98,-11.12,13.79,3.4
372,0.05,0.07,0.97,-12.28,15.0,4.76
373,0.04,0.07,0.98,-13.9,15.54,6.56
374,0.04,0.08,0.98,-15.63,17.21,9.55
375,0.04,0.08,0.97,-18.57,20.94,13.13
376,0.03,0.08,0.97,-21.57,25.55,17.17
377,0.05,0.07,0.97,-24.28,27.93,19.76
378,0.04,0.07,0.98,-26.29,29.91,21.88
379,0.05,0.08,0.99,-26.55,29.6,19.37
380,0.08,0.06,0.99,-23.17,24.23,11.92
381,0.06,0.05,1.01,-15.47,15.3,2.92
382,0.06,0.03,1.03,-5.58,4.62,-7.32
383,0.04,0.02,1.04,3.04,-2.63,-14.66
384,0.02,0.03,1.03,7.6,-4.58,-17.5
385,0.0,0.02,1.0,8.92,-2.39,-16.36
386,-0.01,0.03,0.99,7.82,-0.44,-13.04
387,-0.01,0.03,0.99,5.6,2.49,-8.66
388,-0.01,0.03,0.98,2.76,5.11,-4.07
389,0.0,0.04,0.98,0.24,6.76,-0.99
390,0.01,0.04,0.97,-1.37,7.21,0.43
391,0.03,0.05,0.97,-1.82,6.46,1.08
392,0.04,0.06,0.97,-1.89,4.87,0.67
393,0.03,0.07,0.96,-2.15,3.01,-0.6
394,0.04,0.07,0.96,-2.92,1.57,-1.8
395,0.04,0.07,0.96,-3.12,1.38,-2.56
396,0.03,0.06,0.98,-3.16,0.9,-3.02
397,0.03,0.06,0.98,-3.11,1.53,-2.69
398,0.03,0.04,0.99,-3.06,2.46,-3.18
399,0.01,0.04,0.99,-2.88,2.19,-2.6
400,0.0,0.04,0.98,-2.93,1.44,-2.11
