,accel_x,accel_y,accel_z,gyro_x,gyro_y,gyro_z
0,0.02,-0.02,0.98,0.55,0.92,5.16
1,0.01,0.0,0.96,0.47,0.56,8.27
2,-0.01,0.01,0.98,-1.53,-1.5,10.76
3,0.04,0.0,0.98,-3.13,-4.56,10.34
4,0.06,-0.01,0.96,-4.09,1.6,1.63
5,0.02,0.01,0.96,-5.01,3.31,0.95
6,0.01,-0.0,0.96,-5.16,2.0,-0.94
7,-0.01,0.0,0.96,-4.0,-0.13,-0.61
8,-0.01,-0.01,0.95,-3.85,-1.6,0.59
9,0.03,0.0,0.96,-5.41,-2.19,-0.4
10,0.03,-0.01,0.97,-5.69,-1.46,-0.37
11,0.03,-0.01,0.98,-5.66,-1.92,-1.29
12,0.04,-0.02,1.0,-4.83,-2.9,-0.97
13,0.03,-0.01,1.0,-3.16,-2.76,-1.42
14,0.03,-0.02,1.01,-2.25,-3.2,-2.81
15,0.03,-0.02,1.01,-1.82,-3.97,-4.88
16,0.02,-0.01,1.01,-1.51,-2.7,-3.24
17,0.03,-0.01,1.01,-1.39,-2.41,-2.29
18,0.02,-0.01,1.0,-0.47,-2.14,-0.63
19,0.03,-0.0,1.0,-0.63,-2.46,-0.1
20,0.02,-0.0,0.99,-1.04,-2.57,-0.4
21,0.03,0.0,0.98,-1.35,-3.67,-1.4
22,0.03,-0.01,0.98,-1.48,-3.14,-1.69
23,0.02,-0.02,0.99,-0.96,-4.23,-2.06
24,0.02,-0.02,0.99,-0.62,-3.95,-1.56
25,0.01,-0.01,0.97,-0.63,-2.72,0.37
26,0.02,-0.02,0.97,-1.5,-3.99,-0.89
27,0.02,-0.02,0.97,-2.15,-3.35,-0.47
28,0.01,-0.01,0.96,-3.03,-3.83,-0.12
29,0.0,-0.01,0.97,-3.94,-3.22,0.08
30,0.01,-0.02,0.97,-4.26,-1.78,1.47
31,0.01,-0.02,0.98,-4.1,-1.4,3.02
32,0.0,-0.03,0.97,-4.1,-1.4,3.45
33,0.02,-0.02,0.98,-4.31,-1.22,3.87
34,0.03,-0.01,0.99,-4.04,-1.03,4.11
35,0.04,-0.02,1.0,-3.1,-1.46,4.27
36,0.03,-0.02,1.0,-1.82,-1.08,4.72
37,0.03,-0.02,1.02,-0.62,-0.9,4.37
38,0.03,-0.02,1.02,0.85,-1.52,3.15
39,0.04,-0.02,1.01,2.7,-1.76,3.4
40,0.05,-0.01,1.0,3.09,-1.47,2.49
41,0.05,-0.01,1.01,3.18,-1.02,1.83
42,0.05,0.0,0.99,2.95,-0.83,2.14
43,0.05,0.0,0.99,2.07,-1.17,1.21
44,0.05,0.0,0.99,1.51,-1.27,1.19
45,0.04,0.01,0.98,0.23,-0.95,1.04
46,0.05,0.01,0.98,-0.82,-0.74,1.12
47,0.05,0.0,0.98,-1.8,-0.96,0.69
48,0.04,0.01,0.97,-2.52,-0.76,0.11
49,0.05,0.0,0.99,-2.66,-1.58,-0.06
50,0.05,0.0,0.99,-2.92,-1.91,-0.48
51,0.05,0.01,1.0,-2.54,-1.89,-0.87
52,0.05,-0.0,0.99,-2.28,-1.59,-0.89
53,0.07,-0.0,1.0,-2.1,-0.47,-0.34
54,0.06,0.01,0.99,-1.37,0.15,0.03
55,0.05,0.0,0.99,-1.55,-1.88,-1.26
56,0.05,0.0,0.99,-1.51,-2.02,-2.63
57,0.05,0.0,0.99,-2.27,-1.95,-2.83
58,0.05,0.01,0.98,-3.69,-1.91,-3.57
59,0.05,0.0,0.99,-4.1,-2.44,-2.92
60,0.05,0.01,0.99,-4.31,-1.92,-3.71
61,0.05,-0.0,0.99,-4.16,-2.28,-4.53
62,0.04,-0.0,0.99,-3.95,-2.34,-4.79
63,0.04,-0.0,0.99,-4.02,-2.21,-4.85
64,0.05,-0.01,1.0,-4.04,-2.07,-4.5
65,0.05,-0.0,0.99,-4.61,-0.69,-3.79
66,0.04,-0.01,1.0,-4.6,0.08,-3.43
67,0.03,-0.01,1.0,-4.5,-0.37,-3.6
68,0.03,-0.01,0.99,-4.01,-0.08,-3.76
69,0.04,-0.01,1.0,-3.7,0.11,-4.04
70,0.04,-0.01,1.01,-2.99,0.44,-3.92
71,0.03,-0.01,0.99,-2.38,-0.14,-4.41
72,0.02,0.0,0.98,-2.0,-0.82,-4.18
73,0.03,0.01,0.97,-2.95,-0.56,-4.15
74,0.02,0.01,0.97,-3.77,-0.27,-3.8
75,0.02,0.01,0.96,-3.85,-0.79,-4.01
76,0.02,0.0,0.98,-4.85,-0.37,-4.07
77,0.03,0.0,0.97,-5.39,0.66,-3.44
78,0.02,0.0,0.97,-5.23,1.17,-2.37
79,0.02,-0.01,0.99,-4.73,2.66,-1.37
80,0.02,-0.01,0.99,-3.93,3.52,-0.38
81,0.02,0.0,0.99,-3.56,4.07,-0.15
82,0.03,0.0,0.98,-3.11,3.46,-0.62
83,0.02,0.01,0.97,-2.85,3.0,-1.13
84,0.02,0.01,0.97,-2.9,2.14,-2.0
85,0.0,0.0,0.97,-3.22,1.11,-2.45
86,0.01,0.01,0.96,-3.38,0.33,-2.95
87,0.01,0.0,0.96,-3.86,-0.26,-2.73
88,0.01,-0.0,0.95,-4.56,-0.73,-2.35
89,0.01,-0.01,0.96,-5.81,-1.69,-2.34
90,0.01,-0.0,0.96,-7.11,-2.66,-2.24
91,0.01,-0.01,0.97,-7.98,-3.3,-1.49
92,0.02,-0.02,0.97,-8.53,-2.82,-0.42
93,0.02,-0.01,0.99,-9.18,-2.34,0.11
94,0.02,-0.02,0.99,-8.66,-2.4,0.46
95,0.03,-0.02,0.97,-8.66,-2.59,0.72
96,0.06,-0.02,0.99,-8.5,-1.1,1.34
97,0.04,-0.02,0.99,-8.46,-1.69,0.37
98,0.04,-0.01,0.99,-8.54,-3.41,-0.4
99,0.05,-0.03,0.99,-8.79,-3.31,-1.74
100,0.04,-0.02,0.99,-9.06,-3.56,-2.32
101,0.05,-0.02,0.99,-8.92,-4.14,-2.5
102,0.04,-0.03,0.98,-9.31,-5.04,-2.63
103,0.04,-0.03,0.97,-10.54,-4.79,-2.2
104,0.02,-0.05,0.99,-10.58,-6.11,-1.89
105,-0.01,0.01,0.93,-16.98,-6.37,-7.79
106,0.04,-0.04,0.99,-11.11,-6.26,-2.14
107,0.02,-0.07,1.02,-9.95,-5.75,-1.09
108,0.02,-0.06,1.03,-8.31,-3.92,0.27
109,0.03,-0.08,1.03,-6.12,-2.76,1.78
110,0.04,-0.08,1.03,-4.76,-2.03,2.37
111,0.04,-0.07,1.03,-4.1,-1.58,2.4
112,0.05,-0.07,1.03,-3.53,-1.62,2.82
113,0.07,-0.05,1.02,-2.11,-0.15,2.37
114,0.05,-0.06,1.03,-0.4,3.23,3.82
115,0.06,-0.05,1.03,-0.12,0.37,1.75
116,0.06,-0.05,1.03,1.27,3.02,1.63
117,0.05,-0.04,1.02,1.78,1.6,0.35
118,0.06,-0.04,1.0,2.31,1.82,-0.41
119,0.05,-0.03,0.99,2.23,1.51,-1.5
120,0.05,-0.02,0.97,1.62,0.56,-1.9
121,0.05,-0.02,0.96,0.81,-0.11,-2.15
122,0.04,-0.01,0.95,-0.67,-0.19,-2.63
123,0.03,-0.01,0.95,-1.94,-0.76,-2.43
124,0.03,-0.01,0.95,-2.71,-0.86,-2.38
125,0.02,-0.01,0.95,-3.65,-1.76,-2.07
126,0.03,-0.0,0.95,-4.6,-1.96,-2.18
127,0.03,-0.01,0.94,-5.43,-2.98,-2.26
128,0.02,0.0,0.94,-6.78,-3.7,-2.57
129,0.02,-0.0,0.95,-7.91,-4.43,-2.11
130,0.02,-0.0,0.94,-9.6,-4.66,-2.27
131,0.01,0.01,0.95,-11.18,-5.48,-1.82
132,0.01,0.0,0.93,-11.94,-4.9,-0.65
133,0.01,0.0,0.95,-13.84,-4.85,-1.0
134,-0.0,-0.01,0.97,-14.2,-5.72,0.15
135,0.02,0.01,0.98,-14.8,-4.35,0.8
136,0.0,0.02,0.99,-16.09,-2.25,2.06
137,-0.0,0.02,1.01,-18.24,-0.35,3.66
138,0.02,0.06,1.02,-23.92,1.06,2.93
139,0.01,0.08,1.09,-31.09,3.55,3.66
140,0.01,0.04,1.21,-36.44,3.41,7.02
141,0.07,-0.02,1.37,-39.34,3.73,11.81
142,0.18,-0.08,1.55,-39.57,6.05,15.33
143,0.32,-0.12,1.72,-35.47,16.59,18.14
144,0.38,-0.15,1.81,-26.23,26.53,12.47
145,0.38,-0.17,1.93,-8.5,30.04,6.37
146,0.36,-0.12,1.99,7.88,26.27,-5.68
147,0.35,-0.09,2.0,20.73,29.31,-17.94
148,0.27,-0.13,2.0,36.44,31.07,-28.87
149,0.16,-0.22,2.0,58.35,34.77,-32.93
150,0.07,-0.24,2.0,79.07,33.6,-37.15
151,-0.02,-0.23,2.0,96.66,36.58,-38.48
152,-0.12,-0.21,2.0,111.6,38.44,-37.49
153,-0.19,-0.2,1.94,122.19,37.64,-35.07
154,-0.21,-0.19,1.87,127.87,38.98,-31.17
155,-0.22,-0.18,1.85,132.01,40.15,-25.8
156,-0.2,-0.16,1.82,134.56,44.94,-18.91
157,-0.18,-0.12,1.77,136.35,50.7,-13.63
158,-0.16,-0.09,1.7,138.21,55.66,-11.4
159,-0.14,-0.07,1.66,141.1,56.69,-13.08
160,-0.1,-0.09,1.69,147.39,63.27,-17.31
161,-0.09,-0.14,1.67,163.63,69.76,-20.46
162,-0.08,-0.16,1.6,180.76,78.15,-24.48
163,-0.07,-0.16,1.43,197.72,84.35,-27.4
164,-0.05,-0.13,1.22,209.56,90.62,-29.19
165,-0.03,-0.09,0.99,213.91,98.3,-32.87
166,-0.06,-0.04,0.73,214.21,97.71,-36.26
167,-0.07,-0.0,0.52,205.21,95.53,-42.23
168,-0.15,0.05,0.31,189.12,88.35,-51.05
169,-0.26,0.06,0.17,171.82,76.83,-55.21
170,-0.34,0.06,0.09,153.31,63.16,-53.69
171,-0.35,0.11,-0.0,131.13,51.77,-49.63
172,-0.31,0.15,-0.06,105.11,45.68,-45.1
173,-0.32,0.17,-0.08,79.31,38.53,-38.67
174,-0.28,0.2,-0.1,53.76,33.92,-31.23
175,-0.28,0.23,-0.04,31.18,26.03,-27.99
176,-0.26,0.25,0.05,14.34,23.4,-22.44
177,-0.18,0.24,0.1,1.22,23.56,-16.53
178,-0.17,0.22,0.14,-6.64,24.46,-12.79
179,-0.19,0.2,0.18,-8.57,23.16,-9.79
180,-0.15,0.19,0.18,-8.76,19.95,-7.14
181,-0.11,0.18,0.16,-9.92,17.81,-5.76
182,-0.08,0.2,0.16,-12.87,18.57,-4.44
183,-0.06,0.23,0.14,-17.62,20.95,-4.4
184,-0.09,0.27,0.15,-22.48,22.33,-4.84
185,-0.19,0.28,0.18,-24.1,19.46,-8.47
186,-0.32,0.24,0.18,-19.68,8.14,-11.57
187,-0.42,0.23,0.23,-13.08,-6.42,-12.8
188,-0.46,0.21,0.27,-5.2,-23.37,-11.23
189,-0.44,0.22,0.29,0.89,-32.31,-6.03
190,-0.41,0.28,0.31,5.19,-35.74,3.04
191,-0.33,0.37,0.32,4.07,-35.33,11.93
192,-0.27,0.44,0.31,0.32,-31.73,21.72
193,-0.2,0.5,0.32,-5.08,-29.27,30.03
194,-0.13,0.55,0.33,-10.83,-27.47,32.99
195,-0.08,0.58,0.34,-15.36,-28.09,32.88
196,-0.04,0.63,0.37,-20.11,-36.02,27.32
197,0.01,0.63,0.42,-20.47,-42.1,21.63
198,0.06,0.64,0.47,-22.89,-47.77,12.5
199,0.12,0.62,0.53,-22.66,-47.53,4.57
200,0.11,0.6,0.57,-21.96,-44.71,-2.24
201,0.08,0.57,0.59,-20.04,-42.26,-5.84
202,0.05,0.56,0.6,-18.62,-39.7,-8.84
203,0.05,0.53,0.61,-17.11,-36.99,-8.93
204,0.05,0.49,0.65,-11.82,-33.66,-5.55
205,0.01,0.51,0.61,-14.21,-33.23,-10.55
206,-0.02,0.49,0.63,-12.31,-30.44,-10.43
207,-0.02,0.46,0.64,-9.57,-27.02,-9.01
208,-0.03,0.45,0.63,-7.66,-24.02,-8.55
209,-0.08,0.46,0.62,-5.36,-22.79,-8.33
210,-0.09,0.46,0.59,-3.28,-24.78,-7.99
211,-0.09,0.48,0.58,-3.34,-26.25,-7.86
212,-0.1,0.49,0.58,-4.49,-26.63,-7.82
213,-0.11,0.49,0.58,-6.03,-25.61,-5.49
214,-0.09,0.46,0.61,-8.52,-20.16,-2.9
215,-0.11,0.44,0.63,-9.85,-15.92,-1.02
216,-0.12,0.44,0.64,-9.84,-13.45,1.15
217,-0.15,0.41,0.66,-8.54,-13.61,3.24
218,-0.15,0.39,0.66,-7.35,-14.47,3.49
219,-0.14,0.39,0.66,-7.06,-15.31,4.18
220,-0.13,0.37,0.69,-8.16,-13.82,5.33
221,-0.14,0.34,0.71,-8.3,-10.59,6.58
222,-0.14,0.34,0.73,-8.54,-9.24,6.14
223,-0.13,0.33,0.74,-7.37,-8.08,6.65
224,-0.11,0.32,0.73,-5.89,-6.69,6.32
225,-0.14,0.29,0.71,-4.85,-8.44,3.37
226,-0.19,0.29,0.71,-4.49,-10.9,2.62
227,-0.2,0.33,0.72,-6.67,-11.21,7.02
228,-0.19,0.39,0.73,-12.17,-7.45,14.0
229,-0.18,0.44,0.74,-19.76,-1.0,21.27
230,-0.13,0.47,0.77,-26.97,6.79,26.73
231,-0.09,0.51,0.81,-32.91,13.54,27.15
232,-0.11,0.51,0.78,-35.33,15.06,23.34
233,-0.15,0.49,0.78,-35.29,10.11,17.91
234,-0.21,0.47,0.81,-34.72,2.82,11.78
235,-0.24,0.43,0.84,-33.26,-5.11,4.73
236,-0.29,0.4,0.87,-30.6,-11.27,2.36
237,-0.3,0.39,0.9,-29.49,-17.22,2.93
238,-0.26,0.42,0.9,-31.14,-16.73,6.66
239,-0.23,0.47,0.9,-35.59,-13.19,12.6
240,-0.14,0.48,0.91,-41.85,-6.96,18.34
241,-0.04,0.51,0.91,-48.09,-0.92,17.91
242,-0.04,0.52,0.91,-52.0,2.18,15.42
243,-0.04,0.5,0.92,-54.51,2.5,10.05
244,-0.1,0.45,0.94,-54.56,-1.25,2.95
245,-0.15,0.39,0.97,-52.13,-6.39,0.07
246,-0.15,0.36,0.98,-51.8,-7.23,-2.04
247,-0.16,0.33,1.03,-51.32,-5.23,-1.25
248,-0.15,0.3,1.04,-49.05,-5.7,-1.61
249,-0.16,0.29,1.04,-45.75,-7.92,-2.31
250,-0.16,0.29,1.02,-44.46,-10.62,-3.9
251,-0.15,0.29,1.04,-43.4,-11.53,-4.67
252,-0.14,0.29,1.03,-43.45,-11.21,-4.73
253,-0.14,0.27,1.06,-43.86,-8.37,-4.02
254,-0.17,0.25,1.07,-42.08,-8.42,-3.53
255,-0.14,0.25,1.08,-39.66,-7.85,-2.77
256,-0.13,0.26,1.08,-38.44,-7.92,-3.3
257,-0.13,0.26,1.11,-35.38,-9.28,-4.01
258,-0.12,0.25,1.09,-32.85,-9.63,-5.17
259,-0.12,0.23,1.08,-29.88,-9.25,-4.73
260,-0.1,0.23,1.07,-28.97,-7.36,-3.15
261,-0.08,0.23,1.04,-29.53,-3.03,-1.31
262,-0.08,0.22,1.03,-30.35,2.06,0.07
263,-0.12,0.2,1.01,-28.38,2.14,1.86
264,-0.13,0.18,0.98,-28.44,2.05,3.02
265,-0.17,0.17,0.95,-30.96,1.83,4.76
266,-0.19,0.16,0.99,-33.47,1.87,7.76
267,-0.21,0.15,0.99,-34.53,1.02,10.07
268,-0.21,0.14,1.0,-32.79,-0.97,12.27
269,-0.17,0.13,1.02,-30.44,-2.18,13.46
270,-0.11,0.13,1.02,-26.36,-2.23,13.88
271,-0.1,0.14,0.99,-23.09,-0.32,13.17
272,-0.12,0.14,0.96,-20.08,-2.58,11.13
273,-0.15,0.15,0.92,-18.26,-6.08,10.36
274,-0.2,0.17,0.9,-19.33,-11.25,9.93
275,-0.21,0.21,0.92,-21.25,-14.47,12.6
276,-0.21,0.24,0.92,-25.5,-14.48,16.37
277,-0.17,0.25,0.95,-29.63,-13.55,19.43
278,-0.17,0.27,0.98,-32.69,-15.47,20.68
279,-0.09,0.28,1.03,-33.67,-17.03,20.02
280,-0.03,0.28,1.06,-32.26,-16.45,17.0
281,-0.02,0.26,1.08,-27.62,-17.79,12.79
282,-0.0,0.26,1.09,-22.74,-17.73,9.06
283,-0.02,0.27,1.06,-19.76,-16.56,5.93
284,-0.03,0.27,1.02,-18.88,-15.68,4.21
285,-0.05,0.28,1.01,-20.73,-14.35,3.32
286,-0.05,0.29,0.99,-23.3,-13.28,2.77
287,-0.09,0.28,0.98,-26.29,-13.81,1.76
288,-0.1,0.26,0.98,-28.69,-15.98,1.31
289,-0.07,0.25,1.01,-30.46,-17.0,1.73
290,-0.06,0.23,1.03,-30.89,-15.53,2.11
291,-0.06,0.21,1.05,-31.42,-15.5,1.12
292,-0.06,0.22,1.06,-31.21,-14.99,0.4
293,-0.04,0.21,1.08,-30.07,-12.12,-0.5
294,-0.04,0.22,1.08,-27.49,-9.47,-1.72
295,-0.05,0.22,1.09,-25.95,-8.63,-3.69
296,-0.03,0.22,1.09,-24.92,-7.1,-5.57
297,-0.04,0.22,1.07,-24.07,-6.69,-8.17
298,-0.07,0.21,1.07,-23.08,-6.27,-9.64
299,-0.07,0.19,1.07,-21.31,-6.32,-9.88
300,-0.06,0.18,1.07,-20.13,-5.64,-10.77
301,-0.08,0.17,1.05,-19.48,-3.85,-9.76
302,-0.09,0.15,1.04,-18.84,-2.03,-8.95
303,-0.1,0.14,1.04,-18.15,-1.1,-7.23
304,-0.09,0.13,1.03,-17.28,-0.52,-5.96
305,-0.07,0.13,1.03,-15.63,-0.35,-6.02
306,-0.08,0.13,1.01,-13.72,-1.65,-6.08
307,-0.08,0.13,0.99,-12.34,-3.32,-5.76
308,-0.07,0.11,0.99,-11.76,-4.71,-5.99
309,-0.07,0.1,0.99,-11.36,-5.02,-5.81
310,-0.06,0.1,0.99,-10.77,-5.01,-5.22
311,-0.07,0.1,0.97,-9.51,-7.85,-4.33
312,-0.07,0.1,0.97,-9.79,-8.69,-3.36
313,-0.06,0.13,0.94,-12.53,-9.09,-2.59
314,-0.06,0.16,0.92,-18.33,-9.28,-2.25
315,-0.06,0.15,0.94,-23.89,-7.96,-1.24
316,-0.07,0.16,0.99,-28.76,-7.53,-1.69
317,-0.11,0.16,1.01,-34.11,-8.37,-2.61
318,-0.15,0.13,1.08,-36.1,-11.75,-2.82
319,-0.16,0.1,1.15,-34.46,-13.25,-2.49
320,-0.16,0.07,1.2,-30.6,-13.01,-1.09
321,-0.16,0.03,1.22,-25.73,-12.5,-0.14
322,-0.16,-0.01,1.23,-19.76,-11.25,2.65
323,-0.14,-0.03,1.21,-14.55,-9.75,5.59
324,-0.11,-0.03,1.2,-9.02,-7.15,9.19
325,-0.05,-0.03,1.15,-5.08,-4.96,11.15
326,0.0,-0.01,1.1,-3.2,-1.86,11.92
327,0.04,0.01,1.07,-1.44,0.14,10.89
328,0.06,0.03,1.04,-0.27,1.94,9.68
329,0.09,0.04,1.0,-0.01,4.38,7.84
330,0.09,0.05,0.96,-0.11,6.5,5.81
331,0.08,0.06,0.94,-0.39,8.34,3.8
332,0.05,0.07,0.9,-1.69,8.69,2.25
333,0.0,0.08,0.87,-3.44,7.18,0.0
334,-0.03,0.09,0.86,-4.93,4.25,-2.11
335,-0.05,0.09,0.87,-6.1,1.26,-3.29
336,-0.06,0.11,0.88,-8.88,-0.02,-3.21
337,-0.06,0.12,0.9,-12.43,0.71,-2.6
338,-0.06,0.12,0.93,-15.38,1.73,-1.54
339,-0.06,0.12,0.97,-17.63,1.34,-1.02
340,-0.05,0.12,1.0,-17.86,1.67,-1.75
341,-0.07,0.12,1.03,-17.47,0.02,-3.37
342,-0.1,0.11,1.06,-15.41,-3.44,-3.95
343,-0.13,0.08,1.07,-12.85,-7.23,-2.5
344,-0.1,0.08,1.09,-11.34,-7.73,-0.62
345,-0.09,0.07,1.1,-9.71,-6.84,1.9
346,-0.07,0.06,1.09,-8.44,-6.32,4.09
347,-0.05,0.06,1.07,-7.37,-5.34,5.79
348,-0.03,0.04,1.05,-5.91,-4.44,6.64
349,0.01,0.04,1.04,-4.04,-4.1,7.16
350,0.03,0.04,1.02,-2.92,-3.5,5.35
351,0.04,0.04,1.0,-1.84,-2.35,2.4
352,0.05,0.04,0.99,-0.6,-2.47,0.08
353,0.04,0.04,0.96,-0.12,-1.59,-1.92
354,0.02,0.04,0.97,-1.31,-1.05,-2.99
355,-0.0,0.04,0.95,-2.89,0.06,-3.03
356,-0.0,0.05,0.96,-5.08,1.08,-2.99
357,-0.01,0.05,0.97,-7.1,2.52,-2.56
358,-0.02,0.04,0.97,-8.54,3.55,-1.69
359,-0.03,0.04,0.97,-9.9,4.23,-0.63
360,-0.05,0.04,1.0,-10.41,4.28,0.31
361,-0.07,0.04,1.0,-10.37,4.44,1.14
362,-0.08,0.03,1.0,-9.63,3.02,1.32
363,-0.07,0.03,1.01,-8.03,1.48,1.11
364,-0.08,0.03,1.01,-5.75,-0.72,0.73
365,-0.1,0.03,0.99,-4.49,-3.18,1.14
366,-0.08,0.03,0.99,-4.12,-5.98,2.92
367,-0.04,0.05,0.99,-4.83,-6.3,3.27
368,-0.02,0.05,1.01,-5.59,-4.21,4.53
369,-0.01,0.04,1.01,-5.82,-2.4,5.05
370,0.03,0.05,1.02,-5.45,-1.65,3.6
371,0.05,0.05,1.04,-3.92,0.31,0.68
372,0.04,0.05,1.03,-1.43,0.78,-2.1
373,0.02,0.05,1.03,0.85,-0.34,-4.31
374,0.02,0.05,1.02,2.17,-1.05,-4.96
375,0.01,0.06,1.02,2.48,1.19,-5.66
376,-0.01,0.06,1.01,2.35,2.13,-5.64
377,-0.02,0.06,0.99,2.23,2.53,-5.73
378,-0.02,0.07,0.97,0.74,2.59,-6.01
379,-0.02,0.07,0.97,-0.36,2.59,-6.61
380,-0.02,0.07,0.96,-1.28,2.36,-7.46
381,-0.03,0.06,0.96,-2.27,1.93,-7.78
382,-0.03,0.07,0.95,-3.63,1.02,-9.41
383,-0.02,0.07,0.95,-4.5,-0.86,-12.08
384,-0.03,0.07,0.95,-4.76,-2.9,-15.3
385,-0.04,0.06,0.94,-5.65,-4.73,-17.32
386,-0.04,0.06,0.93,-8.18,-5.19,-17.29
387,-0.07,0.01,0.93,-8.72,-5.7,-16.08
388,-0.07,0.03,0.96,-10.92,-6.53,-14.85
389,-0.08,0.02,0.98,-10.96,-5.51,-12.03
390,-0.09,0.02,1.0,-10.69,-2.63,-8.92
391,-0.08,0.01,1.02,-9.74,-1.08,-6.62
392,-0.06,-0.0,1.03,-6.28,-1.32,-3.97
393,-0.05,0.01,1.01,-4.69,-1.56,-3.19
394,-0.05,0.01,1.02,-3.15,-1.15,-2.5
395,-0.05,0.01,1.01,-2.6,-1.27,-2.66
396,-0.03,0.02,1.0,-2.09,-1.64,-2.91
397,-0.03,0.01,1.0,-2.34,-0.95,-3.15
398,-0.03,0.02,0.99,-2.3,-1.09,-3.71
399,-0.03,0.02,1.0,-2.37,-0.95,-4.47
