,accel_x,accel_y,accel_z,gyro_x,gyro_y,gyro_z
0,0.03,0.02,0.99,-5.41,-1.63,-3.86
1,0.04,0.02,1.02,-4.41,-1.18,-3.15
2,0.06,0.02,1.01,-3.76,-1.67,-4.09
3,0.06,0.01,1.02,-2.95,-0.67,-4.53
4,0.04,0.01,1.0,-1.35,0.54,-3.73
5,0.04,0.01,0.99,-0.49,-0.5,-2.82
6,0.06,0.03,0.97,-1.42,0.25,-3.59
7,0.06,0.02,0.98,-0.87,0.02,-4.06
8,0.05,0.03,0.97,-1.79,0.5,-4.07
9,0.03,0.03,0.99,-2.22,-0.07,-3.53
10,0.03,0.03,0.99,-2.2,-0.22,-2.85
11,0.05,0.03,0.98,-2.77,-0.7,-3.33
12,0.03,0.03,0.97,-2.93,-0.88,-3.93
13,0.03,0.03,0.99,-2.82,-1.12,-3.22
14,0.04,0.03,0.99,-3.35,-1.14,-2.75
15,0.05,0.03,0.98,-3.81,0.15,-2.08
16,0.06,0.03,0.99,-3.21,0.55,-1.89
17,0.04,0.03,0.98,-3.19,0.1,-3.24
18,0.04,0.03,0.98,-2.81,-1.18,-3.59
19,0.03,0.04,0.96,-3.03,-2.21,-4.03
20,0.04,0.04,0.96,-3.26,-2.41,-4.1
21,0.04,0.04,0.96,-4.63,-1.68,-3.95
22,0.04,0.04,0.97,-4.79,-1.15,-3.9
23,0.05,0.03,0.97,-5.9,-1.11,-3.21
24,0.05,0.02,0.97,-5.91,-1.23,-2.55
25,0.05,0.02,0.99,-5.9,-0.53,-2.56
26,0.05,0.02,0.99,-5.76,-0.08,-1.89
27,0.05,0.02,0.99,-4.97,0.15,-1.55
28,0.05,0.02,1.01,-4.15,1.09,-1.41
29,0.05,0.02,1.01,-3.37,0.93,-1.48
30,0.06,0.02,1.0,-2.66,1.02,-1.02
31,0.07,0.03,1.0,-2.75,0.79,-1.27
32,0.07,0.03,1.0,-3.31,1.08,-1.76
33,0.06,0.03,1.0,-3.32,0.96,-1.91
34,0.05,0.02,1.01,-2.05,1.27,-2.24
35,0.06,0.02,1.01,-0.53,1.27,-2.2
36,0.05,0.03,1.0,0.09,1.02,-2.39
37,0.05,0.03,0.98,0.18,1.19,-2.78
38,0.04,0.03,0.98,-0.14,0.87,-3.01
39,0.04,0.03,0.96,-0.69,0.61,-2.88
40,0.04,0.03,0.97,-1.02,0.36,-3.2
41,0.04,0.03,0.98,-1.95,-0.05,-3.69
42,0.02,0.03,0.97,-2.65,-0.76,-3.49
43,0.02,0.03,0.96,-3.66,-1.95,-2.98
44,0.03,0.02,0.98,-4.21,-2.07,-2.35
45,0.03,0.02,0.98,-4.56,-1.5,-1.33
46,0.04,0.02,0.98,-4.91,-1.4,-0.87
47,0.04,0.02,0.99,-4.5,-1.14,-1.08
48,0.03,0.03,0.98,-3.95,-2.33,-1.6
49,0.05,0.02,0.99,-4.29,-3.52,-2.24
50,0.05,0.03,0.98,-4.43,-3.83,-3.13
51,0.05,0.02,1.0,-3.82,-3.51,-3.91
52,0.05,0.02,1.0,-3.3,-3.07,-3.36
53,0.06,0.03,0.99,-3.2,-2.47,-2.98
54,0.04,0.03,0.99,-3.42,-1.6,-2.56
55,0.05,0.03,0.97,-4.07,-1.68,-2.37
56,0.04,0.02,0.98,-4.73,-1.37,-1.63
57,0.04,0.02,0.98,-5.33,-1.11,-0.47
58,0.06,0.02,0.98,-5.48,-0.24,-0.09
59,0.05,0.02,0.98,-5.69,-1.02,-0.53
60,0.04,0.01,0.97,-5.89,-1.74,-0.64
61,0.05,0.01,0.98,-6.11,-2.21,-1.37
62,0.04,0.02,0.98,-6.47,-2.72,-1.4
63,0.06,0.02,1.0,-6.99,-1.98,-1.37
64,0.04,0.01,1.0,-7.27,-1.16,-0.64
65,0.04,0.02,0.99,-7.44,-1.14,0.08
66,0.05,0.01,1.0,-7.34,-0.46,1.37
67,0.06,0.01,1.01,-6.6,0.82,1.99
68,0.06,0.02,1.0,-5.74,1.35,1.85
69,0.05,0.02,1.0,-5.11,0.63,1.25
70,0.07,0.02,0.99,-4.84,-0.15,0.7
71,0.06,0.03,0.97,-4.82,0.67,0.71
72,0.07,0.04,0.98,-5.32,0.02,-0.34
73,0.07,0.02,0.97,-5.83,0.38,-0.11
74,0.07,0.02,0.97,-6.22,1.66,-0.06
75,0.07,0.02,0.97,-6.31,2.98,-0.61
76,0.04,0.02,0.95,-14.34,-0.67,-0.66
77,0.07,0.03,0.95,-9.85,2.81,2.07
78,0.06,0.01,1.0,-13.89,6.61,1.79
79,0.04,-0.01,1.01,-15.95,4.07,2.37
80,0.06,-0.0,0.99,-15.05,6.74,4.23
81,0.05,0.01,0.98,-16.89,8.55,4.24
82,0.03,-0.0,1.0,-16.5,8.92,3.39
83,0.03,0.0,1.0,-16.08,8.34,2.68
84,0.04,-0.01,1.01,-14.51,6.29,2.12
85,0.04,-0.01,1.0,-13.08,5.66,1.53
86,0.04,-0.02,1.0,-11.22,3.76,-0.13
87,0.03,-0.02,1.02,-9.1,1.06,-1.99
88,0.02,-0.02,1.0,-7.38,-1.56,-3.22
89,0.03,-0.02,1.0,-5.53,-3.26,-4.39
90,0.04,-0.02,0.99,-5.47,-3.63,-4.76
91,0.04,-0.03,0.99,-5.71,-2.89,-4.67
92,0.04,-0.02,1.0,-5.92,-2.32,-4.27
93,0.04,-0.02,0.99,-6.35,-1.38,-3.64
94,0.03,-0.01,0.98,-6.07,-1.23,-3.36
95,0.03,-0.0,0.98,-6.68,-1.87,-3.47
96,0.03,0.0,0.97,-6.21,-1.95,-3.64
97,0.03,0.0,0.97,-6.08,-2.48,-3.77
98,0.03,0.0,0.97,-6.22,-2.52,-3.44
99,0.03,0.01,0.95,-6.4,-3.19,-4.05
100,0.03,0.02,0.95,-7.15,-3.32,-4.45
101,0.05,0.03,0.95,-8.31,-3.6,-5.21
102,0.06,0.02,0.94,-10.18,-1.9,-5.73
103,0.06,0.01,0.95,-11.18,-1.17,-6.06
104,0.05,-0.0,0.96,-11.82,-0.53,-6.32
105,0.05,-0.02,0.96,-11.57,-2.2,-5.57
106,0.04,-0.02,0.95,-12.49,-4.6,-6.27
107,0.04,-0.01,0.96,-13.5,-5.89,-6.44
108,0.05,-0.02,0.96,-15.74,-5.47,-6.55
109,0.05,-0.02,0.96,-16.9,-5.19,-6.09
110,0.06,-0.02,0.96,-19.42,-6.37,-6.37
111,0.07,-0.03,0.97,-20.25,-5.18,-5.23
112,0.07,-0.03,0.95,-22.85,-3.9,-4.64
113,0.07,-0.02,0.96,-26.17,-3.53,-4.6
114,0.09,-0.02,0.95,-29.56,-2.37,-5.46
115,0.07,-0.04,0.96,-30.48,-4.42,-6.46
116,0.07,-0.04,0.95,-32.27,-6.58,-7.16
117,0.06,-0.04,0.95,-34.47,-9.37,-8.73
118,0.08,-0.07,0.95,-34.31,-10.15,-9.22
119,0.09,-0.1,0.97,-36.73,-9.93,-9.63
120,0.1,-0.07,0.92,-45.14,-13.41,-12.48
121,0.1,-0.13,0.99,-42.98,-11.05,-10.49
122,0.07,-0.14,0.99,-43.76,-7.89,-10.32
123,0.08,-0.15,1.07,-43.37,-1.78,-8.81
124,0.06,-0.17,1.09,-39.12,4.1,-7.08
125,0.04,-0.19,1.14,-35.02,10.4,-2.83
126,0.04,-0.19,1.07,-29.04,10.34,-1.5
127,0.02,-0.18,1.07,-28.16,10.18,-1.29
128,0.01,-0.19,1.09,-24.53,7.69,-2.21
129,0.02,-0.18,1.1,-20.76,7.36,-3.34
130,0.02,-0.19,1.13,-15.81,8.89,-1.7
131,0.04,-0.18,1.15,-11.67,8.6,0.79
132,0.06,-0.16,1.18,-11.45,15.4,4.03
133,0.09,-0.13,1.19,-15.09,23.23,6.74
134,0.1,-0.13,1.26,-17.96,31.5,9.46
135,0.11,-0.14,1.33,-18.21,38.29,12.12
136,0.11,-0.14,1.42,-15.95,40.57,11.44
137,0.12,-0.14,1.47,-11.12,39.91,9.9
138,0.12,-0.14,1.56,-2.53,38.98,8.15
139,0.13,-0.16,1.64,6.85,33.75,0.4
140,0.12,-0.19,1.72,17.76,30.44,-6.19
141,0.07,-0.19,1.75,30.97,25.49,-14.12
142,-0.01,-0.2,1.81,41.39,23.5,-22.41
143,-0.16,-0.23,1.81,58.18,13.31,-30.18
144,-0.31,-0.23,1.78,73.97,-0.54,-33.44
145,-0.39,-0.22,1.77,86.32,-12.05,-28.2
146,-0.4,-0.19,1.74,93.63,-16.8,-19.78
147,-0.38,-0.16,1.72,95.15,-17.08,-10.46
148,-0.33,-0.13,1.71,94.43,-14.88,-2.99
149,-0.31,-0.12,1.71,94.13,-11.47,3.59
150,-0.28,-0.14,1.72,95.84,-6.4,10.43
151,-0.26,-0.13,1.7,97.8,-7.13,12.1
152,-0.26,-0.16,1.72,107.17,-14.02,11.02
153,-0.19,-0.18,1.73,120.0,-22.05,5.36
154,-0.12,-0.17,1.65,133.11,-31.66,-4.02
155,-0.08,-0.16,1.56,144.11,-35.95,-12.64
156,-0.05,-0.15,1.49,152.02,-34.35,-19.18
157,-0.05,-0.15,1.43,157.98,-27.74,-20.11
158,-0.04,-0.15,1.35,163.68,-15.17,-18.5
159,-0.05,-0.13,1.2,165.32,-5.19,-13.98
160,-0.05,-0.1,1.06,161.31,2.42,-10.78
161,-0.02,-0.04,0.92,152.61,7.46,-8.01
162,0.02,-0.01,0.84,142.75,15.71,-7.02
163,0.05,0.03,0.76,130.61,21.35,-8.76
164,0.08,0.03,0.74,123.63,26.36,-8.92
165,0.1,0.07,0.67,117.11,27.89,-13.75
166,0.08,0.08,0.6,113.95,26.95,-19.09
167,0.07,0.07,0.52,112.34,19.96,-24.78
168,0.07,0.08,0.49,108.76,14.6,-30.39
169,0.06,0.07,0.43,106.87,9.64,-31.24
170,0.03,0.07,0.35,103.05,12.21,-29.49
171,0.01,0.09,0.24,97.92,12.92,-25.69
172,-0.0,0.15,0.12,87.53,13.38,-21.09
173,-0.0,0.21,0.03,72.4,11.27,-17.07
174,0.03,0.25,-0.03,54.66,15.08,-12.8
175,0.04,0.25,-0.04,36.96,21.66,-8.14
176,0.03,0.29,-0.03,18.55,24.56,-4.47
177,0.05,0.29,-0.01,2.31,23.02,-3.78
178,0.06,0.3,0.05,-6.66,23.8,-1.64
179,0.05,0.31,0.1,-14.04,20.22,-1.17
180,0.03,0.32,0.13,-19.38,14.09,-3.11
181,0.0,0.3,0.18,-17.71,1.47,-4.61
182,-0.03,0.3,0.22,-22.66,-2.1,-6.95
183,-0.02,0.3,0.25,-21.76,-8.82,-6.57
184,-0.0,0.3,0.29,-20.47,-12.55,-4.5
185,0.02,0.31,0.34,-18.53,-16.91,-2.38
186,0.04,0.34,0.35,-17.79,-18.24,-0.15
187,0.04,0.37,0.35,-17.76,-19.62,1.69
188,0.04,0.39,0.36,-17.16,-22.56,3.39
189,0.06,0.4,0.37,-15.35,-25.46,4.76
190,0.1,0.42,0.37,-18.56,-29.57,3.48
191,0.14,0.43,0.39,-19.87,-32.22,1.77
192,0.14,0.44,0.41,-21.92,-35.63,-0.14
193,0.16,0.44,0.44,-22.97,-39.95,-1.27
194,0.18,0.42,0.49,-23.51,-39.29,-1.28
195,0.18,0.43,0.52,-24.7,-35.43,0.91
196,0.21,0.45,0.53,-26.81,-32.45,1.92
197,0.18,0.47,0.55,-28.64,-30.99,2.51
198,0.18,0.51,0.56,-35.86,-31.47,3.11
199,0.21,0.47,0.6,-33.15,-26.54,3.5
200,0.21,0.47,0.63,-35.29,-22.06,1.8
201,0.18,0.44,0.67,-34.09,-21.24,-0.44
202,0.16,0.4,0.72,-31.79,-23.32,-3.32
203,0.16,0.37,0.76,-26.37,-23.8,-3.1
204,0.17,0.35,0.76,-21.86,-21.26,-3.28
205,0.16,0.33,0.78,-18.06,-18.08,-4.88
206,0.12,0.3,0.8,-13.72,-14.38,-5.5
207,0.07,0.3,0.8,-9.24,-12.47,-4.65
208,0.04,0.29,0.79,-4.98,-9.33,-2.21
209,0.02,0.32,0.75,-4.24,-7.78,0.98
210,0.03,0.33,0.74,-6.66,-5.82,4.31
211,0.07,0.35,0.73,-10.96,-3.94,6.02
212,0.07,0.39,0.71,-16.63,-4.89,5.92
213,0.02,0.41,0.71,-21.06,-8.15,3.76
214,-0.01,0.4,0.78,-23.74,-12.04,4.77
215,0.01,0.37,0.81,-25.72,-11.87,6.58
216,0.03,0.35,0.84,-26.93,-7.19,8.5
217,0.0,0.34,0.84,-27.31,-4.07,10.42
218,-0.0,0.32,0.85,-26.92,-5.37,12.08
219,-0.01,0.3,0.86,-25.24,-8.35,12.98
220,0.04,0.31,0.87,-24.03,-11.83,11.79
221,0.04,0.3,0.85,-25.09,-14.19,10.0
222,0.06,0.29,0.87,-25.17,-17.02,9.58
223,0.09,0.33,0.87,-27.76,-17.5,10.65
224,0.16,0.37,0.86,-34.13,-11.72,11.06
225,0.17,0.39,0.88,-39.97,-4.79,9.9
226,0.14,0.38,0.9,-45.24,-1.76,8.11
227,0.11,0.35,0.94,-46.22,-5.12,6.82
228,0.09,0.33,0.96,-46.33,-9.99,3.98
229,0.09,0.3,0.99,-45.16,-14.29,2.95
230,0.06,0.25,1.03,-42.92,-16.69,2.44
231,0.09,0.24,1.03,-41.94,-16.44,4.03
232,0.13,0.23,1.04,-42.08,-10.22,4.95
233,0.13,0.24,1.05,-41.66,-6.01,4.15
234,0.13,0.24,1.05,-42.21,-5.52,2.98
235,0.12,0.27,1.06,-43.12,-7.65,0.63
236,0.14,0.28,1.07,-45.16,-8.98,-1.54
237,0.16,0.25,1.12,-46.9,-9.85,-2.66
238,0.15,0.21,1.16,-46.7,-7.14,-2.95
239,0.15,0.17,1.2,-44.99,-4.6,-2.76
240,0.15,0.17,1.21,-41.98,-0.36,-1.44
241,0.17,0.17,1.19,-37.57,4.85,-0.38
242,0.15,0.19,1.16,-34.65,8.14,-0.76
243,0.12,0.21,1.14,-31.79,9.6,-1.18
244,0.13,0.23,1.12,-31.61,8.92,-2.16
245,0.16,0.23,1.11,-32.73,10.78,-3.55
246,0.16,0.22,1.11,-32.32,13.15,-5.27
247,0.12,0.2,1.13,-31.35,12.95,-7.92
248,0.09,0.19,1.13,-28.73,10.83,-9.39
249,0.09,0.17,1.14,-25.04,9.92,-9.18
250,0.07,0.17,1.13,-21.52,12.12,-9.11
251,0.05,0.18,1.11,-18.74,11.88,-8.5
252,0.06,0.2,1.07,-18.66,12.57,-9.11
253,0.05,0.21,1.06,-18.92,13.21,-9.63
254,0.03,0.21,1.06,-19.8,11.21,-11.21
255,0.01,0.18,1.05,-19.61,7.83,-11.36
256,0.0,0.16,1.07,-18.31,4.68,-10.8
257,0.01,0.14,1.07,-15.95,2.14,-8.37
258,0.04,0.13,1.07,-14.41,2.08,-5.95
259,0.06,0.14,1.06,-14.63,2.9,-4.79
260,0.09,0.15,1.04,-14.44,4.18,-3.37
261,0.11,0.15,1.04,-14.67,6.69,-2.21
262,0.11,0.16,1.04,-15.82,9.5,-2.78
263,0.1,0.17,1.03,-16.53,12.89,-3.08
264,0.08,0.16,1.02,-16.36,13.6,-3.8
265,0.06,0.14,1.01,-14.34,11.73,-4.18
266,0.04,0.13,1.01,-13.02,9.39,-5.76
267,0.04,0.14,0.99,-10.37,5.58,-7.79
268,0.03,0.12,0.99,-8.01,3.43,-8.48
269,0.02,0.11,0.99,-4.99,0.57,-8.24
270,0.0,0.13,0.96,-4.34,-0.51,-7.17
271,0.0,0.15,0.96,-6.02,0.65,-4.82
272,0.02,0.16,0.95,-8.18,3.06,-2.87
273,0.05,0.18,0.95,-11.79,3.84,-3.09
274,0.03,0.17,0.96,-14.15,5.17,-3.38
275,0.02,0.16,0.98,-14.99,4.71,-3.41
276,0.01,0.16,0.99,-14.36,1.75,-3.25
277,0.04,0.15,1.01,-14.51,-1.17,-2.71
278,0.07,0.14,1.03,-14.85,-0.21,-1.44
279,0.07,0.13,1.04,-14.98,1.58,-1.19
280,0.08,0.14,1.05,-14.01,3.26,-0.24
281,0.08,0.15,1.06,-13.62,5.82,1.0
282,0.08,0.15,1.05,-13.24,9.05,2.09
283,0.08,0.16,1.05,-11.9,11.41,2.76
284,0.1,0.15,1.04,-10.9,14.08,1.2
285,0.12,0.16,1.03,-11.08,16.66,-1.01
286,0.07,0.17,1.0,-11.85,17.36,-3.92
287,0.03,0.17,1.0,-13.13,14.14,-7.28
288,0.0,0.16,1.01,-13.65,11.08,-8.06
289,-0.02,0.15,1.03,-13.01,8.92,-8.65
290,-0.03,0.14,1.03,-11.77,6.71,-7.51
291,-0.01,0.13,1.04,-10.31,7.63,-6.96
292,-0.01,0.13,1.02,-9.76,7.03,-6.05
293,-0.04,0.13,0.99,-10.52,7.61,-6.11
294,-0.02,0.13,1.02,-8.68,5.2,-3.9
295,-0.04,0.13,1.01,-9.04,4.04,-2.98
296,-0.03,0.14,0.98,-9.9,3.31,-2.56
297,-0.04,0.13,0.98,-10.47,1.27,-2.13
298,-0.04,0.14,0.95,-13.5,-1.24,-1.22
299,-0.02,0.14,0.96,-16.09,-1.53,0.08
300,0.01,0.12,0.97,-17.99,1.09,1.6
301,0.01,0.12,0.98,-20.23,3.66,2.1
302,0.01,0.12,0.98,-22.36,4.92,1.7
303,0.01,0.11,0.99,-23.78,5.96,0.49
304,0.01,0.1,0.99,-24.24,5.27,-2.1
305,-0.03,0.1,1.0,-22.11,1.6,-4.07
306,-0.05,0.08,1.02,-18.81,-4.63,-4.22
307,-0.01,0.06,1.03,-16.66,-5.58,-3.71
308,0.01,0.06,1.02,-16.02,-4.76,-3.27
309,0.02,0.07,1.03,-15.13,-1.98,-1.31
310,0.04,0.07,1.03,-15.92,0.89,-1.11
311,0.03,0.06,1.03,-15.95,2.54,-1.39
312,0.04,0.05,1.05,-15.27,2.98,-1.31
313,0.01,0.04,1.04,-13.75,4.25,-1.73
314,0.02,0.04,1.04,-11.98,3.59,-2.53
315,0.01,0.03,1.04,-9.67,3.53,-2.55
316,0.0,0.03,1.03,-7.53,2.44,-2.79
317,0.01,0.03,1.02,-6.31,2.67,-1.65
318,0.0,0.03,1.01,-5.56,3.37,-0.66
319,0.02,0.03,1.02,-5.25,3.76,-0.56
320,0.03,0.03,1.0,-4.59,4.55,-1.05
321,0.01,0.04,0.98,-3.25,4.27,-0.66
322,0.02,0.04,0.97,-2.78,3.95,-0.21
323,0.03,0.05,0.98,-2.26,5.47,0.5
324,0.03,0.08,0.95,-3.7,6.89,-0.6
325,-0.0,0.09,0.95,-5.08,5.12,-1.82
326,-0.03,0.11,0.95,-6.25,0.49,-3.28
327,-0.05,0.12,0.97,-8.92,-2.6,-4.06
328,-0.05,0.12,1.01,-10.92,-4.62,-3.28
329,-0.04,0.11,1.04,-11.6,-7.39,-1.52
330,-0.03,0.09,1.03,-12.36,-8.25,-1.28
331,-0.02,0.08,1.05,-13.39,-9.44,-0.79
332,-0.0,0.07,1.06,-13.89,-9.76,-0.09
333,0.04,0.06,1.06,-14.02,-8.41,0.64
334,0.08,0.05,1.07,-13.56,-6.65,0.37
335,0.1,0.03,1.07,-11.45,-3.65,-1.44
336,0.1,0.02,1.05,-10.09,-1.4,-4.17
337,0.08,0.02,1.02,-8.96,-0.2,-6.97
338,0.05,0.02,1.01,-7.41,-0.61,-7.34
339,0.03,0.02,0.99,-7.26,-0.16,-7.67
340,-0.01,0.02,0.96,-7.83,0.41,-7.82
341,-0.03,0.03,0.94,-8.87,-2.11,-7.42
342,-0.03,0.04,0.93,-10.2,-4.08,-7.86
343,-0.01,0.04,0.95,-10.25,-7.31,-7.74
344,-0.01,0.04,0.95,-10.88,-8.02,-7.37
345,0.0,0.05,0.96,-12.31,-8.12,-6.89
346,0.03,0.05,0.98,-12.76,-7.82,-8.02
347,0.03,0.05,1.01,-12.32,-8.85,-8.11
348,0.02,0.04,1.02,-12.52,-8.79,-8.17
349,-0.0,0.05,1.02,-13.47,-7.27,-7.43
350,-0.01,0.04,1.03,-14.31,-5.36,-5.94
351,-0.01,0.02,1.05,-14.36,-3.82,-4.86
352,-0.02,0.01,1.05,-13.64,-2.77,-3.47
353,-0.03,-0.0,1.05,-12.5,-1.82,-2.54
354,-0.02,-0.01,1.05,-11.09,-1.53,-2.12
355,-0.01,-0.02,1.04,-9.24,-2.26,-1.34
356,-0.01,-0.02,1.03,-7.69,-3.05,-0.68
357,-0.01,-0.02,1.01,-7.79,-3.36,-0.66
358,0.02,-0.02,1.01,-7.75,-4.09,-1.37
359,0.04,-0.02,1.0,-7.1,-5.1,-2.24
360,0.03,-0.03,1.01,-7.26,-5.4,-2.53
361,0.03,-0.01,1.0,-8.24,-4.02,-1.46
362,0.04,-0.02,1.01,-9.05,-1.05,0.02
363,0.03,-0.01,1.02,-8.99,0.32,1.23
364,0.01,-0.02,1.0,-8.51,0.89,1.41
365,0.01,-0.01,1.0,-7.9,0.5,2.28
366,0.01,-0.01,0.99,-7.31,-0.52,1.5
367,0.03,-0.0,1.0,-6.11,-1.21,0.78
368,0.02,0.01,1.0,-5.44,-0.8,0.97
369,0.02,-0.0,0.99,-5.36,-1.39,1.63
370,0.04,-0.0,1.0,-5.79,-2.31,1.69
371,0.07,0.0,1.01,-5.14,-1.67,0.92
372,0.05,-0.0,1.03,-3.66,-1.18,0.05
373,0.04,0.0,1.01,-1.93,-1.37,-0.4
374,0.05,0.01,1.0,-1.74,-2.0,-0.66
375,0.04,0.01,0.99,-1.77,-1.02,-0.94
376,0.04,0.02,0.99,-2.13,0.15,-0.74
377,0.02,0.01,0.98,-2.38,0.33,-0.78
378,0.03,0.02,0.97,-3.44,-0.43,0.35
379,0.06,0.01,0.99,-4.06,0.87,0.09
380,0.05,-0.0,1.0,-4.37,1.15,-1.01
381,0.03,-0.01,0.99,-3.27,1.21,-1.23
382,0.04,-0.01,0.99,-2.21,0.66,-0.68
383,0.04,-0.0,0.98,-2.96,1.33,-1.07
384,0.02,-0.01,0.99,-3.24,2.82,-1.2
385,0.01,-0.01,0.99,-3.76,3.12,-0.18
386,0.01,0.0,0.98,-3.84,2.04,1.21
387,0.02,0.01,0.97,-4.59,2.38,1.43
388,0.02,0.01,0.98,-4.96,2.41,0.92
389,0.01,0.0,0.98,-4.94,1.14,0.94
390,0.01,0.01,0.98,-5.19,0.44,1.56
391,0.04,0.01,0.99,-6.34,1.33,0.83
392,0.05,0.01,1.0,-5.91,1.89,-0.4
393,0.04,0.0,1.0,-4.76,1.9,-1.37
394,0.03,0.01,1.01,-2.72,0.19,-1.27
395,0.04,0.0,0.99,-1.71,-0.21,-2.15
396,0.05,0.01,0.99,-1.58,0.51,-2.67
397,0.03,0.01,0.99,-1.63,0.92,-2.65
398,0.03,0.02,0.97,-1.77,0.54,-2.11
399,0.04,0.02,0.97,-3.21,0.57,-2.67
