,accel_x,accel_y,accel_z,gyro_x,gyro_y,gyro_z
0,0.03,-0.4,0.9,-3.09,-4.82,1.07
1,0.03,-0.41,0.9,-3.43,-5.22,0.79
2,0.02,-0.41,0.9,-3.9,-5.51,-0.44
3,0.03,-0.42,0.91,-3.22,-6.06,-1.66
4,0.03,-0.42,0.91,-2.97,-6.23,-1.71
5,0.04,-0.42,0.91,-2.56,-5.33,-1.18
6,0.05,-0.41,0.92,-2.5,-4.92,-0.56
7,0.05,-0.42,0.91,-2.15,-5.24,1.5
8,0.05,-0.4,0.9,-3.7,-4.79,1.24
9,0.05,-0.4,0.92,-3.96,-4.05,-0.34
10,0.05,-0.43,0.92,-2.47,-4.53,-1.38
11,0.06,-0.42,0.92,-1.42,-3.95,-2.16
12,0.05,-0.42,0.92,-1.78,-2.38,-2.19
13,0.05,-0.42,0.92,-1.5,-1.92,-2.57
14,0.05,-0.42,0.92,-1.35,-1.21,-1.92
15,0.05,-0.42,0.92,-1.02,-1.23,-0.8
16,0.05,-0.42,0.92,-0.44,-0.73,-0.42
17,0.05,-0.41,0.92,-0.44,-0.4,-1.22
18,0.04,-0.4,0.91,-0.94,0.07,-1.93
19,0.05,-0.41,0.91,-1.3,0.31,-2.6
20,0.03,-0.4,0.91,-1.08,0.08,-3.3
21,0.03,-0.42,0.91,-1.35,0.39,-3.61
22,0.02,-0.41,0.91,-0.71,0.12,-2.34
23,0.02,-0.41,0.91,-0.27,0.12,-1.93
24,0.03,-0.4,0.9,-0.16,-0.76,-1.56
25,0.02,-0.4,0.9,-0.42,-1.13,-0.94
26,0.03,-0.39,0.9,-0.81,-1.04,-1.48
27,0.03,-0.39,0.9,-1.38,0.46,-2.82
28,0.03,-0.4,0.89,-2.37,1.18,-3.92
29,0.02,-0.41,0.9,-1.18,1.18,-2.09
30,0.02,-0.4,0.9,-1.5,2.15,-1.98
31,0.01,-0.39,0.88,-2.34,1.66,-2.79
32,-0.0,-0.39,0.88,-2.55,-0.06,-3.63
33,-0.0,-0.4,0.9,-2.77,-0.84,-2.45
34,0.0,-0.39,0.89,-2.72,-1.56,-2.35
35,0.0,-0.4,0.89,-2.54,-2.27,-2.89
36,-0.0,-0.4,0.89,-3.02,-2.6,-3.13
37,0.01,-0.4,0.89,-3.54,-3.11,-1.02
38,0.02,-0.4,0.9,-3.42,-3.31,-1.44
39,0.03,-0.41,0.9,-3.14,-3.14,-2.52
40,0.03,-0.42,0.91,-3.02,-2.65,-3.43
41,0.04,-0.41,0.91,-2.31,-2.3,-2.02
42,0.03,-0.41,0.91,-1.93,-2.11,-1.69
43,0.01,-0.41,0.9,-2.32,-2.4,-2.53
44,0.02,-0.42,0.91,-2.63,-2.66,-2.43
45,0.02,-0.41,0.91,-2.89,-2.89,-1.84
46,0.03,-0.41,0.91,-3.03,-3.87,-1.98
47,0.04,-0.41,0.91,-3.22,-3.07,-2.93
48,0.06,-0.41,0.92,-1.86,-3.3,-2.76
49,0.06,-0.41,0.92,-1.09,-3.73,-0.91
50,0.06,-0.41,0.91,-1.4,-2.21,-0.94
51,0.04,-0.4,0.92,-1.79,-1.79,-1.81
52,0.04,-0.4,0.91,-1.56,-1.33,-1.69
53,0.05,-0.39,0.9,-1.94,-1.15,-2.02
54,0.06,-0.39,0.9,-2.53,-0.53,-2.79
55,0.05,-0.4,0.91,-2.29,0.02,-3.07
56,0.04,-0.4,0.9,-1.89,0.87,-3.63
57,0.03,-0.4,0.9,-1.84,0.65,-4.08
58,0.04,-0.4,0.9,-1.85,0.72,-4.15
59,0.03,-0.4,0.9,-2.89,-0.23,-2.19
60,0.03,-0.41,0.9,-3.47,0.24,-1.48
61,0.02,-0.41,0.91,-3.11,-0.12,-2.1
62,0.03,-0.41,0.91,-3.18,-0.47,-2.59
63,0.02,-0.41,0.9,-2.88,-0.26,-3.53
64,0.01,-0.41,0.89,-2.46,-0.2,-4.54
65,0.02,-0.4,0.89,-2.49,-0.72,-4.42
66,0.02,-0.42,0.89,-2.78,-1.21,-3.18
67,0.02,-0.42,0.91,-2.53,-1.15,-2.49
68,0.02,-0.41,0.91,-2.63,-0.96,-2.61
69,0.02,-0.41,0.9,-2.56,-0.79,-1.86
70,0.02,-0.4,0.9,-2.07,-1.56,-1.05
71,0.03,-0.4,0.9,-1.71,-2.61,-0.76
72,0.03,-0.39,0.9,-1.53,-3.63,-0.37
73,0.04,-0.39,0.9,-2.19,-2.8,-1.1
74,0.04,-0.39,0.91,-2.22,-2.36,-1.58
75,0.05,-0.39,0.9,-1.76,-1.97,-0.95
76,0.03,-0.39,0.9,-2.17,-1.63,-1.79
77,0.03,-0.39,0.89,-2.38,-1.56,-2.72
78,0.04,-0.38,0.89,-3.07,-1.46,-2.85
79,0.04,-0.39,0.89,-3.34,-1.69,-3.24
80,0.02,-0.4,0.9,-3.45,-1.83,-3.27
81,0.02,-0.4,0.89,-4.05,-2.2,-3.4
82,0.03,-0.41,0.89,-4.39,-2.21,-2.53
83,0.02,-0.41,0.9,-4.5,-2.79,-2.41
84,0.02,-0.42,0.91,-3.65,-3.53,-2.34
85,0.04,-0.41,0.91,-2.99,-3.83,-1.81
86,0.04,-0.41,0.91,-2.96,-2.47,-1.44
87,0.04,-0.41,0.92,-2.73,-2.41,-1.69
88,0.04,-0.41,0.92,-2.11,-2.88,-1.4
89,0.04,-0.41,0.91,-2.64,-2.6,-1.31
90,0.04,-0.41,0.91,-3.39,-2.02,-1.83
91,0.03,-0.41,0.91,-3.05,-2.53,-1.66
92,0.04,-0.41,0.9,-2.91,-2.58,-1.28
93,0.04,-0.41,0.9,-3.58,-2.41,-1.92
94,0.04,-0.42,0.91,-3.53,-2.89,-1.95
95,0.04,-0.42,0.91,-2.79,-3.38,-2.28
96,0.05,-0.41,0.91,-2.77,-2.82,-2.24
97,0.04,-0.41,0.9,-2.77,-3.05,-2.75
98,0.04,-0.41,0.91,-2.63,-3.19,-2.5
99,0.04,-0.41,0.9,-2.98,-3.19,-2.77
100,0.04,-0.4,0.9,-3.07,-4.05,-2.76
101,0.03,-0.4,0.89,-2.69,-4.5,-2.53
102,0.04,-0.41,0.9,-3.22,-4.41,-2.73
103,0.04,-0.41,0.91,-3.44,-4.66,-3.49
104,0.05,-0.41,0.91,-3.79,-4.42,-3.25
105,0.05,-0.4,0.91,-4.31,-3.34,-3.52
106,0.06,-0.41,0.91,-4.12,-3.4,-3.44
107,0.06,-0.41,0.91,-3.99,-3.03,-3.56
108,0.06,-0.41,0.91,-4.47,-2.21,-2.75
109,0.06,-0.41,0.92,-4.24,-2.1,-2.42
110,0.05,-0.4,0.91,-3.65,-3.1,-2.85
111,0.05,-0.39,0.9,-3.02,-3.27,-4.0
112,0.06,-0.38,0.9,-3.94,-2.66,-4.33
113,0.06,-0.39,0.9,-5.05,-2.86,-4.31
114,0.06,-0.38,0.89,-6.06,-3.84,-4.21
115,0.08,-0.39,0.9,-6.53,-2.47,-3.85
116,0.05,-0.41,0.9,-6.49,-1.25,-3.83
117,0.06,-0.42,0.9,-4.97,-1.58,-3.23
118,0.05,-0.41,0.9,-3.76,-0.83,-2.18
119,0.05,-0.42,0.9,-3.31,0.4,-2.22
120,0.04,-0.42,0.91,-2.68,0.6,-3.37
121,0.03,-0.42,0.9,-2.69,0.82,-2.58
122,0.03,-0.43,0.91,-2.53,1.15,-1.85
123,0.04,-0.43,0.91,-2.36,1.75,-1.65
124,0.03,-0.43,0.91,-2.3,1.96,-2.72
125,0.04,-0.43,0.9,-2.04,2.16,-3.81
126,0.03,-0.44,0.91,-1.34,1.45,-3.08
127,0.03,-0.44,0.9,-0.65,0.84,-2.6
128,0.02,-0.43,0.91,-0.71,0.66,-2.17
129,0.03,-0.43,0.9,-0.37,0.35,-0.96
130,0.03,-0.43,0.91,0.11,-0.16,-0.41
131,0.03,-0.41,0.9,0.55,0.0,-0.31
132,0.03,-0.41,0.9,-0.17,0.22,0.14
133,0.03,-0.4,0.89,-0.32,0.63,0.36
134,0.02,-0.39,0.88,-0.01,-0.32,0.84
135,0.03,-0.38,0.86,-1.27,-0.74,1.18
136,0.02,-0.35,0.85,-3.13,-0.97,0.73
137,0.02,-0.35,0.84,-4.52,-1.95,-0.62
138,0.0,-0.34,0.83,-6.05,-3.89,-0.8
139,0.01,-0.33,0.82,-7.4,-4.97,-0.95
140,0.02,-0.34,0.83,-8.85,-5.99,-2.35
141,0.04,-0.34,0.83,-11.04,-5.43,-1.08
142,0.04,-0.36,0.85,-11.77,-4.14,-0.35
143,0.03,-0.37,0.86,-10.69,-3.41,-0.26
144,0.03,-0.35,0.85,-11.21,-2.4,-0.37
145,0.02,-0.36,0.85,-12.67,-1.84,1.41
146,0.01,-0.37,0.85,-12.62,-0.9,3.41
147,0.01,-0.36,0.85,-12.81,-1.37,6.73
148,0.03,-0.34,0.87,-15.17,-1.12,8.24
149,0.06,-0.33,0.86,-20.02,2.28,10.03
150,0.09,-0.35,0.89,-24.91,8.38,10.3
151,0.1,-0.39,0.91,-26.9,14.11,12.88
152,0.12,-0.4,0.99,-25.73,16.18,12.75
153,0.11,-0.39,1.01,-24.48,16.97,9.46
154,0.1,-0.37,1.07,-24.41,19.26,7.27
155,0.0,-0.36,1.19,-25.95,19.27,5.98
156,-0.11,-0.31,1.34,-34.08,15.22,3.97
157,-0.19,-0.27,1.53,-44.37,10.44,10.8
158,-0.21,-0.29,1.89,-65.19,3.27,11.66
159,-0.17,-0.51,2.0,-78.37,2.83,2.03
160,-0.13,-0.88,2.0,-83.25,-0.39,-2.23
161,0.12,-1.34,2.0,-55.64,-3.66,6.14
162,0.17,-1.83,2.0,-15.87,-0.63,19.18
163,0.29,-2.0,2.0,44.19,12.15,31.13
164,0.33,-2.0,2.0,98.32,29.27,37.78
165,0.25,-2.0,2.0,151.71,45.08,35.53
166,0.11,-2.0,2.0,196.12,53.82,26.36
167,0.02,-1.93,2.0,225.95,62.76,28.05
168,-0.04,-1.77,2.0,243.72,76.56,35.69
169,-0.05,-1.62,1.82,250.13,94.78,50.45
170,0.01,-1.43,1.5,244.62,108.92,71.67
171,-0.06,-1.28,1.14,237.08,131.45,94.37
172,-0.03,-1.04,0.76,217.0,146.24,104.75
173,-0.04,-0.99,0.59,212.29,144.95,97.5
174,-0.05,-0.93,0.44,223.91,127.38,72.89
175,-0.15,-0.75,0.1,245.55,113.78,45.56
176,-0.22,-0.47,-0.18,243.37,96.92,22.55
177,-0.26,-0.3,-0.32,240.8,96.1,8.14
178,-0.32,-0.13,-0.5,220.38,79.16,1.21
179,-0.29,0.07,-0.53,189.96,62.41,-10.51
180,-0.26,0.15,-0.63,157.17,59.35,-7.4
181,-0.23,0.25,-0.56,115.82,59.76,-1.63
182,-0.13,0.27,-0.49,83.76,68.78,20.46
183,-0.12,0.36,-0.42,59.23,69.02,24.44
184,-0.18,0.42,-0.42,35.41,60.61,-5.05
185,-0.09,0.38,-0.39,18.45,41.52,-7.32
186,0.11,0.3,-0.12,-18.31,38.23,-2.92
187,0.15,0.15,-0.16,-7.69,52.3,59.82
188,-0.11,0.12,-0.16,-16.3,57.61,71.37
189,-0.19,0.1,-0.11,-21.11,44.82,61.92
190,-0.15,0.07,-0.02,8.11,3.76,39.39
191,0.01,0.17,-0.01,30.26,-11.6,13.37
192,0.08,0.29,-0.05,36.2,-11.12,-8.21
193,-0.01,0.35,-0.08,27.44,-5.32,-4.53
194,-0.13,0.35,-0.07,21.56,-13.95,2.21
195,-0.21,0.39,-0.06,18.63,-30.7,-7.26
196,-0.17,0.45,-0.02,10.94,-43.6,-21.5
197,-0.13,0.45,0.03,-2.22,-53.02,-32.07
198,-0.06,0.43,0.12,-8.23,-59.38,-23.25
199,-0.04,0.41,0.21,-18.16,-66.05,-20.17
200,-0.02,0.37,0.29,-23.14,-68.57,-19.99
201,0.03,0.34,0.41,-26.43,-71.79,-17.31
202,0.06,0.3,0.47,-26.66,-73.29,-15.95
203,0.12,0.28,0.58,-25.44,-68.05,-16.1
204,0.16,0.25,0.58,-22.19,-60.51,-4.34
205,0.16,0.25,0.68,-30.6,-52.56,2.05
206,0.15,0.24,0.69,-29.95,-43.77,4.97
207,0.17,0.25,0.76,-33.42,-35.58,10.4
208,0.13,0.24,0.81,-34.69,-28.11,11.46
209,0.11,0.26,0.8,-37.28,-22.68,13.88
210,0.07,0.29,0.81,-35.12,-18.8,16.87
211,-0.0,0.31,0.75,-32.95,-18.17,10.92
212,-0.08,0.28,0.72,-32.36,-22.82,1.92
213,-0.11,0.24,0.75,-29.05,-32.34,-6.73
214,-0.11,0.19,0.74,-32.4,-34.89,-10.5
215,-0.06,0.16,0.82,-38.31,-32.59,-11.2
216,-0.04,0.12,0.85,-41.99,-27.53,-8.75
217,-0.07,0.06,0.88,-39.67,-23.55,-7.03
218,-0.11,0.03,0.9,-40.57,-23.24,-7.76
219,-0.15,-0.0,0.88,-40.82,-23.34,-11.66
220,-0.19,-0.03,0.9,-40.83,-26.44,-16.18
221,-0.18,-0.06,0.9,-36.85,-28.65,-13.92
222,-0.17,-0.03,0.9,-39.6,-30.53,-12.44
223,-0.13,0.01,0.91,-43.31,-30.23,-10.56
224,-0.13,-0.01,0.93,-47.16,-27.5,-8.11
225,-0.16,-0.06,0.96,-47.47,-24.18,-3.4
226,-0.22,-0.09,0.94,-45.48,-22.82,0.3
227,-0.24,-0.12,0.9,-40.92,-24.73,6.76
228,-0.27,-0.13,0.87,-36.4,-32.96,8.33
229,-0.27,-0.08,0.86,-35.36,-46.36,-0.21
230,-0.11,-0.04,0.89,-37.42,-53.02,-8.73
231,0.01,-0.04,0.94,-39.66,-51.83,-15.21
232,0.04,-0.07,1.01,-30.41,-46.34,-8.41
233,-0.02,-0.1,1.04,-35.94,-38.38,-12.42
234,-0.03,-0.12,1.05,-35.21,-29.44,-6.41
235,-0.08,-0.12,0.97,-27.86,-27.95,-3.62
236,-0.12,-0.08,0.95,-24.24,-29.18,-1.72
237,-0.12,-0.06,0.93,-22.44,-35.22,-1.43
238,-0.08,-0.02,0.96,-24.98,-41.2,-9.73
239,-0.04,-0.05,1.0,-24.61,-44.08,-12.55
240,-0.0,-0.08,1.04,-21.96,-42.67,-11.02
241,0.03,-0.07,1.06,-22.96,-39.71,-5.45
242,0.01,-0.07,1.04,-23.01,-34.47,0.51
243,-0.05,-0.08,1.01,-17.48,-32.46,4.87
244,-0.03,-0.04,0.98,-15.47,-30.73,6.78
245,0.03,-0.0,0.96,-22.58,-25.92,6.39
246,0.06,0.03,1.0,-37.02,-22.0,0.62
247,0.11,0.02,0.99,-45.41,-10.02,-4.92
248,0.12,-0.02,1.03,-52.08,-3.31,-11.66
249,0.08,-0.07,1.04,-51.85,0.44,-17.27
250,0.04,-0.1,1.04,-49.79,2.31,-20.45
251,-0.02,-0.12,1.03,-48.18,3.58,-20.62
252,-0.05,-0.17,1.04,-43.77,3.4,-18.1
253,-0.11,-0.17,1.05,-40.92,2.26,-17.68
254,-0.1,-0.18,1.07,-34.66,-3.8,-20.67
255,-0.04,-0.16,1.09,-28.15,-7.6,-24.44
256,0.01,-0.14,1.09,-23.88,-8.98,-29.29
257,0.04,-0.1,1.07,-21.56,-6.25,-33.63
258,0.04,-0.08,1.05,-20.54,-1.45,-35.94
259,0.03,-0.04,1.02,-22.49,5.08,-36.62
260,0.0,-0.06,1.01,-24.75,9.34,-27.56
261,-0.06,-0.05,0.99,-30.88,15.98,-19.39
262,-0.11,-0.04,0.96,-38.42,18.82,-16.9
263,-0.14,-0.04,0.96,-44.01,15.37,-17.81
264,-0.1,-0.06,0.97,-50.41,11.44,-20.01
265,-0.08,-0.07,1.01,-56.72,9.14,-21.47
266,-0.06,-0.09,1.02,-60.4,7.91,-24.96
267,-0.03,-0.14,1.04,-63.43,10.53,-27.49
268,0.01,-0.18,1.08,-64.51,15.79,-26.47
269,0.0,-0.22,1.1,-64.92,22.69,-21.31
270,-0.02,-0.24,1.08,-61.03,30.68,-10.24
271,-0.09,-0.22,1.09,-55.31,23.93,-19.02
272,-0.15,-0.22,1.12,-55.92,17.49,-28.2
273,-0.1,-0.23,1.06,-51.98,17.63,-27.89
274,-0.11,-0.27,1.1,-55.5,12.26,-29.16
275,-0.15,-0.29,1.1,-56.34,12.53,-30.07
276,-0.15,-0.33,1.09,-60.49,14.3,-24.33
277,-0.21,-0.39,1.09,-58.01,12.28,-17.08
278,-0.25,-0.4,1.1,-59.96,11.73,-18.52
279,-0.2,-0.44,1.1,-58.39,9.05,-10.79
280,-0.19,-0.45,1.1,-53.83,4.79,-7.41
281,-0.13,-0.46,1.11,-49.31,2.53,-5.88
282,-0.1,-0.43,1.11,-46.12,3.51,-6.73
283,-0.1,-0.45,1.09,-44.05,5.95,-5.22
284,-0.14,-0.47,1.09,-40.92,5.86,-4.11
285,-0.18,-0.48,1.07,-33.9,1.98,-3.85
286,-0.17,-0.46,1.05,-27.95,-5.27,-4.06
287,-0.17,-0.42,1.02,-25.18,-9.66,-1.92
288,-0.15,-0.42,1.02,-24.52,-13.61,-1.16
289,-0.11,-0.4,1.02,-23.52,-18.72,-1.09
290,-0.06,-0.39,1.01,-24.58,-20.53,0.5
291,-0.02,-0.39,1.01,-26.29,-14.59,0.66
292,-0.0,-0.39,1.0,-30.25,-6.01,1.53
293,-0.02,-0.4,0.98,-32.2,-0.9,2.67
294,-0.05,-0.39,0.98,-31.91,-0.38,3.55
295,-0.07,-0.36,0.97,-30.45,-0.06,-0.47
296,-0.12,-0.34,0.95,-27.22,-2.86,-5.46
297,-0.21,-0.37,0.97,-27.66,-6.22,-12.05
298,-0.24,-0.4,0.95,-25.65,-15.78,-6.79
299,-0.27,-0.42,0.92,-26.72,-29.04,-10.53
300,-0.19,-0.43,0.98,-29.38,-32.35,-9.06
301,-0.15,-0.51,1.02,-26.97,-37.4,-6.68
302,-0.08,-0.55,1.07,-23.18,-39.5,-2.06
303,-0.01,-0.58,1.1,-18.41,-39.47,1.79
304,0.03,-0.58,1.1,-13.48,-38.0,5.6
305,0.11,-0.56,1.09,-7.81,-33.34,7.04
306,0.15,-0.51,1.08,-2.87,-24.56,7.79
307,0.15,-0.47,1.03,0.73,-14.99,5.1
308,0.14,-0.42,1.0,1.32,-5.15,1.73
309,0.11,-0.39,0.96,1.55,3.56,-1.19
310,0.04,-0.4,0.92,0.93,6.65,-1.89
311,-0.03,-0.38,0.91,-2.05,6.99,-1.98
312,-0.05,-0.37,0.9,-5.19,7.14,-1.6
313,-0.08,-0.37,0.9,-7.55,6.11,-1.63
314,-0.07,-0.39,0.91,-9.6,5.3,-1.4
315,-0.05,-0.4,0.92,-11.5,6.14,-0.79
316,-0.06,-0.41,0.92,-12.29,7.47,-0.69
317,-0.07,-0.42,0.92,-10.9,8.08,-0.18
318,-0.08,-0.44,0.92,-8.81,6.84,-1.15
319,-0.1,-0.45,0.93,-6.55,4.63,-2.19
320,-0.11,-0.46,0.91,-4.79,1.53,-2.85
321,-0.09,-0.44,0.91,-4.02,0.05,-2.64
322,-0.09,-0.43,0.9,-4.05,-1.6,-1.34
323,-0.09,-0.45,0.88,-3.66,-3.51,-0.82
324,-0.09,-0.43,0.87,-4.69,-5.82,-0.03
325,-0.06,-0.42,0.86,-6.18,-7.18,1.4
326,-0.06,-0.4,0.85,-7.12,-9.35,2.62
327,-0.04,-0.4,0.85,-6.76,-11.79,2.83
328,-0.03,-0.39,0.85,-6.92,-13.84,2.42
329,-0.02,-0.39,0.87,-7.7,-14.61,1.44
330,-0.0,-0.39,0.87,-8.7,-11.91,2.51
331,0.01,-0.4,0.86,-8.36,-10.5,2.05
332,0.0,-0.37,0.88,-12.48,-7.98,2.98
333,0.02,-0.39,0.86,-13.94,-7.65,6.47
334,-0.02,-0.39,0.85,-14.4,-7.75,3.2
335,-0.03,-0.42,0.86,-14.44,-8.89,0.53
336,-0.04,-0.45,0.88,-12.06,-10.1,1.82
337,-0.03,-0.45,0.9,-9.88,-10.44,3.45
338,0.0,-0.45,0.91,-9.11,-9.61,3.48
339,0.01,-0.46,0.91,-8.11,-7.92,4.74
340,-0.0,-0.46,0.9,-6.43,-7.09,7.07
341,-0.02,-0.45,0.89,-5.72,-8.19,6.79
342,-0.01,-0.43,0.9,-6.79,-9.42,6.02
343,0.0,-0.44,0.91,-7.53,-9.6,5.24
344,0.03,-0.45,0.92,-6.5,-8.98,3.39
345,0.05,-0.45,0.93,-6.15,-6.88,1.5
346,0.05,-0.47,0.95,-6.18,-3.41,0.98
347,0.03,-0.48,0.94,-5.89,-1.5,0.06
348,0.01,-0.48,0.94,-6.82,-0.9,0.58
349,0.0,-0.48,0.92,-3.92,-2.58,2.44
350,0.01,-0.45,0.92,-2.83,-4.6,2.12
351,0.03,-0.43,0.92,-4.35,-4.25,0.75
352,0.03,-0.44,0.93,-3.21,-5.39,0.39
353,0.06,-0.41,0.96,-3.49,-3.51,0.06
354,0.05,-0.44,0.91,0.32,-2.79,-0.14
355,0.04,-0.42,0.92,-2.14,-1.04,-2.76
356,0.04,-0.42,0.91,-1.5,0.01,-1.62
357,0.02,-0.44,0.93,-5.03,-6.15,-3.15
358,0.05,-0.4,0.92,-2.61,1.44,-2.76
359,0.04,-0.41,0.89,-3.3,2.94,1.16
360,0.03,-0.4,0.88,-3.39,2.97,-0.41
361,0.03,-0.4,0.88,-3.11,3.7,-3.23
362,0.01,-0.41,0.87,-4.36,4.06,-4.13
363,-0.01,-0.42,0.87,-2.85,2.48,-5.84
364,-0.0,-0.41,0.85,-2.73,1.96,-6.59
365,-0.01,-0.42,0.86,-3.18,1.51,-5.33
366,-0.03,-0.43,0.87,-3.28,-1.08,-4.92
367,-0.02,-0.43,0.87,-1.74,-1.26,-3.49
368,-0.02,-0.44,0.86,-2.09,-0.95,-2.6
369,-0.02,-0.44,0.87,-1.71,-1.12,-4.77
370,-0.03,-0.45,0.88,-1.71,-2.11,-5.34
371,-0.03,-0.44,0.87,-2.32,-2.18,-3.83
372,-0.02,-0.43,0.87,-2.54,-1.99,-2.93
373,-0.04,-0.44,0.87,-3.61,-2.56,-2.89
374,-0.04,-0.45,0.87,-4.32,-3.55,-3.29
375,-0.04,-0.46,0.89,-3.11,-5.4,-2.83
376,-0.06,-0.47,0.88,-1.83,-7.4,-2.36
377,-0.04,-0.46,0.88,-1.69,-8.33,-2.01
378,-0.04,-0.45,0.89,-1.47,-9.11,-1.78
379,-0.03,-0.45,0.9,-1.09,-9.99,-1.5
380,-0.02,-0.45,0.9,-1.39,-10.37,-0.01
381,-0.0,-0.45,0.89,-2.24,-9.76,-1.24
382,0.01,-0.45,0.91,-1.51,-9.46,-1.73
383,0.01,-0.46,0.91,-1.3,-8.39,-0.61
384,0.01,-0.47,0.92,-1.31,-6.4,-0.82
385,0.01,-0.45,0.9,-0.44,-5.92,-1.53
386,0.01,-0.44,0.9,-1.33,-5.06,-1.79
387,0.01,-0.44,0.89,-2.5,-4.78,-2.31
388,0.02,-0.43,0.9,-2.67,-3.99,-1.59
389,0.01,-0.44,0.9,-2.16,-3.36,-0.4
390,0.01,-0.43,0.89,-0.94,-3.97,-0.02
391,0.0,-0.43,0.88,-0.21,-4.58,-0.83
392,-0.0,-0.43,0.87,-0.02,-6.03,-1.6
393,-0.0,-0.43,0.86,-0.05,-8.27,-2.4
394,0.0,-0.42,0.87,-0.54,-10.69,-2.99
395,0.01,-0.42,0.88,-0.65,-11.25,-2.27
396,0.0,-0.43,0.87,-1.26,-12.17,-3.47
397,0.02,-0.42,0.9,-1.38,-13.25,-1.89
398,0.0,-0.43,0.88,-1.61,-12.92,0.31
399,0.01,-0.45,0.9,-0.08,-13.27,0.94
