,accel_x,accel_y,accel_z,gyro_x,gyro_y,gyro_z
0,-0.1,0.07,0.93,-1.52,1.59,1.6
1,-0.1,0.07,0.94,-2.15,1.02,0.61
2,-0.11,0.07,0.94,-3.07,-0.66,-0.26
3,-0.11,0.06,0.93,-4.32,-1.26,-0.79
4,-0.1,0.05,0.94,-5.02,-1.69,-0.8
5,-0.1,0.04,0.96,-5.34,-2.02,-0.17
6,-0.1,0.03,0.97,-5.37,-1.06,0.66
7,-0.1,0.03,0.97,-5.76,-0.41,1.05
8,-0.09,0.03,0.98,-5.56,-0.11,1.31
9,-0.08,0.03,0.97,-5.61,-0.21,1.41
10,-0.07,0.03,0.98,-5.77,-0.29,1.18
11,-0.08,0.03,0.99,-5.76,-0.23,1.22
12,-0.08,0.03,1.0,-5.47,-0.21,0.73
13,-0.07,0.04,1.0,-5.08,-0.02,0.47
14,-0.07,0.03,1.0,-5.01,0.28,0.24
15,-0.06,0.04,1.0,-5.01,-0.58,-0.31
16,-0.07,0.04,1.01,-5.19,-0.81,-1.41
17,-0.08,0.04,1.02,-4.95,-0.63,-1.87
18,-0.08,0.04,1.01,-4.7,-1.27,-2.4
19,-0.06,0.03,1.02,-3.53,-1.11,-2.85
20,-0.08,0.03,1.02,-2.18,-0.69,-4.32
21,-0.08,0.02,1.01,-0.75,-0.73,-5.11
22,-0.07,0.02,1.01,0.24,-0.53,-5.95
23,-0.08,0.03,0.99,0.88,-0.82,-6.7
24,-0.1,0.02,0.98,0.65,-0.23,-7.08
25,-0.1,0.02,0.97,-0.5,-0.68,-7.94
26,-0.11,0.02,0.95,-1.55,-1.66,-7.87
27,-0.12,0.02,0.95,-3.69,-1.42,-7.18
28,-0.13,0.0,0.96,-4.83,-1.48,-6.89
29,-0.15,0.0,0.96,-5.0,-2.1,-5.17
30,-0.14,-0.0,0.99,-4.69,-1.41,-2.45
31,-0.13,-0.0,0.99,-4.09,0.37,-0.65
32,-0.12,-0.0,0.99,-2.71,1.95,0.42
33,-0.12,0.01,0.99,-1.64,1.32,-0.03
34,-0.12,0.03,0.98,-0.95,0.89,-0.5
35,-0.12,0.02,0.97,-0.15,-0.27,-0.96
36,-0.11,0.02,0.97,0.36,-1.09,-1.95
37,-0.12,0.03,0.96,0.46,-2.24,-1.85
38,-0.1,0.04,0.98,-0.54,-0.78,-0.95
39,-0.09,0.04,0.98,-0.8,0.95,-0.54
40,-0.1,0.03,0.98,-0.66,1.26,-1.39
41,-0.11,0.04,0.97,-0.22,-0.16,-1.65
42,-0.1,0.04,0.96,-0.14,-0.36,-2.29
43,-0.09,0.05,0.97,-0.56,0.56,-2.14
44,-0.09,0.05,0.96,-0.6,1.14,-2.57
45,-0.1,0.05,0.96,-0.89,0.21,-2.87
46,-0.1,0.05,0.97,-1.93,0.34,-2.5
47,-0.1,0.05,0.97,-2.76,1.02,-2.06
48,-0.09,0.04,0.96,-3.23,1.22,-2.13
49,-0.1,0.05,0.96,-3.92,0.4,-3.05
50,-0.1,0.03,0.97,-4.15,-1.27,-3.11
51,-0.1,0.03,0.98,-4.48,-1.21,-3.29
52,-0.09,0.03,0.98,-4.41,-1.26,-3.66
53,-0.1,0.02,0.98,-4.53,-2.6,-4.35
54,-0.1,0.02,0.97,-5.27,-2.98,-3.98
55,-0.1,0.03,0.97,-5.76,-2.04,-3.35
56,-0.08,0.02,0.98,-6.31,-1.27,-3.64
57,-0.1,0.02,0.98,-5.73,-1.39,-4.6
58,-0.11,0.01,0.99,-5.03,-1.63,-4.91
59,-0.11,0.01,0.99,-4.55,-1.4,-4.9
60,-0.11,0.0,0.98,-4.04,-0.95,-5.39
61,-0.12,0.01,0.99,-3.89,-1.18,-5.52
62,-0.13,0.01,0.98,-3.05,-0.49,-5.06
63,-0.12,0.01,0.98,-2.73,0.14,-3.82
64,-0.13,0.01,0.97,-2.41,0.31,-2.97
65,-0.13,0.02,0.98,-2.31,0.04,-1.69
66,-0.13,0.02,0.96,-2.23,0.08,-0.56
67,-0.12,0.03,0.95,-2.7,0.07,-0.03
68,-0.12,0.04,0.94,-3.63,-0.66,0.28
69,-0.12,0.04,0.94,-5.02,-1.46,0.16
70,-0.11,0.04,0.95,-5.79,-2.15,0.55
71,-0.11,0.04,0.96,-6.44,-2.05,0.21
72,-0.1,0.04,0.97,-6.37,-2.09,-0.08
73,-0.1,0.03,0.97,-6.06,-1.63,0.23
74,-0.1,0.03,0.97,-6.11,-1.33,0.15
75,-0.1,0.03,0.97,-5.95,-1.2,0.05
76,-0.09,0.04,0.97,-6.37,-1.02,-0.17
77,-0.1,0.04,0.97,-6.69,-1.53,-0.55
78,-0.09,0.03,0.97,-7.55,-2.72,-1.11
79,-0.09,0.03,0.97,-8.11,-2.07,-1.65
80,-0.08,0.02,0.98,-8.25,-2.13,-1.65
81,-0.08,0.02,0.98,-9.34,-2.0,-3.05
82,-0.09,0.02,0.98,-8.29,-0.96,-2.85
83,-0.09,0.02,0.97,-8.44,-0.87,-3.29
84,-0.08,0.01,0.98,-8.63,-0.29,-2.76
85,-0.08,0.02,0.98,-8.27,0.15,-2.53
86,-0.08,0.02,0.99,-7.89,0.05,-2.76
87,-0.08,0.02,0.99,-7.31,1.11,-3.03
88,-0.08,0.02,0.99,-6.31,1.27,-3.91
89,-0.08,0.03,0.97,-6.13,0.23,-5.83
90,-0.09,0.02,0.96,-5.67,0.08,-6.97
91,-0.08,0.02,0.96,-5.41,-0.27,-7.82
92,-0.09,0.03,0.96,-6.5,0.34,-8.72
93,-0.09,0.02,0.95,-7.01,0.44,-9.73
94,-0.11,0.02,0.96,-8.75,-0.18,-10.02
95,-0.1,-0.01,0.97,-8.71,0.21,-9.24
96,-0.11,-0.0,0.97,-9.0,-0.33,-9.15
97,-0.11,-0.01,0.99,-9.32,0.27,-7.67
98,-0.12,-0.01,0.98,-9.2,-0.63,-7.11
99,-0.12,-0.01,0.98,-9.24,-0.69,-5.82
100,-0.12,-0.01,0.99,-9.28,-0.82,-4.58
101,-0.1,-0.01,0.98,-9.32,-0.03,-3.42
102,-0.09,-0.01,0.99,-8.77,1.39,-3.39
103,-0.11,-0.01,0.99,-7.73,1.83,-3.44
104,-0.11,-0.0,0.99,-7.49,0.73,-4.49
105,-0.11,0.01,0.98,-6.79,1.23,-4.66
106,-0.11,0.02,0.95,-6.66,1.02,-4.13
107,-0.12,0.02,0.93,-7.8,1.31,-3.74
108,-0.12,0.02,0.93,-9.26,1.27,-2.53
109,-0.13,0.01,0.91,-10.84,1.52,-1.15
110,-0.13,0.03,0.92,-13.15,0.7,0.59
111,-0.14,0.02,0.92,-16.2,1.9,2.24
112,-0.13,0.02,0.93,-17.91,3.37,4.68
113,-0.14,0.01,0.92,-19.88,4.27,6.07
114,-0.13,-0.0,0.93,-21.67,2.99,5.79
115,-0.13,-0.0,0.94,-22.34,1.76,5.25
116,-0.12,-0.01,0.95,-22.77,0.15,4.25
117,-0.1,-0.02,0.97,-22.85,-0.49,2.15
118,-0.09,-0.04,0.98,-23.66,-0.95,-0.44
119,-0.1,-0.06,0.98,-22.75,-2.62,-2.87
120,-0.09,-0.06,1.0,-22.05,-4.08,-5.58
121,-0.1,-0.05,0.99,-22.47,-2.86,-6.62
122,-0.09,-0.07,0.99,-24.05,-4.63,-8.8
123,-0.08,-0.06,0.96,-26.79,-3.84,-9.66
124,-0.09,-0.06,0.98,-30.75,-3.28,-8.98
125,-0.1,-0.07,0.98,-34.98,-2.74,-7.64
126,-0.11,-0.08,1.02,-38.34,-2.81,-4.84
127,-0.12,-0.09,1.07,-40.08,-2.46,-0.11
128,-0.11,-0.08,1.12,-42.39,0.73,6.4
129,-0.1,-0.05,1.19,-49.62,3.79,10.07
130,-0.09,-0.06,1.26,-53.94,8.22,13.49
131,-0.08,-0.08,1.35,-57.75,12.81,15.76
132,-0.08,-0.11,1.45,-59.88,14.4,16.02
133,-0.08,-0.16,1.58,-58.84,15.98,13.82
134,-0.08,-0.21,1.74,-49.35,16.56,10.9
135,-0.13,-0.25,1.87,-36.34,13.31,7.7
136,-0.15,-0.25,1.97,-22.91,12.35,6.96
137,-0.17,-0.28,2.0,-10.37,16.51,3.6
138,-0.21,-0.31,2.0,3.21,22.16,4.19
139,-0.28,-0.36,2.0,18.66,27.02,3.4
140,-0.33,-0.42,2.0,38.5,29.7,5.85
141,-0.36,-0.46,2.0,61.85,34.92,8.49
142,-0.42,-0.46,2.0,86.53,37.01,12.19
143,-0.47,-0.4,1.97,110.46,34.57,15.75
144,-0.45,-0.4,1.82,131.98,33.25,23.53
145,-0.41,-0.34,1.7,144.66,30.75,27.35
146,-0.33,-0.27,1.59,152.91,30.16,25.97
147,-0.29,-0.22,1.52,157.09,24.28,19.73
148,-0.29,-0.15,1.44,162.56,13.25,10.34
149,-0.28,-0.11,1.41,166.47,1.98,0.6
150,-0.26,-0.04,1.33,164.76,-6.27,-6.82
151,-0.28,-0.0,1.28,158.33,-9.14,-11.52
152,-0.28,0.03,1.24,147.16,-7.98,-11.76
153,-0.25,0.02,1.23,137.33,3.93,-8.97
154,-0.21,-0.01,1.2,130.87,15.56,-7.5
155,-0.19,-0.02,1.15,127.47,26.24,-4.52
156,-0.17,-0.03,1.1,125.91,33.89,-6.63
157,-0.17,-0.02,0.95,131.36,39.64,-9.0
158,-0.18,-0.0,0.83,139.54,39.21,-15.96
159,-0.16,0.01,0.68,145.95,37.41,-26.8
160,-0.19,0.05,0.51,151.67,33.5,-32.27
161,-0.21,0.11,0.29,144.97,33.15,-39.07
162,-0.19,0.12,0.13,131.98,36.75,-38.31
163,-0.21,0.16,0.01,113.24,41.35,-34.15
164,-0.22,0.16,-0.1,92.1,44.25,-27.99
165,-0.22,0.19,-0.16,68.66,45.66,-20.62
166,-0.21,0.18,-0.17,45.85,45.07,-13.8
167,-0.2,0.16,-0.13,26.51,42.75,-9.15
168,-0.21,0.15,-0.07,13.84,36.46,-4.43
169,-0.16,0.13,-0.01,5.17,29.03,-2.34
170,-0.13,0.12,0.05,0.76,22.5,-3.15
171,-0.12,0.17,0.1,-3.53,15.98,-5.77
172,-0.16,0.16,0.19,-5.61,4.58,-3.02
173,-0.18,0.17,0.2,-6.08,1.39,-4.96
174,-0.19,0.14,0.27,-5.84,-1.95,0.53
175,-0.15,0.14,0.33,-4.67,-1.95,5.21
176,-0.12,0.15,0.34,-3.53,2.45,9.53
177,-0.09,0.16,0.37,-2.5,9.1,14.5
178,-0.08,0.19,0.39,-2.92,15.24,18.57
179,-0.06,0.21,0.41,-0.34,16.13,20.32
180,-0.07,0.25,0.42,3.99,14.4,19.08
181,-0.07,0.26,0.42,9.95,10.76,16.25
182,-0.09,0.3,0.42,15.53,3.75,12.77
183,-0.09,0.34,0.41,18.9,-3.22,8.46
184,-0.1,0.35,0.39,20.74,-9.52,5.76
185,-0.09,0.39,0.38,18.76,-14.74,5.61
186,-0.06,0.44,0.39,13.37,-15.69,5.61
187,-0.06,0.46,0.42,9.29,-15.35,5.95
188,-0.08,0.47,0.43,7.2,-15.79,6.88
189,-0.08,0.48,0.45,6.08,-16.09,7.24
190,-0.07,0.49,0.46,6.55,-14.68,9.04
191,-0.04,0.51,0.48,5.85,-13.71,9.12
192,-0.08,0.51,0.42,5.54,-15.37,8.5
193,-0.09,0.53,0.43,3.56,-18.54,7.05
194,-0.08,0.57,0.46,1.12,-19.47,5.92
195,-0.07,0.59,0.46,-0.21,-16.76,5.22
196,-0.08,0.63,0.46,-2.73,-16.63,3.12
197,-0.08,0.62,0.45,-3.94,-14.29,1.76
198,-0.09,0.58,0.45,-4.6,-15.83,-2.36
199,-0.12,0.54,0.45,-1.44,-19.46,-2.46
200,-0.12,0.53,0.47,-5.02,-22.88,-5.4
201,-0.1,0.48,0.49,-8.01,-22.54,-4.81
202,-0.07,0.44,0.54,-11.73,-18.19,-4.02
203,-0.09,0.39,0.58,-15.98,-12.09,-4.47
204,-0.11,0.35,0.59,-19.66,-6.33,-6.29
205,-0.17,0.31,0.62,-21.27,-4.93,-7.31
206,-0.25,0.29,0.63,-22.92,-9.6,-7.68
207,-0.28,0.26,0.64,-25.5,-13.99,-4.63
208,-0.26,0.26,0.67,-28.07,-17.39,-1.88
209,-0.22,0.26,0.7,-32.34,-14.27,1.81
210,-0.18,0.24,0.75,-35.95,-10.93,4.07
211,-0.17,0.26,0.77,-39.15,-7.08,5.25
212,-0.17,0.27,0.79,-41.78,-4.78,4.85
213,-0.18,0.26,0.82,-42.69,-5.76,1.78
214,-0.23,0.25,0.84,-41.12,-10.75,-2.82
215,-0.26,0.24,0.86,-37.05,-16.27,-6.51
216,-0.28,0.25,0.85,-33.68,-21.94,-8.99
217,-0.31,0.26,0.85,-33.53,-26.28,-10.84
218,-0.33,0.3,0.83,-36.73,-29.14,-9.49
219,-0.35,0.31,0.84,-40.63,-30.28,-5.44
220,-0.35,0.3,0.87,-44.81,-31.82,0.73
221,-0.3,0.34,0.87,-53.11,-29.56,7.62
222,-0.25,0.36,0.89,-62.08,-23.93,13.53
223,-0.26,0.4,0.89,-71.24,-21.08,16.69
224,-0.29,0.39,0.92,-77.69,-21.8,20.55
225,-0.3,0.38,0.98,-80.16,-23.21,25.06
226,-0.27,0.35,1.02,-80.11,-23.64,30.5
227,-0.24,0.33,1.06,-78.79,-21.44,34.81
228,-0.21,0.31,1.1,-74.82,-19.35,40.18
229,-0.14,0.33,1.07,-72.8,-17.1,43.96
230,-0.09,0.32,1.06,-70.68,-14.34,43.0
231,-0.05,0.32,1.06,-71.89,-14.52,32.43
232,-0.06,0.33,1.07,-73.12,-16.33,22.34
233,-0.07,0.29,1.1,-72.82,-20.05,11.2
234,-0.08,0.25,1.15,-69.06,-20.38,2.58
235,-0.1,0.22,1.15,-65.03,-21.76,-5.58
236,-0.13,0.19,1.17,-60.99,-20.54,-10.1
237,-0.14,0.16,1.18,-58.04,-17.42,-11.84
238,-0.18,0.15,1.17,-54.99,-14.1,-10.61
239,-0.18,0.14,1.17,-53.01,-10.93,-8.69
240,-0.18,0.15,1.15,-54.47,-8.54,-5.68
241,-0.16,0.15,1.18,-55.41,-5.27,-2.27
242,-0.14,0.12,1.22,-53.34,-2.95,-1.2
243,-0.13,0.1,1.24,-48.73,-3.01,-2.2
244,-0.11,0.06,1.26,-40.82,-2.66,-5.85
245,-0.11,0.06,1.26,-31.59,-4.27,-9.92
246,-0.1,0.06,1.24,-23.58,-4.52,-12.92
247,-0.09,0.09,1.21,-19.44,-3.78,-16.6
248,-0.1,0.11,1.17,-18.12,-0.69,-19.58
249,-0.12,0.1,1.16,-17.3,1.2,-22.13
250,-0.15,0.08,1.15,-15.25,2.3,-23.25
251,-0.19,0.07,1.13,-12.56,2.52,-22.63
252,-0.2,0.03,1.1,-9.73,1.92,-20.32
253,-0.2,0.03,1.09,-7.07,2.24,-17.38
254,-0.2,0.01,1.07,-4.76,2.72,-14.31
255,-0.21,0.02,1.03,-2.53,2.42,-12.88
256,-0.21,0.04,1.0,-1.39,0.59,-12.07
257,-0.2,0.07,0.97,-0.51,-2.24,-11.37
258,-0.21,0.1,0.94,-2.36,-4.88,-10.74
259,-0.18,0.12,0.94,-5.24,-5.94,-9.98
260,-0.17,0.12,0.94,-7.06,-5.75,-9.4
261,-0.15,0.13,0.94,-8.84,-5.6,-9.44
262,-0.13,0.11,0.96,-8.8,-4.56,-9.99
263,-0.13,0.09,0.97,-7.53,-4.84,-10.89
264,-0.12,0.08,0.97,-5.53,-5.56,-11.73
265,-0.13,0.09,0.96,-4.76,-5.62,-11.86
266,-0.13,0.12,0.93,-6.67,-4.98,-11.44
267,-0.14,0.14,0.9,-11.15,-3.24,-10.22
268,-0.16,0.15,0.91,-16.87,-1.21,-8.17
269,-0.15,0.16,0.92,-22.65,-0.02,-6.92
270,-0.18,0.14,0.93,-26.9,0.5,-5.49
271,-0.19,0.12,0.97,-28.23,-0.25,-3.65
272,-0.19,0.09,0.99,-28.81,-0.52,1.27
273,-0.17,0.08,1.02,-28.82,3.68,8.07
274,-0.14,0.06,1.03,-28.25,9.09,13.44
275,-0.14,0.06,1.05,-27.11,14.68,18.85
276,-0.12,0.06,1.05,-25.83,18.79,23.29
277,-0.12,0.06,1.04,-24.14,20.56,23.54
278,-0.12,0.08,1.04,-21.43,18.37,19.51
279,-0.12,0.09,1.02,-16.71,12.49,12.23
280,-0.14,0.09,1.02,-14.43,7.08,3.64
281,-0.15,0.08,1.02,-11.29,-1.66,-2.71
282,-0.15,0.07,1.03,-9.83,-6.26,-6.75
283,-0.14,0.07,1.05,-10.05,-9.33,-8.92
284,-0.14,0.08,1.05,-9.37,-11.15,-8.13
285,-0.11,0.08,1.08,-10.08,-9.53,-6.12
286,-0.09,0.09,1.08,-11.56,-5.82,-4.65
287,-0.06,0.08,1.08,-12.63,-1.11,-5.82
288,-0.07,0.08,1.07,-13.45,2.69,-8.72
289,-0.07,0.06,1.07,-11.67,4.47,-13.54
290,-0.13,0.05,1.06,-8.47,2.16,-19.04
291,-0.16,0.05,1.04,-5.18,-2.26,-23.54
292,-0.19,0.05,1.02,-2.73,-6.75,-27.41
293,-0.21,0.03,1.0,-1.2,-11.11,-27.29
294,-0.23,0.03,0.99,-1.56,-14.09,-24.21
295,-0.2,0.03,0.99,-3.0,-12.73,-19.67
296,-0.19,0.03,0.97,-5.27,-10.56,-15.14
297,-0.17,0.04,0.97,-8.22,-8.02,-10.87
298,-0.15,0.05,0.94,-12.51,-4.35,-7.19
299,-0.15,0.05,0.94,-16.98,-0.5,-4.46
300,-0.15,0.05,0.95,-20.72,1.17,-2.72
301,-0.16,0.05,0.96,-23.18,-0.48,-2.66
302,-0.16,0.03,1.0,-22.98,-3.23,-3.4
303,-0.16,0.02,1.01,-20.48,-5.73,-4.14
304,-0.13,0.02,1.02,-18.76,-7.21,-5.23
305,-0.13,0.03,1.01,-18.96,-6.67,-6.0
306,-0.11,0.03,1.01,-19.33,-4.83,-6.09
307,-0.12,0.02,1.0,-19.85,-2.69,-5.82
308,-0.14,0.02,1.03,-19.01,-2.85,-6.18
309,-0.15,0.02,1.03,-18.11,-2.05,-5.19
310,-0.15,0.02,1.03,-16.9,-0.08,-4.31
311,-0.15,0.02,1.05,-15.98,0.66,-2.7
312,-0.14,0.01,1.06,-15.56,3.29,-0.85
313,-0.13,0.02,1.07,-13.97,5.6,-0.4
314,-0.12,0.02,1.06,-11.98,6.16,-1.34
315,-0.13,0.02,1.07,-9.22,5.15,-3.82
316,-0.13,0.01,1.04,-6.63,4.09,-5.64
317,-0.13,0.01,1.02,-5.13,3.87,-7.74
318,-0.14,0.0,1.0,-4.3,3.36,-8.24
319,-0.16,0.0,0.98,-4.42,3.6,-8.02
320,-0.17,-0.0,0.96,-5.63,3.76,-6.51
321,-0.17,-0.01,0.96,-7.36,4.24,-5.38
322,-0.16,-0.0,0.96,-8.85,4.88,-4.42
323,-0.16,-0.0,0.96,-10.45,4.85,-4.69
324,-0.18,-0.01,0.95,-11.16,3.44,-4.98
325,-0.19,-0.03,0.95,-10.89,1.15,-4.94
326,-0.18,-0.03,0.96,-10.28,-0.89,-6.01
327,-0.2,-0.04,0.95,-9.63,-3.08,-5.73
328,-0.2,-0.03,0.96,-9.99,-4.5,-4.36
329,-0.18,-0.02,0.96,-11.47,-4.05,-2.39
330,-0.16,-0.01,0.97,-13.71,-3.45,-0.77
331,-0.15,-0.01,0.99,-15.66,-2.32,0.11
332,-0.13,-0.01,1.01,-15.6,-0.89,-0.3
333,-0.11,-0.02,1.03,-13.76,-0.17,-1.91
334,-0.11,-0.03,1.05,-10.77,-0.4,-4.23
335,-0.13,-0.04,1.05,-7.3,-0.44,-4.6
336,-0.14,-0.04,1.04,-4.32,0.4,-4.52
337,-0.13,-0.03,1.02,-2.71,1.38,-4.24
338,-0.15,-0.03,1.0,-2.16,1.49,-4.16
339,-0.16,-0.02,0.97,-2.69,0.08,-4.4
340,-0.15,-0.04,0.99,-3.85,-0.65,-4.76
341,-0.16,-0.04,1.0,-2.1,-0.84,-3.1
342,-0.15,-0.03,1.01,-3.19,-1.44,-3.42
343,-0.14,-0.03,0.99,-1.47,-1.09,-3.21
344,-0.13,-0.03,0.98,-1.9,-1.05,-3.89
345,-0.12,-0.03,0.98,-1.79,-0.42,-3.57
346,-0.12,-0.04,0.97,-2.35,0.24,-4.21
347,-0.12,-0.05,0.97,-2.26,-0.08,-4.89
348,-0.13,-0.04,0.97,-1.48,-1.11,-5.98
349,-0.13,-0.04,0.98,-0.84,-1.87,-6.26
350,-0.12,-0.04,0.99,0.12,-1.28,-6.39
351,-0.12,-0.03,0.98,0.54,-0.18,-6.85
352,-0.13,-0.03,0.97,0.92,0.79,-7.28
353,-0.13,-0.02,0.97,0.92,0.73,-7.79
354,-0.14,-0.01,0.96,0.6,1.27,-8.24
355,-0.14,-0.0,0.95,-0.11,1.05,-9.05
356,-0.15,0.0,0.96,-0.57,0.06,-9.66
357,-0.15,-0.0,0.96,-0.72,-1.43,-10.83
358,-0.16,-0.01,0.96,-0.64,-2.82,-12.18
359,-0.17,-0.01,0.97,-0.39,-3.91,-12.44
360,-0.17,-0.03,0.98,-0.12,-3.82,-12.23
361,-0.19,-0.04,0.99,-0.11,-2.75,-10.93
362,-0.2,-0.05,0.99,0.27,-2.5,-9.37
363,-0.2,-0.05,0.99,0.58,-2.5,-7.14
364,-0.19,-0.05,1.0,0.41,-1.54,-5.08
365,-0.18,-0.06,0.99,0.21,0.13,-3.24
366,-0.18,-0.06,1.0,0.3,0.62,-2.71
367,-0.18,-0.06,1.0,1.12,0.38,-1.88
368,-0.18,-0.06,0.98,1.37,0.18,-1.85
369,-0.18,-0.05,0.98,1.31,-0.25,-1.19
370,-0.18,-0.05,0.96,0.89,-0.96,-0.96
371,-0.18,-0.04,0.95,0.37,-1.57,-0.79
372,-0.19,-0.03,0.94,-0.48,-2.67,-0.07
373,-0.18,-0.03,0.94,-1.26,-3.15,1.18
374,-0.17,-0.03,0.94,-2.5,-3.07,1.67
375,-0.17,-0.03,0.95,-3.27,-3.27,2.7
376,-0.17,-0.03,0.94,-3.77,-3.2,4.06
377,-0.15,-0.02,0.96,-4.44,-2.76,4.8
378,-0.14,-0.03,0.97,-3.68,-2.81,5.73
379,-0.12,-0.03,0.98,-2.77,-2.08,5.62
380,-0.11,-0.02,0.98,-2.15,-1.5,4.65
381,-0.1,-0.02,0.98,-1.14,-1.1,3.91
382,-0.1,-0.02,0.97,0.23,-1.04,2.34
383,-0.1,-0.02,0.97,1.11,-2.41,0.97
384,-0.11,-0.02,0.97,1.31,-2.73,-0.21
385,-0.12,-0.02,0.98,2.44,-2.69,-0.34
386,-0.12,-0.02,0.98,2.91,-1.45,-0.05
387,-0.12,-0.02,0.97,3.4,0.26,1.05
388,-0.12,-0.01,0.97,2.81,0.94,1.02
389,-0.13,-0.01,0.96,2.56,1.22,0.95
390,-0.12,-0.0,0.97,2.85,1.62,0.83
391,-0.1,-0.0,0.95,3.12,1.54,0.21
392,-0.1,0.0,0.96,3.1,1.92,-1.51
393,-0.11,-0.02,0.95,3.06,2.11,-2.33
394,-0.11,-0.01,0.95,2.73,1.33,-3.4
395,-0.11,-0.02,0.95,2.52,1.7,-4.79
396,-0.11,-0.03,0.95,2.39,2.04,-5.27
397,-0.12,-0.03,0.95,1.64,1.07,-6.47
398,-0.12,-0.02,0.95,1.46,0.54,-6.2
399,-0.12,-0.02,0.96,0.7,1.86,-6.3
400,-0.12,-0.02,0.96,-0.47,3.2,-5.54
