,accel_x,accel_y,accel_z,gyro_x,gyro_y,gyro_z
0,-0.11,-0.41,0.84,-1.21,-7.05,-3.59
1,-0.1,-0.42,0.85,-1.6,-8.06,-6.34
2,-0.09,-0.42,0.86,-0.41,-7.81,-7.98
3,-0.08,-0.43,0.87,0.9,-6.5,-9.19
4,-0.06,-0.44,0.88,2.47,-5.88,-9.66
5,-0.06,-0.43,0.87,2.83,-4.65,-7.82
6,-0.09,-0.4,0.85,2.79,-3.92,-5.59
7,-0.11,-0.4,0.84,1.01,-4.93,-7.01
8,-0.1,-0.4,0.84,-1.64,-6.67,-8.84
9,-0.07,-0.4,0.84,-3.92,-7.85,-11.01
10,-0.07,-0.41,0.86,-4.81,-9.18,-14.27
11,-0.07,-0.43,0.87,-2.91,-12.35,-16.14
12,-0.05,-0.44,0.89,-0.71,-14.24,-17.82
13,-0.02,-0.44,0.9,1.85,-15.92,-16.05
14,-0.01,-0.43,0.91,3.24,-14.75,-16.3
15,0.01,-0.4,0.9,1.56,-12.26,-16.19
16,0.01,-0.4,0.91,-1.59,-8.92,-16.73
17,0.01,-0.4,0.92,-4.23,-6.3,-17.92
18,0.01,-0.42,0.93,-5.68,-3.63,-17.79
19,-0.0,-0.44,0.94,-5.78,-1.71,-18.53
20,-0.01,-0.46,0.94,-4.89,0.4,-16.76
21,-0.04,-0.49,0.95,-3.37,1.95,-14.78
22,-0.04,-0.51,0.95,-0.21,2.02,-11.26
23,-0.07,-0.52,0.94,3.03,2.05,-10.46
24,-0.07,-0.5,0.93,5.31,0.83,-10.69
25,-0.04,-0.47,0.92,4.85,0.87,-10.8
26,-0.06,-0.45,0.9,3.4,0.84,-7.27
27,-0.07,-0.45,0.91,0.98,1.25,-5.56
28,-0.07,-0.45,0.92,0.27,0.58,-5.8
29,-0.05,-0.46,0.93,0.98,-0.37,-6.34
30,-0.03,-0.45,0.93,2.36,-0.67,-7.41
31,-0.01,-0.44,0.93,3.28,-0.69,-9.73
32,0.01,-0.44,0.95,5.56,-2.79,-13.8
33,0.05,-0.43,0.97,7.57,-4.37,-17.4
34,0.1,-0.43,0.99,9.42,-3.34,-17.37
35,0.12,-0.45,1.0,10.3,0.47,-23.18
36,0.17,-0.45,1.04,13.02,1.38,-27.38
37,0.23,-0.42,1.07,15.6,2.61,-28.69
38,0.34,-0.39,1.09,15.27,11.28,-27.73
39,0.43,-0.38,1.12,13.73,24.96,-28.76
40,0.43,-0.39,1.14,16.42,37.5,-32.15
41,0.38,-0.38,1.13,21.01,43.7,-37.12
42,0.31,-0.35,1.09,23.43,47.52,-47.05
43,0.25,-0.36,1.08,27.15,50.3,-53.05
44,0.21,-0.38,1.07,32.39,50.04,-56.72
45,0.21,-0.36,1.06,36.56,51.76,-58.66
46,0.18,-0.36,1.01,37.03,56.26,-60.11
47,0.12,-0.37,0.97,33.87,58.54,-64.4
48,0.06,-0.41,0.94,31.61,61.46,-65.27
49,-0.03,-0.43,0.92,33.13,59.63,-61.27
50,-0.11,-0.46,0.88,35.26,55.78,-63.08
51,-0.17,-0.46,0.85,38.9,47.47,-65.12
52,-0.22,-0.44,0.83,39.91,37.91,-65.72
53,-0.23,-0.4,0.81,38.54,26.89,-61.19
54,-0.24,-0.36,0.8,32.92,21.31,-59.07
55,-0.19,-0.34,0.81,26.24,17.92,-54.65
56,-0.13,-0.34,0.84,20.46,17.41,-48.46
57,-0.1,-0.33,0.85,15.99,19.59,-46.49
58,-0.1,-0.35,0.83,17.44,18.44,-48.37
59,-0.15,-0.38,0.82,22.08,14.52,-53.56
60,-0.19,-0.38,0.79,29.39,7.28,-60.07
61,-0.21,-0.35,0.76,34.52,0.36,-61.67
62,-0.21,-0.3,0.72,32.06,-1.71,-61.64
63,-0.2,-0.25,0.72,25.79,-2.99,-55.13
64,-0.2,-0.23,0.69,18.05,-5.68,-46.8
65,-0.2,-0.2,0.69,11.17,-6.99,-43.95
66,-0.15,-0.2,0.7,4.18,-7.53,-37.34
67,-0.12,-0.21,0.72,-1.33,-6.11,-28.38
68,-0.13,-0.24,0.73,-3.9,-5.44,-28.46
69,-0.12,-0.23,0.72,-4.82,-5.08,-31.11
70,-0.13,-0.25,0.72,-6.68,-4.73,-36.37
71,-0.13,-0.29,0.71,-8.5,-4.5,-47.6
72,-0.12,-0.33,0.71,-9.69,-4.53,-52.08
73,-0.15,-0.39,0.71,-8.6,-6.39,-52.55
74,-0.21,-0.45,0.75,-7.28,-10.62,-51.82
75,-0.22,-0.45,0.77,-5.63,-17.05,-47.64
76,-0.14,-0.38,0.77,-9.86,-15.32,-37.69
77,-0.1,-0.33,0.79,-17.99,-10.04,-33.47
78,-0.07,-0.33,0.81,-24.18,-5.02,-30.95
79,-0.08,-0.36,0.82,-26.73,0.9,-29.13
80,-0.09,-0.39,0.83,-27.26,7.02,-29.34
81,-0.12,-0.41,0.85,-26.07,9.64,-26.82
82,-0.13,-0.44,0.86,-24.88,11.12,-27.32
83,-0.12,-0.44,0.87,-24.16,12.39,-27.15
84,-0.11,-0.46,0.87,-24.5,16.6,-28.67
85,-0.13,-0.48,0.89,-23.02,19.56,-29.91
86,-0.16,-0.51,0.9,-20.75,20.64,-28.29
87,-0.19,-0.51,0.89,-18.88,21.15,-24.24
88,-0.23,-0.5,0.87,-17.27,19.02,-17.05
89,-0.27,-0.46,0.86,-18.11,16.52,-10.53
90,-0.27,-0.43,0.86,-20.72,13.81,-5.05
91,-0.28,-0.45,0.89,-21.77,9.85,-4.3
92,-0.25,-0.46,0.91,-20.36,5.71,-6.44
93,-0.19,-0.45,0.94,-18.15,3.17,-5.66
94,-0.15,-0.43,0.95,-16.31,1.31,1.02
95,-0.14,-0.45,0.97,-13.77,0.26,4.38
96,-0.14,-0.45,0.97,-9.98,-0.71,5.95
97,-0.11,-0.44,0.97,-7.9,-0.31,9.67
98,-0.12,-0.44,0.97,-7.1,1.09,11.77
99,-0.15,-0.45,0.96,-6.22,-1.76,10.23
100,-0.11,-0.45,0.99,-0.4,-7.06,15.98
101,-0.09,-0.43,0.99,5.45,-9.53,21.12
102,-0.08,-0.41,0.96,6.54,-8.85,27.31
103,-0.12,-0.42,0.96,6.6,-10.53,28.4
104,-0.1,-0.42,0.96,6.93,-13.18,26.84
105,-0.06,-0.41,0.96,5.81,-15.7,18.99
106,-0.04,-0.38,0.93,3.49,-9.64,21.96
107,-0.01,-0.41,0.98,0.34,-9.22,18.08
108,0.01,-0.4,0.97,0.64,-9.49,8.52
109,0.05,-0.39,0.99,0.28,-6.33,-2.01
110,0.06,-0.4,0.98,3.89,-4.84,-3.52
111,0.05,-0.39,0.95,7.66,-1.44,5.63
112,-0.01,-0.38,0.92,6.43,3.41,6.76
113,-0.04,-0.37,0.9,4.08,3.66,5.34
114,-0.08,-0.36,0.87,-0.89,5.11,2.19
115,-0.08,-0.36,0.86,-6.92,5.89,-3.69
116,-0.11,-0.37,0.87,-10.42,4.31,-12.06
117,-0.14,-0.4,0.87,-10.37,0.98,-21.23
118,-0.13,-0.42,0.87,-8.82,-2.56,-25.3
119,-0.15,-0.42,0.87,-8.1,-5.5,-27.13
120,-0.14,-0.43,0.87,-9.02,-9.76,-32.67
121,-0.09,-0.43,0.89,-8.24,-12.46,-30.98
122,-0.07,-0.44,0.91,-6.96,-12.99,-23.88
123,-0.04,-0.42,0.91,-5.4,-13.05,-19.08
124,-0.04,-0.4,0.92,-5.73,-14.26,-16.83
125,-0.03,-0.39,0.93,-6.79,-14.22,-19.79
126,0.02,-0.36,0.94,-8.81,-12.79,-20.47
127,0.05,-0.37,0.94,-10.46,-9.18,-21.56
128,0.02,-0.4,0.95,-9.34,-7.68,-22.35
129,-0.01,-0.44,0.97,-6.95,-7.33,-23.53
130,0.0,-0.44,0.98,-6.37,-3.73,-18.5
131,0.0,-0.45,0.99,-2.63,-3.04,-20.69
132,0.0,-0.42,0.96,-1.44,-1.6,-17.95
133,0.0,-0.4,0.95,-1.98,1.71,-15.18
134,0.02,-0.38,0.95,-3.31,5.13,-12.76
135,-0.01,-0.37,0.92,-5.58,8.67,-9.93
136,-0.04,-0.37,0.92,-7.31,11.37,-8.3
137,-0.05,-0.38,0.93,-6.4,12.3,-8.12
138,-0.07,-0.39,0.94,-3.37,10.3,-11.52
139,-0.06,-0.38,0.94,-0.48,8.53,-14.16
140,-0.08,-0.36,0.96,-0.99,7.47,-17.47
141,-0.09,-0.34,0.96,-2.73,6.93,-19.6
142,-0.13,-0.32,1.0,-6.34,5.02,-19.13
143,-0.17,-0.3,1.05,-10.55,1.35,-18.69
144,-0.17,-0.23,1.14,-20.73,-1.68,-24.12
145,-0.13,-0.22,1.29,-31.77,-3.63,-33.18
146,-0.17,-0.36,1.46,-38.76,-7.02,-44.2
147,-0.14,-0.49,1.78,-50.89,-3.73,-40.68
148,-0.2,-0.75,2.0,-51.16,-19.14,-33.7
149,-0.19,-0.99,2.0,-45.01,-30.31,-37.56
150,0.02,-1.19,2.0,-27.82,-24.85,-25.8
151,0.38,-1.51,2.0,5.82,-6.11,-16.44
152,0.52,-1.82,2.0,48.73,9.05,-19.63
153,0.57,-2.0,2.0,102.26,22.3,-30.1
154,0.62,-2.0,2.0,167.19,40.67,-36.04
155,0.61,-1.96,2.0,216.31,62.85,-43.15
156,0.65,-1.78,2.0,249.51,88.45,-50.07
157,0.68,-1.6,2.0,250.13,122.6,-48.53
158,0.61,-1.48,1.89,250.13,156.04,-41.35
159,0.5,-1.33,1.54,250.13,182.71,-21.66
160,0.39,-1.21,1.25,250.13,199.79,-0.19
161,0.11,-1.05,0.71,250.13,218.21,15.86
162,0.05,-0.82,0.39,250.13,228.5,21.84
163,-0.12,-0.67,0.02,240.77,224.14,23.01
164,-0.17,-0.55,-0.16,215.03,210.12,19.72
165,-0.36,-0.49,-0.35,195.16,188.27,12.91
166,-0.47,-0.34,-0.3,172.56,165.66,16.64
167,-0.53,-0.18,-0.48,163.85,132.89,24.0
168,-0.49,0.0,-0.44,139.17,112.46,30.48
169,-0.42,0.06,-0.42,115.85,88.92,23.61
170,-0.27,0.11,-0.31,110.62,77.54,11.19
171,-0.24,0.05,-0.33,112.88,54.61,-10.91
172,-0.22,0.11,-0.38,137.79,35.41,-35.31
173,-0.1,0.28,-0.38,129.94,22.17,-44.19
174,0.01,0.34,-0.42,95.07,38.95,-38.38
175,-0.11,0.32,-0.45,61.21,68.79,-7.4
176,-0.5,0.19,-0.53,54.96,65.22,4.72
177,-0.59,0.22,-0.5,62.6,18.6,-1.0
178,-0.38,0.37,-0.53,55.85,-11.41,-16.59
179,-0.35,0.45,-0.51,31.21,-14.32,-32.2
180,-0.36,0.43,-0.39,10.1,-17.95,-25.29
181,-0.36,0.4,-0.39,3.16,-37.19,-13.79
182,-0.29,0.45,-0.38,-14.04,-47.29,-10.97
183,-0.23,0.51,-0.3,-36.32,-51.78,-2.76
184,-0.19,0.49,-0.23,-56.73,-52.79,8.11
185,-0.15,0.46,-0.14,-70.8,-52.37,25.93
186,-0.17,0.4,-0.05,-76.4,-61.42,31.98
187,-0.2,0.36,0.1,-85.09,-59.18,29.17
188,-0.15,0.27,0.21,-78.47,-64.87,34.11
189,-0.11,0.25,0.33,-71.34,-65.16,41.67
190,0.01,0.31,0.43,-62.31,-61.33,50.04
191,0.12,0.37,0.52,-59.56,-53.44,48.86
192,0.17,0.42,0.58,-56.4,-42.92,47.27
193,0.18,0.48,0.65,-54.66,-34.5,49.62
194,0.14,0.48,0.68,-56.87,-22.76,44.45
195,0.1,0.48,0.69,-57.11,-13.97,37.89
196,-0.01,0.47,0.69,-55.5,-10.92,32.26
197,-0.09,0.46,0.72,-53.91,-10.34,25.15
198,-0.09,0.43,0.73,-53.66,-9.02,21.35
199,-0.09,0.37,0.77,-55.87,-5.65,19.53
200,-0.09,0.36,0.78,-62.36,3.34,20.05
201,-0.16,0.32,0.79,-72.73,9.85,17.31
202,-0.3,0.22,0.8,-73.15,9.79,14.05
203,-0.42,0.14,0.84,-62.13,-1.7,13.88
204,-0.41,0.12,0.87,-52.27,-13.07,12.05
205,-0.33,0.11,0.85,-46.56,-17.53,9.6
206,-0.28,0.07,0.88,-46.86,-18.54,7.81
207,-0.29,0.01,0.93,-42.89,-20.13,8.99
208,-0.23,0.03,0.92,-53.45,-16.31,7.91
209,-0.24,0.03,0.91,-55.4,-16.02,-0.24
210,-0.34,0.01,0.94,-59.86,-17.83,-6.42
211,-0.38,-0.05,0.98,-57.35,-20.39,-10.32
212,-0.39,-0.1,0.99,-54.53,-23.47,-7.99
213,-0.33,-0.15,1.04,-48.52,-22.34,0.29
214,-0.26,-0.14,1.05,-43.79,-20.26,8.22
215,-0.2,-0.1,1.07,-43.37,-12.89,13.87
216,-0.28,-0.14,1.07,-38.12,-8.11,15.89
217,-0.36,-0.14,1.05,-27.24,-12.89,13.17
218,-0.37,-0.12,1.02,-18.31,-19.31,10.26
219,-0.32,-0.05,0.99,-16.27,-22.93,4.63
220,-0.29,-0.0,0.96,-16.46,-25.15,-3.26
221,-0.29,-0.03,0.96,-18.18,-26.7,-11.24
222,-0.29,-0.05,0.97,-19.85,-27.55,-10.34
223,-0.25,-0.05,0.98,-21.53,-23.74,-7.39
224,-0.25,-0.06,0.99,-22.67,-17.51,-3.06
225,-0.22,-0.03,1.02,-23.43,-12.33,0.27
226,-0.29,-0.07,0.98,-24.3,-13.11,1.23
227,-0.29,-0.04,0.97,-21.39,-16.37,-0.64
228,-0.28,-0.04,0.99,-18.72,-21.79,-3.78
229,-0.31,-0.04,0.98,-16.01,-26.05,-3.09
230,-0.26,-0.07,0.98,-14.27,-28.92,-3.5
231,-0.25,-0.07,0.97,-15.66,-29.4,-0.14
232,-0.22,-0.06,0.97,-20.89,-26.02,6.45
233,-0.15,-0.02,0.96,-27.99,-19.76,7.53
234,-0.11,-0.01,0.96,-32.27,-13.19,5.73
235,-0.17,-0.06,0.98,-33.72,-8.82,3.77
236,-0.22,-0.11,0.96,-27.79,-14.32,2.47
237,-0.23,-0.12,0.93,-22.66,-19.49,-3.38
238,-0.21,-0.13,0.91,-19.06,-19.86,-7.51
239,-0.24,-0.15,0.89,-13.58,-21.46,-7.56
240,-0.26,-0.14,0.85,-9.31,-25.81,-11.59
241,-0.26,-0.1,0.84,-9.52,-30.3,-13.92
242,-0.22,-0.04,0.86,-15.08,-30.44,-13.94
243,-0.21,-0.03,0.89,-22.03,-28.33,-11.85
244,-0.18,-0.02,0.93,-28.53,-24.34,-8.76
245,-0.17,-0.0,0.95,-33.45,-25.02,-9.11
246,-0.12,-0.01,0.98,-38.12,-23.95,-12.08
247,-0.06,-0.03,1.04,-40.27,-23.24,-15.5
248,-0.09,-0.1,1.03,-37.01,-19.56,-18.59
249,-0.1,-0.12,1.02,-32.18,-18.04,-20.84
250,-0.13,-0.12,1.02,-28.3,-18.31,-14.34
251,-0.15,-0.11,1.01,-27.46,-16.02,-7.02
252,-0.18,-0.1,1.0,-27.4,-16.48,-7.61
253,-0.2,-0.08,1.01,-28.31,-20.28,-10.76
254,-0.2,-0.09,1.01,-30.56,-22.5,-12.59
255,-0.2,-0.11,1.02,-32.72,-23.46,-10.23
256,-0.2,-0.15,1.04,-33.61,-25.24,-9.48
257,-0.12,-0.15,1.06,-34.42,-23.44,-11.47
258,-0.06,-0.13,1.08,-35.89,-17.05,-13.71
259,-0.04,-0.13,1.11,-35.85,-9.18,-13.3
260,-0.06,-0.15,1.11,-36.54,-4.05,-8.88
261,-0.09,-0.14,1.13,-38.38,1.07,-7.01
262,-0.11,-0.15,1.13,-37.53,3.23,-4.73
263,-0.14,-0.17,1.13,-35.61,5.34,-6.35
264,-0.15,-0.19,1.14,-33.11,6.91,-4.81
265,-0.18,-0.21,1.14,-30.04,9.67,0.59
266,-0.21,-0.22,1.13,-25.59,9.73,6.27
267,-0.27,-0.22,1.12,-20.92,6.28,12.61
268,-0.29,-0.21,1.09,-17.06,0.17,19.53
269,-0.27,-0.17,1.06,-15.02,-5.98,21.97
270,-0.2,-0.11,1.05,-16.13,-10.37,19.5
271,-0.13,-0.07,1.06,-19.77,-10.37,15.4
272,-0.11,-0.09,1.08,-21.82,-10.08,6.63
273,-0.1,-0.14,1.09,-20.61,-7.59,-3.16
274,-0.09,-0.13,1.08,-19.13,-4.95,-6.43
275,-0.12,-0.16,1.07,-17.31,-2.92,-8.44
276,-0.17,-0.21,1.07,-14.15,-2.36,-10.66
277,-0.19,-0.25,1.07,-10.3,-4.65,-8.15
278,-0.19,-0.23,1.05,-9.2,-6.16,-3.41
279,-0.17,-0.22,1.03,-9.58,-7.45,0.44
280,-0.17,-0.23,1.02,-11.38,-6.61,3.31
281,-0.17,-0.26,1.01,-11.67,-6.79,5.82
282,-0.17,-0.27,1.0,-9.53,-8.79,9.91
283,-0.13,-0.26,0.98,-9.5,-7.89,10.81
284,-0.1,-0.22,0.97,-9.25,-7.95,13.51
285,-0.09,-0.18,0.95,-10.92,-4.85,8.98
286,-0.11,-0.16,0.94,-11.85,-3.57,4.0
287,-0.15,-0.18,0.94,-12.62,-3.25,-0.58
288,-0.18,-0.2,0.93,-14.39,-4.07,-0.31
289,-0.18,-0.22,0.93,-16.13,-4.88,6.44
290,-0.16,-0.24,0.97,-15.06,-7.44,9.84
291,-0.09,-0.23,0.98,-12.89,-9.7,9.47
292,-0.08,-0.21,0.99,-10.95,-10.73,5.91
293,-0.08,-0.18,0.98,-8.95,-11.64,0.41
294,-0.06,-0.18,0.99,-7.45,-8.29,-3.85
295,-0.06,-0.17,0.97,-6.54,-3.63,-6.21
296,-0.1,-0.14,0.95,-7.75,-0.73,-3.81
297,-0.16,-0.13,0.94,-7.6,-1.66,-4.12
298,-0.18,-0.14,0.93,-6.52,-3.5,-4.52
299,-0.19,-0.15,0.92,-6.4,-9.27,-4.31
300,-0.15,-0.14,0.94,-7.15,-13.88,3.06
301,-0.14,-0.16,0.92,-7.95,-16.47,10.35
302,-0.13,-0.15,0.91,-10.53,-18.22,15.32
303,-0.12,-0.17,0.89,-15.65,-18.82,15.73
304,-0.11,-0.19,0.9,-20.76,-17.95,19.17
305,-0.15,-0.22,0.92,-23.92,-17.95,24.93
306,-0.13,-0.23,0.92,-27.73,-21.87,30.92
307,-0.07,-0.24,0.94,-33.04,-24.25,38.76
308,-0.01,-0.24,0.97,-36.65,-24.15,41.49
309,0.04,-0.25,0.98,-39.63,-19.3,37.93
310,0.07,-0.27,1.0,-42.13,-11.02,36.05
311,0.04,-0.3,1.01,-38.52,-7.08,38.77
312,0.04,-0.33,1.04,-36.82,-1.08,38.47
313,0.06,-0.34,1.05,-32.32,-0.31,35.47
314,-0.02,-0.36,1.02,-24.02,-0.83,29.18
315,-0.06,-0.33,1.02,-14.05,-5.75,20.18
316,-0.08,-0.31,1.0,-6.91,-12.13,13.87
317,-0.12,-0.3,1.0,-3.25,-15.9,6.34
318,-0.14,-0.28,1.01,-0.97,-17.57,-0.39
319,-0.13,-0.25,1.01,-0.98,-17.36,-4.25
320,-0.12,-0.25,1.01,3.69,-19.18,-8.85
321,-0.08,-0.24,1.01,-6.56,-10.63,-9.32
322,-0.09,-0.23,1.01,-7.14,-10.72,-6.59
323,-0.08,-0.21,0.99,-9.37,-7.26,-6.07
324,-0.08,-0.21,0.98,-11.13,-4.18,-3.74
325,-0.1,-0.24,0.99,-13.03,-3.42,-1.28
326,-0.08,-0.27,0.99,-12.13,2.32,1.92
327,-0.11,-0.32,1.0,-10.6,5.24,-0.04
328,-0.14,-0.35,0.99,-10.73,5.22,0.25
329,-0.15,-0.37,0.99,-8.76,5.5,3.98
330,-0.17,-0.36,0.98,-7.69,5.47,8.6
331,-0.15,-0.36,0.93,-5.22,7.34,9.79
332,-0.17,-0.33,1.0,-10.41,2.0,15.34
333,-0.12,-0.3,0.96,-10.86,9.7,24.58
334,-0.12,-0.3,0.96,-10.44,10.56,23.01
335,-0.12,-0.3,0.98,-8.98,13.21,18.37
336,-0.15,-0.32,0.96,-6.27,15.29,14.34
337,-0.17,-0.3,0.95,-5.34,18.49,8.95
338,-0.17,-0.28,0.91,-2.25,23.69,16.87
339,-0.57,-0.2,0.77,7.56,5.83,27.56
340,-0.69,-0.1,0.64,2.16,-30.6,5.93
341,-0.52,-0.13,0.73,-10.53,-62.4,7.01
342,-0.28,-0.2,0.86,-16.36,-81.45,23.04
343,-0.13,-0.32,1.02,-5.69,-107.23,35.88
344,-0.02,-0.31,1.23,-9.11,-92.98,29.6
345,0.2,-0.42,1.23,4.17,-79.52,35.37
346,0.26,-0.38,1.27,11.9,-58.69,36.88
347,0.22,-0.35,1.22,16.69,-39.67,38.83
348,0.16,-0.28,1.14,13.0,-22.7,43.13
349,0.08,-0.23,1.07,6.43,-6.7,46.22
350,-0.03,-0.19,1.04,-3.07,0.91,42.49
351,-0.13,-0.23,1.02,-10.67,0.98,39.67
352,-0.21,-0.26,1.03,-15.92,-3.23,44.42
353,-0.26,-0.32,1.01,-12.79,-16.11,47.69
354,-0.14,-0.26,1.05,-23.38,-17.73,59.05
355,-0.14,-0.31,1.07,-31.38,-20.49,50.73
356,-0.07,-0.28,0.97,-12.63,-20.73,40.53
357,-0.02,-0.28,1.03,-2.94,-29.93,28.92
358,0.02,-0.27,1.05,-0.75,-28.75,14.78
359,0.09,-0.26,1.0,25.72,-31.96,20.46
360,0.01,-0.2,1.1,9.82,-18.44,-8.44
361,0.2,-0.17,0.86,52.56,-17.46,33.08
362,-0.06,0.02,1.1,5.66,1.0,-1.38
363,0.13,-0.13,0.74,21.31,6.37,20.11
364,0.01,-0.08,0.87,-14.15,17.01,9.44
365,-0.05,-0.12,0.79,-12.18,12.06,19.17
366,-0.06,-0.08,0.76,-21.56,7.32,17.09
367,-0.1,-0.16,0.77,-26.69,-0.3,4.64
368,-0.15,-0.3,0.81,-21.33,-13.12,3.18
369,-0.13,-0.37,0.91,-17.89,-30.53,0.57
370,-0.01,-0.34,0.94,0.54,-23.75,29.48
371,0.02,-0.3,0.93,1.48,-10.92,43.1
372,-0.03,-0.31,0.92,-1.13,-2.43,35.27
373,-0.03,-0.29,0.91,-2.24,0.94,24.09
374,0.02,-0.23,0.88,-6.49,4.69,5.43
375,0.05,-0.21,0.84,-7.06,11.35,-9.43
376,0.01,-0.24,0.8,-2.86,10.96,-16.38
377,-0.11,-0.24,0.7,-5.13,0.69,-27.4
378,-0.05,-0.28,0.77,-3.18,-1.42,-26.95
379,-0.03,-0.32,0.79,-6.73,-6.91,-32.61
380,0.02,-0.3,0.81,-13.02,-4.73,-43.84
381,0.06,-0.27,0.83,-18.4,-1.85,-49.78
382,0.08,-0.26,0.78,-16.41,1.12,-38.79
383,0.05,-0.26,0.82,-23.65,5.23,-28.28
384,0.08,-0.24,0.82,-26.82,2.89,-28.76
385,0.2,-0.15,0.9,-34.67,5.25,-43.82
386,0.24,-0.13,0.99,-41.28,14.72,-61.01
387,0.2,-0.18,1.04,-47.31,22.73,-68.68
388,0.11,-0.28,1.11,-46.28,30.38,-61.77
389,0.02,-0.36,1.15,-43.27,37.4,-51.58
390,-0.04,-0.41,1.16,-35.01,41.68,-36.49
391,-0.1,-0.44,1.12,-27.33,48.18,-23.22
392,-0.16,-0.46,1.07,-19.79,49.47,-14.79
393,-0.24,-0.43,1.01,-17.27,47.72,-10.36
394,-0.26,-0.41,0.94,-17.32,42.9,-5.23
395,-0.28,-0.37,0.92,-17.6,37.33,-1.21
396,-0.26,-0.35,0.9,-17.5,31.62,-2.95
397,-0.26,-0.34,0.87,-16.44,26.69,-8.24
398,-0.25,-0.35,0.87,-13.29,19.01,-13.87
399,-0.26,-0.3,0.84,-10.98,8.96,-18.94
