,accel_x,accel_y,accel_z,gyro_x,gyro_y,gyro_z
0,-0.02,-0.44,0.9,-1.27,-3.28,-1.7
1,-0.02,-0.43,0.9,-1.23,-3.09,-0.91
2,-0.01,-0.44,0.9,-1.17,-2.46,-0.27
3,-0.01,-0.43,0.89,-0.69,-2.76,-1.08
4,0.0,-0.43,0.9,-0.44,-3.27,-2.48
5,-0.0,-0.41,0.89,-0.56,-3.72,-2.77
6,-0.01,-0.42,0.89,-0.29,-3.05,-3.06
7,-0.01,-0.42,0.89,0.37,-3.52,-2.94
8,0.01,-0.41,0.88,-0.01,-4.8,-2.68
9,0.0,-0.41,0.89,-1.22,-3.76,-2.18
10,-0.0,-0.41,0.89,-1.95,-3.49,-1.21
11,-0.01,-0.41,0.88,-2.21,-3.74,-0.69
12,-0.0,-0.43,0.88,-2.25,-4.67,-1.49
13,-0.0,-0.42,0.89,-1.51,-5.58,-2.26
14,0.02,-0.41,0.89,-1.16,-6.02,-3.04
15,0.02,-0.4,0.89,-1.66,-6.04,-2.02
16,0.02,-0.41,0.9,-2.34,-4.86,-1.56
17,0.01,-0.42,0.9,-3.05,-4.09,-1.28
18,0.01,-0.41,0.89,-3.08,-4.8,-1.18
19,0.01,-0.4,0.89,-2.98,-4.81,-1.51
20,0.02,-0.41,0.89,-3.15,-5.43,-1.31
21,0.03,-0.41,0.9,-3.42,-5.27,-3.05
22,0.02,-0.41,0.91,-3.02,-4.91,-3.71
23,0.04,-0.42,0.91,-2.87,-3.75,-3.69
24,0.04,-0.42,0.92,-3.02,-2.76,-2.62
25,0.02,-0.43,0.91,-3.24,-2.36,-3.15
26,0.02,-0.42,0.9,-4.02,-2.06,-3.51
27,0.01,-0.43,0.9,-4.15,-2.53,-3.79
28,0.02,-0.42,0.9,-4.33,-2.67,-4.09
29,0.01,-0.44,0.9,-4.47,-2.73,-4.63
30,-0.01,-0.48,0.92,-1.13,-3.92,-5.92
31,0.04,-0.44,0.9,-3.52,-3.12,-0.51
32,0.03,-0.44,0.9,-3.78,-3.65,-4.37
33,0.02,-0.44,0.9,-4.14,-3.16,-4.14
34,0.01,-0.44,0.91,-3.47,-3.62,-3.69
35,0.03,-0.42,0.89,-4.27,-3.61,-3.18
36,0.02,-0.43,0.9,-5.35,-3.69,-4.49
37,0.01,-0.44,0.91,-5.11,-3.79,-4.47
38,0.03,-0.43,0.91,-4.53,-3.64,-4.02
39,0.04,-0.43,0.91,-3.31,-3.56,-3.5
40,0.05,-0.43,0.91,-2.32,-2.53,-2.94
41,0.04,-0.42,0.91,-2.14,-1.76,-3.26
42,0.05,-0.42,0.9,-1.69,-1.82,-3.54
43,0.05,-0.41,0.9,-2.5,-0.96,-4.69
44,0.04,-0.42,0.9,-3.24,-0.37,-4.55
45,0.03,-0.44,0.9,-2.43,-1.39,-3.25
46,0.03,-0.43,0.9,-1.85,-2.94,-3.15
47,0.06,-0.41,0.93,-1.96,0.57,-2.36
48,0.03,-0.44,0.91,-0.71,0.98,-3.2
49,0.03,-0.43,0.9,-0.6,1.29,-3.15
50,0.01,-0.44,0.9,-0.95,1.63,-2.4
51,0.01,-0.44,0.9,-1.31,1.01,-1.29
52,0.0,-0.44,0.9,-1.38,0.5,-0.73
53,0.0,-0.43,0.89,-1.2,-0.03,0.15
54,0.0,-0.43,0.89,-1.24,-0.24,0.27
55,0.0,-0.42,0.89,-1.31,0.07,-0.74
56,0.01,-0.42,0.89,-1.07,0.69,-0.98
57,0.02,-0.41,0.88,-0.59,1.47,-0.98
58,0.02,-0.41,0.88,-0.38,1.84,-1.56
59,-0.0,-0.4,0.87,-0.26,-0.08,-0.9
60,-0.01,-0.4,0.87,-0.7,-1.6,-0.74
61,0.01,-0.39,0.87,-2.13,-1.76,-1.84
62,0.01,-0.41,0.88,-3.42,-2.08,-3.32
63,0.01,-0.41,0.89,-3.05,-2.14,-3.08
64,0.01,-0.42,0.88,-2.69,-2.85,-2.05
65,0.01,-0.41,0.88,-3.42,-3.05,-2.22
66,0.02,-0.42,0.89,-3.93,-2.79,-3.31
67,0.01,-0.42,0.89,-4.34,-3.22,-3.37
68,0.02,-0.43,0.9,-3.86,-4.16,-2.71
69,0.03,-0.43,0.9,-3.53,-4.92,-1.13
70,0.02,-0.44,0.91,-3.84,-4.37,-0.91
71,0.03,-0.43,0.91,-3.42,-4.36,-1.46
72,0.04,-0.43,0.91,-2.78,-3.9,-1.89
73,0.04,-0.43,0.91,-2.91,-3.14,-1.17
74,0.04,-0.43,0.92,-2.32,-2.18,-1.69
75,0.04,-0.43,0.91,-1.76,-1.56,-2.31
76,0.03,-0.43,0.91,-1.88,-1.23,-2.2
77,0.04,-0.42,0.9,-2.04,-1.31,-2.12
78,0.04,-0.41,0.89,-2.17,-1.25,-1.79
79,0.04,-0.41,0.89,-1.64,-1.32,-1.73
80,0.03,-0.4,0.87,-2.37,-1.27,-1.76
81,0.03,-0.41,0.87,-3.47,-1.45,-2.5
82,0.02,-0.41,0.89,-3.53,-2.64,-2.98
83,0.03,-0.42,0.89,-3.66,-3.11,-3.56
84,0.03,-0.42,0.89,-3.73,-2.79,-3.4
85,0.02,-0.43,0.9,-3.89,-3.16,-3.49
86,0.03,-0.44,0.9,-3.5,-3.6,-3.17
87,0.02,-0.44,0.9,-3.16,-3.89,-3.25
88,0.03,-0.44,0.91,-3.38,-3.92,-4.05
89,0.04,-0.44,0.92,-3.31,-3.69,-4.34
90,0.04,-0.44,0.91,-3.0,-3.21,-3.54
91,0.03,-0.44,0.91,-2.96,-2.69,-3.79
92,0.03,-0.43,0.91,-2.98,-2.97,-3.38
93,0.03,-0.43,0.9,-2.98,-3.44,-2.66
94,0.03,-0.43,0.89,-3.3,-3.85,-3.56
95,0.02,-0.42,0.88,-3.67,-4.6,-4.68
96,0.03,-0.42,0.89,-4.05,-5.01,-5.03
97,0.03,-0.42,0.9,-4.4,-5.15,-4.65
98,0.04,-0.42,0.9,-5.31,-5.03,-4.51
99,0.04,-0.43,0.89,-4.93,-4.3,-3.01
100,0.05,-0.45,0.91,-3.13,-2.92,-1.45
101,0.05,-0.45,0.91,-0.76,-1.2,-0.49
102,0.06,-0.43,0.9,0.08,0.53,-1.75
103,0.04,-0.41,0.89,0.8,1.81,-1.78
104,0.02,-0.4,0.88,0.23,1.67,-1.72
105,0.02,-0.4,0.87,-0.76,0.04,-1.79
106,0.02,-0.4,0.87,-1.34,-1.18,-3.11
107,0.02,-0.41,0.89,-2.06,-1.23,-3.36
108,0.03,-0.43,0.89,-2.31,-1.71,-3.35
109,0.01,-0.44,0.91,-0.83,-3.04,-4.85
110,0.04,-0.45,0.9,-1.52,-0.77,-1.22
111,0.04,-0.43,0.91,-1.58,-1.02,-3.06
112,0.04,-0.43,0.9,-0.57,-1.02,-2.56
113,0.04,-0.43,0.91,0.04,-1.06,-2.22
114,0.06,-0.43,0.92,1.11,-0.44,-0.83
115,0.05,-0.42,0.91,1.12,0.2,-1.63
116,0.05,-0.43,0.91,1.24,0.1,-3.19
117,0.02,-0.42,0.9,0.63,1.82,-0.18
118,0.04,-0.43,0.9,-0.91,1.26,-1.68
119,0.03,-0.43,0.89,-0.56,1.88,-1.76
120,0.03,-0.42,0.9,-0.26,2.36,-0.27
121,0.03,-0.41,0.88,-1.21,2.44,-0.94
122,0.02,-0.4,0.88,-0.78,1.51,-0.69
123,0.02,-0.4,0.88,-0.93,1.35,-0.98
124,0.01,-0.4,0.88,-0.47,0.99,-0.74
125,0.01,-0.4,0.88,-0.16,-0.84,-0.72
126,0.02,-0.4,0.88,-0.31,-1.69,-1.92
127,0.03,-0.39,0.88,-1.15,-1.7,-3.06
128,0.03,-0.39,0.88,-1.63,-1.45,-3.87
129,0.04,-0.4,0.89,-1.84,-1.1,-4.45
130,0.05,-0.4,0.9,-1.26,-0.12,-4.77
131,0.06,-0.39,0.89,-1.2,1.79,-3.04
132,0.05,-0.39,0.87,-1.21,5.5,-0.81
133,0.05,-0.38,0.86,-0.79,9.96,2.69
134,0.05,-0.34,0.82,-1.69,15.39,7.92
135,0.02,-0.31,0.8,-3.58,19.03,10.24
136,-0.03,-0.28,0.77,-6.48,16.85,11.2
137,-0.04,-0.26,0.74,-11.92,11.99,8.48
138,-0.05,-0.26,0.74,-19.92,8.57,4.43
139,-0.09,-0.33,0.76,-26.66,2.95,-3.21
140,-0.1,-0.37,0.83,-31.21,-5.95,-8.31
141,-0.08,-0.38,0.91,-33.81,-14.68,-11.25
142,-0.07,-0.37,1.06,-36.71,-23.24,-10.95
143,-0.04,-0.33,1.29,-41.91,-33.46,-8.87
144,0.04,-0.32,1.64,-54.32,-35.55,-17.96
145,0.14,-0.52,1.98,-49.27,-31.06,-26.52
146,0.33,-0.57,2.0,-69.01,-11.92,-17.0
147,0.35,-0.87,2.0,-66.84,7.37,-9.29
148,0.33,-1.32,2.0,-50.93,31.62,-2.38
149,0.22,-1.75,2.0,-8.88,41.66,16.19
150,0.23,-1.93,2.0,18.7,50.39,42.08
151,0.2,-2.0,2.0,42.96,60.4,46.79
152,0.18,-2.0,2.0,76.69,70.21,46.21
153,0.08,-2.0,2.0,126.24,77.6,39.85
154,-0.02,-2.0,2.0,179.75,73.88,24.95
155,-0.11,-2.0,2.0,226.28,73.18,13.47
156,-0.15,-1.88,2.0,250.13,75.07,16.52
157,-0.08,-1.61,1.6,250.13,82.79,36.45
158,-0.0,-1.24,1.15,250.13,115.56,66.74
159,0.02,-0.78,0.69,250.13,140.21,98.38
160,-0.08,-0.35,0.43,246.96,154.53,142.28
161,-0.19,-0.06,0.17,219.24,152.85,156.88
162,-0.2,0.13,-0.0,204.6,141.52,128.46
163,-0.51,0.17,-0.22,206.08,110.41,70.78
164,-0.69,0.17,-0.27,222.8,53.95,6.21
165,-0.68,0.24,-0.35,236.84,-10.05,-46.4
166,-0.5,0.4,-0.41,225.75,-47.3,-80.26
167,-0.17,0.61,-0.47,181.79,-47.03,-74.9
168,0.05,0.7,-0.51,97.45,-7.4,-46.14
169,0.19,0.54,-0.45,-3.32,44.67,3.63
170,0.11,0.21,-0.41,-83.34,79.7,48.95
171,0.01,0.03,-0.35,-114.05,98.81,78.48
172,-0.03,-0.33,-0.12,-93.75,65.9,52.77
173,0.13,-0.45,0.04,-68.8,49.63,15.72
174,0.11,-0.64,-0.11,-0.37,38.53,-2.61
175,0.01,-0.62,0.09,51.97,33.16,-9.71
176,-0.22,-0.61,0.0,103.42,6.0,-19.69
177,-0.18,-0.43,-0.09,141.22,-32.95,-48.85
178,-0.03,-0.17,-0.15,151.47,-42.98,-68.66
179,0.02,0.03,-0.21,130.33,-35.3,-63.08
180,-0.04,0.11,-0.22,95.53,-18.49,-39.24
181,-0.13,0.16,-0.17,61.9,-9.08,-10.54
182,-0.16,0.2,-0.09,38.47,-10.29,0.4
183,-0.08,0.26,-0.03,35.89,-19.87,-2.51
184,-0.07,0.3,0.02,28.54,-25.53,-17.67
185,-0.06,0.28,0.06,26.18,-27.56,-18.46
186,-0.06,0.32,0.1,20.24,-42.52,-13.12
187,-0.06,0.31,0.19,11.46,-49.63,-7.1
188,0.0,0.34,0.25,3.18,-50.5,7.82
189,0.09,0.39,0.37,-5.31,-44.1,30.43
190,0.1,0.37,0.4,-18.43,-28.96,44.53
191,0.12,0.35,0.45,-31.98,-21.43,51.91
192,0.1,0.33,0.48,-38.59,-15.57,60.45
193,0.07,0.32,0.52,-44.05,-15.73,60.33
194,0.09,0.34,0.54,-44.17,-14.69,52.77
195,0.11,0.4,0.61,-46.21,-16.6,38.79
196,0.08,0.39,0.66,-51.21,-25.73,23.25
197,0.03,0.36,0.71,-40.28,-19.75,8.5
198,0.0,0.26,0.76,-31.51,-21.93,9.39
199,0.01,0.26,0.78,-26.4,-26.83,5.0
200,0.02,0.3,0.8,-26.14,-24.47,1.69
201,-0.0,0.25,0.77,-27.92,-20.63,2.49
202,-0.01,0.23,0.83,-28.99,-14.25,6.5
203,-0.07,0.18,0.84,-32.0,-11.42,6.83
204,-0.11,0.15,0.8,-30.32,-9.44,5.58
205,-0.14,0.13,0.82,-33.82,-7.66,6.57
206,-0.19,0.07,0.81,-32.89,-12.64,3.89
207,-0.27,0.09,0.81,-36.33,-23.53,-2.66
208,-0.27,0.13,0.82,-35.82,-33.89,-6.85
209,-0.26,0.13,0.84,-34.35,-41.58,-11.13
210,-0.17,0.16,0.88,-38.18,-44.47,-14.6
211,-0.07,0.16,0.94,-47.25,-38.93,-15.11
212,0.01,0.1,0.97,-49.67,-32.9,-15.23
213,0.05,0.05,1.02,-52.56,-24.13,-13.92
214,0.04,0.05,1.06,-55.09,-14.16,-8.42
215,0.01,0.02,1.06,-52.95,-3.79,-6.14
216,-0.06,-0.02,1.02,-47.44,3.56,-4.41
217,-0.15,-0.02,0.98,-41.98,2.36,-3.7
218,-0.27,0.02,0.9,-37.36,-8.15,-1.06
219,-0.33,0.08,0.88,-38.32,-20.34,-6.24
220,-0.36,0.16,0.89,-41.79,-39.09,-12.33
221,-0.21,0.24,0.96,-47.73,-47.43,-21.47
222,-0.08,0.23,1.03,-56.87,-42.13,-29.53
223,0.08,0.16,1.1,-64.25,-34.7,-35.21
224,0.17,0.1,1.12,-57.46,-31.31,-43.12
225,0.26,0.04,1.18,-51.23,-27.77,-54.84
226,0.27,-0.0,1.23,-46.08,-13.27,-55.6
227,0.24,-0.08,1.22,-40.9,4.11,-55.59
228,0.12,-0.13,1.11,-32.22,21.98,-47.18
229,0.03,-0.17,1.17,-40.57,29.15,-35.98
230,-0.09,-0.16,1.08,-39.38,34.47,-22.93
231,-0.18,-0.11,0.98,-46.63,33.41,-15.05
232,-0.24,-0.08,0.95,-55.46,28.82,-11.36
233,-0.36,-0.1,0.89,-65.24,21.82,-6.44
234,-0.34,-0.13,0.89,-71.79,7.88,-12.46
235,-0.25,-0.15,0.95,-73.6,-8.34,-22.04
236,-0.17,-0.21,1.05,-67.63,-16.62,-30.9
237,-0.13,-0.3,1.14,-55.71,-15.24,-36.74
238,-0.14,-0.38,1.19,-35.57,-16.76,-42.13
239,-0.18,-0.41,1.19,-10.22,-23.2,-47.31
240,-0.23,-0.4,1.15,10.76,-32.11,-49.63
241,-0.21,-0.31,1.11,17.04,-37.05,-44.7
242,-0.17,-0.24,1.05,13.69,-37.97,-34.05
243,-0.15,-0.2,1.05,-1.82,-31.85,-21.48
244,-0.12,-0.2,1.07,-18.1,-26.98,-0.25
245,-0.13,-0.21,1.1,-30.85,-15.36,17.81
246,-0.1,-0.2,1.12,-38.23,-7.99,20.69
247,-0.15,-0.16,1.12,-38.32,-5.96,15.24
248,-0.15,-0.18,1.11,-31.18,-7.91,9.81
249,-0.19,-0.17,1.1,-20.97,-13.33,0.9
250,-0.18,-0.13,1.05,-11.59,-20.42,-11.4
251,-0.14,-0.08,1.03,-7.93,-26.24,-21.4
252,-0.14,-0.09,1.03,-9.53,-30.7,-27.9
253,-0.11,-0.12,1.07,-13.23,-29.62,-24.32
254,-0.1,-0.14,1.09,-17.82,-25.46,-18.62
255,-0.05,-0.16,1.12,-21.46,-16.66,-7.21
256,-0.04,-0.15,1.13,-25.47,-6.34,2.24
257,-0.09,-0.15,1.11,-25.75,-4.28,3.88
258,-0.12,-0.12,1.08,-23.46,-9.24,0.05
259,-0.11,-0.1,1.09,-22.21,-15.85,-4.61
260,-0.05,-0.1,1.08,-23.75,-20.92,-9.16
261,0.02,-0.09,1.07,-26.41,-23.52,-19.18
262,0.09,-0.09,1.08,-30.18,-22.64,-27.72
263,0.12,-0.12,1.06,-31.14,-16.93,-33.91
264,0.1,-0.17,1.06,-29.59,-10.11,-35.02
265,0.01,-0.21,1.03,-28.89,-8.89,-37.4
266,-0.05,-0.22,1.01,-28.15,-10.53,-40.96
267,-0.08,-0.23,1.0,-26.18,-14.62,-39.27
268,-0.09,-0.21,1.01,-28.46,-20.81,-38.24
269,-0.05,-0.2,0.99,-27.83,-24.07,-36.11
270,-0.02,-0.2,1.0,-34.33,-24.11,-35.14
271,0.03,-0.23,1.01,-41.43,-21.08,-33.44
272,0.04,-0.28,1.03,-45.98,-17.18,-30.37
273,0.02,-0.35,1.05,-46.66,-14.65,-28.78
274,-0.0,-0.39,1.06,-42.15,-13.54,-27.15
275,0.01,-0.41,1.09,-38.21,-13.07,-26.2
276,0.01,-0.42,1.09,-33.51,-11.89,-24.34
277,0.06,-0.4,1.09,-28.04,-8.58,-21.58
278,0.08,-0.36,1.1,-25.56,-3.48,-16.76
279,0.07,-0.35,1.07,-24.44,2.98,-10.58
280,0.05,-0.31,1.05,-25.68,9.97,-4.43
281,-0.01,-0.31,1.0,-27.95,10.34,-0.27
282,-0.04,-0.28,0.97,-28.63,9.93,3.18
283,-0.09,-0.28,0.95,-27.11,3.99,4.76
284,-0.06,-0.28,0.96,-26.63,-2.25,6.4
285,-0.01,-0.27,0.96,-26.42,-7.02,7.95
286,0.04,-0.28,0.98,-27.9,-8.35,8.75
287,0.06,-0.28,0.99,-26.99,-7.98,6.58
288,0.08,-0.3,0.99,-23.19,-8.02,3.09
289,0.1,-0.3,1.01,-19.01,-5.81,1.15
290,0.09,-0.3,0.99,-16.87,-0.52,-1.14
291,0.07,-0.3,0.99,-17.96,4.36,-3.08
292,0.03,-0.32,0.98,-17.89,7.47,-2.39
293,0.01,-0.31,0.96,-16.97,8.9,0.07
294,-0.0,-0.3,0.94,-17.89,7.88,-0.03
295,-0.02,-0.28,0.94,-17.66,5.11,-2.49
296,-0.06,-0.27,0.95,-19.53,2.49,-4.17
297,-0.13,-0.29,0.96,-19.18,-1.79,-6.21
298,-0.17,-0.29,0.97,-15.16,-8.67,-6.89
299,-0.17,-0.27,0.95,-14.15,-16.05,-5.02
300,-0.11,-0.27,0.95,-16.8,-17.87,-1.71
301,-0.07,-0.29,0.95,-20.31,-20.6,1.29
302,-0.0,-0.3,0.97,-21.64,-21.98,1.45
303,0.07,-0.3,0.99,-20.75,-22.66,0.44
304,0.13,-0.3,1.01,-20.11,-20.18,-2.29
305,0.15,-0.34,1.01,-12.57,-17.88,-4.67
306,0.23,-0.31,1.06,-14.56,-6.48,-10.1
307,0.24,-0.35,1.03,-13.16,5.02,-2.37
308,0.14,-0.35,1.0,-6.79,10.89,-4.89
309,0.14,-0.34,0.95,-5.84,18.97,-2.53
310,0.06,-0.35,0.91,-7.66,22.55,-4.66
311,-0.04,-0.36,0.88,-7.92,21.02,-5.23
312,-0.15,-0.4,0.86,-7.65,14.02,-7.01
313,-0.2,-0.41,0.84,-7.18,3.61,-7.11
314,-0.2,-0.43,0.85,-9.73,-6.17,-6.98
315,-0.16,-0.42,0.88,-13.21,-12.21,-7.69
316,-0.09,-0.45,0.91,-13.17,-14.18,-6.15
317,-0.02,-0.45,0.95,-11.28,-14.34,-1.98
318,0.04,-0.43,0.98,-10.24,-11.95,0.87
319,0.05,-0.43,0.97,-6.43,-10.13,0.63
320,0.04,-0.4,0.96,-0.39,-11.22,-1.82
321,0.05,-0.36,0.95,4.21,-13.45,-7.07
322,0.06,-0.33,0.93,4.94,-14.21,-11.2
323,0.05,-0.3,0.92,1.56,-13.89,-12.97
324,0.04,-0.3,0.92,-5.16,-13.44,-9.43
325,0.05,-0.3,0.92,-13.15,-10.61,-3.37
326,0.03,-0.33,0.92,-20.28,-11.11,2.97
327,0.05,-0.35,0.97,-23.05,-4.59,8.34
328,0.02,-0.42,0.97,-18.48,-8.79,12.37
329,0.05,-0.39,0.99,-20.02,-7.57,10.11
330,0.06,-0.4,0.97,-17.06,-5.03,10.05
331,0.07,-0.4,0.99,-13.0,-7.73,4.49
332,0.08,-0.42,0.98,-7.59,-9.21,-1.1
333,0.1,-0.42,0.99,-5.45,-7.5,-3.43
334,0.08,-0.43,0.99,-2.67,-5.62,-2.82
335,0.1,-0.43,0.98,1.08,-3.62,-1.07
336,0.11,-0.4,0.98,-0.79,-0.51,-0.76
337,0.1,-0.4,0.97,-2.25,2.44,2.02
338,0.08,-0.41,0.97,-2.38,3.05,0.5
339,0.09,-0.4,0.95,-1.46,4.18,0.25
340,0.08,-0.39,0.94,-1.6,4.18,0.93
341,0.07,-0.4,0.93,-1.61,4.97,1.37
342,0.07,-0.38,0.93,-2.61,5.98,1.44
343,0.06,-0.38,0.91,-4.56,5.56,1.53
344,0.05,-0.38,0.91,-6.39,6.22,2.92
345,0.04,-0.39,0.91,-6.81,5.11,2.2
346,0.05,-0.39,0.91,-6.81,4.69,0.73
347,0.04,-0.38,0.91,-5.79,3.77,2.02
348,0.05,-0.39,0.9,-4.15,3.41,2.27
349,0.05,-0.37,0.9,-3.15,3.74,0.32
350,0.05,-0.36,0.89,-2.62,3.56,-1.34
351,0.04,-0.35,0.89,-1.4,2.03,-1.66
352,0.03,-0.33,0.88,-0.43,-0.34,-3.63
353,0.05,-0.32,0.89,-2.02,-0.57,-6.73
354,0.06,-0.33,0.9,-3.24,-1.4,-7.35
355,0.06,-0.33,0.91,-3.24,-1.51,-7.5
356,0.08,-0.34,0.9,-4.92,-0.08,-6.82
357,0.06,-0.36,0.91,-6.13,0.81,-5.77
358,0.05,-0.36,0.91,-5.44,1.06,-5.63
359,0.05,-0.38,0.91,-4.24,1.02,-7.38
360,0.04,-0.39,0.92,-4.08,0.89,-8.82
361,0.03,-0.42,0.92,-2.79,1.02,-8.59
362,0.04,-0.4,0.93,-2.11,1.4,-7.11
363,0.06,-0.4,0.92,-3.22,2.22,-6.31
364,0.02,-0.41,0.93,-4.84,2.76,-6.27
365,0.01,-0.44,0.94,-4.18,1.57,-5.24
366,0.01,-0.43,0.94,-2.41,1.3,-3.32
367,0.02,-0.41,0.92,-2.18,2.08,-2.68
368,0.01,-0.42,0.92,-0.85,2.35,-3.29
369,-0.0,-0.41,0.92,-0.21,0.28,-4.11
370,0.02,-0.39,0.92,-0.12,0.34,-3.65
371,0.02,-0.37,0.92,-1.14,0.63,-0.76
372,0.04,-0.35,0.91,-1.87,0.67,-0.01
373,0.03,-0.34,0.9,-2.89,0.95,-3.54
374,0.01,-0.36,0.9,-2.91,0.53,-3.95
375,0.01,-0.35,0.9,-2.78,-1.02,-2.92
376,0.03,-0.32,0.88,-3.69,-0.73,-2.94
377,0.06,-0.32,0.88,-4.75,1.11,-3.27
378,0.03,-0.33,0.88,-3.7,0.57,-5.05
379,0.03,-0.35,0.89,-3.97,-0.83,-4.95
380,0.02,-0.35,0.88,-4.99,-2.23,-3.48
381,0.03,-0.34,0.88,-5.44,-2.04,-4.38
382,0.04,-0.35,0.88,-7.23,-0.42,-5.81
383,0.01,-0.39,0.89,-9.44,-0.09,-6.38
384,-0.01,-0.43,0.9,-8.61,-2.93,-4.96
385,-0.02,-0.43,0.9,-7.52,-4.66,-3.52
386,0.02,-0.42,0.92,-7.55,-4.5,-3.51
387,0.03,-0.41,0.91,-7.67,-4.07,-3.64
388,0.01,-0.43,0.93,-6.81,-6.25,-4.66
389,0.02,-0.42,0.92,-4.9,-7.56,-2.5
390,0.02,-0.41,0.92,-4.52,-6.67,-0.22
391,0.04,-0.41,0.93,-4.86,-5.7,-0.18
392,0.05,-0.4,0.93,-5.56,-3.94,-0.02
393,0.04,-0.4,0.92,-6.3,-2.12,1.23
394,0.04,-0.4,0.92,-4.73,-2.44,0.48
395,0.05,-0.4,0.93,-3.48,-2.56,-0.19
396,0.05,-0.4,0.92,-1.82,-2.2,0.28
397,0.05,-0.39,0.92,-1.0,-0.78,-0.29
398,0.05,-0.38,0.92,-1.49,-1.19,1.41
399,0.06,-0.38,0.92,-2.86,-0.15,2.02
