,accel_x,accel_y,accel_z,gyro_x,gyro_y,gyro_z
0,0.12,-0.25,0.93,-2.95,4.81,-4.03
1,0.1,-0.26,0.95,-4.7,5.62,-0.53
2,0.07,-0.27,0.95,-4.9,7.49,-0.35
3,0.05,-0.28,0.95,-4.01,4.89,-1.18
4,0.04,-0.27,0.94,-4.85,3.37,-2.98
5,0.06,-0.27,0.95,-4.69,-0.65,-0.58
6,0.08,-0.29,0.96,-2.34,-2.09,3.07
7,0.07,-0.29,0.95,-1.22,-1.85,2.71
8,0.07,-0.28,0.94,-2.77,-0.92,1.56
9,0.07,-0.29,0.93,-3.3,0.5,-0.89
10,0.08,-0.28,0.95,-0.97,-1.63,-2.65
11,0.07,-0.26,0.92,-0.63,-0.28,-3.4
12,0.06,-0.26,0.92,-3.41,1.87,-2.6
13,0.05,-0.27,0.92,-5.63,2.41,-2.59
14,0.06,-0.27,0.91,-6.44,0.63,-2.52
15,0.06,-0.26,0.91,-7.65,-0.45,-3.25
16,0.06,-0.27,0.92,-8.9,-0.56,-3.35
17,0.06,-0.28,0.93,-10.44,-1.31,-4.4
18,0.05,-0.28,0.92,-10.85,-0.84,-6.35
19,0.09,-0.29,0.94,-9.24,1.1,-4.4
20,0.08,-0.31,0.96,-8.23,1.45,-5.01
21,0.08,-0.3,0.97,-7.69,2.34,-6.79
22,0.1,-0.3,0.96,-7.89,3.4,-8.28
23,0.12,-0.31,0.97,-6.8,5.08,-7.47
24,0.1,-0.3,0.97,-7.84,8.56,-7.68
25,0.09,-0.3,0.97,-9.28,10.89,-9.59
26,0.09,-0.31,0.98,-8.62,9.13,-9.16
27,0.08,-0.31,0.98,-7.18,8.9,-9.69
28,0.06,-0.3,0.98,-5.31,5.8,-8.15
29,0.06,-0.3,0.98,-5.24,4.15,-8.02
30,0.06,-0.29,0.99,-4.18,0.69,-4.64
31,0.05,-0.29,0.98,-2.16,-1.34,-2.15
32,0.07,-0.28,0.96,-2.5,-1.05,-1.8
33,0.07,-0.27,0.95,-3.52,-0.91,-2.85
34,0.08,-0.27,0.94,-2.65,-2.72,-1.27
35,0.07,-0.28,0.93,-2.51,-2.48,-2.32
36,0.07,-0.27,0.93,-3.34,-1.56,-2.8
37,0.06,-0.27,0.92,-5.14,-0.45,-2.99
38,0.07,-0.27,0.92,-6.17,1.09,-3.52
39,0.06,-0.27,0.91,-7.05,2.42,-3.24
40,0.04,-0.28,0.91,-8.95,2.35,-3.42
41,0.02,-0.29,0.92,-10.98,-0.11,-4.05
42,0.05,-0.31,0.94,-10.75,-0.02,-3.26
43,0.07,-0.32,0.96,-9.52,-0.63,-4.26
44,0.07,-0.32,0.96,-8.24,1.44,-5.53
45,0.05,-0.33,0.96,-8.63,3.37,-5.16
46,0.06,-0.32,0.96,-8.18,2.2,-2.35
47,0.06,-0.32,0.97,-6.94,3.05,-1.65
48,0.06,-0.32,0.97,-7.0,2.91,-2.71
49,0.05,-0.33,0.96,-7.23,2.92,-3.27
50,0.06,-0.33,0.99,-4.04,-0.11,-1.3
51,0.07,-0.33,0.97,-1.38,0.15,-1.12
52,0.07,-0.32,0.97,-0.93,2.42,-2.5
53,0.06,-0.31,0.96,-2.47,4.03,-2.69
54,0.05,-0.31,0.95,-2.86,3.31,-3.49
55,0.06,-0.3,0.94,-0.89,-0.24,-0.4
56,0.06,-0.29,0.93,-1.4,-0.53,-0.93
57,0.05,-0.28,0.93,-2.81,-0.01,-1.4
58,0.06,-0.28,0.93,-3.59,-0.03,-2.75
59,0.07,-0.27,0.91,-3.86,-2.07,-2.71
60,0.08,-0.26,0.91,-6.11,-0.53,-4.59
61,0.07,-0.27,0.92,-7.39,0.47,-4.9
62,0.07,-0.28,0.93,-8.24,1.05,-2.93
63,0.07,-0.28,0.93,-8.81,2.41,-4.24
64,0.06,-0.3,0.93,-8.95,3.81,-4.76
65,0.05,-0.3,0.94,-9.53,4.38,-4.67
66,0.07,-0.3,0.92,-10.56,5.39,-5.39
67,0.05,-0.3,0.93,-11.49,7.28,-8.08
68,0.03,-0.3,0.93,-11.31,5.99,-9.26
69,0.03,-0.31,0.95,-9.27,-0.04,-4.34
70,0.03,-0.3,0.94,-8.2,-2.76,-3.21
71,0.05,-0.31,0.94,-8.29,-3.02,-4.27
72,0.06,-0.31,0.93,-8.18,-3.44,-3.86
73,0.07,-0.32,0.94,-8.71,-2.36,-2.92
74,0.06,-0.32,0.94,-10.02,-0.73,-4.41
75,0.05,-0.33,0.95,-10.24,-0.56,-3.8
76,0.07,-0.35,0.97,-8.52,0.36,-3.68
77,0.06,-0.35,0.97,-5.35,-1.77,-3.31
78,0.06,-0.34,0.97,-3.75,-1.36,-4.49
79,0.06,-0.33,0.96,-2.54,-0.79,-4.57
80,-0.15,-0.24,0.75,-10.5,-20.41,-13.69
81,0.04,-0.33,0.95,-6.92,1.5,-3.94
82,0.08,-0.34,0.97,-3.23,-0.39,-4.6
83,0.04,-0.33,0.95,-0.85,-4.41,-4.85
84,0.05,-0.31,0.94,-1.6,-2.02,-2.87
85,0.07,-0.31,0.93,-2.89,-0.11,-3.38
86,0.08,-0.3,0.92,-2.86,-0.65,-2.24
87,0.07,-0.29,0.93,-3.91,1.5,-1.5
88,0.06,-0.3,0.94,-4.26,1.62,-1.16
89,0.07,-0.3,0.94,-3.77,1.66,-2.28
90,0.08,-0.31,0.94,-3.34,1.43,-3.73
91,0.06,-0.32,0.94,-3.26,1.13,-5.63
92,0.05,-0.34,0.94,-1.87,0.12,-6.76
93,0.05,-0.34,0.93,-0.41,-1.79,-6.34
94,0.05,-0.34,0.93,-0.66,-1.23,-4.4
95,0.04,-0.33,0.93,-0.53,-1.19,-3.18
96,0.04,-0.33,0.93,-0.1,-2.48,-1.78
97,0.03,-0.32,0.94,-0.15,-3.56,-0.44
98,0.02,-0.31,0.92,-1.06,-4.04,-0.75
99,0.03,-0.32,0.92,-2.02,-4.6,-0.95
100,0.03,-0.33,0.93,-2.11,-5.85,-2.0
101,0.02,-0.33,0.94,-2.48,-7.57,-2.21
102,0.04,-0.33,0.95,-2.34,-8.11,-2.95
103,0.08,-0.33,0.95,-1.85,-6.9,-1.97
104,0.08,-0.33,0.97,-2.64,-3.69,-1.95
105,0.09,-0.33,0.96,-2.17,-1.88,-2.51
106,0.09,-0.33,0.96,-1.67,-0.22,-1.49
107,0.08,-0.34,0.95,-1.46,0.84,-2.52
108,0.08,-0.33,0.95,-0.72,1.27,-3.79
109,0.05,-0.34,0.94,-0.87,1.28,-4.4
110,0.05,-0.33,0.94,-0.66,-0.66,-2.77
111,0.06,-0.31,0.92,-0.66,-1.67,-2.33
112,0.07,-0.3,0.92,-1.11,-1.57,-1.44
113,0.06,-0.3,0.91,-2.1,-1.69,-1.13
114,0.07,-0.31,0.92,-1.78,-2.69,-0.94
115,0.07,-0.3,0.92,-1.57,-2.56,-2.73
116,0.06,-0.29,0.91,-1.85,-1.92,-2.27
117,0.05,-0.3,0.91,-2.1,-2.89,-2.56
118,0.05,-0.29,0.92,-1.89,-4.54,-3.7
119,0.07,-0.29,0.92,-2.54,-5.45,-3.14
120,0.07,-0.3,0.93,-3.5,-4.25,-4.31
121,0.07,-0.32,0.95,-2.92,-2.65,-4.18
122,0.07,-0.33,0.95,-2.16,-0.83,-3.73
123,0.06,-0.32,0.94,-2.34,0.43,-2.36
124,0.06,-0.31,0.92,-3.29,1.31,-3.26
125,0.06,-0.31,0.94,-4.17,1.05,-2.89
126,0.07,-0.31,0.94,-4.1,1.34,-2.18
127,0.08,-0.29,0.94,-5.4,1.89,-3.74
128,0.09,-0.29,0.94,-7.56,3.31,-3.95
129,0.08,-0.29,0.95,-9.77,6.64,-4.29
130,0.04,-0.3,0.99,-11.56,6.44,-4.81
131,0.01,-0.28,1.03,-15.46,7.15,-4.82
132,-0.02,-0.21,1.08,-23.85,6.63,-2.15
133,-0.07,-0.16,1.16,-33.92,0.89,0.49
134,-0.07,-0.1,1.35,-45.66,-0.76,3.04
135,-0.07,-0.09,1.51,-55.6,-18.73,8.79
136,-0.05,-0.23,1.75,-68.9,-19.27,6.17
137,0.08,-0.44,2.0,-70.32,-32.21,0.93
138,0.41,-0.74,2.0,-60.46,-44.97,-2.85
139,0.53,-1.11,2.0,-33.4,-32.37,-7.15
140,0.67,-1.43,2.0,19.36,-1.3,6.27
141,0.83,-1.57,2.0,58.9,38.18,16.57
142,0.72,-1.59,2.0,86.7,78.8,26.41
143,0.66,-1.59,2.0,106.72,129.24,40.73
144,0.51,-1.58,2.0,126.5,163.97,51.2
145,0.3,-1.58,2.0,146.85,174.39,47.37
146,0.03,-1.53,2.0,179.37,157.67,32.12
147,-0.14,-1.42,1.82,225.76,129.45,13.8
148,-0.31,-1.16,1.46,250.13,82.73,-4.64
149,-0.21,-0.9,1.19,250.13,75.06,-13.18
150,-0.16,-0.75,0.94,245.74,75.89,-5.53
151,-0.09,-0.63,0.71,224.68,86.24,10.71
152,0.01,-0.51,0.49,206.66,107.9,34.17
153,0.04,-0.35,0.31,179.19,134.11,71.91
154,0.01,-0.24,0.14,150.18,153.21,103.53
155,-0.07,-0.17,0.02,135.09,152.21,105.5
156,-0.2,-0.06,-0.08,133.7,119.35,90.27
157,-0.24,0.07,-0.18,139.97,75.62,62.07
158,-0.22,0.26,-0.25,134.24,42.63,39.29
159,-0.08,0.37,-0.26,122.7,32.11,23.05
160,-0.0,0.51,-0.32,111.44,29.5,11.28
161,0.06,0.66,-0.45,90.15,31.73,-2.6
162,0.01,0.74,-0.52,65.0,25.85,-24.53
163,-0.02,0.74,-0.52,41.85,16.27,-40.34
164,-0.08,0.71,-0.52,15.17,9.01,-49.13
165,-0.07,0.65,-0.5,-15.4,10.19,-55.72
166,-0.07,0.52,-0.47,-45.26,21.57,-54.13
167,-0.1,0.37,-0.41,-69.46,29.29,-48.34
168,-0.2,0.19,-0.27,-95.34,36.53,-44.64
169,-0.3,-0.01,-0.08,-103.12,28.27,-38.78
170,-0.35,-0.21,0.08,-93.98,19.48,-31.74
171,-0.39,-0.4,0.26,-62.18,-0.43,-32.16
172,-0.36,-0.49,0.3,-27.41,-21.55,-30.9
173,-0.29,-0.4,0.35,1.98,-43.85,-34.56
174,-0.22,-0.27,0.36,21.46,-51.68,-29.11
175,-0.12,-0.12,0.38,28.79,-49.71,-12.4
176,-0.18,-0.01,0.4,22.35,-37.42,3.74
177,-0.25,0.05,0.43,14.24,-35.13,13.29
178,-0.24,0.1,0.49,9.27,-42.21,18.14
179,-0.09,0.23,0.56,0.01,-42.27,25.76
180,0.0,0.37,0.62,-11.47,-34.85,29.4
181,0.03,0.43,0.64,-20.04,-27.98,20.88
182,0.08,0.46,0.71,-25.91,-24.92,12.56
183,0.14,0.48,0.73,-30.49,-22.21,2.4
184,0.16,0.44,0.75,-33.04,-13.55,-6.6
185,0.09,0.38,0.78,-32.81,-5.66,-11.3
186,0.02,0.32,0.8,-33.2,-0.45,-11.61
187,-0.04,0.28,0.81,-32.19,0.67,-5.89
188,-0.13,0.23,0.79,-32.95,0.68,-1.15
189,-0.21,0.19,0.79,-32.44,-4.21,4.01
190,-0.28,0.11,0.81,-27.14,-15.75,2.98
191,-0.31,0.1,0.81,-23.22,-20.09,2.05
192,-0.28,0.11,0.8,-17.69,-27.31,2.24
193,-0.27,0.14,0.82,-17.35,-31.79,1.47
194,-0.23,0.2,0.83,-17.63,-32.45,-1.54
195,-0.15,0.23,0.83,-19.92,-29.42,-4.24
196,-0.12,0.25,0.85,-24.37,-23.41,-3.63
197,-0.11,0.21,0.85,-25.02,-20.62,-0.81
198,-0.12,0.18,0.83,-28.23,-15.56,-2.09
199,-0.14,0.15,0.82,-34.31,-13.91,-6.95
200,-0.15,0.15,0.85,-38.21,-15.27,-5.7
201,-0.14,0.1,0.86,-39.64,-9.17,-5.85
202,-0.19,0.05,0.86,-38.31,-7.34,-6.74
203,-0.18,0.01,0.85,-36.19,-8.82,-1.93
204,-0.22,0.02,0.85,-35.02,-8.22,1.86
205,-0.27,0.0,0.84,-33.68,-7.81,2.37
206,-0.3,0.0,0.83,-34.39,-11.95,5.18
207,-0.3,0.06,0.84,-38.88,-18.12,6.98
208,-0.24,0.08,0.83,-43.24,-20.62,6.23
209,-0.2,0.06,0.83,-45.28,-21.27,3.78
210,-0.19,0.05,0.85,-47.45,-26.57,-2.6
211,-0.14,0.04,0.87,-49.78,-28.74,-5.24
212,-0.1,0.01,0.89,-50.18,-27.98,-3.82
213,-0.05,-0.04,0.94,-53.05,-20.72,-3.02
214,-0.08,-0.07,0.98,-53.3,-14.86,-4.3
215,-0.12,-0.1,0.99,-51.76,-9.33,-2.88
216,-0.14,-0.13,1.01,-50.47,-5.14,0.55
217,-0.15,-0.15,0.99,-46.97,-3.92,-1.85
218,-0.16,-0.16,0.97,-43.85,-1.31,-4.36
219,-0.2,-0.18,0.96,-42.7,-0.12,-4.23
220,-0.19,-0.16,0.96,-43.69,-0.36,-4.32
221,-0.15,-0.11,0.96,-46.95,-0.07,-1.95
222,-0.15,-0.12,0.96,-47.22,2.21,-1.5
223,-0.17,-0.16,0.96,-45.58,1.98,-3.7
224,-0.21,-0.19,0.94,-42.53,-1.98,-4.15
225,-0.2,-0.22,0.92,-39.95,-3.96,-5.69
226,-0.21,-0.22,0.92,-39.02,-7.01,-7.74
227,-0.19,-0.19,0.93,-42.08,-9.42,-7.36
228,-0.13,-0.14,0.95,-48.47,-5.76,-6.9
229,-0.11,-0.15,0.98,-52.21,0.53,-8.07
230,-0.16,-0.2,1.0,-50.14,3.47,-5.87
231,-0.2,-0.24,1.0,-42.91,1.98,-5.61
232,-0.2,-0.25,0.97,-37.18,-0.08,-6.39
233,-0.22,-0.22,0.93,-35.75,-3.18,-9.28
234,-0.2,-0.2,0.94,-36.03,-7.38,-9.47
235,-0.18,-0.2,0.96,-36.5,-8.89,-8.89
236,-0.18,-0.23,0.98,-35.88,-8.08,-9.01
237,-0.17,-0.22,0.98,-35.28,-10.14,-1.87
238,-0.18,-0.24,0.99,-38.83,-6.73,2.69
239,-0.24,-0.24,1.0,-39.47,-9.48,-0.39
240,-0.23,-0.26,1.01,-36.92,-14.71,-1.74
241,-0.18,-0.29,1.01,-36.07,-15.5,-1.66
242,-0.21,-0.29,1.02,-35.2,-16.97,-5.16
243,-0.21,-0.29,1.03,-33.88,-20.26,-6.09
244,-0.23,-0.28,1.06,-35.36,-22.84,-7.44
245,-0.18,-0.27,1.06,-36.53,-21.21,-5.02
246,-0.12,-0.27,1.06,-39.65,-17.92,-3.74
247,-0.08,-0.3,1.08,-40.08,-12.27,-4.69
248,-0.09,-0.33,1.1,-36.31,-9.87,-6.6
249,-0.14,-0.35,1.1,-30.19,-8.85,-4.16
250,-0.19,-0.35,1.09,-25.72,-13.66,-7.54
251,-0.18,-0.33,1.06,-22.53,-18.87,-10.85
252,-0.11,-0.33,1.05,-22.44,-19.27,-12.69
253,-0.07,-0.36,1.08,-23.04,-15.74,-10.56
254,-0.05,-0.35,1.09,-23.98,-9.14,-5.98
255,-0.07,-0.34,1.08,-24.39,-3.06,-2.13
256,-0.11,-0.35,1.07,-24.24,0.11,-0.6
257,-0.13,-0.36,1.05,-22.54,0.75,-1.03
258,-0.16,-0.37,1.04,-19.33,-2.92,-0.64
259,-0.16,-0.38,1.06,-14.45,-7.84,-0.5
260,-0.15,-0.38,1.05,-10.85,-9.51,-3.15
261,-0.15,-0.38,1.04,-7.68,-9.88,-3.75
262,-0.13,-0.36,1.01,-7.27,-7.46,-0.73
263,-0.13,-0.34,1.01,-9.33,-4.44,1.5
264,-0.11,-0.31,1.0,-10.87,-3.77,-2.35
265,-0.1,-0.3,0.99,-12.13,-4.47,-8.53
266,-0.09,-0.31,1.0,-12.82,-5.19,-8.44
267,-0.1,-0.32,1.01,-11.91,-7.73,-9.16
268,-0.1,-0.31,1.01,-9.69,-9.78,-12.43
269,-0.09,-0.3,1.01,-8.37,-9.9,-12.83
270,-0.08,-0.31,0.99,-7.84,-8.56,-11.02
271,-0.09,-0.32,1.01,-6.3,-7.33,-10.21
272,-0.07,-0.34,1.0,-5.45,-3.91,-9.15
273,-0.09,-0.34,0.99,-6.56,0.73,-7.83
274,-0.1,-0.34,0.98,-6.94,3.05,-4.97
275,-0.11,-0.35,0.97,-5.08,1.67,-0.96
276,-0.12,-0.33,0.97,-5.13,1.1,0.54
277,-0.11,-0.32,0.96,-6.28,1.18,-0.46
278,-0.12,-0.33,0.96,-5.53,-1.13,0.79
279,-0.15,-0.33,0.97,-4.91,-3.47,0.97
280,-0.15,-0.33,0.96,-4.05,-5.72,1.08
281,-0.13,-0.34,0.96,-3.29,-7.53,2.46
282,-0.1,-0.33,0.95,-3.18,-7.69,3.5
283,-0.09,-0.33,0.96,-4.2,-5.87,0.24
284,-0.09,-0.32,0.95,-4.65,-5.27,-1.86
285,-0.09,-0.31,0.96,-5.82,-4.29,0.37
286,-0.1,-0.3,0.95,-8.54,-3.18,0.06
287,-0.07,-0.29,0.95,-10.85,-1.98,-1.69
288,-0.04,-0.28,0.96,-13.2,2.15,-2.97
289,-0.04,-0.32,0.96,-10.93,4.11,-5.46
290,-0.06,-0.31,0.98,-12.85,7.4,-6.56
291,-0.08,-0.33,0.96,-10.96,5.47,-6.68
292,-0.09,-0.32,0.96,-6.82,2.18,-5.28
293,-0.11,-0.32,0.94,-6.5,1.34,-6.4
294,-0.11,-0.32,0.93,-7.74,1.66,-7.09
295,-0.13,-0.33,0.93,-7.95,0.69,-5.11
296,-0.14,-0.33,0.93,-9.3,1.11,-2.95
297,-0.14,-0.33,0.93,-11.63,2.44,-1.54
298,-0.15,-0.32,0.91,-12.77,0.5,-0.15
299,-0.13,-0.32,0.92,-13.12,-1.45,0.28
300,-0.12,-0.33,0.92,-12.93,-2.31,-1.62
301,-0.1,-0.33,0.92,-11.85,-5.0,-0.52
302,-0.06,-0.32,0.93,-13.22,-4.31,-2.6
303,-0.03,-0.32,0.94,-13.47,-3.1,-5.76
304,-0.03,-0.33,0.94,-11.82,-1.56,-8.63
305,-0.05,-0.34,0.96,-9.08,-0.47,-8.18
306,-0.07,-0.35,0.97,-7.15,0.82,-8.74
307,-0.09,-0.36,0.93,-6.82,1.84,-11.4
308,-0.11,-0.35,0.93,-8.37,3.12,-11.89
309,-0.12,-0.37,0.91,-9.21,3.14,-9.98
310,-0.16,-0.37,0.92,-8.82,-0.24,-10.4
311,-0.11,-0.37,0.92,-9.95,0.26,-5.56
312,-0.1,-0.37,0.92,-12.33,3.56,-6.38
313,-0.11,-0.36,0.92,-11.67,1.74,-3.95
314,-0.09,-0.35,0.93,-10.64,0.63,-1.14
315,-0.08,-0.34,0.93,-9.83,1.63,-1.37
316,-0.09,-0.34,0.92,-9.97,2.24,-3.27
317,-0.09,-0.33,0.91,-10.9,0.81,-2.21
318,-0.1,-0.32,0.9,-12.83,1.83,-0.25
319,-0.1,-0.35,0.92,-12.77,1.63,0.05
320,-0.1,-0.35,0.92,-11.94,2.13,0.22
321,-0.1,-0.35,0.91,-12.71,4.6,0.71
322,-0.13,-0.37,0.91,-12.7,5.01,-0.64
323,-0.14,-0.37,0.92,-10.18,2.48,0.87
324,-0.14,-0.37,0.92,-8.91,2.1,0.93
325,-0.15,-0.39,0.91,-7.77,-0.31,1.21
326,-0.16,-0.39,0.92,-5.53,-4.08,2.07
327,-0.16,-0.38,0.9,-3.78,-7.4,-0.5
328,-0.13,-0.37,0.9,-4.22,-10.72,-1.61
329,-0.12,-0.37,0.9,-5.56,-11.52,-2.82
330,-0.09,-0.37,0.91,-6.34,-12.29,-2.73
331,-0.06,-0.37,0.92,-6.36,-10.63,-2.35
332,-0.04,-0.38,0.94,-6.77,-6.96,-4.5
333,-0.03,-0.38,0.95,-6.54,-2.92,-4.47
334,-0.05,-0.4,0.96,-5.37,1.66,-3.38
335,-0.09,-0.4,0.95,-4.44,4.66,-3.37
336,-0.12,-0.4,0.93,-2.97,4.6,-2.87
337,-0.13,-0.38,0.91,-1.21,2.27,-0.37
338,-0.14,-0.37,0.91,-1.54,1.45,-0.56
339,-0.16,-0.37,0.89,-0.44,-3.77,-1.92
340,-0.15,-0.35,0.87,-0.92,-7.55,-1.26
341,-0.14,-0.35,0.87,-2.88,-10.46,-0.2
342,-0.11,-0.36,0.87,-2.92,-13.11,1.88
343,-0.09,-0.37,0.9,-2.21,-15.67,3.37
344,-0.06,-0.36,0.9,-2.44,-15.88,2.99
345,-0.03,-0.35,0.9,-2.81,-13.72,1.59
346,-0.02,-0.34,0.9,-4.05,-8.38,-0.98
347,-0.01,-0.35,0.9,-5.38,-1.85,-4.86
348,-0.02,-0.36,0.9,-7.34,3.63,-4.48
349,-0.05,-0.36,0.89,-9.43,8.97,-3.23
350,-0.08,-0.37,0.89,-10.68,12.95,-1.69
351,-0.11,-0.38,0.9,-12.04,14.92,-0.82
352,-0.13,-0.37,0.89,-11.63,14.23,0.36
353,-0.12,-0.36,0.87,-11.39,12.66,-0.47
354,-0.13,-0.34,0.85,-11.44,11.88,-2.41
355,-0.14,-0.34,0.85,-10.94,8.51,-3.32
356,-0.14,-0.34,0.84,-10.53,3.47,-4.18
357,-0.13,-0.35,0.85,-9.79,-0.23,-5.47
358,-0.14,-0.36,0.86,-8.62,-1.69,-8.46
359,-0.15,-0.36,0.87,-7.56,-4.24,-8.42
360,-0.16,-0.35,0.86,-7.59,-9.18,-4.25
361,-0.15,-0.35,0.87,-9.02,-9.16,-1.71
362,-0.12,-0.37,0.86,-11.85,-7.03,-2.4
363,-0.13,-0.39,0.89,-13.71,-7.17,-1.69
364,-0.14,-0.41,0.9,-13.23,-8.23,-1.49
365,-0.13,-0.42,0.92,-12.81,-8.5,-1.47
366,-0.12,-0.4,0.93,-11.7,-9.41,-2.44
367,-0.1,-0.39,0.94,-10.83,-9.17,-5.09
368,-0.1,-0.41,0.96,-8.68,-10.71,-4.76
369,-0.09,-0.41,0.96,-5.86,-13.54,-0.28
370,-0.09,-0.42,0.97,-3.98,-14.48,1.93
371,-0.08,-0.43,0.97,-3.18,-14.71,-0.38
372,-0.06,-0.44,0.98,-2.14,-14.63,-2.89
373,-0.08,-0.44,0.97,-2.17,-14.25,-4.56
374,-0.07,-0.44,0.97,-2.37,-13.99,-2.63
375,-0.06,-0.42,0.96,-3.18,-12.07,-1.74
376,-0.06,-0.42,0.95,-2.98,-10.02,-0.7
377,-0.05,-0.41,0.95,-2.34,-9.5,1.29
378,-0.05,-0.41,0.94,-0.94,-10.61,3.37
379,-0.03,-0.4,0.93,0.11,-9.95,1.87
380,-0.01,-0.4,0.92,1.97,-11.2,2.51
381,-0.0,-0.38,0.91,1.02,-8.02,2.62
382,-0.0,-0.38,0.89,-1.0,-4.79,1.38
383,-0.01,-0.36,0.89,-2.29,-3.24,-0.5
384,-0.02,-0.37,0.88,-4.31,-1.23,-0.31
385,-0.07,-0.39,0.88,-6.28,1.95,-0.98
386,-0.1,-0.41,0.88,-6.24,2.37,-1.04
387,-0.11,-0.39,0.87,-6.69,1.15,-1.36
388,-0.11,-0.38,0.87,-6.61,-2.94,2.39
389,-0.1,-0.4,0.87,-5.89,-4.47,3.56
390,-0.1,-0.4,0.88,-4.3,-8.97,3.19
391,-0.08,-0.39,0.89,-3.35,-12.0,1.53
392,-0.09,-0.39,0.89,-3.04,-14.12,-2.03
393,-0.06,-0.39,0.9,-3.66,-14.82,-4.98
394,-0.05,-0.4,0.92,-4.53,-12.85,-7.69
395,-0.05,-0.41,0.93,-3.71,-11.03,-9.04
396,-0.11,-0.42,0.97,-3.75,-1.14,-13.92
397,-0.08,-0.47,0.98,1.05,-5.84,-7.39
398,-0.07,-0.46,1.01,2.56,-6.56,-7.97
399,-0.05,-0.45,1.0,0.63,-3.56,-2.91
