,accel_x,accel_y,accel_z,gyro_x,gyro_y,gyro_z
0,-0.08,-0.45,0.82,-4.05,1.51,-0.43
1,-0.09,-0.45,0.82,-5.31,2.34,1.39
2,-0.1,-0.46,0.82,-6.13,2.02,-0.37
3,-0.11,-0.46,0.82,-5.47,-0.74,-1.7
4,-0.11,-0.48,0.83,-5.14,-2.74,-4.48
5,-0.11,-0.49,0.84,-5.24,-4.4,-6.28
6,-0.09,-0.5,0.86,-4.39,-4.45,-4.57
7,-0.08,-0.5,0.86,-3.76,-3.47,0.82
8,-0.09,-0.51,0.87,-3.42,-1.89,0.7
9,-0.11,-0.51,0.87,-3.31,-2.98,-0.62
10,-0.1,-0.51,0.87,-3.26,-3.54,-0.86
11,-0.08,-0.52,0.88,-3.4,-2.78,-2.91
12,-0.08,-0.52,0.88,-3.58,-1.98,-3.9
13,-0.08,-0.52,0.89,-3.15,-2.18,-3.7
14,-0.08,-0.52,0.88,-2.18,-2.13,-4.16
15,-0.09,-0.52,0.88,-1.89,-1.76,-3.32
16,-0.09,-0.51,0.87,-1.07,-1.85,-1.97
17,-0.09,-0.51,0.87,-0.63,-2.85,-1.68
18,-0.09,-0.49,0.86,0.69,-3.79,-2.08
19,-0.08,-0.49,0.85,0.51,-3.41,-1.43
20,-0.08,-0.47,0.84,0.18,-2.96,-2.21
21,-0.05,-0.46,0.83,-0.73,-1.74,-1.97
22,-0.08,-0.46,0.83,-1.66,-1.6,-2.54
23,-0.07,-0.46,0.82,-1.59,-2.24,-1.98
24,-0.08,-0.46,0.82,-2.81,-2.49,-2.97
25,-0.08,-0.46,0.83,-3.91,-2.05,-2.92
26,-0.09,-0.47,0.84,-4.31,-2.34,-2.6
27,-0.08,-0.49,0.86,-4.11,-2.79,-2.71
28,-0.07,-0.5,0.87,-4.02,-1.56,-2.35
29,-0.08,-0.5,0.87,-3.68,-0.21,-1.73
30,-0.09,-0.51,0.87,-3.1,-0.94,-2.25
31,-0.08,-0.51,0.87,-2.15,-2.87,-2.79
32,-0.07,-0.5,0.86,-2.05,-2.06,-2.52
33,-0.08,-0.48,0.87,-2.58,-2.22,-1.74
34,-0.09,-0.48,0.87,-3.53,-5.7,-2.51
35,-0.06,-0.49,0.87,-3.21,-0.96,-2.58
36,-0.07,-0.5,0.88,-2.52,-0.05,-0.78
37,-0.08,-0.49,0.87,-2.2,-0.85,-2.61
38,-0.09,-0.48,0.85,-2.27,-0.85,-1.66
39,-0.08,-0.49,0.86,-1.76,-2.21,-0.24
40,-0.07,-0.48,0.86,-1.72,-2.73,-1.19
41,-0.07,-0.47,0.85,-2.67,-1.65,-2.38
42,-0.08,-0.46,0.85,-3.92,-1.38,-2.07
43,-0.07,-0.48,0.85,-3.66,-2.27,-0.82
44,-0.05,-0.49,0.86,-3.3,-1.04,-1.35
45,-0.07,-0.49,0.86,-2.7,-0.44,-1.62
46,-0.08,-0.49,0.85,-2.32,-1.43,-2.59
47,-0.07,-0.49,0.85,-2.06,-2.5,-1.9
48,-0.06,-0.48,0.85,-2.24,-1.56,-3.46
49,-0.07,-0.48,0.86,-2.57,-0.98,-3.42
50,-0.08,-0.48,0.85,-2.84,-1.21,-4.15
51,-0.07,-0.48,0.84,-2.99,-1.69,-4.14
52,-0.07,-0.49,0.86,-3.02,-1.52,-4.05
53,-0.1,-0.49,0.86,-2.66,-2.3,-4.7
54,-0.08,-0.49,0.85,-2.5,-2.34,-4.85
55,-0.07,-0.49,0.84,-2.4,-2.18,-2.57
56,-0.08,-0.49,0.85,-3.15,-0.66,-2.47
57,-0.09,-0.49,0.85,-2.88,-1.13,-2.73
58,-0.09,-0.49,0.85,-2.7,-2.48,-2.07
59,-0.08,-0.49,0.85,-2.68,-2.72,-1.63
60,-0.07,-0.49,0.87,-2.82,-2.87,-3.37
61,-0.07,-0.49,0.85,-2.65,-1.56,-3.92
62,-0.07,-0.48,0.86,-2.34,-1.79,-2.82
63,-0.07,-0.49,0.85,-2.39,-1.35,-1.56
64,-0.07,-0.49,0.85,-2.56,-1.5,-3.25
65,-0.07,-0.49,0.85,-2.73,-1.85,-3.28
66,-0.07,-0.5,0.86,-2.16,-2.18,-2.88
67,-0.06,-0.48,0.87,-2.16,-2.03,-3.98
68,-0.06,-0.49,0.86,-2.45,-1.41,-3.95
69,-0.07,-0.49,0.86,-2.08,-1.63,-3.11
70,-0.07,-0.49,0.86,-2.69,-0.79,-2.91
71,-0.07,-0.49,0.85,-3.15,0.51,-3.29
72,-0.08,-0.49,0.86,-2.94,-0.08,-1.84
73,-0.07,-0.49,0.86,-2.64,-0.37,-1.98
74,-0.08,-0.49,0.85,-2.2,-1.08,-2.96
75,-0.08,-0.48,0.85,-2.15,-1.92,-3.14
76,-0.09,-0.48,0.85,-2.06,-2.9,-3.55
77,-0.08,-0.48,0.84,-1.73,-3.89,-3.27
78,-0.07,-0.48,0.85,-2.72,-3.06,-3.54
79,-0.09,-0.48,0.85,-3.08,-3.44,-3.94
80,-0.07,-0.49,0.87,-2.53,-4.37,-5.5
81,-0.03,-0.48,0.86,-2.43,-2.45,-1.94
82,-0.06,-0.49,0.87,-3.54,0.15,-1.02
83,-0.07,-0.5,0.86,-2.69,-0.02,-1.58
84,-0.07,-0.5,0.86,-2.24,-1.52,-2.5
85,-0.07,-0.5,0.86,-1.84,-2.32,-3.33
86,-0.07,-0.49,0.85,-1.63,-2.91,-4.09
87,-0.05,-0.51,0.87,-1.05,-2.79,-3.8
88,-0.06,-0.5,0.86,-0.67,-2.16,-3.52
89,-0.06,-0.5,0.86,-0.64,-0.84,-2.19
90,-0.08,-0.48,0.86,-1.18,-0.63,-0.98
91,-0.06,-0.47,0.85,-2.06,0.4,-0.56
92,-0.07,-0.46,0.85,-3.37,0.9,-2.41
93,-0.08,-0.47,0.86,-3.5,-1.16,-3.94
94,-0.08,-0.48,0.84,-2.83,-2.87,-4.79
95,-0.07,-0.48,0.85,-2.22,-4.21,-4.02
96,-0.06,-0.48,0.85,-2.29,-2.77,-4.0
97,-0.08,-0.49,0.84,-2.49,-1.88,-3.47
98,-0.08,-0.48,0.85,-2.83,-2.29,-2.94
99,-0.05,-0.48,0.85,-3.41,-1.65,-3.1
100,-0.07,-0.48,0.85,-3.74,-5.9,-3.94
101,-0.06,-0.49,0.86,-3.95,1.03,-5.56
102,-0.08,-0.51,0.87,-2.79,-1.01,-3.27
103,-0.05,-0.5,0.88,-1.62,-3.49,-3.28
104,-0.05,-0.48,0.86,-2.22,-1.42,-3.79
105,-0.06,-0.49,0.85,-2.53,-1.09,-3.44
106,-0.07,-0.49,0.86,-2.56,-2.04,-3.05
107,-0.05,-0.48,0.86,-2.11,-3.31,-1.15
108,-0.05,-0.47,0.86,-2.82,-2.55,-1.98
109,-0.04,-0.49,0.86,-3.18,-1.74,-3.3
110,-0.05,-0.49,0.86,-2.39,-1.44,-3.34
111,-0.05,-0.49,0.86,-2.23,-0.52,-3.91
112,-0.06,-0.49,0.86,-2.61,-0.25,-4.37
113,-0.06,-0.49,0.87,-2.89,-0.22,-4.6
114,-0.06,-0.49,0.85,-3.19,-0.09,-7.02
115,-0.06,-0.49,0.86,-3.34,1.08,-7.29
116,-0.07,-0.5,0.86,-2.83,-0.47,-6.22
117,-0.09,-0.5,0.85,-2.58,-0.53,-4.25
118,-0.09,-0.5,0.85,-2.08,-1.81,-2.93
119,-0.07,-0.49,0.85,-2.33,-1.9,-1.63
120,-0.06,-0.49,0.84,-2.59,-1.3,-1.66
121,-0.06,-0.49,0.85,-3.22,0.34,-2.37
122,-0.08,-0.5,0.86,-2.85,-0.82,-2.61
123,-0.05,-0.51,0.84,-3.04,-1.42,-2.53
124,-0.06,-0.49,0.85,-2.33,2.2,-0.83
125,-0.09,-0.51,0.86,-1.27,-0.56,-0.4
126,-0.07,-0.49,0.84,-1.24,-4.28,-1.99
127,-0.06,-0.47,0.83,-2.75,-2.33,-3.85
128,-0.06,-0.48,0.84,-3.95,-4.02,-3.24
129,-0.06,-0.48,0.84,-5.28,-2.39,-3.91
130,-0.07,-0.49,0.84,-5.29,-1.32,-2.64
131,-0.07,-0.47,0.86,-5.92,-2.11,0.99
132,-0.06,-0.46,0.84,-7.3,2.25,1.06
133,-0.09,-0.45,0.85,-9.29,2.11,1.07
134,-0.11,-0.42,0.87,-12.32,0.47,1.79
135,-0.14,-0.41,0.9,-16.4,-3.19,2.33
136,-0.2,-0.37,0.96,-24.58,-13.33,4.3
137,-0.23,-0.31,1.1,-32.48,-30.31,-0.24
138,-0.15,-0.23,1.21,-43.76,-34.79,-10.92
139,-0.05,-0.26,1.5,-64.21,-28.68,-12.39
140,0.1,-0.48,1.84,-69.66,-27.99,-19.47
141,0.32,-0.89,2.0,-74.44,-21.38,-40.02
142,0.31,-1.44,2.0,-71.06,15.6,-37.79
143,0.16,-2.0,2.0,-32.67,43.79,-24.7
144,-0.01,-2.0,2.0,27.37,70.08,5.97
145,0.03,-2.0,2.0,87.76,97.11,47.27
146,0.07,-2.0,2.0,138.75,124.96,66.32
147,0.21,-2.0,2.0,173.94,151.53,85.45
148,-0.2,-2.0,2.0,225.18,142.79,94.05
149,-0.2,-2.0,1.76,250.13,130.79,94.24
150,-0.25,-1.7,1.28,250.13,106.69,89.3
151,-0.48,-1.23,0.6,250.13,65.11,81.46
152,-0.46,-0.79,0.27,250.13,32.72,71.92
153,-0.36,-0.46,-0.06,250.13,-4.69,64.61
154,-0.18,-0.25,-0.17,249.47,-14.16,61.24
155,-0.1,-0.16,-0.25,225.12,-14.61,60.9
156,-0.04,-0.06,-0.3,196.9,-8.66,65.37
157,-0.03,-0.03,-0.33,175.44,0.3,77.18
158,-0.03,0.09,-0.41,159.38,5.78,79.56
159,0.1,0.25,-0.41,145.18,8.98,74.98
160,0.07,0.36,-0.5,123.41,-6.76,43.51
161,0.02,0.43,-0.46,108.95,-21.24,7.63
162,-0.06,0.44,-0.37,97.02,-40.33,-16.74
163,-0.09,0.48,-0.29,79.19,-48.55,-31.94
164,-0.05,0.48,-0.24,63.73,-51.99,-42.98
165,-0.01,0.45,-0.13,44.74,-51.65,-49.39
166,0.02,0.4,-0.08,19.5,-45.08,-40.6
167,0.03,0.49,0.01,18.21,-32.53,-25.97
168,0.03,0.44,0.04,6.39,-20.19,-19.47
169,0.1,0.46,0.08,-3.83,-2.14,-11.46
170,0.14,0.43,0.12,-21.24,16.9,-2.63
171,0.05,0.37,0.17,-34.82,32.41,-5.04
172,-0.1,0.26,0.2,-38.1,32.66,-11.44
173,-0.23,0.18,0.25,-31.56,16.61,-19.06
174,-0.28,0.14,0.29,-21.98,-2.76,-30.25
175,-0.26,0.11,0.36,-12.03,-16.57,-32.99
176,-0.25,0.06,0.42,-4.06,-25.98,-25.79
177,-0.22,0.08,0.48,-5.96,-29.7,-18.76
178,-0.14,0.1,0.48,-14.0,-22.55,-9.83
179,-0.09,0.08,0.5,-22.78,-14.44,-1.02
180,-0.07,0.06,0.57,-29.64,-9.1,1.82
181,-0.05,0.07,0.63,-34.53,-4.69,4.77
182,-0.04,0.08,0.68,-36.65,-3.11,11.12
183,-0.04,0.08,0.71,-41.31,0.08,12.47
184,-0.02,0.1,0.75,-44.12,3.26,15.85
185,0.0,0.12,0.77,-47.1,8.56,17.63
186,-0.0,0.14,0.8,-49.7,14.27,15.31
187,-0.04,0.14,0.81,-50.24,16.06,14.03
188,-0.06,0.12,0.82,-51.34,17.07,10.96
189,-0.07,0.1,0.83,-49.31,16.91,10.4
190,-0.1,0.08,0.85,-44.47,15.56,8.93
191,-0.13,0.06,0.84,-39.95,14.87,2.76
192,-0.17,0.04,0.85,-34.93,12.6,-2.5
193,-0.21,0.04,0.82,-30.57,11.09,-6.45
194,-0.26,0.06,0.78,-30.11,7.81,-6.31
195,-0.3,0.07,0.78,-32.92,4.65,-5.22
196,-0.35,0.06,0.77,-39.48,-2.76,-6.19
197,-0.28,0.06,0.77,-44.96,-7.14,-7.36
198,-0.23,0.04,0.79,-52.08,-6.31,-9.21
199,-0.19,-0.0,0.82,-55.11,-6.04,-7.96
200,-0.2,-0.06,0.85,-56.6,-4.02,-10.73
201,-0.22,-0.09,0.88,-55.57,-6.52,-11.51
202,-0.24,-0.1,0.89,-52.65,-7.78,-8.64
203,-0.25,-0.12,0.9,-49.96,-7.93,-5.65
204,-0.25,-0.12,0.88,-49.07,-9.6,-3.85
205,-0.25,-0.11,0.87,-50.04,-12.87,-5.35
206,-0.25,-0.09,0.85,-52.24,-19.53,-7.69
207,-0.21,-0.07,0.84,-57.63,-24.51,-9.24
208,-0.19,-0.08,0.83,-67.76,-26.09,-10.69
209,-0.15,-0.1,0.86,-75.86,-24.15,-10.4
210,-0.15,-0.16,0.9,-79.95,-20.43,-12.59
211,-0.19,-0.25,0.95,-79.73,-18.73,-13.24
212,-0.19,-0.3,0.99,-74.8,-21.12,-14.02
213,-0.15,-0.32,1.0,-67.95,-21.6,-8.02
214,-0.12,-0.32,1.01,-61.63,-18.76,-6.1
215,-0.12,-0.29,0.99,-57.99,-17.14,-6.46
216,-0.13,-0.27,0.98,-57.07,-15.16,-5.48
217,-0.16,-0.26,0.98,-56.56,-16.24,-5.85
218,-0.18,-0.28,0.97,-55.93,-20.11,-10.01
219,-0.18,-0.29,0.98,-55.21,-25.85,-13.17
220,-0.16,-0.33,0.99,-55.7,-29.42,-14.44
221,-0.15,-0.36,1.01,-56.85,-29.66,-12.75
222,-0.11,-0.4,1.05,-56.59,-27.94,-10.83
223,-0.08,-0.42,1.06,-53.4,-25.51,-10.08
224,-0.04,-0.42,1.1,-50.37,-20.89,-8.13
225,-0.02,-0.46,1.11,-45.63,-13.89,-5.57
226,-0.05,-0.45,1.1,-38.57,-9.19,-2.92
227,-0.09,-0.45,1.07,-32.74,-4.96,-5.06
228,-0.11,-0.45,1.04,-27.08,-4.82,-7.79
229,-0.15,-0.44,1.01,-23.37,-8.93,-12.55
230,-0.15,-0.43,0.99,-22.02,-12.28,-16.31
231,-0.14,-0.42,1.0,-21.73,-15.37,-17.32
232,-0.14,-0.41,1.0,-23.35,-15.37,-14.46
233,-0.14,-0.41,0.99,-24.43,-15.12,-11.43
234,-0.14,-0.44,1.01,-23.25,-14.69,-7.88
235,-0.15,-0.45,1.01,-20.66,-14.91,-1.73
236,-0.13,-0.43,1.02,-16.87,-17.83,1.81
237,-0.07,-0.41,1.01,-14.27,-20.72,-0.63
238,-0.03,-0.38,1.01,-14.92,-17.56,-2.69
239,-0.01,-0.4,1.0,-16.44,-12.6,-2.19
240,0.0,-0.41,1.0,-16.06,-11.08,-5.14
241,-0.02,-0.4,1.0,-16.41,-10.34,-8.38
242,-0.05,-0.42,0.99,-16.48,-9.17,-10.69
243,-0.07,-0.41,0.97,-16.05,-9.76,-10.47
244,-0.09,-0.41,0.97,-16.85,-10.7,-11.26
245,-0.1,-0.43,0.96,-17.93,-12.12,-10.72
246,-0.11,-0.42,0.95,-18.61,-15.46,-5.31
247,-0.11,-0.43,0.96,-20.95,-17.94,-4.38
248,-0.08,-0.44,0.96,-21.41,-21.04,-6.43
249,-0.06,-0.44,0.99,-21.35,-25.82,-8.34
250,-0.04,-0.46,1.03,-17.91,-28.3,-9.61
251,-0.01,-0.45,1.02,-12.44,-28.15,-7.76
252,-0.0,-0.43,1.03,-9.4,-28.53,-4.89
253,0.04,-0.41,0.98,-9.92,-19.87,-10.31
254,0.03,-0.39,0.98,-12.18,-13.56,-10.77
255,-0.02,-0.4,0.96,-14.04,-11.63,-13.75
256,-0.01,-0.4,0.96,-14.52,-7.98,-13.14
257,-0.03,-0.39,0.94,-15.8,-7.78,-13.37
258,-0.05,-0.39,0.93,-16.18,-7.66,-13.83
259,-0.04,-0.4,0.93,-15.45,-10.3,-9.49
260,-0.03,-0.41,0.93,-15.69,-11.25,-6.2
261,-0.02,-0.4,0.91,-15.96,-9.18,-5.22
262,0.01,-0.42,0.91,-17.3,-3.09,-4.44
263,-0.02,-0.43,0.92,-18.68,1.0,-2.07
264,-0.03,-0.43,0.9,-19.63,4.2,-2.23
265,-0.07,-0.45,0.91,-18.69,5.62,-1.0
266,-0.11,-0.46,0.92,-15.52,2.8,0.05
267,-0.1,-0.46,0.9,-12.45,-1.28,-0.53
268,-0.09,-0.46,0.91,-8.71,-7.92,1.8
269,-0.07,-0.43,0.9,-8.19,-9.36,-0.79
270,-0.04,-0.4,0.89,-9.79,-9.45,0.48
271,-0.03,-0.39,0.89,-10.08,-11.02,1.34
272,0.02,-0.39,0.9,-10.45,-9.85,1.24
273,0.04,-0.38,0.89,-12.73,-3.27,2.5
274,0.02,-0.4,0.9,-14.58,1.5,4.21
275,-0.0,-0.44,0.92,-13.61,2.47,2.27
276,-0.03,-0.46,0.91,-10.79,0.97,-0.04
277,-0.04,-0.46,0.91,-8.21,-3.2,-1.54
278,-0.04,-0.45,0.91,-5.88,-7.34,-2.21
279,-0.02,-0.44,0.9,-5.04,-9.22,-2.9
280,-0.03,-0.42,0.89,-5.76,-11.1,-2.37
281,-0.01,-0.41,0.89,-6.39,-11.81,0.6
282,-0.01,-0.42,0.89,-7.53,-10.2,4.28
283,-0.05,-0.41,0.88,-9.85,-13.41,0.09
284,-0.04,-0.42,0.89,-12.74,-12.89,-4.39
285,-0.04,-0.45,0.9,-16.4,-7.91,-3.65
286,-0.06,-0.47,0.93,-17.62,-7.08,-3.15
287,-0.05,-0.5,0.94,-15.99,-8.74,-3.73
288,-0.01,-0.5,0.95,-14.34,-8.59,-1.92
289,-0.01,-0.49,0.95,-12.51,-6.97,2.83
290,-0.0,-0.49,0.95,-10.43,-6.69,3.03
291,0.0,-0.49,0.96,-7.24,-9.25,1.76
292,0.01,-0.47,0.95,-4.86,-11.56,2.24
293,0.04,-0.45,0.93,-4.94,-10.18,-0.5
294,-0.0,-0.46,0.93,-6.41,-2.22,-12.05
295,0.04,-0.48,0.96,-1.06,-7.63,-7.24
296,0.05,-0.5,0.97,2.95,-12.24,-11.85
297,0.1,-0.48,0.93,5.59,-9.68,-9.89
298,0.08,-0.47,0.94,5.6,-2.33,-5.09
299,0.06,-0.47,0.91,7.3,-1.36,-1.75
300,0.07,-0.44,0.91,6.99,1.79,1.69
301,0.03,-0.44,0.88,4.95,1.05,-0.21
302,0.02,-0.42,0.86,2.5,1.66,-2.75
303,0.01,-0.41,0.84,-0.47,2.51,-6.02
304,-0.01,-0.42,0.84,-4.21,1.73,-9.9
305,-0.02,-0.45,0.84,-3.44,-1.17,-13.04
306,-0.02,-0.44,0.87,-7.11,-3.06,-14.01
307,-0.02,-0.45,0.87,-8.27,-3.7,-16.11
308,0.0,-0.47,0.9,-8.17,-3.69,-16.93
309,0.02,-0.48,0.93,-8.19,-2.4,-15.18
310,0.06,-0.48,0.89,-7.66,1.07,-16.84
311,0.02,-0.5,0.95,-11.47,4.63,-13.8
312,0.02,-0.47,0.95,-11.31,6.47,-14.19
313,0.02,-0.46,0.92,-10.54,5.22,-9.34
314,-0.06,-0.46,0.89,-12.24,2.39,-11.47
315,-0.03,-0.46,0.91,-13.17,-0.48,-12.98
316,-0.01,-0.46,0.94,-12.18,-0.55,-12.47
317,0.0,-0.46,0.97,-13.37,-1.02,-9.95
318,0.04,-0.45,0.97,-11.08,-0.74,-8.68
319,0.05,-0.46,0.94,-8.76,0.34,-5.23
320,0.02,-0.46,0.94,-8.87,-2.44,-7.9
321,-0.03,-0.49,1.0,-4.71,-6.0,-14.75
322,0.03,-0.5,0.94,1.43,-1.11,-8.1
323,0.05,-0.47,0.94,-0.11,3.06,-10.79
324,-0.0,-0.47,0.89,0.69,2.73,-11.0
325,-0.01,-0.46,0.88,-3.74,1.85,-10.81
326,-0.01,-0.47,0.85,-0.39,-1.2,-9.31
327,-0.02,-0.47,0.85,4.24,-7.15,-4.27
328,-0.03,-0.45,0.87,1.09,-10.47,-9.93
329,-0.01,-0.48,0.83,0.75,-9.09,-9.82
330,0.0,-0.45,0.85,-3.63,-4.31,-9.85
331,-0.0,-0.45,0.86,-10.56,-1.41,-10.35
332,-0.01,-0.45,0.85,-10.3,-2.44,-12.88
333,0.02,-0.45,0.85,-11.26,-3.7,-13.85
334,0.04,-0.45,0.86,-9.2,-3.17,-13.99
335,0.03,-0.48,0.85,-8.39,-6.72,-13.05
336,0.03,-0.48,0.87,-7.03,-7.08,-10.21
337,0.02,-0.48,0.91,-3.84,-2.97,-6.76
338,0.03,-0.47,0.87,-3.0,-4.28,-9.66
339,0.03,-0.45,0.85,-4.35,-4.02,-6.75
340,0.03,-0.44,0.85,-3.45,-2.34,-5.03
341,0.02,-0.44,0.87,-6.88,-4.03,-8.58
342,0.02,-0.46,0.88,-5.51,-7.58,-11.05
343,0.04,-0.45,0.87,-7.53,-7.37,-14.21
344,0.03,-0.47,0.88,-10.69,-5.56,-11.57
345,0.03,-0.49,0.89,-10.31,-5.47,-9.3
346,0.06,-0.48,0.88,-7.7,-3.64,-5.42
347,0.07,-0.48,0.9,-7.36,-1.16,-2.89
348,0.06,-0.49,0.9,-7.99,0.75,-3.11
349,0.06,-0.49,0.89,-7.67,1.67,-3.88
350,0.03,-0.49,0.86,-2.56,8.22,-4.74
351,0.05,-0.48,0.89,-5.79,4.19,-7.64
352,0.05,-0.49,0.9,-3.29,0.82,-9.85
353,0.04,-0.48,0.89,-2.15,-1.79,-13.44
354,0.02,-0.48,0.88,-0.63,-0.93,-14.05
355,0.01,-0.48,0.89,0.1,-0.77,-11.15
356,0.01,-0.51,0.9,0.95,-1.38,-6.17
357,0.01,-0.5,0.9,1.89,-1.31,-1.7
358,0.03,-0.48,0.88,2.06,0.31,2.19
359,0.01,-0.48,0.86,3.6,1.59,4.11
360,0.04,-0.46,0.87,2.83,0.25,2.89
361,0.07,-0.46,0.88,0.33,0.95,2.96
362,0.07,-0.46,0.87,-0.63,3.6,1.51
363,0.07,-0.46,0.87,-0.53,5.73,-1.88
364,0.05,-0.46,0.87,-0.34,5.24,-3.71
365,0.02,-0.47,0.88,-0.39,3.17,-4.41
366,0.01,-0.47,0.86,-0.92,2.65,-3.98
367,0.01,-0.47,0.86,-1.93,2.64,-2.34
368,0.02,-0.46,0.87,-4.08,-0.02,0.06
369,0.02,-0.45,0.86,-7.64,4.11,4.82
370,0.05,-0.43,0.87,-8.24,7.24,24.56
371,0.02,-0.45,0.86,-6.83,6.73,29.18
372,0.03,-0.45,0.85,-5.47,6.47,34.3
373,0.02,-0.45,0.87,-3.22,6.77,34.51
374,0.04,-0.47,0.89,-1.34,6.5,33.62
375,0.06,-0.47,0.89,2.74,8.07,37.22
376,0.05,-0.46,0.87,6.36,10.22,42.24
377,0.03,-0.44,0.88,5.77,13.9,45.83
378,-0.01,-0.48,0.89,3.16,14.23,32.8
379,-0.04,-0.48,0.9,3.56,9.56,18.22
380,-0.04,-0.48,0.88,3.76,8.08,12.75
381,-0.05,-0.47,0.88,2.18,5.46,3.61
382,-0.03,-0.46,0.86,2.31,1.73,-2.36
383,-0.04,-0.43,0.86,1.61,-0.75,-4.08
384,-0.02,-0.43,0.85,-0.31,-0.39,-0.85
385,-0.03,-0.45,0.86,-3.69,-0.23,-2.19
386,-0.01,-0.45,0.88,-3.89,-1.82,3.28
387,-0.0,-0.45,0.89,-4.87,-0.98,8.02
388,0.01,-0.45,0.88,-5.63,-0.79,9.32
389,0.04,-0.46,0.88,-3.39,-1.95,13.92
390,0.02,-0.46,0.89,-1.39,-2.02,9.7
391,0.01,-0.47,0.9,0.34,-4.83,9.57
392,0.02,-0.46,0.89,0.66,-4.26,9.2
393,0.0,-0.47,0.89,0.1,-5.54,4.43
394,-0.0,-0.46,0.88,-0.54,-5.36,-0.6
395,-0.02,-0.46,0.89,-2.18,-4.7,-5.55
396,-0.01,-0.46,0.89,-1.76,-4.31,-6.24
397,-0.01,-0.45,0.9,-2.03,-5.14,-5.52
398,-0.01,-0.46,0.89,-1.83,-5.69,-2.99
399,-0.02,-0.47,0.89,-0.44,-9.1,-2.13
