,accel_x,accel_y,accel_z,gyro_x,gyro_y,gyro_z
0,-0.05,-0.28,0.94,-15.57,-12.75,-1.12
1,-0.05,-0.29,0.95,-15.04,-9.53,-4.05
2,-0.05,-0.31,0.96,-13.19,-6.91,-6.1
3,-0.04,-0.31,0.96,-13.11,-3.18,-8.05
4,-0.04,-0.3,0.95,-13.62,0.25,-6.07
5,-0.07,-0.31,0.94,-13.05,2.32,-2.88
6,-0.09,-0.31,0.94,-13.03,1.69,-1.02
7,-0.1,-0.3,0.93,-13.15,-0.18,-0.47
8,-0.1,-0.31,0.92,-13.53,-2.73,-0.55
9,-0.11,-0.32,0.92,-13.85,-4.84,-1.53
10,-0.1,-0.33,0.92,-13.07,-8.04,-0.47
11,-0.08,-0.33,0.93,-12.26,-9.59,-0.14
12,-0.07,-0.32,0.93,-13.28,-9.11,-1.85
13,-0.07,-0.32,0.92,-13.8,-8.49,-4.24
14,-0.07,-0.33,0.93,-14.24,-8.66,-6.87
15,-0.09,-0.35,0.93,-9.18,-13.95,-10.52
16,-0.03,-0.34,0.96,-9.91,-8.37,-8.47
17,-0.05,-0.36,0.98,-9.39,-8.62,-8.79
18,-0.06,-0.35,0.95,-7.81,-8.21,-2.84
19,-0.08,-0.35,0.94,-8.05,-6.99,-1.13
20,-0.08,-0.35,0.95,-8.32,-5.92,-2.88
21,-0.08,-0.34,0.95,-10.14,-5.29,-2.4
22,-0.07,-0.34,0.95,-10.21,-5.5,-1.98
23,-0.06,-0.34,0.95,-10.23,-4.65,-1.19
24,-0.07,-0.34,0.95,-11.2,-2.52,-1.1
25,-0.07,-0.34,0.94,-10.5,-2.63,0.9
26,-0.07,-0.34,0.93,-10.05,-2.37,0.74
27,-0.08,-0.34,0.92,-10.51,-1.72,-0.95
28,-0.08,-0.34,0.91,-9.89,-2.92,-0.82
29,-0.07,-0.35,0.9,-8.33,-6.34,2.4
30,-0.07,-0.32,0.9,-8.66,-7.45,4.13
31,-0.06,-0.31,0.91,-9.89,-8.63,1.41
32,-0.04,-0.3,0.92,-10.91,-9.63,-1.35
33,-0.04,-0.31,0.92,-9.79,-11.99,-2.06
34,-0.06,-0.35,0.94,-8.14,-11.49,-6.49
35,-0.06,-0.38,0.96,-4.58,-12.34,-10.46
36,-0.06,-0.39,0.96,-1.91,-11.27,-12.56
37,-0.05,-0.39,0.97,-1.21,-8.36,-10.63
38,-0.05,-0.38,0.96,-0.41,-6.12,-7.11
39,-0.04,-0.36,0.95,-1.19,-4.05,-4.5
40,-0.05,-0.34,0.94,-4.27,-1.43,-0.61
41,-0.06,-0.34,0.92,-7.14,0.45,0.83
42,-0.06,-0.34,0.93,-9.54,-1.44,2.65
43,-0.07,-0.37,0.94,-9.43,-3.99,2.25
44,-0.08,-0.4,0.96,-4.79,-7.99,0.08
45,-0.06,-0.38,0.96,-2.05,-10.16,-3.03
46,-0.05,-0.37,0.95,-1.98,-10.85,-4.15
47,-0.05,-0.36,0.94,-2.41,-9.7,-3.63
48,-0.04,-0.35,0.93,-2.74,-8.34,-1.77
49,-0.04,-0.35,0.93,-4.12,-6.66,0.99
50,-0.05,-0.35,0.92,-6.29,-3.65,0.64
51,-0.05,-0.36,0.93,-5.27,-3.86,1.15
52,-0.05,-0.36,0.93,-4.68,-6.05,1.22
53,-0.07,-0.35,0.93,-5.27,-8.44,-1.44
54,-0.05,-0.36,0.92,-4.56,-10.85,-1.82
55,-0.04,-0.37,0.94,-4.05,-11.83,-3.76
56,-0.01,-0.37,0.94,-3.46,-12.93,-2.53
57,0.0,-0.38,0.96,-2.84,-10.53,-1.27
58,0.01,-0.38,0.96,-2.7,-6.85,-0.89
59,0.02,-0.36,0.95,-2.66,-4.31,1.06
60,0.03,-0.34,0.93,-2.94,-1.76,3.4
61,-0.0,-0.34,0.92,-4.08,1.66,2.63
62,-0.03,-0.34,0.92,-3.86,0.77,0.97
63,-0.04,-0.34,0.91,-3.88,-0.58,-0.61
64,-0.04,-0.34,0.91,-5.08,-1.48,-2.76
65,-0.03,-0.35,0.91,-5.06,-2.19,-4.95
66,-0.03,-0.35,0.92,-5.61,-2.82,-5.97
67,-0.02,-0.36,0.92,-5.55,-3.56,-4.52
68,-0.03,-0.36,0.93,-4.69,-4.18,-3.37
69,-0.03,-0.36,0.92,-4.54,-4.18,-4.13
70,-0.03,-0.36,0.94,-4.52,-3.89,-2.84
71,-0.03,-0.36,0.92,-4.24,-4.27,-1.45
72,-0.02,-0.36,0.91,-4.73,-4.92,0.62
73,-0.02,-0.37,0.92,-4.8,-3.66,-0.85
74,-0.01,-0.36,0.92,-4.15,-3.24,-2.32
75,-0.02,-0.36,0.93,-3.93,-4.24,-3.39
76,-0.01,-0.36,0.93,-4.43,-4.47,-4.08
77,-0.0,-0.35,0.93,-4.15,-4.95,-3.57
78,-0.01,-0.36,0.93,-3.1,-5.23,-3.73
79,-0.02,-0.37,0.94,-2.76,-4.77,-5.62
80,-0.03,-0.38,0.94,-1.87,-5.19,-5.79
81,-0.01,-0.36,0.93,-1.95,-5.17,-3.28
82,0.0,-0.35,0.93,-3.98,-1.76,-3.27
83,-0.02,-0.36,0.93,-5.47,-0.12,-4.15
84,-0.03,-0.37,0.93,-6.08,-0.7,-0.82
85,-0.03,-0.38,0.94,-5.09,-0.25,0.0
86,-0.02,-0.38,0.94,-2.13,-1.66,-0.34
87,-0.02,-0.37,0.93,-0.81,-2.3,-0.51
88,-0.01,-0.35,0.91,-1.56,-1.47,-1.71
89,-0.02,-0.34,0.9,-1.47,-2.13,-2.38
90,-0.02,-0.34,0.9,-2.58,-2.26,-3.18
91,-0.01,-0.34,0.89,-3.89,-2.5,-3.05
92,-0.0,-0.34,0.91,-3.24,-2.86,-2.92
93,0.01,-0.34,0.9,-3.07,-2.52,-1.92
94,0.0,-0.35,0.9,-4.03,-1.41,-1.41
95,-0.0,-0.35,0.89,-4.71,-0.77,-2.06
96,0.01,-0.34,0.89,-5.93,-0.57,-4.02
97,0.01,-0.35,0.89,-7.27,0.35,-6.5
98,0.02,-0.36,0.9,-7.0,1.5,-7.53
99,0.02,-0.38,0.91,-6.47,3.45,-7.65
100,0.02,-0.38,0.92,-5.99,4.18,-4.76
101,-0.01,-0.38,0.91,-6.69,6.35,-3.29
102,-0.02,-0.39,0.92,-6.69,6.79,-3.41
103,-0.03,-0.38,0.91,-6.56,6.28,-2.04
104,-0.04,-0.38,0.91,-7.14,6.63,-0.3
105,-0.05,-0.38,0.91,-7.4,5.45,0.71
106,-0.06,-0.38,0.92,-7.53,4.45,-0.06
107,-0.04,-0.38,0.93,-6.79,1.52,2.63
108,-0.04,-0.37,0.93,-5.58,0.31,3.85
109,-0.04,-0.37,0.93,-6.69,2.09,1.18
110,-0.04,-0.39,0.95,-6.21,0.4,-3.06
111,-0.03,-0.39,0.94,-4.1,-1.14,-6.85
112,-0.02,-0.38,0.95,-2.54,-1.82,-8.13
113,-0.01,-0.37,0.95,-1.01,-2.52,-7.79
114,-0.0,-0.38,0.95,-0.1,-2.27,-6.79
115,0.0,-0.37,0.96,-0.91,-0.59,-4.04
116,-0.01,-0.37,0.96,-3.05,2.14,-2.84
117,-0.01,-0.38,0.96,-3.69,2.64,-0.63
118,-0.02,-0.38,0.96,-3.49,3.11,1.67
119,-0.03,-0.38,0.95,-2.31,2.66,0.94
120,-0.02,-0.38,0.94,-1.36,2.32,-1.73
121,-0.03,-0.38,0.94,-1.33,2.44,-2.27
122,-0.03,-0.37,0.93,-1.14,1.19,-0.44
123,-0.03,-0.36,0.93,-2.28,1.49,-0.94
124,-0.02,-0.36,0.93,-3.23,2.74,-1.92
125,-0.05,-0.37,0.92,-2.73,2.98,-3.45
126,-0.05,-0.37,0.92,-1.72,1.37,-7.07
127,-0.05,-0.37,0.91,-0.87,0.18,-9.12
128,-0.06,-0.37,0.9,-1.95,0.15,-8.4
129,-0.06,-0.37,0.9,-2.5,-1.75,-3.44
130,-0.06,-0.38,0.89,-2.56,-2.83,-1.41
131,-0.05,-0.37,0.89,-2.68,-2.68,-1.15
132,-0.04,-0.38,0.9,-3.08,-2.68,-1.96
133,-0.03,-0.36,0.89,-1.46,-3.85,-2.47
134,-0.01,-0.34,0.89,-1.26,-4.32,-2.03
135,0.0,-0.33,0.89,-3.74,-1.37,-3.43
136,-0.01,-0.34,0.89,-4.27,-0.73,-4.48
137,-0.02,-0.36,0.89,-3.76,-1.46,-5.06
138,-0.02,-0.37,0.9,-3.89,-1.89,-5.79
139,-0.01,-0.37,0.9,-3.62,-2.95,-2.53
140,-0.01,-0.35,0.89,-3.94,-2.49,-1.72
141,0.01,-0.34,0.89,-5.19,-1.61,-3.07
142,0.01,-0.32,0.89,-6.63,-0.73,-2.3
143,0.0,-0.32,0.89,-8.05,1.34,-0.77
144,-0.02,-0.32,0.9,-8.76,1.96,-1.97
145,-0.03,-0.31,0.9,-10.05,1.09,-2.97
146,-0.07,-0.31,0.93,-13.38,0.33,-6.64
147,-0.13,-0.28,0.99,-17.03,-6.13,-5.52
148,-0.18,-0.23,1.08,-25.25,-12.53,-5.11
149,-0.19,-0.17,1.24,-37.28,-25.46,-4.64
150,-0.09,-0.1,1.47,-52.64,-39.08,-7.86
151,0.07,-0.11,1.8,-68.13,-43.62,-10.78
152,0.3,-0.31,2.0,-81.55,-36.33,-14.69
153,0.8,-0.53,2.0,-132.6,4.02,4.6
154,1.0,-1.22,2.0,-149.43,91.24,25.6
155,0.88,-2.0,2.0,-104.18,188.09,89.88
156,0.08,-2.0,2.0,31.5,204.58,157.15
157,-0.48,-2.0,2.0,169.42,177.69,148.08
158,-0.43,-2.0,2.0,245.59,179.53,99.23
159,-0.58,-2.0,2.0,250.13,172.59,86.89
160,-0.72,-2.0,2.0,250.13,147.21,63.32
161,-0.66,-2.0,1.55,250.13,119.46,62.53
162,-0.67,-1.61,0.7,250.13,100.37,72.49
163,-0.53,-0.87,0.14,250.13,78.46,83.0
164,-0.32,-0.34,-0.33,250.13,69.88,98.32
165,-0.14,-0.06,-0.69,205.54,81.47,101.5
166,-0.21,0.11,-0.81,160.01,76.37,128.61
167,-0.22,0.19,-0.87,114.85,54.7,161.76
168,-0.11,0.18,-0.82,92.13,35.81,159.73
169,-0.06,0.16,-0.82,88.41,8.63,134.52
170,0.03,0.23,-0.79,79.08,-20.2,83.34
171,0.26,0.3,-0.67,69.25,-19.01,39.75
172,0.21,0.35,-0.66,67.03,-18.38,3.71
173,0.1,0.37,-0.65,62.22,-27.59,-40.42
174,0.11,0.42,-0.6,66.79,-38.64,-69.65
175,0.12,0.44,-0.56,64.03,-44.77,-84.46
176,0.14,0.46,-0.57,59.58,-32.67,-74.53
177,0.07,0.47,-0.61,39.84,-30.77,-61.01
178,0.06,0.48,-0.55,27.11,-14.9,-42.8
179,-0.14,0.45,-0.45,4.21,-24.8,-46.53
180,-0.13,0.38,-0.32,6.65,-9.85,-32.82
181,-0.15,0.31,-0.19,14.4,-15.81,-39.01
182,-0.03,0.32,-0.09,24.73,-26.71,-38.84
183,0.06,0.32,-0.03,34.53,-18.25,-37.85
184,0.08,0.32,-0.02,31.94,-11.52,-31.97
185,0.1,0.38,0.12,25.31,-8.56,-21.2
186,0.11,0.39,0.19,11.02,-1.08,-10.44
187,-0.02,0.38,0.21,-6.17,26.1,-4.94
188,-0.27,0.3,0.27,-19.25,34.29,-8.23
189,-0.45,0.23,0.33,-19.71,6.63,-20.35
190,-0.36,0.24,0.39,-16.88,-24.5,-29.88
191,-0.25,0.27,0.47,-24.15,-42.65,-41.97
192,-0.15,0.3,0.55,-29.42,-48.82,-42.18
193,-0.11,0.28,0.64,-43.46,-42.78,-39.17
194,-0.08,0.25,0.75,-51.4,-39.69,-34.87
195,-0.08,0.23,0.84,-53.43,-31.86,-28.32
196,-0.09,0.17,0.88,-51.47,-22.17,-25.83
197,-0.11,0.14,0.9,-45.34,-17.15,-15.1
198,-0.15,0.11,0.88,-40.69,-9.98,-1.42
199,-0.22,0.1,0.87,-37.53,-7.4,3.62
200,-0.27,0.1,0.85,-37.53,-15.36,0.95
201,-0.29,0.12,0.86,-38.12,-16.75,1.02
202,-0.31,0.12,0.86,-38.35,-24.79,-5.09
203,-0.29,0.09,0.89,-37.52,-26.15,-7.28
204,-0.28,0.11,0.92,-42.75,-23.39,-8.12
205,-0.31,0.1,0.92,-40.67,-24.41,-8.07
206,-0.28,0.09,0.91,-35.26,-24.3,-11.08
207,-0.29,0.08,0.88,-31.04,-30.74,-14.26
208,-0.24,0.12,1.0,-34.39,-30.9,-16.44
209,-0.26,0.06,0.92,-30.84,-31.89,-10.68
210,-0.26,0.11,0.97,-29.28,-32.87,-13.92
211,-0.23,0.11,0.98,-34.46,-30.63,-15.47
212,-0.27,0.08,0.97,-36.15,-31.78,-15.56
213,-0.29,0.03,0.98,-33.31,-32.03,-16.69
214,-0.28,0.0,0.97,-32.3,-32.04,-13.77
215,-0.28,0.0,0.95,-32.0,-34.24,-11.72
216,-0.28,-0.0,0.94,-33.15,-37.76,-13.36
217,-0.25,-0.02,0.95,-34.79,-40.92,-12.37
218,-0.23,-0.05,0.97,-37.26,-39.35,-14.69
219,-0.2,-0.09,0.99,-38.29,-34.69,-17.69
220,-0.22,-0.1,0.99,-35.03,-35.98,-18.79
221,-0.18,-0.08,1.01,-33.89,-37.81,-19.31
222,-0.14,-0.08,1.02,-35.73,-36.33,-16.49
223,-0.15,-0.07,1.05,-36.89,-34.13,-12.63
224,-0.15,-0.07,1.06,-35.3,-30.02,-10.35
225,-0.18,-0.09,1.08,-30.36,-31.11,-7.29
226,-0.18,-0.09,1.06,-25.31,-34.6,-7.34
227,-0.14,-0.07,1.03,-23.66,-34.56,-5.47
228,-0.1,-0.05,1.03,-25.67,-33.28,-2.7
229,-0.12,-0.04,1.02,-28.98,-32.59,-3.63
230,-0.11,-0.07,1.01,-29.94,-32.27,-3.4
231,-0.1,-0.1,1.03,-30.21,-29.5,-2.56
232,-0.12,-0.11,1.05,-31.81,-29.07,-2.66
233,-0.1,-0.12,1.05,-30.41,-29.17,-0.87
234,-0.06,-0.12,1.03,-29.7,-28.06,-2.9
235,-0.05,-0.12,1.04,-30.47,-23.27,-3.27
236,-0.1,-0.14,1.05,-27.91,-23.47,-5.92
237,-0.13,-0.16,1.06,-24.56,-28.69,-8.47
238,-0.09,-0.16,1.04,-21.63,-30.4,-7.69
239,-0.1,-0.15,1.05,-22.2,-31.21,-9.28
240,-0.08,-0.15,1.06,-22.19,-31.85,-8.75
241,-0.01,-0.15,1.09,-23.35,-25.12,-3.82
242,-0.0,-0.17,1.08,-23.45,-19.3,0.95
243,0.01,-0.16,1.09,-23.62,-15.17,2.34
244,-0.0,-0.15,1.07,-22.63,-13.23,4.67
245,0.01,-0.15,1.06,-22.15,-10.06,5.56
246,-0.02,-0.15,1.05,-21.46,-8.0,6.84
247,-0.06,-0.15,1.04,-19.04,-9.61,3.05
248,-0.03,-0.14,1.02,-15.45,-12.83,2.08
249,-0.01,-0.14,1.02,-14.72,-16.01,0.52
250,0.02,-0.17,1.02,-12.88,-16.62,-3.37
251,0.05,-0.19,1.05,-12.0,-13.85,-5.34
252,0.05,-0.21,1.06,-11.87,-6.88,-4.19
253,0.03,-0.22,1.06,-12.4,-1.56,-0.46
254,0.02,-0.21,1.04,-12.76,4.78,3.34
255,-0.0,-0.2,1.04,-14.11,11.56,5.02
256,-0.05,-0.21,1.01,-10.85,10.28,5.24
257,-0.09,-0.2,1.0,-6.04,5.69,3.92
258,-0.12,-0.17,0.97,-4.67,4.5,2.72
259,-0.16,-0.16,0.95,-4.6,1.24,1.74
260,-0.16,-0.15,0.95,-5.43,-6.07,0.97
261,-0.1,-0.11,0.94,-7.95,-9.61,0.68
262,-0.07,-0.1,0.95,-11.46,-10.98,-0.71
263,-0.04,-0.1,0.96,-15.24,-7.68,0.54
264,-0.03,-0.1,0.98,-19.61,-2.73,2.71
265,-0.03,-0.14,0.99,-20.01,0.23,2.88
266,-0.04,-0.17,1.0,-15.99,0.15,1.39
267,-0.07,-0.19,1.0,-11.49,-0.79,-0.65
268,-0.08,-0.18,0.98,-8.05,-5.14,-0.94
269,-0.04,-0.17,0.97,-6.99,-7.73,0.18
270,0.0,-0.17,0.97,-8.4,-6.21,0.1
271,0.02,-0.17,0.98,-11.04,-1.9,-0.04
272,0.0,-0.15,0.99,-13.56,2.05,1.6
273,-0.0,-0.16,1.0,-14.66,7.54,5.04
274,-0.02,-0.17,0.99,-13.93,10.4,5.28
275,-0.04,-0.17,0.97,-10.65,9.24,5.4
276,-0.05,-0.17,0.94,-8.22,8.3,4.02
277,-0.07,-0.18,0.93,-6.77,4.62,0.81
278,-0.08,-0.17,0.91,-7.89,2.12,-1.27
279,-0.05,-0.16,0.91,-9.53,2.89,-1.11
280,-0.04,-0.15,0.91,-13.1,6.07,-0.26
281,-0.06,-0.17,0.9,-14.24,5.33,0.79
282,-0.07,-0.17,0.9,-14.23,6.37,3.47
283,-0.06,-0.16,0.88,-14.49,5.96,3.62
284,-0.07,-0.14,0.87,-16.48,5.69,0.69
285,-0.08,-0.14,0.86,-18.04,3.76,-3.65
286,-0.08,-0.13,0.87,-18.0,0.69,-7.13
287,-0.06,-0.13,0.88,-17.72,1.11,-7.44
288,-0.09,-0.16,0.9,-18.62,2.43,-8.6
289,-0.12,-0.17,0.93,-19.12,1.3,-6.54
290,-0.1,-0.18,0.92,-20.05,0.56,-0.42
291,-0.08,-0.19,0.92,-24.05,-0.01,1.55
292,-0.08,-0.21,0.94,-24.47,0.41,-0.22
293,-0.08,-0.22,0.96,-22.37,-1.39,-0.16
294,-0.06,-0.23,0.97,-20.73,-2.51,-0.38
295,-0.08,-0.23,0.98,-18.37,-3.24,-0.56
296,-0.09,-0.24,0.97,-13.6,-5.89,-3.72
297,-0.11,-0.23,0.97,-9.37,-9.92,-7.69
298,-0.1,-0.21,0.96,-7.47,-14.5,-9.51
299,-0.11,-0.21,0.96,-5.75,-17.44,-9.8
300,-0.1,-0.2,0.95,-4.25,-19.07,-9.94
301,-0.08,-0.2,0.96,-4.11,-20.46,-8.6
302,-0.07,-0.18,0.96,-5.83,-21.3,-9.75
303,-0.06,-0.19,0.95,-6.48,-21.76,-11.34
304,-0.04,-0.22,0.95,-5.95,-23.08,-12.89
305,-0.01,-0.23,0.97,-5.72,-26.3,-15.02
306,0.04,-0.24,0.98,-6.87,-25.63,-16.34
307,0.04,-0.24,1.01,-10.3,-22.55,-20.1
308,0.02,-0.27,1.03,-9.62,-18.56,-20.13
309,0.02,-0.28,1.06,-8.37,-16.12,-17.53
310,0.0,-0.27,1.07,-7.24,-14.51,-18.08
311,-0.0,-0.27,1.05,-3.89,-13.25,-14.83
312,-0.02,-0.3,1.04,-1.61,-11.56,-11.25
313,-0.03,-0.3,1.04,2.11,-11.51,-6.88
314,-0.04,-0.29,1.02,3.08,-14.43,-6.57
315,-0.05,-0.27,1.0,5.23,-20.13,-7.98
316,-0.03,-0.25,0.99,6.37,-22.85,-7.98
317,-0.01,-0.24,0.99,8.12,-22.89,-4.17
318,0.03,-0.23,0.99,6.73,-20.28,0.92
319,0.05,-0.22,0.98,1.24,-15.85,1.35
320,0.06,-0.21,0.96,-3.36,-11.0,2.81
321,0.06,-0.22,0.97,-8.95,-4.99,2.7
322,0.07,-0.22,0.97,-10.82,-1.74,1.21
323,0.06,-0.22,0.98,-12.64,-1.19,-0.13
324,0.06,-0.24,0.99,-12.9,0.03,-0.66
325,0.06,-0.25,0.98,-12.7,0.33,-3.6
326,0.05,-0.24,0.99,-10.08,-1.67,-4.42
327,0.02,-0.25,0.99,-6.33,-4.62,-8.8
328,-0.02,-0.24,0.99,-2.5,-10.36,-11.7
329,-0.01,-0.23,0.98,-2.02,-16.24,-14.76
330,0.02,-0.23,0.99,-3.19,-17.98,-16.54
331,0.05,-0.23,1.0,-5.29,-16.06,-15.75
332,0.07,-0.25,1.03,-4.5,-16.76,-11.73
333,0.09,-0.25,1.05,-4.27,-11.73,-6.98
334,0.11,-0.25,1.05,-3.44,-3.18,-1.98
335,0.09,-0.24,1.03,-3.66,3.34,-3.11
336,0.08,-0.24,1.03,-3.85,7.3,-2.08
337,0.05,-0.25,1.02,-2.55,9.79,-1.2
338,0.02,-0.26,1.01,-2.28,9.65,-4.19
339,0.01,-0.26,1.02,0.56,5.66,-5.59
340,0.0,-0.25,1.01,4.93,1.95,-6.23
341,-0.01,-0.24,1.0,6.54,-1.76,-6.22
342,0.0,-0.23,0.98,6.97,-3.85,-3.8
343,0.03,-0.22,0.98,4.48,-3.07,-0.02
344,0.02,-0.22,0.97,2.67,-0.82,3.11
345,-0.01,-0.25,0.97,3.68,-1.05,6.51
346,-0.02,-0.25,0.96,5.02,-3.9,7.95
347,-0.03,-0.25,0.96,4.84,-3.45,7.57
348,-0.03,-0.25,0.94,2.84,-6.39,7.49
349,-0.01,-0.24,0.95,1.59,-7.05,10.11
350,-0.15,-0.24,0.77,4.19,-10.62,7.42
351,-0.0,-0.25,0.96,-1.1,-10.01,12.79
352,0.0,-0.24,0.97,0.54,-14.24,10.4
353,0.08,-0.24,1.0,4.92,-10.4,12.02
354,0.09,-0.25,1.0,7.37,-11.32,8.17
355,0.11,-0.23,0.97,7.82,-6.12,4.24
356,0.13,-0.21,0.96,7.91,1.95,2.93
357,0.12,-0.21,0.96,6.84,10.35,3.91
358,0.1,-0.21,0.97,3.44,19.66,-0.5
359,0.08,-0.21,0.94,-0.58,26.04,-4.6
360,0.04,-0.22,0.92,-4.03,29.67,-6.11
361,0.0,-0.23,0.91,-6.74,31.02,-8.14
362,-0.13,-0.22,0.82,-11.21,18.72,-17.73
363,-0.04,-0.25,0.91,-9.5,21.9,-15.89
364,-0.09,-0.25,0.9,-6.26,12.47,-18.06
365,-0.1,-0.23,0.89,-5.37,5.23,-18.63
366,-0.11,-0.24,0.89,-5.19,-2.23,-19.4
367,-0.09,-0.26,0.91,-2.34,-11.17,-17.57
368,-0.02,-0.28,0.97,0.67,-14.4,-13.26
369,0.04,-0.24,0.98,1.86,-13.87,-10.33
370,0.11,-0.2,0.97,0.86,-8.52,-8.96
371,0.11,-0.17,0.98,-0.21,-5.13,-9.66
372,0.11,-0.15,0.99,-4.32,-0.16,-15.76
373,0.1,-0.14,0.97,-6.79,5.31,-18.92
374,0.06,-0.16,0.97,-8.27,8.65,-19.64
375,0.0,-0.18,0.97,-10.06,6.16,-19.49
376,-0.01,-0.17,0.99,-9.1,5.42,-17.6
377,-0.04,-0.16,0.99,-9.02,3.87,-15.7
378,-0.02,-0.14,0.97,-11.05,4.66,-12.12
379,-0.01,-0.14,0.97,-15.33,7.58,-8.53
380,-0.01,-0.16,0.96,-21.59,10.47,-7.85
381,0.01,-0.15,0.95,-31.06,12.64,-10.5
382,-0.01,-0.23,0.99,-33.61,11.74,-11.6
383,-0.01,-0.27,1.04,-24.08,7.56,-9.34
384,0.03,-0.22,1.03,-23.53,12.27,-5.56
385,0.02,-0.19,1.03,-26.84,16.37,0.32
386,0.03,-0.21,0.96,-27.07,26.22,7.13
387,0.02,-0.2,1.0,-34.44,30.18,12.76
388,0.01,-0.23,0.99,-34.82,29.35,13.56
389,-0.02,-0.26,1.0,-35.07,25.13,9.92
390,-0.02,-0.25,0.99,-34.12,19.82,8.47
391,-0.01,-0.27,1.04,-26.03,10.24,8.55
392,0.02,-0.28,1.04,-22.75,4.42,1.4
393,0.06,-0.29,1.06,-20.42,4.21,-3.7
394,0.06,-0.3,1.05,-17.73,6.28,-6.63
395,0.06,-0.31,1.04,-11.74,7.89,-4.85
396,0.04,-0.31,1.02,-9.49,12.05,-4.1
397,-0.03,-0.3,0.97,-7.24,18.45,-5.8
398,-0.0,-0.27,0.98,-10.47,15.88,2.01
399,-0.08,-0.29,0.98,-11.31,15.24,3.13
