,accel_x,accel_y,accel_z,gyro_x,gyro_y,gyro_z
0,0.06,-0.29,0.99,-3.53,4.32,-1.93
1,0.03,-0.28,0.98,-4.67,4.98,-1.06
2,0.02,-0.29,0.96,-4.4,2.06,-1.27
3,0.03,-0.29,0.97,-3.29,-0.18,-2.46
4,0.05,-0.3,0.98,-2.66,-0.15,-2.76
5,0.06,-0.28,0.96,-2.37,0.91,-2.11
6,0.06,-0.26,0.95,-2.31,1.47,-1.4
7,0.06,-0.26,0.94,-2.69,2.07,-2.02
8,0.05,-0.26,0.94,-1.9,0.71,-0.76
9,0.05,-0.25,0.94,-2.17,1.42,-1.25
10,0.05,-0.24,0.93,-1.99,2.55,-0.47
11,0.03,-0.24,0.93,-1.79,1.59,-0.71
12,0.04,-0.25,0.93,-1.92,1.3,-0.6
13,0.04,-0.25,0.92,-2.64,1.32,-0.63
14,0.02,-0.26,0.92,-2.79,-0.25,-1.44
15,0.02,-0.26,0.92,-2.05,-2.37,-0.93
16,0.03,-0.26,0.93,-1.85,-3.08,-1.18
17,0.04,-0.26,0.93,-1.95,-3.08,-2.75
18,0.07,-0.26,0.95,-2.11,-3.28,-1.3
19,0.05,-0.27,0.96,-2.33,-0.64,-1.1
20,0.04,-0.27,0.96,-2.11,0.53,-1.56
21,0.06,-0.28,0.96,-2.5,0.65,-1.86
22,0.06,-0.3,0.97,-3.2,-1.92,-4.05
23,0.04,-0.3,0.98,-2.93,0.38,-4.38
24,0.05,-0.29,0.97,-1.38,1.13,-0.34
25,0.05,-0.29,0.98,-1.42,1.0,0.54
26,0.05,-0.28,0.98,-2.12,2.19,-0.31
27,0.06,-0.28,0.99,-1.83,3.63,-0.73
28,0.05,-0.29,0.97,-1.84,4.05,-0.89
29,0.04,-0.29,0.98,-2.28,4.24,-2.35
30,0.04,-0.28,0.99,-1.87,4.18,-2.37
31,0.06,-0.27,0.98,-2.26,5.44,-0.79
32,0.04,-0.27,0.97,-2.92,6.34,-0.46
33,0.03,-0.27,0.97,-2.4,5.61,0.11
34,0.02,-0.26,0.96,-2.34,4.12,0.98
35,0.01,-0.25,0.94,-2.63,3.21,0.5
36,0.03,-0.25,0.95,-3.12,2.22,-0.21
37,0.04,-0.26,0.96,-3.21,2.26,-0.72
38,0.05,-0.25,0.95,-2.44,1.92,-1.04
39,0.06,-0.25,0.96,-1.5,0.83,-1.39
40,0.07,-0.23,0.96,-1.18,1.98,-2.58
41,0.07,-0.23,0.95,-1.76,3.57,-1.84
42,0.07,-0.23,0.94,-3.18,4.62,-2.69
43,0.06,-0.23,0.94,-4.32,5.34,-3.86
44,0.04,-0.25,0.93,-5.4,5.18,-6.09
45,0.03,-0.27,0.93,-5.47,4.47,-5.41
46,0.03,-0.26,0.93,-4.95,4.44,-3.61
47,0.02,-0.27,0.93,-5.02,5.28,-1.99
48,0.0,-0.28,0.92,-5.06,5.87,-0.65
49,-0.0,-0.26,0.91,-5.94,5.47,1.03
50,-0.01,-0.27,0.91,-6.74,5.4,1.27
51,-0.02,-0.27,0.92,-5.97,2.9,0.98
52,0.01,-0.27,0.93,-3.76,-0.53,-0.19
53,0.04,-0.26,0.93,-2.03,-2.49,-3.28
54,0.06,-0.24,0.93,-1.62,-2.66,-4.44
55,0.06,-0.25,0.93,-1.27,-1.41,-3.53
56,0.05,-0.25,0.94,-2.95,-0.36,-5.6
57,0.05,-0.26,0.93,-3.91,2.07,-2.92
58,0.04,-0.27,0.95,-5.64,6.42,-0.64
59,0.01,-0.29,0.95,-6.01,3.31,-3.37
60,-0.02,-0.29,0.97,-5.15,1.66,-2.88
61,-0.01,-0.3,0.96,-3.34,-2.54,-3.4
62,0.02,-0.29,0.98,-1.22,-5.12,-3.18
63,0.04,-0.29,0.97,-1.53,-3.71,-4.26
64,0.04,-0.28,0.96,-1.63,-2.27,-3.15
65,0.05,-0.27,0.98,-2.45,0.1,-3.4
66,0.06,-0.27,0.98,-1.93,-0.13,-6.32
67,0.05,-0.27,0.97,-1.04,0.93,-6.65
68,0.05,-0.26,0.97,-0.63,2.35,-4.63
69,0.05,-0.26,0.97,-1.11,3.82,-5.31
70,0.05,-0.25,0.96,-2.54,6.16,-5.71
71,0.03,-0.26,0.95,-3.71,8.84,-3.18
72,0.0,-0.26,0.94,-4.17,7.95,-2.1
73,-0.01,-0.26,0.93,-3.52,4.16,-2.27
74,0.01,-0.27,0.93,-2.63,0.33,-2.27
75,-0.03,-0.28,0.99,-2.87,-3.85,-4.28
76,-0.0,-0.26,0.94,-3.74,-2.68,-2.38
77,0.02,-0.26,0.95,-3.04,-3.85,-4.53
78,0.04,-0.26,0.96,-3.27,-3.53,-3.93
79,0.05,-0.26,0.97,-2.46,-3.48,-3.3
80,0.06,-0.28,0.98,-1.68,-3.03,-5.51
81,0.07,-0.27,0.98,-0.92,-1.73,-5.31
82,0.05,-0.27,0.98,0.29,-1.58,-6.0
83,0.03,-0.28,0.97,1.81,-1.33,-6.25
84,0.03,-0.27,0.96,2.95,-2.66,-6.44
85,0.02,-0.27,0.96,3.02,-4.89,-6.67
86,0.02,-0.27,0.94,2.75,-7.11,-8.73
87,0.03,-0.25,0.94,2.18,-7.15,-10.11
88,0.04,-0.24,0.93,0.76,-6.08,-9.5
89,0.06,-0.22,0.93,-2.62,-1.87,-9.04
90,0.05,-0.22,0.92,-6.47,3.83,-8.6
91,0.03,-0.24,0.93,-13.49,0.48,-8.26
92,0.1,-0.24,0.93,-12.31,8.36,-6.72
93,0.01,-0.29,0.96,-9.89,7.53,-6.27
94,0.0,-0.29,0.97,-6.1,5.49,-5.34
95,-0.0,-0.27,0.94,-7.35,1.4,-8.8
96,0.02,-0.26,0.96,-7.73,3.24,-8.04
97,-0.02,-0.31,0.99,-5.27,-0.31,-10.34
98,-0.03,-0.32,1.0,-2.05,-5.51,-10.6
99,-0.03,-0.3,1.01,1.08,-8.97,-11.72
100,-0.02,-0.27,1.01,1.34,-11.08,-11.94
101,-0.05,-0.26,1.03,-0.68,-16.31,-11.18
102,-0.04,-0.27,1.03,-6.57,-18.01,-7.35
103,-0.03,-0.23,1.14,-10.07,-31.14,-6.48
104,0.03,-0.17,1.25,-17.47,-34.2,-2.6
105,0.08,-0.12,1.35,-25.44,-34.95,-5.27
106,0.1,-0.13,1.47,-25.22,-39.29,-7.98
107,0.03,-0.24,1.67,-29.97,-28.14,-12.29
108,-0.08,-0.38,1.98,-23.05,-54.15,-22.94
109,0.03,-0.44,2.0,-11.11,-81.09,-24.74
110,0.33,-0.44,2.0,-9.72,-86.11,-20.71
111,0.6,-0.54,2.0,-3.21,-77.69,-23.95
112,0.86,-0.74,2.0,10.82,-57.55,-20.15
113,1.27,-1.0,2.0,41.51,-9.83,-13.82
114,1.5,-1.31,2.0,82.53,38.25,-15.6
115,1.76,-1.47,2.0,130.87,97.66,-19.0
116,1.65,-1.61,2.0,172.31,151.39,-30.02
117,1.39,-1.7,2.0,210.59,201.02,-32.37
118,1.1,-1.75,2.0,239.93,237.36,-25.3
119,0.82,-1.69,2.0,250.13,250.13,-13.3
120,0.6,-1.56,1.63,250.13,250.13,-2.09
121,0.41,-1.37,1.1,250.13,250.13,19.99
122,-0.14,-1.06,0.33,243.63,250.13,50.97
123,-0.47,-0.68,-0.2,204.98,250.13,99.14
124,-0.75,-0.45,-0.53,157.42,250.13,133.24
125,-0.97,-0.2,-0.85,111.12,250.13,164.48
126,-0.99,-0.01,-0.95,68.06,250.13,192.02
127,-0.88,0.16,-0.94,30.37,208.81,197.69
128,-0.68,0.33,-0.95,14.26,151.82,177.7
129,-0.44,0.35,-0.87,12.43,98.34,132.71
130,-0.25,0.32,-0.8,20.83,30.38,68.46
131,-0.11,0.32,-0.67,35.48,-24.86,6.18
132,0.07,0.34,-0.57,43.08,-61.89,-40.41
133,0.24,0.39,-0.54,35.47,-49.71,-57.69
134,0.29,0.39,-0.53,11.91,-35.6,-56.35
135,0.16,0.35,-0.56,-8.74,-17.02,-46.03
136,-0.06,0.26,-0.56,-23.78,-12.69,-44.17
137,-0.21,0.16,-0.52,-28.47,-27.68,-49.71
138,-0.21,0.15,-0.44,-29.81,-45.39,-54.63
139,-0.11,0.16,-0.38,-37.01,-49.81,-60.48
140,-0.06,0.17,-0.32,-42.06,-51.34,-56.69
141,-0.07,0.16,-0.24,-40.53,-45.02,-48.42
142,-0.1,0.13,-0.12,-34.28,-43.02,-34.85
143,-0.14,0.15,-0.03,-30.31,-36.81,-14.11
144,-0.15,0.15,0.04,-31.27,-32.07,6.37
145,-0.17,0.17,0.13,-13.13,-42.32,12.89
146,-0.07,0.2,0.18,5.17,-56.27,-6.78
147,0.01,0.23,0.28,13.4,-61.53,-25.03
148,0.01,0.26,0.37,18.35,-60.77,-26.57
149,-0.03,0.31,0.46,19.85,-56.05,-21.8
150,-0.0,0.32,0.52,14.74,-47.23,-15.33
151,0.04,0.36,0.57,6.16,-32.42,0.56
152,-0.01,0.32,0.61,-5.33,-21.83,11.18
153,-0.03,0.3,0.64,-11.65,-20.4,13.18
154,-0.01,0.33,0.67,-19.5,-22.44,15.92
155,0.01,0.3,0.66,-21.83,-20.08,10.07
156,0.02,0.28,0.68,-21.3,-20.04,7.61
157,-0.03,0.27,0.72,-29.36,-20.77,-2.21
158,-0.04,0.24,0.75,-31.53,-16.39,-4.67
159,-0.1,0.19,0.76,-32.44,-16.27,-9.04
160,-0.15,0.15,0.78,-31.94,-17.1,-10.01
161,-0.17,0.09,0.76,-28.48,-16.84,-9.23
162,-0.22,0.08,0.75,-25.52,-21.08,-4.89
163,-0.3,0.12,0.75,-25.56,-29.49,-3.28
164,-0.3,0.14,0.8,-33.42,-33.6,0.56
165,-0.35,0.13,0.77,-28.46,-46.05,-3.09
166,-0.26,0.15,0.8,-33.02,-50.06,-5.11
167,-0.18,0.15,0.82,-31.34,-53.93,-7.13
168,-0.13,0.2,0.9,-37.76,-50.08,-3.35
169,-0.11,0.17,0.9,-40.69,-40.65,-4.6
170,-0.1,0.16,0.93,-41.75,-29.73,0.72
171,-0.15,0.15,0.95,-42.48,-23.24,4.93
172,-0.19,0.13,0.94,-42.02,-17.38,9.09
173,-0.2,0.1,0.91,-39.75,-12.98,11.98
174,-0.24,0.1,0.91,-38.89,-14.36,13.18
175,-0.25,0.11,0.9,-41.03,-14.62,9.63
176,-0.2,0.1,0.92,-42.73,-17.31,5.56
177,-0.2,0.1,0.97,-43.36,-18.34,3.89
178,-0.23,0.05,1.0,-39.76,-16.95,-3.27
179,-0.26,-0.0,1.02,-32.93,-19.19,-5.88
180,-0.26,-0.02,1.02,-25.42,-23.04,-5.69
181,-0.22,-0.01,1.01,-20.69,-26.07,-7.31
182,-0.22,0.01,1.01,-18.34,-30.7,-10.94
183,-0.17,0.0,1.01,-17.08,-31.64,-11.97
184,-0.13,0.02,1.03,-18.5,-29.81,-6.84
185,-0.1,0.04,1.05,-24.42,-19.87,1.55
186,-0.13,0.04,1.04,-32.28,-7.93,10.05
187,-0.15,0.04,1.05,-39.02,-1.45,17.87
188,-0.16,0.02,1.04,-40.63,4.68,18.26
189,-0.15,-0.01,1.04,-40.11,6.08,12.85
190,-0.23,-0.06,1.02,-32.64,-2.26,3.73
191,-0.26,-0.07,1.04,-19.71,-16.6,-2.86
192,-0.18,-0.07,1.04,-12.42,-25.37,-8.65
193,-0.11,-0.04,1.06,-10.17,-24.85,-9.56
194,-0.12,-0.05,1.06,-11.57,-16.31,-7.69
195,-0.15,-0.06,1.03,-10.47,-10.94,-3.88
196,-0.2,-0.08,1.0,-8.23,-12.42,-0.02
197,-0.25,-0.05,0.96,-7.9,-15.95,2.23
198,-0.21,-0.02,0.93,-10.48,-20.53,3.68
199,-0.17,0.02,0.94,-17.61,-20.73,3.05
200,-0.18,0.03,0.96,-25.29,-19.49,0.43
201,-0.22,-0.01,0.97,-27.5,-20.16,-3.52
202,-0.21,-0.03,0.99,-28.85,-16.03,-1.08
203,-0.32,-0.08,1.01,-26.33,-19.63,-2.12
204,-0.36,-0.11,1.04,-17.33,-36.24,-5.66
205,-0.27,-0.11,1.08,-8.99,-48.0,-7.6
206,-0.14,-0.1,1.1,-7.17,-50.33,-6.91
207,-0.0,-0.04,1.15,-10.73,-41.2,-3.31
208,0.05,-0.03,1.19,-14.32,-26.85,2.03
209,0.1,-0.03,1.22,-15.66,-10.85,8.71
210,0.14,-0.01,1.22,-15.9,6.27,15.34
211,0.13,0.0,1.18,-18.91,23.45,16.83
212,0.08,-0.01,1.14,-21.24,39.48,17.04
213,-0.04,-0.05,1.09,-20.56,43.89,16.03
214,-0.13,-0.07,1.05,-17.23,38.74,11.17
215,-0.18,-0.07,1.02,-13.46,30.55,6.34
216,-0.16,-0.06,1.02,-11.42,18.79,0.89
217,-0.19,-0.09,1.02,-10.63,18.02,-3.61
218,-0.16,-0.08,0.99,-12.23,20.74,1.5
219,-0.24,-0.07,0.96,-15.98,19.95,3.81
220,-0.33,-0.08,0.95,-16.19,12.3,3.64
221,-0.37,-0.09,0.97,-12.96,-0.34,0.57
222,-0.31,-0.08,0.96,-11.02,-13.48,-3.71
223,-0.25,-0.04,0.97,-11.88,-23.31,-8.62
224,-0.2,-0.02,0.99,-13.47,-26.27,-11.09
225,-0.11,-0.03,1.03,-16.12,-22.02,-8.98
226,-0.06,-0.02,1.05,-22.32,-13.51,-5.75
227,-0.05,-0.03,1.07,-27.29,-2.84,-2.92
228,-0.07,-0.07,1.08,-28.31,2.63,-2.37
229,-0.06,-0.06,1.07,-30.08,8.82,-2.78
230,-0.08,-0.09,1.05,-32.9,15.09,-3.53
231,-0.12,-0.1,1.04,-35.93,18.43,-2.72
232,-0.16,-0.12,1.04,-37.98,18.48,-1.55
233,-0.18,-0.15,1.04,-36.4,17.32,0.71
234,-0.18,-0.16,1.06,-32.98,14.69,1.34
235,-0.17,-0.18,1.04,-27.37,12.73,0.36
236,-0.18,-0.18,1.04,-22.18,11.04,0.4
237,-0.18,-0.18,1.04,-19.13,10.75,0.95
238,-0.18,-0.18,1.01,-18.85,11.15,1.55
239,-0.2,-0.18,0.99,-19.62,11.08,3.22
240,-0.2,-0.18,0.98,-20.69,10.66,3.08
241,-0.22,-0.19,0.98,-19.72,7.61,1.08
242,-0.24,-0.21,0.98,-16.28,1.92,-1.02
243,-0.21,-0.19,0.97,-13.64,-2.73,-2.76
244,-0.18,-0.18,0.97,-12.71,-4.05,-2.74
245,-0.16,-0.19,0.97,-11.53,-4.64,-4.54
246,-0.15,-0.15,0.97,-12.87,-2.12,-4.62
247,-0.13,-0.15,0.95,-15.71,3.4,-1.79
248,-0.15,-0.15,0.95,-19.34,7.51,-0.2
249,-0.16,-0.15,0.96,-20.28,10.18,1.43
250,-0.18,-0.15,0.96,-20.01,10.92,3.32
251,-0.19,-0.16,0.94,-19.12,9.41,4.08
252,-0.23,-0.19,0.96,-15.86,5.4,3.82
253,-0.23,-0.2,0.95,-11.6,-0.56,2.9
254,-0.2,-0.19,0.95,-9.34,-4.01,3.22
255,-0.17,-0.17,0.94,-8.29,-3.58,4.77
256,-0.16,-0.18,0.94,-7.91,-2.78,5.07
257,-0.14,-0.16,0.92,-9.73,-0.61,5.53
258,-0.14,-0.15,0.91,-11.12,4.3,7.26
259,-0.16,-0.15,0.9,-13.34,5.73,7.22
260,-0.2,-0.14,0.9,-16.84,6.62,6.73
261,-0.23,-0.15,0.89,-18.64,4.31,6.99
262,-0.27,-0.18,0.91,-18.81,-5.18,0.88
263,-0.25,-0.18,0.93,-18.75,-9.63,-1.65
264,-0.23,-0.2,0.96,-13.59,-15.56,-3.77
265,-0.2,-0.2,0.97,-8.38,-21.74,-6.64
266,-0.15,-0.18,0.97,-8.43,-21.06,-8.48
267,-0.13,-0.19,0.98,-9.31,-15.37,-3.17
268,-0.14,-0.18,0.99,-10.02,-12.12,0.7
269,-0.12,-0.17,0.97,-12.22,-5.98,4.54
270,-0.16,-0.19,0.98,-13.73,-4.4,6.85
271,-0.18,-0.19,0.97,-13.67,-6.23,6.88
272,-0.15,-0.19,0.95,-14.15,-5.37,6.13
273,-0.15,-0.2,0.97,-13.08,-8.31,4.85
274,-0.18,-0.21,0.98,-9.95,-12.76,1.66
275,-0.16,-0.2,0.99,-6.32,-15.27,1.13
276,-0.17,-0.2,0.98,-4.34,-16.93,-1.6
277,-0.16,-0.19,0.98,-3.0,-17.79,-5.56
278,-0.14,-0.2,0.97,-1.67,-16.54,-6.82
279,-0.14,-0.21,0.97,-3.28,-13.73,-4.26
280,-0.15,-0.2,0.97,-6.04,-10.8,-1.4
281,-0.15,-0.19,0.98,-8.02,-8.18,0.98
282,-0.13,-0.18,0.98,-10.74,-4.69,4.31
283,-0.13,-0.13,1.01,-14.11,-1.07,4.82
284,-0.19,-0.2,0.98,-14.62,-3.15,6.12
285,-0.18,-0.22,1.0,-11.51,-9.31,3.4
286,-0.18,-0.21,0.99,-7.44,-15.69,-2.52
287,-0.17,-0.23,0.98,-2.46,-22.9,-5.44
288,-0.17,-0.23,0.99,3.42,-30.52,-7.61
289,-0.16,-0.21,0.98,6.87,-35.69,-9.29
290,-0.11,-0.18,0.98,6.57,-36.98,-8.12
291,-0.08,-0.19,0.99,4.5,-32.93,-6.33
292,-0.06,-0.21,1.01,4.02,-28.55,-1.89
293,-0.04,-0.21,1.01,4.56,-24.51,-0.09
294,-0.03,-0.19,0.99,3.82,-19.54,-0.16
295,-0.04,-0.16,0.97,2.04,-15.59,-1.45
296,-0.06,-0.17,0.96,-2.65,-14.6,-4.67
297,-0.07,-0.17,0.96,-4.66,-15.53,-8.17
298,-0.07,-0.16,0.95,-7.55,-15.15,-11.24
299,-0.08,-0.17,0.96,-10.89,-14.29,-12.34
300,-0.08,-0.2,0.98,-13.14,-12.06,-12.1
301,-0.09,-0.21,0.99,-15.52,-7.91,-7.83
302,-0.11,-0.22,1.0,-17.84,-6.24,-5.37
303,-0.1,-0.22,0.99,-19.19,-4.76,-4.13
304,-0.1,-0.23,0.99,-20.37,-3.6,-3.02
305,-0.11,-0.25,0.99,-20.37,-5.56,-3.43
306,-0.09,-0.27,1.01,-16.32,-9.0,-1.75
307,-0.1,-0.28,1.02,-9.98,-13.42,-1.25
308,-0.08,-0.28,1.01,-7.56,-14.02,-5.58
309,-0.1,-0.24,1.01,-5.63,-16.82,-11.47
310,-0.07,-0.24,1.02,-5.06,-10.08,-8.43
311,-0.09,-0.23,1.01,-6.36,-9.6,-9.57
312,-0.08,-0.23,1.0,-8.21,-10.1,-9.15
313,-0.08,-0.25,1.0,-6.03,-8.95,-7.7
314,-0.06,-0.25,1.0,-4.82,-14.82,-6.27
315,0.0,-0.22,1.03,-3.28,-10.98,-4.72
316,0.01,-0.23,1.02,-1.43,-7.88,-5.02
317,0.03,-0.2,1.0,-1.93,-1.56,-5.47
318,0.04,-0.19,1.0,-4.5,7.9,-4.04
319,0.01,-0.19,0.98,-8.08,15.56,-2.91
320,-0.03,-0.19,0.96,-11.47,20.21,-2.18
321,-0.05,-0.21,0.94,-14.33,22.1,-1.27
322,-0.08,-0.23,0.94,-15.66,20.63,-1.7
323,-0.11,-0.23,0.94,-14.57,15.66,-4.41
324,-0.1,-0.23,0.94,-12.53,10.08,-8.31
325,-0.11,-0.23,0.93,-10.29,5.35,-11.56
326,-0.12,-0.26,0.91,-4.84,6.36,-13.15
327,-0.16,-0.27,0.96,-7.83,1.82,-14.71
328,-0.17,-0.28,0.96,1.09,-7.12,-14.4
329,-0.16,-0.27,0.96,2.44,-12.54,-13.92
330,-0.13,-0.24,0.95,2.31,-16.6,-12.95
331,-0.09,-0.23,0.97,1.28,-16.57,-10.47
332,-0.08,-0.24,0.99,0.92,-16.81,-11.89
333,-0.09,-0.24,1.0,1.39,-16.71,-10.41
334,-0.05,-0.23,1.01,-0.07,-15.81,-9.15
335,-0.03,-0.24,1.01,-3.08,-11.64,-8.65
336,-0.03,-0.26,1.05,-3.98,-6.54,-8.27
337,-0.02,-0.27,1.05,-2.52,-2.15,-5.2
338,-0.03,-0.28,1.06,-2.47,3.53,-1.4
339,-0.05,-0.29,1.06,-4.24,8.24,-0.14
340,-0.06,-0.29,1.04,-2.18,9.62,1.24
341,-0.09,-0.29,1.03,0.09,8.89,0.7
342,-0.09,-0.29,1.03,2.5,5.93,0.73
343,-0.08,-0.29,1.02,3.17,6.67,0.96
344,-0.08,-0.28,1.02,2.27,10.77,2.73
345,-0.1,-0.26,0.99,2.45,13.15,6.91
346,-0.12,-0.24,0.96,3.09,13.61,8.76
347,-0.12,-0.23,0.94,2.61,12.54,10.26
348,-0.13,-0.21,0.93,1.86,10.67,10.96
349,-0.13,-0.2,0.92,1.21,9.37,10.34
350,-0.12,-0.19,0.92,-0.09,7.56,10.12
351,-0.11,-0.19,0.91,-1.33,6.5,10.0
352,-0.11,-0.2,0.9,-0.92,3.51,8.69
353,-0.11,-0.2,0.9,0.85,0.17,6.29
354,-0.1,-0.18,0.89,1.3,-3.03,3.82
355,-0.1,-0.18,0.88,0.49,-6.05,1.28
356,-0.08,-0.18,0.9,-0.41,-7.82,-0.03
357,-0.06,-0.2,0.93,-0.34,-8.9,-0.79
358,-0.06,-0.19,0.93,-0.14,-9.69,-1.9
359,-0.05,-0.2,0.93,0.35,-11.07,-3.28
360,-0.05,-0.21,0.96,0.6,-11.19,-4.61
361,-0.04,-0.2,0.96,0.73,-11.13,-4.03
362,-0.06,-0.21,0.96,0.79,-12.31,-4.05
363,-0.03,-0.21,0.98,1.15,-11.93,-7.5
364,-0.02,-0.21,0.99,1.32,-11.03,-9.69
365,-0.03,-0.22,0.99,0.47,-7.97,-9.27
366,-0.05,-0.22,1.0,0.41,-4.81,-7.52
367,-0.06,-0.23,0.98,0.78,-4.73,-6.18
368,-0.07,-0.21,0.99,1.44,-5.82,-4.67
369,-0.07,-0.2,0.97,1.91,-7.0,-4.81
370,-0.06,-0.19,0.96,2.0,-8.65,-7.04
371,-0.05,-0.2,0.96,1.74,-8.47,-7.18
372,-0.07,-0.22,0.97,1.92,-8.27,-5.18
373,-0.07,-0.23,0.97,2.18,-7.38,-3.86
374,-0.04,-0.23,0.98,1.59,-6.37,-3.6
375,-0.04,-0.21,0.98,0.33,-2.26,-1.29
376,-0.06,-0.2,0.97,-1.28,0.18,0.47
377,-0.06,-0.21,0.96,-1.71,-0.81,0.76
378,-0.05,-0.2,0.96,-1.7,-0.27,0.34
379,-0.07,-0.2,0.96,-1.54,-0.85,0.1
380,-0.07,-0.2,0.95,-0.41,-2.55,-0.35
381,-0.06,-0.2,0.95,0.24,-4.31,-1.05
382,-0.05,-0.2,0.95,0.24,-4.44,-0.76
383,-0.06,-0.22,0.95,0.07,-2.98,-0.53
384,-0.04,-0.22,0.95,0.21,-0.57,0.45
385,-0.05,-0.21,0.96,-0.31,1.27,0.52
386,-0.07,-0.22,0.95,0.35,1.91,0.69
387,-0.08,-0.21,0.95,1.08,1.15,0.63
388,-0.07,-0.19,0.94,0.42,0.72,1.07
389,-0.07,-0.19,0.92,-0.27,-0.17,0.54
390,-0.07,-0.18,0.93,-1.23,-0.3,0.16
391,-0.07,-0.18,0.92,-2.43,-1.64,-0.44
392,-0.07,-0.18,0.92,-2.9,-2.59,-0.91
393,-0.07,-0.19,0.94,-3.24,-3.63,-1.54
394,-0.01,-0.17,0.94,-4.25,-4.57,-0.52
395,-0.06,-0.2,0.95,-3.66,-4.07,-3.95
396,-0.05,-0.21,0.95,-3.01,-5.6,-3.85
397,-0.06,-0.21,0.97,-2.44,-7.81,-5.96
398,-0.05,-0.22,0.97,-1.33,-10.62,-7.35
399,-0.06,-0.23,0.97,-0.2,-9.26,-8.56
